Nothing
1, 0, 42, 2, 0, 0, 88, 1, 1, 
2, 0, 0, 0, 0, 0, 86, 1, 1, 
3, 70, 0, 0, 0, 0, 79, 1, 1, 
4, 107, 0, 0, 0, 0, 73, 1, 1, 
5, 153, 0, 0, 0, 0, 63, 1, 1, 
6, 185, 0, 0, 0, 0, 59, 1, 1, 
7, 173, 0, 0, 0, 0, 50, 1, 1, 
8, 117, 0, 0, 0, 0, 44, 1, 1, 
9, 49, 0, 0, 0, 0, 32, 1, 1, 
10, 51, 0, 0, 0, 0, 33, 1, 1, 
11, 63, 0, 0, 0, 0, 31, 1, 1, 
12, 60, 38, 0, 0, 0, 33, 1, 1, 
13, 64, 77, 0, 0, 0, 37, 1, 1, 
14, 65, 93, 0, 0, 0, 37, 1, 1, 
15, 51, 129, 4, 0, 0, 42, 1, 1, 
16, 20, 168, 90, 0, 0, 48, 1, 1, 
17, 22, 182, 139, 0, 0, 53, 1, 1, 
18, 0, 171, 200, 0, 0, 54, 1, 1, 
19, 3, 164, 207, 0, 0, 56, 1, 1, 
20, 12, 160, 196, 0, 0, 58, 1, 1, 
21, 3, 130, 152, 0, 0, 59, 1, 1, 
22, 0, 67, 72, 0, 0, 60, 1, 1, 
23, 0, 26, 28, 0, 0, 60, 1, 1, 
24, 0, 0, 10, 0, 0, 59, 1, 1, 
25, 0, 0, 3, 0, 0, 58, 1, 1, 
26, 0, 0, 0, 0, 0, 54, 1, 1, 
27, 0, 0, 0, 0, 0, 53, 1, 1, 
28, 6, 0, 0, 0, 0, 49, 1, 1, 
29, 29, 0, 0, 0, 0, 46, 1, 1, 
30, 38, 0, 0, 0, 0, 50, 1, 1, 
31, 48, 0, 0, 0, 0, 52, 1, 1, 
32, 64, 0, 0, 0, 0, 49, 1, 1, 
33, 84, 0, 0, 0, 0, 50, 1, 1, 
34, 70, 0, 0, 0, 0, 50, 1, 1, 
35, 33, 0, 0, 0, 0, 51, 1, 1, 
36, 3, 0, 0, 0, 0, 52, 1, 1, 
37, 0, 4, 37, 0, 0, 53, 1, 1, 
38, 0, 20, 96, 0, 0, 54, 1, 1, 
39, 0, 41, 148, 0, 0, 55, 1, 1, 
40, 0, 79, 201, 0, 0, 56, 1, 1, 
41, 0, 93, 222, 0, 0, 56, 1, 1, 
42, 0, 96, 235, 0, 0, 55, 1, 1, 
43, 0, 82, 207, 0, 0, 52, 1, 1, 
44, 0, 76, 181, 0, 0, 57, 1, 1, 
45, 0, 83, 156, 0, 0, 62, 1, 1, 
46, 0, 44, 65, 0, 0, 62, 1, 1, 
47, 0, 0, 1, 0, 0, 69, 1, 1, 
48, 0, 0, 0, 0, 0, 67, 1, 1, 
49, 0, 0, 0, 0, 0, 66, 1, 1, 
50, 0, 0, 0, 0, 0, 68, 1, 1, 
Strange
1, 46, 0, 0, 0, 0, 32, 0, 0, 
2, 0, 0, 0, 0, 0, 51, 0, 0, 
3, 0, 0, 0, 0, 0, 54, 0, 0, 
4, 37, 0, 0, 0, 0, 46, 0, 0, 
5, 49, 0, 0, 0, 0, 34, 0, 0, 
6, 23, 0, 0, 0, 0, 36, 0, 0, 
7, 20, 9, 0, 0, 0, 38, 0, 0, 
8, 5, 27, 0, 0, 0, 37, 0, 0, 
9, 0, 36, 0, 0, 0, 45, 0, 0, 
10, 61, 50, 20, 0, 0, 50, 0, 0, 
11, 67, 56, 51, 0, 0, 48, 0, 0, 
12, 65, 78, 68, 0, 0, 55, 0, 0, 
13, 17, 67, 70, 0, 0, 70, 0, 0, 
14, 205, 0, 0, 0, 0, 111, 0, 0, 
15, 399, 0, 0, 0, 0, 121, 0, 0, 
16, 212, 0, 0, 0, 0, 71, 0, 1, 
17, 307, 0, 0, 0, 0, 148, 0, 0, 
18, 307, 0, 0, 0, 0, 179, 0, 0, 
19, 363, 0, 0, 0, 0, 192, 0, 0, 
20, 311, 0, 0, 0, 22, 184, 0, 0, 
21, 271, 0, 44, 0, 41, 174, 0, 0, 
22, 209, 0, 109, 0, 56, 127, 0, 0, 
23, 133, 0, 207, 0, 58, 71, 0, 0, 
24, 126, 0, 229, 0, 34, 33, 0, 0, 
25, 158, 0, 250, 0, 20, 6, 0, 0, 
26, 91, 130, 199, 0, 0, 11, 0, 0, 
27, 69, 215, 119, 22, 0, 37, 0, 0, 
28, 61, 324, 48, 49, 0, 83, 0, 0, 
29, 0, 184, 0, 82, 0, 133, 0, 0, 
30, 0, 176, 0, 101, 0, 159, 0, 0, 
31, 0, 129, 0, 113, 0, 208, 0, 0, 
32, 18, 0, 0, 77, 30, 249, 0, 0, 
33, 18, 0, 0, 77, 30, 249, 0, 0, 
34, 93, 0, 0, 19, 115, 199, 0, 0, 
35, 68, 0, 54, 0, 125, 103, 0, 1, 
36, 49, 0, 97, 0, 119, 96, 0, 1, 
37, 66, 0, 175, 0, 86, 79, 0, 1, 
38, 98, 0, 212, 0, 56, 52, 0, 1, 
39, 42, 0, 252, 0, 25, 19, 0, 1, 
40, 14, 4, 249, 0, 8, 11, 1, 1, 
41, 55, 91, 240, 3, 0, 7, 1, 1, 
42, 83, 187, 243, 14, 0, 7, 1, 1, 
43, 0, 279, 78, 59, 0, 117, 1, 1, 
44, 0, 270, 0, 76, 0, 139, 1, 1, 
45, 0, 243, 0, 68, 0, 151, 1, 1, 
46, 0, 409, 0, 36, 0, 115, 0, 1, 
47, 0, 381, 0, 0, 0, 131, 0, 0, 
48, 0, 403, 0, 0, 0, 109, 0, 0, 
49, 0, 443, 0, 0, 0, 83, 0, 0, 
50, 0, 736, 0, 0, 0, 72, 0, 0, 
Spider
1, 28, 42, 81, 0, 0, 54, 0, 1, 
2, 7, 64, 118, 0, 0, 49, 0, 1, 
3, 7, 64, 118, 0, 0, 49, 0, 1, 
4, 91, 106, 68, 0, 0, 59, 0, 1, 
5, 0, 9, 9, 0, 0, 57, 0, 1, 
6, 0, 0, 0, 0, 0, 63, 0, 1, 
7, 0, 0, 0, 0, 0, 73, 0, 1, 
8, 0, 0, 0, 0, 0, 76, 0, 1, 
9, 0, 0, 0, 0, 0, 92, 0, 1, 
10, 0, 0, 0, 0, 0, 86, 1, 1, 
11, 0, 0, 0, 0, 0, 83, 1, 1, 
12, 0, 0, 0, 0, 0, 76, 1, 1, 
13, 0, 0, 0, 0, 0, 61, 1, 1, 
14, 0, 0, 0, 0, 0, 45, 2, 2, 
15, 0, 14, 0, 8, 0, 26, 3, 3, 
16, 0, 53, 0, 40, 0, 32, 4, 4, 
17, 0, 99, 0, 62, 0, 31, 5, 5, 
18, 0, 0, 0, 66, 0, 63, 5, 5, 
19, 0, 0, 0, 29, 7, 41, 5, 6, 
20, 0, 0, 0, 10, 0, 21, 5, 5, 
21, 221, 0, 36, 0, 0, 17, 5, 5, 
22, 367, 0, 160, 0, 0, 0, 5, 6, 
23, 0, 0, 143, 0, 0, 0, 5, 6, 
24, 0, 0, 0, 71, 0, 0, 6, 6, 
25, 425, 297, 13, 0, 0, 0, 5, 5, 
26, 0, 0, 58, 0, 0, 0, 5, 5, 
27, 35, 51, 0, 0, 0, 0, 5, 5, 
28, 2, 129, 0, 0, 0, 0, 5, 5, 
29, 0, 139, 0, 0, 0, 0, 5, 5, 
30, 68, 183, 0, 0, 0, 0, 5, 5, 
31, 93, 316, 0, 0, 0, 0, 5, 5, 
32, 22, 352, 0, 0, 0, 0, 5, 5, 
33, 123, 475, 0, 8, 0, 0, 5, 5, 
34, 135, 562, 0, 8, 0, 0, 5, 5, 
35, 470, 570, 0, 35, 0, 20, 4, 4, 
36, 536, 604, 0, 35, 19, 20, 4, 4, 
37, 533, 592, 0, 23, 56, 24, 3, 3, 
38, 282, 572, 0, 17, 93, 23, 2, 2, 
39, 0, 484, 73, 0, 94, 34, 2, 2, 
40, 0, 438, 218, 0, 35, 71, 1, 1, 
41, 0, 606, 511, 0, 0, 97, 1, 1, 
42, 0, 641, 574, 0, 0, 100, 1, 1, 
43, 0, 374, 113, 0, 0, 73, 1, 1, 
44, 0, 164, 0, 0, 0, 25, 1, 1, 
45, 0, 189, 144, 0, 0, 43, 1, 1, 
46, 0, 0, 39, 0, 0, 242, 1, 1, 
47, 185, 0, 50, 0, 0, 26, 1, 1, 
48, 374, 148, 62, 0, 0, 0, 0, 1, 
49, 323, 299, 0, 0, 0, 54, 1, 1, 
50, 404, 117, 27, 0, 0, 42, 0, 1, 
Shield
1, 0, 7, 8, 0, 0, 43, 1, 1, 
2, 0, 11, 0, 0, 0, 42, 1, 1, 
3, 0, 16, 0, 0, 0, 43, 1, 1, 
4, 7, 19, 0, 0, 0, 43, 1, 1, 
5, 11, 19, 0, 0, 0, 43, 1, 1, 
6, 8, 14, 0, 0, 0, 42, 1, 1, 
7, 4, 16, 0, 0, 0, 43, 1, 1, 
8, 7, 12, 0, 0, 0, 43, 1, 1, 
9, 11, 12, 0, 0, 0, 43, 1, 1, 
10, 12, 6, 0, 0, 0, 42, 1, 1, 
11, 24, 1, 0, 0, 0, 40, 1, 1, 
12, 10, 0, 0, 0, 0, 36, 1, 1, 
13, 0, 0, 0, 0, 0, 37, 1, 1, 
14, 36, 0, 0, 0, 0, 44, 1, 1, 
15, 48, 0, 0, 0, 0, 40, 1, 1, 
16, 1, 0, 0, 0, 0, 52, 1, 1, 
17, 9, 0, 0, 0, 0, 63, 1, 1, 
18, 0, 0, 0, 0, 0, 56, 2, 2, 
19, 0, 0, 0, 0, 0, 40, 3, 3, 
20, 8, 73, 0, 0, 0, 22, 3, 3, 
21, 0, 138, 0, 0, 0, 15, 4, 4, 
22, 0, 184, 0, 0, 0, 10, 4, 4, 
23, 0, 257, 0, 0, 0, 3, 4, 5, 
24, 0, 303, 0, 0, 0, 8, 5, 5, 
25, 0, 352, 0, 0, 0, 31, 5, 5, 
26, 72, 209, 0, 0, 17, 156, 9, 8, 
27, 0, 0, 70, 58, 57, 77, 9, 10, 
28, 0, 0, 0, 85, 0, 106, 8, 9, 
29, 79, 0, 0, 85, 0, 76, 8, 8, 
30, 79, 0, 0, 85, 0, 76, 8, 8, 
31, 79, 0, 0, 85, 0, 76, 8, 8, 
32, 0, 13, 0, 65, 0, 105, 6, 6, 
33, 52, 28, 41, 27, 0, 121, 5, 5, 
34, 60, 0, 159, 9, 20, 99, 4, 4, 
35, 82, 0, 463, 0, 0, 54, 2, 2, 
36, 114, 0, 607, 0, 0, 27, 2, 2, 
37, 124, 0, 716, 0, 0, 28, 2, 2, 
38, 61, 0, 566, 0, 0, 18, 2, 2, 
39, 0, 0, 553, 0, 0, 37, 2, 2, 
40, 0, 0, 513, 0, 0, 42, 2, 2, 
41, 22, 10, 703, 0, 0, 34, 1, 2, 
42, 29, 76, 698, 0, 0, 44, 1, 1, 
43, 0, 261, 178, 0, 0, 45, 1, 1, 
44, 0, 259, 0, 0, 0, 48, 1, 1, 
45, 0, 190, 0, 0, 0, 53, 1, 1, 
46, 0, 69, 0, 0, 0, 57, 1, 1, 
47, 0, 0, 0, 0, 0, 56, 1, 1, 
48, 0, 0, 0, 0, 0, 53, 1, 1, 
49, 0, 0, 0, 0, 0, 48, 1, 1, 
50, 19, 0, 0, 0, 0, 42, 1, 1, 
Nothing
1, 0, 19, 24, 0, 0, 42, 1, 1, 
2, 53, 71, 46, 0, 0, 45, 1, 1, 
3, 20, 86, 20, 0, 0, 48, 1, 1, 
4, 0, 72, 0, 0, 0, 57, 1, 1, 
5, 16, 17, 0, 0, 0, 55, 1, 1, 
6, 40, 2, 0, 0, 0, 44, 1, 1, 
7, 0, 0, 0, 0, 0, 39, 1, 1, 
8, 0, 0, 0, 0, 0, 41, 1, 1, 
9, 65, 0, 0, 0, 0, 41, 1, 1, 
10, 72, 0, 0, 0, 0, 31, 1, 1, 
11, 0, 0, 0, 0, 0, 28, 1, 1, 
12, 0, 0, 0, 0, 0, 27, 1, 1, 
13, 0, 0, 0, 0, 0, 29, 1, 1, 
14, 37, 20, 0, 0, 0, 30, 1, 1, 
15, 48, 38, 37, 0, 0, 27, 1, 1, 
16, 22, 46, 69, 0, 0, 28, 1, 1, 
17, 0, 43, 90, 0, 0, 28, 1, 1, 
18, 0, 41, 76, 0, 0, 26, 1, 1, 
19, 3, 75, 70, 0, 0, 31, 1, 1, 
20, 58, 92, 81, 0, 0, 35, 1, 1, 
21, 79, 98, 86, 0, 0, 38, 1, 1, 
22, 90, 92, 83, 0, 0, 42, 1, 1, 
23, 107, 66, 62, 0, 0, 43, 1, 1, 
24, 127, 52, 37, 0, 0, 44, 1, 1, 
25, 158, 35, 10, 0, 0, 45, 1, 1, 
26, 195, 17, 0, 0, 0, 43, 1, 1, 
27, 192, 0, 0, 0, 0, 34, 1, 1, 
28, 170, 0, 0, 0, 0, 30, 1, 1, 
29, 151, 0, 0, 0, 0, 25, 1, 1, 
30, 163, 0, 0, 0, 0, 22, 1, 1, 
31, 182, 0, 0, 0, 0, 19, 1, 1, 
32, 184, 0, 0, 0, 0, 15, 1, 1, 
33, 120, 0, 0, 0, 0, 6, 1, 1, 
34, 65, 0, 0, 0, 0, 5, 1, 1, 
35, 256, 175, 0, 0, 0, 23, 1, 1, 
36, 364, 202, 0, 0, 0, 24, 1, 1, 
37, 397, 207, 0, 0, 0, 24, 1, 1, 
38, 397, 207, 0, 0, 0, 24, 1, 1, 
39, 214, 152, 0, 0, 0, 38, 1, 1, 
40, 220, 100, 0, 0, 0, 45, 1, 1, 
41, 233, 56, 0, 0, 0, 42, 1, 1, 
42, 233, 56, 0, 0, 0, 42, 1, 1, 
43, 90, 0, 0, 0, 0, 42, 1, 1, 
44, 24, 0, 0, 0, 0, 41, 1, 1, 
45, 0, 0, 0, 0, 0, 29, 1, 1, 
46, 0, 0, 83, 0, 0, 25, 1, 1, 
47, 0, 0, 147, 0, 0, 25, 1, 1, 
48, 0, 0, 179, 0, 0, 22, 1, 1, 
49, 0, 0, 217, 0, 0, 12, 1, 1, 
50, 0, 0, 287, 0, 0, 9, 1, 1, 
Thor
1, 0, 33, 0, 0, 0, 45, 1, 1, 
2, 62, 66, 11, 0, 0, 56, 1, 1, 
3, 26, 69, 11, 0, 0, 49, 1, 1, 
4, 39, 87, 32, 0, 0, 51, 1, 1, 
5, 47, 70, 36, 0, 0, 52, 1, 1, 
6, 0, 20, 17, 0, 0, 50, 1, 1, 
7, 0, 0, 0, 0, 0, 50, 1, 1, 
8, 0, 0, 0, 0, 0, 43, 1, 1, 
9, 0, 0, 0, 0, 0, 42, 1, 1, 
10, 0, 0, 0, 0, 0, 39, 2, 2, 
11, 38, 0, 0, 0, 0, 57, 2, 2, 
12, 27, 0, 0, 0, 0, 71, 2, 2, 
13, 0, 0, 0, 0, 0, 73, 2, 2, 
14, 0, 0, 0, 0, 0, 96, 2, 2, 
15, 45, 0, 0, 0, 0, 98, 2, 3, 
16, 19, 0, 0, 0, 0, 118, 3, 3, 
17, 36, 0, 0, 0, 0, 132, 3, 3, 
18, 43, 0, 0, 0, 0, 128, 3, 3, 
19, 0, 0, 126, 0, 86, 0, 3, 3, 
20, 0, 0, 285, 0, 48, 0, 3, 4, 
21, 0, 0, 454, 0, 12, 0, 3, 4, 
22, 40, 0, 657, 0, 0, 0, 4, 4, 
23, 60, 0, 624, 0, 0, 25, 3, 4, 
24, 0, 0, 729, 0, 0, 0, 4, 4, 
25, 0, 0, 362, 0, 0, 0, 5, 5, 
26, 0, 0, 362, 0, 0, 0, 5, 5, 
27, 490, 873, 0, 0, 0, 0, 5, 5, 
28, 783, 873, 0, 0, 0, 16, 4, 4, 
29, 873, 873, 0, 0, 0, 35, 4, 4, 
30, 188, 94, 0, 0, 0, 133, 4, 4, 
31, 261, 0, 0, 0, 0, 136, 3, 3, 
32, 398, 0, 0, 0, 93, 84, 3, 3, 
33, 309, 0, 0, 0, 105, 24, 3, 3, 
34, 247, 0, 171, 0, 85, 0, 3, 3, 
35, 60, 0, 503, 0, 25, 0, 3, 3, 
36, 0, 0, 782, 0, 0, 0, 1, 2, 
37, 0, 60, 689, 0, 0, 0, 1, 1, 
38, 0, 60, 689, 0, 0, 0, 1, 1, 
39, 0, 801, 313, 0, 0, 0, 0, 0, 
40, 124, 873, 145, 0, 0, 0, 0, 0, 
41, 66, 873, 0, 0, 0, 0, 0, 0, 
42, 27, 842, 0, 0, 0, 0, 0, 0, 
43, 295, 683, 0, 0, 0, 9, 0, 0, 
44, 121, 284, 0, 0, 0, 62, 0, 0, 
45, 81, 104, 0, 3, 0, 53, 0, 0, 
46, 55, 72, 0, 22, 0, 37, 0, 0, 
47, 27, 16, 8, 35, 0, 38, 0, 0, 
48, 0, 0, 19, 47, 0, 23, 0, 0, 
49, 0, 0, 58, 53, 0, 25, 0, 1, 
50, 12, 0, 125, 43, 0, 33, 1, 1, 
Spear
1, 0, 0, 0, 0, 0, 42, 1, 1, 
2, 0, 0, 0, 0, 0, 35, 1, 1, 
3, 0, 0, 0, 0, 0, 32, 1, 1, 
4, 0, 0, 0, 0, 0, 31, 1, 1, 
5, 0, 0, 0, 0, 0, 30, 1, 1, 
6, 0, 2, 0, 0, 0, 31, 1, 1, 
7, 0, 55, 47, 0, 0, 33, 1, 1, 
8, 0, 97, 89, 0, 0, 36, 1, 1, 
9, 0, 97, 89, 0, 0, 36, 1, 1, 
10, 25, 170, 129, 0, 0, 53, 1, 1, 
11, 29, 150, 64, 0, 0, 74, 1, 1, 
12, 0, 0, 0, 0, 0, 118, 1, 1, 
13, 0, 0, 0, 0, 0, 118, 2, 2, 
14, 0, 0, 0, 0, 0, 118, 3, 3, 
15, 0, 0, 0, 0, 0, 90, 4, 4, 
16, 0, 0, 0, 0, 0, 77, 5, 5, 
17, 30, 0, 0, 0, 0, 65, 5, 5, 
18, 52, 0, 0, 0, 0, 42, 5, 5, 
19, 88, 0, 0, 0, 0, 15, 7, 7, 
20, 88, 0, 0, 0, 0, 15, 7, 7, 
21, 48, 0, 0, 0, 46, 2, 6, 6, 
22, 0, 0, 227, 0, 79, 18, 6, 6, 
23, 0, 0, 440, 0, 39, 32, 6, 6, 
24, 3, 101, 584, 0, 0, 56, 6, 6, 
25, 0, 0, 648, 0, 0, 72, 5, 5, 
26, 23, 87, 167, 139, 0, 75, 5, 6, 
27, 0, 0, 0, 47, 0, 61, 5, 5, 
28, 1, 18, 0, 0, 0, 32, 5, 5, 
29, 90, 94, 0, 0, 0, 28, 5, 5, 
30, 150, 40, 0, 0, 34, 15, 5, 5, 
31, 0, 0, 0, 0, 71, 6, 5, 5, 
32, 0, 0, 133, 0, 72, 17, 5, 5, 
33, 0, 7, 362, 0, 55, 16, 5, 5, 
34, 17, 57, 527, 0, 0, 45, 5, 5, 
35, 52, 98, 467, 0, 0, 64, 5, 5, 
36, 0, 0, 0, 129, 0, 110, 5, 5, 
37, 0, 0, 0, 129, 0, 114, 4, 5, 
38, 90, 0, 0, 106, 0, 67, 4, 5, 
39, 116, 0, 0, 28, 0, 28, 4, 5, 
40, 127, 1, 0, 0, 0, 24, 4, 5, 
41, 248, 0, 0, 0, 40, 0, 4, 5, 
42, 125, 0, 0, 8, 111, 0, 4, 5, 
43, 0, 0, 0, 38, 133, 10, 4, 5, 
44, 0, 50, 186, 5, 161, 25, 4, 4, 
45, 0, 116, 552, 0, 110, 38, 3, 3, 
46, 0, 151, 818, 0, 0, 22, 1, 1, 
47, 0, 260, 850, 0, 0, 68, 0, 0, 
48, 0, 255, 788, 0, 0, 82, 0, 0, 
49, 105, 71, 526, 0, 0, 101, 0, 0, 
50, 456, 69, 474, 13, 0, 105, 0, 0, 
Grenade
1, 0, 0, 1, 0, 0, 38, 1, 1, 
2, 3, 18, 25, 0, 0, 40, 1, 1, 
3, 0, 9, 22, 0, 0, 41, 1, 1, 
4, 0, 0, 13, 0, 0, 41, 1, 1, 
5, 0, 0, 2, 0, 0, 39, 1, 1, 
6, 0, 0, 0, 0, 0, 39, 1, 1, 
7, 0, 0, 0, 0, 0, 39, 1, 1, 
8, 0, 0, 0, 0, 0, 38, 1, 1, 
9, 0, 0, 0, 0, 0, 39, 1, 1, 
10, 0, 10, 0, 0, 0, 39, 1, 1, 
11, 0, 12, 0, 0, 0, 44, 1, 1, 
12, 0, 0, 0, 0, 0, 46, 1, 1, 
13, 0, 0, 0, 0, 0, 48, 1, 1, 
14, 0, 0, 0, 0, 0, 47, 1, 1, 
15, 0, 0, 0, 0, 0, 48, 1, 1, 
16, 0, 0, 0, 0, 0, 48, 1, 1, 
17, 0, 0, 0, 0, 0, 70, 1, 1, 
18, 0, 0, 0, 0, 0, 70, 1, 1, 
19, 0, 0, 0, 0, 0, 132, 3, 3, 
20, 0, 0, 0, 0, 0, 133, 5, 4, 
21, 0, 0, 0, 0, 0, 89, 5, 5, 
22, 65, 0, 0, 0, 0, 50, 5, 6, 
23, 113, 0, 0, 0, 0, 7, 5, 6, 
24, 113, 0, 0, 0, 0, 7, 5, 6, 
25, 45, 56, 0, 0, 0, 0, 6, 7, 
26, 0, 155, 0, 0, 12, 0, 6, 7, 
27, 154, 147, 0, 0, 158, 62, 6, 6, 
28, 0, 0, 30, 0, 260, 78, 6, 6, 
29, 0, 0, 319, 0, 209, 69, 6, 6, 
30, 0, 0, 499, 0, 152, 71, 6, 6, 
31, 109, 0, 697, 0, 81, 52, 6, 6, 
32, 0, 0, 873, 0, 0, 31, 5, 6, 
33, 156, 0, 800, 0, 0, 34, 5, 5, 
34, 201, 135, 873, 0, 0, 21, 3, 4, 
35, 306, 355, 873, 0, 0, 101, 0, 0, 
36, 0, 0, 34, 57, 0, 51, 0, 0, 
37, 79, 37, 101, 36, 0, 66, 0, 0, 
38, 0, 0, 75, 38, 0, 72, 0, 0, 
39, 0, 0, 58, 39, 0, 57, 0, 0, 
40, 0, 0, 40, 45, 0, 50, 0, 0, 
41, 21, 57, 0, 34, 0, 60, 0, 0, 
42, 28, 15, 0, 34, 0, 62, 0, 0, 
43, 31, 0, 18, 33, 0, 54, 0, 0, 
44, 52, 49, 105, 21, 0, 46, 0, 0, 
45, 49, 82, 128, 14, 0, 41, 0, 1, 
46, 32, 93, 170, 0, 0, 44, 0, 1, 
47, 0, 79, 201, 0, 0, 42, 1, 1, 
48, 41, 112, 269, 0, 0, 39, 1, 1, 
49, 46, 133, 277, 0, 0, 38, 1, 1, 
50, 80, 179, 307, 0, 0, 42, 1, 1, 
Reload
1, 3, 0, 0, 0, 0, 53, 1, 1, 
2, 1, 0, 0, 0, 0, 52, 1, 1, 
3, 2, 3, 0, 0, 0, 51, 1, 1, 
4, 6, 10, 0, 0, 0, 52, 1, 1, 
5, 8, 5, 0, 0, 0, 53, 1, 1, 
6, 4, 0, 0, 0, 0, 53, 1, 1, 
7, 2, 0, 0, 0, 0, 52, 1, 1, 
8, 2, 0, 0, 0, 0, 50, 1, 1, 
9, 0, 0, 0, 0, 0, 50, 1, 1, 
10, 0, 0, 0, 0, 0, 52, 1, 1, 
11, 6, 0, 0, 0, 0, 56, 1, 1, 
12, 48, 0, 0, 0, 0, 59, 1, 1, 
13, 61, 0, 0, 0, 0, 63, 1, 1, 
14, 69, 0, 0, 0, 0, 66, 1, 2, 
15, 44, 0, 0, 0, 0, 70, 2, 2, 
16, 14, 0, 0, 0, 0, 74, 2, 2, 
17, 28, 0, 0, 0, 0, 79, 2, 2, 
18, 34, 0, 0, 0, 0, 83, 2, 2, 
19, 0, 0, 0, 0, 0, 106, 2, 2, 
20, 0, 0, 0, 0, 0, 108, 2, 2, 
21, 94, 0, 0, 0, 0, 97, 2, 2, 
22, 61, 0, 0, 0, 0, 86, 2, 2, 
23, 87, 0, 0, 0, 0, 66, 2, 2, 
24, 51, 30, 0, 0, 0, 70, 2, 2, 
25, 285, 30, 0, 0, 0, 92, 2, 2, 
26, 296, 0, 0, 0, 74, 64, 2, 2, 
27, 80, 0, 0, 0, 99, 52, 2, 2, 
28, 59, 171, 335, 0, 86, 99, 2, 2, 
29, 139, 118, 474, 0, 74, 115, 2, 2, 
30, 33, 123, 620, 0, 4, 119, 2, 2, 
31, 0, 68, 490, 0, 0, 228, 1, 2, 
32, 0, 0, 189, 38, 0, 142, 1, 2, 
33, 0, 0, 68, 47, 0, 87, 2, 2, 
34, 0, 0, 52, 22, 0, 59, 2, 2, 
35, 0, 74, 91, 4, 0, 33, 1, 2, 
36, 0, 292, 257, 0, 0, 28, 1, 1, 
37, 0, 410, 395, 0, 0, 35, 1, 1, 
38, 0, 514, 396, 0, 0, 47, 0, 1, 
39, 0, 475, 262, 0, 0, 59, 0, 1, 
40, 20, 409, 263, 0, 0, 55, 0, 0, 
41, 261, 474, 293, 0, 0, 68, 0, 0, 
42, 0, 0, 0, 0, 0, 170, 0, 0, 
43, 46, 0, 0, 0, 0, 33, 0, 1, 
44, 193, 73, 0, 0, 0, 29, 0, 0, 
45, 213, 0, 98, 0, 0, 20, 1, 1, 
46, 213, 0, 98, 0, 0, 20, 1, 1, 
47, 0, 0, 91, 0, 0, 12, 1, 1, 
48, 0, 0, 64, 0, 0, 19, 1, 1, 
49, 0, 40, 81, 0, 0, 27, 1, 1, 
50, 13, 86, 70, 0, 0, 32, 1, 1, 
Punch
1, 6, 0, 0, 0, 0, 61, 1, 1, 
2, 0, 0, 0, 0, 0, 56, 1, 1, 
3, 0, 17, 19, 0, 0, 56, 1, 1, 
4, 0, 45, 47, 0, 0, 58, 1, 1, 
5, 0, 49, 53, 0, 0, 59, 1, 1, 
6, 0, 52, 57, 0, 0, 61, 1, 1, 
7, 0, 56, 62, 0, 0, 60, 1, 1, 
8, 0, 61, 61, 0, 0, 62, 1, 1, 
9, 0, 64, 43, 0, 0, 71, 1, 1, 
10, 5, 23, 0, 0, 0, 82, 1, 1, 
11, 22, 0, 0, 0, 0, 93, 1, 1, 
12, 103, 0, 0, 0, 0, 109, 1, 1, 
13, 156, 0, 0, 0, 0, 107, 1, 1, 
14, 116, 0, 0, 0, 0, 115, 2, 2, 
15, 214, 0, 0, 0, 0, 118, 4, 4, 
16, 222, 0, 0, 0, 0, 97, 4, 4, 
17, 277, 0, 0, 0, 0, 84, 5, 5, 
18, 330, 0, 0, 7, 0, 49, 5, 6, 
19, 209, 0, 0, 74, 25, 22, 7, 7, 
20, 197, 0, 0, 101, 29, 37, 7, 7, 
21, 163, 53, 0, 115, 19, 71, 6, 7, 
22, 137, 43, 0, 115, 67, 78, 6, 7, 
23, 101, 32, 0, 117, 82, 71, 6, 7, 
24, 64, 94, 6, 116, 82, 64, 6, 6, 
25, 64, 94, 6, 116, 82, 64, 6, 6, 
26, 79, 153, 90, 0, 47, 67, 5, 6, 
27, 0, 356, 187, 0, 14, 81, 5, 6, 
28, 0, 0, 0, 0, 0, 194, 5, 5, 
29, 249, 0, 0, 0, 104, 48, 5, 6, 
30, 0, 85, 50, 1, 87, 53, 5, 5, 
31, 0, 135, 39, 0, 2, 142, 5, 5, 
32, 38, 19, 0, 0, 19, 154, 5, 5, 
33, 0, 0, 0, 0, 14, 158, 5, 5, 
34, 0, 0, 0, 0, 0, 149, 5, 5, 
35, 31, 0, 0, 0, 0, 123, 4, 5, 
36, 0, 0, 0, 0, 22, 93, 4, 4, 
37, 0, 57, 0, 28, 32, 97, 3, 3, 
38, 0, 117, 0, 45, 37, 110, 2, 3, 
39, 0, 110, 0, 51, 34, 121, 1, 2, 
40, 0, 109, 12, 61, 40, 133, 1, 1, 
41, 0, 0, 2, 45, 38, 128, 1, 1, 
42, 0, 0, 13, 41, 23, 105, 1, 1, 
43, 0, 0, 13, 41, 23, 105, 1, 1, 
44, 0, 55, 164, 4, 0, 44, 1, 1, 
45, 0, 284, 190, 0, 0, 49, 1, 1, 
46, 0, 452, 177, 0, 0, 44, 1, 1, 
47, 0, 517, 213, 0, 0, 62, 1, 1, 
48, 0, 380, 187, 0, 0, 32, 1, 1, 
49, 0, 415, 312, 0, 0, 52, 1, 1, 
50, 0, 466, 559, 0, 0, 86, 1, 1, 
Nothing
1, 0, 0, 22, 0, 0, 47, 1, 1, 
2, 0, 0, 0, 0, 0, 48, 1, 1, 
3, 0, 0, 0, 0, 0, 31, 1, 1, 
4, 0, 0, 0, 0, 0, 26, 1, 1, 
5, 0, 0, 0, 0, 0, 21, 1, 1, 
6, 0, 0, 0, 0, 0, 20, 1, 1, 
7, 0, 0, 77, 0, 0, 20, 1, 1, 
8, 0, 0, 142, 0, 0, 18, 1, 1, 
9, 0, 0, 198, 0, 0, 16, 1, 1, 
10, 0, 0, 244, 0, 0, 16, 1, 1, 
11, 0, 10, 236, 0, 0, 16, 1, 1, 
12, 0, 30, 124, 0, 0, 17, 1, 1, 
13, 0, 26, 64, 0, 0, 22, 1, 1, 
14, 0, 21, 26, 0, 0, 28, 1, 1, 
15, 0, 18, 4, 0, 0, 31, 1, 1, 
16, 0, 23, 0, 0, 0, 30, 1, 1, 
17, 0, 44, 0, 0, 0, 32, 1, 1, 
18, 0, 73, 0, 0, 0, 38, 1, 1, 
19, 0, 93, 0, 0, 0, 44, 1, 1, 
20, 68, 112, 0, 0, 0, 52, 1, 1, 
21, 262, 117, 0, 0, 0, 50, 1, 1, 
22, 320, 82, 0, 0, 0, 43, 1, 1, 
23, 299, 48, 0, 0, 0, 39, 1, 1, 
24, 313, 20, 21, 0, 0, 33, 1, 1, 
25, 204, 0, 35, 0, 0, 28, 1, 1, 
26, 115, 0, 32, 0, 0, 27, 1, 1, 
27, 115, 0, 32, 0, 0, 27, 1, 1, 
28, 28, 0, 0, 0, 0, 9, 1, 1, 
29, 37, 0, 0, 0, 0, 7, 1, 1, 
30, 61, 0, 0, 0, 0, 6, 1, 1, 
31, 61, 0, 0, 0, 0, 6, 1, 1, 
32, 61, 0, 0, 0, 0, 6, 1, 1, 
33, 222, 133, 0, 0, 0, 15, 1, 1, 
34, 201, 139, 0, 0, 0, 19, 1, 1, 
35, 189, 140, 0, 0, 0, 28, 1, 1, 
36, 165, 99, 0, 0, 0, 37, 1, 1, 
37, 243, 165, 0, 0, 0, 40, 1, 1, 
38, 316, 208, 0, 0, 0, 39, 1, 1, 
39, 285, 181, 0, 0, 0, 41, 1, 1, 
40, 198, 103, 0, 0, 0, 45, 1, 1, 
41, 170, 59, 0, 0, 0, 45, 1, 1, 
42, 140, 28, 0, 0, 0, 40, 1, 1, 
43, 86, 18, 0, 0, 0, 39, 1, 1, 
44, 40, 22, 0, 0, 0, 40, 1, 1, 
45, 39, 30, 1, 0, 0, 41, 1, 1, 
46, 25, 36, 50, 0, 0, 39, 1, 1, 
47, 0, 53, 93, 0, 0, 38, 1, 1, 
48, 0, 65, 113, 0, 0, 39, 1, 1, 
49, 0, 74, 129, 0, 0, 40, 1, 1, 
50, 0, 84, 160, 0, 0, 40, 1, 1, 
Strange
1, 0, 81, 56, 0, 0, 48, 1, 1, 
2, 29, 118, 63, 0, 0, 55, 1, 1, 
3, 0, 73, 69, 0, 0, 47, 1, 1, 
4, 0, 58, 46, 0, 0, 52, 1, 1, 
5, 0, 60, 20, 0, 0, 53, 1, 1, 
6, 0, 25, 0, 0, 0, 54, 1, 1, 
7, 0, 0, 0, 0, 0, 49, 1, 1, 
8, 0, 0, 0, 0, 0, 46, 1, 1, 
9, 26, 8, 0, 0, 0, 45, 1, 1, 
10, 72, 34, 0, 0, 0, 42, 1, 1, 
11, 188, 97, 26, 0, 0, 42, 1, 1, 
12, 195, 62, 31, 0, 0, 47, 1, 1, 
13, 152, 8, 0, 0, 0, 57, 1, 1, 
14, 124, 0, 0, 0, 0, 54, 1, 1, 
15, 264, 0, 0, 0, 0, 56, 1, 1, 
16, 98, 0, 0, 0, 0, 53, 1, 1, 
17, 98, 0, 0, 0, 0, 53, 1, 1, 
18, 191, 0, 0, 0, 0, 123, 1, 1, 
19, 380, 0, 0, 0, 0, 195, 1, 1, 
20, 320, 0, 0, 0, 0, 216, 1, 1, 
21, 221, 0, 0, 0, 26, 176, 1, 1, 
22, 179, 0, 54, 0, 37, 147, 1, 1, 
23, 75, 0, 168, 0, 44, 105, 1, 1, 
24, 26, 0, 218, 0, 20, 62, 1, 1, 
25, 57, 0, 218, 0, 8, 42, 1, 1, 
26, 53, 0, 221, 0, 0, 23, 1, 1, 
27, 42, 0, 218, 0, 0, 21, 1, 1, 
28, 60, 162, 199, 20, 0, 18, 1, 1, 
29, 51, 284, 163, 38, 0, 61, 1, 1, 
30, 0, 235, 40, 62, 0, 125, 1, 1, 
31, 0, 220, 0, 87, 0, 155, 1, 1, 
32, 0, 164, 0, 87, 0, 207, 1, 1, 
33, 0, 0, 0, 79, 0, 228, 1, 1, 
34, 59, 0, 0, 57, 0, 233, 1, 1, 
35, 125, 0, 0, 28, 23, 217, 1, 1, 
36, 63, 0, 0, 3, 94, 94, 1, 1, 
37, 0, 0, 72, 6, 80, 68, 1, 1, 
38, 2, 0, 144, 8, 51, 60, 1, 1, 
39, 43, 0, 189, 6, 28, 40, 1, 1, 
40, 13, 0, 232, 11, 13, 31, 1, 1, 
41, 0, 11, 266, 22, 0, 27, 1, 1, 
42, 0, 100, 287, 34, 0, 30, 1, 1, 
43, 0, 163, 211, 36, 0, 54, 1, 1, 
44, 0, 365, 135, 21, 0, 60, 1, 1, 
45, 0, 510, 134, 0, 0, 52, 1, 1, 
46, 0, 549, 54, 0, 0, 77, 1, 1, 
47, 0, 542, 40, 0, 0, 77, 1, 1, 
48, 0, 571, 0, 0, 0, 105, 1, 1, 
49, 18, 306, 0, 0, 0, 131, 1, 1, 
50, 0, 313, 0, 0, 0, 117, 1, 1, 
Spider
1, 0, 0, 0, 0, 0, 58, 1, 1, 
2, 5, 21, 0, 0, 0, 52, 1, 1, 
3, 55, 85, 0, 0, 0, 49, 1, 1, 
4, 95, 110, 5, 0, 0, 49, 1, 1, 
5, 95, 92, 4, 0, 0, 48, 1, 1, 
6, 74, 55, 0, 0, 0, 44, 1, 1, 
7, 25, 26, 0, 0, 0, 38, 1, 1, 
8, 31, 43, 0, 0, 0, 36, 1, 1, 
9, 49, 66, 0, 0, 0, 37, 1, 1, 
10, 55, 83, 0, 0, 0, 37, 1, 1, 
11, 0, 0, 0, 0, 0, 67, 1, 1, 
12, 0, 0, 0, 0, 0, 53, 1, 1, 
13, 0, 0, 0, 0, 0, 53, 1, 1, 
14, 12, 25, 0, 0, 0, 77, 1, 1, 
15, 19, 35, 0, 0, 0, 61, 1, 1, 
16, 0, 0, 0, 0, 0, 57, 1, 1, 
17, 0, 0, 0, 0, 0, 60, 1, 1, 
18, 0, 0, 0, 0, 0, 15, 3, 3, 
19, 0, 293, 0, 0, 0, 0, 5, 5, 
20, 0, 448, 0, 0, 0, 0, 5, 5, 
21, 0, 536, 0, 0, 0, 0, 5, 5, 
22, 0, 544, 0, 0, 0, 15, 5, 5, 
23, 0, 298, 0, 18, 0, 59, 5, 5, 
24, 0, 130, 0, 35, 9, 110, 5, 6, 
25, 0, 0, 0, 41, 19, 143, 5, 6, 
26, 0, 0, 0, 41, 19, 143, 5, 6, 
27, 215, 0, 0, 0, 34, 80, 5, 6, 
28, 659, 0, 378, 0, 0, 0, 5, 6, 
29, 317, 0, 406, 2, 0, 0, 6, 6, 
30, 0, 0, 0, 15, 0, 0, 6, 6, 
31, 324, 174, 54, 12, 0, 0, 6, 6, 
32, 0, 135, 6, 0, 0, 0, 5, 6, 
33, 29, 41, 4, 10, 0, 0, 5, 5, 
34, 0, 17, 0, 18, 0, 0, 5, 6, 
35, 0, 65, 0, 15, 0, 0, 5, 6, 
36, 0, 222, 0, 16, 0, 0, 5, 6, 
37, 0, 319, 0, 12, 0, 0, 5, 6, 
38, 0, 319, 0, 12, 0, 0, 5, 6, 
39, 0, 413, 0, 17, 0, 0, 5, 6, 
40, 0, 569, 0, 21, 0, 0, 5, 5, 
41, 0, 576, 0, 31, 0, 0, 5, 5, 
42, 0, 560, 0, 43, 0, 0, 5, 5, 
43, 12, 501, 0, 40, 0, 38, 4, 5, 
44, 162, 423, 37, 33, 22, 72, 2, 2, 
45, 161, 342, 132, 37, 40, 82, 1, 2, 
46, 0, 280, 269, 24, 52, 87, 1, 1, 
47, 0, 211, 356, 17, 36, 103, 1, 1, 
48, 0, 40, 438, 12, 6, 112, 1, 1, 
49, 0, 0, 548, 0, 0, 76, 1, 1, 
50, 0, 0, 683, 0, 0, 41, 1, 1, 
Shield
1, 26, 50, 17, 0, 0, 50, 1, 1, 
2, 0, 0, 0, 0, 0, 37, 1, 1, 
3, 0, 0, 0, 0, 0, 29, 1, 1, 
4, 0, 0, 0, 0, 0, 29, 1, 1, 
5, 4, 37, 0, 0, 0, 32, 1, 1, 
6, 43, 56, 0, 0, 0, 34, 1, 1, 
7, 53, 46, 0, 0, 0, 42, 1, 1, 
8, 11, 19, 0, 0, 0, 44, 1, 1, 
9, 0, 0, 0, 0, 0, 46, 1, 1, 
10, 0, 0, 0, 0, 0, 46, 1, 1, 
11, 12, 0, 0, 0, 0, 44, 1, 1, 
12, 17, 0, 0, 0, 0, 38, 1, 1, 
13, 20, 0, 0, 0, 0, 35, 1, 1, 
14, 50, 0, 0, 0, 0, 31, 1, 1, 
15, 140, 0, 0, 0, 0, 26, 1, 1, 
16, 146, 0, 0, 0, 0, 9, 1, 1, 
17, 7, 17, 0, 0, 0, 0, 1, 1, 
18, 0, 114, 0, 0, 0, 0, 1, 2, 
19, 0, 430, 0, 0, 0, 0, 2, 2, 
20, 16, 568, 0, 0, 0, 0, 2, 3, 
21, 0, 560, 0, 0, 0, 0, 3, 3, 
22, 0, 546, 0, 0, 0, 0, 3, 3, 
23, 0, 523, 0, 0, 0, 15, 2, 3, 
24, 8, 458, 0, 0, 0, 101, 2, 3, 
25, 8, 458, 0, 0, 0, 101, 2, 3, 
26, 8, 458, 0, 0, 0, 101, 2, 3, 
27, 8, 458, 0, 0, 0, 101, 2, 3, 
28, 8, 458, 0, 0, 0, 101, 2, 3, 
29, 8, 458, 0, 0, 0, 101, 2, 3, 
30, 8, 458, 0, 0, 0, 101, 2, 3, 
31, 8, 458, 0, 0, 0, 101, 2, 3, 
32, 8, 458, 0, 0, 0, 101, 2, 3, 
33, 8, 458, 0, 0, 0, 101, 2, 3, 
34, 8, 458, 0, 0, 0, 101, 2, 3, 
35, 8, 458, 0, 0, 0, 101, 2, 3, 
36, 8, 458, 0, 0, 0, 101, 2, 3, 
37, 8, 458, 0, 0, 0, 101, 2, 3, 
38, 8, 458, 0, 0, 0, 101, 2, 3, 
39, 8, 458, 0, 0, 0, 101, 2, 3, 
40, 8, 458, 0, 0, 0, 101, 2, 3, 
41, 8, 458, 0, 0, 0, 101, 2, 3, 
42, 8, 458, 0, 0, 0, 101, 2, 3, 
43, 8, 458, 0, 0, 0, 101, 2, 3, 
44, 8, 458, 0, 0, 0, 101, 2, 3, 
45, 8, 458, 0, 0, 0, 101, 2, 3, 
46, 8, 458, 0, 0, 0, 101, 2, 3, 
47, 8, 458, 0, 0, 0, 101, 2, 3, 
48, 8, 458, 0, 0, 0, 101, 2, 3, 
49, 8, 458, 0, 0, 0, 101, 2, 3, 
50, 8, 458, 0, 0, 0, 101, 2, 3, 
Nothing
1, 0, 0, 0, 0, 0, 46, 1, 1, 
2, 0, 0, 0, 0, 0, 43, 1, 1, 
3, 0, 0, 0, 0, 0, 37, 1, 1, 
4, 0, 0, 0, 0, 0, 38, 1, 1, 
5, 0, 0, 0, 0, 0, 40, 1, 1, 
6, 0, 0, 0, 0, 0, 49, 1, 1, 
7, 15, 6, 0, 0, 0, 52, 1, 1, 
8, 55, 18, 0, 0, 0, 59, 1, 1, 
9, 67, 6, 0, 0, 0, 57, 1, 1, 
10, 43, 0, 0, 0, 0, 64, 1, 1, 
11, 144, 8, 0, 0, 0, 65, 1, 1, 
12, 168, 0, 0, 0, 0, 67, 1, 1, 
13, 202, 0, 0, 0, 0, 72, 1, 1, 
14, 225, 0, 0, 0, 0, 78, 1, 1, 
15, 233, 0, 0, 0, 0, 77, 1, 1, 
16, 273, 0, 0, 0, 0, 81, 1, 1, 
17, 308, 0, 0, 0, 0, 78, 1, 1, 
18, 274, 0, 0, 0, 0, 75, 1, 1, 
19, 221, 0, 0, 0, 0, 76, 1, 1, 
20, 221, 0, 0, 0, 0, 76, 1, 1, 
21, 221, 0, 0, 0, 0, 76, 1, 1, 
22, 221, 0, 0, 0, 0, 76, 1, 1, 
23, 221, 0, 0, 0, 0, 76, 1, 1, 
24, 221, 0, 0, 0, 0, 76, 1, 1, 
25, 221, 0, 0, 0, 0, 76, 1, 1, 
26, 221, 0, 0, 0, 0, 76, 1, 1, 
27, 221, 0, 0, 0, 0, 76, 1, 1, 
28, 221, 0, 0, 0, 0, 76, 1, 1, 
29, 221, 0, 0, 0, 0, 76, 1, 1, 
30, 221, 0, 0, 0, 0, 76, 1, 1, 
31, 221, 0, 0, 0, 0, 76, 1, 1, 
32, 221, 0, 0, 0, 0, 76, 1, 1, 
33, 221, 0, 0, 0, 0, 76, 1, 1, 
34, 221, 0, 0, 0, 0, 76, 1, 1, 
35, 221, 0, 0, 0, 0, 76, 1, 1, 
36, 221, 0, 0, 0, 0, 76, 1, 1, 
37, 221, 0, 0, 0, 0, 76, 1, 1, 
38, 221, 0, 0, 0, 0, 76, 1, 1, 
39, 221, 0, 0, 0, 0, 76, 1, 1, 
40, 221, 0, 0, 0, 0, 76, 1, 1, 
41, 221, 0, 0, 0, 0, 76, 1, 1, 
42, 221, 0, 0, 0, 0, 76, 1, 1, 
43, 221, 0, 0, 0, 0, 76, 1, 1, 
44, 221, 0, 0, 0, 0, 76, 1, 1, 
45, 221, 0, 0, 0, 0, 76, 1, 1, 
46, 221, 0, 0, 0, 0, 76, 1, 1, 
47, 221, 0, 0, 0, 0, 76, 1, 1, 
48, 221, 0, 0, 0, 0, 76, 1, 1, 
49, 221, 0, 0, 0, 0, 76, 1, 1, 
50, 221, 0, 0, 0, 0, 76, 1, 1, 
Thor
1, 18, 61, 0, 0, 0, 109, 1, 1, 
2, 18, 61, 0, 0, 0, 109, 1, 1, 
3, 18, 61, 0, 0, 0, 109, 1, 1, 
4, 18, 61, 0, 0, 0, 109, 1, 1, 
5, 18, 61, 0, 0, 0, 109, 1, 1, 
6, 18, 61, 0, 0, 0, 109, 1, 1, 
7, 18, 61, 0, 0, 0, 109, 1, 1, 
8, 18, 61, 0, 0, 0, 109, 1, 1, 
9, 18, 61, 0, 0, 0, 109, 1, 1, 
10, 18, 61, 0, 0, 0, 109, 1, 1, 
11, 18, 61, 0, 0, 0, 109, 1, 1, 
12, 18, 61, 0, 0, 0, 109, 1, 1, 
13, 18, 61, 0, 0, 0, 109, 1, 1, 
14, 18, 61, 0, 0, 0, 109, 1, 1, 
15, 18, 61, 0, 0, 0, 109, 1, 1, 
16, 18, 61, 0, 0, 0, 109, 1, 1, 
17, 18, 61, 0, 0, 0, 109, 1, 1, 
18, 18, 61, 0, 0, 0, 109, 1, 1, 
19, 18, 61, 0, 0, 0, 109, 1, 1, 
20, 18, 61, 0, 0, 0, 109, 1, 1, 
21, 18, 61, 0, 0, 0, 109, 1, 1, 
22, 18, 61, 0, 0, 0, 109, 1, 1, 
23, 18, 61, 0, 0, 0, 109, 1, 1, 
24, 18, 61, 0, 0, 0, 109, 1, 1, 
25, 18, 61, 0, 0, 0, 109, 1, 1, 
26, 18, 61, 0, 0, 0, 109, 1, 1, 
27, 18, 61, 0, 0, 0, 109, 1, 1, 
28, 18, 61, 0, 0, 0, 109, 1, 1, 
29, 18, 61, 0, 0, 0, 109, 1, 1, 
30, 18, 61, 0, 0, 0, 109, 1, 1, 
31, 18, 61, 0, 0, 0, 109, 1, 1, 
32, 18, 61, 0, 0, 0, 109, 1, 1, 
33, 18, 61, 0, 0, 0, 109, 1, 1, 
34, 18, 61, 0, 0, 0, 109, 1, 1, 
35, 18, 61, 0, 0, 0, 109, 1, 1, 
36, 18, 61, 0, 0, 0, 109, 1, 1, 
37, 18, 61, 0, 0, 0, 109, 1, 1, 
38, 18, 61, 0, 0, 0, 109, 1, 1, 
39, 18, 61, 0, 0, 0, 109, 1, 1, 
40, 18, 61, 0, 0, 0, 109, 1, 1, 
41, 18, 61, 0, 0, 0, 109, 1, 1, 
42, 18, 61, 0, 0, 0, 109, 1, 1, 
43, 18, 61, 0, 0, 0, 109, 1, 1, 
44, 18, 61, 0, 0, 0, 109, 1, 1, 
45, 18, 61, 0, 0, 0, 109, 1, 1, 
46, 18, 61, 0, 0, 0, 109, 1, 1, 
47, 18, 61, 0, 0, 0, 109, 1, 1, 
48, 18, 61, 0, 0, 0, 109, 1, 1, 
49, 18, 61, 0, 0, 0, 109, 1, 1, 
50, 18, 61, 0, 0, 0, 109, 1, 1, 
Spear
1, 64, 0, 0, 0, 5, 78, 1, 1, 
2, 64, 0, 0, 0, 5, 78, 1, 1, 
3, 64, 0, 0, 0, 5, 78, 1, 1, 
4, 64, 0, 0, 0, 5, 78, 1, 1, 
5, 64, 0, 0, 0, 5, 78, 1, 1, 
6, 64, 0, 0, 0, 5, 78, 1, 1, 
7, 64, 0, 0, 0, 5, 78, 1, 1, 
8, 64, 0, 0, 0, 5, 78, 1, 1, 
9, 64, 0, 0, 0, 5, 78, 1, 1, 
10, 64, 0, 0, 0, 5, 78, 1, 1, 
11, 64, 0, 0, 0, 5, 78, 1, 1, 
12, 64, 0, 0, 0, 5, 78, 1, 1, 
13, 64, 0, 0, 0, 5, 78, 1, 1, 
14, 64, 0, 0, 0, 5, 78, 1, 1, 
15, 64, 0, 0, 0, 5, 78, 1, 1, 
16, 64, 0, 0, 0, 5, 78, 1, 1, 
17, 64, 0, 0, 0, 5, 78, 1, 1, 
18, 64, 0, 0, 0, 5, 78, 1, 1, 
19, 64, 0, 0, 0, 5, 78, 1, 1, 
20, 64, 0, 0, 0, 5, 78, 1, 1, 
21, 64, 0, 0, 0, 5, 78, 1, 1, 
22, 64, 0, 0, 0, 5, 78, 1, 1, 
23, 64, 0, 0, 0, 5, 78, 1, 1, 
24, 64, 0, 0, 0, 5, 78, 1, 1, 
25, 64, 0, 0, 0, 5, 78, 1, 1, 
26, 64, 0, 0, 0, 5, 78, 1, 1, 
27, 64, 0, 0, 0, 5, 78, 1, 1, 
28, 64, 0, 0, 0, 5, 78, 1, 1, 
29, 64, 0, 0, 0, 5, 78, 1, 1, 
30, 64, 0, 0, 0, 5, 78, 1, 1, 
31, 64, 0, 0, 0, 5, 78, 1, 1, 
32, 64, 0, 0, 0, 5, 78, 1, 1, 
33, 64, 0, 0, 0, 5, 78, 1, 1, 
34, 64, 0, 0, 0, 5, 78, 1, 1, 
35, 64, 0, 0, 0, 5, 78, 1, 1, 
36, 64, 0, 0, 0, 5, 78, 1, 1, 
37, 64, 0, 0, 0, 5, 78, 1, 1, 
38, 64, 0, 0, 0, 5, 78, 1, 1, 
39, 64, 0, 0, 0, 5, 78, 1, 1, 
40, 64, 0, 0, 0, 5, 78, 1, 1, 
41, 64, 0, 0, 0, 5, 78, 1, 1, 
42, 64, 0, 0, 0, 5, 78, 1, 1, 
43, 64, 0, 0, 0, 5, 78, 1, 1, 
44, 64, 0, 0, 0, 5, 78, 1, 1, 
45, 64, 0, 0, 0, 5, 78, 1, 1, 
46, 64, 0, 0, 0, 5, 78, 1, 1, 
47, 64, 0, 0, 0, 5, 78, 1, 1, 
48, 64, 0, 0, 0, 5, 78, 1, 1, 
49, 64, 0, 0, 0, 5, 78, 1, 1, 
50, 64, 0, 0, 0, 5, 78, 1, 1, 
Grenade
1, 64, 0, 0, 0, 5, 78, 1, 1, 
2, 64, 0, 0, 0, 5, 78, 1, 1, 
3, 64, 0, 0, 0, 5, 78, 1, 1, 
4, 64, 0, 0, 0, 5, 78, 1, 1, 
5, 64, 0, 0, 0, 5, 78, 1, 1, 
6, 64, 0, 0, 0, 5, 78, 1, 1, 
7, 64, 0, 0, 0, 5, 78, 1, 1, 
8, 64, 0, 0, 0, 5, 78, 1, 1, 
9, 64, 0, 0, 0, 5, 78, 1, 1, 
10, 64, 0, 0, 0, 5, 78, 1, 1, 
11, 64, 0, 0, 0, 5, 78, 1, 1, 
12, 64, 0, 0, 0, 5, 78, 1, 1, 
13, 64, 0, 0, 0, 5, 78, 1, 1, 
14, 64, 0, 0, 0, 5, 78, 1, 1, 
15, 64, 0, 0, 0, 5, 78, 1, 1, 
16, 64, 0, 0, 0, 5, 78, 1, 1, 
17, 64, 0, 0, 0, 5, 78, 1, 1, 
18, 64, 0, 0, 0, 5, 78, 1, 1, 
19, 64, 0, 0, 0, 5, 78, 1, 1, 
20, 64, 0, 0, 0, 5, 78, 1, 1, 
21, 64, 0, 0, 0, 5, 78, 1, 1, 
22, 64, 0, 0, 0, 5, 78, 1, 1, 
23, 64, 0, 0, 0, 5, 78, 1, 1, 
24, 64, 0, 0, 0, 5, 78, 1, 1, 
25, 64, 0, 0, 0, 5, 78, 1, 1, 
26, 64, 0, 0, 0, 5, 78, 1, 1, 
27, 64, 0, 0, 0, 5, 78, 1, 1, 
28, 64, 0, 0, 0, 5, 78, 1, 1, 
29, 64, 0, 0, 0, 5, 78, 1, 1, 
30, 64, 0, 0, 0, 5, 78, 1, 1, 
31, 64, 0, 0, 0, 5, 78, 1, 1, 
32, 64, 0, 0, 0, 5, 78, 1, 1, 
33, 64, 0, 0, 0, 5, 78, 1, 1, 
34, 64, 0, 0, 0, 5, 78, 1, 1, 
35, 64, 0, 0, 0, 5, 78, 1, 1, 
36, 64, 0, 0, 0, 5, 78, 1, 1, 
37, 64, 0, 0, 0, 5, 78, 1, 1, 
38, 64, 0, 0, 0, 5, 78, 1, 1, 
39, 64, 0, 0, 0, 5, 78, 1, 1, 
40, 64, 0, 0, 0, 5, 78, 1, 1, 
41, 64, 0, 0, 0, 5, 78, 1, 1, 
42, 64, 0, 0, 0, 5, 78, 1, 1, 
43, 64, 0, 0, 0, 5, 78, 1, 1, 
44, 64, 0, 0, 0, 5, 78, 1, 1, 
45, 64, 0, 0, 0, 5, 78, 1, 1, 
46, 64, 0, 0, 0, 5, 78, 1, 1, 
47, 64, 0, 0, 0, 5, 78, 1, 1, 
48, 64, 0, 0, 0, 5, 78, 1, 1, 
49, 64, 0, 0, 0, 5, 78, 1, 1, 
50, 64, 0, 0, 0, 5, 78, 1, 1, 
Reload
1, 64, 0, 0, 0, 5, 78, 1, 1, 
2, 64, 0, 0, 0, 5, 78, 1, 1, 
3, 64, 0, 0, 0, 5, 78, 1, 1, 
4, 64, 0, 0, 0, 5, 78, 1, 1, 
5, 64, 0, 0, 0, 5, 78, 1, 1, 
6, 64, 0, 0, 0, 5, 78, 1, 1, 
7, 64, 0, 0, 0, 5, 78, 1, 1, 
8, 64, 0, 0, 0, 5, 78, 1, 1, 
9, 64, 0, 0, 0, 5, 78, 1, 1, 
10, 64, 0, 0, 0, 5, 78, 1, 1, 
11, 64, 0, 0, 0, 5, 78, 1, 1, 
12, 64, 0, 0, 0, 5, 78, 1, 1, 
13, 64, 0, 0, 0, 5, 78, 1, 1, 
14, 64, 0, 0, 0, 5, 78, 1, 1, 
15, 64, 0, 0, 0, 5, 78, 1, 1, 
16, 64, 0, 0, 0, 5, 78, 1, 1, 
17, 64, 0, 0, 0, 5, 78, 1, 1, 
18, 64, 0, 0, 0, 5, 78, 1, 1, 
19, 64, 0, 0, 0, 5, 78, 1, 1, 
20, 64, 0, 0, 0, 5, 78, 1, 1, 
21, 64, 0, 0, 0, 5, 78, 1, 1, 
22, 64, 0, 0, 0, 5, 78, 1, 1, 
23, 64, 0, 0, 0, 5, 78, 1, 1, 
24, 64, 0, 0, 0, 5, 78, 1, 1, 
25, 64, 0, 0, 0, 5, 78, 1, 1, 
26, 64, 0, 0, 0, 5, 78, 1, 1, 
27, 64, 0, 0, 0, 5, 78, 1, 1, 
28, 64, 0, 0, 0, 5, 78, 1, 1, 
29, 64, 0, 0, 0, 5, 78, 1, 1, 
30, 64, 0, 0, 0, 5, 78, 1, 1, 
31, 64, 0, 0, 0, 5, 78, 1, 1, 
32, 64, 0, 0, 0, 5, 78, 1, 1, 
33, 64, 0, 0, 0, 5, 78, 1, 1, 
34, 64, 0, 0, 0, 5, 78, 1, 1, 
35, 64, 0, 0, 0, 5, 78, 1, 1, 
36, 64, 0, 0, 0, 5, 78, 1, 1, 
37, 64, 0, 0, 0, 5, 78, 1, 1, 
38, 64, 0, 0, 0, 5, 78, 1, 1, 
39, 64, 0, 0, 0, 5, 78, 1, 1, 
40, 64, 0, 0, 0, 5, 78, 1, 1, 
41, 64, 0, 0, 0, 5, 78, 1, 1, 
42, 64, 0, 0, 0, 5, 78, 1, 1, 
43, 64, 0, 0, 0, 5, 78, 1, 1, 
44, 64, 0, 0, 0, 5, 78, 1, 1, 
45, 64, 0, 0, 0, 5, 78, 1, 1, 
46, 64, 0, 0, 0, 5, 78, 1, 1, 
47, 64, 0, 0, 0, 5, 78, 1, 1, 
48, 0, 0, 0, 0, 0, 0, 0, 0, 
49, 0, 0, 0, 0, 0, 0, 0, 0, 
50, 0, 54, 104, 0, 0, 47, 1, 1, 
Punch
1, 0, 2, 0, 0, 0, 49, 1, 1, 
2, 0, 0, 0, 0, 0, 48, 1, 1, 
3, 0, 1, 0, 0, 0, 48, 1, 1, 
4, 0, 1, 0, 0, 0, 48, 1, 1, 
5, 0, 1, 0, 0, 0, 48, 1, 1, 
6, 0, 1, 0, 0, 0, 48, 1, 1, 
7, 0, 1, 0, 0, 0, 48, 1, 1, 
8, 0, 1, 0, 0, 0, 48, 1, 1, 
9, 0, 1, 0, 0, 0, 48, 1, 1, 
10, 0, 1, 0, 0, 0, 48, 1, 1, 
11, 0, 1, 0, 0, 0, 48, 1, 1, 
12, 0, 1, 0, 0, 0, 48, 1, 1, 
13, 0, 1, 0, 0, 0, 48, 1, 1, 
14, 0, 1, 0, 0, 0, 48, 1, 1, 
15, 0, 1, 0, 0, 0, 48, 1, 1, 
16, 0, 1, 0, 0, 0, 48, 1, 1, 
17, 0, 1, 0, 0, 0, 48, 1, 1, 
18, 0, 1, 0, 0, 0, 48, 1, 1, 
19, 0, 1, 0, 0, 0, 48, 1, 1, 
20, 0, 1, 0, 0, 0, 48, 1, 1, 
21, 0, 1, 0, 0, 0, 48, 1, 1, 
22, 0, 1, 0, 0, 0, 48, 1, 1, 
23, 0, 1, 0, 0, 0, 48, 1, 1, 
24, 0, 1, 0, 0, 0, 48, 1, 1, 
25, 0, 1, 0, 0, 0, 48, 1, 1, 
26, 0, 1, 0, 0, 0, 48, 1, 1, 
27, 0, 1, 0, 0, 0, 48, 1, 1, 
28, 0, 1, 0, 0, 0, 48, 1, 1, 
29, 0, 1, 0, 0, 0, 48, 1, 1, 
30, 0, 1, 0, 0, 0, 48, 1, 1, 
31, 0, 1, 0, 0, 0, 48, 1, 1, 
32, 0, 1, 0, 0, 0, 48, 1, 1, 
33, 0, 1, 0, 0, 0, 48, 1, 1, 
34, 0, 1, 0, 0, 0, 48, 1, 1, 
35, 0, 1, 0, 0, 0, 48, 1, 1, 
36, 0, 1, 0, 0, 0, 48, 1, 1, 
37, 0, 1, 0, 0, 0, 48, 1, 1, 
38, 0, 1, 0, 0, 0, 48, 1, 1, 
39, 0, 1, 0, 0, 0, 48, 1, 1, 
40, 0, 1, 0, 0, 0, 48, 1, 1, 
41, 0, 1, 0, 0, 0, 48, 1, 1, 
42, 0, 1, 0, 0, 0, 48, 1, 1, 
43, 0, 1, 0, 0, 0, 48, 1, 1, 
44, 0, 1, 0, 0, 0, 48, 1, 1, 
45, 0, 1, 0, 0, 0, 48, 1, 1, 
46, 0, 1, 0, 0, 0, 48, 1, 1, 
47, 0, 1, 0, 0, 0, 48, 1, 1, 
48, 0, 1, 0, 0, 0, 48, 1, 1, 
49, 0, 1, 0, 0, 0, 48, 1, 1, 
50, 0, 1, 0, 0, 0, 48, 1, 1, 
Nothing
1, 0, 28, 2, 0, 0, 58, 1, 1, 
2, 0, 0, 0, 0, 0, 54, 1, 1, 
3, 0, 0, 0, 0, 0, 52, 1, 1, 
4, 0, 0, 0, 0, 0, 50, 1, 1, 
5, 0, 0, 0, 0, 0, 47, 1, 1, 
6, 0, 0, 0, 0, 0, 44, 1, 1, 
7, 0, 0, 0, 0, 0, 41, 1, 1, 
8, 0, 0, 0, 0, 0, 41, 1, 1, 
9, 4, 0, 0, 0, 0, 45, 1, 1, 
10, 5, 0, 0, 0, 0, 48, 1, 1, 
11, 0, 0, 0, 0, 0, 47, 1, 1, 
12, 0, 0, 0, 0, 0, 45, 1, 1, 
13, 0, 0, 0, 0, 0, 44, 1, 1, 
14, 0, 7, 20, 0, 0, 46, 1, 1, 
15, 17, 49, 47, 0, 0, 50, 1, 1, 
16, 44, 62, 57, 0, 0, 55, 1, 1, 
17, 36, 51, 62, 0, 0, 54, 1, 1, 
18, 3, 38, 51, 0, 0, 53, 1, 1, 
19, 2, 36, 47, 0, 0, 52, 1, 1, 
20, 29, 38, 16, 0, 0, 56, 1, 1, 
21, 43, 24, 0, 0, 0, 56, 1, 1, 
22, 39, 16, 0, 0, 0, 55, 1, 1, 
23, 28, 0, 0, 0, 0, 54, 1, 1, 
24, 28, 0, 0, 0, 0, 53, 1, 1, 
25, 26, 0, 0, 0, 0, 52, 1, 1, 
26, 25, 0, 0, 0, 0, 51, 1, 1, 
27, 21, 0, 0, 0, 0, 51, 1, 1, 
28, 22, 0, 0, 0, 0, 51, 1, 1, 
29, 26, 0, 0, 0, 0, 51, 1, 1, 
30, 22, 0, 0, 0, 0, 49, 1, 1, 
31, 8, 0, 0, 0, 0, 48, 1, 1, 
32, 0, 0, 0, 0, 0, 48, 1, 1, 
33, 0, 0, 0, 0, 0, 47, 1, 1, 
34, 0, 0, 0, 0, 0, 46, 1, 1, 
35, 0, 12, 29, 0, 0, 46, 1, 1, 
36, 0, 17, 45, 0, 0, 45, 1, 1, 
37, 0, 17, 45, 0, 0, 45, 1, 1, 
38, 0, 35, 75, 0, 0, 37, 1, 1, 
39, 0, 35, 75, 0, 0, 37, 1, 1, 
40, 0, 48, 95, 0, 0, 40, 1, 1, 
41, 0, 48, 88, 0, 0, 44, 1, 1, 
42, 0, 48, 78, 0, 0, 47, 1, 1, 
43, 0, 48, 78, 0, 0, 47, 1, 1, 
44, 0, 35, 45, 0, 0, 50, 1, 1, 
45, 0, 25, 20, 0, 0, 52, 1, 1, 
46, 0, 11, 0, 0, 0, 51, 1, 1, 
47, 3, 6, 0, 0, 0, 47, 1, 1, 
48, 25, 12, 0, 0, 0, 45, 1, 1, 
49, 60, 15, 0, 0, 0, 47, 1, 1, 
50, 82, 0, 0, 0, 0, 40, 1, 1, 
Strange
1, 0, 50, 6, 0, 0, 53, 1, 1, 
2, 0, 1, 0, 0, 0, 52, 1, 1, 
3, 0, 0, 0, 0, 0, 57, 1, 1, 
4, 0, 0, 0, 0, 0, 48, 1, 1, 
5, 0, 0, 0, 0, 0, 48, 1, 1, 
6, 0, 0, 0, 0, 0, 44, 1, 1, 
7, 0, 0, 0, 0, 0, 40, 1, 1, 
8, 0, 0, 0, 0, 0, 35, 1, 1, 
9, 8, 0, 0, 0, 0, 33, 1, 1, 
10, 33, 0, 0, 0, 0, 38, 1, 1, 
11, 82, 1, 7, 0, 0, 45, 1, 1, 
12, 100, 24, 20, 0, 0, 45, 1, 1, 
13, 85, 49, 15, 0, 0, 52, 1, 1, 
14, 87, 76, 19, 0, 0, 52, 1, 1, 
15, 74, 102, 8, 0, 0, 53, 1, 1, 
16, 77, 89, 0, 0, 0, 58, 1, 1, 
17, 112, 61, 0, 0, 0, 66, 1, 1, 
18, 244, 0, 0, 0, 0, 106, 1, 1, 
19, 369, 0, 0, 0, 0, 149, 1, 1, 
20, 372, 0, 0, 0, 0, 191, 1, 1, 
21, 450, 0, 0, 0, 0, 205, 1, 1, 
22, 448, 0, 0, 0, 0, 210, 0, 1, 
23, 458, 0, 0, 0, 0, 202, 0, 0, 
24, 390, 0, 114, 0, 9, 169, 0, 0, 
25, 246, 0, 185, 0, 13, 128, 0, 0, 
26, 157, 0, 174, 0, 10, 78, 0, 0, 
27, 131, 0, 190, 0, 7, 30, 0, 0, 
28, 93, 0, 185, 0, 0, 0, 0, 0, 
29, 85, 70, 176, 4, 0, 0, 0, 0, 
30, 57, 202, 131, 42, 0, 0, 0, 0, 
31, 22, 328, 73, 65, 0, 52, 0, 0, 
32, 0, 286, 0, 88, 0, 102, 0, 0, 
33, 0, 232, 0, 124, 0, 161, 0, 0, 
34, 0, 145, 0, 132, 0, 220, 0, 0, 
35, 18, 0, 0, 76, 64, 201, 0, 0, 
36, 55, 0, 0, 45, 103, 149, 0, 0, 
37, 16, 0, 0, 33, 114, 102, 0, 0, 
38, 29, 0, 115, 27, 99, 77, 0, 1, 
39, 108, 26, 218, 7, 62, 52, 1, 1, 
40, 34, 37, 308, 0, 34, 43, 1, 1, 
41, 0, 35, 326, 2, 0, 34, 1, 2, 
42, 0, 62, 305, 16, 0, 19, 1, 2, 
43, 46, 140, 224, 37, 0, 29, 1, 1, 
44, 42, 160, 26, 53, 0, 75, 1, 1, 
45, 0, 149, 0, 84, 0, 130, 1, 1, 
46, 27, 137, 0, 99, 0, 167, 1, 1, 
47, 52, 123, 0, 98, 0, 186, 1, 1, 
48, 73, 47, 0, 92, 0, 208, 1, 1, 
49, 0, 0, 0, 94, 1, 200, 1, 1, 
50, 63, 0, 0, 70, 19, 172, 1, 1, 
Spider
1, 14, 45, 0, 0, 0, 45, 1, 1, 
2, 46, 86, 56, 0, 0, 45, 1, 1, 
3, 27, 93, 34, 0, 0, 42, 1, 1, 
4, 68, 76, 6, 0, 0, 43, 1, 1, 
5, 46, 23, 0, 0, 0, 44, 1, 1, 
6, 37, 0, 0, 0, 0, 41, 1, 1, 
7, 14, 0, 0, 0, 0, 30, 1, 1, 
8, 0, 0, 0, 0, 0, 30, 1, 1, 
9, 0, 0, 0, 0, 0, 33, 1, 1, 
10, 0, 0, 0, 0, 0, 35, 1, 1, 
11, 54, 0, 0, 0, 0, 56, 1, 1, 
12, 0, 0, 0, 0, 0, 64, 1, 1, 
13, 0, 0, 0, 0, 0, 70, 1, 1, 
14, 0, 0, 0, 0, 0, 63, 1, 1, 
15, 0, 0, 0, 0, 0, 51, 1, 1, 
16, 0, 0, 0, 0, 0, 37, 2, 2, 
17, 0, 0, 0, 0, 0, 37, 2, 2, 
18, 0, 0, 0, 0, 0, 37, 2, 2, 
19, 0, 349, 0, 6, 0, 18, 5, 6, 
20, 0, 352, 0, 23, 0, 83, 5, 6, 
21, 0, 152, 0, 50, 0, 106, 5, 6, 
22, 0, 0, 0, 53, 0, 109, 6, 6, 
23, 0, 0, 0, 34, 14, 117, 6, 7, 
24, 45, 0, 0, 6, 29, 73, 6, 7, 
25, 216, 0, 0, 0, 7, 44, 6, 7, 
26, 437, 0, 138, 0, 0, 0, 6, 7, 
27, 456, 0, 360, 0, 0, 0, 7, 7, 
28, 106, 0, 0, 1, 0, 0, 7, 7, 
29, 11, 109, 0, 0, 0, 0, 6, 7, 
30, 11, 109, 0, 0, 0, 0, 6, 7, 
31, 0, 212, 0, 0, 0, 0, 6, 6, 
32, 0, 489, 0, 0, 0, 0, 6, 7, 
33, 0, 664, 0, 0, 0, 0, 6, 6, 
34, 0, 702, 0, 10, 0, 0, 6, 6, 
35, 109, 705, 49, 13, 0, 25, 5, 5, 
36, 546, 575, 117, 27, 36, 57, 2, 3, 
37, 459, 449, 166, 49, 64, 63, 2, 2, 
38, 275, 374, 287, 49, 77, 81, 2, 2, 
39, 144, 343, 371, 38, 75, 93, 1, 2, 
40, 49, 316, 420, 25, 66, 80, 1, 2, 
41, 0, 455, 526, 0, 0, 82, 1, 1, 
42, 0, 502, 561, 0, 0, 94, 1, 1, 
43, 116, 601, 586, 0, 0, 86, 1, 1, 
44, 76, 617, 314, 0, 0, 78, 1, 1, 
45, 0, 268, 21, 0, 0, 37, 1, 1, 
46, 0, 318, 249, 0, 0, 41, 1, 1, 
47, 0, 546, 506, 0, 0, 55, 1, 1, 
48, 116, 519, 237, 0, 0, 64, 1, 1, 
49, 9, 177, 0, 0, 0, 55, 1, 1, 
50, 9, 177, 0, 0, 0, 55, 1, 1, 
Shield
1, 20, 58, 20, 0, 0, 43, 1, 1, 
2, 36, 91, 69, 0, 0, 43, 1, 1, 
3, 31, 121, 99, 0, 0, 50, 1, 1, 
4, 55, 119, 89, 0, 0, 53, 1, 1, 
5, 66, 115, 86, 0, 0, 52, 1, 1, 
6, 69, 109, 59, 0, 0, 55, 1, 2, 
7, 9, 51, 27, 0, 0, 54, 1, 2, 
8, 0, 9, 0, 0, 0, 53, 1, 2, 
9, 0, 0, 0, 0, 0, 48, 2, 2, 
10, 17, 0, 0, 0, 0, 46, 2, 2, 
11, 1, 0, 0, 0, 0, 44, 2, 2, 
12, 25, 0, 0, 0, 0, 43, 2, 2, 
13, 42, 0, 0, 0, 0, 47, 2, 2, 
14, 42, 0, 0, 0, 0, 47, 2, 2, 
15, 36, 0, 0, 0, 0, 47, 3, 3, 
16, 36, 0, 0, 0, 0, 47, 3, 3, 
17, 47, 0, 0, 0, 0, 57, 3, 3, 
18, 0, 0, 0, 0, 0, 67, 5, 5, 
19, 0, 0, 0, 0, 0, 85, 6, 7, 
20, 0, 0, 0, 0, 0, 38, 7, 9, 
21, 0, 102, 0, 0, 0, 11, 7, 8, 
22, 0, 247, 0, 0, 0, 2, 7, 8, 
23, 0, 387, 0, 0, 0, 0, 7, 8, 
24, 0, 412, 0, 0, 0, 0, 6, 7, 
25, 0, 460, 0, 0, 0, 36, 6, 7, 
26, 0, 379, 0, 0, 26, 124, 9, 9, 
27, 0, 0, 43, 50, 44, 80, 8, 10, 
28, 19, 0, 6, 68, 0, 91, 8, 9, 
29, 0, 0, 22, 39, 0, 117, 7, 8, 
30, 37, 0, 95, 11, 0, 118, 5, 6, 
31, 101, 0, 349, 0, 30, 72, 4, 4, 
32, 0, 0, 470, 0, 2, 55, 3, 4, 
33, 0, 0, 599, 0, 0, 29, 3, 3, 
34, 129, 0, 774, 0, 0, 0, 2, 2, 
35, 69, 0, 844, 0, 0, 0, 1, 1, 
36, 60, 38, 642, 0, 0, 0, 1, 1, 
37, 0, 122, 725, 0, 0, 20, 1, 1, 
38, 99, 210, 580, 0, 0, 29, 1, 1, 
39, 64, 178, 349, 0, 0, 23, 1, 1, 
40, 3, 170, 227, 0, 0, 25, 1, 1, 
41, 0, 142, 0, 0, 0, 39, 1, 1, 
42, 0, 63, 0, 0, 0, 48, 1, 1, 
43, 0, 30, 0, 0, 0, 49, 1, 1, 
44, 0, 5, 0, 0, 0, 45, 1, 1, 
45, 95, 11, 0, 0, 0, 43, 1, 1, 
46, 107, 0, 0, 0, 0, 39, 1, 1, 
47, 127, 0, 0, 0, 0, 36, 1, 1, 
48, 178, 0, 0, 0, 0, 24, 1, 1, 
49, 199, 0, 0, 0, 0, 19, 1, 1, 
50, 210, 13, 0, 0, 0, 19, 1, 1, 
Nothing
1, 0, 45, 46, 0, 0, 57, 1, 1, 
2, 0, 3, 0, 0, 0, 55, 1, 1, 
3, 0, 0, 0, 0, 0, 52, 1, 1, 
4, 24, 0, 0, 0, 0, 46, 1, 1, 
5, 58, 0, 0, 0, 0, 44, 1, 1, 
6, 59, 0, 0, 0, 0, 41, 1, 1, 
7, 50, 0, 0, 0, 0, 39, 1, 1, 
8, 16, 0, 0, 0, 0, 32, 1, 1, 
9, 0, 0, 0, 0, 0, 28, 1, 1, 
10, 0, 0, 0, 0, 0, 31, 1, 1, 
11, 2, 0, 0, 0, 0, 33, 1, 1, 
12, 0, 0, 0, 0, 0, 27, 1, 1, 
13, 0, 14, 26, 0, 0, 22, 1, 1, 
14, 0, 56, 100, 0, 0, 24, 1, 1, 
15, 0, 91, 159, 0, 0, 30, 1, 1, 
16, 0, 69, 179, 0, 0, 28, 1, 1, 
17, 0, 67, 179, 0, 0, 26, 1, 1, 
18, 0, 70, 159, 0, 0, 26, 1, 1, 
19, 0, 61, 99, 0, 0, 28, 1, 1, 
20, 18, 99, 96, 0, 0, 40, 1, 1, 
21, 74, 96, 92, 0, 0, 41, 1, 1, 
22, 93, 79, 81, 0, 0, 46, 1, 1, 
23, 111, 55, 57, 0, 0, 48, 1, 1, 
24, 111, 55, 57, 0, 0, 48, 1, 1, 
25, 62, 0, 0, 0, 0, 38, 1, 1, 
26, 68, 0, 0, 0, 0, 33, 1, 1, 
27, 93, 0, 0, 0, 0, 27, 1, 1, 
28, 118, 0, 0, 0, 0, 20, 1, 1, 
29, 109, 0, 0, 0, 0, 16, 1, 1, 
30, 100, 0, 0, 0, 0, 15, 1, 1, 
31, 69, 0, 0, 0, 0, 15, 1, 1, 
32, 44, 0, 0, 0, 0, 17, 1, 1, 
33, 13, 0, 0, 0, 0, 18, 1, 1, 
34, 19, 38, 0, 0, 0, 21, 1, 1, 
35, 21, 64, 0, 0, 0, 24, 1, 1, 
36, 0, 72, 0, 0, 0, 24, 1, 1, 
37, 0, 114, 116, 0, 0, 30, 1, 1, 
38, 0, 126, 161, 0, 0, 31, 1, 1, 
39, 0, 128, 190, 0, 0, 33, 1, 1, 
40, 0, 127, 201, 0, 0, 35, 1, 1, 
41, 0, 110, 186, 0, 0, 36, 1, 1, 
42, 0, 106, 160, 0, 0, 43, 1, 1, 
43, 45, 104, 126, 0, 0, 52, 1, 1, 
44, 119, 41, 73, 0, 0, 54, 1, 1, 
45, 30, 0, 0, 0, 0, 40, 1, 1, 
46, 0, 0, 0, 0, 0, 34, 1, 1, 
47, 0, 0, 0, 0, 0, 29, 1, 1, 
48, 0, 0, 0, 0, 0, 29, 1, 1, 
49, 4, 0, 0, 0, 0, 35, 1, 1, 
50, 84, 0, 0, 0, 0, 32, 1, 1, 
Thor
1, 54, 0, 0, 0, 0, 104, 4, 4, 
2, 0, 0, 0, 0, 0, 89, 4, 4, 
3, 49, 0, 0, 0, 0, 64, 4, 4, 
4, 70, 0, 0, 0, 0, 33, 4, 4, 
5, 13, 0, 0, 18, 0, 45, 4, 4, 
6, 69, 0, 0, 33, 0, 54, 4, 4, 
7, 30, 0, 8, 37, 0, 57, 5, 4, 
8, 0, 36, 13, 38, 0, 53, 3, 3, 
9, 0, 36, 13, 38, 0, 53, 3, 3, 
10, 0, 142, 120, 6, 1, 48, 2, 3, 
11, 0, 173, 196, 0, 0, 47, 2, 2, 
12, 0, 256, 325, 0, 0, 61, 2, 2, 
13, 0, 256, 325, 0, 0, 61, 2, 2, 
14, 0, 329, 386, 0, 0, 84, 1, 2, 
15, 174, 358, 347, 0, 0, 95, 1, 1, 
16, 40, 217, 129, 0, 0, 90, 1, 1, 
17, 21, 41, 0, 0, 0, 93, 1, 1, 
18, 21, 41, 0, 0, 0, 93, 1, 1, 
19, 46, 0, 0, 0, 0, 118, 2, 2, 
20, 0, 0, 0, 0, 0, 146, 3, 3, 
21, 0, 0, 0, 0, 0, 165, 4, 4, 
22, 0, 0, 0, 0, 0, 165, 4, 4, 
23, 72, 0, 113, 0, 143, 0, 4, 4, 
24, 370, 0, 873, 0, 0, 0, 4, 5, 
25, 0, 272, 79, 0, 0, 0, 4, 5, 
26, 320, 873, 86, 0, 0, 0, 4, 4, 
27, 235, 873, 0, 0, 0, 117, 3, 3, 
28, 590, 556, 0, 0, 0, 194, 3, 3, 
29, 0, 0, 0, 0, 59, 120, 2, 3, 
30, 0, 0, 0, 0, 63, 85, 2, 3, 
31, 3, 0, 72, 0, 70, 0, 2, 3, 
32, 0, 0, 287, 0, 29, 0, 2, 3, 
33, 0, 0, 544, 0, 0, 0, 2, 3, 
34, 0, 0, 544, 0, 0, 0, 2, 3, 
35, 0, 0, 873, 0, 0, 0, 2, 2, 
36, 0, 449, 443, 0, 0, 0, 1, 1, 
37, 0, 873, 171, 0, 0, 0, 0, 0, 
38, 0, 757, 40, 0, 0, 0, 0, 0, 
39, 252, 696, 0, 0, 0, 0, 0, 0, 
40, 252, 696, 0, 0, 0, 0, 0, 0, 
41, 117, 580, 0, 0, 0, 0, 0, 0, 
42, 111, 331, 0, 0, 0, 7, 0, 0, 
43, 79, 304, 0, 0, 0, 12, 0, 0, 
44, 121, 241, 0, 6, 0, 27, 0, 0, 
45, 64, 54, 0, 40, 0, 32, 0, 1, 
46, 13, 9, 2, 41, 0, 27, 0, 1, 
47, 38, 0, 40, 40, 0, 29, 0, 1, 
48, 53, 0, 88, 34, 0, 28, 1, 1, 
49, 49, 0, 154, 20, 0, 27, 1, 1, 
50, 68, 0, 238, 0, 0, 27, 1, 1, 
Spear
1, 26, 3, 0, 0, 0, 46, 1, 1, 
2, 45, 0, 0, 0, 0, 50, 1, 1, 
3, 13, 0, 0, 0, 0, 45, 1, 1, 
4, 0, 0, 7, 0, 0, 43, 1, 1, 
5, 0, 0, 28, 0, 0, 43, 1, 1, 
6, 26, 22, 43, 0, 0, 43, 1, 1, 
7, 17, 19, 41, 0, 0, 41, 1, 1, 
8, 0, 19, 38, 0, 0, 43, 1, 1, 
9, 0, 6, 14, 0, 0, 47, 1, 1, 
10, 0, 0, 0, 0, 0, 51, 1, 1, 
11, 0, 0, 0, 0, 0, 51, 1, 1, 
12, 0, 0, 0, 0, 0, 70, 1, 2, 
13, 0, 0, 0, 0, 0, 63, 1, 2, 
14, 0, 0, 0, 0, 0, 62, 2, 2, 
15, 0, 0, 0, 0, 0, 62, 2, 2, 
16, 0, 0, 0, 0, 0, 55, 3, 3, 
17, 50, 0, 0, 0, 0, 53, 3, 3, 
18, 21, 0, 0, 0, 0, 38, 3, 4, 
19, 20, 0, 0, 0, 0, 21, 4, 4, 
20, 235, 22, 0, 0, 50, 10, 5, 6, 
21, 0, 0, 0, 0, 124, 0, 5, 6, 
22, 0, 0, 67, 0, 157, 9, 5, 6, 
23, 0, 103, 574, 0, 79, 23, 5, 5, 
24, 0, 59, 553, 0, 0, 92, 5, 5, 
25, 46, 83, 685, 0, 0, 119, 5, 5, 
26, 42, 0, 344, 115, 0, 83, 5, 5, 
27, 0, 15, 0, 85, 0, 68, 5, 5, 
28, 0, 19, 0, 21, 0, 55, 4, 5, 
29, 55, 138, 0, 0, 0, 57, 4, 5, 
30, 55, 138, 0, 0, 0, 57, 4, 5, 
31, 29, 0, 15, 0, 169, 27, 5, 5, 
32, 42, 52, 574, 0, 114, 0, 5, 5, 
33, 164, 222, 709, 0, 0, 83, 4, 5, 
34, 129, 210, 506, 23, 0, 91, 4, 5, 
35, 0, 0, 0, 143, 0, 131, 4, 4, 
36, 0, 0, 0, 77, 0, 107, 4, 4, 
37, 168, 0, 0, 0, 0, 52, 4, 4, 
38, 222, 0, 0, 0, 0, 25, 4, 5, 
39, 256, 0, 0, 0, 13, 21, 4, 5, 
40, 235, 0, 0, 0, 112, 0, 4, 5, 
41, 90, 9, 0, 30, 170, 15, 4, 5, 
42, 0, 23, 121, 26, 162, 22, 4, 4, 
43, 0, 23, 121, 26, 162, 22, 4, 4, 
44, 0, 195, 762, 13, 23, 0, 1, 1, 
45, 0, 7, 452, 0, 0, 53, 0, 0, 
46, 127, 42, 406, 9, 0, 74, 0, 0, 
47, 0, 43, 192, 28, 0, 83, 0, 0, 
48, 75, 0, 42, 38, 0, 82, 0, 0, 
49, 93, 0, 9, 50, 0, 66, 0, 0, 
50, 0, 17, 39, 51, 0, 71, 0, 0, 
Grenade
1, 16, 37, 18, 0, 0, 47, 1, 1, 
2, 54, 50, 32, 0, 0, 49, 1, 1, 
3, 50, 8, 55, 0, 0, 55, 1, 1, 
4, 11, 0, 73, 0, 0, 50, 1, 1, 
5, 0, 28, 67, 0, 0, 57, 1, 1, 
6, 0, 23, 35, 0, 0, 63, 1, 1, 
7, 0, 8, 13, 0, 0, 63, 1, 1, 
8, 0, 0, 0, 0, 0, 72, 1, 1, 
9, 0, 0, 0, 0, 0, 75, 1, 1, 
10, 0, 0, 0, 0, 0, 83, 1, 1, 
11, 0, 0, 0, 0, 0, 100, 1, 1, 
12, 0, 0, 0, 0, 0, 123, 1, 1, 
13, 0, 0, 0, 0, 0, 115, 2, 2, 
14, 0, 0, 0, 0, 0, 115, 2, 2, 
15, 0, 0, 0, 0, 0, 115, 2, 2, 
16, 1, 0, 0, 0, 0, 60, 4, 4, 
17, 86, 0, 0, 0, 0, 25, 5, 6, 
18, 86, 0, 0, 0, 0, 25, 5, 6, 
19, 96, 0, 0, 0, 30, 0, 7, 7, 
20, 0, 0, 0, 0, 138, 0, 6, 7, 
21, 0, 0, 200, 0, 222, 10, 6, 7, 
22, 0, 51, 556, 0, 167, 27, 6, 6, 
23, 0, 92, 757, 0, 109, 40, 5, 6, 
24, 0, 92, 757, 0, 109, 40, 5, 6, 
25, 0, 91, 873, 0, 0, 10, 1, 1, 
26, 404, 0, 408, 37, 0, 65, 0, 0, 
27, 178, 0, 213, 54, 0, 61, 0, 0, 
28, 0, 37, 138, 51, 0, 63, 0, 0, 
29, 0, 89, 151, 38, 0, 82, 0, 0, 
30, 0, 48, 117, 36, 0, 83, 0, 0, 
31, 0, 16, 121, 32, 0, 63, 0, 0, 
32, 0, 65, 145, 26, 0, 54, 0, 1, 
33, 0, 67, 124, 13, 0, 44, 1, 1, 
34, 0, 85, 129, 0, 0, 29, 1, 1, 
35, 0, 126, 124, 0, 0, 20, 1, 1, 
36, 71, 193, 144, 0, 0, 20, 1, 1, 
37, 125, 521, 142, 0, 0, 36, 1, 1, 
38, 60, 550, 158, 0, 0, 78, 1, 1, 
39, 10, 421, 46, 0, 0, 84, 1, 1, 
40, 10, 421, 46, 0, 0, 84, 1, 1, 
41, 10, 421, 46, 0, 0, 84, 1, 1, 
42, 0, 102, 364, 0, 0, 84, 1, 1, 
43, 0, 24, 437, 0, 0, 57, 1, 1, 
44, 0, 40, 463, 0, 0, 60, 1, 1, 
45, 5, 130, 319, 0, 0, 58, 1, 1, 
46, 192, 97, 168, 0, 0, 54, 1, 1, 
47, 154, 46, 104, 0, 0, 45, 1, 1, 
48, 0, 0, 0, 0, 0, 38, 1, 1, 
49, 0, 0, 0, 0, 0, 30, 1, 1, 
50, 0, 0, 0, 0, 0, 24, 1, 1, 
Reload
1, 57, 64, 23, 0, 0, 42, 1, 1, 
2, 50, 48, 12, 0, 0, 42, 1, 1, 
3, 20, 23, 0, 0, 0, 39, 1, 1, 
4, 19, 29, 0, 0, 0, 36, 1, 1, 
5, 4, 37, 0, 0, 0, 41, 1, 1, 
6, 18, 0, 0, 0, 0, 55, 1, 1, 
7, 18, 0, 0, 0, 0, 55, 1, 1, 
8, 0, 0, 0, 0, 0, 39, 1, 1, 
9, 0, 0, 0, 0, 0, 49, 1, 1, 
10, 0, 0, 0, 0, 0, 42, 1, 1, 
11, 0, 0, 0, 0, 0, 45, 1, 1, 
12, 0, 0, 0, 0, 0, 47, 1, 1, 
13, 2, 0, 0, 0, 0, 44, 1, 1, 
14, 0, 0, 0, 0, 0, 46, 1, 1, 
15, 0, 0, 0, 0, 0, 46, 1, 1, 
16, 25, 0, 0, 0, 0, 45, 1, 1, 
17, 52, 0, 0, 0, 0, 44, 1, 1, 
18, 68, 0, 0, 0, 0, 53, 1, 1, 
19, 167, 0, 0, 0, 0, 54, 1, 1, 
20, 186, 0, 0, 0, 0, 77, 1, 1, 
21, 152, 0, 0, 0, 0, 86, 1, 1, 
22, 222, 0, 0, 0, 0, 75, 1, 1, 
23, 193, 0, 0, 0, 56, 32, 1, 1, 
24, 196, 3, 0, 0, 116, 28, 1, 1, 
25, 139, 175, 83, 0, 153, 3, 1, 2, 
26, 0, 156, 400, 0, 63, 53, 1, 1, 
27, 0, 130, 549, 0, 24, 71, 1, 1, 
28, 0, 51, 715, 0, 0, 147, 1, 1, 
29, 238, 205, 576, 0, 0, 200, 1, 1, 
30, 0, 0, 336, 0, 0, 183, 1, 1, 
31, 0, 0, 149, 18, 0, 142, 1, 1, 
32, 0, 0, 38, 10, 0, 101, 1, 1, 
33, 14, 0, 13, 0, 0, 81, 1, 1, 
34, 0, 0, 29, 0, 0, 69, 1, 1, 
35, 0, 42, 85, 0, 0, 46, 1, 1, 
36, 0, 107, 135, 0, 0, 29, 1, 1, 
37, 0, 266, 290, 0, 0, 17, 1, 1, 
38, 0, 383, 443, 0, 0, 22, 1, 1, 
39, 0, 455, 552, 0, 0, 32, 1, 1, 
40, 43, 406, 492, 0, 0, 27, 1, 1, 
41, 0, 79, 0, 0, 0, 95, 1, 1, 
42, 0, 0, 0, 0, 0, 121, 1, 1, 
43, 62, 0, 0, 0, 0, 62, 1, 1, 
44, 579, 31, 0, 0, 0, 17, 1, 1, 
45, 175, 47, 178, 0, 0, 13, 1, 1, 
46, 114, 51, 127, 0, 0, 26, 1, 1, 
47, 186, 7, 48, 0, 0, 26, 1, 1, 
48, 190, 0, 18, 0, 0, 20, 1, 1, 
49, 117, 0, 0, 0, 0, 18, 1, 1, 
50, 38, 0, 0, 0, 0, 20, 1, 1, 
Punch
1, 0, 0, 0, 0, 0, 46, 1, 1, 
2, 0, 0, 0, 0, 0, 47, 1, 1, 
3, 0, 0, 0, 0, 0, 52, 1, 1, 
4, 0, 0, 0, 0, 0, 53, 1, 1, 
5, 13, 15, 1, 0, 0, 53, 1, 1, 
6, 93, 46, 1, 0, 0, 53, 1, 1, 
7, 103, 59, 6, 0, 0, 51, 1, 1, 
8, 104, 69, 3, 0, 0, 54, 1, 1, 
9, 99, 57, 0, 0, 0, 57, 1, 1, 
10, 109, 7, 0, 0, 0, 75, 1, 1, 
11, 93, 0, 0, 0, 0, 84, 1, 1, 
12, 0, 0, 0, 0, 0, 110, 1, 1, 
13, 130, 0, 0, 0, 0, 108, 1, 2, 
14, 83, 0, 0, 0, 0, 102, 2, 2, 
15, 113, 0, 0, 0, 0, 115, 2, 2, 
16, 204, 0, 0, 0, 0, 98, 3, 3, 
17, 144, 0, 0, 0, 0, 109, 4, 4, 
18, 137, 0, 0, 0, 0, 123, 5, 5, 
19, 284, 0, 0, 3, 0, 91, 5, 6, 
20, 269, 0, 0, 130, 102, 0, 6, 7, 
21, 388, 118, 0, 163, 84, 0, 6, 6, 
22, 73, 84, 0, 145, 98, 0, 6, 6, 
23, 93, 232, 155, 81, 58, 4, 5, 6, 
24, 124, 429, 197, 0, 23, 29, 5, 6, 
25, 32, 463, 186, 0, 11, 31, 5, 6, 
26, 262, 760, 368, 0, 0, 274, 5, 5, 
27, 0, 26, 99, 0, 0, 201, 4, 5, 
28, 0, 0, 0, 0, 0, 172, 4, 4, 
29, 0, 0, 0, 0, 0, 102, 2, 2, 
30, 0, 0, 0, 0, 0, 102, 2, 2, 
31, 15, 0, 0, 6, 33, 125, 1, 1, 
32, 0, 0, 0, 30, 45, 120, 1, 1, 
33, 48, 0, 0, 80, 52, 105, 1, 1, 
34, 50, 0, 0, 133, 98, 68, 1, 1, 
35, 0, 0, 0, 116, 130, 18, 1, 2, 
36, 0, 101, 221, 96, 36, 57, 1, 1, 
37, 0, 197, 158, 75, 4, 80, 1, 1, 
38, 0, 6, 87, 52, 0, 62, 1, 1, 
39, 0, 40, 137, 45, 7, 39, 1, 2, 
40, 0, 85, 170, 22, 22, 20, 1, 2, 
41, 0, 240, 350, 0, 0, 42, 1, 2, 
42, 0, 464, 449, 0, 1, 51, 1, 1, 
43, 0, 359, 506, 0, 0, 40, 1, 2, 
44, 0, 239, 701, 0, 0, 0, 1, 1, 
45, 0, 609, 873, 0, 0, 136, 1, 1, 
46, 59, 210, 106, 0, 0, 38, 1, 1, 
47, 0, 0, 0, 0, 0, 34, 1, 1, 
48, 0, 0, 0, 0, 0, 20, 1, 1, 
49, 0, 163, 0, 0, 0, 72, 1, 1, 
50, 0, 223, 0, 0, 0, 104, 1, 1, 
Nothing
1, 9, 43, 0, 0, 0, 38, 1, 1, 
2, 0, 26, 0, 0, 0, 41, 1, 1, 
3, 0, 0, 0, 0, 0, 46, 1, 1, 
4, 0, 0, 0, 0, 0, 50, 1, 1, 
5, 39, 0, 0, 0, 0, 48, 1, 1, 
6, 89, 0, 0, 0, 0, 46, 1, 1, 
7, 140, 0, 0, 0, 0, 47, 1, 1, 
8, 218, 9, 0, 0, 0, 46, 1, 1, 
9, 197, 77, 13, 0, 0, 40, 1, 1, 
10, 197, 77, 13, 0, 0, 40, 1, 1, 
11, 0, 166, 138, 0, 0, 40, 1, 1, 
12, 0, 210, 230, 0, 0, 38, 1, 1, 
13, 17, 280, 395, 0, 0, 51, 1, 1, 
14, 133, 265, 348, 0, 0, 52, 1, 1, 
15, 80, 151, 198, 0, 0, 40, 1, 1, 
16, 0, 31, 32, 0, 0, 38, 1, 1, 
17, 0, 0, 0, 0, 0, 41, 1, 1, 
18, 0, 0, 0, 0, 0, 42, 1, 1, 
19, 0, 0, 0, 0, 0, 34, 1, 1, 
20, 0, 0, 0, 0, 0, 26, 1, 1, 
21, 0, 0, 0, 0, 0, 28, 1, 1, 
22, 0, 0, 0, 0, 0, 28, 1, 1, 
23, 3, 0, 0, 0, 0, 29, 1, 1, 
24, 60, 8, 0, 0, 0, 29, 1, 1, 
25, 48, 11, 0, 0, 0, 30, 1, 1, 
26, 24, 14, 0, 0, 0, 31, 1, 1, 
27, 12, 19, 0, 0, 0, 35, 1, 1, 
28, 22, 23, 0, 0, 0, 36, 1, 1, 
29, 34, 33, 7, 0, 0, 38, 1, 1, 
30, 18, 25, 32, 0, 0, 39, 1, 1, 
31, 8, 16, 43, 0, 0, 39, 1, 1, 
32, 0, 7, 50, 0, 0, 38, 1, 1, 
33, 0, 0, 42, 0, 0, 36, 1, 1, 
34, 0, 0, 29, 0, 0, 36, 1, 1, 
35, 0, 0, 18, 0, 0, 36, 1, 1, 
36, 5, 0, 3, 0, 0, 37, 1, 1, 
37, 0, 0, 0, 0, 0, 35, 1, 1, 
38, 0, 0, 0, 0, 0, 33, 1, 1, 
39, 0, 0, 0, 0, 0, 35, 1, 1, 
40, 0, 1, 0, 0, 0, 37, 1, 1, 
41, 0, 0, 0, 0, 0, 39, 1, 1, 
42, 0, 1, 0, 0, 0, 42, 1, 1, 
43, 0, 0, 0, 0, 0, 44, 1, 1, 
44, 0, 0, 0, 0, 0, 43, 1, 1, 
45, 0, 0, 2, 0, 0, 38, 1, 1, 
46, 0, 0, 0, 0, 0, 60, 1, 2, 
47, 0, 0, 0, 0, 0, 35, 1, 2, 
48, 0, 39, 0, 0, 0, 47, 1, 1, 
49, 65, 56, 0, 0, 0, 55, 1, 1, 
50, 99, 41, 0, 0, 0, 50, 1, 1, 
Strange
1, 0, 0, 0, 0, 0, 34, 1, 1, 
2, 0, 44, 0, 0, 0, 36, 1, 1, 
3, 0, 106, 0, 0, 0, 39, 1, 1, 
4, 48, 51, 1, 0, 0, 44, 1, 1, 
5, 37, 17, 0, 0, 0, 42, 1, 1, 
6, 15, 9, 0, 0, 0, 47, 1, 1, 
7, 0, 0, 0, 0, 0, 51, 1, 1, 
8, 0, 0, 0, 0, 0, 49, 1, 1, 
9, 0, 7, 0, 0, 0, 51, 1, 1, 
10, 24, 14, 1, 0, 0, 53, 1, 1, 
11, 184, 0, 78, 0, 0, 62, 1, 1, 
12, 306, 0, 75, 0, 0, 65, 1, 1, 
13, 185, 0, 3, 0, 0, 91, 1, 1, 
14, 126, 0, 0, 0, 0, 111, 1, 1, 
15, 174, 0, 0, 0, 0, 142, 1, 1, 
16, 154, 0, 0, 0, 0, 165, 0, 1, 
17, 127, 0, 0, 0, 0, 172, 0, 1, 
18, 192, 0, 0, 0, 0, 209, 0, 0, 
19, 246, 0, 0, 0, 0, 225, 0, 0, 
20, 219, 0, 0, 0, 19, 183, 0, 0, 
21, 109, 0, 81, 0, 65, 109, 0, 0, 
22, 125, 0, 152, 0, 53, 73, 0, 0, 
23, 157, 0, 212, 0, 37, 31, 0, 1, 
24, 104, 0, 239, 0, 13, 13, 0, 1, 
25, 116, 10, 213, 0, 0, 12, 0, 1, 
26, 113, 101, 183, 0, 0, 12, 0, 1, 
27, 56, 173, 190, 2, 0, 12, 1, 1, 
28, 63, 318, 169, 17, 0, 47, 0, 1, 
29, 0, 277, 1, 84, 0, 144, 0, 1, 
30, 0, 268, 0, 104, 0, 210, 0, 1, 
31, 0, 102, 0, 104, 0, 261, 0, 1, 
32, 2, 0, 0, 86, 0, 252, 0, 1, 
33, 60, 0, 0, 58, 29, 223, 0, 1, 
34, 89, 0, 0, 33, 86, 178, 0, 1, 
35, 4, 0, 0, 36, 100, 121, 0, 1, 
36, 6, 0, 56, 18, 77, 104, 0, 1, 
37, 112, 0, 108, 9, 54, 54, 0, 1, 
38, 128, 0, 144, 7, 22, 23, 1, 1, 
39, 142, 28, 159, 9, 15, 12, 1, 1, 
40, 91, 109, 209, 11, 0, 11, 1, 1, 
41, 62, 204, 224, 16, 0, 24, 1, 1, 
42, 64, 307, 169, 33, 0, 65, 1, 1, 
43, 3, 305, 114, 51, 0, 96, 1, 1, 
44, 0, 295, 67, 63, 0, 126, 1, 1, 
45, 0, 327, 0, 58, 0, 124, 1, 1, 
46, 0, 442, 0, 28, 0, 109, 1, 1, 
47, 0, 634, 0, 0, 0, 83, 1, 1, 
48, 0, 700, 0, 0, 0, 91, 1, 1, 
49, 0, 718, 71, 0, 0, 65, 1, 1, 
50, 0, 571, 111, 0, 0, 82, 1, 1, 
Spider
1, 5, 52, 7, 0, 0, 42, 1, 1, 
2, 10, 50, 0, 0, 0, 42, 1, 1, 
3, 16, 28, 0, 0, 0, 52, 1, 1, 
4, 43, 0, 0, 0, 0, 46, 1, 1, 
5, 18, 0, 0, 0, 0, 37, 1, 1, 
6, 0, 0, 0, 0, 0, 39, 1, 1, 
7, 0, 0, 0, 0, 0, 37, 1, 1, 
8, 3, 0, 0, 0, 0, 34, 1, 1, 
9, 0, 0, 0, 0, 0, 33, 1, 1, 
10, 11, 0, 0, 0, 0, 40, 1, 1, 
11, 57, 0, 0, 0, 0, 45, 1, 1, 
12, 110, 0, 0, 0, 0, 62, 2, 2, 
13, 235, 0, 0, 0, 0, 64, 3, 3, 
14, 97, 0, 0, 0, 0, 63, 3, 4, 
15, 0, 0, 0, 0, 0, 74, 4, 4, 
16, 0, 0, 0, 0, 0, 67, 5, 5, 
17, 0, 0, 0, 0, 0, 75, 5, 5, 
18, 0, 0, 0, 0, 0, 58, 6, 7, 
19, 0, 56, 0, 0, 0, 32, 6, 7, 
20, 0, 204, 0, 0, 0, 58, 6, 7, 
21, 0, 34, 0, 22, 0, 107, 6, 6, 
22, 0, 0, 0, 43, 10, 119, 6, 6, 
23, 0, 0, 0, 22, 2, 85, 5, 6, 
24, 105, 0, 0, 0, 10, 47, 6, 7, 
25, 186, 0, 0, 0, 0, 7, 6, 7, 
26, 312, 0, 169, 0, 0, 0, 6, 7, 
27, 485, 0, 131, 0, 0, 0, 7, 8, 
28, 216, 0, 0, 20, 0, 0, 7, 8, 
29, 0, 44, 99, 15, 0, 0, 7, 7, 
30, 0, 44, 99, 15, 0, 0, 7, 7, 
31, 0, 68, 0, 15, 0, 0, 7, 7, 
32, 0, 138, 0, 19, 0, 0, 7, 7, 
33, 0, 316, 0, 19, 0, 0, 7, 7, 
34, 0, 477, 0, 7, 0, 0, 7, 7, 
35, 0, 566, 0, 7, 0, 0, 7, 7, 
36, 0, 603, 0, 26, 0, 0, 7, 7, 
37, 114, 522, 0, 41, 0, 53, 6, 7, 
38, 194, 478, 47, 36, 7, 75, 6, 7, 
39, 350, 378, 154, 30, 32, 92, 6, 6, 
40, 350, 227, 348, 40, 63, 96, 4, 4, 
41, 283, 249, 516, 22, 66, 95, 3, 3, 
42, 69, 218, 587, 1, 73, 81, 2, 2, 
43, 0, 167, 676, 0, 23, 76, 1, 2, 
44, 0, 174, 747, 0, 0, 60, 1, 1, 
45, 207, 362, 768, 0, 0, 66, 1, 1, 
46, 0, 531, 192, 0, 0, 42, 1, 1, 
47, 0, 292, 221, 0, 0, 13, 1, 1, 
48, 0, 190, 421, 0, 0, 50, 1, 1, 
49, 0, 0, 0, 0, 0, 202, 1, 1, 
50, 141, 0, 0, 0, 0, 0, 1, 1, 
Shield
1, 4, 2, 0, 0, 0, 32, 1, 1, 
2, 5, 0, 0, 0, 0, 30, 1, 1, 
3, 12, 0, 0, 0, 0, 29, 1, 1, 
4, 8, 0, 0, 0, 0, 26, 1, 1, 
5, 6, 0, 0, 0, 0, 25, 1, 1, 
6, 0, 0, 0, 0, 0, 23, 1, 1, 
7, 0, 0, 0, 0, 0, 21, 1, 1, 
8, 0, 0, 0, 0, 0, 22, 1, 1, 
9, 0, 1, 0, 0, 0, 23, 1, 1, 
10, 0, 16, 0, 0, 0, 24, 1, 1, 
11, 18, 35, 0, 0, 0, 29, 1, 1, 
12, 18, 35, 0, 0, 0, 29, 1, 1, 
13, 0, 0, 0, 0, 0, 60, 1, 1, 
14, 42, 0, 0, 0, 0, 59, 1, 1, 
15, 50, 0, 0, 0, 0, 51, 1, 1, 
16, 50, 0, 0, 0, 0, 51, 1, 1, 
17, 0, 0, 0, 0, 0, 0, 1, 1, 
18, 0, 140, 0, 0, 0, 0, 2, 2, 
19, 0, 294, 0, 0, 0, 0, 2, 2, 
20, 0, 363, 0, 0, 0, 0, 2, 2, 
21, 0, 554, 0, 0, 0, 53, 2, 2, 
22, 0, 554, 0, 0, 0, 53, 2, 2, 
23, 471, 31, 40, 11, 0, 214, 3, 3, 
24, 0, 0, 22, 62, 21, 67, 3, 3, 
25, 0, 0, 18, 91, 0, 63, 2, 3, 
26, 20, 0, 0, 100, 0, 75, 2, 3, 
27, 15, 1, 0, 86, 0, 71, 2, 3, 
28, 0, 0, 6, 91, 0, 82, 2, 2, 
29, 39, 54, 1, 78, 0, 96, 2, 2, 
30, 57, 2, 16, 34, 2, 95, 2, 2, 
31, 14, 0, 177, 0, 11, 98, 2, 2, 
32, 0, 0, 362, 0, 0, 72, 2, 2, 
33, 3, 0, 471, 0, 0, 25, 2, 2, 
34, 0, 0, 524, 0, 0, 0, 2, 2, 
35, 293, 0, 626, 0, 0, 0, 2, 2, 
36, 306, 0, 834, 0, 0, 0, 2, 2, 
37, 24, 0, 835, 0, 0, 0, 2, 2, 
38, 186, 0, 480, 0, 0, 18, 1, 2, 
39, 0, 0, 376, 0, 0, 17, 1, 2, 
40, 0, 0, 376, 0, 0, 17, 1, 2, 
41, 0, 10, 99, 0, 0, 27, 1, 2, 
42, 107, 130, 40, 0, 0, 31, 1, 2, 
43, 156, 193, 11, 0, 0, 29, 1, 2, 
44, 199, 219, 10, 0, 0, 28, 1, 1, 
45, 284, 153, 0, 0, 0, 37, 1, 1, 
46, 6, 0, 0, 0, 0, 25, 1, 1, 
47, 172, 0, 0, 0, 0, 33, 1, 2, 
48, 71, 20, 0, 0, 0, 38, 1, 1, 
49, 16, 58, 0, 0, 0, 38, 1, 1, 
50, 83, 36, 0, 0, 0, 46, 1, 1, 
Nothing
1, 95, 55, 0, 0, 0, 29, 1, 1, 
2, 24, 43, 0, 0, 0, 27, 1, 1, 
3, 0, 39, 0, 0, 0, 28, 1, 1, 
4, 0, 48, 40, 0, 0, 25, 1, 1, 
5, 0, 89, 88, 0, 0, 27, 1, 1, 
6, 0, 106, 112, 0, 0, 32, 1, 1, 
7, 53, 127, 153, 0, 0, 35, 1, 1, 
8, 0, 114, 141, 0, 0, 35, 1, 1, 
9, 0, 114, 141, 0, 0, 35, 1, 1, 
10, 51, 11, 30, 0, 0, 24, 1, 1, 
11, 0, 0, 0, 0, 0, 28, 1, 1, 
12, 0, 0, 0, 0, 0, 24, 1, 1, 
13, 0, 0, 0, 0, 0, 24, 1, 1, 
14, 51, 0, 0, 0, 0, 25, 1, 1, 
15, 142, 0, 0, 0, 0, 23, 1, 1, 
16, 132, 0, 0, 0, 0, 21, 1, 1, 
17, 132, 0, 0, 0, 0, 21, 1, 1, 
18, 98, 0, 4, 0, 0, 23, 1, 1, 
19, 98, 0, 4, 0, 0, 23, 1, 1, 
20, 122, 13, 19, 0, 0, 14, 1, 1, 
21, 96, 41, 0, 0, 0, 14, 1, 1, 
22, 96, 41, 0, 0, 0, 14, 1, 1, 
23, 211, 108, 0, 0, 0, 21, 1, 1, 
24, 302, 117, 0, 0, 0, 20, 1, 1, 
25, 273, 96, 0, 0, 0, 21, 1, 1, 
26, 257, 93, 0, 0, 0, 31, 1, 1, 
27, 188, 62, 0, 0, 0, 47, 1, 1, 
28, 188, 62, 0, 0, 0, 47, 1, 1, 
29, 206, 0, 0, 0, 0, 37, 1, 1, 
30, 154, 0, 0, 0, 0, 33, 1, 1, 
31, 95, 0, 0, 0, 0, 33, 1, 1, 
32, 45, 0, 0, 0, 5, 33, 1, 1, 
33, 0, 0, 177, 0, 3, 27, 1, 1, 
34, 0, 0, 255, 0, 0, 24, 1, 1, 
35, 0, 0, 364, 0, 0, 17, 1, 1, 
36, 0, 0, 447, 0, 0, 17, 1, 1, 
37, 0, 16, 529, 0, 0, 14, 1, 1, 
38, 0, 11, 521, 0, 0, 12, 1, 1, 
39, 0, 1, 388, 0, 0, 9, 1, 1, 
40, 0, 0, 154, 0, 0, 0, 1, 1, 
41, 0, 0, 85, 0, 0, 0, 1, 1, 
42, 0, 0, 43, 0, 0, 3, 1, 1, 
43, 0, 0, 43, 0, 0, 3, 1, 1, 
44, 0, 0, 92, 0, 0, 0, 1, 1, 
45, 0, 0, 132, 0, 0, 0, 1, 1, 
46, 0, 58, 129, 0, 0, 0, 1, 1, 
47, 0, 176, 58, 0, 0, 2, 1, 1, 
48, 0, 219, 0, 0, 0, 9, 1, 1, 
49, 0, 243, 0, 0, 0, 14, 1, 1, 
50, 0, 314, 0, 0, 0, 26, 1, 1, 
Thor
1, 0, 3, 0, 0, 0, 37, 1, 1, 
2, 1, 45, 0, 0, 0, 36, 1, 1, 
3, 18, 71, 2, 0, 0, 36, 1, 1, 
4, 98, 134, 50, 0, 0, 47, 1, 1, 
5, 83, 0, 39, 0, 0, 71, 1, 2, 
6, 0, 0, 5, 0, 0, 49, 1, 1, 
7, 0, 51, 0, 0, 0, 47, 1, 1, 
8, 0, 52, 20, 0, 0, 45, 1, 1, 
9, 41, 0, 0, 0, 0, 38, 1, 1, 
10, 46, 0, 4, 0, 0, 30, 1, 1, 
11, 46, 0, 4, 0, 0, 30, 1, 1, 
12, 13, 0, 0, 0, 0, 27, 1, 1, 
13, 0, 0, 0, 0, 0, 33, 1, 1, 
14, 38, 26, 13, 0, 0, 48, 1, 1, 
15, 11, 7, 8, 0, 0, 55, 1, 1, 
16, 6, 0, 0, 0, 0, 63, 1, 1, 
17, 29, 0, 0, 0, 0, 75, 1, 1, 
18, 223, 0, 0, 0, 0, 99, 2, 2, 
19, 0, 0, 0, 0, 0, 123, 3, 3, 
20, 0, 0, 0, 0, 0, 125, 4, 4, 
21, 34, 0, 0, 0, 1, 56, 3, 3, 
22, 72, 0, 0, 0, 4, 22, 3, 3, 
23, 60, 0, 0, 0, 14, 0, 3, 3, 
24, 104, 0, 40, 0, 28, 0, 3, 3, 
25, 77, 0, 237, 0, 30, 0, 3, 3, 
26, 184, 0, 481, 0, 0, 0, 3, 4, 
27, 246, 0, 592, 0, 0, 0, 4, 4, 
28, 0, 0, 841, 0, 0, 0, 4, 4, 
29, 381, 398, 251, 0, 0, 0, 5, 5, 
30, 76, 873, 258, 0, 0, 0, 4, 4, 
31, 0, 873, 437, 0, 0, 0, 3, 3, 
32, 0, 873, 278, 0, 0, 0, 1, 1, 
33, 585, 784, 0, 0, 0, 0, 0, 0, 
34, 0, 597, 0, 0, 0, 94, 0, 0, 
35, 252, 295, 0, 0, 0, 52, 0, 0, 
36, 148, 41, 0, 0, 0, 52, 0, 0, 
37, 43, 22, 0, 32, 0, 27, 0, 0, 
38, 49, 0, 0, 43, 0, 7, 0, 1, 
39, 49, 0, 0, 43, 0, 7, 0, 1, 
40, 0, 20, 21, 52, 0, 11, 0, 1, 
41, 0, 20, 21, 52, 0, 11, 0, 1, 
42, 1, 0, 104, 21, 0, 26, 1, 1, 
43, 0, 0, 124, 2, 0, 24, 1, 1, 
44, 0, 0, 174, 0, 0, 20, 1, 1, 
45, 167, 0, 490, 0, 0, 0, 1, 1, 
46, 203, 0, 634, 0, 0, 0, 1, 1, 
47, 214, 0, 622, 0, 0, 0, 1, 1, 
48, 297, 40, 585, 0, 0, 9, 1, 1, 
49, 354, 109, 526, 0, 0, 7, 1, 1, 
50, 275, 135, 439, 0, 0, 24, 1, 1, 
Spear
1, 0, 0, 0, 0, 0, 33, 1, 1, 
2, 0, 0, 0, 0, 0, 33, 1, 1, 
3, 0, 0, 0, 0, 0, 33, 1, 1, 
4, 18, 0, 0, 0, 0, 37, 1, 1, 
5, 18, 0, 0, 0, 0, 37, 1, 1, 
6, 17, 0, 0, 0, 0, 38, 1, 1, 
7, 0, 0, 0, 0, 0, 51, 1, 1, 
8, 60, 0, 0, 0, 0, 82, 1, 1, 
9, 0, 0, 0, 0, 0, 47, 2, 2, 
10, 0, 0, 0, 0, 0, 85, 4, 3, 
11, 43, 0, 0, 0, 0, 92, 4, 4, 
12, 0, 0, 0, 0, 0, 44, 4, 5, 
13, 316, 0, 0, 0, 0, 17, 4, 5, 
14, 269, 0, 0, 0, 60, 0, 5, 5, 
15, 90, 0, 0, 0, 96, 0, 4, 5, 
16, 90, 0, 0, 0, 96, 0, 4, 5, 
17, 0, 50, 425, 0, 55, 19, 4, 4, 
18, 0, 29, 515, 0, 27, 31, 4, 4, 
19, 141, 235, 687, 0, 0, 93, 4, 4, 
20, 70, 13, 0, 91, 0, 97, 3, 4, 
21, 0, 0, 0, 76, 0, 109, 3, 4, 
22, 0, 0, 0, 0, 0, 69, 3, 4, 
23, 185, 0, 0, 0, 64, 45, 3, 4, 
24, 185, 0, 0, 0, 64, 45, 3, 4, 
25, 139, 0, 0, 0, 195, 0, 4, 4, 
26, 0, 276, 777, 0, 0, 60, 3, 4, 
27, 110, 71, 310, 53, 0, 113, 3, 3, 
28, 0, 0, 0, 140, 0, 111, 3, 3, 
29, 0, 0, 0, 36, 0, 48, 3, 3, 
30, 129, 21, 0, 0, 0, 32, 3, 3, 
31, 230, 81, 0, 0, 0, 23, 3, 3, 
32, 286, 0, 0, 5, 137, 8, 3, 3, 
33, 164, 25, 0, 26, 211, 3, 3, 3, 
34, 0, 72, 216, 12, 175, 16, 2, 2, 
35, 0, 72, 216, 12, 175, 16, 2, 2, 
36, 12, 215, 641, 0, 124, 24, 0, 1, 
37, 0, 124, 641, 0, 0, 72, 0, 0, 
38, 600, 230, 583, 0, 0, 100, 0, 0, 
39, 173, 0, 81, 48, 0, 76, 0, 0, 
40, 0, 0, 0, 56, 0, 42, 0, 0, 
41, 0, 106, 15, 50, 0, 65, 0, 1, 
42, 52, 190, 138, 38, 0, 75, 0, 1, 
43, 0, 96, 157, 26, 0, 73, 1, 1, 
44, 0, 105, 169, 11, 0, 60, 1, 1, 
45, 0, 121, 197, 0, 0, 54, 1, 1, 
46, 0, 171, 230, 0, 0, 41, 1, 1, 
47, 0, 147, 243, 0, 0, 43, 1, 1, 
48, 0, 207, 318, 0, 0, 51, 1, 1, 
49, 0, 205, 336, 0, 0, 59, 1, 1, 
50, 0, 228, 275, 0, 0, 59, 1, 1, 
Grenade
1, 0, 0, 0, 0, 0, 79, 1, 2, 
2, 0, 0, 0, 0, 0, 79, 1, 2, 
3, 17, 0, 0, 0, 0, 56, 1, 2, 
4, 50, 0, 0, 0, 0, 36, 1, 1, 
5, 91, 68, 0, 0, 0, 44, 1, 1, 
6, 0, 90, 0, 0, 0, 65, 1, 1, 
7, 0, 77, 0, 0, 0, 94, 1, 1, 
8, 31, 0, 0, 0, 0, 125, 1, 1, 
9, 103, 0, 0, 0, 0, 126, 1, 1, 
10, 46, 0, 0, 0, 0, 112, 1, 1, 
11, 143, 0, 0, 0, 0, 99, 1, 1, 
12, 400, 0, 0, 0, 0, 52, 3, 3, 
13, 190, 0, 0, 11, 0, 34, 4, 4, 
14, 190, 0, 0, 11, 0, 34, 4, 4, 
15, 14, 0, 0, 22, 48, 8, 6, 6, 
16, 0, 0, 0, 18, 58, 15, 6, 7, 
17, 28, 0, 0, 19, 74, 27, 7, 8, 
18, 36, 0, 0, 0, 136, 62, 7, 8, 
19, 36, 0, 0, 0, 195, 51, 7, 8, 
20, 0, 0, 68, 0, 199, 47, 7, 8, 
21, 0, 16, 614, 0, 173, 52, 7, 8, 
22, 0, 126, 873, 0, 130, 34, 7, 8, 
23, 0, 194, 873, 0, 2, 0, 5, 6, 
24, 0, 194, 873, 0, 2, 0, 5, 6, 
25, 457, 22, 873, 0, 0, 59, 0, 0, 
26, 349, 121, 539, 5, 0, 53, 0, 0, 
27, 0, 90, 46, 1, 0, 64, 0, 0, 
28, 0, 81, 0, 0, 0, 86, 0, 0, 
29, 0, 50, 86, 0, 0, 97, 0, 0, 
30, 0, 0, 58, 0, 0, 75, 0, 0, 
31, 0, 0, 53, 0, 0, 61, 0, 1, 
32, 0, 0, 53, 0, 0, 61, 0, 1, 
33, 0, 35, 57, 0, 0, 46, 1, 1, 
34, 0, 72, 69, 0, 0, 27, 1, 1, 
35, 0, 112, 90, 0, 0, 27, 1, 1, 
36, 0, 107, 119, 0, 0, 20, 1, 1, 
37, 0, 166, 96, 0, 0, 19, 1, 1, 
38, 77, 199, 99, 0, 0, 31, 1, 1, 
39, 163, 258, 60, 0, 0, 16, 1, 1, 
40, 102, 397, 213, 0, 0, 24, 1, 1, 
41, 246, 535, 291, 0, 0, 21, 1, 1, 
42, 0, 546, 351, 0, 0, 193, 1, 1, 
43, 0, 0, 0, 0, 0, 383, 1, 2, 
44, 315, 0, 0, 0, 0, 0, 1, 1, 
45, 437, 0, 92, 0, 0, 16, 1, 1, 
46, 0, 0, 166, 0, 0, 7, 1, 1, 
47, 0, 0, 75, 0, 0, 3, 1, 1, 
48, 0, 0, 21, 0, 0, 4, 1, 1, 
49, 0, 0, 21, 0, 0, 4, 1, 1, 
50, 0, 61, 17, 0, 0, 17, 1, 1, 
Reload
1, 20, 28, 0, 0, 0, 47, 1, 1, 
2, 0, 35, 27, 0, 0, 46, 1, 1, 
3, 0, 43, 34, 0, 0, 49, 1, 1, 
4, 0, 0, 0, 0, 0, 62, 1, 1, 
5, 0, 0, 0, 0, 0, 48, 1, 1, 
6, 0, 0, 0, 0, 0, 44, 1, 1, 
7, 0, 35, 6, 0, 0, 45, 1, 1, 
8, 18, 61, 17, 0, 0, 47, 1, 1, 
9, 87, 100, 31, 0, 0, 53, 1, 1, 
10, 116, 71, 9, 0, 0, 62, 1, 1, 
11, 76, 0, 12, 0, 0, 67, 1, 1, 
12, 0, 0, 0, 0, 0, 75, 1, 1, 
13, 0, 0, 0, 0, 0, 72, 1, 1, 
14, 0, 0, 0, 0, 0, 74, 1, 1, 
15, 4, 0, 0, 0, 0, 66, 1, 1, 
16, 0, 0, 0, 0, 0, 65, 1, 1, 
17, 70, 0, 0, 0, 0, 65, 1, 1, 
18, 97, 0, 0, 0, 0, 61, 1, 1, 
19, 130, 0, 0, 0, 0, 52, 1, 1, 
20, 25, 0, 0, 0, 0, 54, 1, 1, 
21, 111, 112, 0, 0, 0, 88, 1, 1, 
22, 106, 13, 0, 0, 0, 98, 1, 1, 
23, 59, 0, 0, 0, 13, 85, 1, 1, 
24, 12, 0, 0, 0, 73, 63, 1, 1, 
25, 12, 0, 0, 0, 73, 63, 1, 1, 
26, 5, 116, 382, 0, 104, 47, 1, 2, 
27, 27, 40, 510, 0, 29, 80, 1, 2, 
28, 149, 27, 586, 0, 0, 98, 1, 2, 
29, 149, 27, 586, 0, 0, 98, 1, 2, 
30, 0, 0, 296, 16, 0, 153, 1, 1, 
31, 0, 0, 239, 23, 0, 143, 1, 1, 
32, 0, 0, 73, 36, 0, 103, 1, 2, 
33, 0, 0, 36, 21, 0, 78, 1, 2, 
34, 0, 19, 52, 8, 0, 59, 1, 2, 
35, 0, 70, 90, 0, 0, 45, 1, 1, 
36, 0, 129, 159, 0, 0, 23, 1, 2, 
37, 0, 184, 259, 0, 0, 14, 1, 2, 
38, 0, 244, 568, 0, 0, 23, 1, 1, 
39, 112, 234, 653, 0, 0, 72, 1, 1, 
40, 112, 234, 653, 0, 0, 72, 1, 1, 
41, 0, 203, 59, 0, 0, 23, 1, 1, 
42, 0, 0, 0, 0, 0, 38, 1, 1, 
43, 0, 0, 0, 0, 0, 64, 0, 1, 
44, 0, 0, 0, 0, 0, 43, 0, 1, 
45, 262, 48, 56, 0, 0, 19, 0, 1, 
46, 423, 28, 156, 0, 0, 19, 1, 1, 
47, 564, 12, 95, 0, 0, 16, 1, 1, 
48, 536, 3, 38, 0, 0, 11, 1, 1, 
49, 301, 0, 0, 0, 0, 11, 1, 1, 
50, 26, 0, 0, 0, 0, 14, 1, 1, 
Punch
1, 0, 102, 98, 0, 0, 42, 2, 2, 
2, 0, 154, 142, 0, 0, 54, 2, 2, 
3, 0, 154, 142, 0, 0, 54, 2, 2, 
4, 40, 53, 72, 0, 0, 51, 1, 1, 
5, 0, 19, 28, 0, 0, 57, 1, 1, 
6, 0, 19, 28, 0, 0, 57, 1, 1, 
7, 28, 13, 8, 0, 0, 62, 2, 2, 
8, 71, 59, 0, 0, 0, 71, 2, 3, 
9, 27, 0, 0, 0, 0, 83, 3, 3, 
10, 0, 0, 0, 0, 0, 91, 3, 4, 
11, 72, 0, 0, 0, 0, 104, 4, 4, 
12, 8, 0, 0, 0, 0, 101, 5, 5, 
13, 0, 0, 0, 0, 0, 115, 5, 5, 
14, 280, 0, 0, 33, 0, 113, 4, 5, 
15, 398, 0, 0, 49, 30, 102, 4, 5, 
16, 381, 0, 0, 97, 56, 73, 4, 5, 
17, 216, 0, 175, 65, 66, 44, 4, 5, 
18, 118, 61, 328, 0, 28, 42, 4, 4, 
19, 46, 212, 387, 0, 0, 30, 4, 4, 
20, 0, 342, 449, 0, 0, 117, 4, 4, 
21, 2, 34, 0, 0, 0, 149, 3, 4, 
22, 0, 0, 0, 0, 0, 73, 2, 3, 
23, 0, 0, 0, 0, 0, 95, 2, 2, 
24, 0, 0, 0, 0, 0, 102, 2, 2, 
25, 0, 55, 0, 20, 0, 106, 1, 2, 
26, 0, 85, 16, 68, 1, 92, 1, 2, 
27, 0, 261, 139, 67, 0, 93, 1, 2, 
28, 48, 530, 268, 13, 0, 137, 1, 1, 
29, 48, 530, 268, 13, 0, 137, 1, 1, 
30, 0, 290, 127, 0, 0, 93, 1, 1, 
31, 0, 132, 33, 0, 0, 79, 1, 1, 
32, 0, 0, 0, 0, 0, 44, 1, 1, 
33, 0, 53, 65, 0, 0, 45, 1, 1, 
34, 0, 115, 131, 0, 0, 23, 1, 1, 
35, 0, 232, 190, 0, 0, 29, 1, 1, 
36, 50, 326, 282, 0, 0, 66, 1, 1, 
37, 50, 326, 282, 0, 0, 66, 1, 1, 
38, 371, 0, 0, 0, 0, 32, 1, 1, 
39, 0, 5, 0, 0, 0, 38, 1, 1, 
40, 0, 0, 0, 0, 0, 31, 1, 1, 
41, 0, 0, 0, 0, 0, 27, 1, 1, 
42, 0, 0, 0, 0, 0, 37, 1, 1, 
43, 0, 0, 0, 0, 0, 56, 1, 1, 
44, 0, 0, 0, 0, 0, 56, 1, 1, 
45, 69, 38, 0, 0, 0, 49, 1, 1, 
46, 82, 57, 4, 0, 0, 34, 1, 1, 
47, 88, 56, 6, 0, 0, 30, 1, 1, 
48, 77, 58, 0, 0, 0, 31, 1, 1, 
49, 77, 58, 0, 0, 0, 31, 1, 1, 
50, 77, 58, 0, 0, 0, 31, 1, 1, 
Nothing
1, 308, 0, 0, 0, 0, 27, 1, 1, 
2, 304, 0, 0, 0, 0, 21, 1, 1, 
3, 223, 0, 0, 0, 0, 20, 1, 1, 
4, 192, 0, 0, 0, 0, 17, 1, 1, 
5, 140, 0, 0, 0, 0, 9, 1, 1, 
6, 111, 0, 0, 0, 0, 6, 1, 1, 
7, 92, 0, 0, 0, 0, 3, 1, 1, 
8, 78, 0, 0, 0, 0, 3, 1, 1, 
9, 86, 10, 0, 0, 0, 3, 1, 1, 
10, 110, 54, 0, 0, 0, 3, 1, 1, 
11, 147, 104, 0, 0, 0, 5, 1, 2, 
12, 166, 141, 0, 0, 0, 7, 1, 1, 
13, 196, 203, 0, 0, 0, 22, 1, 1, 
14, 251, 220, 0, 0, 0, 31, 1, 1, 
15, 282, 202, 0, 0, 0, 40, 1, 1, 
16, 188, 136, 0, 0, 0, 48, 1, 1, 
17, 98, 66, 0, 0, 0, 52, 1, 1, 
18, 33, 8, 0, 0, 0, 54, 1, 1, 
19, 0, 0, 7, 0, 0, 45, 1, 1, 
20, 0, 0, 63, 0, 0, 36, 1, 1, 
21, 0, 0, 173, 0, 0, 16, 1, 1, 
22, 0, 0, 206, 0, 0, 11, 1, 1, 
23, 0, 0, 224, 0, 0, 6, 1, 1, 
24, 0, 0, 213, 0, 0, 4, 1, 1, 
25, 0, 0, 150, 0, 0, 0, 1, 1, 
26, 0, 0, 150, 0, 0, 0, 1, 1, 
27, 0, 0, 150, 0, 0, 0, 1, 1, 
28, 0, 0, 88, 0, 0, 0, 1, 1, 
29, 0, 0, 124, 0, 0, 3, 1, 1, 
30, 0, 0, 166, 0, 0, 0, 1, 1, 
31, 0, 0, 184, 0, 0, 0, 1, 1, 
32, 0, 0, 194, 0, 0, 0, 1, 1, 
33, 0, 0, 178, 0, 0, 0, 1, 1, 
34, 0, 29, 137, 0, 0, 0, 1, 1, 
35, 0, 29, 137, 0, 0, 0, 1, 1, 
36, 0, 115, 95, 0, 0, 8, 1, 1, 
37, 0, 141, 101, 0, 0, 14, 1, 1, 
38, 0, 208, 80, 0, 0, 25, 1, 1, 
39, 0, 222, 0, 0, 0, 38, 1, 1, 
40, 0, 179, 0, 0, 0, 53, 1, 1, 
41, 0, 73, 0, 0, 0, 73, 1, 1, 
42, 0, 5, 0, 0, 0, 77, 1, 1, 
43, 44, 0, 0, 0, 0, 72, 1, 1, 
44, 161, 0, 0, 0, 0, 60, 1, 1, 
45, 194, 0, 0, 0, 0, 47, 1, 1, 
46, 208, 0, 8, 0, 0, 35, 1, 1, 
47, 239, 0, 26, 0, 0, 17, 1, 1, 
48, 212, 0, 16, 0, 0, 13, 1, 1, 
49, 181, 0, 0, 0, 0, 11, 1, 1, 
50, 89, 0, 0, 0, 0, 6, 1, 1, 
Strange
1, 0, 1, 15, 0, 0, 37, 1, 1, 
2, 0, 0, 7, 0, 0, 38, 1, 1, 
3, 0, 0, 0, 0, 0, 37, 1, 1, 
4, 0, 0, 0, 0, 0, 38, 1, 1, 
5, 0, 0, 0, 0, 0, 40, 1, 1, 
6, 0, 0, 0, 0, 0, 40, 1, 1, 
7, 0, 0, 0, 0, 0, 39, 1, 1, 
8, 0, 0, 0, 0, 0, 39, 1, 1, 
9, 0, 0, 2, 0, 0, 37, 1, 1, 
10, 0, 0, 5, 0, 0, 37, 1, 1, 
11, 0, 0, 10, 0, 0, 40, 1, 1, 
12, 0, 0, 19, 0, 0, 39, 1, 1, 
13, 0, 3, 26, 0, 0, 40, 1, 1, 
14, 0, 9, 24, 0, 0, 42, 1, 1, 
15, 0, 15, 15, 0, 0, 43, 1, 1, 
16, 1, 18, 6, 0, 0, 43, 1, 1, 
17, 15, 19, 0, 0, 0, 43, 1, 1, 
18, 34, 20, 0, 0, 0, 45, 1, 1, 
19, 62, 7, 0, 0, 0, 43, 0, 1, 
20, 47, 14, 0, 0, 0, 41, 0, 1, 
21, 516, 0, 0, 0, 0, 77, 0, 0, 
22, 428, 0, 0, 0, 0, 156, 0, 0, 
23, 390, 0, 0, 0, 0, 185, 0, 0, 
24, 364, 0, 0, 0, 0, 194, 0, 0, 
25, 306, 0, 0, 0, 0, 193, 0, 0, 
26, 184, 0, 0, 0, 0, 174, 0, 0, 
27, 182, 0, 0, 0, 17, 159, 0, 0, 
28, 110, 0, 86, 0, 29, 132, 0, 0, 
29, 110, 0, 86, 0, 29, 132, 0, 0, 
30, 95, 0, 205, 0, 0, 4, 0, 0, 
31, 136, 0, 210, 0, 0, 0, 0, 0, 
32, 125, 0, 240, 0, 0, 0, 0, 0, 
33, 0, 151, 283, 22, 0, 0, 0, 0, 
34, 0, 296, 214, 54, 0, 19, 0, 0, 
35, 48, 378, 3, 72, 0, 92, 0, 0, 
36, 18, 327, 0, 104, 0, 172, 0, 0, 
37, 51, 106, 0, 77, 0, 251, 0, 0, 
38, 92, 0, 0, 33, 72, 215, 0, 0, 
39, 0, 0, 0, 19, 119, 137, 0, 0, 
40, 0, 0, 49, 22, 90, 104, 0, 0, 
41, 0, 0, 49, 22, 90, 104, 0, 0, 
42, 114, 0, 153, 10, 51, 36, 0, 0, 
43, 57, 0, 247, 6, 14, 12, 0, 1, 
44, 26, 0, 308, 9, 0, 0, 1, 1, 
45, 0, 32, 351, 7, 0, 0, 1, 2, 
46, 0, 247, 317, 16, 0, 0, 2, 2, 
47, 0, 371, 114, 31, 0, 79, 1, 1, 
48, 0, 371, 114, 31, 0, 79, 1, 1, 
49, 5, 261, 0, 59, 0, 203, 1, 1, 
50, 10, 105, 0, 62, 0, 201, 1, 1, 
Spider
1, 83, 9, 0, 0, 0, 27, 1, 1, 
2, 59, 0, 0, 0, 0, 27, 1, 1, 
3, 29, 0, 0, 0, 0, 27, 1, 1, 
4, 13, 0, 0, 0, 0, 27, 1, 1, 
5, 0, 1, 0, 0, 0, 26, 1, 1, 
6, 0, 7, 0, 0, 0, 30, 1, 2, 
7, 0, 0, 0, 0, 0, 35, 2, 2, 
8, 0, 0, 0, 0, 0, 42, 2, 2, 
9, 0, 0, 0, 0, 0, 46, 2, 2, 
10, 0, 0, 0, 0, 0, 53, 2, 2, 
11, 0, 0, 0, 0, 0, 62, 2, 2, 
12, 0, 0, 0, 0, 0, 62, 3, 3, 
13, 0, 0, 0, 0, 0, 61, 3, 4, 
14, 0, 0, 0, 0, 0, 52, 4, 4, 
15, 0, 0, 0, 0, 0, 44, 4, 4, 
16, 222, 0, 0, 0, 0, 27, 5, 5, 
17, 23, 127, 0, 0, 0, 4, 5, 5, 
18, 0, 181, 0, 0, 0, 31, 5, 6, 
19, 62, 255, 0, 0, 0, 35, 5, 6, 
20, 0, 292, 0, 0, 0, 87, 5, 6, 
21, 0, 160, 0, 3, 0, 122, 5, 6, 
22, 0, 33, 0, 13, 0, 152, 5, 6, 
23, 0, 0, 0, 16, 0, 173, 6, 6, 
24, 67, 0, 0, 26, 18, 137, 6, 6, 
25, 153, 0, 0, 3, 3, 110, 5, 6, 
26, 358, 0, 0, 1, 8, 37, 6, 6, 
27, 490, 0, 115, 0, 0, 0, 6, 6, 
28, 476, 0, 263, 0, 0, 0, 6, 6, 
29, 373, 0, 253, 0, 0, 0, 6, 7, 
30, 6, 160, 0, 0, 0, 0, 6, 6, 
31, 0, 190, 35, 0, 0, 0, 6, 6, 
32, 0, 284, 15, 4, 0, 0, 6, 6, 
33, 0, 483, 0, 13, 0, 0, 5, 6, 
34, 0, 569, 0, 14, 0, 0, 5, 5, 
35, 203, 609, 9, 33, 0, 0, 4, 5, 
36, 495, 655, 0, 46, 0, 13, 3, 4, 
37, 640, 629, 0, 39, 0, 25, 3, 3, 
38, 671, 366, 38, 40, 30, 51, 2, 2, 
39, 622, 351, 98, 37, 51, 45, 1, 2, 
40, 306, 319, 88, 29, 80, 36, 1, 1, 
41, 0, 327, 70, 13, 86, 36, 1, 1, 
42, 0, 343, 256, 0, 19, 74, 1, 1, 
43, 0, 319, 452, 0, 0, 66, 1, 1, 
44, 0, 374, 680, 0, 0, 80, 1, 1, 
45, 0, 353, 462, 0, 0, 67, 1, 1, 
46, 0, 84, 0, 0, 0, 20, 1, 1, 
47, 0, 84, 0, 0, 0, 20, 1, 1, 
48, 0, 323, 379, 0, 0, 267, 1, 1, 
49, 352, 0, 0, 0, 0, 78, 1, 1, 
50, 0, 46, 0, 0, 0, 1, 1, 1, 
Shield
1, 0, 3, 0, 0, 0, 35, 1, 1, 
2, 0, 2, 0, 0, 0, 35, 1, 1, 
3, 0, 2, 0, 0, 0, 35, 1, 1, 
4, 0, 0, 0, 0, 0, 34, 1, 1, 
5, 0, 0, 44, 0, 0, 32, 1, 1, 
6, 0, 7, 82, 0, 0, 31, 1, 1, 
7, 0, 33, 83, 0, 0, 36, 1, 1, 
8, 0, 23, 62, 0, 0, 36, 1, 1, 
9, 0, 0, 32, 0, 0, 39, 1, 1, 
10, 0, 0, 0, 0, 0, 41, 1, 1, 
11, 1, 0, 0, 0, 0, 50, 1, 1, 
12, 32, 0, 0, 0, 0, 53, 1, 1, 
13, 23, 0, 0, 0, 0, 52, 1, 1, 
14, 7, 0, 0, 0, 0, 52, 1, 1, 
15, 90, 0, 0, 0, 0, 49, 1, 1, 
16, 89, 6, 0, 0, 0, 47, 1, 1, 
17, 96, 0, 0, 0, 0, 52, 1, 1, 
18, 23, 0, 0, 0, 0, 40, 1, 1, 
19, 22, 1, 0, 0, 0, 20, 1, 1, 
20, 0, 113, 0, 0, 0, 0, 1, 1, 
21, 0, 360, 0, 0, 0, 0, 1, 1, 
22, 0, 424, 0, 0, 0, 8, 1, 1, 
23, 0, 418, 0, 0, 0, 49, 1, 1, 
24, 249, 220, 0, 0, 9, 169, 3, 3, 
25, 0, 0, 61, 74, 72, 14, 2, 3, 
26, 0, 93, 1, 35, 0, 97, 1, 1, 
27, 65, 0, 96, 4, 0, 153, 1, 1, 
28, 162, 0, 268, 0, 13, 92, 1, 1, 
29, 0, 0, 385, 0, 6, 69, 1, 1, 
30, 30, 0, 682, 0, 0, 0, 1, 1, 
31, 50, 0, 827, 0, 0, 0, 1, 1, 
32, 203, 0, 714, 0, 0, 0, 1, 1, 
33, 65, 3, 724, 0, 0, 0, 1, 1, 
34, 46, 117, 752, 0, 0, 19, 1, 1, 
35, 1, 101, 472, 0, 0, 6, 1, 1, 
36, 0, 64, 93, 0, 0, 13, 1, 1, 
37, 0, 103, 36, 0, 0, 31, 1, 1, 
38, 0, 56, 66, 0, 0, 34, 1, 1, 
39, 0, 54, 52, 0, 0, 35, 1, 1, 
40, 38, 78, 24, 0, 0, 35, 1, 1, 
41, 157, 105, 0, 0, 0, 30, 1, 1, 
42, 161, 96, 0, 0, 0, 37, 1, 1, 
43, 62, 33, 0, 0, 0, 37, 1, 1, 
44, 186, 22, 0, 0, 0, 56, 1, 1, 
45, 346, 32, 0, 0, 0, 19, 1, 1, 
46, 190, 96, 0, 0, 0, 27, 1, 1, 
47, 201, 82, 0, 0, 0, 24, 1, 1, 
48, 208, 75, 0, 0, 0, 24, 1, 1, 
49, 187, 54, 0, 0, 0, 23, 1, 1, 
50, 123, 49, 0, 0, 0, 23, 1, 1, 
Nothing
1, 0, 0, 41, 0, 0, 37, 1, 1, 
2, 0, 0, 56, 0, 0, 41, 1, 1, 
3, 0, 0, 63, 0, 0, 36, 1, 1, 
4, 0, 0, 87, 0, 0, 31, 1, 1, 
5, 0, 0, 79, 0, 0, 32, 1, 1, 
6, 0, 0, 68, 0, 0, 33, 1, 1, 
7, 0, 0, 20, 0, 0, 31, 1, 1, 
8, 0, 0, 0, 0, 0, 34, 1, 1, 
9, 0, 0, 0, 0, 0, 33, 1, 1, 
10, 0, 0, 0, 0, 0, 35, 1, 1, 
11, 0, 0, 39, 0, 0, 33, 1, 1, 
12, 0, 7, 72, 0, 0, 32, 1, 1, 
13, 0, 7, 72, 0, 0, 32, 1, 1, 
14, 0, 11, 74, 0, 0, 29, 1, 1, 
15, 0, 0, 58, 0, 0, 30, 1, 1, 
16, 0, 0, 35, 0, 0, 24, 1, 1, 
17, 0, 0, 49, 0, 0, 17, 1, 1, 
18, 0, 0, 49, 0, 0, 17, 1, 1, 
19, 0, 0, 53, 0, 0, 9, 1, 1, 
20, 0, 48, 26, 0, 0, 2, 1, 1, 
21, 0, 123, 42, 0, 0, 0, 1, 1, 
22, 59, 193, 20, 0, 0, 0, 1, 1, 
23, 59, 193, 20, 0, 0, 0, 1, 1, 
24, 155, 234, 0, 0, 0, 2, 1, 1, 
25, 155, 234, 0, 0, 0, 2, 1, 1, 
26, 72, 249, 0, 0, 0, 9, 1, 1, 
27, 74, 176, 0, 0, 0, 35, 1, 1, 
28, 22, 64, 0, 0, 0, 43, 1, 1, 
29, 87, 0, 0, 0, 0, 37, 1, 1, 
30, 0, 0, 0, 0, 22, 0, 1, 1, 
31, 0, 0, 0, 0, 26, 0, 1, 1, 
32, 0, 41, 306, 0, 0, 0, 1, 1, 
33, 0, 95, 412, 0, 0, 0, 1, 1, 
34, 0, 0, 330, 0, 0, 27, 1, 1, 
35, 0, 0, 330, 0, 0, 27, 1, 1, 
36, 0, 0, 330, 0, 0, 27, 1, 1, 
37, 0, 0, 330, 0, 0, 27, 1, 1, 
38, 0, 0, 330, 0, 0, 27, 1, 1, 
39, 0, 0, 0, 0, 0, 0, 1, 1, 
40, 0, 0, 0, 0, 0, 0, 1, 1, 
41, 0, 0, 0, 0, 0, 0, 1, 1, 
42, 12, 0, 0, 0, 0, 0, 1, 1, 
43, 82, 28, 0, 0, 0, 0, 1, 1, 
44, 145, 92, 0, 0, 0, 0, 1, 1, 
45, 204, 158, 0, 0, 0, 0, 1, 1, 
46, 282, 256, 0, 0, 0, 4, 1, 1, 
47, 234, 248, 0, 0, 0, 2, 1, 1, 
48, 152, 268, 0, 0, 0, 5, 1, 1, 
49, 127, 297, 0, 0, 0, 7, 1, 1, 
50, 219, 362, 0, 0, 0, 18, 1, 1, 
Thor
1, 0, 24, 0, 0, 0, 44, 1, 1, 
2, 5, 56, 0, 0, 0, 42, 1, 1, 
3, 5, 56, 0, 0, 0, 42, 1, 1, 
4, 5, 56, 0, 0, 0, 42, 1, 1, 
5, 5, 56, 0, 0, 0, 42, 1, 1, 
6, 59, 15, 0, 0, 0, 44, 1, 1, 
7, 50, 27, 0, 0, 0, 47, 1, 1, 
8, 49, 13, 0, 0, 0, 48, 1, 1, 
9, 29, 8, 9, 0, 0, 49, 1, 1, 
10, 12, 0, 25, 0, 0, 49, 1, 1, 
11, 0, 0, 44, 0, 0, 49, 1, 1, 
12, 0, 0, 43, 0, 0, 53, 1, 1, 
13, 0, 0, 14, 0, 0, 55, 1, 1, 
14, 0, 0, 0, 0, 0, 51, 1, 1, 
15, 0, 0, 0, 0, 0, 49, 1, 2, 
16, 0, 0, 0, 0, 0, 50, 1, 2, 
17, 8, 0, 0, 0, 0, 62, 2, 2, 
18, 76, 2, 0, 0, 0, 91, 2, 2, 
19, 86, 0, 0, 0, 0, 125, 2, 3, 
20, 0, 0, 0, 0, 0, 143, 3, 3, 
21, 0, 0, 0, 0, 0, 123, 3, 4, 
22, 0, 0, 0, 0, 125, 3, 4, 4, 
23, 68, 0, 272, 0, 14, 0, 4, 5, 
24, 372, 0, 760, 0, 0, 0, 5, 5, 
25, 0, 65, 456, 0, 0, 0, 5, 5, 
26, 43, 674, 41, 0, 0, 0, 4, 4, 
27, 0, 726, 0, 0, 0, 136, 3, 4, 
28, 332, 333, 0, 0, 0, 238, 3, 4, 
29, 33, 2, 0, 0, 0, 242, 3, 4, 
30, 0, 0, 0, 0, 22, 157, 3, 3, 
31, 204, 0, 0, 0, 83, 24, 3, 3, 
32, 204, 0, 0, 0, 83, 24, 3, 3, 
33, 77, 0, 510, 0, 0, 0, 3, 4, 
34, 82, 0, 520, 0, 0, 0, 3, 4, 
35, 0, 0, 560, 0, 0, 0, 3, 4, 
36, 0, 0, 629, 0, 0, 0, 3, 4, 
37, 37, 428, 263, 0, 0, 0, 3, 3, 
38, 0, 873, 133, 0, 0, 0, 2, 3, 
39, 175, 854, 0, 0, 0, 0, 0, 0, 
40, 35, 693, 0, 0, 0, 0, 0, 0, 
41, 0, 534, 0, 0, 0, 17, 0, 0, 
42, 115, 397, 0, 0, 0, 21, 0, 0, 
43, 74, 306, 0, 0, 0, 25, 0, 0, 
44, 19, 236, 0, 6, 0, 49, 0, 0, 
45, 75, 127, 0, 33, 0, 39, 0, 1, 
46, 0, 50, 0, 44, 0, 29, 0, 1, 
47, 0, 15, 0, 49, 0, 27, 0, 1, 
48, 9, 0, 93, 40, 0, 29, 0, 1, 
49, 31, 0, 155, 19, 0, 25, 1, 1, 
50, 19, 0, 195, 8, 0, 23, 1, 1, 
Spear
1, 0, 4, 0, 0, 0, 50, 1, 2, 
2, 0, 3, 0, 0, 0, 50, 1, 2, 
3, 0, 3, 0, 0, 0, 50, 1, 2, 
4, 0, 3, 0, 0, 0, 50, 1, 2, 
5, 0, 4, 0, 0, 0, 51, 1, 2, 
6, 0, 7, 0, 0, 0, 51, 1, 2, 
7, 0, 9, 0, 0, 0, 51, 1, 2, 
8, 0, 9, 0, 0, 0, 50, 1, 2, 
9, 0, 9, 0, 0, 0, 50, 1, 1, 
10, 2, 8, 0, 0, 0, 50, 1, 1, 
11, 1, 7, 0, 0, 0, 50, 1, 1, 
12, 0, 6, 0, 0, 0, 50, 1, 1, 
13, 0, 5, 0, 0, 0, 50, 1, 1, 
14, 0, 6, 0, 0, 0, 51, 1, 1, 
15, 0, 8, 0, 0, 0, 51, 1, 1, 
16, 0, 9, 0, 0, 0, 51, 1, 1, 
17, 0, 10, 0, 0, 0, 59, 1, 1, 
18, 68, 0, 0, 0, 0, 102, 1, 1, 
19, 0, 0, 0, 0, 0, 128, 2, 2, 
20, 0, 0, 0, 0, 0, 155, 4, 4, 
21, 0, 0, 0, 0, 0, 136, 5, 5, 
22, 0, 0, 0, 0, 0, 136, 5, 5, 
23, 210, 0, 0, 0, 89, 0, 5, 6, 
24, 0, 0, 0, 0, 200, 0, 5, 6, 
25, 0, 254, 601, 0, 140, 0, 5, 6, 
26, 0, 176, 510, 0, 0, 56, 5, 5, 
27, 0, 132, 610, 0, 0, 95, 5, 5, 
28, 161, 185, 259, 157, 0, 157, 5, 5, 
29, 0, 0, 0, 80, 0, 133, 5, 5, 
30, 0, 0, 0, 11, 0, 75, 5, 5, 
31, 127, 0, 0, 0, 127, 0, 5, 5, 
32, 0, 67, 429, 0, 149, 9, 5, 5, 
33, 0, 102, 642, 0, 38, 44, 5, 5, 
34, 6, 72, 589, 0, 0, 78, 4, 5, 
35, 0, 0, 397, 94, 0, 99, 4, 5, 
36, 0, 0, 0, 198, 0, 80, 4, 5, 
37, 104, 6, 0, 103, 0, 111, 4, 5, 
38, 104, 0, 0, 26, 0, 69, 4, 5, 
39, 368, 17, 0, 0, 0, 0, 4, 5, 
40, 356, 0, 0, 0, 133, 0, 4, 5, 
41, 220, 78, 0, 0, 226, 0, 4, 4, 
42, 98, 235, 333, 0, 173, 0, 3, 3, 
43, 0, 325, 568, 0, 70, 21, 1, 1, 
44, 230, 481, 778, 0, 0, 78, 0, 0, 
45, 130, 474, 557, 0, 0, 78, 0, 0, 
46, 522, 302, 375, 0, 0, 133, 0, 0, 
47, 311, 114, 121, 40, 0, 100, 0, 0, 
48, 0, 25, 2, 62, 18, 84, 0, 0, 
49, 0, 25, 2, 62, 18, 84, 0, 0, 
50, 29, 135, 90, 53, 16, 72, 0, 1, 
Grenade
1, 98, 33, 0, 0, 0, 27, 1, 1, 
2, 110, 47, 3, 0, 0, 27, 1, 1, 
3, 125, 59, 6, 0, 0, 29, 1, 1, 
4, 107, 53, 0, 0, 0, 31, 1, 1, 
5, 51, 43, 0, 0, 0, 35, 1, 1, 
6, 0, 4, 0, 0, 0, 64, 1, 1, 
7, 0, 0, 0, 0, 0, 84, 1, 1, 
8, 0, 0, 0, 0, 0, 84, 1, 1, 
9, 0, 0, 0, 0, 0, 95, 1, 1, 
10, 91, 0, 0, 0, 0, 90, 1, 1, 
11, 155, 0, 0, 0, 0, 58, 2, 2, 
12, 86, 0, 0, 0, 0, 53, 2, 2, 
13, 224, 0, 0, 0, 0, 28, 3, 3, 
14, 189, 0, 0, 0, 0, 18, 4, 4, 
15, 35, 0, 0, 12, 4, 8, 4, 5, 
16, 0, 0, 0, 17, 23, 18, 5, 5, 
17, 0, 0, 0, 2, 50, 21, 5, 6, 
18, 75, 0, 0, 0, 94, 37, 5, 5, 
19, 116, 30, 0, 0, 208, 40, 5, 5, 
20, 14, 0, 40, 0, 242, 36, 4, 5, 
21, 0, 0, 368, 0, 198, 35, 4, 4, 
22, 0, 41, 860, 0, 42, 35, 2, 3, 
23, 0, 7, 873, 0, 0, 33, 1, 1, 
24, 0, 7, 873, 0, 0, 33, 1, 1, 
25, 4, 74, 855, 0, 0, 47, 1, 1, 
26, 4, 74, 855, 0, 0, 47, 1, 1, 
27, 493, 158, 584, 18, 0, 86, 0, 1, 
28, 94, 3, 180, 49, 0, 76, 0, 1, 
29, 0, 0, 11, 51, 0, 83, 0, 1, 
30, 0, 0, 11, 51, 0, 83, 0, 1, 
31, 1, 98, 129, 36, 0, 75, 0, 1, 
32, 1, 98, 129, 36, 0, 75, 0, 1, 
33, 0, 101, 130, 2, 0, 42, 1, 1, 
34, 0, 119, 139, 0, 0, 35, 1, 1, 
35, 0, 220, 232, 0, 0, 40, 1, 1, 
36, 0, 284, 269, 0, 0, 37, 1, 1, 
37, 15, 314, 319, 0, 0, 46, 1, 1, 
38, 86, 338, 291, 0, 0, 59, 1, 1, 
39, 208, 313, 226, 0, 0, 79, 1, 1, 
40, 319, 370, 232, 0, 0, 79, 1, 1, 
41, 357, 387, 118, 0, 0, 75, 1, 1, 
42, 368, 351, 0, 0, 0, 67, 1, 1, 
43, 0, 0, 0, 0, 0, 272, 1, 1, 
44, 0, 99, 0, 0, 0, 97, 1, 1, 
45, 45, 200, 0, 0, 0, 44, 1, 1, 
46, 45, 200, 0, 0, 0, 44, 1, 1, 
47, 335, 175, 63, 0, 0, 31, 1, 1, 
48, 0, 0, 89, 0, 0, 8, 1, 1, 
49, 0, 0, 22, 0, 0, 11, 1, 1, 
50, 0, 61, 0, 0, 0, 23, 1, 1, 
Reload
1, 0, 1, 0, 0, 0, 39, 1, 1, 
2, 0, 0, 0, 0, 0, 40, 1, 1, 
3, 0, 0, 0, 0, 0, 41, 1, 1, 
4, 0, 0, 0, 0, 0, 42, 1, 1, 
5, 0, 7, 2, 0, 0, 40, 1, 1, 
6, 11, 0, 0, 0, 0, 46, 1, 1, 
7, 6, 0, 0, 0, 0, 46, 1, 1, 
8, 0, 0, 0, 0, 0, 49, 1, 1, 
9, 0, 0, 0, 0, 0, 52, 1, 1, 
10, 0, 0, 0, 0, 0, 56, 1, 1, 
11, 0, 0, 0, 0, 0, 64, 1, 1, 
12, 0, 0, 0, 0, 0, 64, 1, 1, 
13, 0, 0, 0, 0, 0, 82, 1, 1, 
14, 0, 0, 0, 0, 0, 91, 3, 3, 
15, 9, 0, 0, 0, 0, 84, 3, 3, 
16, 0, 0, 0, 0, 0, 76, 3, 3, 
17, 0, 0, 0, 0, 0, 77, 3, 3, 
18, 0, 31, 0, 0, 0, 91, 3, 3, 
19, 36, 104, 0, 0, 0, 114, 3, 3, 
20, 0, 58, 0, 0, 0, 114, 2, 3, 
21, 47, 12, 0, 0, 8, 85, 2, 3, 
22, 210, 43, 0, 0, 63, 56, 2, 3, 
23, 45, 194, 206, 0, 77, 65, 2, 3, 
24, 34, 186, 348, 0, 62, 87, 2, 2, 
25, 111, 131, 466, 0, 45, 109, 2, 2, 
26, 0, 59, 563, 0, 0, 119, 2, 2, 
27, 0, 58, 532, 0, 0, 182, 1, 2, 
28, 11, 0, 248, 0, 0, 165, 1, 2, 
29, 0, 0, 119, 28, 0, 131, 1, 2, 
30, 0, 0, 46, 32, 0, 102, 2, 2, 
31, 0, 27, 52, 13, 0, 74, 2, 2, 
32, 0, 79, 88, 0, 0, 61, 2, 2, 
33, 0, 141, 154, 0, 0, 42, 2, 2, 
34, 0, 250, 254, 0, 0, 30, 1, 2, 
35, 0, 377, 356, 0, 0, 32, 1, 2, 
36, 0, 489, 392, 0, 0, 38, 1, 1, 
37, 58, 535, 392, 0, 0, 50, 1, 1, 
38, 407, 569, 375, 0, 0, 56, 1, 1, 
39, 0, 0, 0, 0, 0, 109, 1, 2, 
40, 0, 80, 0, 0, 0, 77, 1, 1, 
41, 18, 170, 0, 0, 0, 48, 1, 1, 
42, 361, 140, 40, 0, 0, 30, 1, 1, 
43, 285, 24, 163, 0, 0, 26, 1, 1, 
44, 58, 31, 191, 0, 0, 18, 1, 1, 
45, 0, 107, 152, 0, 0, 29, 1, 1, 
46, 0, 124, 110, 0, 0, 34, 1, 1, 
47, 0, 53, 0, 0, 0, 37, 1, 1, 
48, 194, 0, 0, 0, 0, 41, 1, 1, 
49, 141, 0, 0, 0, 0, 38, 1, 1, 
50, 141, 0, 0, 0, 0, 38, 1, 1, 
Punch
1, 0, 0, 0, 0, 0, 32, 1, 1, 
2, 0, 4, 0, 0, 0, 32, 1, 1, 
3, 0, 11, 0, 0, 0, 34, 1, 1, 
4, 0, 8, 0, 0, 0, 38, 1, 1, 
5, 7, 0, 0, 0, 0, 42, 1, 1, 
6, 50, 0, 0, 0, 0, 49, 1, 1, 
7, 32, 0, 0, 0, 0, 45, 1, 1, 
8, 36, 0, 0, 0, 0, 51, 1, 1, 
9, 29, 0, 0, 0, 0, 53, 1, 1, 
10, 132, 0, 0, 0, 0, 85, 1, 1, 
11, 398, 0, 0, 0, 0, 90, 1, 1, 
12, 255, 0, 0, 0, 0, 100, 1, 1, 
13, 121, 0, 0, 0, 0, 120, 1, 2, 
14, 114, 0, 0, 0, 0, 110, 2, 2, 
15, 121, 0, 0, 0, 0, 117, 3, 4, 
16, 182, 0, 0, 0, 0, 127, 4, 4, 
17, 149, 0, 0, 0, 0, 119, 4, 5, 
18, 123, 0, 0, 0, 0, 101, 5, 5, 
19, 123, 0, 0, 0, 0, 101, 5, 5, 
20, 226, 0, 0, 80, 36, 40, 5, 6, 
21, 256, 0, 0, 102, 49, 25, 5, 6, 
22, 274, 82, 8, 101, 42, 56, 5, 6, 
23, 224, 51, 45, 96, 66, 50, 5, 6, 
24, 80, 80, 65, 85, 63, 55, 5, 5, 
25, 12, 90, 78, 74, 59, 45, 5, 5, 
26, 6, 244, 173, 29, 40, 47, 5, 5, 
27, 99, 398, 225, 0, 19, 54, 4, 5, 
28, 175, 475, 176, 0, 26, 71, 4, 5, 
29, 632, 857, 335, 0, 37, 274, 4, 5, 
30, 0, 34, 129, 0, 39, 172, 4, 5, 
31, 0, 0, 0, 0, 0, 120, 5, 5, 
32, 18, 0, 0, 0, 22, 82, 4, 5, 
33, 0, 0, 0, 0, 0, 114, 4, 5, 
34, 37, 0, 0, 0, 28, 98, 4, 5, 
35, 17, 0, 0, 3, 40, 99, 4, 5, 
36, 0, 0, 0, 44, 55, 111, 4, 5, 
37, 0, 0, 0, 44, 55, 111, 4, 5, 
38, 0, 0, 0, 109, 94, 82, 4, 5, 
39, 0, 0, 0, 111, 136, 49, 4, 5, 
40, 85, 205, 205, 65, 27, 65, 4, 5, 
41, 0, 184, 137, 48, 21, 72, 4, 5, 
42, 0, 126, 87, 37, 18, 66, 4, 5, 
43, 0, 148, 113, 34, 9, 53, 4, 4, 
44, 0, 194, 148, 17, 13, 35, 3, 4, 
45, 0, 260, 263, 0, 0, 38, 3, 3, 
46, 0, 354, 353, 0, 0, 40, 2, 2, 
47, 0, 586, 387, 0, 0, 49, 2, 2, 
48, 0, 615, 377, 0, 0, 67, 1, 2, 
49, 428, 573, 121, 0, 0, 41, 1, 1, 
50, 0, 452, 0, 0, 13, 36, 1, 1, 
Nothing
1, 0, 3, 3, 0, 0, 19, 1, 1, 
2, 0, 31, 18, 0, 0, 19, 1, 1, 
3, 0, 49, 26, 0, 0, 19, 1, 1, 
4, 0, 81, 35, 0, 0, 21, 1, 1, 
5, 14, 115, 47, 0, 0, 26, 1, 1, 
6, 79, 142, 66, 0, 0, 35, 1, 1, 
7, 104, 133, 64, 0, 0, 39, 1, 1, 
8, 103, 114, 52, 0, 0, 43, 1, 1, 
9, 96, 80, 33, 0, 0, 46, 1, 1, 
10, 71, 44, 0, 0, 0, 53, 1, 1, 
11, 23, 0, 0, 0, 0, 41, 1, 1, 
12, 10, 0, 0, 0, 0, 40, 1, 1, 
13, 75, 0, 0, 0, 0, 39, 1, 1, 
14, 13, 0, 0, 0, 0, 29, 1, 1, 
15, 0, 0, 0, 0, 0, 23, 1, 1, 
16, 0, 0, 0, 0, 0, 20, 1, 1, 
17, 0, 0, 0, 0, 0, 17, 1, 1, 
18, 0, 0, 0, 0, 0, 21, 1, 1, 
19, 25, 0, 0, 0, 0, 21, 1, 1, 
20, 60, 8, 0, 0, 0, 19, 1, 1, 
21, 23, 33, 11, 0, 0, 19, 1, 1, 
22, 0, 58, 34, 0, 0, 24, 1, 1, 
23, 0, 84, 86, 0, 0, 14, 1, 1, 
24, 0, 137, 94, 0, 0, 21, 1, 1, 
25, 0, 171, 100, 0, 0, 37, 1, 1, 
26, 136, 191, 111, 0, 0, 67, 1, 1, 
27, 260, 76, 61, 0, 0, 54, 1, 1, 
28, 26, 49, 93, 0, 0, 46, 1, 1, 
29, 0, 77, 93, 0, 0, 62, 1, 1, 
30, 32, 52, 75, 0, 0, 68, 1, 1, 
31, 0, 0, 3, 0, 0, 56, 1, 1, 
32, 0, 0, 0, 0, 0, 52, 1, 1, 
33, 0, 0, 0, 0, 0, 45, 1, 1, 
34, 0, 0, 0, 0, 0, 45, 1, 1, 
35, 0, 0, 0, 0, 0, 51, 1, 1, 
36, 10, 0, 0, 0, 0, 44, 1, 1, 
37, 10, 0, 0, 0, 0, 44, 1, 1, 
38, 69, 0, 0, 0, 0, 39, 1, 1, 
39, 59, 0, 0, 0, 0, 39, 1, 1, 
40, 33, 1, 0, 0, 0, 39, 1, 1, 
41, 0, 10, 0, 0, 0, 37, 1, 1, 
42, 0, 30, 12, 0, 0, 36, 1, 1, 
43, 0, 71, 64, 0, 0, 39, 1, 1, 
44, 0, 96, 98, 0, 0, 41, 1, 1, 
45, 0, 121, 122, 0, 0, 45, 1, 1, 
46, 0, 122, 131, 0, 0, 48, 1, 1, 
47, 0, 124, 131, 0, 0, 54, 1, 1, 
48, 0, 70, 119, 0, 0, 55, 1, 1, 
49, 0, 43, 93, 0, 0, 52, 1, 1, 
50, 0, 26, 52, 0, 0, 54, 1, 1, 
Strange
1, 16, 0, 0, 0, 0, 76, 1, 1, 
2, 0, 0, 0, 0, 0, 71, 1, 1, 
3, 0, 0, 0, 0, 0, 60, 1, 1, 
4, 2, 0, 0, 0, 0, 57, 1, 1, 
5, 0, 17, 0, 0, 0, 47, 1, 1, 
6, 0, 39, 0, 0, 0, 41, 1, 1, 
7, 0, 82, 0, 0, 0, 36, 1, 1, 
8, 0, 119, 21, 0, 0, 43, 1, 1, 
9, 0, 119, 21, 0, 0, 43, 1, 1, 
10, 5, 132, 75, 0, 0, 50, 1, 1, 
11, 70, 130, 145, 0, 0, 55, 1, 1, 
12, 65, 141, 142, 0, 0, 57, 1, 1, 
13, 0, 134, 113, 0, 0, 69, 1, 1, 
14, 0, 126, 91, 0, 0, 72, 1, 1, 
15, 27, 78, 75, 0, 0, 83, 1, 1, 
16, 66, 53, 59, 0, 0, 86, 1, 1, 
17, 57, 0, 30, 0, 0, 103, 1, 1, 
18, 104, 0, 0, 0, 0, 121, 1, 1, 
19, 104, 0, 0, 0, 0, 121, 1, 1, 
20, 209, 0, 0, 0, 0, 183, 0, 1, 
21, 315, 0, 0, 0, 0, 190, 0, 0, 
22, 323, 0, 0, 0, 0, 187, 0, 0, 
23, 149, 0, 0, 0, 23, 136, 0, 0, 
24, 3, 0, 110, 0, 42, 105, 0, 0, 
25, 3, 0, 110, 0, 42, 105, 0, 0, 
26, 26, 0, 229, 0, 23, 45, 0, 0, 
27, 60, 0, 247, 0, 11, 29, 0, 0, 
28, 65, 0, 263, 0, 0, 17, 0, 0, 
29, 67, 82, 270, 0, 0, 7, 0, 0, 
30, 93, 310, 142, 43, 0, 79, 0, 0, 
31, 29, 195, 0, 89, 0, 129, 0, 0, 
32, 8, 127, 0, 96, 0, 166, 0, 0, 
33, 68, 43, 0, 74, 0, 184, 0, 0, 
34, 89, 0, 0, 59, 0, 185, 0, 0, 
35, 182, 0, 0, 27, 32, 190, 0, 0, 
36, 132, 0, 0, 15, 94, 146, 0, 0, 
37, 17, 0, 0, 15, 115, 107, 0, 0, 
38, 0, 0, 67, 19, 100, 88, 0, 0, 
39, 74, 0, 149, 14, 70, 74, 0, 0, 
40, 165, 0, 233, 4, 26, 31, 0, 0, 
41, 37, 83, 338, 10, 0, 22, 0, 0, 
42, 4, 168, 333, 25, 0, 42, 0, 0, 
43, 47, 212, 222, 38, 0, 64, 0, 0, 
44, 47, 212, 222, 38, 0, 64, 0, 0, 
45, 0, 178, 0, 81, 0, 116, 0, 0, 
46, 0, 182, 0, 88, 0, 141, 0, 0, 
47, 0, 136, 0, 80, 0, 177, 0, 0, 
48, 0, 0, 0, 63, 0, 185, 0, 1, 
49, 4, 0, 0, 48, 34, 151, 1, 1, 
50, 0, 0, 0, 41, 56, 106, 1, 1, 
Spider
1, 11, 20, 2, 0, 0, 35, 1, 1, 
2, 22, 30, 3, 0, 0, 37, 1, 1, 
3, 16, 20, 0, 0, 0, 39, 1, 1, 
4, 11, 15, 0, 0, 0, 39, 1, 1, 
5, 5, 12, 0, 0, 0, 38, 1, 1, 
6, 5, 10, 0, 0, 0, 38, 1, 1, 
7, 0, 2, 0, 0, 0, 39, 1, 1, 
8, 5, 8, 0, 0, 0, 39, 1, 1, 
9, 10, 9, 0, 0, 0, 39, 1, 1, 
10, 7, 5, 0, 0, 0, 38, 1, 1, 
11, 0, 1, 0, 0, 0, 36, 1, 1, 
12, 0, 5, 0, 0, 0, 36, 1, 1, 
13, 2, 12, 6, 0, 0, 35, 1, 1, 
14, 0, 15, 8, 0, 0, 35, 1, 1, 
15, 0, 28, 0, 0, 0, 35, 1, 1, 
16, 0, 36, 0, 0, 0, 48, 1, 1, 
17, 0, 19, 0, 0, 0, 35, 1, 1, 
18, 0, 91, 0, 0, 0, 28, 3, 3, 
19, 0, 81, 0, 0, 0, 0, 4, 4, 
20, 0, 152, 0, 0, 0, 0, 6, 6, 
21, 0, 357, 0, 0, 0, 0, 6, 7, 
22, 0, 522, 0, 0, 0, 0, 6, 7, 
23, 0, 656, 0, 0, 0, 0, 6, 6, 
24, 70, 485, 0, 0, 3, 48, 6, 6, 
25, 0, 148, 0, 0, 1, 198, 5, 5, 
26, 89, 0, 0, 0, 4, 155, 5, 6, 
27, 2, 0, 0, 0, 0, 95, 5, 6, 
28, 328, 0, 0, 0, 0, 22, 5, 6, 
29, 180, 0, 2, 0, 0, 0, 5, 6, 
30, 418, 0, 11, 18, 0, 0, 6, 6, 
31, 241, 0, 0, 0, 0, 0, 5, 6, 
32, 0, 116, 77, 0, 0, 0, 5, 6, 
33, 0, 91, 0, 0, 0, 0, 5, 6, 
34, 0, 91, 0, 0, 0, 0, 5, 6, 
35, 0, 147, 0, 0, 0, 0, 5, 6, 
36, 0, 322, 0, 0, 0, 0, 6, 6, 
37, 0, 546, 0, 0, 0, 0, 5, 5, 
38, 0, 699, 39, 0, 0, 0, 5, 6, 
39, 0, 699, 39, 0, 0, 0, 5, 6, 
40, 395, 630, 96, 34, 0, 68, 5, 5, 
41, 476, 470, 199, 41, 34, 79, 4, 5, 
42, 417, 302, 353, 41, 47, 91, 3, 4, 
43, 380, 214, 433, 39, 47, 90, 2, 3, 
44, 287, 181, 482, 27, 48, 75, 2, 2, 
45, 287, 181, 482, 27, 48, 75, 2, 2, 
46, 4, 411, 703, 0, 0, 57, 1, 1, 
47, 16, 544, 676, 0, 0, 74, 1, 1, 
48, 0, 587, 307, 0, 0, 76, 1, 1, 
49, 0, 306, 135, 0, 0, 64, 1, 1, 
50, 0, 280, 198, 0, 0, 46, 1, 1, 
Shield
1, 0, 6, 0, 0, 0, 39, 1, 1, 
2, 0, 4, 0, 0, 0, 39, 1, 1, 
3, 0, 4, 0, 0, 0, 39, 1, 1, 
4, 0, 3, 0, 0, 0, 40, 1, 1, 
5, 0, 3, 0, 0, 0, 40, 1, 1, 
6, 0, 3, 0, 0, 0, 40, 1, 1, 
7, 0, 0, 0, 0, 0, 33, 1, 1, 
8, 0, 0, 0, 0, 0, 39, 1, 1, 
9, 0, 0, 0, 0, 0, 34, 1, 1, 
10, 0, 8, 45, 0, 0, 45, 1, 1, 
11, 46, 0, 89, 0, 0, 43, 1, 1, 
12, 0, 0, 72, 0, 0, 32, 1, 1, 
13, 0, 0, 103, 0, 0, 35, 1, 1, 
14, 0, 0, 122, 0, 0, 32, 1, 1, 
15, 0, 5, 89, 0, 0, 35, 1, 1, 
16, 31, 11, 32, 0, 0, 41, 1, 1, 
17, 18, 0, 0, 0, 0, 39, 1, 1, 
18, 0, 0, 0, 0, 0, 48, 1, 1, 
19, 0, 0, 0, 0, 0, 54, 1, 1, 
20, 0, 0, 0, 0, 0, 45, 1, 1, 
21, 30, 0, 0, 0, 0, 41, 1, 1, 
22, 0, 4, 0, 0, 0, 16, 1, 1, 
23, 0, 73, 0, 0, 0, 0, 2, 2, 
24, 0, 465, 0, 0, 0, 0, 4, 4, 
25, 0, 465, 0, 0, 0, 0, 4, 4, 
26, 0, 527, 0, 0, 0, 0, 4, 5, 
27, 0, 515, 0, 0, 0, 7, 4, 5, 
28, 0, 498, 0, 0, 0, 77, 4, 5, 
29, 487, 217, 0, 0, 0, 283, 8, 7, 
30, 0, 0, 0, 15, 39, 104, 6, 6, 
31, 0, 0, 116, 33, 0, 74, 3, 4, 
32, 72, 0, 293, 0, 0, 102, 2, 3, 
33, 0, 0, 426, 0, 0, 56, 2, 3, 
34, 0, 0, 588, 0, 0, 23, 2, 2, 
35, 0, 0, 654, 0, 0, 0, 2, 2, 
36, 0, 0, 670, 0, 0, 0, 2, 2, 
37, 148, 0, 467, 0, 0, 0, 1, 2, 
38, 323, 0, 441, 0, 0, 0, 2, 2, 
39, 146, 0, 648, 0, 0, 0, 1, 2, 
40, 29, 12, 508, 0, 0, 1, 1, 2, 
41, 0, 18, 116, 0, 0, 3, 1, 1, 
42, 0, 53, 67, 0, 0, 9, 1, 1, 
43, 31, 57, 7, 0, 0, 0, 2, 2, 
44, 13, 69, 0, 0, 0, 0, 2, 2, 
45, 10, 258, 0, 0, 0, 0, 1, 1, 
46, 0, 355, 0, 0, 44, 88, 2, 2, 
47, 63, 0, 0, 0, 0, 173, 1, 2, 
48, 368, 71, 0, 0, 0, 64, 1, 1, 
49, 873, 129, 76, 0, 0, 8, 1, 1, 
50, 760, 118, 101, 0, 0, 4, 1, 1, 
Nothing
1, 0, 0, 38, 0, 0, 35, 1, 1, 
2, 0, 7, 46, 0, 0, 35, 1, 1, 
3, 0, 10, 50, 0, 0, 36, 1, 1, 
4, 0, 13, 51, 0, 0, 36, 1, 1, 
5, 0, 16, 41, 0, 0, 40, 1, 1, 
6, 0, 6, 31, 0, 0, 41, 1, 1, 
7, 0, 0, 0, 0, 0, 40, 1, 1, 
8, 0, 0, 0, 0, 0, 43, 1, 1, 
9, 0, 0, 0, 0, 0, 44, 1, 1, 
10, 0, 0, 0, 0, 0, 42, 1, 1, 
11, 0, 0, 0, 0, 0, 42, 1, 1, 
12, 0, 0, 0, 0, 0, 44, 1, 1, 
13, 0, 0, 6, 0, 0, 46, 1, 1, 
14, 0, 0, 36, 0, 0, 43, 1, 1, 
15, 0, 0, 48, 0, 0, 35, 1, 1, 
16, 0, 0, 43, 0, 0, 35, 1, 1, 
17, 0, 0, 43, 0, 0, 35, 1, 1, 
18, 0, 0, 43, 0, 0, 35, 1, 1, 
19, 0, 0, 43, 0, 0, 35, 1, 1, 
20, 0, 0, 29, 0, 0, 30, 1, 1, 
21, 0, 10, 26, 0, 0, 29, 1, 1, 
22, 0, 30, 27, 0, 0, 29, 1, 1, 
23, 0, 0, 0, 0, 0, 44, 1, 1, 
24, 0, 0, 0, 0, 0, 50, 1, 1, 
25, 0, 0, 0, 0, 0, 42, 1, 1, 
26, 0, 0, 0, 0, 0, 35, 1, 1, 
27, 0, 0, 1, 0, 0, 32, 1, 1, 
28, 0, 0, 47, 0, 0, 22, 1, 1, 
29, 0, 0, 56, 0, 0, 20, 1, 1, 
30, 0, 0, 10, 0, 0, 19, 1, 1, 
31, 0, 0, 3, 0, 0, 18, 1, 1, 
32, 0, 0, 0, 0, 0, 18, 1, 1, 
33, 0, 0, 0, 0, 0, 18, 1, 1, 
34, 0, 0, 0, 0, 0, 18, 1, 1, 
35, 0, 0, 20, 0, 0, 18, 1, 1, 
36, 0, 0, 32, 0, 0, 17, 1, 1, 
37, 0, 28, 46, 0, 0, 18, 1, 1, 
38, 0, 58, 54, 0, 0, 24, 1, 1, 
39, 1, 78, 61, 0, 0, 30, 1, 1, 
40, 1, 78, 61, 0, 0, 30, 1, 1, 
41, 94, 97, 47, 0, 0, 39, 1, 1, 
42, 106, 86, 31, 0, 0, 39, 1, 1, 
43, 112, 16, 0, 0, 0, 37, 1, 1, 
44, 112, 0, 0, 0, 0, 31, 1, 1, 
45, 122, 0, 0, 0, 0, 29, 1, 1, 
46, 123, 0, 0, 0, 0, 20, 1, 1, 
47, 107, 0, 0, 0, 0, 16, 1, 1, 
48, 65, 0, 0, 0, 0, 12, 1, 1, 
49, 139, 73, 0, 0, 0, 20, 1, 1, 
50, 347, 149, 18, 0, 0, 26, 1, 1, 
Thor
1, 0, 0, 27, 0, 0, 54, 1, 1, 
2, 0, 0, 27, 0, 0, 54, 1, 1, 
3, 0, 0, 0, 0, 0, 54, 1, 2, 
4, 0, 28, 0, 0, 0, 57, 1, 2, 
5, 26, 58, 0, 0, 0, 61, 2, 2, 
6, 50, 29, 0, 0, 0, 62, 2, 2, 
7, 38, 0, 0, 0, 0, 54, 2, 2, 
8, 6, 0, 0, 0, 0, 51, 2, 2, 
9, 35, 0, 0, 0, 0, 50, 2, 2, 
10, 78, 0, 0, 0, 0, 50, 2, 2, 
11, 0, 0, 0, 0, 0, 41, 2, 2, 
12, 0, 0, 0, 0, 0, 41, 2, 2, 
13, 0, 0, 0, 0, 0, 53, 2, 2, 
14, 26, 0, 0, 0, 0, 56, 2, 2, 
15, 0, 0, 0, 0, 0, 56, 2, 3, 
16, 0, 0, 0, 0, 0, 51, 3, 3, 
17, 0, 0, 0, 0, 0, 74, 3, 3, 
18, 0, 0, 0, 0, 0, 84, 3, 4, 
19, 0, 0, 0, 0, 0, 69, 3, 4, 
20, 0, 0, 11, 0, 25, 0, 4, 4, 
21, 0, 0, 94, 0, 2, 0, 4, 5, 
22, 308, 0, 483, 0, 0, 0, 5, 6, 
23, 345, 208, 606, 0, 0, 0, 5, 6, 
24, 205, 869, 0, 0, 0, 90, 4, 4, 
25, 452, 426, 0, 0, 0, 185, 4, 4, 
26, 38, 0, 0, 0, 0, 162, 3, 4, 
27, 80, 0, 0, 0, 0, 117, 4, 4, 
28, 104, 0, 0, 0, 8, 77, 3, 3, 
29, 101, 0, 0, 0, 24, 48, 3, 4, 
30, 143, 0, 56, 0, 25, 8, 3, 4, 
31, 164, 0, 386, 0, 0, 0, 3, 4, 
32, 0, 0, 566, 0, 0, 0, 1, 2, 
33, 0, 287, 669, 0, 0, 0, 1, 1, 
34, 0, 561, 577, 0, 0, 0, 0, 1, 
35, 0, 775, 389, 0, 0, 0, 0, 0, 
36, 61, 706, 104, 0, 0, 0, 0, 0, 
37, 8, 602, 0, 0, 0, 0, 0, 0, 
38, 0, 590, 0, 0, 0, 0, 0, 0, 
39, 276, 475, 0, 0, 0, 0, 0, 0, 
40, 107, 277, 0, 0, 0, 36, 0, 1, 
41, 60, 157, 0, 16, 0, 32, 0, 1, 
42, 34, 64, 0, 36, 0, 25, 1, 1, 
43, 33, 0, 19, 44, 0, 14, 1, 1, 
44, 1, 0, 29, 47, 0, 5, 1, 1, 
45, 0, 0, 43, 46, 0, 5, 1, 1, 
46, 41, 0, 64, 36, 0, 11, 1, 1, 
47, 44, 0, 85, 19, 0, 8, 1, 1, 
48, 42, 0, 96, 10, 0, 11, 1, 1, 
49, 258, 0, 277, 0, 0, 14, 1, 1, 
50, 370, 0, 357, 0, 0, 0, 1, 1, 
Spear
1, 222, 0, 0, 0, 0, 31, 6, 7, 
2, 170, 0, 0, 19, 0, 20, 6, 7, 
3, 88, 0, 0, 39, 1, 20, 5, 6, 
4, 88, 0, 0, 39, 1, 20, 5, 6, 
5, 88, 0, 0, 39, 1, 20, 5, 6, 
6, 0, 22, 0, 68, 25, 45, 5, 5, 
7, 0, 18, 0, 77, 17, 54, 5, 5, 
8, 0, 14, 4, 91, 15, 66, 5, 5, 
9, 0, 1, 0, 91, 7, 71, 5, 5, 
10, 0, 2, 32, 87, 20, 58, 5, 5, 
11, 0, 15, 75, 74, 18, 57, 5, 5, 
12, 0, 0, 112, 52, 26, 50, 5, 6, 
13, 0, 0, 197, 44, 25, 44, 4, 5, 
14, 0, 0, 197, 44, 25, 44, 4, 5, 
15, 0, 0, 331, 21, 1, 29, 4, 5, 
16, 0, 0, 448, 0, 0, 10, 5, 6, 
17, 148, 222, 681, 0, 0, 7, 5, 6, 
18, 56, 400, 852, 0, 0, 85, 5, 6, 
19, 315, 669, 518, 0, 0, 192, 5, 5, 
20, 0, 0, 0, 0, 0, 188, 5, 5, 
21, 0, 0, 0, 25, 0, 140, 5, 5, 
22, 0, 0, 0, 1, 0, 97, 5, 5, 
23, 0, 0, 0, 0, 0, 81, 5, 5, 
24, 191, 0, 0, 0, 12, 10, 5, 5, 
25, 34, 0, 0, 0, 73, 0, 5, 5, 
26, 0, 0, 0, 0, 172, 11, 5, 6, 
27, 18, 297, 783, 0, 75, 0, 5, 5, 
28, 0, 354, 762, 0, 0, 79, 5, 5, 
29, 0, 85, 619, 0, 0, 129, 4, 5, 
30, 162, 162, 14, 101, 0, 122, 4, 5, 
31, 0, 0, 0, 32, 0, 135, 4, 5, 
32, 190, 0, 0, 0, 0, 49, 4, 5, 
33, 275, 0, 0, 0, 0, 11, 4, 5, 
34, 244, 0, 0, 0, 0, 0, 4, 5, 
35, 88, 0, 0, 0, 59, 0, 4, 5, 
36, 0, 11, 0, 0, 107, 21, 4, 4, 
37, 156, 99, 0, 0, 158, 31, 4, 4, 
38, 156, 99, 0, 0, 158, 31, 4, 4, 
39, 0, 31, 345, 0, 140, 63, 3, 3, 
40, 0, 31, 345, 0, 140, 63, 3, 3, 
41, 25, 50, 873, 0, 0, 46, 1, 1, 
42, 40, 254, 668, 0, 0, 75, 1, 1, 
43, 500, 214, 519, 0, 0, 92, 1, 1, 
44, 413, 163, 373, 27, 0, 79, 1, 1, 
45, 0, 0, 93, 32, 0, 78, 1, 1, 
46, 0, 0, 61, 35, 0, 77, 1, 1, 
47, 0, 64, 90, 34, 0, 71, 1, 1, 
48, 0, 97, 155, 12, 0, 70, 1, 1, 
49, 0, 90, 228, 0, 0, 43, 1, 1, 
50, 0, 83, 222, 0, 0, 35, 1, 1, 
Grenade
1, 0, 7, 0, 0, 0, 39, 1, 1, 
2, 0, 5, 0, 0, 0, 38, 1, 1, 
3, 0, 5, 0, 0, 0, 39, 1, 1, 
4, 0, 5, 0, 0, 0, 40, 1, 1, 
5, 0, 7, 0, 0, 0, 41, 1, 1, 
6, 0, 8, 0, 0, 0, 41, 1, 1, 
7, 2, 9, 0, 0, 0, 40, 1, 1, 
8, 1, 8, 0, 0, 0, 40, 1, 1, 
9, 2, 8, 0, 0, 0, 40, 1, 1, 
10, 3, 8, 0, 0, 0, 40, 1, 1, 
11, 5, 9, 0, 0, 0, 40, 1, 1, 
12, 5, 11, 0, 0, 0, 40, 1, 1, 
13, 6, 12, 0, 0, 0, 41, 1, 1, 
14, 7, 11, 0, 0, 0, 40, 1, 1, 
15, 6, 10, 0, 0, 0, 39, 1, 1, 
16, 4, 9, 0, 0, 0, 39, 1, 1, 
17, 4, 9, 0, 0, 0, 39, 1, 1, 
18, 1, 9, 0, 0, 0, 39, 1, 1, 
19, 1, 9, 0, 0, 0, 40, 1, 1, 
20, 7, 24, 0, 0, 0, 51, 1, 1, 
21, 49, 51, 0, 0, 0, 67, 1, 1, 
22, 158, 10, 0, 0, 0, 151, 1, 1, 
23, 0, 0, 0, 0, 0, 217, 1, 1, 
24, 0, 0, 0, 0, 0, 114, 3, 3, 
25, 0, 0, 0, 0, 0, 54, 4, 4, 
26, 52, 0, 0, 0, 0, 17, 5, 5, 
27, 78, 0, 0, 0, 0, 0, 5, 6, 
28, 142, 0, 0, 0, 0, 0, 5, 6, 
29, 0, 0, 0, 0, 93, 9, 5, 5, 
30, 560, 0, 0, 0, 276, 48, 5, 5, 
31, 58, 0, 259, 0, 473, 0, 4, 5, 
32, 0, 34, 873, 0, 0, 17, 1, 1, 
33, 145, 108, 873, 0, 0, 59, 0, 0, 
34, 414, 159, 634, 0, 0, 69, 0, 0, 
35, 873, 333, 586, 34, 0, 51, 0, 0, 
36, 370, 298, 148, 24, 0, 101, 0, 0, 
37, 0, 67, 97, 31, 12, 89, 0, 0, 
38, 0, 97, 139, 36, 0, 89, 0, 1, 
39, 0, 216, 100, 24, 0, 93, 0, 1, 
40, 4, 208, 90, 0, 0, 94, 0, 1, 
41, 0, 163, 66, 0, 0, 62, 1, 1, 
42, 0, 155, 77, 0, 0, 49, 1, 1, 
43, 0, 251, 96, 0, 0, 38, 1, 1, 
44, 0, 251, 96, 0, 0, 38, 1, 1, 
45, 0, 276, 95, 0, 0, 36, 1, 1, 
46, 0, 276, 95, 0, 0, 36, 1, 1, 
47, 0, 542, 0, 0, 0, 68, 1, 1, 
48, 0, 447, 45, 0, 0, 90, 1, 1, 
49, 0, 370, 109, 0, 0, 100, 1, 1, 
50, 0, 300, 85, 0, 0, 80, 1, 1, 
Reload
1, 13, 30, 14, 0, 0, 31, 1, 2, 
2, 0, 13, 0, 0, 0, 31, 1, 1, 
3, 0, 0, 0, 0, 0, 31, 1, 1, 
4, 22, 0, 0, 0, 0, 39, 1, 1, 
5, 49, 0, 0, 0, 0, 41, 1, 1, 
6, 20, 0, 0, 0, 0, 44, 1, 1, 
7, 0, 0, 0, 0, 0, 38, 1, 1, 
8, 0, 0, 0, 0, 0, 34, 1, 1, 
9, 0, 0, 0, 0, 0, 34, 1, 1, 
10, 0, 12, 0, 0, 0, 45, 1, 1, 
11, 50, 17, 0, 0, 0, 43, 1, 1, 
12, 50, 17, 0, 0, 0, 43, 1, 1, 
13, 62, 25, 0, 0, 0, 38, 1, 1, 
14, 22, 14, 0, 0, 0, 36, 1, 1, 
15, 22, 14, 0, 0, 0, 36, 1, 1, 
16, 7, 64, 69, 0, 0, 30, 1, 1, 
17, 83, 99, 82, 0, 0, 34, 1, 1, 
18, 126, 105, 74, 0, 0, 33, 1, 1, 
19, 52, 52, 38, 0, 0, 32, 1, 1, 
20, 0, 0, 0, 0, 0, 35, 1, 1, 
21, 66, 0, 0, 0, 0, 82, 1, 1, 
22, 170, 0, 0, 0, 0, 84, 1, 1, 
23, 0, 0, 0, 0, 0, 92, 1, 1, 
24, 64, 0, 0, 0, 0, 38, 2, 2, 
25, 265, 95, 0, 0, 0, 34, 1, 2, 
26, 268, 0, 0, 0, 7, 0, 1, 2, 
27, 71, 0, 0, 0, 74, 0, 2, 2, 
28, 325, 226, 39, 0, 151, 18, 2, 2, 
29, 62, 322, 404, 0, 120, 39, 2, 2, 
30, 0, 179, 529, 0, 46, 88, 1, 2, 
31, 30, 94, 665, 0, 0, 90, 1, 1, 
32, 0, 40, 378, 0, 0, 105, 1, 1, 
33, 0, 2, 216, 0, 0, 85, 1, 1, 
34, 0, 33, 168, 0, 0, 63, 1, 1, 
35, 0, 107, 201, 0, 0, 42, 1, 1, 
36, 0, 136, 260, 0, 0, 32, 1, 1, 
37, 0, 191, 302, 0, 0, 20, 1, 1, 
38, 0, 296, 315, 0, 0, 6, 0, 1, 
39, 0, 307, 194, 0, 0, 9, 0, 0, 
40, 0, 356, 130, 0, 0, 1, 0, 0, 
41, 0, 0, 0, 0, 0, 80, 0, 1, 
42, 0, 0, 0, 0, 0, 0, 1, 1, 
43, 321, 0, 0, 0, 0, 13, 1, 1, 
44, 442, 0, 165, 0, 0, 10, 1, 1, 
45, 378, 0, 180, 0, 0, 8, 1, 1, 
46, 145, 11, 162, 0, 0, 9, 1, 1, 
47, 0, 22, 89, 0, 0, 22, 1, 1, 
48, 0, 0, 54, 0, 0, 25, 1, 1, 
49, 0, 0, 10, 0, 0, 20, 1, 1, 
50, 0, 27, 0, 0, 0, 21, 1, 1, 
Punch
1, 0, 0, 0, 0, 0, 48, 1, 1, 
2, 18, 0, 0, 0, 0, 43, 1, 1, 
3, 21, 0, 0, 0, 0, 39, 1, 1, 
4, 14, 59, 53, 0, 0, 31, 1, 1, 
5, 0, 83, 100, 0, 0, 27, 1, 1, 
6, 0, 100, 137, 0, 0, 26, 1, 1, 
7, 0, 130, 187, 0, 0, 26, 1, 1, 
8, 18, 170, 216, 0, 0, 35, 1, 1, 
9, 76, 184, 200, 0, 0, 40, 1, 1, 
10, 81, 164, 131, 0, 0, 41, 1, 1, 
11, 42, 121, 49, 0, 0, 46, 1, 1, 
12, 0, 15, 0, 0, 0, 59, 1, 1, 
13, 0, 0, 0, 0, 0, 67, 1, 1, 
14, 0, 0, 0, 0, 0, 55, 1, 1, 
15, 0, 0, 0, 0, 0, 77, 2, 2, 
16, 14, 0, 0, 0, 0, 94, 4, 4, 
17, 134, 0, 0, 0, 0, 131, 5, 5, 
18, 134, 0, 0, 0, 0, 131, 5, 5, 
19, 134, 0, 0, 0, 0, 131, 5, 5, 
20, 103, 0, 0, 0, 0, 94, 5, 6, 
21, 239, 0, 0, 0, 0, 79, 5, 6, 
22, 484, 0, 0, 70, 70, 0, 5, 5, 
23, 443, 0, 0, 91, 73, 0, 5, 6, 
24, 119, 317, 206, 0, 22, 31, 4, 5, 
25, 226, 375, 166, 0, 0, 40, 4, 5, 
26, 361, 753, 375, 0, 0, 225, 4, 4, 
27, 361, 753, 375, 0, 0, 225, 4, 4, 
28, 0, 0, 0, 0, 0, 152, 4, 4, 
29, 37, 0, 0, 0, 0, 118, 4, 4, 
30, 0, 0, 0, 0, 0, 97, 3, 4, 
31, 0, 0, 0, 0, 0, 108, 3, 4, 
32, 0, 0, 0, 33, 29, 98, 3, 3, 
33, 0, 0, 0, 86, 69, 85, 3, 3, 
34, 0, 0, 21, 84, 80, 43, 2, 2, 
35, 0, 0, 232, 59, 48, 26, 2, 2, 
36, 0, 232, 485, 29, 0, 41, 1, 1, 
37, 0, 232, 485, 29, 0, 41, 1, 1, 
38, 0, 232, 485, 29, 0, 41, 1, 1, 
39, 0, 486, 396, 0, 0, 39, 1, 1, 
40, 0, 401, 278, 0, 0, 26, 1, 1, 
41, 0, 367, 711, 0, 0, 39, 1, 1, 
42, 575, 615, 873, 0, 0, 83, 1, 1, 
43, 0, 58, 294, 0, 0, 0, 0, 1, 
44, 0, 0, 0, 0, 0, 53, 1, 1, 
45, 0, 0, 0, 0, 0, 42, 1, 1, 
46, 138, 0, 0, 0, 0, 24, 1, 1, 
47, 324, 0, 0, 0, 0, 25, 1, 1, 
48, 136, 0, 0, 0, 0, 9, 1, 1, 
49, 0, 0, 28, 0, 0, 13, 1, 1, 
50, 0, 26, 56, 0, 0, 23, 1, 1, 
Nothing
1, 0, 0, 0, 0, 0, 75, 1, 1, 
2, 0, 112, 0, 0, 0, 52, 1, 1, 
3, 0, 190, 45, 0, 0, 56, 1, 1, 
4, 53, 207, 162, 0, 0, 59, 1, 1, 
5, 158, 197, 181, 0, 0, 68, 1, 1, 
6, 88, 158, 137, 0, 0, 61, 1, 1, 
7, 0, 133, 54, 0, 0, 65, 1, 1, 
8, 0, 123, 0, 0, 0, 74, 1, 1, 
9, 39, 7, 0, 0, 0, 104, 1, 1, 
10, 140, 0, 0, 0, 0, 99, 1, 1, 
