0 (1, 4, 0, 170, 0, 0, 0, 0, 0, 2, 0, 181)
1 (1, 4, 0, 200, 0, 0, 0, 0, 0, 2, 0, 153)
2 (1, 4, 0, 361, 0, 0, 0, 0, 1, 2, 0, 104)
3 (1, 4, 0, 659, 0, 0, 0, 0, 1, 2, 0, 191)
4 (1, 4, 0, 809, 0, 0, 0, 0, 1, 2, 0, 38)
5 (1, 4, 219, 717, 0, 0, 0, 0, 0, 2, 0, 37)
6 (1, 4, 145, 788, 0, 0, 1, 0, 1, 2, 0, 219)
7 (1, 4, 7, 678, 0, 6, 26, 35, 0, 2, 0, 8)
8 (1, 4, 132, 516, 0, 33, 25, 109, 0, 2, 0, 253)
9 (1, 4, 0, 219, 0, 35, 0, 131, 0, 2, 0, 4)
10 (1, 4, 0, 0, 0, 0, 0, 191, 0, 2, 0, 169)
11 (1, 4, 0, 0, 0, 0, 0, 140, 0, 2, 0, 189)
12 (1, 4, 3, 0, 76, 0, 28, 6, 0, 2, 0, 200)
13 (1, 4, 0, 0, 152, 0, 0, 0, 0, 2, 0, 154)
14 (1, 4, 29, 0, 120, 49, 0, 0, 0, 2, 0, 201)
15 (1, 4, 0, 0, 36, 62, 0, 0, 0, 2, 0, 172)
16 (1, 4, 0, 0, 0, 68, 0, 0, 0, 2, 0, 1)
17 (1, 4, 0, 0, 0, 51, 0, 0, 0, 2, 0, 151)
18 (1, 4, 49, 16, 36, 34, 0, 0, 0, 2, 0, 151)
19 (1, 4, 0, 26, 10, 27, 0, 0, 0, 2, 0, 170)
20 (1, 4, 0, 29, 0, 25, 0, 0, 0, 2, 0, 5)
21 (1, 4, 0, 21, 8, 25, 0, 0, 0, 2, 0, 10)
22 (1, 4, 0, 10, 17, 26, 0, 0, 0, 2, 0, 172)
23 (1, 4, 0, 0, 2, 31, 0, 0, 0, 2, 0, 213)
24 (1, 4, 0, 5, 6, 35, 0, 0, 0, 2, 0, 126)
25 (1, 4, 0, 10, 5, 33, 0, 0, 0, 2, 0, 74)
26 (1, 4, 0, 6, 4, 31, 0, 0, 0, 2, 0, 19)
27 (1, 4, 0, 0, 0, 31, 0, 0, 0, 2, 0, 250)
28 (1, 4, 0, 13, 0, 31, 0, 0, 0, 2, 0, 38)
29 (1, 4, 0, 1, 5, 31, 0, 0, 0, 2, 0, 133)
30 (1, 4, 0, 0, 0, 30, 0, 0, 0, 2, 0, 229)
31 (1, 4, 0, 0, 0, 33, 0, 0, 0, 2, 0, 94)
0 (1, 4, 106, 0, 14, 0, 0, 0, 1, 2, 0, 37)
1 (1, 4, 103, 0, 7, 0, 0, 0, 1, 2, 0, 75)
2 (1, 4, 67, 38, 0, 0, 0, 0, 1, 2, 0, 36)
3 (1, 4, 139, 40, 0, 0, 0, 0, 1, 2, 0, 204)
4 (1, 4, 179, 15, 31, 0, 0, 0, 1, 2, 0, 125)
5 (1, 4, 187, 0, 0, 0, 0, 0, 1, 2, 0, 154)
6 (1, 4, 26, 41, 0, 0, 0, 0, 1, 2, 0, 130)
7 (1, 4, 0, 77, 0, 0, 0, 0, 1, 2, 0, 149)
8 (1, 4, 0, 123, 0, 0, 0, 0, 1, 2, 0, 129)
9 (1, 4, 0, 185, 0, 0, 0, 0, 1, 2, 0, 110)
10 (1, 4, 0, 528, 0, 0, 0, 0, 1, 2, 0, 102)
11 (1, 4, 0, 873, 0, 0, 0, 0, 1, 2, 0, 165)
12 (1, 4, 0, 873, 0, 0, 0, 0, 0, 2, 0, 199)
13 (1, 4, 0, 873, 0, 0, 5, 0, 0, 2, 0, 93)
14 (1, 4, 0, 873, 84, 0, 8, 31, 0, 2, 0, 246)
15 (1, 4, 294, 437, 234, 0, 0, 199, 0, 2, 0, 218)
16 (1, 4, 0, 90, 0, 18, 0, 145, 1, 2, 0, 185)
17 (1, 4, 130, 0, 0, 0, 0, 260, 0, 2, 0, 253)
18 (1, 4, 0, 0, 268, 0, 63, 109, 0, 2, 0, 146)
19 (1, 4, 0, 0, 112, 0, 0, 0, 0, 2, 0, 210)
20 (1, 4, 0, 0, 79, 124, 0, 0, 0, 2, 0, 69)
21 (1, 4, 0, 43, 13, 37, 0, 0, 0, 2, 0, 253)
22 (1, 4, 0, 0, 50, 45, 0, 0, 0, 2, 0, 116)
23 (1, 4, 0, 0, 0, 44, 0, 0, 0, 2, 0, 197)
24 (1, 4, 5, 0, 0, 28, 0, 0, 0, 2, 0, 237)
25 (1, 4, 15, 0, 0, 35, 0, 0, 0, 2, 0, 58)
26 (1, 4, 16, 0, 0, 28, 0, 0, 0, 2, 0, 59)
27 (1, 4, 22, 0, 0, 33, 0, 0, 0, 2, 0, 154)
28 (1, 4, 0, 0, 0, 32, 0, 0, 0, 2, 0, 65)
29 (1, 4, 42, 0, 0, 1, 0, 0, 0, 2, 0, 28)
30 (1, 4, 1, 0, 0, 0, 0, 0, 0, 2, 0, 166)
31 (1, 4, 112, 0, 0, 0, 0, 0, 1, 2, 0, 100)
0 (1, 4, 0, 0, 66, 0, 6, 0, 1, 2, 0, 15)
1 (1, 4, 0, 56, 0, 0, 11, 0, 1, 2, 0, 144)
2 (1, 4, 0, 23, 0, 0, 27, 0, 1, 2, 0, 102)
3 (1, 4, 0, 49, 0, 0, 0, 0, 1, 2, 0, 220)
4 (1, 4, 0, 43, 0, 0, 0, 0, 1, 2, 0, 99)
5 (1, 4, 0, 92, 0, 0, 0, 0, 0, 2, 0, 35)
6 (1, 4, 0, 232, 0, 0, 0, 0, 0, 2, 0, 91)
7 (1, 4, 0, 873, 0, 0, 0, 0, 0, 2, 0, 199)
8 (1, 4, 243, 873, 0, 0, 0, 0, 0, 2, 0, 110)
9 (1, 4, 465, 873, 0, 0, 0, 0, 0, 2, 0, 183)
10 (1, 4, 269, 873, 0, 0, 93, 0, 0, 2, 0, 71)
11 (1, 4, 136, 873, 2, 0, 39, 80, 0, 2, 0, 126)
12 (1, 4, 148, 403, 57, 0, 0, 252, 0, 2, 0, 179)
13 (1, 4, 106, 0, 0, 0, 0, 218, 0, 2, 0, 197)
14 (1, 4, 0, 0, 0, 0, 35, 137, 0, 2, 0, 145)
15 (1, 4, 0, 0, 281, 0, 57, 0, 0, 2, 0, 146)
16 (1, 4, 533, 0, 569, 0, 0, 0, 0, 2, 0, 105)
17 (1, 4, 0, 28, 0, 49, 0, 0, 0, 2, 0, 161)
18 (1, 4, 0, 0, 77, 49, 0, 0, 0, 2, 0, 36)
19 (1, 4, 0, 0, 0, 54, 0, 0, 0, 2, 0, 244)
20 (1, 4, 0, 0, 0, 44, 0, 0, 0, 2, 0, 197)
21 (1, 4, 1, 0, 0, 33, 0, 0, 0, 2, 0, 80)
22 (1, 4, 0, 0, 0, 42, 0, 0, 0, 2, 0, 135)
23 (1, 4, 0, 52, 9, 46, 0, 0, 0, 2, 0, 170)
24 (1, 4, 18, 16, 25, 34, 0, 0, 0, 2, 0, 181)
25 (1, 4, 52, 0, 30, 21, 0, 0, 0, 2, 0, 145)
26 (1, 4, 142, 0, 3, 11, 0, 0, 0, 2, 0, 139)
27 (1, 4, 325, 0, 114, 0, 0, 0, 1, 2, 0, 34)
28 (1, 4, 332, 0, 228, 0, 0, 0, 1, 2, 0, 163)
29 (1, 4, 330, 0, 267, 0, 0, 0, 1, 2, 0, 119)
30 (1, 4, 194, 0, 339, 0, 0, 0, 1, 2, 0, 40)
31 (1, 4, 245, 0, 379, 0, 0, 0, 1, 2, 0, 103)
0 (1, 4, 0, 512, 0, 0, 0, 0, 0, 2, 0, 101)
1 (1, 4, 0, 873, 0, 0, 0, 0, 1, 2, 0, 165)
2 (1, 4, 161, 873, 0, 0, 0, 0, 0, 2, 0, 27)
3 (1, 4, 382, 873, 0, 0, 26, 0, 0, 2, 0, 137)
4 (1, 4, 280, 873, 97, 0, 83, 0, 1, 2, 0, 178)
5 (1, 4, 526, 598, 281, 0, 0, 191, 0, 2, 0, 107)
6 (1, 4, 52, 387, 0, 56, 16, 80, 1, 2, 0, 28)
7 (1, 4, 0, 155, 0, 0, 0, 215, 0, 2, 0, 172)
8 (1, 4, 5, 0, 0, 0, 66, 147, 1, 2, 0, 43)
9 (1, 4, 0, 0, 64, 0, 73, 0, 0, 2, 0, 241)
10 (1, 4, 0, 0, 508, 0, 0, 0, 0, 2, 0, 156)
11 (1, 4, 0, 0, 76, 145, 0, 0, 0, 2, 0, 244)
12 (1, 4, 0, 59, 0, 55, 0, 0, 0, 2, 0, 35)
13 (1, 4, 0, 0, 25, 66, 0, 0, 0, 2, 0, 20)
14 (1, 4, 0, 20, 0, 60, 0, 0, 0, 2, 0, 137)
15 (1, 4, 49, 14, 18, 39, 0, 0, 0, 2, 0, 97)
16 (1, 4, 0, 31, 6, 26, 0, 0, 0, 2, 0, 56)
17 (1, 4, 0, 24, 0, 34, 0, 0, 0, 2, 0, 173)
18 (1, 4, 28, 12, 0, 39, 0, 0, 0, 2, 0, 221)
19 (1, 4, 0, 0, 0, 39, 0, 0, 0, 2, 0, 28)
20 (1, 4, 0, 0, 0, 38, 0, 0, 0, 2, 0, 3)
21 (1, 4, 29, 0, 3, 31, 0, 0, 0, 2, 0, 231)
22 (1, 4, 84, 0, 0, 11, 0, 0, 0, 2, 0, 32)
23 (1, 4, 122, 0, 0, 0, 0, 0, 0, 2, 0, 106)
24 (1, 4, 114, 0, 0, 0, 0, 0, 1, 2, 0, 120)
25 (1, 4, 286, 0, 84, 0, 0, 0, 1, 2, 0, 166)
26 (1, 4, 324, 0, 171, 0, 0, 0, 1, 2, 0, 113)
27 (1, 4, 137, 0, 297, 0, 0, 0, 1, 2, 0, 42)
28 (1, 4, 220, 0, 386, 0, 0, 0, 1, 2, 0, 125)
29 (1, 4, 0, 0, 363, 0, 0, 0, 1, 2, 0, 149)
30 (1, 4, 0, 0, 371, 0, 0, 0, 1, 2, 0, 86)
31 (1, 4, 0, 0, 376, 0, 0, 0, 1, 2, 0, 81)
0 (1, 4, 0, 873, 0, 0, 0, 0, 0, 1, 0, 122)
1 (1, 4, 262, 873, 0, 0, 0, 0, 0, 2, 0, 225)
2 (1, 4, 105, 873, 0, 0, 50, 0, 0, 2, 0, 141)
3 (1, 4, 199, 873, 195, 0, 0, 138, 1, 2, 0, 123)
4 (1, 4, 185, 506, 32, 70, 27, 44, 0, 2, 0, 102)
5 (1, 4, 0, 452, 0, 1, 8, 101, 0, 2, 0, 133)
6 (1, 4, 0, 0, 0, 0, 0, 207, 0, 2, 0, 158)
7 (1, 4, 0, 0, 0, 0, 36, 115, 0, 2, 0, 23)
8 (1, 4, 0, 0, 103, 0, 75, 2, 1, 2, 0, 195)
9 (1, 4, 0, 0, 22, 0, 0, 0, 0, 2, 0, 166)
10 (1, 4, 0, 0, 0, 175, 0, 0, 0, 2, 0, 73)
11 (1, 4, 38, 42, 85, 76, 0, 0, 0, 2, 0, 72)
12 (1, 4, 0, 0, 0, 55, 0, 0, 0, 2, 0, 235)
13 (1, 4, 0, 15, 0, 40, 0, 0, 0, 2, 0, 8)
14 (1, 4, 12, 0, 0, 24, 0, 0, 0, 2, 0, 239)
15 (1, 4, 58, 0, 58, 16, 0, 0, 0, 2, 0, 6)
16 (1, 4, 231, 0, 151, 2, 0, 0, 0, 2, 0, 140)
17 (1, 4, 329, 0, 285, 0, 0, 0, 0, 2, 0, 9)
18 (1, 4, 317, 0, 403, 0, 0, 0, 0, 2, 0, 163)
19 (1, 4, 71, 0, 401, 0, 0, 0, 1, 2, 0, 46)
20 (1, 4, 0, 0, 286, 0, 0, 0, 1, 2, 0, 37)
21 (1, 4, 0, 0, 151, 0, 0, 0, 1, 2, 0, 161)
22 (1, 4, 30, 0, 183, 0, 0, 0, 1, 3, 0, 128)
23 (1, 4, 18, 0, 338, 0, 0, 0, 0, 2, 0, 162)
24 (1, 4, 82, 0, 305, 0, 0, 0, 0, 2, 0, 149)
25 (1, 4, 0, 0, 237, 0, 0, 0, 1, 2, 0, 72)
26 (1, 4, 0, 0, 134, 0, 0, 0, 1, 2, 0, 74)
27 (1, 4, 0, 128, 37, 0, 0, 0, 1, 2, 0, 255)
28 (1, 4, 0, 137, 47, 0, 0, 5, 1, 2, 0, 192)
29 (1, 4, 0, 14, 23, 0, 0, 6, 1, 2, 0, 152)
30 (1, 4, 0, 0, 37, 0, 0, 0, 1, 2, 0, 254)
31 (1, 4, 9, 0, 0, 0, 0, 0, 1, 2, 0, 180)
0 (1, 4, 116, 26, 0, 0, 1, 12, 1, 2, 0, 5)
1 (1, 4, 108, 0, 0, 0, 6, 9, 0, 2, 0, 138)
2 (1, 4, 98, 21, 0, 0, 2, 13, 0, 2, 0, 70)
3 (1, 4, 86, 31, 0, 0, 8, 9, 1, 2, 0, 163)
4 (1, 4, 75, 2, 0, 0, 11, 8, 1, 2, 0, 236)
5 (1, 4, 44, 0, 0, 0, 15, 4, 1, 2, 0, 153)
6 (1, 4, 18, 0, 0, 0, 18, 4, 1, 2, 0, 52)
7 (1, 4, 0, 0, 17, 0, 24, 0, 1, 2, 0, 101)
8 (1, 4, 0, 36, 53, 0, 4, 0, 1, 2, 0, 122)
9 (1, 4, 0, 37, 0, 0, 0, 7, 1, 2, 0, 116)
10 (1, 4, 0, 115, 0, 0, 0, 0, 1, 2, 0, 50)
11 (1, 4, 0, 100, 0, 0, 0, 0, 1, 2, 0, 81)
12 (1, 4, 0, 873, 0, 0, 0, 0, 1, 2, 0, 165)
13 (1, 4, 0, 873, 0, 0, 0, 0, 0, 2, 0, 199)
14 (1, 4, 199, 873, 0, 0, 0, 0, 0, 2, 0, 113)
15 (1, 4, 222, 873, 0, 0, 51, 0, 0, 2, 0, 236)
16 (1, 4, 444, 585, 328, 0, 0, 172, 0, 2, 0, 54)
17 (1, 4, 240, 123, 57, 78, 0, 95, 0, 2, 0, 241)
18 (1, 4, 0, 221, 0, 5, 0, 136, 0, 2, 0, 148)
19 (1, 4, 0, 0, 0, 0, 19, 196, 0, 2, 0, 28)
20 (1, 4, 0, 0, 238, 0, 102, 13, 0, 2, 0, 215)
21 (1, 4, 0, 0, 0, 4, 7, 0, 0, 2, 0, 188)
22 (1, 4, 0, 30, 0, 132, 0, 0, 0, 2, 0, 28)
23 (1, 4, 0, 10, 55, 75, 0, 0, 0, 2, 0, 30)
24 (1, 4, 7, 37, 49, 65, 0, 0, 0, 2, 0, 240)
25 (1, 4, 0, 53, 0, 31, 0, 0, 0, 2, 0, 54)
26 (1, 4, 0, 28, 10, 18, 0, 0, 0, 2, 0, 250)
27 (1, 4, 27, 0, 60, 10, 0, 0, 0, 2, 0, 143)
28 (1, 4, 0, 0, 46, 27, 0, 0, 0, 2, 0, 181)
29 (1, 4, 0, 0, 28, 45, 0, 0, 0, 2, 0, 71)
30 (1, 4, 0, 0, 0, 58, 0, 0, 0, 2, 0, 112)
31 (1, 4, 0, 32, 0, 49, 0, 0, 0, 2, 0, 107)
0 (1, 4, 30, 68, 0, 0, 0, 0, 1, 2, 0, 39)
1 (1, 4, 0, 198, 0, 0, 0, 0, 1, 2, 0, 255)
2 (1, 4, 0, 418, 0, 0, 0, 0, 1, 2, 0, 129)
3 (1, 4, 0, 795, 0, 0, 0, 0, 1, 2, 0, 232)
4 (1, 4, 0, 873, 0, 0, 0, 0, 1, 2, 0, 165)
5 (1, 4, 65, 873, 0, 0, 0, 0, 0, 2, 0, 64)
6 (1, 4, 126, 873, 44, 0, 36, 0, 0, 2, 0, 207)
7 (1, 4, 250, 720, 325, 0, 26, 123, 0, 2, 0, 48)
8 (1, 4, 282, 0, 173, 27, 0, 96, 0, 2, 0, 149)
9 (1, 4, 0, 228, 0, 148, 0, 0, 0, 2, 0, 20)
10 (1, 4, 68, 279, 0, 96, 0, 39, 0, 2, 0, 17)
11 (1, 4, 11, 258, 0, 22, 0, 107, 0, 2, 0, 159)
12 (1, 4, 216, 0, 0, 0, 0, 246, 0, 2, 0, 213)
13 (1, 4, 132, 0, 0, 0, 56, 134, 0, 2, 0, 138)
14 (1, 4, 187, 0, 19, 0, 21, 0, 0, 2, 0, 35)
15 (1, 4, 342, 0, 209, 63, 0, 0, 0, 2, 0, 189)
16 (1, 4, 0, 0, 0, 71, 0, 0, 0, 2, 0, 32)
17 (1, 4, 0, 0, 55, 67, 0, 0, 0, 2, 0, 56)
18 (1, 4, 0, 0, 0, 63, 0, 0, 0, 2, 0, 19)
19 (1, 4, 38, 5, 0, 41, 0, 0, 0, 2, 0, 42)
20 (1, 4, 67, 0, 26, 26, 0, 0, 0, 2, 0, 238)
21 (1, 4, 114, 0, 33, 20, 0, 0, 0, 2, 0, 251)
22 (1, 4, 97, 0, 60, 4, 0, 0, 0, 2, 0, 247)
23 (1, 4, 210, 0, 164, 0, 0, 0, 0, 2, 0, 153)
24 (1, 4, 342, 0, 313, 0, 0, 0, 0, 2, 0, 19)
25 (1, 4, 335, 0, 357, 0, 0, 0, 1, 2, 0, 137)
26 (1, 4, 182, 0, 352, 0, 0, 0, 1, 2, 0, 132)
27 (1, 4, 0, 0, 314, 0, 0, 0, 1, 2, 0, 133)
28 (1, 4, 0, 0, 347, 0, 0, 0, 1, 2, 0, 20)
29 (1, 4, 45, 0, 316, 0, 0, 0, 1, 2, 0, 117)
30 (1, 4, 0, 0, 276, 0, 0, 0, 1, 2, 0, 182)
31 (1, 4, 0, 0, 230, 0, 0, 0, 1, 2, 0, 79)
0 (1, 4, 0, 873, 6, 0, 32, 6, 1, 2, 0, 21)
1 (1, 4, 596, 337, 419, 11, 3, 168, 1, 2, 0, 87)
2 (1, 4, 0, 546, 0, 147, 0, 0, 0, 2, 0, 177)
3 (1, 4, 0, 633, 0, 31, 0, 85, 0, 2, 0, 45)
4 (1, 4, 0, 143, 0, 0, 0, 175, 1, 2, 0, 168)
5 (1, 4, 313, 0, 0, 0, 0, 174, 1, 2, 0, 156)
6 (1, 4, 0, 0, 191, 0, 49, 0, 0, 2, 0, 112)
7 (1, 4, 42, 0, 343, 21, 0, 0, 0, 2, 0, 171)
8 (1, 4, 0, 0, 0, 100, 0, 0, 0, 2, 0, 232)
9 (1, 4, 94, 3, 83, 52, 0, 0, 0, 2, 0, 16)
10 (1, 4, 0, 52, 0, 60, 0, 0, 0, 2, 0, 75)
11 (1, 4, 0, 34, 0, 53, 0, 0, 0, 2, 0, 122)
12 (1, 4, 9, 0, 54, 45, 0, 0, 0, 2, 0, 84)
13 (1, 4, 0, 0, 40, 38, 0, 0, 0, 2, 0, 65)
14 (1, 4, 0, 3, 10, 34, 0, 0, 0, 2, 0, 52)
15 (1, 4, 0, 0, 20, 41, 0, 0, 0, 2, 0, 135)
16 (1, 4, 0, 5, 0, 43, 0, 0, 0, 2, 0, 247)
17 (1, 4, 0, 8, 0, 48, 0, 0, 0, 2, 0, 5)
18 (1, 4, 0, 0, 0, 47, 0, 0, 0, 2, 0, 228)
19 (1, 4, 0, 15, 12, 46, 0, 0, 0, 2, 0, 168)
20 (1, 4, 30, 0, 18, 37, 0, 0, 0, 2, 0, 198)
21 (1, 4, 49, 0, 0, 21, 0, 0, 0, 2, 0, 21)
22 (1, 4, 92, 0, 0, 0, 0, 0, 0, 2, 0, 137)
23 (1, 4, 322, 0, 74, 0, 0, 0, 0, 2, 0, 87)
24 (1, 4, 309, 0, 130, 0, 0, 0, 0, 2, 0, 101)
25 (1, 4, 286, 0, 251, 0, 0, 0, 0, 2, 0, 146)
26 (1, 4, 184, 0, 295, 0, 0, 0, 0, 2, 0, 172)
27 (1, 4, 47, 0, 373, 0, 0, 0, 0, 2, 0, 216)
28 (1, 4, 0, 0, 311, 0, 0, 0, 0, 2, 0, 145)
29 (1, 4, 37, 0, 301, 0, 0, 0, 0, 2, 0, 140)
30 (1, 4, 26, 0, 293, 0, 0, 0, 0, 2, 0, 77)
31 (1, 4, 0, 0, 252, 0, 0, 0, 1, 2, 0, 163)
0 (1, 4, 558, 720, 636, 0, 0, 205, 1, 2, 0, 222)
1 (1, 4, 336, 16, 108, 117, 0, 49, 1, 2, 0, 34)
2 (1, 4, 0, 585, 0, 140, 0, 17, 1, 2, 0, 167)
3 (1, 4, 0, 210, 0, 0, 0, 230, 0, 2, 0, 132)
4 (1, 4, 166, 0, 0, 0, 38, 162, 0, 2, 0, 208)
5 (1, 4, 0, 0, 45, 0, 55, 0, 0, 2, 0, 192)
6 (1, 4, 284, 0, 353, 12, 0, 0, 0, 2, 0, 74)
7 (1, 4, 0, 0, 0, 67, 0, 0, 0, 2, 0, 92)
8 (1, 4, 11, 0, 88, 46, 0, 0, 0, 2, 0, 161)
9 (1, 4, 0, 8, 0, 45, 0, 0, 0, 2, 0, 105)
10 (1, 4, 3, 39, 0, 35, 0, 0, 0, 2, 0, 178)
11 (1, 4, 0, 17, 0, 33, 0, 0, 0, 2, 0, 138)
12 (1, 4, 0, 0, 0, 38, 0, 0, 0, 2, 0, 3)
13 (1, 4, 20, 0, 1, 29, 0, 0, 0, 2, 0, 136)
14 (1, 4, 73, 0, 0, 25, 0, 0, 0, 2, 0, 79)
15 (1, 4, 6, 0, 0, 12, 0, 0, 0, 2, 0, 8)
16 (1, 4, 170, 0, 70, 0, 0, 0, 0, 2, 0, 156)
17 (1, 4, 278, 0, 195, 0, 0, 0, 1, 2, 0, 189)
18 (1, 4, 291, 0, 274, 0, 0, 0, 0, 2, 0, 114)
19 (1, 4, 135, 0, 348, 0, 0, 0, 0, 2, 0, 172)
20 (1, 4, 0, 0, 404, 0, 0, 0, 0, 2, 0, 37)
21 (1, 4, 54, 0, 235, 0, 0, 0, 0, 2, 0, 88)
22 (1, 4, 0, 0, 112, 0, 0, 0, 0, 2, 0, 210)
23 (1, 4, 20, 0, 102, 0, 0, 0, 0, 2, 0, 4)
24 (1, 4, 64, 0, 105, 0, 0, 0, 1, 2, 0, 110)
25 (1, 4, 39, 0, 94, 0, 0, 0, 0, 2, 0, 12)
26 (1, 4, 0, 0, 46, 0, 0, 0, 0, 2, 0, 155)
27 (1, 4, 0, 20, 34, 0, 0, 0, 0, 2, 0, 194)
28 (1, 4, 0, 0, 21, 0, 0, 0, 0, 2, 0, 29)
29 (1, 4, 0, 0, 49, 0, 0, 0, 0, 2, 0, 189)
30 (1, 4, 0, 0, 41, 0, 0, 0, 0, 2, 0, 126)
31 (1, 4, 22, 15, 60, 0, 0, 0, 0, 2, 0, 190)
0 (1, 4, 94, 0, 0, 0, 4, 0, 0, 2, 0, 118)
1 (1, 4, 63, 0, 0, 0, 4, 0, 0, 2, 0, 54)
2 (1, 4, 0, 0, 0, 0, 0, 0, 0, 2, 0, 168)
3 (1, 4, 0, 0, 0, 0, 0, 0, 0, 2, 0, 168)
4 (1, 4, 0, 67, 0, 0, 0, 0, 0, 2, 0, 243)
5 (1, 4, 0, 214, 0, 0, 0, 0, 0, 2, 0, 252)
6 (1, 4, 0, 380, 0, 0, 0, 0, 0, 2, 0, 4)
7 (1, 4, 0, 605, 0, 0, 0, 0, 0, 2, 0, 91)
8 (1, 4, 46, 873, 0, 0, 0, 0, 0, 2, 0, 84)
9 (1, 4, 71, 873, 0, 0, 0, 0, 0, 2, 0, 100)
10 (1, 4, 191, 873, 0, 0, 48, 0, 0, 2, 0, 39)
11 (1, 4, 493, 804, 431, 0, 32, 205, 0, 2, 0, 14)
12 (1, 4, 273, 162, 0, 0, 19, 163, 0, 2, 0, 169)
13 (1, 4, 0, 0, 0, 0, 16, 265, 0, 2, 0, 49)
14 (1, 4, 0, 0, 127, 0, 103, 46, 0, 2, 0, 115)
15 (1, 4, 0, 0, 312, 0, 0, 0, 0, 2, 0, 200)
16 (1, 4, 0, 39, 0, 107, 0, 0, 0, 2, 0, 141)
17 (1, 4, 91, 85, 107, 51, 0, 17, 0, 2, 0, 31)
18 (1, 4, 54, 19, 0, 69, 0, 0, 0, 2, 0, 164)
19 (1, 4, 0, 0, 0, 70, 0, 0, 0, 2, 0, 63)
20 (1, 4, 17, 0, 12, 66, 0, 0, 0, 2, 0, 79)
21 (1, 4, 34, 0, 28, 56, 0, 0, 0, 2, 0, 8)
22 (1, 4, 0, 0, 0, 42, 0, 0, 0, 2, 0, 135)
23 (1, 4, 0, 0, 0, 43, 0, 0, 0, 2, 0, 152)
24 (1, 4, 0, 0, 0, 42, 0, 0, 0, 2, 0, 135)
25 (1, 4, 0, 0, 8, 36, 0, 0, 0, 2, 0, 129)
26 (1, 4, 27, 0, 55, 12, 0, 0, 0, 2, 0, 202)
27 (1, 4, 141, 0, 157, 0, 0, 0, 0, 2, 0, 3)
28 (1, 4, 294, 0, 298, 0, 0, 0, 0, 2, 0, 121)
29 (1, 4, 289, 0, 342, 0, 0, 0, 0, 2, 0, 203)
30 (1, 4, 188, 0, 332, 0, 0, 0, 0, 2, 0, 150)
31 (1, 4, 0, 0, 290, 0, 0, 0, 0, 2, 0, 36)
0 (1, 4, 142, 873, 0, 0, 0, 0, 0, 2, 0, 134)
1 (1, 4, 114, 873, 0, 0, 18, 0, 0, 2, 0, 2)
2 (1, 4, 36, 873, 0, 0, 19, 0, 0, 2, 0, 54)
3 (1, 4, 205, 870, 208, 0, 3, 71, 0, 2, 0, 4)
4 (1, 4, 157, 500, 5, 0, 11, 174, 0, 2, 0, 136)
5 (1, 4, 0, 0, 0, 0, 63, 306, 1, 2, 0, 9)
6 (1, 4, 0, 0, 0, 0, 170, 72, 0, 2, 0, 13)
7 (1, 4, 0, 0, 185, 0, 106, 0, 0, 2, 0, 212)
8 (1, 4, 120, 0, 401, 156, 0, 0, 0, 2, 0, 239)
9 (1, 4, 0, 184, 103, 62, 0, 0, 0, 2, 0, 253)
10 (1, 4, 72, 0, 37, 51, 0, 0, 0, 2, 0, 90)
11 (1, 4, 0, 32, 0, 43, 0, 0, 0, 2, 0, 90)
12 (1, 4, 0, 2, 8, 34, 0, 0, 0, 2, 0, 174)
13 (1, 4, 1, 0, 0, 38, 0, 0, 0, 2, 0, 13)
14 (1, 4, 10, 0, 0, 31, 0, 0, 0, 2, 0, 150)
15 (1, 4, 0, 4, 2, 41, 0, 0, 0, 2, 0, 83)
16 (1, 4, 20, 0, 8, 43, 0, 0, 0, 2, 0, 252)
17 (1, 4, 20, 0, 0, 37, 0, 0, 0, 2, 0, 250)
18 (1, 4, 84, 0, 0, 26, 0, 0, 0, 2, 0, 200)
19 (1, 4, 111, 0, 0, 27, 0, 0, 0, 2, 0, 146)
20 (1, 4, 160, 0, 46, 7, 0, 0, 0, 2, 0, 20)
21 (1, 4, 266, 0, 137, 0, 0, 0, 0, 2, 0, 31)
22 (1, 4, 404, 0, 197, 0, 0, 0, 0, 2, 0, 167)
23 (1, 4, 346, 0, 260, 0, 0, 0, 0, 2, 0, 172)
24 (1, 4, 139, 0, 344, 0, 0, 0, 0, 2, 0, 186)
25 (1, 4, 11, 0, 356, 0, 0, 0, 0, 2, 0, 204)
26 (1, 4, 0, 0, 255, 0, 0, 0, 0, 2, 0, 122)
27 (1, 4, 0, 0, 245, 0, 0, 0, 0, 2, 0, 233)
28 (1, 4, 0, 0, 165, 0, 0, 0, 0, 2, 0, 109)
29 (1, 4, 0, 0, 112, 0, 0, 0, 0, 2, 0, 210)
30 (1, 4, 0, 0, 37, 0, 0, 0, 0, 2, 0, 156)
31 (1, 4, 0, 0, 25, 0, 0, 0, 0, 2, 0, 255)
0 (1, 4, 53, 15, 37, 0, 0, 0, 0, 2, 0, 60)
1 (1, 4, 108, 0, 24, 0, 0, 0, 0, 2, 0, 109)
2 (1, 4, 52, 0, 16, 0, 0, 0, 0, 2, 0, 200)
3 (1, 4, 81, 0, 0, 0, 0, 0, 0, 2, 0, 207)
4 (1, 4, 92, 0, 0, 0, 5, 0, 0, 2, 0, 19)
5 (1, 4, 0, 68, 0, 0, 7, 0, 1, 2, 0, 251)
6 (1, 4, 0, 84, 0, 0, 0, 0, 0, 2, 0, 144)
7 (1, 4, 0, 161, 0, 0, 0, 0, 1, 2, 0, 188)
8 (1, 4, 0, 576, 0, 0, 0, 0, 1, 2, 0, 132)
9 (1, 4, 0, 847, 0, 0, 0, 0, 0, 2, 0, 178)
10 (1, 4, 0, 873, 0, 0, 0, 0, 0, 2, 0, 199)
11 (1, 4, 7, 873, 30, 0, 0, 0, 1, 2, 0, 61)
12 (1, 4, 112, 873, 182, 0, 39, 0, 0, 2, 0, 13)
13 (1, 4, 369, 811, 448, 0, 0, 205, 0, 2, 0, 83)
14 (1, 4, 138, 560, 0, 107, 23, 61, 0, 2, 0, 133)
15 (1, 4, 0, 554, 0, 0, 0, 142, 0, 2, 0, 213)
16 (1, 4, 164, 0, 0, 0, 0, 178, 1, 2, 0, 97)
17 (1, 4, 0, 0, 39, 0, 87, 66, 0, 2, 0, 184)
18 (1, 4, 0, 0, 337, 0, 65, 0, 0, 2, 0, 134)
19 (1, 4, 334, 0, 430, 135, 0, 0, 0, 2, 0, 24)
20 (1, 4, 0, 0, 0, 79, 0, 0, 0, 2, 0, 216)
21 (1, 4, 0, 0, 54, 62, 0, 0, 0, 2, 0, 252)
22 (1, 4, 0, 0, 0, 53, 0, 0, 0, 2, 0, 213)
23 (1, 4, 18, 28, 0, 27, 0, 0, 0, 2, 0, 114)
24 (1, 4, 13, 7, 0, 29, 0, 0, 0, 2, 0, 128)
25 (1, 4, 0, 0, 0, 39, 0, 0, 0, 2, 0, 28)
26 (1, 4, 21, 0, 2, 48, 0, 0, 0, 2, 0, 79)
27 (1, 4, 14, 0, 0, 49, 0, 0, 0, 2, 0, 253)
28 (1, 4, 0, 0, 0, 49, 0, 0, 0, 2, 0, 169)
29 (1, 4, 23, 0, 0, 43, 0, 0, 0, 2, 0, 82)
30 (1, 4, 16, 0, 0, 34, 0, 0, 0, 2, 0, 159)
31 (1, 4, 0, 0, 0, 39, 0, 0, 0, 2, 0, 28)
0 (1, 4, 0, 873, 0, 0, 0, 0, 0, 2, 0, 199)
1 (1, 4, 219, 873, 0, 0, 59, 0, 0, 2, 0, 27)
2 (1, 4, 619, 873, 338, 0, 52, 39, 0, 2, 0, 192)
3 (1, 4, 687, 447, 247, 40, 49, 201, 0, 2, 0, 166)
4 (1, 4, 0, 574, 0, 92, 59, 97, 0, 2, 0, 157)
5 (1, 4, 0, 710, 0, 0, 32, 162, 0, 2, 0, 207)
6 (1, 4, 22, 0, 0, 0, 98, 233, 0, 2, 0, 210)
7 (1, 4, 0, 0, 558, 0, 265, 0, 0, 2, 0, 138)
8 (1, 4, 0, 0, 328, 0, 0, 0, 0, 2, 0, 178)
9 (1, 4, 0, 267, 0, 124, 0, 0, 0, 2, 0, 105)
10 (1, 4, 88, 200, 89, 36, 0, 0, 0, 2, 0, 185)
11 (1, 4, 64, 117, 41, 35, 0, 0, 0, 2, 0, 112)
12 (1, 4, 0, 119, 0, 21, 0, 0, 0, 2, 0, 30)
13 (1, 4, 0, 49, 0, 14, 0, 0, 0, 2, 0, 4)
14 (1, 4, 23, 0, 17, 24, 0, 0, 0, 2, 0, 134)
15 (1, 4, 0, 7, 0, 32, 0, 0, 0, 2, 0, 67)
16 (1, 4, 0, 0, 0, 39, 0, 0, 0, 2, 0, 28)
17 (1, 4, 5, 0, 0, 30, 0, 0, 0, 2, 0, 211)
18 (1, 4, 74, 0, 0, 11, 0, 0, 0, 2, 0, 148)
19 (1, 4, 184, 0, 84, 0, 0, 0, 0, 2, 0, 48)
20 (1, 4, 285, 0, 189, 0, 0, 0, 0, 2, 0, 10)
21 (1, 4, 275, 0, 315, 0, 0, 0, 0, 2, 0, 131)
22 (1, 4, 154, 0, 350, 0, 0, 0, 0, 2, 0, 37)
23 (1, 4, 0, 0, 380, 0, 0, 0, 0, 2, 0, 109)
24 (1, 4, 0, 0, 339, 0, 0, 0, 0, 2, 0, 202)
25 (1, 4, 0, 0, 281, 0, 0, 0, 1, 2, 0, 192)
26 (1, 4, 0, 0, 273, 0, 0, 0, 1, 2, 0, 124)
27 (1, 4, 0, 0, 167, 0, 0, 0, 1, 2, 0, 32)
28 (1, 4, 0, 0, 81, 0, 0, 0, 1, 2, 0, 218)
29 (1, 4, 0, 4, 21, 0, 0, 0, 1, 2, 0, 165)
30 (1, 4, 0, 16, 13, 0, 0, 0, 1, 2, 0, 221)
31 (1, 4, 0, 38, 0, 0, 0, 0, 0, 2, 0, 221)
0 (1, 4, 6, 0, 0, 0, 0, 219, 0, 2, 0, 28)
1 (1, 4, 0, 0, 0, 0, 51, 91, 0, 2, 0, 177)
2 (1, 4, 0, 0, 0, 0, 137, 0, 0, 2, 0, 36)
3 (1, 4, 89, 0, 0, 0, 0, 0, 0, 2, 0, 191)
4 (1, 4, 0, 873, 59, 18, 57, 0, 0, 2, 0, 184)
5 (1, 4, 325, 0, 0, 16, 0, 0, 0, 2, 0, 226)
6 (1, 4, 0, 24, 0, 27, 0, 0, 0, 2, 0, 84)
7 (1, 4, 28, 0, 25, 25, 0, 0, 0, 2, 0, 71)
8 (1, 4, 0, 0, 29, 32, 0, 0, 0, 2, 0, 72)
9 (1, 4, 0, 11, 1, 32, 0, 0, 0, 2, 0, 190)
10 (1, 4, 0, 14, 0, 34, 0, 0, 0, 2, 0, 123)
11 (1, 4, 0, 11, 0, 32, 0, 0, 0, 2, 0, 42)
12 (1, 4, 60, 46, 7, 22, 0, 0, 0, 2, 0, 81)
13 (1, 4, 146, 5, 33, 11, 0, 0, 0, 2, 0, 157)
14 (1, 4, 226, 0, 113, 7, 0, 0, 1, 2, 0, 62)
15 (1, 4, 274, 0, 154, 0, 0, 0, 0, 2, 0, 75)
16 (1, 4, 114, 0, 167, 0, 0, 0, 0, 2, 0, 240)
17 (1, 4, 0, 0, 134, 0, 0, 0, 0, 2, 0, 40)
18 (1, 4, 0, 0, 105, 0, 0, 0, 0, 2, 0, 133)
19 (1, 4, 0, 0, 144, 0, 0, 0, 1, 2, 0, 68)
20 (1, 4, 3, 0, 131, 0, 0, 0, 0, 2, 0, 240)
21 (1, 4, 0, 0, 173, 0, 0, 0, 0, 2, 0, 209)
22 (1, 4, 66, 0, 223, 0, 0, 0, 0, 2, 0, 17)
23 (1, 4, 0, 0, 200, 0, 0, 0, 0, 2, 0, 30)
24 (1, 4, 0, 0, 191, 0, 0, 0, 0, 2, 0, 129)
25 (1, 4, 0, 0, 169, 0, 0, 0, 0, 2, 0, 143)
26 (1, 4, 0, 0, 186, 0, 0, 0, 0, 2, 0, 75)
27 (1, 4, 0, 0, 145, 0, 0, 0, 0, 2, 0, 178)
28 (1, 4, 0, 0, 82, 0, 0, 0, 0, 2, 0, 3)
29 (1, 4, 0, 0, 0, 0, 0, 0, 0, 2, 0, 168)
30 (1, 4, 0, 37, 0, 0, 0, 0, 1, 2, 0, 103)
31 (1, 4, 0, 17, 0, 0, 0, 0, 0, 2, 0, 124)
0 (1, 4, 108, 135, 0, 0, 0, 0, 0, 2, 0, 173)
1 (1, 4, 111, 110, 0, 0, 2, 0, 0, 2, 0, 11)
2 (1, 4, 96, 67, 15, 0, 0, 0, 0, 2, 0, 228)
3 (1, 4, 75, 101, 0, 0, 0, 0, 0, 2, 0, 109)
4 (1, 4, 39, 188, 0, 0, 0, 0, 0, 2, 0, 142)
5 (1, 4, 0, 300, 0, 0, 0, 0, 0, 2, 0, 230)
6 (1, 4, 14, 444, 0, 0, 0, 0, 0, 2, 0, 210)
7 (1, 4, 1, 554, 0, 0, 0, 0, 0, 2, 0, 119)
8 (1, 4, 0, 873, 0, 0, 0, 0, 0, 2, 0, 199)
9 (1, 4, 118, 873, 0, 0, 0, 0, 0, 2, 0, 77)
10 (1, 4, 118, 873, 0, 0, 77, 0, 0, 2, 0, 12)
11 (1, 4, 556, 621, 255, 0, 1, 200, 0, 2, 0, 253)
12 (1, 4, 0, 407, 0, 0, 57, 259, 0, 2, 0, 80)
13 (1, 4, 68, 0, 0, 0, 13, 240, 0, 2, 0, 255)
14 (1, 4, 0, 0, 181, 0, 141, 8, 0, 2, 0, 151)
15 (1, 4, 0, 0, 365, 0, 0, 0, 0, 3, 0, 237)
16 (1, 4, 0, 0, 0, 100, 0, 0, 0, 2, 0, 232)
17 (1, 4, 185, 106, 150, 65, 0, 0, 0, 2, 0, 78)
18 (1, 4, 0, 118, 0, 44, 0, 0, 0, 2, 0, 82)
19 (1, 4, 0, 31, 0, 32, 0, 0, 0, 2, 0, 145)
20 (1, 4, 82, 19, 22, 11, 0, 0, 0, 2, 0, 179)
21 (1, 4, 32, 0, 0, 0, 0, 0, 0, 2, 0, 111)
22 (1, 4, 152, 0, 45, 0, 0, 0, 0, 2, 0, 165)
23 (1, 4, 239, 0, 164, 0, 24, 0, 0, 2, 0, 188)
24 (1, 4, 208, 0, 346, 0, 3, 0, 0, 2, 0, 21)
25 (1, 4, 151, 0, 537, 0, 0, 0, 0, 2, 0, 154)
26 (1, 4, 229, 0, 517, 0, 0, 0, 0, 2, 0, 181)
27 (1, 4, 0, 0, 482, 0, 0, 0, 0, 2, 0, 46)
28 (1, 4, 0, 0, 560, 0, 0, 0, 0, 2, 0, 147)
29 (1, 4, 0, 0, 548, 0, 0, 0, 1, 2, 0, 208)
30 (1, 4, 0, 125, 531, 0, 0, 0, 0, 2, 0, 42)
31 (1, 4, 0, 236, 333, 0, 0, 0, 0, 2, 0, 81)
0 (1, 4, 305, 703, 0, 12, 25, 0, 0, 2, 0, 228)
1 (1, 4, 90, 602, 0, 14, 0, 49, 0, 2, 0, 75)
2 (1, 4, 16, 367, 0, 0, 0, 141, 0, 2, 0, 151)
3 (1, 4, 5, 0, 0, 0, 0, 196, 0, 2, 0, 36)
4 (1, 4, 71, 0, 0, 0, 0, 138, 0, 2, 0, 210)
5 (1, 4, 2, 0, 0, 0, 38, 33, 1, 2, 0, 180)
6 (1, 4, 117, 0, 110, 0, 0, 0, 1, 2, 0, 154)
7 (1, 4, 0, 0, 176, 0, 0, 0, 0, 2, 0, 216)
8 (1, 4, 0, 0, 52, 83, 6, 0, 0, 2, 0, 101)
9 (1, 4, 2, 0, 73, 81, 0, 0, 0, 2, 0, 90)
10 (1, 4, 0, 0, 0, 77, 0, 0, 0, 2, 0, 230)
11 (1, 4, 3, 0, 0, 54, 0, 0, 0, 2, 0, 230)
12 (1, 4, 59, 43, 5, 38, 0, 0, 0, 2, 0, 37)
13 (1, 4, 0, 25, 0, 31, 0, 0, 0, 2, 0, 157)
14 (1, 4, 0, 8, 0, 30, 0, 0, 0, 2, 0, 86)
15 (1, 4, 0, 1, 0, 29, 0, 0, 0, 2, 0, 113)
16 (1, 4, 0, 0, 0, 39, 0, 0, 0, 2, 0, 28)
17 (1, 4, 0, 0, 3, 43, 0, 0, 0, 2, 0, 35)
18 (1, 4, 0, 18, 0, 47, 0, 0, 0, 2, 0, 232)
19 (1, 4, 0, 15, 0, 41, 0, 0, 0, 2, 0, 23)
20 (1, 4, 11, 0, 0, 33, 0, 0, 0, 2, 0, 60)
21 (1, 4, 91, 0, 0, 18, 0, 0, 0, 2, 0, 106)
22 (1, 4, 170, 0, 81, 0, 0, 0, 1, 2, 0, 100)
23 (1, 4, 328, 0, 200, 0, 0, 0, 0, 2, 0, 229)
24 (1, 4, 210, 0, 274, 0, 0, 0, 0, 2, 0, 197)
25 (1, 4, 197, 0, 352, 0, 0, 0, 0, 2, 0, 90)
26 (1, 4, 221, 0, 346, 0, 0, 0, 0, 2, 0, 216)
27 (1, 4, 0, 0, 270, 0, 0, 0, 0, 2, 0, 56)
28 (1, 4, 0, 0, 201, 0, 0, 0, 0, 2, 0, 138)
29 (1, 4, 0, 0, 157, 0, 0, 0, 0, 2, 0, 80)
30 (1, 4, 6, 0, 171, 0, 0, 0, 0, 2, 0, 132)
31 (1, 4, 133, 0, 217, 0, 0, 0, 0, 2, 0, 214)
0 (1, 4, 0, 513, 0, 0, 0, 0, 0, 2, 0, 208)
1 (1, 4, 0, 828, 0, 0, 0, 0, 0, 2, 0, 74)
2 (1, 4, 0, 848, 0, 0, 0, 0, 0, 2, 0, 98)
3 (1, 4, 169, 792, 55, 0, 0, 0, 0, 2, 0, 154)
4 (1, 4, 225, 724, 58, 0, 0, 0, 0, 2, 0, 27)
5 (1, 4, 176, 754, 94, 11, 2, 0, 0, 2, 0, 121)
6 (1, 4, 189, 603, 77, 20, 0, 18, 0, 2, 0, 244)
7 (1, 4, 71, 522, 0, 7, 0, 50, 0, 2, 0, 142)
8 (1, 4, 0, 373, 0, 0, 0, 102, 0, 2, 0, 42)
9 (1, 4, 49, 0, 0, 0, 0, 220, 0, 2, 0, 2)
10 (1, 4, 94, 0, 0, 0, 0, 166, 1, 2, 0, 16)
11 (1, 4, 0, 0, 0, 0, 21, 28, 0, 2, 0, 251)
12 (1, 4, 0, 0, 0, 0, 78, 0, 0, 2, 0, 98)
13 (1, 4, 0, 0, 70, 148, 55, 0, 0, 2, 0, 228)
14 (1, 4, 0, 0, 20, 74, 0, 0, 0, 2, 0, 154)
15 (1, 4, 0, 0, 43, 65, 0, 0, 0, 2, 0, 155)
16 (1, 4, 0, 0, 0, 68, 0, 0, 0, 2, 0, 1)
17 (1, 4, 10, 0, 17, 55, 0, 0, 0, 2, 0, 108)
18 (1, 4, 0, 20, 0, 51, 0, 0, 0, 2, 0, 44)
19 (1, 4, 0, 35, 0, 43, 0, 0, 0, 2, 0, 130)
20 (1, 4, 19, 17, 10, 37, 0, 0, 0, 2, 0, 151)
21 (1, 4, 0, 39, 14, 39, 0, 0, 0, 2, 0, 17)
22 (1, 4, 0, 38, 0, 45, 0, 0, 0, 2, 0, 175)
23 (1, 4, 0, 17, 4, 45, 0, 0, 0, 2, 0, 80)
24 (1, 4, 0, 11, 23, 47, 0, 0, 0, 2, 0, 21)
25 (1, 4, 0, 2, 0, 54, 0, 0, 0, 2, 0, 153)
26 (1, 4, 0, 0, 0, 56, 0, 0, 0, 2, 0, 78)
27 (1, 4, 0, 5, 0, 53, 0, 0, 0, 2, 0, 186)
28 (1, 4, 0, 19, 9, 48, 0, 0, 0, 2, 0, 39)
29 (1, 4, 0, 36, 7, 43, 0, 0, 0, 2, 0, 101)
30 (1, 4, 0, 19, 0, 46, 0, 0, 0, 2, 0, 66)
31 (1, 4, 0, 8, 0, 54, 0, 0, 0, 2, 0, 71)
0 (1, 4, 0, 214, 5, 0, 0, 0, 0, 2, 0, 54)
1 (1, 4, 0, 253, 0, 0, 0, 0, 0, 2, 0, 85)
2 (1, 4, 0, 492, 0, 0, 0, 0, 0, 2, 0, 100)
3 (1, 4, 0, 628, 58, 7, 18, 0, 1, 2, 0, 197)
4 (1, 4, 7, 873, 107, 0, 46, 0, 0, 2, 0, 50)
5 (1, 4, 0, 873, 288, 0, 78, 0, 1, 2, 0, 204)
6 (1, 4, 0, 841, 474, 0, 56, 0, 1, 2, 0, 149)
7 (1, 4, 139, 719, 422, 0, 19, 0, 0, 2, 0, 12)
8 (1, 4, 26, 565, 203, 0, 0, 60, 1, 2, 0, 167)
9 (1, 4, 0, 223, 0, 0, 0, 130, 0, 2, 0, 201)
10 (1, 4, 16, 0, 0, 0, 0, 143, 0, 2, 0, 59)
11 (1, 4, 48, 0, 0, 0, 0, 67, 0, 2, 0, 172)
12 (1, 4, 49, 0, 0, 0, 16, 0, 1, 2, 0, 102)
13 (1, 4, 100, 0, 0, 0, 43, 0, 0, 2, 0, 153)
14 (1, 4, 213, 0, 0, 0, 44, 0, 0, 2, 0, 205)
15 (1, 4, 0, 196, 0, 52, 150, 0, 0, 2, 0, 50)
16 (1, 4, 208, 0, 168, 47, 38, 0, 0, 2, 0, 55)
17 (1, 4, 0, 0, 34, 40, 3, 0, 0, 2, 0, 227)
18 (1, 4, 0, 97, 3, 16, 29, 0, 0, 2, 0, 206)
19 (1, 4, 106, 13, 69, 2, 27, 0, 0, 2, 0, 150)
20 (1, 4, 3, 97, 38, 0, 20, 0, 0, 2, 0, 167)
21 (1, 4, 0, 47, 4, 0, 22, 0, 0, 2, 0, 17)
22 (1, 4, 0, 15, 17, 0, 22, 0, 0, 2, 0, 102)
23 (1, 4, 0, 3, 20, 4, 15, 0, 0, 2, 0, 132)
24 (1, 4, 0, 7, 2, 10, 18, 0, 0, 2, 0, 52)
25 (1, 4, 0, 12, 0, 11, 19, 0, 0, 2, 0, 22)
26 (1, 4, 0, 0, 0, 15, 18, 0, 0, 2, 0, 122)
27 (1, 4, 0, 0, 0, 17, 22, 0, 0, 2, 0, 212)
28 (1, 4, 0, 7, 0, 15, 22, 0, 0, 2, 0, 155)
29 (1, 4, 2, 9, 0, 13, 19, 0, 0, 2, 0, 39)
30 (1, 4, 4, 9, 0, 14, 24, 0, 0, 2, 0, 104)
31 (1, 4, 3, 0, 0, 13, 23, 0, 0, 2, 0, 204)
0 (1, 4, 0, 9, 6, 18, 23, 0, 0, 2, 0, 251)
1 (1, 4, 0, 11, 6, 17, 23, 0, 0, 2, 0, 183)
2 (1, 4, 0, 5, 5, 17, 23, 0, 0, 1, 0, 181)
3 (1, 4, 6, 0, 14, 15, 20, 0, 0, 2, 0, 130)
4 (1, 4, 46, 0, 19, 1, 12, 0, 0, 2, 0, 194)
5 (1, 4, 142, 0, 0, 0, 5, 0, 0, 2, 0, 115)
6 (1, 4, 398, 0, 124, 0, 7, 0, 0, 2, 0, 27)
7 (1, 4, 553, 0, 224, 0, 1, 0, 0, 2, 0, 152)
8 (1, 4, 600, 0, 320, 0, 1, 0, 0, 2, 0, 106)
9 (1, 4, 380, 0, 399, 0, 4, 0, 0, 2, 0, 90)
10 (1, 4, 208, 0, 301, 0, 0, 0, 0, 2, 0, 1)
11 (1, 4, 0, 0, 178, 0, 0, 0, 0, 2, 0, 247)
12 (1, 4, 0, 0, 73, 0, 0, 0, 0, 2, 0, 123)
13 (1, 4, 0, 0, 0, 0, 0, 0, 0, 9, 0, 68)
14 (1, 4, 0, 0, 0, 0, 0, 0, 0, 2, 0, 168)
15 (1, 4, 0, 0, 18, 0, 0, 0, 1, 2, 0, 154)
16 (1, 4, 381, 0, 0, 0, 0, 0, 0, 2, 0, 66)
17 (1, 4, 271, 66, 0, 0, 0, 0, 0, 2, 0, 30)
18 (1, 4, 0, 423, 0, 0, 0, 0, 0, 2, 0, 140)
19 (1, 4, 0, 746, 0, 0, 0, 0, 0, 2, 0, 251)
20 (1, 4, 216, 837, 0, 0, 0, 0, 0, 2, 0, 96)
21 (1, 4, 46, 873, 0, 0, 0, 0, 0, 2, 0, 84)
22 (1, 4, 0, 873, 0, 0, 0, 0, 0, 2, 0, 199)
23 (1, 4, 134, 818, 0, 0, 6, 0, 0, 2, 0, 110)
24 (1, 4, 72, 777, 0, 0, 9, 0, 0, 2, 0, 199)
25 (1, 4, 0, 756, 0, 0, 9, 5, 0, 2, 0, 140)
26 (1, 4, 87, 477, 67, 0, 0, 139, 0, 2, 0, 119)
27 (1, 4, 0, 170, 0, 15, 0, 120, 0, 2, 0, 205)
28 (1, 4, 0, 98, 0, 2, 0, 108, 0, 2, 0, 193)
29 (1, 4, 0, 0, 0, 0, 0, 183, 0, 2, 0, 67)
30 (1, 4, 90, 0, 0, 0, 0, 164, 0, 2, 0, 243)
31 (1, 4, 59, 0, 0, 0, 23, 68, 0, 2, 0, 48)
0 (1, 4, 0, 0, 3, 26, 0, 0, 0, 1, 0, 159)
1 (1, 4, 0, 2, 0, 25, 0, 0, 0, 2, 0, 213)
2 (1, 4, 0, 2, 0, 24, 0, 0, 0, 2, 0, 202)
3 (1, 4, 8, 0, 0, 21, 0, 0, 0, 1, 0, 241)
4 (1, 4, 85, 0, 0, 6, 0, 0, 0, 2, 0, 181)
5 (1, 4, 393, 0, 117, 0, 0, 0, 0, 2, 0, 113)
6 (1, 4, 731, 0, 341, 0, 0, 0, 1, 2, 0, 195)
7 (1, 4, 793, 0, 399, 0, 0, 0, 1, 2, 0, 167)
8 (1, 4, 658, 0, 427, 0, 0, 0, 1, 2, 0, 114)
9 (1, 4, 394, 36, 425, 0, 9, 0, 1, 2, 0, 107)
10 (1, 4, 0, 196, 390, 0, 5, 0, 1, 2, 0, 213)
11 (1, 4, 0, 101, 343, 0, 0, 0, 1, 2, 0, 216)
12 (1, 4, 0, 0, 211, 0, 0, 0, 1, 2, 0, 4)
13 (1, 4, 0, 0, 211, 0, 0, 0, 1, 2, 0, 4)
14 (1, 4, 0, 0, 231, 0, 0, 0, 1, 2, 0, 219)
15 (1, 4, 0, 7, 279, 0, 0, 0, 1, 2, 0, 15)
16 (1, 4, 78, 0, 63, 0, 0, 0, 1, 2, 0, 207)
17 (1, 4, 170, 0, 0, 0, 0, 0, 1, 2, 0, 116)
18 (1, 4, 0, 218, 0, 0, 0, 0, 1, 2, 0, 247)
19 (1, 4, 0, 592, 0, 0, 0, 0, 0, 2, 0, 135)
20 (1, 4, 0, 873, 0, 0, 0, 0, 0, 2, 0, 199)
21 (1, 4, 173, 873, 0, 0, 0, 0, 0, 2, 0, 83)
22 (1, 4, 309, 873, 0, 0, 0, 0, 0, 2, 0, 212)
23 (1, 4, 287, 873, 0, 0, 10, 0, 0, 2, 0, 76)
24 (1, 4, 163, 873, 0, 0, 22, 0, 0, 2, 0, 147)
25 (1, 4, 322, 588, 0, 0, 0, 175, 0, 2, 0, 202)
26 (1, 4, 0, 273, 0, 29, 23, 95, 0, 2, 0, 119)
27 (1, 4, 0, 165, 0, 0, 0, 139, 0, 2, 0, 2)
28 (1, 4, 0, 0, 0, 0, 0, 193, 0, 2, 0, 184)
29 (1, 4, 0, 0, 0, 0, 24, 126, 1, 2, 0, 159)
30 (1, 4, 0, 0, 0, 0, 67, 0, 1, 2, 0, 91)
31 (1, 4, 243, 0, 348, 0, 0, 0, 0, 2, 0, 58)
0 (1, 4, 99, 569, 0, 0, 0, 0, 0, 2, 0, 156)
1 (1, 4, 177, 691, 0, 0, 0, 0, 0, 2, 0, 35)
2 (1, 4, 141, 873, 0, 0, 1, 0, 0, 2, 0, 237)
3 (1, 4, 0, 822, 0, 0, 13, 48, 0, 2, 0, 189)
4 (1, 4, 0, 606, 25, 0, 0, 246, 0, 2, 0, 165)
5 (1, 4, 44, 0, 0, 0, 0, 253, 0, 2, 0, 218)
6 (1, 4, 0, 0, 0, 0, 32, 104, 1, 2, 0, 201)
7 (1, 4, 0, 0, 0, 0, 34, 0, 0, 2, 0, 87)
8 (1, 4, 0, 0, 0, 0, 84, 0, 0, 2, 0, 212)
9 (1, 4, 135, 0, 110, 110, 0, 0, 0, 2, 0, 217)
10 (1, 4, 0, 0, 0, 99, 0, 0, 0, 2, 0, 181)
11 (1, 4, 0, 0, 1, 88, 0, 0, 0, 2, 0, 230)
12 (1, 4, 0, 0, 0, 79, 0, 0, 0, 2, 0, 216)
13 (1, 4, 0, 47, 0, 68, 7, 0, 0, 2, 0, 26)
14 (1, 4, 47, 71, 42, 61, 0, 0, 0, 2, 0, 92)
15 (1, 4, 7, 97, 0, 52, 1, 0, 0, 2, 0, 109)
16 (1, 4, 0, 140, 0, 47, 14, 0, 0, 2, 0, 92)
17 (1, 4, 0, 133, 0, 48, 1, 0, 0, 2, 0, 161)
18 (1, 4, 0, 64, 0, 60, 0, 0, 0, 2, 0, 177)
19 (1, 4, 22, 0, 0, 59, 0, 0, 0, 2, 0, 171)
20 (1, 4, 0, 0, 0, 72, 0, 0, 0, 2, 0, 133)
21 (1, 4, 14, 0, 0, 70, 3, 0, 0, 1, 0, 93)
22 (1, 4, 0, 0, 0, 78, 18, 0, 0, 2, 0, 176)
23 (1, 4, 40, 0, 0, 63, 17, 0, 0, 2, 0, 88)
24 (1, 4, 0, 0, 0, 55, 19, 0, 0, 1, 0, 88)
25 (1, 4, 10, 0, 0, 39, 23, 0, 0, 2, 0, 157)
26 (1, 4, 34, 0, 0, 38, 3, 0, 0, 2, 0, 83)
27 (1, 4, 2, 1, 0, 65, 20, 0, 0, 1, 0, 16)
28 (1, 4, 0, 9, 0, 63, 11, 0, 0, 2, 0, 95)
29 (1, 4, 0, 70, 0, 86, 7, 0, 0, 2, 0, 148)
30 (1, 4, 0, 14, 0, 90, 15, 0, 0, 2, 0, 225)
31 (1, 4, 18, 1, 0, 85, 12, 0, 0, 2, 0, 130)
0 (1, 4, 23, 0, 52, 60, 0, 0, 0, 2, 0, 39)
1 (1, 4, 0, 0, 0, 72, 4, 0, 0, 2, 0, 102)
2 (1, 4, 0, 0, 0, 61, 0, 0, 0, 2, 0, 45)
3 (1, 4, 23, 0, 0, 60, 23, 0, 0, 2, 0, 21)
4 (1, 4, 70, 0, 0, 49, 19, 0, 0, 2, 0, 10)
5 (1, 4, 51, 0, 0, 35, 17, 0, 0, 2, 0, 169)
6 (1, 4, 106, 0, 0, 3, 7, 0, 0, 2, 0, 195)
7 (1, 4, 290, 0, 47, 0, 9, 0, 0, 2, 0, 110)
8 (1, 4, 372, 0, 250, 0, 0, 0, 1, 2, 0, 70)
9 (1, 4, 654, 0, 468, 0, 0, 0, 1, 2, 0, 249)
10 (1, 4, 578, 0, 590, 0, 0, 0, 1, 2, 0, 215)
11 (1, 4, 805, 0, 370, 0, 0, 0, 0, 2, 0, 87)
12 (1, 4, 55, 0, 0, 0, 0, 0, 0, 2, 0, 165)
13 (1, 4, 0, 339, 0, 0, 0, 0, 0, 2, 0, 119)
14 (1, 4, 0, 343, 0, 0, 0, 0, 1, 2, 0, 207)
15 (1, 4, 0, 509, 0, 0, 0, 0, 1, 2, 0, 210)
16 (1, 4, 0, 873, 0, 0, 0, 0, 0, 2, 0, 199)
17 (1, 4, 197, 873, 0, 0, 0, 0, 0, 2, 0, 109)
18 (1, 4, 302, 868, 0, 0, 1, 0, 0, 2, 0, 243)
19 (1, 4, 189, 763, 0, 0, 16, 0, 0, 2, 0, 222)
20 (1, 4, 101, 731, 22, 10, 0, 0, 0, 2, 0, 93)
21 (1, 4, 63, 546, 0, 34, 0, 18, 0, 2, 0, 10)
22 (1, 4, 0, 432, 0, 26, 0, 51, 0, 1, 0, 119)
23 (1, 4, 0, 400, 0, 0, 0, 86, 0, 2, 0, 119)
24 (1, 4, 0, 0, 0, 0, 0, 193, 0, 2, 0, 184)
25 (1, 4, 160, 0, 0, 0, 0, 120, 0, 2, 0, 167)
26 (1, 4, 0, 0, 0, 0, 19, 0, 0, 2, 0, 166)
27 (1, 4, 7, 0, 0, 0, 21, 0, 0, 2, 0, 157)
28 (1, 4, 287, 0, 0, 0, 27, 0, 0, 1, 0, 98)
29 (1, 4, 349, 0, 0, 4, 91, 0, 0, 2, 0, 44)
30 (1, 4, 0, 0, 0, 6, 13, 0, 0, 2, 0, 177)
31 (1, 4, 0, 34, 42, 16, 19, 0, 0, 1, 0, 46)
0 (1, 4, 81, 873, 0, 0, 0, 0, 0, 2, 0, 160)
1 (1, 4, 62, 873, 0, 0, 0, 0, 1, 2, 0, 214)
2 (1, 4, 0, 873, 0, 0, 0, 0, 0, 2, 0, 199)
3 (1, 4, 0, 873, 0, 0, 0, 0, 0, 2, 0, 199)
4 (1, 4, 0, 765, 5, 0, 0, 60, 0, 2, 0, 191)
5 (1, 4, 0, 495, 0, 0, 0, 160, 0, 2, 0, 151)
6 (1, 4, 12, 0, 0, 0, 0, 200, 0, 2, 0, 197)
7 (1, 4, 201, 0, 0, 0, 0, 162, 0, 2, 0, 216)
8 (1, 4, 0, 0, 0, 0, 42, 0, 0, 2, 0, 150)
9 (1, 4, 0, 0, 0, 0, 118, 0, 0, 1, 0, 150)
10 (1, 4, 49, 0, 81, 92, 194, 0, 0, 2, 0, 235)
11 (1, 4, 0, 0, 100, 59, 0, 0, 0, 2, 0, 52)
12 (1, 4, 0, 0, 0, 66, 0, 0, 0, 1, 0, 254)
13 (1, 4, 0, 5, 0, 61, 24, 0, 0, 2, 0, 6)
14 (1, 4, 10, 5, 0, 46, 30, 0, 0, 2, 0, 173)
15 (1, 4, 0, 49, 2, 38, 27, 0, 0, 1, 0, 72)
16 (1, 4, 0, 29, 0, 35, 31, 0, 0, 2, 0, 241)
17 (1, 4, 29, 0, 35, 33, 23, 0, 0, 1, 0, 237)
18 (1, 4, 8, 0, 18, 36, 13, 0, 0, 2, 0, 70)
19 (1, 4, 5, 0, 6, 33, 19, 0, 0, 2, 0, 23)
20 (1, 4, 29, 0, 17, 32, 17, 0, 0, 1, 0, 77)
21 (1, 4, 18, 0, 12, 35, 13, 0, 0, 2, 0, 37)
22 (1, 4, 0, 0, 0, 41, 17, 0, 0, 2, 0, 90)
23 (1, 4, 0, 0, 0, 38, 23, 0, 0, 2, 0, 238)
24 (1, 4, 0, 0, 0, 35, 25, 0, 0, 1, 0, 224)
25 (1, 4, 0, 0, 0, 39, 29, 0, 0, 2, 0, 194)
26 (1, 4, 10, 0, 14, 35, 19, 0, 0, 1, 0, 114)
27 (1, 4, 19, 0, 15, 38, 14, 0, 0, 1, 0, 197)
28 (1, 4, 27, 0, 8, 36, 8, 0, 0, 2, 0, 194)
29 (1, 4, 13, 3, 0, 34, 12, 0, 0, 2, 0, 195)
30 (1, 4, 7, 1, 0, 33, 13, 0, 0, 1, 0, 39)
31 (1, 4, 11, 5, 1, 32, 12, 0, 0, 2, 0, 250)
0 (1, 4, 187, 0, 164, 0, 0, 0, 0, 2, 0, 169)
1 (1, 4, 42, 64, 65, 11, 0, 0, 0, 2, 0, 54)
2 (1, 4, 161, 137, 0, 38, 0, 0, 1, 2, 0, 186)
3 (1, 4, 164, 374, 0, 54, 0, 0, 0, 2, 0, 108)
4 (1, 4, 281, 543, 0, 46, 0, 0, 1, 2, 0, 24)
5 (1, 4, 381, 667, 0, 0, 0, 0, 1, 2, 0, 230)
6 (1, 4, 294, 733, 0, 0, 10, 0, 1, 2, 0, 234)
7 (1, 4, 0, 735, 0, 13, 11, 1, 1, 2, 0, 91)
8 (1, 4, 0, 607, 0, 26, 0, 67, 1, 2, 0, 70)
9 (1, 4, 0, 384, 0, 0, 0, 96, 1, 2, 0, 202)
10 (1, 4, 0, 82, 0, 0, 0, 136, 1, 2, 0, 37)
11 (1, 4, 0, 0, 0, 0, 0, 100, 1, 2, 0, 91)
12 (1, 4, 0, 0, 0, 0, 0, 103, 0, 2, 0, 95)
13 (1, 4, 0, 0, 0, 0, 25, 0, 0, 2, 0, 149)
14 (1, 4, 62, 0, 0, 0, 97, 0, 0, 2, 0, 181)
15 (1, 4, 340, 0, 0, 58, 82, 0, 0, 2, 0, 78)
16 (1, 4, 10, 0, 11, 70, 15, 0, 0, 2, 0, 253)
17 (1, 4, 0, 0, 0, 67, 1, 0, 0, 2, 0, 37)
18 (1, 4, 0, 0, 0, 59, 16, 0, 0, 2, 0, 234)
19 (1, 4, 46, 0, 20, 36, 13, 0, 0, 2, 0, 212)
20 (1, 4, 0, 52, 1, 32, 20, 0, 0, 2, 0, 202)
21 (1, 4, 23, 0, 16, 31, 18, 0, 0, 2, 0, 56)
22 (1, 4, 0, 16, 20, 32, 11, 0, 0, 2, 0, 75)
23 (1, 4, 0, 0, 0, 36, 9, 0, 0, 2, 0, 133)
24 (1, 4, 0, 0, 0, 35, 11, 0, 0, 2, 0, 42)
25 (1, 4, 0, 0, 0, 37, 14, 0, 0, 2, 0, 242)
26 (1, 4, 0, 0, 1, 38, 13, 0, 0, 2, 0, 204)
27 (1, 4, 0, 2, 4, 37, 12, 0, 0, 2, 0, 51)
28 (1, 4, 0, 0, 0, 38, 14, 0, 0, 2, 0, 211)
29 (1, 4, 0, 0, 0, 38, 15, 0, 0, 2, 0, 170)
30 (1, 4, 0, 1, 11, 35, 15, 0, 0, 2, 0, 123)
31 (1, 4, 0, 8, 11, 36, 14, 0, 0, 2, 0, 89)
0 (1, 4, 421, 0, 26, 0, 0, 0, 1, 2, 0, 192)
1 (1, 4, 500, 0, 184, 0, 0, 0, 1, 2, 0, 135)
2 (1, 4, 302, 0, 212, 0, 0, 0, 1, 2, 0, 112)
3 (1, 4, 107, 0, 216, 0, 0, 0, 1, 2, 0, 47)
4 (1, 4, 0, 0, 99, 0, 0, 0, 1, 2, 0, 116)
5 (1, 4, 0, 0, 90, 0, 0, 0, 1, 2, 0, 221)
6 (1, 4, 0, 0, 111, 0, 0, 0, 1, 2, 0, 150)
7 (1, 4, 191, 0, 91, 0, 0, 0, 0, 2, 0, 67)
8 (1, 4, 84, 269, 16, 0, 0, 0, 1, 2, 0, 221)
9 (1, 4, 97, 583, 0, 0, 0, 0, 0, 2, 0, 164)
10 (1, 4, 0, 668, 0, 0, 0, 0, 1, 2, 0, 14)
11 (1, 4, 106, 810, 0, 0, 0, 0, 1, 2, 0, 220)
12 (1, 4, 128, 667, 0, 0, 0, 0, 1, 2, 0, 25)
13 (1, 4, 193, 736, 0, 0, 14, 0, 0, 2, 0, 103)
14 (1, 4, 146, 695, 40, 14, 4, 0, 0, 2, 0, 55)
15 (1, 4, 117, 567, 113, 16, 0, 42, 0, 2, 0, 183)
16 (1, 4, 54, 364, 26, 34, 0, 53, 0, 2, 0, 133)
17 (1, 4, 0, 220, 0, 40, 0, 61, 0, 2, 0, 1)
18 (1, 4, 0, 165, 0, 10, 0, 87, 0, 1, 0, 250)
19 (1, 4, 0, 0, 0, 0, 0, 101, 1, 2, 0, 132)
20 (1, 4, 0, 0, 0, 0, 0, 67, 1, 1, 0, 84)
21 (1, 4, 0, 0, 0, 0, 2, 15, 1, 1, 0, 124)
22 (1, 4, 0, 0, 0, 0, 0, 7, 1, 1, 0, 100)
23 (1, 4, 0, 0, 0, 92, 111, 0, 0, 1, 0, 13)
24 (1, 4, 0, 0, 65, 124, 72, 0, 0, 1, 0, 238)
25 (1, 4, 0, 0, 98, 90, 0, 0, 0, 1, 0, 219)
26 (1, 4, 0, 13, 72, 83, 0, 0, 0, 1, 0, 141)
27 (1, 4, 0, 5, 82, 77, 0, 0, 0, 1, 0, 159)
28 (1, 4, 0, 41, 46, 64, 0, 0, 0, 2, 0, 138)
29 (1, 4, 0, 0, 4, 58, 7, 0, 0, 2, 0, 70)
30 (1, 4, 0, 0, 0, 63, 0, 0, 0, 2, 0, 19)
31 (1, 4, 0, 0, 0, 69, 0, 0, 0, 2, 0, 30)
0 (1, 4, 274, 0, 235, 0, 0, 0, 0, 1, 0, 24)
1 (1, 4, 150, 0, 171, 0, 0, 0, 0, 1, 0, 204)
2 (1, 4, 155, 0, 189, 0, 0, 0, 0, 1, 0, 132)
3 (1, 4, 456, 0, 243, 0, 0, 0, 0, 2, 0, 118)
4 (1, 4, 478, 37, 28, 0, 0, 0, 0, 2, 0, 178)
5 (1, 4, 186, 200, 0, 0, 0, 0, 0, 2, 0, 199)
6 (1, 4, 0, 533, 0, 0, 0, 0, 0, 2, 0, 107)
7 (1, 4, 0, 705, 0, 0, 0, 0, 0, 2, 0, 82)
8 (1, 4, 0, 852, 0, 0, 0, 0, 0, 1, 0, 5)
9 (1, 4, 212, 873, 0, 0, 0, 0, 0, 1, 0, 62)
10 (1, 4, 373, 873, 0, 0, 43, 0, 0, 1, 0, 167)
11 (1, 4, 192, 873, 0, 0, 35, 46, 0, 1, 0, 231)
12 (1, 4, 176, 422, 0, 0, 0, 200, 0, 2, 0, 46)
13 (1, 4, 4, 0, 0, 0, 0, 229, 1, 2, 0, 54)
14 (1, 4, 0, 0, 0, 0, 21, 144, 1, 2, 0, 140)
15 (1, 4, 0, 0, 38, 0, 10, 0, 0, 2, 0, 20)
16 (1, 4, 224, 0, 160, 0, 0, 0, 0, 2, 0, 252)
17 (1, 4, 0, 0, 0, 113, 0, 0, 0, 2, 0, 124)
18 (1, 4, 0, 0, 0, 58, 0, 0, 0, 2, 0, 112)
19 (1, 4, 32, 0, 10, 50, 0, 0, 0, 2, 0, 220)
20 (1, 4, 0, 0, 0, 33, 0, 0, 0, 2, 0, 94)
21 (1, 4, 0, 8, 0, 28, 0, 0, 0, 2, 0, 104)
22 (1, 4, 45, 0, 0, 26, 0, 0, 0, 2, 0, 24)
23 (1, 4, 0, 18, 0, 27, 0, 0, 0, 2, 0, 138)
24 (1, 4, 9, 4, 0, 27, 0, 0, 0, 2, 0, 34)
25 (1, 4, 2, 0, 0, 27, 0, 0, 0, 1, 0, 39)
26 (1, 4, 0, 0, 0, 28, 0, 0, 0, 2, 0, 219)
27 (1, 4, 0, 0, 8, 33, 0, 0, 0, 2, 0, 226)
28 (1, 4, 5, 0, 36, 28, 0, 0, 0, 1, 0, 240)
29 (1, 4, 0, 1, 50, 30, 0, 0, 0, 2, 0, 254)
30 (1, 4, 8, 0, 33, 28, 0, 0, 0, 2, 0, 193)
31 (1, 4, 0, 21, 17, 20, 0, 0, 0, 2, 0, 198)
0 (1, 4, 132, 44, 84, 0, 0, 0, 0, 2, 0, 244)
1 (1, 4, 190, 190, 47, 0, 0, 0, 0, 2, 0, 207)
2 (1, 4, 111, 306, 0, 0, 0, 0, 0, 2, 0, 151)
3 (1, 4, 0, 313, 0, 0, 0, 0, 0, 2, 0, 232)
4 (1, 4, 0, 441, 0, 7, 0, 0, 0, 2, 0, 180)
5 (1, 4, 0, 596, 0, 34, 0, 0, 0, 2, 0, 138)
6 (1, 4, 0, 753, 0, 30, 0, 0, 0, 2, 0, 188)
7 (1, 4, 57, 854, 13, 0, 0, 0, 0, 2, 0, 250)
8 (1, 4, 0, 668, 0, 0, 0, 35, 0, 2, 0, 171)
9 (1, 4, 0, 517, 16, 0, 0, 78, 0, 2, 0, 22)
10 (1, 4, 0, 268, 111, 0, 0, 147, 0, 2, 0, 71)
11 (1, 4, 0, 0, 0, 0, 0, 125, 0, 2, 0, 223)
12 (1, 4, 0, 0, 0, 0, 0, 132, 0, 2, 0, 87)
13 (1, 4, 91, 0, 0, 0, 0, 125, 0, 2, 0, 212)
14 (1, 4, 0, 0, 0, 0, 0, 43, 0, 2, 0, 133)
15 (1, 4, 23, 0, 32, 0, 57, 0, 0, 2, 0, 172)
16 (1, 4, 0, 0, 0, 78, 36, 0, 0, 2, 0, 41)
17 (1, 4, 0, 0, 0, 58, 0, 0, 0, 2, 0, 112)
18 (1, 4, 0, 0, 0, 60, 0, 0, 0, 2, 0, 50)
19 (1, 4, 0, 1, 0, 53, 0, 0, 0, 2, 0, 96)
20 (1, 4, 0, 0, 0, 45, 4, 0, 0, 2, 0, 57)
21 (1, 4, 0, 5, 0, 46, 11, 0, 0, 2, 0, 222)
22 (1, 4, 25, 43, 0, 44, 1, 0, 0, 2, 0, 139)
23 (1, 4, 0, 57, 0, 36, 16, 0, 0, 2, 0, 29)
24 (1, 4, 0, 42, 0, 34, 15, 0, 0, 2, 0, 202)
25 (1, 4, 0, 35, 0, 39, 17, 0, 0, 2, 0, 250)
26 (1, 4, 0, 2, 0, 44, 15, 0, 0, 2, 0, 1)
27 (1, 4, 0, 0, 1, 43, 11, 0, 0, 2, 0, 70)
28 (1, 4, 1, 0, 0, 46, 15, 0, 0, 2, 0, 92)
29 (1, 4, 11, 6, 17, 40, 10, 0, 0, 1, 0, 9)
30 (1, 4, 0, 1, 0, 45, 11, 0, 0, 2, 0, 37)
31 (1, 4, 2, 0, 0, 41, 12, 0, 0, 2, 0, 152)
0 (1, 4, 385, 0, 91, 0, 0, 0, 0, 2, 0, 50)
1 (1, 4, 508, 0, 243, 0, 3, 0, 1, 2, 0, 128)
2 (1, 4, 93, 0, 254, 0, 0, 0, 0, 2, 0, 193)
3 (1, 4, 411, 0, 179, 0, 0, 0, 0, 2, 0, 246)
4 (1, 4, 0, 0, 47, 0, 0, 0, 0, 2, 0, 15)
5 (1, 4, 0, 174, 0, 0, 0, 0, 0, 2, 0, 111)
6 (1, 4, 0, 32, 0, 0, 0, 0, 0, 2, 0, 106)
7 (1, 4, 0, 83, 0, 0, 0, 0, 0, 2, 0, 146)
8 (1, 4, 0, 136, 0, 4, 0, 0, 0, 2, 0, 102)
9 (1, 4, 0, 181, 0, 23, 0, 0, 0, 2, 0, 207)
10 (1, 4, 0, 390, 22, 27, 0, 0, 0, 2, 0, 219)
11 (1, 4, 47, 646, 91, 26, 0, 0, 0, 2, 0, 252)
12 (1, 4, 0, 873, 27, 11, 0, 0, 0, 2, 0, 102)
13 (1, 4, 32, 873, 196, 20, 0, 0, 0, 2, 0, 223)
14 (1, 4, 57, 818, 238, 0, 0, 0, 0, 2, 0, 46)
15 (1, 4, 98, 631, 135, 0, 0, 37, 0, 2, 0, 10)
16 (1, 4, 0, 214, 0, 0, 0, 146, 0, 2, 0, 28)
17 (1, 4, 0, 0, 0, 0, 0, 155, 0, 1, 0, 192)
18 (1, 4, 0, 0, 0, 0, 0, 89, 0, 2, 0, 11)
19 (1, 4, 0, 0, 0, 0, 0, 81, 0, 2, 0, 225)
20 (1, 4, 0, 0, 22, 0, 71, 0, 0, 2, 0, 212)
21 (1, 4, 49, 0, 103, 114, 12, 0, 0, 2, 0, 182)
22 (1, 4, 0, 0, 0, 83, 0, 0, 0, 2, 0, 171)
23 (1, 4, 0, 23, 51, 72, 0, 0, 0, 1, 0, 97)
24 (1, 4, 0, 0, 0, 54, 0, 0, 0, 2, 0, 244)
25 (1, 4, 0, 43, 0, 39, 0, 0, 0, 2, 0, 181)
26 (1, 4, 19, 14, 8, 30, 2, 0, 0, 1, 0, 224)
27 (1, 4, 0, 0, 0, 30, 0, 0, 0, 2, 0, 229)
28 (1, 4, 0, 19, 0, 35, 2, 0, 0, 2, 0, 43)
29 (1, 4, 9, 0, 0, 35, 0, 0, 0, 1, 0, 163)
30 (1, 4, 0, 14, 0, 42, 0, 0, 0, 2, 0, 131)
31 (1, 4, 0, 11, 0, 42, 0, 0, 0, 2, 0, 236)
0 (1, 4, 0, 873, 0, 0, 0, 0, 0, 1, 0, 122)
1 (1, 4, 11, 873, 0, 0, 3, 0, 0, 1, 0, 147)
2 (1, 4, 0, 744, 0, 0, 0, 67, 0, 2, 0, 181)
3 (1, 4, 0, 415, 0, 0, 0, 145, 0, 2, 0, 26)
4 (1, 4, 0, 0, 0, 0, 0, 156, 0, 1, 0, 211)
5 (1, 4, 0, 0, 0, 0, 0, 128, 0, 2, 0, 34)
6 (1, 4, 0, 0, 0, 0, 0, 62, 0, 2, 0, 252)
7 (1, 4, 0, 0, 0, 0, 13, 0, 0, 2, 0, 243)
8 (1, 4, 356, 0, 0, 0, 88, 0, 0, 2, 0, 130)
9 (1, 4, 350, 0, 0, 33, 5, 0, 0, 2, 0, 251)
10 (1, 4, 0, 1, 0, 85, 7, 0, 0, 2, 0, 52)
11 (1, 4, 0, 0, 0, 67, 6, 0, 0, 2, 0, 77)
12 (1, 4, 0, 0, 0, 57, 0, 0, 0, 2, 0, 81)
13 (1, 4, 0, 0, 0, 55, 22, 0, 0, 2, 0, 127)
14 (1, 4, 23, 0, 3, 38, 9, 0, 0, 2, 0, 202)
15 (1, 4, 0, 13, 0, 42, 11, 0, 0, 2, 0, 17)
16 (1, 4, 0, 0, 0, 44, 13, 0, 0, 2, 0, 158)
17 (1, 4, 8, 0, 0, 38, 9, 0, 0, 2, 0, 203)
18 (1, 4, 0, 0, 0, 41, 10, 0, 0, 2, 0, 149)
19 (1, 4, 5, 0, 0, 42, 14, 0, 0, 2, 0, 97)
20 (1, 4, 2, 0, 0, 41, 17, 0, 0, 2, 0, 70)
21 (1, 4, 16, 0, 3, 42, 16, 0, 0, 1, 0, 228)
22 (1, 4, 0, 2, 0, 43, 12, 0, 0, 2, 0, 215)
23 (1, 4, 0, 5, 0, 39, 15, 0, 0, 2, 0, 218)
24 (1, 4, 4, 4, 0, 39, 14, 0, 0, 1, 0, 147)
25 (1, 4, 0, 3, 0, 40, 15, 0, 0, 2, 0, 200)
26 (1, 4, 0, 22, 3, 40, 16, 0, 0, 2, 0, 81)
27 (1, 4, 2, 0, 0, 38, 15, 0, 0, 1, 0, 11)
28 (1, 4, 0, 11, 3, 38, 11, 0, 0, 2, 0, 153)
29 (1, 4, 0, 0, 0, 39, 14, 0, 0, 2, 0, 204)
30 (1, 4, 9, 0, 3, 37, 14, 0, 0, 1, 0, 138)
31 (1, 4, 8, 0, 8, 35, 7, 0, 0, 2, 0, 196)
0 (1, 4, 0, 873, 151, 0, 8, 0, 0, 2, 0, 109)
1 (1, 4, 17, 624, 186, 0, 0, 87, 0, 2, 0, 205)
2 (1, 4, 0, 256, 0, 0, 0, 118, 0, 2, 0, 182)
3 (1, 4, 0, 0, 0, 0, 0, 175, 1, 2, 0, 24)
4 (1, 4, 14, 0, 0, 0, 3, 108, 0, 1, 0, 177)
5 (1, 4, 0, 0, 55, 0, 16, 0, 0, 1, 0, 244)
6 (1, 4, 0, 0, 32, 14, 58, 0, 0, 2, 0, 87)
7 (1, 4, 0, 0, 98, 121, 0, 0, 0, 2, 0, 174)
8 (1, 4, 0, 0, 0, 70, 0, 0, 0, 2, 0, 63)
9 (1, 4, 0, 0, 0, 55, 0, 0, 0, 2, 0, 235)
10 (1, 4, 0, 0, 0, 47, 0, 0, 0, 2, 0, 228)
11 (1, 4, 0, 0, 0, 50, 0, 0, 0, 1, 0, 53)
12 (1, 4, 0, 0, 0, 44, 0, 0, 0, 2, 0, 197)
13 (1, 4, 0, 0, 0, 42, 0, 0, 0, 2, 0, 135)
14 (1, 4, 0, 0, 0, 39, 0, 0, 0, 1, 0, 161)
15 (1, 4, 1, 0, 0, 42, 0, 0, 0, 2, 0, 137)
16 (1, 4, 0, 0, 0, 42, 0, 0, 0, 2, 0, 135)
17 (1, 4, 0, 0, 0, 36, 0, 0, 0, 1, 0, 128)
18 (1, 4, 0, 0, 0, 37, 0, 0, 0, 2, 0, 34)
19 (1, 4, 4, 0, 0, 32, 0, 0, 0, 2, 0, 121)
20 (1, 4, 11, 0, 0, 32, 0, 0, 0, 1, 0, 158)
21 (1, 4, 23, 8, 0, 30, 0, 0, 0, 2, 0, 156)
22 (1, 4, 129, 0, 24, 21, 0, 0, 0, 2, 0, 228)
23 (1, 4, 78, 0, 57, 8, 0, 0, 0, 1, 0, 153)
24 (1, 4, 54, 0, 57, 0, 0, 0, 0, 2, 0, 2)
25 (1, 4, 90, 0, 82, 0, 0, 0, 0, 2, 0, 6)
26 (1, 4, 211, 0, 87, 0, 0, 0, 0, 2, 0, 167)
27 (1, 4, 176, 0, 121, 0, 0, 0, 0, 2, 0, 200)
28 (1, 4, 20, 0, 163, 0, 0, 0, 0, 2, 0, 196)
29 (1, 4, 168, 0, 217, 0, 0, 0, 0, 2, 0, 87)
30 (1, 4, 19, 0, 146, 0, 0, 0, 0, 2, 0, 251)
31 (1, 4, 0, 0, 130, 0, 0, 0, 0, 2, 0, 118)
0 (1, 4, 0, 404, 0, 0, 0, 0, 0, 2, 0, 247)
1 (1, 4, 0, 591, 0, 0, 0, 0, 0, 2, 0, 87)
2 (1, 4, 86, 707, 0, 0, 0, 0, 0, 2, 0, 114)
3 (1, 4, 36, 702, 47, 0, 0, 0, 0, 2, 0, 155)
4 (1, 4, 135, 717, 126, 4, 7, 0, 0, 2, 0, 167)
5 (1, 4, 58, 649, 45, 14, 0, 0, 0, 2, 0, 27)
6 (1, 4, 0, 551, 10, 21, 0, 27, 0, 2, 0, 253)
7 (1, 4, 0, 392, 0, 12, 0, 83, 0, 2, 0, 139)
8 (1, 4, 0, 78, 0, 0, 0, 144, 0, 2, 0, 118)
9 (1, 4, 47, 0, 0, 0, 0, 135, 0, 2, 0, 172)
10 (1, 4, 0, 0, 0, 0, 23, 1, 0, 2, 0, 154)
11 (1, 4, 200, 0, 0, 0, 56, 0, 0, 2, 0, 13)
12 (1, 4, 38, 0, 126, 98, 0, 0, 0, 2, 0, 254)
13 (1, 4, 0, 20, 3, 74, 0, 0, 0, 2, 0, 187)
14 (1, 4, 0, 34, 0, 51, 0, 0, 0, 2, 0, 56)
15 (1, 4, 0, 0, 0, 43, 0, 0, 0, 2, 0, 152)
16 (1, 4, 0, 13, 0, 39, 0, 0, 0, 1, 0, 125)
17 (1, 4, 0, 0, 0, 36, 0, 0, 0, 2, 0, 61)
18 (1, 4, 0, 0, 0, 35, 0, 0, 0, 2, 0, 96)
19 (1, 4, 0, 0, 0, 41, 0, 0, 0, 1, 0, 27)
20 (1, 4, 0, 0, 0, 45, 0, 0, 0, 2, 0, 218)
21 (1, 4, 0, 0, 0, 47, 0, 0, 0, 2, 0, 228)
22 (1, 4, 0, 0, 0, 48, 0, 0, 1, 2, 0, 212)
23 (1, 4, 0, 0, 0, 48, 0, 0, 0, 2, 0, 182)
24 (1, 4, 0, 0, 0, 49, 0, 0, 0, 2, 0, 169)
25 (1, 4, 0, 0, 0, 54, 0, 0, 0, 2, 0, 244)
26 (1, 4, 0, 37, 0, 57, 9, 0, 0, 2, 0, 68)
27 (1, 4, 0, 37, 0, 49, 8, 0, 0, 2, 0, 197)
28 (1, 4, 0, 38, 0, 41, 2, 0, 0, 1, 0, 156)
29 (1, 4, 0, 34, 0, 43, 4, 0, 0, 2, 0, 212)
30 (1, 4, 0, 17, 0, 39, 8, 0, 0, 2, 0, 9)
31 (1, 4, 0, 0, 30, 45, 12, 0, 0, 2, 0, 74)
0 (1, 4, 99, 0, 288, 0, 0, 0, 0, 2, 0, 87)
1 (1, 4, 223, 0, 70, 0, 0, 0, 1, 2, 0, 102)
2 (1, 4, 0, 165, 0, 0, 0, 0, 0, 2, 0, 4)
3 (1, 4, 0, 378, 0, 0, 0, 0, 0, 2, 0, 179)
4 (1, 4, 0, 622, 0, 0, 0, 0, 0, 2, 0, 32)
5 (1, 4, 100, 752, 0, 0, 0, 0, 0, 2, 0, 50)
6 (1, 4, 182, 726, 0, 0, 0, 0, 0, 2, 0, 39)
7 (1, 4, 270, 747, 0, 0, 12, 0, 0, 2, 0, 58)
8 (1, 4, 225, 617, 0, 24, 0, 42, 0, 2, 0, 138)
9 (1, 4, 78, 492, 0, 23, 0, 73, 0, 2, 0, 99)
10 (1, 4, 0, 381, 0, 0, 0, 121, 0, 2, 0, 179)
11 (1, 4, 0, 0, 0, 0, 0, 180, 0, 2, 0, 37)
12 (1, 4, 0, 0, 0, 0, 13, 101, 0, 2, 0, 189)
13 (1, 4, 0, 0, 0, 0, 19, 0, 1, 2, 0, 196)
14 (1, 4, 0, 0, 0, 0, 50, 0, 0, 2, 0, 210)
15 (1, 4, 43, 0, 15, 112, 0, 0, 0, 2, 0, 159)
16 (1, 4, 0, 0, 0, 70, 0, 0, 0, 2, 0, 63)
17 (1, 4, 0, 0, 20, 62, 0, 0, 0, 2, 0, 45)
18 (1, 4, 0, 0, 0, 54, 0, 0, 0, 1, 0, 73)
19 (1, 4, 20, 14, 25, 40, 0, 0, 0, 2, 0, 50)
20 (1, 4, 0, 14, 0, 37, 0, 0, 0, 2, 0, 38)
21 (1, 4, 0, 1, 0, 34, 0, 0, 0, 1, 0, 119)
22 (1, 4, 0, 21, 5, 38, 0, 0, 0, 2, 0, 199)
23 (1, 4, 0, 8, 0, 46, 0, 0, 0, 2, 0, 72)
24 (1, 4, 8, 0, 0, 40, 0, 0, 0, 1, 0, 116)
25 (1, 4, 11, 0, 0, 42, 0, 0, 0, 2, 0, 229)
26 (1, 4, 0, 0, 0, 47, 0, 0, 0, 2, 0, 228)
27 (1, 4, 3, 0, 0, 47, 0, 0, 0, 1, 0, 75)
28 (1, 4, 0, 13, 0, 46, 0, 0, 0, 2, 0, 39)
29 (1, 4, 7, 0, 0, 43, 0, 0, 0, 2, 0, 178)
30 (1, 4, 1, 0, 0, 44, 0, 0, 0, 1, 0, 118)
31 (1, 4, 0, 0, 0, 43, 0, 0, 0, 2, 0, 152)
0 (1, 4, 73, 0, 0, 32, 0, 0, 0, 2, 0, 182)
1 (1, 4, 146, 0, 41, 18, 0, 0, 0, 2, 0, 94)
2 (1, 4, 211, 0, 100, 1, 0, 0, 0, 1, 0, 63)
3 (1, 4, 262, 0, 184, 0, 0, 0, 1, 2, 0, 32)
4 (1, 4, 372, 0, 276, 0, 0, 0, 0, 2, 0, 64)
5 (1, 4, 263, 0, 259, 0, 0, 0, 0, 2, 0, 102)
6 (1, 4, 376, 30, 222, 0, 0, 0, 0, 2, 0, 169)
7 (1, 4, 0, 259, 0, 0, 0, 0, 0, 2, 0, 149)
8 (1, 4, 0, 385, 0, 0, 0, 0, 0, 2, 0, 249)
9 (1, 4, 0, 543, 0, 0, 0, 0, 1, 2, 0, 215)
10 (1, 4, 0, 630, 0, 19, 0, 0, 0, 2, 0, 36)
11 (1, 4, 141, 634, 0, 10, 0, 0, 0, 2, 0, 14)
12 (1, 4, 237, 620, 0, 13, 0, 0, 0, 2, 0, 203)
13 (1, 4, 232, 519, 0, 33, 0, 48, 0, 2, 0, 200)
14 (1, 4, 55, 491, 0, 26, 0, 70, 0, 2, 0, 211)
15 (1, 4, 0, 378, 0, 0, 0, 129, 0, 2, 0, 230)
16 (1, 4, 0, 0, 0, 0, 0, 191, 0, 2, 0, 169)
17 (1, 4, 0, 0, 0, 0, 0, 123, 1, 2, 0, 113)
18 (1, 4, 141, 0, 0, 0, 31, 0, 0, 2, 0, 215)
19 (1, 4, 0, 0, 0, 0, 2, 0, 0, 2, 0, 90)
20 (1, 4, 0, 0, 0, 103, 6, 0, 0, 2, 0, 216)
21 (1, 4, 0, 0, 0, 78, 0, 0, 0, 2, 0, 199)
22 (1, 4, 0, 0, 20, 53, 0, 0, 0, 1, 0, 73)
23 (1, 4, 0, 0, 0, 47, 0, 0, 0, 2, 0, 228)
24 (1, 4, 0, 17, 0, 50, 0, 0, 0, 2, 0, 92)
25 (1, 4, 2, 24, 12, 42, 0, 0, 0, 1, 0, 22)
26 (1, 4, 14, 0, 0, 42, 0, 0, 0, 2, 0, 211)
27 (1, 4, 0, 19, 0, 42, 0, 0, 0, 2, 0, 62)
28 (1, 4, 6, 0, 11, 42, 0, 0, 0, 1, 0, 25)
29 (1, 4, 12, 0, 4, 42, 0, 0, 0, 2, 0, 145)
30 (1, 4, 0, 0, 0, 44, 0, 0, 0, 2, 0, 197)
31 (1, 4, 0, 0, 0, 46, 0, 0, 0, 1, 0, 70)
0 (1, 4, 0, 62, 4, 0, 0, 0, 0, 2, 0, 81)
1 (1, 4, 0, 152, 0, 0, 0, 0, 0, 2, 0, 123)
2 (1, 4, 0, 180, 0, 0, 0, 0, 0, 2, 0, 208)
3 (1, 4, 0, 361, 0, 0, 0, 0, 1, 2, 0, 104)
4 (1, 4, 0, 475, 0, 0, 0, 0, 1, 2, 0, 167)
5 (1, 4, 0, 777, 0, 0, 0, 0, 0, 2, 0, 134)
6 (1, 4, 0, 873, 0, 0, 0, 0, 0, 2, 0, 199)
7 (1, 4, 0, 873, 6, 0, 0, 0, 0, 2, 0, 182)
8 (1, 4, 0, 873, 125, 0, 14, 0, 0, 2, 0, 27)
9 (1, 4, 41, 732, 189, 4, 0, 0, 1, 2, 0, 78)
10 (1, 4, 0, 543, 112, 0, 0, 63, 1, 2, 0, 38)
11 (1, 4, 0, 270, 0, 0, 0, 121, 0, 2, 0, 75)
12 (1, 4, 0, 0, 0, 0, 0, 180, 0, 2, 0, 37)
13 (1, 4, 13, 0, 0, 0, 0, 102, 0, 2, 0, 198)
14 (1, 4, 0, 0, 0, 0, 0, 28, 1, 2, 0, 134)
15 (1, 4, 0, 0, 0, 0, 33, 0, 0, 2, 0, 220)
16 (1, 4, 0, 0, 0, 108, 2, 0, 0, 2, 0, 226)
17 (1, 4, 0, 0, 0, 84, 4, 0, 0, 2, 0, 21)
18 (1, 4, 31, 0, 39, 63, 0, 0, 0, 2, 0, 178)
19 (1, 4, 0, 16, 0, 48, 0, 0, 0, 2, 0, 215)
20 (1, 4, 45, 0, 18, 39, 0, 0, 0, 1, 0, 112)
21 (1, 4, 0, 0, 0, 40, 0, 0, 0, 1, 0, 4)
22 (1, 4, 2, 0, 0, 41, 0, 0, 0, 2, 0, 186)
23 (1, 4, 0, 0, 0, 43, 0, 0, 0, 1, 0, 37)
24 (1, 4, 0, 0, 0, 44, 0, 0, 0, 1, 0, 120)
25 (1, 4, 0, 0, 0, 42, 0, 0, 0, 2, 0, 135)
26 (1, 4, 0, 0, 0, 44, 0, 0, 0, 2, 0, 197)
27 (1, 4, 0, 0, 0, 42, 0, 0, 0, 1, 0, 58)
28 (1, 4, 0, 0, 0, 43, 0, 0, 0, 2, 0, 152)
29 (1, 4, 0, 5, 0, 46, 0, 0, 0, 2, 0, 148)
30 (1, 4, 0, 0, 0, 43, 0, 0, 0, 1, 0, 37)
31 (1, 4, 0, 0, 0, 44, 0, 0, 0, 2, 0, 197)
0 (1, 4, 0, 593, 92, 32, 0, 0, 0, 2, 0, 189)
1 (1, 4, 0, 570, 85, 39, 0, 0, 0, 2, 0, 226)
2 (1, 4, 0, 628, 141, 42, 0, 0, 0, 2, 0, 55)
3 (1, 4, 0, 601, 120, 7, 0, 30, 0, 2, 0, 239)
4 (1, 4, 0, 468, 142, 0, 0, 151, 0, 2, 0, 2)
5 (1, 4, 64, 0, 0, 0, 0, 174, 0, 2, 0, 44)
6 (1, 4, 0, 0, 0, 0, 0, 60, 1, 2, 0, 39)
7 (1, 4, 56, 0, 0, 0, 31, 0, 0, 2, 0, 211)
8 (1, 4, 0, 0, 0, 0, 58, 0, 0, 2, 0, 19)
9 (1, 4, 0, 0, 0, 73, 68, 0, 0, 2, 0, 99)
10 (1, 4, 28, 0, 30, 63, 9, 0, 0, 2, 0, 177)
11 (1, 4, 0, 0, 0, 56, 0, 0, 0, 2, 0, 78)
12 (1, 4, 0, 0, 0, 48, 0, 0, 0, 2, 0, 182)
13 (1, 4, 20, 0, 14, 39, 0, 0, 0, 2, 0, 9)
14 (1, 4, 0, 9, 12, 37, 0, 0, 0, 2, 0, 198)
15 (1, 4, 5, 0, 0, 32, 0, 0, 0, 2, 0, 119)
16 (1, 4, 0, 7, 8, 30, 0, 0, 0, 2, 0, 91)
17 (1, 4, 0, 11, 2, 35, 0, 0, 0, 1, 0, 153)
18 (1, 4, 0, 0, 0, 36, 1, 0, 0, 2, 0, 68)
19 (1, 4, 0, 9, 1, 31, 0, 0, 0, 2, 0, 104)
20 (1, 4, 0, 12, 0, 38, 2, 0, 0, 1, 0, 37)
21 (1, 4, 0, 0, 0, 39, 0, 0, 0, 2, 0, 28)
22 (1, 4, 0, 4, 0, 37, 0, 0, 0, 2, 0, 248)
23 (1, 4, 0, 0, 0, 39, 4, 0, 0, 1, 0, 66)
24 (1, 4, 5, 0, 0, 38, 2, 0, 0, 2, 0, 199)
25 (1, 4, 0, 1, 0, 35, 2, 0, 0, 2, 0, 39)
26 (1, 4, 0, 0, 0, 37, 0, 0, 0, 1, 0, 159)
27 (1, 4, 0, 0, 0, 37, 2, 0, 0, 2, 0, 208)
28 (1, 4, 9, 0, 0, 35, 2, 0, 0, 2, 0, 236)
29 (1, 4, 0, 5, 0, 37, 4, 0, 0, 1, 0, 19)
30 (1, 4, 0, 0, 0, 36, 0, 0, 0, 2, 0, 61)
31 (1, 4, 14, 0, 0, 34, 0, 0, 0, 2, 0, 43)
0 (1, 4, 123, 0, 0, 0, 0, 0, 0, 2, 0, 100)
1 (1, 4, 152, 0, 57, 0, 0, 0, 0, 1, 0, 57)
2 (1, 4, 64, 0, 6, 0, 0, 0, 1, 2, 0, 50)
3 (1, 4, 24, 0, 41, 0, 0, 0, 1, 2, 0, 140)
4 (1, 4, 292, 0, 128, 0, 0, 0, 0, 2, 0, 164)
5 (1, 4, 440, 0, 207, 0, 0, 0, 0, 2, 0, 187)
6 (1, 4, 296, 0, 152, 0, 0, 0, 0, 2, 0, 47)
7 (1, 4, 53, 332, 13, 0, 0, 0, 0, 2, 0, 192)
8 (1, 4, 0, 376, 0, 0, 0, 0, 0, 2, 0, 222)
9 (1, 4, 63, 525, 0, 1, 0, 0, 1, 2, 0, 185)
10 (1, 4, 176, 564, 0, 21, 0, 0, 0, 2, 0, 186)
11 (1, 4, 147, 584, 0, 23, 0, 0, 1, 2, 0, 122)
12 (1, 4, 114, 770, 0, 29, 1, 0, 0, 2, 0, 74)
13 (1, 4, 0, 777, 0, 12, 0, 36, 0, 2, 0, 214)
14 (1, 4, 0, 672, 0, 0, 0, 80, 0, 2, 0, 48)
15 (1, 4, 0, 345, 0, 0, 0, 150, 0, 2, 0, 60)
16 (1, 4, 46, 0, 0, 0, 0, 137, 0, 2, 0, 132)
17 (1, 4, 0, 0, 0, 0, 32, 1, 0, 2, 0, 122)
18 (1, 4, 0, 0, 0, 0, 101, 0, 1, 2, 0, 71)
19 (1, 4, 376, 0, 45, 37, 63, 0, 0, 2, 0, 87)
20 (1, 4, 0, 33, 0, 74, 23, 0, 0, 2, 0, 33)
21 (1, 4, 0, 0, 0, 56, 4, 0, 0, 2, 0, 173)
22 (1, 4, 10, 0, 5, 57, 0, 0, 0, 1, 0, 74)
23 (1, 4, 0, 6, 0, 54, 8, 0, 0, 2, 0, 130)
24 (1, 4, 34, 0, 0, 39, 7, 0, 0, 2, 0, 175)
25 (1, 4, 0, 24, 0, 38, 7, 0, 0, 2, 0, 185)
26 (1, 4, 0, 0, 0, 40, 17, 0, 1, 2, 0, 39)
27 (1, 4, 4, 2, 16, 36, 14, 0, 0, 2, 0, 199)
28 (1, 4, 0, 13, 3, 40, 10, 0, 0, 2, 0, 237)
29 (1, 4, 0, 0, 0, 36, 7, 0, 0, 2, 0, 85)
30 (1, 4, 0, 0, 0, 37, 10, 0, 0, 2, 0, 17)
31 (1, 4, 0, 0, 0, 39, 10, 0, 0, 1, 0, 146)
0 (1, 4, 0, 0, 0, 36, 0, 0, 0, 2, 0, 61)
1 (1, 4, 0, 0, 0, 20, 38, 0, 2, 3, 0, 144)
2 (1, 4, 83, 0, 0, 0, 61, 0, 0, 2, 0, 0)
3 (1, 4, 95, 0, 0, 0, 62, 0, 1, 2, 0, 161)
4 (1, 4, 0, 0, 0, 0, 61, 0, 1, 2, 0, 25)
5 (1, 4, 147, 0, 67, 0, 68, 0, 0, 2, 0, 246)
6 (1, 4, 124, 21, 166, 0, 46, 0, 0, 2, 0, 227)
7 (1, 4, 273, 16, 177, 0, 5, 0, 0, 2, 0, 91)
8 (1, 4, 400, 245, 210, 0, 0, 0, 0, 2, 0, 75)
9 (1, 4, 284, 642, 296, 0, 0, 0, 0, 2, 0, 188)
10 (1, 4, 42, 873, 169, 0, 0, 0, 0, 2, 0, 75)
11 (1, 4, 0, 749, 0, 23, 0, 0, 0, 2, 0, 83)
12 (1, 4, 50, 873, 0, 23, 0, 0, 0, 2, 0, 86)
13 (1, 4, 0, 873, 0, 0, 0, 22, 0, 2, 0, 216)
14 (1, 4, 0, 726, 0, 0, 0, 118, 0, 2, 0, 202)
15 (1, 4, 28, 17, 116, 0, 0, 261, 0, 2, 0, 115)
16 (1, 4, 121, 0, 0, 0, 0, 140, 1, 2, 0, 15)
17 (1, 4, 22, 0, 0, 0, 19, 0, 0, 2, 0, 98)
18 (1, 4, 0, 0, 0, 0, 83, 0, 0, 2, 0, 188)
19 (1, 4, 0, 0, 0, 90, 188, 0, 0, 2, 0, 210)
20 (1, 4, 201, 0, 107, 43, 0, 0, 0, 2, 0, 120)
21 (1, 4, 0, 0, 0, 43, 0, 0, 0, 2, 0, 152)
22 (1, 4, 11, 0, 0, 46, 0, 0, 0, 2, 0, 153)
23 (1, 4, 16, 22, 32, 28, 0, 0, 0, 2, 0, 19)
24 (1, 4, 7, 29, 11, 22, 6, 0, 0, 2, 0, 156)
25 (1, 4, 34, 14, 22, 19, 1, 0, 0, 1, 0, 107)
26 (1, 4, 0, 32, 8, 19, 3, 0, 0, 2, 0, 139)
27 (1, 4, 0, 27, 2, 20, 5, 0, 0, 2, 0, 156)
28 (1, 4, 14, 0, 7, 19, 0, 0, 0, 1, 0, 114)
29 (1, 4, 0, 0, 0, 22, 0, 0, 0, 2, 0, 29)
30 (1, 4, 0, 6, 0, 22, 2, 0, 0, 2, 0, 88)
31 (1, 4, 19, 0, 0, 23, 0, 0, 0, 1, 0, 77)
0 (1, 4, 0, 0, 0, 23, 0, 0, 0, 1, 0, 191)
1 (1, 4, 0, 0, 0, 23, 0, 0, 0, 2, 0, 2)
2 (1, 4, 3, 5, 0, 21, 0, 0, 0, 2, 0, 65)
3 (1, 4, 1, 0, 0, 21, 2, 0, 0, 1, 0, 125)
4 (1, 4, 36, 0, 9, 17, 0, 0, 0, 2, 0, 151)
5 (1, 4, 89, 0, 11, 7, 0, 0, 0, 2, 0, 229)
6 (1, 4, 262, 0, 72, 0, 0, 0, 0, 1, 0, 116)
7 (1, 4, 400, 0, 144, 0, 0, 0, 0, 2, 0, 209)
8 (1, 4, 444, 0, 237, 0, 0, 0, 0, 2, 0, 82)
9 (1, 4, 572, 0, 287, 0, 0, 0, 0, 1, 0, 5)
10 (1, 4, 264, 0, 271, 0, 0, 0, 0, 2, 0, 222)
11 (1, 4, 40, 0, 258, 0, 0, 0, 0, 2, 0, 109)
12 (1, 4, 0, 0, 219, 0, 0, 0, 0, 2, 0, 218)
13 (1, 4, 0, 0, 282, 0, 0, 0, 1, 2, 0, 123)
14 (1, 4, 0, 0, 286, 0, 0, 0, 1, 2, 0, 37)
15 (1, 4, 0, 0, 272, 0, 0, 0, 1, 2, 0, 232)
16 (1, 4, 0, 42, 111, 0, 0, 0, 1, 2, 0, 138)
17 (1, 4, 0, 6, 69, 0, 0, 2, 1, 2, 0, 245)
18 (1, 4, 81, 0, 37, 0, 0, 0, 1, 2, 0, 153)
19 (1, 4, 29, 0, 13, 0, 0, 0, 0, 2, 0, 120)
20 (1, 4, 0, 0, 0, 0, 0, 0, 1, 2, 0, 202)
21 (1, 4, 0, 17, 0, 0, 0, 0, 0, 2, 0, 124)
22 (1, 4, 0, 41, 0, 0, 0, 4, 0, 2, 0, 25)
23 (1, 4, 78, 30, 0, 0, 9, 7, 0, 2, 0, 187)
24 (1, 4, 97, 42, 0, 0, 5, 9, 1, 2, 0, 57)
25 (1, 4, 102, 31, 0, 0, 10, 15, 1, 2, 0, 186)
26 (1, 4, 53, 25, 0, 0, 5, 10, 0, 2, 0, 23)
27 (1, 4, 15, 10, 0, 0, 0, 11, 0, 2, 0, 160)
28 (1, 4, 0, 11, 0, 0, 0, 0, 1, 2, 0, 161)
29 (1, 4, 0, 93, 0, 0, 0, 0, 0, 2, 0, 150)
0 (1, 4, 110, 873, 93, 0, 10, 0, 0, 2, 0, 28)
1 (1, 4, 60, 663, 144, 0, 0, 111, 1, 2, 0, 153)
2 (1, 4, 15, 178, 0, 0, 0, 163, 0, 2, 0, 112)
3 (1, 4, 0, 0, 0, 0, 0, 142, 0, 2, 0, 4)
4 (1, 4, 0, 0, 0, 0, 0, 79, 0, 2, 0, 20)
5 (1, 4, 0, 0, 0, 0, 0, 10, 0, 2, 0, 251)
6 (1, 4, 5, 0, 0, 0, 56, 0, 0, 2, 0, 215)
7 (1, 4, 100, 0, 9, 0, 0, 0, 0, 2, 0, 246)
8 (1, 4, 0, 0, 0, 66, 20, 0, 0, 2, 0, 37)
9 (1, 4, 0, 0, 0, 69, 0, 0, 0, 2, 0, 30)
10 (1, 4, 0, 0, 0, 66, 0, 0, 0, 2, 0, 67)
11 (1, 4, 0, 2, 0, 56, 0, 0, 0, 2, 0, 35)
12 (1, 4, 41, 0, 12, 31, 0, 0, 0, 2, 0, 161)
13 (1, 4, 0, 37, 0, 33, 0, 0, 0, 2, 0, 243)
14 (1, 4, 16, 7, 0, 28, 0, 0, 0, 1, 0, 132)
15 (1, 4, 0, 22, 7, 30, 0, 0, 0, 2, 0, 214)
16 (1, 4, 0, 15, 0, 34, 0, 0, 0, 2, 0, 206)
17 (1, 4, 0, 0, 0, 34, 0, 0, 0, 1, 0, 194)
18 (1, 4, 0, 6, 0, 35, 0, 0, 0, 2, 0, 215)
19 (1, 4, 0, 9, 0, 37, 0, 0, 0, 2, 0, 36)
20 (1, 4, 0, 0, 0, 35, 0, 0, 0, 1, 0, 221)
21 (1, 4, 0, 4, 0, 37, 0, 0, 0, 2, 0, 248)
22 (1, 4, 0, 11, 0, 41, 0, 0, 0, 2, 0, 205)
23 (1, 4, 0, 0, 0, 37, 0, 0, 0, 1, 0, 159)
24 (1, 4, 0, 6, 0, 40, 0, 0, 0, 2, 0, 14)
25 (1, 4, 0, 0, 0, 38, 0, 0, 0, 2, 0, 3)
26 (1, 4, 0, 7, 6, 37, 0, 0, 0, 1, 0, 236)
27 (1, 4, 0, 3, 0, 39, 0, 0, 0, 2, 0, 196)
28 (1, 4, 0, 0, 0, 38, 0, 0, 0, 2, 0, 3)
29 (1, 4, 0, 0, 0, 39, 0, 0, 0, 1, 0, 161)
30 (1, 4, 0, 0, 0, 38, 0, 0, 0, 2, 0, 3)
31 (1, 4, 0, 3, 0, 38, 0, 0, 0, 2, 0, 219)
0 (1, 4, 56, 89, 0, 0, 0, 0, 0, 2, 0, 27)
1 (1, 4, 100, 173, 0, 0, 0, 0, 0, 2, 0, 193)
2 (1, 4, 63, 265, 0, 0, 0, 0, 1, 2, 0, 84)
3 (1, 4, 29, 436, 0, 15, 0, 0, 1, 2, 0, 84)
4 (1, 4, 0, 653, 0, 14, 0, 0, 0, 2, 0, 2)
5 (1, 4, 0, 787, 0, 8, 0, 0, 0, 2, 0, 193)
6 (1, 4, 0, 634, 0, 22, 0, 44, 1, 2, 0, 114)
7 (1, 4, 0, 529, 0, 23, 0, 72, 0, 2, 0, 180)
8 (1, 4, 0, 354, 0, 28, 0, 100, 0, 2, 0, 131)
9 (1, 4, 0, 215, 0, 0, 0, 138, 0, 2, 0, 144)
10 (1, 4, 0, 0, 0, 0, 0, 145, 0, 2, 0, 46)
11 (1, 4, 0, 0, 0, 0, 0, 68, 1, 2, 0, 250)
12 (1, 4, 89, 0, 0, 0, 3, 0, 0, 2, 0, 52)
13 (1, 4, 19, 0, 0, 0, 29, 0, 0, 2, 0, 132)
14 (1, 4, 189, 0, 95, 72, 0, 0, 0, 2, 0, 44)
15 (1, 4, 0, 0, 0, 84, 0, 0, 0, 2, 0, 246)
16 (1, 4, 0, 0, 14, 69, 0, 0, 0, 2, 0, 211)
17 (1, 4, 0, 0, 0, 58, 0, 0, 0, 2, 0, 112)
18 (1, 4, 0, 0, 2, 48, 0, 0, 0, 2, 0, 153)
19 (1, 4, 5, 0, 0, 43, 0, 0, 0, 2, 0, 174)
20 (1, 4, 0, 0, 0, 39, 0, 0, 0, 2, 0, 28)
21 (1, 4, 0, 0, 0, 45, 0, 0, 0, 2, 0, 218)
22 (1, 4, 0, 0, 0, 49, 0, 0, 0, 2, 0, 169)
23 (1, 4, 0, 0, 0, 46, 0, 0, 0, 2, 0, 251)
24 (1, 4, 0, 6, 0, 50, 0, 0, 0, 2, 0, 63)
25 (1, 4, 9, 0, 0, 46, 0, 0, 0, 1, 0, 56)
26 (1, 4, 0, 8, 0, 44, 0, 0, 0, 2, 0, 118)
27 (1, 4, 0, 11, 0, 46, 0, 0, 0, 2, 0, 144)
28 (1, 4, 2, 0, 0, 43, 0, 0, 0, 1, 0, 57)
29 (1, 4, 0, 0, 0, 43, 0, 0, 0, 2, 0, 152)
30 (1, 4, 0, 0, 0, 42, 0, 0, 0, 2, 0, 135)
31 (1, 4, 0, 0, 0, 44, 0, 0, 0, 1, 0, 120)
0 (1, 4, 3, 0, 5, 42, 0, 0, 0, 2, 0, 95)
1 (1, 4, 0, 2, 0, 42, 0, 0, 0, 2, 0, 234)
2 (1, 4, 18, 0, 4, 37, 0, 0, 0, 2, 0, 128)
3 (1, 4, 36, 0, 10, 32, 0, 0, 0, 1, 0, 144)
4 (1, 4, 115, 0, 20, 13, 0, 0, 0, 2, 0, 174)
5 (1, 4, 246, 0, 59, 0, 0, 0, 0, 2, 0, 177)
6 (1, 4, 469, 0, 151, 0, 0, 0, 0, 1, 0, 54)
7 (1, 4, 596, 0, 331, 0, 0, 0, 0, 2, 0, 92)
8 (1, 4, 409, 0, 383, 0, 0, 0, 0, 2, 0, 95)
9 (1, 4, 248, 0, 397, 0, 0, 0, 0, 1, 0, 4)
10 (1, 4, 68, 0, 311, 0, 0, 0, 0, 2, 0, 32)
11 (1, 4, 28, 0, 312, 0, 0, 0, 1, 2, 0, 2)
12 (1, 4, 38, 0, 314, 0, 0, 0, 1, 2, 0, 102)
13 (1, 4, 0, 0, 276, 0, 0, 0, 1, 2, 0, 182)
14 (1, 4, 254, 0, 166, 0, 0, 3, 0, 2, 0, 95)
15 (1, 4, 267, 58, 0, 0, 0, 17, 0, 2, 0, 185)
16 (1, 4, 0, 253, 0, 0, 0, 46, 0, 2, 0, 210)
17 (1, 4, 0, 81, 0, 0, 0, 0, 0, 2, 0, 255)
18 (1, 4, 0, 411, 0, 0, 0, 0, 0, 1, 0, 251)
19 (1, 4, 0, 873, 0, 0, 0, 0, 0, 2, 0, 199)
20 (1, 4, 125, 873, 0, 0, 0, 0, 1, 2, 0, 77)
21 (1, 4, 205, 873, 0, 0, 14, 0, 0, 2, 0, 205)
22 (1, 4, 192, 873, 0, 0, 69, 0, 0, 2, 0, 219)
23 (1, 4, 126, 873, 50, 0, 19, 20, 0, 2, 0, 59)
24 (1, 4, 99, 590, 74, 0, 0, 127, 0, 2, 0, 24)
25 (1, 4, 0, 98, 0, 0, 0, 161, 0, 2, 0, 112)
26 (1, 4, 0, 0, 0, 0, 0, 160, 1, 2, 0, 225)
27 (1, 4, 0, 0, 0, 0, 52, 59, 0, 2, 0, 61)
28 (1, 4, 0, 0, 136, 0, 82, 0, 0, 2, 0, 136)
29 (1, 4, 219, 0, 303, 0, 0, 0, 0, 1, 0, 241)
30 (1, 4, 0, 0, 0, 89, 0, 0, 0, 2, 0, 109)
31 (1, 4, 0, 25, 0, 61, 0, 0, 0, 2, 0, 74)
0 (1, 4, 308, 0, 2, 0, 0, 0, 0, 1, 0, 39)
1 (1, 4, 0, 0, 0, 0, 0, 0, 0, 2, 0, 168)
2 (1, 4, 0, 0, 0, 0, 0, 0, 1, 2, 0, 202)
3 (1, 4, 0, 0, 35, 0, 6, 0, 0, 2, 0, 252)
4 (1, 4, 111, 0, 256, 0, 0, 0, 0, 2, 0, 225)
5 (1, 4, 777, 0, 548, 0, 0, 0, 0, 2, 0, 202)
6 (1, 4, 873, 372, 455, 0, 0, 0, 0, 2, 0, 51)
7 (1, 4, 134, 461, 0, 0, 0, 0, 0, 2, 0, 34)
8 (1, 4, 0, 240, 0, 0, 0, 28, 1, 2, 0, 167)
9 (1, 4, 0, 0, 0, 0, 0, 0, 0, 2, 0, 168)
10 (1, 4, 0, 535, 0, 0, 0, 0, 0, 2, 0, 6)
11 (1, 4, 0, 873, 0, 0, 0, 0, 0, 2, 0, 199)
12 (1, 4, 163, 873, 133, 0, 0, 0, 0, 2, 0, 60)
13 (1, 4, 96, 873, 81, 0, 8, 0, 0, 2, 0, 88)
14 (1, 4, 131, 873, 97, 0, 3, 0, 0, 2, 0, 218)
15 (1, 4, 41, 871, 92, 0, 0, 0, 0, 2, 0, 28)
16 (1, 4, 0, 520, 0, 0, 0, 41, 0, 2, 0, 66)
17 (1, 4, 0, 265, 0, 0, 0, 145, 0, 1, 0, 112)
18 (1, 4, 45, 0, 0, 0, 0, 186, 0, 2, 0, 130)
19 (1, 4, 127, 0, 0, 0, 0, 142, 0, 2, 0, 240)
20 (1, 4, 0, 0, 86, 0, 78, 0, 0, 2, 0, 151)
21 (1, 4, 0, 0, 0, 0, 0, 0, 0, 2, 0, 168)
22 (1, 4, 0, 0, 0, 101, 34, 0, 0, 2, 0, 8)
23 (1, 4, 0, 0, 59, 38, 0, 0, 0, 2, 0, 133)
24 (1, 4, 0, 0, 55, 29, 0, 0, 0, 2, 0, 160)
25 (1, 4, 0, 0, 7, 25, 0, 0, 0, 2, 0, 93)
26 (1, 4, 0, 0, 26, 16, 0, 0, 0, 1, 0, 14)
27 (1, 4, 2, 0, 36, 8, 0, 0, 0, 2, 0, 236)
28 (1, 4, 0, 0, 3, 14, 0, 0, 0, 2, 0, 169)
29 (1, 4, 0, 0, 9, 10, 0, 0, 0, 1, 0, 251)
30 (1, 4, 0, 0, 2, 11, 0, 0, 0, 2, 0, 94)
31 (1, 4, 0, 0, 0, 14, 0, 0, 0, 2, 0, 18)
0 (1, 4, 0, 30, 0, 11, 1, 0, 0, 2, 0, 109)
1 (1, 4, 16, 13, 0, 11, 2, 0, 0, 1, 0, 2)
2 (1, 4, 0, 27, 0, 10, 1, 0, 0, 2, 0, 29)
3 (1, 4, 15, 11, 0, 10, 2, 0, 0, 2, 0, 173)
4 (1, 4, 35, 0, 0, 4, 0, 0, 0, 1, 0, 188)
5 (1, 4, 149, 0, 0, 0, 0, 0, 0, 1, 0, 214)
6 (1, 4, 279, 0, 41, 0, 0, 0, 0, 2, 0, 182)
7 (1, 4, 366, 0, 51, 0, 0, 0, 0, 1, 0, 55)
8 (1, 4, 576, 0, 0, 0, 0, 0, 0, 2, 0, 37)
9 (1, 4, 544, 0, 0, 0, 0, 0, 0, 2, 0, 107)
10 (1, 4, 175, 0, 0, 0, 0, 0, 1, 2, 0, 66)
11 (1, 4, 0, 0, 159, 0, 0, 0, 0, 2, 0, 127)
12 (1, 4, 0, 0, 387, 0, 0, 0, 0, 2, 0, 191)
13 (1, 4, 1, 0, 792, 0, 0, 0, 0, 2, 0, 130)
14 (1, 4, 263, 0, 873, 0, 0, 0, 0, 2, 0, 74)
15 (1, 4, 812, 0, 873, 0, 0, 0, 0, 2, 0, 235)
16 (1, 4, 428, 0, 129, 0, 0, 18, 0, 2, 0, 63)
17 (1, 4, 464, 0, 0, 0, 0, 14, 0, 2, 0, 240)
18 (1, 4, 0, 0, 0, 0, 8, 6, 0, 2, 0, 165)
19 (1, 4, 0, 0, 0, 0, 3, 3, 0, 2, 0, 69)
20 (1, 4, 113, 0, 0, 0, 0, 0, 0, 2, 0, 8)
21 (1, 4, 873, 0, 0, 0, 19, 0, 0, 2, 0, 144)
22 (1, 4, 821, 73, 0, 0, 52, 0, 0, 2, 0, 81)
23 (1, 4, 0, 358, 0, 0, 0, 0, 0, 2, 0, 187)
24 (1, 4, 67, 209, 0, 0, 0, 0, 0, 1, 0, 216)
25 (1, 4, 250, 81, 0, 0, 3, 0, 0, 2, 0, 163)
26 (1, 4, 257, 278, 0, 0, 46, 0, 0, 2, 0, 74)
27 (1, 4, 0, 873, 0, 0, 68, 0, 0, 2, 0, 62)
28 (1, 4, 0, 687, 0, 0, 0, 185, 0, 2, 0, 218)
29 (1, 4, 0, 39, 0, 0, 25, 164, 0, 2, 0, 11)
30 (1, 4, 0, 0, 0, 0, 0, 192, 1, 2, 0, 5)
31 (1, 4, 0, 0, 0, 0, 5, 66, 0, 2, 0, 206)
0 (1, 4, 48, 0, 0, 0, 0, 0, 1, 2, 0, 237)
1 (1, 4, 287, 0, 173, 0, 0, 0, 0, 2, 0, 105)
2 (1, 4, 444, 0, 489, 0, 0, 5, 0, 2, 0, 251)
3 (1, 4, 677, 110, 692, 0, 0, 21, 0, 2, 0, 224)
4 (1, 4, 99, 429, 873, 0, 0, 0, 0, 2, 0, 196)
5 (1, 4, 188, 479, 484, 0, 0, 0, 0, 2, 0, 146)
6 (1, 4, 240, 52, 0, 0, 0, 0, 0, 2, 0, 106)
7 (1, 4, 0, 0, 0, 0, 0, 8, 0, 2, 0, 66)
8 (1, 4, 0, 0, 0, 0, 0, 0, 0, 2, 0, 168)
9 (1, 4, 0, 69, 0, 0, 0, 0, 0, 2, 0, 68)
10 (1, 4, 0, 649, 0, 0, 0, 0, 0, 2, 0, 98)
11 (1, 4, 31, 873, 0, 0, 0, 0, 0, 2, 0, 125)
12 (1, 4, 146, 873, 0, 0, 0, 0, 0, 2, 0, 46)
13 (1, 4, 237, 873, 0, 0, 27, 0, 0, 2, 0, 21)
14 (1, 4, 46, 873, 0, 0, 50, 0, 0, 2, 0, 46)
15 (1, 4, 61, 866, 172, 0, 0, 123, 0, 2, 0, 155)
16 (1, 4, 27, 148, 0, 0, 0, 163, 0, 2, 0, 221)
17 (1, 4, 0, 0, 0, 0, 0, 155, 0, 2, 0, 125)
18 (1, 4, 0, 0, 0, 0, 1, 93, 0, 2, 0, 7)
19 (1, 4, 0, 0, 43, 0, 17, 0, 0, 2, 0, 173)
20 (1, 4, 0, 0, 169, 0, 5, 0, 0, 2, 0, 21)
21 (1, 4, 54, 0, 137, 48, 0, 0, 0, 2, 0, 108)
22 (1, 4, 0, 0, 0, 72, 0, 0, 0, 2, 0, 133)
23 (1, 4, 0, 0, 33, 67, 0, 0, 0, 2, 0, 54)
24 (1, 4, 6, 16, 0, 52, 0, 0, 0, 2, 0, 143)
25 (1, 4, 2, 26, 0, 35, 0, 0, 0, 1, 0, 126)
26 (1, 4, 18, 28, 3, 30, 0, 0, 0, 2, 0, 170)
27 (1, 4, 13, 15, 0, 19, 0, 0, 0, 2, 0, 137)
28 (1, 4, 0, 28, 8, 22, 0, 0, 0, 1, 0, 20)
29 (1, 4, 0, 0, 0, 28, 0, 0, 0, 2, 0, 219)
30 (1, 4, 0, 0, 3, 29, 0, 0, 0, 2, 0, 127)
31 (1, 4, 0, 2, 0, 38, 0, 0, 0, 1, 0, 211)
0 (1, 4, 0, 6, 0, 33, 0, 0, 0, 1, 0, 84)
1 (1, 4, 0, 0, 0, 35, 0, 0, 0, 2, 0, 96)
2 (1, 4, 19, 0, 15, 26, 0, 0, 0, 2, 0, 50)
3 (1, 4, 112, 0, 56, 8, 0, 0, 0, 1, 0, 126)
4 (1, 4, 399, 0, 138, 0, 0, 0, 0, 2, 0, 135)
5 (1, 4, 474, 0, 146, 0, 0, 0, 0, 2, 0, 27)
6 (1, 4, 528, 0, 73, 0, 0, 0, 0, 1, 0, 34)
7 (1, 4, 471, 0, 0, 0, 0, 0, 0, 2, 0, 252)
8 (1, 4, 203, 0, 0, 0, 0, 6, 0, 2, 0, 154)
9 (1, 4, 0, 0, 83, 0, 0, 0, 0, 2, 0, 151)
10 (1, 4, 0, 0, 190, 0, 0, 0, 0, 2, 0, 21)
11 (1, 4, 0, 0, 278, 0, 0, 0, 0, 2, 0, 251)
12 (1, 4, 383, 0, 521, 0, 0, 0, 0, 2, 0, 204)
13 (1, 4, 307, 166, 629, 0, 0, 0, 0, 2, 0, 225)
14 (1, 4, 101, 129, 547, 0, 0, 0, 0, 2, 0, 155)
15 (1, 4, 0, 38, 193, 0, 0, 0, 0, 2, 0, 67)
16 (1, 4, 32, 35, 0, 0, 0, 0, 0, 2, 0, 117)
17 (1, 4, 156, 92, 0, 0, 0, 0, 0, 2, 0, 158)
18 (1, 4, 93, 90, 0, 0, 0, 0, 0, 2, 0, 187)
19 (1, 4, 4, 101, 0, 0, 0, 0, 0, 2, 0, 190)
20 (1, 4, 0, 452, 0, 0, 0, 0, 0, 2, 0, 21)
21 (1, 4, 0, 873, 0, 0, 0, 0, 0, 2, 0, 199)
22 (1, 4, 0, 873, 0, 0, 0, 0, 0, 2, 0, 199)
23 (1, 4, 144, 873, 0, 0, 0, 0, 0, 2, 0, 50)
24 (1, 4, 185, 873, 0, 0, 49, 0, 0, 2, 0, 122)
25 (1, 4, 256, 802, 134, 0, 14, 130, 0, 2, 0, 78)
26 (1, 4, 253, 238, 3, 14, 0, 140, 0, 1, 0, 184)
27 (1, 4, 0, 57, 0, 0, 0, 150, 0, 2, 0, 152)
28 (1, 4, 0, 0, 0, 0, 0, 144, 0, 2, 0, 241)
29 (1, 4, 0, 0, 0, 0, 15, 25, 1, 2, 0, 133)
30 (1, 4, 0, 0, 3, 0, 15, 0, 0, 2, 0, 186)
31 (1, 4, 0, 0, 223, 0, 0, 0, 0, 2, 0, 132)
0 (1, 4, 0, 0, 6, 0, 0, 0, 0, 2, 0, 217)
1 (1, 4, 156, 0, 230, 0, 0, 0, 0, 2, 0, 144)
2 (1, 4, 348, 0, 363, 0, 0, 0, 0, 2, 0, 212)
3 (1, 4, 82, 138, 617, 0, 0, 0, 0, 2, 0, 149)
4 (1, 4, 54, 0, 644, 0, 0, 0, 0, 2, 0, 190)
5 (1, 4, 0, 0, 455, 0, 0, 0, 0, 2, 0, 26)
6 (1, 4, 30, 0, 111, 0, 0, 0, 0, 2, 0, 64)
7 (1, 4, 271, 37, 0, 0, 0, 0, 0, 2, 0, 93)
8 (1, 4, 259, 67, 0, 0, 0, 0, 0, 2, 0, 227)
9 (1, 4, 0, 0, 0, 0, 0, 0, 0, 2, 0, 168)
10 (1, 4, 0, 178, 0, 0, 0, 0, 0, 2, 0, 103)
11 (1, 4, 0, 873, 0, 0, 0, 0, 0, 2, 0, 199)
12 (1, 4, 0, 873, 0, 0, 0, 0, 0, 2, 0, 199)
13 (1, 4, 150, 873, 0, 0, 31, 0, 0, 2, 0, 58)
14 (1, 4, 273, 873, 14, 0, 35, 0, 0, 2, 0, 96)
15 (1, 4, 195, 777, 109, 0, 9, 106, 0, 2, 0, 116)
16 (1, 4, 34, 196, 0, 0, 0, 195, 0, 2, 0, 130)
17 (1, 4, 0, 0, 0, 0, 25, 147, 0, 2, 0, 170)
18 (1, 4, 0, 0, 0, 0, 87, 46, 2, 3, 0, 119)
19 (1, 4, 0, 0, 100, 0, 2, 0, 0, 2, 0, 1)
20 (1, 4, 323, 0, 392, 0, 0, 0, 0, 2, 0, 33)
21 (1, 4, 0, 12, 0, 71, 0, 0, 0, 2, 0, 73)
22 (1, 4, 28, 0, 25, 46, 0, 0, 0, 2, 0, 4)
23 (1, 4, 0, 0, 0, 34, 0, 0, 0, 2, 0, 127)
24 (1, 4, 0, 19, 0, 35, 0, 0, 0, 2, 0, 217)
25 (1, 4, 32, 18, 0, 24, 0, 0, 0, 2, 0, 108)
26 (1, 4, 0, 29, 0, 25, 0, 0, 0, 2, 0, 5)
27 (1, 4, 0, 10, 0, 27, 0, 0, 0, 2, 0, 88)
28 (1, 4, 0, 3, 8, 21, 0, 0, 0, 2, 0, 88)
29 (1, 4, 0, 0, 23, 26, 0, 0, 0, 2, 0, 3)
30 (1, 4, 0, 0, 0, 29, 0, 0, 0, 2, 0, 196)
31 (1, 4, 0, 6, 0, 24, 0, 0, 0, 2, 0, 16)
0 (1, 4, 86, 0, 0, 0, 0, 20, 0, 2, 0, 67)
1 (1, 4, 282, 0, 0, 0, 0, 0, 0, 2, 0, 38)
2 (1, 4, 32, 117, 0, 0, 0, 0, 0, 2, 0, 32)
3 (1, 4, 0, 396, 0, 0, 0, 0, 0, 2, 0, 37)
4 (1, 4, 37, 622, 0, 0, 0, 0, 0, 2, 0, 209)
5 (1, 4, 264, 731, 0, 0, 0, 0, 0, 2, 0, 159)
6 (1, 4, 348, 841, 0, 0, 29, 0, 1, 2, 0, 154)
7 (1, 4, 236, 833, 0, 0, 17, 0, 1, 2, 0, 59)
8 (1, 4, 285, 589, 0, 0, 0, 140, 0, 2, 0, 139)
9 (1, 4, 245, 14, 0, 0, 0, 98, 0, 2, 0, 124)
10 (1, 4, 0, 0, 0, 0, 0, 135, 0, 2, 0, 49)
11 (1, 4, 0, 0, 0, 0, 0, 127, 0, 2, 0, 102)
12 (1, 4, 40, 0, 0, 0, 14, 0, 0, 2, 0, 207)
13 (1, 4, 186, 0, 155, 0, 62, 0, 0, 2, 0, 39)
14 (1, 4, 1, 0, 161, 0, 0, 0, 0, 2, 0, 61)
15 (1, 4, 0, 0, 0, 0, 0, 0, 0, 2, 0, 168)
16 (1, 4, 0, 0, 0, 14, 0, 0, 0, 2, 0, 18)
17 (1, 4, 33, 0, 0, 13, 0, 0, 0, 2, 0, 250)
18 (1, 4, 0, 85, 0, 8, 10, 0, 0, 2, 0, 238)
19 (1, 4, 42, 39, 24, 0, 12, 0, 0, 2, 0, 34)
20 (1, 4, 37, 78, 44, 0, 0, 0, 0, 2, 0, 194)
21 (1, 4, 0, 53, 0, 0, 5, 0, 0, 2, 0, 254)
22 (1, 4, 41, 0, 22, 0, 0, 0, 0, 2, 0, 31)
23 (1, 4, 0, 16, 17, 0, 0, 0, 0, 2, 0, 34)
24 (1, 4, 0, 5, 0, 0, 0, 0, 0, 2, 0, 199)
25 (1, 4, 0, 0, 4, 0, 0, 0, 0, 2, 0, 246)
26 (1, 4, 0, 0, 0, 0, 0, 0, 0, 2, 0, 168)
27 (1, 4, 15, 0, 5, 0, 0, 0, 0, 2, 0, 56)
28 (1, 4, 3, 10, 0, 0, 0, 0, 0, 2, 0, 100)
29 (1, 4, 9, 0, 0, 0, 0, 0, 0, 2, 0, 214)
30 (1, 4, 40, 0, 0, 0, 0, 0, 0, 2, 0, 31)
31 (1, 4, 14, 0, 0, 0, 0, 0, 0, 2, 0, 252)
0 (1, 4, 749, 0, 410, 0, 0, 0, 0, 2, 0, 241)
1 (1, 4, 736, 90, 352, 0, 0, 0, 0, 2, 0, 147)
2 (1, 4, 381, 181, 344, 0, 0, 0, 0, 2, 0, 234)
3 (1, 4, 159, 153, 39, 0, 0, 20, 0, 2, 0, 220)
4 (1, 4, 0, 0, 0, 0, 0, 24, 0, 2, 0, 145)
5 (1, 4, 0, 66, 0, 0, 0, 3, 0, 2, 0, 32)
6 (1, 4, 26, 111, 0, 0, 0, 0, 0, 2, 0, 212)
7 (1, 4, 499, 179, 0, 0, 0, 0, 0, 2, 0, 121)
8 (1, 4, 713, 161, 10, 0, 0, 0, 0, 2, 0, 171)
9 (1, 4, 630, 267, 13, 0, 0, 0, 0, 2, 0, 222)
10 (1, 4, 211, 253, 0, 0, 0, 0, 0, 2, 0, 59)
11 (1, 4, 276, 77, 0, 0, 0, 0, 0, 2, 0, 45)
12 (1, 4, 363, 10, 0, 0, 0, 0, 0, 2, 0, 88)
13 (1, 4, 452, 229, 0, 0, 0, 0, 0, 2, 0, 33)
14 (1, 4, 268, 570, 0, 0, 51, 0, 0, 2, 0, 81)
15 (1, 4, 0, 857, 0, 0, 76, 100, 0, 2, 0, 205)
16 (1, 4, 0, 200, 0, 0, 7, 236, 0, 2, 0, 0)
17 (1, 4, 0, 0, 0, 0, 110, 258, 0, 2, 0, 255)
18 (1, 4, 0, 0, 0, 0, 200, 0, 0, 2, 0, 71)
19 (1, 4, 0, 0, 427, 0, 0, 0, 0, 2, 0, 253)
20 (1, 4, 0, 214, 0, 136, 0, 0, 0, 2, 0, 169)
21 (1, 4, 0, 225, 0, 27, 0, 28, 0, 2, 0, 63)
22 (1, 4, 0, 0, 54, 53, 0, 0, 0, 2, 0, 37)
23 (1, 4, 0, 1, 0, 66, 0, 0, 0, 2, 0, 246)
24 (1, 4, 0, 2, 0, 46, 0, 0, 0, 2, 0, 150)
25 (1, 4, 0, 0, 0, 47, 0, 0, 0, 2, 0, 228)
26 (1, 4, 0, 0, 0, 41, 0, 0, 0, 2, 0, 166)
27 (1, 4, 0, 0, 0, 28, 0, 0, 0, 2, 0, 219)
28 (1, 4, 0, 0, 0, 10, 0, 0, 0, 2, 0, 110)
29 (1, 4, 0, 0, 0, 11, 0, 0, 0, 2, 0, 113)
30 (1, 4, 0, 0, 0, 46, 1, 0, 0, 2, 0, 130)
31 (1, 4, 0, 0, 0, 91, 41, 0, 0, 2, 0, 230)
0 (1, 4, 0, 0, 309, 0, 0, 0, 0, 2, 0, 190)
1 (1, 4, 0, 0, 543, 0, 25, 0, 0, 2, 0, 9)
2 (1, 4, 0, 0, 786, 0, 0, 0, 0, 2, 0, 31)
3 (1, 4, 0, 0, 325, 0, 0, 0, 0, 2, 0, 196)
4 (1, 4, 547, 37, 0, 0, 0, 0, 0, 2, 0, 212)
5 (1, 4, 651, 190, 0, 0, 0, 0, 0, 2, 0, 125)
6 (1, 4, 85, 191, 0, 0, 0, 0, 0, 2, 0, 228)
7 (1, 4, 16, 339, 0, 0, 0, 0, 0, 2, 0, 151)
8 (1, 4, 222, 74, 0, 0, 0, 0, 0, 2, 0, 221)
9 (1, 4, 555, 36, 0, 0, 0, 0, 0, 2, 0, 17)
10 (1, 4, 561, 77, 0, 0, 0, 0, 0, 2, 0, 218)
11 (1, 4, 660, 0, 0, 0, 0, 0, 0, 2, 0, 97)
12 (1, 4, 480, 37, 0, 0, 33, 0, 0, 2, 0, 40)
13 (1, 4, 0, 392, 0, 0, 92, 0, 0, 2, 0, 66)
14 (1, 4, 0, 873, 0, 0, 85, 117, 0, 2, 0, 95)
15 (1, 4, 0, 207, 0, 0, 0, 330, 1, 2, 0, 198)
16 (1, 4, 0, 0, 0, 0, 62, 122, 0, 2, 0, 148)
17 (1, 4, 0, 0, 0, 0, 91, 0, 0, 2, 0, 125)
18 (1, 4, 0, 0, 36, 0, 41, 0, 0, 2, 0, 189)
19 (1, 4, 375, 0, 191, 37, 0, 0, 0, 2, 0, 141)
20 (1, 4, 0, 0, 0, 68, 0, 0, 0, 2, 0, 1)
21 (1, 4, 0, 0, 0, 87, 0, 0, 0, 2, 0, 215)
22 (1, 4, 12, 0, 49, 63, 0, 0, 0, 2, 0, 78)
23 (1, 4, 0, 55, 16, 39, 0, 0, 0, 2, 0, 194)
24 (1, 4, 6, 24, 18, 27, 0, 0, 0, 2, 0, 32)
25 (1, 4, 0, 59, 0, 18, 0, 0, 0, 2, 0, 169)
26 (1, 4, 0, 15, 0, 26, 0, 0, 0, 2, 0, 40)
27 (1, 4, 0, 19, 7, 28, 0, 0, 0, 2, 0, 135)
28 (1, 4, 8, 11, 0, 37, 0, 0, 0, 2, 0, 57)
29 (1, 4, 0, 0, 0, 46, 0, 0, 0, 2, 0, 251)
30 (1, 4, 0, 0, 0, 48, 0, 0, 0, 2, 0, 182)
31 (1, 4, 25, 0, 0, 44, 0, 0, 0, 2, 0, 91)
0 (1, 4, 316, 0, 36, 0, 0, 0, 0, 2, 0, 101)
1 (1, 4, 527, 0, 0, 0, 0, 0, 0, 2, 0, 246)
2 (1, 4, 179, 156, 0, 0, 0, 0, 0, 2, 0, 129)
3 (1, 4, 149, 326, 0, 0, 0, 14, 0, 2, 0, 156)
4 (1, 4, 275, 272, 0, 0, 0, 1, 0, 2, 0, 3)
5 (1, 4, 230, 376, 206, 0, 0, 0, 0, 2, 0, 102)
6 (1, 4, 219, 333, 17, 0, 0, 0, 0, 2, 0, 231)
7 (1, 4, 437, 155, 0, 0, 0, 0, 0, 2, 0, 165)
8 (1, 4, 439, 67, 0, 0, 0, 0, 1, 2, 0, 139)
9 (1, 4, 590, 443, 0, 0, 17, 0, 0, 2, 0, 161)
10 (1, 4, 301, 653, 0, 0, 29, 0, 1, 2, 0, 135)
11 (1, 4, 0, 824, 0, 0, 52, 80, 1, 2, 0, 15)
12 (1, 4, 0, 544, 0, 0, 12, 182, 0, 2, 0, 177)
13 (1, 4, 0, 0, 0, 0, 0, 194, 0, 2, 0, 222)
14 (1, 4, 0, 0, 0, 0, 65, 114, 1, 2, 0, 39)
15 (1, 4, 0, 0, 0, 0, 123, 0, 1, 2, 0, 18)
16 (1, 4, 0, 0, 0, 0, 105, 0, 0, 2, 0, 7)
17 (1, 4, 391, 0, 268, 86, 0, 0, 0, 2, 0, 74)
18 (1, 4, 0, 20, 0, 86, 0, 0, 0, 2, 0, 115)
19 (1, 4, 0, 0, 103, 81, 0, 0, 0, 2, 0, 117)
20 (1, 4, 0, 0, 55, 69, 0, 0, 0, 2, 0, 122)
21 (1, 4, 0, 0, 7, 50, 1, 0, 0, 2, 0, 20)
22 (1, 4, 0, 0, 54, 41, 13, 0, 0, 2, 0, 13)
23 (1, 4, 0, 0, 47, 43, 5, 0, 0, 2, 0, 165)
24 (1, 4, 0, 11, 52, 41, 1, 0, 0, 2, 0, 107)
25 (1, 4, 7, 0, 41, 38, 6, 0, 0, 2, 0, 238)
26 (1, 4, 0, 12, 27, 36, 0, 0, 0, 2, 0, 44)
27 (1, 4, 0, 26, 0, 43, 11, 0, 0, 1, 0, 208)
28 (1, 4, 0, 0, 4, 45, 6, 0, 0, 2, 0, 149)
29 (1, 4, 5, 0, 29, 42, 0, 0, 0, 2, 0, 184)
30 (1, 4, 3, 0, 0, 41, 0, 0, 0, 1, 0, 9)
31 (1, 4, 0, 16, 0, 38, 0, 0, 0, 2, 0, 98)
0 (1, 4, 312, 0, 0, 0, 0, 0, 0, 2, 0, 253)
1 (1, 4, 153, 0, 0, 0, 7, 0, 0, 2, 0, 75)
2 (1, 4, 15, 0, 0, 0, 0, 1, 0, 2, 0, 45)
3 (1, 4, 0, 0, 0, 0, 0, 0, 0, 2, 0, 168)
4 (1, 4, 0, 193, 0, 0, 0, 0, 0, 2, 0, 159)
5 (1, 4, 0, 798, 0, 0, 0, 0, 0, 2, 0, 229)
6 (1, 4, 0, 873, 0, 0, 0, 0, 0, 2, 0, 199)
7 (1, 4, 129, 873, 0, 0, 22, 0, 0, 2, 0, 72)
8 (1, 4, 128, 873, 0, 0, 43, 0, 0, 2, 0, 149)
9 (1, 4, 250, 873, 142, 0, 25, 116, 0, 2, 0, 83)
10 (1, 4, 273, 167, 0, 0, 0, 165, 1, 2, 0, 102)
11 (1, 4, 0, 0, 0, 0, 18, 130, 1, 2, 0, 142)
12 (1, 4, 0, 0, 0, 0, 0, 155, 1, 2, 0, 31)
13 (1, 4, 0, 0, 0, 0, 14, 36, 1, 2, 0, 206)
14 (1, 4, 124, 0, 0, 0, 43, 0, 1, 2, 0, 107)
15 (1, 4, 0, 0, 106, 0, 0, 0, 1, 2, 0, 92)
16 (1, 4, 0, 0, 0, 112, 0, 0, 0, 2, 0, 99)
17 (1, 4, 0, 3, 45, 64, 0, 0, 0, 2, 0, 45)
18 (1, 4, 0, 0, 47, 53, 0, 0, 0, 2, 0, 114)
19 (1, 4, 0, 0, 0, 48, 0, 0, 0, 2, 0, 182)
20 (1, 4, 37, 17, 14, 25, 0, 0, 0, 2, 0, 80)
21 (1, 4, 0, 37, 0, 26, 0, 0, 0, 2, 0, 52)
22 (1, 4, 0, 15, 0, 28, 0, 0, 0, 2, 0, 106)
23 (1, 4, 0, 6, 17, 24, 0, 0, 0, 2, 0, 251)
24 (1, 4, 11, 0, 21, 27, 0, 0, 0, 2, 0, 81)
25 (1, 4, 5, 0, 27, 21, 0, 0, 1, 2, 0, 16)
26 (1, 4, 49, 0, 40, 17, 0, 0, 0, 2, 0, 43)
27 (1, 4, 137, 0, 121, 0, 0, 0, 1, 2, 0, 243)
28 (1, 4, 339, 0, 225, 0, 0, 0, 0, 2, 0, 177)
29 (1, 4, 289, 0, 318, 0, 0, 0, 0, 2, 0, 114)
30 (1, 4, 334, 0, 390, 0, 0, 0, 0, 2, 0, 170)
31 (1, 4, 49, 0, 424, 0, 0, 0, 0, 2, 0, 111)
0 (1, 4, 0, 87, 45, 0, 0, 0, 0, 2, 0, 192)
1 (1, 4, 0, 128, 4, 0, 0, 0, 0, 2, 0, 247)
2 (1, 4, 0, 71, 16, 0, 0, 0, 0, 2, 0, 86)
3 (1, 4, 40, 0, 23, 0, 0, 0, 0, 2, 0, 133)
4 (1, 4, 97, 0, 0, 0, 0, 0, 0, 2, 0, 232)
5 (1, 4, 171, 0, 0, 0, 9, 0, 0, 2, 0, 160)
6 (1, 4, 156, 0, 2, 0, 18, 0, 0, 2, 0, 77)
7 (1, 4, 108, 0, 0, 0, 22, 0, 0, 2, 0, 58)
8 (1, 4, 47, 0, 0, 0, 31, 0, 0, 2, 0, 25)
9 (1, 4, 49, 34, 0, 0, 35, 7, 0, 2, 0, 187)
10 (1, 4, 11, 17, 0, 0, 0, 0, 0, 2, 0, 30)
11 (1, 4, 0, 82, 0, 0, 0, 1, 0, 2, 0, 248)
12 (1, 4, 0, 131, 0, 0, 0, 0, 0, 2, 0, 113)
13 (1, 4, 0, 205, 0, 0, 0, 0, 0, 2, 0, 246)
14 (1, 4, 0, 704, 0, 0, 0, 0, 0, 2, 0, 231)
15 (1, 4, 70, 842, 0, 0, 0, 0, 0, 2, 0, 112)
16 (1, 4, 335, 836, 0, 0, 0, 0, 0, 2, 0, 8)
17 (1, 4, 177, 873, 0, 0, 9, 0, 0, 2, 0, 67)
18 (1, 4, 0, 873, 0, 0, 10, 0, 1, 2, 0, 150)
19 (1, 4, 111, 615, 0, 0, 0, 96, 1, 2, 0, 180)
20 (1, 4, 35, 265, 0, 0, 0, 115, 1, 2, 0, 173)
21 (1, 4, 0, 8, 0, 0, 0, 131, 1, 2, 0, 149)
22 (1, 4, 0, 0, 0, 0, 0, 133, 1, 2, 0, 234)
23 (1, 4, 0, 0, 0, 0, 5, 47, 1, 2, 0, 8)
24 (1, 4, 0, 0, 52, 0, 0, 29, 0, 2, 0, 228)
25 (1, 4, 0, 0, 192, 0, 0, 0, 1, 2, 0, 192)
26 (1, 4, 0, 0, 162, 85, 0, 0, 0, 2, 0, 201)
27 (1, 4, 0, 2, 0, 106, 0, 0, 0, 2, 0, 63)
28 (1, 4, 27, 1, 28, 73, 0, 0, 0, 2, 0, 48)
29 (1, 4, 0, 31, 0, 61, 0, 0, 0, 1, 0, 64)
30 (1, 4, 0, 41, 0, 55, 0, 0, 0, 2, 0, 47)
31 (1, 4, 12, 13, 1, 42, 0, 0, 0, 2, 0, 135)
0 (1, 4, 336, 0, 0, 0, 0, 0, 0, 2, 0, 195)
1 (1, 4, 110, 0, 0, 0, 6, 0, 0, 2, 0, 163)
2 (1, 4, 0, 96, 0, 0, 0, 0, 0, 2, 0, 233)
3 (1, 4, 0, 332, 0, 0, 0, 0, 0, 2, 0, 167)
4 (1, 4, 0, 577, 0, 0, 0, 0, 0, 2, 0, 83)
5 (1, 4, 0, 873, 0, 0, 0, 0, 0, 2, 0, 199)
6 (1, 4, 291, 873, 0, 0, 0, 0, 0, 2, 0, 16)
7 (1, 4, 435, 873, 0, 0, 40, 0, 0, 2, 0, 41)
8 (1, 4, 351, 873, 0, 0, 55, 0, 0, 2, 0, 22)
9 (1, 4, 284, 623, 34, 0, 0, 165, 0, 2, 0, 111)
10 (1, 4, 0, 241, 0, 19, 17, 106, 0, 2, 0, 161)
11 (1, 4, 0, 30, 0, 0, 0, 238, 0, 2, 0, 133)
12 (1, 4, 0, 0, 0, 0, 48, 113, 0, 2, 0, 200)
13 (1, 4, 0, 0, 317, 0, 34, 0, 1, 2, 0, 159)
14 (1, 4, 0, 0, 264, 35, 0, 0, 0, 2, 0, 129)
15 (1, 4, 0, 0, 0, 120, 0, 0, 0, 2, 0, 155)
16 (1, 4, 0, 18, 54, 65, 0, 0, 0, 2, 0, 158)
17 (1, 4, 11, 0, 16, 59, 0, 0, 0, 2, 0, 114)
18 (1, 4, 0, 34, 0, 44, 0, 0, 0, 2, 0, 106)
19 (1, 4, 15, 18, 1, 43, 0, 0, 0, 2, 0, 90)
20 (1, 4, 31, 0, 0, 44, 0, 0, 0, 2, 0, 127)
21 (1, 4, 0, 19, 0, 36, 0, 0, 0, 2, 0, 132)
22 (1, 4, 5, 0, 0, 34, 0, 0, 0, 2, 0, 73)
23 (1, 4, 0, 0, 0, 39, 0, 0, 0, 1, 0, 161)
24 (1, 4, 22, 0, 17, 42, 0, 0, 0, 2, 0, 168)
25 (1, 4, 0, 0, 0, 45, 0, 0, 0, 2, 0, 218)
26 (1, 4, 0, 0, 0, 43, 0, 0, 0, 2, 0, 152)
27 (1, 4, 23, 0, 5, 42, 0, 0, 0, 2, 0, 135)
28 (1, 4, 16, 0, 0, 41, 0, 0, 0, 2, 0, 70)
29 (1, 4, 18, 0, 0, 32, 0, 0, 0, 2, 0, 189)
30 (1, 4, 124, 0, 13, 13, 0, 0, 0, 2, 0, 163)
31 (1, 4, 290, 0, 121, 0, 0, 0, 0, 2, 0, 35)
0 (1, 4, 0, 530, 0, 0, 0, 0, 0, 2, 0, 105)
1 (1, 4, 0, 873, 0, 0, 0, 0, 0, 2, 0, 199)
2 (1, 4, 0, 873, 0, 0, 27, 0, 0, 2, 0, 8)
3 (1, 4, 0, 873, 39, 0, 0, 63, 0, 2, 0, 87)
4 (1, 4, 0, 509, 6, 0, 0, 144, 0, 2, 0, 152)
5 (1, 4, 0, 0, 0, 0, 0, 208, 0, 2, 0, 180)
6 (1, 4, 0, 0, 0, 0, 51, 146, 0, 2, 0, 75)
7 (1, 4, 0, 0, 126, 0, 26, 0, 0, 2, 0, 169)
8 (1, 4, 282, 0, 337, 120, 0, 0, 0, 2, 0, 88)
9 (1, 4, 0, 94, 0, 80, 0, 0, 0, 2, 0, 108)
10 (1, 4, 18, 0, 21, 57, 0, 0, 0, 2, 0, 24)
11 (1, 4, 0, 0, 0, 63, 0, 0, 0, 2, 0, 19)
12 (1, 4, 0, 19, 0, 61, 0, 0, 0, 2, 0, 148)
13 (1, 4, 17, 0, 9, 50, 0, 0, 0, 2, 0, 78)
14 (1, 4, 0, 0, 17, 48, 0, 0, 0, 2, 0, 93)
15 (1, 4, 0, 22, 0, 53, 0, 0, 0, 2, 0, 3)
16 (1, 4, 0, 2, 0, 57, 0, 0, 0, 2, 0, 60)
17 (1, 4, 0, 0, 0, 54, 0, 0, 0, 2, 0, 244)
18 (1, 4, 0, 11, 0, 59, 0, 0, 0, 2, 0, 4)
19 (1, 4, 6, 0, 0, 55, 0, 0, 0, 2, 0, 207)
20 (1, 4, 1, 0, 0, 50, 0, 0, 0, 2, 0, 134)
21 (1, 4, 0, 0, 0, 47, 0, 0, 0, 2, 0, 228)
22 (1, 4, 0, 0, 0, 42, 0, 0, 0, 2, 0, 135)
23 (1, 4, 69, 0, 48, 36, 0, 0, 0, 2, 0, 3)
24 (1, 4, 117, 0, 112, 32, 0, 0, 0, 1, 0, 30)
25 (1, 4, 318, 0, 247, 17, 0, 0, 0, 2, 0, 95)
26 (1, 4, 322, 0, 302, 0, 0, 0, 0, 2, 0, 81)
27 (1, 4, 319, 0, 302, 0, 0, 0, 1, 2, 0, 219)
28 (1, 4, 148, 0, 249, 0, 0, 0, 1, 2, 0, 164)
29 (1, 4, 111, 3, 258, 0, 0, 0, 1, 2, 0, 116)
30 (1, 4, 104, 0, 299, 0, 0, 0, 0, 2, 0, 50)
31 (1, 4, 0, 0, 261, 0, 0, 0, 0, 2, 0, 63)
0 (1, 4, 0, 652, 0, 0, 0, 0, 0, 2, 0, 13)
1 (1, 4, 30, 353, 0, 0, 0, 0, 0, 2, 0, 13)
2 (1, 4, 293, 110, 0, 0, 0, 0, 1, 2, 0, 124)
3 (1, 4, 464, 428, 0, 0, 42, 0, 0, 2, 0, 167)
4 (1, 4, 416, 778, 0, 0, 26, 0, 0, 2, 0, 56)
5 (1, 4, 245, 644, 0, 0, 32, 76, 0, 2, 0, 228)
6 (1, 4, 54, 345, 0, 0, 2, 157, 0, 2, 0, 65)
7 (1, 4, 0, 0, 0, 0, 4, 185, 1, 2, 0, 228)
8 (1, 4, 0, 0, 0, 0, 31, 108, 0, 2, 0, 255)
9 (1, 4, 0, 0, 0, 0, 53, 0, 0, 2, 0, 186)
10 (1, 4, 0, 0, 105, 0, 17, 0, 0, 2, 0, 121)
11 (1, 4, 165, 0, 258, 114, 0, 0, 0, 2, 0, 203)
12 (1, 4, 0, 90, 0, 108, 0, 0, 0, 2, 0, 44)
13 (1, 4, 0, 0, 0, 75, 0, 0, 0, 2, 0, 164)
14 (1, 4, 0, 0, 0, 77, 0, 0, 0, 1, 0, 91)
15 (1, 4, 1, 9, 0, 54, 0, 0, 0, 2, 0, 252)
16 (1, 4, 36, 16, 4, 45, 0, 0, 0, 2, 0, 26)
17 (1, 4, 4, 0, 0, 47, 0, 0, 0, 2, 0, 220)
18 (1, 4, 9, 0, 12, 48, 0, 0, 0, 2, 0, 42)
19 (1, 4, 0, 9, 0, 53, 0, 0, 0, 2, 0, 211)
20 (1, 4, 13, 0, 0, 55, 0, 0, 0, 2, 0, 173)
21 (1, 4, 0, 0, 0, 55, 0, 0, 0, 2, 0, 235)
22 (1, 4, 4, 0, 0, 57, 0, 0, 0, 2, 0, 105)
23 (1, 4, 17, 0, 6, 51, 0, 0, 0, 1, 0, 181)
24 (1, 4, 0, 0, 0, 52, 0, 0, 0, 2, 0, 202)
25 (1, 4, 18, 0, 0, 54, 0, 0, 0, 2, 0, 8)
26 (1, 4, 0, 3, 0, 48, 0, 0, 0, 1, 0, 211)
27 (1, 4, 0, 0, 0, 51, 0, 0, 0, 2, 0, 151)
28 (1, 4, 0, 3, 0, 46, 0, 0, 0, 2, 0, 35)
29 (1, 4, 0, 7, 0, 50, 0, 0, 0, 2, 0, 138)
30 (1, 4, 3, 0, 0, 49, 0, 0, 0, 2, 0, 187)
31 (1, 4, 6, 2, 0, 49, 0, 0, 0, 2, 0, 224)
0 (1, 4, 170, 0, 0, 0, 0, 14, 0, 2, 0, 48)
1 (1, 4, 231, 0, 0, 0, 8, 9, 0, 2, 0, 45)
2 (1, 4, 0, 27, 0, 0, 0, 15, 0, 2, 0, 91)
3 (1, 4, 0, 262, 0, 0, 0, 18, 0, 2, 0, 144)
4 (1, 4, 0, 573, 0, 0, 0, 0, 0, 2, 0, 26)
5 (1, 4, 0, 840, 0, 0, 0, 0, 0, 2, 0, 176)
6 (1, 4, 362, 654, 0, 0, 0, 0, 0, 2, 0, 64)
7 (1, 4, 548, 689, 0, 0, 38, 0, 0, 2, 0, 149)
8 (1, 4, 419, 769, 0, 0, 40, 0, 0, 2, 0, 59)
9 (1, 4, 272, 726, 0, 0, 33, 32, 1, 2, 0, 100)
10 (1, 4, 197, 377, 0, 0, 0, 158, 1, 2, 0, 220)
11 (1, 4, 0, 37, 0, 0, 54, 141, 0, 2, 0, 86)
12 (1, 4, 0, 0, 0, 0, 51, 169, 0, 2, 0, 181)
13 (1, 4, 0, 0, 227, 0, 57, 77, 0, 2, 0, 210)
14 (1, 4, 0, 0, 506, 0, 35, 0, 1, 2, 0, 9)
15 (1, 4, 0, 0, 187, 64, 0, 0, 0, 2, 0, 10)
16 (1, 4, 0, 0, 0, 102, 0, 0, 0, 2, 0, 214)
17 (1, 4, 0, 27, 32, 67, 0, 0, 0, 1, 0, 21)
18 (1, 4, 19, 0, 36, 56, 0, 0, 0, 2, 0, 28)
19 (1, 4, 0, 16, 0, 42, 0, 0, 0, 2, 0, 230)
20 (1, 4, 0, 27, 0, 40, 0, 0, 0, 1, 0, 14)
21 (1, 4, 21, 0, 14, 37, 0, 0, 0, 2, 0, 57)
22 (1, 4, 0, 0, 0, 43, 0, 0, 0, 2, 0, 152)
23 (1, 4, 0, 0, 0, 45, 0, 0, 0, 1, 0, 103)
24 (1, 4, 0, 0, 0, 46, 0, 0, 0, 1, 0, 70)
25 (1, 4, 0, 0, 0, 49, 0, 0, 0, 2, 0, 169)
26 (1, 4, 0, 0, 0, 54, 0, 0, 0, 2, 0, 244)
27 (1, 4, 0, 0, 0, 54, 0, 0, 0, 1, 0, 73)
28 (1, 4, 12, 4, 0, 48, 0, 0, 0, 2, 0, 36)
29 (1, 4, 4, 16, 0, 50, 0, 0, 0, 2, 0, 209)
30 (1, 4, 24, 0, 0, 48, 0, 0, 0, 1, 0, 155)
31 (1, 4, 12, 18, 2, 48, 0, 0, 0, 2, 0, 221)
0 (1, 4, 19, 19, 40, 0, 0, 10, 0, 2, 0, 242)
1 (1, 4, 100, 20, 72, 0, 0, 12, 0, 2, 0, 189)
2 (1, 4, 172, 5, 17, 0, 0, 20, 0, 2, 0, 16)
3 (1, 4, 80, 0, 0, 0, 0, 10, 0, 2, 0, 146)
4 (1, 4, 0, 49, 0, 0, 0, 10, 0, 2, 0, 237)
5 (1, 4, 0, 63, 0, 0, 0, 0, 0, 2, 0, 186)
6 (1, 4, 0, 209, 0, 0, 0, 0, 0, 2, 0, 254)
7 (1, 4, 0, 403, 0, 0, 0, 0, 0, 2, 0, 245)
8 (1, 4, 37, 690, 0, 0, 0, 0, 0, 2, 0, 91)
9 (1, 4, 161, 680, 0, 0, 0, 0, 0, 2, 0, 201)
10 (1, 4, 351, 813, 0, 0, 0, 0, 0, 2, 0, 175)
11 (1, 4, 245, 873, 0, 0, 50, 0, 0, 2, 0, 48)
12 (1, 4, 119, 717, 0, 0, 18, 46, 1, 2, 0, 45)
13 (1, 4, 0, 474, 0, 23, 0, 95, 1, 2, 0, 215)
14 (1, 4, 0, 230, 0, 0, 0, 131, 1, 2, 0, 209)
15 (1, 4, 0, 0, 0, 0, 0, 195, 0, 2, 0, 1)
16 (1, 4, 0, 0, 0, 0, 89, 49, 1, 2, 0, 64)
17 (1, 4, 17, 0, 217, 0, 75, 0, 1, 2, 0, 41)
18 (1, 4, 249, 0, 406, 0, 0, 0, 0, 2, 0, 207)
19 (1, 4, 0, 63, 0, 82, 0, 0, 0, 1, 0, 27)
20 (1, 4, 0, 30, 0, 43, 0, 0, 0, 2, 0, 253)
21 (1, 4, 5, 10, 9, 38, 0, 0, 0, 2, 0, 195)
22 (1, 4, 7, 30, 0, 27, 0, 0, 0, 1, 0, 116)
23 (1, 4, 2, 45, 0, 21, 0, 0, 0, 2, 0, 62)
24 (1, 4, 27, 1, 0, 26, 0, 0, 0, 2, 0, 174)
25 (1, 4, 0, 0, 0, 25, 0, 0, 0, 1, 0, 5)
26 (1, 4, 0, 28, 0, 33, 0, 0, 0, 2, 0, 86)
27 (1, 4, 7, 0, 18, 35, 0, 0, 0, 2, 0, 26)
28 (1, 4, 12, 0, 8, 33, 0, 0, 0, 1, 0, 23)
29 (1, 4, 0, 4, 0, 30, 0, 0, 0, 2, 0, 63)
30 (1, 4, 0, 0, 0, 31, 0, 0, 0, 2, 0, 250)
31 (1, 4, 9, 0, 0, 32, 0, 0, 0, 1, 0, 130)
0 (1, 4, 0, 121, 80, 0, 0, 12, 0, 2, 0, 149)
1 (1, 4, 94, 152, 69, 0, 0, 11, 0, 2, 0, 251)
2 (1, 4, 111, 141, 2, 0, 0, 13, 0, 2, 0, 14)
3 (1, 4, 41, 10, 0, 0, 0, 8, 0, 1, 0, 152)
4 (1, 4, 64, 0, 0, 0, 1, 2, 0, 2, 0, 225)
5 (1, 4, 8, 0, 0, 0, 0, 1, 0, 2, 0, 7)
6 (1, 4, 0, 21, 0, 0, 0, 0, 0, 1, 0, 27)
7 (1, 4, 0, 111, 0, 0, 0, 0, 0, 2, 0, 88)
8 (1, 4, 0, 331, 0, 0, 0, 0, 0, 2, 0, 165)
9 (1, 4, 0, 585, 0, 0, 0, 0, 0, 1, 0, 93)
10 (1, 4, 435, 862, 0, 0, 0, 0, 0, 2, 0, 68)
11 (1, 4, 382, 839, 0, 0, 0, 0, 0, 2, 0, 249)
12 (1, 4, 317, 873, 0, 0, 81, 0, 0, 1, 0, 255)
13 (1, 4, 13, 873, 0, 0, 63, 63, 0, 2, 0, 43)
14 (1, 4, 194, 417, 0, 0, 32, 174, 0, 2, 0, 187)
15 (1, 4, 0, 235, 0, 0, 80, 182, 0, 1, 0, 149)
16 (1, 4, 0, 0, 0, 0, 80, 179, 0, 1, 0, 20)
17 (1, 4, 0, 0, 27, 0, 69, 10, 1, 2, 0, 97)
18 (1, 4, 0, 0, 270, 0, 0, 0, 0, 2, 0, 56)
19 (1, 4, 0, 0, 0, 115, 0, 0, 0, 2, 0, 66)
20 (1, 4, 0, 68, 0, 81, 0, 0, 0, 2, 0, 204)
21 (1, 4, 93, 0, 111, 58, 0, 0, 0, 2, 0, 3)
22 (1, 4, 0, 8, 0, 46, 0, 0, 0, 2, 0, 72)
23 (1, 4, 0, 0, 0, 44, 0, 0, 0, 1, 0, 120)
24 (1, 4, 12, 0, 21, 46, 0, 0, 0, 2, 0, 6)
25 (1, 4, 0, 0, 0, 41, 0, 0, 0, 2, 0, 166)
26 (1, 4, 0, 4, 0, 40, 0, 0, 0, 1, 0, 222)
27 (1, 4, 0, 0, 0, 44, 0, 0, 0, 2, 0, 197)
28 (1, 4, 0, 0, 0, 42, 0, 0, 0, 2, 0, 135)
29 (1, 4, 0, 0, 0, 43, 0, 0, 0, 1, 0, 37)
30 (1, 4, 0, 0, 0, 43, 0, 0, 0, 2, 0, 152)
31 (1, 4, 0, 5, 0, 42, 0, 0, 0, 2, 0, 232)
0 (1, 4, 20, 0, 0, 41, 0, 0, 0, 2, 0, 126)
1 (1, 4, 0, 0, 0, 39, 0, 0, 0, 1, 0, 161)
2 (1, 4, 15, 0, 0, 40, 0, 0, 0, 2, 0, 227)
3 (1, 4, 0, 0, 0, 39, 0, 0, 0, 2, 0, 28)
4 (1, 4, 18, 0, 0, 41, 0, 0, 0, 1, 0, 231)
5 (1, 4, 69, 0, 10, 28, 0, 0, 0, 2, 0, 247)
6 (1, 4, 273, 0, 84, 4, 0, 0, 0, 2, 0, 226)
7 (1, 4, 402, 0, 200, 0, 0, 0, 0, 1, 0, 72)
8 (1, 4, 688, 0, 370, 0, 0, 0, 0, 2, 0, 150)
9 (1, 4, 538, 0, 268, 0, 0, 0, 0, 2, 0, 159)
10 (1, 4, 0, 0, 52, 0, 0, 0, 0, 1, 0, 202)
11 (1, 4, 0, 0, 1, 0, 0, 3, 0, 2, 0, 90)
12 (1, 4, 0, 0, 18, 0, 0, 0, 0, 2, 0, 248)
13 (1, 4, 0, 0, 265, 0, 0, 0, 0, 1, 0, 96)
14 (1, 4, 180, 0, 404, 0, 0, 0, 0, 2, 0, 47)
15 (1, 4, 244, 56, 567, 0, 0, 0, 0, 2, 0, 229)
16 (1, 4, 88, 2, 445, 0, 0, 4, 0, 2, 0, 242)
17 (1, 4, 0, 0, 270, 0, 0, 0, 0, 2, 0, 56)
18 (1, 4, 0, 0, 148, 0, 0, 3, 0, 2, 0, 30)
19 (1, 4, 0, 57, 0, 0, 0, 22, 0, 2, 0, 18)
20 (1, 4, 0, 75, 0, 0, 0, 18, 0, 2, 0, 42)
21 (1, 4, 0, 69, 0, 0, 0, 35, 0, 2, 0, 131)
22 (1, 4, 0, 97, 0, 0, 0, 0, 0, 2, 0, 92)
23 (1, 4, 0, 251, 0, 0, 0, 0, 0, 2, 0, 226)
24 (1, 4, 0, 562, 0, 0, 0, 0, 0, 1, 0, 22)
25 (1, 4, 0, 614, 0, 0, 0, 0, 0, 2, 0, 147)
26 (1, 4, 109, 670, 0, 0, 0, 0, 0, 2, 0, 9)
27 (1, 4, 200, 655, 0, 0, 0, 0, 0, 2, 0, 57)
28 (1, 4, 163, 824, 0, 0, 0, 0, 0, 2, 0, 80)
29 (1, 4, 189, 866, 0, 0, 0, 0, 0, 2, 0, 216)
30 (1, 4, 225, 770, 0, 0, 0, 21, 0, 1, 0, 124)
31 (1, 4, 10, 594, 0, 0, 0, 103, 0, 2, 0, 113)
0 (1, 4, 0, 144, 0, 0, 0, 0, 0, 2, 0, 200)
1 (1, 4, 0, 523, 0, 0, 0, 0, 0, 1, 0, 179)
2 (1, 4, 0, 873, 0, 0, 0, 0, 0, 2, 0, 199)
3 (1, 4, 0, 873, 0, 0, 0, 0, 0, 2, 0, 199)
4 (1, 4, 132, 873, 0, 0, 0, 0, 0, 2, 0, 234)
5 (1, 4, 235, 873, 47, 0, 31, 0, 0, 2, 0, 117)
6 (1, 4, 185, 873, 82, 0, 10, 25, 0, 2, 0, 245)
7 (1, 4, 236, 530, 29, 0, 0, 120, 0, 2, 0, 174)
8 (1, 4, 0, 320, 0, 0, 0, 116, 0, 2, 0, 140)
9 (1, 4, 0, 0, 0, 0, 0, 182, 1, 2, 0, 254)
10 (1, 4, 0, 0, 0, 0, 7, 103, 0, 2, 0, 55)
11 (1, 4, 0, 0, 0, 0, 7, 37, 0, 2, 0, 203)
12 (1, 4, 0, 0, 167, 0, 35, 0, 0, 2, 0, 196)
13 (1, 4, 0, 0, 131, 9, 0, 0, 0, 2, 0, 5)
14 (1, 4, 0, 0, 7, 101, 0, 0, 0, 2, 0, 18)
15 (1, 4, 0, 0, 19, 79, 0, 0, 0, 2, 0, 28)
16 (1, 4, 0, 0, 4, 66, 0, 0, 0, 1, 0, 160)
17 (1, 4, 0, 0, 0, 56, 0, 0, 0, 2, 0, 78)
18 (1, 4, 16, 0, 16, 37, 0, 0, 0, 2, 0, 189)
19 (1, 4, 0, 5, 12, 34, 0, 0, 0, 1, 0, 79)
20 (1, 4, 0, 12, 0, 33, 0, 0, 0, 2, 0, 55)
21 (1, 4, 1, 0, 0, 29, 0, 0, 0, 2, 0, 202)
22 (1, 4, 0, 16, 4, 31, 0, 0, 0, 1, 0, 120)
23 (1, 4, 0, 4, 0, 37, 0, 0, 0, 2, 0, 248)
24 (1, 4, 0, 0, 8, 31, 0, 0, 0, 2, 0, 70)
25 (1, 4, 0, 5, 17, 34, 0, 0, 0, 1, 0, 70)
26 (1, 4, 0, 0, 1, 35, 0, 0, 0, 2, 0, 244)
27 (1, 4, 0, 10, 15, 32, 0, 0, 0, 2, 0, 198)
28 (1, 4, 0, 2, 15, 36, 0, 0, 0, 1, 0, 180)
29 (1, 4, 5, 0, 17, 33, 0, 0, 0, 1, 0, 62)
30 (1, 4, 0, 18, 20, 33, 0, 0, 0, 2, 0, 115)
31 (1, 4, 2, 0, 16, 40, 0, 0, 0, 1, 0, 103)
0 (1, 4, 112, 0, 0, 22, 0, 0, 0, 1, 0, 14)
1 (1, 4, 36, 0, 9, 6, 0, 0, 1, 2, 0, 95)
2 (1, 4, 41, 0, 18, 0, 0, 0, 1, 2, 0, 35)
3 (1, 4, 142, 0, 20, 0, 0, 0, 1, 2, 0, 170)
4 (1, 4, 146, 0, 0, 0, 0, 0, 1, 2, 0, 35)
5 (1, 4, 396, 0, 0, 0, 0, 0, 1, 2, 0, 149)
6 (1, 4, 378, 0, 28, 0, 0, 0, 1, 2, 0, 151)
7 (1, 4, 0, 0, 84, 0, 0, 0, 0, 2, 0, 114)
8 (1, 4, 0, 0, 192, 0, 0, 0, 0, 2, 0, 162)
9 (1, 4, 166, 0, 287, 0, 0, 0, 0, 1, 0, 152)
10 (1, 4, 222, 0, 340, 0, 0, 0, 0, 2, 0, 7)
11 (1, 4, 127, 0, 232, 0, 0, 0, 0, 2, 0, 20)
12 (1, 4, 36, 58, 111, 0, 0, 0, 0, 2, 0, 118)
13 (1, 4, 37, 99, 88, 0, 0, 0, 0, 2, 0, 248)
14 (1, 4, 87, 22, 46, 0, 0, 2, 0, 2, 0, 183)
15 (1, 4, 59, 43, 0, 0, 0, 0, 0, 2, 0, 68)
16 (1, 4, 21, 64, 0, 0, 0, 0, 0, 2, 0, 253)
17 (1, 4, 0, 60, 0, 0, 0, 0, 0, 2, 0, 98)
18 (1, 4, 0, 159, 0, 0, 0, 0, 0, 2, 0, 121)
19 (1, 4, 0, 242, 0, 0, 0, 0, 0, 2, 0, 228)
20 (1, 4, 0, 487, 0, 0, 0, 0, 0, 2, 0, 15)
21 (1, 4, 0, 603, 0, 0, 0, 0, 0, 2, 0, 236)
22 (1, 4, 48, 686, 0, 0, 0, 0, 0, 2, 0, 133)
23 (1, 4, 89, 826, 0, 0, 0, 0, 0, 2, 0, 234)
24 (1, 4, 137, 873, 0, 0, 0, 0, 1, 2, 0, 206)
25 (1, 4, 153, 873, 0, 0, 20, 0, 0, 2, 0, 42)
26 (1, 4, 198, 730, 40, 0, 0, 7, 0, 1, 0, 12)
27 (1, 4, 113, 550, 0, 0, 0, 78, 0, 2, 0, 211)
28 (1, 4, 0, 275, 0, 0, 0, 121, 0, 2, 0, 246)
29 (1, 4, 0, 0, 0, 0, 0, 178, 0, 2, 0, 233)
0 (1, 4, 99, 76, 0, 0, 0, 0, 0, 2, 0, 30)
1 (1, 4, 0, 197, 0, 0, 0, 0, 0, 2, 0, 69)
2 (1, 4, 0, 504, 0, 0, 0, 0, 0, 2, 0, 223)
3 (1, 4, 0, 637, 0, 0, 0, 0, 0, 2, 0, 153)
4 (1, 4, 41, 644, 0, 0, 0, 0, 0, 2, 0, 7)
5 (1, 4, 85, 744, 0, 0, 0, 0, 0, 2, 0, 201)
6 (1, 4, 171, 817, 0, 0, 0, 0, 0, 2, 0, 38)
7 (1, 4, 258, 835, 0, 0, 0, 0, 0, 2, 0, 197)
8 (1, 4, 269, 784, 0, 0, 7, 0, 0, 2, 0, 205)
9 (1, 4, 152, 610, 0, 0, 0, 48, 0, 2, 0, 190)
10 (1, 4, 0, 424, 0, 0, 0, 110, 0, 2, 0, 255)
11 (1, 4, 0, 62, 0, 0, 0, 164, 0, 2, 0, 81)
12 (1, 4, 0, 0, 0, 0, 0, 142, 0, 2, 0, 4)
13 (1, 4, 0, 0, 0, 0, 11, 48, 0, 2, 0, 144)
14 (1, 4, 0, 0, 0, 0, 0, 0, 0, 2, 0, 168)
15 (1, 4, 0, 0, 0, 0, 27, 0, 0, 2, 0, 103)
16 (1, 4, 0, 0, 38, 81, 0, 0, 0, 2, 0, 26)
17 (1, 4, 0, 0, 0, 99, 0, 0, 0, 2, 0, 181)
18 (1, 4, 7, 0, 43, 84, 0, 0, 0, 1, 0, 152)
19 (1, 4, 0, 0, 0, 77, 0, 0, 0, 2, 0, 230)
20 (1, 4, 20, 8, 0, 59, 0, 0, 0, 2, 0, 4)
21 (1, 4, 0, 31, 0, 50, 0, 0, 0, 1, 0, 229)
22 (1, 4, 5, 14, 0, 50, 0, 0, 0, 2, 0, 186)
23 (1, 4, 0, 8, 0, 46, 0, 0, 0, 2, 0, 72)
24 (1, 4, 0, 0, 0, 50, 0, 0, 0, 1, 0, 53)
25 (1, 4, 11, 0, 0, 51, 0, 0, 0, 2, 0, 245)
26 (1, 4, 0, 0, 0, 50, 0, 0, 0, 2, 0, 136)
27 (1, 4, 0, 0, 0, 52, 0, 0, 0, 1, 0, 119)
28 (1, 4, 2, 0, 0, 52, 0, 0, 0, 1, 0, 107)
29 (1, 4, 3, 0, 0, 51, 0, 0, 0, 2, 0, 133)
30 (1, 4, 3, 0, 0, 53, 0, 0, 0, 1, 0, 122)
31 (1, 4, 6, 0, 0, 54, 0, 0, 0, 1, 0, 109)

