1 (1, 4, 0, 0, 0, 0, 0, 114, 0, 0, 0, 240)
2 (1, 4, 18, 0, 175, 0, 9, 136, 0, 0, 0, 12)
3 (1, 4, 0, 0, 330, 0, 9, 148, 0, 0, 0, 223)
4 (1, 4, 0, 0, 458, 0, 8, 147, 0, 0, 0, 68)
5 (1, 4, 0, 0, 575, 0, 0, 124, 0, 0, 0, 180)
6 (1, 4, 0, 0, 566, 0, 0, 112, 0, 0, 0, 3)
7 (1, 4, 4, 0, 566, 0, 0, 101, 0, 0, 0, 66)
8 (1, 4, 218, 0, 639, 0, 0, 95, 0, 0, 0, 152)
9 (1, 4, 0, 0, 583, 0, 0, 70, 0, 0, 0, 83)
10 (1, 4, 0, 0, 0, 0, 0, 47, 0, 0, 0, 38)
11 (1, 4, 38, 180, 0, 0, 0, 57, 0, 0, 0, 162)
12 (1, 4, 0, 129, 0, 0, 0, 28, 0, 0, 0, 134)
13 (1, 4, 0, 348, 0, 0, 0, 37, 0, 0, 0, 27)
14 (1, 4, 0, 598, 0, 0, 0, 85, 0, 0, 0, 218)
15 (1, 4, 0, 549, 0, 0, 17, 167, 0, 0, 0, 218)
16 (1, 4, 0, 164, 0, 0, 76, 205, 0, 0, 0, 208)
17 (1, 4, 0, 604, 0, 0, 0, 82, 0, 0, 0, 23)
18 (1, 4, 0, 623, 0, 0, 52, 155, 0, 0, 0, 253)
19 (1, 4, 0, 444, 0, 0, 159, 332, 0, 0, 0, 187)
20 (1, 4, 19, 0, 161, 0, 170, 374, 0, 0, 0, 207)
21 (1, 4, 152, 0, 646, 0, 97, 194, 0, 0, 0, 217)
22 (1, 4, 166, 0, 873, 0, 0, 25, 0, 0, 0, 164)
23 (1, 4, 329, 0, 873, 0, 0, 45, 0, 0, 0, 160)
24 (1, 4, 0, 0, 811, 0, 0, 0, 0, 0, 0, 96)
25 (1, 4, 0, 123, 88, 73, 0, 29, 0, 0, 0, 172)
26 (1, 4, 16, 67, 102, 0, 14, 97, 0, 0, 0, 90)
27 (1, 4, 0, 0, 47, 4, 0, 95, 0, 0, 0, 202)
28 (1, 4, 83, 42, 0, 0, 0, 100, 0, 0, 0, 136)
29 (1, 4, 0, 0, 0, 0, 0, 99, 0, 0, 0, 252)
30 (1, 4, 0, 0, 0, 0, 0, 77, 0, 0, 0, 123)
31 (1, 4, 0, 13, 0, 0, 0, 64, 0, 0, 0, 231)
32 (1, 4, 0, 198, 0, 0, 0, 69, 0, 0, 0, 164)
1 (1, 4, 0, 0, 407, 0, 73, 211, 0, 0, 0, 144)
2 (1, 4, 169, 0, 655, 0, 11, 121, 0, 0, 0, 136)
3 (1, 4, 359, 0, 873, 0, 0, 60, 0, 0, 0, 63)
4 (1, 4, 124, 65, 718, 0, 0, 86, 0, 0, 0, 137)
5 (1, 4, 0, 199, 613, 0, 0, 144, 0, 0, 0, 210)
6 (1, 4, 8, 174, 317, 0, 0, 131, 0, 0, 0, 143)
7 (1, 4, 0, 0, 0, 0, 0, 126, 0, 0, 0, 111)
8 (1, 4, 189, 0, 0, 0, 0, 103, 0, 0, 0, 253)
9 (1, 4, 0, 50, 0, 0, 0, 122, 0, 0, 0, 212)
10 (1, 4, 35, 24, 0, 0, 0, 130, 0, 0, 0, 74)
11 (1, 4, 0, 0, 0, 0, 0, 130, 0, 0, 0, 77)
12 (1, 4, 0, 37, 0, 0, 0, 119, 0, 0, 0, 247)
13 (1, 4, 37, 25, 0, 0, 0, 114, 0, 0, 0, 102)
14 (1, 4, 0, 79, 0, 0, 0, 101, 0, 0, 0, 2)
15 (1, 4, 0, 123, 0, 0, 0, 128, 0, 0, 0, 191)
16 (1, 4, 0, 258, 0, 0, 0, 132, 0, 0, 0, 9)
17 (1, 4, 86, 0, 0, 0, 0, 88, 0, 0, 0, 79)
18 (1, 4, 36, 38, 0, 0, 0, 66, 0, 0, 0, 8)
19 (1, 4, 39, 62, 0, 0, 0, 52, 0, 0, 0, 51)
20 (1, 4, 9, 262, 0, 0, 1, 49, 0, 0, 0, 134)
21 (1, 4, 0, 388, 0, 0, 26, 60, 0, 0, 0, 27)
22 (1, 4, 0, 422, 63, 0, 10, 75, 0, 0, 0, 205)
23 (1, 4, 0, 298, 189, 0, 0, 71, 0, 0, 0, 215)
24 (1, 4, 0, 303, 277, 0, 0, 60, 0, 0, 0, 237)
25 (1, 4, 0, 258, 287, 0, 0, 77, 0, 0, 0, 136)
26 (1, 4, 0, 123, 296, 0, 0, 55, 0, 0, 0, 75)
27 (1, 4, 0, 59, 221, 0, 0, 47, 0, 0, 0, 237)
28 (1, 4, 0, 165, 23, 0, 0, 36, 0, 0, 0, 156)
29 (1, 4, 0, 207, 0, 0, 0, 71, 0, 0, 0, 27)
30 (1, 4, 0, 0, 0, 0, 0, 99, 0, 0, 0, 252)
31 (1, 4, 195, 0, 74, 0, 0, 11, 0, 0, 0, 20)
32 (1, 4, 27, 0, 49, 0, 0, 11, 0, 0, 0, 101)
1 (1, 4, 0, 0, 436, 0, 0, 57, 0, 0, 0, 74)
2 (1, 4, 0, 0, 631, 0, 0, 16, 0, 0, 0, 136)
3 (1, 4, 0, 0, 873, 0, 0, 0, 0, 0, 0, 180)
4 (1, 4, 0, 0, 873, 0, 0, 0, 0, 0, 0, 180)
5 (1, 4, 0, 7, 818, 0, 0, 0, 0, 0, 0, 53)
6 (1, 4, 164, 202, 873, 0, 0, 29, 0, 0, 0, 145)
7 (1, 4, 84, 86, 526, 0, 0, 31, 0, 0, 0, 39)
8 (1, 4, 0, 0, 18, 0, 0, 19, 0, 0, 0, 155)
9 (1, 4, 0, 90, 0, 0, 0, 34, 0, 0, 0, 90)
10 (1, 4, 0, 66, 0, 0, 0, 37, 0, 0, 0, 155)
11 (1, 4, 43, 31, 0, 0, 0, 35, 0, 0, 0, 204)
12 (1, 4, 0, 49, 0, 0, 0, 39, 0, 0, 0, 218)
13 (1, 4, 20, 102, 0, 0, 0, 47, 0, 0, 0, 8)
14 (1, 4, 60, 89, 0, 0, 0, 57, 0, 0, 0, 178)
15 (1, 4, 72, 35, 0, 0, 2, 54, 0, 0, 0, 209)
16 (1, 4, 84, 0, 0, 0, 2, 49, 0, 0, 0, 112)
17 (1, 4, 0, 0, 873, 0, 0, 0, 0, 0, 0, 180)
18 (1, 4, 0, 0, 873, 0, 0, 0, 0, 0, 0, 180)
19 (1, 4, 198, 94, 817, 0, 0, 7, 0, 0, 0, 193)
20 (1, 4, 0, 211, 504, 0, 0, 32, 0, 0, 0, 142)
21 (1, 4, 0, 77, 525, 0, 0, 19, 0, 0, 0, 88)
22 (1, 4, 0, 0, 0, 0, 0, 0, 0, 0, 0, 126)
23 (1, 4, 0, 0, 0, 0, 0, 17, 0, 0, 0, 114)
24 (1, 4, 0, 36, 0, 0, 0, 22, 0, 0, 0, 121)
25 (1, 4, 22, 73, 0, 0, 0, 28, 0, 0, 0, 115)
26 (1, 4, 0, 74, 0, 0, 0, 33, 0, 0, 0, 93)
27 (1, 4, 0, 65, 0, 0, 0, 38, 0, 0, 0, 37)
28 (1, 4, 4, 58, 0, 0, 0, 40, 0, 0, 0, 112)
29 (1, 4, 53, 63, 0, 0, 0, 45, 0, 0, 0, 156)
30 (1, 4, 102, 34, 0, 0, 0, 43, 0, 0, 0, 150)
31 (1, 4, 102, 4, 0, 0, 0, 36, 0, 0, 0, 26)
32 (1, 4, 62, 4, 0, 0, 0, 32, 0, 0, 0, 118)
1 (1, 4, 460, 95, 0, 0, 0, 0, 0, 0, 0, 251)
2 (1, 4, 143, 124, 0, 0, 0, 0, 0, 0, 0, 120)
3 (1, 4, 14, 190, 0, 0, 1, 23, 0, 0, 0, 53)
4 (1, 4, 22, 175, 0, 0, 2, 52, 0, 0, 0, 61)
5 (1, 4, 0, 184, 0, 0, 0, 89, 0, 0, 0, 204)
6 (1, 4, 7, 163, 155, 0, 0, 165, 0, 0, 0, 71)
7 (1, 4, 190, 0, 342, 0, 0, 195, 0, 0, 0, 25)
8 (1, 4, 202, 0, 873, 0, 13, 179, 0, 0, 0, 129)
9 (1, 4, 0, 0, 870, 0, 0, 82, 0, 0, 0, 194)
10 (1, 4, 526, 0, 757, 0, 0, 0, 0, 0, 0, 213)
11 (1, 4, 623, 0, 873, 0, 0, 5, 0, 0, 0, 14)
12 (1, 4, 0, 423, 361, 0, 0, 30, 0, 0, 0, 223)
13 (1, 4, 241, 3, 0, 0, 0, 43, 0, 0, 0, 62)
14 (1, 4, 72, 66, 0, 0, 0, 31, 0, 0, 0, 67)
15 (1, 4, 0, 373, 0, 0, 0, 38, 0, 0, 0, 185)
16 (1, 4, 0, 543, 0, 0, 0, 80, 0, 0, 0, 245)
17 (1, 4, 104, 423, 119, 0, 0, 70, 0, 0, 0, 114)
18 (1, 4, 98, 299, 125, 0, 0, 66, 0, 0, 0, 144)
19 (1, 4, 109, 223, 103, 0, 0, 52, 0, 0, 0, 195)
20 (1, 4, 24, 219, 87, 0, 0, 62, 0, 0, 0, 83)
21 (1, 4, 0, 194, 76, 0, 0, 55, 0, 0, 0, 233)
22 (1, 4, 0, 102, 27, 0, 0, 49, 0, 0, 0, 93)
23 (1, 4, 0, 117, 61, 0, 0, 51, 0, 0, 0, 210)
24 (1, 4, 12, 82, 1, 0, 0, 58, 0, 0, 0, 12)
25 (1, 4, 0, 0, 0, 0, 0, 71, 0, 0, 0, 40)
26 (1, 4, 102, 0, 0, 0, 0, 8, 0, 0, 0, 254)
27 (1, 4, 178, 0, 0, 0, 0, 4, 0, 0, 0, 37)
28 (1, 4, 62, 6, 0, 0, 0, 1, 0, 0, 0, 101)
29 (1, 4, 0, 55, 12, 0, 0, 7, 0, 0, 0, 46)
30 (1, 4, 0, 44, 5, 0, 0, 34, 0, 0, 0, 7)
31 (1, 4, 0, 0, 0, 0, 0, 34, 0, 0, 0, 102)
32 (1, 4, 4, 0, 0, 0, 0, 10, 0, 0, 0, 21)
1 (1, 4, 0, 48, 4, 0, 0, 0, 0, 0, 0, 131)
2 (1, 4, 267, 0, 0, 0, 0, 0, 0, 0, 0, 30)
3 (1, 4, 0, 175, 0, 0, 0, 0, 0, 0, 0, 12)
4 (1, 4, 0, 549, 0, 0, 0, 1, 0, 0, 0, 193)
5 (1, 4, 0, 850, 0, 0, 0, 90, 0, 0, 0, 28)
6 (1, 4, 0, 785, 0, 0, 0, 161, 0, 0, 0, 118)
7 (1, 4, 0, 276, 0, 0, 0, 170, 0, 0, 0, 88)
8 (1, 4, 0, 198, 0, 0, 0, 161, 0, 0, 0, 191)
9 (1, 4, 0, 53, 0, 0, 0, 149, 0, 0, 0, 65)
10 (1, 4, 0, 0, 0, 0, 0, 113, 0, 0, 0, 150)
11 (1, 4, 0, 47, 177, 0, 0, 138, 0, 0, 0, 48)
12 (1, 4, 26, 0, 653, 0, 0, 183, 0, 0, 0, 36)
13 (1, 4, 76, 0, 733, 0, 0, 128, 0, 0, 0, 140)
14 (1, 4, 0, 0, 691, 0, 0, 58, 0, 0, 0, 46)
15 (1, 4, 48, 0, 681, 0, 0, 0, 0, 0, 0, 196)
16 (1, 4, 0, 0, 873, 0, 0, 0, 0, 0, 0, 180)
17 (1, 4, 0, 25, 17, 0, 0, 56, 0, 0, 0, 106)
18 (1, 4, 46, 0, 0, 0, 0, 14, 0, 0, 0, 203)
19 (1, 4, 126, 15, 0, 0, 0, 15, 0, 0, 0, 204)
20 (1, 4, 46, 16, 0, 0, 0, 24, 0, 0, 0, 181)
21 (1, 4, 0, 8, 4, 0, 0, 20, 0, 0, 0, 53)
22 (1, 4, 0, 11, 0, 0, 0, 24, 0, 0, 0, 44)
23 (1, 4, 0, 8, 0, 0, 0, 26, 0, 0, 0, 77)
24 (1, 4, 44, 21, 0, 0, 0, 18, 0, 0, 0, 149)
25 (1, 4, 80, 29, 0, 0, 0, 19, 0, 0, 0, 31)
26 (1, 4, 90, 23, 0, 0, 0, 23, 0, 0, 0, 216)
27 (1, 4, 16, 4, 0, 0, 0, 21, 0, 0, 0, 61)
28 (1, 4, 0, 14, 0, 0, 0, 21, 0, 0, 0, 3)
29 (1, 4, 0, 40, 0, 0, 0, 25, 0, 0, 0, 233)
30 (1, 4, 71, 75, 1, 0, 0, 26, 0, 0, 0, 33)
31 (1, 4, 144, 32, 11, 0, 0, 22, 0, 0, 0, 81)
32 (1, 4, 169, 0, 6, 0, 0, 19, 0, 0, 0, 22)
1 (1, 4, 0, 0, 628, 0, 0, 117, 0, 0, 0, 125)
2 (1, 4, 0, 0, 514, 0, 0, 55, 0, 0, 0, 138)
3 (1, 4, 0, 0, 484, 0, 0, 1, 0, 0, 0, 86)
4 (1, 4, 84, 0, 667, 0, 0, 0, 0, 0, 0, 28)
5 (1, 4, 267, 0, 792, 0, 0, 0, 0, 0, 0, 58)
6 (1, 4, 6, 0, 873, 0, 0, 0, 0, 0, 0, 144)
7 (1, 4, 0, 276, 0, 0, 0, 0, 0, 0, 0, 32)
8 (1, 4, 283, 0, 282, 0, 0, 11, 0, 0, 0, 195)
9 (1, 4, 535, 0, 210, 0, 0, 13, 0, 0, 0, 170)
10 (1, 4, 46, 61, 304, 0, 0, 13, 0, 0, 0, 14)
11 (1, 4, 0, 225, 223, 0, 0, 28, 0, 0, 0, 235)
12 (1, 4, 261, 101, 90, 0, 0, 23, 0, 0, 0, 179)
13 (1, 4, 535, 150, 0, 0, 0, 0, 0, 0, 0, 103)
14 (1, 4, 529, 290, 0, 0, 0, 9, 0, 0, 0, 235)
15 (1, 4, 614, 442, 0, 0, 0, 12, 0, 0, 0, 22)
16 (1, 4, 572, 534, 0, 0, 0, 10, 0, 0, 0, 93)
17 (1, 4, 45, 0, 10, 0, 0, 20, 0, 0, 0, 202)
18 (1, 4, 27, 0, 9, 0, 0, 19, 0, 0, 0, 97)
19 (1, 4, 20, 33, 17, 0, 0, 13, 0, 0, 0, 122)
20 (1, 4, 0, 50, 5, 0, 0, 17, 0, 0, 0, 118)
21 (1, 4, 0, 0, 0, 0, 0, 29, 0, 0, 0, 237)
22 (1, 4, 0, 0, 0, 0, 0, 22, 0, 0, 0, 97)
23 (1, 4, 9, 0, 0, 0, 0, 16, 0, 0, 0, 211)
24 (1, 4, 38, 24, 0, 0, 0, 21, 0, 0, 0, 54)
25 (1, 4, 47, 20, 0, 0, 0, 23, 0, 0, 0, 152)
26 (1, 4, 75, 60, 8, 0, 0, 20, 0, 0, 0, 69)
27 (1, 4, 60, 34, 3, 0, 0, 23, 0, 0, 0, 197)
28 (1, 4, 49, 16, 0, 0, 0, 17, 0, 0, 0, 58)
29 (1, 4, 5, 3, 0, 0, 0, 18, 0, 0, 0, 250)
30 (1, 4, 0, 0, 0, 0, 0, 20, 0, 0, 0, 216)
31 (1, 4, 0, 0, 0, 0, 0, 19, 0, 0, 0, 203)
32 (1, 4, 0, 0, 0, 0, 0, 20, 0, 0, 0, 216)

