0 (1, 4, 29, 0, 0, 0, 0, 54, 0, 0, 0, 102)
1 (1, 4, 42, 0, 0, 0, 16, 82, 0, 0, 0, 127)
2 (1, 4, 171, 0, 62, 0, 113, 173, 0, 0, 0, 2)
3 (1, 4, 0, 0, 405, 7, 254, 217, 0, 0, 0, 101)
4 (1, 4, 280, 0, 873, 0, 76, 88, 2, 2, 0, 112)
5 (1, 4, 171, 53, 873, 0, 0, 69, 0, 0, 0, 39)
6 (1, 4, 0, 192, 258, 0, 0, 47, 0, 0, 0, 214)
7 (1, 4, 0, 0, 0, 0, 0, 0, 0, 0, 0, 126)
8 (1, 4, 0, 326, 0, 0, 0, 23, 0, 0, 0, 111)
9 (1, 4, 59, 268, 0, 0, 0, 76, 0, 0, 0, 109)
10 (1, 4, 61, 154, 0, 0, 131, 158, 0, 0, 0, 97)
11 (1, 4, 0, 8, 0, 46, 223, 263, 0, 0, 0, 166)
12 (1, 4, 0, 0, 384, 87, 295, 247, 0, 0, 0, 117)
13 (1, 4, 252, 0, 873, 0, 128, 104, 0, 0, 0, 125)
14 (1, 4, 20, 0, 873, 0, 0, 111, 0, 0, 0, 113)
15 (1, 4, 0, 0, 189, 0, 0, 8, 0, 0, 0, 146)
16 (1, 4, 0, 0, 0, 0, 0, 0, 0, 0, 0, 126)
17 (1, 4, 0, 33, 0, 0, 0, 19, 0, 0, 0, 188)
18 (1, 4, 0, 79, 0, 16, 0, 16, 0, 0, 0, 104)
19 (1, 4, 0, 167, 0, 21, 0, 22, 0, 0, 0, 52)
20 (1, 4, 65, 217, 89, 2, 0, 24, 0, 0, 0, 183)
21 (1, 4, 77, 281, 182, 0, 0, 60, 0, 0, 0, 223)
22 (1, 4, 22, 268, 257, 0, 0, 144, 0, 0, 0, 166)
23 (1, 4, 46, 20, 155, 0, 0, 138, 0, 0, 0, 6)
24 (1, 4, 0, 115, 93, 0, 0, 104, 0, 0, 0, 122)
25 (1, 4, 0, 87, 93, 0, 0, 126, 0, 0, 0, 125)
26 (1, 4, 0, 0, 0, 0, 0, 45, 0, 0, 0, 159)
27 (1, 4, 26, 64, 66, 0, 0, 50, 0, 0, 0, 110)
28 (1, 4, 60, 0, 71, 0, 0, 77, 0, 0, 0, 10)
29 (1, 4, 0, 0, 0, 0, 0, 58, 0, 0, 0, 95)
30 (1, 4, 38, 0, 0, 0, 0, 60, 0, 0, 0, 112)
31 (1, 4, 0, 0, 0, 0, 0, 64, 0, 0, 0, 59)
0 (1, 4, 262, 75, 0, 0, 0, 22, 0, 0, 0, 175)
1 (1, 4, 212, 9, 0, 0, 0, 56, 0, 0, 0, 164)
2 (1, 4, 244, 0, 0, 0, 18, 57, 0, 0, 0, 205)
3 (1, 4, 103, 0, 0, 0, 8, 69, 0, 0, 0, 52)
4 (1, 4, 61, 0, 0, 0, 0, 66, 0, 0, 0, 227)
5 (1, 4, 51, 0, 0, 0, 0, 74, 0, 0, 0, 93)
6 (1, 4, 201, 0, 32, 6, 70, 171, 0, 0, 0, 140)
7 (1, 4, 64, 0, 475, 11, 217, 222, 0, 0, 0, 40)
8 (1, 4, 144, 0, 873, 0, 116, 113, 1, 0, 0, 186)
9 (1, 4, 44, 0, 817, 0, 0, 4, 0, 0, 0, 118)
10 (1, 4, 0, 127, 368, 0, 0, 4, 1, 1, 0, 180)
11 (1, 4, 0, 15, 0, 0, 0, 0, 2, 1, 0, 96)
12 (1, 4, 0, 230, 0, 0, 0, 47, 2, 2, 0, 195)
13 (1, 4, 25, 205, 0, 0, 0, 101, 0, 0, 0, 240)
14 (1, 4, 52, 80, 0, 0, 78, 137, 0, 0, 0, 246)
15 (1, 4, 0, 119, 0, 58, 198, 233, 0, 0, 0, 224)
16 (1, 4, 150, 0, 660, 46, 218, 174, 0, 0, 0, 3)
17 (1, 4, 16, 0, 873, 0, 26, 54, 0, 0, 0, 92)
18 (1, 4, 0, 90, 600, 0, 0, 20, 0, 0, 0, 102)
19 (1, 4, 0, 0, 0, 0, 0, 0, 1, 1, 0, 119)
20 (1, 4, 26, 0, 0, 1, 0, 0, 0, 0, 0, 237)
21 (1, 4, 65, 97, 0, 27, 0, 0, 0, 0, 0, 35)
22 (1, 4, 67, 175, 58, 13, 0, 11, 0, 0, 0, 146)
23 (1, 4, 32, 259, 139, 0, 0, 49, 0, 0, 0, 223)
24 (1, 4, 48, 266, 223, 0, 0, 118, 0, 0, 0, 181)
25 (1, 4, 13, 121, 154, 0, 0, 142, 0, 0, 0, 175)
26 (1, 4, 0, 20, 47, 0, 0, 118, 0, 0, 0, 153)
27 (1, 4, 0, 36, 28, 0, 0, 93, 0, 0, 0, 45)
28 (1, 4, 0, 0, 0, 0, 0, 114, 0, 0, 0, 240)
29 (1, 4, 54, 0, 0, 0, 0, 48, 0, 0, 0, 15)
30 (1, 4, 67, 51, 24, 0, 0, 58, 0, 0, 0, 124)
31 (1, 4, 0, 73, 9, 0, 0, 68, 0, 0, 0, 227)
0 (1, 4, 57, 0, 41, 0, 0, 63, 1, 2, 0, 206)
1 (1, 4, 217, 19, 67, 0, 0, 52, 2, 2, 0, 144)
2 (1, 4, 57, 207, 0, 0, 0, 64, 2, 1, 0, 254)
3 (1, 4, 272, 45, 0, 0, 0, 60, 1, 1, 0, 102)
4 (1, 4, 155, 0, 0, 0, 0, 56, 1, 1, 0, 120)
5 (1, 4, 173, 0, 0, 0, 12, 59, 2, 1, 0, 153)
6 (1, 4, 73, 0, 0, 0, 25, 41, 0, 0, 0, 32)
7 (1, 4, 49, 0, 0, 0, 3, 50, 0, 0, 0, 23)
8 (1, 4, 63, 0, 0, 17, 21, 67, 0, 0, 0, 215)
9 (1, 4, 200, 0, 74, 6, 67, 168, 0, 0, 0, 232)
10 (1, 4, 95, 0, 437, 0, 162, 202, 1, 0, 0, 159)
11 (1, 4, 121, 0, 747, 0, 118, 105, 1, 1, 0, 188)
12 (1, 4, 93, 0, 840, 0, 0, 49, 0, 0, 0, 92)
13 (1, 4, 47, 144, 582, 0, 0, 29, 1, 1, 0, 41)
14 (1, 4, 22, 0, 0, 0, 0, 24, 1, 1, 0, 138)
15 (1, 4, 0, 133, 0, 0, 0, 48, 1, 1, 0, 107)
16 (1, 4, 0, 162, 0, 0, 15, 119, 1, 1, 0, 84)
17 (1, 4, 0, 111, 0, 0, 89, 143, 0, 0, 0, 218)
18 (1, 4, 0, 27, 0, 51, 226, 233, 0, 0, 0, 193)
19 (1, 4, 29, 0, 356, 82, 220, 176, 0, 0, 0, 179)
20 (1, 4, 190, 0, 873, 0, 106, 91, 0, 0, 0, 236)
21 (1, 4, 0, 0, 746, 0, 0, 61, 1, 1, 0, 152)
22 (1, 4, 0, 102, 398, 0, 0, 30, 1, 1, 0, 21)
23 (1, 4, 8, 0, 0, 0, 0, 0, 1, 1, 0, 7)
24 (1, 4, 0, 110, 0, 21, 0, 6, 0, 0, 0, 99)
25 (1, 4, 0, 210, 10, 7, 0, 19, 0, 0, 0, 139)
26 (1, 4, 0, 212, 65, 0, 0, 26, 0, 0, 0, 168)
27 (1, 4, 52, 307, 174, 0, 0, 80, 0, 0, 0, 171)
28 (1, 4, 70, 187, 137, 0, 0, 125, 0, 0, 0, 180)
29 (1, 4, 0, 169, 84, 0, 0, 115, 0, 0, 0, 48)
0 (1, 4, 85, 0, 38, 0, 0, 67, 1, 1, 0, 132)
1 (1, 4, 207, 21, 36, 0, 0, 53, 1, 1, 0, 199)
2 (1, 4, 0, 208, 0, 0, 0, 66, 4, 2, 0, 56)
3 (1, 4, 143, 138, 0, 0, 0, 61, 1, 1, 0, 213)
4 (1, 4, 185, 10, 0, 0, 0, 68, 2, 2, 0, 206)
5 (1, 4, 198, 0, 0, 0, 16, 49, 1, 1, 0, 231)
6 (1, 4, 94, 0, 0, 0, 41, 32, 0, 0, 0, 87)
7 (1, 4, 45, 37, 0, 1, 14, 62, 0, 0, 0, 201)
8 (1, 4, 176, 0, 0, 27, 55, 129, 0, 0, 0, 215)
9 (1, 4, 121, 0, 237, 2, 106, 177, 0, 0, 0, 17)
10 (1, 4, 217, 0, 616, 0, 122, 147, 1, 1, 0, 232)
11 (1, 4, 61, 0, 847, 0, 72, 61, 0, 0, 0, 179)
12 (1, 4, 238, 0, 818, 0, 0, 66, 1, 1, 0, 205)
13 (1, 4, 0, 351, 109, 0, 0, 55, 1, 1, 0, 211)
14 (1, 4, 87, 0, 0, 0, 0, 12, 1, 0, 0, 192)
15 (1, 4, 0, 178, 0, 0, 0, 50, 0, 0, 0, 122)
16 (1, 4, 51, 162, 0, 0, 35, 119, 0, 0, 0, 71)
17 (1, 4, 34, 210, 0, 11, 117, 162, 0, 0, 0, 104)
18 (1, 4, 129, 47, 0, 44, 189, 210, 0, 0, 0, 57)
19 (1, 4, 149, 0, 458, 37, 176, 120, 0, 0, 0, 146)
20 (1, 4, 239, 0, 873, 0, 117, 63, 0, 0, 0, 54)
21 (1, 4, 0, 120, 678, 0, 0, 94, 1, 0, 0, 251)
22 (1, 4, 0, 0, 231, 0, 0, 45, 1, 0, 0, 236)
23 (1, 4, 0, 0, 0, 0, 0, 0, 0, 0, 0, 126)
24 (1, 4, 30, 60, 0, 20, 0, 3, 0, 0, 0, 237)
25 (1, 4, 0, 230, 65, 5, 0, 25, 0, 0, 0, 99)
26 (1, 4, 73, 208, 105, 0, 0, 51, 0, 0, 0, 83)
27 (1, 4, 49, 244, 150, 0, 0, 83, 0, 0, 0, 163)
28 (1, 4, 0, 209, 158, 0, 0, 117, 0, 0, 0, 246)
29 (1, 4, 0, 113, 139, 0, 0, 112, 0, 0, 0, 42)
30 (1, 4, 70, 40, 101, 0, 0, 111, 0, 0, 0, 112)
31 (1, 4, 0, 35, 45, 0, 0, 98, 0, 0, 0, 177)
0 (1, 4, 19, 0, 11, 0, 0, 68, 0, 0, 0, 187)
1 (1, 4, 172, 0, 0, 0, 0, 51, 0, 0, 0, 240)
2 (1, 4, 0, 121, 0, 0, 0, 69, 1, 1, 0, 190)
3 (1, 4, 128, 41, 0, 0, 0, 68, 1, 1, 0, 150)
4 (1, 4, 226, 14, 0, 0, 0, 52, 0, 0, 0, 58)
5 (1, 4, 100, 0, 0, 0, 17, 47, 0, 0, 0, 172)
6 (1, 4, 0, 0, 0, 0, 0, 36, 0, 0, 0, 170)
7 (1, 4, 121, 50, 0, 0, 0, 44, 0, 0, 0, 94)
8 (1, 4, 53, 69, 0, 7, 0, 69, 0, 0, 0, 49)
9 (1, 4, 124, 0, 0, 1, 0, 106, 0, 0, 0, 48)
10 (1, 4, 307, 0, 34, 0, 93, 196, 0, 0, 0, 230)
11 (1, 4, 125, 0, 487, 0, 214, 164, 0, 0, 0, 62)
12 (1, 4, 125, 0, 873, 0, 77, 85, 0, 0, 0, 33)
13 (1, 4, 0, 0, 829, 0, 0, 37, 0, 0, 0, 101)
14 (1, 4, 0, 126, 363, 0, 0, 18, 2, 1, 0, 192)
15 (1, 4, 0, 9, 0, 0, 0, 0, 1, 1, 0, 113)
16 (1, 4, 0, 471, 0, 0, 0, 43, 0, 0, 0, 87)
17 (1, 4, 172, 222, 0, 0, 0, 89, 0, 0, 0, 160)
18 (1, 4, 19, 400, 0, 0, 81, 144, 0, 0, 0, 182)
19 (1, 4, 151, 79, 0, 0, 219, 271, 0, 0, 0, 162)
20 (1, 4, 0, 0, 506, 0, 185, 221, 0, 0, 0, 99)
21 (1, 4, 0, 0, 654, 0, 56, 101, 0, 0, 0, 255)
22 (1, 4, 0, 0, 705, 0, 0, 40, 0, 0, 0, 17)
23 (1, 4, 0, 0, 360, 0, 0, 0, 0, 0, 0, 154)
24 (1, 4, 0, 0, 0, 0, 0, 0, 0, 0, 0, 126)
25 (1, 4, 0, 30, 0, 0, 0, 0, 0, 0, 0, 27)
26 (1, 4, 0, 122, 1, 0, 0, 7, 0, 0, 0, 7)
27 (1, 4, 0, 161, 32, 0, 0, 13, 0, 0, 0, 182)
28 (1, 4, 75, 199, 83, 0, 0, 35, 0, 0, 0, 237)
29 (1, 4, 110, 224, 103, 0, 0, 92, 0, 0, 0, 205)
30 (1, 4, 77, 146, 114, 0, 0, 134, 0, 0, 0, 175)
31 (1, 4, 73, 99, 63, 0, 0, 122, 0, 0, 0, 172)
0 (1, 4, 0, 48, 56, 0, 0, 75, 1, 1, 0, 32)
1 (1, 4, 0, 207, 19, 0, 0, 74, 1, 1, 0, 150)
2 (1, 4, 94, 40, 0, 0, 0, 51, 1, 0, 0, 68)
3 (1, 4, 117, 0, 0, 0, 0, 38, 1, 0, 0, 233)
4 (1, 4, 105, 0, 0, 0, 0, 55, 0, 0, 0, 47)
5 (1, 4, 183, 0, 0, 0, 20, 50, 1, 1, 0, 194)
6 (1, 4, 70, 0, 0, 0, 15, 55, 1, 1, 0, 18)
7 (1, 4, 82, 18, 0, 1, 0, 73, 1, 1, 0, 97)
8 (1, 4, 73, 0, 0, 4, 0, 73, 0, 0, 0, 133)
9 (1, 4, 125, 0, 0, 0, 21, 136, 0, 0, 0, 233)
10 (1, 4, 108, 0, 279, 5, 160, 187, 0, 0, 0, 145)
11 (1, 4, 61, 0, 683, 0, 112, 127, 2, 2, 0, 227)
12 (1, 4, 227, 0, 873, 0, 0, 52, 1, 1, 0, 243)
13 (1, 4, 0, 126, 621, 0, 0, 55, 2, 2, 0, 224)
14 (1, 4, 0, 32, 0, 0, 0, 37, 1, 1, 0, 190)
15 (1, 4, 0, 0, 0, 0, 0, 9, 1, 1, 0, 66)
16 (1, 4, 0, 257, 0, 0, 0, 65, 0, 0, 0, 180)
17 (1, 4, 61, 207, 0, 0, 0, 104, 0, 0, 0, 34)
18 (1, 4, 94, 169, 0, 0, 99, 169, 0, 0, 0, 4)
19 (1, 4, 0, 0, 29, 56, 208, 227, 0, 0, 0, 50)
20 (1, 4, 98, 0, 563, 29, 133, 131, 0, 0, 0, 130)
21 (1, 4, 135, 0, 857, 0, 12, 56, 0, 0, 0, 176)
22 (1, 4, 0, 62, 548, 0, 0, 54, 0, 0, 0, 125)
23 (1, 4, 0, 0, 92, 0, 0, 20, 0, 0, 0, 190)
24 (1, 4, 0, 0, 0, 0, 0, 6, 0, 0, 0, 178)
25 (1, 4, 0, 133, 0, 14, 0, 17, 0, 0, 0, 166)
26 (1, 4, 0, 168, 60, 0, 0, 29, 0, 0, 0, 254)
27 (1, 4, 106, 208, 196, 0, 0, 55, 0, 0, 0, 138)
28 (1, 4, 4, 239, 237, 0, 0, 67, 0, 0, 0, 22)
29 (1, 4, 92, 234, 254, 0, 0, 126, 0, 0, 0, 150)
0 (1, 4, 203, 0, 65, 0, 0, 79, 0, 0, 0, 83)
1 (1, 4, 276, 10, 101, 0, 0, 50, 0, 0, 0, 126)
2 (1, 4, 0, 99, 0, 0, 0, 84, 0, 0, 0, 4)
3 (1, 4, 37, 18, 0, 0, 0, 68, 1, 1, 0, 186)
4 (1, 4, 82, 5, 0, 0, 0, 53, 0, 0, 0, 188)
5 (1, 4, 59, 58, 0, 0, 2, 54, 0, 0, 0, 10)
6 (1, 4, 113, 11, 0, 0, 13, 62, 0, 0, 0, 186)
7 (1, 4, 57, 48, 0, 9, 17, 57, 0, 0, 0, 216)
8 (1, 4, 20, 64, 0, 0, 26, 86, 0, 0, 0, 201)
9 (1, 4, 169, 0, 101, 0, 137, 189, 0, 0, 0, 41)
10 (1, 4, 197, 0, 633, 0, 146, 193, 0, 0, 0, 111)
11 (1, 4, 0, 0, 788, 0, 84, 122, 0, 0, 0, 160)
12 (1, 4, 0, 0, 821, 0, 0, 41, 0, 0, 0, 70)
13 (1, 4, 0, 235, 222, 0, 0, 0, 1, 2, 0, 89)
14 (1, 4, 107, 0, 0, 0, 0, 0, 1, 0, 0, 48)
15 (1, 4, 22, 222, 0, 0, 0, 39, 0, 0, 0, 239)
16 (1, 4, 0, 216, 0, 0, 19, 70, 0, 0, 0, 169)
17 (1, 4, 43, 220, 0, 0, 79, 166, 0, 0, 0, 5)
18 (1, 4, 0, 8, 0, 40, 176, 294, 0, 0, 0, 36)
19 (1, 4, 0, 0, 371, 27, 158, 204, 0, 0, 0, 253)
20 (1, 4, 65, 0, 757, 0, 81, 83, 0, 0, 0, 20)
21 (1, 4, 0, 0, 731, 0, 0, 49, 0, 0, 0, 27)
22 (1, 4, 0, 0, 203, 0, 0, 0, 1, 1, 0, 122)
23 (1, 4, 0, 0, 0, 0, 0, 0, 0, 0, 0, 126)
24 (1, 4, 0, 15, 0, 28, 0, 17, 0, 0, 0, 176)
25 (1, 4, 36, 73, 5, 24, 0, 32, 0, 0, 0, 96)
26 (1, 4, 48, 135, 65, 11, 0, 22, 0, 0, 0, 243)
27 (1, 4, 33, 232, 101, 0, 0, 42, 0, 0, 0, 121)
28 (1, 4, 0, 318, 168, 0, 0, 56, 0, 0, 0, 23)
29 (1, 4, 0, 296, 146, 0, 0, 87, 0, 0, 0, 206)
30 (1, 4, 0, 122, 194, 0, 0, 125, 0, 0, 0, 210)
31 (1, 4, 0, 0, 42, 0, 0, 97, 0, 0, 0, 40)
0 (1, 4, 0, 226, 455, 0, 0, 0, 1, 1, 0, 232)
1 (1, 4, 46, 10, 0, 0, 0, 0, 1, 1, 0, 58)
2 (1, 4, 0, 288, 0, 0, 0, 48, 1, 1, 0, 34)
3 (1, 4, 41, 164, 0, 0, 0, 96, 1, 0, 0, 88)
4 (1, 4, 65, 173, 0, 0, 49, 151, 1, 1, 0, 84)
5 (1, 4, 0, 200, 0, 55, 138, 233, 0, 0, 0, 80)
6 (1, 4, 0, 0, 132, 77, 175, 241, 1, 1, 0, 100)
7 (1, 4, 193, 0, 633, 10, 89, 109, 0, 1, 0, 42)
8 (1, 4, 98, 0, 683, 0, 0, 57, 1, 0, 0, 187)
9 (1, 4, 32, 43, 558, 0, 0, 59, 1, 1, 0, 110)
10 (1, 4, 0, 0, 0, 0, 0, 16, 1, 1, 0, 164)
11 (1, 4, 0, 10, 0, 3, 0, 21, 0, 0, 0, 248)
12 (1, 4, 0, 125, 0, 15, 0, 49, 0, 0, 0, 138)
13 (1, 4, 22, 127, 0, 10, 0, 43, 0, 0, 0, 192)
14 (1, 4, 11, 184, 0, 4, 8, 31, 0, 0, 0, 154)
15 (1, 4, 12, 243, 23, 0, 0, 34, 0, 0, 0, 77)
16 (1, 4, 0, 236, 51, 0, 0, 91, 0, 0, 0, 119)
17 (1, 4, 61, 202, 234, 0, 0, 116, 0, 0, 0, 102)
18 (1, 4, 0, 221, 223, 0, 0, 129, 0, 0, 0, 56)
19 (1, 4, 108, 13, 58, 0, 0, 115, 0, 0, 0, 231)
20 (1, 4, 0, 0, 0, 0, 0, 119, 0, 0, 0, 90)
21 (1, 4, 73, 0, 0, 0, 0, 21, 0, 0, 0, 240)
22 (1, 4, 48, 85, 48, 0, 0, 45, 0, 0, 0, 180)
23 (1, 4, 0, 67, 47, 0, 0, 87, 0, 0, 0, 7)
24 (1, 4, 0, 0, 0, 0, 0, 46, 1, 0, 0, 155)
25 (1, 4, 55, 27, 20, 0, 0, 64, 1, 1, 0, 20)
26 (1, 4, 0, 37, 5, 0, 0, 60, 1, 1, 0, 253)
27 (1, 4, 3, 23, 21, 0, 0, 57, 3, 2, 0, 141)
28 (1, 4, 10, 4, 14, 0, 0, 56, 1, 0, 0, 255)
29 (1, 4, 0, 0, 3, 0, 0, 55, 1, 1, 0, 173)
30 (1, 4, 0, 0, 0, 0, 0, 58, 1, 1, 0, 86)
31 (1, 4, 0, 7, 0, 0, 0, 55, 1, 0, 0, 127)
0 (1, 4, 110, 21, 0, 0, 1, 52, 0, 0, 0, 20)
1 (1, 4, 62, 6, 0, 0, 0, 59, 0, 0, 0, 68)
2 (1, 4, 98, 0, 0, 5, 0, 65, 1, 0, 0, 183)
3 (1, 4, 46, 22, 0, 3, 0, 111, 1, 1, 0, 14)
4 (1, 4, 246, 23, 182, 0, 76, 196, 1, 1, 0, 8)
5 (1, 4, 0, 0, 518, 0, 124, 193, 1, 1, 0, 28)
6 (1, 4, 0, 0, 508, 0, 79, 118, 0, 0, 0, 2)
7 (1, 4, 78, 0, 805, 0, 0, 0, 0, 0, 0, 112)
8 (1, 4, 0, 150, 511, 0, 0, 0, 1, 1, 0, 47)
9 (1, 4, 0, 0, 0, 0, 0, 0, 1, 1, 0, 119)
10 (1, 4, 5, 120, 0, 0, 0, 0, 0, 0, 0, 219)
11 (1, 4, 0, 249, 0, 0, 0, 49, 0, 0, 0, 244)
12 (1, 4, 112, 170, 0, 0, 7, 120, 0, 0, 0, 120)
13 (1, 4, 18, 259, 0, 10, 108, 223, 0, 0, 0, 169)
14 (1, 4, 0, 54, 75, 62, 182, 260, 0, 0, 0, 195)
15 (1, 4, 0, 0, 520, 13, 102, 174, 0, 0, 0, 232)
16 (1, 4, 0, 0, 667, 0, 0, 12, 0, 0, 0, 210)
17 (1, 4, 0, 42, 408, 0, 0, 0, 0, 0, 0, 13)
18 (1, 4, 0, 0, 0, 0, 0, 0, 0, 0, 0, 126)
19 (1, 4, 0, 43, 0, 0, 0, 0, 0, 0, 0, 215)
20 (1, 4, 24, 111, 0, 0, 0, 28, 0, 0, 0, 82)
21 (1, 4, 20, 174, 0, 0, 0, 29, 0, 0, 0, 242)
22 (1, 4, 47, 226, 41, 0, 0, 43, 0, 0, 0, 53)
23 (1, 4, 65, 201, 97, 0, 0, 59, 0, 0, 0, 18)
24 (1, 4, 76, 208, 154, 0, 0, 104, 0, 0, 0, 79)
25 (1, 4, 41, 109, 143, 0, 0, 104, 0, 0, 0, 252)
26 (1, 4, 28, 43, 118, 0, 0, 86, 0, 0, 0, 46)
27 (1, 4, 0, 69, 81, 0, 0, 82, 0, 0, 0, 173)
28 (1, 4, 0, 0, 0, 0, 0, 109, 0, 0, 0, 218)
29 (1, 4, 55, 0, 0, 0, 0, 22, 0, 0, 0, 108)
0 (1, 4, 215, 0, 0, 0, 0, 51, 0, 0, 0, 60)
1 (1, 4, 118, 0, 0, 0, 8, 40, 0, 0, 0, 126)
2 (1, 4, 120, 0, 0, 0, 16, 50, 0, 0, 0, 238)
3 (1, 4, 84, 0, 0, 0, 11, 57, 0, 0, 0, 34)
4 (1, 4, 53, 0, 0, 1, 0, 71, 0, 0, 0, 38)
5 (1, 4, 92, 0, 0, 0, 12, 114, 0, 0, 0, 243)
6 (1, 4, 257, 0, 278, 14, 125, 190, 0, 0, 0, 140)
7 (1, 4, 32, 0, 655, 0, 163, 177, 0, 0, 0, 62)
8 (1, 4, 126, 0, 872, 0, 41, 58, 0, 0, 0, 78)
9 (1, 4, 0, 0, 734, 0, 0, 55, 0, 0, 0, 29)
10 (1, 4, 0, 23, 140, 0, 0, 7, 0, 1, 0, 118)
11 (1, 4, 0, 13, 0, 0, 0, 0, 0, 0, 0, 162)
12 (1, 4, 0, 328, 0, 0, 0, 34, 0, 0, 0, 179)
13 (1, 4, 100, 221, 0, 0, 0, 80, 0, 0, 0, 161)
14 (1, 4, 80, 203, 0, 0, 62, 132, 0, 0, 0, 89)
15 (1, 4, 0, 222, 0, 30, 109, 170, 0, 0, 0, 224)
16 (1, 4, 22, 19, 189, 0, 204, 214, 0, 0, 0, 217)
17 (1, 4, 243, 0, 766, 0, 110, 153, 0, 0, 0, 128)
18 (1, 4, 0, 0, 866, 0, 26, 63, 0, 0, 0, 142)
19 (1, 4, 0, 24, 654, 0, 0, 51, 0, 0, 0, 62)
20 (1, 4, 0, 0, 95, 0, 0, 0, 0, 0, 0, 163)
21 (1, 4, 0, 0, 0, 0, 0, 0, 0, 0, 0, 126)
22 (1, 4, 0, 143, 0, 0, 0, 27, 0, 0, 0, 145)
23 (1, 4, 23, 119, 0, 0, 0, 39, 0, 0, 0, 36)
24 (1, 4, 97, 193, 0, 0, 0, 57, 0, 0, 0, 78)
25 (1, 4, 0, 246, 81, 0, 0, 94, 0, 0, 0, 72)
26 (1, 4, 24, 102, 78, 0, 0, 112, 0, 0, 0, 25)
27 (1, 4, 0, 99, 58, 0, 0, 102, 0, 0, 0, 221)
28 (1, 4, 0, 56, 48, 0, 0, 99, 0, 0, 0, 109)
29 (1, 4, 3, 0, 0, 0, 0, 87, 0, 0, 0, 233)
30 (1, 4, 22, 21, 0, 0, 0, 52, 0, 0, 0, 179)
31 (1, 4, 0, 105, 11, 0, 0, 107, 0, 0, 0, 86)
0 (1, 4, 120, 96, 0, 0, 0, 62, 1, 1, 0, 188)
1 (1, 4, 154, 34, 0, 0, 0, 56, 2, 2, 0, 194)
2 (1, 4, 152, 50, 0, 0, 0, 51, 2, 1, 0, 142)
3 (1, 4, 136, 73, 0, 0, 0, 47, 1, 1, 0, 207)
4 (1, 4, 93, 72, 0, 0, 0, 45, 2, 2, 0, 146)
5 (1, 4, 114, 56, 0, 0, 0, 54, 2, 2, 0, 112)
6 (1, 4, 21, 76, 0, 0, 3, 61, 2, 1, 0, 84)
7 (1, 4, 36, 29, 0, 0, 0, 79, 1, 2, 0, 52)
8 (1, 4, 24, 74, 0, 0, 0, 94, 1, 1, 0, 10)
9 (1, 4, 157, 0, 0, 1, 56, 270, 1, 1, 0, 157)
10 (1, 4, 0, 0, 469, 0, 252, 249, 1, 1, 0, 153)
11 (1, 4, 61, 0, 873, 0, 27, 93, 1, 1, 0, 197)
12 (1, 4, 0, 0, 568, 0, 0, 0, 1, 1, 0, 240)
13 (1, 4, 56, 0, 332, 0, 0, 1, 3, 2, 0, 194)
14 (1, 4, 0, 15, 0, 0, 0, 0, 1, 1, 0, 198)
15 (1, 4, 0, 89, 0, 0, 0, 5, 2, 1, 0, 159)
16 (1, 4, 37, 247, 0, 0, 0, 63, 0, 0, 0, 39)
17 (1, 4, 30, 244, 0, 0, 9, 124, 0, 0, 0, 33)
18 (1, 4, 8, 47, 0, 74, 160, 259, 0, 0, 0, 24)
19 (1, 4, 0, 0, 338, 74, 148, 208, 0, 0, 0, 213)
20 (1, 4, 151, 0, 812, 0, 42, 53, 0, 0, 0, 188)
21 (1, 4, 0, 47, 538, 0, 0, 53, 2, 2, 0, 145)
22 (1, 4, 0, 0, 51, 0, 0, 18, 1, 1, 0, 39)
23 (1, 4, 0, 0, 0, 0, 0, 0, 0, 0, 0, 126)
24 (1, 4, 74, 65, 0, 0, 0, 28, 0, 0, 0, 225)
25 (1, 4, 37, 166, 0, 0, 0, 41, 0, 0, 0, 111)
26 (1, 4, 111, 202, 0, 0, 0, 57, 0, 0, 0, 113)
27 (1, 4, 78, 182, 0, 0, 0, 73, 0, 0, 0, 198)
28 (1, 4, 106, 173, 0, 0, 0, 78, 0, 0, 0, 32)
29 (1, 4, 44, 170, 0, 0, 0, 93, 0, 0, 0, 58)
30 (1, 4, 127, 106, 0, 0, 0, 88, 0, 0, 0, 105)
31 (1, 4, 63, 86, 0, 0, 0, 97, 0, 0, 0, 109)
0 (1, 4, 80, 46, 0, 0, 0, 77, 1, 1, 0, 221)
1 (1, 4, 0, 47, 0, 0, 0, 53, 0, 0, 0, 213)
2 (1, 4, 0, 59, 0, 0, 0, 57, 0, 0, 0, 241)
3 (1, 4, 58, 1, 0, 0, 0, 46, 0, 0, 0, 7)
4 (1, 4, 0, 8, 0, 0, 0, 57, 0, 0, 0, 138)
5 (1, 4, 46, 0, 0, 0, 29, 104, 0, 0, 0, 61)
6 (1, 4, 167, 0, 91, 40, 122, 219, 0, 0, 0, 37)
7 (1, 4, 181, 0, 621, 0, 208, 242, 0, 0, 0, 28)
8 (1, 4, 196, 0, 873, 0, 116, 105, 1, 1, 0, 185)
9 (1, 4, 25, 0, 873, 0, 0, 43, 1, 1, 0, 14)
10 (1, 4, 0, 66, 415, 0, 0, 7, 1, 1, 0, 0)
11 (1, 4, 0, 0, 0, 0, 0, 0, 1, 1, 0, 119)
12 (1, 4, 0, 104, 0, 0, 0, 26, 0, 0, 0, 12)
13 (1, 4, 0, 171, 0, 0, 0, 41, 0, 0, 0, 66)
14 (1, 4, 24, 241, 0, 0, 0, 71, 0, 0, 0, 44)
15 (1, 4, 27, 308, 0, 0, 61, 150, 0, 0, 0, 38)
16 (1, 4, 0, 0, 171, 70, 233, 322, 0, 0, 0, 175)
17 (1, 4, 4, 0, 847, 0, 137, 167, 1, 1, 0, 190)
18 (1, 4, 67, 0, 816, 0, 0, 42, 1, 1, 0, 120)
19 (1, 4, 0, 0, 318, 0, 0, 6, 0, 0, 0, 163)
20 (1, 4, 0, 0, 0, 0, 0, 0, 0, 0, 0, 126)
21 (1, 4, 8, 4, 0, 0, 0, 4, 0, 0, 0, 161)
22 (1, 4, 0, 71, 0, 0, 0, 12, 0, 0, 0, 96)
23 (1, 4, 0, 178, 0, 0, 0, 9, 0, 0, 0, 132)
24 (1, 4, 47, 221, 0, 0, 0, 25, 0, 0, 0, 58)
25 (1, 4, 66, 309, 0, 0, 0, 54, 0, 0, 0, 124)
26 (1, 4, 87, 302, 70, 0, 0, 104, 0, 0, 0, 154)
27 (1, 4, 0, 238, 0, 0, 0, 119, 0, 0, 0, 30)
28 (1, 4, 11, 123, 88, 0, 0, 100, 0, 0, 0, 254)
29 (1, 4, 12, 103, 93, 0, 0, 108, 0, 0, 0, 252)
0 (1, 4, 64, 2, 0, 0, 0, 97, 0, 0, 0, 161)
1 (1, 4, 79, 0, 0, 0, 0, 62, 0, 0, 0, 249)
2 (1, 4, 14, 0, 0, 0, 16, 23, 0, 0, 0, 111)
3 (1, 4, 88, 0, 0, 22, 16, 21, 0, 0, 0, 46)
4 (1, 4, 38, 53, 0, 17, 0, 53, 0, 0, 0, 97)
5 (1, 4, 50, 0, 0, 10, 0, 73, 0, 0, 0, 243)
6 (1, 4, 57, 0, 0, 12, 10, 130, 0, 0, 0, 163)
7 (1, 4, 113, 0, 209, 0, 89, 200, 0, 0, 0, 61)
8 (1, 4, 0, 0, 519, 9, 197, 234, 0, 0, 0, 79)
9 (1, 4, 0, 0, 873, 0, 90, 105, 0, 0, 0, 201)
10 (1, 4, 0, 0, 807, 0, 0, 0, 0, 0, 0, 130)
11 (1, 4, 0, 82, 235, 0, 0, 0, 1, 1, 0, 11)
12 (1, 4, 0, 0, 0, 0, 0, 0, 1, 1, 0, 119)
13 (1, 4, 52, 152, 0, 0, 0, 0, 0, 0, 0, 178)
14 (1, 4, 103, 263, 0, 0, 0, 41, 0, 0, 0, 105)
15 (1, 4, 192, 282, 0, 0, 0, 73, 0, 0, 0, 200)
16 (1, 4, 74, 255, 0, 0, 44, 159, 2, 2, 0, 150)
17 (1, 4, 26, 23, 0, 102, 157, 224, 1, 1, 0, 98)
18 (1, 4, 0, 0, 362, 71, 201, 219, 1, 1, 0, 50)
19 (1, 4, 113, 0, 798, 0, 100, 123, 1, 1, 0, 205)
20 (1, 4, 0, 0, 695, 0, 0, 71, 1, 2, 0, 179)
21 (1, 4, 0, 74, 385, 0, 0, 40, 1, 1, 0, 89)
22 (1, 4, 0, 0, 0, 0, 0, 11, 1, 1, 0, 251)
23 (1, 4, 0, 0, 0, 0, 0, 12, 0, 0, 0, 225)
24 (1, 4, 0, 27, 0, 0, 0, 15, 0, 0, 0, 141)
25 (1, 4, 13, 137, 0, 0, 0, 23, 0, 0, 0, 255)
26 (1, 4, 57, 235, 0, 0, 0, 15, 0, 0, 0, 245)
27 (1, 4, 44, 350, 0, 0, 0, 34, 0, 0, 0, 234)
28 (1, 4, 103, 295, 0, 0, 0, 55, 0, 0, 0, 94)
29 (1, 4, 177, 240, 49, 0, 0, 86, 0, 0, 0, 44)
30 (1, 4, 169, 233, 66, 0, 0, 111, 0, 0, 0, 93)
31 (1, 4, 63, 132, 121, 0, 0, 110, 0, 0, 0, 72)
0 (1, 4, 0, 177, 0, 0, 0, 70, 0, 0, 0, 224)
1 (1, 4, 128, 0, 0, 0, 0, 71, 0, 0, 0, 61)
2 (1, 4, 0, 13, 0, 0, 0, 51, 0, 0, 0, 182)
3 (1, 4, 0, 72, 0, 0, 0, 66, 0, 0, 0, 178)
4 (1, 4, 119, 0, 0, 0, 0, 95, 0, 0, 0, 149)
5 (1, 4, 109, 21, 113, 0, 136, 229, 1, 1, 0, 174)
6 (1, 4, 0, 0, 740, 0, 213, 285, 2, 1, 0, 74)
7 (1, 4, 0, 0, 873, 0, 99, 88, 1, 1, 0, 93)
8 (1, 4, 197, 0, 873, 0, 0, 0, 2, 2, 0, 12)
9 (1, 4, 0, 340, 617, 0, 0, 0, 2, 1, 0, 155)
10 (1, 4, 95, 0, 0, 0, 0, 0, 0, 1, 0, 38)
11 (1, 4, 79, 178, 0, 0, 0, 10, 0, 1, 0, 90)
12 (1, 4, 156, 283, 0, 0, 0, 35, 1, 1, 0, 226)
13 (1, 4, 215, 267, 0, 0, 17, 87, 1, 1, 0, 214)
14 (1, 4, 136, 281, 0, 0, 89, 102, 0, 0, 0, 150)
15 (1, 4, 0, 420, 0, 0, 141, 136, 1, 1, 0, 132)
16 (1, 4, 193, 25, 0, 0, 211, 261, 1, 1, 0, 33)
17 (1, 4, 0, 0, 639, 0, 338, 275, 0, 0, 0, 5)
18 (1, 4, 0, 0, 873, 0, 142, 79, 0, 0, 0, 236)
19 (1, 4, 206, 0, 873, 0, 46, 26, 1, 2, 0, 149)
20 (1, 4, 0, 287, 614, 0, 0, 0, 0, 0, 0, 133)
21 (1, 4, 88, 0, 0, 0, 0, 0, 0, 0, 0, 103)
22 (1, 4, 21, 80, 0, 0, 0, 33, 0, 0, 0, 52)
23 (1, 4, 35, 98, 0, 0, 0, 57, 0, 0, 0, 192)
24 (1, 4, 81, 11, 0, 0, 0, 56, 0, 0, 0, 234)
25 (1, 4, 23, 113, 0, 0, 0, 64, 0, 0, 0, 100)
26 (1, 4, 4, 122, 0, 0, 5, 64, 0, 0, 0, 103)
27 (1, 4, 0, 104, 0, 0, 1, 65, 3, 2, 0, 31)
28 (1, 4, 15, 146, 0, 0, 11, 82, 0, 1, 0, 39)
29 (1, 4, 0, 156, 73, 0, 0, 101, 0, 0, 0, 234)
30 (1, 4, 0, 87, 152, 0, 0, 111, 1, 0, 0, 211)
31 (1, 4, 0, 23, 189, 0, 0, 92, 0, 0, 0, 18)
0 (1, 4, 0, 148, 0, 0, 0, 69, 0, 0, 0, 43)
1 (1, 4, 191, 0, 0, 0, 0, 55, 0, 0, 0, 119)
2 (1, 4, 86, 0, 0, 0, 8, 30, 0, 0, 0, 7)
3 (1, 4, 106, 18, 0, 0, 19, 31, 0, 0, 0, 116)
4 (1, 4, 0, 61, 0, 0, 28, 59, 0, 0, 0, 88)
5 (1, 4, 0, 30, 0, 0, 73, 104, 0, 0, 0, 183)
6 (1, 4, 34, 1, 305, 0, 182, 237, 0, 0, 0, 219)
7 (1, 4, 0, 0, 867, 0, 250, 237, 1, 2, 0, 40)
8 (1, 4, 107, 0, 873, 0, 155, 34, 1, 1, 0, 114)
9 (1, 4, 0, 10, 873, 0, 0, 12, 0, 0, 0, 245)
10 (1, 4, 0, 0, 51, 0, 0, 0, 0, 0, 0, 68)
11 (1, 4, 12, 12, 0, 0, 0, 0, 0, 0, 0, 95)
12 (1, 4, 74, 187, 0, 0, 0, 59, 0, 0, 0, 172)
13 (1, 4, 70, 132, 0, 0, 0, 70, 0, 0, 0, 129)
14 (1, 4, 57, 203, 0, 0, 35, 91, 1, 1, 0, 91)
15 (1, 4, 0, 220, 0, 0, 69, 101, 1, 1, 0, 51)
16 (1, 4, 0, 194, 0, 0, 133, 184, 0, 0, 0, 45)
17 (1, 4, 0, 0, 47, 52, 296, 293, 1, 1, 0, 79)
18 (1, 4, 0, 0, 842, 0, 313, 264, 1, 1, 0, 24)
19 (1, 4, 170, 0, 873, 0, 149, 55, 1, 1, 0, 73)
20 (1, 4, 0, 0, 777, 0, 0, 0, 0, 0, 0, 177)
21 (1, 4, 0, 0, 186, 0, 0, 0, 0, 0, 0, 157)
22 (1, 4, 0, 6, 0, 0, 0, 13, 0, 0, 0, 137)
23 (1, 4, 49, 0, 0, 0, 0, 46, 0, 0, 0, 208)
24 (1, 4, 67, 13, 0, 0, 0, 57, 0, 0, 0, 126)
25 (1, 4, 70, 6, 0, 0, 0, 54, 0, 1, 0, 177)
26 (1, 4, 105, 47, 0, 0, 0, 51, 0, 0, 0, 41)
27 (1, 4, 131, 128, 0, 0, 1, 54, 0, 0, 0, 191)
28 (1, 4, 69, 201, 0, 0, 8, 91, 0, 0, 0, 158)
29 (1, 4, 90, 149, 0, 0, 10, 119, 0, 0, 0, 99)
0 (1, 4, 129, 208, 0, 0, 0, 24, 1, 1, 0, 182)
1 (1, 4, 284, 68, 0, 0, 0, 31, 0, 0, 0, 167)
2 (1, 4, 128, 86, 0, 0, 41, 21, 0, 0, 0, 242)
3 (1, 4, 103, 129, 0, 0, 13, 41, 0, 0, 0, 97)
4 (1, 4, 21, 129, 0, 0, 44, 49, 0, 0, 0, 158)
5 (1, 4, 0, 153, 0, 0, 46, 103, 0, 0, 0, 50)
6 (1, 4, 82, 0, 227, 0, 154, 243, 1, 1, 0, 20)
7 (1, 4, 0, 0, 873, 0, 321, 397, 1, 1, 0, 46)
8 (1, 4, 0, 0, 873, 0, 176, 73, 1, 2, 0, 204)
9 (1, 4, 0, 0, 873, 0, 0, 0, 1, 1, 0, 189)
10 (1, 4, 0, 0, 22, 0, 0, 0, 1, 1, 0, 121)
11 (1, 4, 86, 161, 0, 0, 0, 0, 1, 1, 0, 76)
12 (1, 4, 182, 300, 0, 0, 0, 2, 1, 1, 0, 150)
13 (1, 4, 152, 455, 0, 0, 0, 82, 1, 1, 0, 184)
14 (1, 4, 186, 370, 0, 0, 138, 95, 1, 1, 0, 233)
15 (1, 4, 119, 411, 0, 0, 278, 210, 1, 1, 0, 63)
16 (1, 4, 0, 0, 510, 11, 432, 368, 1, 1, 0, 4)
17 (1, 4, 0, 0, 873, 0, 365, 153, 1, 1, 0, 142)
18 (1, 4, 0, 0, 873, 0, 41, 0, 1, 1, 0, 8)
19 (1, 4, 0, 0, 423, 0, 0, 0, 1, 1, 0, 192)
20 (1, 4, 6, 11, 0, 0, 0, 0, 1, 1, 0, 56)
21 (1, 4, 55, 71, 0, 0, 0, 54, 0, 0, 0, 76)
22 (1, 4, 132, 64, 0, 0, 0, 68, 0, 0, 0, 224)
23 (1, 4, 130, 73, 0, 0, 36, 50, 0, 0, 0, 215)
24 (1, 4, 107, 156, 0, 0, 28, 31, 0, 0, 0, 214)
25 (1, 4, 103, 184, 0, 0, 24, 10, 0, 0, 0, 28)
26 (1, 4, 8, 348, 105, 0, 0, 98, 0, 0, 0, 16)
27 (1, 4, 101, 0, 102, 0, 0, 126, 0, 0, 0, 99)
28 (1, 4, 0, 0, 15, 0, 0, 104, 0, 0, 0, 41)
29 (1, 4, 44, 0, 34, 0, 0, 73, 0, 0, 0, 80)
30 (1, 4, 0, 4, 0, 0, 0, 99, 0, 0, 0, 38)
31 (1, 4, 0, 0, 0, 0, 0, 75, 0, 0, 0, 183)
0 (1, 4, 41, 43, 0, 0, 11, 48, 1, 1, 0, 95)
1 (1, 4, 104, 0, 0, 0, 22, 54, 1, 1, 0, 99)
2 (1, 4, 2, 57, 0, 0, 12, 46, 1, 1, 0, 107)
3 (1, 4, 20, 19, 0, 12, 0, 62, 0, 0, 0, 207)
4 (1, 4, 25, 0, 0, 14, 0, 78, 0, 0, 0, 57)
5 (1, 4, 66, 0, 25, 0, 50, 160, 1, 1, 0, 228)
6 (1, 4, 0, 0, 360, 0, 234, 325, 1, 1, 0, 69)
7 (1, 4, 128, 0, 873, 0, 267, 214, 1, 1, 0, 33)
8 (1, 4, 67, 0, 873, 0, 43, 27, 1, 1, 0, 62)
9 (1, 4, 0, 0, 671, 0, 0, 0, 1, 2, 0, 167)
10 (1, 4, 0, 0, 0, 0, 0, 0, 1, 1, 0, 119)
11 (1, 4, 149, 200, 0, 0, 0, 0, 1, 1, 0, 133)
12 (1, 4, 161, 222, 0, 0, 0, 56, 1, 0, 0, 191)
13 (1, 4, 46, 365, 0, 0, 74, 107, 0, 1, 0, 191)
14 (1, 4, 71, 318, 0, 0, 162, 121, 1, 1, 0, 95)
15 (1, 4, 41, 297, 0, 0, 261, 253, 0, 0, 0, 146)
16 (1, 4, 0, 0, 739, 0, 311, 273, 1, 1, 0, 84)
17 (1, 4, 0, 0, 873, 0, 177, 40, 1, 1, 0, 51)
18 (1, 4, 0, 0, 873, 0, 0, 0, 1, 1, 0, 189)
19 (1, 4, 0, 0, 233, 0, 0, 0, 0, 1, 0, 201)
20 (1, 4, 10, 0, 0, 0, 0, 0, 1, 1, 0, 27)
21 (1, 4, 0, 62, 0, 0, 0, 29, 0, 0, 0, 74)
22 (1, 4, 87, 36, 0, 0, 0, 36, 0, 0, 0, 241)
23 (1, 4, 86, 81, 0, 0, 2, 52, 0, 0, 0, 145)
24 (1, 4, 87, 106, 0, 0, 0, 68, 0, 0, 0, 146)
25 (1, 4, 91, 127, 22, 0, 0, 89, 0, 0, 0, 73)
26 (1, 4, 103, 71, 57, 0, 0, 109, 0, 0, 0, 150)
27 (1, 4, 0, 79, 13, 0, 0, 92, 0, 0, 0, 51)
28 (1, 4, 125, 99, 14, 0, 0, 60, 0, 0, 0, 47)
29 (1, 4, 0, 22, 0, 0, 0, 125, 0, 0, 0, 223)
30 (1, 4, 34, 0, 0, 0, 0, 34, 0, 0, 0, 189)
31 (1, 4, 0, 55, 5, 0, 0, 52, 0, 0, 0, 18)
0 (1, 4, 7, 0, 0, 0, 26, 99, 0, 0, 0, 96)
1 (1, 4, 8, 0, 198, 2, 99, 170, 0, 0, 0, 175)
2 (1, 4, 0, 0, 823, 0, 267, 275, 0, 0, 0, 56)
3 (1, 4, 0, 0, 873, 0, 206, 107, 1, 1, 0, 43)
4 (1, 4, 0, 0, 873, 0, 22, 0, 1, 1, 0, 41)
5 (1, 4, 0, 120, 318, 0, 0, 0, 1, 1, 0, 245)
6 (1, 4, 53, 0, 0, 0, 0, 0, 1, 1, 0, 102)
7 (1, 4, 84, 163, 0, 0, 0, 0, 0, 0, 0, 52)
8 (1, 4, 148, 169, 0, 0, 0, 40, 0, 0, 0, 61)
9 (1, 4, 136, 157, 0, 0, 14, 70, 0, 0, 0, 254)
10 (1, 4, 133, 145, 0, 0, 104, 124, 0, 0, 0, 246)
11 (1, 4, 0, 279, 0, 0, 155, 166, 0, 0, 0, 228)
12 (1, 4, 0, 3, 0, 72, 244, 223, 0, 0, 0, 43)
13 (1, 4, 0, 0, 618, 2, 251, 194, 0, 0, 0, 246)
14 (1, 4, 0, 0, 873, 0, 182, 77, 0, 0, 0, 28)
15 (1, 4, 0, 0, 873, 0, 60, 14, 0, 0, 0, 56)
16 (1, 4, 0, 0, 383, 0, 0, 0, 1, 1, 0, 9)
17 (1, 4, 0, 0, 0, 0, 0, 0, 0, 1, 0, 21)
18 (1, 4, 47, 0, 0, 0, 0, 24, 0, 0, 0, 218)
19 (1, 4, 3, 10, 0, 0, 0, 24, 0, 0, 0, 139)
20 (1, 4, 26, 59, 0, 0, 0, 15, 0, 0, 0, 195)
21 (1, 4, 120, 117, 0, 0, 0, 43, 0, 0, 0, 194)
22 (1, 4, 150, 105, 0, 0, 0, 74, 0, 0, 0, 254)
23 (1, 4, 57, 48, 0, 0, 0, 94, 0, 0, 0, 52)
24 (1, 4, 63, 89, 10, 0, 0, 96, 0, 0, 0, 144)
25 (1, 4, 38, 145, 80, 0, 0, 106, 0, 0, 0, 123)
26 (1, 4, 0, 69, 12, 0, 0, 106, 0, 0, 0, 199)
27 (1, 4, 0, 0, 0, 0, 0, 117, 0, 0, 0, 227)
28 (1, 4, 0, 9, 0, 0, 0, 46, 0, 0, 0, 255)
29 (1, 4, 68, 57, 86, 0, 0, 42, 0, 0, 0, 109)
0 (1, 4, 0, 11, 0, 0, 0, 62, 0, 0, 0, 65)
1 (1, 4, 18, 24, 0, 0, 0, 69, 0, 0, 0, 191)
2 (1, 4, 61, 103, 0, 0, 0, 42, 1, 0, 0, 204)
3 (1, 4, 11, 155, 0, 0, 0, 58, 0, 0, 0, 54)
4 (1, 4, 146, 157, 0, 0, 0, 47, 0, 0, 0, 115)
5 (1, 4, 118, 118, 0, 0, 0, 45, 0, 0, 0, 130)
6 (1, 4, 114, 21, 0, 0, 1, 43, 0, 0, 0, 150)
7 (1, 4, 57, 0, 0, 0, 15, 47, 0, 0, 0, 214)
8 (1, 4, 0, 0, 0, 0, 5, 38, 0, 0, 0, 137)
9 (1, 4, 25, 36, 0, 11, 8, 49, 0, 0, 0, 77)
10 (1, 4, 121, 23, 0, 0, 62, 126, 0, 0, 0, 132)
11 (1, 4, 108, 0, 310, 0, 119, 198, 0, 0, 0, 44)
12 (1, 4, 112, 0, 668, 0, 194, 238, 0, 0, 0, 146)
13 (1, 4, 201, 0, 873, 0, 127, 78, 0, 0, 0, 14)
14 (1, 4, 157, 0, 873, 0, 0, 71, 0, 0, 0, 81)
15 (1, 4, 0, 126, 233, 0, 0, 0, 1, 0, 0, 228)
16 (1, 4, 101, 51, 0, 0, 0, 9, 0, 0, 0, 72)
17 (1, 4, 51, 166, 0, 0, 0, 50, 0, 0, 0, 244)
18 (1, 4, 43, 191, 0, 0, 0, 62, 0, 0, 0, 156)
19 (1, 4, 0, 250, 0, 0, 26, 79, 0, 0, 0, 139)
20 (1, 4, 0, 286, 0, 0, 65, 105, 0, 0, 0, 76)
21 (1, 4, 8, 181, 0, 0, 95, 141, 0, 0, 0, 63)
22 (1, 4, 0, 102, 10, 40, 170, 210, 0, 0, 0, 165)
23 (1, 4, 0, 0, 543, 0, 197, 221, 0, 0, 0, 10)
24 (1, 4, 85, 0, 873, 0, 138, 92, 0, 0, 0, 229)
25 (1, 4, 0, 0, 873, 0, 0, 37, 1, 2, 0, 11)
26 (1, 4, 0, 2, 547, 0, 0, 0, 0, 1, 0, 135)
27 (1, 4, 0, 0, 116, 0, 0, 0, 1, 1, 0, 83)
28 (1, 4, 0, 77, 0, 0, 0, 12, 1, 0, 0, 220)
29 (1, 4, 0, 102, 0, 0, 0, 44, 0, 0, 0, 182)
30 (1, 4, 39, 139, 0, 0, 0, 57, 0, 0, 0, 190)
0 (1, 4, 74, 10, 29, 0, 0, 52, 0, 0, 0, 75)
1 (1, 4, 196, 0, 12, 0, 0, 65, 0, 0, 0, 162)
2 (1, 4, 343, 0, 0, 0, 0, 48, 0, 0, 0, 77)
3 (1, 4, 0, 98, 0, 0, 0, 74, 1, 1, 0, 77)
4 (1, 4, 57, 28, 0, 0, 0, 54, 0, 1, 0, 250)
5 (1, 4, 157, 0, 0, 0, 0, 38, 1, 1, 0, 169)
6 (1, 4, 73, 56, 0, 0, 0, 32, 0, 0, 0, 56)
7 (1, 4, 93, 55, 0, 0, 0, 41, 0, 0, 0, 100)
8 (1, 4, 173, 9, 0, 0, 0, 59, 0, 0, 0, 18)
9 (1, 4, 79, 1, 0, 3, 24, 66, 0, 0, 0, 129)
10 (1, 4, 14, 1, 0, 14, 0, 87, 0, 0, 0, 160)
11 (1, 4, 3, 0, 0, 19, 7, 82, 0, 0, 0, 253)
12 (1, 4, 0, 0, 5, 13, 29, 102, 0, 0, 0, 217)
13 (1, 4, 26, 0, 170, 10, 104, 161, 0, 0, 0, 138)
14 (1, 4, 0, 0, 533, 0, 271, 195, 0, 0, 0, 98)
15 (1, 4, 0, 0, 873, 0, 20, 96, 2, 2, 0, 36)
16 (1, 4, 0, 5, 689, 0, 0, 0, 0, 0, 0, 79)
17 (1, 4, 0, 0, 158, 0, 0, 0, 0, 0, 0, 61)
18 (1, 4, 110, 42, 0, 0, 0, 0, 0, 0, 0, 120)
19 (1, 4, 335, 33, 0, 0, 0, 14, 0, 0, 0, 254)
20 (1, 4, 10, 55, 0, 0, 21, 24, 0, 0, 0, 149)
21 (1, 4, 21, 363, 0, 0, 77, 98, 0, 0, 0, 123)
22 (1, 4, 21, 306, 0, 0, 154, 141, 0, 0, 0, 203)
23 (1, 4, 0, 180, 0, 14, 231, 247, 0, 0, 0, 89)
24 (1, 4, 0, 0, 502, 0, 211, 211, 0, 0, 0, 131)
25 (1, 4, 0, 0, 873, 0, 116, 81, 0, 0, 0, 140)
26 (1, 4, 106, 0, 873, 0, 0, 56, 0, 1, 0, 101)
27 (1, 4, 0, 0, 461, 0, 0, 34, 1, 1, 0, 78)
28 (1, 4, 0, 0, 68, 0, 0, 21, 0, 0, 0, 162)
29 (1, 4, 0, 0, 0, 0, 0, 14, 0, 0, 0, 88)
30 (1, 4, 0, 28, 0, 0, 0, 20, 0, 0, 0, 208)
31 (1, 4, 0, 108, 0, 0, 0, 28, 0, 0, 0, 26)
0 (1, 4, 5, 256, 0, 0, 0, 4, 1, 1, 0, 209)
1 (1, 4, 332, 65, 0, 0, 0, 0, 1, 1, 0, 130)
2 (1, 4, 349, 39, 0, 0, 0, 8, 1, 1, 0, 112)
3 (1, 4, 283, 0, 0, 0, 28, 30, 0, 0, 0, 172)
4 (1, 4, 168, 6, 0, 0, 31, 51, 0, 0, 0, 83)
5 (1, 4, 56, 33, 0, 0, 7, 78, 0, 0, 0, 85)
6 (1, 4, 62, 38, 0, 0, 0, 73, 0, 0, 0, 8)
7 (1, 4, 2, 30, 0, 0, 1, 72, 0, 0, 0, 209)
8 (1, 4, 74, 0, 82, 0, 49, 130, 0, 0, 0, 242)
9 (1, 4, 0, 0, 411, 0, 162, 237, 0, 0, 0, 79)
10 (1, 4, 0, 0, 810, 0, 144, 181, 1, 1, 0, 30)
11 (1, 4, 110, 0, 873, 0, 24, 14, 0, 0, 0, 204)
12 (1, 4, 0, 302, 825, 0, 0, 6, 1, 1, 0, 214)
13 (1, 4, 0, 0, 0, 0, 0, 0, 1, 1, 0, 119)
14 (1, 4, 37, 38, 0, 0, 0, 0, 1, 1, 0, 243)
15 (1, 4, 53, 200, 0, 0, 0, 28, 1, 1, 0, 27)
16 (1, 4, 30, 76, 0, 0, 53, 53, 0, 0, 0, 234)
17 (1, 4, 0, 397, 0, 0, 112, 156, 0, 0, 0, 18)
18 (1, 4, 0, 228, 0, 0, 148, 188, 0, 0, 0, 209)
19 (1, 4, 0, 0, 134, 45, 224, 237, 0, 0, 0, 129)
20 (1, 4, 0, 0, 696, 0, 149, 184, 0, 0, 0, 49)
21 (1, 4, 11, 0, 873, 0, 71, 52, 0, 0, 0, 163)
22 (1, 4, 26, 0, 873, 0, 0, 70, 1, 1, 0, 184)
23 (1, 4, 0, 0, 268, 0, 0, 19, 0, 1, 0, 31)
24 (1, 4, 0, 0, 0, 0, 0, 0, 0, 0, 0, 126)
25 (1, 4, 0, 29, 0, 0, 0, 0, 0, 0, 0, 195)
26 (1, 4, 0, 119, 0, 0, 0, 8, 0, 0, 0, 182)
27 (1, 4, 94, 127, 0, 0, 0, 22, 0, 0, 0, 205)
28 (1, 4, 100, 211, 0, 0, 0, 46, 0, 0, 0, 180)
29 (1, 4, 57, 204, 69, 0, 0, 86, 0, 0, 0, 167)
30 (1, 4, 36, 75, 0, 0, 0, 98, 0, 0, 0, 52)
31 (1, 4, 0, 0, 0, 0, 0, 109, 0, 0, 0, 218)
0 (1, 4, 244, 219, 0, 0, 0, 24, 1, 2, 0, 248)
1 (1, 4, 187, 135, 0, 0, 6, 27, 0, 0, 0, 99)
2 (1, 4, 8, 166, 0, 0, 15, 43, 0, 0, 0, 254)
3 (1, 4, 103, 100, 0, 0, 0, 73, 0, 0, 0, 241)
4 (1, 4, 129, 30, 0, 11, 14, 68, 0, 0, 0, 57)
5 (1, 4, 117, 0, 9, 0, 10, 108, 0, 0, 0, 134)
6 (1, 4, 233, 0, 254, 0, 71, 164, 2, 1, 0, 158)
7 (1, 4, 143, 0, 682, 0, 194, 216, 1, 2, 0, 137)
8 (1, 4, 80, 0, 873, 0, 118, 127, 2, 2, 0, 130)
9 (1, 4, 116, 0, 873, 0, 0, 56, 1, 1, 0, 179)
10 (1, 4, 0, 156, 364, 0, 0, 18, 0, 0, 0, 167)
11 (1, 4, 0, 0, 0, 0, 0, 0, 0, 0, 0, 126)
12 (1, 4, 0, 184, 0, 0, 0, 23, 2, 1, 0, 0)
13 (1, 4, 1, 213, 0, 0, 0, 51, 0, 1, 0, 131)
14 (1, 4, 21, 240, 0, 0, 10, 72, 0, 1, 0, 126)
15 (1, 4, 0, 323, 0, 0, 46, 110, 0, 0, 0, 223)
16 (1, 4, 42, 100, 0, 0, 106, 162, 0, 0, 0, 248)
17 (1, 4, 0, 0, 179, 71, 197, 228, 0, 0, 0, 146)
18 (1, 4, 31, 0, 714, 0, 143, 155, 0, 0, 0, 175)
19 (1, 4, 15, 0, 873, 0, 57, 66, 0, 0, 0, 34)
20 (1, 4, 0, 0, 704, 0, 0, 62, 0, 1, 0, 241)
21 (1, 4, 0, 29, 371, 0, 0, 8, 2, 2, 0, 167)
22 (1, 4, 0, 0, 34, 0, 0, 9, 1, 1, 0, 147)
23 (1, 4, 0, 31, 0, 0, 0, 24, 1, 1, 0, 158)
24 (1, 4, 0, 92, 0, 0, 0, 34, 1, 1, 0, 228)
25 (1, 4, 11, 117, 0, 0, 0, 33, 0, 0, 0, 45)
26 (1, 4, 37, 198, 0, 0, 0, 42, 0, 0, 0, 72)
27 (1, 4, 78, 177, 19, 0, 0, 61, 0, 0, 0, 66)
28 (1, 4, 22, 216, 0, 0, 0, 67, 0, 0, 0, 201)
29 (1, 4, 135, 105, 0, 0, 0, 101, 0, 0, 0, 72)
30 (1, 4, 70, 0, 0, 0, 0, 80, 0, 0, 0, 69)
31 (1, 4, 0, 79, 10, 0, 0, 71, 0, 0, 0, 137)
0 (1, 4, 61, 139, 0, 0, 21, 74, 0, 0, 0, 124)
1 (1, 4, 84, 39, 59, 0, 38, 152, 0, 0, 0, 198)
2 (1, 4, 29, 0, 344, 0, 184, 248, 0, 0, 0, 151)
3 (1, 4, 0, 0, 770, 0, 140, 148, 0, 0, 0, 140)
4 (1, 4, 165, 0, 873, 0, 18, 5, 0, 0, 0, 141)
5 (1, 4, 0, 244, 689, 0, 0, 0, 2, 2, 0, 201)
6 (1, 4, 0, 0, 0, 0, 0, 0, 2, 2, 0, 108)
7 (1, 4, 22, 52, 0, 0, 0, 0, 1, 1, 0, 202)
8 (1, 4, 19, 145, 0, 0, 0, 34, 0, 0, 0, 65)
9 (1, 4, 65, 184, 0, 0, 0, 58, 2, 1, 0, 102)
10 (1, 4, 0, 289, 0, 0, 38, 89, 1, 1, 0, 90)
11 (1, 4, 0, 326, 0, 0, 44, 137, 0, 0, 0, 63)
12 (1, 4, 0, 121, 0, 0, 107, 195, 0, 0, 0, 172)
13 (1, 4, 0, 0, 401, 3, 212, 251, 0, 0, 0, 97)
14 (1, 4, 0, 0, 803, 0, 125, 147, 0, 0, 0, 42)
15 (1, 4, 0, 0, 873, 0, 44, 13, 0, 0, 0, 219)
16 (1, 4, 0, 0, 443, 0, 0, 0, 1, 1, 0, 93)
17 (1, 4, 0, 0, 0, 0, 0, 0, 0, 0, 0, 126)
18 (1, 4, 0, 2, 0, 0, 0, 23, 0, 0, 0, 211)
19 (1, 4, 5, 13, 0, 0, 0, 36, 0, 0, 0, 64)
20 (1, 4, 61, 17, 0, 0, 0, 35, 0, 0, 0, 12)
21 (1, 4, 70, 77, 0, 0, 0, 33, 0, 0, 0, 242)
22 (1, 4, 47, 169, 31, 0, 0, 46, 0, 0, 0, 135)
23 (1, 4, 3, 270, 0, 0, 0, 51, 0, 0, 0, 153)
24 (1, 4, 37, 137, 0, 0, 0, 108, 0, 0, 0, 243)
25 (1, 4, 66, 0, 0, 0, 0, 85, 0, 0, 0, 215)
26 (1, 4, 38, 33, 0, 0, 0, 85, 0, 0, 0, 214)
27 (1, 4, 73, 0, 0, 0, 0, 55, 0, 0, 0, 232)
28 (1, 4, 97, 72, 79, 0, 0, 55, 0, 0, 0, 205)
29 (1, 4, 0, 0, 45, 0, 0, 89, 0, 0, 0, 85)
30 (1, 4, 0, 0, 0, 0, 0, 65, 1, 0, 0, 134)
31 (1, 4, 0, 22, 0, 0, 0, 51, 0, 0, 0, 188)
0 (1, 4, 164, 0, 0, 0, 0, 43, 3, 3, 0, 162)
1 (1, 4, 181, 0, 0, 0, 13, 41, 1, 1, 0, 188)
2 (1, 4, 44, 58, 0, 2, 5, 51, 0, 0, 0, 60)
3 (1, 4, 75, 48, 0, 0, 0, 71, 0, 0, 0, 96)
4 (1, 4, 124, 0, 0, 0, 61, 139, 0, 0, 0, 77)
5 (1, 4, 96, 0, 380, 4, 142, 183, 0, 0, 0, 134)
6 (1, 4, 0, 0, 873, 0, 245, 178, 0, 0, 0, 201)
7 (1, 4, 6, 0, 873, 0, 101, 63, 0, 1, 0, 253)
8 (1, 4, 21, 18, 873, 0, 0, 13, 2, 1, 0, 129)
9 (1, 4, 0, 182, 93, 0, 0, 0, 1, 1, 0, 144)
10 (1, 4, 88, 0, 0, 0, 0, 0, 1, 1, 0, 110)
11 (1, 4, 11, 206, 0, 0, 0, 35, 0, 0, 0, 93)
12 (1, 4, 107, 160, 0, 0, 0, 42, 0, 0, 0, 99)
13 (1, 4, 145, 239, 0, 0, 46, 77, 1, 1, 0, 165)
14 (1, 4, 0, 376, 0, 0, 87, 151, 1, 1, 0, 188)
15 (1, 4, 0, 185, 0, 0, 73, 174, 1, 1, 0, 124)
16 (1, 4, 0, 0, 313, 49, 174, 237, 1, 1, 0, 69)
17 (1, 4, 0, 0, 750, 0, 155, 197, 0, 1, 0, 8)
18 (1, 4, 0, 0, 873, 0, 102, 73, 0, 0, 0, 194)
19 (1, 4, 0, 0, 756, 0, 0, 0, 0, 0, 0, 17)
20 (1, 4, 0, 0, 162, 0, 0, 0, 1, 1, 0, 87)
21 (1, 4, 0, 7, 0, 0, 0, 0, 1, 1, 0, 117)
22 (1, 4, 0, 46, 0, 0, 0, 7, 0, 1, 0, 192)
23 (1, 4, 0, 76, 0, 0, 0, 20, 2, 2, 0, 32)
24 (1, 4, 101, 87, 0, 0, 0, 32, 1, 1, 0, 78)
25 (1, 4, 58, 120, 0, 0, 0, 30, 0, 0, 0, 83)
26 (1, 4, 130, 191, 0, 0, 0, 40, 0, 0, 0, 47)
27 (1, 4, 6, 236, 0, 0, 0, 78, 0, 0, 0, 16)
28 (1, 4, 65, 162, 62, 0, 0, 82, 0, 0, 0, 52)
29 (1, 4, 59, 125, 43, 0, 0, 93, 0, 0, 0, 232)
30 (1, 4, 155, 0, 31, 0, 0, 68, 0, 0, 0, 255)
31 (1, 4, 25, 12, 4, 0, 0, 70, 0, 0, 0, 94)
0 (1, 4, 91, 43, 0, 0, 14, 56, 0, 0, 0, 148)
1 (1, 4, 93, 0, 0, 0, 0, 72, 0, 0, 0, 254)
2 (1, 4, 304, 0, 0, 0, 14, 75, 0, 0, 0, 66)
3 (1, 4, 151, 14, 6, 0, 91, 128, 0, 0, 0, 139)
4 (1, 4, 150, 0, 614, 0, 190, 280, 0, 0, 0, 29)
5 (1, 4, 0, 0, 873, 0, 154, 147, 0, 0, 0, 9)
6 (1, 4, 0, 0, 873, 0, 0, 22, 1, 1, 0, 162)
7 (1, 4, 0, 32, 845, 0, 0, 0, 0, 1, 0, 189)
8 (1, 4, 0, 0, 0, 0, 0, 0, 0, 0, 0, 126)
9 (1, 4, 219, 0, 0, 0, 0, 0, 0, 0, 0, 96)
10 (1, 4, 69, 251, 0, 0, 0, 28, 0, 0, 0, 199)
11 (1, 4, 165, 124, 0, 0, 1, 59, 1, 1, 0, 93)
12 (1, 4, 0, 308, 0, 0, 49, 91, 0, 0, 0, 9)
13 (1, 4, 0, 391, 0, 0, 43, 133, 0, 0, 0, 255)
14 (1, 4, 208, 212, 0, 0, 132, 220, 0, 0, 0, 111)
15 (1, 4, 0, 0, 299, 29, 256, 239, 0, 0, 0, 50)
16 (1, 4, 0, 0, 873, 0, 117, 95, 0, 0, 0, 211)
17 (1, 4, 0, 0, 775, 0, 0, 60, 1, 1, 0, 152)
18 (1, 4, 0, 0, 500, 0, 0, 0, 1, 1, 0, 255)
19 (1, 4, 0, 0, 83, 0, 0, 0, 2, 2, 0, 83)
20 (1, 4, 31, 0, 0, 0, 0, 10, 2, 2, 0, 133)
21 (1, 4, 0, 105, 0, 0, 0, 30, 2, 2, 0, 222)
22 (1, 4, 0, 162, 23, 0, 0, 35, 1, 1, 0, 132)
23 (1, 4, 83, 144, 26, 0, 0, 35, 1, 1, 0, 71)
24 (1, 4, 27, 263, 33, 0, 0, 35, 2, 1, 0, 25)
25 (1, 4, 68, 224, 159, 0, 0, 65, 0, 0, 0, 194)
26 (1, 4, 76, 83, 62, 0, 0, 61, 0, 1, 0, 144)
27 (1, 4, 24, 71, 22, 0, 0, 61, 0, 0, 0, 83)
28 (1, 4, 90, 0, 0, 0, 0, 81, 0, 0, 0, 50)
29 (1, 4, 40, 5, 0, 0, 0, 76, 0, 0, 0, 124)
30 (1, 4, 18, 0, 0, 0, 0, 85, 0, 0, 0, 190)
31 (1, 4, 0, 0, 0, 0, 0, 89, 0, 0, 0, 221)

