0 (1, 4, 6, 9, 0, 0, 0, 86, 0, 0, 0, 6)
1 (1, 4, 17, 0, 21, 0, 8, 146, 0, 0, 0, 4)
2 (1, 4, 0, 0, 546, 0, 228, 347, 0, 0, 0, 230)
3 (1, 4, 0, 0, 873, 0, 126, 130, 0, 0, 0, 197)
4 (1, 4, 0, 0, 873, 0, 0, 0, 1, 0, 0, 214)
5 (1, 4, 0, 0, 277, 0, 0, 0, 0, 0, 0, 150)
6 (1, 4, 0, 28, 0, 0, 0, 0, 0, 0, 0, 118)
7 (1, 4, 15, 279, 0, 0, 0, 20, 0, 0, 0, 4)
8 (1, 4, 41, 326, 0, 0, 3, 46, 0, 0, 0, 26)
9 (1, 4, 0, 541, 0, 0, 44, 114, 0, 0, 0, 175)
10 (1, 4, 125, 286, 0, 0, 78, 187, 0, 0, 0, 168)
11 (1, 4, 0, 138, 174, 0, 205, 322, 0, 0, 0, 195)
12 (1, 4, 0, 0, 818, 0, 241, 292, 0, 0, 0, 21)
13 (1, 4, 0, 0, 873, 0, 41, 10, 1, 1, 0, 91)
14 (1, 4, 0, 0, 750, 0, 0, 0, 1, 1, 0, 244)
15 (1, 4, 76, 0, 0, 0, 0, 0, 0, 1, 0, 212)
16 (1, 4, 57, 109, 0, 0, 0, 64, 0, 1, 0, 148)
17 (1, 4, 48, 10, 0, 0, 0, 95, 0, 1, 0, 131)
18 (1, 4, 0, 0, 0, 0, 0, 75, 0, 0, 0, 183)
19 (1, 4, 0, 26, 0, 0, 0, 39, 1, 1, 0, 122)
20 (1, 4, 0, 152, 0, 1, 11, 24, 1, 1, 0, 200)
21 (1, 4, 48, 128, 0, 16, 7, 25, 1, 1, 0, 40)
22 (1, 4, 177, 221, 66, 0, 23, 37, 0, 0, 0, 79)
23 (1, 4, 213, 227, 293, 0, 16, 128, 0, 0, 0, 202)
24 (1, 4, 0, 86, 291, 0, 12, 127, 0, 0, 0, 223)
25 (1, 4, 0, 215, 323, 0, 0, 80, 0, 0, 0, 20)
26 (1, 4, 0, 259, 312, 0, 0, 82, 0, 0, 0, 12)
27 (1, 4, 0, 314, 236, 0, 0, 214, 0, 0, 0, 32)
28 (1, 4, 0, 0, 0, 0, 0, 51, 0, 0, 0, 106)
29 (1, 4, 13, 0, 0, 0, 16, 34, 0, 0, 0, 165)
30 (1, 4, 0, 87, 14, 0, 0, 36, 0, 0, 0, 135)
31 (1, 4, 0, 76, 93, 0, 0, 84, 0, 0, 0, 133)
0 (1, 4, 172, 60, 2, 0, 0, 42, 0, 0, 0, 243)
1 (1, 4, 155, 0, 29, 0, 0, 36, 0, 0, 0, 52)
2 (1, 4, 257, 79, 9, 0, 0, 16, 0, 0, 0, 187)
3 (1, 4, 289, 225, 0, 0, 0, 19, 0, 0, 0, 245)
4 (1, 4, 412, 44, 0, 0, 0, 17, 0, 0, 0, 102)
5 (1, 4, 529, 0, 0, 0, 0, 64, 0, 0, 0, 209)
6 (1, 4, 0, 0, 0, 0, 109, 28, 0, 0, 0, 126)
7 (1, 4, 189, 29, 0, 0, 44, 25, 0, 0, 0, 126)
8 (1, 4, 102, 77, 0, 3, 6, 33, 0, 0, 0, 5)
9 (1, 4, 79, 64, 0, 0, 0, 66, 0, 0, 0, 210)
10 (1, 4, 38, 12, 0, 0, 0, 79, 0, 0, 0, 72)
11 (1, 4, 52, 58, 0, 0, 0, 117, 0, 0, 0, 129)
12 (1, 4, 71, 0, 30, 0, 96, 221, 0, 0, 0, 36)
13 (1, 4, 29, 0, 690, 0, 289, 262, 0, 0, 0, 191)
14 (1, 4, 83, 0, 873, 0, 101, 44, 0, 0, 0, 124)
15 (1, 4, 54, 0, 873, 0, 0, 0, 0, 0, 0, 183)
16 (1, 4, 1, 42, 484, 0, 0, 15, 0, 0, 0, 98)
17 (1, 4, 0, 0, 0, 0, 0, 16, 1, 1, 0, 164)
18 (1, 4, 35, 123, 0, 0, 0, 48, 0, 1, 0, 249)
19 (1, 4, 0, 201, 0, 0, 0, 71, 1, 1, 0, 165)
20 (1, 4, 100, 224, 0, 0, 58, 102, 0, 0, 0, 219)
21 (1, 4, 0, 338, 0, 0, 117, 133, 0, 0, 0, 60)
22 (1, 4, 0, 199, 0, 40, 284, 254, 0, 0, 0, 192)
23 (1, 4, 0, 0, 651, 0, 264, 284, 0, 0, 0, 133)
24 (1, 4, 0, 0, 873, 0, 80, 47, 0, 0, 0, 115)
25 (1, 4, 0, 0, 844, 0, 0, 1, 0, 0, 0, 95)
26 (1, 4, 0, 0, 247, 0, 0, 0, 0, 0, 0, 16)
27 (1, 4, 41, 0, 0, 0, 0, 6, 0, 0, 0, 11)
28 (1, 4, 33, 0, 0, 0, 0, 43, 0, 0, 0, 154)
29 (1, 4, 0, 0, 0, 20, 0, 39, 0, 0, 0, 71)
30 (1, 4, 0, 54, 0, 28, 0, 19, 0, 0, 0, 172)
31 (1, 4, 0, 214, 13, 18, 19, 7, 0, 0, 0, 136)
0 (1, 4, 9, 11, 2, 0, 0, 32, 0, 0, 0, 229)
1 (1, 4, 30, 3, 0, 0, 0, 34, 0, 0, 0, 10)
2 (1, 4, 392, 0, 0, 0, 0, 0, 0, 0, 0, 25)
3 (1, 4, 106, 235, 0, 0, 0, 12, 0, 0, 0, 232)
4 (1, 4, 348, 64, 0, 0, 0, 32, 0, 0, 0, 127)
5 (1, 4, 253, 42, 0, 0, 13, 34, 0, 0, 0, 220)
6 (1, 4, 112, 90, 0, 0, 1, 54, 0, 0, 0, 43)
7 (1, 4, 170, 19, 0, 0, 0, 56, 0, 0, 0, 225)
8 (1, 4, 106, 28, 0, 0, 0, 59, 0, 0, 0, 170)
9 (1, 4, 114, 38, 0, 2, 0, 62, 0, 0, 0, 211)
10 (1, 4, 78, 31, 0, 0, 0, 85, 0, 0, 0, 79)
11 (1, 4, 187, 0, 14, 0, 54, 186, 0, 0, 0, 209)
12 (1, 4, 156, 0, 447, 0, 215, 213, 0, 0, 0, 194)
13 (1, 4, 13, 0, 798, 0, 146, 131, 0, 0, 0, 194)
14 (1, 4, 48, 0, 873, 0, 0, 7, 0, 0, 0, 128)
15 (1, 4, 0, 253, 717, 0, 0, 19, 0, 0, 0, 240)
16 (1, 4, 0, 12, 0, 0, 0, 0, 1, 2, 0, 163)
17 (1, 4, 29, 338, 0, 0, 0, 57, 0, 1, 0, 158)
18 (1, 4, 73, 374, 0, 0, 39, 113, 0, 0, 0, 118)
19 (1, 4, 110, 296, 0, 0, 86, 154, 0, 0, 0, 116)
20 (1, 4, 1, 273, 0, 15, 217, 233, 0, 0, 0, 172)
21 (1, 4, 0, 0, 611, 0, 261, 268, 0, 0, 0, 69)
22 (1, 4, 39, 0, 862, 0, 105, 69, 0, 0, 0, 125)
23 (1, 4, 0, 0, 753, 0, 0, 52, 0, 0, 0, 220)
24 (1, 4, 0, 0, 263, 0, 0, 9, 0, 0, 0, 243)
25 (1, 4, 0, 0, 0, 0, 0, 1, 0, 0, 0, 161)
26 (1, 4, 6, 4, 0, 33, 0, 27, 0, 0, 0, 41)
27 (1, 4, 0, 125, 0, 22, 0, 34, 0, 0, 0, 47)
28 (1, 4, 0, 200, 92, 5, 0, 28, 0, 0, 0, 6)
29 (1, 4, 0, 232, 167, 0, 0, 42, 0, 0, 0, 149)
30 (1, 4, 0, 244, 176, 0, 0, 50, 0, 0, 0, 62)
31 (1, 4, 0, 153, 115, 0, 0, 71, 0, 0, 0, 143)
0 (1, 4, 0, 0, 0, 0, 0, 51, 0, 0, 0, 106)
1 (1, 4, 0, 1, 0, 0, 0, 52, 0, 0, 0, 204)
2 (1, 4, 0, 0, 0, 0, 0, 52, 0, 0, 0, 121)
3 (1, 4, 0, 10, 0, 0, 0, 51, 0, 0, 0, 180)
4 (1, 4, 0, 0, 0, 0, 0, 52, 0, 0, 0, 121)
5 (1, 4, 1, 0, 0, 0, 0, 52, 0, 0, 0, 119)
6 (1, 4, 44, 0, 0, 0, 0, 72, 0, 0, 0, 94)
7 (1, 4, 366, 0, 0, 0, 0, 19, 0, 0, 0, 211)
8 (1, 4, 0, 298, 0, 0, 0, 61, 0, 0, 0, 181)
9 (1, 4, 234, 133, 0, 0, 0, 129, 0, 0, 0, 114)
10 (1, 4, 186, 0, 0, 0, 0, 108, 0, 0, 0, 91)
11 (1, 4, 58, 0, 0, 0, 11, 53, 0, 0, 0, 167)
12 (1, 4, 85, 0, 0, 0, 0, 21, 0, 0, 0, 88)
13 (1, 4, 30, 62, 0, 0, 0, 21, 0, 0, 0, 20)
14 (1, 4, 26, 94, 0, 0, 0, 45, 0, 0, 0, 245)
15 (1, 4, 0, 112, 0, 0, 0, 77, 0, 0, 0, 91)
16 (1, 4, 114, 48, 0, 0, 0, 95, 1, 1, 0, 9)
17 (1, 4, 218, 0, 76, 7, 10, 104, 0, 0, 0, 23)
18 (1, 4, 205, 0, 135, 0, 60, 188, 0, 0, 0, 125)
19 (1, 4, 109, 0, 402, 0, 175, 203, 0, 0, 0, 89)
20 (1, 4, 0, 0, 776, 0, 155, 172, 0, 0, 0, 106)
21 (1, 4, 0, 0, 833, 0, 0, 31, 0, 0, 0, 220)
22 (1, 4, 0, 144, 696, 0, 0, 0, 0, 0, 0, 104)
23 (1, 4, 0, 17, 0, 0, 0, 0, 0, 0, 0, 170)
24 (1, 4, 30, 349, 0, 0, 0, 11, 0, 0, 0, 157)
25 (1, 4, 91, 337, 0, 0, 54, 112, 0, 0, 0, 105)
26 (1, 4, 36, 314, 0, 0, 123, 169, 0, 0, 0, 223)
27 (1, 4, 0, 169, 0, 0, 160, 218, 0, 0, 0, 205)
28 (1, 4, 6, 0, 229, 29, 210, 218, 0, 0, 0, 30)
29 (1, 4, 25, 0, 652, 0, 143, 132, 0, 0, 0, 43)
30 (1, 4, 1, 0, 818, 0, 22, 52, 0, 0, 0, 170)
31 (1, 4, 0, 50, 650, 0, 0, 70, 0, 1, 0, 138)
0 (1, 4, 14, 8, 38, 0, 0, 35, 0, 0, 0, 209)
1 (1, 4, 46, 20, 8, 0, 0, 58, 0, 0, 0, 203)
2 (1, 4, 0, 0, 0, 0, 0, 49, 0, 0, 0, 211)
3 (1, 4, 156, 0, 0, 0, 0, 57, 0, 0, 0, 132)
4 (1, 4, 0, 71, 0, 0, 0, 11, 0, 0, 0, 115)
5 (1, 4, 138, 262, 0, 0, 0, 0, 0, 0, 0, 85)
6 (1, 4, 358, 374, 0, 0, 0, 36, 0, 0, 0, 176)
7 (1, 4, 329, 171, 0, 0, 2, 61, 0, 0, 0, 227)
8 (1, 4, 155, 118, 0, 0, 39, 72, 0, 0, 0, 180)
9 (1, 4, 48, 26, 0, 0, 38, 68, 0, 0, 0, 202)
10 (1, 4, 27, 0, 0, 0, 31, 73, 0, 0, 0, 160)
11 (1, 4, 263, 0, 149, 0, 46, 183, 0, 0, 0, 36)
12 (1, 4, 92, 0, 533, 0, 239, 303, 0, 0, 0, 171)
13 (1, 4, 0, 0, 844, 0, 116, 125, 0, 0, 0, 134)
14 (1, 4, 0, 0, 873, 0, 0, 0, 0, 0, 0, 180)
15 (1, 4, 0, 76, 575, 0, 0, 0, 0, 0, 0, 246)
16 (1, 4, 62, 9, 0, 0, 0, 0, 0, 0, 0, 11)
17 (1, 4, 52, 147, 0, 0, 0, 15, 0, 0, 0, 32)
18 (1, 4, 0, 292, 0, 0, 0, 73, 0, 0, 0, 243)
19 (1, 4, 147, 108, 0, 0, 25, 109, 0, 0, 0, 40)
20 (1, 4, 144, 352, 0, 0, 76, 195, 0, 0, 0, 190)
21 (1, 4, 0, 24, 0, 41, 235, 283, 0, 0, 0, 189)
22 (1, 4, 0, 0, 349, 0, 146, 203, 0, 0, 0, 209)
23 (1, 4, 0, 0, 626, 0, 45, 29, 0, 0, 0, 84)
24 (1, 4, 153, 11, 847, 0, 0, 1, 0, 0, 0, 4)
25 (1, 4, 0, 0, 0, 0, 0, 1, 0, 0, 0, 161)
26 (1, 4, 0, 0, 0, 0, 0, 0, 0, 0, 0, 126)
27 (1, 4, 0, 62, 0, 26, 0, 17, 0, 0, 0, 228)
28 (1, 4, 24, 146, 34, 26, 0, 17, 0, 0, 0, 15)
29 (1, 4, 31, 261, 116, 8, 2, 14, 0, 0, 0, 70)
30 (1, 4, 3, 234, 184, 0, 0, 56, 0, 0, 0, 166)
31 (1, 4, 10, 195, 214, 0, 0, 81, 0, 0, 0, 5)
0 (1, 4, 0, 0, 873, 0, 58, 0, 0, 0, 0, 15)
1 (1, 4, 0, 0, 873, 0, 0, 0, 1, 1, 0, 189)
2 (1, 4, 0, 111, 139, 0, 0, 0, 0, 0, 0, 120)
3 (1, 4, 63, 0, 0, 0, 0, 0, 0, 0, 0, 3)
4 (1, 4, 212, 139, 0, 0, 0, 37, 0, 0, 0, 91)
5 (1, 4, 151, 144, 0, 0, 13, 92, 0, 0, 0, 147)
6 (1, 4, 56, 219, 0, 0, 43, 96, 0, 0, 0, 2)
7 (1, 4, 80, 263, 0, 0, 108, 149, 0, 0, 0, 54)
8 (1, 4, 0, 157, 0, 28, 246, 240, 0, 0, 0, 187)
9 (1, 4, 0, 0, 591, 0, 181, 176, 0, 0, 0, 184)
10 (1, 4, 0, 0, 753, 0, 51, 52, 0, 0, 0, 223)
11 (1, 4, 0, 0, 740, 0, 0, 42, 0, 0, 0, 156)
12 (1, 4, 0, 45, 492, 0, 0, 45, 0, 0, 0, 202)
13 (1, 4, 0, 0, 0, 0, 0, 29, 0, 0, 0, 237)
14 (1, 4, 0, 0, 0, 0, 0, 22, 0, 0, 0, 97)
15 (1, 4, 0, 94, 0, 17, 0, 19, 0, 0, 0, 197)
16 (1, 4, 0, 199, 0, 0, 0, 36, 0, 0, 0, 42)
17 (1, 4, 0, 187, 46, 0, 0, 36, 0, 0, 0, 80)
18 (1, 4, 0, 294, 49, 0, 0, 39, 0, 0, 0, 73)
19 (1, 4, 0, 317, 75, 0, 0, 83, 0, 0, 0, 232)
20 (1, 4, 128, 45, 156, 0, 0, 93, 0, 0, 0, 207)
21 (1, 4, 0, 76, 59, 0, 0, 108, 0, 0, 0, 105)
22 (1, 4, 37, 0, 23, 0, 0, 86, 0, 0, 0, 79)
23 (1, 4, 99, 0, 18, 0, 0, 151, 0, 0, 0, 56)
24 (1, 4, 0, 0, 0, 0, 0, 38, 0, 0, 0, 19)
25 (1, 4, 49, 12, 52, 0, 0, 48, 0, 0, 0, 147)
26 (1, 4, 7, 38, 22, 0, 0, 67, 0, 0, 0, 12)
27 (1, 4, 0, 2, 2, 0, 0, 50, 0, 0, 0, 247)
28 (1, 4, 0, 41, 22, 0, 0, 56, 0, 0, 0, 44)
29 (1, 4, 0, 0, 0, 0, 0, 55, 0, 0, 0, 31)
30 (1, 4, 14, 8, 20, 0, 0, 55, 0, 0, 0, 217)
0 (1, 4, 0, 0, 850, 0, 112, 107, 1, 1, 0, 193)
1 (1, 4, 37, 0, 873, 0, 11, 39, 0, 0, 0, 189)
2 (1, 4, 0, 0, 743, 0, 0, 31, 1, 0, 0, 157)
3 (1, 4, 0, 285, 277, 0, 0, 9, 1, 1, 0, 242)
4 (1, 4, 0, 0, 0, 0, 0, 11, 1, 1, 0, 251)
5 (1, 4, 68, 140, 0, 0, 0, 61, 1, 0, 0, 247)
6 (1, 4, 172, 4, 0, 0, 0, 77, 0, 0, 0, 59)
7 (1, 4, 130, 63, 0, 0, 40, 80, 0, 0, 0, 63)
8 (1, 4, 0, 287, 0, 0, 56, 136, 0, 0, 0, 98)
9 (1, 4, 24, 97, 0, 24, 110, 157, 0, 0, 0, 203)
10 (1, 4, 0, 138, 0, 91, 215, 165, 0, 0, 0, 24)
11 (1, 4, 0, 0, 661, 0, 218, 208, 0, 0, 0, 4)
12 (1, 4, 37, 0, 873, 0, 72, 73, 0, 0, 0, 238)
13 (1, 4, 0, 34, 865, 0, 0, 31, 0, 0, 0, 141)
14 (1, 4, 0, 31, 298, 0, 0, 0, 0, 0, 0, 158)
15 (1, 4, 0, 0, 0, 0, 0, 21, 0, 0, 0, 7)
16 (1, 4, 0, 0, 0, 0, 0, 40, 0, 0, 0, 53)
17 (1, 4, 0, 70, 0, 0, 0, 41, 0, 0, 0, 222)
18 (1, 4, 10, 83, 0, 0, 0, 31, 0, 0, 0, 2)
19 (1, 4, 0, 231, 0, 0, 0, 18, 0, 0, 0, 86)
20 (1, 4, 0, 304, 6, 0, 0, 30, 0, 0, 0, 188)
21 (1, 4, 0, 391, 0, 0, 0, 59, 0, 0, 0, 102)
22 (1, 4, 3, 229, 141, 0, 0, 96, 0, 0, 0, 32)
23 (1, 4, 0, 128, 157, 0, 0, 118, 0, 0, 0, 124)
24 (1, 4, 0, 1, 135, 0, 0, 110, 0, 0, 0, 29)
25 (1, 4, 0, 0, 146, 0, 0, 82, 0, 0, 0, 240)
26 (1, 4, 0, 18, 81, 0, 0, 42, 0, 0, 0, 144)
27 (1, 4, 0, 0, 0, 0, 0, 58, 0, 0, 0, 95)
28 (1, 4, 25, 0, 0, 0, 0, 34, 0, 0, 0, 248)
0 (1, 4, 164, 0, 34, 0, 0, 39, 0, 0, 0, 247)
1 (1, 4, 15, 23, 0, 0, 0, 18, 0, 0, 0, 45)
2 (1, 4, 136, 119, 0, 0, 0, 4, 0, 0, 0, 76)
3 (1, 4, 291, 129, 0, 0, 0, 19, 0, 0, 0, 168)
4 (1, 4, 277, 41, 0, 0, 0, 33, 0, 0, 0, 16)
5 (1, 4, 200, 26, 0, 0, 0, 43, 0, 0, 0, 0)
6 (1, 4, 242, 11, 0, 0, 0, 46, 1, 1, 0, 60)
7 (1, 4, 115, 63, 0, 3, 0, 58, 0, 0, 0, 208)
8 (1, 4, 110, 23, 0, 0, 0, 83, 0, 0, 0, 247)
9 (1, 4, 155, 0, 0, 23, 26, 104, 0, 0, 0, 251)
10 (1, 4, 160, 17, 233, 0, 93, 172, 0, 0, 0, 212)
11 (1, 4, 0, 0, 769, 0, 210, 186, 0, 0, 0, 255)
12 (1, 4, 0, 0, 827, 0, 72, 111, 0, 0, 0, 217)
13 (1, 4, 0, 0, 709, 0, 0, 0, 0, 0, 0, 4)
14 (1, 4, 0, 62, 574, 0, 0, 0, 1, 1, 0, 38)
15 (1, 4, 0, 17, 0, 0, 0, 0, 1, 1, 0, 163)
16 (1, 4, 27, 66, 0, 0, 0, 5, 0, 0, 0, 184)
17 (1, 4, 0, 314, 0, 0, 0, 41, 0, 0, 0, 114)
18 (1, 4, 135, 309, 0, 0, 7, 87, 0, 0, 0, 133)
19 (1, 4, 47, 319, 0, 0, 73, 132, 0, 0, 0, 73)
20 (1, 4, 0, 326, 0, 0, 106, 209, 0, 0, 0, 72)
21 (1, 4, 15, 52, 98, 2, 190, 296, 0, 0, 0, 71)
22 (1, 4, 0, 0, 668, 0, 133, 197, 0, 0, 0, 99)
23 (1, 4, 0, 0, 678, 0, 24, 58, 0, 0, 0, 223)
24 (1, 4, 0, 0, 732, 0, 0, 31, 0, 0, 0, 121)
25 (1, 4, 0, 0, 149, 0, 0, 1, 0, 0, 0, 229)
26 (1, 4, 0, 0, 0, 0, 0, 9, 0, 0, 0, 75)
27 (1, 4, 0, 0, 0, 25, 0, 0, 0, 0, 0, 110)
28 (1, 4, 0, 41, 9, 14, 0, 3, 0, 0, 0, 78)
29 (1, 4, 43, 75, 87, 1, 0, 0, 0, 0, 0, 77)
30 (1, 4, 0, 230, 159, 0, 0, 0, 0, 0, 0, 94)
31 (1, 4, 0, 274, 269, 0, 0, 36, 0, 0, 0, 104)
0 (1, 4, 16, 0, 799, 0, 0, 53, 0, 0, 0, 135)
1 (1, 4, 0, 36, 183, 0, 0, 1, 0, 0, 0, 44)
2 (1, 4, 0, 0, 0, 0, 0, 0, 0, 0, 0, 126)
3 (1, 4, 0, 319, 0, 0, 0, 12, 0, 0, 0, 22)
4 (1, 4, 42, 277, 0, 0, 0, 35, 0, 0, 0, 249)
5 (1, 4, 159, 262, 0, 0, 34, 89, 0, 0, 0, 223)
6 (1, 4, 0, 417, 0, 0, 119, 178, 0, 0, 0, 86)
7 (1, 4, 49, 131, 0, 39, 212, 314, 0, 0, 0, 122)
8 (1, 4, 0, 0, 533, 0, 206, 238, 0, 0, 0, 199)
9 (1, 4, 0, 0, 757, 0, 79, 71, 0, 0, 0, 96)
10 (1, 4, 0, 0, 753, 0, 0, 25, 0, 0, 0, 61)
11 (1, 4, 0, 0, 289, 0, 0, 0, 0, 0, 0, 73)
12 (1, 4, 0, 0, 4, 0, 0, 0, 0, 0, 0, 32)
13 (1, 4, 0, 0, 0, 0, 0, 22, 0, 0, 0, 97)
14 (1, 4, 0, 30, 0, 0, 0, 14, 0, 0, 0, 61)
15 (1, 4, 19, 106, 16, 0, 0, 3, 0, 0, 0, 10)
16 (1, 4, 26, 294, 82, 0, 0, 19, 0, 0, 0, 124)
17 (1, 4, 87, 252, 179, 0, 0, 48, 0, 0, 0, 204)
18 (1, 4, 101, 185, 201, 0, 0, 90, 0, 0, 0, 69)
19 (1, 4, 0, 166, 197, 0, 0, 111, 0, 0, 0, 215)
20 (1, 4, 22, 0, 85, 0, 0, 118, 0, 0, 0, 15)
21 (1, 4, 10, 0, 11, 0, 0, 94, 0, 0, 0, 165)
22 (1, 4, 0, 0, 29, 0, 0, 85, 0, 0, 0, 75)
23 (1, 4, 0, 58, 0, 0, 0, 63, 0, 0, 0, 136)
24 (1, 4, 50, 1, 13, 0, 0, 43, 0, 0, 0, 171)
25 (1, 4, 0, 86, 2, 0, 0, 52, 0, 0, 0, 3)
26 (1, 4, 0, 46, 0, 0, 0, 48, 0, 0, 0, 202)
27 (1, 4, 0, 0, 0, 0, 0, 43, 0, 0, 0, 83)
28 (1, 4, 0, 0, 0, 0, 0, 47, 0, 0, 0, 38)
29 (1, 4, 0, 1, 2, 0, 0, 48, 0, 0, 0, 150)
30 (1, 4, 6, 5, 0, 0, 0, 47, 0, 0, 0, 109)
0 (1, 4, 112, 0, 25, 0, 0, 57, 0, 0, 0, 192)
1 (1, 4, 97, 0, 0, 0, 0, 36, 1, 0, 0, 136)
2 (1, 4, 94, 194, 0, 0, 0, 22, 0, 0, 0, 179)
3 (1, 4, 309, 133, 0, 0, 0, 0, 0, 0, 0, 3)
4 (1, 4, 174, 137, 0, 0, 0, 27, 0, 0, 0, 160)
5 (1, 4, 277, 18, 0, 0, 9, 52, 0, 0, 0, 25)
6 (1, 4, 289, 0, 0, 0, 21, 37, 0, 0, 0, 161)
7 (1, 4, 81, 110, 0, 0, 0, 61, 0, 0, 0, 110)
8 (1, 4, 100, 32, 0, 0, 0, 85, 0, 0, 0, 246)
9 (1, 4, 87, 4, 0, 0, 0, 122, 0, 0, 0, 131)
10 (1, 4, 252, 0, 202, 0, 49, 196, 0, 0, 0, 95)
11 (1, 4, 119, 0, 582, 0, 157, 181, 0, 0, 0, 114)
12 (1, 4, 0, 0, 785, 0, 88, 75, 0, 0, 0, 229)
13 (1, 4, 56, 0, 778, 0, 0, 20, 0, 0, 0, 251)
14 (1, 4, 0, 323, 465, 0, 0, 30, 0, 0, 0, 137)
15 (1, 4, 0, 0, 0, 0, 0, 0, 0, 0, 0, 126)
16 (1, 4, 0, 264, 0, 0, 0, 28, 0, 0, 0, 100)
17 (1, 4, 102, 207, 0, 0, 0, 69, 0, 0, 0, 200)
18 (1, 4, 72, 298, 0, 0, 36, 100, 0, 0, 0, 1)
19 (1, 4, 137, 238, 0, 0, 96, 184, 0, 0, 0, 84)
20 (1, 4, 0, 0, 0, 64, 264, 261, 0, 0, 0, 250)
21 (1, 4, 131, 0, 632, 15, 167, 167, 0, 0, 0, 201)
22 (1, 4, 69, 0, 873, 0, 82, 74, 1, 1, 0, 121)
23 (1, 4, 0, 0, 652, 0, 0, 99, 0, 0, 0, 85)
24 (1, 4, 0, 96, 356, 0, 0, 63, 0, 0, 0, 178)
25 (1, 4, 0, 0, 0, 0, 0, 17, 0, 1, 0, 25)
26 (1, 4, 0, 0, 0, 2, 0, 10, 0, 0, 0, 19)
27 (1, 4, 0, 37, 0, 12, 0, 10, 0, 0, 0, 4)
28 (1, 4, 0, 154, 0, 3, 0, 0, 0, 0, 0, 225)
29 (1, 4, 36, 202, 11, 0, 0, 6, 0, 0, 0, 22)
30 (1, 4, 0, 275, 112, 0, 0, 38, 0, 0, 0, 53)
31 (1, 4, 0, 271, 113, 0, 0, 107, 0, 0, 0, 172)
0 (1, 4, 406, 0, 0, 0, 0, 41, 0, 0, 0, 57)
1 (1, 4, 0, 246, 0, 0, 0, 60, 0, 0, 0, 5)
2 (1, 4, 207, 97, 0, 0, 0, 22, 0, 0, 0, 83)
3 (1, 4, 154, 103, 0, 0, 19, 31, 0, 0, 0, 128)
4 (1, 4, 211, 26, 0, 0, 47, 62, 0, 0, 0, 95)
5 (1, 4, 162, 0, 0, 0, 45, 74, 0, 0, 0, 240)
6 (1, 4, 218, 0, 0, 5, 25, 72, 0, 0, 0, 159)
7 (1, 4, 7, 0, 0, 14, 28, 98, 0, 0, 0, 20)
8 (1, 4, 113, 0, 181, 22, 77, 144, 0, 0, 0, 201)
9 (1, 4, 0, 0, 521, 0, 199, 246, 0, 0, 0, 219)
10 (1, 4, 0, 0, 873, 0, 187, 146, 1, 1, 0, 171)
11 (1, 4, 0, 0, 873, 0, 8, 46, 2, 1, 0, 93)
12 (1, 4, 0, 80, 498, 0, 0, 0, 0, 0, 0, 101)
13 (1, 4, 0, 0, 0, 0, 0, 0, 0, 0, 0, 126)
14 (1, 4, 69, 81, 0, 0, 0, 18, 0, 0, 0, 252)
15 (1, 4, 94, 199, 0, 0, 0, 43, 1, 1, 0, 231)
16 (1, 4, 160, 164, 0, 0, 7, 75, 1, 1, 0, 29)
17 (1, 4, 120, 175, 0, 0, 88, 140, 1, 1, 0, 144)
18 (1, 4, 0, 0, 0, 133, 269, 234, 0, 0, 0, 197)
19 (1, 4, 0, 0, 504, 121, 306, 246, 0, 0, 0, 32)
20 (1, 4, 10, 0, 853, 0, 136, 86, 0, 0, 0, 20)
21 (1, 4, 0, 85, 873, 0, 0, 69, 0, 0, 0, 214)
22 (1, 4, 0, 0, 124, 0, 0, 24, 0, 0, 0, 223)
23 (1, 4, 0, 0, 0, 0, 0, 1, 0, 0, 0, 161)
24 (1, 4, 6, 0, 0, 0, 0, 16, 0, 0, 0, 137)
25 (1, 4, 0, 33, 0, 20, 0, 15, 0, 0, 0, 123)
26 (1, 4, 0, 156, 0, 9, 0, 11, 0, 0, 0, 28)
27 (1, 4, 0, 266, 4, 0, 0, 14, 0, 0, 0, 61)
28 (1, 4, 0, 337, 126, 0, 0, 44, 0, 0, 0, 69)
29 (1, 4, 94, 21, 68, 0, 0, 135, 0, 0, 0, 113)
30 (1, 4, 0, 103, 158, 0, 0, 117, 0, 0, 0, 227)
0 (1, 4, 170, 0, 0, 0, 0, 46, 0, 0, 0, 71)
1 (1, 4, 0, 77, 0, 0, 0, 47, 0, 0, 0, 121)
2 (1, 4, 74, 97, 0, 0, 0, 51, 0, 0, 0, 123)
3 (1, 4, 53, 108, 0, 0, 0, 49, 0, 0, 0, 234)
4 (1, 4, 49, 145, 0, 0, 0, 45, 0, 0, 0, 99)
5 (1, 4, 13, 138, 0, 0, 0, 65, 0, 0, 0, 125)
6 (1, 4, 126, 58, 0, 0, 0, 69, 0, 0, 0, 22)
7 (1, 4, 33, 78, 0, 0, 0, 68, 0, 0, 0, 0)
8 (1, 4, 92, 14, 0, 0, 0, 64, 0, 0, 0, 30)
9 (1, 4, 83, 2, 0, 0, 0, 69, 0, 0, 0, 135)
10 (1, 4, 58, 0, 0, 0, 0, 98, 0, 0, 0, 104)
11 (1, 4, 190, 0, 28, 4, 0, 167, 0, 0, 0, 193)
12 (1, 4, 149, 0, 216, 9, 150, 271, 0, 0, 0, 227)
13 (1, 4, 0, 0, 736, 0, 136, 146, 0, 0, 0, 37)
14 (1, 4, 0, 0, 719, 0, 0, 0, 0, 0, 0, 151)
15 (1, 4, 117, 0, 826, 0, 0, 0, 0, 0, 0, 19)
16 (1, 4, 0, 22, 0, 0, 0, 0, 0, 0, 0, 168)
17 (1, 4, 56, 288, 0, 0, 0, 0, 0, 0, 0, 14)
18 (1, 4, 167, 488, 0, 0, 0, 0, 0, 0, 0, 144)
19 (1, 4, 270, 495, 0, 0, 0, 59, 0, 0, 0, 194)
20 (1, 4, 270, 405, 0, 0, 28, 140, 0, 0, 0, 112)
21 (1, 4, 168, 206, 0, 0, 123, 250, 0, 0, 0, 108)
22 (1, 4, 0, 0, 165, 0, 238, 310, 0, 0, 0, 223)
23 (1, 4, 0, 0, 578, 0, 118, 157, 0, 0, 0, 138)
24 (1, 4, 0, 0, 754, 0, 43, 35, 0, 0, 0, 224)
25 (1, 4, 0, 0, 614, 0, 0, 0, 0, 0, 0, 176)
26 (1, 4, 0, 0, 0, 0, 0, 0, 0, 0, 0, 126)
27 (1, 4, 23, 0, 0, 0, 0, 0, 0, 0, 0, 180)
28 (1, 4, 0, 49, 0, 13, 0, 8, 0, 0, 0, 25)
29 (1, 4, 10, 124, 0, 0, 0, 17, 0, 0, 0, 87)
30 (1, 4, 0, 215, 32, 0, 0, 9, 0, 0, 0, 84)
31 (1, 4, 0, 270, 82, 0, 0, 25, 0, 0, 0, 210)
0 (1, 4, 85, 0, 126, 0, 54, 182, 0, 0, 0, 59)
1 (1, 4, 15, 0, 405, 16, 183, 173, 0, 0, 0, 117)
2 (1, 4, 45, 0, 833, 0, 88, 108, 0, 0, 0, 82)
3 (1, 4, 4, 0, 805, 0, 0, 14, 0, 0, 0, 179)
4 (1, 4, 0, 7, 290, 0, 0, 0, 0, 1, 0, 155)
5 (1, 4, 0, 0, 0, 0, 0, 0, 0, 0, 0, 126)
6 (1, 4, 73, 215, 0, 0, 0, 28, 0, 0, 0, 36)
7 (1, 4, 144, 92, 0, 0, 0, 96, 0, 0, 0, 228)
8 (1, 4, 0, 191, 0, 0, 34, 85, 0, 0, 0, 174)
9 (1, 4, 8, 277, 0, 0, 73, 155, 0, 0, 0, 146)
10 (1, 4, 0, 35, 0, 61, 175, 217, 0, 0, 0, 88)
11 (1, 4, 1, 0, 316, 55, 209, 183, 0, 0, 0, 52)
12 (1, 4, 77, 0, 808, 0, 140, 125, 0, 0, 0, 117)
13 (1, 4, 2, 0, 873, 0, 0, 74, 0, 0, 0, 190)
14 (1, 4, 0, 0, 651, 0, 0, 72, 0, 0, 0, 157)
15 (1, 4, 0, 0, 59, 0, 0, 35, 0, 0, 0, 63)
16 (1, 4, 14, 0, 0, 0, 0, 35, 0, 0, 0, 237)
17 (1, 4, 0, 26, 0, 0, 0, 36, 0, 0, 0, 21)
18 (1, 4, 0, 106, 0, 10, 0, 10, 0, 0, 0, 116)
19 (1, 4, 0, 300, 0, 7, 8, 0, 0, 0, 0, 172)
20 (1, 4, 0, 377, 4, 0, 12, 41, 0, 0, 0, 85)
21 (1, 4, 34, 307, 212, 0, 0, 83, 0, 0, 0, 224)
22 (1, 4, 0, 238, 220, 0, 0, 139, 0, 0, 0, 171)
23 (1, 4, 0, 109, 160, 0, 0, 150, 0, 0, 0, 121)
24 (1, 4, 0, 0, 34, 0, 0, 95, 0, 0, 0, 192)
25 (1, 4, 0, 10, 0, 0, 0, 64, 0, 0, 0, 229)
26 (1, 4, 9, 73, 0, 0, 0, 54, 0, 0, 0, 59)
27 (1, 4, 3, 40, 26, 0, 0, 59, 0, 0, 0, 15)
28 (1, 4, 0, 27, 14, 0, 0, 47, 0, 0, 0, 225)
29 (1, 4, 0, 41, 0, 0, 0, 79, 0, 0, 0, 6)
0 (1, 4, 137, 74, 0, 0, 0, 32, 0, 0, 0, 233)
1 (1, 4, 284, 149, 0, 0, 0, 39, 0, 0, 0, 105)
2 (1, 4, 386, 0, 0, 0, 0, 71, 0, 0, 0, 35)
3 (1, 4, 141, 0, 0, 0, 30, 46, 0, 0, 0, 255)
4 (1, 4, 105, 0, 0, 0, 28, 38, 0, 0, 0, 132)
5 (1, 4, 120, 6, 0, 0, 34, 31, 0, 0, 0, 194)
6 (1, 4, 129, 0, 0, 2, 5, 63, 0, 0, 0, 74)
7 (1, 4, 42, 0, 0, 21, 0, 65, 0, 0, 0, 219)
8 (1, 4, 0, 55, 20, 0, 0, 98, 0, 0, 0, 163)
9 (1, 4, 172, 0, 172, 0, 75, 209, 2, 2, 0, 136)
10 (1, 4, 0, 0, 567, 0, 171, 192, 0, 0, 0, 28)
11 (1, 4, 10, 0, 851, 0, 52, 51, 0, 0, 0, 181)
12 (1, 4, 36, 0, 803, 0, 0, 21, 1, 1, 0, 83)
13 (1, 4, 0, 138, 306, 0, 0, 13, 0, 0, 0, 18)
14 (1, 4, 0, 0, 0, 0, 0, 0, 0, 0, 0, 126)
15 (1, 4, 0, 229, 0, 0, 0, 31, 0, 0, 0, 123)
16 (1, 4, 68, 285, 0, 0, 0, 75, 0, 0, 0, 94)
17 (1, 4, 81, 358, 0, 0, 39, 126, 1, 1, 0, 119)
18 (1, 4, 75, 174, 0, 25, 153, 240, 1, 1, 0, 255)
19 (1, 4, 0, 0, 221, 13, 228, 256, 0, 0, 0, 15)
20 (1, 4, 81, 0, 687, 0, 102, 123, 1, 1, 0, 65)
21 (1, 4, 76, 0, 869, 0, 19, 73, 0, 0, 0, 233)
22 (1, 4, 40, 0, 640, 0, 0, 79, 0, 1, 0, 85)
23 (1, 4, 0, 0, 291, 0, 0, 47, 1, 1, 0, 55)
24 (1, 4, 0, 0, 7, 0, 0, 17, 0, 0, 0, 151)
25 (1, 4, 0, 0, 0, 0, 0, 3, 0, 0, 0, 24)
26 (1, 4, 0, 136, 0, 0, 0, 0, 0, 0, 0, 204)
27 (1, 4, 0, 258, 0, 0, 0, 0, 0, 0, 0, 246)
28 (1, 4, 1, 313, 78, 0, 0, 18, 0, 0, 0, 108)
29 (1, 4, 123, 267, 209, 0, 0, 64, 0, 0, 0, 152)
0 (1, 4, 79, 105, 0, 0, 0, 27, 0, 0, 0, 181)
1 (1, 4, 311, 18, 0, 0, 0, 29, 0, 0, 0, 238)
2 (1, 4, 160, 0, 0, 0, 0, 50, 0, 0, 0, 103)
3 (1, 4, 209, 0, 0, 0, 19, 52, 0, 0, 0, 5)
4 (1, 4, 95, 0, 0, 28, 44, 37, 0, 0, 0, 26)
5 (1, 4, 60, 88, 0, 21, 3, 45, 0, 0, 0, 190)
6 (1, 4, 54, 121, 0, 0, 0, 71, 0, 0, 0, 13)
7 (1, 4, 49, 41, 0, 0, 0, 88, 0, 0, 0, 239)
8 (1, 4, 18, 0, 0, 0, 0, 110, 0, 0, 0, 64)
9 (1, 4, 141, 0, 35, 5, 69, 214, 0, 0, 0, 91)
10 (1, 4, 8, 0, 533, 0, 192, 190, 0, 0, 0, 241)
11 (1, 4, 29, 0, 858, 0, 78, 86, 0, 0, 0, 184)
12 (1, 4, 46, 0, 780, 0, 0, 49, 1, 1, 0, 76)
13 (1, 4, 0, 22, 537, 0, 0, 21, 1, 1, 0, 53)
14 (1, 4, 0, 0, 0, 0, 0, 0, 1, 0, 0, 28)
15 (1, 4, 77, 113, 0, 0, 0, 23, 0, 0, 0, 228)
16 (1, 4, 0, 227, 0, 0, 0, 69, 0, 0, 0, 9)
17 (1, 4, 89, 237, 0, 0, 30, 81, 0, 0, 0, 233)
18 (1, 4, 0, 383, 0, 0, 84, 165, 0, 0, 0, 247)
19 (1, 4, 0, 120, 0, 68, 186, 261, 0, 1, 0, 35)
20 (1, 4, 0, 0, 445, 25, 175, 224, 0, 0, 0, 203)
21 (1, 4, 89, 0, 760, 0, 95, 100, 1, 1, 0, 74)
22 (1, 4, 0, 0, 688, 0, 0, 56, 0, 0, 0, 44)
23 (1, 4, 7, 0, 617, 0, 0, 25, 0, 0, 0, 37)
24 (1, 4, 0, 0, 0, 0, 0, 0, 0, 0, 0, 126)
25 (1, 4, 90, 0, 0, 0, 0, 13, 0, 0, 0, 59)
26 (1, 4, 0, 106, 0, 0, 0, 30, 0, 0, 0, 20)
27 (1, 4, 0, 103, 0, 0, 0, 14, 0, 0, 0, 27)
28 (1, 4, 0, 228, 0, 0, 0, 0, 0, 0, 0, 228)
29 (1, 4, 0, 392, 52, 0, 0, 20, 0, 0, 0, 80)
30 (1, 4, 76, 303, 148, 0, 0, 81, 0, 0, 0, 176)
0 (1, 4, 209, 58, 0, 0, 0, 19, 0, 0, 0, 196)
1 (1, 4, 234, 224, 0, 0, 0, 33, 0, 0, 0, 119)
2 (1, 4, 230, 0, 0, 0, 0, 40, 0, 0, 0, 74)
3 (1, 4, 216, 0, 0, 0, 0, 70, 0, 0, 0, 251)
4 (1, 4, 233, 0, 0, 0, 37, 78, 0, 0, 0, 175)
5 (1, 4, 165, 0, 0, 0, 26, 69, 1, 1, 0, 202)
6 (1, 4, 153, 0, 0, 0, 0, 43, 0, 0, 0, 216)
7 (1, 4, 86, 5, 0, 0, 0, 32, 0, 0, 0, 253)
8 (1, 4, 61, 20, 0, 0, 0, 56, 0, 0, 0, 60)
9 (1, 4, 0, 47, 0, 0, 0, 89, 0, 0, 0, 174)
10 (1, 4, 44, 0, 0, 0, 0, 142, 0, 0, 0, 93)
11 (1, 4, 36, 0, 52, 0, 40, 172, 0, 0, 0, 38)
12 (1, 4, 35, 0, 295, 4, 148, 184, 0, 0, 0, 209)
13 (1, 4, 0, 0, 689, 0, 149, 123, 0, 0, 0, 176)
14 (1, 4, 0, 0, 786, 0, 61, 34, 0, 0, 0, 2)
15 (1, 4, 87, 0, 873, 0, 0, 23, 0, 0, 0, 55)
16 (1, 4, 0, 221, 530, 0, 0, 48, 0, 0, 0, 217)
17 (1, 4, 4, 0, 0, 0, 0, 59, 0, 0, 0, 184)
18 (1, 4, 0, 47, 0, 0, 0, 38, 1, 1, 0, 105)
19 (1, 4, 0, 196, 0, 0, 0, 57, 1, 2, 0, 213)
20 (1, 4, 74, 164, 0, 0, 20, 84, 0, 0, 0, 7)
21 (1, 4, 61, 196, 0, 0, 66, 107, 0, 0, 0, 199)
22 (1, 4, 0, 267, 0, 32, 128, 161, 0, 0, 0, 217)
23 (1, 4, 0, 50, 0, 67, 259, 278, 0, 0, 0, 234)
24 (1, 4, 37, 0, 588, 28, 196, 187, 0, 0, 0, 230)
25 (1, 4, 0, 0, 873, 0, 64, 80, 1, 1, 0, 49)
26 (1, 4, 0, 0, 805, 0, 0, 46, 0, 0, 0, 42)
27 (1, 4, 0, 97, 458, 0, 0, 38, 1, 1, 0, 42)
28 (1, 4, 0, 0, 0, 0, 0, 0, 1, 1, 0, 119)
29 (1, 4, 30, 0, 0, 0, 0, 17, 0, 0, 0, 198)
30 (1, 4, 65, 103, 0, 0, 0, 14, 0, 0, 0, 156)
31 (1, 4, 6, 212, 0, 0, 0, 6, 0, 0, 0, 175)
0 (1, 4, 440, 0, 1, 0, 0, 57, 0, 0, 0, 237)
1 (1, 4, 124, 84, 0, 0, 0, 35, 1, 1, 0, 110)
2 (1, 4, 124, 229, 0, 0, 0, 65, 1, 1, 0, 36)
3 (1, 4, 260, 0, 0, 0, 0, 74, 1, 1, 0, 91)
4 (1, 4, 123, 0, 0, 0, 18, 68, 0, 0, 0, 245)
5 (1, 4, 122, 0, 0, 0, 0, 56, 0, 0, 0, 36)
6 (1, 4, 38, 0, 0, 0, 0, 46, 0, 0, 0, 26)
7 (1, 4, 60, 0, 0, 19, 0, 52, 0, 0, 0, 192)
8 (1, 4, 4, 33, 0, 9, 0, 73, 0, 0, 0, 166)
9 (1, 4, 81, 0, 0, 0, 0, 113, 0, 0, 0, 241)
10 (1, 4, 48, 0, 155, 0, 54, 168, 0, 0, 0, 136)
11 (1, 4, 0, 0, 440, 0, 166, 213, 0, 0, 0, 113)
12 (1, 4, 8, 0, 757, 0, 109, 109, 0, 0, 0, 29)
13 (1, 4, 59, 0, 873, 0, 0, 31, 0, 0, 0, 219)
14 (1, 4, 0, 38, 507, 0, 0, 25, 0, 0, 0, 60)
15 (1, 4, 0, 0, 0, 0, 0, 0, 0, 0, 0, 126)
16 (1, 4, 60, 237, 0, 0, 0, 3, 0, 0, 0, 235)
17 (1, 4, 58, 278, 0, 0, 0, 42, 0, 0, 0, 244)
18 (1, 4, 122, 258, 0, 0, 32, 79, 0, 0, 0, 133)
19 (1, 4, 77, 410, 0, 0, 62, 164, 0, 0, 0, 236)
20 (1, 4, 59, 246, 0, 7, 132, 243, 0, 0, 0, 252)
21 (1, 4, 0, 0, 179, 24, 186, 256, 0, 0, 0, 28)
22 (1, 4, 28, 0, 653, 0, 147, 119, 0, 0, 0, 245)
23 (1, 4, 22, 0, 873, 0, 13, 67, 0, 0, 0, 8)
24 (1, 4, 0, 0, 630, 0, 0, 66, 1, 1, 0, 58)
25 (1, 4, 0, 0, 393, 0, 0, 31, 1, 1, 0, 217)
26 (1, 4, 0, 0, 0, 0, 0, 12, 1, 1, 0, 232)
27 (1, 4, 0, 0, 0, 0, 0, 17, 0, 0, 0, 114)
28 (1, 4, 0, 132, 0, 0, 0, 19, 0, 0, 0, 16)
29 (1, 4, 0, 173, 0, 0, 0, 28, 0, 0, 0, 45)
30 (1, 4, 0, 255, 18, 0, 0, 37, 0, 0, 0, 181)
31 (1, 4, 57, 211, 83, 0, 0, 60, 0, 0, 0, 206)
0 (1, 4, 79, 0, 0, 0, 0, 40, 0, 0, 0, 230)
1 (1, 4, 143, 0, 0, 0, 0, 47, 0, 0, 0, 105)
2 (1, 4, 235, 0, 0, 0, 0, 59, 0, 0, 0, 185)
3 (1, 4, 187, 0, 0, 0, 0, 62, 0, 0, 0, 122)
4 (1, 4, 26, 0, 0, 0, 0, 88, 0, 0, 0, 142)
5 (1, 4, 96, 0, 0, 0, 0, 85, 0, 0, 0, 12)
6 (1, 4, 50, 0, 0, 0, 67, 46, 0, 0, 0, 83)
7 (1, 4, 0, 19, 0, 6, 37, 30, 0, 0, 0, 231)
8 (1, 4, 64, 9, 0, 7, 0, 38, 0, 0, 0, 193)
9 (1, 4, 0, 45, 0, 3, 0, 65, 0, 0, 0, 219)
10 (1, 4, 19, 0, 0, 5, 0, 98, 0, 0, 0, 178)
11 (1, 4, 203, 0, 0, 3, 0, 178, 0, 0, 0, 224)
12 (1, 4, 266, 0, 343, 9, 204, 199, 0, 0, 0, 27)
13 (1, 4, 0, 0, 677, 0, 105, 92, 0, 0, 0, 167)
14 (1, 4, 162, 0, 859, 0, 12, 39, 0, 0, 0, 68)
15 (1, 4, 127, 27, 769, 0, 0, 72, 0, 0, 0, 92)
16 (1, 4, 0, 0, 0, 0, 0, 32, 0, 0, 0, 223)
17 (1, 4, 58, 0, 0, 0, 0, 47, 0, 0, 0, 109)
18 (1, 4, 0, 139, 0, 0, 0, 58, 0, 0, 0, 53)
19 (1, 4, 107, 89, 0, 0, 0, 77, 0, 0, 0, 179)
20 (1, 4, 172, 52, 0, 0, 71, 91, 0, 0, 0, 245)
21 (1, 4, 0, 160, 0, 32, 150, 155, 0, 0, 0, 33)
22 (1, 4, 0, 32, 0, 59, 203, 203, 0, 0, 0, 92)
23 (1, 4, 0, 0, 492, 37, 193, 144, 0, 0, 0, 177)
24 (1, 4, 112, 0, 813, 0, 71, 62, 0, 0, 0, 153)
25 (1, 4, 187, 0, 690, 0, 0, 87, 0, 0, 0, 78)
26 (1, 4, 0, 250, 394, 0, 0, 97, 0, 0, 0, 133)
27 (1, 4, 3, 0, 0, 0, 0, 60, 0, 0, 0, 129)
28 (1, 4, 0, 0, 0, 4, 0, 22, 0, 0, 0, 29)
29 (1, 4, 0, 228, 0, 0, 0, 16, 0, 0, 0, 55)
0 (1, 4, 0, 103, 0, 0, 0, 4, 0, 0, 0, 72)
1 (1, 4, 234, 233, 0, 0, 0, 39, 0, 0, 0, 189)
2 (1, 4, 187, 60, 0, 0, 3, 89, 0, 0, 0, 204)
3 (1, 4, 190, 0, 0, 0, 26, 85, 0, 0, 0, 146)
4 (1, 4, 93, 12, 0, 11, 15, 47, 0, 0, 0, 16)
5 (1, 4, 126, 42, 0, 0, 0, 43, 0, 0, 0, 181)
6 (1, 4, 58, 5, 0, 0, 0, 61, 0, 0, 0, 104)
7 (1, 4, 83, 0, 0, 1, 0, 100, 0, 0, 0, 139)
8 (1, 4, 139, 0, 56, 0, 16, 159, 0, 0, 0, 17)
9 (1, 4, 113, 0, 277, 0, 121, 195, 0, 0, 0, 181)
10 (1, 4, 20, 0, 604, 0, 133, 141, 0, 0, 0, 30)
11 (1, 4, 90, 0, 822, 0, 35, 55, 0, 0, 0, 139)
12 (1, 4, 75, 0, 798, 0, 0, 38, 0, 0, 0, 173)
13 (1, 4, 0, 0, 0, 0, 0, 0, 0, 0, 0, 126)
14 (1, 4, 10, 47, 0, 0, 0, 16, 0, 0, 0, 178)
15 (1, 4, 0, 179, 0, 0, 0, 74, 0, 0, 0, 18)
16 (1, 4, 0, 183, 0, 0, 8, 100, 0, 0, 0, 142)
17 (1, 4, 0, 250, 0, 0, 17, 113, 0, 0, 0, 149)
18 (1, 4, 41, 196, 0, 0, 55, 171, 0, 0, 0, 216)
19 (1, 4, 3, 13, 0, 83, 173, 233, 0, 0, 0, 138)
20 (1, 4, 0, 0, 539, 18, 183, 216, 0, 0, 0, 87)
21 (1, 4, 47, 0, 820, 0, 68, 69, 0, 0, 0, 205)
22 (1, 4, 0, 0, 687, 0, 0, 41, 0, 0, 0, 6)
23 (1, 4, 0, 0, 294, 0, 0, 0, 0, 0, 0, 172)
24 (1, 4, 0, 0, 0, 0, 0, 0, 0, 0, 0, 126)
25 (1, 4, 47, 49, 0, 0, 0, 1, 0, 0, 0, 42)
26 (1, 4, 29, 138, 0, 0, 0, 30, 0, 0, 0, 242)
27 (1, 4, 23, 170, 0, 0, 0, 15, 0, 0, 0, 80)
28 (1, 4, 42, 253, 0, 8, 0, 34, 0, 0, 0, 200)
29 (1, 4, 79, 247, 64, 0, 6, 67, 0, 0, 0, 71)
30 (1, 4, 0, 191, 160, 0, 0, 95, 0, 0, 0, 13)
31 (1, 4, 0, 146, 204, 0, 0, 128, 0, 0, 0, 17)
0 (1, 4, 2, 0, 0, 0, 0, 54, 0, 0, 0, 220)
1 (1, 4, 125, 0, 0, 0, 0, 58, 0, 0, 0, 183)
2 (1, 4, 0, 193, 0, 0, 0, 44, 0, 0, 0, 119)
3 (1, 4, 114, 260, 0, 0, 0, 18, 0, 0, 0, 153)
4 (1, 4, 166, 256, 0, 0, 0, 44, 0, 0, 0, 83)
5 (1, 4, 269, 65, 0, 0, 12, 86, 0, 0, 0, 116)
6 (1, 4, 116, 0, 0, 6, 30, 79, 0, 0, 0, 67)
7 (1, 4, 96, 46, 0, 0, 0, 54, 0, 0, 0, 72)
8 (1, 4, 135, 22, 0, 0, 0, 46, 0, 0, 0, 16)
9 (1, 4, 93, 38, 0, 0, 0, 50, 0, 0, 0, 239)
10 (1, 4, 63, 18, 0, 0, 0, 72, 0, 0, 0, 160)
11 (1, 4, 47, 4, 0, 3, 0, 82, 0, 0, 0, 55)
12 (1, 4, 13, 0, 0, 17, 0, 92, 0, 0, 0, 217)
13 (1, 4, 159, 0, 0, 0, 0, 121, 0, 0, 0, 211)
14 (1, 4, 133, 0, 127, 0, 43, 146, 0, 0, 0, 217)
15 (1, 4, 24, 0, 320, 0, 134, 198, 0, 0, 0, 110)
16 (1, 4, 23, 0, 701, 0, 81, 92, 0, 0, 0, 231)
17 (1, 4, 78, 0, 873, 0, 0, 0, 0, 0, 0, 105)
18 (1, 4, 0, 9, 273, 0, 0, 0, 0, 0, 0, 206)
19 (1, 4, 38, 0, 0, 0, 0, 4, 0, 0, 0, 232)
20 (1, 4, 0, 186, 0, 0, 0, 44, 0, 0, 0, 60)
21 (1, 4, 57, 196, 0, 0, 0, 91, 0, 0, 0, 101)
22 (1, 4, 60, 183, 0, 0, 20, 90, 0, 0, 0, 18)
23 (1, 4, 57, 226, 0, 0, 81, 152, 0, 0, 0, 95)
24 (1, 4, 0, 100, 0, 80, 189, 227, 0, 0, 0, 40)
25 (1, 4, 0, 0, 325, 29, 205, 214, 0, 0, 0, 219)
26 (1, 4, 64, 0, 778, 0, 79, 73, 0, 0, 0, 64)
27 (1, 4, 0, 0, 821, 0, 0, 51, 0, 0, 0, 198)
28 (1, 4, 0, 0, 308, 0, 0, 0, 1, 1, 0, 245)
29 (1, 4, 0, 0, 0, 0, 0, 0, 1, 1, 0, 119)
30 (1, 4, 12, 130, 0, 2, 0, 11, 0, 0, 0, 232)
31 (1, 4, 0, 214, 0, 0, 0, 18, 0, 0, 0, 64)
0 (1, 4, 4, 7, 1, 0, 0, 54, 0, 0, 0, 110)
1 (1, 4, 0, 0, 0, 0, 0, 55, 0, 0, 0, 31)
2 (1, 4, 15, 15, 0, 0, 0, 54, 0, 0, 0, 43)
3 (1, 4, 8, 20, 0, 0, 0, 56, 0, 0, 0, 45)
4 (1, 4, 14, 7, 0, 0, 0, 54, 0, 0, 0, 150)
5 (1, 4, 0, 5, 12, 0, 0, 60, 0, 0, 0, 30)
6 (1, 4, 364, 0, 98, 0, 0, 74, 0, 0, 0, 70)
7 (1, 4, 43, 79, 0, 0, 0, 70, 1, 1, 0, 105)
8 (1, 4, 22, 138, 0, 0, 0, 73, 1, 1, 0, 28)
9 (1, 4, 144, 0, 0, 0, 0, 63, 2, 1, 0, 175)
10 (1, 4, 71, 0, 0, 0, 5, 57, 1, 1, 0, 9)
11 (1, 4, 90, 0, 0, 0, 0, 48, 0, 0, 0, 9)
12 (1, 4, 73, 0, 0, 3, 0, 41, 0, 0, 0, 60)
13 (1, 4, 60, 0, 0, 11, 0, 62, 0, 0, 0, 156)
14 (1, 4, 48, 8, 0, 14, 0, 78, 0, 0, 0, 51)
15 (1, 4, 80, 0, 0, 0, 0, 103, 0, 0, 0, 224)
16 (1, 4, 96, 0, 62, 4, 29, 129, 0, 0, 0, 139)
17 (1, 4, 0, 0, 369, 0, 158, 182, 0, 0, 0, 152)
18 (1, 4, 0, 0, 674, 0, 98, 128, 0, 0, 0, 139)
19 (1, 4, 45, 0, 856, 0, 0, 25, 0, 0, 0, 198)
20 (1, 4, 0, 0, 602, 0, 0, 18, 1, 1, 0, 176)
21 (1, 4, 0, 10, 0, 0, 0, 0, 1, 1, 0, 169)
22 (1, 4, 0, 90, 0, 0, 0, 0, 1, 1, 0, 75)
23 (1, 4, 114, 238, 0, 0, 0, 41, 1, 1, 0, 21)
24 (1, 4, 112, 220, 0, 0, 9, 84, 0, 0, 0, 1)
25 (1, 4, 101, 255, 0, 0, 63, 136, 0, 0, 0, 215)
26 (1, 4, 0, 254, 0, 9, 98, 205, 0, 0, 0, 214)
27 (1, 4, 0, 0, 169, 30, 191, 253, 0, 0, 0, 252)
28 (1, 4, 52, 0, 589, 0, 96, 146, 0, 0, 0, 161)
29 (1, 4, 0, 0, 779, 0, 18, 37, 0, 0, 0, 226)
30 (1, 4, 0, 0, 360, 0, 0, 40, 1, 1, 0, 216)
31 (1, 4, 0, 0, 30, 0, 0, 10, 0, 0, 0, 159)
0 (1, 4, 87, 45, 0, 0, 0, 96, 0, 0, 0, 199)
1 (1, 4, 72, 0, 0, 0, 11, 119, 0, 0, 0, 233)
2 (1, 4, 80, 0, 81, 0, 82, 166, 0, 0, 0, 141)
3 (1, 4, 0, 0, 353, 0, 181, 181, 0, 0, 0, 198)
4 (1, 4, 0, 0, 739, 0, 98, 72, 0, 0, 0, 193)
5 (1, 4, 38, 0, 873, 0, 0, 9, 0, 0, 0, 98)
6 (1, 4, 0, 91, 447, 0, 0, 0, 0, 0, 0, 131)
7 (1, 4, 0, 0, 0, 0, 0, 0, 0, 0, 0, 126)
8 (1, 4, 0, 133, 0, 0, 0, 23, 0, 0, 0, 208)
9 (1, 4, 136, 129, 0, 0, 0, 63, 0, 0, 0, 36)
10 (1, 4, 214, 8, 0, 0, 0, 76, 0, 0, 0, 79)
11 (1, 4, 14, 148, 0, 0, 37, 113, 0, 0, 0, 239)
12 (1, 4, 0, 216, 0, 0, 68, 121, 0, 0, 0, 213)
13 (1, 4, 0, 195, 0, 82, 202, 200, 0, 0, 0, 0)
14 (1, 4, 0, 0, 557, 0, 251, 195, 0, 0, 0, 9)
15 (1, 4, 0, 0, 843, 0, 79, 79, 0, 0, 0, 106)
16 (1, 4, 0, 0, 532, 0, 0, 21, 0, 0, 0, 156)
17 (1, 4, 0, 0, 153, 0, 0, 0, 0, 0, 0, 216)
18 (1, 4, 0, 0, 0, 0, 0, 12, 0, 0, 0, 225)
19 (1, 4, 0, 10, 0, 0, 0, 22, 0, 0, 0, 191)
20 (1, 4, 0, 67, 0, 0, 0, 23, 0, 0, 0, 229)
21 (1, 4, 3, 112, 0, 0, 0, 20, 0, 0, 0, 234)
22 (1, 4, 0, 263, 92, 0, 0, 46, 0, 0, 0, 120)
23 (1, 4, 0, 304, 92, 0, 0, 69, 0, 0, 0, 177)
24 (1, 4, 0, 303, 0, 0, 0, 77, 0, 0, 0, 237)
25 (1, 4, 0, 95, 130, 0, 0, 84, 0, 0, 0, 16)
26 (1, 4, 6, 99, 123, 0, 0, 79, 0, 0, 0, 2)
27 (1, 4, 0, 21, 76, 0, 0, 78, 0, 0, 0, 10)
28 (1, 4, 0, 0, 7, 0, 0, 46, 0, 0, 0, 28)
29 (1, 4, 53, 0, 18, 0, 0, 18, 0, 0, 0, 85)
30 (1, 4, 6, 34, 16, 0, 0, 55, 0, 0, 0, 235)
0 (1, 4, 34, 118, 85, 0, 0, 39, 0, 0, 0, 206)
1 (1, 4, 37, 135, 0, 0, 0, 38, 0, 0, 0, 225)
2 (1, 4, 82, 0, 0, 0, 0, 27, 0, 0, 0, 84)
3 (1, 4, 176, 0, 0, 0, 0, 32, 0, 0, 0, 237)
4 (1, 4, 187, 0, 0, 0, 22, 36, 0, 0, 0, 110)
5 (1, 4, 125, 9, 0, 0, 19, 46, 0, 0, 0, 25)
6 (1, 4, 62, 62, 0, 0, 0, 59, 0, 0, 0, 84)
7 (1, 4, 114, 8, 0, 5, 0, 67, 0, 0, 0, 63)
8 (1, 4, 63, 76, 0, 0, 0, 86, 0, 0, 0, 179)
9 (1, 4, 215, 0, 157, 0, 9, 162, 0, 0, 0, 250)
10 (1, 4, 33, 0, 259, 0, 113, 207, 0, 0, 0, 140)
11 (1, 4, 0, 0, 494, 0, 80, 116, 0, 0, 0, 199)
12 (1, 4, 0, 0, 721, 0, 0, 33, 0, 0, 0, 91)
13 (1, 4, 0, 0, 657, 0, 0, 13, 0, 0, 0, 158)
14 (1, 4, 0, 60, 137, 0, 0, 0, 1, 1, 0, 100)
15 (1, 4, 0, 92, 0, 0, 0, 0, 0, 0, 0, 245)
16 (1, 4, 29, 276, 0, 0, 0, 56, 0, 0, 0, 30)
17 (1, 4, 38, 260, 0, 0, 0, 79, 1, 0, 0, 124)
18 (1, 4, 25, 288, 0, 0, 13, 129, 0, 0, 0, 201)
19 (1, 4, 78, 164, 0, 1, 82, 199, 0, 0, 0, 20)
20 (1, 4, 0, 0, 146, 33, 184, 242, 0, 0, 0, 80)
21 (1, 4, 0, 0, 626, 0, 97, 147, 0, 0, 0, 192)
22 (1, 4, 0, 0, 862, 0, 25, 53, 0, 0, 0, 53)
23 (1, 4, 0, 0, 645, 0, 0, 49, 2, 2, 0, 64)
24 (1, 4, 0, 0, 172, 0, 0, 0, 1, 1, 0, 154)
25 (1, 4, 0, 0, 0, 0, 0, 0, 1, 1, 0, 119)
26 (1, 4, 12, 0, 0, 0, 0, 0, 1, 1, 0, 63)
27 (1, 4, 0, 153, 0, 0, 0, 10, 0, 0, 0, 75)
28 (1, 4, 65, 160, 26, 0, 0, 31, 0, 0, 0, 252)
29 (1, 4, 86, 187, 68, 0, 0, 44, 0, 0, 0, 97)
30 (1, 4, 47, 263, 131, 0, 0, 79, 0, 0, 0, 242)
31 (1, 4, 35, 53, 136, 0, 0, 92, 0, 0, 0, 35)
0 (1, 4, 53, 0, 763, 0, 130, 154, 0, 0, 0, 149)
1 (1, 4, 1, 0, 752, 0, 0, 37, 0, 0, 0, 74)
2 (1, 4, 0, 79, 561, 0, 0, 0, 0, 0, 0, 227)
3 (1, 4, 0, 0, 0, 0, 0, 0, 0, 0, 0, 126)
4 (1, 4, 0, 106, 0, 0, 0, 0, 0, 0, 0, 225)
5 (1, 4, 0, 275, 0, 0, 0, 31, 0, 0, 0, 8)
6 (1, 4, 94, 348, 0, 0, 0, 77, 0, 0, 0, 40)
7 (1, 4, 0, 385, 0, 0, 1, 134, 0, 0, 0, 16)
8 (1, 4, 146, 108, 0, 0, 100, 206, 2, 2, 0, 176)
9 (1, 4, 0, 125, 41, 59, 166, 241, 0, 0, 0, 217)
10 (1, 4, 79, 0, 555, 0, 107, 166, 0, 0, 0, 84)
11 (1, 4, 86, 0, 730, 0, 72, 72, 0, 0, 0, 27)
12 (1, 4, 0, 0, 681, 0, 0, 56, 0, 0, 0, 123)
13 (1, 4, 134, 10, 508, 0, 0, 64, 0, 0, 0, 224)
14 (1, 4, 0, 0, 0, 0, 0, 39, 0, 0, 0, 204)
15 (1, 4, 0, 0, 0, 0, 0, 34, 0, 0, 0, 102)
16 (1, 4, 0, 66, 0, 22, 0, 31, 0, 0, 0, 15)
17 (1, 4, 0, 177, 0, 12, 0, 36, 0, 0, 0, 57)
18 (1, 4, 0, 186, 19, 0, 0, 36, 0, 0, 0, 18)
19 (1, 4, 0, 306, 150, 0, 0, 58, 0, 0, 0, 139)
20 (1, 4, 0, 221, 163, 0, 0, 59, 0, 0, 0, 11)
21 (1, 4, 0, 122, 115, 0, 0, 91, 0, 0, 0, 91)
22 (1, 4, 37, 57, 87, 0, 0, 74, 0, 0, 0, 93)
23 (1, 4, 0, 121, 74, 0, 0, 91, 0, 0, 0, 42)
24 (1, 4, 0, 15, 15, 0, 0, 42, 0, 0, 0, 100)
25 (1, 4, 0, 64, 2, 0, 0, 69, 0, 0, 0, 61)
26 (1, 4, 38, 0, 0, 0, 0, 38, 0, 0, 0, 240)
27 (1, 4, 0, 0, 0, 0, 0, 31, 0, 0, 0, 84)
28 (1, 4, 0, 12, 31, 0, 0, 39, 0, 0, 0, 131)
29 (1, 4, 0, 0, 12, 0, 0, 33, 0, 0, 0, 226)
30 (1, 4, 0, 11, 25, 0, 0, 31, 0, 0, 0, 104)
31 (1, 4, 27, 14, 30, 0, 0, 34, 0, 0, 0, 82)
0 (1, 4, 0, 0, 0, 0, 0, 32, 0, 0, 0, 223)
1 (1, 4, 3, 2, 0, 0, 0, 36, 0, 0, 0, 213)
2 (1, 4, 0, 1, 0, 0, 0, 34, 0, 0, 0, 211)
3 (1, 4, 0, 7, 0, 0, 0, 36, 0, 0, 0, 168)
4 (1, 4, 0, 5, 0, 0, 0, 33, 0, 0, 0, 111)
5 (1, 4, 0, 2, 0, 0, 0, 33, 0, 0, 0, 109)
6 (1, 4, 3, 0, 0, 0, 0, 35, 0, 0, 0, 171)
7 (1, 4, 34, 0, 0, 0, 0, 40, 0, 0, 0, 238)
8 (1, 4, 238, 0, 0, 0, 0, 53, 0, 0, 0, 169)
9 (1, 4, 291, 0, 0, 0, 0, 34, 0, 0, 0, 177)
10 (1, 4, 34, 75, 0, 0, 0, 44, 0, 0, 0, 115)
11 (1, 4, 277, 7, 0, 0, 0, 44, 0, 0, 0, 150)
12 (1, 4, 272, 0, 0, 0, 0, 51, 0, 0, 0, 136)
13 (1, 4, 143, 0, 0, 0, 0, 64, 0, 0, 0, 116)
14 (1, 4, 1, 0, 0, 0, 0, 66, 0, 0, 0, 140)
15 (1, 4, 12, 1, 0, 0, 0, 76, 0, 0, 0, 89)
16 (1, 4, 0, 23, 0, 0, 0, 68, 0, 0, 0, 45)
17 (1, 4, 3, 0, 0, 0, 0, 69, 0, 0, 0, 131)
18 (1, 4, 35, 0, 0, 0, 0, 54, 0, 0, 0, 21)
19 (1, 4, 60, 0, 0, 0, 0, 58, 0, 0, 0, 48)
20 (1, 4, 37, 48, 0, 0, 0, 101, 0, 0, 0, 98)
21 (1, 4, 207, 0, 0, 0, 54, 185, 0, 0, 0, 236)
22 (1, 4, 153, 0, 292, 0, 178, 196, 0, 0, 0, 252)
23 (1, 4, 7, 0, 675, 0, 118, 121, 0, 0, 0, 219)
24 (1, 4, 0, 0, 852, 0, 21, 12, 0, 0, 0, 195)
25 (1, 4, 160, 23, 764, 0, 0, 20, 0, 0, 0, 186)
26 (1, 4, 0, 85, 21, 0, 0, 7, 0, 0, 0, 85)
27 (1, 4, 0, 45, 0, 0, 0, 27, 0, 0, 0, 63)
28 (1, 4, 0, 196, 0, 0, 0, 58, 0, 0, 0, 7)
29 (1, 4, 39, 189, 0, 0, 0, 84, 0, 0, 0, 14)
30 (1, 4, 17, 209, 0, 0, 19, 115, 0, 0, 0, 153)
31 (1, 4, 0, 227, 0, 0, 52, 166, 0, 0, 0, 106)
0 (1, 4, 131, 0, 0, 0, 20, 23, 1, 1, 0, 214)
1 (1, 4, 100, 51, 0, 0, 38, 33, 1, 1, 0, 24)
2 (1, 4, 68, 55, 0, 14, 18, 42, 0, 0, 0, 81)
3 (1, 4, 49, 24, 0, 4, 0, 60, 2, 2, 0, 6)
4 (1, 4, 24, 42, 0, 0, 0, 76, 0, 0, 0, 40)
5 (1, 4, 67, 0, 0, 5, 0, 156, 0, 0, 0, 64)
6 (1, 4, 19, 0, 408, 0, 222, 274, 0, 0, 0, 219)
7 (1, 4, 54, 0, 873, 0, 54, 137, 1, 1, 0, 152)
8 (1, 4, 0, 0, 658, 0, 0, 24, 1, 1, 0, 85)
9 (1, 4, 0, 0, 375, 0, 0, 0, 2, 2, 0, 174)
10 (1, 4, 0, 0, 0, 0, 0, 0, 1, 1, 0, 119)
11 (1, 4, 24, 162, 0, 0, 0, 0, 1, 1, 0, 73)
12 (1, 4, 66, 281, 0, 0, 0, 14, 1, 1, 0, 70)
13 (1, 4, 190, 351, 0, 0, 0, 56, 0, 0, 0, 54)
14 (1, 4, 157, 369, 0, 0, 62, 156, 0, 0, 0, 35)
15 (1, 4, 0, 261, 0, 78, 221, 288, 0, 0, 0, 227)
16 (1, 4, 44, 0, 528, 0, 124, 186, 0, 0, 0, 47)
17 (1, 4, 34, 0, 789, 0, 70, 52, 0, 0, 0, 251)
18 (1, 4, 0, 0, 873, 0, 0, 53, 1, 2, 0, 216)
19 (1, 4, 0, 9, 54, 0, 0, 0, 1, 1, 0, 129)
20 (1, 4, 0, 0, 0, 0, 0, 2, 0, 0, 0, 199)
21 (1, 4, 0, 118, 0, 0, 0, 47, 0, 0, 0, 177)
22 (1, 4, 0, 66, 0, 18, 0, 32, 0, 0, 0, 248)
23 (1, 4, 0, 150, 0, 19, 0, 29, 0, 0, 0, 236)
24 (1, 4, 0, 220, 78, 3, 0, 32, 0, 0, 0, 66)
25 (1, 4, 0, 244, 200, 0, 0, 44, 0, 0, 0, 13)
26 (1, 4, 31, 219, 326, 0, 0, 73, 0, 0, 0, 235)
27 (1, 4, 14, 144, 280, 0, 0, 123, 0, 0, 0, 111)
28 (1, 4, 0, 47, 188, 0, 0, 91, 0, 0, 0, 133)
29 (1, 4, 0, 55, 89, 0, 0, 66, 0, 0, 0, 143)
0 (1, 4, 13, 6, 0, 0, 0, 35, 0, 0, 0, 72)
1 (1, 4, 6, 2, 0, 0, 0, 41, 0, 0, 0, 163)
2 (1, 4, 25, 0, 0, 0, 0, 37, 0, 0, 0, 235)
3 (1, 4, 66, 0, 0, 0, 0, 38, 0, 0, 0, 134)
4 (1, 4, 149, 0, 0, 0, 0, 25, 0, 0, 0, 91)
5 (1, 4, 94, 103, 0, 0, 0, 24, 0, 0, 0, 57)
6 (1, 4, 229, 119, 0, 0, 0, 18, 0, 0, 0, 91)
7 (1, 4, 197, 103, 0, 0, 0, 46, 0, 0, 0, 16)
8 (1, 4, 207, 0, 0, 0, 23, 64, 0, 0, 0, 16)
9 (1, 4, 103, 0, 0, 6, 40, 57, 0, 0, 0, 211)
10 (1, 4, 30, 53, 0, 0, 0, 43, 0, 0, 0, 43)
11 (1, 4, 54, 94, 0, 0, 0, 55, 0, 0, 0, 250)
12 (1, 4, 138, 0, 0, 0, 0, 64, 0, 0, 0, 66)
13 (1, 4, 89, 0, 0, 4, 0, 76, 0, 0, 0, 207)
14 (1, 4, 88, 0, 0, 0, 3, 113, 0, 0, 0, 4)
15 (1, 4, 125, 0, 190, 15, 80, 186, 0, 0, 0, 186)
16 (1, 4, 0, 0, 669, 0, 116, 165, 0, 0, 0, 204)
17 (1, 4, 0, 0, 791, 0, 0, 27, 0, 0, 0, 92)
18 (1, 4, 0, 12, 495, 0, 0, 0, 0, 0, 0, 231)
19 (1, 4, 0, 0, 0, 0, 0, 0, 0, 0, 0, 126)
20 (1, 4, 0, 142, 0, 0, 0, 0, 0, 0, 0, 123)
21 (1, 4, 0, 313, 0, 0, 0, 15, 0, 0, 0, 199)
22 (1, 4, 24, 487, 0, 0, 0, 45, 0, 0, 0, 168)
23 (1, 4, 215, 266, 0, 0, 18, 143, 0, 0, 0, 23)
24 (1, 4, 46, 181, 0, 73, 190, 294, 1, 1, 0, 51)
25 (1, 4, 0, 0, 389, 4, 155, 284, 2, 2, 0, 232)
26 (1, 4, 203, 0, 654, 0, 76, 59, 1, 1, 0, 201)
27 (1, 4, 0, 0, 709, 0, 0, 47, 0, 0, 0, 92)
28 (1, 4, 0, 145, 339, 0, 0, 12, 1, 2, 0, 226)
29 (1, 4, 0, 0, 0, 0, 0, 0, 0, 0, 0, 126)
30 (1, 4, 13, 0, 0, 15, 0, 12, 0, 0, 0, 2)
31 (1, 4, 0, 68, 0, 35, 0, 30, 0, 0, 0, 26)
0 (1, 4, 0, 3, 0, 0, 0, 42, 0, 0, 0, 84)
1 (1, 4, 27, 5, 2, 0, 0, 44, 0, 0, 0, 130)
2 (1, 4, 196, 0, 72, 0, 0, 56, 0, 0, 0, 5)
3 (1, 4, 0, 0, 0, 0, 0, 23, 0, 0, 0, 190)
4 (1, 4, 92, 245, 0, 0, 0, 48, 2, 1, 0, 204)
5 (1, 4, 224, 129, 0, 0, 0, 39, 0, 0, 0, 35)
6 (1, 4, 164, 131, 0, 0, 0, 72, 0, 0, 0, 226)
7 (1, 4, 156, 51, 0, 0, 15, 60, 0, 0, 0, 252)
8 (1, 4, 114, 77, 0, 4, 0, 64, 0, 0, 0, 170)
9 (1, 4, 129, 16, 0, 0, 0, 66, 0, 0, 0, 248)
10 (1, 4, 80, 8, 0, 0, 0, 86, 0, 0, 0, 254)
11 (1, 4, 100, 0, 49, 0, 4, 158, 0, 0, 0, 129)
12 (1, 4, 51, 0, 255, 10, 137, 233, 0, 0, 0, 136)
13 (1, 4, 0, 0, 752, 0, 178, 179, 2, 2, 0, 141)
14 (1, 4, 169, 0, 873, 0, 18, 27, 1, 1, 0, 57)
15 (1, 4, 0, 39, 636, 0, 0, 18, 2, 2, 0, 228)
16 (1, 4, 0, 0, 0, 0, 0, 0, 1, 1, 0, 119)
17 (1, 4, 43, 149, 0, 0, 0, 3, 0, 0, 0, 178)
18 (1, 4, 28, 289, 0, 0, 0, 43, 0, 0, 0, 105)
19 (1, 4, 130, 231, 0, 0, 0, 61, 0, 0, 0, 7)
20 (1, 4, 0, 374, 0, 0, 76, 141, 0, 0, 0, 254)
21 (1, 4, 0, 149, 0, 77, 194, 338, 0, 0, 0, 229)
22 (1, 4, 4, 0, 496, 29, 192, 270, 0, 0, 0, 221)
23 (1, 4, 88, 0, 873, 0, 74, 66, 0, 0, 0, 120)
24 (1, 4, 0, 0, 804, 0, 0, 15, 1, 1, 0, 201)
25 (1, 4, 0, 0, 240, 0, 0, 0, 1, 1, 0, 252)
26 (1, 4, 0, 35, 0, 0, 0, 0, 0, 0, 0, 100)
27 (1, 4, 111, 79, 0, 0, 0, 17, 0, 0, 0, 84)
28 (1, 4, 24, 119, 0, 2, 0, 39, 0, 0, 0, 64)
29 (1, 4, 48, 167, 0, 0, 0, 21, 0, 0, 0, 225)
30 (1, 4, 25, 267, 137, 0, 0, 64, 0, 0, 0, 242)
31 (1, 4, 0, 292, 163, 0, 0, 74, 0, 0, 0, 33)
0 (1, 4, 1, 88, 0, 0, 0, 37, 0, 0, 0, 42)
1 (1, 4, 389, 0, 0, 0, 0, 51, 0, 0, 0, 75)
2 (1, 4, 334, 0, 0, 0, 0, 26, 0, 0, 0, 33)
3 (1, 4, 126, 130, 0, 0, 0, 43, 0, 0, 0, 197)
4 (1, 4, 190, 25, 0, 0, 0, 59, 0, 0, 0, 129)
5 (1, 4, 136, 0, 0, 0, 0, 81, 0, 0, 0, 82)
6 (1, 4, 93, 0, 0, 0, 30, 72, 0, 0, 0, 171)
7 (1, 4, 34, 0, 0, 0, 6, 55, 0, 0, 0, 213)
8 (1, 4, 27, 0, 0, 0, 0, 47, 0, 0, 0, 164)
9 (1, 4, 0, 0, 0, 0, 0, 60, 0, 0, 0, 147)
10 (1, 4, 45, 0, 0, 0, 0, 63, 0, 0, 0, 116)
11 (1, 4, 25, 0, 0, 0, 0, 85, 0, 0, 0, 220)
12 (1, 4, 37, 0, 0, 0, 0, 106, 0, 0, 0, 56)
13 (1, 4, 148, 0, 12, 0, 34, 136, 0, 0, 0, 206)
14 (1, 4, 145, 0, 282, 0, 127, 166, 0, 0, 0, 232)
15 (1, 4, 74, 0, 699, 0, 187, 158, 0, 0, 0, 223)
16 (1, 4, 0, 0, 873, 0, 0, 43, 0, 0, 0, 153)
17 (1, 4, 0, 106, 387, 0, 0, 0, 0, 0, 0, 246)
18 (1, 4, 0, 0, 0, 0, 0, 0, 0, 0, 0, 126)
19 (1, 4, 0, 159, 0, 0, 0, 11, 0, 0, 0, 35)
20 (1, 4, 3, 185, 0, 0, 0, 66, 0, 0, 0, 52)
21 (1, 4, 0, 252, 0, 0, 0, 78, 0, 0, 0, 85)
22 (1, 4, 0, 453, 0, 0, 5, 122, 0, 0, 0, 136)
23 (1, 4, 129, 212, 0, 0, 78, 212, 0, 0, 0, 255)
24 (1, 4, 0, 0, 57, 17, 168, 222, 0, 0, 0, 253)
25 (1, 4, 0, 0, 527, 0, 122, 161, 0, 0, 0, 200)
26 (1, 4, 0, 0, 667, 0, 53, 90, 0, 0, 0, 154)
27 (1, 4, 8, 0, 543, 0, 0, 36, 0, 0, 0, 70)
28 (1, 4, 0, 0, 176, 0, 0, 0, 0, 0, 0, 14)
29 (1, 4, 3, 0, 122, 0, 0, 0, 0, 0, 0, 133)

