1 (1, 4, 9, 215, 301, 0, 36, 0, 1, 1, 0, 211)
2 (1, 4, 280, 361, 490, 0, 1, 19, 2, 1, 0, 23)
3 (1, 4, 739, 505, 681, 0, 0, 47, 1, 0, 0, 86)
4 (1, 4, 414, 568, 305, 0, 54, 67, 1, 1, 0, 251)
5 (1, 4, 0, 189, 132, 0, 0, 179, 1, 1, 0, 56)
6 (1, 4, 117, 8, 37, 0, 0, 160, 1, 0, 0, 40)
7 (1, 4, 0, 0, 0, 0, 0, 155, 1, 0, 0, 201)
8 (1, 4, 5, 0, 0, 0, 0, 119, 1, 0, 0, 14)
9 (1, 4, 0, 0, 0, 0, 0, 102, 1, 0, 0, 52)
10 (1, 4, 0, 0, 0, 0, 0, 92, 1, 0, 0, 21)
11 (1, 4, 62, 0, 0, 0, 0, 73, 0, 0, 0, 125)
12 (1, 4, 5, 0, 0, 0, 9, 51, 1, 0, 0, 134)
13 (1, 4, 62, 0, 0, 0, 0, 57, 1, 0, 0, 40)
14 (1, 4, 65, 0, 0, 7, 19, 47, 1, 1, 0, 251)
15 (1, 4, 0, 0, 0, 32, 0, 38, 1, 1, 0, 243)
16 (1, 4, 0, 50, 0, 46, 0, 37, 1, 1, 0, 225)
17 (1, 4, 0, 206, 283, 42, 0, 39, 1, 1, 0, 73)
18 (1, 4, 0, 253, 442, 0, 0, 51, 1, 1, 0, 32)
19 (1, 4, 0, 229, 454, 0, 0, 62, 1, 1, 0, 42)
20 (1, 4, 0, 303, 413, 0, 0, 67, 1, 1, 0, 103)
21 (1, 4, 0, 85, 409, 0, 0, 63, 1, 1, 0, 138)
22 (1, 4, 0, 427, 469, 0, 0, 46, 0, 0, 0, 86)
23 (1, 4, 232, 37, 373, 0, 0, 67, 1, 0, 0, 84)
24 (1, 4, 0, 148, 236, 0, 4, 25, 0, 0, 0, 215)
25 (1, 4, 0, 209, 153, 0, 0, 41, 1, 0, 0, 120)
26 (1, 4, 122, 48, 160, 0, 0, 22, 0, 0, 0, 15)
27 (1, 4, 0, 128, 116, 0, 0, 10, 0, 0, 0, 8)
28 (1, 4, 0, 170, 33, 0, 0, 28, 0, 0, 0, 69)
29 (1, 4, 52, 0, 0, 0, 0, 15, 0, 0, 0, 152)
30 (1, 4, 99, 0, 0, 0, 18, 2, 0, 0, 0, 236)
31 (1, 4, 51, 0, 0, 0, 22, 0, 1, 0, 0, 189)
32 (1, 4, 18, 0, 0, 0, 20, 0, 1, 0, 0, 134)
1 (1, 4, 17, 0, 0, 72, 0, 50, 2, 2, 0, 100)
2 (1, 4, 0, 0, 0, 100, 0, 0, 2, 2, 0, 44)
3 (1, 4, 0, 0, 0, 78, 0, 0, 2, 3, 0, 104)
4 (1, 4, 0, 0, 0, 102, 0, 0, 2, 3, 0, 121)
5 (1, 4, 0, 0, 0, 103, 2, 0, 1, 2, 0, 89)
6 (1, 4, 0, 41, 14, 58, 21, 0, 1, 1, 0, 185)
7 (1, 4, 0, 162, 171, 12, 26, 0, 1, 1, 0, 227)
8 (1, 4, 37, 205, 313, 0, 48, 0, 2, 1, 0, 2)
9 (1, 4, 400, 364, 524, 0, 0, 41, 0, 0, 0, 136)
10 (1, 4, 591, 644, 600, 0, 0, 68, 1, 0, 0, 111)
11 (1, 4, 372, 664, 258, 2, 62, 89, 1, 1, 0, 74)
12 (1, 4, 0, 246, 102, 0, 0, 188, 1, 0, 0, 153)
13 (1, 4, 130, 0, 0, 0, 0, 130, 1, 0, 0, 38)
14 (1, 4, 0, 29, 0, 0, 4, 137, 1, 0, 0, 253)
15 (1, 4, 87, 0, 0, 0, 0, 108, 1, 0, 0, 36)
16 (1, 4, 92, 0, 0, 0, 0, 81, 0, 0, 0, 22)
17 (1, 4, 158, 0, 0, 0, 0, 71, 0, 0, 0, 137)
18 (1, 4, 54, 0, 0, 0, 21, 57, 0, 0, 0, 37)
19 (1, 4, 28, 9, 0, 0, 8, 80, 0, 0, 0, 135)
20 (1, 4, 109, 99, 0, 20, 15, 86, 0, 0, 0, 151)
21 (1, 4, 0, 179, 0, 0, 19, 92, 0, 0, 0, 3)
22 (1, 4, 0, 84, 0, 0, 15, 107, 0, 0, 0, 135)
23 (1, 4, 0, 0, 81, 0, 3, 66, 1, 0, 0, 123)
24 (1, 4, 0, 0, 264, 0, 0, 67, 1, 1, 0, 181)
25 (1, 4, 0, 76, 430, 0, 0, 51, 1, 1, 0, 22)
26 (1, 4, 0, 52, 367, 0, 0, 54, 1, 0, 0, 218)
27 (1, 4, 0, 133, 416, 0, 0, 75, 1, 1, 0, 130)
28 (1, 4, 0, 128, 412, 0, 0, 74, 1, 1, 0, 81)
29 (1, 4, 0, 148, 437, 0, 0, 85, 1, 0, 0, 125)
30 (1, 4, 0, 86, 339, 0, 0, 50, 1, 1, 0, 139)
31 (1, 4, 0, 137, 296, 0, 0, 45, 1, 1, 0, 142)
32 (1, 4, 0, 115, 259, 0, 0, 27, 1, 1, 0, 54)
1 (1, 4, 0, 13, 0, 109, 8, 0, 0, 0, 0, 196)
2 (1, 4, 0, 0, 0, 84, 11, 0, 1, 1, 0, 99)
3 (1, 4, 0, 0, 118, 56, 27, 0, 1, 1, 0, 85)
4 (1, 4, 0, 37, 241, 26, 25, 0, 2, 1, 0, 111)
5 (1, 4, 0, 53, 192, 11, 2, 0, 1, 1, 0, 154)
6 (1, 4, 287, 263, 326, 19, 25, 0, 1, 1, 0, 20)
7 (1, 4, 605, 509, 471, 0, 0, 41, 1, 1, 0, 29)
8 (1, 4, 450, 608, 490, 0, 0, 46, 2, 1, 0, 98)
9 (1, 4, 311, 600, 315, 0, 14, 55, 1, 0, 0, 229)
10 (1, 4, 317, 389, 396, 0, 0, 124, 1, 0, 0, 18)
11 (1, 4, 300, 436, 317, 0, 13, 137, 1, 0, 0, 66)
12 (1, 4, 0, 201, 0, 0, 0, 191, 0, 0, 0, 251)
13 (1, 4, 24, 0, 0, 0, 0, 123, 0, 0, 0, 85)
14 (1, 4, 0, 0, 0, 0, 2, 89, 0, 0, 0, 47)
15 (1, 4, 0, 75, 0, 0, 0, 84, 0, 0, 0, 117)
16 (1, 4, 8, 0, 0, 0, 0, 77, 0, 0, 0, 11)
17 (1, 4, 0, 0, 0, 0, 0, 52, 0, 0, 0, 121)
18 (1, 4, 0, 0, 0, 0, 0, 55, 0, 0, 0, 31)
19 (1, 4, 0, 0, 0, 0, 0, 34, 0, 0, 0, 102)
20 (1, 4, 5, 0, 0, 10, 0, 34, 0, 0, 0, 150)
21 (1, 4, 0, 122, 0, 24, 0, 60, 0, 0, 0, 98)
22 (1, 4, 0, 236, 161, 22, 0, 53, 0, 0, 0, 161)
23 (1, 4, 0, 265, 326, 0, 0, 73, 0, 0, 0, 58)
24 (1, 4, 0, 110, 324, 0, 0, 61, 1, 0, 0, 147)
25 (1, 4, 0, 146, 294, 0, 0, 61, 1, 1, 0, 154)
26 (1, 4, 0, 44, 358, 0, 0, 42, 1, 1, 0, 7)
27 (1, 4, 0, 195, 272, 0, 0, 26, 1, 1, 0, 143)
28 (1, 4, 0, 84, 233, 0, 0, 15, 1, 1, 0, 106)
29 (1, 4, 0, 189, 68, 0, 0, 17, 1, 1, 0, 160)
30 (1, 4, 67, 0, 38, 0, 0, 8, 1, 1, 0, 137)
31 (1, 4, 119, 0, 47, 0, 0, 5, 1, 1, 0, 254)
32 (1, 4, 39, 66, 141, 0, 0, 14, 1, 1, 0, 213)
1 (1, 4, 99, 297, 545, 0, 24, 0, 1, 0, 0, 245)
2 (1, 4, 375, 489, 587, 0, 4, 0, 1, 0, 0, 156)
3 (1, 4, 805, 742, 522, 0, 20, 35, 1, 1, 0, 50)
4 (1, 4, 846, 873, 739, 0, 40, 56, 1, 1, 0, 98)
5 (1, 4, 0, 873, 377, 0, 0, 212, 1, 0, 0, 21)
6 (1, 4, 262, 0, 0, 0, 0, 126, 0, 0, 0, 73)
7 (1, 4, 75, 0, 0, 0, 57, 89, 0, 0, 0, 6)
8 (1, 4, 0, 246, 0, 0, 0, 96, 0, 0, 0, 12)
9 (1, 4, 124, 82, 112, 0, 0, 100, 0, 0, 0, 252)
10 (1, 4, 50, 32, 76, 0, 0, 82, 0, 0, 0, 177)
11 (1, 4, 83, 0, 24, 0, 0, 79, 0, 0, 0, 122)
12 (1, 4, 45, 13, 0, 0, 0, 64, 0, 0, 0, 102)
13 (1, 4, 68, 72, 0, 0, 6, 68, 0, 0, 0, 222)
14 (1, 4, 0, 31, 0, 0, 0, 56, 0, 0, 0, 54)
15 (1, 4, 93, 0, 0, 0, 15, 59, 0, 0, 0, 6)
16 (1, 4, 0, 51, 0, 0, 16, 63, 0, 0, 0, 11)
17 (1, 4, 0, 70, 27, 0, 4, 44, 0, 0, 0, 239)
18 (1, 4, 0, 212, 136, 0, 0, 54, 0, 0, 0, 180)
19 (1, 4, 0, 218, 275, 0, 0, 69, 0, 0, 0, 53)
20 (1, 4, 0, 254, 205, 0, 0, 65, 0, 0, 0, 189)
21 (1, 4, 0, 215, 144, 0, 0, 43, 0, 0, 0, 60)
22 (1, 4, 0, 182, 83, 0, 0, 17, 0, 0, 0, 88)
23 (1, 4, 0, 133, 109, 0, 0, 14, 0, 0, 0, 69)
24 (1, 4, 0, 110, 102, 0, 0, 7, 0, 0, 0, 92)
25 (1, 4, 0, 70, 104, 0, 0, 15, 0, 0, 0, 10)
26 (1, 4, 0, 31, 208, 0, 0, 11, 1, 1, 0, 94)
27 (1, 4, 0, 152, 142, 0, 0, 0, 1, 1, 0, 152)
28 (1, 4, 0, 74, 63, 0, 0, 0, 2, 1, 0, 84)
29 (1, 4, 0, 110, 0, 0, 0, 0, 1, 1, 0, 50)
30 (1, 4, 0, 156, 0, 0, 0, 6, 1, 1, 0, 178)
31 (1, 4, 0, 0, 0, 0, 0, 4, 1, 1, 0, 2)
32 (1, 4, 0, 76, 27, 0, 0, 0, 1, 1, 0, 229)
1 (1, 4, 0, 73, 83, 44, 9, 0, 1, 0, 0, 115)
2 (1, 4, 0, 189, 216, 22, 10, 0, 1, 1, 0, 70)
3 (1, 4, 0, 245, 257, 2, 4, 0, 1, 1, 0, 45)
4 (1, 4, 166, 293, 159, 4, 0, 0, 1, 1, 0, 98)
5 (1, 4, 405, 442, 330, 0, 5, 17, 1, 1, 0, 140)
6 (1, 4, 295, 492, 452, 0, 0, 8, 1, 1, 0, 183)
7 (1, 4, 490, 618, 372, 0, 0, 60, 0, 0, 0, 141)
8 (1, 4, 453, 371, 383, 0, 15, 111, 0, 0, 0, 1)
9 (1, 4, 156, 417, 241, 0, 0, 107, 0, 0, 0, 39)
10 (1, 4, 34, 295, 0, 0, 0, 111, 1, 0, 0, 255)
11 (1, 4, 68, 0, 0, 0, 0, 100, 1, 0, 0, 60)
12 (1, 4, 98, 62, 7, 0, 0, 101, 0, 0, 0, 32)
13 (1, 4, 39, 105, 0, 0, 0, 108, 0, 0, 0, 175)
14 (1, 4, 0, 69, 0, 0, 0, 84, 1, 1, 0, 120)
15 (1, 4, 0, 27, 0, 0, 0, 65, 1, 0, 0, 140)
16 (1, 4, 11, 0, 0, 0, 0, 39, 1, 0, 0, 204)
17 (1, 4, 78, 0, 0, 0, 0, 28, 1, 0, 0, 141)
18 (1, 4, 22, 0, 0, 0, 0, 27, 1, 0, 0, 135)
19 (1, 4, 63, 91, 0, 0, 0, 43, 0, 0, 0, 167)
20 (1, 4, 0, 153, 0, 0, 0, 48, 0, 0, 0, 106)
21 (1, 4, 163, 169, 83, 0, 0, 77, 0, 0, 0, 65)
22 (1, 4, 88, 366, 81, 0, 0, 81, 0, 0, 0, 158)
23 (1, 4, 0, 507, 28, 0, 0, 106, 0, 0, 0, 251)
24 (1, 4, 116, 264, 18, 0, 0, 136, 0, 0, 0, 142)
25 (1, 4, 0, 91, 0, 0, 0, 83, 0, 0, 0, 7)
26 (1, 4, 88, 91, 0, 0, 0, 75, 0, 0, 0, 39)
27 (1, 4, 52, 122, 0, 0, 0, 69, 0, 0, 0, 112)
28 (1, 4, 128, 0, 0, 0, 0, 63, 0, 0, 0, 224)
29 (1, 4, 99, 0, 0, 0, 0, 66, 0, 0, 0, 222)
30 (1, 4, 120, 0, 33, 0, 0, 66, 0, 0, 0, 54)
31 (1, 4, 79, 0, 43, 0, 0, 60, 0, 0, 0, 185)
32 (1, 4, 85, 0, 47, 0, 0, 57, 0, 0, 0, 193)
1 (1, 4, 387, 340, 165, 26, 38, 22, 1, 1, 0, 88)
2 (1, 4, 611, 719, 656, 0, 0, 33, 1, 1, 0, 155)
3 (1, 4, 577, 873, 438, 0, 22, 136, 0, 0, 0, 58)
4 (1, 4, 131, 245, 159, 0, 3, 146, 0, 0, 0, 139)
5 (1, 4, 37, 128, 0, 0, 0, 108, 0, 0, 0, 245)
6 (1, 4, 129, 102, 62, 0, 3, 110, 0, 0, 0, 150)
7 (1, 4, 198, 99, 85, 0, 2, 112, 0, 0, 0, 212)
8 (1, 4, 0, 174, 0, 0, 11, 114, 0, 0, 0, 125)
9 (1, 4, 0, 0, 0, 0, 0, 118, 0, 0, 0, 133)
10 (1, 4, 0, 0, 0, 0, 5, 67, 0, 0, 0, 199)
11 (1, 4, 0, 56, 0, 0, 0, 73, 0, 0, 0, 30)
12 (1, 4, 0, 0, 0, 0, 0, 47, 0, 0, 0, 38)
13 (1, 4, 0, 0, 0, 0, 0, 38, 0, 0, 0, 19)
14 (1, 4, 0, 19, 0, 0, 0, 25, 0, 0, 0, 33)
15 (1, 4, 0, 98, 67, 0, 0, 24, 0, 0, 0, 43)
16 (1, 4, 0, 280, 342, 0, 0, 64, 0, 0, 0, 164)
17 (1, 4, 0, 214, 379, 0, 0, 30, 0, 0, 0, 255)
18 (1, 4, 0, 136, 337, 0, 0, 18, 0, 0, 0, 235)
19 (1, 4, 0, 155, 376, 0, 0, 21, 0, 0, 0, 151)
20 (1, 4, 0, 203, 177, 0, 0, 3, 0, 0, 0, 21)
21 (1, 4, 0, 121, 176, 0, 0, 18, 0, 0, 0, 66)
22 (1, 4, 2, 75, 45, 0, 0, 14, 0, 0, 0, 36)
23 (1, 4, 0, 63, 55, 0, 0, 22, 0, 0, 0, 23)
24 (1, 4, 0, 0, 1, 0, 0, 8, 0, 0, 0, 0)
25 (1, 4, 0, 24, 0, 0, 0, 5, 0, 0, 0, 6)
26 (1, 4, 0, 37, 0, 0, 0, 9, 0, 0, 0, 230)
27 (1, 4, 0, 6, 0, 0, 1, 0, 0, 0, 0, 176)
28 (1, 4, 20, 26, 20, 0, 0, 0, 0, 0, 0, 56)
29 (1, 4, 0, 44, 0, 0, 0, 0, 0, 0, 0, 213)
30 (1, 4, 19, 22, 0, 0, 0, 0, 0, 0, 0, 90)
31 (1, 4, 18, 18, 0, 0, 0, 0, 0, 0, 0, 142)
32 (1, 4, 0, 18, 0, 0, 0, 0, 0, 0, 0, 114)
1 (1, 4, 31, 113, 0, 58, 0, 0, 2, 2, 0, 155)
2 (1, 4, 0, 138, 0, 75, 0, 0, 2, 2, 0, 191)
3 (1, 4, 0, 117, 0, 74, 0, 0, 1, 2, 0, 150)
4 (1, 4, 0, 112, 0, 81, 0, 0, 1, 1, 0, 106)
5 (1, 4, 0, 64, 0, 78, 0, 0, 1, 1, 0, 155)
6 (1, 4, 0, 45, 0, 84, 0, 0, 1, 1, 0, 55)
7 (1, 4, 0, 0, 0, 76, 0, 0, 1, 1, 0, 38)
8 (1, 4, 0, 0, 0, 54, 10, 0, 1, 1, 0, 24)
9 (1, 4, 0, 0, 119, 25, 31, 0, 2, 2, 0, 207)
10 (1, 4, 0, 26, 258, 0, 21, 0, 1, 1, 0, 165)
11 (1, 4, 94, 293, 492, 0, 36, 0, 1, 1, 0, 167)
12 (1, 4, 612, 542, 512, 0, 0, 40, 1, 1, 0, 92)
13 (1, 4, 860, 552, 528, 0, 24, 12, 1, 1, 0, 242)
14 (1, 4, 387, 807, 348, 0, 30, 84, 1, 1, 0, 23)
15 (1, 4, 250, 572, 267, 0, 21, 146, 1, 0, 0, 105)
16 (1, 4, 234, 178, 154, 0, 0, 160, 1, 0, 0, 210)
17 (1, 4, 38, 168, 34, 0, 5, 140, 1, 0, 0, 209)
18 (1, 4, 97, 88, 65, 0, 0, 136, 1, 0, 0, 2)
19 (1, 4, 82, 91, 0, 0, 0, 115, 1, 0, 0, 177)
20 (1, 4, 0, 52, 0, 0, 0, 108, 0, 0, 0, 124)
21 (1, 4, 0, 0, 0, 0, 2, 74, 0, 0, 0, 154)
22 (1, 4, 0, 0, 0, 0, 0, 41, 0, 0, 0, 234)
23 (1, 4, 29, 0, 0, 0, 0, 39, 0, 0, 0, 106)
24 (1, 4, 0, 0, 0, 0, 0, 44, 0, 0, 0, 64)
25 (1, 4, 0, 0, 0, 10, 0, 34, 0, 0, 0, 160)
26 (1, 4, 0, 35, 6, 14, 0, 30, 0, 0, 0, 90)
27 (1, 4, 0, 0, 176, 0, 0, 26, 1, 1, 0, 135)
28 (1, 4, 0, 12, 399, 0, 0, 22, 1, 1, 0, 244)
29 (1, 4, 0, 0, 420, 0, 0, 34, 1, 1, 0, 99)
30 (1, 4, 0, 12, 232, 0, 0, 0, 1, 1, 0, 86)
31 (1, 4, 0, 0, 182, 0, 0, 0, 1, 1, 0, 118)
32 (1, 4, 0, 0, 84, 0, 0, 0, 1, 1, 0, 173)
1 (1, 4, 0, 0, 133, 36, 82, 0, 1, 1, 0, 180)
2 (1, 4, 0, 0, 243, 20, 71, 0, 1, 1, 0, 190)
3 (1, 4, 0, 69, 378, 2, 86, 0, 1, 0, 0, 244)
4 (1, 4, 69, 234, 604, 0, 15, 0, 1, 0, 0, 72)
5 (1, 4, 233, 341, 513, 0, 24, 0, 1, 1, 0, 80)
6 (1, 4, 618, 518, 430, 0, 0, 14, 2, 1, 0, 52)
7 (1, 4, 488, 579, 234, 0, 42, 0, 1, 1, 0, 145)
8 (1, 4, 175, 767, 413, 0, 0, 66, 1, 0, 0, 144)
9 (1, 4, 396, 509, 262, 0, 0, 89, 1, 1, 0, 191)
10 (1, 4, 117, 543, 229, 0, 30, 117, 1, 0, 0, 111)
11 (1, 4, 0, 360, 293, 0, 0, 158, 0, 0, 0, 127)
12 (1, 4, 131, 0, 31, 0, 0, 132, 0, 0, 0, 160)
13 (1, 4, 2, 0, 0, 0, 0, 114, 0, 0, 0, 236)
14 (1, 4, 35, 0, 0, 0, 0, 110, 0, 0, 0, 105)
15 (1, 4, 0, 0, 0, 0, 0, 94, 0, 0, 0, 206)
16 (1, 4, 0, 0, 0, 0, 0, 73, 0, 0, 0, 14)
17 (1, 4, 0, 0, 0, 0, 0, 79, 0, 0, 0, 194)
18 (1, 4, 83, 0, 0, 0, 0, 50, 0, 0, 0, 206)
19 (1, 4, 0, 0, 0, 1, 0, 25, 0, 0, 0, 135)
20 (1, 4, 0, 121, 0, 1, 0, 73, 0, 0, 0, 55)
21 (1, 4, 0, 74, 0, 6, 0, 61, 0, 0, 0, 83)
22 (1, 4, 0, 120, 31, 0, 0, 50, 0, 0, 0, 0)
23 (1, 4, 0, 253, 129, 0, 0, 60, 0, 0, 0, 11)
24 (1, 4, 0, 329, 363, 0, 0, 43, 0, 0, 0, 108)
25 (1, 4, 0, 359, 436, 0, 0, 43, 1, 0, 0, 228)
26 (1, 4, 0, 156, 431, 0, 0, 40, 1, 0, 0, 85)
27 (1, 4, 0, 176, 355, 0, 0, 34, 1, 0, 0, 69)
28 (1, 4, 0, 0, 304, 0, 0, 22, 1, 0, 0, 223)
29 (1, 4, 61, 0, 187, 0, 0, 0, 0, 0, 0, 104)
30 (1, 4, 0, 132, 194, 0, 0, 3, 1, 0, 0, 132)
31 (1, 4, 0, 162, 229, 0, 0, 10, 0, 0, 0, 189)
32 (1, 4, 37, 116, 160, 0, 0, 4, 0, 0, 0, 15)
1 (1, 4, 0, 0, 0, 90, 31, 0, 0, 0, 0, 182)
2 (1, 4, 0, 0, 0, 90, 56, 0, 0, 0, 0, 211)
3 (1, 4, 0, 0, 0, 88, 54, 0, 0, 0, 0, 61)
4 (1, 4, 0, 0, 27, 82, 65, 0, 0, 0, 0, 121)
5 (1, 4, 33, 0, 173, 73, 71, 0, 0, 0, 0, 142)
6 (1, 4, 0, 56, 293, 53, 77, 0, 0, 0, 0, 59)
7 (1, 4, 62, 40, 298, 33, 44, 0, 1, 0, 0, 247)
8 (1, 4, 90, 173, 340, 12, 29, 0, 0, 0, 0, 185)
9 (1, 4, 294, 392, 485, 0, 10, 5, 0, 0, 0, 50)
10 (1, 4, 588, 554, 424, 0, 0, 35, 1, 1, 0, 74)
11 (1, 4, 655, 865, 673, 0, 0, 0, 1, 0, 0, 170)
12 (1, 4, 644, 846, 538, 0, 14, 97, 0, 0, 0, 69)
13 (1, 4, 160, 140, 259, 0, 0, 152, 0, 0, 0, 145)
14 (1, 4, 52, 208, 11, 0, 2, 127, 0, 0, 0, 185)
15 (1, 4, 35, 103, 94, 0, 0, 153, 0, 0, 0, 205)
16 (1, 4, 142, 0, 92, 0, 0, 115, 0, 0, 0, 8)
17 (1, 4, 0, 62, 0, 0, 0, 113, 0, 0, 0, 49)
18 (1, 4, 39, 0, 0, 0, 0, 92, 0, 0, 0, 154)
19 (1, 4, 0, 10, 0, 0, 0, 72, 0, 0, 0, 15)
20 (1, 4, 0, 0, 0, 0, 0, 74, 0, 0, 0, 104)
21 (1, 4, 20, 0, 0, 0, 0, 39, 0, 0, 0, 20)
22 (1, 4, 0, 3, 0, 0, 1, 62, 0, 0, 0, 139)
23 (1, 4, 0, 0, 0, 0, 0, 41, 0, 0, 0, 234)
24 (1, 4, 13, 21, 0, 0, 0, 41, 0, 0, 0, 162)
25 (1, 4, 0, 189, 104, 0, 0, 60, 0, 0, 0, 84)
26 (1, 4, 0, 220, 210, 0, 0, 50, 0, 0, 0, 101)
27 (1, 4, 0, 246, 267, 0, 0, 57, 0, 0, 0, 245)
28 (1, 4, 0, 287, 275, 0, 0, 42, 0, 0, 0, 32)
29 (1, 4, 0, 209, 270, 0, 0, 35, 0, 0, 0, 127)
30 (1, 4, 0, 99, 199, 0, 0, 7, 0, 0, 0, 27)
31 (1, 4, 0, 51, 199, 0, 0, 5, 0, 0, 0, 64)
32 (1, 4, 0, 0, 201, 0, 0, 0, 0, 0, 0, 92)
1 (1, 4, 0, 0, 12, 85, 8, 0, 0, 0, 0, 28)
2 (1, 4, 0, 0, 76, 78, 24, 0, 0, 0, 0, 76)
3 (1, 4, 0, 0, 103, 65, 20, 0, 0, 0, 0, 50)
4 (1, 4, 0, 62, 208, 56, 44, 0, 0, 0, 0, 101)
5 (1, 4, 0, 127, 295, 32, 22, 0, 1, 1, 0, 221)
6 (1, 4, 178, 317, 419, 0, 31, 0, 1, 0, 0, 109)
7 (1, 4, 233, 386, 366, 0, 4, 0, 1, 1, 0, 173)
8 (1, 4, 425, 454, 267, 0, 14, 2, 1, 1, 0, 58)
9 (1, 4, 668, 771, 513, 0, 0, 9, 0, 0, 0, 44)
10 (1, 4, 828, 873, 466, 0, 78, 49, 0, 0, 0, 24)
11 (1, 4, 5, 349, 228, 0, 0, 219, 1, 1, 0, 160)
12 (1, 4, 0, 0, 0, 0, 0, 104, 1, 0, 0, 18)
13 (1, 4, 0, 79, 0, 0, 11, 83, 0, 0, 0, 246)
14 (1, 4, 125, 167, 134, 0, 0, 85, 0, 0, 0, 235)
15 (1, 4, 89, 187, 78, 0, 0, 83, 1, 0, 0, 4)
16 (1, 4, 0, 98, 0, 0, 0, 82, 0, 0, 0, 125)
17 (1, 4, 7, 0, 0, 0, 0, 60, 0, 0, 0, 185)
18 (1, 4, 0, 20, 0, 0, 0, 65, 0, 0, 0, 95)
19 (1, 4, 0, 0, 0, 0, 0, 36, 1, 0, 0, 200)
20 (1, 4, 0, 25, 0, 0, 0, 22, 0, 0, 0, 6)
21 (1, 4, 0, 62, 0, 0, 0, 31, 0, 0, 0, 243)
22 (1, 4, 0, 118, 20, 0, 0, 7, 0, 0, 0, 219)
23 (1, 4, 0, 310, 260, 0, 0, 42, 0, 0, 0, 126)
24 (1, 4, 0, 361, 417, 0, 0, 37, 0, 0, 0, 17)
25 (1, 4, 0, 307, 411, 0, 0, 62, 0, 0, 0, 96)
26 (1, 4, 0, 196, 360, 0, 0, 25, 1, 0, 0, 70)
27 (1, 4, 0, 180, 303, 0, 0, 20, 1, 1, 0, 83)
28 (1, 4, 27, 44, 233, 0, 0, 15, 0, 0, 0, 114)
29 (1, 4, 32, 0, 35, 0, 0, 2, 0, 0, 0, 69)
30 (1, 4, 26, 2, 0, 0, 0, 4, 0, 0, 0, 234)
31 (1, 4, 7, 3, 0, 0, 4, 2, 0, 0, 0, 214)
32 (1, 4, 104, 0, 0, 0, 7, 4, 0, 0, 0, 93)
1 (1, 4, 36, 0, 3, 0, 13, 0, 0, 0, 0, 97)
2 (1, 4, 52, 2, 8, 0, 14, 0, 0, 0, 0, 96)
3 (1, 4, 62, 6, 12, 0, 9, 0, 0, 0, 0, 224)
4 (1, 4, 119, 0, 17, 0, 14, 0, 0, 0, 0, 193)
5 (1, 4, 94, 0, 27, 0, 14, 0, 0, 0, 0, 235)
6 (1, 4, 116, 0, 24, 0, 0, 0, 1, 1, 0, 34)
7 (1, 4, 212, 0, 37, 0, 0, 0, 1, 0, 0, 108)
8 (1, 4, 375, 0, 0, 0, 0, 0, 0, 0, 0, 248)
9 (1, 4, 446, 0, 0, 0, 0, 0, 0, 0, 0, 26)
10 (1, 4, 466, 0, 0, 0, 0, 0, 0, 0, 0, 28)
11 (1, 4, 201, 7, 0, 0, 0, 0, 0, 0, 0, 158)
12 (1, 4, 27, 9, 0, 0, 0, 0, 0, 0, 0, 250)
13 (1, 4, 162, 0, 0, 0, 0, 4, 0, 0, 0, 197)
14 (1, 4, 185, 0, 0, 0, 0, 0, 0, 0, 0, 50)
15 (1, 4, 106, 0, 0, 0, 0, 27, 1, 1, 0, 10)
16 (1, 4, 55, 0, 0, 0, 0, 24, 0, 0, 0, 74)
17 (1, 4, 51, 0, 0, 0, 0, 28, 0, 0, 0, 7)
18 (1, 4, 0, 0, 0, 0, 0, 34, 1, 1, 0, 111)
19 (1, 4, 0, 0, 0, 11, 0, 20, 2, 2, 0, 19)
20 (1, 4, 0, 0, 0, 42, 0, 12, 1, 1, 0, 199)
21 (1, 4, 0, 0, 0, 65, 0, 15, 1, 1, 0, 68)
22 (1, 4, 0, 0, 0, 74, 0, 15, 1, 1, 0, 157)
23 (1, 4, 0, 0, 0, 79, 0, 23, 1, 1, 0, 199)
24 (1, 4, 0, 0, 0, 76, 0, 26, 1, 1, 0, 166)
25 (1, 4, 10, 0, 0, 79, 0, 23, 1, 1, 0, 171)
26 (1, 4, 0, 0, 0, 95, 0, 3, 1, 0, 0, 253)
27 (1, 4, 7, 0, 0, 95, 0, 0, 1, 0, 0, 177)
28 (1, 4, 49, 0, 0, 86, 19, 0, 0, 0, 0, 57)
29 (1, 4, 0, 0, 0, 98, 13, 0, 1, 0, 0, 69)
30 (1, 4, 0, 0, 0, 109, 33, 0, 0, 0, 0, 173)
31 (1, 4, 0, 0, 0, 109, 34, 0, 0, 0, 0, 38)
32 (1, 4, 0, 0, 15, 107, 36, 0, 0, 0, 0, 44)
1 (1, 4, 400, 268, 369, 0, 15, 0, 0, 0, 0, 31)
2 (1, 4, 687, 625, 413, 0, 0, 30, 1, 1, 0, 243)
3 (1, 4, 622, 756, 521, 0, 0, 24, 1, 0, 0, 159)
4 (1, 4, 610, 729, 328, 0, 26, 57, 0, 0, 0, 235)
5 (1, 4, 225, 269, 272, 0, 11, 161, 0, 0, 0, 142)
6 (1, 4, 215, 24, 32, 0, 13, 132, 0, 0, 0, 160)
7 (1, 4, 0, 220, 0, 0, 29, 134, 0, 0, 0, 108)
8 (1, 4, 133, 5, 51, 0, 0, 127, 0, 0, 0, 198)
9 (1, 4, 0, 107, 0, 0, 22, 92, 0, 0, 0, 201)
10 (1, 4, 0, 0, 0, 0, 0, 94, 0, 0, 0, 206)
11 (1, 4, 0, 0, 0, 0, 6, 60, 0, 0, 0, 130)
12 (1, 4, 0, 0, 0, 0, 0, 66, 0, 0, 0, 130)
13 (1, 4, 0, 76, 0, 0, 0, 46, 0, 0, 0, 19)
14 (1, 4, 0, 113, 0, 0, 0, 57, 0, 0, 0, 172)
15 (1, 4, 0, 103, 41, 0, 0, 38, 0, 0, 0, 134)
16 (1, 4, 0, 184, 156, 0, 0, 58, 0, 0, 0, 34)
17 (1, 4, 0, 53, 205, 0, 0, 38, 0, 0, 0, 163)
18 (1, 4, 0, 36, 251, 0, 0, 22, 0, 0, 0, 245)
19 (1, 4, 0, 49, 315, 0, 0, 43, 0, 0, 0, 158)
20 (1, 4, 0, 24, 307, 0, 0, 23, 0, 0, 0, 11)
21 (1, 4, 0, 24, 238, 0, 0, 1, 0, 0, 0, 74)
22 (1, 4, 0, 0, 287, 0, 0, 0, 0, 0, 0, 5)
23 (1, 4, 0, 0, 261, 0, 0, 0, 0, 0, 0, 233)
24 (1, 4, 0, 0, 239, 0, 0, 0, 0, 0, 0, 211)
25 (1, 4, 0, 143, 150, 0, 0, 0, 0, 0, 0, 49)
26 (1, 4, 0, 120, 93, 0, 0, 0, 0, 0, 0, 31)
27 (1, 4, 0, 84, 87, 0, 0, 0, 0, 0, 0, 39)
28 (1, 4, 0, 139, 101, 0, 0, 0, 0, 0, 0, 219)
29 (1, 4, 0, 109, 54, 0, 0, 0, 0, 0, 0, 19)
30 (1, 4, 0, 0, 16, 0, 2, 0, 0, 0, 0, 243)
31 (1, 4, 0, 37, 0, 0, 11, 0, 0, 0, 0, 153)
32 (1, 4, 0, 3, 0, 0, 1, 0, 0, 0, 0, 223)
1 (1, 4, 66, 0, 79, 107, 67, 0, 1, 1, 0, 52)
2 (1, 4, 0, 0, 190, 95, 74, 0, 1, 1, 0, 100)
3 (1, 4, 0, 0, 217, 62, 48, 0, 1, 1, 0, 6)
4 (1, 4, 82, 45, 321, 42, 47, 0, 1, 0, 0, 206)
5 (1, 4, 130, 155, 380, 1, 34, 0, 1, 0, 0, 59)
6 (1, 4, 306, 274, 295, 0, 20, 0, 1, 0, 0, 236)
7 (1, 4, 791, 464, 380, 0, 2, 15, 1, 1, 0, 115)
8 (1, 4, 264, 781, 571, 0, 0, 48, 1, 0, 0, 212)
9 (1, 4, 448, 593, 259, 0, 3, 63, 0, 0, 0, 156)
10 (1, 4, 313, 351, 289, 0, 0, 148, 0, 0, 0, 136)
11 (1, 4, 54, 195, 5, 0, 0, 107, 1, 1, 0, 140)
12 (1, 4, 71, 0, 22, 0, 0, 106, 0, 0, 0, 100)
13 (1, 4, 231, 48, 93, 0, 5, 99, 0, 0, 0, 70)
14 (1, 4, 78, 186, 6, 0, 20, 138, 0, 0, 0, 17)
15 (1, 4, 39, 53, 0, 0, 0, 133, 0, 0, 0, 127)
16 (1, 4, 0, 0, 0, 0, 6, 124, 0, 0, 0, 199)
17 (1, 4, 0, 0, 0, 0, 12, 81, 0, 0, 0, 21)
18 (1, 4, 0, 0, 0, 0, 5, 58, 0, 0, 0, 197)
19 (1, 4, 0, 0, 0, 0, 0, 41, 0, 1, 0, 129)
20 (1, 4, 0, 14, 0, 0, 0, 34, 0, 0, 0, 98)
21 (1, 4, 0, 136, 0, 7, 0, 36, 1, 0, 0, 39)
22 (1, 4, 0, 174, 50, 0, 0, 32, 0, 1, 0, 221)
23 (1, 4, 0, 155, 142, 0, 0, 24, 1, 0, 0, 18)
24 (1, 4, 0, 258, 328, 0, 0, 46, 1, 0, 0, 9)
25 (1, 4, 0, 296, 478, 0, 0, 70, 1, 1, 0, 143)
26 (1, 4, 0, 238, 441, 0, 0, 48, 1, 1, 0, 68)
27 (1, 4, 0, 0, 345, 0, 0, 16, 0, 0, 0, 92)
28 (1, 4, 0, 0, 306, 0, 0, 0, 0, 0, 0, 141)
29 (1, 4, 0, 81, 335, 0, 0, 0, 0, 0, 0, 214)
30 (1, 4, 0, 0, 273, 0, 0, 0, 0, 0, 0, 200)
31 (1, 4, 0, 76, 221, 0, 0, 0, 0, 0, 0, 151)
32 (1, 4, 0, 89, 139, 0, 0, 0, 0, 0, 0, 108)
1 (1, 4, 0, 0, 0, 111, 0, 0, 0, 0, 0, 231)
2 (1, 4, 0, 0, 0, 111, 3, 0, 1, 0, 0, 14)
3 (1, 4, 0, 0, 5, 106, 18, 0, 1, 1, 0, 48)
4 (1, 4, 0, 0, 81, 86, 15, 0, 0, 0, 0, 167)
5 (1, 4, 0, 0, 128, 71, 31, 0, 0, 0, 0, 43)
6 (1, 4, 79, 22, 225, 47, 11, 0, 1, 1, 0, 20)
7 (1, 4, 144, 179, 318, 24, 28, 0, 0, 0, 0, 72)
8 (1, 4, 281, 287, 366, 0, 0, 9, 1, 0, 0, 21)
9 (1, 4, 436, 402, 470, 0, 2, 17, 0, 0, 0, 57)
10 (1, 4, 336, 430, 491, 0, 0, 53, 1, 1, 0, 72)
11 (1, 4, 505, 459, 357, 0, 0, 64, 1, 1, 0, 107)
12 (1, 4, 452, 433, 350, 0, 25, 96, 1, 1, 0, 238)
13 (1, 4, 357, 318, 295, 0, 3, 132, 1, 1, 0, 125)
14 (1, 4, 122, 200, 121, 0, 10, 131, 1, 0, 0, 98)
15 (1, 4, 44, 0, 23, 0, 7, 127, 0, 0, 0, 205)
16 (1, 4, 54, 6, 0, 0, 11, 100, 0, 0, 0, 17)
17 (1, 4, 70, 0, 0, 0, 0, 110, 0, 0, 0, 17)
18 (1, 4, 0, 0, 0, 0, 0, 92, 0, 0, 0, 119)
19 (1, 4, 9, 0, 0, 0, 6, 75, 0, 0, 0, 216)
20 (1, 4, 0, 0, 0, 0, 0, 65, 0, 0, 0, 228)
21 (1, 4, 23, 0, 0, 0, 0, 54, 0, 0, 0, 10)
22 (1, 4, 49, 58, 0, 0, 0, 68, 0, 0, 0, 26)
23 (1, 4, 77, 29, 0, 0, 0, 64, 0, 0, 0, 73)
24 (1, 4, 106, 50, 0, 0, 0, 69, 0, 0, 0, 125)
25 (1, 4, 189, 88, 0, 0, 0, 83, 0, 0, 0, 171)
26 (1, 4, 143, 154, 0, 0, 0, 96, 0, 0, 0, 107)
27 (1, 4, 87, 161, 0, 0, 0, 100, 0, 0, 0, 218)
28 (1, 4, 108, 95, 0, 0, 1, 100, 0, 0, 0, 195)
29 (1, 4, 136, 8, 13, 0, 4, 95, 0, 0, 0, 82)
30 (1, 4, 105, 9, 8, 0, 13, 92, 0, 0, 0, 166)
31 (1, 4, 55, 37, 0, 0, 10, 88, 0, 0, 0, 145)
32 (1, 4, 55, 26, 0, 0, 6, 86, 0, 0, 0, 135)
1 (1, 4, 0, 0, 0, 87, 26, 0, 0, 0, 0, 183)
2 (1, 4, 0, 0, 0, 75, 50, 0, 0, 0, 0, 8)
3 (1, 4, 0, 0, 98, 67, 44, 0, 0, 0, 0, 143)
4 (1, 4, 24, 88, 275, 55, 51, 0, 0, 0, 0, 102)
5 (1, 4, 0, 184, 348, 15, 29, 0, 0, 0, 0, 47)
6 (1, 4, 169, 308, 410, 0, 23, 0, 0, 0, 0, 227)
7 (1, 4, 335, 546, 436, 0, 27, 0, 0, 0, 0, 113)
8 (1, 4, 718, 585, 388, 0, 32, 45, 1, 1, 0, 237)
9 (1, 4, 619, 720, 559, 0, 32, 33, 1, 0, 0, 116)
10 (1, 4, 421, 517, 115, 0, 0, 127, 0, 0, 0, 53)
11 (1, 4, 107, 354, 92, 0, 46, 143, 0, 0, 0, 83)
12 (1, 4, 315, 102, 144, 0, 2, 156, 0, 0, 0, 117)
13 (1, 4, 51, 56, 13, 0, 8, 140, 0, 0, 0, 249)
14 (1, 4, 0, 45, 0, 0, 4, 127, 0, 0, 0, 77)
15 (1, 4, 6, 70, 0, 0, 0, 113, 0, 0, 0, 134)
16 (1, 4, 0, 0, 0, 0, 0, 116, 0, 0, 0, 60)
17 (1, 4, 0, 0, 0, 0, 6, 72, 0, 0, 0, 192)
18 (1, 4, 0, 0, 0, 0, 0, 57, 0, 0, 0, 57)
19 (1, 4, 0, 0, 0, 0, 0, 43, 0, 0, 0, 83)
20 (1, 4, 0, 0, 0, 13, 0, 18, 0, 0, 0, 143)
21 (1, 4, 0, 137, 0, 21, 0, 31, 0, 0, 0, 199)
22 (1, 4, 0, 275, 112, 16, 0, 47, 0, 0, 0, 247)
23 (1, 4, 0, 276, 240, 0, 0, 43, 0, 0, 0, 134)
24 (1, 4, 0, 458, 345, 0, 0, 63, 0, 0, 0, 189)
25 (1, 4, 0, 348, 366, 0, 0, 56, 0, 0, 0, 29)
26 (1, 4, 0, 386, 417, 0, 0, 84, 0, 0, 0, 210)
27 (1, 4, 0, 207, 334, 0, 0, 39, 0, 0, 0, 148)
28 (1, 4, 0, 227, 274, 0, 0, 42, 0, 0, 0, 25)
29 (1, 4, 158, 0, 281, 0, 0, 37, 0, 0, 0, 222)
30 (1, 4, 19, 72, 173, 0, 4, 18, 0, 0, 0, 76)
31 (1, 4, 0, 194, 98, 0, 0, 21, 0, 0, 0, 194)
32 (1, 4, 0, 125, 19, 0, 0, 12, 0, 0, 0, 217)
1 (1, 4, 247, 243, 391, 0, 26, 0, 0, 0, 0, 233)
2 (1, 4, 369, 474, 418, 0, 31, 0, 0, 0, 0, 85)
3 (1, 4, 873, 678, 344, 0, 29, 63, 0, 0, 0, 193)
4 (1, 4, 528, 873, 704, 0, 32, 56, 1, 1, 0, 217)
5 (1, 4, 465, 459, 285, 0, 0, 169, 0, 0, 0, 72)
6 (1, 4, 95, 322, 133, 0, 16, 115, 0, 0, 0, 169)
7 (1, 4, 78, 124, 58, 0, 0, 124, 0, 0, 0, 80)
8 (1, 4, 166, 170, 133, 0, 0, 106, 0, 0, 0, 25)
9 (1, 4, 53, 218, 107, 0, 0, 118, 0, 0, 0, 171)
10 (1, 4, 8, 52, 0, 0, 0, 111, 0, 0, 0, 106)
11 (1, 4, 0, 23, 0, 0, 0, 92, 0, 0, 0, 20)
12 (1, 4, 0, 0, 0, 0, 0, 88, 0, 0, 0, 2)
13 (1, 4, 0, 0, 0, 0, 0, 64, 0, 0, 0, 59)
14 (1, 4, 0, 0, 0, 0, 0, 61, 0, 0, 0, 76)
15 (1, 4, 0, 0, 0, 0, 0, 40, 0, 0, 0, 53)
16 (1, 4, 0, 0, 0, 0, 0, 25, 0, 0, 0, 152)
17 (1, 4, 0, 98, 0, 0, 0, 21, 0, 0, 0, 43)
18 (1, 4, 14, 285, 118, 0, 0, 59, 0, 0, 0, 135)
19 (1, 4, 0, 236, 205, 0, 0, 61, 0, 0, 0, 25)
20 (1, 4, 0, 143, 245, 0, 0, 46, 0, 0, 0, 8)
21 (1, 4, 0, 260, 282, 0, 0, 54, 0, 0, 0, 78)
22 (1, 4, 0, 290, 313, 0, 0, 41, 0, 0, 0, 84)
23 (1, 4, 23, 114, 303, 0, 0, 53, 0, 0, 0, 219)
24 (1, 4, 6, 83, 233, 0, 0, 22, 0, 0, 0, 163)
25 (1, 4, 0, 165, 268, 0, 0, 41, 0, 0, 0, 249)
26 (1, 4, 23, 48, 258, 0, 0, 20, 0, 0, 0, 195)
27 (1, 4, 44, 82, 196, 0, 0, 20, 0, 0, 0, 140)
28 (1, 4, 59, 53, 79, 0, 0, 11, 0, 0, 0, 217)
29 (1, 4, 40, 9, 0, 0, 6, 14, 0, 0, 0, 248)
30 (1, 4, 24, 0, 0, 0, 14, 8, 0, 0, 0, 212)
31 (1, 4, 25, 0, 0, 0, 16, 2, 0, 0, 0, 220)
32 (1, 4, 40, 9, 0, 0, 20, 4, 0, 0, 0, 220)
1 (1, 4, 0, 43, 0, 33, 0, 0, 1, 1, 0, 40)
2 (1, 4, 0, 89, 0, 49, 0, 0, 0, 1, 0, 240)
3 (1, 4, 0, 139, 0, 53, 0, 0, 0, 1, 0, 2)
4 (1, 4, 0, 128, 0, 61, 0, 0, 0, 1, 0, 145)
5 (1, 4, 0, 85, 0, 67, 0, 0, 0, 1, 0, 108)
6 (1, 4, 0, 1, 0, 72, 2, 0, 0, 1, 0, 127)
7 (1, 4, 0, 0, 0, 67, 25, 0, 0, 1, 0, 220)
8 (1, 4, 0, 0, 0, 52, 51, 0, 0, 1, 0, 116)
9 (1, 4, 0, 0, 133, 18, 79, 0, 0, 1, 0, 84)
10 (1, 4, 23, 61, 395, 0, 71, 0, 1, 1, 0, 27)
11 (1, 4, 9, 238, 597, 0, 65, 0, 1, 1, 0, 218)
12 (1, 4, 349, 471, 686, 0, 35, 0, 1, 1, 0, 160)
13 (1, 4, 873, 503, 443, 0, 17, 146, 1, 1, 0, 177)
14 (1, 4, 197, 611, 480, 0, 22, 38, 1, 2, 0, 100)
15 (1, 4, 540, 253, 211, 0, 0, 155, 1, 1, 0, 61)
16 (1, 4, 411, 493, 244, 0, 80, 89, 2, 3, 0, 2)
17 (1, 4, 404, 127, 127, 0, 0, 251, 0, 1, 0, 89)
18 (1, 4, 102, 128, 0, 0, 47, 208, 0, 1, 0, 198)
19 (1, 4, 0, 42, 0, 0, 0, 213, 0, 1, 0, 191)
20 (1, 4, 0, 0, 0, 0, 0, 183, 0, 1, 0, 254)
21 (1, 4, 0, 0, 0, 0, 0, 144, 0, 1, 0, 76)
22 (1, 4, 0, 0, 0, 0, 0, 106, 0, 1, 0, 162)
23 (1, 4, 0, 13, 0, 0, 0, 114, 0, 0, 0, 44)
24 (1, 4, 42, 0, 0, 0, 0, 69, 0, 0, 0, 58)
25 (1, 4, 112, 0, 0, 7, 0, 58, 0, 0, 0, 172)
26 (1, 4, 153, 0, 21, 24, 0, 68, 0, 0, 0, 127)
27 (1, 4, 44, 0, 91, 18, 0, 60, 0, 0, 0, 86)
28 (1, 4, 138, 0, 121, 22, 0, 77, 0, 0, 0, 229)
29 (1, 4, 117, 0, 115, 23, 0, 76, 0, 0, 0, 87)
30 (1, 4, 38, 0, 184, 18, 0, 84, 0, 0, 0, 123)
31 (1, 4, 22, 19, 221, 14, 0, 86, 0, 0, 0, 224)
32 (1, 4, 79, 0, 193, 3, 0, 96, 0, 0, 0, 246)
1 (1, 4, 0, 21, 0, 65, 0, 0, 0, 0, 0, 186)
2 (1, 4, 0, 39, 0, 69, 0, 0, 0, 0, 0, 8)
3 (1, 4, 0, 47, 0, 74, 0, 0, 0, 0, 0, 30)
4 (1, 4, 0, 25, 0, 72, 4, 0, 0, 0, 0, 215)
5 (1, 4, 0, 81, 65, 71, 8, 0, 0, 0, 0, 15)
6 (1, 4, 0, 74, 111, 63, 3, 0, 0, 0, 0, 79)
7 (1, 4, 0, 79, 200, 57, 18, 0, 0, 0, 0, 116)
8 (1, 4, 0, 102, 275, 27, 24, 0, 0, 0, 0, 123)
9 (1, 4, 0, 196, 370, 1, 29, 0, 0, 0, 0, 239)
10 (1, 4, 0, 329, 474, 0, 5, 0, 0, 0, 0, 63)
11 (1, 4, 63, 340, 418, 0, 0, 0, 0, 0, 0, 163)
12 (1, 4, 340, 448, 355, 0, 0, 35, 0, 0, 0, 110)
13 (1, 4, 689, 467, 462, 0, 0, 26, 0, 0, 0, 130)
14 (1, 4, 234, 860, 192, 0, 0, 111, 1, 0, 0, 159)
15 (1, 4, 378, 5, 38, 0, 0, 154, 0, 0, 0, 84)
16 (1, 4, 424, 175, 0, 0, 0, 113, 1, 1, 0, 77)
17 (1, 4, 338, 479, 38, 0, 52, 138, 0, 0, 0, 131)
18 (1, 4, 314, 301, 0, 0, 53, 154, 0, 0, 0, 212)
19 (1, 4, 223, 103, 0, 0, 49, 152, 0, 0, 0, 89)
20 (1, 4, 42, 0, 0, 0, 62, 105, 1, 0, 0, 62)
21 (1, 4, 0, 0, 0, 0, 47, 96, 1, 0, 0, 92)
22 (1, 4, 46, 0, 0, 0, 17, 85, 1, 0, 0, 79)
23 (1, 4, 0, 0, 0, 0, 47, 72, 0, 0, 0, 117)
24 (1, 4, 0, 0, 0, 0, 15, 82, 0, 0, 0, 248)
25 (1, 4, 0, 0, 0, 0, 32, 34, 0, 0, 0, 107)
26 (1, 4, 0, 303, 6, 0, 24, 39, 0, 0, 0, 111)
27 (1, 4, 0, 386, 138, 0, 13, 43, 0, 0, 0, 227)
28 (1, 4, 0, 450, 183, 0, 6, 35, 0, 0, 0, 55)
29 (1, 4, 0, 376, 194, 0, 0, 27, 0, 0, 0, 114)
30 (1, 4, 0, 119, 216, 0, 0, 51, 0, 0, 0, 129)
31 (1, 4, 0, 30, 166, 0, 0, 24, 0, 0, 0, 92)
32 (1, 4, 0, 91, 123, 0, 0, 27, 0, 0, 0, 213)
1 (1, 4, 0, 0, 0, 30, 0, 0, 0, 0, 0, 51)
2 (1, 4, 0, 0, 0, 40, 0, 0, 1, 0, 0, 13)
3 (1, 4, 0, 0, 0, 59, 0, 0, 1, 1, 0, 176)
4 (1, 4, 0, 42, 0, 81, 0, 0, 1, 1, 0, 86)
5 (1, 4, 0, 42, 0, 75, 0, 0, 1, 1, 0, 103)
6 (1, 4, 0, 0, 0, 77, 7, 0, 1, 1, 0, 81)
7 (1, 4, 0, 33, 103, 63, 17, 0, 1, 0, 0, 204)
8 (1, 4, 0, 4, 200, 37, 15, 0, 1, 0, 0, 83)
9 (1, 4, 0, 2, 229, 3, 24, 0, 1, 0, 0, 42)
10 (1, 4, 0, 39, 374, 0, 28, 0, 0, 0, 0, 79)
11 (1, 4, 0, 361, 515, 0, 24, 0, 1, 0, 0, 251)
12 (1, 4, 546, 622, 642, 0, 12, 2, 1, 1, 0, 223)
13 (1, 4, 643, 729, 526, 0, 0, 79, 1, 1, 0, 151)
14 (1, 4, 201, 593, 277, 0, 0, 127, 1, 1, 0, 41)
15 (1, 4, 312, 165, 129, 0, 0, 138, 0, 0, 0, 59)
16 (1, 4, 182, 221, 120, 0, 0, 117, 0, 0, 0, 12)
17 (1, 4, 238, 241, 129, 0, 0, 150, 0, 0, 0, 21)
18 (1, 4, 134, 201, 43, 0, 0, 160, 0, 0, 0, 25)
19 (1, 4, 44, 59, 0, 0, 0, 162, 0, 0, 0, 171)
20 (1, 4, 0, 0, 0, 0, 0, 120, 0, 0, 0, 163)
21 (1, 4, 0, 0, 0, 0, 0, 80, 0, 0, 0, 232)
22 (1, 4, 0, 0, 0, 0, 15, 41, 0, 0, 0, 67)
23 (1, 4, 0, 0, 0, 0, 0, 19, 0, 0, 0, 203)
24 (1, 4, 0, 3, 0, 21, 0, 0, 0, 0, 0, 50)
25 (1, 4, 0, 214, 0, 15, 11, 0, 0, 0, 0, 197)
26 (1, 4, 5, 262, 383, 0, 0, 57, 0, 0, 0, 35)
27 (1, 4, 0, 250, 574, 0, 0, 56, 0, 0, 0, 239)
28 (1, 4, 0, 132, 644, 0, 0, 80, 0, 0, 0, 38)
29 (1, 4, 0, 110, 620, 0, 0, 46, 0, 0, 0, 225)
30 (1, 4, 0, 133, 515, 0, 0, 8, 0, 0, 0, 251)
31 (1, 4, 0, 95, 476, 0, 0, 13, 0, 0, 0, 167)
32 (1, 4, 0, 149, 224, 0, 0, 0, 0, 0, 0, 133)
1 (1, 4, 0, 79, 247, 25, 40, 0, 0, 0, 0, 254)
2 (1, 4, 0, 207, 307, 0, 42, 0, 0, 0, 0, 20)
3 (1, 4, 75, 323, 424, 0, 48, 0, 0, 0, 0, 77)
4 (1, 4, 220, 502, 468, 0, 38, 0, 0, 0, 0, 83)
5 (1, 4, 685, 495, 396, 0, 7, 34, 0, 0, 0, 196)
6 (1, 4, 561, 873, 468, 0, 18, 0, 1, 1, 0, 52)
7 (1, 4, 406, 833, 290, 0, 53, 71, 0, 0, 0, 123)
8 (1, 4, 182, 329, 222, 0, 2, 145, 0, 0, 0, 196)
9 (1, 4, 118, 54, 42, 0, 0, 123, 0, 0, 0, 54)
10 (1, 4, 64, 107, 70, 0, 0, 120, 0, 0, 0, 138)
11 (1, 4, 88, 99, 80, 0, 0, 132, 0, 0, 0, 133)
12 (1, 4, 28, 52, 15, 0, 0, 158, 0, 0, 0, 137)
13 (1, 4, 0, 0, 0, 0, 0, 149, 0, 0, 0, 141)
14 (1, 4, 0, 0, 0, 0, 0, 118, 0, 0, 0, 133)
15 (1, 4, 0, 0, 0, 0, 0, 102, 0, 0, 0, 86)
16 (1, 4, 0, 0, 0, 0, 1, 58, 0, 0, 0, 38)
17 (1, 4, 0, 0, 0, 0, 0, 18, 0, 0, 0, 20)
18 (1, 4, 0, 0, 0, 6, 0, 0, 0, 0, 0, 60)
19 (1, 4, 0, 0, 0, 25, 0, 0, 0, 0, 0, 110)
20 (1, 4, 0, 95, 129, 32, 0, 1, 0, 0, 0, 126)
21 (1, 4, 0, 161, 447, 1, 0, 0, 0, 0, 0, 99)
22 (1, 4, 0, 486, 753, 0, 0, 39, 0, 0, 0, 123)
23 (1, 4, 0, 309, 663, 0, 0, 54, 0, 0, 0, 56)
24 (1, 4, 0, 159, 634, 0, 0, 49, 0, 0, 0, 81)
25 (1, 4, 181, 41, 364, 0, 0, 16, 0, 0, 0, 215)
26 (1, 4, 0, 99, 199, 0, 0, 29, 0, 0, 0, 155)
27 (1, 4, 0, 17, 183, 0, 0, 11, 0, 0, 0, 179)
28 (1, 4, 36, 33, 191, 0, 0, 4, 0, 0, 0, 170)
29 (1, 4, 145, 111, 190, 0, 0, 0, 0, 0, 0, 200)
30 (1, 4, 166, 0, 83, 0, 0, 0, 1, 0, 0, 213)
31 (1, 4, 103, 0, 0, 0, 11, 0, 0, 0, 0, 80)
32 (1, 4, 16, 0, 0, 0, 19, 0, 0, 0, 0, 144)
1 (1, 4, 91, 213, 397, 0, 29, 0, 1, 0, 0, 159)
2 (1, 4, 177, 513, 463, 0, 57, 0, 1, 0, 0, 102)
3 (1, 4, 760, 712, 555, 0, 16, 68, 1, 0, 0, 217)
4 (1, 4, 611, 709, 458, 0, 2, 3, 1, 0, 0, 52)
5 (1, 4, 214, 873, 212, 0, 0, 134, 0, 0, 0, 36)
6 (1, 4, 89, 156, 59, 0, 7, 83, 1, 0, 0, 28)
7 (1, 4, 163, 175, 133, 0, 0, 63, 1, 0, 0, 30)
8 (1, 4, 253, 317, 208, 0, 22, 95, 1, 0, 0, 245)
9 (1, 4, 176, 374, 237, 0, 5, 147, 0, 0, 0, 25)
10 (1, 4, 108, 103, 68, 0, 15, 162, 0, 0, 0, 165)
11 (1, 4, 0, 31, 0, 0, 9, 145, 1, 0, 0, 242)
12 (1, 4, 20, 0, 0, 0, 3, 127, 0, 0, 0, 227)
13 (1, 4, 0, 0, 0, 0, 14, 82, 0, 0, 0, 129)
14 (1, 4, 0, 0, 0, 0, 0, 70, 0, 0, 0, 247)
15 (1, 4, 0, 0, 0, 0, 0, 33, 0, 0, 0, 0)
16 (1, 4, 0, 0, 0, 0, 0, 20, 0, 0, 0, 216)
17 (1, 4, 71, 76, 0, 0, 0, 82, 0, 0, 0, 24)
18 (1, 4, 158, 77, 78, 0, 0, 90, 0, 0, 0, 115)
19 (1, 4, 0, 28, 213, 0, 0, 55, 0, 0, 0, 168)
20 (1, 4, 0, 75, 286, 0, 0, 51, 0, 0, 0, 109)
21 (1, 4, 0, 0, 289, 0, 0, 11, 0, 0, 0, 197)
22 (1, 4, 0, 0, 227, 0, 0, 0, 0, 0, 0, 49)
23 (1, 4, 0, 0, 274, 0, 0, 0, 0, 0, 0, 115)
24 (1, 4, 0, 70, 233, 0, 0, 0, 0, 0, 0, 150)
25 (1, 4, 0, 0, 264, 0, 0, 0, 1, 0, 0, 253)
26 (1, 4, 0, 0, 245, 0, 0, 0, 0, 0, 0, 63)
27 (1, 4, 0, 0, 220, 0, 0, 2, 0, 0, 0, 80)
28 (1, 4, 0, 0, 243, 0, 0, 11, 0, 0, 0, 194)
29 (1, 4, 0, 0, 271, 0, 0, 9, 0, 0, 0, 79)
30 (1, 4, 0, 0, 274, 0, 0, 0, 0, 0, 0, 115)
31 (1, 4, 0, 38, 229, 0, 0, 0, 0, 0, 0, 53)
32 (1, 4, 0, 119, 142, 0, 0, 0, 0, 0, 0, 96)
1 (1, 4, 0, 31, 0, 61, 0, 0, 1, 0, 0, 73)
2 (1, 4, 0, 62, 0, 73, 0, 0, 1, 0, 0, 137)
3 (1, 4, 0, 68, 26, 73, 0, 0, 0, 0, 0, 249)
4 (1, 4, 0, 29, 124, 64, 11, 0, 1, 0, 0, 166)
5 (1, 4, 0, 99, 221, 25, 20, 0, 1, 0, 0, 240)
6 (1, 4, 0, 34, 274, 5, 34, 0, 1, 0, 0, 34)
7 (1, 4, 61, 259, 437, 0, 37, 0, 1, 1, 0, 91)
8 (1, 4, 265, 380, 412, 0, 13, 0, 1, 1, 0, 205)
9 (1, 4, 775, 495, 335, 0, 23, 0, 1, 0, 0, 54)
10 (1, 4, 794, 488, 278, 0, 93, 13, 0, 0, 0, 53)
11 (1, 4, 0, 873, 333, 0, 0, 80, 0, 0, 0, 87)
12 (1, 4, 222, 3, 23, 0, 0, 150, 0, 0, 0, 129)
13 (1, 4, 135, 139, 63, 0, 15, 95, 0, 0, 0, 53)
14 (1, 4, 209, 261, 205, 0, 0, 123, 0, 0, 0, 65)
15 (1, 4, 173, 253, 122, 0, 0, 136, 0, 0, 0, 158)
16 (1, 4, 61, 189, 105, 0, 0, 136, 0, 0, 0, 44)
17 (1, 4, 132, 27, 81, 0, 0, 138, 0, 0, 0, 144)
18 (1, 4, 0, 39, 0, 0, 3, 102, 0, 0, 0, 29)
19 (1, 4, 0, 10, 0, 0, 0, 123, 0, 0, 0, 27)
20 (1, 4, 14, 0, 0, 0, 12, 77, 0, 0, 0, 13)
21 (1, 4, 0, 0, 0, 0, 0, 59, 0, 0, 0, 128)
22 (1, 4, 122, 0, 0, 0, 2, 59, 0, 0, 0, 176)
23 (1, 4, 0, 17, 0, 0, 0, 33, 0, 0, 0, 212)
24 (1, 4, 0, 66, 0, 0, 0, 38, 0, 0, 0, 253)
25 (1, 4, 0, 65, 24, 1, 0, 16, 0, 0, 0, 71)
26 (1, 4, 0, 240, 214, 0, 0, 36, 0, 0, 0, 143)
27 (1, 4, 0, 332, 381, 0, 0, 26, 0, 0, 0, 160)
28 (1, 4, 0, 536, 513, 0, 0, 94, 0, 0, 0, 255)
29 (1, 4, 64, 69, 317, 0, 0, 65, 0, 0, 0, 43)
30 (1, 4, 0, 403, 239, 0, 0, 37, 0, 0, 0, 133)
31 (1, 4, 0, 65, 237, 0, 0, 37, 0, 0, 0, 193)
32 (1, 4, 37, 0, 49, 0, 0, 8, 0, 0, 0, 112)

