1 (1, 4, 1, 0, 158, 0, 0, 0, 0, 0, 0, 51)
2 (1, 4, 217, 98, 137, 0, 0, 0, 0, 0, 0, 137)
3 (1, 4, 273, 185, 171, 0, 0, 14, 0, 0, 0, 24)
4 (1, 4, 162, 232, 164, 0, 0, 34, 0, 0, 0, 10)
5 (1, 4, 145, 318, 219, 0, 0, 51, 0, 0, 0, 161)
6 (1, 4, 207, 344, 234, 0, 0, 38, 0, 0, 0, 6)
7 (1, 4, 287, 246, 292, 0, 0, 38, 0, 0, 0, 192)
8 (1, 4, 369, 295, 278, 0, 0, 27, 0, 0, 0, 245)
9 (1, 4, 180, 269, 160, 0, 0, 35, 0, 0, 0, 133)
10 (1, 4, 180, 184, 40, 0, 0, 56, 0, 0, 0, 191)
11 (1, 4, 327, 113, 51, 0, 0, 64, 0, 0, 0, 53)
12 (1, 4, 267, 34, 48, 0, 0, 65, 0, 0, 0, 170)
13 (1, 4, 431, 0, 36, 0, 0, 63, 0, 0, 0, 223)
14 (1, 4, 476, 0, 53, 0, 0, 25, 0, 0, 0, 229)
15 (1, 4, 333, 0, 2, 0, 0, 14, 0, 0, 0, 186)
16 (1, 4, 188, 0, 0, 0, 0, 8, 0, 0, 0, 238)
17 (1, 4, 0, 0, 0, 0, 0, 28, 0, 1, 0, 89)
18 (1, 4, 0, 0, 0, 0, 0, 26, 0, 0, 0, 254)
19 (1, 4, 0, 1, 0, 0, 0, 26, 0, 0, 0, 75)
20 (1, 4, 0, 0, 0, 0, 0, 24, 0, 0, 0, 71)
21 (1, 4, 0, 4, 0, 0, 0, 25, 0, 0, 0, 66)
22 (1, 4, 0, 5, 0, 0, 0, 28, 0, 0, 0, 93)
23 (1, 4, 0, 0, 0, 0, 0, 27, 0, 0, 0, 33)
24 (1, 4, 0, 0, 0, 0, 0, 24, 0, 0, 0, 71)
25 (1, 4, 0, 1, 0, 0, 0, 24, 0, 0, 0, 242)
26 (1, 4, 0, 1, 0, 0, 0, 25, 0, 0, 0, 45)
27 (1, 4, 0, 12, 0, 0, 0, 34, 0, 0, 0, 15)
28 (1, 4, 23, 0, 11, 0, 0, 26, 0, 0, 0, 51)
29 (1, 4, 12, 0, 0, 0, 0, 12, 0, 0, 0, 169)
30 (1, 4, 0, 32, 0, 0, 0, 21, 0, 0, 0, 197)
31 (1, 4, 0, 5, 0, 0, 0, 29, 0, 0, 0, 130)
32 (1, 4, 0, 0, 0, 0, 0, 18, 0, 0, 0, 20)
1 (1, 4, 0, 0, 53, 0, 0, 39, 0, 0, 0, 135)
2 (1, 4, 0, 0, 0, 0, 0, 32, 0, 0, 0, 223)
3 (1, 4, 77, 0, 0, 0, 0, 3, 0, 0, 0, 215)
4 (1, 4, 65, 0, 0, 0, 0, 0, 0, 0, 0, 249)
5 (1, 4, 255, 0, 23, 0, 0, 0, 0, 0, 0, 5)
6 (1, 4, 691, 0, 310, 0, 0, 0, 0, 0, 0, 247)
7 (1, 4, 0, 0, 181, 0, 0, 0, 0, 0, 0, 196)
8 (1, 4, 0, 0, 0, 0, 0, 0, 0, 0, 0, 126)
9 (1, 4, 861, 0, 621, 0, 0, 0, 0, 0, 0, 158)
10 (1, 4, 467, 68, 0, 121, 0, 0, 0, 0, 0, 103)
11 (1, 4, 477, 399, 0, 0, 0, 116, 0, 0, 0, 81)
12 (1, 4, 472, 197, 372, 0, 32, 53, 0, 0, 0, 49)
13 (1, 4, 0, 174, 185, 0, 0, 86, 0, 0, 0, 187)
14 (1, 4, 0, 194, 215, 0, 0, 102, 0, 0, 0, 41)
15 (1, 4, 284, 109, 146, 0, 0, 95, 0, 0, 0, 135)
16 (1, 4, 124, 48, 74, 0, 7, 87, 0, 0, 0, 190)
17 (1, 4, 56, 17, 0, 0, 10, 19, 0, 1, 0, 16)
18 (1, 4, 2, 15, 25, 0, 0, 24, 0, 0, 0, 189)
19 (1, 4, 11, 0, 43, 0, 0, 29, 0, 0, 0, 118)
20 (1, 4, 0, 0, 0, 0, 0, 26, 0, 0, 0, 254)
21 (1, 4, 0, 0, 0, 0, 4, 25, 0, 0, 0, 123)
22 (1, 4, 0, 0, 0, 0, 0, 25, 0, 0, 0, 152)
23 (1, 4, 0, 0, 0, 0, 0, 25, 0, 0, 0, 152)
24 (1, 4, 0, 0, 0, 0, 0, 32, 0, 0, 0, 223)
25 (1, 4, 0, 0, 0, 0, 0, 35, 0, 0, 0, 185)
26 (1, 4, 0, 0, 6, 0, 0, 38, 0, 0, 0, 98)
27 (1, 4, 0, 0, 0, 0, 0, 30, 0, 0, 0, 139)
28 (1, 4, 0, 0, 0, 0, 0, 34, 0, 0, 0, 102)
29 (1, 4, 0, 0, 0, 0, 0, 32, 0, 0, 0, 223)
30 (1, 4, 208, 0, 0, 0, 0, 33, 0, 0, 0, 124)
31 (1, 4, 163, 0, 8, 0, 7, 27, 0, 0, 0, 53)
32 (1, 4, 0, 0, 0, 0, 0, 37, 0, 0, 0, 117)
1 (1, 4, 70, 141, 95, 56, 0, 2, 0, 0, 0, 140)
2 (1, 4, 165, 168, 78, 62, 0, 28, 0, 0, 0, 52)
3 (1, 4, 112, 226, 134, 46, 0, 37, 0, 0, 0, 37)
4 (1, 4, 127, 320, 124, 41, 0, 53, 0, 0, 0, 162)
5 (1, 4, 134, 544, 303, 4, 0, 41, 0, 0, 0, 82)
6 (1, 4, 225, 608, 410, 0, 0, 51, 0, 0, 0, 243)
7 (1, 4, 267, 541, 540, 0, 0, 58, 0, 0, 0, 104)
8 (1, 4, 45, 377, 399, 0, 0, 54, 0, 0, 0, 119)
9 (1, 4, 0, 130, 280, 0, 0, 49, 0, 0, 0, 33)
10 (1, 4, 63, 47, 163, 0, 0, 33, 0, 0, 0, 186)
11 (1, 4, 112, 170, 258, 0, 0, 49, 0, 0, 0, 18)
12 (1, 4, 201, 337, 322, 0, 0, 47, 0, 0, 0, 255)
13 (1, 4, 67, 154, 85, 0, 0, 57, 0, 0, 0, 82)
14 (1, 4, 91, 0, 0, 0, 0, 57, 0, 0, 0, 50)
15 (1, 4, 0, 0, 0, 0, 0, 52, 0, 0, 0, 121)
16 (1, 4, 122, 0, 14, 0, 0, 34, 0, 0, 0, 105)
17 (1, 4, 12, 0, 0, 0, 0, 24, 0, 1, 0, 100)
18 (1, 4, 6, 4, 0, 0, 0, 25, 0, 0, 0, 102)
19 (1, 4, 11, 5, 0, 0, 0, 26, 0, 0, 0, 243)
20 (1, 4, 34, 5, 0, 0, 0, 25, 0, 0, 0, 44)
21 (1, 4, 35, 11, 0, 0, 0, 25, 0, 0, 0, 38)
22 (1, 4, 35, 13, 0, 0, 0, 25, 0, 0, 0, 145)
23 (1, 4, 52, 12, 0, 0, 0, 24, 0, 0, 0, 49)
24 (1, 4, 38, 7, 0, 0, 0, 26, 0, 0, 0, 31)
25 (1, 4, 13, 5, 0, 0, 0, 26, 0, 0, 0, 215)
26 (1, 4, 0, 5, 0, 0, 0, 25, 0, 0, 0, 247)
27 (1, 4, 0, 3, 0, 0, 0, 27, 0, 0, 0, 249)
28 (1, 4, 0, 4, 0, 0, 0, 28, 0, 0, 0, 232)
29 (1, 4, 0, 0, 0, 0, 0, 30, 0, 0, 0, 139)
30 (1, 4, 0, 3, 0, 0, 0, 28, 0, 0, 0, 234)
31 (1, 4, 0, 10, 0, 0, 0, 29, 0, 0, 0, 51)
32 (1, 4, 0, 6, 0, 0, 0, 29, 0, 0, 0, 90)
1 (1, 4, 42, 128, 228, 0, 0, 35, 0, 0, 0, 185)
2 (1, 4, 97, 73, 348, 0, 0, 35, 0, 0, 0, 71)
3 (1, 4, 161, 80, 417, 0, 0, 34, 0, 0, 0, 158)
4 (1, 4, 103, 95, 447, 0, 0, 35, 0, 0, 0, 250)
5 (1, 4, 0, 96, 535, 0, 0, 20, 0, 0, 0, 185)
6 (1, 4, 0, 124, 647, 0, 0, 27, 0, 0, 0, 198)
7 (1, 4, 381, 114, 312, 0, 0, 7, 0, 0, 0, 170)
8 (1, 4, 245, 81, 0, 0, 0, 21, 0, 0, 0, 221)
9 (1, 4, 0, 16, 0, 0, 0, 39, 0, 0, 0, 173)
10 (1, 4, 80, 34, 43, 0, 0, 31, 0, 0, 0, 107)
11 (1, 4, 23, 52, 39, 0, 0, 28, 0, 0, 0, 154)
12 (1, 4, 44, 14, 0, 0, 0, 40, 0, 0, 0, 190)
13 (1, 4, 190, 0, 0, 0, 0, 26, 0, 0, 0, 152)
14 (1, 4, 205, 0, 0, 0, 0, 16, 0, 0, 0, 119)
15 (1, 4, 124, 0, 0, 0, 0, 12, 0, 0, 0, 7)
16 (1, 4, 58, 3, 0, 0, 0, 16, 0, 0, 0, 62)
17 (1, 4, 9, 0, 0, 0, 0, 30, 0, 1, 0, 158)
18 (1, 4, 1, 0, 0, 0, 0, 30, 0, 0, 0, 133)
19 (1, 4, 0, 0, 0, 0, 0, 31, 0, 0, 0, 84)
20 (1, 4, 0, 8, 0, 0, 0, 33, 0, 0, 0, 179)
21 (1, 4, 1, 7, 0, 0, 0, 33, 0, 0, 0, 12)
22 (1, 4, 11, 6, 0, 0, 0, 30, 0, 0, 0, 94)
23 (1, 4, 15, 9, 0, 0, 0, 29, 0, 0, 0, 177)
24 (1, 4, 2, 5, 0, 0, 0, 29, 0, 0, 0, 158)
25 (1, 4, 0, 4, 0, 0, 0, 29, 0, 0, 0, 55)
26 (1, 4, 0, 3, 0, 0, 0, 30, 0, 0, 0, 83)
27 (1, 4, 0, 6, 0, 0, 0, 29, 0, 0, 0, 90)
28 (1, 4, 0, 8, 0, 0, 0, 29, 0, 0, 0, 94)
29 (1, 4, 0, 19, 0, 0, 0, 28, 0, 0, 0, 139)
30 (1, 4, 0, 10, 0, 0, 0, 30, 0, 0, 0, 85)
31 (1, 4, 20, 0, 0, 0, 0, 28, 0, 0, 0, 234)
32 (1, 4, 14, 4, 0, 0, 0, 26, 0, 0, 0, 112)
1 (1, 4, 0, 260, 413, 0, 0, 59, 0, 0, 0, 26)
2 (1, 4, 0, 74, 420, 0, 0, 60, 0, 0, 0, 194)
3 (1, 4, 120, 0, 437, 0, 0, 53, 0, 0, 0, 159)
4 (1, 4, 74, 38, 346, 0, 0, 62, 0, 0, 0, 240)
5 (1, 4, 0, 110, 286, 0, 0, 42, 0, 0, 0, 38)
6 (1, 4, 0, 0, 0, 0, 0, 46, 0, 0, 0, 249)
7 (1, 4, 167, 0, 0, 0, 0, 0, 0, 0, 0, 134)
8 (1, 4, 430, 45, 0, 0, 0, 0, 0, 0, 0, 228)
9 (1, 4, 208, 167, 76, 0, 0, 3, 0, 0, 0, 188)
10 (1, 4, 0, 189, 73, 0, 0, 16, 0, 0, 0, 0)
11 (1, 4, 0, 0, 0, 0, 0, 74, 0, 0, 0, 104)
12 (1, 4, 46, 0, 0, 0, 0, 10, 0, 0, 0, 190)
13 (1, 4, 56, 10, 0, 0, 0, 11, 0, 0, 0, 123)
14 (1, 4, 0, 8, 0, 0, 0, 19, 0, 0, 0, 120)
15 (1, 4, 0, 0, 0, 0, 0, 23, 0, 0, 0, 190)
16 (1, 4, 0, 0, 0, 0, 0, 25, 0, 0, 0, 152)
17 (1, 4, 0, 0, 0, 0, 0, 24, 0, 1, 0, 44)
18 (1, 4, 0, 0, 0, 0, 0, 24, 0, 0, 0, 71)
19 (1, 4, 0, 0, 0, 0, 0, 25, 0, 0, 0, 152)
20 (1, 4, 0, 1, 0, 0, 0, 23, 0, 0, 0, 11)
21 (1, 4, 0, 4, 0, 0, 0, 25, 0, 0, 0, 66)
22 (1, 4, 11, 8, 0, 0, 0, 25, 0, 0, 0, 73)
23 (1, 4, 15, 9, 0, 0, 0, 25, 0, 0, 0, 196)
24 (1, 4, 15, 9, 0, 0, 0, 24, 0, 0, 0, 27)
25 (1, 4, 6, 7, 0, 0, 0, 23, 0, 0, 0, 152)
26 (1, 4, 3, 5, 0, 0, 0, 25, 0, 0, 0, 229)
27 (1, 4, 0, 5, 0, 0, 0, 24, 0, 0, 0, 40)
28 (1, 4, 4, 4, 0, 0, 0, 23, 0, 0, 0, 92)
29 (1, 4, 0, 3, 0, 0, 0, 25, 0, 0, 0, 64)
30 (1, 4, 0, 2, 0, 0, 0, 26, 0, 0, 0, 147)
31 (1, 4, 0, 4, 0, 0, 0, 25, 0, 0, 0, 66)
32 (1, 4, 5, 7, 0, 0, 0, 25, 0, 0, 0, 172)

