0 (1, 4, 0, 0, 0, 0, 0, 47, 4, 4, 0, 2)
1 (1, 4, 151, 0, 0, 0, 0, 40, 4, 4, 0, 206)
2 (1, 4, 111, 0, 0, 0, 0, 47, 4, 5, 0, 125)
3 (1, 4, 188, 0, 0, 37, 0, 59, 4, 5, 0, 63)
4 (1, 4, 186, 74, 0, 42, 0, 104, 4, 5, 0, 19)
5 (1, 4, 280, 90, 0, 71, 0, 139, 4, 5, 0, 17)
6 (1, 4, 296, 106, 0, 66, 0, 168, 4, 4, 0, 90)
7 (1, 4, 297, 0, 48, 114, 0, 165, 4, 5, 0, 127)
8 (1, 4, 0, 0, 107, 50, 72, 131, 4, 5, 0, 36)
9 (1, 4, 0, 0, 562, 0, 123, 0, 3, 4, 0, 191)
10 (1, 4, 0, 145, 261, 0, 0, 0, 3, 4, 0, 49)
11 (1, 4, 340, 0, 72, 0, 50, 168, 3, 4, 0, 220)
12 (1, 4, 0, 100, 25, 0, 0, 90, 3, 4, 0, 122)
13 (1, 4, 0, 22, 0, 0, 0, 99, 3, 4, 0, 39)
14 (1, 4, 0, 87, 0, 0, 0, 76, 3, 4, 0, 73)
15 (1, 4, 45, 72, 0, 0, 0, 27, 3, 4, 0, 157)
16 (1, 4, 266, 0, 0, 0, 37, 0, 3, 4, 0, 138)
17 (1, 4, 48, 1, 0, 0, 30, 8, 3, 3, 0, 72)
18 (1, 4, 0, 191, 0, 46, 17, 103, 3, 3, 0, 46)
19 (1, 4, 0, 9, 39, 29, 0, 185, 3, 3, 0, 217)
20 (1, 4, 0, 0, 188, 0, 0, 167, 3, 3, 0, 207)
21 (1, 4, 0, 0, 113, 0, 0, 170, 2, 3, 0, 145)
22 (1, 4, 0, 0, 105, 5, 0, 130, 2, 2, 0, 17)
23 (1, 4, 0, 0, 90, 6, 0, 98, 2, 2, 0, 100)
24 (1, 4, 0, 0, 50, 0, 0, 92, 2, 2, 0, 203)
25 (1, 4, 45, 0, 63, 1, 0, 73, 2, 2, 0, 90)
26 (1, 4, 0, 0, 47, 7, 0, 63, 2, 2, 0, 29)
27 (1, 4, 6, 0, 81, 23, 0, 56, 2, 2, 0, 106)
28 (1, 4, 0, 183, 108, 12, 0, 63, 2, 2, 0, 36)
29 (1, 4, 0, 81, 0, 0, 0, 65, 2, 2, 0, 161)
30 (1, 4, 0, 188, 127, 0, 0, 103, 1, 2, 0, 213)
31 (1, 4, 6, 69, 0, 0, 0, 77, 1, 1, 0, 186)
0 (1, 4, 453, 253, 0, 30, 0, 11, 4, 4, 0, 206)
1 (1, 4, 388, 317, 0, 17, 0, 15, 4, 4, 0, 254)
2 (1, 4, 458, 260, 0, 19, 0, 38, 5, 5, 0, 37)
3 (1, 4, 299, 323, 0, 35, 0, 84, 5, 5, 0, 97)
4 (1, 4, 368, 187, 0, 61, 0, 134, 4, 4, 0, 252)
5 (1, 4, 122, 12, 32, 48, 37, 124, 4, 4, 0, 46)
6 (1, 4, 11, 17, 260, 0, 101, 28, 5, 4, 0, 76)
7 (1, 4, 0, 219, 655, 0, 0, 20, 4, 4, 0, 102)
8 (1, 4, 0, 94, 0, 0, 0, 129, 4, 4, 0, 233)
9 (1, 4, 105, 0, 0, 0, 145, 26, 4, 4, 0, 34)
10 (1, 4, 0, 18, 0, 0, 0, 91, 4, 4, 0, 76)
11 (1, 4, 0, 0, 0, 0, 0, 55, 3, 4, 0, 18)
12 (1, 4, 0, 0, 0, 0, 0, 36, 3, 4, 0, 167)
13 (1, 4, 0, 0, 0, 0, 0, 64, 3, 3, 0, 32)
14 (1, 4, 0, 5, 0, 33, 0, 105, 3, 3, 0, 45)
15 (1, 4, 0, 0, 87, 42, 0, 127, 3, 3, 0, 229)
16 (1, 4, 0, 0, 152, 51, 0, 124, 3, 3, 0, 192)
17 (1, 4, 0, 0, 0, 32, 0, 118, 3, 3, 0, 119)
18 (1, 4, 6, 0, 0, 61, 0, 75, 2, 3, 0, 111)
19 (1, 4, 0, 0, 0, 54, 0, 72, 2, 2, 0, 159)
20 (1, 4, 86, 0, 0, 30, 0, 63, 2, 2, 0, 231)
21 (1, 4, 61, 0, 0, 42, 0, 48, 2, 2, 0, 80)
22 (1, 4, 28, 0, 0, 47, 0, 42, 2, 2, 0, 122)
23 (1, 4, 126, 0, 90, 50, 0, 31, 2, 2, 0, 139)
24 (1, 4, 122, 0, 240, 28, 0, 27, 1, 2, 0, 175)
25 (1, 4, 0, 0, 297, 36, 0, 29, 1, 1, 0, 250)
26 (1, 4, 34, 0, 251, 33, 0, 39, 1, 1, 0, 100)
27 (1, 4, 0, 0, 251, 14, 0, 33, 1, 1, 0, 63)
28 (1, 4, 0, 0, 288, 20, 0, 26, 1, 1, 0, 223)
29 (1, 4, 0, 16, 246, 3, 0, 25, 1, 1, 0, 43)
30 (1, 4, 44, 101, 218, 8, 0, 37, 1, 1, 0, 195)
31 (1, 4, 0, 75, 172, 0, 0, 46, 1, 2, 0, 72)
0 (1, 4, 9, 109, 30, 0, 0, 32, 1, 2, 0, 58)
1 (1, 4, 253, 225, 27, 0, 0, 17, 1, 1, 0, 11)
2 (1, 4, 186, 140, 0, 0, 0, 21, 1, 1, 0, 56)
3 (1, 4, 53, 0, 0, 0, 0, 14, 0, 1, 0, 34)
4 (1, 4, 0, 0, 0, 0, 0, 18, 0, 1, 0, 127)
5 (1, 4, 0, 1, 0, 0, 0, 30, 0, 1, 0, 85)
6 (1, 4, 0, 0, 0, 0, 0, 24, 1, 1, 0, 78)
7 (1, 4, 62, 0, 0, 0, 0, 36, 1, 1, 0, 208)
8 (1, 4, 310, 0, 0, 0, 0, 20, 1, 1, 0, 208)
9 (1, 4, 226, 0, 0, 0, 0, 33, 1, 1, 0, 78)
10 (1, 4, 0, 0, 0, 0, 0, 30, 1, 1, 0, 130)
11 (1, 4, 174, 57, 54, 0, 0, 38, 1, 1, 0, 201)
12 (1, 4, 126, 0, 128, 0, 0, 52, 1, 1, 0, 123)
13 (1, 4, 0, 4, 3, 0, 0, 75, 2, 2, 0, 196)
14 (1, 4, 232, 0, 119, 33, 0, 87, 2, 2, 0, 171)
15 (1, 4, 47, 93, 45, 20, 0, 99, 2, 2, 0, 78)
16 (1, 4, 255, 0, 0, 20, 0, 99, 2, 3, 0, 239)
17 (1, 4, 274, 6, 0, 57, 0, 98, 2, 3, 0, 234)
18 (1, 4, 281, 18, 0, 60, 0, 119, 3, 3, 0, 75)
19 (1, 4, 307, 0, 0, 123, 0, 126, 3, 3, 0, 81)
20 (1, 4, 72, 5, 31, 114, 0, 157, 3, 3, 0, 57)
21 (1, 4, 48, 0, 381, 77, 134, 13, 4, 4, 0, 7)
22 (1, 4, 0, 384, 873, 0, 36, 0, 3, 4, 0, 179)
23 (1, 4, 0, 0, 0, 0, 0, 42, 4, 4, 0, 168)
24 (1, 4, 77, 2, 0, 18, 199, 86, 4, 4, 0, 45)
25 (1, 4, 0, 83, 0, 0, 0, 99, 3, 4, 0, 203)
26 (1, 4, 44, 0, 0, 0, 0, 67, 3, 3, 0, 201)
27 (1, 4, 101, 0, 0, 0, 0, 38, 3, 3, 0, 112)
28 (1, 4, 3, 0, 0, 0, 0, 77, 2, 2, 0, 123)
29 (1, 4, 0, 0, 0, 49, 25, 106, 2, 2, 0, 231)
30 (1, 4, 0, 0, 0, 96, 1, 164, 2, 2, 0, 119)
31 (1, 4, 0, 0, 0, 92, 13, 125, 2, 2, 0, 230)
0 (1, 4, 295, 0, 0, 18, 0, 43, 4, 4, 0, 81)
1 (1, 4, 142, 0, 0, 66, 0, 78, 5, 5, 0, 154)
2 (1, 4, 328, 0, 0, 100, 0, 114, 5, 5, 0, 102)
3 (1, 4, 307, 91, 0, 147, 0, 143, 5, 6, 0, 88)
4 (1, 4, 415, 0, 61, 164, 0, 141, 5, 6, 0, 70)
5 (1, 4, 88, 1, 147, 206, 196, 61, 5, 6, 0, 74)
6 (1, 4, 0, 351, 873, 0, 192, 0, 5, 6, 0, 188)
7 (1, 4, 0, 94, 0, 0, 0, 0, 4, 5, 0, 215)
8 (1, 4, 442, 0, 0, 64, 202, 0, 5, 5, 0, 199)
9 (1, 4, 0, 90, 39, 0, 2, 115, 4, 5, 0, 181)
10 (1, 4, 0, 31, 0, 0, 0, 104, 4, 5, 0, 239)
11 (1, 4, 0, 83, 0, 0, 0, 86, 4, 4, 0, 58)
12 (1, 4, 89, 0, 0, 0, 0, 0, 4, 4, 0, 77)
13 (1, 4, 157, 0, 0, 0, 0, 0, 4, 4, 0, 233)
14 (1, 4, 0, 0, 0, 12, 1, 85, 4, 3, 0, 141)
15 (1, 4, 0, 169, 0, 131, 25, 143, 4, 3, 0, 75)
16 (1, 4, 0, 210, 0, 124, 43, 257, 3, 3, 0, 21)
17 (1, 4, 142, 105, 189, 21, 0, 159, 3, 3, 0, 81)
18 (1, 4, 0, 121, 0, 0, 0, 139, 3, 3, 0, 69)
19 (1, 4, 0, 0, 0, 50, 0, 68, 3, 3, 0, 117)
20 (1, 4, 56, 32, 0, 58, 0, 56, 3, 3, 0, 176)
21 (1, 4, 0, 146, 0, 44, 0, 71, 2, 3, 0, 49)
22 (1, 4, 16, 179, 0, 37, 0, 71, 2, 2, 0, 42)
23 (1, 4, 94, 185, 0, 22, 0, 69, 1, 2, 0, 9)
24 (1, 4, 0, 159, 0, 17, 0, 70, 1, 1, 0, 199)
25 (1, 4, 0, 111, 0, 14, 0, 78, 1, 1, 0, 94)
26 (1, 4, 0, 167, 93, 21, 0, 71, 1, 1, 0, 134)
27 (1, 4, 0, 190, 0, 19, 0, 67, 1, 1, 0, 36)
28 (1, 4, 0, 251, 40, 14, 0, 59, 1, 1, 0, 59)
29 (1, 4, 0, 285, 5, 0, 0, 48, 1, 1, 0, 151)
30 (1, 4, 0, 192, 64, 0, 0, 47, 1, 1, 0, 86)
31 (1, 4, 0, 200, 251, 0, 0, 38, 1, 1, 0, 167)
0 (1, 4, 334, 79, 0, 75, 0, 100, 3, 4, 0, 3)
1 (1, 4, 222, 146, 0, 79, 0, 134, 3, 4, 0, 96)
2 (1, 4, 398, 0, 60, 119, 0, 175, 4, 4, 0, 62)
3 (1, 4, 110, 0, 247, 91, 130, 189, 4, 5, 0, 192)
4 (1, 4, 269, 0, 581, 0, 83, 27, 4, 5, 0, 181)
5 (1, 4, 0, 228, 873, 0, 0, 0, 4, 4, 0, 10)
6 (1, 4, 504, 0, 0, 0, 0, 166, 4, 4, 0, 116)
7 (1, 4, 0, 60, 0, 0, 14, 117, 4, 4, 0, 221)
8 (1, 4, 0, 17, 0, 0, 0, 120, 3, 4, 0, 122)
9 (1, 4, 0, 102, 0, 0, 0, 91, 3, 4, 0, 159)
10 (1, 4, 12, 52, 0, 0, 0, 73, 3, 3, 0, 36)
11 (1, 4, 80, 0, 0, 0, 0, 30, 3, 3, 0, 249)
12 (1, 4, 0, 0, 0, 15, 57, 55, 3, 3, 0, 145)
13 (1, 4, 0, 54, 0, 98, 45, 141, 3, 3, 0, 239)
14 (1, 4, 0, 0, 0, 146, 69, 226, 3, 3, 0, 86)
15 (1, 4, 0, 0, 216, 109, 0, 126, 3, 3, 0, 26)
16 (1, 4, 0, 0, 215, 16, 0, 105, 3, 3, 0, 211)
17 (1, 4, 0, 0, 71, 43, 0, 83, 2, 3, 0, 217)
18 (1, 4, 1, 0, 57, 45, 0, 85, 2, 3, 0, 238)
19 (1, 4, 0, 0, 20, 34, 0, 86, 2, 2, 0, 192)
20 (1, 4, 0, 0, 0, 52, 0, 75, 2, 2, 0, 199)
21 (1, 4, 0, 0, 0, 62, 0, 72, 2, 2, 0, 103)
22 (1, 4, 0, 0, 0, 56, 0, 71, 2, 2, 0, 220)
23 (1, 4, 0, 0, 8, 60, 0, 58, 2, 2, 0, 107)
24 (1, 4, 0, 24, 91, 51, 0, 56, 2, 2, 0, 154)
25 (1, 4, 0, 0, 42, 50, 0, 56, 2, 2, 0, 185)
26 (1, 4, 0, 0, 54, 57, 0, 43, 2, 2, 0, 72)
27 (1, 4, 0, 77, 19, 53, 0, 35, 2, 2, 0, 77)
28 (1, 4, 19, 29, 96, 47, 0, 46, 2, 2, 0, 237)
29 (1, 4, 31, 36, 42, 45, 0, 47, 2, 2, 0, 137)
30 (1, 4, 160, 62, 58, 32, 0, 54, 2, 2, 0, 92)
31 (1, 4, 59, 23, 22, 23, 0, 51, 2, 2, 0, 250)
0 (1, 4, 107, 61, 52, 14, 0, 83, 2, 2, 0, 170)
1 (1, 4, 14, 108, 0, 17, 0, 83, 2, 2, 0, 8)
2 (1, 4, 63, 107, 32, 12, 0, 94, 3, 3, 0, 248)
3 (1, 4, 26, 137, 0, 33, 0, 97, 3, 3, 0, 35)
4 (1, 4, 100, 188, 0, 23, 0, 93, 4, 4, 0, 155)
5 (1, 4, 100, 253, 0, 36, 0, 91, 4, 4, 0, 94)
6 (1, 4, 151, 317, 0, 48, 0, 101, 4, 4, 0, 79)
7 (1, 4, 296, 291, 0, 24, 0, 105, 4, 4, 0, 206)
8 (1, 4, 387, 237, 0, 32, 0, 87, 5, 5, 0, 166)
9 (1, 4, 457, 196, 0, 42, 0, 108, 4, 5, 0, 221)
10 (1, 4, 376, 43, 0, 91, 6, 100, 5, 5, 0, 93)
11 (1, 4, 134, 37, 0, 42, 65, 53, 4, 5, 0, 57)
12 (1, 4, 76, 409, 440, 0, 23, 15, 4, 5, 0, 246)
13 (1, 4, 0, 0, 132, 0, 0, 11, 4, 5, 0, 18)
14 (1, 4, 429, 0, 90, 0, 367, 0, 4, 5, 0, 29)
15 (1, 4, 10, 17, 103, 0, 0, 57, 4, 4, 0, 69)
16 (1, 4, 0, 1, 0, 0, 14, 88, 4, 4, 0, 67)
17 (1, 4, 0, 5, 0, 0, 0, 109, 4, 4, 0, 145)
18 (1, 4, 0, 0, 0, 0, 0, 112, 3, 4, 0, 68)
19 (1, 4, 0, 0, 0, 0, 0, 93, 3, 3, 0, 179)
20 (1, 4, 0, 0, 0, 0, 0, 78, 3, 3, 0, 6)
21 (1, 4, 0, 0, 0, 41, 0, 103, 3, 3, 0, 156)
22 (1, 4, 0, 0, 0, 96, 0, 129, 3, 3, 0, 12)
23 (1, 4, 0, 0, 0, 59, 0, 123, 2, 2, 0, 16)
24 (1, 4, 46, 0, 28, 51, 0, 66, 2, 3, 0, 202)
25 (1, 4, 205, 0, 185, 72, 0, 28, 3, 3, 0, 134)
26 (1, 4, 79, 0, 152, 48, 0, 50, 2, 2, 0, 88)
27 (1, 4, 110, 0, 106, 56, 0, 55, 2, 2, 0, 103)
28 (1, 4, 110, 0, 81, 56, 0, 73, 2, 2, 0, 240)
29 (1, 4, 120, 0, 117, 54, 0, 73, 2, 2, 0, 46)
30 (1, 4, 88, 0, 101, 54, 0, 79, 2, 2, 0, 90)
31 (1, 4, 111, 0, 75, 50, 0, 98, 2, 3, 0, 146)
0 (1, 4, 108, 5, 137, 19, 48, 18, 4, 4, 0, 222)
1 (1, 4, 66, 127, 364, 0, 22, 0, 4, 4, 0, 112)
2 (1, 4, 0, 312, 712, 0, 0, 196, 3, 4, 0, 48)
3 (1, 4, 403, 0, 0, 50, 0, 88, 4, 4, 0, 227)
4 (1, 4, 0, 0, 0, 26, 97, 99, 4, 4, 0, 135)
5 (1, 4, 0, 35, 12, 14, 0, 126, 3, 4, 0, 32)
6 (1, 4, 0, 12, 0, 41, 0, 100, 3, 4, 0, 133)
7 (1, 4, 0, 33, 0, 26, 0, 126, 3, 4, 0, 36)
8 (1, 4, 0, 0, 0, 0, 0, 103, 3, 3, 0, 146)
9 (1, 4, 0, 22, 0, 0, 0, 71, 3, 3, 0, 229)
10 (1, 4, 54, 0, 0, 0, 0, 36, 3, 3, 0, 178)
11 (1, 4, 0, 168, 0, 39, 1, 61, 2, 2, 0, 227)
12 (1, 4, 0, 72, 0, 44, 0, 95, 2, 2, 0, 94)
13 (1, 4, 0, 32, 0, 97, 0, 131, 2, 2, 0, 97)
14 (1, 4, 0, 206, 212, 113, 14, 130, 2, 2, 0, 246)
15 (1, 4, 0, 359, 443, 0, 0, 171, 2, 2, 0, 71)
16 (1, 4, 0, 0, 188, 41, 0, 106, 1, 2, 0, 225)
17 (1, 4, 0, 0, 149, 39, 0, 91, 1, 2, 0, 32)
18 (1, 4, 0, 10, 36, 21, 0, 94, 1, 1, 0, 45)
19 (1, 4, 0, 14, 8, 2, 0, 80, 1, 1, 0, 103)
20 (1, 4, 18, 74, 91, 0, 0, 83, 1, 1, 0, 165)
21 (1, 4, 0, 64, 84, 0, 0, 90, 1, 1, 0, 235)
22 (1, 4, 31, 77, 81, 0, 0, 90, 1, 1, 0, 71)
23 (1, 4, 0, 14, 18, 0, 0, 74, 1, 1, 0, 53)
24 (1, 4, 43, 36, 66, 0, 0, 63, 1, 1, 0, 149)
25 (1, 4, 0, 80, 36, 0, 0, 59, 1, 1, 0, 203)
26 (1, 4, 80, 117, 18, 0, 0, 62, 1, 1, 0, 85)
27 (1, 4, 133, 134, 28, 0, 0, 62, 1, 1, 0, 43)
28 (1, 4, 0, 68, 0, 0, 0, 64, 1, 1, 0, 107)
29 (1, 4, 88, 64, 44, 0, 0, 65, 1, 1, 0, 107)
30 (1, 4, 0, 9, 0, 0, 0, 62, 1, 1, 0, 37)
31 (1, 4, 0, 21, 17, 0, 0, 61, 1, 1, 0, 160)
0 (1, 4, 0, 216, 815, 0, 0, 32, 5, 5, 0, 226)
1 (1, 4, 27, 0, 0, 0, 0, 132, 5, 6, 0, 147)
2 (1, 4, 83, 0, 116, 34, 178, 63, 5, 6, 0, 163)
3 (1, 4, 0, 78, 89, 0, 0, 115, 5, 5, 0, 41)
4 (1, 4, 0, 43, 60, 0, 0, 97, 5, 5, 0, 162)
5 (1, 4, 14, 45, 55, 0, 0, 111, 4, 4, 0, 105)
6 (1, 4, 0, 57, 0, 0, 0, 103, 4, 4, 0, 8)
7 (1, 4, 26, 43, 0, 0, 0, 68, 4, 4, 0, 79)
8 (1, 4, 129, 0, 0, 0, 0, 64, 4, 4, 0, 4)
9 (1, 4, 118, 0, 0, 0, 13, 48, 3, 3, 0, 198)
10 (1, 4, 0, 65, 0, 72, 0, 83, 3, 3, 0, 142)
11 (1, 4, 0, 186, 0, 94, 23, 124, 3, 3, 0, 196)
12 (1, 4, 0, 0, 276, 53, 0, 159, 3, 3, 0, 196)
13 (1, 4, 0, 23, 329, 47, 0, 153, 3, 3, 0, 168)
14 (1, 4, 0, 0, 101, 38, 0, 115, 3, 3, 0, 80)
15 (1, 4, 0, 0, 0, 51, 0, 77, 3, 3, 0, 95)
16 (1, 4, 79, 0, 0, 37, 0, 69, 3, 3, 0, 211)
17 (1, 4, 4, 74, 0, 27, 0, 86, 3, 3, 0, 116)
18 (1, 4, 25, 96, 35, 17, 0, 101, 3, 3, 0, 89)
19 (1, 4, 7, 65, 7, 4, 0, 100, 3, 3, 0, 113)
20 (1, 4, 0, 32, 0, 17, 0, 84, 3, 3, 0, 172)
21 (1, 4, 77, 65, 32, 11, 0, 87, 3, 3, 0, 62)
22 (1, 4, 27, 7, 0, 7, 0, 90, 3, 3, 0, 125)
23 (1, 4, 2, 13, 0, 13, 0, 87, 3, 3, 0, 187)
24 (1, 4, 1, 49, 0, 18, 0, 80, 2, 3, 0, 64)
25 (1, 4, 0, 112, 0, 7, 0, 87, 2, 2, 0, 148)
26 (1, 4, 0, 122, 0, 6, 0, 88, 2, 2, 0, 172)
27 (1, 4, 0, 135, 0, 0, 0, 91, 2, 2, 0, 117)
28 (1, 4, 80, 50, 0, 4, 0, 89, 2, 2, 0, 20)
29 (1, 4, 27, 59, 0, 9, 0, 89, 2, 2, 0, 98)
30 (1, 4, 0, 54, 0, 9, 0, 89, 2, 2, 0, 60)
31 (1, 4, 22, 53, 0, 7, 0, 81, 2, 2, 0, 112)
0 (1, 4, 3, 11, 6, 0, 0, 87, 1, 1, 0, 250)
1 (1, 4, 14, 19, 22, 0, 0, 99, 1, 1, 0, 22)
2 (1, 4, 23, 0, 26, 0, 0, 100, 1, 1, 0, 192)
3 (1, 4, 20, 0, 0, 0, 0, 100, 1, 1, 0, 62)
4 (1, 4, 61, 0, 0, 3, 0, 98, 2, 2, 0, 113)
5 (1, 4, 37, 6, 0, 8, 0, 118, 2, 2, 0, 41)
6 (1, 4, 190, 0, 0, 26, 0, 135, 2, 2, 0, 162)
7 (1, 4, 249, 0, 0, 55, 0, 142, 2, 3, 0, 45)
8 (1, 4, 202, 0, 56, 79, 0, 124, 3, 3, 0, 112)
9 (1, 4, 161, 0, 209, 106, 1, 116, 3, 3, 0, 153)
10 (1, 4, 0, 19, 174, 80, 11, 106, 4, 4, 0, 254)
11 (1, 4, 0, 0, 298, 0, 48, 39, 4, 4, 0, 80)
12 (1, 4, 0, 82, 534, 0, 0, 24, 4, 4, 0, 88)
13 (1, 4, 0, 9, 0, 0, 0, 166, 4, 4, 0, 187)
14 (1, 4, 152, 0, 181, 0, 28, 47, 4, 4, 0, 154)
15 (1, 4, 0, 0, 8, 0, 0, 109, 4, 4, 0, 66)
16 (1, 4, 0, 31, 8, 0, 0, 94, 4, 4, 0, 134)
17 (1, 4, 0, 96, 0, 0, 0, 86, 3, 3, 0, 126)
18 (1, 4, 71, 0, 0, 0, 0, 48, 3, 3, 0, 180)
19 (1, 4, 285, 0, 0, 0, 29, 0, 3, 3, 0, 31)
20 (1, 4, 0, 0, 0, 20, 3, 71, 3, 3, 0, 51)
21 (1, 4, 0, 103, 0, 106, 0, 141, 3, 3, 0, 22)
22 (1, 4, 0, 104, 0, 171, 82, 201, 3, 2, 0, 246)
23 (1, 4, 50, 0, 214, 59, 0, 153, 3, 3, 0, 241)
24 (1, 4, 0, 171, 188, 0, 0, 151, 2, 2, 0, 28)
25 (1, 4, 0, 0, 23, 0, 0, 129, 2, 2, 0, 163)
26 (1, 4, 0, 0, 25, 21, 0, 92, 2, 2, 0, 166)
27 (1, 4, 0, 0, 17, 3, 0, 97, 2, 2, 0, 157)
28 (1, 4, 0, 0, 3, 0, 0, 102, 2, 2, 0, 255)
29 (1, 4, 0, 0, 5, 0, 0, 103, 2, 2, 0, 81)
0 (1, 4, 0, 72, 0, 0, 0, 100, 1, 1, 0, 214)
1 (1, 4, 19, 77, 0, 0, 0, 99, 1, 1, 0, 88)
2 (1, 4, 49, 73, 0, 0, 0, 122, 1, 1, 0, 191)
3 (1, 4, 72, 40, 0, 0, 0, 120, 2, 2, 0, 57)
4 (1, 4, 159, 18, 0, 0, 0, 104, 2, 2, 0, 193)
5 (1, 4, 107, 0, 0, 0, 0, 76, 2, 2, 0, 154)
6 (1, 4, 95, 0, 0, 0, 0, 88, 3, 3, 0, 42)
7 (1, 4, 7, 0, 0, 7, 0, 122, 3, 3, 0, 118)
8 (1, 4, 164, 0, 0, 45, 0, 189, 3, 3, 0, 69)
9 (1, 4, 222, 0, 68, 103, 0, 220, 3, 3, 0, 10)
10 (1, 4, 146, 0, 121, 142, 0, 145, 3, 3, 0, 79)
11 (1, 4, 64, 0, 266, 72, 20, 53, 3, 3, 0, 177)
12 (1, 4, 0, 85, 400, 0, 89, 15, 3, 3, 0, 229)
13 (1, 4, 0, 10, 531, 0, 0, 0, 3, 3, 0, 197)
14 (1, 4, 526, 0, 0, 0, 118, 145, 3, 3, 0, 48)
15 (1, 4, 0, 150, 131, 0, 25, 88, 3, 3, 0, 185)
16 (1, 4, 0, 5, 0, 0, 0, 90, 2, 3, 0, 173)
17 (1, 4, 0, 138, 0, 0, 0, 113, 2, 2, 0, 91)
18 (1, 4, 0, 70, 0, 0, 0, 94, 2, 2, 0, 232)
19 (1, 4, 0, 0, 0, 0, 0, 67, 2, 2, 0, 79)
20 (1, 4, 134, 0, 0, 0, 0, 50, 2, 2, 0, 150)
21 (1, 4, 10, 0, 0, 0, 10, 80, 2, 2, 0, 165)
22 (1, 4, 0, 43, 0, 69, 0, 115, 2, 2, 0, 34)
23 (1, 4, 0, 14, 70, 86, 0, 147, 2, 2, 0, 189)
24 (1, 4, 0, 3, 247, 40, 0, 168, 2, 2, 0, 10)
25 (1, 4, 0, 0, 261, 0, 0, 144, 1, 2, 0, 4)
26 (1, 4, 0, 0, 165, 0, 0, 123, 1, 1, 0, 9)
27 (1, 4, 0, 0, 48, 0, 0, 103, 1, 1, 0, 1)
28 (1, 4, 0, 0, 0, 6, 0, 90, 1, 1, 0, 240)
29 (1, 4, 0, 0, 0, 15, 0, 78, 1, 1, 0, 177)
30 (1, 4, 0, 0, 46, 20, 0, 80, 1, 1, 0, 89)
31 (1, 4, 0, 0, 63, 20, 0, 76, 1, 1, 0, 254)
0 (1, 4, 34, 0, 30, 0, 0, 89, 2, 2, 0, 166)
1 (1, 4, 90, 0, 8, 0, 0, 93, 2, 2, 0, 3)
2 (1, 4, 107, 0, 0, 0, 0, 74, 3, 3, 0, 95)
3 (1, 4, 33, 0, 0, 4, 0, 78, 3, 3, 0, 179)
4 (1, 4, 82, 0, 0, 6, 0, 96, 3, 3, 0, 182)
5 (1, 4, 119, 0, 15, 16, 0, 105, 3, 3, 0, 158)
6 (1, 4, 78, 0, 18, 30, 0, 124, 3, 3, 0, 13)
7 (1, 4, 111, 0, 83, 39, 0, 129, 3, 3, 0, 175)
8 (1, 4, 165, 0, 161, 56, 0, 144, 4, 4, 0, 154)
9 (1, 4, 74, 0, 251, 70, 0, 157, 4, 4, 0, 189)
10 (1, 4, 0, 0, 250, 51, 0, 129, 4, 4, 0, 40)
11 (1, 4, 46, 0, 285, 0, 42, 39, 4, 4, 0, 17)
12 (1, 4, 115, 0, 585, 0, 0, 145, 4, 4, 0, 9)
13 (1, 4, 0, 139, 0, 0, 0, 0, 4, 4, 0, 48)
14 (1, 4, 213, 0, 140, 24, 119, 75, 4, 4, 0, 63)
15 (1, 4, 60, 36, 166, 8, 0, 87, 4, 4, 0, 46)
16 (1, 4, 18, 2, 51, 0, 0, 93, 4, 4, 0, 39)
17 (1, 4, 0, 27, 1, 0, 0, 92, 4, 4, 0, 205)
18 (1, 4, 107, 29, 0, 0, 0, 65, 3, 4, 0, 120)
19 (1, 4, 95, 94, 0, 0, 0, 33, 2, 3, 0, 172)
20 (1, 4, 54, 118, 0, 0, 0, 12, 2, 2, 0, 103)
21 (1, 4, 0, 331, 0, 0, 0, 30, 2, 2, 0, 148)
22 (1, 4, 0, 395, 0, 0, 0, 49, 2, 2, 0, 78)
23 (1, 4, 0, 305, 0, 37, 0, 53, 2, 2, 0, 205)
24 (1, 4, 0, 519, 0, 0, 0, 123, 2, 2, 0, 24)
25 (1, 4, 0, 513, 0, 0, 0, 213, 2, 2, 0, 162)
26 (1, 4, 0, 156, 0, 0, 0, 155, 2, 2, 0, 176)
27 (1, 4, 0, 196, 0, 0, 0, 92, 2, 2, 0, 61)
28 (1, 4, 196, 167, 0, 0, 0, 64, 2, 2, 0, 76)
0 (1, 4, 153, 0, 0, 33, 0, 98, 2, 2, 0, 76)
1 (1, 4, 121, 45, 0, 55, 0, 121, 3, 3, 0, 234)
2 (1, 4, 176, 42, 0, 83, 0, 129, 3, 3, 0, 29)
3 (1, 4, 85, 45, 0, 96, 0, 126, 4, 4, 0, 54)
4 (1, 4, 13, 35, 121, 49, 22, 111, 4, 4, 0, 220)
5 (1, 4, 19, 27, 275, 0, 15, 87, 4, 4, 0, 23)
6 (1, 4, 0, 195, 466, 0, 5, 54, 3, 4, 0, 10)
7 (1, 4, 0, 76, 69, 0, 0, 90, 3, 4, 0, 109)
8 (1, 4, 201, 0, 36, 0, 44, 91, 3, 4, 0, 4)
9 (1, 4, 0, 31, 44, 0, 0, 96, 3, 4, 0, 91)
10 (1, 4, 0, 6, 5, 0, 0, 109, 3, 3, 0, 188)
11 (1, 4, 0, 0, 0, 0, 0, 96, 2, 3, 0, 227)
12 (1, 4, 0, 0, 0, 0, 0, 94, 2, 2, 0, 220)
13 (1, 4, 0, 0, 0, 0, 0, 77, 1, 2, 0, 207)
14 (1, 4, 0, 0, 0, 0, 0, 59, 1, 1, 0, 137)
15 (1, 4, 0, 0, 8, 0, 0, 75, 1, 1, 0, 2)
16 (1, 4, 0, 0, 249, 11, 0, 87, 1, 1, 0, 136)
17 (1, 4, 0, 0, 300, 0, 0, 77, 1, 1, 0, 51)
18 (1, 4, 0, 0, 367, 16, 0, 93, 1, 1, 0, 87)
19 (1, 4, 0, 0, 179, 27, 0, 78, 1, 1, 0, 241)
20 (1, 4, 0, 0, 149, 28, 0, 75, 1, 1, 0, 137)
21 (1, 4, 0, 0, 184, 9, 0, 80, 1, 1, 0, 202)
22 (1, 4, 0, 0, 166, 2, 0, 77, 1, 1, 0, 50)
23 (1, 4, 0, 0, 98, 0, 0, 76, 1, 1, 0, 135)
24 (1, 4, 0, 0, 34, 0, 0, 70, 1, 1, 0, 47)
25 (1, 4, 0, 0, 0, 0, 0, 79, 1, 1, 0, 203)
26 (1, 4, 67, 0, 0, 0, 0, 76, 1, 1, 0, 54)
27 (1, 4, 0, 0, 0, 0, 0, 80, 1, 1, 0, 225)
28 (1, 4, 97, 0, 32, 0, 0, 71, 1, 1, 0, 159)
29 (1, 4, 86, 0, 42, 4, 0, 65, 1, 1, 0, 177)
0 (1, 4, 139, 0, 140, 85, 0, 120, 2, 3, 0, 255)
1 (1, 4, 0, 0, 73, 1, 26, 75, 2, 3, 0, 180)
2 (1, 4, 64, 32, 376, 0, 0, 97, 3, 3, 0, 142)
3 (1, 4, 0, 0, 260, 0, 0, 51, 2, 3, 0, 16)
4 (1, 4, 129, 0, 0, 0, 6, 125, 3, 3, 0, 24)
5 (1, 4, 68, 23, 83, 48, 35, 55, 3, 3, 0, 113)
6 (1, 4, 0, 17, 0, 32, 0, 105, 3, 3, 0, 137)
7 (1, 4, 69, 11, 30, 33, 0, 106, 2, 3, 0, 32)
8 (1, 4, 0, 9, 0, 15, 0, 117, 2, 2, 0, 82)
9 (1, 4, 0, 10, 0, 0, 0, 104, 2, 2, 0, 188)
10 (1, 4, 0, 0, 0, 0, 0, 69, 1, 2, 0, 37)
11 (1, 4, 0, 20, 0, 0, 0, 40, 1, 1, 0, 135)
12 (1, 4, 0, 95, 0, 0, 6, 30, 1, 1, 0, 192)
13 (1, 4, 0, 155, 0, 33, 18, 73, 1, 1, 0, 141)
14 (1, 4, 0, 196, 23, 76, 0, 149, 1, 1, 0, 23)
15 (1, 4, 0, 78, 22, 93, 0, 189, 1, 1, 0, 255)
16 (1, 4, 0, 52, 142, 64, 0, 161, 1, 1, 0, 19)
17 (1, 4, 0, 59, 71, 32, 0, 147, 1, 1, 0, 119)
18 (1, 4, 0, 19, 42, 35, 0, 117, 1, 1, 0, 246)
19 (1, 4, 0, 0, 5, 41, 0, 98, 1, 1, 0, 238)
20 (1, 4, 0, 7, 40, 47, 0, 91, 1, 1, 0, 97)
21 (1, 4, 28, 27, 106, 38, 0, 90, 1, 1, 0, 45)
22 (1, 4, 17, 1, 86, 21, 0, 90, 1, 1, 0, 136)
23 (1, 4, 42, 0, 101, 22, 0, 84, 1, 1, 0, 69)
24 (1, 4, 1, 0, 134, 19, 0, 83, 1, 1, 0, 223)
25 (1, 4, 0, 0, 121, 13, 0, 84, 1, 1, 0, 93)
26 (1, 4, 0, 0, 93, 13, 0, 78, 1, 1, 0, 125)
27 (1, 4, 0, 0, 80, 15, 0, 73, 1, 1, 0, 38)
28 (1, 4, 0, 46, 24, 3, 0, 83, 1, 1, 0, 163)
29 (1, 4, 0, 9, 4, 0, 0, 94, 1, 1, 0, 159)
30 (1, 4, 0, 24, 0, 0, 0, 86, 1, 1, 0, 255)
31 (1, 4, 76, 42, 0, 0, 0, 79, 1, 1, 0, 22)
0 (1, 4, 319, 38, 0, 70, 0, 99, 3, 3, 0, 122)
1 (1, 4, 154, 24, 0, 75, 0, 108, 3, 3, 0, 89)
2 (1, 4, 132, 0, 0, 52, 0, 113, 3, 4, 0, 212)
3 (1, 4, 33, 0, 146, 26, 58, 95, 3, 4, 0, 254)
4 (1, 4, 0, 0, 260, 0, 23, 44, 4, 4, 0, 138)
5 (1, 4, 0, 144, 419, 0, 0, 60, 3, 4, 0, 23)
6 (1, 4, 0, 82, 50, 0, 0, 124, 3, 4, 0, 250)
7 (1, 4, 119, 0, 0, 0, 41, 100, 4, 4, 0, 250)
8 (1, 4, 0, 24, 30, 0, 0, 109, 3, 4, 0, 183)
9 (1, 4, 0, 47, 3, 0, 0, 107, 3, 3, 0, 197)
10 (1, 4, 12, 26, 0, 0, 0, 116, 3, 3, 0, 208)
11 (1, 4, 0, 0, 0, 0, 0, 96, 2, 3, 0, 227)
12 (1, 4, 41, 0, 0, 0, 0, 59, 2, 3, 0, 64)
13 (1, 4, 14, 0, 0, 0, 0, 41, 2, 2, 0, 172)
14 (1, 4, 0, 45, 0, 32, 7, 76, 2, 2, 0, 41)
15 (1, 4, 0, 0, 134, 89, 0, 120, 2, 2, 0, 244)
16 (1, 4, 0, 89, 268, 79, 0, 141, 2, 2, 0, 141)
17 (1, 4, 0, 0, 243, 2, 0, 150, 1, 1, 0, 236)
18 (1, 4, 0, 0, 0, 22, 0, 92, 1, 1, 0, 203)
19 (1, 4, 0, 0, 0, 44, 0, 55, 2, 2, 0, 96)
20 (1, 4, 0, 0, 47, 35, 0, 53, 2, 2, 0, 219)
21 (1, 4, 0, 0, 32, 29, 0, 60, 2, 2, 0, 19)
22 (1, 4, 0, 0, 63, 40, 0, 70, 1, 2, 0, 138)
23 (1, 4, 0, 0, 21, 45, 0, 80, 1, 2, 0, 155)
24 (1, 4, 56, 0, 8, 45, 0, 90, 1, 2, 0, 150)
25 (1, 4, 12, 0, 0, 47, 0, 88, 1, 2, 0, 178)
26 (1, 4, 0, 8, 0, 40, 0, 79, 1, 2, 0, 212)
27 (1, 4, 27, 39, 0, 35, 0, 71, 1, 2, 0, 22)
28 (1, 4, 31, 67, 0, 33, 0, 69, 1, 2, 0, 50)
29 (1, 4, 61, 70, 0, 37, 0, 70, 1, 2, 0, 156)
0 (1, 4, 245, 0, 0, 83, 0, 141, 3, 3, 0, 33)
1 (1, 4, 155, 0, 0, 110, 2, 133, 3, 3, 0, 166)
2 (1, 4, 5, 0, 84, 46, 38, 93, 3, 4, 0, 6)
3 (1, 4, 0, 80, 247, 0, 49, 24, 3, 4, 0, 55)
4 (1, 4, 0, 117, 436, 0, 0, 99, 3, 4, 0, 205)
5 (1, 4, 0, 110, 0, 0, 0, 101, 3, 4, 0, 120)
6 (1, 4, 161, 0, 42, 27, 68, 68, 3, 4, 0, 37)
7 (1, 4, 18, 40, 60, 6, 0, 123, 3, 3, 0, 114)
8 (1, 4, 27, 31, 0, 0, 0, 120, 3, 3, 0, 234)
9 (1, 4, 0, 49, 0, 0, 0, 136, 3, 3, 0, 19)
10 (1, 4, 0, 2, 0, 0, 0, 118, 3, 3, 0, 243)
11 (1, 4, 11, 0, 0, 0, 0, 82, 2, 3, 0, 74)
12 (1, 4, 42, 0, 0, 0, 0, 68, 2, 3, 0, 156)
13 (1, 4, 0, 0, 0, 0, 0, 64, 2, 3, 0, 66)
14 (1, 4, 0, 38, 0, 66, 0, 116, 2, 2, 0, 176)
15 (1, 4, 0, 0, 0, 135, 0, 124, 2, 2, 0, 52)
16 (1, 4, 0, 0, 59, 163, 0, 112, 2, 2, 0, 184)
17 (1, 4, 43, 38, 337, 90, 0, 134, 2, 2, 0, 83)
18 (1, 4, 0, 0, 179, 62, 0, 109, 2, 2, 0, 167)
19 (1, 4, 0, 0, 159, 53, 0, 90, 2, 2, 0, 3)
20 (1, 4, 149, 0, 142, 48, 0, 80, 2, 2, 0, 27)
21 (1, 4, 0, 0, 116, 49, 0, 83, 2, 2, 0, 185)
22 (1, 4, 72, 0, 108, 49, 0, 84, 2, 2, 0, 144)
23 (1, 4, 0, 0, 70, 57, 0, 80, 2, 2, 0, 137)
24 (1, 4, 34, 0, 61, 66, 0, 76, 2, 2, 0, 113)
25 (1, 4, 0, 16, 13, 58, 0, 79, 1, 2, 0, 185)
26 (1, 4, 13, 1, 0, 50, 0, 82, 1, 2, 0, 54)
27 (1, 4, 19, 15, 0, 53, 0, 78, 1, 2, 0, 151)
28 (1, 4, 4, 33, 0, 44, 0, 88, 1, 2, 0, 148)
29 (1, 4, 23, 34, 0, 40, 0, 95, 1, 2, 0, 209)
0 (1, 4, 110, 0, 28, 32, 0, 124, 5, 5, 0, 149)
1 (1, 4, 235, 0, 135, 29, 0, 159, 5, 5, 0, 178)
2 (1, 4, 172, 0, 205, 22, 0, 188, 5, 6, 0, 218)
3 (1, 4, 192, 0, 234, 40, 0, 177, 6, 6, 0, 133)
4 (1, 4, 105, 0, 244, 59, 0, 162, 6, 7, 0, 147)
5 (1, 4, 26, 0, 343, 64, 0, 139, 6, 7, 0, 64)
6 (1, 4, 0, 0, 375, 36, 2, 65, 6, 7, 0, 28)
7 (1, 4, 0, 46, 410, 0, 53, 0, 5, 7, 0, 17)
8 (1, 4, 0, 173, 698, 0, 0, 34, 5, 6, 0, 176)
9 (1, 4, 46, 0, 0, 0, 17, 138, 5, 6, 0, 88)
10 (1, 4, 140, 92, 264, 24, 19, 35, 5, 6, 0, 31)
11 (1, 4, 0, 0, 0, 0, 0, 114, 5, 5, 0, 221)
12 (1, 4, 61, 3, 47, 0, 0, 93, 5, 5, 0, 155)
13 (1, 4, 0, 9, 0, 0, 0, 120, 5, 5, 0, 136)
14 (1, 4, 0, 0, 0, 0, 0, 115, 5, 5, 0, 2)
15 (1, 4, 0, 0, 0, 0, 0, 72, 5, 5, 0, 252)
16 (1, 4, 108, 0, 0, 0, 0, 10, 5, 5, 0, 6)
17 (1, 4, 0, 22, 0, 0, 0, 25, 5, 5, 0, 99)
18 (1, 4, 0, 115, 0, 75, 0, 66, 5, 5, 0, 91)
19 (1, 4, 0, 383, 0, 139, 23, 142, 5, 4, 0, 121)
20 (1, 4, 0, 90, 0, 58, 3, 193, 5, 4, 0, 71)
21 (1, 4, 0, 398, 122, 31, 0, 154, 4, 4, 0, 11)
22 (1, 4, 0, 311, 0, 0, 0, 162, 4, 4, 0, 140)
23 (1, 4, 0, 179, 0, 14, 0, 111, 4, 4, 0, 135)
24 (1, 4, 0, 137, 0, 3, 0, 108, 4, 4, 0, 7)
25 (1, 4, 0, 68, 0, 7, 0, 97, 4, 4, 0, 101)
26 (1, 4, 0, 79, 0, 0, 0, 97, 4, 4, 0, 83)
27 (1, 4, 32, 54, 0, 0, 0, 110, 4, 4, 0, 75)
28 (1, 4, 2, 12, 0, 0, 0, 95, 4, 4, 0, 64)
29 (1, 4, 0, 38, 0, 14, 0, 86, 4, 4, 0, 207)
30 (1, 4, 0, 104, 0, 23, 0, 88, 4, 4, 0, 126)
31 (1, 4, 2, 127, 0, 19, 0, 93, 4, 4, 0, 215)
0 (1, 4, 407, 0, 0, 108, 0, 145, 3, 3, 0, 134)
1 (1, 4, 231, 0, 0, 126, 0, 127, 3, 4, 0, 189)
2 (1, 4, 147, 52, 173, 96, 17, 125, 3, 4, 0, 35)
3 (1, 4, 31, 0, 235, 0, 1, 79, 3, 4, 0, 255)
4 (1, 4, 0, 4, 312, 0, 39, 27, 3, 4, 0, 243)
5 (1, 4, 0, 15, 475, 0, 0, 53, 3, 4, 0, 53)
6 (1, 4, 0, 0, 0, 0, 0, 151, 3, 4, 0, 57)
7 (1, 4, 176, 7, 87, 40, 70, 63, 4, 4, 0, 154)
8 (1, 4, 0, 34, 19, 10, 0, 118, 3, 4, 0, 37)
9 (1, 4, 51, 10, 14, 11, 0, 110, 3, 4, 0, 78)
10 (1, 4, 0, 34, 0, 0, 0, 130, 3, 4, 0, 239)
11 (1, 4, 12, 0, 0, 0, 0, 130, 3, 4, 0, 8)
12 (1, 4, 27, 0, 0, 0, 0, 96, 3, 3, 0, 3)
13 (1, 4, 26, 0, 0, 0, 0, 80, 3, 3, 0, 127)
14 (1, 4, 35, 0, 0, 0, 0, 71, 3, 3, 0, 230)
15 (1, 4, 0, 0, 0, 52, 12, 92, 3, 3, 0, 44)
16 (1, 4, 0, 0, 0, 120, 23, 131, 3, 3, 0, 87)
17 (1, 4, 0, 0, 115, 95, 9, 94, 3, 3, 0, 43)
18 (1, 4, 0, 0, 354, 88, 0, 116, 3, 3, 0, 138)
19 (1, 4, 0, 49, 284, 50, 0, 141, 3, 3, 0, 89)
20 (1, 4, 0, 0, 108, 44, 0, 118, 3, 3, 0, 20)
21 (1, 4, 81, 0, 78, 55, 0, 93, 3, 3, 0, 161)
22 (1, 4, 69, 0, 92, 42, 0, 88, 3, 3, 0, 239)
23 (1, 4, 36, 0, 108, 48, 0, 88, 3, 3, 0, 31)
24 (1, 4, 0, 0, 70, 39, 0, 86, 3, 3, 0, 1)
25 (1, 4, 0, 0, 24, 45, 0, 86, 3, 3, 0, 142)
26 (1, 4, 70, 0, 41, 48, 0, 87, 3, 3, 0, 133)
27 (1, 4, 0, 0, 45, 51, 0, 87, 3, 3, 0, 87)
28 (1, 4, 24, 16, 84, 53, 0, 83, 3, 3, 0, 195)
29 (1, 4, 0, 48, 31, 44, 0, 86, 3, 3, 0, 215)
0 (1, 4, 277, 0, 101, 49, 0, 190, 3, 3, 0, 161)
1 (1, 4, 416, 0, 319, 47, 0, 169, 3, 3, 0, 98)
2 (1, 4, 175, 0, 237, 62, 0, 135, 3, 3, 0, 82)
3 (1, 4, 147, 0, 206, 73, 0, 93, 3, 4, 0, 183)
4 (1, 4, 110, 0, 205, 46, 38, 21, 3, 4, 0, 35)
5 (1, 4, 154, 160, 398, 0, 5, 40, 3, 4, 0, 153)
6 (1, 4, 0, 50, 633, 0, 58, 148, 3, 4, 0, 194)
7 (1, 4, 0, 31, 0, 0, 0, 128, 3, 4, 0, 41)
8 (1, 4, 185, 0, 66, 30, 0, 71, 3, 4, 0, 240)
9 (1, 4, 44, 27, 46, 8, 0, 112, 3, 4, 0, 10)
10 (1, 4, 0, 28, 29, 23, 0, 97, 3, 3, 0, 245)
11 (1, 4, 0, 15, 0, 8, 0, 102, 3, 3, 0, 4)
12 (1, 4, 0, 4, 0, 3, 0, 96, 3, 3, 0, 122)
13 (1, 4, 0, 11, 0, 0, 0, 69, 3, 3, 0, 225)
14 (1, 4, 0, 27, 0, 0, 0, 21, 3, 3, 0, 22)
15 (1, 4, 90, 112, 0, 0, 0, 28, 3, 3, 0, 12)
16 (1, 4, 0, 250, 0, 44, 0, 64, 3, 2, 0, 217)
17 (1, 4, 0, 327, 0, 79, 43, 174, 3, 2, 0, 80)
18 (1, 4, 0, 274, 0, 61, 0, 200, 3, 3, 0, 44)
19 (1, 4, 0, 200, 0, 0, 0, 255, 3, 3, 0, 16)
20 (1, 4, 0, 174, 0, 6, 0, 144, 3, 3, 0, 185)
21 (1, 4, 92, 163, 0, 1, 0, 97, 3, 3, 0, 123)
22 (1, 4, 43, 140, 0, 1, 0, 94, 3, 3, 0, 7)
23 (1, 4, 27, 102, 0, 5, 0, 98, 3, 3, 0, 47)
24 (1, 4, 20, 56, 0, 6, 0, 105, 3, 3, 0, 62)
25 (1, 4, 0, 109, 0, 15, 0, 96, 3, 3, 0, 185)
26 (1, 4, 7, 124, 0, 0, 0, 102, 3, 3, 0, 46)
27 (1, 4, 48, 171, 0, 0, 0, 103, 3, 3, 0, 29)
28 (1, 4, 34, 147, 0, 0, 0, 106, 3, 3, 0, 177)
29 (1, 4, 92, 132, 0, 0, 0, 100, 3, 3, 0, 14)
30 (1, 4, 7, 156, 0, 0, 0, 92, 3, 3, 0, 79)
31 (1, 4, 0, 131, 0, 0, 0, 91, 3, 3, 0, 166)
0 (1, 4, 0, 107, 248, 0, 55, 0, 5, 6, 0, 19)
1 (1, 4, 35, 80, 491, 0, 0, 56, 5, 5, 0, 82)
2 (1, 4, 91, 0, 0, 0, 0, 100, 5, 5, 0, 201)
3 (1, 4, 16, 9, 81, 0, 22, 95, 5, 5, 0, 94)
4 (1, 4, 31, 0, 0, 0, 0, 124, 5, 5, 0, 65)
5 (1, 4, 0, 10, 0, 0, 0, 113, 5, 5, 0, 101)
6 (1, 4, 0, 13, 0, 0, 0, 97, 5, 5, 0, 180)
7 (1, 4, 77, 0, 0, 0, 0, 65, 5, 5, 0, 6)
8 (1, 4, 104, 0, 0, 0, 0, 29, 5, 5, 0, 254)
9 (1, 4, 65, 6, 0, 52, 38, 28, 5, 5, 0, 81)
10 (1, 4, 0, 123, 0, 121, 0, 143, 5, 4, 0, 44)
11 (1, 4, 0, 65, 0, 128, 28, 165, 5, 4, 0, 133)
12 (1, 4, 0, 86, 289, 0, 0, 179, 5, 5, 0, 175)
13 (1, 4, 0, 0, 97, 0, 0, 172, 5, 5, 0, 118)
14 (1, 4, 36, 0, 0, 0, 0, 109, 5, 5, 0, 8)
15 (1, 4, 24, 0, 3, 0, 0, 90, 5, 5, 0, 189)
16 (1, 4, 0, 0, 29, 0, 0, 83, 5, 5, 0, 170)
17 (1, 4, 0, 0, 29, 0, 0, 88, 5, 5, 0, 38)
18 (1, 4, 0, 0, 42, 0, 0, 96, 4, 5, 0, 184)
19 (1, 4, 0, 14, 33, 0, 0, 97, 4, 5, 0, 100)
20 (1, 4, 0, 0, 78, 0, 0, 105, 4, 5, 0, 214)
21 (1, 4, 0, 0, 0, 0, 0, 106, 4, 5, 0, 134)
22 (1, 4, 27, 0, 0, 0, 0, 98, 4, 5, 0, 238)
23 (1, 4, 28, 0, 0, 0, 0, 96, 4, 5, 0, 125)
24 (1, 4, 33, 0, 0, 0, 0, 91, 4, 5, 0, 226)
25 (1, 4, 3, 4, 0, 0, 0, 90, 4, 5, 0, 60)
26 (1, 4, 13, 0, 0, 0, 0, 91, 4, 5, 0, 109)
27 (1, 4, 0, 7, 0, 0, 0, 91, 4, 4, 0, 66)
28 (1, 4, 9, 0, 3, 0, 0, 95, 4, 4, 0, 240)
29 (1, 4, 0, 14, 0, 0, 0, 96, 4, 4, 0, 186)

