1 (1, 4, 193, 0, 0, 19, 0, 63, 2, 2, 0, 163)
2 (1, 4, 208, 0, 0, 21, 0, 87, 3, 3, 0, 8)
3 (1, 4, 166, 0, 0, 29, 0, 98, 3, 3, 0, 162)
4 (1, 4, 128, 0, 0, 46, 0, 103, 3, 4, 0, 194)
5 (1, 4, 124, 0, 0, 88, 24, 107, 4, 4, 0, 74)
6 (1, 4, 126, 54, 0, 107, 30, 123, 4, 4, 0, 191)
7 (1, 4, 131, 35, 14, 117, 26, 119, 4, 4, 0, 176)
8 (1, 4, 91, 14, 99, 97, 22, 91, 4, 4, 0, 70)
9 (1, 4, 0, 0, 109, 8, 52, 46, 4, 5, 0, 86)
10 (1, 4, 67, 237, 374, 0, 0, 50, 4, 4, 0, 192)
11 (1, 4, 0, 104, 164, 0, 0, 163, 3, 4, 0, 157)
12 (1, 4, 79, 30, 0, 0, 3, 149, 3, 4, 0, 189)
13 (1, 4, 0, 14, 13, 0, 0, 123, 3, 4, 0, 186)
14 (1, 4, 49, 29, 0, 0, 0, 159, 2, 3, 0, 51)
15 (1, 4, 0, 0, 0, 0, 0, 146, 1, 2, 0, 42)
16 (1, 4, 103, 0, 0, 0, 0, 125, 0, 1, 0, 6)
17 (1, 4, 146, 113, 120, 0, 0, 73, 0, 1, 0, 223)
18 (1, 4, 52, 25, 0, 0, 0, 64, 0, 0, 0, 67)
19 (1, 4, 22, 0, 0, 0, 0, 54, 0, 0, 0, 4)
20 (1, 4, 0, 17, 12, 0, 0, 44, 0, 0, 0, 118)
21 (1, 4, 0, 49, 29, 0, 0, 40, 0, 0, 0, 42)
22 (1, 4, 0, 60, 36, 0, 0, 41, 0, 0, 0, 128)
23 (1, 4, 0, 73, 12, 0, 0, 41, 0, 0, 0, 141)
24 (1, 4, 0, 32, 0, 0, 0, 49, 0, 0, 0, 17)
25 (1, 4, 48, 3, 0, 0, 0, 38, 0, 0, 0, 236)
26 (1, 4, 23, 17, 0, 0, 0, 33, 0, 0, 0, 30)
27 (1, 4, 20, 21, 0, 0, 0, 34, 0, 0, 0, 176)
28 (1, 4, 15, 19, 0, 0, 0, 37, 0, 0, 0, 150)
29 (1, 4, 11, 19, 0, 0, 0, 41, 0, 0, 0, 49)
30 (1, 4, 7, 0, 0, 0, 0, 38, 0, 0, 0, 57)
31 (1, 4, 0, 0, 0, 0, 0, 35, 0, 0, 0, 185)
32 (1, 4, 8, 10, 0, 0, 0, 34, 0, 0, 0, 200)
1 (1, 4, 71, 0, 0, 21, 0, 104, 2, 3, 0, 62)
2 (1, 4, 20, 0, 0, 27, 0, 105, 3, 3, 0, 66)
3 (1, 4, 43, 12, 0, 31, 0, 104, 3, 3, 0, 245)
4 (1, 4, 33, 18, 0, 34, 0, 108, 3, 4, 0, 26)
5 (1, 4, 6, 45, 0, 39, 0, 108, 3, 4, 0, 134)
6 (1, 4, 68, 79, 0, 43, 0, 114, 3, 4, 0, 78)
7 (1, 4, 0, 93, 0, 46, 0, 98, 4, 4, 0, 106)
8 (1, 4, 0, 189, 0, 43, 0, 82, 3, 4, 0, 18)
9 (1, 4, 0, 267, 0, 48, 6, 73, 3, 4, 0, 130)
10 (1, 4, 0, 238, 0, 78, 10, 73, 3, 4, 0, 27)
11 (1, 4, 0, 264, 85, 108, 16, 77, 3, 4, 0, 83)
12 (1, 4, 98, 114, 129, 15, 11, 62, 3, 4, 0, 178)
13 (1, 4, 205, 157, 216, 0, 0, 31, 4, 4, 0, 223)
14 (1, 4, 329, 712, 632, 0, 0, 235, 3, 4, 0, 228)
15 (1, 4, 0, 0, 0, 0, 0, 197, 3, 4, 0, 22)
16 (1, 4, 525, 0, 0, 0, 71, 70, 3, 3, 0, 220)
17 (1, 4, 0, 0, 6, 0, 0, 57, 0, 0, 0, 72)
18 (1, 4, 0, 0, 15, 0, 0, 53, 0, 0, 0, 255)
19 (1, 4, 0, 0, 0, 0, 0, 47, 0, 0, 0, 38)
20 (1, 4, 0, 22, 5, 0, 0, 45, 0, 0, 0, 131)
21 (1, 4, 48, 47, 4, 0, 0, 44, 0, 0, 0, 74)
22 (1, 4, 68, 25, 0, 0, 0, 41, 0, 0, 0, 60)
23 (1, 4, 30, 3, 0, 0, 0, 37, 0, 0, 0, 25)
24 (1, 4, 0, 21, 5, 0, 0, 36, 0, 0, 0, 110)
25 (1, 4, 0, 24, 19, 0, 0, 39, 0, 0, 0, 218)
26 (1, 4, 0, 6, 13, 0, 0, 39, 0, 0, 0, 13)
27 (1, 4, 0, 0, 3, 0, 0, 36, 0, 0, 0, 17)
28 (1, 4, 0, 0, 0, 0, 0, 36, 0, 0, 0, 170)
29 (1, 4, 0, 6, 3, 0, 0, 36, 0, 0, 0, 166)
30 (1, 4, 0, 4, 10, 0, 0, 37, 0, 0, 0, 60)
31 (1, 4, 0, 5, 17, 0, 0, 36, 0, 0, 0, 46)
32 (1, 4, 0, 12, 21, 0, 0, 36, 0, 0, 0, 118)
1 (1, 4, 0, 15, 297, 0, 0, 120, 0, 0, 0, 153)
2 (1, 4, 49, 98, 289, 0, 0, 118, 0, 0, 0, 183)
3 (1, 4, 0, 77, 170, 0, 0, 110, 0, 0, 0, 127)
4 (1, 4, 0, 14, 155, 0, 0, 101, 0, 0, 0, 189)
5 (1, 4, 42, 63, 161, 0, 0, 89, 0, 0, 0, 255)
6 (1, 4, 0, 73, 159, 0, 0, 74, 0, 0, 0, 58)
7 (1, 4, 26, 351, 246, 0, 0, 82, 0, 0, 0, 145)
8 (1, 4, 0, 274, 40, 0, 0, 78, 0, 0, 0, 182)
9 (1, 4, 0, 0, 0, 0, 0, 130, 0, 0, 0, 77)
10 (1, 4, 21, 0, 0, 0, 0, 43, 0, 0, 0, 133)
11 (1, 4, 0, 31, 1, 0, 0, 45, 0, 0, 0, 219)
12 (1, 4, 0, 64, 10, 0, 0, 68, 0, 0, 0, 94)
13 (1, 4, 0, 0, 24, 0, 0, 51, 0, 0, 0, 169)
14 (1, 4, 0, 65, 64, 0, 0, 57, 0, 0, 0, 244)
15 (1, 4, 0, 17, 2, 0, 0, 66, 0, 0, 0, 121)
16 (1, 4, 0, 17, 0, 0, 0, 44, 0, 0, 0, 148)
17 (1, 4, 0, 41, 1, 0, 0, 38, 0, 0, 0, 67)
18 (1, 4, 0, 15, 0, 0, 0, 36, 0, 0, 0, 27)
19 (1, 4, 8, 0, 0, 0, 0, 32, 0, 0, 0, 175)
20 (1, 4, 46, 0, 0, 0, 0, 31, 0, 0, 0, 199)
21 (1, 4, 0, 30, 0, 0, 0, 33, 0, 0, 0, 101)
22 (1, 4, 0, 21, 3, 0, 0, 38, 0, 0, 0, 166)
23 (1, 4, 0, 0, 0, 0, 0, 35, 0, 0, 0, 185)
24 (1, 4, 31, 0, 0, 0, 0, 36, 0, 0, 0, 16)
25 (1, 4, 24, 29, 0, 0, 0, 34, 0, 0, 0, 75)
26 (1, 4, 0, 49, 0, 0, 0, 35, 0, 0, 0, 175)
27 (1, 4, 4, 0, 0, 0, 0, 40, 0, 0, 0, 13)
28 (1, 4, 8, 7, 0, 0, 0, 30, 0, 0, 0, 249)
29 (1, 4, 11, 10, 0, 0, 0, 34, 0, 0, 0, 218)
30 (1, 4, 0, 19, 0, 0, 0, 33, 0, 0, 0, 185)
31 (1, 4, 0, 8, 0, 0, 0, 34, 0, 0, 0, 213)
32 (1, 4, 0, 3, 0, 0, 0, 30, 0, 0, 0, 83)
1 (1, 4, 0, 84, 0, 65, 0, 84, 3, 4, 0, 98)
2 (1, 4, 46, 122, 0, 94, 0, 105, 3, 4, 0, 87)
3 (1, 4, 24, 113, 0, 101, 15, 96, 3, 4, 0, 100)
4 (1, 4, 182, 138, 127, 143, 42, 104, 3, 4, 0, 161)
5 (1, 4, 0, 76, 187, 59, 48, 93, 3, 4, 0, 119)
6 (1, 4, 127, 88, 284, 0, 0, 88, 3, 4, 0, 106)
7 (1, 4, 107, 357, 366, 0, 0, 187, 3, 4, 0, 117)
8 (1, 4, 0, 0, 0, 0, 0, 98, 3, 4, 0, 46)
9 (1, 4, 133, 10, 0, 0, 12, 119, 3, 4, 0, 136)
10 (1, 4, 0, 0, 0, 1, 0, 113, 3, 4, 0, 132)
11 (1, 4, 0, 32, 9, 0, 0, 111, 3, 3, 0, 146)
12 (1, 4, 0, 64, 0, 0, 0, 118, 2, 2, 0, 20)
13 (1, 4, 0, 0, 0, 0, 0, 109, 1, 2, 0, 110)
14 (1, 4, 17, 0, 0, 0, 0, 96, 1, 1, 0, 125)
15 (1, 4, 33, 6, 0, 0, 0, 92, 0, 1, 0, 98)
16 (1, 4, 0, 17, 0, 15, 0, 103, 0, 1, 0, 147)
17 (1, 4, 3, 28, 0, 0, 0, 48, 0, 1, 0, 125)
18 (1, 4, 0, 31, 0, 0, 0, 53, 0, 0, 0, 118)
19 (1, 4, 0, 11, 8, 0, 0, 55, 0, 0, 0, 200)
20 (1, 4, 0, 0, 0, 0, 0, 49, 0, 0, 0, 211)
21 (1, 4, 0, 0, 0, 0, 0, 47, 0, 0, 0, 38)
22 (1, 4, 0, 0, 1, 0, 0, 51, 0, 0, 0, 254)
23 (1, 4, 0, 0, 1, 0, 0, 53, 0, 0, 0, 50)
24 (1, 4, 0, 0, 0, 0, 0, 52, 0, 0, 0, 121)
25 (1, 4, 0, 0, 2, 0, 0, 50, 0, 0, 0, 154)
26 (1, 4, 0, 2, 4, 0, 0, 51, 0, 0, 0, 89)
27 (1, 4, 0, 3, 8, 0, 0, 53, 0, 0, 0, 194)
28 (1, 4, 0, 0, 4, 0, 0, 54, 0, 0, 0, 158)
29 (1, 4, 0, 0, 3, 0, 0, 54, 0, 0, 0, 123)
30 (1, 4, 0, 0, 0, 0, 0, 56, 0, 0, 0, 230)
31 (1, 4, 2, 0, 1, 0, 0, 66, 0, 0, 0, 10)
32 (1, 4, 94, 0, 10, 0, 0, 63, 0, 0, 0, 91)
1 (1, 4, 125, 0, 98, 115, 4, 85, 2, 2, 0, 155)
2 (1, 4, 210, 177, 233, 117, 51, 90, 2, 2, 0, 169)
3 (1, 4, 0, 169, 329, 77, 34, 85, 2, 2, 0, 170)
4 (1, 4, 0, 0, 354, 0, 3, 62, 2, 2, 0, 196)
5 (1, 4, 346, 168, 457, 0, 0, 105, 2, 2, 0, 181)
6 (1, 4, 0, 178, 247, 0, 0, 156, 2, 2, 0, 11)
7 (1, 4, 21, 0, 0, 0, 0, 141, 2, 2, 0, 112)
8 (1, 4, 0, 0, 0, 0, 0, 107, 2, 2, 0, 4)
9 (1, 4, 30, 0, 0, 0, 0, 121, 2, 2, 0, 218)
10 (1, 4, 23, 0, 0, 0, 0, 94, 2, 2, 0, 22)
11 (1, 4, 62, 0, 0, 0, 0, 81, 1, 2, 0, 240)
12 (1, 4, 13, 0, 0, 53, 2, 81, 1, 2, 0, 74)
13 (1, 4, 0, 102, 0, 61, 9, 82, 1, 1, 0, 147)
14 (1, 4, 0, 68, 13, 55, 0, 61, 1, 1, 0, 41)
15 (1, 4, 9, 201, 91, 40, 8, 73, 1, 1, 0, 174)
16 (1, 4, 0, 283, 183, 2, 0, 85, 1, 1, 0, 15)
17 (1, 4, 10, 34, 0, 0, 0, 39, 0, 1, 0, 100)
18 (1, 4, 0, 36, 0, 0, 0, 43, 0, 0, 0, 75)
19 (1, 4, 15, 39, 0, 0, 0, 45, 0, 0, 0, 5)
20 (1, 4, 20, 34, 0, 0, 0, 46, 0, 0, 0, 142)
21 (1, 4, 17, 26, 0, 0, 0, 46, 0, 0, 0, 168)
22 (1, 4, 3, 17, 0, 0, 0, 45, 0, 0, 0, 89)
23 (1, 4, 0, 7, 0, 0, 0, 45, 0, 0, 0, 157)
24 (1, 4, 0, 6, 0, 0, 0, 43, 0, 0, 0, 228)
25 (1, 4, 0, 1, 0, 0, 0, 43, 0, 0, 0, 230)
26 (1, 4, 0, 0, 0, 0, 0, 41, 0, 0, 0, 234)
27 (1, 4, 0, 4, 0, 0, 0, 41, 0, 0, 0, 48)
28 (1, 4, 6, 6, 0, 0, 0, 41, 0, 0, 0, 121)
29 (1, 4, 0, 11, 0, 0, 0, 41, 0, 0, 0, 129)
30 (1, 4, 11, 12, 0, 0, 0, 42, 0, 0, 0, 135)
31 (1, 4, 11, 11, 0, 0, 0, 42, 0, 0, 0, 133)
32 (1, 4, 0, 8, 0, 0, 0, 43, 0, 0, 0, 224)

