0 (1, 4, 0, 0, 0, 0, 0, 88, 2, 1, 0, 173)
1 (1, 4, 0, 0, 0, 19, 0, 73, 3, 3, 0, 195)
2 (1, 4, 0, 0, 0, 67, 0, 84, 3, 3, 0, 114)
3 (1, 4, 60, 0, 0, 90, 0, 85, 4, 3, 0, 251)
4 (1, 4, 37, 34, 0, 142, 0, 100, 4, 3, 0, 148)
5 (1, 4, 433, 0, 25, 227, 0, 101, 3, 3, 0, 242)
6 (1, 4, 181, 24, 228, 212, 31, 0, 5, 4, 0, 155)
7 (1, 4, 0, 308, 444, 0, 161, 0, 4, 4, 0, 73)
8 (1, 4, 0, 351, 746, 0, 132, 0, 2, 3, 0, 187)
9 (1, 4, 208, 0, 0, 0, 33, 99, 4, 4, 0, 208)
10 (1, 4, 0, 66, 135, 0, 81, 95, 6, 3, 0, 251)
11 (1, 4, 0, 0, 1, 0, 8, 91, 2, 3, 0, 72)
12 (1, 4, 7, 18, 54, 0, 32, 93, 4, 3, 0, 65)
13 (1, 4, 0, 33, 0, 0, 0, 91, 6, 3, 0, 229)
14 (1, 4, 0, 0, 0, 0, 25, 24, 3, 3, 0, 97)
15 (1, 4, 0, 0, 0, 0, 30, 0, 3, 3, 0, 48)
16 (1, 4, 0, 0, 0, 38, 0, 69, 3, 3, 0, 33)
17 (1, 4, 0, 0, 0, 241, 20, 135, 4, 3, 0, 202)
18 (1, 4, 0, 0, 15, 257, 73, 116, 3, 3, 0, 171)
19 (1, 4, 148, 16, 337, 0, 0, 111, 3, 2, 0, 242)
20 (1, 4, 33, 0, 39, 0, 0, 74, 2, 1, 0, 21)
21 (1, 4, 0, 0, 0, 56, 0, 32, 2, 1, 0, 150)
22 (1, 4, 0, 0, 0, 54, 0, 52, 2, 2, 0, 55)
23 (1, 4, 0, 0, 0, 32, 0, 52, 2, 2, 0, 130)
24 (1, 4, 0, 0, 0, 20, 0, 54, 2, 2, 0, 89)
25 (1, 4, 0, 18, 0, 32, 0, 46, 1, 1, 0, 21)
26 (1, 4, 0, 116, 0, 42, 0, 39, 1, 1, 0, 16)
27 (1, 4, 0, 60, 0, 45, 0, 36, 0, 1, 0, 121)
28 (1, 4, 0, 33, 133, 42, 6, 25, 0, 0, 0, 234)
29 (1, 4, 0, 107, 349, 23, 0, 32, 0, 1, 0, 155)
30 (1, 4, 0, 312, 383, 0, 0, 45, 1, 1, 0, 29)
31 (1, 4, 0, 76, 52, 0, 0, 58, 0, 0, 0, 106)
0 (1, 4, 0, 0, 12, 19, 0, 23, 0, 0, 0, 138)
1 (1, 4, 62, 0, 24, 12, 0, 25, 0, 0, 0, 172)
2 (1, 4, 70, 0, 0, 7, 0, 34, 0, 1, 0, 253)
3 (1, 4, 125, 0, 0, 7, 0, 34, 1, 1, 0, 218)
4 (1, 4, 168, 0, 0, 20, 0, 34, 1, 1, 0, 70)
5 (1, 4, 143, 0, 0, 25, 0, 38, 2, 2, 0, 94)
6 (1, 4, 6, 0, 0, 71, 0, 14, 2, 2, 0, 230)
7 (1, 4, 75, 11, 48, 103, 0, 26, 2, 2, 0, 140)
8 (1, 4, 62, 115, 44, 133, 0, 50, 2, 2, 0, 254)
9 (1, 4, 377, 158, 112, 145, 0, 97, 3, 3, 0, 215)
10 (1, 4, 397, 0, 0, 192, 0, 96, 3, 3, 0, 168)
11 (1, 4, 309, 13, 245, 206, 59, 0, 3, 3, 0, 235)
12 (1, 4, 84, 352, 585, 0, 174, 0, 1, 2, 0, 191)
13 (1, 4, 104, 306, 866, 0, 164, 9, 3, 3, 0, 82)
14 (1, 4, 348, 0, 0, 0, 3, 126, 4, 2, 0, 158)
15 (1, 4, 0, 0, 2, 0, 75, 74, 2, 3, 0, 110)
16 (1, 4, 0, 109, 0, 0, 1, 84, 2, 3, 0, 0)
17 (1, 4, 0, 40, 0, 0, 6, 72, 2, 3, 0, 200)
18 (1, 4, 0, 0, 0, 0, 37, 14, 4, 2, 0, 150)
19 (1, 4, 0, 0, 0, 0, 28, 0, 2, 2, 0, 203)
20 (1, 4, 0, 0, 0, 188, 100, 112, 4, 4, 0, 174)
21 (1, 4, 0, 90, 0, 407, 221, 188, 6, 5, 0, 49)
22 (1, 4, 43, 0, 527, 0, 0, 82, 3, 3, 0, 12)
23 (1, 4, 0, 0, 0, 0, 0, 28, 2, 2, 0, 32)
24 (1, 4, 0, 0, 0, 73, 0, 51, 5, 5, 0, 117)
25 (1, 4, 0, 0, 0, 70, 0, 50, 3, 3, 0, 57)
26 (1, 4, 0, 0, 0, 32, 0, 49, 2, 2, 0, 40)
27 (1, 4, 0, 0, 0, 39, 0, 34, 2, 2, 0, 192)
28 (1, 4, 0, 0, 0, 45, 0, 36, 1, 1, 0, 209)
29 (1, 4, 0, 123, 0, 50, 0, 27, 1, 1, 0, 67)
30 (1, 4, 0, 99, 0, 34, 0, 41, 1, 1, 0, 173)
31 (1, 4, 0, 79, 3, 35, 0, 36, 1, 1, 0, 226)
0 (1, 4, 7, 0, 36, 40, 0, 11, 0, 0, 0, 105)
1 (1, 4, 30, 0, 0, 51, 0, 7, 1, 1, 0, 239)
2 (1, 4, 106, 14, 0, 57, 0, 4, 1, 1, 0, 221)
3 (1, 4, 187, 0, 0, 48, 0, 27, 1, 1, 0, 102)
4 (1, 4, 93, 0, 0, 107, 0, 21, 1, 1, 0, 196)
5 (1, 4, 156, 104, 0, 149, 0, 16, 1, 2, 0, 111)
6 (1, 4, 171, 270, 133, 166, 0, 51, 2, 2, 0, 20)
7 (1, 4, 339, 232, 205, 174, 0, 60, 2, 2, 0, 137)
8 (1, 4, 339, 0, 148, 157, 9, 50, 3, 3, 0, 126)
9 (1, 4, 136, 63, 431, 78, 139, 40, 3, 3, 0, 67)
10 (1, 4, 176, 325, 815, 0, 177, 25, 1, 2, 0, 146)
11 (1, 4, 0, 161, 321, 0, 0, 0, 3, 3, 0, 33)
12 (1, 4, 410, 0, 65, 51, 199, 65, 6, 5, 0, 226)
13 (1, 4, 0, 46, 0, 0, 0, 105, 2, 5, 0, 109)
14 (1, 4, 0, 67, 0, 0, 0, 87, 4, 4, 0, 132)
15 (1, 4, 0, 30, 0, 0, 0, 76, 4, 3, 0, 243)
16 (1, 4, 0, 0, 0, 0, 0, 7, 3, 2, 0, 29)
17 (1, 4, 0, 0, 0, 0, 0, 17, 2, 2, 0, 96)
18 (1, 4, 0, 0, 0, 293, 217, 119, 4, 4, 0, 143)
19 (1, 4, 0, 0, 403, 190, 150, 128, 3, 3, 0, 46)
20 (1, 4, 8, 0, 402, 0, 0, 51, 2, 3, 0, 159)
21 (1, 4, 0, 0, 0, 46, 0, 34, 2, 3, 0, 76)
22 (1, 4, 0, 0, 0, 84, 0, 43, 2, 3, 0, 116)
23 (1, 4, 0, 0, 0, 62, 0, 37, 2, 3, 0, 168)
24 (1, 4, 0, 6, 0, 18, 0, 34, 2, 3, 0, 97)
25 (1, 4, 0, 19, 0, 38, 0, 31, 2, 3, 0, 63)
26 (1, 4, 0, 40, 0, 47, 0, 31, 2, 2, 0, 123)
27 (1, 4, 0, 60, 0, 43, 0, 39, 2, 2, 0, 36)
28 (1, 4, 0, 62, 0, 38, 0, 45, 1, 2, 0, 39)
29 (1, 4, 0, 42, 0, 46, 0, 39, 1, 1, 0, 138)
0 (1, 4, 0, 0, 62, 42, 0, 0, 1, 1, 0, 20)
1 (1, 4, 20, 0, 14, 47, 0, 0, 1, 1, 0, 46)
2 (1, 4, 176, 0, 0, 62, 0, 0, 1, 1, 0, 225)
3 (1, 4, 144, 75, 7, 72, 0, 18, 2, 2, 0, 211)
4 (1, 4, 156, 48, 0, 86, 0, 31, 2, 2, 0, 56)
5 (1, 4, 115, 133, 0, 92, 0, 56, 2, 2, 0, 128)
6 (1, 4, 213, 144, 73, 139, 0, 85, 3, 3, 0, 212)
7 (1, 4, 326, 160, 181, 177, 0, 78, 3, 4, 0, 106)
8 (1, 4, 456, 0, 224, 175, 0, 82, 3, 3, 0, 177)
9 (1, 4, 152, 78, 355, 176, 113, 17, 3, 3, 0, 208)
10 (1, 4, 115, 126, 705, 0, 202, 0, 3, 3, 0, 196)
11 (1, 4, 19, 117, 711, 0, 0, 33, 1, 3, 0, 55)
12 (1, 4, 167, 0, 0, 0, 107, 58, 3, 3, 0, 225)
13 (1, 4, 0, 48, 116, 0, 71, 73, 3, 3, 0, 224)
14 (1, 4, 0, 82, 0, 0, 0, 90, 1, 3, 0, 235)
15 (1, 4, 0, 95, 0, 0, 2, 68, 3, 3, 0, 244)
16 (1, 4, 63, 0, 0, 0, 30, 21, 3, 3, 0, 52)
17 (1, 4, 0, 0, 0, 0, 4, 22, 2, 2, 0, 144)
18 (1, 4, 0, 0, 0, 210, 101, 99, 3, 3, 0, 219)
19 (1, 4, 0, 0, 10, 215, 239, 255, 2, 2, 0, 227)
20 (1, 4, 0, 0, 433, 0, 0, 18, 2, 2, 0, 191)
21 (1, 4, 0, 0, 0, 53, 0, 0, 2, 2, 0, 17)
22 (1, 4, 0, 0, 0, 93, 2, 50, 2, 2, 0, 236)
23 (1, 4, 0, 0, 0, 57, 0, 50, 2, 2, 0, 94)
24 (1, 4, 0, 0, 0, 43, 0, 14, 2, 2, 0, 122)
25 (1, 4, 0, 70, 0, 37, 0, 21, 1, 2, 0, 13)
26 (1, 4, 0, 52, 0, 40, 0, 44, 1, 1, 0, 33)
27 (1, 4, 0, 47, 0, 46, 0, 41, 1, 1, 0, 195)
28 (1, 4, 0, 70, 0, 51, 0, 30, 1, 1, 0, 137)
29 (1, 4, 0, 53, 0, 42, 0, 32, 1, 1, 0, 53)
0 (1, 4, 118, 0, 0, 38, 0, 8, 1, 1, 0, 188)
1 (1, 4, 140, 0, 0, 37, 0, 18, 1, 1, 0, 202)
2 (1, 4, 137, 0, 0, 45, 0, 11, 1, 2, 0, 95)
3 (1, 4, 126, 0, 29, 76, 0, 21, 1, 2, 0, 17)
4 (1, 4, 169, 0, 60, 107, 0, 35, 2, 2, 0, 129)
5 (1, 4, 127, 73, 59, 122, 0, 53, 2, 2, 0, 78)
6 (1, 4, 185, 118, 92, 144, 0, 65, 2, 2, 0, 17)
7 (1, 4, 302, 174, 105, 186, 0, 78, 2, 2, 0, 1)
8 (1, 4, 315, 48, 96, 190, 0, 79, 2, 3, 0, 83)
9 (1, 4, 192, 92, 419, 136, 112, 1, 2, 3, 0, 225)
10 (1, 4, 0, 15, 638, 0, 156, 30, 3, 2, 0, 212)
11 (1, 4, 47, 165, 791, 0, 0, 4, 2, 2, 0, 85)
12 (1, 4, 268, 0, 0, 0, 116, 66, 1, 2, 0, 13)
13 (1, 4, 0, 40, 124, 0, 57, 93, 2, 2, 0, 99)
14 (1, 4, 0, 111, 0, 0, 0, 87, 2, 2, 0, 25)
15 (1, 4, 0, 82, 0, 0, 0, 77, 1, 2, 0, 64)
16 (1, 4, 0, 0, 0, 0, 0, 32, 2, 1, 0, 112)
17 (1, 4, 0, 25, 0, 0, 0, 31, 2, 2, 0, 33)
18 (1, 4, 0, 0, 0, 117, 42, 113, 2, 2, 0, 18)
19 (1, 4, 0, 31, 0, 174, 377, 341, 1, 2, 0, 200)
20 (1, 4, 0, 0, 469, 12, 0, 0, 2, 2, 0, 10)
21 (1, 4, 59, 0, 118, 41, 0, 0, 1, 2, 0, 138)
22 (1, 4, 0, 0, 0, 88, 0, 18, 1, 2, 0, 122)
23 (1, 4, 0, 6, 0, 83, 0, 52, 1, 2, 0, 121)
24 (1, 4, 0, 0, 10, 55, 0, 31, 1, 2, 0, 48)
25 (1, 4, 0, 15, 0, 42, 0, 1, 1, 1, 0, 54)
26 (1, 4, 0, 100, 0, 45, 0, 30, 1, 1, 0, 107)
27 (1, 4, 23, 64, 0, 48, 0, 37, 1, 1, 0, 43)
28 (1, 4, 0, 55, 0, 49, 0, 33, 1, 1, 0, 169)
29 (1, 4, 15, 53, 0, 51, 0, 27, 1, 1, 0, 129)
30 (1, 4, 0, 74, 0, 45, 0, 39, 1, 1, 0, 234)
31 (1, 4, 25, 26, 0, 48, 0, 33, 1, 1, 0, 54)
0 (1, 4, 74, 0, 0, 54, 0, 17, 0, 1, 0, 160)
1 (1, 4, 116, 0, 8, 59, 0, 18, 0, 1, 0, 146)
2 (1, 4, 181, 0, 68, 79, 0, 30, 1, 1, 0, 83)
3 (1, 4, 219, 17, 173, 134, 0, 0, 1, 1, 0, 43)
4 (1, 4, 208, 161, 157, 139, 0, 35, 1, 1, 0, 54)
5 (1, 4, 301, 254, 99, 162, 0, 54, 1, 1, 0, 171)
6 (1, 4, 352, 84, 60, 172, 0, 57, 1, 2, 0, 90)
7 (1, 4, 292, 21, 156, 237, 0, 0, 2, 2, 0, 249)
8 (1, 4, 0, 147, 588, 0, 199, 44, 2, 2, 0, 15)
9 (1, 4, 0, 395, 755, 0, 0, 0, 1, 2, 0, 207)
10 (1, 4, 336, 0, 0, 0, 182, 59, 4, 4, 0, 98)
11 (1, 4, 44, 20, 184, 30, 71, 63, 3, 3, 0, 41)
12 (1, 4, 0, 23, 53, 0, 0, 92, 0, 1, 0, 52)
13 (1, 4, 42, 15, 53, 0, 7, 123, 2, 1, 0, 83)
14 (1, 4, 0, 96, 0, 0, 0, 93, 1, 1, 0, 224)
15 (1, 4, 0, 0, 0, 0, 34, 66, 0, 1, 0, 22)
16 (1, 4, 0, 0, 0, 0, 0, 15, 1, 1, 0, 142)
17 (1, 4, 0, 0, 0, 113, 0, 37, 1, 1, 0, 168)
18 (1, 4, 0, 0, 0, 401, 156, 57, 3, 3, 0, 156)
19 (1, 4, 71, 0, 577, 80, 46, 73, 1, 1, 0, 142)
20 (1, 4, 0, 0, 310, 4, 0, 17, 1, 1, 0, 170)
21 (1, 4, 0, 0, 64, 73, 0, 5, 1, 1, 0, 20)
22 (1, 4, 0, 0, 0, 87, 0, 36, 1, 1, 0, 220)
23 (1, 4, 0, 0, 0, 70, 0, 23, 1, 1, 0, 32)
24 (1, 4, 0, 0, 0, 61, 0, 5, 1, 1, 0, 88)
25 (1, 4, 0, 29, 0, 57, 0, 7, 1, 1, 0, 32)
26 (1, 4, 5, 70, 0, 62, 0, 10, 1, 1, 0, 130)
27 (1, 4, 0, 94, 11, 50, 0, 21, 1, 1, 0, 207)
28 (1, 4, 28, 24, 8, 51, 0, 19, 1, 1, 0, 59)
29 (1, 4, 0, 40, 3, 52, 0, 17, 1, 1, 0, 211)
0 (1, 4, 11, 0, 0, 49, 0, 23, 0, 1, 0, 182)
1 (1, 4, 8, 0, 6, 39, 0, 19, 0, 1, 0, 21)
2 (1, 4, 49, 0, 10, 38, 0, 10, 0, 1, 0, 87)
3 (1, 4, 138, 0, 29, 44, 0, 14, 0, 1, 0, 46)
4 (1, 4, 279, 0, 61, 64, 0, 21, 0, 1, 0, 134)
5 (1, 4, 230, 0, 52, 85, 0, 32, 1, 1, 0, 55)
6 (1, 4, 239, 0, 97, 115, 0, 26, 1, 1, 0, 141)
7 (1, 4, 86, 16, 87, 117, 0, 17, 1, 2, 0, 35)
8 (1, 4, 46, 147, 116, 161, 0, 1, 2, 2, 0, 231)
9 (1, 4, 193, 232, 142, 168, 0, 15, 2, 2, 0, 116)
10 (1, 4, 273, 149, 92, 195, 0, 38, 1, 2, 0, 123)
11 (1, 4, 278, 113, 214, 180, 0, 20, 2, 2, 0, 82)
12 (1, 4, 33, 118, 457, 0, 157, 2, 2, 2, 0, 30)
13 (1, 4, 300, 211, 873, 0, 99, 105, 0, 1, 0, 36)
14 (1, 4, 78, 0, 0, 0, 0, 168, 2, 1, 0, 205)
15 (1, 4, 49, 9, 116, 13, 119, 81, 2, 2, 0, 79)
16 (1, 4, 0, 4, 0, 0, 0, 78, 0, 1, 0, 172)
17 (1, 4, 0, 14, 0, 0, 14, 99, 1, 1, 0, 33)
18 (1, 4, 0, 141, 0, 0, 0, 101, 2, 1, 0, 66)
19 (1, 4, 0, 0, 0, 0, 32, 17, 1, 1, 0, 118)
20 (1, 4, 0, 0, 0, 0, 0, 6, 1, 1, 0, 187)
21 (1, 4, 0, 94, 0, 140, 37, 95, 1, 1, 0, 64)
22 (1, 4, 0, 13, 0, 373, 195, 216, 2, 2, 0, 35)
23 (1, 4, 268, 0, 504, 83, 0, 76, 3, 3, 0, 156)
24 (1, 4, 0, 0, 116, 1, 0, 4, 1, 1, 0, 57)
25 (1, 4, 4, 0, 0, 63, 0, 1, 1, 1, 0, 43)
26 (1, 4, 0, 0, 0, 75, 0, 42, 1, 1, 0, 137)
27 (1, 4, 0, 0, 0, 87, 0, 35, 1, 1, 0, 207)
28 (1, 4, 0, 38, 0, 69, 0, 32, 1, 1, 0, 21)
29 (1, 4, 0, 68, 0, 62, 0, 16, 1, 1, 0, 89)
30 (1, 4, 0, 114, 0, 59, 0, 27, 1, 1, 0, 162)
31 (1, 4, 0, 95, 0, 56, 0, 34, 1, 1, 0, 218)
0 (1, 4, 252, 0, 159, 67, 85, 23, 0, 1, 0, 0)
1 (1, 4, 0, 175, 78, 0, 0, 119, 1, 1, 0, 23)
2 (1, 4, 86, 0, 0, 0, 8, 83, 2, 1, 0, 173)
3 (1, 4, 0, 116, 0, 0, 24, 117, 0, 1, 0, 54)
4 (1, 4, 0, 34, 0, 0, 55, 101, 1, 1, 0, 118)
5 (1, 4, 0, 0, 0, 0, 68, 24, 1, 1, 0, 183)
6 (1, 4, 0, 60, 0, 0, 0, 0, 1, 1, 0, 189)
7 (1, 4, 0, 14, 0, 128, 0, 61, 1, 1, 0, 236)
8 (1, 4, 0, 11, 0, 296, 14, 43, 1, 1, 0, 152)
9 (1, 4, 0, 0, 28, 111, 0, 127, 1, 1, 0, 189)
10 (1, 4, 0, 0, 231, 53, 0, 27, 1, 1, 0, 68)
11 (1, 4, 0, 0, 0, 46, 0, 15, 1, 1, 0, 221)
12 (1, 4, 0, 0, 0, 75, 0, 11, 1, 1, 0, 247)
13 (1, 4, 0, 0, 0, 66, 0, 27, 1, 1, 0, 195)
14 (1, 4, 0, 0, 0, 70, 0, 10, 1, 1, 0, 179)
15 (1, 4, 0, 88, 0, 57, 0, 6, 1, 1, 0, 19)
16 (1, 4, 0, 138, 0, 60, 0, 13, 1, 1, 0, 114)
17 (1, 4, 0, 113, 0, 47, 0, 18, 1, 1, 0, 196)
18 (1, 4, 22, 93, 0, 47, 0, 18, 1, 1, 0, 171)
19 (1, 4, 7, 68, 0, 34, 0, 20, 1, 1, 0, 117)
20 (1, 4, 0, 67, 0, 44, 0, 26, 1, 1, 0, 193)
21 (1, 4, 0, 46, 0, 38, 0, 34, 1, 1, 0, 2)
22 (1, 4, 0, 3, 0, 44, 0, 25, 1, 1, 0, 36)
23 (1, 4, 0, 19, 13, 38, 0, 23, 1, 1, 0, 211)
24 (1, 4, 31, 0, 6, 47, 0, 18, 1, 1, 0, 154)
25 (1, 4, 0, 1, 8, 41, 0, 35, 1, 1, 0, 183)
26 (1, 4, 59, 0, 14, 50, 0, 35, 1, 1, 0, 24)
27 (1, 4, 0, 0, 25, 46, 0, 31, 1, 1, 0, 89)
28 (1, 4, 23, 0, 0, 48, 0, 24, 1, 1, 0, 154)
29 (1, 4, 0, 0, 4, 54, 0, 23, 1, 1, 0, 181)
30 (1, 4, 44, 1, 32, 56, 0, 19, 1, 1, 0, 224)
31 (1, 4, 53, 39, 51, 46, 0, 27, 1, 1, 0, 144)
0 (1, 4, 53, 0, 45, 41, 0, 46, 1, 1, 0, 103)
1 (1, 4, 81, 0, 37, 43, 0, 37, 1, 1, 0, 31)
2 (1, 4, 118, 0, 75, 46, 0, 26, 1, 1, 0, 210)
3 (1, 4, 154, 0, 56, 51, 0, 21, 1, 2, 0, 40)
4 (1, 4, 120, 0, 90, 49, 0, 38, 1, 2, 0, 111)
5 (1, 4, 152, 0, 69, 62, 0, 43, 2, 2, 0, 81)
6 (1, 4, 136, 0, 92, 67, 0, 58, 2, 2, 0, 186)
7 (1, 4, 63, 54, 41, 86, 0, 59, 2, 2, 0, 77)
8 (1, 4, 49, 107, 83, 97, 0, 67, 2, 2, 0, 80)
9 (1, 4, 219, 162, 156, 115, 0, 81, 2, 2, 0, 19)
10 (1, 4, 287, 101, 170, 134, 0, 115, 2, 2, 0, 216)
11 (1, 4, 191, 0, 237, 139, 0, 84, 2, 2, 0, 17)
12 (1, 4, 0, 15, 291, 56, 79, 54, 2, 2, 0, 46)
13 (1, 4, 39, 111, 608, 0, 169, 11, 1, 2, 0, 101)
14 (1, 4, 0, 195, 294, 0, 0, 0, 3, 2, 0, 134)
15 (1, 4, 460, 0, 139, 32, 119, 39, 2, 3, 0, 134)
16 (1, 4, 0, 78, 48, 0, 10, 79, 1, 2, 0, 67)
17 (1, 4, 0, 71, 0, 0, 0, 75, 2, 2, 0, 36)
18 (1, 4, 0, 105, 0, 0, 0, 92, 2, 2, 0, 34)
19 (1, 4, 0, 196, 0, 0, 0, 58, 1, 1, 0, 14)
20 (1, 4, 0, 120, 0, 0, 0, 21, 1, 1, 0, 157)
21 (1, 4, 0, 67, 0, 51, 17, 21, 2, 2, 0, 141)
22 (1, 4, 0, 258, 0, 249, 118, 173, 7, 9, 0, 140)
23 (1, 4, 80, 0, 272, 19, 87, 319, 3, 4, 0, 187)
24 (1, 4, 0, 0, 307, 29, 0, 0, 1, 2, 0, 193)
25 (1, 4, 99, 0, 40, 57, 0, 0, 1, 2, 0, 45)
26 (1, 4, 43, 0, 0, 76, 0, 33, 1, 2, 0, 64)
27 (1, 4, 66, 0, 0, 69, 0, 62, 1, 2, 0, 189)
28 (1, 4, 0, 0, 0, 69, 0, 49, 1, 2, 0, 209)
29 (1, 4, 0, 0, 1, 61, 0, 30, 1, 2, 0, 46)
30 (1, 4, 0, 57, 0, 64, 0, 31, 1, 2, 0, 144)
31 (1, 4, 0, 39, 0, 51, 0, 50, 1, 2, 0, 254)
0 (1, 4, 0, 0, 0, 41, 0, 35, 1, 2, 0, 3)
1 (1, 4, 42, 0, 0, 43, 0, 36, 1, 1, 0, 56)
2 (1, 4, 51, 0, 0, 52, 0, 37, 1, 1, 0, 43)
3 (1, 4, 112, 0, 64, 52, 0, 44, 1, 2, 0, 195)
4 (1, 4, 134, 0, 100, 67, 0, 47, 1, 2, 0, 12)
5 (1, 4, 144, 0, 124, 98, 0, 46, 1, 1, 0, 159)
6 (1, 4, 181, 48, 120, 124, 0, 53, 1, 1, 0, 129)
7 (1, 4, 278, 88, 101, 151, 0, 71, 1, 1, 0, 126)
8 (1, 4, 292, 203, 217, 162, 0, 60, 1, 1, 0, 169)
9 (1, 4, 189, 159, 378, 140, 5, 71, 1, 1, 0, 131)
10 (1, 4, 0, 130, 484, 0, 188, 0, 1, 1, 0, 114)
11 (1, 4, 227, 285, 873, 0, 234, 21, 5, 2, 0, 247)
12 (1, 4, 0, 0, 0, 0, 0, 119, 1, 1, 0, 83)
13 (1, 4, 213, 0, 42, 34, 90, 21, 1, 2, 0, 239)
14 (1, 4, 0, 100, 5, 0, 0, 111, 3, 1, 0, 255)
15 (1, 4, 0, 4, 0, 0, 2, 88, 2, 1, 0, 133)
16 (1, 4, 0, 70, 0, 0, 21, 95, 0, 1, 0, 81)
17 (1, 4, 0, 0, 0, 0, 14, 30, 1, 1, 0, 82)
18 (1, 4, 0, 0, 0, 0, 6, 0, 1, 1, 0, 102)
19 (1, 4, 0, 334, 0, 125, 74, 38, 1, 1, 0, 1)
20 (1, 4, 0, 198, 0, 220, 422, 488, 3, 4, 0, 219)
21 (1, 4, 358, 0, 712, 75, 0, 0, 3, 4, 0, 27)
22 (1, 4, 0, 0, 73, 0, 0, 0, 1, 2, 0, 25)
23 (1, 4, 20, 0, 0, 74, 0, 0, 1, 2, 0, 1)
24 (1, 4, 16, 0, 0, 72, 0, 48, 1, 2, 0, 117)
25 (1, 4, 50, 0, 0, 77, 0, 51, 1, 2, 0, 171)
26 (1, 4, 0, 3, 0, 59, 0, 32, 1, 2, 0, 116)
27 (1, 4, 38, 6, 9, 49, 0, 35, 1, 2, 0, 112)
28 (1, 4, 0, 73, 0, 44, 0, 41, 1, 2, 0, 182)
29 (1, 4, 41, 25, 0, 34, 0, 48, 1, 2, 0, 177)
0 (1, 4, 30, 0, 29, 44, 0, 40, 1, 1, 0, 236)
1 (1, 4, 50, 0, 27, 33, 0, 52, 1, 1, 0, 197)
2 (1, 4, 58, 0, 14, 48, 0, 54, 1, 1, 0, 81)
3 (1, 4, 106, 0, 59, 53, 0, 67, 1, 2, 0, 48)
4 (1, 4, 131, 0, 37, 73, 0, 57, 1, 2, 0, 140)
5 (1, 4, 43, 26, 36, 86, 0, 53, 1, 2, 0, 200)
6 (1, 4, 38, 62, 0, 104, 0, 60, 2, 2, 0, 1)
7 (1, 4, 101, 126, 87, 124, 0, 72, 1, 2, 0, 23)
8 (1, 4, 115, 16, 66, 144, 0, 78, 2, 2, 0, 92)
9 (1, 4, 169, 77, 201, 200, 0, 34, 1, 2, 0, 131)
10 (1, 4, 0, 155, 295, 110, 62, 34, 1, 2, 0, 65)
11 (1, 4, 17, 229, 698, 0, 143, 29, 2, 2, 0, 250)
12 (1, 4, 54, 0, 538, 0, 0, 0, 1, 2, 0, 159)
13 (1, 4, 264, 0, 0, 6, 152, 97, 1, 2, 0, 177)
14 (1, 4, 112, 0, 166, 0, 20, 79, 2, 2, 0, 102)
15 (1, 4, 0, 17, 0, 0, 0, 82, 2, 2, 0, 151)
16 (1, 4, 0, 186, 0, 0, 0, 95, 1, 1, 0, 100)
17 (1, 4, 0, 0, 0, 0, 34, 44, 1, 1, 0, 182)
18 (1, 4, 0, 0, 0, 0, 49, 29, 2, 2, 0, 14)
19 (1, 4, 0, 68, 0, 147, 37, 17, 1, 2, 0, 115)
20 (1, 4, 0, 147, 0, 318, 97, 197, 3, 4, 0, 12)
21 (1, 4, 0, 0, 0, 67, 0, 177, 1, 2, 0, 25)
22 (1, 4, 0, 0, 226, 41, 0, 0, 1, 2, 0, 31)
23 (1, 4, 19, 0, 0, 51, 0, 11, 1, 2, 0, 139)
24 (1, 4, 0, 13, 0, 65, 0, 56, 1, 2, 0, 68)
25 (1, 4, 2, 0, 0, 56, 0, 61, 1, 2, 0, 2)
26 (1, 4, 0, 6, 0, 58, 0, 39, 1, 2, 0, 23)
27 (1, 4, 0, 48, 0, 52, 0, 23, 1, 2, 0, 203)
28 (1, 4, 0, 49, 0, 40, 0, 31, 1, 2, 0, 231)
29 (1, 4, 0, 69, 0, 44, 0, 39, 1, 2, 0, 249)
30 (1, 4, 0, 20, 0, 39, 0, 50, 1, 1, 0, 179)
31 (1, 4, 0, 15, 0, 55, 0, 31, 1, 1, 0, 175)
0 (1, 4, 103, 0, 0, 77, 0, 33, 1, 1, 0, 35)
1 (1, 4, 14, 20, 39, 119, 0, 53, 1, 1, 0, 205)
2 (1, 4, 164, 109, 148, 149, 0, 67, 1, 1, 0, 202)
3 (1, 4, 216, 87, 34, 163, 0, 48, 1, 1, 0, 93)
4 (1, 4, 364, 0, 52, 212, 0, 6, 1, 1, 0, 147)
5 (1, 4, 228, 169, 315, 164, 38, 25, 2, 1, 0, 110)
6 (1, 4, 10, 42, 583, 0, 194, 17, 1, 1, 0, 115)
7 (1, 4, 213, 195, 873, 0, 128, 92, 2, 2, 0, 139)
8 (1, 4, 0, 0, 0, 0, 36, 161, 2, 1, 0, 203)
9 (1, 4, 70, 0, 148, 13, 77, 86, 1, 1, 0, 138)
10 (1, 4, 0, 52, 0, 0, 0, 117, 1, 1, 0, 147)
11 (1, 4, 0, 41, 0, 0, 0, 90, 2, 1, 0, 208)
12 (1, 4, 0, 93, 0, 0, 29, 82, 1, 1, 0, 184)
13 (1, 4, 0, 33, 0, 0, 8, 37, 1, 1, 0, 202)
14 (1, 4, 0, 17, 0, 0, 0, 54, 1, 1, 0, 29)
15 (1, 4, 0, 0, 0, 93, 0, 54, 1, 1, 0, 112)
16 (1, 4, 0, 0, 0, 268, 0, 42, 1, 1, 0, 105)
17 (1, 4, 0, 0, 0, 206, 47, 65, 1, 2, 0, 54)
18 (1, 4, 35, 0, 113, 56, 0, 24, 1, 2, 0, 46)
19 (1, 4, 0, 0, 0, 47, 0, 26, 1, 2, 0, 6)
20 (1, 4, 0, 3, 0, 77, 0, 38, 1, 2, 0, 49)
21 (1, 4, 0, 0, 0, 71, 0, 24, 1, 2, 0, 123)
22 (1, 4, 0, 37, 0, 66, 0, 28, 1, 2, 0, 192)
23 (1, 4, 9, 78, 0, 61, 0, 28, 1, 2, 0, 250)
24 (1, 4, 31, 55, 0, 52, 0, 36, 1, 2, 0, 103)
25 (1, 4, 0, 53, 0, 54, 0, 32, 1, 2, 0, 251)
26 (1, 4, 25, 11, 0, 52, 0, 35, 1, 2, 0, 154)
27 (1, 4, 0, 46, 0, 49, 0, 30, 1, 2, 0, 248)
28 (1, 4, 0, 8, 0, 57, 0, 33, 1, 2, 0, 254)
29 (1, 4, 0, 29, 0, 53, 0, 42, 1, 2, 0, 248)
30 (1, 4, 0, 15, 0, 51, 0, 38, 1, 2, 0, 41)
31 (1, 4, 0, 0, 8, 53, 0, 42, 1, 2, 0, 249)
0 (1, 4, 106, 0, 29, 54, 0, 27, 1, 2, 0, 226)
1 (1, 4, 96, 0, 34, 75, 0, 44, 1, 2, 0, 103)
2 (1, 4, 88, 0, 108, 129, 0, 36, 1, 2, 0, 82)
3 (1, 4, 125, 153, 175, 153, 0, 33, 1, 2, 0, 209)
4 (1, 4, 241, 217, 181, 144, 0, 58, 1, 2, 0, 91)
5 (1, 4, 333, 96, 215, 163, 0, 77, 1, 2, 0, 182)
6 (1, 4, 3, 41, 112, 200, 10, 49, 2, 2, 0, 222)
7 (1, 4, 101, 0, 559, 0, 107, 45, 1, 2, 0, 19)
8 (1, 4, 89, 329, 873, 0, 169, 73, 1, 2, 0, 134)
9 (1, 4, 0, 0, 0, 0, 0, 145, 3, 1, 0, 53)
10 (1, 4, 292, 0, 139, 105, 153, 26, 1, 2, 0, 147)
11 (1, 4, 0, 156, 13, 0, 0, 123, 1, 1, 0, 179)
12 (1, 4, 0, 15, 0, 0, 0, 97, 3, 1, 0, 57)
13 (1, 4, 0, 97, 0, 0, 0, 91, 1, 1, 0, 153)
14 (1, 4, 0, 77, 0, 0, 15, 43, 1, 1, 0, 172)
15 (1, 4, 0, 100, 0, 0, 0, 5, 2, 2, 0, 93)
16 (1, 4, 0, 116, 0, 117, 11, 94, 2, 2, 0, 196)
17 (1, 4, 0, 0, 0, 273, 47, 121, 2, 2, 0, 74)
18 (1, 4, 15, 0, 13, 159, 15, 128, 1, 2, 0, 58)
19 (1, 4, 58, 0, 177, 74, 0, 4, 1, 2, 0, 3)
20 (1, 4, 21, 0, 0, 63, 0, 16, 1, 2, 0, 116)
21 (1, 4, 0, 0, 0, 81, 0, 36, 1, 2, 0, 35)
22 (1, 4, 0, 0, 0, 79, 0, 33, 2, 2, 0, 98)
23 (1, 4, 0, 11, 0, 76, 0, 19, 1, 2, 0, 69)
24 (1, 4, 0, 67, 0, 68, 0, 19, 1, 2, 0, 141)
25 (1, 4, 0, 92, 0, 61, 0, 26, 1, 2, 0, 68)
26 (1, 4, 0, 71, 0, 46, 0, 34, 1, 2, 0, 0)
27 (1, 4, 0, 45, 0, 47, 0, 34, 1, 2, 0, 128)
28 (1, 4, 19, 11, 0, 53, 0, 30, 1, 2, 0, 219)
29 (1, 4, 0, 54, 0, 54, 0, 38, 2, 2, 0, 73)
30 (1, 4, 2, 32, 12, 50, 0, 42, 1, 2, 0, 36)
31 (1, 4, 0, 18, 0, 51, 0, 45, 1, 2, 0, 24)
0 (1, 4, 0, 0, 0, 59, 0, 32, 1, 2, 0, 172)
1 (1, 4, 71, 27, 13, 57, 0, 29, 1, 2, 0, 127)
2 (1, 4, 49, 7, 11, 56, 0, 40, 1, 2, 0, 75)
3 (1, 4, 70, 15, 49, 68, 0, 50, 2, 2, 0, 7)
4 (1, 4, 93, 0, 57, 89, 0, 66, 2, 2, 0, 211)
5 (1, 4, 154, 0, 101, 123, 0, 54, 2, 2, 0, 150)
6 (1, 4, 243, 50, 166, 154, 0, 58, 2, 2, 0, 200)
7 (1, 4, 315, 129, 317, 180, 0, 60, 2, 2, 0, 23)
8 (1, 4, 254, 136, 372, 160, 0, 42, 2, 2, 0, 254)
9 (1, 4, 5, 170, 452, 84, 89, 25, 2, 2, 0, 209)
10 (1, 4, 230, 205, 739, 0, 178, 0, 4, 2, 0, 189)
11 (1, 4, 0, 198, 279, 0, 0, 7, 1, 2, 0, 43)
12 (1, 4, 342, 0, 65, 23, 112, 36, 2, 3, 0, 203)
13 (1, 4, 0, 39, 45, 0, 37, 102, 4, 2, 0, 208)
14 (1, 4, 0, 6, 0, 0, 0, 92, 2, 2, 0, 210)
15 (1, 4, 0, 23, 0, 0, 0, 93, 1, 2, 0, 127)
16 (1, 4, 0, 0, 0, 0, 7, 37, 1, 2, 0, 169)
17 (1, 4, 0, 0, 0, 0, 9, 0, 2, 2, 0, 212)
18 (1, 4, 0, 163, 0, 121, 55, 64, 2, 2, 0, 254)
19 (1, 4, 0, 21, 0, 291, 82, 184, 4, 5, 0, 224)
20 (1, 4, 37, 0, 214, 168, 20, 135, 2, 3, 0, 177)
21 (1, 4, 0, 0, 96, 41, 0, 0, 2, 2, 0, 103)
22 (1, 4, 42, 0, 0, 61, 0, 8, 2, 2, 0, 168)
23 (1, 4, 0, 10, 0, 78, 0, 53, 2, 2, 0, 5)
24 (1, 4, 0, 46, 9, 61, 0, 65, 2, 2, 0, 157)
25 (1, 4, 0, 27, 0, 53, 0, 44, 2, 2, 0, 37)
26 (1, 4, 0, 66, 0, 58, 0, 36, 2, 2, 0, 142)
27 (1, 4, 0, 65, 0, 47, 0, 49, 2, 2, 0, 187)
28 (1, 4, 0, 44, 0, 44, 0, 56, 2, 2, 0, 50)
29 (1, 4, 0, 29, 0, 40, 0, 58, 2, 2, 0, 225)
30 (1, 4, 11, 0, 0, 45, 0, 55, 2, 2, 0, 29)
31 (1, 4, 0, 12, 7, 42, 0, 54, 2, 2, 0, 113)
0 (1, 4, 57, 0, 63, 62, 0, 35, 2, 2, 0, 142)
1 (1, 4, 27, 0, 116, 66, 0, 57, 2, 2, 0, 102)
2 (1, 4, 72, 0, 134, 104, 0, 59, 2, 2, 0, 47)
3 (1, 4, 45, 21, 146, 147, 0, 39, 2, 2, 0, 139)
4 (1, 4, 244, 138, 174, 164, 0, 46, 2, 2, 0, 77)
5 (1, 4, 256, 92, 79, 186, 0, 58, 2, 2, 0, 19)
6 (1, 4, 229, 81, 255, 177, 0, 46, 1, 2, 0, 9)
7 (1, 4, 30, 0, 340, 11, 107, 22, 2, 2, 0, 196)
8 (1, 4, 322, 264, 873, 0, 152, 95, 3, 2, 0, 26)
9 (1, 4, 0, 71, 0, 0, 0, 127, 1, 2, 0, 133)
10 (1, 4, 270, 0, 34, 43, 98, 23, 2, 2, 0, 254)
11 (1, 4, 0, 65, 60, 0, 42, 102, 4, 2, 0, 100)
12 (1, 4, 0, 18, 9, 0, 0, 89, 1, 2, 0, 77)
13 (1, 4, 0, 113, 0, 0, 0, 101, 1, 2, 0, 17)
14 (1, 4, 0, 70, 0, 0, 5, 73, 3, 2, 0, 208)
15 (1, 4, 0, 41, 0, 0, 0, 18, 2, 2, 0, 194)
16 (1, 4, 0, 189, 0, 120, 0, 89, 2, 3, 0, 233)
17 (1, 4, 0, 0, 0, 363, 158, 119, 7, 9, 0, 165)
18 (1, 4, 186, 0, 280, 182, 59, 104, 2, 3, 0, 250)
19 (1, 4, 82, 0, 181, 39, 0, 10, 2, 3, 0, 47)
20 (1, 4, 84, 0, 0, 60, 0, 15, 2, 2, 0, 94)
21 (1, 4, 40, 0, 0, 69, 0, 32, 2, 2, 0, 204)
22 (1, 4, 0, 0, 0, 75, 0, 35, 2, 3, 0, 204)
23 (1, 4, 0, 17, 14, 75, 0, 32, 2, 3, 0, 179)
24 (1, 4, 0, 41, 35, 63, 0, 29, 2, 3, 0, 174)
25 (1, 4, 0, 64, 0, 42, 0, 38, 2, 3, 0, 198)
26 (1, 4, 0, 56, 0, 45, 0, 48, 2, 3, 0, 23)
27 (1, 4, 0, 39, 0, 56, 0, 42, 2, 3, 0, 211)
28 (1, 4, 0, 34, 0, 50, 0, 37, 2, 3, 0, 131)
29 (1, 4, 0, 48, 0, 53, 0, 36, 2, 2, 0, 102)
30 (1, 4, 0, 47, 0, 53, 0, 42, 2, 2, 0, 144)
31 (1, 4, 9, 14, 0, 50, 0, 47, 2, 2, 0, 110)
0 (1, 4, 0, 206, 77, 157, 0, 15, 2, 2, 0, 95)
1 (1, 4, 149, 348, 130, 172, 0, 18, 2, 2, 0, 181)
2 (1, 4, 248, 304, 108, 164, 0, 31, 2, 2, 0, 20)
3 (1, 4, 248, 87, 203, 124, 0, 45, 2, 2, 0, 228)
4 (1, 4, 0, 0, 332, 0, 103, 34, 1, 2, 0, 233)
5 (1, 4, 598, 0, 873, 0, 125, 144, 2, 2, 0, 127)
6 (1, 4, 0, 194, 0, 0, 0, 88, 3, 2, 0, 157)
7 (1, 4, 0, 0, 59, 42, 96, 50, 1, 2, 0, 191)
8 (1, 4, 22, 0, 0, 0, 0, 120, 2, 2, 0, 117)
9 (1, 4, 46, 0, 0, 0, 0, 63, 3, 2, 0, 22)
10 (1, 4, 0, 74, 0, 0, 21, 108, 1, 2, 0, 243)
11 (1, 4, 0, 198, 0, 0, 0, 91, 1, 2, 0, 229)
12 (1, 4, 0, 0, 0, 0, 0, 50, 3, 2, 0, 197)
13 (1, 4, 0, 0, 0, 0, 0, 11, 2, 2, 0, 224)
14 (1, 4, 0, 0, 0, 155, 32, 53, 2, 2, 0, 58)
15 (1, 4, 0, 28, 0, 333, 101, 106, 2, 3, 0, 19)
16 (1, 4, 182, 0, 343, 111, 0, 31, 2, 2, 0, 245)
17 (1, 4, 77, 0, 125, 25, 0, 14, 2, 2, 0, 153)
18 (1, 4, 51, 0, 0, 64, 0, 50, 2, 2, 0, 71)
19 (1, 4, 29, 0, 2, 86, 0, 37, 2, 2, 0, 142)
20 (1, 4, 10, 0, 6, 62, 0, 27, 2, 2, 0, 138)
21 (1, 4, 0, 0, 0, 67, 0, 18, 2, 2, 0, 242)
22 (1, 4, 0, 14, 0, 75, 0, 32, 2, 2, 0, 197)
23 (1, 4, 0, 37, 0, 64, 0, 43, 2, 2, 0, 57)
24 (1, 4, 0, 39, 0, 46, 0, 31, 2, 2, 0, 213)
25 (1, 4, 0, 37, 0, 47, 0, 34, 2, 2, 0, 149)
26 (1, 4, 0, 39, 0, 59, 0, 37, 2, 2, 0, 96)
27 (1, 4, 0, 31, 0, 54, 0, 34, 2, 2, 0, 248)
28 (1, 4, 0, 24, 3, 44, 0, 33, 2, 2, 0, 22)
29 (1, 4, 0, 43, 2, 46, 0, 40, 2, 2, 0, 242)
30 (1, 4, 15, 17, 11, 53, 0, 37, 2, 2, 0, 147)
31 (1, 4, 0, 37, 15, 48, 0, 38, 2, 2, 0, 235)
0 (1, 4, 207, 52, 102, 155, 0, 91, 2, 2, 0, 62)
1 (1, 4, 256, 14, 276, 187, 0, 71, 2, 2, 0, 42)
2 (1, 4, 176, 107, 469, 169, 47, 62, 1, 2, 0, 99)
3 (1, 4, 179, 0, 598, 4, 123, 28, 2, 2, 0, 235)
4 (1, 4, 159, 442, 726, 0, 194, 63, 3, 2, 0, 209)
5 (1, 4, 0, 0, 0, 0, 0, 179, 1, 2, 0, 84)
6 (1, 4, 20, 0, 9, 14, 66, 35, 2, 2, 0, 9)
7 (1, 4, 0, 9, 0, 0, 0, 123, 3, 2, 0, 179)
8 (1, 4, 53, 0, 0, 0, 11, 93, 1, 2, 0, 71)
9 (1, 4, 0, 46, 0, 0, 0, 114, 2, 2, 0, 36)
10 (1, 4, 0, 124, 0, 0, 0, 95, 3, 2, 0, 40)
11 (1, 4, 0, 0, 0, 0, 42, 19, 1, 2, 0, 65)
12 (1, 4, 0, 0, 0, 3, 7, 12, 2, 2, 0, 186)
13 (1, 4, 0, 21, 0, 289, 131, 83, 5, 6, 0, 49)
14 (1, 4, 140, 0, 247, 148, 182, 227, 2, 2, 0, 220)
15 (1, 4, 0, 0, 319, 0, 0, 54, 2, 2, 0, 87)
16 (1, 4, 28, 0, 0, 59, 0, 0, 2, 2, 0, 3)
17 (1, 4, 0, 0, 0, 89, 0, 24, 2, 2, 0, 144)
18 (1, 4, 0, 0, 0, 80, 0, 63, 2, 2, 0, 197)
19 (1, 4, 0, 7, 4, 59, 0, 45, 2, 2, 0, 22)
20 (1, 4, 0, 20, 0, 51, 0, 40, 2, 2, 0, 163)
21 (1, 4, 0, 26, 0, 56, 0, 51, 2, 2, 0, 33)
22 (1, 4, 0, 37, 0, 60, 0, 48, 2, 2, 0, 41)
23 (1, 4, 0, 31, 0, 50, 0, 51, 2, 2, 0, 136)
24 (1, 4, 0, 43, 0, 48, 0, 51, 2, 2, 0, 207)
25 (1, 4, 36, 30, 0, 52, 0, 52, 2, 2, 0, 147)
26 (1, 4, 0, 48, 0, 43, 0, 59, 2, 2, 0, 1)
27 (1, 4, 3, 29, 0, 52, 0, 53, 2, 2, 0, 121)
28 (1, 4, 0, 21, 0, 43, 0, 61, 2, 2, 0, 96)
29 (1, 4, 2, 11, 6, 45, 0, 60, 2, 2, 0, 245)
30 (1, 4, 3, 3, 0, 47, 0, 59, 2, 2, 0, 20)
31 (1, 4, 4, 1, 28, 51, 0, 57, 2, 2, 0, 4)
0 (1, 4, 65, 0, 35, 66, 0, 80, 2, 2, 0, 211)
1 (1, 4, 149, 0, 118, 91, 0, 119, 2, 2, 0, 123)
2 (1, 4, 184, 0, 331, 130, 0, 115, 2, 2, 0, 77)
3 (1, 4, 173, 0, 333, 170, 1, 108, 2, 2, 0, 168)
4 (1, 4, 72, 0, 465, 159, 47, 59, 1, 2, 0, 42)
5 (1, 4, 71, 0, 612, 0, 90, 32, 2, 2, 0, 35)
6 (1, 4, 355, 28, 779, 0, 97, 150, 2, 2, 0, 33)
7 (1, 4, 0, 182, 0, 0, 0, 98, 1, 2, 0, 130)
8 (1, 4, 149, 0, 0, 29, 56, 50, 2, 2, 0, 65)
9 (1, 4, 0, 64, 24, 0, 0, 109, 3, 2, 0, 234)
10 (1, 4, 0, 8, 0, 0, 0, 86, 1, 2, 0, 35)
11 (1, 4, 0, 96, 0, 0, 0, 98, 2, 2, 0, 112)
12 (1, 4, 0, 180, 0, 0, 4, 56, 2, 2, 0, 111)
13 (1, 4, 0, 149, 0, 0, 0, 65, 1, 2, 0, 95)
14 (1, 4, 0, 98, 0, 0, 15, 57, 1, 2, 0, 8)
15 (1, 4, 0, 245, 0, 213, 81, 90, 2, 2, 0, 237)
16 (1, 4, 0, 263, 0, 150, 139, 350, 2, 2, 0, 116)
17 (1, 4, 0, 0, 167, 25, 0, 39, 2, 2, 0, 36)
18 (1, 4, 24, 26, 0, 16, 0, 0, 2, 2, 0, 180)
19 (1, 4, 14, 43, 0, 41, 0, 57, 2, 2, 0, 216)
20 (1, 4, 17, 0, 0, 59, 0, 75, 2, 2, 0, 140)
21 (1, 4, 12, 0, 0, 46, 0, 74, 2, 2, 0, 97)
22 (1, 4, 2, 0, 0, 42, 0, 43, 2, 2, 0, 114)
23 (1, 4, 0, 13, 0, 45, 0, 57, 2, 2, 0, 133)
24 (1, 4, 0, 0, 0, 51, 0, 62, 2, 2, 0, 7)
25 (1, 4, 0, 0, 0, 46, 0, 44, 2, 2, 0, 1)
26 (1, 4, 0, 4, 0, 47, 0, 41, 2, 2, 0, 110)
27 (1, 4, 0, 29, 0, 48, 0, 46, 2, 2, 0, 72)
28 (1, 4, 0, 39, 0, 49, 0, 61, 2, 2, 0, 159)
29 (1, 4, 0, 18, 0, 42, 0, 56, 2, 2, 0, 215)
30 (1, 4, 0, 15, 0, 42, 0, 51, 2, 2, 0, 230)
31 (1, 4, 38, 0, 0, 47, 0, 46, 2, 2, 0, 68)
0 (1, 4, 107, 25, 179, 114, 0, 66, 2, 2, 0, 229)
1 (1, 4, 199, 0, 192, 140, 0, 75, 2, 2, 0, 48)
2 (1, 4, 196, 48, 235, 152, 0, 86, 2, 2, 0, 96)
3 (1, 4, 189, 0, 283, 119, 0, 90, 2, 2, 0, 110)
4 (1, 4, 93, 56, 502, 0, 72, 82, 2, 2, 0, 0)
5 (1, 4, 75, 140, 762, 0, 54, 11, 1, 2, 0, 254)
6 (1, 4, 0, 0, 0, 0, 0, 158, 2, 2, 0, 19)
7 (1, 4, 110, 0, 116, 0, 63, 63, 3, 2, 0, 154)
8 (1, 4, 0, 8, 11, 0, 0, 117, 1, 2, 0, 227)
9 (1, 4, 0, 13, 0, 0, 0, 103, 2, 2, 0, 71)
10 (1, 4, 0, 52, 0, 0, 0, 99, 3, 2, 0, 245)
11 (1, 4, 0, 33, 0, 0, 0, 76, 1, 2, 0, 103)
12 (1, 4, 0, 133, 0, 0, 0, 4, 1, 2, 0, 209)
13 (1, 4, 0, 250, 0, 56, 0, 43, 2, 2, 0, 88)
14 (1, 4, 0, 400, 0, 199, 7, 136, 2, 2, 0, 196)
15 (1, 4, 15, 0, 0, 166, 63, 231, 4, 6, 0, 140)
16 (1, 4, 84, 0, 107, 67, 0, 9, 2, 2, 0, 254)
17 (1, 4, 48, 0, 0, 65, 0, 0, 2, 2, 0, 129)
18 (1, 4, 25, 0, 0, 66, 0, 62, 2, 2, 0, 77)
19 (1, 4, 0, 1, 0, 80, 0, 49, 2, 2, 0, 86)
20 (1, 4, 5, 0, 0, 58, 0, 40, 2, 2, 0, 201)
21 (1, 4, 0, 57, 0, 67, 0, 35, 2, 2, 0, 250)
22 (1, 4, 0, 45, 0, 56, 0, 53, 2, 2, 0, 76)
23 (1, 4, 0, 43, 0, 51, 0, 54, 2, 2, 0, 68)
24 (1, 4, 0, 27, 0, 48, 0, 44, 2, 2, 0, 70)
25 (1, 4, 0, 30, 0, 49, 0, 39, 2, 2, 0, 186)
26 (1, 4, 0, 29, 0, 50, 0, 45, 2, 2, 0, 16)
27 (1, 4, 0, 30, 0, 46, 0, 52, 2, 2, 0, 93)
28 (1, 4, 38, 0, 0, 57, 0, 37, 2, 2, 0, 125)
29 (1, 4, 0, 1, 0, 48, 0, 42, 2, 2, 0, 53)
30 (1, 4, 61, 0, 17, 54, 0, 38, 2, 2, 0, 215)
31 (1, 4, 28, 0, 0, 57, 0, 41, 2, 2, 0, 169)
0 (1, 4, 17, 33, 408, 2, 142, 50, 2, 2, 0, 139)
1 (1, 4, 211, 162, 833, 0, 190, 82, 2, 2, 0, 103)
2 (1, 4, 0, 1, 0, 0, 0, 193, 1, 2, 0, 111)
3 (1, 4, 130, 0, 71, 31, 130, 50, 2, 2, 0, 36)
4 (1, 4, 0, 62, 19, 0, 0, 130, 3, 2, 0, 94)
5 (1, 4, 0, 0, 0, 0, 2, 88, 1, 2, 0, 68)
6 (1, 4, 0, 42, 0, 0, 0, 111, 2, 2, 0, 109)
7 (1, 4, 0, 0, 0, 0, 0, 76, 3, 2, 0, 212)
8 (1, 4, 0, 1, 0, 0, 0, 41, 1, 2, 0, 235)
9 (1, 4, 0, 62, 0, 0, 0, 22, 1, 2, 0, 114)
10 (1, 4, 0, 0, 0, 111, 0, 56, 2, 2, 0, 109)
11 (1, 4, 0, 0, 0, 233, 6, 113, 2, 2, 0, 227)
12 (1, 4, 49, 0, 4, 165, 22, 119, 2, 2, 0, 140)
13 (1, 4, 81, 0, 179, 75, 0, 21, 2, 2, 0, 181)
14 (1, 4, 33, 0, 0, 59, 0, 21, 2, 2, 0, 27)
15 (1, 4, 0, 0, 0, 84, 0, 39, 2, 2, 0, 128)
16 (1, 4, 0, 0, 0, 72, 0, 37, 2, 2, 0, 74)
17 (1, 4, 0, 0, 0, 63, 0, 32, 2, 2, 0, 118)
18 (1, 4, 0, 50, 0, 65, 0, 34, 2, 2, 0, 112)
19 (1, 4, 0, 71, 0, 57, 0, 52, 2, 2, 0, 19)
20 (1, 4, 0, 56, 0, 59, 0, 53, 2, 2, 0, 99)
21 (1, 4, 0, 36, 0, 48, 0, 46, 2, 2, 0, 237)
22 (1, 4, 0, 42, 0, 49, 0, 38, 2, 2, 0, 28)
23 (1, 4, 7, 21, 0, 47, 0, 48, 2, 2, 0, 118)
24 (1, 4, 0, 25, 0, 49, 0, 52, 2, 2, 0, 13)
25 (1, 4, 62, 0, 12, 49, 0, 54, 2, 2, 0, 66)
26 (1, 4, 0, 16, 10, 50, 0, 53, 2, 2, 0, 102)
27 (1, 4, 43, 0, 27, 50, 0, 51, 2, 2, 0, 133)
28 (1, 4, 0, 15, 16, 51, 0, 53, 2, 2, 0, 69)
29 (1, 4, 20, 0, 19, 51, 0, 54, 2, 2, 0, 241)
30 (1, 4, 3, 0, 13, 48, 0, 54, 2, 2, 0, 168)
31 (1, 4, 3, 0, 8, 52, 0, 50, 2, 2, 0, 107)

