0 (1, 4, 24, 0, 0, 29, 0, 124, 0, 0, 0, 42)
1 (1, 4, 22, 0, 0, 27, 2, 124, 0, 0, 0, 206)
2 (1, 4, 53, 0, 0, 19, 0, 128, 0, 0, 0, 51)
3 (1, 4, 114, 0, 0, 22, 0, 120, 0, 0, 0, 164)
4 (1, 4, 155, 0, 0, 26, 9, 117, 0, 0, 0, 253)
5 (1, 4, 131, 0, 0, 36, 27, 107, 0, 0, 0, 75)
6 (1, 4, 139, 0, 0, 36, 44, 103, 0, 0, 0, 68)
7 (1, 4, 79, 0, 0, 41, 68, 93, 0, 0, 0, 140)
8 (1, 4, 30, 0, 0, 48, 76, 89, 0, 0, 0, 79)
9 (1, 4, 0, 0, 0, 47, 80, 90, 0, 0, 0, 104)
10 (1, 4, 0, 0, 0, 50, 69, 92, 0, 0, 0, 215)
11 (1, 4, 0, 0, 0, 57, 55, 92, 0, 0, 0, 110)
12 (1, 4, 0, 19, 0, 46, 40, 96, 0, 0, 0, 188)
13 (1, 4, 0, 11, 0, 47, 60, 89, 0, 0, 0, 80)
14 (1, 4, 0, 14, 0, 30, 56, 107, 0, 0, 0, 22)
15 (1, 4, 7, 0, 0, 30, 54, 111, 0, 0, 0, 157)
16 (1, 4, 0, 0, 0, 40, 65, 99, 0, 0, 0, 142)
17 (1, 4, 0, 5, 38, 45, 56, 101, 0, 0, 0, 235)
18 (1, 4, 0, 33, 50, 47, 47, 104, 0, 0, 0, 65)
19 (1, 4, 0, 49, 54, 41, 34, 105, 0, 1, 0, 211)
20 (1, 4, 119, 92, 75, 54, 36, 109, 0, 0, 0, 155)
21 (1, 4, 76, 101, 54, 45, 43, 104, 0, 0, 0, 90)
22 (1, 4, 0, 42, 56, 55, 41, 114, 1, 1, 0, 46)
23 (1, 4, 0, 0, 0, 29, 42, 100, 6, 5, 0, 54)
24 (1, 4, 0, 0, 0, 50, 0, 122, 7, 8, 0, 66)
25 (1, 4, 0, 0, 0, 31, 3, 109, 6, 8, 0, 25)
26 (1, 4, 416, 310, 149, 46, 17, 101, 5, 6, 0, 106)
27 (1, 4, 0, 140, 16, 68, 72, 126, 4, 5, 0, 69)
28 (1, 4, 0, 0, 0, 0, 0, 121, 6, 7, 0, 33)
29 (1, 4, 156, 0, 0, 35, 50, 93, 5, 5, 0, 138)
0 (1, 4, 208, 0, 0, 6, 0, 154, 7, 5, 0, 163)
1 (1, 4, 0, 0, 0, 26, 77, 85, 6, 6, 0, 4)
2 (1, 4, 429, 169, 78, 24, 81, 72, 5, 5, 0, 112)
3 (1, 4, 178, 365, 139, 47, 80, 97, 2, 3, 0, 79)
4 (1, 4, 0, 0, 0, 48, 96, 77, 5, 4, 0, 52)
5 (1, 4, 32, 0, 0, 31, 11, 111, 6, 6, 0, 138)
6 (1, 4, 0, 0, 0, 19, 38, 95, 7, 7, 0, 228)
7 (1, 4, 199, 99, 20, 36, 73, 90, 6, 6, 0, 180)
8 (1, 4, 1, 59, 51, 29, 74, 98, 6, 6, 0, 172)
9 (1, 4, 91, 78, 27, 35, 51, 101, 5, 5, 0, 34)
10 (1, 4, 206, 172, 22, 39, 82, 87, 3, 3, 0, 85)
11 (1, 4, 27, 93, 20, 28, 72, 92, 0, 1, 0, 41)
12 (1, 4, 0, 11, 16, 29, 72, 90, 0, 0, 0, 24)
13 (1, 4, 0, 12, 15, 29, 63, 97, 0, 0, 0, 56)
14 (1, 4, 0, 34, 23, 30, 65, 91, 0, 0, 0, 127)
15 (1, 4, 0, 30, 0, 26, 61, 99, 0, 0, 0, 123)
16 (1, 4, 0, 38, 23, 27, 58, 102, 0, 0, 0, 44)
17 (1, 4, 0, 20, 0, 25, 59, 103, 0, 0, 0, 224)
18 (1, 4, 0, 26, 13, 24, 52, 106, 0, 0, 0, 100)
19 (1, 4, 0, 4, 0, 28, 57, 100, 0, 0, 0, 118)
20 (1, 4, 0, 17, 0, 27, 53, 102, 0, 0, 0, 190)
21 (1, 4, 4, 5, 0, 27, 51, 106, 0, 0, 0, 179)
22 (1, 4, 0, 18, 0, 29, 58, 100, 0, 0, 0, 52)
23 (1, 4, 0, 27, 0, 24, 55, 105, 0, 0, 0, 74)
24 (1, 4, 0, 13, 0, 23, 54, 105, 0, 0, 0, 64)
25 (1, 4, 0, 21, 0, 24, 56, 102, 0, 0, 0, 30)
26 (1, 4, 0, 20, 0, 21, 43, 115, 0, 0, 0, 71)
27 (1, 4, 0, 13, 5, 22, 43, 113, 0, 0, 0, 114)
28 (1, 4, 0, 8, 0, 23, 46, 112, 0, 0, 0, 141)
29 (1, 4, 0, 17, 0, 24, 42, 113, 0, 0, 0, 115)
30 (1, 4, 0, 16, 0, 23, 41, 113, 0, 0, 0, 232)
31 (1, 4, 0, 11, 0, 23, 42, 112, 0, 0, 0, 182)
0 (1, 4, 0, 0, 11, 46, 3, 120, 0, 0, 0, 124)
1 (1, 4, 19, 0, 16, 49, 0, 121, 0, 0, 0, 240)
2 (1, 4, 6, 0, 13, 54, 0, 115, 0, 0, 0, 33)
3 (1, 4, 10, 0, 22, 60, 8, 88, 5, 3, 0, 107)
4 (1, 4, 0, 0, 0, 79, 0, 101, 6, 5, 0, 203)
5 (1, 4, 0, 0, 17, 83, 0, 62, 6, 6, 0, 244)
6 (1, 4, 246, 110, 79, 75, 0, 73, 5, 6, 0, 234)
7 (1, 4, 119, 275, 170, 106, 6, 78, 3, 4, 0, 191)
8 (1, 4, 0, 22, 47, 82, 2, 127, 3, 3, 0, 52)
9 (1, 4, 0, 0, 0, 49, 0, 132, 6, 6, 0, 182)
10 (1, 4, 0, 0, 0, 71, 14, 65, 7, 7, 0, 131)
11 (1, 4, 160, 33, 0, 90, 0, 88, 6, 7, 0, 30)
12 (1, 4, 87, 101, 43, 83, 0, 87, 6, 6, 0, 90)
13 (1, 4, 136, 115, 2, 79, 0, 101, 5, 4, 0, 180)
14 (1, 4, 129, 161, 0, 70, 12, 93, 4, 4, 0, 84)
15 (1, 4, 1, 0, 0, 69, 3, 110, 4, 3, 0, 189)
16 (1, 4, 0, 0, 0, 72, 10, 95, 4, 4, 0, 43)
17 (1, 4, 0, 16, 0, 73, 11, 94, 4, 4, 0, 243)
18 (1, 4, 0, 0, 0, 67, 3, 104, 4, 4, 0, 43)
19 (1, 4, 0, 0, 0, 75, 12, 93, 4, 4, 0, 162)
20 (1, 4, 0, 2, 0, 74, 6, 98, 4, 4, 0, 104)
21 (1, 4, 5, 6, 0, 72, 12, 94, 4, 4, 0, 100)
22 (1, 4, 0, 18, 0, 72, 7, 100, 4, 4, 0, 130)
23 (1, 4, 0, 12, 0, 69, 7, 100, 4, 4, 0, 124)
24 (1, 4, 0, 6, 0, 73, 9, 100, 4, 4, 0, 246)
25 (1, 4, 0, 11, 0, 74, 5, 102, 4, 4, 0, 144)
26 (1, 4, 1, 0, 0, 73, 8, 102, 4, 4, 0, 143)
27 (1, 4, 0, 0, 0, 74, 8, 98, 4, 4, 0, 213)
28 (1, 4, 0, 3, 0, 72, 6, 98, 3, 3, 0, 220)
29 (1, 4, 0, 1, 0, 70, 10, 95, 3, 3, 0, 27)
30 (1, 4, 0, 19, 0, 72, 13, 91, 2, 2, 0, 185)
31 (1, 4, 0, 44, 0, 69, 5, 99, 1, 2, 0, 207)
0 (1, 4, 38, 0, 0, 0, 70, 99, 0, 0, 0, 20)
1 (1, 4, 7, 0, 0, 0, 83, 96, 0, 0, 0, 164)
2 (1, 4, 42, 0, 0, 1, 77, 90, 1, 1, 0, 71)
3 (1, 4, 0, 0, 0, 0, 91, 100, 5, 4, 0, 124)
4 (1, 4, 0, 0, 0, 0, 82, 103, 6, 7, 0, 185)
5 (1, 4, 0, 0, 0, 0, 84, 95, 6, 8, 0, 119)
6 (1, 4, 71, 63, 69, 0, 55, 97, 5, 7, 0, 222)
7 (1, 4, 106, 269, 23, 36, 77, 74, 4, 4, 0, 25)
8 (1, 4, 0, 0, 0, 12, 69, 107, 5, 5, 0, 63)
9 (1, 4, 124, 0, 0, 0, 0, 153, 6, 6, 0, 194)
10 (1, 4, 0, 0, 0, 24, 64, 96, 6, 5, 0, 4)
11 (1, 4, 183, 73, 0, 6, 71, 98, 5, 5, 0, 163)
12 (1, 4, 308, 411, 186, 6, 81, 107, 4, 4, 0, 134)
13 (1, 4, 80, 170, 14, 0, 68, 114, 0, 1, 0, 219)
14 (1, 4, 93, 42, 36, 0, 68, 91, 0, 0, 0, 14)
15 (1, 4, 0, 38, 12, 1, 70, 83, 0, 0, 0, 13)
16 (1, 4, 0, 58, 39, 2, 59, 90, 0, 0, 0, 33)
17 (1, 4, 0, 42, 20, 1, 65, 91, 0, 0, 0, 37)
18 (1, 4, 0, 51, 3, 2, 70, 94, 0, 0, 0, 59)
19 (1, 4, 0, 35, 2, 0, 66, 106, 0, 0, 0, 20)
20 (1, 4, 0, 29, 9, 0, 70, 102, 0, 0, 0, 200)
21 (1, 4, 0, 25, 4, 0, 65, 105, 0, 0, 0, 245)
22 (1, 4, 5, 9, 8, 0, 63, 102, 0, 0, 0, 251)
23 (1, 4, 6, 9, 5, 1, 64, 98, 0, 0, 0, 206)
24 (1, 4, 0, 9, 7, 0, 65, 95, 0, 0, 0, 145)
25 (1, 4, 0, 0, 0, 0, 65, 96, 0, 0, 0, 249)
26 (1, 4, 0, 9, 10, 0, 65, 98, 0, 0, 0, 213)
27 (1, 4, 0, 8, 0, 0, 63, 94, 0, 0, 0, 92)
28 (1, 4, 0, 16, 4, 0, 54, 95, 0, 0, 0, 183)
29 (1, 4, 0, 33, 0, 0, 48, 99, 0, 0, 0, 3)
30 (1, 4, 0, 38, 0, 0, 57, 104, 0, 0, 0, 53)
31 (1, 4, 0, 49, 5, 1, 67, 106, 0, 0, 0, 155)
0 (1, 4, 0, 25, 29, 1, 49, 109, 0, 0, 0, 90)
1 (1, 4, 0, 20, 18, 3, 55, 104, 0, 0, 0, 90)
2 (1, 4, 3, 17, 25, 0, 51, 113, 0, 0, 0, 4)
3 (1, 4, 3, 0, 18, 0, 57, 108, 0, 0, 0, 119)
4 (1, 4, 0, 0, 21, 0, 64, 104, 0, 0, 0, 223)
5 (1, 4, 0, 0, 40, 0, 79, 96, 0, 0, 0, 107)
6 (1, 4, 0, 0, 71, 0, 86, 99, 0, 0, 0, 108)
7 (1, 4, 48, 0, 148, 6, 88, 96, 0, 0, 0, 113)
8 (1, 4, 102, 9, 221, 18, 97, 86, 0, 0, 0, 236)
9 (1, 4, 22, 46, 241, 17, 63, 98, 0, 0, 0, 247)
10 (1, 4, 0, 96, 251, 22, 43, 94, 0, 0, 0, 241)
11 (1, 4, 0, 118, 223, 25, 29, 92, 0, 0, 0, 2)
12 (1, 4, 0, 173, 218, 16, 14, 101, 0, 0, 0, 238)
13 (1, 4, 0, 185, 184, 0, 0, 127, 0, 0, 0, 216)
14 (1, 4, 0, 112, 94, 0, 0, 153, 0, 0, 0, 123)
15 (1, 4, 0, 4, 46, 12, 0, 149, 0, 0, 0, 224)
16 (1, 4, 0, 0, 25, 26, 6, 128, 0, 0, 0, 131)
17 (1, 4, 0, 16, 15, 27, 7, 124, 0, 0, 0, 168)
18 (1, 4, 11, 6, 35, 24, 9, 128, 0, 0, 0, 211)
19 (1, 4, 16, 0, 1, 18, 7, 134, 0, 0, 0, 237)
20 (1, 4, 2, 0, 11, 26, 14, 123, 0, 0, 0, 63)
21 (1, 4, 0, 0, 0, 34, 11, 119, 0, 0, 0, 199)
22 (1, 4, 0, 0, 0, 47, 5, 150, 3, 2, 0, 77)
23 (1, 4, 0, 0, 0, 35, 0, 144, 6, 5, 0, 100)
24 (1, 4, 0, 31, 0, 39, 6, 110, 6, 7, 0, 148)
25 (1, 4, 77, 78, 106, 30, 18, 123, 5, 6, 0, 177)
26 (1, 4, 82, 243, 84, 54, 10, 116, 3, 3, 0, 30)
27 (1, 4, 15, 29, 33, 53, 3, 149, 0, 1, 0, 157)
28 (1, 4, 0, 0, 0, 3, 67, 67, 5, 5, 0, 192)
29 (1, 4, 315, 0, 0, 75, 51, 26, 6, 6, 0, 128)
30 (1, 4, 62, 49, 0, 42, 10, 98, 6, 6, 0, 108)
0 (1, 4, 3, 8, 0, 39, 16, 118, 0, 0, 0, 21)
1 (1, 4, 5, 0, 0, 39, 24, 120, 0, 0, 0, 101)
2 (1, 4, 0, 0, 0, 42, 24, 119, 0, 0, 0, 49)
3 (1, 4, 0, 0, 0, 37, 23, 121, 0, 0, 0, 27)
4 (1, 4, 0, 13, 0, 45, 16, 120, 0, 0, 0, 136)
5 (1, 4, 0, 0, 0, 0, 10, 124, 6, 4, 0, 5)
6 (1, 4, 0, 0, 0, 64, 15, 88, 6, 6, 0, 72)
7 (1, 4, 40, 26, 0, 35, 7, 126, 5, 6, 0, 87)
8 (1, 4, 80, 119, 28, 60, 16, 105, 4, 4, 0, 66)
9 (1, 4, 82, 96, 7, 41, 9, 141, 0, 1, 0, 184)
10 (1, 4, 0, 0, 0, 75, 37, 146, 4, 3, 0, 55)
11 (1, 4, 374, 0, 0, 12, 0, 161, 5, 5, 0, 171)
12 (1, 4, 0, 0, 0, 61, 11, 71, 5, 6, 0, 119)
13 (1, 4, 440, 229, 0, 64, 9, 103, 4, 5, 0, 196)
14 (1, 4, 81, 146, 19, 37, 33, 123, 4, 4, 0, 177)
15 (1, 4, 79, 31, 0, 44, 3, 135, 3, 3, 0, 25)
16 (1, 4, 39, 31, 0, 40, 23, 116, 1, 1, 0, 244)
17 (1, 4, 9, 18, 1, 38, 22, 115, 0, 1, 0, 157)
18 (1, 4, 0, 25, 0, 35, 17, 113, 0, 0, 0, 197)
19 (1, 4, 37, 9, 0, 35, 19, 118, 0, 0, 0, 180)
20 (1, 4, 24, 9, 0, 36, 27, 112, 0, 0, 0, 133)
21 (1, 4, 17, 0, 0, 34, 24, 120, 0, 0, 0, 222)
22 (1, 4, 21, 4, 0, 39, 25, 115, 0, 0, 0, 170)
23 (1, 4, 20, 0, 0, 36, 28, 116, 0, 0, 0, 214)
24 (1, 4, 17, 2, 0, 41, 25, 114, 0, 0, 0, 64)
25 (1, 4, 2, 2, 0, 41, 29, 114, 0, 0, 0, 81)
26 (1, 4, 0, 11, 0, 40, 27, 115, 0, 0, 0, 154)
27 (1, 4, 5, 5, 0, 39, 30, 116, 0, 0, 0, 132)
28 (1, 4, 0, 14, 0, 39, 29, 115, 0, 0, 0, 65)
29 (1, 4, 2, 0, 0, 38, 27, 119, 0, 0, 0, 34)
30 (1, 4, 0, 4, 0, 42, 30, 114, 0, 0, 0, 80)
31 (1, 4, 0, 7, 0, 39, 27, 118, 0, 0, 0, 252)
0 (1, 4, 364, 0, 0, 72, 18, 101, 6, 5, 0, 229)
1 (1, 4, 0, 30, 17, 55, 18, 97, 6, 6, 0, 201)
2 (1, 4, 293, 184, 97, 66, 36, 100, 5, 5, 0, 180)
3 (1, 4, 0, 95, 36, 88, 68, 94, 4, 4, 0, 58)
4 (1, 4, 0, 0, 0, 0, 0, 103, 5, 6, 0, 25)
5 (1, 4, 226, 0, 0, 69, 87, 51, 5, 5, 0, 65)
6 (1, 4, 284, 193, 62, 59, 14, 96, 4, 5, 0, 19)
7 (1, 4, 245, 154, 49, 57, 56, 104, 3, 3, 0, 253)
8 (1, 4, 0, 32, 0, 48, 47, 108, 2, 2, 0, 111)
9 (1, 4, 47, 21, 0, 49, 43, 107, 0, 1, 0, 168)
10 (1, 4, 0, 15, 2, 48, 49, 102, 0, 0, 0, 39)
11 (1, 4, 0, 5, 9, 50, 41, 109, 0, 0, 0, 8)
12 (1, 4, 0, 8, 8, 53, 47, 102, 0, 0, 0, 128)
13 (1, 4, 0, 31, 2, 49, 44, 101, 0, 0, 0, 225)
14 (1, 4, 0, 24, 19, 47, 36, 107, 0, 0, 0, 162)
15 (1, 4, 0, 20, 17, 48, 37, 103, 0, 0, 0, 80)
16 (1, 4, 0, 32, 23, 44, 32, 104, 0, 0, 0, 72)
17 (1, 4, 25, 4, 9, 49, 30, 107, 0, 0, 0, 46)
18 (1, 4, 0, 18, 1, 51, 36, 103, 0, 0, 0, 192)
19 (1, 4, 0, 17, 0, 52, 35, 108, 0, 0, 0, 53)
20 (1, 4, 5, 3, 0, 51, 32, 109, 0, 0, 0, 6)
21 (1, 4, 0, 7, 0, 51, 34, 107, 0, 0, 0, 212)
22 (1, 4, 18, 0, 2, 49, 31, 112, 0, 0, 0, 183)
23 (1, 4, 0, 11, 0, 49, 32, 108, 0, 0, 0, 98)
24 (1, 4, 0, 9, 8, 49, 32, 110, 0, 0, 0, 10)
25 (1, 4, 0, 5, 0, 48, 30, 109, 0, 0, 0, 254)
26 (1, 4, 0, 7, 0, 50, 30, 109, 0, 0, 0, 173)
27 (1, 4, 0, 13, 4, 49, 30, 110, 0, 0, 0, 106)
28 (1, 4, 0, 29, 21, 49, 25, 110, 0, 0, 0, 136)
29 (1, 4, 0, 16, 0, 48, 23, 112, 0, 0, 0, 219)
30 (1, 4, 0, 15, 9, 49, 23, 112, 0, 0, 0, 60)
31 (1, 4, 0, 34, 19, 50, 24, 109, 0, 0, 0, 213)
0 (1, 4, 28, 2, 0, 56, 21, 111, 0, 0, 0, 95)
1 (1, 4, 17, 0, 0, 61, 17, 118, 0, 0, 0, 18)
2 (1, 4, 0, 0, 0, 49, 46, 78, 3, 2, 0, 177)
3 (1, 4, 60, 0, 0, 72, 29, 93, 5, 4, 0, 114)
4 (1, 4, 0, 0, 0, 59, 20, 99, 5, 5, 0, 112)
5 (1, 4, 125, 108, 38, 69, 43, 83, 4, 4, 0, 20)
6 (1, 4, 146, 208, 51, 74, 29, 105, 0, 1, 0, 57)
7 (1, 4, 0, 0, 0, 79, 40, 129, 3, 3, 0, 140)
8 (1, 4, 167, 0, 0, 67, 0, 141, 5, 4, 0, 254)
9 (1, 4, 0, 73, 0, 69, 41, 80, 4, 4, 0, 74)
10 (1, 4, 232, 189, 54, 66, 26, 113, 3, 3, 0, 117)
11 (1, 4, 162, 95, 0, 53, 45, 101, 2, 2, 0, 148)
12 (1, 4, 0, 0, 0, 54, 44, 108, 1, 1, 0, 127)
13 (1, 4, 29, 4, 5, 57, 39, 101, 0, 0, 0, 26)
14 (1, 4, 0, 22, 0, 56, 40, 98, 0, 0, 0, 223)
15 (1, 4, 0, 11, 0, 55, 39, 100, 0, 0, 0, 162)
16 (1, 4, 0, 20, 4, 55, 41, 100, 0, 0, 0, 252)
17 (1, 4, 0, 21, 7, 53, 34, 105, 0, 0, 0, 198)
18 (1, 4, 0, 25, 17, 52, 35, 102, 0, 0, 0, 62)
19 (1, 4, 0, 13, 5, 54, 32, 102, 0, 0, 0, 17)
20 (1, 4, 15, 7, 5, 55, 30, 105, 0, 0, 0, 43)
21 (1, 4, 0, 8, 0, 55, 33, 104, 0, 0, 0, 244)
22 (1, 4, 20, 6, 1, 56, 33, 106, 0, 0, 0, 160)
23 (1, 4, 0, 4, 0, 56, 38, 104, 0, 0, 0, 80)
24 (1, 4, 2, 10, 12, 54, 36, 105, 0, 0, 0, 61)
25 (1, 4, 0, 1, 7, 54, 32, 107, 0, 0, 0, 23)
26 (1, 4, 12, 7, 11, 56, 31, 107, 0, 0, 0, 145)
27 (1, 4, 15, 2, 10, 57, 38, 106, 0, 0, 0, 136)
28 (1, 4, 13, 0, 17, 56, 33, 105, 0, 0, 0, 144)
29 (1, 4, 22, 13, 20, 56, 30, 101, 0, 0, 0, 186)
30 (1, 4, 11, 6, 9, 57, 29, 99, 0, 0, 0, 38)
31 (1, 4, 5, 18, 15, 57, 31, 97, 0, 0, 0, 243)
0 (1, 4, 107, 43, 25, 60, 2, 101, 6, 6, 0, 188)
1 (1, 4, 331, 298, 163, 72, 28, 88, 4, 5, 0, 99)
2 (1, 4, 0, 146, 51, 71, 36, 119, 3, 4, 0, 6)
3 (1, 4, 0, 0, 0, 34, 20, 96, 5, 5, 0, 6)
4 (1, 4, 66, 0, 0, 66, 22, 99, 6, 6, 0, 32)
5 (1, 4, 0, 0, 0, 39, 7, 94, 5, 5, 0, 63)
6 (1, 4, 333, 93, 0, 72, 30, 81, 4, 4, 0, 152)
7 (1, 4, 127, 244, 96, 67, 36, 102, 1, 1, 0, 79)
8 (1, 4, 34, 35, 0, 42, 25, 124, 0, 0, 0, 5)
9 (1, 4, 51, 0, 0, 55, 36, 105, 0, 0, 0, 55)
10 (1, 4, 0, 14, 0, 51, 36, 107, 0, 0, 0, 195)
11 (1, 4, 26, 4, 0, 52, 33, 107, 0, 0, 0, 86)
12 (1, 4, 0, 36, 0, 52, 37, 100, 0, 0, 0, 2)
13 (1, 4, 0, 25, 3, 50, 31, 109, 0, 0, 0, 10)
14 (1, 4, 0, 7, 0, 48, 31, 103, 0, 0, 0, 185)
15 (1, 4, 0, 2, 0, 50, 24, 101, 0, 0, 0, 57)
16 (1, 4, 0, 5, 0, 52, 12, 104, 0, 0, 0, 95)
17 (1, 4, 27, 22, 0, 48, 11, 110, 0, 0, 0, 188)
18 (1, 4, 19, 14, 0, 46, 16, 112, 0, 0, 0, 105)
19 (1, 4, 14, 0, 0, 43, 25, 112, 0, 0, 0, 16)
20 (1, 4, 0, 0, 0, 37, 37, 104, 0, 0, 0, 109)
21 (1, 4, 0, 0, 0, 41, 35, 109, 0, 0, 0, 82)
22 (1, 4, 13, 0, 0, 47, 39, 107, 0, 0, 0, 121)
23 (1, 4, 40, 0, 0, 53, 46, 110, 0, 0, 0, 171)
24 (1, 4, 28, 0, 0, 51, 42, 111, 0, 0, 0, 202)
25 (1, 4, 38, 0, 0, 49, 41, 108, 0, 0, 0, 82)
26 (1, 4, 33, 0, 0, 44, 44, 107, 0, 0, 0, 157)
27 (1, 4, 30, 7, 0, 44, 53, 104, 0, 0, 0, 185)
28 (1, 4, 17, 59, 0, 42, 53, 106, 0, 0, 0, 210)
29 (1, 4, 0, 4, 0, 39, 59, 105, 0, 0, 0, 3)
0 (1, 4, 0, 0, 29, 19, 61, 110, 2, 1, 0, 31)
1 (1, 4, 0, 0, 0, 35, 34, 139, 6, 4, 0, 175)
2 (1, 4, 0, 0, 0, 24, 27, 106, 7, 6, 0, 93)
3 (1, 4, 0, 28, 24, 25, 32, 111, 6, 6, 0, 131)
4 (1, 4, 344, 254, 127, 34, 45, 104, 4, 5, 0, 163)
5 (1, 4, 294, 182, 69, 17, 65, 127, 0, 1, 0, 149)
6 (1, 4, 0, 0, 0, 21, 73, 78, 4, 3, 0, 25)
7 (1, 4, 86, 0, 0, 33, 0, 140, 5, 5, 0, 253)
8 (1, 4, 0, 0, 0, 20, 53, 102, 6, 5, 0, 68)
9 (1, 4, 298, 101, 0, 20, 44, 109, 5, 5, 0, 212)
10 (1, 4, 290, 218, 27, 31, 68, 106, 2, 3, 0, 135)
11 (1, 4, 68, 72, 32, 8, 68, 107, 0, 1, 0, 3)
12 (1, 4, 0, 0, 0, 16, 60, 103, 0, 0, 0, 212)
13 (1, 4, 0, 4, 5, 14, 60, 101, 0, 0, 0, 48)
14 (1, 4, 0, 14, 12, 20, 59, 101, 0, 0, 0, 159)
15 (1, 4, 0, 32, 10, 12, 61, 98, 0, 0, 0, 37)
16 (1, 4, 0, 11, 9, 14, 50, 111, 0, 0, 0, 224)
17 (1, 4, 15, 0, 15, 16, 53, 107, 0, 0, 0, 240)
18 (1, 4, 20, 0, 15, 16, 51, 105, 0, 0, 0, 218)
19 (1, 4, 59, 0, 0, 27, 57, 101, 0, 0, 0, 107)
20 (1, 4, 0, 36, 1, 28, 64, 98, 0, 0, 0, 198)
21 (1, 4, 0, 23, 0, 16, 57, 107, 0, 0, 0, 178)
22 (1, 4, 5, 16, 6, 18, 60, 101, 0, 0, 0, 117)
23 (1, 4, 0, 9, 2, 12, 55, 100, 0, 0, 0, 162)
24 (1, 4, 0, 10, 5, 19, 57, 95, 0, 0, 0, 227)
25 (1, 4, 0, 40, 8, 24, 57, 99, 0, 0, 0, 14)
26 (1, 4, 0, 52, 3, 19, 54, 109, 0, 0, 0, 87)
27 (1, 4, 0, 40, 3, 22, 52, 114, 0, 0, 0, 228)
28 (1, 4, 0, 60, 11, 18, 53, 109, 0, 0, 0, 204)
29 (1, 4, 0, 55, 11, 11, 46, 113, 0, 0, 0, 52)
0 (1, 4, 0, 11, 0, 21, 55, 106, 5, 6, 0, 70)
1 (1, 4, 314, 72, 87, 7, 28, 113, 5, 5, 0, 89)
2 (1, 4, 294, 137, 31, 30, 66, 111, 2, 2, 0, 20)
3 (1, 4, 0, 0, 5, 31, 86, 108, 4, 3, 0, 33)
4 (1, 4, 0, 0, 0, 0, 0, 159, 6, 6, 0, 232)
5 (1, 4, 211, 60, 0, 27, 79, 88, 5, 5, 0, 22)
6 (1, 4, 118, 112, 11, 9, 22, 120, 5, 5, 0, 80)
7 (1, 4, 252, 173, 38, 16, 77, 94, 3, 3, 0, 0)
8 (1, 4, 4, 71, 0, 0, 60, 109, 1, 2, 0, 125)
9 (1, 4, 54, 37, 29, 0, 54, 111, 0, 1, 0, 54)
10 (1, 4, 0, 0, 0, 0, 58, 105, 0, 0, 0, 20)
11 (1, 4, 22, 0, 6, 5, 59, 102, 0, 0, 0, 66)
12 (1, 4, 0, 0, 0, 5, 65, 98, 0, 0, 0, 35)
13 (1, 4, 0, 24, 7, 7, 52, 108, 0, 0, 0, 4)
14 (1, 4, 0, 0, 0, 6, 63, 102, 0, 0, 0, 53)
15 (1, 4, 0, 28, 0, 5, 51, 111, 0, 0, 0, 11)
16 (1, 4, 0, 9, 0, 2, 50, 113, 0, 0, 0, 212)
17 (1, 4, 5, 2, 6, 1, 47, 113, 0, 0, 0, 7)
18 (1, 4, 11, 1, 0, 3, 53, 107, 0, 0, 0, 242)
19 (1, 4, 0, 5, 0, 4, 51, 106, 0, 0, 0, 217)
20 (1, 4, 0, 16, 6, 5, 54, 107, 0, 0, 0, 252)
21 (1, 4, 0, 18, 6, 6, 51, 108, 0, 0, 0, 57)
22 (1, 4, 0, 33, 0, 9, 50, 114, 0, 0, 0, 26)
23 (1, 4, 0, 40, 0, 0, 48, 118, 0, 0, 0, 124)
24 (1, 4, 29, 0, 0, 0, 43, 118, 0, 0, 0, 100)
25 (1, 4, 16, 0, 0, 5, 54, 103, 0, 0, 0, 147)
26 (1, 4, 0, 0, 0, 6, 48, 107, 0, 0, 0, 220)
0 (1, 4, 0, 0, 0, 4, 26, 118, 7, 5, 0, 166)
1 (1, 4, 63, 0, 0, 44, 49, 84, 7, 6, 0, 40)
2 (1, 4, 52, 68, 48, 39, 18, 105, 6, 6, 0, 157)
3 (1, 4, 295, 305, 137, 44, 48, 98, 4, 5, 0, 76)
4 (1, 4, 21, 163, 120, 34, 32, 154, 3, 3, 0, 190)
5 (1, 4, 0, 0, 0, 0, 32, 70, 5, 6, 0, 106)
6 (1, 4, 170, 0, 0, 37, 57, 98, 6, 6, 0, 17)
7 (1, 4, 42, 68, 16, 30, 6, 119, 5, 6, 0, 27)
8 (1, 4, 361, 231, 67, 47, 49, 114, 3, 4, 0, 112)
9 (1, 4, 59, 90, 5, 15, 58, 114, 0, 0, 0, 93)
10 (1, 4, 0, 3, 7, 24, 41, 118, 0, 0, 0, 2)
11 (1, 4, 0, 20, 13, 21, 42, 112, 0, 0, 0, 46)
12 (1, 4, 0, 17, 1, 20, 40, 113, 0, 0, 0, 145)
13 (1, 4, 12, 14, 1, 20, 38, 117, 0, 0, 0, 172)
14 (1, 4, 0, 5, 0, 20, 41, 114, 0, 0, 0, 161)
15 (1, 4, 13, 9, 0, 22, 39, 116, 0, 0, 0, 172)
16 (1, 4, 0, 14, 0, 16, 43, 114, 0, 0, 0, 68)
17 (1, 4, 18, 4, 0, 21, 40, 116, 0, 0, 0, 66)
18 (1, 4, 0, 14, 0, 22, 43, 111, 0, 0, 0, 149)
19 (1, 4, 0, 15, 0, 17, 42, 117, 0, 0, 0, 132)
20 (1, 4, 17, 2, 0, 19, 45, 113, 0, 0, 0, 149)
21 (1, 4, 0, 7, 0, 19, 47, 111, 0, 0, 0, 19)
22 (1, 4, 2, 6, 0, 18, 46, 113, 0, 0, 0, 41)
23 (1, 4, 0, 6, 0, 19, 44, 113, 0, 0, 0, 216)
24 (1, 4, 0, 18, 5, 20, 44, 112, 0, 0, 0, 43)
25 (1, 4, 5, 7, 29, 19, 45, 117, 0, 0, 0, 94)
26 (1, 4, 6, 3, 10, 20, 43, 114, 0, 0, 0, 83)
27 (1, 4, 0, 0, 0, 19, 41, 114, 0, 0, 0, 147)
28 (1, 4, 4, 4, 0, 20, 44, 113, 0, 0, 0, 208)
29 (1, 4, 0, 4, 0, 17, 41, 115, 0, 0, 0, 168)
0 (1, 4, 5, 15, 0, 21, 42, 114, 0, 0, 0, 221)
1 (1, 4, 3, 11, 3, 24, 44, 113, 0, 0, 0, 116)
2 (1, 4, 0, 17, 6, 23, 45, 112, 0, 0, 0, 16)
3 (1, 4, 1, 4, 18, 23, 44, 115, 0, 0, 0, 46)
4 (1, 4, 0, 9, 23, 25, 44, 115, 0, 0, 0, 140)
5 (1, 4, 0, 4, 5, 26, 38, 116, 0, 0, 0, 1)
6 (1, 4, 11, 0, 0, 23, 36, 116, 0, 0, 0, 26)
7 (1, 4, 4, 0, 0, 26, 42, 110, 0, 0, 0, 139)
8 (1, 4, 0, 0, 0, 27, 41, 111, 0, 0, 0, 248)
9 (1, 4, 0, 5, 0, 28, 42, 111, 0, 0, 0, 65)
10 (1, 4, 0, 0, 0, 20, 54, 112, 4, 2, 0, 2)
11 (1, 4, 0, 0, 0, 33, 14, 128, 5, 4, 0, 148)
12 (1, 4, 37, 0, 0, 38, 44, 104, 5, 5, 0, 40)
13 (1, 4, 81, 117, 8, 39, 41, 103, 4, 4, 0, 56)
14 (1, 4, 75, 89, 2, 27, 44, 118, 2, 3, 0, 221)
15 (1, 4, 0, 0, 0, 16, 62, 94, 4, 4, 0, 69)
16 (1, 4, 107, 0, 0, 37, 29, 112, 5, 5, 0, 28)
17 (1, 4, 22, 55, 3, 37, 39, 109, 4, 4, 0, 207)
18 (1, 4, 85, 123, 14, 32, 39, 117, 3, 4, 0, 187)
19 (1, 4, 49, 30, 0, 20, 43, 116, 3, 3, 0, 167)
20 (1, 4, 8, 12, 0, 25, 41, 115, 2, 2, 0, 129)
21 (1, 4, 18, 9, 0, 26, 40, 113, 1, 2, 0, 37)
22 (1, 4, 7, 1, 0, 27, 46, 111, 1, 1, 0, 6)
23 (1, 4, 5, 17, 3, 25, 45, 109, 1, 1, 0, 204)
24 (1, 4, 0, 13, 3, 27, 44, 110, 1, 1, 0, 211)
25 (1, 4, 0, 17, 0, 25, 42, 111, 1, 1, 0, 144)
26 (1, 4, 0, 12, 0, 26, 43, 111, 1, 1, 0, 117)
27 (1, 4, 0, 20, 0, 24, 42, 111, 1, 1, 0, 224)
28 (1, 4, 4, 14, 2, 23, 44, 112, 1, 1, 0, 214)
29 (1, 4, 4, 13, 5, 25, 44, 112, 1, 1, 0, 81)
30 (1, 4, 0, 16, 7, 24, 44, 110, 1, 1, 0, 17)
31 (1, 4, 0, 1, 0, 26, 40, 112, 1, 1, 0, 8)
0 (1, 4, 0, 0, 0, 48, 32, 118, 5, 3, 0, 198)
1 (1, 4, 1, 2, 20, 39, 44, 105, 5, 5, 0, 91)
2 (1, 4, 14, 11, 0, 39, 22, 118, 4, 5, 0, 213)
3 (1, 4, 173, 83, 0, 43, 36, 106, 4, 4, 0, 157)
4 (1, 4, 0, 57, 0, 43, 57, 105, 3, 3, 0, 17)
5 (1, 4, 0, 0, 0, 4, 41, 121, 5, 5, 0, 152)
6 (1, 4, 44, 42, 4, 40, 32, 105, 5, 5, 0, 83)
7 (1, 4, 0, 0, 0, 34, 25, 123, 4, 5, 0, 96)
8 (1, 4, 126, 11, 0, 46, 36, 118, 4, 4, 0, 141)
9 (1, 4, 0, 32, 0, 30, 49, 106, 4, 4, 0, 147)
10 (1, 4, 96, 20, 0, 35, 32, 120, 4, 4, 0, 183)
11 (1, 4, 0, 8, 0, 33, 49, 102, 4, 4, 0, 198)
12 (1, 4, 0, 4, 0, 35, 40, 110, 3, 4, 0, 111)
13 (1, 4, 0, 3, 0, 35, 43, 103, 3, 4, 0, 211)
14 (1, 4, 0, 10, 0, 32, 38, 110, 3, 4, 0, 154)
15 (1, 4, 6, 15, 0, 36, 37, 113, 3, 4, 0, 12)
16 (1, 4, 0, 17, 0, 38, 39, 113, 3, 4, 0, 129)
17 (1, 4, 5, 10, 0, 35, 38, 114, 3, 3, 0, 215)
18 (1, 4, 0, 4, 0, 36, 38, 112, 3, 3, 0, 1)
19 (1, 4, 3, 7, 0, 34, 40, 110, 3, 3, 0, 172)
20 (1, 4, 2, 4, 0, 34, 41, 111, 3, 3, 0, 220)
21 (1, 4, 0, 5, 0, 33, 40, 111, 3, 3, 0, 45)
22 (1, 4, 4, 2, 0, 32, 40, 112, 3, 3, 0, 34)
23 (1, 4, 4, 5, 0, 34, 42, 109, 3, 3, 0, 127)
24 (1, 4, 0, 1, 0, 34, 39, 110, 3, 3, 0, 160)
25 (1, 4, 1, 0, 0, 34, 41, 110, 3, 3, 0, 203)
26 (1, 4, 0, 11, 0, 34, 41, 111, 3, 3, 0, 113)
27 (1, 4, 6, 11, 10, 37, 42, 109, 3, 3, 0, 169)
28 (1, 4, 0, 15, 11, 35, 40, 110, 3, 3, 0, 21)
29 (1, 4, 2, 17, 5, 34, 37, 113, 3, 3, 0, 207)
0 (1, 4, 12, 0, 0, 44, 8, 129, 5, 4, 0, 137)
1 (1, 4, 0, 0, 0, 36, 42, 103, 5, 5, 0, 15)
2 (1, 4, 38, 100, 75, 29, 11, 113, 4, 4, 0, 16)
3 (1, 4, 212, 164, 43, 37, 33, 122, 1, 1, 0, 73)
4 (1, 4, 0, 0, 0, 42, 69, 107, 4, 3, 0, 139)
5 (1, 4, 0, 0, 0, 31, 0, 152, 5, 5, 0, 178)
6 (1, 4, 176, 41, 0, 37, 65, 93, 5, 5, 0, 154)
7 (1, 4, 0, 65, 24, 29, 20, 124, 4, 4, 0, 13)
8 (1, 4, 264, 141, 79, 28, 32, 122, 3, 3, 0, 114)
9 (1, 4, 79, 60, 38, 14, 55, 109, 1, 2, 0, 162)
10 (1, 4, 0, 38, 63, 14, 35, 122, 0, 1, 0, 224)
11 (1, 4, 32, 39, 86, 14, 38, 115, 0, 0, 0, 123)
12 (1, 4, 1, 47, 131, 14, 39, 113, 0, 0, 0, 126)
13 (1, 4, 5, 75, 154, 2, 39, 112, 0, 0, 0, 209)
14 (1, 4, 22, 65, 191, 7, 36, 114, 0, 0, 0, 152)
15 (1, 4, 43, 108, 257, 2, 35, 111, 0, 0, 0, 159)
16 (1, 4, 22, 92, 271, 0, 27, 116, 0, 0, 0, 184)
17 (1, 4, 29, 104, 325, 1, 23, 115, 0, 0, 0, 229)
18 (1, 4, 5, 103, 339, 0, 13, 127, 0, 0, 0, 252)
19 (1, 4, 28, 76, 376, 4, 1, 133, 0, 0, 0, 130)
20 (1, 4, 7, 98, 388, 0, 0, 136, 0, 0, 0, 234)
21 (1, 4, 24, 29, 375, 9, 0, 142, 0, 0, 0, 218)
22 (1, 4, 59, 81, 365, 16, 0, 147, 0, 0, 0, 138)
23 (1, 4, 63, 32, 324, 16, 0, 150, 0, 0, 0, 91)
24 (1, 4, 64, 2, 292, 21, 0, 145, 0, 0, 0, 117)
25 (1, 4, 31, 0, 259, 27, 0, 136, 0, 0, 0, 108)
26 (1, 4, 34, 0, 210, 31, 0, 129, 0, 0, 0, 248)
27 (1, 4, 23, 0, 179, 46, 0, 111, 0, 0, 0, 49)
28 (1, 4, 0, 0, 147, 54, 0, 95, 0, 0, 0, 120)
29 (1, 4, 40, 0, 132, 56, 0, 94, 0, 0, 0, 48)
30 (1, 4, 0, 50, 109, 52, 0, 101, 0, 0, 0, 239)
31 (1, 4, 0, 26, 58, 46, 0, 111, 0, 0, 0, 157)
0 (1, 4, 327, 362, 0, 12, 0, 53, 5, 5, 0, 212)
1 (1, 4, 9, 294, 0, 3, 0, 170, 2, 3, 0, 176)
2 (1, 4, 0, 0, 0, 0, 0, 43, 5, 4, 0, 21)
3 (1, 4, 204, 204, 0, 0, 4, 50, 6, 5, 0, 226)
4 (1, 4, 210, 441, 0, 0, 0, 116, 5, 5, 0, 48)
5 (1, 4, 297, 219, 0, 0, 7, 132, 3, 3, 0, 193)
6 (1, 4, 22, 57, 0, 0, 45, 110, 1, 1, 0, 130)
7 (1, 4, 0, 81, 0, 0, 34, 113, 0, 0, 0, 62)
8 (1, 4, 50, 25, 0, 0, 36, 114, 0, 0, 0, 66)
9 (1, 4, 0, 64, 0, 0, 44, 109, 0, 0, 0, 118)
10 (1, 4, 0, 46, 0, 0, 28, 125, 0, 0, 0, 104)
11 (1, 4, 0, 98, 66, 0, 27, 120, 0, 0, 0, 148)
12 (1, 4, 0, 9, 59, 0, 15, 127, 0, 0, 0, 153)
13 (1, 4, 0, 28, 127, 0, 9, 121, 0, 0, 0, 239)
14 (1, 4, 0, 5, 122, 0, 0, 122, 0, 0, 0, 156)
15 (1, 4, 0, 0, 141, 0, 0, 123, 0, 0, 0, 66)
16 (1, 4, 0, 0, 135, 0, 0, 117, 0, 0, 0, 247)
17 (1, 4, 0, 0, 153, 0, 0, 116, 0, 0, 0, 154)
18 (1, 4, 0, 0, 160, 0, 3, 119, 0, 0, 0, 222)
19 (1, 4, 0, 0, 209, 0, 0, 114, 0, 0, 0, 17)
20 (1, 4, 0, 0, 250, 0, 0, 105, 0, 0, 0, 183)
21 (1, 4, 0, 0, 252, 0, 0, 108, 0, 0, 0, 108)
22 (1, 4, 0, 64, 244, 0, 0, 110, 0, 0, 0, 234)
23 (1, 4, 0, 55, 212, 0, 0, 115, 0, 0, 0, 165)
24 (1, 4, 0, 59, 190, 0, 0, 112, 0, 0, 0, 60)
25 (1, 4, 0, 21, 119, 0, 0, 114, 0, 0, 0, 97)
26 (1, 4, 0, 0, 91, 0, 0, 111, 0, 0, 0, 224)
27 (1, 4, 0, 26, 71, 0, 0, 118, 0, 0, 0, 36)
28 (1, 4, 0, 28, 40, 0, 0, 126, 0, 0, 0, 37)
29 (1, 4, 0, 0, 23, 0, 0, 126, 0, 0, 0, 245)
30 (1, 4, 0, 14, 4, 0, 0, 121, 0, 0, 0, 38)
0 (1, 4, 0, 0, 0, 0, 10, 138, 6, 4, 0, 116)
1 (1, 4, 0, 0, 0, 0, 61, 92, 7, 5, 0, 77)
2 (1, 4, 97, 94, 83, 0, 32, 115, 6, 6, 0, 141)
3 (1, 4, 202, 372, 237, 0, 105, 84, 3, 4, 0, 82)
4 (1, 4, 0, 219, 279, 0, 77, 104, 1, 1, 0, 119)
5 (1, 4, 0, 0, 140, 0, 116, 60, 4, 4, 0, 213)
6 (1, 4, 566, 0, 299, 3, 80, 57, 7, 6, 0, 112)
7 (1, 4, 0, 69, 306, 0, 0, 129, 6, 7, 0, 105)
8 (1, 4, 328, 368, 402, 0, 10, 104, 4, 6, 0, 115)
9 (1, 4, 0, 204, 236, 0, 0, 137, 3, 4, 0, 49)
10 (1, 4, 16, 142, 223, 0, 0, 147, 1, 2, 0, 60)
11 (1, 4, 0, 110, 150, 0, 0, 132, 0, 1, 0, 80)
12 (1, 4, 0, 73, 118, 0, 0, 139, 0, 0, 0, 246)
13 (1, 4, 0, 56, 85, 0, 0, 135, 0, 0, 0, 185)
14 (1, 4, 0, 19, 21, 0, 0, 151, 0, 0, 0, 56)
15 (1, 4, 5, 0, 0, 2, 0, 141, 0, 0, 0, 188)
16 (1, 4, 0, 0, 0, 8, 0, 130, 0, 0, 0, 181)
17 (1, 4, 24, 0, 0, 18, 6, 130, 0, 0, 0, 5)
18 (1, 4, 0, 25, 0, 18, 16, 118, 0, 0, 0, 174)
19 (1, 4, 0, 63, 31, 10, 0, 131, 0, 0, 0, 96)
20 (1, 4, 0, 59, 0, 0, 0, 129, 0, 0, 0, 227)
21 (1, 4, 0, 39, 7, 0, 0, 132, 0, 0, 0, 164)
22 (1, 4, 0, 74, 0, 0, 0, 123, 0, 0, 0, 152)
23 (1, 4, 19, 0, 0, 0, 0, 132, 0, 0, 0, 115)
24 (1, 4, 12, 0, 0, 0, 0, 127, 0, 0, 0, 248)
25 (1, 4, 0, 0, 0, 0, 0, 127, 0, 0, 0, 176)
26 (1, 4, 7, 0, 0, 1, 0, 131, 0, 0, 0, 167)
27 (1, 4, 0, 0, 0, 7, 9, 125, 1, 1, 0, 229)
28 (1, 4, 0, 0, 0, 2, 0, 130, 1, 1, 0, 122)
29 (1, 4, 56, 0, 0, 9, 0, 130, 1, 1, 0, 244)
30 (1, 4, 0, 0, 0, 12, 9, 119, 1, 1, 0, 111)
31 (1, 4, 35, 0, 0, 12, 0, 123, 1, 1, 0, 157)
0 (1, 4, 39, 0, 58, 19, 39, 129, 0, 0, 0, 103)
1 (1, 4, 37, 0, 58, 35, 19, 123, 0, 0, 0, 224)
2 (1, 4, 8, 0, 0, 28, 0, 127, 0, 0, 0, 179)
3 (1, 4, 40, 0, 0, 21, 0, 118, 0, 0, 0, 166)
4 (1, 4, 81, 0, 0, 18, 22, 103, 0, 0, 0, 179)
5 (1, 4, 0, 0, 0, 18, 53, 94, 4, 2, 0, 76)
6 (1, 4, 0, 0, 0, 0, 0, 130, 7, 6, 0, 25)
7 (1, 4, 0, 0, 0, 16, 46, 103, 7, 7, 0, 156)
8 (1, 4, 72, 103, 10, 0, 17, 121, 6, 7, 0, 244)
9 (1, 4, 198, 213, 53, 40, 46, 123, 3, 4, 0, 123)
10 (1, 4, 0, 6, 0, 20, 66, 113, 3, 3, 0, 89)
11 (1, 4, 0, 0, 0, 0, 0, 155, 6, 5, 0, 32)
12 (1, 4, 46, 10, 0, 29, 64, 87, 6, 5, 0, 75)
13 (1, 4, 66, 111, 19, 15, 22, 121, 5, 5, 0, 193)
14 (1, 4, 165, 222, 80, 21, 54, 118, 2, 2, 0, 29)
15 (1, 4, 0, 39, 0, 5, 45, 129, 0, 0, 0, 222)
16 (1, 4, 25, 0, 5, 12, 32, 126, 0, 0, 0, 178)
17 (1, 4, 0, 0, 0, 20, 41, 112, 0, 0, 0, 119)
18 (1, 4, 0, 0, 1, 16, 31, 122, 0, 0, 0, 85)
19 (1, 4, 0, 7, 0, 19, 38, 114, 0, 0, 0, 56)
20 (1, 4, 0, 11, 0, 14, 33, 119, 0, 0, 0, 255)
21 (1, 4, 22, 6, 0, 14, 34, 120, 0, 0, 0, 149)
22 (1, 4, 0, 2, 0, 15, 37, 117, 0, 0, 0, 188)
23 (1, 4, 0, 17, 0, 13, 31, 119, 0, 0, 0, 57)
24 (1, 4, 0, 23, 0, 12, 33, 117, 0, 0, 0, 112)
25 (1, 4, 0, 7, 0, 10, 32, 118, 0, 0, 0, 76)
26 (1, 4, 10, 12, 0, 11, 32, 120, 0, 0, 0, 114)
27 (1, 4, 0, 10, 0, 11, 33, 117, 0, 0, 0, 144)
28 (1, 4, 0, 17, 0, 8, 28, 123, 0, 0, 0, 78)
29 (1, 4, 3, 0, 0, 8, 33, 122, 0, 0, 0, 132)
30 (1, 4, 0, 13, 0, 8, 28, 122, 0, 0, 0, 153)
31 (1, 4, 6, 13, 0, 8, 28, 121, 0, 0, 0, 219)
0 (1, 4, 143, 0, 0, 22, 26, 110, 6, 5, 0, 123)
1 (1, 4, 186, 241, 67, 37, 42, 111, 4, 4, 0, 121)
2 (1, 4, 5, 93, 3, 8, 35, 144, 1, 1, 0, 227)
3 (1, 4, 0, 0, 0, 0, 44, 90, 4, 3, 0, 166)
4 (1, 4, 114, 0, 0, 10, 7, 131, 5, 4, 0, 200)
5 (1, 4, 0, 0, 0, 19, 30, 109, 6, 5, 0, 210)
6 (1, 4, 213, 77, 44, 22, 24, 110, 5, 5, 0, 105)
7 (1, 4, 175, 227, 63, 23, 48, 114, 2, 2, 0, 8)
8 (1, 4, 0, 8, 0, 2, 40, 126, 0, 1, 0, 69)
9 (1, 4, 42, 0, 0, 11, 37, 120, 0, 0, 0, 70)
10 (1, 4, 0, 0, 0, 16, 42, 115, 0, 0, 0, 230)
11 (1, 4, 0, 4, 0, 16, 38, 115, 0, 0, 0, 30)
12 (1, 4, 0, 2, 0, 16, 42, 114, 0, 0, 0, 84)
13 (1, 4, 0, 19, 0, 15, 42, 115, 0, 0, 0, 13)
14 (1, 4, 0, 7, 0, 11, 37, 119, 0, 0, 0, 22)
15 (1, 4, 0, 4, 0, 12, 37, 118, 0, 0, 0, 76)
16 (1, 4, 0, 1, 0, 11, 39, 117, 0, 0, 0, 234)
17 (1, 4, 6, 10, 0, 11, 35, 120, 0, 0, 0, 6)
18 (1, 4, 0, 0, 0, 11, 38, 117, 0, 0, 0, 38)
19 (1, 4, 3, 8, 0, 11, 36, 116, 0, 0, 0, 170)
20 (1, 4, 0, 0, 0, 12, 36, 116, 0, 0, 0, 86)
21 (1, 4, 0, 16, 0, 13, 36, 115, 0, 0, 0, 59)
22 (1, 4, 0, 10, 0, 11, 36, 118, 0, 0, 0, 108)
23 (1, 4, 0, 15, 0, 11, 34, 120, 0, 0, 0, 52)
24 (1, 4, 0, 10, 0, 12, 36, 120, 0, 0, 0, 23)
25 (1, 4, 0, 7, 0, 13, 34, 120, 0, 0, 0, 197)
26 (1, 4, 0, 4, 0, 13, 35, 120, 0, 0, 0, 100)
27 (1, 4, 6, 10, 0, 12, 35, 119, 0, 0, 0, 162)
28 (1, 4, 0, 2, 0, 11, 34, 119, 0, 0, 0, 17)
29 (1, 4, 0, 5, 0, 12, 34, 118, 0, 0, 0, 145)
30 (1, 4, 0, 8, 0, 13, 36, 116, 0, 0, 0, 250)
31 (1, 4, 0, 13, 0, 12, 33, 118, 0, 0, 0, 169)
0 (1, 4, 165, 0, 0, 6, 0, 131, 0, 0, 0, 52)
1 (1, 4, 131, 0, 0, 0, 0, 125, 0, 0, 0, 14)
2 (1, 4, 84, 0, 0, 5, 0, 112, 0, 0, 0, 123)
3 (1, 4, 73, 0, 0, 10, 0, 113, 0, 0, 0, 167)
4 (1, 4, 133, 0, 0, 19, 0, 112, 0, 0, 0, 188)
5 (1, 4, 133, 0, 0, 21, 18, 110, 0, 0, 0, 124)
6 (1, 4, 43, 0, 0, 35, 25, 111, 0, 0, 0, 51)
7 (1, 4, 0, 0, 0, 55, 68, 82, 6, 3, 0, 29)
8 (1, 4, 222, 0, 0, 87, 0, 104, 7, 6, 0, 115)
9 (1, 4, 0, 0, 0, 66, 0, 80, 7, 7, 0, 60)
10 (1, 4, 128, 117, 47, 49, 28, 84, 6, 6, 0, 240)
11 (1, 4, 208, 341, 163, 57, 38, 93, 4, 5, 0, 162)
12 (1, 4, 38, 309, 98, 40, 25, 139, 1, 1, 0, 189)
13 (1, 4, 0, 0, 24, 31, 2, 153, 0, 1, 0, 26)
14 (1, 4, 0, 0, 0, 30, 45, 92, 6, 4, 0, 140)
15 (1, 4, 59, 0, 0, 66, 10, 108, 7, 6, 0, 204)
16 (1, 4, 55, 0, 10, 43, 0, 136, 6, 7, 0, 237)
17 (1, 4, 111, 46, 39, 58, 11, 108, 5, 6, 0, 206)
18 (1, 4, 335, 182, 0, 56, 27, 108, 4, 4, 0, 204)
19 (1, 4, 129, 98, 22, 42, 39, 122, 0, 1, 0, 2)
20 (1, 4, 23, 2, 23, 43, 38, 114, 0, 0, 0, 225)
21 (1, 4, 0, 22, 31, 43, 30, 108, 0, 0, 0, 144)
22 (1, 4, 0, 0, 13, 36, 22, 113, 0, 0, 0, 225)
23 (1, 4, 0, 0, 10, 41, 19, 110, 0, 0, 0, 47)
24 (1, 4, 0, 0, 0, 47, 23, 109, 0, 0, 0, 123)
25 (1, 4, 0, 20, 0, 48, 26, 108, 0, 0, 0, 22)
26 (1, 4, 0, 9, 3, 39, 20, 121, 0, 0, 0, 19)
27 (1, 4, 0, 12, 16, 46, 21, 117, 0, 0, 0, 185)
28 (1, 4, 0, 10, 6, 44, 18, 114, 0, 0, 0, 69)
29 (1, 4, 6, 7, 10, 47, 17, 114, 0, 0, 0, 245)
0 (1, 4, 119, 0, 0, 96, 35, 102, 0, 0, 0, 104)
1 (1, 4, 151, 0, 0, 120, 50, 83, 0, 0, 0, 24)
2 (1, 4, 189, 87, 0, 114, 60, 75, 0, 0, 0, 124)
3 (1, 4, 73, 33, 8, 97, 67, 64, 0, 0, 0, 181)
4 (1, 4, 0, 244, 237, 0, 8, 75, 0, 0, 0, 15)
5 (1, 4, 0, 501, 229, 0, 0, 143, 0, 0, 0, 152)
6 (1, 4, 0, 231, 250, 0, 0, 152, 0, 0, 0, 151)
7 (1, 4, 0, 0, 0, 0, 0, 179, 0, 0, 0, 224)
8 (1, 4, 281, 130, 0, 1, 33, 83, 0, 0, 0, 21)
9 (1, 4, 0, 7, 24, 0, 20, 128, 0, 0, 0, 83)
10 (1, 4, 0, 12, 0, 3, 0, 136, 0, 0, 0, 86)
11 (1, 4, 48, 7, 0, 0, 18, 130, 0, 0, 0, 31)
12 (1, 4, 0, 0, 0, 0, 10, 132, 0, 0, 0, 178)
13 (1, 4, 0, 0, 0, 0, 0, 132, 0, 0, 0, 129)
14 (1, 4, 0, 0, 0, 0, 0, 119, 0, 0, 0, 90)
15 (1, 4, 0, 0, 0, 0, 0, 100, 0, 0, 0, 239)
16 (1, 4, 0, 0, 0, 0, 0, 99, 0, 0, 0, 252)
17 (1, 4, 10, 0, 0, 10, 3, 81, 0, 0, 0, 22)
18 (1, 4, 0, 51, 0, 36, 15, 83, 0, 0, 0, 201)
19 (1, 4, 0, 117, 29, 40, 1, 102, 0, 0, 0, 120)
20 (1, 4, 0, 180, 56, 31, 0, 129, 0, 0, 0, 60)
21 (1, 4, 0, 124, 163, 7, 0, 156, 0, 0, 0, 24)
22 (1, 4, 0, 15, 147, 27, 0, 160, 0, 0, 0, 255)
23 (1, 4, 0, 0, 117, 26, 0, 161, 0, 0, 0, 11)
24 (1, 4, 0, 0, 70, 40, 0, 138, 0, 0, 0, 60)
25 (1, 4, 0, 0, 71, 37, 0, 118, 0, 0, 0, 17)
26 (1, 4, 4, 0, 62, 24, 0, 117, 0, 0, 0, 152)
27 (1, 4, 0, 0, 61, 23, 0, 109, 0, 0, 0, 135)
28 (1, 4, 0, 0, 21, 17, 0, 109, 0, 0, 0, 135)
29 (1, 4, 0, 0, 5, 14, 0, 109, 0, 0, 0, 170)
30 (1, 4, 0, 0, 1, 14, 0, 105, 0, 0, 0, 129)
0 (1, 4, 65, 0, 0, 30, 0, 133, 0, 0, 0, 148)
1 (1, 4, 101, 0, 0, 45, 0, 107, 0, 0, 0, 28)
2 (1, 4, 77, 0, 0, 53, 0, 100, 0, 0, 0, 93)
3 (1, 4, 121, 0, 0, 58, 0, 90, 0, 0, 0, 179)
4 (1, 4, 115, 0, 0, 73, 0, 85, 0, 0, 0, 204)
5 (1, 4, 145, 0, 0, 71, 1, 93, 0, 0, 0, 162)
6 (1, 4, 111, 0, 0, 90, 25, 96, 0, 0, 0, 87)
7 (1, 4, 193, 0, 0, 100, 40, 93, 0, 0, 0, 182)
8 (1, 4, 230, 0, 0, 105, 67, 82, 0, 0, 0, 100)
9 (1, 4, 251, 74, 0, 114, 92, 53, 0, 0, 0, 106)
10 (1, 4, 43, 188, 97, 65, 66, 33, 0, 0, 0, 221)
11 (1, 4, 0, 258, 130, 0, 0, 68, 0, 0, 0, 24)
12 (1, 4, 0, 538, 300, 0, 0, 120, 0, 0, 0, 144)
13 (1, 4, 0, 217, 226, 0, 0, 152, 0, 0, 0, 243)
14 (1, 4, 0, 0, 0, 1, 0, 166, 0, 0, 0, 134)
15 (1, 4, 192, 168, 24, 0, 17, 115, 0, 0, 0, 252)
16 (1, 4, 0, 0, 0, 0, 21, 126, 0, 0, 0, 112)
17 (1, 4, 17, 0, 0, 0, 2, 135, 0, 0, 0, 251)
18 (1, 4, 59, 0, 0, 0, 0, 136, 0, 0, 0, 91)
19 (1, 4, 71, 0, 0, 0, 0, 117, 0, 0, 0, 64)
20 (1, 4, 0, 0, 0, 0, 0, 100, 0, 0, 0, 239)
21 (1, 4, 0, 0, 0, 0, 0, 91, 0, 0, 0, 100)
22 (1, 4, 0, 0, 0, 35, 18, 73, 0, 0, 0, 177)
23 (1, 4, 0, 39, 75, 58, 19, 73, 0, 0, 0, 228)
24 (1, 4, 0, 123, 173, 57, 12, 96, 0, 0, 0, 115)
25 (1, 4, 0, 159, 282, 56, 0, 124, 0, 0, 0, 80)
26 (1, 4, 0, 93, 275, 41, 0, 144, 0, 0, 0, 142)
27 (1, 4, 0, 135, 345, 38, 0, 146, 0, 0, 0, 199)
28 (1, 4, 0, 0, 206, 7, 0, 117, 0, 0, 0, 121)
29 (1, 4, 0, 14, 267, 16, 0, 135, 0, 0, 0, 78)
30 (1, 4, 0, 22, 247, 5, 0, 89, 0, 0, 0, 6)
31 (1, 4, 0, 66, 216, 0, 0, 77, 0, 0, 0, 92)

