0 (1, 4, 169, 0, 135, 0, 24, 9, 1, 0, 0, 213)
1 (1, 4, 119, 11, 138, 0, 11, 0, 1, 0, 0, 219)
2 (1, 4, 27, 0, 45, 0, 13, 0, 0, 0, 0, 47)
3 (1, 4, 0, 0, 0, 0, 23, 7, 1, 0, 0, 226)
4 (1, 4, 0, 0, 0, 0, 35, 4, 1, 0, 0, 239)
5 (1, 4, 61, 0, 0, 0, 26, 4, 0, 0, 0, 220)
6 (1, 4, 48, 0, 0, 0, 52, 11, 0, 0, 0, 190)
7 (1, 4, 44, 0, 5, 0, 38, 3, 1, 0, 0, 35)
8 (1, 4, 16, 44, 16, 0, 17, 5, 0, 0, 0, 28)
9 (1, 4, 118, 9, 0, 0, 37, 7, 0, 0, 0, 118)
10 (1, 4, 168, 0, 25, 0, 49, 6, 1, 0, 0, 212)
11 (1, 4, 72, 0, 0, 0, 42, 0, 0, 0, 0, 185)
12 (1, 4, 67, 0, 0, 0, 42, 2, 0, 0, 0, 98)
13 (1, 4, 54, 0, 0, 0, 50, 0, 0, 0, 0, 7)
14 (1, 4, 66, 0, 2, 0, 43, 2, 0, 0, 0, 58)
15 (1, 4, 151, 0, 55, 0, 32, 3, 0, 0, 0, 174)
16 (1, 4, 105, 0, 54, 0, 36, 8, 1, 0, 0, 216)
17 (1, 4, 30, 0, 0, 0, 38, 12, 1, 0, 0, 43)
18 (1, 4, 0, 0, 0, 0, 41, 9, 0, 0, 0, 254)
19 (1, 4, 0, 0, 0, 0, 48, 14, 0, 0, 0, 208)
20 (1, 4, 0, 0, 0, 0, 50, 15, 0, 0, 0, 253)
21 (1, 4, 1, 0, 16, 0, 45, 28, 0, 1, 0, 126)
22 (1, 4, 73, 0, 30, 0, 45, 26, 0, 0, 0, 237)
23 (1, 4, 0, 27, 0, 0, 42, 27, 0, 0, 0, 21)
24 (1, 4, 0, 19, 0, 0, 41, 24, 0, 0, 0, 75)
25 (1, 4, 0, 22, 0, 0, 46, 20, 0, 0, 0, 211)
26 (1, 4, 0, 62, 5, 0, 51, 26, 0, 0, 0, 144)
27 (1, 4, 0, 66, 28, 0, 47, 29, 0, 0, 0, 58)
28 (1, 4, 0, 68, 21, 0, 41, 27, 1, 0, 0, 26)
29 (1, 4, 0, 71, 9, 0, 35, 29, 0, 0, 0, 194)
30 (1, 4, 0, 57, 12, 0, 39, 29, 0, 0, 0, 207)
31 (1, 4, 0, 36, 0, 0, 36, 26, 0, 0, 0, 8)
0 (1, 4, 600, 0, 0, 0, 0, 0, 0, 1, 0, 8)
1 (1, 4, 488, 38, 0, 0, 0, 0, 0, 1, 0, 73)
2 (1, 4, 117, 24, 0, 0, 0, 0, 2, 1, 0, 155)
3 (1, 4, 0, 0, 0, 0, 47, 0, 0, 1, 0, 177)
4 (1, 4, 184, 0, 0, 0, 97, 0, 0, 0, 0, 82)
5 (1, 4, 0, 200, 0, 0, 146, 0, 0, 1, 0, 103)
6 (1, 4, 0, 311, 0, 0, 111, 11, 1, 1, 0, 1)
7 (1, 4, 0, 84, 101, 0, 131, 64, 0, 1, 0, 24)
8 (1, 4, 0, 0, 368, 0, 146, 53, 0, 1, 0, 169)
9 (1, 4, 0, 0, 622, 0, 108, 9, 1, 0, 0, 110)
10 (1, 4, 0, 0, 873, 0, 96, 0, 0, 0, 0, 163)
11 (1, 4, 0, 0, 873, 0, 50, 0, 1, 0, 0, 172)
12 (1, 4, 0, 453, 41, 0, 0, 0, 0, 0, 0, 160)
13 (1, 4, 0, 0, 70, 0, 0, 0, 2, 1, 0, 91)
14 (1, 4, 495, 0, 77, 0, 0, 0, 1, 1, 0, 249)
15 (1, 4, 153, 0, 0, 0, 0, 0, 0, 0, 0, 245)
16 (1, 4, 99, 138, 0, 0, 7, 0, 0, 0, 0, 149)
17 (1, 4, 236, 15, 0, 0, 60, 4, 0, 0, 0, 3)
18 (1, 4, 86, 29, 0, 0, 93, 23, 0, 0, 0, 138)
19 (1, 4, 24, 88, 0, 0, 95, 39, 1, 0, 0, 89)
20 (1, 4, 25, 130, 0, 0, 70, 42, 1, 0, 0, 23)
21 (1, 4, 50, 47, 0, 0, 43, 34, 1, 1, 0, 96)
22 (1, 4, 68, 0, 0, 0, 37, 11, 1, 1, 0, 221)
23 (1, 4, 0, 0, 0, 0, 33, 0, 1, 1, 0, 3)
24 (1, 4, 0, 0, 0, 0, 28, 0, 1, 1, 0, 208)
25 (1, 4, 12, 4, 0, 0, 27, 0, 1, 1, 0, 42)
26 (1, 4, 70, 0, 0, 0, 21, 0, 1, 1, 0, 197)
27 (1, 4, 81, 0, 0, 0, 24, 0, 2, 1, 0, 242)
28 (1, 4, 94, 0, 0, 0, 25, 12, 1, 1, 0, 232)
29 (1, 4, 31, 16, 0, 0, 27, 18, 1, 1, 0, 9)
30 (1, 4, 0, 105, 0, 0, 18, 30, 1, 1, 0, 178)
31 (1, 4, 20, 200, 91, 0, 0, 36, 0, 1, 0, 171)
0 (1, 4, 0, 0, 0, 0, 6, 0, 0, 0, 0, 111)
1 (1, 4, 11, 0, 0, 0, 15, 0, 0, 0, 0, 181)
2 (1, 4, 0, 0, 0, 0, 19, 0, 0, 1, 0, 27)
3 (1, 4, 0, 0, 0, 0, 0, 0, 0, 0, 0, 126)
4 (1, 4, 29, 0, 0, 0, 56, 7, 0, 0, 0, 130)
5 (1, 4, 35, 0, 0, 0, 148, 14, 2, 2, 0, 205)
6 (1, 4, 245, 0, 0, 65, 235, 0, 2, 3, 0, 41)
7 (1, 4, 0, 204, 172, 56, 196, 0, 1, 1, 0, 90)
8 (1, 4, 0, 269, 349, 8, 98, 0, 0, 0, 0, 245)
9 (1, 4, 81, 257, 365, 0, 55, 27, 0, 0, 0, 216)
10 (1, 4, 232, 327, 380, 0, 40, 37, 1, 2, 0, 135)
11 (1, 4, 303, 372, 460, 0, 71, 34, 1, 1, 0, 40)
12 (1, 4, 0, 399, 477, 0, 82, 0, 1, 1, 0, 17)
13 (1, 4, 0, 253, 565, 0, 44, 0, 2, 1, 0, 242)
14 (1, 4, 0, 195, 873, 0, 31, 0, 2, 1, 0, 109)
15 (1, 4, 0, 344, 873, 0, 0, 0, 4, 2, 0, 89)
16 (1, 4, 26, 53, 873, 0, 17, 0, 2, 2, 0, 26)
17 (1, 4, 9, 0, 687, 0, 0, 0, 2, 1, 0, 67)
18 (1, 4, 0, 230, 316, 0, 0, 0, 1, 1, 0, 190)
19 (1, 4, 0, 145, 185, 0, 11, 16, 2, 1, 0, 197)
20 (1, 4, 0, 96, 218, 0, 5, 8, 2, 1, 0, 6)
21 (1, 4, 0, 135, 206, 0, 0, 0, 1, 1, 0, 179)
22 (1, 4, 0, 182, 85, 0, 0, 0, 1, 1, 0, 44)
23 (1, 4, 0, 186, 0, 0, 0, 0, 1, 1, 0, 11)
24 (1, 4, 0, 135, 0, 0, 2, 0, 1, 1, 0, 134)
25 (1, 4, 0, 105, 0, 0, 30, 7, 1, 1, 0, 118)
26 (1, 4, 0, 123, 0, 0, 43, 12, 1, 1, 0, 228)
27 (1, 4, 11, 96, 0, 0, 28, 20, 1, 1, 0, 85)
28 (1, 4, 148, 21, 0, 0, 40, 0, 1, 1, 0, 120)
29 (1, 4, 219, 0, 0, 0, 33, 10, 1, 0, 0, 37)
30 (1, 4, 288, 0, 0, 0, 37, 0, 1, 1, 0, 37)
31 (1, 4, 81, 0, 0, 0, 32, 6, 1, 1, 0, 209)
0 (1, 4, 0, 0, 300, 0, 0, 0, 0, 0, 0, 63)
1 (1, 4, 0, 0, 113, 0, 0, 0, 0, 0, 0, 144)
2 (1, 4, 133, 132, 161, 0, 0, 0, 0, 0, 0, 29)
3 (1, 4, 435, 63, 196, 0, 18, 0, 0, 0, 0, 109)
4 (1, 4, 426, 179, 128, 0, 42, 0, 0, 0, 0, 119)
5 (1, 4, 561, 235, 35, 0, 63, 0, 0, 0, 0, 28)
6 (1, 4, 550, 404, 0, 0, 142, 0, 0, 0, 0, 34)
7 (1, 4, 428, 417, 0, 0, 119, 31, 0, 0, 0, 165)
8 (1, 4, 391, 216, 0, 0, 120, 56, 0, 0, 0, 216)
9 (1, 4, 4, 177, 0, 0, 108, 71, 0, 0, 0, 50)
10 (1, 4, 7, 86, 18, 0, 69, 88, 0, 0, 0, 173)
11 (1, 4, 0, 0, 48, 0, 85, 86, 0, 0, 0, 160)
12 (1, 4, 0, 0, 90, 0, 83, 55, 0, 0, 0, 28)
13 (1, 4, 0, 0, 125, 0, 82, 17, 0, 0, 0, 19)
14 (1, 4, 0, 0, 137, 0, 80, 0, 0, 0, 0, 56)
15 (1, 4, 0, 0, 116, 0, 68, 0, 0, 0, 0, 163)
16 (1, 4, 0, 0, 74, 0, 50, 0, 0, 0, 0, 108)
17 (1, 4, 0, 0, 60, 0, 41, 0, 0, 0, 0, 168)
18 (1, 4, 0, 0, 47, 0, 28, 0, 0, 0, 0, 126)
19 (1, 4, 0, 0, 18, 0, 13, 0, 0, 0, 0, 117)
20 (1, 4, 20, 6, 0, 0, 6, 0, 0, 0, 0, 0)
21 (1, 4, 130, 104, 0, 0, 17, 0, 0, 0, 0, 121)
22 (1, 4, 83, 220, 0, 0, 49, 0, 0, 0, 0, 126)
23 (1, 4, 137, 207, 0, 0, 32, 0, 0, 0, 0, 43)
24 (1, 4, 347, 251, 0, 0, 69, 0, 0, 0, 0, 189)
25 (1, 4, 360, 419, 0, 0, 128, 0, 0, 0, 0, 136)
26 (1, 4, 232, 356, 0, 0, 130, 15, 0, 0, 0, 20)
27 (1, 4, 375, 180, 0, 0, 87, 37, 0, 0, 0, 124)
28 (1, 4, 187, 136, 0, 0, 112, 52, 0, 0, 0, 9)
29 (1, 4, 78, 85, 59, 0, 71, 82, 0, 0, 0, 245)
30 (1, 4, 36, 0, 79, 0, 85, 68, 0, 0, 0, 22)
0 (1, 4, 0, 0, 0, 0, 18, 0, 0, 0, 0, 9)
1 (1, 4, 0, 0, 0, 0, 9, 0, 0, 0, 0, 198)
2 (1, 4, 0, 34, 0, 0, 4, 0, 0, 0, 0, 50)
3 (1, 4, 93, 91, 0, 0, 6, 0, 1, 0, 0, 171)
4 (1, 4, 413, 20, 0, 0, 0, 0, 0, 0, 0, 116)
5 (1, 4, 572, 58, 0, 0, 16, 0, 0, 0, 0, 237)
6 (1, 4, 521, 157, 0, 0, 27, 0, 0, 0, 0, 119)
7 (1, 4, 530, 76, 0, 0, 42, 0, 0, 0, 0, 82)
8 (1, 4, 536, 0, 0, 0, 72, 0, 0, 0, 0, 49)
9 (1, 4, 530, 0, 0, 0, 88, 0, 1, 0, 0, 186)
10 (1, 4, 348, 0, 0, 0, 78, 0, 1, 0, 0, 245)
11 (1, 4, 0, 0, 0, 0, 68, 0, 0, 0, 0, 135)
12 (1, 4, 0, 56, 0, 0, 48, 0, 1, 0, 0, 132)
13 (1, 4, 0, 83, 0, 0, 41, 0, 1, 0, 0, 147)
14 (1, 4, 0, 41, 0, 0, 33, 0, 0, 0, 0, 206)
15 (1, 4, 0, 0, 72, 0, 30, 0, 0, 0, 0, 108)
16 (1, 4, 0, 0, 175, 0, 31, 0, 0, 0, 0, 4)
17 (1, 4, 0, 0, 268, 0, 31, 0, 1, 0, 0, 143)
18 (1, 4, 8, 7, 335, 0, 24, 0, 0, 0, 0, 183)
19 (1, 4, 0, 38, 307, 0, 19, 0, 0, 0, 0, 98)
20 (1, 4, 0, 92, 177, 0, 17, 0, 0, 0, 0, 237)
21 (1, 4, 0, 127, 62, 0, 16, 0, 0, 0, 0, 38)
22 (1, 4, 0, 97, 29, 0, 10, 0, 0, 0, 0, 176)
23 (1, 4, 0, 40, 43, 0, 4, 0, 0, 0, 0, 21)
24 (1, 4, 0, 10, 53, 0, 0, 0, 0, 0, 0, 235)
25 (1, 4, 0, 5, 33, 0, 0, 0, 0, 0, 0, 123)
26 (1, 4, 30, 33, 0, 0, 0, 0, 0, 0, 0, 189)
27 (1, 4, 10, 44, 0, 0, 8, 4, 0, 0, 0, 13)
28 (1, 4, 8, 15, 0, 0, 18, 8, 0, 0, 0, 34)
29 (1, 4, 38, 0, 0, 0, 26, 6, 0, 0, 0, 231)
30 (1, 4, 60, 0, 0, 0, 29, 5, 0, 0, 0, 101)
31 (1, 4, 70, 0, 0, 0, 29, 4, 0, 0, 0, 120)
0 (1, 4, 61, 2, 90, 0, 14, 0, 0, 0, 0, 181)
1 (1, 4, 57, 9, 96, 0, 12, 0, 0, 0, 0, 6)
2 (1, 4, 62, 15, 88, 0, 9, 0, 0, 0, 0, 60)
3 (1, 4, 64, 18, 62, 0, 8, 2, 0, 0, 0, 207)
4 (1, 4, 75, 13, 24, 0, 9, 6, 0, 0, 0, 254)
5 (1, 4, 34, 3, 0, 0, 21, 10, 0, 0, 0, 49)
6 (1, 4, 26, 4, 0, 0, 18, 18, 0, 0, 0, 53)
7 (1, 4, 40, 0, 0, 0, 15, 21, 0, 0, 0, 25)
8 (1, 4, 160, 0, 34, 0, 11, 38, 0, 0, 0, 90)
9 (1, 4, 263, 0, 83, 0, 34, 48, 0, 1, 0, 143)
10 (1, 4, 13, 0, 22, 0, 75, 56, 1, 0, 0, 156)
11 (1, 4, 0, 0, 0, 0, 65, 67, 1, 1, 0, 55)
12 (1, 4, 0, 0, 0, 0, 62, 61, 0, 1, 0, 127)
13 (1, 4, 0, 0, 110, 0, 61, 49, 0, 0, 0, 200)
14 (1, 4, 0, 0, 115, 0, 57, 42, 0, 0, 0, 125)
15 (1, 4, 0, 0, 64, 0, 40, 52, 0, 0, 0, 78)
16 (1, 4, 0, 0, 0, 0, 17, 50, 0, 1, 0, 34)
17 (1, 4, 0, 0, 0, 0, 0, 47, 0, 1, 0, 77)
18 (1, 4, 0, 0, 0, 0, 0, 15, 0, 0, 0, 135)
19 (1, 4, 0, 0, 0, 0, 0, 0, 0, 0, 0, 126)
20 (1, 4, 0, 0, 0, 0, 0, 0, 0, 0, 0, 126)
21 (1, 4, 0, 0, 0, 0, 0, 0, 0, 0, 0, 126)
22 (1, 4, 0, 0, 0, 0, 0, 0, 0, 1, 0, 21)
23 (1, 4, 80, 0, 0, 0, 51, 1, 0, 1, 0, 160)
24 (1, 4, 72, 0, 0, 0, 147, 0, 0, 0, 0, 189)
25 (1, 4, 208, 0, 0, 0, 242, 4, 3, 2, 0, 83)
26 (1, 4, 0, 0, 0, 0, 263, 0, 1, 2, 0, 177)
27 (1, 4, 17, 0, 0, 0, 261, 0, 2, 2, 0, 11)
28 (1, 4, 38, 135, 231, 0, 196, 0, 0, 0, 0, 66)
29 (1, 4, 47, 189, 312, 0, 146, 22, 0, 0, 0, 161)
30 (1, 4, 188, 164, 353, 0, 130, 33, 0, 0, 0, 105)
31 (1, 4, 185, 202, 386, 0, 129, 25, 0, 0, 0, 70)
0 (1, 4, 235, 0, 0, 0, 10, 7, 1, 2, 0, 211)
1 (1, 4, 88, 0, 0, 0, 22, 34, 1, 1, 0, 226)
2 (1, 4, 96, 0, 50, 0, 22, 59, 2, 1, 0, 91)
3 (1, 4, 64, 0, 213, 0, 53, 51, 2, 2, 0, 92)
4 (1, 4, 0, 0, 93, 0, 0, 77, 3, 3, 0, 146)
5 (1, 4, 0, 0, 89, 0, 33, 0, 3, 3, 0, 189)
6 (1, 4, 0, 0, 32, 0, 0, 28, 3, 3, 0, 215)
7 (1, 4, 126, 20, 4, 0, 1, 63, 1, 1, 0, 154)
8 (1, 4, 0, 0, 59, 0, 15, 65, 5, 4, 0, 141)
9 (1, 4, 0, 0, 0, 0, 0, 15, 2, 2, 0, 149)
10 (1, 4, 88, 144, 94, 0, 3, 54, 2, 2, 0, 105)
11 (1, 4, 0, 33, 56, 0, 0, 29, 4, 3, 0, 149)
12 (1, 4, 15, 0, 0, 0, 0, 19, 2, 2, 0, 131)
13 (1, 4, 190, 212, 75, 0, 0, 77, 1, 1, 0, 209)
14 (1, 4, 0, 189, 0, 0, 0, 8, 2, 1, 0, 69)
15 (1, 4, 190, 0, 0, 0, 0, 31, 1, 1, 0, 59)
16 (1, 4, 198, 169, 30, 0, 2, 34, 1, 1, 0, 82)
17 (1, 4, 261, 127, 30, 0, 6, 35, 0, 0, 0, 191)
18 (1, 4, 202, 128, 20, 0, 20, 21, 0, 0, 0, 177)
19 (1, 4, 162, 92, 9, 0, 17, 35, 0, 1, 0, 67)
20 (1, 4, 169, 0, 0, 0, 17, 32, 0, 1, 0, 228)
21 (1, 4, 165, 0, 0, 0, 20, 31, 0, 0, 0, 214)
22 (1, 4, 139, 0, 0, 0, 21, 25, 0, 0, 0, 240)
23 (1, 4, 101, 0, 0, 0, 25, 24, 0, 0, 0, 2)
24 (1, 4, 115, 0, 5, 0, 20, 18, 0, 0, 0, 4)
25 (1, 4, 121, 9, 0, 0, 25, 8, 0, 0, 0, 127)
26 (1, 4, 88, 26, 12, 0, 25, 13, 0, 0, 0, 71)
27 (1, 4, 72, 0, 0, 0, 27, 7, 0, 0, 0, 91)
28 (1, 4, 28, 0, 0, 0, 27, 3, 0, 0, 0, 127)
29 (1, 4, 15, 24, 0, 0, 24, 1, 0, 0, 0, 109)
30 (1, 4, 0, 71, 0, 0, 23, 0, 0, 0, 0, 18)
31 (1, 4, 0, 73, 0, 0, 21, 0, 1, 1, 0, 237)
0 (1, 4, 0, 187, 180, 0, 0, 1, 1, 1, 0, 79)
1 (1, 4, 392, 0, 169, 0, 0, 0, 1, 0, 0, 92)
2 (1, 4, 194, 0, 0, 0, 35, 0, 1, 0, 0, 26)
3 (1, 4, 0, 0, 0, 0, 23, 0, 0, 0, 0, 147)
4 (1, 4, 0, 66, 15, 0, 1, 0, 0, 0, 0, 176)
5 (1, 4, 0, 133, 59, 0, 0, 0, 1, 0, 0, 244)
6 (1, 4, 10, 83, 75, 0, 0, 0, 0, 0, 0, 212)
7 (1, 4, 269, 43, 122, 0, 0, 0, 0, 0, 0, 122)
8 (1, 4, 644, 137, 0, 0, 0, 0, 0, 0, 0, 80)
9 (1, 4, 817, 474, 0, 0, 48, 0, 0, 0, 0, 1)
10 (1, 4, 709, 470, 0, 0, 107, 0, 1, 1, 0, 53)
11 (1, 4, 401, 163, 0, 0, 129, 0, 1, 1, 0, 216)
12 (1, 4, 84, 123, 0, 0, 101, 6, 0, 1, 0, 78)
13 (1, 4, 99, 180, 0, 0, 68, 16, 1, 0, 0, 18)
14 (1, 4, 126, 136, 0, 0, 68, 20, 0, 0, 0, 105)
15 (1, 4, 0, 77, 24, 0, 74, 29, 0, 0, 0, 88)
16 (1, 4, 0, 0, 160, 0, 57, 27, 0, 0, 0, 30)
17 (1, 4, 0, 0, 307, 0, 53, 2, 1, 0, 0, 208)
18 (1, 4, 0, 0, 451, 0, 47, 0, 0, 0, 0, 54)
19 (1, 4, 0, 0, 512, 0, 34, 0, 0, 1, 0, 80)
20 (1, 4, 0, 0, 431, 0, 26, 0, 0, 1, 0, 168)
21 (1, 4, 0, 0, 256, 0, 18, 0, 0, 0, 0, 84)
22 (1, 4, 0, 22, 105, 0, 2, 0, 0, 0, 0, 119)
23 (1, 4, 0, 0, 26, 0, 0, 0, 0, 0, 0, 146)
24 (1, 4, 0, 0, 0, 0, 0, 0, 0, 0, 0, 126)
25 (1, 4, 0, 0, 0, 0, 0, 0, 0, 0, 0, 126)
26 (1, 4, 0, 158, 0, 0, 0, 0, 0, 0, 0, 26)
27 (1, 4, 124, 213, 0, 0, 0, 0, 0, 0, 0, 20)
28 (1, 4, 337, 188, 0, 0, 0, 0, 0, 0, 0, 208)
29 (1, 4, 523, 118, 0, 0, 12, 0, 0, 0, 0, 173)
0 (1, 4, 0, 0, 226, 47, 33, 0, 1, 1, 0, 148)
1 (1, 4, 0, 116, 358, 8, 32, 0, 1, 1, 0, 81)
2 (1, 4, 0, 234, 499, 0, 38, 0, 1, 1, 0, 152)
3 (1, 4, 0, 276, 636, 0, 56, 0, 1, 1, 0, 66)
4 (1, 4, 0, 238, 864, 0, 78, 8, 1, 1, 0, 241)
5 (1, 4, 0, 193, 873, 0, 147, 28, 1, 1, 0, 252)
6 (1, 4, 0, 18, 873, 0, 175, 59, 2, 1, 0, 121)
7 (1, 4, 0, 136, 873, 0, 162, 0, 1, 2, 0, 121)
8 (1, 4, 0, 596, 524, 0, 12, 0, 1, 1, 0, 248)
9 (1, 4, 0, 0, 333, 0, 24, 0, 1, 1, 0, 227)
10 (1, 4, 51, 0, 348, 0, 18, 0, 1, 1, 0, 14)
11 (1, 4, 0, 129, 251, 0, 0, 0, 1, 1, 0, 79)
12 (1, 4, 0, 307, 15, 0, 0, 0, 5, 5, 0, 148)
13 (1, 4, 0, 149, 0, 0, 0, 0, 2, 2, 0, 99)
14 (1, 4, 259, 76, 0, 0, 0, 0, 2, 2, 0, 150)
15 (1, 4, 544, 170, 0, 0, 8, 0, 2, 2, 0, 115)
16 (1, 4, 709, 157, 0, 0, 64, 0, 1, 2, 0, 194)
17 (1, 4, 593, 0, 0, 0, 120, 0, 1, 1, 0, 71)
18 (1, 4, 489, 0, 0, 0, 165, 0, 1, 1, 0, 243)
19 (1, 4, 531, 55, 0, 0, 147, 0, 2, 2, 0, 1)
20 (1, 4, 74, 243, 0, 0, 126, 0, 0, 1, 0, 75)
21 (1, 4, 0, 231, 0, 0, 68, 5, 1, 0, 0, 13)
22 (1, 4, 83, 20, 0, 0, 41, 7, 1, 0, 0, 122)
23 (1, 4, 169, 0, 0, 0, 38, 3, 0, 0, 0, 168)
24 (1, 4, 158, 0, 0, 0, 38, 3, 0, 1, 0, 206)
25 (1, 4, 113, 34, 144, 0, 44, 7, 1, 1, 0, 202)
26 (1, 4, 0, 171, 368, 0, 58, 6, 0, 1, 0, 237)
27 (1, 4, 0, 218, 623, 0, 53, 13, 1, 1, 0, 254)
28 (1, 4, 0, 119, 752, 0, 77, 0, 1, 0, 0, 78)
29 (1, 4, 0, 0, 520, 0, 51, 0, 0, 0, 0, 123)
30 (1, 4, 0, 0, 308, 0, 0, 0, 1, 1, 0, 245)
31 (1, 4, 0, 392, 0, 0, 0, 0, 1, 0, 0, 75)
0 (1, 4, 0, 379, 43, 0, 1, 0, 0, 0, 0, 80)
1 (1, 4, 175, 329, 16, 0, 0, 0, 0, 0, 0, 233)
2 (1, 4, 472, 163, 0, 0, 3, 0, 0, 0, 0, 224)
3 (1, 4, 714, 47, 0, 0, 10, 0, 0, 0, 0, 202)
4 (1, 4, 873, 0, 0, 0, 36, 0, 0, 0, 0, 166)
5 (1, 4, 603, 0, 0, 0, 78, 0, 0, 0, 0, 187)
6 (1, 4, 113, 0, 0, 0, 76, 7, 0, 0, 0, 245)
7 (1, 4, 0, 79, 0, 0, 47, 15, 0, 0, 0, 17)
8 (1, 4, 0, 102, 0, 0, 27, 20, 0, 0, 0, 225)
9 (1, 4, 0, 0, 138, 0, 19, 18, 1, 0, 0, 26)
10 (1, 4, 0, 0, 270, 0, 28, 6, 0, 0, 0, 133)
11 (1, 4, 0, 0, 403, 0, 32, 0, 0, 0, 0, 27)
12 (1, 4, 0, 0, 525, 0, 21, 0, 0, 0, 0, 173)
13 (1, 4, 32, 0, 511, 0, 0, 0, 0, 0, 0, 54)
14 (1, 4, 0, 0, 229, 0, 0, 0, 0, 0, 0, 64)
15 (1, 4, 0, 99, 0, 0, 5, 0, 0, 0, 0, 125)
16 (1, 4, 0, 62, 0, 0, 7, 8, 0, 0, 0, 91)
17 (1, 4, 0, 0, 0, 0, 5, 12, 0, 0, 0, 123)
18 (1, 4, 0, 1, 0, 0, 15, 20, 0, 0, 0, 196)
19 (1, 4, 0, 0, 0, 0, 10, 36, 0, 0, 0, 153)
20 (1, 4, 41, 0, 0, 0, 21, 39, 0, 0, 0, 106)
21 (1, 4, 0, 0, 0, 0, 29, 42, 0, 0, 0, 82)
22 (1, 4, 0, 0, 0, 0, 14, 37, 0, 0, 0, 165)
23 (1, 4, 0, 0, 0, 0, 0, 29, 0, 0, 0, 237)
24 (1, 4, 0, 0, 0, 0, 0, 15, 0, 0, 0, 135)
25 (1, 4, 0, 0, 0, 0, 0, 10, 0, 0, 0, 45)
26 (1, 4, 0, 0, 0, 0, 0, 11, 0, 0, 0, 242)
27 (1, 4, 0, 0, 0, 0, 0, 14, 0, 0, 0, 88)
28 (1, 4, 0, 34, 0, 0, 0, 20, 0, 0, 0, 119)
29 (1, 4, 33, 4, 0, 0, 0, 21, 0, 0, 0, 20)
30 (1, 4, 137, 0, 0, 0, 0, 18, 0, 0, 0, 127)
31 (1, 4, 154, 0, 0, 0, 0, 18, 0, 0, 0, 141)
0 (1, 4, 31, 0, 11, 31, 0, 68, 0, 0, 0, 161)
1 (1, 4, 0, 0, 2, 29, 0, 52, 0, 0, 0, 58)
2 (1, 4, 0, 9, 0, 29, 0, 38, 0, 0, 0, 121)
3 (1, 4, 0, 6, 0, 27, 0, 22, 0, 0, 0, 248)
4 (1, 4, 0, 61, 60, 27, 0, 25, 0, 0, 0, 170)
5 (1, 4, 0, 129, 187, 19, 0, 30, 0, 0, 0, 158)
6 (1, 4, 0, 147, 346, 0, 4, 28, 0, 0, 0, 35)
7 (1, 4, 0, 292, 480, 0, 0, 39, 0, 0, 0, 152)
8 (1, 4, 0, 157, 392, 0, 0, 11, 0, 1, 0, 53)
9 (1, 4, 0, 53, 541, 0, 25, 0, 1, 1, 0, 53)
10 (1, 4, 0, 97, 775, 0, 48, 0, 1, 1, 0, 9)
11 (1, 4, 12, 180, 873, 0, 20, 13, 1, 1, 0, 171)
12 (1, 4, 273, 122, 783, 0, 27, 0, 0, 0, 0, 29)
13 (1, 4, 0, 74, 163, 0, 45, 0, 0, 0, 0, 193)
14 (1, 4, 0, 124, 0, 0, 21, 0, 0, 0, 0, 40)
15 (1, 4, 0, 79, 0, 0, 0, 0, 0, 0, 0, 76)
16 (1, 4, 0, 0, 0, 0, 0, 0, 0, 0, 0, 126)
17 (1, 4, 0, 0, 0, 0, 0, 0, 0, 0, 0, 126)
18 (1, 4, 0, 54, 0, 0, 0, 0, 0, 0, 0, 106)
19 (1, 4, 0, 137, 0, 0, 0, 0, 0, 0, 0, 121)
20 (1, 4, 277, 185, 0, 0, 0, 0, 0, 0, 0, 14)
21 (1, 4, 502, 182, 0, 0, 3, 0, 0, 0, 0, 125)
22 (1, 4, 651, 89, 0, 0, 18, 0, 0, 0, 0, 158)
23 (1, 4, 668, 0, 0, 0, 37, 0, 0, 0, 0, 80)
24 (1, 4, 576, 0, 0, 0, 50, 0, 0, 0, 0, 137)
25 (1, 4, 376, 0, 0, 0, 56, 0, 1, 1, 0, 226)
26 (1, 4, 170, 0, 0, 0, 48, 0, 0, 0, 0, 72)
27 (1, 4, 26, 34, 0, 0, 32, 5, 0, 0, 0, 250)
28 (1, 4, 0, 32, 0, 0, 23, 5, 1, 0, 0, 153)
29 (1, 4, 0, 16, 23, 0, 21, 2, 0, 0, 0, 35)
0 (1, 4, 0, 0, 67, 0, 8, 32, 5, 5, 0, 115)
1 (1, 4, 0, 0, 0, 0, 7, 28, 4, 3, 0, 104)
2 (1, 4, 36, 0, 77, 0, 16, 71, 3, 3, 0, 196)
3 (1, 4, 28, 0, 47, 0, 13, 65, 3, 3, 0, 171)
4 (1, 4, 0, 150, 0, 0, 19, 44, 4, 3, 0, 171)
5 (1, 4, 65, 0, 0, 0, 6, 66, 4, 3, 0, 38)
6 (1, 4, 35, 0, 0, 0, 26, 56, 3, 3, 0, 158)
7 (1, 4, 173, 105, 39, 0, 32, 118, 3, 3, 0, 91)
8 (1, 4, 0, 0, 0, 0, 36, 81, 4, 4, 0, 253)
9 (1, 4, 119, 0, 0, 0, 17, 43, 3, 3, 0, 48)
10 (1, 4, 199, 6, 2, 0, 48, 102, 3, 3, 0, 235)
11 (1, 4, 0, 2, 65, 0, 40, 71, 4, 3, 0, 212)
12 (1, 4, 3, 0, 0, 0, 27, 67, 3, 3, 0, 155)
13 (1, 4, 101, 0, 0, 0, 28, 91, 2, 2, 0, 169)
14 (1, 4, 27, 185, 86, 0, 63, 28, 3, 2, 0, 176)
15 (1, 4, 0, 132, 0, 0, 19, 103, 3, 2, 0, 44)
16 (1, 4, 181, 0, 0, 0, 37, 47, 2, 2, 0, 167)
17 (1, 4, 45, 145, 61, 0, 60, 49, 3, 2, 0, 170)
18 (1, 4, 0, 286, 0, 0, 18, 68, 2, 2, 0, 171)
19 (1, 4, 0, 0, 0, 0, 13, 67, 2, 2, 0, 20)
20 (1, 4, 67, 0, 0, 0, 17, 57, 2, 2, 0, 76)
21 (1, 4, 0, 167, 81, 0, 32, 46, 3, 2, 0, 85)
22 (1, 4, 0, 0, 0, 0, 7, 96, 2, 2, 0, 224)
23 (1, 4, 39, 0, 0, 0, 23, 28, 2, 2, 0, 32)
24 (1, 4, 100, 96, 47, 0, 23, 57, 2, 2, 0, 86)
25 (1, 4, 0, 0, 0, 0, 23, 76, 2, 2, 0, 91)
26 (1, 4, 0, 0, 0, 0, 19, 31, 2, 3, 0, 35)
27 (1, 4, 47, 16, 0, 0, 17, 55, 2, 2, 0, 13)
28 (1, 4, 37, 18, 5, 0, 31, 63, 2, 2, 0, 252)
29 (1, 4, 0, 0, 0, 0, 20, 55, 2, 2, 0, 107)
30 (1, 4, 38, 101, 9, 0, 13, 61, 2, 1, 0, 93)
31 (1, 4, 40, 14, 20, 0, 31, 65, 2, 2, 0, 72)
0 (1, 4, 80, 55, 73, 0, 0, 9, 1, 1, 0, 89)
1 (1, 4, 124, 0, 0, 0, 0, 11, 0, 1, 0, 127)
2 (1, 4, 116, 8, 0, 0, 0, 1, 0, 1, 0, 239)
3 (1, 4, 225, 26, 0, 0, 0, 0, 1, 1, 0, 157)
4 (1, 4, 360, 19, 0, 0, 0, 0, 1, 0, 0, 153)
5 (1, 4, 364, 0, 0, 0, 0, 0, 0, 1, 0, 17)
6 (1, 4, 431, 0, 0, 0, 0, 0, 0, 0, 0, 244)
7 (1, 4, 594, 0, 0, 0, 0, 0, 0, 0, 0, 15)
8 (1, 4, 268, 0, 0, 0, 0, 0, 0, 0, 0, 52)
9 (1, 4, 143, 0, 0, 0, 12, 0, 0, 0, 0, 19)
10 (1, 4, 159, 0, 0, 0, 71, 0, 0, 0, 0, 163)
11 (1, 4, 18, 23, 0, 0, 103, 23, 0, 0, 0, 94)
12 (1, 4, 34, 0, 0, 0, 98, 49, 0, 0, 0, 237)
13 (1, 4, 0, 10, 0, 0, 93, 75, 0, 0, 0, 173)
14 (1, 4, 0, 0, 100, 0, 54, 75, 0, 0, 0, 117)
15 (1, 4, 0, 0, 210, 0, 25, 24, 0, 0, 0, 32)
16 (1, 4, 0, 0, 290, 0, 0, 0, 0, 0, 0, 242)
17 (1, 4, 0, 0, 371, 0, 0, 8, 0, 0, 0, 8)
18 (1, 4, 0, 0, 382, 0, 38, 9, 0, 0, 0, 189)
19 (1, 4, 0, 0, 678, 0, 56, 0, 1, 1, 0, 250)
20 (1, 4, 0, 0, 734, 0, 40, 0, 2, 1, 0, 31)
21 (1, 4, 0, 0, 780, 0, 89, 0, 1, 1, 0, 85)
22 (1, 4, 0, 0, 678, 0, 63, 0, 1, 1, 0, 146)
23 (1, 4, 0, 117, 307, 0, 14, 0, 1, 1, 0, 143)
24 (1, 4, 0, 39, 209, 0, 15, 0, 1, 1, 0, 255)
25 (1, 4, 0, 0, 167, 0, 22, 0, 1, 1, 0, 9)
26 (1, 4, 0, 0, 149, 0, 5, 0, 1, 1, 0, 169)
27 (1, 4, 0, 51, 127, 0, 0, 0, 1, 1, 0, 47)
28 (1, 4, 15, 52, 79, 0, 3, 4, 1, 1, 0, 8)
29 (1, 4, 42, 64, 32, 0, 7, 15, 1, 1, 0, 48)
30 (1, 4, 102, 79, 0, 0, 14, 27, 0, 0, 0, 169)
31 (1, 4, 148, 95, 0, 0, 25, 33, 1, 0, 0, 193)
0 (1, 4, 0, 146, 0, 0, 6, 76, 3, 3, 0, 163)
1 (1, 4, 58, 133, 103, 0, 5, 103, 4, 4, 0, 242)
2 (1, 4, 0, 0, 0, 0, 2, 29, 3, 3, 0, 4)
3 (1, 4, 0, 0, 0, 0, 11, 53, 2, 2, 0, 254)
4 (1, 4, 148, 301, 151, 0, 0, 46, 4, 3, 0, 150)
5 (1, 4, 0, 0, 0, 0, 0, 59, 5, 6, 0, 16)
6 (1, 4, 18, 0, 0, 0, 23, 7, 3, 3, 0, 103)
7 (1, 4, 56, 57, 92, 0, 12, 52, 4, 3, 0, 253)
8 (1, 4, 50, 257, 34, 0, 42, 20, 5, 6, 0, 204)
9 (1, 4, 89, 0, 7, 0, 13, 31, 5, 5, 0, 208)
10 (1, 4, 0, 0, 0, 0, 24, 30, 5, 5, 0, 226)
11 (1, 4, 0, 0, 0, 0, 15, 34, 3, 3, 0, 212)
12 (1, 4, 0, 54, 0, 0, 20, 37, 3, 3, 0, 28)
13 (1, 4, 0, 34, 0, 0, 8, 50, 3, 2, 0, 171)
14 (1, 4, 0, 0, 0, 0, 7, 44, 2, 2, 0, 58)
15 (1, 4, 0, 0, 0, 0, 5, 44, 2, 2, 0, 200)
16 (1, 4, 0, 0, 0, 0, 2, 46, 1, 1, 0, 2)
17 (1, 4, 0, 0, 0, 0, 2, 42, 1, 1, 0, 119)
18 (1, 4, 0, 4, 0, 0, 1, 45, 1, 1, 0, 53)
19 (1, 4, 0, 0, 0, 0, 0, 44, 0, 1, 0, 43)
20 (1, 4, 0, 5, 0, 0, 0, 43, 0, 1, 0, 87)
21 (1, 4, 16, 0, 0, 0, 0, 47, 1, 1, 0, 207)
22 (1, 4, 4, 0, 0, 0, 1, 45, 1, 1, 0, 215)
23 (1, 4, 19, 0, 5, 0, 3, 49, 0, 1, 0, 11)
24 (1, 4, 0, 0, 1, 0, 3, 46, 0, 1, 0, 141)
25 (1, 4, 5, 0, 0, 0, 0, 50, 0, 1, 0, 232)
26 (1, 4, 0, 0, 0, 0, 0, 44, 0, 1, 0, 43)
27 (1, 4, 0, 21, 0, 0, 0, 49, 0, 1, 0, 182)
28 (1, 4, 0, 0, 0, 0, 0, 50, 0, 0, 0, 181)
29 (1, 4, 0, 0, 0, 0, 0, 47, 1, 1, 0, 47)
0 (1, 4, 4, 0, 1, 0, 5, 46, 0, 1, 0, 164)
1 (1, 4, 109, 0, 98, 0, 0, 81, 1, 1, 0, 28)
2 (1, 4, 0, 214, 0, 0, 57, 71, 6, 7, 0, 17)
3 (1, 4, 282, 0, 0, 0, 25, 0, 4, 4, 0, 233)
4 (1, 4, 0, 0, 0, 0, 15, 40, 2, 3, 0, 229)
5 (1, 4, 53, 113, 0, 0, 0, 102, 3, 3, 0, 201)
6 (1, 4, 0, 230, 226, 0, 50, 0, 3, 3, 0, 51)
7 (1, 4, 46, 0, 0, 0, 0, 28, 3, 4, 0, 172)
8 (1, 4, 0, 96, 0, 0, 13, 26, 2, 3, 0, 157)
9 (1, 4, 39, 61, 68, 0, 0, 84, 3, 2, 0, 218)
10 (1, 4, 0, 15, 15, 0, 57, 21, 2, 2, 0, 205)
11 (1, 4, 35, 0, 0, 0, 9, 22, 2, 3, 0, 117)
12 (1, 4, 8, 192, 0, 0, 18, 61, 2, 2, 0, 219)
13 (1, 4, 6, 212, 144, 0, 3, 77, 2, 2, 0, 113)
14 (1, 4, 0, 111, 0, 0, 12, 52, 2, 2, 0, 185)
15 (1, 4, 56, 0, 0, 0, 7, 16, 2, 2, 0, 128)
16 (1, 4, 0, 198, 1, 0, 7, 51, 1, 1, 0, 170)
17 (1, 4, 0, 52, 19, 0, 6, 51, 0, 1, 0, 173)
18 (1, 4, 0, 0, 0, 0, 2, 35, 0, 1, 0, 32)
19 (1, 4, 0, 20, 15, 0, 2, 35, 0, 0, 0, 169)
20 (1, 4, 0, 19, 17, 0, 0, 40, 0, 1, 0, 12)
21 (1, 4, 0, 0, 24, 0, 0, 40, 0, 0, 0, 246)
22 (1, 4, 0, 0, 28, 0, 7, 39, 0, 0, 0, 57)
23 (1, 4, 0, 15, 75, 0, 6, 39, 1, 1, 0, 153)
24 (1, 4, 0, 7, 55, 0, 3, 37, 0, 1, 0, 243)
25 (1, 4, 3, 0, 14, 0, 2, 33, 0, 1, 0, 70)
26 (1, 4, 12, 0, 0, 0, 6, 32, 0, 1, 0, 237)
27 (1, 4, 6, 0, 0, 0, 8, 33, 0, 1, 0, 142)
28 (1, 4, 6, 0, 0, 0, 11, 38, 0, 1, 0, 22)
29 (1, 4, 0, 15, 0, 0, 11, 37, 0, 1, 0, 229)
0 (1, 4, 2, 0, 0, 0, 0, 37, 0, 1, 0, 2)
1 (1, 4, 15, 0, 0, 0, 0, 48, 1, 2, 0, 226)
2 (1, 4, 39, 0, 0, 0, 0, 36, 3, 3, 0, 92)
3 (1, 4, 134, 0, 0, 0, 0, 40, 4, 4, 0, 32)
4 (1, 4, 0, 0, 0, 0, 3, 48, 3, 3, 0, 156)
5 (1, 4, 0, 38, 0, 0, 8, 32, 3, 4, 0, 102)
6 (1, 4, 0, 83, 155, 0, 0, 85, 6, 5, 0, 122)
7 (1, 4, 0, 285, 0, 0, 28, 23, 3, 3, 0, 90)
8 (1, 4, 0, 0, 0, 0, 14, 0, 2, 3, 0, 215)
9 (1, 4, 52, 80, 109, 0, 0, 102, 5, 6, 0, 72)
10 (1, 4, 92, 16, 33, 0, 1, 58, 3, 3, 0, 23)
11 (1, 4, 0, 0, 0, 0, 0, 18, 2, 2, 0, 6)
12 (1, 4, 6, 135, 33, 0, 0, 89, 1, 1, 0, 153)
13 (1, 4, 4, 0, 0, 0, 0, 52, 2, 1, 0, 238)
14 (1, 4, 0, 50, 0, 0, 0, 42, 2, 1, 0, 237)
15 (1, 4, 0, 50, 0, 0, 0, 53, 1, 1, 0, 97)
16 (1, 4, 2, 35, 7, 0, 0, 42, 1, 1, 0, 102)
17 (1, 4, 13, 52, 42, 0, 0, 43, 0, 1, 0, 106)
18 (1, 4, 0, 73, 44, 0, 0, 37, 0, 1, 0, 135)
19 (1, 4, 4, 120, 68, 0, 0, 30, 0, 1, 0, 238)
20 (1, 4, 25, 81, 57, 0, 0, 31, 0, 1, 0, 95)
21 (1, 4, 22, 68, 52, 0, 2, 22, 1, 1, 0, 216)
22 (1, 4, 14, 91, 47, 0, 2, 23, 0, 1, 0, 93)
23 (1, 4, 52, 5, 13, 0, 3, 27, 0, 1, 0, 199)
24 (1, 4, 21, 0, 0, 0, 5, 22, 0, 1, 0, 70)
25 (1, 4, 0, 28, 3, 0, 5, 19, 0, 0, 0, 226)
26 (1, 4, 18, 62, 40, 0, 6, 20, 0, 1, 0, 187)
27 (1, 4, 43, 66, 54, 0, 8, 16, 0, 0, 0, 215)
28 (1, 4, 28, 77, 56, 0, 11, 8, 0, 0, 0, 20)
29 (1, 4, 19, 47, 29, 0, 11, 7, 0, 0, 0, 175)
0 (1, 4, 0, 0, 0, 3, 0, 39, 0, 0, 0, 237)
1 (1, 4, 0, 0, 0, 0, 0, 42, 0, 0, 0, 140)
2 (1, 4, 0, 0, 0, 0, 0, 47, 0, 0, 0, 38)
3 (1, 4, 0, 0, 98, 0, 2, 43, 0, 0, 0, 139)
4 (1, 4, 0, 0, 221, 0, 28, 16, 0, 0, 0, 9)
5 (1, 4, 0, 0, 370, 0, 39, 0, 1, 0, 0, 113)
6 (1, 4, 0, 0, 496, 0, 60, 0, 0, 0, 0, 2)
7 (1, 4, 0, 0, 619, 0, 80, 0, 0, 0, 0, 89)
8 (1, 4, 0, 0, 714, 0, 104, 0, 1, 0, 0, 233)
9 (1, 4, 0, 0, 709, 0, 93, 0, 0, 0, 0, 192)
10 (1, 4, 0, 0, 196, 0, 0, 0, 1, 1, 0, 35)
11 (1, 4, 0, 306, 199, 0, 0, 7, 1, 1, 0, 160)
12 (1, 4, 177, 0, 91, 0, 25, 0, 0, 0, 0, 252)
13 (1, 4, 0, 0, 0, 0, 36, 0, 0, 0, 0, 144)
14 (1, 4, 0, 0, 0, 0, 14, 0, 0, 0, 0, 174)
15 (1, 4, 0, 62, 37, 0, 0, 0, 0, 0, 0, 237)
16 (1, 4, 0, 38, 38, 0, 0, 0, 0, 0, 0, 132)
17 (1, 4, 0, 0, 65, 0, 0, 0, 0, 0, 0, 17)
18 (1, 4, 30, 83, 88, 0, 0, 0, 0, 0, 0, 200)
19 (1, 4, 184, 192, 111, 0, 0, 0, 0, 0, 0, 226)
20 (1, 4, 383, 248, 129, 0, 8, 0, 0, 0, 0, 190)
21 (1, 4, 584, 301, 104, 0, 24, 0, 0, 0, 0, 133)
22 (1, 4, 777, 305, 0, 0, 34, 0, 0, 0, 0, 10)
23 (1, 4, 873, 173, 0, 0, 42, 0, 0, 0, 0, 105)
24 (1, 4, 873, 2, 0, 0, 81, 0, 0, 0, 0, 195)
25 (1, 4, 644, 0, 0, 0, 99, 0, 0, 0, 0, 203)
26 (1, 4, 237, 50, 0, 0, 74, 0, 0, 0, 0, 132)
27 (1, 4, 0, 103, 0, 0, 45, 5, 1, 0, 0, 163)
28 (1, 4, 0, 35, 0, 0, 25, 9, 0, 0, 0, 108)
29 (1, 4, 0, 0, 14, 0, 25, 4, 0, 0, 0, 251)
30 (1, 4, 0, 0, 158, 0, 32, 0, 1, 0, 0, 82)
0 (1, 4, 0, 0, 237, 0, 18, 0, 0, 0, 0, 139)
1 (1, 4, 0, 0, 245, 0, 8, 0, 0, 0, 0, 254)
2 (1, 4, 0, 0, 133, 0, 1, 8, 0, 0, 0, 214)
3 (1, 4, 0, 0, 1, 0, 11, 0, 0, 0, 0, 160)
4 (1, 4, 0, 0, 51, 0, 5, 17, 0, 1, 0, 185)
5 (1, 4, 0, 0, 53, 0, 10, 28, 1, 1, 0, 67)
6 (1, 4, 0, 0, 93, 0, 8, 48, 1, 2, 0, 139)
7 (1, 4, 0, 0, 203, 0, 28, 0, 4, 4, 0, 240)
8 (1, 4, 0, 0, 46, 0, 4, 22, 7, 7, 0, 142)
9 (1, 4, 95, 0, 39, 0, 13, 0, 5, 5, 0, 32)
10 (1, 4, 0, 0, 0, 0, 21, 33, 3, 3, 0, 4)
11 (1, 4, 50, 81, 77, 0, 0, 90, 4, 4, 0, 126)
12 (1, 4, 0, 124, 0, 0, 39, 56, 3, 3, 0, 209)
13 (1, 4, 18, 0, 0, 0, 15, 15, 2, 2, 0, 192)
14 (1, 4, 105, 160, 42, 0, 0, 120, 3, 3, 0, 38)
15 (1, 4, 0, 0, 0, 0, 29, 81, 3, 3, 0, 242)
16 (1, 4, 50, 87, 0, 0, 37, 34, 2, 2, 0, 56)
17 (1, 4, 25, 133, 51, 0, 30, 79, 1, 2, 0, 233)
18 (1, 4, 0, 0, 0, 0, 21, 52, 1, 2, 0, 210)
19 (1, 4, 0, 15, 0, 0, 20, 47, 1, 1, 0, 248)
20 (1, 4, 0, 9, 0, 0, 21, 48, 1, 1, 0, 28)
21 (1, 4, 0, 37, 2, 0, 22, 40, 1, 1, 0, 42)
22 (1, 4, 0, 40, 12, 0, 15, 37, 1, 1, 0, 70)
23 (1, 4, 0, 46, 0, 0, 13, 39, 0, 1, 0, 58)
24 (1, 4, 0, 0, 0, 0, 18, 41, 0, 1, 0, 246)
25 (1, 4, 33, 0, 0, 0, 21, 41, 0, 1, 0, 87)
26 (1, 4, 13, 0, 0, 0, 22, 43, 0, 1, 0, 234)
27 (1, 4, 28, 0, 4, 0, 20, 47, 0, 1, 0, 221)
28 (1, 4, 43, 0, 25, 0, 22, 43, 0, 1, 0, 94)
29 (1, 4, 4, 2, 17, 0, 20, 45, 0, 1, 0, 44)
0 (1, 4, 0, 1, 0, 0, 21, 33, 1, 1, 0, 163)
1 (1, 4, 52, 0, 23, 0, 16, 42, 3, 3, 0, 151)
2 (1, 4, 0, 0, 19, 0, 36, 48, 3, 3, 0, 61)
3 (1, 4, 52, 0, 0, 0, 13, 24, 4, 4, 0, 39)
4 (1, 4, 0, 0, 0, 0, 28, 42, 3, 3, 0, 48)
5 (1, 4, 2, 27, 0, 0, 14, 71, 2, 2, 0, 252)
6 (1, 4, 88, 57, 189, 0, 23, 47, 10, 7, 0, 186)
7 (1, 4, 0, 0, 0, 0, 0, 47, 3, 3, 0, 61)
8 (1, 4, 61, 35, 0, 0, 28, 48, 2, 2, 0, 194)
9 (1, 4, 44, 93, 90, 0, 42, 51, 3, 2, 0, 130)
10 (1, 4, 0, 0, 0, 0, 7, 49, 3, 3, 0, 160)
11 (1, 4, 108, 54, 0, 0, 22, 30, 2, 2, 0, 31)
12 (1, 4, 42, 194, 121, 0, 33, 54, 3, 2, 0, 210)
13 (1, 4, 0, 0, 0, 0, 0, 56, 2, 2, 0, 244)
14 (1, 4, 36, 32, 0, 0, 24, 32, 2, 2, 0, 180)
15 (1, 4, 60, 3, 37, 0, 13, 53, 2, 2, 0, 108)
16 (1, 4, 26, 0, 0, 0, 8, 42, 2, 2, 0, 211)
17 (1, 4, 77, 11, 0, 0, 13, 37, 2, 2, 0, 152)
18 (1, 4, 137, 0, 17, 0, 15, 46, 2, 2, 0, 194)
19 (1, 4, 117, 0, 1, 0, 27, 38, 1, 1, 0, 217)
20 (1, 4, 135, 17, 15, 0, 31, 30, 1, 1, 0, 28)
21 (1, 4, 197, 4, 14, 0, 34, 32, 1, 1, 0, 148)
22 (1, 4, 208, 0, 11, 0, 34, 26, 1, 1, 0, 115)
23 (1, 4, 197, 0, 5, 0, 41, 21, 1, 1, 0, 219)
24 (1, 4, 169, 0, 2, 0, 45, 15, 0, 1, 0, 57)
25 (1, 4, 186, 0, 11, 0, 49, 11, 0, 0, 0, 90)
26 (1, 4, 126, 0, 8, 0, 53, 9, 0, 0, 0, 31)
27 (1, 4, 81, 0, 4, 0, 52, 10, 0, 0, 0, 127)
28 (1, 4, 62, 6, 3, 0, 52, 10, 0, 0, 0, 57)
29 (1, 4, 56, 0, 4, 0, 51, 10, 0, 0, 0, 39)
30 (1, 4, 59, 0, 12, 0, 50, 7, 0, 0, 0, 176)
31 (1, 4, 37, 0, 0, 0, 50, 10, 0, 0, 0, 166)
0 (1, 4, 2, 0, 24, 0, 43, 26, 3, 4, 0, 107)
1 (1, 4, 0, 0, 0, 0, 28, 61, 4, 5, 0, 164)
2 (1, 4, 41, 0, 0, 0, 29, 21, 4, 4, 0, 68)
3 (1, 4, 0, 0, 0, 0, 44, 26, 2, 3, 0, 168)
4 (1, 4, 5, 51, 83, 0, 22, 70, 2, 2, 0, 3)
5 (1, 4, 0, 53, 18, 0, 45, 38, 2, 3, 0, 160)
6 (1, 4, 0, 0, 0, 0, 22, 20, 2, 2, 0, 94)
7 (1, 4, 94, 38, 0, 0, 12, 79, 2, 2, 0, 186)
8 (1, 4, 0, 76, 97, 0, 52, 33, 4, 5, 0, 95)
9 (1, 4, 0, 0, 0, 0, 13, 33, 2, 3, 0, 34)
10 (1, 4, 133, 37, 0, 0, 17, 80, 2, 3, 0, 227)
11 (1, 4, 0, 176, 99, 0, 44, 15, 3, 3, 0, 175)
12 (1, 4, 0, 0, 0, 0, 14, 53, 2, 2, 0, 100)
13 (1, 4, 174, 0, 39, 0, 17, 56, 2, 2, 0, 149)
14 (1, 4, 0, 168, 83, 0, 51, 36, 2, 2, 0, 244)
15 (1, 4, 0, 0, 0, 0, 14, 45, 2, 2, 0, 93)
16 (1, 4, 108, 47, 56, 0, 26, 47, 2, 2, 0, 202)
17 (1, 4, 0, 1, 9, 0, 37, 52, 2, 2, 0, 97)
18 (1, 4, 0, 0, 0, 0, 28, 27, 2, 2, 0, 148)
19 (1, 4, 40, 0, 0, 0, 32, 43, 2, 2, 0, 251)
20 (1, 4, 0, 15, 19, 0, 36, 35, 1, 2, 0, 150)
21 (1, 4, 0, 14, 18, 0, 30, 44, 1, 2, 0, 245)
22 (1, 4, 0, 0, 0, 0, 29, 41, 1, 1, 0, 61)
23 (1, 4, 0, 0, 0, 0, 29, 39, 1, 1, 0, 27)
24 (1, 4, 0, 0, 0, 0, 31, 38, 1, 1, 0, 54)
25 (1, 4, 0, 21, 0, 0, 29, 39, 1, 1, 0, 21)
26 (1, 4, 0, 23, 0, 0, 28, 41, 1, 1, 0, 39)
27 (1, 4, 0, 13, 0, 0, 28, 41, 1, 1, 0, 152)
28 (1, 4, 0, 4, 0, 0, 28, 42, 1, 1, 0, 248)
29 (1, 4, 0, 0, 0, 0, 30, 44, 1, 1, 0, 28)
0 (1, 4, 0, 0, 11, 0, 16, 65, 2, 1, 0, 201)
1 (1, 4, 82, 0, 0, 0, 25, 27, 2, 1, 0, 198)
2 (1, 4, 105, 35, 0, 0, 28, 42, 1, 1, 0, 8)
3 (1, 4, 10, 61, 60, 0, 43, 48, 3, 2, 0, 75)
4 (1, 4, 0, 0, 0, 0, 15, 37, 2, 2, 0, 206)
5 (1, 4, 32, 65, 0, 0, 30, 28, 2, 2, 0, 132)
6 (1, 4, 82, 123, 54, 0, 21, 47, 2, 2, 0, 229)
7 (1, 4, 0, 73, 23, 0, 37, 43, 2, 1, 0, 116)
8 (1, 4, 0, 0, 0, 0, 18, 21, 1, 1, 0, 121)
9 (1, 4, 53, 59, 0, 0, 25, 49, 1, 0, 0, 85)
10 (1, 4, 0, 81, 74, 0, 41, 28, 1, 0, 0, 218)
11 (1, 4, 0, 0, 0, 0, 16, 29, 1, 0, 0, 10)
12 (1, 4, 73, 56, 0, 0, 29, 23, 1, 0, 0, 229)
13 (1, 4, 79, 79, 98, 0, 36, 26, 3, 1, 0, 22)
14 (1, 4, 0, 68, 18, 0, 29, 21, 1, 1, 0, 217)
15 (1, 4, 0, 8, 0, 0, 24, 19, 1, 0, 0, 94)
16 (1, 4, 64, 9, 0, 0, 26, 20, 1, 0, 0, 131)
17 (1, 4, 27, 35, 0, 0, 27, 17, 0, 0, 0, 37)
18 (1, 4, 9, 0, 0, 0, 25, 20, 0, 0, 0, 155)
19 (1, 4, 38, 0, 0, 0, 22, 18, 0, 0, 0, 99)
20 (1, 4, 29, 0, 0, 0, 27, 20, 0, 0, 0, 177)
21 (1, 4, 0, 0, 0, 0, 28, 20, 0, 0, 0, 127)
22 (1, 4, 0, 6, 0, 0, 26, 20, 0, 0, 0, 217)
23 (1, 4, 0, 16, 0, 0, 24, 20, 0, 0, 0, 253)
24 (1, 4, 0, 9, 0, 0, 24, 22, 0, 0, 0, 35)
25 (1, 4, 0, 1, 0, 0, 22, 21, 0, 0, 0, 38)
26 (1, 4, 0, 26, 3, 0, 22, 20, 0, 0, 0, 72)
27 (1, 4, 0, 0, 0, 0, 19, 23, 0, 0, 0, 176)
28 (1, 4, 0, 3, 0, 0, 21, 20, 0, 0, 0, 31)
29 (1, 4, 0, 15, 6, 0, 20, 21, 0, 0, 0, 161)
0 (1, 4, 347, 0, 7, 0, 35, 2, 2, 1, 0, 2)
1 (1, 4, 138, 0, 18, 0, 33, 30, 3, 2, 0, 166)
2 (1, 4, 51, 0, 0, 0, 27, 24, 3, 2, 0, 205)
3 (1, 4, 91, 7, 40, 0, 30, 33, 2, 1, 0, 177)
4 (1, 4, 23, 15, 7, 0, 33, 30, 4, 2, 0, 56)
5 (1, 4, 0, 138, 87, 0, 54, 3, 2, 2, 0, 45)
6 (1, 4, 0, 343, 254, 0, 18, 22, 2, 3, 0, 44)
7 (1, 4, 0, 185, 14, 0, 14, 8, 2, 4, 0, 66)
8 (1, 4, 15, 0, 0, 0, 19, 0, 2, 3, 0, 83)
9 (1, 4, 0, 0, 0, 0, 41, 0, 2, 3, 0, 178)
10 (1, 4, 0, 41, 0, 0, 21, 0, 1, 1, 0, 172)
11 (1, 4, 8, 0, 0, 0, 20, 0, 1, 1, 0, 97)
12 (1, 4, 229, 0, 0, 0, 4, 39, 0, 0, 0, 66)
13 (1, 4, 232, 0, 0, 0, 33, 18, 0, 0, 0, 75)
14 (1, 4, 63, 0, 0, 0, 41, 17, 0, 0, 0, 186)
15 (1, 4, 0, 132, 76, 0, 40, 32, 0, 0, 0, 209)
16 (1, 4, 0, 125, 140, 0, 31, 21, 1, 0, 0, 166)
17 (1, 4, 0, 0, 19, 0, 12, 3, 1, 1, 0, 247)
18 (1, 4, 171, 0, 64, 0, 29, 0, 2, 2, 0, 249)
19 (1, 4, 0, 0, 0, 0, 42, 9, 2, 2, 0, 103)
20 (1, 4, 0, 0, 0, 0, 21, 30, 2, 2, 0, 134)
21 (1, 4, 0, 0, 0, 0, 20, 5, 2, 2, 0, 160)
22 (1, 4, 20, 0, 5, 0, 20, 38, 1, 1, 0, 110)
23 (1, 4, 88, 0, 50, 0, 23, 51, 1, 1, 0, 57)
24 (1, 4, 0, 0, 7, 0, 31, 38, 1, 1, 0, 211)
25 (1, 4, 0, 0, 21, 0, 21, 44, 1, 1, 0, 227)
26 (1, 4, 0, 12, 30, 0, 22, 42, 1, 1, 0, 202)
27 (1, 4, 0, 46, 33, 0, 31, 42, 1, 2, 0, 184)
28 (1, 4, 0, 21, 20, 0, 26, 42, 1, 1, 0, 28)
29 (1, 4, 0, 0, 4, 0, 20, 44, 1, 1, 0, 113)
0 (1, 4, 186, 621, 89, 0, 59, 0, 0, 0, 0, 30)
1 (1, 4, 261, 693, 215, 0, 44, 0, 0, 0, 0, 245)
2 (1, 4, 279, 738, 262, 0, 36, 0, 0, 0, 0, 148)
3 (1, 4, 441, 749, 281, 0, 44, 0, 0, 0, 0, 68)
4 (1, 4, 466, 728, 196, 0, 35, 0, 0, 0, 0, 83)
5 (1, 4, 355, 766, 81, 0, 37, 0, 0, 0, 0, 79)
6 (1, 4, 389, 800, 76, 0, 17, 0, 0, 0, 0, 80)
7 (1, 4, 480, 717, 54, 0, 4, 5, 0, 0, 0, 13)
8 (1, 4, 351, 483, 0, 0, 0, 56, 0, 0, 0, 170)
9 (1, 4, 222, 101, 0, 0, 0, 87, 0, 0, 0, 253)
10 (1, 4, 0, 11, 0, 0, 0, 92, 0, 0, 0, 28)
11 (1, 4, 0, 0, 0, 0, 0, 59, 0, 0, 0, 128)
12 (1, 4, 0, 0, 50, 0, 0, 17, 0, 0, 0, 220)
13 (1, 4, 0, 0, 138, 0, 0, 0, 0, 0, 0, 28)
14 (1, 4, 0, 0, 117, 0, 0, 0, 0, 0, 0, 206)
15 (1, 4, 0, 0, 86, 0, 0, 0, 0, 0, 0, 139)
16 (1, 4, 0, 0, 49, 0, 0, 0, 0, 0, 0, 107)
17 (1, 4, 0, 0, 0, 0, 0, 0, 1, 0, 0, 28)
18 (1, 4, 0, 0, 0, 0, 0, 0, 0, 0, 0, 126)
19 (1, 4, 0, 0, 0, 0, 0, 0, 0, 0, 0, 126)
20 (1, 4, 0, 0, 2, 0, 0, 0, 1, 0, 0, 51)
21 (1, 4, 0, 0, 30, 0, 10, 0, 0, 0, 0, 255)
22 (1, 4, 0, 0, 122, 0, 2, 0, 0, 0, 0, 101)
23 (1, 4, 0, 0, 209, 0, 0, 0, 0, 0, 0, 159)
24 (1, 4, 0, 0, 259, 0, 3, 0, 0, 0, 0, 19)
25 (1, 4, 0, 0, 256, 0, 16, 0, 0, 0, 0, 166)
26 (1, 4, 0, 0, 203, 0, 42, 0, 0, 0, 0, 77)
27 (1, 4, 0, 0, 48, 0, 5, 0, 0, 0, 0, 101)
28 (1, 4, 0, 0, 199, 0, 0, 0, 0, 0, 0, 145)
29 (1, 4, 20, 0, 304, 0, 0, 0, 0, 0, 0, 122)
0 (1, 4, 0, 0, 0, 0, 23, 28, 0, 0, 0, 223)
1 (1, 4, 0, 16, 0, 0, 27, 28, 0, 0, 0, 156)
2 (1, 4, 0, 62, 4, 0, 24, 39, 0, 0, 0, 113)
3 (1, 4, 0, 54, 0, 0, 31, 39, 0, 0, 0, 244)
4 (1, 4, 0, 20, 0, 0, 30, 37, 0, 0, 0, 155)
5 (1, 4, 0, 0, 0, 0, 22, 33, 0, 0, 0, 148)
6 (1, 4, 0, 0, 0, 0, 13, 26, 0, 0, 0, 165)
7 (1, 4, 0, 0, 0, 0, 27, 29, 0, 0, 0, 34)
8 (1, 4, 0, 0, 0, 0, 12, 35, 0, 0, 0, 155)
9 (1, 4, 117, 0, 61, 0, 28, 40, 0, 0, 0, 253)
10 (1, 4, 63, 0, 122, 0, 41, 40, 0, 0, 0, 20)
11 (1, 4, 0, 0, 49, 0, 27, 29, 0, 0, 0, 55)
12 (1, 4, 0, 0, 0, 0, 17, 25, 0, 0, 0, 100)
13 (1, 4, 0, 0, 0, 0, 7, 22, 0, 0, 0, 9)
14 (1, 4, 0, 10, 0, 0, 0, 25, 0, 0, 0, 70)
15 (1, 4, 12, 0, 0, 0, 0, 38, 0, 0, 0, 91)
16 (1, 4, 39, 0, 0, 0, 11, 51, 0, 1, 0, 166)
17 (1, 4, 0, 0, 0, 0, 7, 58, 0, 1, 0, 92)
18 (1, 4, 0, 0, 0, 0, 9, 51, 0, 0, 0, 210)
19 (1, 4, 0, 29, 0, 0, 8, 54, 0, 0, 0, 188)
20 (1, 4, 54, 31, 45, 0, 7, 46, 0, 0, 0, 202)
21 (1, 4, 10, 28, 32, 0, 6, 40, 0, 0, 0, 190)
22 (1, 4, 0, 49, 11, 0, 19, 15, 0, 0, 0, 152)
23 (1, 4, 0, 159, 34, 0, 6, 8, 0, 0, 0, 133)
24 (1, 4, 63, 215, 24, 0, 4, 32, 0, 0, 0, 99)
25 (1, 4, 348, 37, 30, 0, 36, 40, 0, 0, 0, 231)
26 (1, 4, 8, 166, 0, 0, 30, 32, 0, 1, 0, 229)
27 (1, 4, 29, 146, 0, 0, 0, 47, 0, 0, 0, 141)
28 (1, 4, 150, 128, 0, 0, 0, 57, 0, 1, 0, 130)
29 (1, 4, 83, 141, 0, 0, 0, 63, 1, 1, 0, 90)
30 (1, 4, 184, 119, 0, 0, 0, 61, 1, 1, 0, 37)
31 (1, 4, 159, 0, 0, 0, 1, 61, 2, 2, 0, 136)
0 (1, 4, 0, 0, 0, 0, 20, 18, 0, 0, 0, 114)
1 (1, 4, 0, 0, 0, 0, 70, 0, 0, 0, 0, 117)
2 (1, 4, 307, 87, 75, 0, 70, 0, 0, 0, 0, 94)
3 (1, 4, 0, 582, 201, 0, 0, 221, 0, 0, 0, 249)
4 (1, 4, 0, 0, 0, 0, 0, 36, 0, 0, 0, 170)
5 (1, 4, 108, 0, 0, 0, 0, 5, 0, 0, 0, 210)
6 (1, 4, 0, 0, 0, 0, 0, 29, 0, 0, 0, 237)
7 (1, 4, 0, 0, 0, 0, 0, 30, 0, 0, 0, 139)
8 (1, 4, 0, 82, 39, 0, 0, 8, 0, 0, 0, 0)
9 (1, 4, 0, 85, 64, 0, 0, 10, 0, 0, 0, 91)
10 (1, 4, 93, 34, 76, 0, 0, 1, 0, 0, 0, 56)
11 (1, 4, 224, 0, 63, 0, 2, 0, 0, 0, 0, 15)
12 (1, 4, 215, 15, 43, 0, 5, 0, 0, 0, 0, 250)
13 (1, 4, 216, 14, 13, 0, 6, 0, 0, 0, 0, 17)
14 (1, 4, 216, 0, 19, 0, 7, 0, 0, 0, 0, 222)
15 (1, 4, 198, 25, 15, 0, 6, 0, 0, 0, 0, 233)
16 (1, 4, 96, 133, 0, 0, 17, 5, 0, 0, 0, 8)
17 (1, 4, 24, 119, 0, 0, 11, 19, 0, 0, 0, 51)
18 (1, 4, 3, 0, 0, 0, 0, 23, 0, 0, 0, 172)
19 (1, 4, 0, 12, 0, 0, 0, 15, 0, 0, 0, 238)
20 (1, 4, 0, 37, 0, 0, 0, 18, 0, 0, 0, 185)
21 (1, 4, 0, 0, 0, 0, 0, 6, 0, 0, 0, 178)
22 (1, 4, 0, 0, 0, 0, 0, 0, 0, 0, 0, 126)
23 (1, 4, 0, 0, 0, 0, 2, 0, 0, 0, 0, 140)
24 (1, 4, 0, 0, 0, 0, 2, 0, 0, 0, 0, 140)
25 (1, 4, 0, 0, 23, 0, 0, 0, 0, 0, 0, 228)
26 (1, 4, 0, 75, 0, 0, 0, 18, 0, 0, 0, 252)
27 (1, 4, 0, 23, 0, 0, 0, 32, 0, 0, 0, 188)
28 (1, 4, 0, 18, 0, 0, 0, 6, 0, 0, 0, 190)
29 (1, 4, 0, 7, 0, 0, 0, 0, 0, 0, 0, 124)
30 (1, 4, 0, 122, 0, 0, 0, 0, 0, 0, 0, 128)
31 (1, 4, 89, 133, 0, 0, 0, 0, 0, 0, 0, 7)
0 (1, 4, 0, 455, 0, 3, 20, 3, 0, 0, 0, 58)
1 (1, 4, 20, 454, 0, 0, 8, 44, 0, 0, 0, 137)
2 (1, 4, 12, 388, 0, 0, 0, 70, 0, 0, 0, 129)
3 (1, 4, 0, 323, 0, 0, 0, 42, 0, 0, 0, 50)
4 (1, 4, 130, 634, 91, 34, 0, 247, 0, 0, 0, 190)
5 (1, 4, 0, 0, 31, 0, 1, 201, 0, 0, 0, 219)
6 (1, 4, 0, 0, 0, 35, 0, 95, 0, 0, 0, 217)
7 (1, 4, 0, 0, 0, 45, 0, 48, 0, 1, 0, 21)
8 (1, 4, 0, 0, 0, 48, 0, 0, 0, 1, 0, 11)
9 (1, 4, 0, 42, 0, 65, 0, 0, 0, 1, 0, 195)
10 (1, 4, 71, 196, 0, 62, 0, 10, 0, 1, 0, 25)
11 (1, 4, 212, 0, 93, 0, 0, 197, 0, 1, 0, 198)
12 (1, 4, 0, 0, 25, 53, 0, 68, 0, 0, 0, 100)
13 (1, 4, 4, 0, 0, 45, 0, 39, 0, 0, 0, 134)
14 (1, 4, 43, 0, 0, 53, 0, 0, 0, 0, 0, 166)
15 (1, 4, 0, 21, 0, 51, 0, 0, 0, 0, 0, 79)
16 (1, 4, 355, 514, 133, 98, 0, 161, 0, 1, 0, 38)
17 (1, 4, 34, 0, 0, 48, 0, 169, 0, 0, 0, 165)
18 (1, 4, 0, 0, 4, 55, 0, 60, 0, 0, 0, 142)
19 (1, 4, 46, 0, 0, 46, 0, 21, 0, 0, 0, 199)
20 (1, 4, 0, 0, 0, 44, 0, 0, 0, 0, 0, 19)
21 (1, 4, 35, 134, 68, 60, 0, 0, 0, 0, 0, 34)
22 (1, 4, 339, 393, 135, 74, 0, 148, 0, 1, 0, 165)
23 (1, 4, 0, 0, 84, 10, 0, 178, 1, 1, 0, 42)
24 (1, 4, 0, 0, 0, 26, 0, 71, 0, 0, 0, 25)
25 (1, 4, 0, 0, 0, 34, 0, 19, 0, 0, 0, 28)
26 (1, 4, 0, 0, 0, 42, 0, 0, 0, 0, 0, 81)
27 (1, 4, 0, 174, 0, 64, 0, 0, 0, 0, 0, 108)
28 (1, 4, 442, 397, 202, 0, 0, 166, 0, 0, 0, 100)
29 (1, 4, 0, 0, 0, 9, 0, 139, 0, 0, 0, 159)
30 (1, 4, 0, 0, 0, 25, 0, 43, 0, 0, 0, 67)
31 (1, 4, 0, 0, 0, 52, 0, 0, 0, 0, 0, 28)
0 (1, 4, 762, 861, 873, 0, 26, 125, 1, 1, 0, 185)
1 (1, 4, 873, 227, 641, 0, 24, 14, 1, 1, 0, 100)
2 (1, 4, 116, 341, 0, 0, 0, 60, 0, 0, 0, 109)
3 (1, 4, 454, 171, 0, 0, 39, 104, 1, 0, 0, 101)
4 (1, 4, 14, 104, 0, 0, 66, 120, 0, 0, 0, 237)
5 (1, 4, 0, 0, 0, 0, 24, 88, 0, 0, 0, 70)
6 (1, 4, 90, 0, 0, 0, 39, 31, 1, 0, 0, 86)
7 (1, 4, 0, 0, 62, 0, 46, 10, 1, 0, 0, 222)
8 (1, 4, 0, 0, 161, 0, 34, 7, 0, 0, 0, 9)
9 (1, 4, 0, 0, 206, 0, 31, 1, 1, 1, 0, 67)
10 (1, 4, 0, 0, 199, 0, 37, 0, 1, 1, 0, 15)
11 (1, 4, 0, 0, 160, 0, 26, 0, 0, 1, 0, 172)
12 (1, 4, 0, 0, 100, 0, 20, 0, 0, 1, 0, 40)
13 (1, 4, 0, 0, 95, 0, 20, 0, 1, 1, 0, 204)
14 (1, 4, 0, 0, 105, 0, 18, 0, 0, 1, 0, 79)
15 (1, 4, 0, 0, 109, 0, 19, 0, 0, 1, 0, 104)
16 (1, 4, 0, 0, 107, 0, 14, 0, 1, 1, 0, 165)
17 (1, 4, 0, 25, 98, 0, 12, 0, 0, 1, 0, 122)
18 (1, 4, 0, 45, 81, 0, 14, 0, 0, 1, 0, 203)
19 (1, 4, 0, 65, 78, 0, 18, 11, 0, 0, 0, 133)
20 (1, 4, 0, 66, 73, 0, 15, 18, 0, 0, 0, 128)
21 (1, 4, 0, 65, 51, 0, 10, 19, 0, 0, 0, 244)
22 (1, 4, 37, 44, 11, 0, 4, 31, 0, 0, 0, 234)
23 (1, 4, 100, 43, 0, 0, 12, 23, 0, 0, 0, 67)
24 (1, 4, 93, 81, 0, 0, 21, 25, 0, 0, 0, 255)
25 (1, 4, 35, 67, 0, 0, 28, 24, 0, 0, 0, 110)
26 (1, 4, 0, 18, 0, 0, 31, 18, 0, 0, 0, 52)
27 (1, 4, 0, 0, 0, 0, 33, 15, 0, 0, 0, 243)
28 (1, 4, 0, 0, 0, 0, 33, 10, 0, 0, 0, 89)
29 (1, 4, 0, 0, 0, 0, 34, 8, 0, 0, 0, 107)
0 (1, 4, 0, 71, 78, 48, 11, 0, 0, 0, 0, 157)
1 (1, 4, 0, 137, 178, 50, 7, 0, 0, 0, 0, 110)
2 (1, 4, 4, 322, 364, 21, 1, 0, 0, 0, 0, 26)
3 (1, 4, 0, 333, 435, 0, 34, 0, 0, 0, 0, 173)
4 (1, 4, 0, 237, 537, 0, 44, 0, 0, 0, 0, 32)
5 (1, 4, 0, 360, 869, 0, 63, 0, 1, 1, 0, 105)
6 (1, 4, 75, 183, 873, 0, 31, 57, 2, 1, 0, 59)
7 (1, 4, 0, 0, 771, 0, 42, 38, 1, 2, 0, 197)
8 (1, 4, 0, 0, 442, 0, 0, 0, 1, 2, 0, 116)
9 (1, 4, 0, 115, 419, 0, 0, 56, 1, 1, 0, 254)
10 (1, 4, 0, 0, 362, 0, 0, 30, 0, 1, 0, 43)
11 (1, 4, 0, 0, 300, 0, 0, 4, 1, 1, 0, 67)
12 (1, 4, 0, 72, 180, 0, 0, 0, 1, 1, 0, 105)
13 (1, 4, 0, 96, 24, 0, 0, 0, 1, 1, 0, 245)
14 (1, 4, 0, 88, 0, 0, 0, 0, 0, 0, 0, 47)
15 (1, 4, 102, 81, 0, 0, 0, 0, 0, 0, 0, 67)
16 (1, 4, 266, 106, 0, 0, 13, 0, 0, 0, 0, 212)
17 (1, 4, 316, 125, 0, 0, 25, 0, 0, 0, 0, 210)
18 (1, 4, 256, 113, 0, 0, 36, 0, 0, 0, 0, 7)
19 (1, 4, 242, 105, 0, 0, 39, 0, 0, 0, 0, 251)
20 (1, 4, 249, 82, 0, 0, 39, 0, 0, 0, 0, 81)
21 (1, 4, 179, 39, 0, 0, 43, 0, 0, 0, 0, 217)
22 (1, 4, 88, 41, 0, 0, 37, 2, 0, 0, 0, 141)
23 (1, 4, 55, 35, 0, 0, 28, 3, 0, 0, 0, 168)
24 (1, 4, 55, 16, 0, 0, 26, 6, 0, 0, 0, 104)
25 (1, 4, 41, 13, 112, 0, 26, 4, 0, 0, 0, 162)
26 (1, 4, 0, 26, 227, 0, 27, 0, 0, 0, 0, 65)
27 (1, 4, 0, 101, 333, 0, 9, 0, 0, 0, 0, 56)
28 (1, 4, 0, 0, 315, 0, 0, 0, 0, 0, 0, 165)
29 (1, 4, 0, 0, 226, 0, 1, 0, 0, 0, 0, 220)
30 (1, 4, 0, 64, 189, 0, 0, 0, 0, 0, 0, 251)
31 (1, 4, 0, 36, 136, 0, 0, 0, 0, 0, 0, 43)
0 (1, 4, 120, 0, 873, 0, 44, 80, 1, 1, 0, 218)
1 (1, 4, 0, 0, 616, 0, 49, 0, 0, 1, 0, 231)
2 (1, 4, 0, 94, 572, 0, 0, 19, 1, 1, 0, 253)
3 (1, 4, 0, 109, 486, 0, 7, 0, 0, 0, 0, 83)
4 (1, 4, 0, 0, 377, 0, 0, 0, 0, 0, 0, 113)
5 (1, 4, 0, 0, 236, 0, 0, 0, 0, 0, 0, 104)
6 (1, 4, 0, 0, 5, 0, 0, 0, 0, 0, 0, 180)
7 (1, 4, 0, 12, 0, 0, 0, 0, 0, 0, 0, 23)
8 (1, 4, 83, 0, 0, 0, 0, 0, 0, 0, 0, 5)
9 (1, 4, 328, 0, 0, 0, 29, 0, 0, 0, 0, 91)
10 (1, 4, 376, 0, 0, 0, 61, 0, 0, 0, 0, 113)
11 (1, 4, 286, 39, 0, 0, 62, 0, 0, 0, 0, 80)
12 (1, 4, 214, 127, 0, 0, 58, 0, 0, 0, 0, 12)
13 (1, 4, 165, 135, 0, 0, 70, 1, 0, 0, 0, 77)
14 (1, 4, 39, 53, 0, 0, 59, 5, 0, 0, 0, 55)
15 (1, 4, 116, 18, 0, 0, 48, 8, 0, 0, 0, 134)
16 (1, 4, 124, 0, 0, 0, 46, 0, 0, 0, 0, 69)
17 (1, 4, 66, 3, 0, 0, 37, 0, 0, 0, 0, 164)
18 (1, 4, 26, 19, 72, 0, 28, 0, 0, 0, 0, 171)
19 (1, 4, 4, 9, 166, 0, 23, 0, 0, 0, 0, 211)
20 (1, 4, 5, 22, 248, 0, 21, 0, 0, 0, 0, 182)
21 (1, 4, 14, 45, 326, 0, 20, 0, 0, 0, 0, 133)
22 (1, 4, 46, 88, 346, 0, 13, 0, 0, 0, 0, 173)
23 (1, 4, 24, 137, 261, 0, 13, 0, 0, 0, 0, 37)
24 (1, 4, 0, 132, 166, 0, 13, 0, 0, 0, 0, 128)
25 (1, 4, 0, 73, 61, 0, 5, 0, 0, 0, 0, 150)
26 (1, 4, 0, 24, 21, 0, 2, 0, 0, 0, 0, 235)
27 (1, 4, 0, 4, 16, 0, 0, 0, 0, 0, 0, 219)
28 (1, 4, 0, 0, 5, 0, 0, 0, 0, 0, 0, 180)
29 (1, 4, 0, 0, 0, 0, 0, 0, 0, 0, 0, 126)
0 (1, 4, 0, 0, 0, 0, 168, 144, 1, 1, 0, 214)
1 (1, 4, 0, 0, 0, 0, 42, 53, 0, 0, 0, 152)
2 (1, 4, 615, 0, 186, 0, 0, 0, 0, 0, 0, 253)
3 (1, 4, 81, 119, 0, 0, 132, 22, 1, 1, 0, 250)
4 (1, 4, 0, 0, 0, 0, 3, 0, 2, 2, 0, 231)
5 (1, 4, 649, 146, 35, 0, 0, 0, 1, 1, 0, 80)
6 (1, 4, 0, 0, 0, 0, 111, 157, 1, 1, 0, 208)
7 (1, 4, 0, 0, 0, 0, 0, 0, 1, 1, 0, 119)
8 (1, 4, 301, 282, 17, 0, 121, 47, 1, 1, 0, 55)
9 (1, 4, 0, 0, 0, 0, 27, 27, 1, 1, 0, 231)
10 (1, 4, 296, 131, 34, 0, 0, 0, 3, 3, 0, 216)
11 (1, 4, 15, 62, 34, 0, 76, 79, 2, 2, 0, 196)
12 (1, 4, 0, 0, 0, 0, 0, 1, 1, 0, 0, 195)
13 (1, 4, 191, 119, 41, 0, 0, 9, 2, 1, 0, 120)
14 (1, 4, 0, 159, 34, 0, 34, 27, 1, 1, 0, 215)
15 (1, 4, 0, 0, 0, 0, 2, 20, 0, 0, 0, 42)
16 (1, 4, 0, 85, 0, 0, 12, 3, 0, 0, 0, 183)
17 (1, 4, 0, 52, 0, 0, 1, 15, 0, 0, 0, 135)
18 (1, 4, 40, 27, 0, 0, 11, 9, 0, 0, 0, 188)
19 (1, 4, 22, 51, 0, 0, 7, 14, 0, 0, 0, 143)
20 (1, 4, 72, 7, 0, 0, 6, 13, 0, 0, 0, 212)
21 (1, 4, 45, 4, 0, 0, 12, 8, 0, 0, 0, 237)
22 (1, 4, 171, 0, 7, 0, 1, 0, 0, 0, 0, 82)
23 (1, 4, 196, 29, 0, 0, 10, 9, 0, 0, 0, 97)
24 (1, 4, 0, 0, 0, 0, 36, 51, 0, 0, 0, 132)
25 (1, 4, 0, 0, 0, 0, 33, 32, 0, 0, 0, 171)
26 (1, 4, 160, 0, 84, 0, 0, 0, 0, 0, 0, 118)
27 (1, 4, 399, 185, 0, 0, 20, 0, 0, 0, 0, 241)
28 (1, 4, 0, 0, 0, 0, 55, 92, 0, 0, 0, 151)
29 (1, 4, 40, 0, 69, 0, 0, 0, 0, 0, 0, 248)
30 (1, 4, 387, 489, 157, 0, 76, 0, 1, 1, 0, 17)
31 (1, 4, 0, 0, 0, 0, 25, 47, 0, 0, 0, 27)
0 (1, 4, 0, 0, 0, 0, 0, 0, 0, 0, 0, 126)
1 (1, 4, 466, 336, 132, 0, 72, 0, 1, 0, 0, 13)
2 (1, 4, 0, 0, 0, 0, 43, 80, 0, 0, 0, 175)
3 (1, 4, 182, 80, 7, 0, 0, 0, 0, 0, 0, 111)
4 (1, 4, 176, 361, 0, 0, 92, 33, 1, 1, 0, 36)
5 (1, 4, 0, 0, 0, 0, 33, 0, 0, 0, 0, 10)
6 (1, 4, 451, 287, 136, 0, 0, 0, 1, 0, 0, 232)
7 (1, 4, 0, 20, 0, 0, 58, 124, 1, 0, 0, 180)
8 (1, 4, 0, 0, 0, 0, 0, 0, 0, 0, 0, 126)
9 (1, 4, 479, 238, 61, 0, 0, 0, 0, 0, 0, 233)
10 (1, 4, 0, 0, 0, 0, 69, 107, 0, 0, 0, 150)
11 (1, 4, 0, 0, 73, 0, 0, 0, 0, 0, 0, 173)
12 (1, 4, 492, 331, 87, 0, 0, 0, 1, 0, 0, 97)
13 (1, 4, 0, 0, 0, 0, 73, 129, 0, 0, 0, 137)
14 (1, 4, 0, 0, 112, 0, 0, 0, 0, 0, 0, 4)
15 (1, 4, 570, 250, 114, 0, 0, 4, 0, 0, 0, 238)
16 (1, 4, 0, 0, 0, 0, 94, 109, 0, 0, 0, 149)
17 (1, 4, 0, 0, 139, 0, 0, 0, 0, 0, 0, 136)
18 (1, 4, 576, 338, 20, 0, 12, 0, 1, 0, 0, 248)
19 (1, 4, 0, 0, 0, 0, 71, 103, 0, 0, 0, 251)
20 (1, 4, 0, 0, 151, 0, 0, 0, 0, 0, 0, 21)
21 (1, 4, 550, 300, 0, 0, 39, 38, 1, 0, 0, 189)
22 (1, 4, 0, 0, 0, 0, 65, 79, 0, 0, 0, 161)
23 (1, 4, 0, 36, 173, 0, 0, 0, 0, 0, 0, 31)
24 (1, 4, 525, 225, 0, 0, 40, 33, 0, 0, 0, 123)
25 (1, 4, 0, 0, 0, 0, 62, 80, 0, 0, 0, 176)
26 (1, 4, 0, 162, 244, 0, 0, 0, 0, 0, 0, 5)
27 (1, 4, 364, 383, 112, 0, 19, 19, 1, 0, 0, 173)
28 (1, 4, 0, 0, 0, 0, 45, 87, 0, 0, 0, 173)
29 (1, 4, 0, 0, 104, 0, 0, 0, 0, 0, 0, 199)
30 (1, 4, 626, 318, 135, 0, 23, 5, 0, 0, 0, 217)
31 (1, 4, 0, 0, 0, 0, 67, 74, 0, 0, 0, 249)
0 (1, 4, 0, 50, 0, 0, 82, 115, 1, 1, 0, 133)
1 (1, 4, 0, 0, 0, 0, 20, 0, 0, 0, 0, 24)
2 (1, 4, 624, 176, 321, 0, 0, 0, 0, 0, 0, 68)
3 (1, 4, 98, 248, 0, 0, 88, 44, 1, 1, 0, 215)
4 (1, 4, 0, 0, 0, 0, 49, 15, 0, 0, 0, 118)
5 (1, 4, 458, 160, 237, 0, 0, 0, 1, 0, 0, 175)
6 (1, 4, 147, 373, 0, 0, 81, 33, 0, 0, 0, 171)
7 (1, 4, 0, 0, 0, 0, 46, 46, 0, 0, 0, 36)
8 (1, 4, 487, 95, 213, 0, 0, 0, 1, 0, 0, 131)
9 (1, 4, 129, 458, 0, 0, 91, 39, 0, 0, 0, 187)
10 (1, 4, 0, 0, 0, 0, 33, 26, 0, 0, 0, 138)
11 (1, 4, 455, 48, 172, 0, 0, 0, 1, 1, 0, 141)
12 (1, 4, 67, 390, 6, 0, 78, 13, 0, 0, 0, 77)
13 (1, 4, 0, 0, 0, 0, 27, 42, 0, 0, 0, 67)
14 (1, 4, 465, 0, 136, 0, 0, 0, 0, 0, 0, 67)
15 (1, 4, 225, 321, 79, 0, 83, 0, 0, 0, 0, 78)
16 (1, 4, 0, 0, 0, 0, 5, 79, 0, 0, 0, 88)
17 (1, 4, 363, 0, 21, 0, 0, 0, 0, 0, 0, 229)
18 (1, 4, 493, 394, 139, 0, 58, 0, 0, 0, 0, 22)
19 (1, 4, 0, 56, 0, 0, 25, 101, 0, 0, 0, 29)
20 (1, 4, 0, 0, 0, 0, 0, 0, 0, 0, 0, 126)
21 (1, 4, 564, 231, 170, 0, 10, 0, 0, 0, 0, 136)
22 (1, 4, 0, 398, 116, 0, 87, 3, 0, 0, 0, 43)
23 (1, 4, 0, 0, 0, 0, 0, 37, 0, 0, 0, 117)
24 (1, 4, 0, 0, 0, 0, 0, 0, 0, 0, 0, 126)
25 (1, 4, 216, 3, 0, 0, 7, 0, 0, 0, 0, 194)
26 (1, 4, 219, 238, 45, 0, 26, 1, 0, 1, 0, 174)
27 (1, 4, 141, 188, 80, 0, 23, 9, 0, 0, 0, 186)
28 (1, 4, 184, 0, 56, 0, 13, 10, 0, 0, 0, 9)
29 (1, 4, 188, 0, 0, 0, 23, 0, 0, 0, 0, 233)
30 (1, 4, 30, 0, 0, 0, 31, 0, 0, 0, 0, 230)
31 (1, 4, 0, 74, 0, 0, 14, 0, 0, 0, 0, 243)
0 (1, 4, 53, 68, 47, 0, 10, 53, 2, 2, 0, 104)
1 (1, 4, 67, 20, 83, 0, 11, 65, 1, 1, 0, 184)
2 (1, 4, 0, 0, 11, 0, 7, 50, 1, 1, 0, 211)
3 (1, 4, 0, 0, 0, 0, 2, 46, 1, 1, 0, 2)
4 (1, 4, 14, 3, 0, 0, 7, 46, 1, 1, 0, 20)
5 (1, 4, 23, 0, 0, 0, 5, 54, 1, 2, 0, 36)
6 (1, 4, 0, 0, 31, 0, 10, 36, 2, 2, 0, 173)
7 (1, 4, 355, 20, 129, 0, 6, 53, 6, 7, 0, 106)
8 (1, 4, 83, 32, 9, 0, 27, 15, 4, 5, 0, 150)
9 (1, 4, 39, 111, 57, 0, 37, 47, 3, 4, 0, 8)
10 (1, 4, 0, 0, 0, 0, 31, 44, 3, 4, 0, 97)
11 (1, 4, 0, 0, 0, 0, 24, 31, 2, 3, 0, 105)
12 (1, 4, 0, 51, 0, 0, 33, 45, 1, 1, 0, 153)
13 (1, 4, 53, 23, 43, 0, 12, 89, 0, 1, 0, 31)
14 (1, 4, 8, 0, 9, 0, 6, 52, 0, 0, 0, 48)
15 (1, 4, 0, 0, 0, 0, 12, 46, 1, 1, 0, 210)
16 (1, 4, 0, 8, 15, 0, 10, 44, 0, 1, 0, 242)
17 (1, 4, 0, 30, 32, 0, 12, 37, 1, 1, 0, 197)
18 (1, 4, 0, 167, 142, 0, 17, 0, 6, 6, 0, 73)
19 (1, 4, 239, 131, 91, 0, 9, 28, 4, 4, 0, 245)
20 (1, 4, 190, 101, 83, 0, 26, 0, 4, 4, 0, 155)
21 (1, 4, 59, 113, 29, 0, 36, 28, 4, 4, 0, 33)
22 (1, 4, 0, 0, 0, 0, 34, 12, 4, 4, 0, 58)
23 (1, 4, 0, 0, 0, 0, 25, 22, 3, 3, 0, 71)
24 (1, 4, 0, 0, 0, 0, 24, 37, 2, 1, 0, 158)
25 (1, 4, 39, 0, 0, 0, 11, 47, 1, 1, 0, 136)
26 (1, 4, 93, 0, 63, 0, 21, 51, 1, 1, 0, 139)
27 (1, 4, 0, 0, 46, 0, 14, 43, 1, 1, 0, 185)
28 (1, 4, 0, 42, 12, 0, 15, 32, 0, 1, 0, 227)
29 (1, 4, 0, 21, 0, 0, 12, 33, 0, 0, 0, 44)
30 (1, 4, 0, 63, 0, 0, 13, 27, 0, 1, 0, 3)
31 (1, 4, 0, 119, 4, 0, 5, 32, 1, 1, 0, 48)
0 (1, 4, 0, 0, 0, 0, 16, 27, 0, 0, 0, 164)
1 (1, 4, 0, 0, 0, 0, 12, 30, 0, 0, 0, 169)
2 (1, 4, 0, 0, 0, 0, 10, 32, 0, 0, 0, 236)
3 (1, 4, 6, 0, 16, 0, 8, 42, 1, 1, 0, 31)
4 (1, 4, 0, 110, 116, 0, 34, 0, 1, 1, 0, 233)
5 (1, 4, 0, 72, 148, 0, 6, 67, 3, 2, 0, 220)
6 (1, 4, 87, 0, 5, 0, 19, 12, 2, 2, 0, 116)
7 (1, 4, 138, 27, 37, 0, 31, 4, 3, 3, 0, 123)
8 (1, 4, 9, 131, 6, 0, 42, 25, 3, 3, 0, 107)
9 (1, 4, 0, 0, 2, 0, 29, 36, 3, 2, 0, 43)
10 (1, 4, 0, 0, 0, 0, 21, 16, 1, 1, 0, 187)
11 (1, 4, 1, 0, 0, 0, 25, 30, 1, 1, 0, 177)
12 (1, 4, 15, 0, 0, 0, 14, 50, 1, 1, 0, 54)
13 (1, 4, 0, 0, 0, 0, 16, 35, 0, 1, 0, 87)
14 (1, 4, 0, 0, 0, 0, 11, 34, 1, 1, 0, 37)
15 (1, 4, 12, 80, 25, 0, 11, 28, 0, 0, 0, 133)
16 (1, 4, 69, 202, 150, 0, 23, 23, 1, 1, 0, 70)
17 (1, 4, 131, 231, 66, 0, 23, 0, 2, 2, 0, 16)
18 (1, 4, 91, 56, 79, 0, 25, 0, 2, 2, 0, 232)
19 (1, 4, 34, 0, 16, 0, 41, 16, 2, 2, 0, 174)
20 (1, 4, 0, 0, 0, 0, 38, 16, 2, 2, 0, 163)
21 (1, 4, 0, 0, 0, 0, 32, 2, 2, 1, 0, 101)
22 (1, 4, 0, 0, 0, 0, 25, 29, 1, 1, 0, 217)
23 (1, 4, 35, 0, 0, 0, 13, 44, 1, 1, 0, 199)
24 (1, 4, 13, 0, 0, 0, 19, 36, 1, 1, 0, 235)
25 (1, 4, 0, 0, 0, 0, 12, 39, 1, 3, 0, 49)
26 (1, 4, 0, 19, 22, 0, 8, 37, 0, 1, 0, 104)
27 (1, 4, 0, 120, 80, 0, 7, 39, 1, 1, 0, 186)
28 (1, 4, 0, 230, 105, 0, 33, 31, 1, 1, 0, 243)
29 (1, 4, 54, 0, 71, 0, 0, 50, 2, 2, 0, 186)
30 (1, 4, 123, 0, 12, 0, 33, 0, 3, 2, 0, 84)
0 (1, 4, 0, 0, 0, 0, 10, 41, 0, 1, 0, 178)
1 (1, 4, 0, 0, 0, 0, 5, 44, 0, 1, 0, 177)
2 (1, 4, 57, 0, 32, 0, 0, 65, 1, 2, 0, 247)
3 (1, 4, 73, 223, 118, 0, 47, 0, 1, 0, 0, 22)
4 (1, 4, 0, 195, 66, 0, 19, 40, 2, 1, 0, 26)
5 (1, 4, 79, 0, 25, 0, 16, 12, 3, 2, 0, 144)
6 (1, 4, 135, 22, 81, 0, 35, 18, 3, 2, 0, 27)
7 (1, 4, 0, 0, 0, 0, 35, 34, 2, 2, 0, 242)
8 (1, 4, 0, 0, 0, 0, 33, 18, 2, 1, 0, 207)
9 (1, 4, 0, 0, 0, 0, 19, 39, 1, 0, 0, 160)
10 (1, 4, 15, 0, 0, 0, 17, 42, 2, 2, 0, 56)
11 (1, 4, 22, 0, 0, 0, 18, 42, 1, 1, 0, 54)
12 (1, 4, 0, 0, 0, 0, 18, 38, 1, 1, 0, 109)
13 (1, 4, 0, 15, 0, 0, 17, 35, 1, 1, 0, 253)
14 (1, 4, 0, 45, 3, 0, 16, 33, 1, 1, 0, 41)
15 (1, 4, 0, 35, 6, 0, 16, 32, 1, 1, 0, 56)
16 (1, 4, 0, 49, 19, 0, 21, 22, 1, 1, 0, 165)
17 (1, 4, 9, 29, 32, 0, 20, 36, 0, 1, 0, 154)
18 (1, 4, 0, 0, 20, 0, 25, 33, 1, 1, 0, 21)
19 (1, 4, 0, 3, 33, 0, 23, 33, 1, 1, 0, 86)
20 (1, 4, 0, 0, 44, 0, 23, 38, 0, 1, 0, 137)
21 (1, 4, 3, 0, 38, 0, 23, 35, 0, 1, 0, 162)
22 (1, 4, 0, 0, 35, 0, 19, 39, 0, 1, 0, 236)
23 (1, 4, 2, 0, 29, 0, 20, 38, 0, 1, 0, 11)
24 (1, 4, 0, 7, 34, 0, 24, 31, 1, 1, 0, 202)
25 (1, 4, 0, 0, 12, 0, 21, 37, 0, 1, 0, 227)
26 (1, 4, 0, 0, 0, 0, 24, 33, 0, 1, 0, 47)
27 (1, 4, 0, 2, 0, 0, 26, 33, 0, 0, 0, 219)
28 (1, 4, 0, 0, 0, 0, 27, 33, 0, 0, 0, 207)
29 (1, 4, 0, 0, 0, 0, 28, 34, 0, 0, 0, 193)
30 (1, 4, 0, 0, 0, 0, 31, 37, 0, 0, 0, 89)
31 (1, 4, 0, 0, 0, 0, 31, 35, 0, 0, 0, 149)

