0 (1, 4, 589, 752, 0, 0, 0, 0, 1, 0, 0, 59)
1 (1, 4, 466, 482, 0, 0, 0, 0, 1, 0, 0, 182)
2 (1, 4, 524, 468, 0, 0, 0, 0, 1, 0, 0, 140)
3 (1, 4, 289, 489, 0, 0, 0, 0, 1, 0, 0, 116)
4 (1, 4, 165, 552, 0, 0, 0, 0, 1, 1, 0, 47)
5 (1, 4, 97, 611, 0, 0, 27, 45, 1, 1, 0, 77)
6 (1, 4, 0, 346, 0, 0, 30, 81, 1, 1, 0, 178)
7 (1, 4, 0, 145, 0, 0, 0, 90, 1, 1, 0, 103)
8 (1, 4, 0, 131, 36, 0, 0, 88, 1, 1, 0, 114)
9 (1, 4, 0, 82, 15, 0, 0, 98, 1, 1, 0, 252)
10 (1, 4, 0, 69, 18, 0, 0, 107, 1, 1, 0, 163)
11 (1, 4, 0, 10, 0, 0, 0, 103, 1, 1, 0, 94)
12 (1, 4, 34, 0, 0, 0, 0, 78, 1, 1, 0, 207)
13 (1, 4, 0, 0, 0, 0, 0, 54, 1, 1, 0, 201)
14 (1, 4, 0, 0, 0, 6, 0, 48, 1, 1, 0, 71)
15 (1, 4, 0, 11, 0, 16, 0, 54, 1, 1, 0, 85)
16 (1, 4, 0, 32, 24, 6, 0, 72, 1, 1, 0, 155)
17 (1, 4, 0, 18, 6, 6, 0, 69, 1, 1, 0, 167)
18 (1, 4, 0, 16, 0, 7, 0, 64, 1, 1, 0, 14)
19 (1, 4, 0, 4, 0, 9, 0, 62, 1, 1, 0, 30)
20 (1, 4, 0, 12, 0, 11, 0, 57, 1, 1, 0, 128)
21 (1, 4, 4, 42, 0, 13, 0, 52, 1, 1, 0, 207)
22 (1, 4, 0, 75, 0, 11, 0, 60, 1, 1, 0, 171)
23 (1, 4, 2, 73, 0, 10, 0, 64, 1, 1, 0, 109)
24 (1, 4, 0, 55, 0, 6, 0, 62, 1, 1, 0, 192)
25 (1, 4, 0, 32, 0, 1, 0, 57, 1, 1, 0, 237)
26 (1, 4, 0, 22, 0, 1, 0, 53, 1, 1, 0, 102)
27 (1, 4, 0, 11, 0, 0, 0, 55, 1, 1, 0, 125)
28 (1, 4, 0, 0, 0, 0, 0, 54, 1, 1, 0, 201)
29 (1, 4, 0, 0, 0, 0, 0, 50, 1, 1, 0, 188)
30 (1, 4, 0, 0, 0, 0, 0, 43, 1, 1, 0, 90)
31 (1, 4, 0, 0, 0, 0, 0, 30, 1, 1, 0, 130)
0 (1, 4, 160, 24, 42, 0, 0, 0, 1, 1, 0, 26)
1 (1, 4, 552, 95, 167, 0, 0, 0, 1, 1, 0, 125)
2 (1, 4, 873, 306, 305, 0, 0, 0, 1, 1, 0, 34)
3 (1, 4, 536, 477, 187, 0, 6, 0, 1, 1, 0, 95)
4 (1, 4, 0, 360, 19, 0, 0, 3, 1, 1, 0, 194)
5 (1, 4, 0, 177, 0, 0, 0, 16, 1, 1, 0, 179)
6 (1, 4, 35, 12, 0, 0, 0, 5, 1, 1, 0, 97)
7 (1, 4, 89, 0, 0, 0, 0, 0, 1, 1, 0, 96)
8 (1, 4, 165, 86, 81, 0, 0, 0, 1, 1, 0, 214)
9 (1, 4, 197, 105, 113, 0, 0, 0, 1, 1, 0, 116)
10 (1, 4, 171, 58, 90, 0, 0, 0, 1, 1, 0, 173)
11 (1, 4, 86, 22, 30, 0, 0, 0, 1, 1, 0, 94)
12 (1, 4, 0, 2, 1, 0, 0, 0, 1, 1, 0, 142)
13 (1, 4, 4, 0, 24, 0, 0, 0, 1, 1, 0, 140)
14 (1, 4, 37, 0, 36, 0, 0, 0, 1, 1, 0, 38)
15 (1, 4, 48, 0, 34, 0, 0, 0, 1, 1, 0, 129)
16 (1, 4, 34, 0, 22, 0, 0, 0, 1, 1, 0, 162)
17 (1, 4, 0, 0, 0, 0, 0, 0, 1, 1, 0, 119)
18 (1, 4, 0, 0, 0, 0, 0, 0, 1, 1, 0, 119)
19 (1, 4, 0, 0, 0, 0, 0, 0, 1, 1, 0, 119)
20 (1, 4, 7, 1, 0, 0, 0, 0, 1, 1, 0, 232)
21 (1, 4, 0, 64, 0, 0, 0, 0, 1, 1, 0, 244)
22 (1, 4, 133, 154, 25, 0, 0, 0, 1, 1, 0, 189)
23 (1, 4, 424, 189, 60, 0, 0, 0, 1, 1, 0, 202)
24 (1, 4, 559, 108, 15, 0, 0, 0, 1, 1, 0, 159)
25 (1, 4, 533, 42, 0, 0, 0, 0, 1, 0, 0, 210)
26 (1, 4, 609, 0, 0, 0, 0, 0, 1, 0, 0, 88)
27 (1, 4, 633, 0, 0, 0, 0, 0, 2, 0, 0, 110)
28 (1, 4, 576, 0, 0, 0, 0, 3, 2, 0, 0, 81)
29 (1, 4, 556, 0, 0, 0, 0, 19, 1, 0, 0, 34)
30 (1, 4, 448, 0, 0, 0, 0, 38, 1, 0, 0, 239)
31 (1, 4, 290, 0, 0, 0, 0, 57, 1, 1, 0, 233)
0 (1, 4, 0, 117, 110, 0, 0, 0, 1, 0, 0, 155)
1 (1, 4, 0, 69, 94, 0, 0, 0, 1, 0, 0, 185)
2 (1, 4, 0, 172, 80, 0, 0, 0, 1, 0, 0, 50)
3 (1, 4, 234, 458, 136, 0, 0, 0, 1, 0, 0, 223)
4 (1, 4, 161, 679, 60, 0, 0, 0, 1, 0, 0, 175)
5 (1, 4, 94, 784, 86, 0, 0, 0, 1, 1, 0, 246)
6 (1, 4, 0, 867, 127, 0, 0, 0, 1, 2, 0, 88)
7 (1, 4, 44, 821, 137, 0, 0, 0, 1, 1, 0, 197)
8 (1, 4, 0, 782, 0, 0, 0, 0, 1, 1, 0, 91)
9 (1, 4, 0, 772, 70, 0, 0, 0, 1, 1, 0, 15)
10 (1, 4, 325, 873, 158, 0, 0, 0, 1, 1, 0, 230)
11 (1, 4, 539, 774, 54, 0, 0, 3, 1, 1, 0, 248)
12 (1, 4, 709, 556, 0, 0, 12, 35, 1, 0, 0, 49)
13 (1, 4, 341, 408, 0, 0, 24, 99, 1, 0, 0, 177)
14 (1, 4, 455, 200, 62, 0, 43, 104, 1, 0, 0, 156)
15 (1, 4, 464, 104, 79, 0, 76, 107, 1, 0, 0, 98)
16 (1, 4, 318, 43, 150, 0, 104, 87, 1, 0, 0, 104)
17 (1, 4, 275, 179, 237, 0, 94, 83, 1, 0, 0, 171)
18 (1, 4, 254, 277, 285, 0, 92, 77, 1, 0, 0, 244)
19 (1, 4, 315, 330, 286, 0, 96, 71, 1, 0, 0, 77)
20 (1, 4, 264, 371, 257, 0, 97, 58, 1, 1, 0, 158)
21 (1, 4, 131, 397, 191, 0, 90, 48, 1, 2, 0, 2)
22 (1, 4, 24, 417, 174, 0, 76, 62, 1, 2, 0, 103)
23 (1, 4, 0, 368, 146, 0, 65, 61, 1, 2, 0, 255)
24 (1, 4, 0, 374, 176, 0, 28, 79, 1, 2, 0, 211)
25 (1, 4, 0, 362, 140, 0, 19, 102, 1, 2, 0, 133)
26 (1, 4, 0, 191, 56, 0, 0, 167, 1, 2, 0, 220)
27 (1, 4, 0, 103, 21, 0, 24, 141, 1, 1, 0, 15)
28 (1, 4, 0, 77, 59, 0, 57, 119, 1, 1, 0, 186)
29 (1, 4, 0, 71, 86, 7, 34, 124, 1, 1, 0, 9)
0 (1, 4, 285, 0, 99, 0, 0, 9, 1, 1, 0, 88)
1 (1, 4, 396, 0, 0, 0, 0, 5, 1, 1, 0, 130)
2 (1, 4, 471, 0, 0, 0, 0, 0, 2, 1, 0, 133)
3 (1, 4, 464, 0, 0, 0, 0, 9, 1, 1, 0, 60)
4 (1, 4, 460, 0, 0, 0, 0, 38, 1, 0, 0, 167)
5 (1, 4, 690, 0, 0, 0, 0, 32, 1, 0, 0, 151)
6 (1, 4, 538, 0, 0, 0, 0, 47, 2, 0, 0, 106)
7 (1, 4, 396, 0, 0, 0, 0, 62, 2, 0, 0, 177)
8 (1, 4, 426, 0, 0, 0, 14, 59, 1, 0, 0, 142)
9 (1, 4, 282, 0, 0, 0, 38, 60, 1, 0, 0, 99)
10 (1, 4, 183, 0, 0, 0, 53, 58, 1, 0, 0, 55)
11 (1, 4, 66, 0, 0, 0, 59, 48, 3, 1, 0, 150)
12 (1, 4, 5, 0, 0, 0, 57, 72, 5, 3, 0, 135)
13 (1, 4, 0, 0, 0, 0, 66, 84, 5, 4, 0, 51)
14 (1, 4, 53, 10, 11, 0, 59, 94, 4, 3, 0, 246)
15 (1, 4, 47, 135, 23, 2, 75, 97, 2, 2, 0, 61)
16 (1, 4, 0, 0, 0, 0, 63, 84, 4, 3, 0, 142)
17 (1, 4, 86, 0, 0, 0, 29, 102, 5, 4, 0, 131)
18 (1, 4, 0, 6, 0, 0, 60, 98, 5, 4, 0, 120)
19 (1, 4, 112, 134, 77, 0, 65, 100, 4, 4, 0, 61)
20 (1, 4, 0, 77, 18, 4, 74, 91, 4, 4, 0, 26)
21 (1, 4, 0, 0, 0, 0, 21, 129, 5, 5, 0, 25)
22 (1, 4, 0, 31, 0, 0, 57, 88, 4, 4, 0, 198)
23 (1, 4, 78, 159, 4, 0, 54, 117, 3, 3, 0, 51)
24 (1, 4, 0, 48, 0, 0, 55, 84, 4, 4, 0, 250)
25 (1, 4, 91, 0, 0, 0, 52, 103, 4, 4, 0, 205)
26 (1, 4, 34, 92, 3, 0, 56, 105, 3, 3, 0, 22)
27 (1, 4, 0, 67, 0, 0, 68, 94, 4, 4, 0, 72)
28 (1, 4, 17, 0, 0, 0, 29, 115, 5, 4, 0, 89)
29 (1, 4, 13, 0, 0, 0, 61, 95, 4, 4, 0, 160)
0 (1, 4, 125, 31, 0, 0, 0, 0, 1, 1, 0, 79)
1 (1, 4, 90, 33, 0, 0, 0, 0, 1, 1, 0, 5)
2 (1, 4, 48, 0, 0, 0, 0, 0, 1, 1, 0, 80)
3 (1, 4, 26, 47, 0, 0, 0, 0, 1, 1, 0, 136)
4 (1, 4, 52, 218, 0, 0, 0, 0, 1, 1, 0, 85)
5 (1, 4, 20, 364, 0, 0, 0, 0, 1, 1, 0, 98)
6 (1, 4, 53, 530, 0, 0, 0, 0, 1, 1, 0, 167)
7 (1, 4, 46, 620, 15, 0, 0, 0, 1, 1, 0, 88)
8 (1, 4, 33, 748, 48, 0, 0, 0, 1, 1, 0, 219)
9 (1, 4, 136, 868, 77, 0, 0, 0, 1, 1, 0, 44)
10 (1, 4, 328, 872, 80, 0, 0, 0, 1, 1, 0, 210)
11 (1, 4, 282, 840, 5, 0, 0, 0, 0, 1, 0, 73)
12 (1, 4, 403, 717, 0, 0, 0, 1, 0, 0, 0, 215)
13 (1, 4, 280, 500, 0, 0, 0, 35, 0, 0, 0, 53)
14 (1, 4, 190, 426, 0, 0, 0, 64, 0, 0, 0, 165)
15 (1, 4, 340, 346, 0, 0, 0, 91, 0, 0, 0, 238)
16 (1, 4, 348, 116, 0, 0, 25, 121, 0, 0, 0, 152)
17 (1, 4, 338, 0, 58, 0, 31, 118, 0, 0, 0, 204)
18 (1, 4, 238, 0, 72, 0, 49, 102, 0, 0, 0, 239)
19 (1, 4, 35, 0, 71, 0, 34, 109, 0, 0, 0, 238)
20 (1, 4, 49, 0, 101, 0, 27, 112, 0, 0, 0, 96)
21 (1, 4, 0, 27, 86, 0, 22, 113, 0, 0, 0, 253)
22 (1, 4, 0, 0, 87, 0, 9, 112, 0, 0, 0, 144)
23 (1, 4, 0, 5, 90, 0, 16, 108, 0, 1, 0, 147)
24 (1, 4, 0, 0, 98, 0, 0, 111, 0, 1, 0, 34)
25 (1, 4, 0, 0, 127, 0, 13, 103, 0, 1, 0, 154)
26 (1, 4, 0, 0, 157, 0, 4, 100, 0, 1, 0, 159)
27 (1, 4, 0, 0, 161, 0, 17, 84, 0, 1, 0, 145)
28 (1, 4, 0, 0, 213, 0, 9, 61, 0, 1, 0, 32)
29 (1, 4, 0, 0, 282, 0, 0, 38, 0, 1, 0, 201)
30 (1, 4, 0, 0, 349, 0, 0, 0, 0, 2, 0, 7)
0 (1, 4, 0, 0, 63, 0, 0, 0, 1, 1, 0, 175)
1 (1, 4, 0, 0, 171, 0, 0, 0, 1, 1, 0, 127)
2 (1, 4, 10, 83, 214, 0, 0, 0, 1, 1, 0, 37)
3 (1, 4, 150, 190, 186, 0, 0, 0, 1, 1, 0, 227)
4 (1, 4, 294, 217, 98, 0, 0, 0, 1, 1, 0, 89)
5 (1, 4, 461, 107, 0, 0, 0, 0, 0, 0, 0, 140)
6 (1, 4, 718, 0, 0, 0, 0, 0, 0, 0, 0, 178)
7 (1, 4, 730, 93, 0, 0, 0, 0, 0, 0, 0, 84)
8 (1, 4, 523, 403, 0, 0, 0, 0, 0, 0, 0, 69)
9 (1, 4, 434, 370, 0, 0, 0, 0, 0, 0, 0, 250)
10 (1, 4, 421, 133, 0, 0, 0, 0, 0, 0, 0, 246)
11 (1, 4, 294, 0, 0, 0, 0, 0, 0, 0, 0, 159)
12 (1, 4, 103, 0, 0, 0, 4, 0, 0, 0, 0, 249)
13 (1, 4, 0, 0, 0, 0, 16, 10, 1, 0, 0, 202)
14 (1, 4, 0, 0, 0, 0, 21, 16, 1, 0, 0, 208)
15 (1, 4, 0, 0, 196, 0, 15, 17, 1, 1, 0, 134)
16 (1, 4, 0, 0, 386, 0, 0, 0, 1, 1, 0, 244)
17 (1, 4, 0, 0, 615, 0, 0, 0, 0, 1, 0, 79)
18 (1, 4, 0, 0, 626, 0, 0, 0, 0, 1, 0, 250)
19 (1, 4, 0, 0, 413, 0, 0, 0, 0, 1, 0, 176)
20 (1, 4, 0, 0, 60, 0, 0, 0, 0, 1, 0, 118)
21 (1, 4, 0, 0, 0, 0, 0, 0, 1, 1, 0, 119)
22 (1, 4, 0, 0, 0, 0, 0, 0, 1, 1, 0, 119)
23 (1, 4, 105, 0, 86, 0, 0, 0, 1, 1, 0, 178)
24 (1, 4, 100, 0, 148, 0, 0, 0, 1, 1, 0, 209)
25 (1, 4, 116, 192, 223, 0, 0, 0, 1, 1, 0, 79)
26 (1, 4, 308, 347, 198, 0, 0, 0, 1, 1, 0, 125)
27 (1, 4, 514, 262, 0, 0, 0, 0, 1, 1, 0, 61)
28 (1, 4, 566, 121, 0, 0, 0, 0, 1, 0, 0, 61)
29 (1, 4, 708, 180, 0, 0, 0, 0, 0, 0, 0, 166)
30 (1, 4, 625, 304, 0, 0, 0, 0, 0, 0, 0, 156)
31 (1, 4, 394, 263, 0, 0, 0, 0, 0, 0, 0, 226)
0 (1, 4, 0, 150, 8, 0, 0, 0, 1, 1, 0, 28)
1 (1, 4, 333, 230, 125, 0, 0, 0, 1, 1, 0, 65)
2 (1, 4, 517, 268, 77, 0, 0, 0, 1, 1, 0, 68)
3 (1, 4, 402, 267, 0, 0, 0, 0, 0, 1, 0, 112)
4 (1, 4, 607, 178, 0, 0, 0, 0, 0, 1, 0, 237)
5 (1, 4, 853, 38, 0, 0, 0, 0, 0, 0, 0, 82)
6 (1, 4, 822, 0, 0, 0, 0, 0, 0, 0, 0, 123)
7 (1, 4, 298, 0, 0, 0, 5, 0, 0, 0, 0, 77)
8 (1, 4, 0, 69, 0, 0, 13, 0, 0, 0, 0, 201)
9 (1, 4, 0, 115, 0, 0, 20, 11, 1, 0, 0, 14)
10 (1, 4, 57, 98, 0, 0, 10, 19, 1, 1, 0, 132)
11 (1, 4, 65, 73, 71, 0, 20, 15, 1, 1, 0, 244)
12 (1, 4, 0, 36, 139, 0, 16, 16, 1, 1, 0, 207)
13 (1, 4, 0, 0, 229, 0, 0, 11, 1, 1, 0, 197)
14 (1, 4, 0, 0, 416, 0, 0, 0, 0, 1, 0, 71)
15 (1, 4, 0, 0, 456, 0, 0, 0, 0, 1, 0, 254)
16 (1, 4, 0, 0, 488, 0, 0, 0, 0, 1, 0, 0)
17 (1, 4, 0, 0, 383, 0, 0, 0, 0, 2, 0, 214)
18 (1, 4, 0, 0, 78, 0, 0, 0, 0, 1, 0, 35)
19 (1, 4, 0, 0, 0, 0, 0, 0, 0, 1, 0, 21)
20 (1, 4, 0, 0, 21, 0, 0, 0, 0, 1, 0, 160)
21 (1, 4, 30, 0, 106, 0, 0, 0, 1, 1, 0, 85)
22 (1, 4, 180, 0, 184, 0, 0, 0, 1, 1, 0, 177)
23 (1, 4, 259, 190, 174, 0, 0, 0, 1, 1, 0, 3)
24 (1, 4, 304, 296, 30, 0, 0, 0, 1, 1, 0, 116)
25 (1, 4, 410, 203, 0, 0, 0, 0, 1, 1, 0, 5)
26 (1, 4, 605, 95, 0, 0, 0, 0, 0, 1, 0, 109)
27 (1, 4, 690, 3, 0, 0, 0, 0, 0, 0, 0, 140)
28 (1, 4, 557, 0, 0, 0, 0, 0, 0, 0, 0, 251)
29 (1, 4, 443, 62, 0, 0, 0, 0, 0, 0, 0, 139)
0 (1, 4, 40, 65, 35, 0, 0, 0, 1, 1, 0, 179)
1 (1, 4, 0, 195, 0, 0, 0, 0, 1, 1, 0, 45)
2 (1, 4, 0, 266, 0, 0, 0, 0, 1, 1, 0, 76)
3 (1, 4, 152, 288, 0, 0, 0, 0, 1, 1, 0, 213)
4 (1, 4, 349, 352, 15, 0, 0, 0, 1, 1, 0, 167)
5 (1, 4, 553, 429, 0, 0, 0, 0, 0, 1, 0, 82)
6 (1, 4, 735, 422, 0, 0, 0, 0, 0, 0, 0, 205)
7 (1, 4, 758, 296, 0, 0, 0, 0, 0, 0, 0, 113)
8 (1, 4, 603, 184, 0, 0, 0, 0, 0, 0, 0, 96)
9 (1, 4, 324, 135, 0, 0, 11, 0, 0, 0, 0, 132)
10 (1, 4, 0, 89, 0, 0, 15, 3, 0, 0, 0, 85)
11 (1, 4, 0, 77, 0, 0, 0, 11, 0, 0, 0, 173)
12 (1, 4, 0, 30, 0, 0, 0, 11, 0, 0, 0, 151)
13 (1, 4, 0, 0, 84, 0, 0, 7, 0, 0, 0, 183)
14 (1, 4, 0, 0, 195, 0, 0, 0, 0, 2, 0, 25)
15 (1, 4, 0, 0, 308, 0, 0, 0, 0, 3, 0, 65)
16 (1, 4, 0, 6, 379, 0, 0, 0, 0, 3, 0, 84)
17 (1, 4, 0, 0, 348, 0, 0, 0, 0, 3, 0, 248)
18 (1, 4, 0, 0, 164, 0, 0, 0, 0, 2, 0, 249)
19 (1, 4, 0, 0, 0, 0, 0, 0, 0, 2, 0, 168)
20 (1, 4, 0, 0, 0, 0, 0, 0, 0, 2, 0, 168)
21 (1, 4, 0, 0, 0, 0, 0, 0, 0, 1, 0, 21)
22 (1, 4, 0, 0, 0, 0, 0, 0, 1, 1, 0, 119)
23 (1, 4, 0, 0, 18, 0, 0, 0, 1, 1, 0, 39)
24 (1, 4, 23, 79, 5, 0, 0, 0, 0, 1, 0, 39)
25 (1, 4, 103, 197, 0, 0, 0, 0, 0, 1, 0, 156)
26 (1, 4, 232, 215, 0, 0, 0, 0, 0, 1, 0, 223)
27 (1, 4, 282, 167, 0, 0, 0, 0, 0, 1, 0, 90)
28 (1, 4, 294, 137, 0, 0, 0, 0, 0, 0, 0, 152)
29 (1, 4, 295, 125, 0, 0, 0, 0, 0, 0, 0, 109)
30 (1, 4, 210, 115, 0, 0, 0, 0, 0, 0, 0, 230)
0 (1, 4, 0, 32, 127, 70, 91, 0, 1, 1, 0, 212)
1 (1, 4, 0, 171, 214, 46, 57, 0, 1, 1, 0, 184)
2 (1, 4, 0, 268, 308, 19, 32, 0, 1, 1, 0, 162)
3 (1, 4, 0, 352, 346, 0, 4, 0, 1, 1, 0, 122)
4 (1, 4, 0, 482, 397, 0, 0, 0, 1, 1, 0, 101)
5 (1, 4, 0, 657, 502, 0, 0, 0, 1, 2, 0, 117)
6 (1, 4, 0, 747, 730, 0, 0, 0, 1, 2, 0, 112)
7 (1, 4, 0, 829, 802, 0, 0, 0, 1, 2, 0, 171)
8 (1, 4, 0, 504, 558, 0, 0, 0, 1, 2, 0, 52)
9 (1, 4, 65, 382, 208, 0, 0, 31, 1, 1, 0, 110)
10 (1, 4, 0, 42, 0, 0, 0, 105, 1, 0, 0, 209)
11 (1, 4, 197, 0, 0, 0, 0, 70, 1, 0, 0, 63)
12 (1, 4, 0, 0, 0, 0, 0, 57, 1, 0, 0, 91)
13 (1, 4, 0, 7, 0, 0, 0, 28, 1, 1, 0, 57)
14 (1, 4, 0, 29, 0, 0, 0, 18, 1, 1, 0, 160)
15 (1, 4, 51, 0, 0, 0, 0, 6, 1, 2, 0, 51)
16 (1, 4, 85, 0, 0, 0, 0, 0, 1, 1, 0, 40)
17 (1, 4, 28, 0, 0, 0, 0, 0, 1, 1, 0, 223)
18 (1, 4, 0, 0, 0, 0, 0, 3, 1, 1, 0, 17)
19 (1, 4, 0, 31, 0, 0, 0, 6, 1, 1, 0, 107)
20 (1, 4, 0, 57, 24, 0, 0, 9, 1, 1, 0, 36)
21 (1, 4, 0, 83, 94, 0, 0, 10, 1, 1, 0, 87)
22 (1, 4, 0, 120, 155, 0, 0, 10, 1, 1, 0, 62)
23 (1, 4, 0, 138, 156, 0, 0, 13, 1, 1, 0, 132)
24 (1, 4, 0, 116, 115, 0, 0, 15, 1, 1, 0, 181)
25 (1, 4, 0, 66, 61, 0, 0, 17, 1, 1, 0, 98)
26 (1, 4, 0, 12, 4, 0, 0, 15, 1, 1, 0, 185)
27 (1, 4, 0, 0, 0, 0, 0, 11, 1, 1, 0, 251)
28 (1, 4, 11, 0, 0, 0, 0, 8, 1, 1, 0, 255)
29 (1, 4, 12, 0, 0, 0, 0, 6, 1, 1, 0, 243)
30 (1, 4, 19, 0, 0, 0, 0, 4, 1, 1, 0, 240)
0 (1, 4, 34, 0, 0, 121, 64, 0, 1, 1, 0, 154)
1 (1, 4, 17, 77, 32, 113, 62, 0, 1, 1, 0, 180)
2 (1, 4, 0, 101, 49, 100, 55, 4, 1, 1, 0, 153)
3 (1, 4, 0, 67, 52, 88, 45, 10, 1, 1, 0, 44)
4 (1, 4, 0, 88, 56, 74, 37, 0, 1, 1, 0, 159)
5 (1, 4, 0, 129, 115, 47, 28, 0, 1, 1, 0, 233)
6 (1, 4, 0, 157, 218, 30, 8, 0, 1, 1, 0, 161)
7 (1, 4, 0, 249, 300, 9, 1, 0, 1, 1, 0, 143)
8 (1, 4, 0, 443, 407, 0, 0, 0, 1, 1, 0, 109)
9 (1, 4, 0, 770, 517, 0, 0, 0, 1, 1, 0, 66)
10 (1, 4, 0, 698, 515, 0, 0, 23, 1, 1, 0, 7)
11 (1, 4, 0, 554, 578, 0, 0, 69, 1, 1, 0, 39)
12 (1, 4, 0, 607, 709, 0, 17, 27, 1, 2, 0, 141)
13 (1, 4, 0, 344, 548, 0, 0, 11, 1, 2, 0, 232)
14 (1, 4, 0, 274, 333, 0, 0, 25, 1, 1, 0, 168)
15 (1, 4, 0, 108, 63, 0, 0, 28, 1, 0, 0, 160)
16 (1, 4, 0, 45, 0, 0, 0, 8, 1, 0, 0, 232)
17 (1, 4, 192, 86, 138, 0, 0, 0, 1, 1, 0, 220)
18 (1, 4, 325, 0, 62, 0, 0, 0, 1, 1, 0, 134)
19 (1, 4, 599, 0, 162, 0, 17, 0, 1, 1, 0, 236)
20 (1, 4, 0, 0, 0, 0, 0, 0, 1, 1, 0, 119)
21 (1, 4, 0, 0, 0, 0, 0, 0, 1, 1, 0, 119)
22 (1, 4, 127, 0, 0, 0, 0, 0, 1, 2, 0, 62)
23 (1, 4, 161, 0, 0, 0, 0, 0, 1, 2, 0, 22)
24 (1, 4, 143, 0, 0, 0, 0, 0, 1, 1, 0, 56)
25 (1, 4, 67, 0, 0, 0, 0, 0, 1, 1, 0, 236)
26 (1, 4, 0, 0, 0, 0, 0, 3, 1, 1, 0, 17)
27 (1, 4, 0, 17, 0, 0, 0, 9, 1, 1, 0, 150)
28 (1, 4, 0, 42, 0, 0, 0, 11, 1, 1, 0, 231)
29 (1, 4, 0, 129, 0, 0, 0, 6, 1, 1, 0, 15)
0 (1, 4, 327, 89, 0, 0, 0, 28, 1, 0, 0, 21)
1 (1, 4, 227, 127, 0, 0, 0, 59, 1, 0, 0, 58)
2 (1, 4, 0, 140, 0, 0, 0, 70, 1, 0, 0, 253)
3 (1, 4, 0, 79, 0, 0, 0, 81, 1, 0, 0, 103)
4 (1, 4, 0, 100, 0, 0, 0, 103, 1, 0, 0, 112)
5 (1, 4, 0, 29, 0, 0, 0, 99, 1, 0, 0, 35)
6 (1, 4, 0, 0, 0, 0, 0, 84, 1, 0, 0, 255)
7 (1, 4, 0, 36, 0, 0, 0, 69, 1, 1, 0, 128)
8 (1, 4, 0, 102, 18, 0, 0, 71, 1, 1, 0, 135)
9 (1, 4, 460, 124, 331, 0, 0, 41, 1, 1, 0, 221)
10 (1, 4, 68, 0, 92, 0, 0, 56, 1, 1, 0, 56)
11 (1, 4, 0, 0, 0, 0, 0, 67, 1, 1, 0, 84)
12 (1, 4, 101, 0, 0, 0, 0, 67, 1, 1, 0, 44)
13 (1, 4, 34, 0, 0, 0, 0, 68, 1, 1, 0, 156)
14 (1, 4, 0, 0, 0, 0, 0, 78, 1, 1, 0, 20)
15 (1, 4, 74, 0, 0, 0, 0, 86, 1, 1, 0, 200)
16 (1, 4, 128, 0, 0, 0, 0, 91, 1, 1, 0, 120)
17 (1, 4, 30, 22, 0, 0, 0, 120, 1, 1, 0, 200)
18 (1, 4, 127, 46, 89, 0, 0, 141, 1, 1, 0, 35)
19 (1, 4, 72, 3, 65, 0, 0, 153, 1, 2, 0, 232)
20 (1, 4, 0, 9, 162, 0, 0, 173, 1, 2, 0, 135)
21 (1, 4, 0, 0, 210, 0, 0, 138, 1, 3, 0, 34)
22 (1, 4, 0, 0, 18, 0, 6, 55, 1, 2, 0, 234)
23 (1, 4, 0, 0, 54, 0, 0, 0, 1, 2, 0, 58)
24 (1, 4, 0, 0, 328, 0, 0, 0, 1, 1, 0, 109)
25 (1, 4, 0, 327, 0, 0, 7, 108, 1, 2, 0, 189)
26 (1, 4, 0, 0, 0, 0, 0, 92, 1, 1, 0, 126)
27 (1, 4, 367, 0, 83, 0, 0, 47, 1, 1, 0, 6)
28 (1, 4, 0, 32, 0, 0, 0, 73, 1, 1, 0, 197)
29 (1, 4, 0, 68, 51, 0, 0, 93, 1, 1, 0, 194)
0 (1, 4, 0, 62, 66, 0, 0, 12, 1, 1, 0, 155)
1 (1, 4, 3, 129, 145, 0, 0, 15, 1, 1, 0, 50)
2 (1, 4, 106, 106, 182, 0, 0, 13, 1, 1, 0, 139)
3 (1, 4, 161, 35, 92, 0, 0, 18, 1, 1, 0, 189)
4 (1, 4, 109, 0, 0, 0, 0, 21, 1, 1, 0, 6)
5 (1, 4, 149, 0, 0, 0, 0, 11, 1, 1, 0, 56)
6 (1, 4, 134, 0, 0, 0, 0, 11, 1, 1, 0, 202)
7 (1, 4, 309, 11, 44, 0, 0, 21, 1, 1, 0, 106)
8 (1, 4, 331, 32, 119, 0, 0, 42, 1, 1, 0, 49)
9 (1, 4, 257, 0, 51, 0, 0, 66, 1, 1, 0, 189)
10 (1, 4, 100, 0, 0, 0, 0, 63, 1, 1, 0, 138)
11 (1, 4, 0, 0, 0, 0, 0, 0, 1, 1, 0, 119)
12 (1, 4, 873, 0, 692, 6, 0, 0, 1, 1, 0, 151)
13 (1, 4, 149, 0, 0, 0, 141, 61, 1, 1, 0, 233)
14 (1, 4, 0, 0, 0, 0, 35, 55, 1, 1, 0, 144)
15 (1, 4, 448, 0, 0, 0, 0, 52, 1, 1, 0, 238)
16 (1, 4, 0, 211, 0, 0, 77, 79, 1, 1, 0, 177)
17 (1, 4, 0, 162, 0, 0, 6, 122, 1, 1, 0, 172)
18 (1, 4, 15, 168, 0, 0, 23, 116, 1, 1, 0, 242)
19 (1, 4, 0, 88, 55, 0, 35, 140, 1, 1, 0, 209)
20 (1, 4, 0, 20, 118, 0, 43, 127, 1, 1, 0, 78)
21 (1, 4, 0, 0, 170, 0, 31, 102, 1, 1, 0, 239)
22 (1, 4, 0, 0, 195, 0, 30, 72, 1, 1, 0, 60)
23 (1, 4, 0, 0, 293, 0, 0, 20, 1, 1, 0, 184)
24 (1, 4, 0, 0, 435, 0, 0, 0, 1, 1, 0, 225)
25 (1, 4, 0, 0, 462, 0, 0, 0, 1, 1, 0, 237)
26 (1, 4, 0, 0, 368, 0, 0, 0, 1, 1, 0, 80)
27 (1, 4, 0, 0, 297, 0, 0, 0, 1, 1, 0, 252)
28 (1, 4, 0, 0, 367, 0, 0, 0, 1, 1, 0, 118)
29 (1, 4, 0, 0, 293, 0, 0, 0, 1, 1, 0, 30)
30 (1, 4, 0, 0, 230, 0, 0, 2, 1, 1, 0, 75)
31 (1, 4, 0, 0, 139, 0, 0, 9, 1, 1, 0, 180)

