0 (1, 4, 0, 0, 0, 0, 0, 28, 0, 0, 0, 50)
1 (1, 4, 0, 18, 0, 0, 0, 21, 0, 0, 0, 11)
2 (1, 4, 0, 113, 0, 0, 0, 30, 1, 0, 0, 124)
3 (1, 4, 0, 0, 0, 0, 0, 0, 0, 0, 0, 126)
4 (1, 4, 119, 147, 0, 0, 0, 53, 0, 0, 0, 154)
5 (1, 4, 540, 0, 0, 0, 0, 66, 1, 0, 0, 76)
6 (1, 4, 442, 0, 0, 8, 26, 63, 1, 0, 0, 133)
7 (1, 4, 216, 0, 0, 42, 41, 52, 0, 0, 0, 239)
8 (1, 4, 219, 0, 172, 11, 12, 41, 1, 0, 0, 128)
9 (1, 4, 124, 0, 289, 0, 0, 35, 1, 0, 0, 10)
10 (1, 4, 284, 0, 318, 0, 0, 60, 0, 0, 0, 40)
11 (1, 4, 0, 0, 91, 0, 0, 50, 1, 0, 0, 84)
12 (1, 4, 0, 0, 0, 0, 0, 57, 1, 0, 0, 91)
13 (1, 4, 59, 39, 0, 0, 0, 68, 0, 0, 0, 203)
14 (1, 4, 75, 52, 0, 0, 0, 87, 1, 0, 0, 11)
15 (1, 4, 0, 30, 0, 0, 0, 88, 1, 0, 0, 5)
16 (1, 4, 0, 16, 0, 0, 0, 89, 1, 0, 0, 222)
17 (1, 4, 0, 31, 0, 0, 0, 91, 0, 0, 0, 180)
18 (1, 4, 0, 21, 0, 0, 0, 75, 0, 0, 0, 185)
19 (1, 4, 0, 254, 0, 0, 0, 0, 1, 0, 0, 57)
20 (1, 4, 95, 547, 0, 0, 0, 0, 1, 0, 0, 248)
21 (1, 4, 96, 503, 0, 0, 221, 258, 1, 0, 0, 244)
22 (1, 4, 93, 162, 0, 0, 119, 210, 1, 0, 0, 194)
23 (1, 4, 0, 24, 0, 0, 70, 73, 1, 0, 0, 181)
24 (1, 4, 81, 13, 188, 0, 125, 211, 1, 0, 0, 134)
25 (1, 4, 44, 0, 498, 0, 195, 299, 1, 0, 0, 203)
26 (1, 4, 107, 0, 699, 0, 0, 23, 1, 0, 0, 61)
27 (1, 4, 8, 0, 253, 0, 0, 0, 0, 0, 0, 243)
28 (1, 4, 0, 0, 0, 21, 0, 58, 1, 0, 0, 169)
29 (1, 4, 2, 0, 0, 14, 0, 80, 1, 0, 0, 44)
30 (1, 4, 0, 0, 0, 0, 0, 87, 0, 0, 0, 251)
31 (1, 4, 0, 0, 0, 0, 0, 32, 1, 0, 0, 189)
0 (1, 4, 105, 71, 0, 0, 0, 0, 1, 0, 0, 173)
1 (1, 4, 171, 96, 0, 0, 0, 0, 0, 0, 0, 143)
2 (1, 4, 82, 321, 0, 0, 0, 8, 0, 0, 0, 50)
3 (1, 4, 297, 102, 0, 0, 0, 73, 1, 0, 0, 33)
4 (1, 4, 407, 0, 0, 0, 0, 158, 0, 0, 0, 220)
5 (1, 4, 218, 0, 0, 0, 73, 128, 0, 0, 0, 70)
6 (1, 4, 420, 0, 147, 0, 40, 0, 1, 0, 0, 13)
7 (1, 4, 179, 0, 145, 0, 0, 0, 1, 0, 0, 38)
8 (1, 4, 71, 0, 0, 0, 0, 0, 0, 0, 0, 221)
9 (1, 4, 149, 0, 0, 0, 0, 22, 1, 0, 0, 192)
10 (1, 4, 23, 24, 0, 0, 0, 0, 1, 0, 0, 4)
11 (1, 4, 0, 317, 0, 0, 0, 0, 0, 0, 0, 228)
12 (1, 4, 114, 655, 0, 0, 0, 0, 1, 0, 0, 211)
13 (1, 4, 132, 564, 0, 0, 173, 285, 1, 0, 0, 93)
14 (1, 4, 100, 22, 0, 0, 256, 371, 1, 0, 0, 215)
15 (1, 4, 2, 0, 296, 0, 135, 101, 1, 0, 0, 13)
16 (1, 4, 3, 0, 571, 0, 195, 225, 1, 0, 0, 38)
17 (1, 4, 23, 0, 824, 0, 37, 118, 1, 0, 0, 96)
18 (1, 4, 0, 0, 366, 0, 0, 0, 0, 0, 0, 235)
19 (1, 4, 0, 16, 0, 27, 0, 0, 1, 0, 0, 83)
20 (1, 4, 0, 49, 0, 5, 2, 118, 1, 0, 0, 96)
21 (1, 4, 0, 4, 0, 0, 0, 82, 0, 0, 0, 139)
22 (1, 4, 0, 0, 0, 0, 0, 59, 0, 0, 0, 128)
23 (1, 4, 0, 0, 0, 0, 0, 0, 1, 0, 0, 28)
24 (1, 4, 0, 131, 0, 0, 27, 0, 0, 0, 0, 104)
25 (1, 4, 0, 146, 85, 0, 17, 0, 0, 0, 0, 193)
26 (1, 4, 0, 0, 219, 19, 0, 63, 1, 0, 0, 51)
27 (1, 4, 0, 0, 301, 0, 0, 36, 0, 0, 0, 127)
28 (1, 4, 0, 0, 230, 0, 0, 0, 0, 0, 0, 251)
29 (1, 4, 0, 0, 65, 0, 0, 0, 0, 0, 0, 17)
30 (1, 4, 0, 0, 97, 0, 0, 0, 0, 0, 0, 239)
31 (1, 4, 0, 0, 39, 0, 0, 0, 0, 0, 0, 101)
0 (1, 4, 421, 82, 0, 0, 0, 157, 0, 0, 0, 14)
1 (1, 4, 444, 0, 0, 0, 0, 113, 1, 0, 0, 140)
2 (1, 4, 305, 0, 117, 0, 9, 71, 0, 0, 0, 11)
3 (1, 4, 243, 0, 416, 0, 2, 0, 0, 0, 0, 119)
4 (1, 4, 374, 0, 305, 0, 0, 0, 1, 0, 0, 220)
5 (1, 4, 177, 0, 56, 0, 0, 0, 1, 0, 0, 29)
6 (1, 4, 79, 0, 0, 0, 0, 19, 0, 0, 0, 24)
7 (1, 4, 142, 50, 0, 0, 0, 27, 1, 0, 0, 204)
8 (1, 4, 83, 145, 0, 0, 0, 0, 1, 0, 0, 178)
9 (1, 4, 56, 483, 0, 0, 0, 0, 0, 0, 0, 84)
10 (1, 4, 97, 448, 0, 0, 254, 327, 1, 0, 0, 50)
11 (1, 4, 20, 48, 0, 0, 163, 218, 1, 0, 0, 154)
12 (1, 4, 0, 0, 2, 0, 39, 46, 1, 0, 0, 209)
13 (1, 4, 73, 77, 181, 0, 150, 242, 1, 0, 0, 170)
14 (1, 4, 0, 0, 662, 0, 293, 309, 1, 0, 0, 44)
15 (1, 4, 14, 0, 806, 0, 0, 0, 0, 0, 0, 66)
16 (1, 4, 0, 0, 7, 0, 0, 0, 1, 0, 0, 249)
17 (1, 4, 45, 21, 0, 31, 35, 92, 1, 0, 0, 78)
18 (1, 4, 0, 3, 16, 0, 0, 85, 1, 0, 0, 135)
19 (1, 4, 0, 31, 0, 0, 0, 58, 1, 0, 0, 237)
20 (1, 4, 0, 0, 0, 0, 0, 56, 0, 0, 0, 230)
21 (1, 4, 0, 41, 0, 0, 8, 0, 0, 0, 0, 123)
22 (1, 4, 0, 121, 0, 0, 23, 0, 1, 0, 0, 215)
23 (1, 4, 0, 150, 31, 8, 19, 0, 0, 0, 0, 121)
24 (1, 4, 0, 46, 219, 0, 0, 57, 0, 0, 0, 141)
25 (1, 4, 0, 0, 374, 0, 0, 83, 0, 0, 0, 216)
26 (1, 4, 0, 0, 373, 0, 0, 27, 0, 0, 0, 204)
27 (1, 4, 0, 0, 157, 0, 0, 0, 0, 0, 0, 134)
28 (1, 4, 0, 14, 32, 0, 0, 0, 0, 0, 0, 132)
29 (1, 4, 0, 0, 0, 0, 0, 12, 0, 0, 0, 225)
30 (1, 4, 0, 0, 52, 0, 0, 0, 0, 0, 0, 161)
31 (1, 4, 0, 8, 67, 0, 0, 0, 0, 0, 0, 141)
0 (1, 4, 332, 0, 0, 0, 0, 37, 1, 0, 0, 212)
1 (1, 4, 416, 0, 112, 0, 0, 1, 0, 0, 0, 11)
2 (1, 4, 313, 0, 154, 0, 0, 0, 0, 0, 0, 56)
3 (1, 4, 158, 0, 45, 0, 0, 0, 1, 0, 0, 53)
4 (1, 4, 14, 0, 0, 0, 0, 15, 1, 0, 0, 177)
5 (1, 4, 17, 10, 0, 0, 0, 13, 0, 0, 0, 14)
6 (1, 4, 0, 175, 0, 0, 0, 0, 0, 0, 0, 12)
7 (1, 4, 3, 544, 0, 0, 0, 0, 1, 0, 0, 1)
8 (1, 4, 0, 581, 0, 0, 135, 199, 0, 0, 0, 223)
9 (1, 4, 0, 209, 0, 0, 131, 316, 1, 0, 0, 49)
10 (1, 4, 0, 0, 0, 0, 70, 149, 1, 0, 0, 228)
11 (1, 4, 0, 0, 99, 0, 45, 60, 0, 0, 0, 123)
12 (1, 4, 194, 0, 436, 0, 200, 334, 0, 0, 0, 40)
13 (1, 4, 251, 0, 873, 0, 75, 202, 1, 0, 0, 195)
14 (1, 4, 0, 0, 636, 0, 0, 0, 0, 0, 0, 92)
15 (1, 4, 0, 0, 0, 0, 0, 0, 0, 0, 0, 126)
16 (1, 4, 0, 40, 0, 23, 18, 82, 1, 0, 0, 159)
17 (1, 4, 0, 0, 0, 0, 0, 58, 0, 0, 0, 95)
18 (1, 4, 0, 16, 0, 0, 0, 40, 1, 0, 0, 54)
19 (1, 4, 0, 63, 0, 0, 0, 14, 0, 0, 0, 74)
20 (1, 4, 0, 176, 0, 0, 0, 0, 0, 0, 0, 220)
21 (1, 4, 0, 274, 19, 0, 0, 31, 0, 0, 0, 121)
22 (1, 4, 0, 67, 5, 0, 0, 64, 1, 1, 0, 163)
23 (1, 4, 0, 6, 200, 0, 0, 65, 0, 0, 0, 229)
24 (1, 4, 0, 0, 220, 0, 0, 50, 0, 0, 0, 34)
25 (1, 4, 0, 0, 168, 0, 0, 0, 0, 0, 0, 205)
26 (1, 4, 0, 0, 52, 0, 0, 0, 0, 0, 0, 161)
27 (1, 4, 0, 0, 121, 0, 0, 0, 0, 0, 0, 44)
28 (1, 4, 0, 15, 19, 0, 0, 0, 0, 0, 0, 11)
29 (1, 4, 0, 0, 57, 0, 0, 0, 0, 0, 0, 215)
30 (1, 4, 0, 7, 77, 0, 0, 0, 0, 0, 0, 241)
31 (1, 4, 85, 21, 65, 0, 0, 0, 0, 0, 0, 64)
0 (1, 4, 89, 0, 0, 0, 0, 25, 0, 0, 0, 143)
1 (1, 4, 253, 0, 85, 0, 0, 0, 0, 0, 0, 205)
2 (1, 4, 98, 0, 48, 0, 0, 0, 0, 0, 0, 173)
3 (1, 4, 182, 0, 48, 0, 0, 22, 0, 0, 0, 246)
4 (1, 4, 105, 0, 37, 0, 0, 39, 0, 0, 0, 200)
5 (1, 4, 153, 16, 42, 0, 0, 47, 0, 0, 0, 161)
6 (1, 4, 88, 182, 0, 0, 0, 0, 1, 0, 0, 16)
7 (1, 4, 0, 520, 0, 0, 0, 0, 0, 0, 0, 0)
8 (1, 4, 10, 602, 0, 0, 63, 159, 0, 0, 0, 98)
9 (1, 4, 111, 233, 0, 0, 172, 330, 0, 0, 0, 8)
10 (1, 4, 0, 0, 0, 0, 143, 180, 0, 0, 0, 110)
11 (1, 4, 0, 0, 160, 0, 0, 20, 0, 0, 0, 215)
12 (1, 4, 61, 0, 182, 0, 7, 196, 1, 0, 0, 174)
13 (1, 4, 8, 0, 606, 0, 263, 347, 0, 0, 0, 181)
14 (1, 4, 0, 0, 677, 0, 0, 4, 0, 0, 0, 116)
15 (1, 4, 0, 0, 306, 0, 0, 0, 0, 0, 0, 141)
16 (1, 4, 95, 17, 0, 14, 0, 18, 0, 0, 0, 73)
17 (1, 4, 0, 52, 0, 0, 0, 73, 0, 0, 0, 119)
18 (1, 4, 0, 49, 0, 0, 0, 34, 0, 0, 0, 112)
19 (1, 4, 0, 92, 0, 0, 0, 0, 0, 0, 0, 245)
20 (1, 4, 0, 216, 0, 0, 0, 0, 1, 1, 0, 39)
21 (1, 4, 0, 282, 0, 0, 0, 17, 1, 0, 0, 74)
22 (1, 4, 0, 158, 11, 19, 0, 88, 0, 0, 0, 183)
23 (1, 4, 0, 0, 31, 0, 0, 18, 0, 0, 0, 50)
24 (1, 4, 0, 0, 75, 0, 0, 0, 1, 0, 0, 224)
25 (1, 4, 0, 0, 66, 0, 0, 0, 0, 0, 0, 170)
26 (1, 4, 0, 0, 94, 0, 0, 0, 0, 0, 0, 55)
27 (1, 4, 0, 0, 85, 0, 0, 0, 0, 0, 0, 48)
28 (1, 4, 0, 0, 0, 0, 0, 0, 0, 0, 0, 126)
29 (1, 4, 0, 16, 20, 0, 0, 0, 0, 0, 0, 62)
30 (1, 4, 53, 0, 53, 0, 0, 0, 0, 0, 0, 36)
0 (1, 4, 373, 0, 0, 10, 0, 96, 0, 0, 0, 198)
1 (1, 4, 346, 0, 0, 17, 15, 27, 0, 0, 0, 103)
2 (1, 4, 356, 0, 239, 0, 7, 0, 1, 0, 0, 173)
3 (1, 4, 228, 0, 276, 0, 0, 0, 0, 0, 0, 97)
4 (1, 4, 128, 0, 45, 0, 0, 9, 0, 0, 0, 214)
5 (1, 4, 67, 0, 0, 0, 0, 34, 1, 0, 0, 159)
6 (1, 4, 123, 33, 0, 0, 0, 62, 0, 0, 0, 145)
7 (1, 4, 0, 117, 0, 0, 0, 0, 0, 0, 0, 49)
8 (1, 4, 0, 471, 0, 0, 0, 0, 1, 0, 0, 24)
9 (1, 4, 0, 538, 0, 0, 95, 201, 0, 0, 0, 192)
10 (1, 4, 85, 149, 0, 0, 194, 342, 0, 0, 0, 129)
11 (1, 4, 0, 0, 0, 0, 77, 106, 1, 0, 0, 234)
12 (1, 4, 13, 87, 180, 0, 16, 38, 0, 0, 0, 30)
13 (1, 4, 29, 0, 301, 0, 157, 311, 0, 0, 0, 175)
14 (1, 4, 0, 0, 662, 0, 129, 226, 0, 0, 0, 161)
15 (1, 4, 0, 0, 504, 0, 0, 0, 0, 0, 0, 20)
16 (1, 4, 58, 0, 38, 0, 0, 0, 0, 0, 0, 186)
17 (1, 4, 13, 77, 0, 8, 0, 80, 0, 0, 0, 9)
18 (1, 4, 5, 18, 0, 0, 0, 101, 0, 0, 0, 10)
19 (1, 4, 0, 12, 0, 0, 0, 47, 0, 0, 0, 79)
20 (1, 4, 0, 20, 0, 0, 0, 20, 0, 0, 0, 99)
21 (1, 4, 0, 67, 0, 0, 0, 5, 0, 0, 0, 143)
22 (1, 4, 0, 0, 0, 9, 12, 13, 0, 0, 0, 251)
23 (1, 4, 0, 0, 95, 32, 13, 47, 1, 0, 0, 43)
24 (1, 4, 0, 0, 149, 0, 0, 4, 0, 0, 0, 79)
25 (1, 4, 0, 0, 376, 0, 0, 0, 0, 0, 0, 229)
26 (1, 4, 0, 0, 259, 0, 0, 0, 0, 0, 0, 152)
27 (1, 4, 0, 0, 241, 0, 0, 0, 0, 0, 0, 97)
28 (1, 4, 84, 0, 169, 0, 0, 0, 0, 0, 0, 8)
29 (1, 4, 0, 0, 17, 0, 0, 0, 0, 0, 0, 149)
30 (1, 4, 96, 14, 39, 0, 0, 0, 0, 0, 0, 47)
31 (1, 4, 120, 0, 148, 0, 0, 0, 0, 0, 0, 112)
0 (1, 4, 0, 0, 0, 0, 0, 26, 0, 0, 0, 254)
1 (1, 4, 97, 0, 0, 0, 0, 53, 0, 0, 0, 230)
2 (1, 4, 162, 0, 0, 0, 0, 58, 0, 0, 0, 145)
3 (1, 4, 0, 39, 0, 0, 0, 9, 0, 0, 0, 139)
4 (1, 4, 0, 285, 0, 0, 0, 0, 1, 0, 0, 68)
5 (1, 4, 0, 600, 0, 0, 0, 0, 0, 0, 0, 226)
6 (1, 4, 0, 560, 0, 0, 15, 295, 0, 0, 0, 34)
7 (1, 4, 29, 112, 0, 0, 99, 280, 0, 0, 0, 116)
8 (1, 4, 21, 0, 0, 0, 71, 145, 0, 0, 0, 92)
9 (1, 4, 69, 0, 199, 0, 11, 57, 0, 0, 0, 35)
10 (1, 4, 194, 0, 323, 0, 3, 132, 0, 0, 0, 151)
11 (1, 4, 9, 0, 476, 0, 127, 277, 0, 0, 0, 161)
12 (1, 4, 21, 0, 602, 0, 0, 110, 0, 0, 0, 199)
13 (1, 4, 0, 0, 452, 0, 0, 0, 0, 0, 0, 119)
14 (1, 4, 0, 0, 0, 0, 0, 0, 0, 0, 0, 126)
15 (1, 4, 22, 73, 0, 11, 0, 45, 0, 0, 0, 7)
16 (1, 4, 13, 64, 0, 0, 0, 79, 0, 0, 0, 7)
17 (1, 4, 0, 51, 0, 0, 0, 81, 0, 0, 0, 76)
18 (1, 4, 0, 22, 0, 0, 0, 74, 0, 0, 0, 190)
19 (1, 4, 0, 10, 0, 0, 0, 51, 0, 0, 0, 180)
20 (1, 4, 0, 37, 0, 0, 3, 19, 0, 0, 0, 237)
21 (1, 4, 0, 93, 0, 0, 10, 8, 0, 0, 0, 153)
22 (1, 4, 0, 28, 46, 0, 0, 30, 1, 0, 0, 210)
23 (1, 4, 0, 0, 221, 0, 0, 25, 0, 0, 0, 155)
24 (1, 4, 0, 0, 258, 0, 0, 0, 0, 0, 0, 12)
25 (1, 4, 0, 0, 206, 0, 0, 0, 0, 0, 0, 185)
26 (1, 4, 0, 0, 3, 0, 0, 0, 0, 0, 0, 197)
27 (1, 4, 0, 0, 128, 0, 0, 0, 0, 0, 0, 143)
28 (1, 4, 98, 0, 149, 0, 0, 0, 0, 0, 0, 104)
29 (1, 4, 0, 0, 5, 0, 0, 0, 0, 0, 0, 180)
30 (1, 4, 0, 0, 0, 0, 0, 0, 0, 0, 0, 126)
31 (1, 4, 64, 0, 32, 0, 0, 0, 0, 0, 0, 9)
0 (1, 4, 31, 12, 0, 0, 0, 0, 0, 0, 0, 173)
1 (1, 4, 43, 1, 0, 0, 0, 0, 0, 0, 0, 110)
2 (1, 4, 212, 0, 47, 0, 0, 0, 0, 0, 0, 157)
3 (1, 4, 115, 30, 0, 0, 0, 0, 1, 0, 0, 197)
4 (1, 4, 196, 0, 0, 0, 0, 0, 0, 0, 0, 218)
5 (1, 4, 357, 0, 0, 0, 0, 0, 0, 0, 0, 4)
6 (1, 4, 457, 93, 0, 0, 0, 0, 1, 0, 0, 194)
7 (1, 4, 433, 240, 0, 0, 40, 0, 1, 0, 0, 207)
8 (1, 4, 352, 336, 0, 0, 56, 1, 0, 0, 0, 163)
9 (1, 4, 283, 220, 0, 0, 63, 118, 0, 0, 0, 174)
10 (1, 4, 105, 101, 0, 0, 39, 134, 0, 0, 0, 67)
11 (1, 4, 2, 0, 0, 0, 1, 87, 0, 0, 0, 158)
12 (1, 4, 0, 14, 0, 0, 0, 66, 0, 0, 0, 134)
13 (1, 4, 91, 0, 30, 5, 84, 194, 0, 0, 0, 174)
14 (1, 4, 69, 0, 385, 0, 218, 302, 0, 0, 0, 207)
15 (1, 4, 251, 0, 783, 0, 29, 120, 0, 0, 0, 26)
16 (1, 4, 74, 0, 320, 0, 0, 0, 1, 0, 0, 95)
17 (1, 4, 0, 0, 0, 0, 0, 9, 0, 0, 0, 75)
18 (1, 4, 0, 91, 0, 0, 0, 0, 0, 0, 0, 247)
19 (1, 4, 0, 200, 0, 0, 0, 0, 1, 0, 0, 45)
20 (1, 4, 0, 304, 0, 0, 2, 122, 0, 0, 0, 174)
21 (1, 4, 0, 223, 0, 0, 99, 265, 0, 0, 0, 172)
22 (1, 4, 0, 0, 0, 0, 105, 219, 0, 0, 0, 65)
23 (1, 4, 0, 8, 58, 0, 0, 58, 0, 0, 0, 254)
24 (1, 4, 0, 54, 30, 0, 0, 44, 0, 0, 0, 230)
25 (1, 4, 12, 40, 18, 0, 0, 106, 0, 0, 0, 160)
26 (1, 4, 0, 0, 8, 0, 0, 103, 0, 0, 0, 53)
27 (1, 4, 0, 0, 52, 0, 0, 65, 0, 0, 0, 59)
28 (1, 4, 0, 0, 76, 0, 0, 50, 0, 0, 0, 172)
29 (1, 4, 0, 0, 54, 0, 0, 46, 0, 0, 0, 9)
30 (1, 4, 0, 0, 137, 0, 0, 29, 0, 0, 0, 52)
31 (1, 4, 0, 0, 184, 0, 0, 40, 0, 0, 0, 249)
0 (1, 4, 0, 28, 0, 0, 0, 16, 0, 0, 0, 165)
1 (1, 4, 57, 113, 0, 0, 0, 16, 0, 0, 0, 97)
2 (1, 4, 190, 238, 0, 0, 0, 14, 0, 0, 0, 122)
3 (1, 4, 81, 188, 0, 0, 0, 97, 0, 0, 0, 233)
4 (1, 4, 209, 0, 0, 0, 0, 174, 0, 0, 0, 1)
5 (1, 4, 229, 0, 0, 0, 62, 147, 0, 0, 0, 116)
6 (1, 4, 96, 0, 0, 20, 51, 54, 1, 0, 0, 100)
7 (1, 4, 321, 0, 283, 0, 16, 0, 1, 0, 0, 57)
8 (1, 4, 99, 0, 488, 0, 0, 0, 0, 0, 0, 55)
9 (1, 4, 253, 0, 189, 0, 0, 0, 0, 0, 0, 133)
10 (1, 4, 47, 0, 0, 0, 0, 40, 1, 0, 0, 202)
11 (1, 4, 106, 8, 0, 0, 0, 27, 0, 0, 0, 176)
12 (1, 4, 139, 177, 0, 0, 0, 0, 0, 0, 0, 30)
13 (1, 4, 66, 423, 0, 0, 0, 0, 1, 0, 0, 173)
14 (1, 4, 267, 475, 0, 0, 41, 67, 0, 0, 0, 229)
15 (1, 4, 125, 429, 0, 0, 177, 261, 1, 0, 0, 72)
16 (1, 4, 6, 66, 0, 0, 200, 240, 1, 0, 0, 132)
17 (1, 4, 12, 0, 116, 0, 57, 71, 1, 0, 0, 22)
18 (1, 4, 21, 0, 218, 0, 45, 107, 1, 0, 0, 18)
19 (1, 4, 0, 0, 520, 0, 257, 237, 0, 0, 0, 60)
20 (1, 4, 0, 0, 739, 0, 60, 152, 1, 0, 0, 240)
21 (1, 4, 0, 0, 840, 0, 0, 0, 1, 0, 0, 188)
22 (1, 4, 0, 0, 0, 0, 0, 0, 0, 0, 0, 126)
23 (1, 4, 46, 46, 0, 10, 0, 9, 1, 0, 0, 186)
24 (1, 4, 36, 45, 0, 0, 0, 103, 1, 0, 0, 10)
25 (1, 4, 0, 0, 0, 0, 0, 96, 0, 0, 0, 154)
26 (1, 4, 0, 0, 0, 0, 0, 52, 0, 0, 0, 121)
27 (1, 4, 0, 57, 0, 0, 0, 7, 0, 0, 0, 200)
28 (1, 4, 0, 120, 0, 0, 0, 0, 0, 0, 0, 237)
29 (1, 4, 0, 208, 0, 14, 0, 30, 0, 0, 0, 210)
30 (1, 4, 0, 209, 54, 21, 0, 78, 1, 0, 0, 77)
0 (1, 4, 147, 0, 0, 0, 0, 0, 0, 0, 0, 153)
1 (1, 4, 0, 131, 0, 0, 0, 0, 0, 0, 0, 167)
2 (1, 4, 60, 368, 0, 0, 0, 7, 0, 0, 0, 199)
3 (1, 4, 539, 60, 0, 0, 0, 73, 0, 0, 0, 66)
4 (1, 4, 418, 0, 0, 0, 0, 128, 0, 0, 0, 56)
5 (1, 4, 327, 0, 0, 0, 7, 95, 0, 0, 0, 216)
6 (1, 4, 335, 0, 110, 15, 12, 31, 0, 0, 0, 202)
7 (1, 4, 158, 0, 284, 0, 0, 0, 0, 0, 0, 31)
8 (1, 4, 182, 0, 370, 0, 0, 0, 0, 0, 0, 96)
9 (1, 4, 201, 0, 163, 0, 0, 0, 0, 0, 0, 40)
10 (1, 4, 69, 0, 0, 0, 0, 40, 0, 0, 0, 138)
11 (1, 4, 33, 0, 0, 0, 0, 43, 1, 0, 0, 248)
12 (1, 4, 0, 144, 0, 0, 0, 0, 0, 0, 0, 30)
13 (1, 4, 13, 426, 0, 0, 0, 0, 0, 0, 0, 192)
14 (1, 4, 48, 458, 0, 0, 130, 152, 1, 0, 0, 247)
15 (1, 4, 85, 240, 0, 0, 203, 279, 0, 0, 0, 141)
16 (1, 4, 0, 10, 53, 3, 123, 150, 0, 0, 0, 135)
17 (1, 4, 0, 53, 180, 0, 0, 41, 1, 0, 0, 106)
18 (1, 4, 0, 61, 160, 0, 36, 111, 2, 1, 0, 82)
19 (1, 4, 0, 0, 504, 0, 204, 237, 1, 1, 0, 63)
20 (1, 4, 0, 0, 684, 0, 70, 175, 1, 0, 0, 146)
21 (1, 4, 209, 0, 759, 0, 0, 12, 0, 0, 0, 71)
22 (1, 4, 0, 0, 105, 0, 0, 9, 0, 0, 0, 102)
23 (1, 4, 0, 0, 0, 0, 0, 33, 1, 0, 0, 98)
24 (1, 4, 11, 5, 0, 0, 0, 83, 1, 0, 0, 225)
25 (1, 4, 0, 5, 0, 0, 0, 87, 0, 0, 0, 148)
26 (1, 4, 0, 0, 0, 0, 0, 78, 0, 0, 0, 29)
27 (1, 4, 0, 11, 0, 0, 0, 62, 1, 0, 0, 35)
28 (1, 4, 0, 84, 0, 0, 0, 54, 0, 0, 0, 248)
29 (1, 4, 0, 95, 0, 0, 0, 24, 0, 0, 0, 20)
30 (1, 4, 0, 176, 0, 9, 0, 35, 1, 0, 0, 158)
31 (1, 4, 0, 25, 0, 11, 0, 60, 0, 0, 0, 45)
0 (1, 4, 441, 79, 0, 0, 0, 17, 0, 0, 0, 14)
1 (1, 4, 235, 0, 0, 0, 0, 103, 1, 0, 0, 210)
2 (1, 4, 271, 0, 0, 0, 0, 113, 0, 0, 0, 206)
3 (1, 4, 295, 0, 0, 0, 0, 46, 0, 0, 0, 22)
4 (1, 4, 69, 0, 0, 0, 0, 0, 1, 0, 0, 163)
5 (1, 4, 264, 0, 25, 0, 0, 0, 0, 0, 0, 91)
6 (1, 4, 159, 0, 92, 0, 0, 0, 0, 0, 0, 183)
7 (1, 4, 269, 0, 47, 0, 0, 4, 0, 0, 0, 232)
8 (1, 4, 304, 0, 0, 0, 0, 4, 0, 0, 0, 46)
9 (1, 4, 0, 217, 0, 0, 0, 0, 0, 0, 0, 155)
10 (1, 4, 240, 559, 0, 0, 0, 0, 0, 0, 0, 123)
11 (1, 4, 33, 405, 0, 0, 203, 231, 0, 0, 0, 68)
12 (1, 4, 97, 71, 0, 0, 227, 261, 0, 0, 0, 148)
13 (1, 4, 30, 0, 1, 0, 20, 54, 0, 0, 0, 134)
14 (1, 4, 46, 83, 32, 0, 0, 17, 0, 0, 0, 37)
15 (1, 4, 131, 12, 44, 0, 123, 241, 0, 0, 0, 182)
16 (1, 4, 17, 0, 573, 0, 278, 230, 0, 0, 0, 248)
17 (1, 4, 24, 0, 652, 0, 0, 17, 0, 0, 0, 75)
18 (1, 4, 0, 0, 0, 0, 0, 0, 0, 0, 0, 126)
19 (1, 4, 21, 61, 0, 0, 19, 65, 0, 0, 0, 67)
20 (1, 4, 0, 21, 0, 0, 1, 96, 0, 0, 0, 237)
21 (1, 4, 0, 33, 0, 0, 0, 79, 0, 0, 0, 181)
22 (1, 4, 0, 0, 0, 0, 0, 45, 0, 0, 0, 159)
23 (1, 4, 0, 0, 0, 0, 0, 10, 0, 0, 0, 45)
24 (1, 4, 0, 7, 0, 0, 0, 0, 0, 0, 0, 124)
25 (1, 4, 0, 38, 39, 0, 0, 1, 0, 0, 0, 207)
26 (1, 4, 0, 0, 277, 0, 0, 42, 0, 0, 0, 100)
27 (1, 4, 0, 0, 419, 0, 0, 14, 1, 0, 0, 211)
28 (1, 4, 0, 0, 471, 0, 0, 0, 0, 0, 0, 179)
29 (1, 4, 0, 0, 500, 0, 0, 0, 0, 0, 0, 246)
30 (1, 4, 0, 0, 387, 0, 0, 0, 1, 0, 0, 11)
0 (1, 4, 243, 0, 0, 0, 0, 48, 0, 0, 0, 165)
1 (1, 4, 197, 0, 0, 0, 0, 27, 0, 0, 0, 139)
2 (1, 4, 107, 0, 36, 0, 0, 0, 0, 0, 0, 242)
3 (1, 4, 141, 0, 113, 0, 0, 0, 0, 0, 0, 195)
4 (1, 4, 33, 0, 0, 0, 0, 0, 0, 0, 0, 183)
5 (1, 4, 150, 0, 0, 0, 0, 9, 0, 0, 0, 154)
6 (1, 4, 229, 0, 0, 0, 0, 57, 0, 0, 0, 84)
7 (1, 4, 94, 24, 0, 0, 0, 29, 0, 0, 0, 2)
8 (1, 4, 78, 155, 0, 0, 0, 0, 0, 0, 0, 168)
9 (1, 4, 90, 404, 0, 0, 0, 0, 0, 0, 0, 36)
10 (1, 4, 86, 467, 0, 0, 81, 122, 1, 0, 0, 13)
11 (1, 4, 108, 197, 0, 0, 151, 281, 1, 0, 0, 225)
12 (1, 4, 0, 0, 0, 0, 152, 177, 1, 0, 0, 75)
13 (1, 4, 37, 0, 134, 0, 2, 38, 0, 0, 0, 144)
14 (1, 4, 47, 43, 125, 0, 64, 149, 0, 0, 0, 175)
15 (1, 4, 0, 0, 482, 0, 227, 256, 0, 0, 0, 121)
16 (1, 4, 80, 0, 676, 0, 0, 0, 0, 0, 0, 252)
17 (1, 4, 0, 0, 157, 0, 0, 0, 0, 0, 0, 134)
18 (1, 4, 0, 19, 0, 0, 0, 42, 1, 0, 0, 87)
19 (1, 4, 0, 9, 0, 0, 0, 87, 0, 0, 0, 253)
20 (1, 4, 0, 0, 0, 0, 0, 53, 0, 0, 0, 166)
21 (1, 4, 0, 17, 1, 0, 0, 35, 0, 0, 0, 249)
22 (1, 4, 0, 46, 0, 0, 0, 0, 0, 0, 0, 184)
23 (1, 4, 0, 69, 65, 0, 0, 0, 0, 0, 0, 253)
24 (1, 4, 0, 99, 163, 0, 0, 5, 1, 0, 0, 155)
25 (1, 4, 0, 0, 271, 0, 0, 0, 0, 0, 0, 122)
26 (1, 4, 0, 0, 337, 0, 0, 0, 0, 0, 0, 51)
27 (1, 4, 0, 0, 359, 0, 0, 0, 1, 0, 0, 161)
28 (1, 4, 0, 0, 293, 0, 0, 0, 0, 0, 0, 23)
29 (1, 4, 0, 0, 250, 0, 0, 0, 0, 0, 0, 102)
30 (1, 4, 0, 0, 175, 0, 0, 0, 0, 0, 0, 40)
31 (1, 4, 0, 0, 141, 0, 0, 0, 0, 0, 0, 249)
0 (1, 4, 339, 0, 0, 0, 0, 18, 0, 0, 0, 109)
1 (1, 4, 184, 0, 172, 0, 0, 0, 0, 0, 0, 209)
2 (1, 4, 262, 0, 158, 0, 0, 45, 1, 0, 0, 152)
3 (1, 4, 0, 0, 57, 0, 0, 14, 1, 0, 0, 147)
4 (1, 4, 0, 0, 0, 0, 0, 34, 0, 0, 0, 102)
5 (1, 4, 111, 94, 0, 0, 0, 0, 0, 0, 0, 140)
6 (1, 4, 62, 265, 0, 0, 0, 0, 0, 0, 0, 238)
7 (1, 4, 363, 365, 0, 0, 0, 64, 0, 0, 0, 109)
8 (1, 4, 20, 286, 0, 0, 135, 150, 1, 0, 0, 141)
9 (1, 4, 92, 158, 0, 0, 159, 146, 1, 0, 0, 161)
10 (1, 4, 0, 31, 0, 0, 117, 127, 0, 0, 0, 104)
11 (1, 4, 0, 32, 84, 0, 74, 94, 1, 0, 0, 157)
12 (1, 4, 77, 0, 268, 0, 217, 204, 0, 0, 0, 77)
13 (1, 4, 0, 0, 777, 0, 188, 185, 0, 0, 0, 226)
14 (1, 4, 85, 0, 778, 0, 0, 25, 0, 0, 0, 179)
15 (1, 4, 0, 0, 230, 0, 0, 31, 1, 0, 0, 179)
16 (1, 4, 0, 0, 0, 5, 0, 34, 0, 0, 0, 5)
17 (1, 4, 0, 47, 0, 0, 0, 76, 0, 0, 0, 215)
18 (1, 4, 0, 18, 0, 0, 0, 68, 0, 0, 0, 66)
19 (1, 4, 0, 0, 0, 0, 0, 44, 0, 0, 0, 64)
20 (1, 4, 0, 0, 0, 0, 0, 17, 0, 0, 0, 114)
21 (1, 4, 0, 0, 80, 0, 0, 33, 0, 0, 0, 132)
22 (1, 4, 0, 0, 205, 0, 0, 10, 0, 0, 0, 81)
23 (1, 4, 0, 0, 441, 0, 0, 0, 0, 0, 0, 123)
24 (1, 4, 0, 0, 313, 0, 0, 20, 0, 0, 0, 44)
25 (1, 4, 0, 0, 533, 0, 0, 0, 0, 0, 0, 113)
26 (1, 4, 0, 0, 663, 0, 0, 1, 0, 0, 0, 112)
27 (1, 4, 145, 0, 573, 0, 0, 0, 0, 0, 0, 200)
28 (1, 4, 0, 248, 513, 0, 0, 0, 0, 0, 0, 194)
29 (1, 4, 0, 135, 136, 0, 0, 0, 0, 0, 0, 48)
30 (1, 4, 36, 52, 0, 0, 0, 0, 0, 0, 0, 248)
31 (1, 4, 48, 46, 0, 0, 5, 0, 0, 0, 0, 5)
0 (1, 4, 0, 0, 0, 0, 0, 0, 1, 0, 0, 28)
1 (1, 4, 0, 0, 0, 0, 0, 0, 0, 0, 0, 126)
2 (1, 4, 180, 0, 0, 0, 0, 11, 0, 0, 0, 248)
3 (1, 4, 210, 38, 0, 0, 11, 72, 0, 0, 0, 142)
4 (1, 4, 164, 43, 0, 0, 0, 46, 0, 0, 0, 186)
5 (1, 4, 1, 167, 0, 0, 0, 0, 0, 0, 0, 177)
6 (1, 4, 264, 345, 0, 0, 0, 0, 0, 0, 0, 13)
7 (1, 4, 177, 376, 0, 0, 109, 112, 1, 0, 0, 45)
8 (1, 4, 0, 222, 0, 0, 210, 227, 1, 0, 0, 170)
9 (1, 4, 23, 0, 0, 0, 103, 157, 0, 0, 0, 210)
10 (1, 4, 37, 0, 0, 0, 0, 62, 1, 0, 0, 185)
11 (1, 4, 106, 22, 0, 0, 0, 104, 0, 0, 0, 132)
12 (1, 4, 157, 0, 232, 0, 239, 214, 0, 0, 0, 223)
13 (1, 4, 0, 0, 599, 0, 144, 158, 0, 0, 0, 107)
14 (1, 4, 0, 0, 686, 0, 0, 3, 0, 0, 0, 96)
15 (1, 4, 0, 0, 259, 0, 0, 0, 0, 0, 0, 152)
16 (1, 4, 26, 13, 15, 0, 0, 30, 1, 0, 0, 224)
17 (1, 4, 0, 41, 0, 0, 0, 86, 1, 0, 0, 130)
18 (1, 4, 0, 21, 0, 0, 0, 89, 1, 0, 0, 177)
19 (1, 4, 0, 0, 3, 0, 0, 68, 0, 0, 0, 245)
20 (1, 4, 0, 33, 2, 0, 0, 20, 1, 0, 0, 226)
21 (1, 4, 0, 115, 3, 0, 0, 0, 0, 0, 0, 61)
22 (1, 4, 0, 66, 49, 0, 0, 0, 0, 0, 0, 133)
23 (1, 4, 0, 0, 156, 0, 0, 0, 0, 0, 0, 18)
24 (1, 4, 0, 0, 292, 0, 0, 0, 0, 0, 0, 131)
25 (1, 4, 0, 0, 300, 0, 0, 0, 0, 0, 0, 63)
26 (1, 4, 0, 0, 392, 0, 0, 0, 0, 0, 0, 110)
27 (1, 4, 0, 0, 285, 0, 0, 0, 0, 0, 0, 42)
28 (1, 4, 110, 0, 173, 0, 0, 0, 0, 0, 0, 29)
29 (1, 4, 0, 25, 12, 0, 0, 0, 0, 0, 0, 251)
30 (1, 4, 0, 69, 29, 0, 0, 0, 0, 0, 0, 155)
0 (1, 4, 813, 0, 0, 0, 0, 21, 0, 0, 0, 128)
1 (1, 4, 715, 0, 0, 0, 12, 44, 1, 0, 0, 250)
2 (1, 4, 291, 0, 164, 0, 26, 21, 1, 0, 0, 85)
3 (1, 4, 105, 0, 364, 0, 0, 0, 0, 0, 0, 244)
4 (1, 4, 217, 0, 251, 0, 0, 0, 0, 0, 0, 240)
5 (1, 4, 0, 0, 0, 0, 0, 3, 1, 0, 0, 122)
6 (1, 4, 136, 49, 0, 0, 0, 7, 0, 0, 0, 30)
7 (1, 4, 81, 200, 0, 0, 0, 0, 0, 0, 0, 40)
8 (1, 4, 493, 351, 0, 0, 0, 28, 1, 0, 0, 249)
9 (1, 4, 27, 274, 0, 0, 222, 219, 0, 0, 0, 254)
10 (1, 4, 72, 0, 0, 0, 264, 176, 0, 0, 0, 173)
11 (1, 4, 0, 26, 15, 8, 104, 61, 1, 0, 0, 230)
12 (1, 4, 0, 168, 86, 0, 0, 36, 1, 1, 0, 38)
13 (1, 4, 16, 87, 95, 0, 144, 202, 1, 0, 0, 236)
14 (1, 4, 0, 0, 560, 0, 220, 178, 0, 0, 0, 141)
15 (1, 4, 0, 0, 785, 0, 38, 100, 0, 0, 0, 255)
16 (1, 4, 0, 0, 439, 0, 0, 13, 0, 0, 0, 246)
17 (1, 4, 0, 0, 0, 0, 0, 23, 0, 0, 0, 190)
18 (1, 4, 0, 11, 0, 0, 17, 94, 0, 0, 0, 89)
19 (1, 4, 0, 0, 0, 0, 0, 80, 0, 0, 0, 232)
20 (1, 4, 0, 0, 0, 0, 0, 33, 0, 0, 0, 0)
21 (1, 4, 0, 4, 0, 0, 3, 4, 0, 0, 0, 90)
22 (1, 4, 0, 74, 0, 0, 0, 0, 0, 0, 0, 35)
23 (1, 4, 0, 37, 146, 0, 0, 5, 0, 0, 0, 216)
24 (1, 4, 0, 0, 302, 0, 0, 13, 0, 0, 0, 80)
25 (1, 4, 0, 0, 347, 0, 0, 0, 1, 0, 0, 194)
26 (1, 4, 0, 0, 678, 0, 0, 0, 0, 0, 0, 186)
27 (1, 4, 0, 0, 747, 0, 0, 0, 0, 0, 0, 55)
28 (1, 4, 282, 0, 160, 0, 0, 0, 1, 0, 0, 157)
29 (1, 4, 0, 0, 167, 0, 0, 0, 0, 0, 0, 148)
30 (1, 4, 0, 193, 71, 0, 0, 0, 0, 0, 0, 87)
31 (1, 4, 0, 189, 57, 0, 0, 0, 0, 0, 0, 169)
0 (1, 4, 169, 0, 33, 0, 0, 10, 0, 0, 0, 235)
1 (1, 4, 36, 0, 2, 0, 0, 18, 0, 0, 0, 196)
2 (1, 4, 136, 0, 0, 0, 0, 43, 0, 0, 0, 54)
3 (1, 4, 34, 6, 0, 0, 0, 44, 0, 0, 0, 44)
4 (1, 4, 9, 113, 0, 0, 0, 0, 0, 0, 0, 149)
5 (1, 4, 0, 353, 0, 0, 0, 0, 0, 0, 0, 111)
6 (1, 4, 219, 497, 0, 0, 0, 33, 1, 0, 0, 13)
7 (1, 4, 75, 413, 0, 0, 111, 235, 1, 0, 0, 242)
8 (1, 4, 50, 120, 0, 0, 125, 252, 0, 0, 0, 61)
9 (1, 4, 0, 0, 0, 0, 44, 137, 0, 0, 0, 238)
10 (1, 4, 65, 0, 112, 0, 0, 54, 0, 0, 0, 61)
11 (1, 4, 115, 0, 158, 0, 67, 201, 0, 0, 0, 234)
12 (1, 4, 0, 0, 465, 0, 224, 229, 0, 0, 0, 37)
13 (1, 4, 62, 0, 705, 0, 0, 35, 0, 0, 0, 238)
14 (1, 4, 0, 0, 549, 0, 0, 0, 0, 0, 0, 240)
15 (1, 4, 0, 0, 15, 0, 0, 0, 0, 0, 0, 39)
16 (1, 4, 4, 20, 0, 0, 0, 72, 0, 0, 0, 82)
17 (1, 4, 0, 0, 0, 0, 0, 81, 0, 0, 0, 55)
18 (1, 4, 0, 0, 0, 0, 0, 58, 0, 0, 0, 95)
19 (1, 4, 0, 59, 0, 0, 0, 31, 0, 0, 0, 156)
20 (1, 4, 0, 186, 19, 0, 0, 3, 0, 0, 0, 160)
21 (1, 4, 0, 147, 41, 0, 0, 0, 0, 0, 0, 16)
22 (1, 4, 0, 0, 139, 0, 0, 0, 0, 0, 0, 136)
23 (1, 4, 0, 0, 123, 0, 0, 0, 0, 0, 0, 3)
24 (1, 4, 0, 0, 54, 0, 0, 0, 0, 0, 0, 142)
25 (1, 4, 0, 0, 353, 0, 0, 0, 0, 0, 0, 178)
26 (1, 4, 0, 0, 669, 0, 0, 0, 0, 0, 0, 60)
27 (1, 4, 216, 0, 562, 0, 0, 0, 0, 0, 0, 102)
28 (1, 4, 29, 0, 310, 0, 0, 0, 0, 0, 0, 117)
29 (1, 4, 0, 82, 0, 0, 0, 0, 0, 0, 0, 241)
30 (1, 4, 0, 126, 0, 0, 0, 0, 0, 0, 0, 90)
31 (1, 4, 84, 0, 26, 0, 2, 0, 0, 0, 0, 49)
0 (1, 4, 0, 17, 0, 0, 13, 0, 0, 0, 0, 241)
1 (1, 4, 0, 4, 0, 0, 14, 0, 0, 0, 0, 116)
2 (1, 4, 0, 11, 0, 0, 11, 0, 0, 0, 0, 95)
3 (1, 4, 0, 27, 0, 0, 13, 0, 0, 0, 0, 47)
4 (1, 4, 0, 0, 0, 0, 9, 0, 0, 0, 0, 198)
5 (1, 4, 0, 114, 0, 0, 0, 0, 0, 0, 0, 51)
6 (1, 4, 28, 75, 0, 0, 0, 0, 0, 0, 0, 62)
7 (1, 4, 197, 76, 0, 0, 0, 0, 0, 0, 0, 62)
8 (1, 4, 302, 205, 0, 0, 0, 0, 0, 0, 0, 177)
9 (1, 4, 657, 374, 0, 0, 0, 0, 1, 0, 0, 145)
10 (1, 4, 873, 47, 0, 0, 0, 0, 0, 0, 0, 59)
11 (1, 4, 441, 0, 0, 0, 0, 14, 0, 0, 0, 22)
12 (1, 4, 507, 0, 0, 0, 0, 0, 1, 0, 0, 199)
13 (1, 4, 261, 0, 63, 0, 0, 0, 0, 0, 0, 146)
14 (1, 4, 244, 0, 121, 0, 0, 0, 0, 0, 0, 175)
15 (1, 4, 81, 0, 22, 0, 0, 0, 1, 0, 0, 117)
16 (1, 4, 68, 0, 0, 0, 0, 16, 0, 0, 0, 28)
17 (1, 4, 95, 40, 0, 0, 0, 44, 0, 0, 0, 2)
18 (1, 4, 137, 129, 0, 0, 0, 0, 0, 0, 0, 161)
19 (1, 4, 0, 425, 0, 0, 0, 0, 0, 0, 0, 94)
20 (1, 4, 217, 406, 0, 0, 29, 76, 0, 0, 0, 74)
21 (1, 4, 97, 387, 0, 0, 84, 225, 0, 0, 0, 207)
22 (1, 4, 106, 120, 0, 0, 105, 200, 0, 0, 0, 69)
23 (1, 4, 0, 3, 6, 0, 74, 127, 0, 0, 0, 48)
24 (1, 4, 116, 0, 171, 0, 88, 100, 0, 0, 0, 47)
25 (1, 4, 178, 0, 325, 0, 122, 172, 0, 0, 0, 41)
26 (1, 4, 0, 0, 627, 0, 108, 183, 0, 0, 0, 219)
27 (1, 4, 174, 0, 701, 0, 0, 77, 0, 0, 0, 65)
28 (1, 4, 0, 0, 308, 0, 0, 28, 0, 0, 0, 176)
29 (1, 4, 0, 0, 0, 0, 0, 0, 0, 0, 0, 126)
30 (1, 4, 11, 64, 0, 0, 0, 58, 0, 0, 0, 190)
31 (1, 4, 0, 89, 0, 0, 0, 80, 0, 0, 0, 12)
0 (1, 4, 194, 0, 7, 0, 0, 0, 0, 0, 0, 27)
1 (1, 4, 551, 0, 53, 0, 0, 0, 0, 0, 0, 220)
2 (1, 4, 725, 0, 60, 0, 0, 0, 0, 0, 0, 83)
3 (1, 4, 512, 0, 0, 0, 0, 9, 0, 0, 0, 79)
4 (1, 4, 125, 0, 0, 0, 0, 68, 1, 0, 0, 196)
5 (1, 4, 94, 0, 0, 0, 0, 60, 0, 0, 0, 174)
6 (1, 4, 215, 0, 0, 0, 0, 55, 0, 0, 0, 73)
7 (1, 4, 257, 0, 0, 0, 0, 24, 1, 0, 0, 41)
8 (1, 4, 260, 0, 0, 0, 6, 3, 0, 0, 0, 51)
9 (1, 4, 126, 0, 70, 0, 25, 0, 0, 0, 0, 51)
10 (1, 4, 79, 0, 182, 0, 0, 14, 0, 0, 0, 138)
11 (1, 4, 136, 0, 157, 0, 0, 1, 0, 0, 0, 60)
12 (1, 4, 145, 63, 0, 0, 0, 0, 0, 0, 0, 151)
13 (1, 4, 0, 386, 0, 0, 0, 0, 0, 0, 0, 247)
14 (1, 4, 228, 480, 0, 0, 0, 56, 0, 0, 0, 32)
15 (1, 4, 42, 322, 0, 0, 208, 261, 1, 0, 0, 148)
16 (1, 4, 19, 0, 0, 0, 105, 149, 0, 0, 0, 208)
17 (1, 4, 0, 0, 0, 0, 0, 43, 0, 0, 0, 83)
18 (1, 4, 49, 0, 0, 0, 12, 105, 0, 0, 0, 164)
19 (1, 4, 252, 0, 184, 0, 259, 232, 0, 0, 0, 93)
20 (1, 4, 7, 0, 728, 0, 198, 189, 0, 0, 0, 160)
21 (1, 4, 101, 0, 870, 0, 0, 66, 0, 0, 0, 105)
22 (1, 4, 0, 0, 166, 0, 0, 14, 0, 0, 0, 38)
23 (1, 4, 26, 0, 0, 6, 0, 8, 1, 0, 0, 56)
24 (1, 4, 35, 87, 0, 0, 7, 74, 0, 0, 0, 53)
25 (1, 4, 0, 81, 12, 0, 0, 81, 0, 0, 0, 130)
26 (1, 4, 0, 133, 65, 0, 0, 53, 0, 0, 0, 167)
27 (1, 4, 0, 155, 11, 0, 0, 14, 0, 0, 0, 84)
28 (1, 4, 0, 137, 0, 0, 0, 0, 0, 0, 0, 121)
29 (1, 4, 0, 52, 33, 0, 0, 0, 0, 0, 0, 109)
30 (1, 4, 0, 0, 217, 0, 0, 0, 0, 0, 0, 35)
31 (1, 4, 0, 0, 308, 0, 0, 0, 0, 0, 0, 252)
0 (1, 4, 437, 0, 0, 0, 0, 0, 0, 0, 0, 120)
1 (1, 4, 436, 188, 0, 0, 0, 0, 1, 0, 0, 223)
2 (1, 4, 537, 0, 0, 0, 0, 0, 0, 0, 0, 228)
3 (1, 4, 401, 0, 0, 0, 0, 66, 0, 0, 0, 123)
4 (1, 4, 244, 0, 0, 0, 0, 49, 0, 0, 0, 80)
5 (1, 4, 268, 0, 0, 0, 0, 1, 0, 0, 0, 235)
6 (1, 4, 73, 0, 113, 0, 0, 0, 0, 0, 0, 103)
7 (1, 4, 37, 0, 8, 0, 0, 0, 0, 0, 0, 51)
8 (1, 4, 1, 0, 0, 0, 0, 0, 0, 0, 0, 112)
9 (1, 4, 203, 63, 0, 0, 0, 0, 0, 0, 0, 146)
10 (1, 4, 220, 473, 0, 0, 0, 0, 0, 0, 0, 74)
11 (1, 4, 425, 403, 0, 0, 0, 0, 0, 0, 0, 141)
12 (1, 4, 9, 396, 0, 0, 153, 181, 0, 0, 0, 214)
13 (1, 4, 112, 131, 0, 0, 187, 198, 0, 0, 0, 252)
14 (1, 4, 8, 0, 0, 0, 78, 133, 0, 0, 0, 228)
15 (1, 4, 17, 0, 95, 0, 0, 49, 0, 0, 0, 224)
16 (1, 4, 86, 0, 293, 0, 274, 261, 0, 0, 0, 189)
17 (1, 4, 0, 0, 795, 0, 97, 157, 0, 0, 0, 150)
18 (1, 4, 0, 0, 699, 0, 0, 0, 0, 0, 0, 179)
19 (1, 4, 0, 0, 104, 0, 0, 0, 0, 0, 0, 199)
20 (1, 4, 0, 0, 0, 10, 0, 33, 0, 0, 0, 198)
21 (1, 4, 0, 20, 0, 0, 0, 98, 0, 0, 0, 152)
22 (1, 4, 0, 0, 0, 0, 0, 82, 0, 0, 0, 81)
23 (1, 4, 0, 0, 0, 0, 0, 67, 0, 0, 0, 93)
24 (1, 4, 0, 109, 0, 0, 0, 16, 0, 0, 0, 48)
25 (1, 4, 0, 246, 0, 0, 0, 4, 0, 0, 0, 157)
26 (1, 4, 0, 34, 0, 0, 6, 0, 0, 0, 0, 192)
27 (1, 4, 0, 0, 128, 0, 0, 5, 0, 0, 0, 37)
28 (1, 4, 0, 0, 342, 0, 0, 0, 0, 0, 0, 214)
29 (1, 4, 0, 0, 457, 0, 0, 0, 0, 0, 0, 1)
0 (1, 4, 873, 30, 0, 0, 0, 39, 0, 0, 0, 159)
1 (1, 4, 793, 0, 0, 0, 0, 70, 0, 0, 0, 111)
2 (1, 4, 336, 0, 0, 0, 0, 58, 0, 0, 0, 52)
3 (1, 4, 409, 0, 23, 0, 7, 0, 0, 0, 0, 5)
4 (1, 4, 0, 0, 153, 0, 0, 0, 0, 0, 0, 216)
5 (1, 4, 109, 0, 60, 0, 0, 0, 0, 0, 0, 21)
6 (1, 4, 59, 34, 0, 0, 0, 0, 0, 0, 0, 148)
7 (1, 4, 235, 50, 0, 0, 0, 16, 0, 0, 0, 90)
8 (1, 4, 105, 149, 0, 0, 0, 52, 0, 0, 0, 70)
9 (1, 4, 64, 193, 0, 0, 0, 0, 0, 0, 0, 192)
10 (1, 4, 0, 379, 0, 0, 0, 0, 0, 0, 0, 208)
11 (1, 4, 28, 387, 0, 0, 173, 186, 0, 0, 0, 35)
12 (1, 4, 124, 108, 0, 0, 168, 271, 0, 0, 0, 152)
13 (1, 4, 0, 0, 0, 0, 43, 108, 1, 0, 0, 32)
14 (1, 4, 49, 52, 60, 0, 1, 29, 1, 0, 0, 197)
15 (1, 4, 76, 64, 161, 0, 71, 223, 0, 0, 0, 48)
16 (1, 4, 0, 0, 618, 0, 168, 180, 0, 0, 0, 39)
17 (1, 4, 25, 0, 664, 0, 0, 0, 0, 0, 0, 104)
18 (1, 4, 0, 0, 222, 0, 0, 0, 0, 0, 0, 198)
19 (1, 4, 0, 2, 0, 7, 0, 36, 0, 0, 0, 154)
20 (1, 4, 0, 35, 0, 0, 0, 98, 0, 0, 0, 57)
21 (1, 4, 0, 9, 0, 0, 0, 88, 0, 0, 0, 4)
22 (1, 4, 0, 10, 0, 0, 0, 83, 0, 0, 0, 80)
23 (1, 4, 0, 26, 0, 0, 0, 66, 0, 0, 0, 61)
24 (1, 4, 0, 40, 0, 0, 0, 69, 0, 0, 0, 224)
25 (1, 4, 0, 2, 0, 0, 0, 65, 0, 0, 0, 137)
26 (1, 4, 0, 0, 0, 0, 0, 68, 0, 0, 0, 78)
27 (1, 4, 0, 0, 0, 0, 0, 27, 0, 0, 0, 33)
28 (1, 4, 0, 0, 8, 0, 0, 17, 0, 0, 0, 206)
29 (1, 4, 0, 0, 106, 4, 0, 0, 0, 0, 0, 148)

