0 (1, 4, 0, 230, 0, 0, 0, 19, 0, 0, 0, 60)
1 (1, 4, 181, 0, 0, 0, 0, 13, 0, 0, 0, 58)
2 (1, 4, 0, 0, 0, 0, 0, 24, 0, 0, 0, 71)
3 (1, 4, 203, 0, 0, 0, 0, 69, 1, 0, 0, 13)
4 (1, 4, 209, 0, 0, 0, 97, 11, 1, 0, 0, 140)
5 (1, 4, 407, 0, 127, 0, 11, 0, 0, 0, 0, 202)
6 (1, 4, 197, 0, 128, 0, 0, 0, 1, 0, 0, 71)
7 (1, 4, 173, 0, 0, 0, 0, 0, 1, 0, 0, 136)
8 (1, 4, 154, 24, 0, 0, 0, 26, 1, 0, 0, 215)
9 (1, 4, 55, 74, 0, 0, 0, 0, 1, 0, 0, 76)
10 (1, 4, 31, 381, 0, 0, 0, 0, 2, 0, 0, 25)
11 (1, 4, 334, 687, 0, 0, 0, 0, 1, 0, 0, 124)
12 (1, 4, 191, 506, 0, 0, 272, 348, 1, 0, 0, 216)
13 (1, 4, 126, 0, 0, 0, 337, 309, 1, 0, 0, 226)
14 (1, 4, 128, 0, 352, 0, 165, 101, 1, 0, 0, 188)
15 (1, 4, 108, 0, 568, 0, 166, 232, 1, 0, 0, 49)
16 (1, 4, 0, 0, 673, 0, 0, 27, 1, 0, 0, 98)
17 (1, 4, 70, 0, 303, 0, 0, 0, 1, 0, 0, 75)
18 (1, 4, 15, 27, 0, 51, 0, 38, 1, 0, 0, 30)
19 (1, 4, 0, 15, 0, 13, 0, 121, 1, 0, 0, 52)
20 (1, 4, 0, 0, 0, 8, 0, 85, 1, 0, 0, 216)
21 (1, 4, 0, 0, 0, 0, 0, 110, 1, 0, 0, 222)
22 (1, 4, 0, 49, 0, 0, 0, 67, 1, 0, 0, 41)
23 (1, 4, 0, 0, 0, 0, 0, 57, 0, 0, 0, 57)
24 (1, 4, 0, 0, 0, 0, 20, 5, 1, 0, 0, 208)
25 (1, 4, 0, 0, 24, 0, 53, 0, 1, 0, 0, 205)
26 (1, 4, 0, 0, 172, 0, 29, 63, 0, 0, 0, 198)
27 (1, 4, 0, 0, 420, 0, 0, 0, 0, 0, 0, 114)
28 (1, 4, 0, 0, 563, 0, 0, 0, 0, 0, 0, 254)
29 (1, 4, 60, 0, 587, 0, 0, 0, 0, 0, 0, 87)
0 (1, 4, 0, 266, 21, 0, 0, 0, 0, 0, 0, 240)
1 (1, 4, 0, 126, 0, 0, 0, 0, 0, 0, 0, 90)
2 (1, 4, 0, 78, 48, 0, 0, 0, 0, 0, 0, 120)
3 (1, 4, 0, 7, 7, 0, 0, 0, 1, 0, 0, 251)
4 (1, 4, 20, 226, 0, 0, 0, 0, 1, 0, 0, 233)
5 (1, 4, 477, 183, 0, 0, 0, 0, 3, 2, 0, 150)
6 (1, 4, 538, 50, 0, 0, 0, 0, 2, 0, 0, 252)
7 (1, 4, 86, 0, 0, 0, 80, 56, 1, 0, 0, 86)
8 (1, 4, 0, 0, 85, 0, 73, 0, 0, 0, 0, 146)
9 (1, 4, 0, 0, 0, 0, 0, 0, 1, 0, 0, 28)
10 (1, 4, 24, 171, 12, 0, 0, 0, 1, 0, 0, 198)
11 (1, 4, 61, 44, 0, 0, 0, 0, 0, 0, 0, 180)
12 (1, 4, 229, 113, 0, 0, 0, 0, 1, 0, 0, 228)
13 (1, 4, 873, 308, 0, 0, 0, 0, 1, 0, 0, 182)
14 (1, 4, 873, 681, 0, 0, 24, 0, 0, 0, 0, 4)
15 (1, 4, 289, 704, 0, 0, 155, 186, 1, 0, 0, 200)
16 (1, 4, 177, 283, 0, 0, 162, 285, 1, 0, 0, 190)
17 (1, 4, 0, 19, 0, 0, 33, 168, 1, 0, 0, 16)
18 (1, 4, 82, 0, 73, 0, 9, 98, 1, 0, 0, 95)
19 (1, 4, 212, 0, 230, 0, 166, 252, 1, 0, 0, 215)
20 (1, 4, 133, 0, 661, 0, 201, 178, 1, 0, 0, 22)
21 (1, 4, 0, 0, 821, 0, 0, 43, 0, 0, 0, 255)
22 (1, 4, 0, 0, 276, 0, 0, 0, 0, 0, 0, 2)
23 (1, 4, 23, 0, 0, 30, 0, 19, 1, 0, 0, 46)
24 (1, 4, 0, 11, 0, 0, 0, 95, 1, 0, 0, 24)
25 (1, 4, 0, 0, 0, 0, 0, 70, 0, 0, 0, 247)
26 (1, 4, 0, 18, 0, 0, 0, 51, 1, 0, 0, 4)
27 (1, 4, 0, 0, 0, 0, 0, 24, 1, 0, 0, 37)
28 (1, 4, 0, 148, 0, 0, 7, 0, 0, 0, 0, 172)
29 (1, 4, 0, 200, 0, 0, 0, 0, 1, 0, 0, 45)
30 (1, 4, 0, 29, 0, 0, 0, 21, 0, 0, 0, 186)
31 (1, 4, 0, 0, 0, 0, 0, 0, 0, 0, 0, 126)
0 (1, 4, 0, 10, 0, 0, 0, 30, 0, 0, 0, 85)
1 (1, 4, 0, 7, 0, 0, 0, 31, 0, 0, 0, 86)
2 (1, 4, 0, 37, 11, 0, 0, 30, 0, 0, 0, 33)
3 (1, 4, 0, 69, 19, 0, 0, 18, 0, 0, 0, 60)
4 (1, 4, 0, 374, 130, 0, 0, 0, 1, 1, 0, 219)
5 (1, 4, 0, 506, 0, 0, 0, 0, 0, 0, 0, 100)
6 (1, 4, 0, 720, 0, 0, 0, 0, 0, 0, 0, 80)
7 (1, 4, 9, 93, 0, 0, 0, 0, 1, 0, 0, 92)
8 (1, 4, 107, 17, 0, 0, 0, 0, 1, 0, 0, 228)
9 (1, 4, 149, 38, 0, 0, 0, 0, 0, 0, 0, 200)
10 (1, 4, 239, 305, 0, 0, 0, 0, 1, 0, 0, 238)
11 (1, 4, 840, 0, 0, 0, 0, 0, 0, 0, 0, 129)
12 (1, 4, 873, 0, 0, 0, 64, 0, 0, 0, 0, 82)
13 (1, 4, 137, 0, 0, 0, 0, 0, 0, 0, 0, 21)
14 (1, 4, 438, 0, 0, 0, 0, 0, 1, 0, 0, 8)
15 (1, 4, 200, 0, 0, 0, 0, 13, 0, 0, 0, 210)
16 (1, 4, 67, 0, 0, 0, 0, 13, 0, 0, 0, 165)
17 (1, 4, 77, 64, 0, 0, 0, 0, 0, 0, 0, 50)
18 (1, 4, 204, 249, 0, 0, 0, 0, 1, 0, 0, 239)
19 (1, 4, 261, 506, 0, 0, 0, 0, 0, 0, 0, 80)
20 (1, 4, 229, 539, 0, 0, 70, 87, 1, 0, 0, 56)
21 (1, 4, 121, 442, 0, 0, 109, 220, 1, 0, 0, 154)
22 (1, 4, 0, 219, 0, 0, 83, 212, 1, 0, 0, 233)
23 (1, 4, 42, 1, 0, 0, 61, 168, 1, 0, 0, 16)
24 (1, 4, 45, 0, 241, 0, 155, 237, 1, 0, 0, 87)
25 (1, 4, 0, 0, 610, 0, 201, 254, 1, 0, 0, 129)
26 (1, 4, 0, 0, 720, 0, 0, 23, 0, 0, 0, 113)
27 (1, 4, 0, 0, 292, 0, 0, 0, 1, 0, 0, 225)
28 (1, 4, 68, 0, 62, 2, 0, 0, 1, 0, 0, 223)
29 (1, 4, 1, 37, 17, 3, 0, 56, 0, 0, 0, 143)
30 (1, 4, 0, 15, 0, 0, 0, 79, 1, 0, 0, 17)
31 (1, 4, 0, 6, 0, 0, 0, 68, 1, 0, 0, 155)
0 (1, 4, 0, 6, 0, 0, 0, 0, 0, 0, 0, 201)
1 (1, 4, 0, 0, 3, 0, 0, 0, 0, 0, 0, 197)
2 (1, 4, 0, 88, 0, 0, 0, 0, 1, 0, 0, 77)
3 (1, 4, 0, 138, 13, 0, 0, 0, 0, 0, 0, 215)
4 (1, 4, 44, 277, 0, 0, 0, 0, 0, 0, 0, 26)
5 (1, 4, 176, 105, 0, 0, 0, 0, 0, 0, 0, 11)
6 (1, 4, 259, 31, 0, 0, 0, 0, 0, 0, 0, 190)
7 (1, 4, 400, 0, 0, 0, 24, 10, 0, 0, 0, 158)
8 (1, 4, 279, 0, 0, 0, 14, 0, 1, 0, 0, 4)
9 (1, 4, 321, 0, 26, 0, 0, 0, 0, 0, 0, 23)
10 (1, 4, 161, 0, 0, 0, 0, 0, 1, 0, 0, 192)
11 (1, 4, 190, 0, 0, 0, 0, 0, 1, 0, 0, 122)
12 (1, 4, 190, 48, 0, 0, 0, 0, 1, 0, 0, 217)
13 (1, 4, 236, 188, 0, 0, 0, 0, 1, 0, 0, 196)
14 (1, 4, 257, 423, 0, 0, 0, 0, 2, 0, 0, 146)
15 (1, 4, 248, 582, 0, 0, 10, 28, 2, 0, 0, 247)
16 (1, 4, 106, 451, 0, 0, 97, 218, 1, 0, 0, 160)
17 (1, 4, 5, 169, 0, 0, 82, 226, 2, 0, 0, 243)
18 (1, 4, 10, 0, 13, 0, 50, 150, 2, 1, 0, 36)
19 (1, 4, 0, 0, 176, 0, 84, 189, 1, 0, 0, 168)
20 (1, 4, 0, 0, 524, 0, 238, 293, 1, 0, 0, 149)
21 (1, 4, 0, 0, 743, 0, 0, 0, 1, 0, 0, 183)
22 (1, 4, 0, 0, 276, 0, 0, 0, 1, 0, 0, 96)
23 (1, 4, 110, 0, 100, 2, 0, 12, 1, 0, 0, 252)
24 (1, 4, 21, 28, 18, 1, 0, 89, 2, 0, 0, 136)
25 (1, 4, 0, 0, 0, 0, 0, 84, 1, 0, 0, 255)
26 (1, 4, 0, 44, 0, 0, 0, 44, 1, 0, 0, 137)
27 (1, 4, 0, 94, 0, 0, 0, 21, 1, 0, 0, 131)
28 (1, 4, 0, 210, 0, 0, 0, 0, 0, 0, 0, 240)
29 (1, 4, 0, 249, 0, 0, 0, 0, 0, 0, 0, 89)
0 (1, 4, 11, 0, 0, 0, 0, 0, 0, 0, 0, 28)
1 (1, 4, 195, 0, 0, 0, 0, 0, 1, 0, 0, 146)
2 (1, 4, 151, 0, 17, 0, 0, 0, 0, 0, 0, 74)
3 (1, 4, 166, 0, 17, 0, 0, 0, 0, 0, 0, 99)
4 (1, 4, 171, 0, 0, 0, 0, 0, 1, 0, 0, 172)
5 (1, 4, 216, 0, 0, 0, 0, 0, 1, 0, 0, 16)
6 (1, 4, 276, 10, 0, 0, 0, 0, 0, 0, 0, 122)
7 (1, 4, 352, 86, 0, 0, 0, 0, 1, 0, 0, 5)
8 (1, 4, 265, 342, 0, 0, 0, 0, 1, 0, 0, 208)
9 (1, 4, 487, 558, 0, 0, 0, 0, 1, 0, 0, 100)
10 (1, 4, 223, 549, 0, 0, 93, 162, 1, 0, 0, 12)
11 (1, 4, 193, 285, 0, 0, 98, 187, 1, 0, 0, 71)
12 (1, 4, 46, 77, 0, 0, 69, 167, 1, 0, 0, 104)
13 (1, 4, 1, 11, 0, 0, 55, 101, 1, 0, 0, 215)
14 (1, 4, 0, 8, 180, 0, 90, 153, 1, 0, 0, 65)
15 (1, 4, 0, 0, 564, 0, 182, 228, 1, 0, 0, 207)
16 (1, 4, 0, 0, 685, 0, 53, 119, 1, 0, 0, 233)
17 (1, 4, 0, 0, 527, 0, 0, 0, 1, 0, 0, 255)
18 (1, 4, 0, 0, 18, 0, 0, 0, 2, 0, 0, 234)
19 (1, 4, 7, 4, 0, 2, 0, 66, 1, 0, 0, 46)
20 (1, 4, 0, 7, 0, 0, 0, 79, 1, 0, 0, 162)
21 (1, 4, 0, 23, 0, 0, 0, 77, 1, 0, 0, 122)
22 (1, 4, 0, 32, 0, 0, 0, 65, 1, 0, 0, 68)
23 (1, 4, 0, 64, 0, 0, 0, 38, 0, 0, 0, 144)
24 (1, 4, 0, 47, 0, 0, 0, 1, 1, 0, 0, 176)
25 (1, 4, 0, 130, 0, 0, 0, 0, 0, 0, 0, 18)
26 (1, 4, 0, 34, 0, 1, 0, 0, 0, 0, 0, 206)
27 (1, 4, 0, 0, 166, 0, 0, 0, 0, 0, 0, 0)
28 (1, 4, 0, 0, 148, 0, 0, 0, 0, 0, 0, 174)
29 (1, 4, 0, 0, 61, 0, 0, 0, 0, 0, 0, 137)
0 (1, 4, 47, 0, 25, 0, 0, 0, 0, 0, 0, 180)
1 (1, 4, 73, 0, 26, 0, 0, 0, 0, 0, 0, 101)
2 (1, 4, 79, 0, 2, 0, 0, 0, 0, 0, 0, 130)
3 (1, 4, 7, 21, 0, 0, 0, 0, 0, 0, 0, 90)
4 (1, 4, 0, 0, 0, 0, 0, 0, 0, 0, 0, 126)
5 (1, 4, 0, 263, 0, 0, 0, 0, 0, 0, 0, 153)
6 (1, 4, 0, 247, 0, 0, 0, 0, 0, 0, 0, 93)
7 (1, 4, 6, 129, 83, 0, 0, 0, 0, 0, 0, 209)
8 (1, 4, 216, 24, 212, 0, 0, 0, 0, 0, 0, 139)
9 (1, 4, 419, 0, 124, 0, 0, 0, 0, 0, 0, 36)
10 (1, 4, 0, 0, 0, 0, 0, 0, 0, 0, 0, 126)
11 (1, 4, 378, 0, 0, 0, 0, 0, 1, 0, 0, 220)
12 (1, 4, 607, 0, 0, 0, 0, 0, 1, 0, 0, 43)
13 (1, 4, 552, 0, 0, 0, 0, 0, 1, 0, 0, 175)
14 (1, 4, 579, 0, 100, 0, 0, 0, 1, 0, 0, 216)
15 (1, 4, 199, 0, 0, 0, 0, 0, 2, 0, 0, 12)
16 (1, 4, 276, 28, 0, 0, 0, 2, 2, 0, 0, 209)
17 (1, 4, 191, 49, 0, 0, 0, 47, 1, 0, 0, 58)
18 (1, 4, 126, 105, 0, 0, 0, 36, 1, 0, 0, 117)
19 (1, 4, 112, 176, 0, 0, 0, 0, 2, 0, 0, 182)
20 (1, 4, 85, 396, 0, 0, 0, 0, 1, 0, 0, 206)
21 (1, 4, 331, 473, 0, 0, 0, 1, 1, 0, 0, 42)
22 (1, 4, 160, 499, 0, 0, 119, 156, 2, 0, 0, 72)
23 (1, 4, 88, 263, 0, 0, 135, 198, 1, 0, 0, 189)
24 (1, 4, 183, 0, 0, 0, 74, 181, 1, 0, 0, 127)
25 (1, 4, 0, 0, 140, 0, 84, 109, 1, 0, 0, 215)
26 (1, 4, 102, 0, 414, 0, 186, 161, 1, 0, 0, 19)
27 (1, 4, 0, 0, 713, 0, 169, 138, 1, 0, 0, 220)
28 (1, 4, 20, 0, 715, 0, 0, 0, 1, 0, 0, 115)
29 (1, 4, 0, 0, 75, 0, 0, 9, 1, 0, 0, 213)
0 (1, 4, 198, 0, 27, 0, 0, 0, 1, 0, 0, 220)
1 (1, 4, 274, 0, 0, 0, 0, 21, 1, 0, 0, 155)
2 (1, 4, 177, 29, 8, 0, 0, 48, 1, 0, 0, 83)
3 (1, 4, 188, 11, 0, 0, 0, 35, 2, 0, 0, 108)
4 (1, 4, 142, 161, 0, 0, 0, 0, 1, 0, 0, 43)
5 (1, 4, 242, 393, 0, 0, 0, 0, 1, 0, 0, 89)
6 (1, 4, 313, 546, 0, 0, 109, 65, 2, 0, 0, 85)
7 (1, 4, 229, 381, 0, 0, 178, 178, 2, 0, 0, 193)
8 (1, 4, 37, 157, 0, 0, 132, 181, 1, 0, 0, 212)
9 (1, 4, 0, 40, 37, 0, 46, 110, 2, 0, 0, 224)
10 (1, 4, 1, 0, 138, 0, 74, 166, 1, 0, 0, 190)
11 (1, 4, 0, 0, 586, 0, 291, 282, 1, 0, 0, 242)
12 (1, 4, 0, 0, 780, 0, 12, 24, 2, 0, 0, 164)
13 (1, 4, 0, 0, 381, 0, 0, 0, 1, 0, 0, 77)
14 (1, 4, 0, 0, 0, 22, 0, 12, 1, 0, 0, 54)
15 (1, 4, 2, 34, 0, 0, 0, 92, 1, 0, 0, 166)
16 (1, 4, 0, 17, 0, 0, 0, 84, 1, 0, 0, 43)
17 (1, 4, 0, 41, 0, 0, 0, 61, 1, 0, 0, 234)
18 (1, 4, 0, 86, 0, 0, 0, 45, 1, 0, 0, 168)
19 (1, 4, 0, 136, 0, 0, 0, 6, 0, 0, 0, 0)
20 (1, 4, 0, 164, 0, 0, 0, 8, 0, 0, 0, 141)
21 (1, 4, 0, 0, 0, 0, 0, 5, 0, 0, 0, 212)
22 (1, 4, 0, 0, 31, 0, 0, 3, 0, 0, 0, 62)
23 (1, 4, 0, 0, 117, 0, 0, 0, 0, 0, 0, 206)
24 (1, 4, 0, 0, 157, 0, 0, 0, 0, 0, 0, 134)
25 (1, 4, 0, 0, 187, 0, 0, 0, 0, 0, 0, 9)
26 (1, 4, 0, 0, 183, 0, 0, 0, 0, 0, 0, 235)
27 (1, 4, 21, 0, 126, 0, 0, 0, 0, 0, 0, 31)
28 (1, 4, 59, 18, 0, 0, 0, 0, 0, 0, 0, 55)
29 (1, 4, 45, 24, 0, 0, 0, 0, 0, 0, 0, 45)
0 (1, 4, 190, 159, 47, 0, 0, 21, 0, 0, 0, 23)
1 (1, 4, 289, 0, 0, 0, 0, 105, 0, 0, 0, 100)
2 (1, 4, 377, 0, 0, 0, 0, 183, 2, 0, 0, 131)
3 (1, 4, 218, 0, 0, 0, 0, 87, 1, 0, 0, 137)
4 (1, 4, 407, 0, 88, 0, 0, 0, 1, 0, 0, 249)
5 (1, 4, 236, 0, 25, 0, 0, 0, 2, 0, 0, 254)
6 (1, 4, 198, 0, 0, 0, 0, 0, 1, 0, 0, 164)
7 (1, 4, 243, 86, 0, 0, 0, 39, 1, 0, 0, 82)
8 (1, 4, 89, 53, 0, 0, 0, 79, 2, 0, 0, 221)
9 (1, 4, 0, 129, 0, 0, 0, 0, 1, 0, 0, 168)
10 (1, 4, 246, 333, 0, 0, 0, 0, 1, 0, 0, 57)
11 (1, 4, 280, 333, 0, 0, 171, 163, 1, 0, 0, 10)
12 (1, 4, 125, 124, 0, 0, 146, 148, 1, 0, 0, 210)
13 (1, 4, 15, 30, 0, 0, 174, 93, 1, 0, 0, 28)
14 (1, 4, 0, 100, 123, 0, 37, 83, 1, 0, 0, 157)
15 (1, 4, 0, 78, 124, 0, 0, 103, 1, 0, 0, 244)
16 (1, 4, 0, 0, 494, 0, 286, 162, 1, 0, 0, 172)
17 (1, 4, 0, 0, 827, 0, 72, 84, 1, 0, 0, 69)
18 (1, 4, 0, 0, 466, 0, 0, 0, 2, 0, 0, 189)
19 (1, 4, 6, 0, 59, 0, 0, 20, 1, 0, 0, 24)
20 (1, 4, 0, 19, 0, 0, 0, 106, 1, 0, 0, 18)
21 (1, 4, 0, 0, 0, 0, 0, 78, 2, 0, 0, 217)
22 (1, 4, 0, 13, 0, 0, 0, 70, 1, 0, 0, 73)
23 (1, 4, 0, 10, 0, 0, 0, 83, 1, 0, 0, 50)
24 (1, 4, 0, 23, 0, 0, 0, 40, 1, 0, 0, 52)
25 (1, 4, 0, 29, 0, 0, 0, 0, 0, 0, 0, 195)
26 (1, 4, 0, 162, 0, 0, 0, 22, 0, 0, 0, 207)
27 (1, 4, 0, 222, 0, 0, 0, 39, 1, 0, 0, 73)
28 (1, 4, 0, 0, 0, 0, 0, 37, 0, 0, 0, 117)
29 (1, 4, 0, 0, 0, 0, 0, 12, 0, 0, 0, 225)
30 (1, 4, 0, 0, 92, 0, 0, 0, 0, 0, 0, 24)
31 (1, 4, 0, 0, 141, 0, 0, 0, 0, 0, 0, 249)
0 (1, 4, 0, 80, 0, 0, 0, 0, 0, 0, 0, 156)
1 (1, 4, 231, 173, 0, 0, 0, 0, 0, 0, 0, 16)
2 (1, 4, 158, 138, 0, 0, 0, 0, 1, 0, 0, 98)
3 (1, 4, 284, 0, 0, 0, 0, 0, 0, 0, 0, 212)
4 (1, 4, 139, 0, 0, 0, 13, 9, 0, 0, 0, 103)
5 (1, 4, 557, 0, 72, 0, 43, 0, 2, 0, 0, 63)
6 (1, 4, 234, 0, 91, 0, 0, 0, 1, 0, 0, 168)
7 (1, 4, 229, 0, 14, 0, 0, 0, 0, 0, 0, 222)
8 (1, 4, 301, 0, 0, 0, 0, 15, 1, 0, 0, 102)
9 (1, 4, 238, 0, 0, 0, 0, 33, 1, 0, 0, 109)
10 (1, 4, 317, 131, 0, 0, 0, 0, 1, 0, 0, 166)
11 (1, 4, 220, 389, 0, 0, 0, 0, 1, 0, 0, 163)
12 (1, 4, 380, 457, 0, 0, 47, 0, 2, 0, 0, 155)
13 (1, 4, 267, 357, 0, 0, 267, 269, 1, 0, 0, 135)
14 (1, 4, 0, 64, 0, 0, 160, 187, 2, 0, 0, 116)
15 (1, 4, 6, 0, 26, 0, 0, 49, 2, 0, 0, 223)
16 (1, 4, 0, 45, 29, 0, 29, 101, 2, 0, 0, 61)
17 (1, 4, 0, 0, 262, 0, 205, 179, 1, 0, 0, 219)
18 (1, 4, 0, 0, 544, 0, 156, 163, 1, 0, 0, 134)
19 (1, 4, 0, 0, 696, 0, 0, 19, 2, 0, 0, 121)
20 (1, 4, 0, 0, 186, 0, 0, 0, 1, 0, 0, 255)
21 (1, 4, 10, 26, 0, 15, 0, 62, 1, 0, 0, 62)
22 (1, 4, 0, 29, 0, 0, 0, 112, 2, 0, 0, 48)
23 (1, 4, 0, 7, 0, 0, 0, 83, 1, 0, 0, 238)
24 (1, 4, 0, 19, 0, 0, 0, 70, 1, 0, 0, 44)
25 (1, 4, 0, 27, 0, 0, 0, 43, 1, 0, 0, 59)
26 (1, 4, 0, 104, 0, 0, 0, 0, 1, 0, 0, 238)
27 (1, 4, 0, 199, 0, 0, 0, 11, 0, 0, 0, 114)
28 (1, 4, 0, 144, 0, 0, 0, 15, 1, 0, 0, 133)
29 (1, 4, 0, 0, 0, 0, 0, 14, 0, 0, 0, 88)
30 (1, 4, 0, 0, 72, 0, 0, 0, 0, 0, 0, 57)
31 (1, 4, 0, 0, 200, 0, 0, 0, 0, 0, 0, 200)
0 (1, 4, 28, 6, 0, 0, 0, 0, 0, 0, 0, 97)
1 (1, 4, 0, 0, 0, 0, 0, 0, 0, 0, 0, 126)
2 (1, 4, 0, 15, 0, 0, 0, 0, 0, 0, 0, 207)
3 (1, 4, 125, 10, 0, 0, 0, 0, 0, 0, 0, 72)
4 (1, 4, 47, 256, 0, 0, 0, 0, 0, 0, 0, 6)
5 (1, 4, 366, 0, 0, 0, 0, 0, 0, 0, 0, 102)
6 (1, 4, 357, 0, 0, 0, 0, 0, 1, 0, 0, 102)
7 (1, 4, 404, 0, 0, 0, 52, 5, 1, 0, 0, 18)
8 (1, 4, 404, 0, 114, 0, 4, 0, 0, 0, 0, 7)
9 (1, 4, 260, 0, 160, 0, 0, 0, 1, 0, 0, 41)
10 (1, 4, 239, 0, 145, 0, 0, 16, 1, 0, 0, 212)
11 (1, 4, 90, 0, 70, 0, 0, 25, 0, 0, 0, 23)
12 (1, 4, 116, 25, 65, 0, 0, 0, 1, 0, 0, 130)
13 (1, 4, 230, 212, 0, 0, 0, 0, 1, 0, 0, 90)
14 (1, 4, 377, 459, 0, 0, 0, 0, 0, 0, 0, 160)
15 (1, 4, 304, 569, 0, 0, 87, 66, 1, 0, 0, 90)
16 (1, 4, 115, 265, 0, 0, 206, 249, 1, 0, 0, 53)
17 (1, 4, 31, 0, 0, 0, 72, 122, 1, 0, 0, 25)
18 (1, 4, 1, 33, 41, 0, 0, 43, 1, 0, 0, 158)
19 (1, 4, 19, 1, 101, 0, 107, 167, 1, 0, 0, 241)
20 (1, 4, 0, 0, 474, 0, 173, 184, 1, 0, 0, 215)
21 (1, 4, 0, 0, 565, 0, 12, 118, 1, 0, 0, 52)
22 (1, 4, 0, 0, 523, 0, 0, 0, 1, 0, 0, 161)
23 (1, 4, 0, 0, 39, 0, 0, 0, 1, 0, 0, 7)
24 (1, 4, 34, 21, 0, 0, 0, 79, 0, 0, 0, 23)
25 (1, 4, 0, 0, 0, 0, 0, 81, 1, 0, 0, 85)
26 (1, 4, 0, 13, 0, 0, 0, 80, 1, 0, 0, 86)
27 (1, 4, 0, 5, 0, 0, 0, 66, 0, 0, 0, 237)
28 (1, 4, 0, 29, 0, 0, 0, 48, 1, 0, 0, 211)
29 (1, 4, 0, 25, 0, 0, 0, 28, 1, 0, 0, 55)
30 (1, 4, 0, 0, 0, 0, 0, 36, 0, 0, 0, 170)
31 (1, 4, 0, 0, 0, 8, 0, 9, 0, 0, 0, 179)
0 (1, 4, 18, 40, 44, 0, 0, 0, 0, 0, 0, 239)
1 (1, 4, 40, 49, 45, 0, 0, 0, 0, 0, 0, 87)
2 (1, 4, 0, 102, 0, 0, 0, 0, 0, 0, 0, 136)
3 (1, 4, 110, 244, 0, 0, 0, 0, 0, 0, 0, 159)
4 (1, 4, 255, 273, 0, 0, 0, 0, 0, 0, 0, 174)
5 (1, 4, 394, 0, 0, 0, 0, 72, 0, 0, 0, 170)
6 (1, 4, 422, 0, 0, 0, 50, 0, 1, 0, 0, 146)
7 (1, 4, 253, 0, 52, 0, 0, 0, 1, 0, 0, 62)
8 (1, 4, 209, 0, 55, 0, 0, 0, 0, 0, 0, 104)
9 (1, 4, 339, 0, 175, 0, 0, 0, 1, 0, 0, 51)
10 (1, 4, 290, 0, 151, 0, 0, 38, 1, 0, 0, 195)
11 (1, 4, 196, 0, 101, 0, 0, 46, 1, 0, 0, 240)
12 (1, 4, 164, 0, 37, 0, 0, 66, 1, 0, 0, 62)
13 (1, 4, 153, 5, 0, 0, 0, 40, 1, 0, 0, 179)
14 (1, 4, 258, 152, 0, 0, 0, 0, 1, 0, 0, 209)
15 (1, 4, 383, 411, 0, 0, 0, 0, 1, 0, 0, 4)
16 (1, 4, 207, 442, 0, 0, 222, 159, 2, 0, 0, 62)
17 (1, 4, 156, 150, 0, 0, 241, 195, 1, 0, 0, 0)
18 (1, 4, 0, 0, 0, 0, 125, 89, 2, 0, 0, 208)
19 (1, 4, 0, 14, 115, 0, 11, 36, 2, 0, 0, 225)
20 (1, 4, 0, 0, 190, 0, 144, 167, 1, 0, 0, 40)
21 (1, 4, 0, 0, 680, 0, 263, 207, 1, 0, 0, 88)
22 (1, 4, 0, 0, 803, 0, 0, 27, 1, 0, 0, 225)
23 (1, 4, 0, 0, 310, 0, 0, 4, 1, 0, 0, 196)
24 (1, 4, 0, 0, 24, 0, 0, 42, 1, 0, 0, 45)
25 (1, 4, 0, 48, 0, 0, 0, 90, 1, 0, 0, 122)
26 (1, 4, 17, 0, 0, 0, 0, 95, 1, 0, 0, 157)
27 (1, 4, 0, 14, 0, 0, 0, 68, 1, 0, 0, 40)
28 (1, 4, 0, 28, 0, 0, 0, 34, 1, 0, 0, 12)
29 (1, 4, 0, 98, 0, 0, 14, 14, 1, 0, 0, 198)
30 (1, 4, 0, 117, 0, 0, 22, 20, 0, 0, 0, 3)
0 (1, 4, 151, 0, 24, 0, 0, 10, 1, 0, 0, 83)
1 (1, 4, 87, 12, 43, 0, 0, 47, 0, 0, 0, 245)
2 (1, 4, 57, 12, 25, 0, 0, 69, 0, 0, 0, 246)
3 (1, 4, 4, 47, 0, 0, 0, 31, 2, 0, 0, 219)
4 (1, 4, 40, 131, 0, 0, 0, 0, 1, 0, 0, 114)
5 (1, 4, 259, 310, 0, 0, 0, 1, 1, 0, 0, 34)
6 (1, 4, 175, 379, 0, 0, 223, 168, 2, 0, 0, 95)
7 (1, 4, 35, 163, 0, 0, 248, 210, 1, 0, 0, 16)
8 (1, 4, 2, 0, 21, 0, 100, 98, 1, 0, 0, 28)
9 (1, 4, 0, 45, 141, 0, 0, 68, 1, 0, 0, 181)
10 (1, 4, 0, 0, 267, 0, 251, 226, 1, 0, 0, 125)
11 (1, 4, 0, 0, 731, 0, 260, 143, 1, 0, 0, 87)
12 (1, 4, 0, 0, 811, 0, 0, 0, 1, 0, 0, 2)
13 (1, 4, 0, 0, 87, 0, 0, 0, 1, 0, 0, 125)
14 (1, 4, 23, 53, 0, 7, 0, 71, 1, 0, 0, 17)
15 (1, 4, 0, 15, 0, 0, 0, 110, 1, 0, 0, 111)
16 (1, 4, 0, 0, 0, 0, 0, 85, 2, 0, 0, 134)
17 (1, 4, 0, 0, 0, 0, 0, 64, 1, 0, 0, 89)
18 (1, 4, 0, 36, 0, 0, 0, 23, 1, 0, 0, 196)
19 (1, 4, 0, 162, 0, 0, 0, 0, 1, 0, 0, 178)
20 (1, 4, 0, 175, 0, 4, 0, 5, 0, 0, 0, 218)
21 (1, 4, 0, 47, 26, 0, 0, 5, 0, 0, 0, 75)
22 (1, 4, 0, 0, 97, 0, 0, 0, 1, 0, 0, 141)
23 (1, 4, 0, 0, 179, 0, 0, 0, 0, 0, 0, 181)
24 (1, 4, 0, 0, 145, 0, 0, 0, 0, 0, 0, 100)
25 (1, 4, 13, 0, 138, 0, 0, 0, 0, 0, 0, 90)
26 (1, 4, 0, 0, 104, 0, 0, 0, 0, 0, 0, 199)
27 (1, 4, 105, 0, 54, 0, 0, 0, 0, 0, 0, 190)
28 (1, 4, 92, 0, 0, 0, 0, 0, 0, 0, 0, 95)
29 (1, 4, 0, 0, 0, 0, 0, 0, 0, 0, 0, 126)
0 (1, 4, 348, 0, 219, 0, 16, 15, 1, 0, 0, 49)
1 (1, 4, 0, 0, 166, 0, 0, 0, 1, 0, 0, 98)
2 (1, 4, 254, 0, 129, 0, 0, 0, 0, 0, 0, 244)
3 (1, 4, 44, 36, 0, 0, 0, 3, 2, 0, 0, 75)
4 (1, 4, 215, 38, 0, 0, 0, 52, 1, 0, 0, 56)
5 (1, 4, 93, 87, 0, 0, 0, 63, 0, 0, 0, 58)
6 (1, 4, 81, 163, 0, 0, 0, 0, 1, 0, 0, 96)
7 (1, 4, 49, 386, 0, 0, 0, 0, 1, 0, 0, 188)
8 (1, 4, 231, 478, 0, 0, 16, 9, 1, 0, 0, 223)
9 (1, 4, 183, 402, 0, 0, 244, 278, 1, 0, 0, 159)
10 (1, 4, 98, 49, 0, 0, 164, 242, 1, 0, 0, 134)
11 (1, 4, 0, 0, 106, 0, 0, 31, 1, 0, 0, 160)
12 (1, 4, 0, 67, 73, 0, 0, 68, 1, 0, 0, 164)
13 (1, 4, 53, 0, 233, 0, 275, 341, 1, 0, 0, 217)
14 (1, 4, 0, 0, 722, 0, 202, 186, 1, 0, 0, 74)
15 (1, 4, 0, 0, 721, 0, 0, 0, 1, 0, 0, 71)
16 (1, 4, 0, 0, 0, 13, 0, 0, 1, 0, 0, 135)
17 (1, 4, 0, 58, 8, 10, 8, 121, 1, 0, 0, 216)
18 (1, 4, 0, 13, 0, 0, 0, 91, 1, 0, 0, 218)
19 (1, 4, 0, 0, 0, 0, 0, 71, 1, 0, 0, 74)
20 (1, 4, 0, 23, 0, 0, 0, 21, 1, 0, 0, 6)
21 (1, 4, 0, 93, 0, 0, 7, 0, 1, 0, 0, 74)
22 (1, 4, 0, 133, 8, 0, 0, 1, 0, 0, 0, 115)
23 (1, 4, 0, 20, 82, 2, 0, 16, 0, 0, 0, 131)
24 (1, 4, 0, 0, 198, 0, 0, 0, 1, 0, 0, 103)
25 (1, 4, 0, 0, 156, 0, 0, 0, 0, 0, 0, 18)
26 (1, 4, 0, 0, 187, 0, 0, 0, 0, 0, 0, 9)
27 (1, 4, 0, 0, 92, 0, 0, 0, 0, 0, 0, 24)
28 (1, 4, 15, 8, 97, 0, 0, 0, 0, 0, 0, 6)
29 (1, 4, 0, 58, 83, 0, 0, 0, 0, 0, 0, 60)
0 (1, 4, 0, 0, 0, 0, 0, 0, 0, 0, 0, 126)
1 (1, 4, 0, 0, 0, 0, 0, 0, 0, 0, 0, 126)
2 (1, 4, 0, 22, 0, 0, 0, 0, 0, 0, 0, 168)
3 (1, 4, 80, 96, 0, 0, 0, 0, 0, 0, 0, 86)
4 (1, 4, 0, 186, 0, 0, 0, 0, 0, 0, 0, 2)
5 (1, 4, 0, 323, 0, 0, 0, 0, 1, 0, 0, 162)
6 (1, 4, 386, 105, 0, 0, 0, 8, 1, 0, 0, 186)
7 (1, 4, 372, 0, 0, 0, 5, 53, 0, 0, 0, 168)
8 (1, 4, 459, 0, 59, 0, 27, 0, 1, 0, 0, 169)
9 (1, 4, 210, 0, 98, 0, 0, 0, 1, 0, 0, 86)
10 (1, 4, 125, 0, 0, 0, 0, 0, 0, 0, 0, 150)
11 (1, 4, 227, 0, 0, 0, 0, 0, 1, 0, 0, 85)
12 (1, 4, 164, 0, 0, 0, 0, 17, 2, 0, 0, 92)
13 (1, 4, 153, 12, 0, 0, 0, 0, 1, 0, 0, 254)
14 (1, 4, 259, 226, 0, 0, 0, 0, 1, 0, 0, 33)
15 (1, 4, 466, 527, 0, 0, 0, 0, 2, 0, 0, 164)
16 (1, 4, 334, 627, 0, 0, 195, 136, 2, 0, 0, 149)
17 (1, 4, 223, 283, 0, 0, 211, 244, 2, 0, 0, 155)
18 (1, 4, 0, 20, 0, 0, 90, 137, 1, 0, 0, 180)
19 (1, 4, 0, 0, 99, 0, 0, 50, 2, 0, 0, 207)
20 (1, 4, 0, 20, 122, 0, 9, 121, 1, 0, 0, 244)
21 (1, 4, 0, 0, 349, 0, 231, 313, 1, 0, 0, 150)
22 (1, 4, 0, 0, 700, 0, 193, 165, 2, 0, 0, 68)
23 (1, 4, 0, 0, 873, 0, 0, 0, 1, 0, 0, 214)
24 (1, 4, 0, 0, 199, 0, 0, 0, 1, 0, 0, 243)
25 (1, 4, 188, 15, 0, 0, 0, 1, 1, 0, 0, 8)
26 (1, 4, 74, 31, 0, 0, 0, 84, 1, 0, 0, 202)
27 (1, 4, 63, 14, 0, 0, 0, 90, 0, 0, 0, 194)
28 (1, 4, 0, 3, 0, 0, 0, 66, 1, 0, 0, 56)
29 (1, 4, 0, 35, 0, 0, 0, 33, 1, 0, 0, 120)
30 (1, 4, 0, 102, 0, 0, 0, 25, 0, 0, 0, 110)
31 (1, 4, 0, 151, 0, 0, 0, 22, 1, 0, 0, 97)
0 (1, 4, 24, 0, 47, 0, 0, 0, 0, 0, 0, 73)
1 (1, 4, 48, 0, 59, 0, 0, 0, 0, 0, 0, 223)
2 (1, 4, 24, 6, 46, 0, 0, 0, 0, 0, 0, 106)
3 (1, 4, 14, 0, 18, 0, 0, 0, 0, 0, 0, 122)
4 (1, 4, 6, 2, 4, 0, 0, 0, 0, 0, 0, 105)
5 (1, 4, 275, 0, 0, 0, 0, 0, 0, 0, 0, 142)
6 (1, 4, 169, 260, 0, 0, 0, 0, 0, 0, 0, 237)
7 (1, 4, 264, 267, 0, 0, 0, 4, 0, 0, 0, 247)
8 (1, 4, 311, 110, 0, 0, 0, 80, 0, 0, 0, 162)
9 (1, 4, 286, 0, 0, 0, 0, 121, 1, 0, 0, 168)
10 (1, 4, 270, 0, 0, 0, 0, 41, 1, 0, 0, 222)
11 (1, 4, 266, 0, 110, 0, 0, 0, 0, 0, 0, 216)
12 (1, 4, 210, 0, 233, 0, 0, 0, 1, 0, 0, 160)
13 (1, 4, 102, 0, 68, 0, 0, 0, 1, 0, 0, 211)
14 (1, 4, 81, 0, 14, 0, 0, 0, 0, 0, 0, 212)
15 (1, 4, 134, 0, 0, 0, 0, 34, 1, 0, 0, 53)
16 (1, 4, 150, 69, 0, 0, 0, 0, 1, 0, 0, 33)
17 (1, 4, 468, 213, 0, 0, 0, 0, 1, 0, 0, 214)
18 (1, 4, 528, 533, 0, 0, 0, 0, 1, 0, 0, 59)
19 (1, 4, 132, 468, 0, 0, 255, 186, 1, 0, 0, 73)
20 (1, 4, 80, 129, 0, 0, 265, 249, 1, 0, 0, 226)
21 (1, 4, 0, 0, 4, 0, 81, 88, 1, 0, 0, 216)
22 (1, 4, 0, 38, 58, 0, 0, 7, 1, 0, 0, 104)
23 (1, 4, 94, 49, 72, 0, 81, 177, 1, 0, 0, 177)
24 (1, 4, 0, 0, 481, 0, 239, 225, 1, 0, 0, 26)
25 (1, 4, 0, 0, 721, 0, 0, 64, 1, 0, 0, 2)
26 (1, 4, 0, 0, 366, 0, 0, 0, 1, 0, 0, 137)
27 (1, 4, 0, 0, 30, 0, 0, 27, 1, 0, 0, 241)
28 (1, 4, 0, 0, 2, 0, 0, 81, 1, 0, 0, 122)
29 (1, 4, 0, 0, 0, 0, 0, 65, 1, 0, 0, 134)
0 (1, 4, 137, 0, 0, 0, 0, 37, 1, 0, 0, 124)
1 (1, 4, 141, 26, 0, 0, 0, 59, 0, 0, 0, 108)
2 (1, 4, 111, 44, 0, 0, 0, 67, 1, 0, 0, 128)
3 (1, 4, 29, 134, 0, 0, 0, 19, 1, 0, 0, 185)
4 (1, 4, 0, 343, 0, 0, 0, 0, 1, 0, 0, 25)
5 (1, 4, 114, 597, 0, 0, 0, 18, 1, 0, 0, 132)
6 (1, 4, 158, 491, 0, 0, 174, 266, 2, 0, 0, 70)
7 (1, 4, 28, 98, 0, 0, 126, 195, 1, 1, 0, 24)
8 (1, 4, 44, 0, 0, 0, 0, 79, 1, 0, 0, 47)
9 (1, 4, 14, 9, 21, 0, 0, 73, 1, 0, 0, 139)
10 (1, 4, 110, 0, 70, 0, 83, 212, 1, 0, 0, 241)
11 (1, 4, 0, 0, 491, 0, 253, 271, 1, 0, 0, 159)
12 (1, 4, 0, 0, 682, 0, 0, 29, 1, 0, 0, 169)
13 (1, 4, 0, 0, 141, 0, 0, 0, 1, 0, 0, 155)
14 (1, 4, 131, 85, 23, 2, 0, 58, 1, 0, 0, 19)
15 (1, 4, 11, 58, 0, 0, 0, 110, 1, 0, 0, 193)
16 (1, 4, 0, 0, 0, 0, 0, 95, 1, 0, 0, 115)
17 (1, 4, 0, 1, 0, 0, 0, 60, 1, 0, 0, 68)
18 (1, 4, 0, 23, 0, 0, 0, 63, 1, 0, 0, 244)
19 (1, 4, 0, 0, 0, 0, 0, 33, 1, 0, 0, 98)
20 (1, 4, 0, 0, 0, 0, 20, 2, 1, 0, 0, 195)
21 (1, 4, 0, 76, 85, 3, 0, 7, 1, 0, 0, 138)
22 (1, 4, 0, 11, 210, 0, 0, 4, 0, 0, 0, 58)
23 (1, 4, 0, 24, 335, 0, 0, 4, 0, 0, 0, 38)
24 (1, 4, 0, 0, 230, 0, 0, 0, 1, 0, 0, 153)
25 (1, 4, 0, 0, 229, 0, 0, 0, 0, 0, 0, 64)
26 (1, 4, 0, 24, 4, 0, 0, 0, 0, 0, 0, 242)
27 (1, 4, 0, 0, 38, 0, 0, 0, 0, 0, 0, 241)
28 (1, 4, 0, 0, 0, 0, 0, 0, 0, 0, 0, 126)
29 (1, 4, 7, 17, 23, 0, 0, 0, 0, 0, 0, 26)
0 (1, 4, 336, 0, 0, 0, 0, 42, 0, 0, 0, 231)
1 (1, 4, 397, 0, 0, 0, 0, 71, 0, 0, 0, 121)
2 (1, 4, 342, 0, 0, 2, 0, 44, 1, 0, 0, 83)
3 (1, 4, 369, 0, 13, 4, 0, 31, 1, 0, 0, 158)
4 (1, 4, 187, 0, 163, 0, 0, 33, 1, 0, 0, 134)
5 (1, 4, 113, 0, 238, 0, 0, 31, 2, 0, 0, 9)
6 (1, 4, 0, 0, 123, 0, 0, 19, 1, 0, 0, 212)
7 (1, 4, 0, 0, 0, 0, 0, 15, 1, 0, 0, 229)
8 (1, 4, 147, 44, 0, 0, 0, 0, 1, 0, 0, 80)
9 (1, 4, 192, 111, 0, 0, 0, 0, 1, 0, 0, 112)
10 (1, 4, 264, 364, 0, 0, 0, 13, 2, 1, 0, 46)
11 (1, 4, 55, 330, 0, 0, 290, 200, 3, 1, 0, 207)
12 (1, 4, 59, 152, 0, 0, 277, 247, 2, 0, 0, 142)
13 (1, 4, 0, 25, 5, 0, 106, 65, 2, 0, 0, 169)
14 (1, 4, 46, 169, 171, 0, 0, 36, 1, 0, 0, 150)
15 (1, 4, 88, 0, 193, 0, 106, 286, 1, 0, 0, 99)
16 (1, 4, 0, 0, 700, 0, 194, 140, 1, 0, 0, 253)
17 (1, 4, 0, 0, 671, 0, 0, 0, 1, 0, 0, 113)
18 (1, 4, 66, 31, 62, 0, 0, 0, 2, 0, 0, 179)
19 (1, 4, 75, 28, 0, 5, 4, 93, 1, 0, 0, 169)
20 (1, 4, 0, 29, 0, 0, 0, 99, 1, 0, 0, 35)
21 (1, 4, 0, 29, 0, 0, 0, 80, 1, 0, 0, 55)
22 (1, 4, 0, 35, 0, 0, 0, 76, 1, 0, 0, 220)
23 (1, 4, 0, 47, 0, 0, 7, 43, 0, 0, 0, 72)
24 (1, 4, 0, 94, 0, 0, 2, 26, 0, 0, 0, 234)
25 (1, 4, 0, 88, 8, 8, 1, 29, 0, 0, 0, 129)
26 (1, 4, 0, 99, 111, 6, 0, 19, 0, 0, 0, 76)
27 (1, 4, 0, 78, 187, 0, 0, 16, 0, 0, 0, 93)
28 (1, 4, 0, 0, 51, 0, 0, 0, 0, 0, 0, 68)
29 (1, 4, 0, 0, 176, 0, 0, 0, 0, 0, 0, 14)
30 (1, 4, 0, 28, 128, 0, 0, 0, 0, 0, 0, 135)
31 (1, 4, 9, 0, 108, 0, 0, 0, 0, 0, 0, 231)
0 (1, 4, 707, 0, 0, 0, 0, 4, 0, 0, 0, 129)
1 (1, 4, 398, 0, 0, 0, 0, 61, 0, 0, 0, 15)
2 (1, 4, 299, 0, 0, 0, 2, 19, 1, 0, 0, 252)
3 (1, 4, 344, 0, 0, 0, 53, 0, 1, 0, 0, 21)
4 (1, 4, 222, 0, 200, 0, 0, 1, 0, 0, 0, 63)
5 (1, 4, 189, 0, 212, 0, 0, 18, 1, 0, 0, 41)
6 (1, 4, 30, 0, 92, 0, 0, 28, 1, 0, 0, 130)
7 (1, 4, 53, 1, 37, 0, 0, 33, 0, 0, 0, 144)
8 (1, 4, 0, 103, 0, 0, 0, 0, 1, 0, 0, 95)
9 (1, 4, 0, 324, 0, 0, 0, 0, 1, 0, 0, 160)
10 (1, 4, 253, 465, 0, 0, 28, 6, 1, 0, 0, 57)
11 (1, 4, 255, 524, 0, 0, 204, 225, 1, 0, 0, 228)
12 (1, 4, 0, 161, 0, 0, 214, 271, 1, 0, 0, 0)
13 (1, 4, 0, 0, 110, 0, 81, 101, 1, 0, 0, 124)
14 (1, 4, 0, 5, 173, 0, 0, 61, 1, 0, 0, 56)
15 (1, 4, 0, 0, 201, 0, 166, 253, 1, 0, 0, 235)
16 (1, 4, 0, 0, 732, 0, 81, 92, 1, 0, 0, 222)
17 (1, 4, 0, 0, 435, 0, 0, 0, 1, 0, 0, 138)
18 (1, 4, 38, 0, 8, 0, 0, 0, 1, 0, 0, 67)
19 (1, 4, 73, 98, 0, 0, 0, 94, 1, 0, 0, 119)
20 (1, 4, 5, 28, 0, 0, 0, 97, 1, 0, 0, 25)
21 (1, 4, 0, 19, 0, 0, 0, 80, 1, 0, 0, 51)
22 (1, 4, 0, 14, 0, 0, 0, 60, 1, 0, 0, 245)
23 (1, 4, 0, 17, 0, 0, 0, 49, 0, 0, 0, 7)
24 (1, 4, 0, 37, 0, 0, 0, 40, 1, 0, 0, 250)
25 (1, 4, 0, 109, 0, 8, 0, 22, 1, 1, 0, 13)
26 (1, 4, 0, 67, 0, 0, 0, 28, 0, 0, 0, 105)
27 (1, 4, 0, 0, 0, 0, 0, 0, 0, 0, 0, 126)
28 (1, 4, 0, 0, 111, 0, 0, 0, 0, 0, 0, 34)
29 (1, 4, 0, 0, 168, 0, 0, 0, 0, 0, 0, 205)
30 (1, 4, 0, 0, 269, 0, 0, 0, 0, 0, 0, 85)
31 (1, 4, 0, 0, 131, 0, 0, 0, 0, 0, 0, 52)
0 (1, 4, 121, 190, 0, 0, 80, 262, 1, 1, 0, 123)
1 (1, 4, 15, 0, 0, 0, 77, 143, 1, 1, 0, 31)
2 (1, 4, 42, 0, 109, 0, 0, 43, 1, 1, 0, 130)
3 (1, 4, 62, 0, 130, 0, 45, 132, 1, 1, 0, 115)
4 (1, 4, 0, 0, 476, 0, 252, 230, 1, 1, 0, 155)
5 (1, 4, 37, 0, 729, 0, 10, 128, 1, 0, 0, 179)
6 (1, 4, 120, 0, 612, 0, 0, 0, 1, 0, 0, 35)
7 (1, 4, 0, 0, 0, 0, 0, 0, 1, 0, 0, 28)
8 (1, 4, 68, 64, 0, 13, 0, 92, 1, 0, 0, 188)
9 (1, 4, 0, 0, 0, 0, 0, 103, 1, 0, 0, 235)
10 (1, 4, 0, 1, 0, 0, 0, 71, 1, 0, 0, 255)
11 (1, 4, 0, 26, 0, 0, 0, 69, 1, 0, 0, 76)
12 (1, 4, 0, 25, 0, 0, 0, 45, 1, 0, 0, 154)
13 (1, 4, 0, 137, 0, 0, 0, 31, 0, 0, 0, 83)
14 (1, 4, 0, 131, 0, 0, 0, 23, 0, 0, 0, 103)
15 (1, 4, 0, 11, 11, 0, 0, 22, 1, 0, 0, 111)
16 (1, 4, 0, 0, 70, 0, 0, 0, 0, 0, 0, 244)
17 (1, 4, 0, 0, 102, 0, 0, 0, 0, 0, 0, 10)
18 (1, 4, 0, 0, 222, 0, 0, 0, 1, 0, 0, 164)
19 (1, 4, 0, 0, 193, 0, 0, 0, 0, 0, 0, 224)
20 (1, 4, 0, 0, 93, 0, 0, 0, 0, 0, 0, 140)
21 (1, 4, 63, 0, 41, 0, 0, 0, 0, 0, 0, 213)
22 (1, 4, 0, 0, 0, 0, 0, 0, 0, 0, 0, 126)
23 (1, 4, 38, 0, 0, 0, 0, 0, 0, 0, 0, 157)
24 (1, 4, 13, 33, 29, 0, 0, 0, 0, 0, 0, 70)
25 (1, 4, 59, 0, 60, 0, 0, 0, 0, 0, 0, 88)
26 (1, 4, 10, 14, 58, 0, 0, 0, 0, 0, 0, 4)
27 (1, 4, 30, 0, 44, 0, 0, 0, 0, 0, 0, 214)
28 (1, 4, 11, 0, 19, 0, 0, 0, 0, 0, 0, 216)
29 (1, 4, 0, 0, 12, 0, 0, 0, 0, 0, 0, 156)
30 (1, 4, 0, 0, 8, 0, 0, 0, 0, 0, 0, 194)
31 (1, 4, 1, 0, 27, 0, 0, 0, 0, 0, 0, 8)
0 (1, 4, 4, 29, 1, 0, 0, 0, 0, 0, 0, 111)
1 (1, 4, 276, 0, 0, 0, 0, 0, 0, 0, 0, 164)
2 (1, 4, 148, 0, 0, 0, 0, 52, 0, 0, 0, 180)
3 (1, 4, 173, 0, 0, 0, 0, 0, 1, 0, 0, 136)
4 (1, 4, 331, 0, 0, 0, 0, 0, 0, 0, 0, 151)
5 (1, 4, 549, 0, 0, 0, 35, 0, 1, 0, 0, 111)
6 (1, 4, 353, 0, 40, 0, 0, 0, 1, 0, 0, 28)
7 (1, 4, 215, 0, 23, 0, 0, 11, 0, 0, 0, 62)
8 (1, 4, 184, 0, 0, 0, 0, 12, 1, 0, 0, 193)
9 (1, 4, 100, 97, 0, 0, 0, 0, 1, 0, 0, 158)
10 (1, 4, 294, 297, 0, 0, 0, 0, 1, 0, 0, 220)
11 (1, 4, 328, 419, 0, 0, 55, 0, 1, 1, 0, 146)
12 (1, 4, 136, 362, 0, 0, 226, 217, 3, 2, 0, 233)
13 (1, 4, 0, 54, 0, 0, 189, 209, 2, 1, 0, 225)
14 (1, 4, 0, 0, 42, 0, 29, 70, 1, 0, 0, 38)
15 (1, 4, 0, 33, 41, 0, 0, 50, 1, 0, 0, 118)
16 (1, 4, 19, 0, 29, 0, 89, 195, 1, 0, 0, 105)
17 (1, 4, 0, 0, 438, 0, 289, 234, 1, 0, 0, 26)
18 (1, 4, 9, 0, 773, 0, 76, 82, 1, 0, 0, 88)
19 (1, 4, 0, 0, 533, 0, 0, 0, 1, 0, 0, 19)
20 (1, 4, 0, 0, 0, 15, 0, 0, 1, 0, 0, 185)
21 (1, 4, 53, 108, 0, 0, 34, 129, 0, 0, 0, 237)
22 (1, 4, 0, 0, 0, 0, 0, 107, 1, 0, 0, 116)
23 (1, 4, 0, 0, 0, 0, 0, 68, 1, 0, 0, 44)
24 (1, 4, 0, 32, 0, 0, 0, 71, 0, 0, 0, 234)
25 (1, 4, 0, 19, 0, 0, 0, 81, 1, 0, 0, 236)
26 (1, 4, 0, 9, 0, 0, 0, 62, 1, 0, 0, 78)
27 (1, 4, 0, 0, 0, 0, 0, 26, 0, 0, 0, 254)
28 (1, 4, 0, 0, 0, 0, 15, 6, 0, 0, 0, 27)
29 (1, 4, 0, 0, 145, 18, 28, 0, 1, 0, 0, 104)
30 (1, 4, 0, 0, 225, 0, 0, 0, 0, 0, 0, 30)
31 (1, 4, 0, 0, 366, 0, 0, 0, 0, 0, 0, 235)
0 (1, 4, 0, 98, 0, 0, 141, 174, 1, 0, 0, 82)
1 (1, 4, 0, 0, 56, 0, 0, 77, 1, 0, 0, 36)
2 (1, 4, 0, 40, 8, 0, 0, 67, 1, 1, 0, 153)
3 (1, 4, 0, 0, 66, 0, 188, 235, 1, 0, 0, 180)
4 (1, 4, 0, 0, 663, 0, 257, 217, 1, 0, 0, 142)
5 (1, 4, 23, 0, 710, 0, 0, 0, 0, 0, 0, 117)
6 (1, 4, 0, 0, 0, 0, 0, 0, 1, 0, 0, 28)
7 (1, 4, 89, 38, 0, 22, 8, 66, 1, 0, 0, 246)
8 (1, 4, 29, 22, 0, 0, 0, 99, 1, 0, 0, 238)
9 (1, 4, 0, 0, 0, 0, 0, 75, 1, 0, 0, 213)
10 (1, 4, 0, 0, 0, 0, 0, 79, 1, 0, 0, 160)
11 (1, 4, 0, 0, 0, 0, 0, 61, 1, 0, 0, 46)
12 (1, 4, 0, 0, 0, 0, 2, 39, 0, 0, 0, 62)
13 (1, 4, 0, 0, 0, 0, 0, 28, 1, 0, 0, 80)
14 (1, 4, 0, 0, 0, 17, 0, 21, 0, 0, 0, 239)
15 (1, 4, 0, 0, 83, 4, 0, 0, 0, 0, 0, 61)
16 (1, 4, 0, 0, 181, 0, 0, 0, 1, 0, 0, 166)
17 (1, 4, 0, 0, 109, 0, 0, 0, 0, 0, 0, 13)
18 (1, 4, 0, 0, 153, 0, 0, 0, 0, 0, 0, 216)
19 (1, 4, 117, 0, 138, 0, 0, 0, 1, 0, 0, 230)
20 (1, 4, 0, 15, 73, 0, 0, 0, 0, 0, 0, 28)
21 (1, 4, 42, 0, 9, 0, 0, 0, 0, 0, 0, 253)
22 (1, 4, 0, 0, 0, 0, 0, 0, 0, 0, 0, 126)
23 (1, 4, 40, 0, 0, 0, 0, 0, 0, 0, 0, 201)
24 (1, 4, 0, 0, 47, 0, 0, 0, 0, 0, 0, 217)
25 (1, 4, 2, 0, 81, 0, 0, 0, 0, 0, 0, 114)
26 (1, 4, 0, 3, 58, 0, 0, 0, 0, 0, 0, 180)
27 (1, 4, 0, 26, 53, 0, 0, 0, 0, 0, 0, 138)
28 (1, 4, 0, 0, 31, 0, 0, 0, 0, 0, 0, 88)
29 (1, 4, 0, 0, 61, 0, 0, 0, 0, 0, 0, 137)
0 (1, 4, 372, 0, 0, 0, 0, 18, 1, 0, 0, 226)
1 (1, 4, 472, 0, 0, 0, 0, 4, 1, 0, 0, 103)
2 (1, 4, 429, 0, 0, 0, 0, 0, 0, 0, 0, 232)
3 (1, 4, 419, 0, 39, 0, 0, 4, 1, 0, 0, 176)
4 (1, 4, 109, 0, 82, 0, 0, 10, 1, 0, 0, 236)
5 (1, 4, 129, 0, 0, 0, 0, 0, 0, 0, 0, 101)
6 (1, 4, 0, 84, 0, 0, 0, 0, 1, 0, 0, 36)
7 (1, 4, 199, 455, 0, 0, 0, 0, 1, 0, 0, 207)
8 (1, 4, 103, 505, 0, 0, 148, 115, 1, 0, 0, 185)
9 (1, 4, 73, 250, 0, 0, 186, 225, 3, 1, 0, 133)
10 (1, 4, 15, 101, 0, 0, 86, 181, 2, 1, 0, 121)
11 (1, 4, 0, 21, 0, 0, 0, 61, 1, 0, 0, 32)
12 (1, 4, 0, 52, 6, 0, 0, 67, 1, 0, 0, 55)
13 (1, 4, 20, 0, 57, 0, 111, 194, 1, 0, 0, 165)
14 (1, 4, 12, 0, 507, 0, 284, 240, 1, 0, 0, 140)
15 (1, 4, 0, 0, 651, 0, 0, 104, 1, 0, 0, 94)
16 (1, 4, 0, 0, 138, 0, 0, 0, 1, 0, 0, 126)
17 (1, 4, 61, 10, 0, 30, 0, 60, 1, 0, 0, 3)
18 (1, 4, 0, 17, 25, 0, 0, 89, 1, 0, 0, 60)
19 (1, 4, 0, 0, 0, 0, 0, 62, 1, 0, 0, 72)
20 (1, 4, 0, 27, 0, 0, 0, 72, 1, 0, 0, 185)
21 (1, 4, 0, 31, 0, 0, 0, 45, 1, 0, 0, 45)
22 (1, 4, 0, 52, 5, 0, 0, 32, 1, 0, 0, 14)
23 (1, 4, 0, 5, 0, 0, 0, 15, 0, 0, 0, 232)
24 (1, 4, 0, 0, 100, 0, 0, 34, 0, 0, 0, 61)
25 (1, 4, 0, 0, 189, 0, 0, 0, 1, 0, 0, 26)
26 (1, 4, 0, 0, 164, 0, 0, 0, 0, 0, 0, 47)
27 (1, 4, 0, 0, 200, 0, 0, 0, 0, 0, 0, 200)
28 (1, 4, 0, 0, 114, 0, 0, 0, 0, 0, 0, 43)
29 (1, 4, 0, 0, 96, 0, 0, 0, 0, 0, 0, 123)
30 (1, 4, 0, 0, 98, 0, 0, 0, 0, 0, 0, 84)
31 (1, 4, 29, 25, 42, 0, 0, 0, 2, 1, 0, 125)
0 (1, 4, 152, 0, 0, 0, 0, 12, 1, 0, 0, 6)
1 (1, 4, 248, 0, 138, 0, 0, 4, 0, 0, 0, 162)
2 (1, 4, 114, 0, 127, 0, 0, 10, 1, 0, 0, 222)
3 (1, 4, 34, 0, 72, 0, 0, 1, 2, 1, 0, 146)
4 (1, 4, 17, 0, 0, 0, 0, 0, 0, 0, 0, 144)
5 (1, 4, 131, 230, 0, 0, 0, 0, 1, 0, 0, 236)
6 (1, 4, 465, 579, 0, 0, 0, 0, 1, 0, 0, 250)
7 (1, 4, 397, 499, 0, 0, 124, 76, 1, 0, 0, 59)
8 (1, 4, 248, 240, 0, 0, 259, 289, 1, 0, 0, 57)
9 (1, 4, 10, 0, 0, 0, 173, 173, 1, 1, 0, 18)
10 (1, 4, 0, 0, 109, 0, 0, 27, 1, 1, 0, 91)
11 (1, 4, 0, 45, 0, 0, 0, 28, 1, 0, 0, 78)
12 (1, 4, 49, 0, 30, 0, 143, 183, 1, 0, 0, 241)
13 (1, 4, 0, 0, 565, 0, 280, 171, 1, 0, 0, 29)
14 (1, 4, 0, 0, 836, 0, 67, 128, 1, 0, 0, 69)
15 (1, 4, 0, 21, 559, 0, 0, 0, 1, 0, 0, 15)
16 (1, 4, 0, 21, 0, 21, 0, 1, 1, 0, 0, 89)
17 (1, 4, 0, 81, 0, 0, 50, 147, 1, 0, 0, 14)
18 (1, 4, 0, 0, 0, 0, 0, 105, 1, 0, 0, 205)
19 (1, 4, 0, 0, 0, 0, 0, 48, 1, 0, 0, 110)
20 (1, 4, 0, 0, 0, 0, 0, 25, 1, 0, 0, 250)
21 (1, 4, 0, 63, 0, 0, 5, 11, 0, 0, 0, 122)
22 (1, 4, 0, 71, 0, 0, 0, 14, 1, 0, 0, 187)
23 (1, 4, 0, 82, 144, 0, 0, 17, 1, 0, 0, 17)
24 (1, 4, 0, 93, 196, 0, 0, 5, 0, 0, 0, 190)
25 (1, 4, 0, 51, 219, 0, 0, 0, 0, 0, 0, 119)
26 (1, 4, 0, 0, 118, 0, 0, 0, 2, 1, 0, 218)
27 (1, 4, 0, 0, 6, 0, 0, 0, 0, 0, 0, 15)
28 (1, 4, 0, 0, 0, 0, 0, 0, 0, 0, 0, 126)
29 (1, 4, 0, 0, 0, 0, 0, 0, 0, 0, 0, 126)
30 (1, 4, 0, 35, 77, 0, 0, 0, 0, 0, 0, 233)
31 (1, 4, 36, 0, 0, 0, 0, 0, 0, 0, 0, 129)
0 (1, 4, 165, 23, 0, 0, 0, 0, 0, 0, 0, 249)
1 (1, 4, 379, 0, 0, 0, 0, 0, 1, 0, 0, 210)
2 (1, 4, 467, 0, 0, 0, 0, 10, 0, 0, 0, 65)
3 (1, 4, 473, 0, 0, 0, 0, 15, 1, 0, 0, 229)
4 (1, 4, 324, 0, 0, 0, 0, 0, 1, 0, 0, 175)
5 (1, 4, 360, 0, 0, 0, 0, 0, 1, 0, 0, 32)
6 (1, 4, 136, 0, 2, 0, 0, 0, 1, 0, 0, 86)
7 (1, 4, 126, 0, 0, 0, 0, 1, 2, 0, 0, 159)
8 (1, 4, 70, 46, 0, 0, 0, 7, 1, 1, 0, 15)
9 (1, 4, 0, 244, 0, 0, 0, 0, 1, 0, 0, 231)
10 (1, 4, 0, 459, 0, 0, 0, 0, 2, 0, 0, 182)
11 (1, 4, 99, 570, 0, 0, 152, 142, 3, 1, 0, 131)
12 (1, 4, 98, 372, 0, 0, 155, 223, 2, 1, 0, 130)
13 (1, 4, 0, 146, 0, 0, 121, 201, 2, 1, 0, 12)
14 (1, 4, 0, 24, 85, 0, 0, 77, 2, 1, 0, 72)
15 (1, 4, 0, 46, 79, 0, 0, 64, 1, 0, 0, 61)
16 (1, 4, 0, 0, 326, 0, 256, 282, 2, 0, 0, 215)
17 (1, 4, 0, 0, 681, 0, 61, 168, 1, 0, 0, 147)
18 (1, 4, 0, 0, 325, 0, 0, 0, 1, 0, 0, 112)
19 (1, 4, 129, 0, 0, 51, 0, 0, 1, 0, 0, 56)
20 (1, 4, 70, 82, 25, 0, 29, 124, 2, 0, 0, 185)
21 (1, 4, 44, 0, 22, 0, 0, 94, 1, 0, 0, 45)
22 (1, 4, 0, 0, 0, 0, 0, 61, 1, 0, 0, 46)
23 (1, 4, 0, 0, 11, 0, 0, 47, 2, 0, 0, 229)
24 (1, 4, 0, 45, 47, 0, 0, 24, 1, 0, 0, 156)
25 (1, 4, 0, 82, 46, 0, 0, 8, 1, 0, 0, 74)
26 (1, 4, 0, 55, 84, 0, 0, 0, 1, 0, 0, 103)
27 (1, 4, 0, 51, 192, 0, 0, 5, 0, 0, 0, 165)
28 (1, 4, 0, 41, 237, 0, 0, 0, 0, 0, 0, 56)
29 (1, 4, 0, 19, 207, 0, 0, 0, 1, 0, 0, 246)
30 (1, 4, 0, 0, 171, 0, 0, 0, 0, 0, 0, 118)
31 (1, 4, 0, 10, 15, 0, 0, 0, 0, 0, 0, 249)
0 (1, 4, 341, 0, 0, 0, 0, 2, 1, 0, 0, 248)
1 (1, 4, 280, 0, 0, 0, 0, 2, 1, 0, 0, 55)
2 (1, 4, 362, 0, 7, 0, 26, 22, 0, 0, 0, 18)
3 (1, 4, 303, 0, 187, 0, 0, 0, 1, 0, 0, 244)
4 (1, 4, 257, 0, 161, 0, 0, 7, 1, 0, 0, 152)
5 (1, 4, 82, 0, 0, 0, 0, 12, 0, 0, 0, 148)
6 (1, 4, 127, 60, 0, 0, 0, 0, 0, 0, 0, 64)
7 (1, 4, 126, 264, 0, 0, 0, 0, 1, 0, 0, 176)
8 (1, 4, 395, 407, 0, 0, 0, 0, 1, 0, 0, 238)
9 (1, 4, 18, 418, 0, 0, 212, 112, 1, 0, 0, 212)
10 (1, 4, 75, 142, 0, 0, 309, 286, 1, 0, 0, 47)
11 (1, 4, 0, 0, 3, 0, 60, 153, 1, 0, 0, 97)
12 (1, 4, 0, 34, 50, 0, 0, 4, 1, 0, 0, 104)
13 (1, 4, 0, 148, 0, 0, 0, 51, 1, 0, 0, 178)
14 (1, 4, 135, 66, 0, 0, 0, 146, 1, 0, 0, 45)
15 (1, 4, 97, 0, 220, 0, 313, 307, 1, 0, 0, 213)
16 (1, 4, 0, 0, 770, 0, 148, 86, 1, 0, 0, 220)
17 (1, 4, 0, 0, 622, 0, 0, 0, 1, 0, 0, 110)
18 (1, 4, 0, 4, 0, 0, 0, 0, 1, 0, 0, 198)
19 (1, 4, 0, 67, 0, 6, 26, 124, 1, 0, 0, 27)
20 (1, 4, 0, 0, 0, 0, 0, 109, 1, 0, 0, 184)
21 (1, 4, 0, 0, 0, 0, 0, 42, 1, 0, 0, 238)
22 (1, 4, 0, 20, 0, 0, 0, 30, 1, 0, 0, 82)
23 (1, 4, 0, 85, 0, 0, 0, 27, 1, 0, 0, 206)
24 (1, 4, 0, 166, 62, 0, 0, 37, 2, 0, 0, 137)
25 (1, 4, 0, 155, 6, 0, 0, 22, 0, 0, 0, 27)
26 (1, 4, 0, 0, 0, 0, 0, 11, 0, 0, 0, 242)
27 (1, 4, 0, 0, 62, 0, 0, 0, 1, 0, 0, 80)
28 (1, 4, 0, 0, 107, 0, 0, 0, 0, 0, 0, 124)
29 (1, 4, 0, 36, 4, 0, 0, 0, 0, 0, 0, 56)
30 (1, 4, 29, 0, 52, 0, 0, 0, 1, 0, 0, 101)

