1 (1, 4, 52, 77, 0, 0, 0, 18, 0, 0, 0, 84)
2 (1, 4, 118, 92, 0, 0, 0, 9, 0, 0, 0, 74)
3 (1, 4, 98, 118, 0, 0, 0, 14, 0, 0, 0, 157)
4 (1, 4, 155, 127, 0, 0, 0, 20, 0, 0, 0, 222)
5 (1, 4, 145, 142, 0, 0, 0, 29, 1, 1, 0, 26)
6 (1, 4, 163, 89, 0, 0, 0, 39, 1, 1, 0, 225)
7 (1, 4, 213, 15, 0, 0, 0, 20, 1, 1, 0, 42)
8 (1, 4, 130, 0, 0, 0, 0, 32, 2, 2, 0, 196)
9 (1, 4, 184, 0, 0, 0, 0, 51, 2, 2, 0, 58)
10 (1, 4, 420, 15, 101, 0, 0, 20, 3, 3, 0, 85)
11 (1, 4, 0, 0, 0, 0, 0, 23, 3, 3, 0, 165)
12 (1, 4, 22, 0, 0, 11, 0, 29, 4, 4, 0, 212)
13 (1, 4, 0, 23, 0, 17, 0, 66, 4, 4, 0, 45)
14 (1, 4, 28, 38, 0, 23, 0, 79, 4, 4, 0, 145)
15 (1, 4, 46, 30, 0, 31, 0, 76, 4, 4, 0, 36)
16 (1, 4, 64, 43, 0, 31, 0, 82, 5, 5, 0, 14)
17 (1, 4, 0, 48, 0, 21, 0, 127, 5, 4, 0, 193)
18 (1, 4, 0, 22, 0, 22, 0, 130, 5, 5, 0, 3)
19 (1, 4, 0, 0, 0, 22, 0, 127, 5, 5, 0, 40)
20 (1, 4, 10, 8, 0, 23, 0, 120, 5, 5, 0, 251)
21 (1, 4, 0, 0, 0, 24, 0, 123, 5, 5, 0, 231)
22 (1, 4, 0, 0, 0, 25, 0, 127, 5, 5, 0, 141)
23 (1, 4, 0, 0, 0, 31, 0, 125, 4, 5, 0, 20)
24 (1, 4, 0, 0, 0, 25, 0, 111, 4, 4, 0, 87)
25 (1, 4, 0, 0, 0, 40, 0, 94, 3, 4, 0, 210)
26 (1, 4, 0, 0, 0, 40, 0, 90, 3, 4, 0, 167)
27 (1, 4, 0, 0, 0, 23, 0, 84, 3, 3, 0, 44)
28 (1, 4, 0, 0, 0, 19, 4, 46, 2, 3, 0, 181)
29 (1, 4, 0, 0, 71, 18, 2, 27, 2, 2, 0, 22)
30 (1, 4, 0, 0, 209, 2, 0, 0, 2, 2, 0, 179)
31 (1, 4, 0, 0, 324, 0, 0, 0, 2, 2, 0, 148)
32 (1, 4, 0, 0, 393, 0, 0, 0, 1, 2, 0, 78)
1 (1, 4, 0, 0, 26, 30, 0, 99, 1, 1, 0, 84)
2 (1, 4, 0, 0, 0, 43, 0, 62, 1, 1, 0, 19)
3 (1, 4, 0, 90, 0, 47, 0, 0, 2, 2, 0, 28)
4 (1, 4, 0, 528, 0, 0, 0, 0, 3, 2, 0, 162)
5 (1, 4, 0, 696, 0, 0, 156, 344, 2, 2, 0, 118)
6 (1, 4, 115, 0, 7, 0, 252, 603, 2, 2, 0, 249)
7 (1, 4, 117, 0, 146, 0, 0, 98, 3, 2, 0, 106)
8 (1, 4, 0, 0, 240, 38, 0, 0, 3, 3, 0, 69)
9 (1, 4, 0, 32, 0, 108, 0, 4, 3, 3, 0, 106)
10 (1, 4, 0, 75, 0, 12, 0, 141, 2, 2, 0, 202)
11 (1, 4, 0, 0, 0, 27, 0, 130, 2, 2, 0, 113)
12 (1, 4, 15, 0, 5, 32, 0, 108, 2, 2, 0, 110)
13 (1, 4, 0, 3, 0, 33, 0, 107, 2, 2, 0, 42)
14 (1, 4, 0, 7, 14, 30, 0, 109, 2, 2, 0, 74)
15 (1, 4, 0, 14, 14, 33, 0, 110, 2, 2, 0, 145)
16 (1, 4, 1, 8, 4, 37, 0, 108, 2, 2, 0, 126)
17 (1, 4, 0, 0, 0, 29, 0, 107, 1, 1, 0, 115)
18 (1, 4, 12, 1, 0, 27, 0, 106, 1, 1, 0, 19)
19 (1, 4, 8, 3, 0, 27, 0, 105, 1, 1, 0, 32)
20 (1, 4, 0, 9, 6, 28, 0, 106, 1, 1, 0, 196)
21 (1, 4, 2, 12, 7, 28, 0, 104, 1, 1, 0, 154)
22 (1, 4, 0, 12, 4, 26, 0, 107, 1, 1, 0, 25)
23 (1, 4, 0, 8, 0, 27, 0, 108, 1, 1, 0, 145)
24 (1, 4, 0, 7, 2, 27, 0, 108, 1, 1, 0, 15)
25 (1, 4, 0, 2, 0, 27, 0, 108, 1, 1, 0, 79)
26 (1, 4, 9, 9, 0, 27, 0, 107, 1, 1, 0, 73)
27 (1, 4, 0, 7, 0, 26, 0, 107, 1, 1, 0, 44)
28 (1, 4, 17, 15, 0, 27, 0, 106, 1, 1, 0, 177)
29 (1, 4, 0, 10, 0, 26, 0, 107, 1, 1, 0, 240)
30 (1, 4, 10, 8, 0, 25, 0, 106, 1, 1, 0, 15)
31 (1, 4, 0, 7, 0, 26, 0, 105, 1, 1, 0, 149)
32 (1, 4, 0, 7, 0, 26, 0, 104, 1, 1, 0, 74)
1 (1, 4, 35, 48, 0, 21, 0, 77, 4, 4, 0, 189)
2 (1, 4, 189, 121, 0, 0, 0, 35, 4, 4, 0, 207)
3 (1, 4, 0, 264, 0, 0, 0, 14, 4, 4, 0, 42)
4 (1, 4, 11, 380, 0, 0, 36, 91, 5, 5, 0, 105)
5 (1, 4, 0, 318, 0, 0, 118, 238, 5, 5, 0, 218)
6 (1, 4, 0, 84, 0, 0, 149, 283, 4, 5, 0, 84)
7 (1, 4, 61, 0, 82, 0, 13, 167, 4, 5, 0, 152)
8 (1, 4, 67, 0, 91, 22, 0, 89, 4, 5, 0, 63)
9 (1, 4, 0, 17, 0, 19, 0, 114, 4, 5, 0, 189)
10 (1, 4, 107, 0, 10, 0, 76, 163, 4, 5, 0, 251)
11 (1, 4, 57, 0, 190, 0, 106, 163, 4, 5, 0, 188)
12 (1, 4, 0, 0, 332, 0, 192, 177, 4, 5, 0, 124)
13 (1, 4, 60, 0, 746, 0, 0, 95, 4, 5, 0, 236)
14 (1, 4, 0, 0, 472, 0, 0, 86, 4, 5, 0, 255)
15 (1, 4, 0, 0, 205, 12, 0, 57, 4, 5, 0, 142)
16 (1, 4, 3, 16, 114, 40, 0, 76, 4, 5, 0, 220)
17 (1, 4, 90, 0, 13, 0, 0, 0, 1, 1, 0, 4)
18 (1, 4, 0, 0, 11, 0, 0, 0, 1, 1, 0, 112)
19 (1, 4, 0, 0, 0, 0, 0, 2, 1, 1, 0, 206)
20 (1, 4, 0, 0, 37, 0, 0, 3, 1, 1, 0, 37)
21 (1, 4, 0, 19, 61, 0, 0, 11, 1, 1, 0, 181)
22 (1, 4, 0, 6, 0, 0, 0, 10, 1, 1, 0, 147)
23 (1, 4, 0, 0, 0, 0, 0, 0, 1, 1, 0, 119)
24 (1, 4, 0, 44, 24, 0, 0, 0, 1, 1, 0, 31)
25 (1, 4, 33, 36, 6, 0, 0, 0, 1, 1, 0, 215)
26 (1, 4, 0, 7, 0, 0, 0, 3, 1, 1, 0, 19)
27 (1, 4, 0, 0, 0, 0, 0, 0, 1, 1, 0, 119)
28 (1, 4, 0, 2, 7, 0, 0, 0, 1, 1, 0, 255)
29 (1, 4, 0, 12, 22, 0, 0, 0, 1, 1, 0, 16)
30 (1, 4, 0, 0, 2, 0, 0, 0, 1, 1, 0, 88)
31 (1, 4, 0, 0, 2, 0, 0, 0, 1, 1, 0, 88)
32 (1, 4, 0, 3, 0, 0, 0, 0, 1, 1, 0, 175)
1 (1, 4, 0, 0, 36, 29, 0, 122, 2, 2, 0, 196)
2 (1, 4, 82, 0, 66, 27, 0, 69, 2, 3, 0, 103)
3 (1, 4, 87, 120, 0, 0, 0, 0, 3, 3, 0, 181)
4 (1, 4, 0, 563, 0, 0, 0, 35, 3, 3, 0, 20)
5 (1, 4, 0, 172, 0, 0, 572, 599, 3, 3, 0, 148)
6 (1, 4, 164, 0, 460, 0, 205, 240, 3, 4, 0, 228)
7 (1, 4, 25, 0, 474, 0, 0, 0, 3, 4, 0, 86)
8 (1, 4, 97, 123, 16, 53, 0, 35, 3, 3, 0, 171)
9 (1, 4, 0, 37, 12, 17, 23, 129, 3, 3, 0, 122)
10 (1, 4, 5, 11, 8, 35, 0, 103, 3, 3, 0, 187)
11 (1, 4, 0, 49, 11, 22, 0, 128, 3, 3, 0, 75)
12 (1, 4, 0, 19, 7, 15, 0, 132, 3, 3, 0, 99)
13 (1, 4, 0, 9, 4, 14, 0, 134, 2, 3, 0, 163)
14 (1, 4, 0, 0, 26, 20, 0, 114, 2, 3, 0, 238)
15 (1, 4, 0, 23, 48, 17, 0, 103, 2, 3, 0, 250)
16 (1, 4, 0, 0, 33, 15, 0, 109, 2, 2, 0, 7)
17 (1, 4, 0, 0, 0, 0, 0, 34, 0, 1, 0, 13)
18 (1, 4, 0, 0, 0, 0, 0, 45, 0, 0, 0, 159)
19 (1, 4, 0, 0, 9, 0, 0, 24, 0, 0, 0, 111)
20 (1, 4, 0, 74, 41, 0, 0, 7, 0, 0, 0, 230)
21 (1, 4, 0, 217, 81, 0, 0, 6, 0, 0, 0, 71)
22 (1, 4, 0, 95, 30, 0, 0, 41, 0, 0, 0, 11)
23 (1, 4, 0, 0, 0, 0, 0, 12, 0, 0, 0, 225)
24 (1, 4, 0, 7, 0, 0, 0, 1, 0, 0, 0, 163)
25 (1, 4, 0, 0, 0, 0, 0, 10, 0, 0, 0, 45)
26 (1, 4, 69, 0, 0, 0, 0, 17, 0, 0, 0, 205)
27 (1, 4, 43, 0, 0, 0, 0, 7, 0, 0, 0, 200)
28 (1, 4, 3, 28, 16, 0, 0, 10, 0, 0, 0, 72)
29 (1, 4, 0, 39, 29, 0, 0, 13, 0, 0, 0, 247)
30 (1, 4, 0, 41, 28, 0, 0, 19, 0, 0, 0, 146)
31 (1, 4, 0, 9, 1, 0, 0, 9, 0, 0, 0, 217)
32 (1, 4, 0, 16, 0, 0, 0, 3, 0, 0, 0, 121)
1 (1, 4, 47, 0, 324, 0, 105, 149, 4, 4, 0, 99)
2 (1, 4, 0, 15, 631, 0, 70, 135, 4, 4, 0, 92)
3 (1, 4, 0, 0, 647, 0, 14, 144, 4, 4, 0, 125)
4 (1, 4, 175, 0, 750, 0, 0, 136, 4, 4, 0, 49)
5 (1, 4, 136, 104, 817, 0, 0, 129, 4, 4, 0, 106)
6 (1, 4, 0, 0, 335, 38, 0, 0, 4, 4, 0, 14)
7 (1, 4, 180, 67, 0, 0, 0, 145, 4, 3, 0, 155)
8 (1, 4, 0, 0, 0, 16, 0, 120, 3, 3, 0, 79)
9 (1, 4, 6, 29, 26, 13, 0, 137, 3, 3, 0, 52)
10 (1, 4, 0, 0, 2, 10, 0, 133, 3, 3, 0, 172)
11 (1, 4, 0, 0, 0, 20, 0, 111, 3, 3, 0, 243)
12 (1, 4, 17, 24, 0, 12, 0, 117, 3, 3, 0, 64)
13 (1, 4, 23, 0, 0, 5, 0, 118, 3, 3, 0, 55)
14 (1, 4, 0, 0, 0, 4, 0, 100, 2, 2, 0, 129)
15 (1, 4, 0, 28, 0, 6, 0, 75, 2, 2, 0, 239)
16 (1, 4, 0, 72, 0, 0, 0, 57, 1, 1, 0, 0)
17 (1, 4, 0, 26, 0, 0, 0, 24, 0, 0, 0, 248)
18 (1, 4, 0, 0, 0, 0, 0, 20, 0, 0, 0, 216)
19 (1, 4, 0, 24, 0, 0, 0, 22, 0, 0, 0, 179)
20 (1, 4, 0, 8, 0, 0, 0, 20, 0, 0, 0, 107)
21 (1, 4, 0, 6, 0, 0, 0, 14, 0, 0, 0, 239)
22 (1, 4, 8, 20, 0, 0, 0, 15, 0, 0, 0, 76)
23 (1, 4, 11, 2, 0, 0, 0, 18, 0, 0, 0, 27)
24 (1, 4, 6, 0, 0, 0, 0, 16, 0, 0, 0, 137)
25 (1, 4, 0, 1, 0, 0, 0, 16, 0, 0, 0, 24)
26 (1, 4, 0, 0, 0, 0, 0, 14, 0, 0, 0, 88)
27 (1, 4, 0, 3, 0, 0, 0, 18, 0, 0, 0, 204)
28 (1, 4, 46, 0, 0, 0, 0, 26, 0, 0, 0, 109)
29 (1, 4, 63, 0, 0, 0, 0, 19, 0, 0, 0, 182)
30 (1, 4, 24, 0, 0, 0, 0, 19, 0, 0, 0, 91)
31 (1, 4, 0, 0, 0, 0, 0, 20, 0, 0, 0, 216)
32 (1, 4, 0, 0, 0, 0, 0, 20, 0, 0, 0, 216)

