0 (1, 4, 873, 283, 0, 0, 0, 40, 1, 0, 0, 142)
1 (1, 4, 873, 1, 0, 0, 0, 68, 2, 1, 0, 98)
2 (1, 4, 503, 0, 0, 0, 0, 47, 3, 2, 0, 197)
3 (1, 4, 499, 0, 0, 0, 9, 0, 5, 3, 0, 61)
4 (1, 4, 58, 76, 152, 0, 0, 16, 5, 5, 0, 19)
5 (1, 4, 170, 51, 74, 0, 0, 24, 5, 5, 0, 199)
6 (1, 4, 18, 0, 0, 0, 0, 63, 5, 6, 0, 153)
7 (1, 4, 29, 41, 0, 0, 0, 35, 5, 5, 0, 246)
8 (1, 4, 197, 232, 0, 0, 0, 0, 5, 5, 0, 10)
9 (1, 4, 375, 556, 0, 0, 0, 0, 5, 3, 0, 206)
10 (1, 4, 174, 393, 0, 0, 200, 104, 5, 1, 0, 125)
11 (1, 4, 64, 10, 0, 0, 311, 205, 5, 2, 0, 110)
12 (1, 4, 0, 0, 196, 0, 0, 59, 5, 3, 0, 132)
13 (1, 4, 0, 82, 59, 0, 0, 113, 5, 4, 0, 217)
14 (1, 4, 0, 0, 352, 0, 235, 200, 5, 5, 0, 71)
15 (1, 4, 0, 0, 523, 0, 0, 75, 5, 9, 0, 221)
16 (1, 4, 0, 0, 354, 0, 0, 66, 5, 12, 0, 226)
17 (1, 4, 0, 0, 55, 31, 0, 81, 5, 10, 0, 107)
18 (1, 4, 0, 0, 0, 15, 0, 104, 5, 8, 0, 105)
19 (1, 4, 1, 37, 0, 11, 0, 106, 5, 6, 0, 35)
20 (1, 4, 11, 37, 0, 0, 0, 130, 5, 5, 0, 175)
21 (1, 4, 0, 9, 0, 0, 0, 115, 5, 5, 0, 4)
22 (1, 4, 0, 0, 0, 0, 0, 98, 4, 5, 0, 108)
23 (1, 4, 0, 0, 0, 0, 1, 22, 2, 3, 0, 97)
24 (1, 4, 0, 0, 0, 1, 20, 0, 1, 2, 0, 179)
25 (1, 4, 0, 0, 0, 0, 0, 0, 0, 1, 0, 21)
26 (1, 4, 0, 0, 192, 0, 27, 0, 0, 0, 0, 187)
27 (1, 4, 0, 0, 564, 0, 0, 0, 0, 0, 0, 27)
28 (1, 4, 0, 0, 606, 0, 0, 0, 0, 0, 0, 141)
29 (1, 4, 0, 0, 669, 0, 0, 0, 0, 0, 0, 60)
0 (1, 4, 0, 17, 0, 0, 0, 0, 0, 0, 0, 170)
1 (1, 4, 0, 21, 0, 0, 0, 0, 0, 0, 0, 112)
2 (1, 4, 0, 92, 0, 0, 0, 0, 0, 0, 0, 245)
3 (1, 4, 0, 125, 0, 0, 0, 0, 0, 0, 0, 130)
4 (1, 4, 0, 79, 0, 0, 0, 0, 1, 0, 0, 46)
5 (1, 4, 0, 215, 0, 0, 0, 0, 2, 1, 0, 48)
6 (1, 4, 24, 396, 0, 0, 0, 0, 1, 1, 0, 106)
7 (1, 4, 171, 480, 0, 11, 0, 0, 0, 1, 0, 217)
8 (1, 4, 769, 324, 93, 0, 0, 16, 0, 1, 0, 128)
9 (1, 4, 873, 0, 191, 0, 0, 0, 0, 0, 0, 97)
10 (1, 4, 203, 112, 42, 0, 0, 0, 0, 0, 0, 205)
11 (1, 4, 616, 34, 44, 0, 0, 32, 0, 0, 0, 86)
12 (1, 4, 589, 88, 0, 3, 0, 0, 1, 1, 0, 204)
13 (1, 4, 357, 99, 0, 0, 0, 69, 2, 2, 0, 96)
14 (1, 4, 266, 56, 0, 1, 0, 60, 4, 3, 0, 192)
15 (1, 4, 161, 143, 0, 0, 0, 79, 5, 4, 0, 232)
16 (1, 4, 193, 226, 0, 0, 0, 2, 5, 4, 0, 62)
17 (1, 4, 187, 342, 0, 0, 0, 0, 5, 3, 0, 206)
18 (1, 4, 168, 448, 0, 0, 0, 86, 5, 2, 0, 218)
19 (1, 4, 135, 240, 0, 0, 129, 213, 5, 1, 0, 29)
20 (1, 4, 131, 0, 0, 0, 260, 227, 5, 2, 0, 186)
21 (1, 4, 0, 0, 378, 0, 159, 138, 5, 4, 0, 77)
22 (1, 4, 0, 0, 533, 0, 43, 43, 4, 8, 0, 197)
23 (1, 4, 0, 0, 444, 0, 0, 48, 4, 11, 0, 160)
24 (1, 4, 0, 0, 334, 0, 0, 60, 4, 10, 0, 240)
25 (1, 4, 0, 0, 91, 17, 0, 107, 4, 8, 0, 163)
26 (1, 4, 0, 0, 0, 16, 0, 107, 4, 7, 0, 120)
0 (1, 4, 0, 0, 85, 8, 0, 9, 1, 2, 0, 73)
1 (1, 4, 0, 0, 289, 0, 0, 0, 1, 2, 0, 253)
2 (1, 4, 0, 0, 419, 0, 0, 0, 0, 1, 0, 252)
3 (1, 4, 0, 0, 554, 0, 0, 0, 0, 1, 0, 194)
4 (1, 4, 0, 0, 503, 0, 0, 0, 0, 1, 0, 38)
5 (1, 4, 59, 0, 326, 0, 0, 0, 0, 1, 0, 135)
6 (1, 4, 0, 0, 136, 0, 0, 0, 0, 1, 0, 88)
7 (1, 4, 0, 0, 59, 0, 0, 0, 0, 1, 0, 147)
8 (1, 4, 0, 166, 123, 0, 0, 0, 0, 0, 0, 119)
9 (1, 4, 155, 19, 63, 0, 0, 35, 0, 0, 0, 79)
10 (1, 4, 0, 52, 7, 0, 0, 0, 0, 0, 0, 226)
11 (1, 4, 0, 46, 0, 0, 0, 0, 0, 0, 0, 184)
12 (1, 4, 0, 0, 0, 0, 0, 0, 0, 0, 0, 126)
13 (1, 4, 0, 1, 0, 0, 0, 0, 0, 0, 0, 203)
14 (1, 4, 0, 24, 0, 0, 0, 0, 0, 0, 0, 172)
15 (1, 4, 0, 5, 0, 0, 0, 0, 0, 0, 0, 17)
16 (1, 4, 0, 0, 0, 0, 0, 0, 0, 0, 0, 126)
17 (1, 4, 0, 0, 0, 0, 0, 0, 0, 0, 0, 126)
18 (1, 4, 15, 4, 0, 0, 0, 0, 0, 0, 0, 254)
19 (1, 4, 115, 0, 19, 0, 0, 0, 1, 1, 0, 15)
20 (1, 4, 129, 0, 0, 0, 0, 0, 1, 1, 0, 108)
21 (1, 4, 267, 0, 0, 0, 0, 0, 3, 2, 0, 110)
22 (1, 4, 119, 0, 0, 0, 0, 0, 3, 2, 0, 138)
23 (1, 4, 60, 0, 0, 0, 0, 9, 4, 3, 0, 22)
24 (1, 4, 0, 0, 0, 0, 0, 40, 4, 3, 0, 7)
25 (1, 4, 193, 0, 0, 0, 0, 117, 4, 4, 0, 85)
26 (1, 4, 0, 0, 0, 0, 0, 93, 4, 5, 0, 231)
27 (1, 4, 0, 0, 0, 0, 0, 83, 4, 5, 0, 193)
28 (1, 4, 0, 0, 0, 0, 16, 0, 4, 5, 0, 180)
29 (1, 4, 0, 0, 0, 0, 0, 0, 3, 5, 0, 24)
30 (1, 4, 0, 0, 0, 26, 0, 0, 3, 4, 0, 66)
31 (1, 4, 136, 452, 208, 0, 0, 0, 3, 5, 0, 181)
0 (1, 4, 873, 658, 0, 0, 0, 0, 2, 1, 0, 39)
1 (1, 4, 564, 406, 0, 0, 212, 0, 4, 1, 0, 251)
2 (1, 4, 227, 219, 0, 0, 371, 222, 4, 1, 0, 107)
3 (1, 4, 3, 0, 42, 0, 162, 164, 4, 2, 0, 205)
4 (1, 4, 0, 0, 174, 0, 0, 91, 4, 3, 0, 148)
5 (1, 4, 0, 0, 247, 0, 167, 173, 4, 5, 0, 101)
6 (1, 4, 0, 0, 462, 0, 126, 97, 4, 7, 0, 4)
7 (1, 4, 0, 0, 414, 0, 0, 17, 4, 11, 0, 15)
8 (1, 4, 0, 0, 92, 7, 0, 57, 4, 10, 0, 10)
9 (1, 4, 0, 0, 47, 0, 0, 81, 4, 8, 0, 78)
10 (1, 4, 0, 0, 0, 7, 0, 91, 4, 6, 0, 203)
11 (1, 4, 0, 0, 0, 0, 0, 102, 4, 5, 0, 25)
12 (1, 4, 0, 0, 0, 14, 0, 68, 3, 5, 0, 146)
13 (1, 4, 0, 0, 0, 0, 0, 69, 3, 4, 0, 156)
14 (1, 4, 0, 0, 0, 6, 0, 30, 3, 4, 0, 196)
15 (1, 4, 0, 0, 0, 0, 0, 22, 3, 3, 0, 122)
16 (1, 4, 0, 0, 0, 0, 41, 6, 3, 3, 0, 28)
17 (1, 4, 0, 0, 334, 0, 0, 21, 3, 3, 0, 119)
18 (1, 4, 169, 0, 806, 0, 0, 0, 3, 3, 0, 161)
19 (1, 4, 267, 0, 873, 0, 0, 0, 2, 2, 0, 198)
20 (1, 4, 313, 178, 699, 0, 0, 0, 1, 3, 0, 248)
21 (1, 4, 1, 134, 233, 0, 0, 0, 1, 2, 0, 174)
22 (1, 4, 0, 0, 0, 0, 0, 82, 1, 1, 0, 88)
23 (1, 4, 57, 0, 0, 0, 0, 0, 1, 1, 0, 46)
24 (1, 4, 95, 126, 110, 0, 0, 0, 0, 1, 0, 202)
25 (1, 4, 0, 73, 31, 0, 0, 0, 0, 1, 0, 182)
26 (1, 4, 103, 43, 76, 0, 0, 0, 0, 0, 0, 170)
27 (1, 4, 40, 0, 9, 0, 0, 0, 0, 0, 0, 225)
28 (1, 4, 0, 14, 0, 0, 0, 0, 0, 0, 0, 122)
29 (1, 4, 0, 21, 0, 0, 0, 0, 0, 0, 0, 112)
30 (1, 4, 14, 11, 0, 0, 0, 0, 0, 0, 0, 65)
31 (1, 4, 12, 0, 0, 0, 0, 0, 0, 0, 0, 54)
0 (1, 4, 576, 49, 148, 0, 0, 0, 0, 0, 0, 53)
1 (1, 4, 776, 0, 182, 0, 0, 0, 0, 0, 0, 9)
2 (1, 4, 462, 0, 0, 0, 0, 0, 1, 1, 0, 189)
3 (1, 4, 451, 128, 0, 0, 0, 0, 2, 2, 0, 225)
4 (1, 4, 566, 167, 0, 0, 0, 0, 4, 3, 0, 138)
5 (1, 4, 479, 400, 0, 0, 0, 0, 5, 3, 0, 143)
6 (1, 4, 378, 431, 0, 0, 14, 5, 5, 2, 0, 104)
7 (1, 4, 265, 297, 0, 0, 72, 106, 5, 2, 0, 116)
8 (1, 4, 128, 119, 0, 0, 140, 152, 5, 2, 0, 215)
9 (1, 4, 90, 0, 0, 0, 186, 138, 5, 2, 0, 22)
10 (1, 4, 0, 0, 305, 0, 161, 114, 5, 4, 0, 190)
11 (1, 4, 0, 0, 553, 0, 156, 91, 5, 8, 0, 39)
12 (1, 4, 0, 0, 627, 0, 0, 37, 5, 12, 0, 25)
13 (1, 4, 0, 0, 147, 48, 0, 44, 5, 12, 0, 124)
14 (1, 4, 6, 87, 35, 8, 0, 101, 5, 9, 0, 158)
15 (1, 4, 0, 32, 0, 0, 0, 133, 5, 7, 0, 103)
16 (1, 4, 0, 0, 0, 0, 0, 116, 5, 6, 0, 172)
17 (1, 4, 0, 0, 0, 0, 0, 92, 4, 5, 0, 56)
18 (1, 4, 0, 0, 0, 0, 0, 63, 2, 3, 0, 140)
19 (1, 4, 0, 0, 0, 0, 0, 21, 1, 2, 0, 179)
20 (1, 4, 0, 0, 0, 13, 0, 16, 0, 1, 0, 93)
21 (1, 4, 0, 0, 0, 0, 0, 9, 0, 1, 0, 32)
22 (1, 4, 0, 0, 44, 15, 0, 0, 0, 0, 0, 199)
23 (1, 4, 0, 0, 40, 1, 0, 0, 0, 0, 0, 35)
24 (1, 4, 205, 0, 304, 0, 0, 0, 0, 0, 0, 120)
25 (1, 4, 412, 0, 653, 0, 0, 0, 0, 0, 0, 252)
26 (1, 4, 58, 0, 773, 0, 0, 0, 0, 0, 0, 24)
27 (1, 4, 43, 0, 665, 0, 0, 0, 0, 1, 0, 172)
28 (1, 4, 0, 2, 57, 0, 0, 0, 0, 0, 0, 186)
29 (1, 4, 0, 123, 25, 0, 0, 0, 0, 0, 0, 98)
0 (1, 4, 125, 0, 0, 0, 0, 0, 0, 0, 0, 150)
1 (1, 4, 0, 33, 0, 0, 0, 0, 0, 0, 0, 9)
2 (1, 4, 0, 133, 0, 0, 0, 0, 0, 0, 0, 16)
3 (1, 4, 23, 132, 0, 0, 0, 0, 0, 0, 0, 111)
4 (1, 4, 0, 250, 0, 0, 0, 0, 0, 0, 0, 129)
5 (1, 4, 0, 407, 0, 0, 0, 0, 0, 0, 0, 249)
6 (1, 4, 171, 376, 0, 0, 0, 0, 0, 0, 0, 184)
7 (1, 4, 246, 70, 0, 0, 0, 0, 0, 0, 0, 213)
8 (1, 4, 244, 0, 0, 0, 3, 0, 0, 0, 0, 118)
9 (1, 4, 201, 80, 0, 0, 0, 0, 0, 0, 0, 126)
10 (1, 4, 379, 121, 0, 0, 0, 0, 0, 0, 0, 150)
11 (1, 4, 604, 26, 91, 0, 0, 12, 0, 0, 0, 248)
12 (1, 4, 873, 62, 220, 4, 0, 0, 2, 1, 0, 171)
13 (1, 4, 430, 165, 0, 0, 0, 0, 4, 2, 0, 15)
14 (1, 4, 629, 448, 0, 0, 0, 0, 5, 3, 0, 213)
15 (1, 4, 474, 502, 0, 0, 5, 0, 5, 2, 0, 190)
16 (1, 4, 262, 343, 0, 0, 167, 124, 5, 1, 0, 34)
17 (1, 4, 108, 95, 0, 0, 146, 161, 5, 2, 0, 167)
18 (1, 4, 0, 0, 145, 0, 136, 100, 5, 3, 0, 80)
19 (1, 4, 0, 16, 419, 0, 120, 102, 4, 5, 0, 194)
20 (1, 4, 0, 0, 620, 0, 160, 103, 4, 8, 0, 51)
21 (1, 4, 0, 0, 661, 0, 0, 0, 4, 10, 0, 136)
22 (1, 4, 0, 0, 138, 0, 0, 111, 4, 9, 0, 180)
23 (1, 4, 9, 0, 0, 0, 0, 102, 4, 7, 0, 177)
24 (1, 4, 3, 0, 0, 0, 0, 103, 4, 6, 0, 105)
25 (1, 4, 0, 9, 0, 0, 0, 116, 4, 5, 0, 117)
26 (1, 4, 0, 0, 0, 0, 0, 118, 4, 5, 0, 202)
27 (1, 4, 0, 0, 0, 0, 0, 85, 4, 5, 0, 13)
28 (1, 4, 0, 0, 0, 0, 0, 44, 4, 5, 0, 15)
29 (1, 4, 0, 0, 0, 5, 0, 0, 3, 5, 0, 123)
30 (1, 4, 0, 0, 0, 6, 0, 15, 3, 4, 0, 200)
31 (1, 4, 0, 0, 0, 0, 4, 28, 3, 4, 0, 220)
0 (1, 4, 72, 4, 36, 0, 0, 0, 0, 0, 0, 253)
1 (1, 4, 123, 0, 0, 0, 0, 0, 0, 0, 0, 178)
2 (1, 4, 183, 0, 0, 0, 0, 0, 1, 0, 0, 4)
3 (1, 4, 48, 0, 0, 0, 0, 0, 2, 1, 0, 246)
4 (1, 4, 56, 33, 68, 0, 0, 11, 2, 2, 0, 101)
5 (1, 4, 244, 156, 280, 0, 0, 0, 2, 2, 0, 120)
6 (1, 4, 83, 158, 269, 0, 0, 0, 1, 2, 0, 254)
7 (1, 4, 111, 79, 170, 0, 0, 0, 0, 1, 0, 175)
8 (1, 4, 177, 197, 91, 0, 0, 0, 0, 1, 0, 71)
9 (1, 4, 220, 188, 0, 0, 0, 0, 0, 0, 0, 129)
10 (1, 4, 476, 219, 0, 0, 0, 0, 0, 0, 0, 192)
11 (1, 4, 620, 0, 0, 0, 0, 0, 0, 0, 0, 124)
12 (1, 4, 578, 76, 0, 0, 0, 0, 0, 0, 0, 5)
13 (1, 4, 423, 111, 0, 0, 0, 0, 0, 0, 0, 116)
14 (1, 4, 663, 39, 0, 0, 0, 0, 1, 0, 0, 7)
15 (1, 4, 448, 80, 0, 0, 0, 6, 1, 1, 0, 199)
16 (1, 4, 319, 75, 0, 0, 0, 30, 2, 1, 0, 179)
17 (1, 4, 260, 187, 0, 0, 0, 0, 3, 2, 0, 253)
18 (1, 4, 345, 331, 0, 0, 0, 0, 5, 3, 0, 54)
19 (1, 4, 344, 422, 0, 0, 0, 0, 5, 3, 0, 164)
20 (1, 4, 191, 385, 0, 0, 174, 123, 5, 2, 0, 46)
21 (1, 4, 14, 26, 0, 0, 193, 165, 5, 2, 0, 120)
22 (1, 4, 0, 0, 43, 0, 0, 64, 5, 4, 0, 132)
23 (1, 4, 0, 91, 28, 0, 0, 105, 5, 4, 0, 253)
24 (1, 4, 0, 0, 123, 0, 88, 237, 4, 5, 0, 60)
25 (1, 4, 0, 0, 438, 0, 152, 177, 5, 6, 0, 229)
26 (1, 4, 0, 0, 670, 0, 0, 0, 5, 9, 0, 80)
27 (1, 4, 0, 0, 137, 111, 0, 0, 5, 9, 0, 233)
28 (1, 4, 0, 94, 0, 0, 0, 133, 5, 7, 0, 67)
29 (1, 4, 0, 0, 0, 0, 0, 150, 4, 6, 0, 25)
30 (1, 4, 0, 0, 0, 0, 0, 120, 4, 5, 0, 236)
31 (1, 4, 21, 11, 0, 0, 0, 117, 4, 5, 0, 17)
0 (1, 4, 0, 13, 0, 0, 0, 0, 0, 0, 0, 162)
1 (1, 4, 0, 65, 0, 0, 0, 0, 0, 0, 0, 72)
2 (1, 4, 0, 77, 0, 0, 0, 0, 0, 0, 0, 33)
3 (1, 4, 0, 15, 0, 0, 0, 0, 0, 0, 0, 207)
4 (1, 4, 0, 0, 0, 0, 0, 0, 0, 0, 0, 126)
5 (1, 4, 0, 125, 0, 0, 0, 0, 0, 0, 0, 130)
6 (1, 4, 112, 249, 0, 0, 0, 0, 1, 1, 0, 254)
7 (1, 4, 269, 153, 0, 0, 0, 0, 2, 2, 0, 78)
8 (1, 4, 536, 5, 0, 0, 0, 0, 4, 5, 0, 202)
9 (1, 4, 819, 182, 0, 0, 0, 0, 4, 5, 0, 23)
10 (1, 4, 749, 72, 0, 0, 0, 0, 4, 4, 0, 115)
11 (1, 4, 391, 38, 0, 0, 40, 36, 4, 4, 0, 10)
12 (1, 4, 463, 0, 91, 0, 0, 8, 4, 4, 0, 247)
13 (1, 4, 269, 39, 97, 10, 0, 26, 4, 4, 0, 9)
14 (1, 4, 312, 67, 108, 27, 0, 48, 4, 4, 0, 239)
15 (1, 4, 125, 136, 0, 24, 0, 25, 4, 4, 0, 233)
16 (1, 4, 255, 299, 0, 29, 0, 0, 4, 3, 0, 141)
17 (1, 4, 252, 454, 0, 0, 0, 0, 4, 2, 0, 4)
18 (1, 4, 275, 540, 0, 0, 56, 72, 4, 1, 0, 73)
19 (1, 4, 165, 205, 0, 0, 157, 190, 4, 1, 0, 20)
20 (1, 4, 8, 0, 42, 0, 193, 193, 4, 2, 0, 125)
21 (1, 4, 0, 0, 410, 0, 94, 117, 4, 4, 0, 200)
22 (1, 4, 0, 0, 483, 0, 64, 72, 4, 6, 0, 43)
23 (1, 4, 0, 0, 653, 0, 0, 56, 4, 8, 0, 5)
24 (1, 4, 0, 0, 172, 31, 0, 0, 4, 9, 0, 116)
25 (1, 4, 34, 9, 53, 54, 0, 42, 4, 7, 0, 223)
26 (1, 4, 0, 55, 0, 14, 0, 111, 4, 6, 0, 138)
27 (1, 4, 0, 10, 0, 0, 0, 131, 4, 5, 0, 3)
28 (1, 4, 0, 0, 0, 0, 0, 82, 4, 5, 0, 30)
29 (1, 4, 0, 0, 0, 0, 0, 64, 3, 4, 0, 54)
30 (1, 4, 0, 0, 0, 0, 0, 27, 1, 3, 0, 254)
31 (1, 4, 0, 0, 0, 0, 0, 10, 0, 1, 0, 70)
0 (1, 4, 0, 166, 0, 0, 0, 0, 1, 1, 0, 3)
1 (1, 4, 0, 346, 0, 0, 0, 0, 0, 1, 0, 204)
2 (1, 4, 6, 246, 0, 0, 0, 0, 0, 1, 0, 167)
3 (1, 4, 193, 0, 49, 0, 0, 0, 0, 1, 0, 146)
4 (1, 4, 245, 0, 0, 0, 0, 0, 0, 1, 0, 152)
5 (1, 4, 72, 79, 0, 0, 0, 0, 0, 0, 0, 181)
6 (1, 4, 528, 72, 0, 0, 0, 0, 0, 0, 0, 170)
7 (1, 4, 723, 152, 0, 0, 0, 0, 0, 0, 0, 199)
8 (1, 4, 873, 315, 0, 0, 0, 0, 0, 0, 0, 101)
9 (1, 4, 574, 131, 0, 0, 0, 7, 2, 1, 0, 108)
10 (1, 4, 483, 65, 0, 0, 43, 54, 3, 1, 0, 55)
11 (1, 4, 133, 0, 0, 0, 0, 85, 3, 2, 0, 17)
12 (1, 4, 64, 1, 0, 14, 0, 18, 4, 3, 0, 160)
13 (1, 4, 191, 181, 0, 41, 0, 0, 4, 4, 0, 241)
14 (1, 4, 238, 433, 0, 0, 0, 0, 5, 3, 0, 211)
15 (1, 4, 120, 345, 0, 0, 121, 107, 5, 2, 0, 216)
16 (1, 4, 137, 129, 0, 0, 160, 203, 5, 2, 0, 224)
17 (1, 4, 0, 0, 156, 0, 96, 131, 4, 3, 0, 219)
18 (1, 4, 0, 0, 397, 0, 98, 114, 4, 5, 0, 128)
19 (1, 4, 0, 0, 618, 0, 117, 96, 4, 7, 0, 39)
20 (1, 4, 0, 0, 668, 0, 0, 31, 4, 9, 0, 55)
21 (1, 4, 0, 0, 140, 10, 0, 23, 4, 9, 0, 222)
22 (1, 4, 48, 49, 32, 17, 0, 82, 4, 7, 0, 239)
23 (1, 4, 0, 37, 0, 0, 0, 132, 4, 5, 0, 99)
24 (1, 4, 3, 4, 0, 0, 0, 125, 4, 5, 0, 142)
25 (1, 4, 0, 0, 0, 0, 0, 96, 4, 5, 0, 213)
26 (1, 4, 0, 0, 0, 0, 0, 76, 4, 5, 0, 235)
27 (1, 4, 0, 0, 0, 0, 0, 52, 3, 4, 0, 116)
28 (1, 4, 0, 0, 0, 0, 0, 7, 2, 3, 0, 20)
29 (1, 4, 0, 0, 0, 0, 7, 0, 1, 2, 0, 162)
30 (1, 4, 0, 0, 137, 0, 0, 14, 1, 1, 0, 136)
31 (1, 4, 0, 0, 439, 0, 0, 0, 1, 1, 0, 191)
0 (1, 4, 186, 302, 0, 0, 0, 0, 0, 0, 0, 3)
1 (1, 4, 632, 191, 0, 0, 0, 0, 0, 0, 0, 183)
2 (1, 4, 400, 0, 0, 0, 0, 6, 0, 0, 0, 69)
3 (1, 4, 594, 0, 0, 0, 0, 0, 0, 0, 0, 15)
4 (1, 4, 296, 0, 43, 0, 3, 0, 0, 0, 0, 185)
5 (1, 4, 217, 0, 0, 0, 0, 0, 0, 0, 0, 124)
6 (1, 4, 240, 0, 0, 0, 0, 34, 0, 0, 0, 221)
7 (1, 4, 225, 0, 0, 0, 0, 58, 1, 1, 0, 3)
8 (1, 4, 224, 0, 0, 0, 0, 55, 3, 2, 0, 52)
9 (1, 4, 296, 77, 0, 0, 0, 17, 4, 3, 0, 170)
10 (1, 4, 482, 226, 0, 0, 0, 0, 4, 3, 0, 36)
11 (1, 4, 669, 371, 0, 0, 0, 0, 4, 2, 0, 141)
12 (1, 4, 367, 325, 0, 0, 159, 36, 4, 2, 0, 244)
13 (1, 4, 138, 157, 0, 0, 223, 117, 4, 1, 0, 192)
14 (1, 4, 14, 20, 42, 0, 123, 102, 4, 2, 0, 85)
15 (1, 4, 0, 10, 225, 0, 118, 83, 4, 3, 0, 129)
16 (1, 4, 0, 0, 444, 0, 133, 56, 4, 6, 0, 117)
17 (1, 4, 0, 0, 586, 0, 0, 81, 4, 8, 0, 59)
18 (1, 4, 0, 0, 309, 0, 0, 55, 4, 8, 0, 215)
19 (1, 4, 0, 6, 0, 34, 0, 101, 4, 7, 0, 201)
20 (1, 4, 0, 4, 0, 0, 0, 141, 4, 5, 0, 33)
21 (1, 4, 0, 0, 0, 0, 0, 122, 4, 5, 0, 85)
22 (1, 4, 0, 0, 0, 0, 2, 113, 4, 5, 0, 43)
23 (1, 4, 0, 0, 0, 0, 0, 78, 4, 4, 0, 57)
24 (1, 4, 0, 0, 0, 0, 0, 2, 3, 4, 0, 202)
25 (1, 4, 0, 0, 0, 0, 0, 0, 2, 3, 0, 7)
26 (1, 4, 0, 0, 109, 0, 0, 0, 1, 2, 0, 185)
27 (1, 4, 0, 0, 308, 0, 0, 0, 1, 1, 0, 245)
28 (1, 4, 0, 0, 701, 0, 0, 0, 0, 1, 0, 169)
29 (1, 4, 0, 0, 493, 0, 0, 7, 0, 0, 0, 178)
0 (1, 4, 122, 0, 0, 0, 0, 0, 0, 0, 0, 188)
1 (1, 4, 337, 291, 0, 0, 0, 0, 0, 0, 0, 228)
2 (1, 4, 690, 336, 0, 0, 0, 0, 0, 0, 0, 83)
3 (1, 4, 873, 198, 0, 0, 0, 8, 0, 0, 0, 151)
4 (1, 4, 873, 0, 0, 0, 0, 58, 1, 1, 0, 96)
5 (1, 4, 532, 0, 0, 0, 0, 39, 2, 1, 0, 191)
6 (1, 4, 189, 0, 22, 0, 0, 0, 2, 2, 0, 22)
7 (1, 4, 105, 0, 164, 0, 0, 0, 2, 2, 0, 13)
8 (1, 4, 0, 0, 12, 0, 0, 6, 1, 2, 0, 228)
9 (1, 4, 0, 0, 0, 8, 0, 3, 1, 2, 0, 84)
10 (1, 4, 135, 146, 0, 0, 0, 42, 1, 2, 0, 10)
11 (1, 4, 182, 253, 0, 0, 0, 0, 2, 2, 0, 135)
12 (1, 4, 331, 459, 0, 0, 0, 0, 3, 2, 0, 235)
13 (1, 4, 310, 495, 0, 0, 28, 30, 4, 2, 0, 96)
14 (1, 4, 243, 330, 0, 0, 187, 168, 4, 1, 0, 188)
15 (1, 4, 59, 0, 53, 0, 237, 159, 4, 2, 0, 241)
16 (1, 4, 0, 0, 368, 0, 21, 37, 4, 4, 0, 105)
17 (1, 4, 0, 0, 408, 0, 21, 109, 4, 5, 0, 229)
18 (1, 4, 27, 0, 502, 0, 42, 156, 4, 6, 0, 81)
19 (1, 4, 0, 0, 455, 0, 0, 62, 4, 7, 0, 1)
20 (1, 4, 0, 0, 82, 50, 0, 43, 4, 6, 0, 42)
21 (1, 4, 10, 93, 0, 3, 0, 96, 4, 5, 0, 166)
22 (1, 4, 0, 43, 0, 0, 15, 139, 4, 5, 0, 55)
23 (1, 4, 0, 0, 0, 0, 0, 133, 4, 4, 0, 122)
24 (1, 4, 0, 0, 0, 0, 0, 106, 3, 4, 0, 196)
25 (1, 4, 0, 0, 0, 0, 0, 80, 2, 3, 0, 145)
26 (1, 4, 0, 0, 0, 0, 0, 45, 1, 2, 0, 43)
27 (1, 4, 0, 0, 0, 0, 0, 8, 0, 1, 0, 255)
28 (1, 4, 0, 0, 0, 1, 0, 3, 0, 1, 0, 108)
29 (1, 4, 0, 0, 0, 6, 0, 0, 0, 0, 0, 60)
30 (1, 4, 20, 0, 354, 0, 0, 0, 0, 0, 0, 209)
31 (1, 4, 0, 0, 650, 0, 0, 0, 0, 0, 0, 166)
0 (1, 4, 700, 0, 0, 0, 0, 95, 1, 1, 0, 102)
1 (1, 4, 0, 0, 0, 0, 19, 7, 3, 2, 0, 19)
2 (1, 4, 2, 0, 85, 0, 0, 0, 3, 4, 0, 33)
3 (1, 4, 0, 0, 12, 0, 0, 0, 3, 4, 0, 145)
4 (1, 4, 94, 0, 0, 0, 0, 12, 4, 4, 0, 248)
5 (1, 4, 153, 28, 0, 0, 0, 45, 3, 4, 0, 17)
6 (1, 4, 178, 55, 0, 0, 0, 41, 4, 4, 0, 65)
7 (1, 4, 164, 143, 0, 0, 0, 0, 4, 4, 0, 0)
8 (1, 4, 481, 412, 0, 0, 0, 0, 4, 3, 0, 247)
9 (1, 4, 328, 465, 0, 0, 35, 9, 4, 2, 0, 220)
10 (1, 4, 248, 319, 0, 0, 203, 135, 4, 2, 0, 230)
11 (1, 4, 66, 19, 0, 0, 165, 151, 4, 2, 0, 226)
12 (1, 4, 0, 0, 229, 0, 40, 55, 4, 3, 0, 223)
13 (1, 4, 0, 74, 329, 0, 11, 47, 4, 4, 0, 155)
14 (1, 4, 0, 147, 363, 0, 50, 119, 4, 5, 0, 136)
15 (1, 4, 0, 0, 533, 0, 139, 122, 4, 7, 0, 242)
16 (1, 4, 0, 0, 408, 0, 0, 0, 4, 8, 0, 207)
17 (1, 4, 5, 0, 0, 24, 0, 55, 4, 7, 0, 191)
18 (1, 4, 9, 71, 0, 0, 26, 121, 4, 5, 0, 122)
19 (1, 4, 3, 0, 0, 0, 15, 135, 4, 5, 0, 19)
20 (1, 4, 0, 0, 0, 0, 0, 115, 4, 4, 0, 11)
21 (1, 4, 0, 0, 0, 0, 0, 91, 4, 4, 0, 64)
22 (1, 4, 0, 0, 0, 0, 0, 76, 4, 4, 0, 128)
23 (1, 4, 0, 0, 0, 0, 0, 47, 3, 4, 0, 43)
24 (1, 4, 0, 0, 0, 0, 0, 31, 2, 3, 0, 45)
25 (1, 4, 0, 0, 0, 5, 0, 12, 2, 2, 0, 144)
26 (1, 4, 0, 0, 0, 0, 0, 22, 1, 2, 0, 213)
27 (1, 4, 0, 0, 0, 8, 0, 0, 2, 2, 0, 148)
28 (1, 4, 106, 0, 416, 14, 0, 0, 2, 2, 0, 166)
29 (1, 4, 0, 0, 628, 0, 0, 0, 1, 1, 0, 233)
30 (1, 4, 89, 0, 751, 0, 0, 0, 0, 1, 0, 21)
31 (1, 4, 66, 0, 641, 0, 0, 0, 0, 1, 0, 95)
0 (1, 4, 67, 37, 28, 0, 0, 0, 0, 1, 0, 190)
1 (1, 4, 11, 19, 9, 0, 0, 0, 0, 0, 0, 141)
2 (1, 4, 0, 14, 0, 0, 0, 0, 0, 0, 0, 122)
3 (1, 4, 0, 58, 0, 0, 0, 0, 0, 0, 0, 3)
4 (1, 4, 76, 73, 1, 0, 0, 0, 0, 0, 0, 174)
5 (1, 4, 244, 67, 69, 0, 0, 0, 0, 0, 0, 151)
6 (1, 4, 387, 129, 94, 0, 0, 0, 0, 1, 0, 237)
7 (1, 4, 612, 134, 23, 0, 0, 0, 1, 1, 0, 41)
8 (1, 4, 549, 204, 0, 0, 0, 0, 1, 1, 0, 105)
9 (1, 4, 520, 298, 0, 0, 0, 0, 2, 1, 0, 92)
10 (1, 4, 507, 215, 0, 0, 0, 1, 2, 2, 0, 137)
11 (1, 4, 291, 74, 0, 0, 0, 16, 2, 2, 0, 53)
12 (1, 4, 57, 0, 0, 0, 0, 20, 2, 3, 0, 248)
13 (1, 4, 133, 0, 115, 0, 0, 0, 2, 2, 0, 142)
14 (1, 4, 0, 0, 0, 0, 0, 0, 1, 2, 0, 202)
15 (1, 4, 0, 0, 0, 0, 0, 0, 1, 2, 0, 202)
16 (1, 4, 0, 88, 11, 0, 0, 17, 1, 2, 0, 144)
17 (1, 4, 66, 47, 0, 0, 0, 24, 1, 1, 0, 168)
18 (1, 4, 129, 125, 0, 0, 0, 0, 1, 1, 0, 144)
19 (1, 4, 455, 328, 0, 0, 0, 0, 1, 1, 0, 22)
20 (1, 4, 873, 631, 0, 0, 0, 0, 1, 1, 0, 174)
21 (1, 4, 873, 580, 0, 0, 0, 0, 2, 1, 0, 115)
22 (1, 4, 466, 336, 0, 0, 150, 0, 3, 1, 0, 118)
23 (1, 4, 175, 408, 0, 0, 154, 70, 4, 1, 0, 47)
24 (1, 4, 38, 97, 0, 0, 93, 171, 4, 2, 0, 83)
25 (1, 4, 0, 0, 18, 0, 0, 106, 5, 3, 0, 201)
26 (1, 4, 0, 0, 0, 0, 0, 83, 5, 4, 0, 200)
27 (1, 4, 0, 26, 0, 0, 21, 103, 4, 4, 0, 13)
28 (1, 4, 0, 0, 236, 0, 212, 190, 4, 5, 0, 177)
29 (1, 4, 0, 0, 722, 0, 193, 130, 4, 7, 0, 99)
30 (1, 4, 0, 0, 754, 0, 0, 5, 4, 10, 0, 194)
31 (1, 4, 0, 0, 50, 96, 0, 67, 4, 9, 0, 122)
0 (1, 4, 0, 0, 0, 0, 0, 0, 0, 0, 0, 126)
1 (1, 4, 0, 0, 0, 0, 0, 0, 0, 0, 0, 126)
2 (1, 4, 0, 119, 0, 0, 0, 0, 0, 0, 0, 92)
3 (1, 4, 31, 241, 0, 0, 0, 0, 0, 1, 0, 59)
4 (1, 4, 418, 188, 0, 0, 0, 0, 0, 1, 0, 18)
5 (1, 4, 395, 131, 0, 0, 0, 0, 1, 1, 0, 219)
6 (1, 4, 542, 90, 0, 0, 0, 0, 1, 2, 0, 70)
7 (1, 4, 751, 40, 75, 0, 0, 8, 2, 2, 0, 14)
8 (1, 4, 639, 0, 69, 0, 0, 0, 3, 2, 0, 207)
9 (1, 4, 315, 115, 0, 7, 0, 0, 3, 3, 0, 135)
10 (1, 4, 490, 367, 0, 0, 0, 0, 4, 3, 0, 108)
11 (1, 4, 526, 493, 0, 0, 0, 0, 4, 2, 0, 14)
12 (1, 4, 359, 501, 0, 0, 79, 69, 4, 2, 0, 182)
13 (1, 4, 83, 235, 0, 0, 255, 161, 4, 1, 0, 49)
14 (1, 4, 9, 0, 55, 0, 229, 165, 4, 2, 0, 5)
15 (1, 4, 0, 0, 287, 0, 49, 68, 4, 3, 0, 246)
16 (1, 4, 0, 0, 474, 0, 90, 141, 4, 5, 0, 236)
17 (1, 4, 0, 0, 502, 0, 38, 89, 4, 7, 0, 255)
18 (1, 4, 0, 0, 314, 0, 0, 23, 4, 8, 0, 47)
19 (1, 4, 90, 0, 0, 42, 0, 117, 4, 6, 0, 59)
20 (1, 4, 0, 0, 0, 0, 0, 108, 4, 5, 0, 74)
21 (1, 4, 4, 27, 0, 0, 0, 117, 4, 4, 0, 245)
22 (1, 4, 0, 19, 0, 0, 0, 115, 4, 4, 0, 178)
23 (1, 4, 2, 37, 0, 0, 0, 109, 4, 4, 0, 79)
24 (1, 4, 0, 26, 0, 0, 0, 125, 3, 4, 0, 187)
25 (1, 4, 0, 0, 0, 0, 0, 110, 3, 3, 0, 167)
26 (1, 4, 0, 0, 0, 0, 0, 71, 2, 3, 0, 81)
27 (1, 4, 0, 0, 0, 0, 12, 33, 1, 2, 0, 150)
28 (1, 4, 0, 0, 0, 0, 23, 1, 1, 2, 0, 248)
29 (1, 4, 0, 0, 0, 0, 1, 11, 1, 1, 0, 130)
30 (1, 4, 0, 0, 225, 0, 0, 0, 0, 1, 0, 117)
31 (1, 4, 0, 0, 542, 0, 0, 0, 0, 0, 0, 118)
0 (1, 4, 37, 0, 0, 0, 0, 0, 0, 0, 0, 143)
1 (1, 4, 117, 3, 0, 0, 0, 0, 0, 0, 0, 62)
2 (1, 4, 248, 52, 64, 0, 4, 0, 0, 0, 0, 212)
3 (1, 4, 249, 77, 158, 0, 0, 0, 0, 0, 0, 167)
4 (1, 4, 209, 72, 153, 0, 0, 0, 0, 0, 0, 154)
5 (1, 4, 188, 85, 125, 0, 0, 0, 0, 0, 0, 133)
6 (1, 4, 126, 88, 101, 0, 0, 0, 0, 0, 0, 26)
7 (1, 4, 140, 63, 58, 0, 0, 0, 0, 0, 0, 35)
8 (1, 4, 130, 88, 45, 0, 0, 0, 0, 0, 0, 174)
9 (1, 4, 36, 154, 0, 0, 0, 0, 0, 0, 0, 63)
10 (1, 4, 107, 260, 0, 0, 0, 0, 0, 1, 0, 6)
11 (1, 4, 229, 1, 0, 0, 0, 0, 0, 1, 0, 205)
12 (1, 4, 262, 108, 0, 0, 0, 0, 0, 0, 0, 112)
13 (1, 4, 97, 335, 0, 0, 0, 0, 0, 0, 0, 233)
14 (1, 4, 267, 156, 0, 0, 8, 1, 0, 0, 0, 9)
15 (1, 4, 256, 59, 0, 0, 12, 0, 0, 0, 0, 150)
16 (1, 4, 167, 19, 0, 0, 0, 21, 0, 0, 0, 70)
17 (1, 4, 455, 0, 163, 4, 0, 27, 0, 0, 0, 93)
18 (1, 4, 409, 34, 97, 30, 0, 0, 1, 1, 0, 141)
19 (1, 4, 518, 305, 0, 45, 0, 0, 1, 1, 0, 214)
20 (1, 4, 644, 612, 0, 0, 0, 0, 2, 1, 0, 174)
21 (1, 4, 838, 579, 0, 0, 11, 0, 3, 1, 0, 196)
22 (1, 4, 325, 454, 0, 0, 176, 143, 3, 1, 0, 17)
23 (1, 4, 118, 60, 0, 0, 184, 174, 4, 1, 0, 170)
24 (1, 4, 44, 6, 78, 0, 17, 99, 4, 2, 0, 87)
25 (1, 4, 0, 31, 132, 0, 56, 110, 4, 3, 0, 184)
26 (1, 4, 0, 0, 340, 0, 154, 143, 4, 4, 0, 44)
27 (1, 4, 0, 0, 497, 0, 5, 44, 4, 6, 0, 106)
28 (1, 4, 0, 0, 345, 42, 0, 44, 4, 6, 0, 108)
29 (1, 4, 21, 33, 0, 66, 0, 109, 4, 6, 0, 98)
30 (1, 4, 0, 0, 0, 0, 20, 142, 4, 5, 0, 251)
31 (1, 4, 0, 0, 0, 0, 0, 108, 4, 4, 0, 33)
0 (1, 4, 348, 22, 129, 0, 0, 0, 0, 0, 0, 238)
1 (1, 4, 187, 8, 0, 0, 0, 0, 0, 0, 0, 157)
2 (1, 4, 0, 100, 0, 0, 0, 0, 0, 1, 0, 142)
3 (1, 4, 84, 164, 15, 0, 0, 0, 0, 1, 0, 4)
4 (1, 4, 41, 180, 3, 0, 0, 0, 0, 0, 0, 4)
5 (1, 4, 0, 112, 34, 0, 0, 0, 0, 0, 0, 143)
6 (1, 4, 140, 87, 187, 0, 0, 0, 0, 0, 0, 180)
7 (1, 4, 122, 89, 163, 0, 0, 0, 0, 0, 0, 236)
8 (1, 4, 199, 93, 79, 0, 0, 0, 0, 0, 0, 84)
9 (1, 4, 350, 123, 0, 0, 0, 0, 0, 0, 0, 10)
10 (1, 4, 759, 238, 0, 0, 0, 0, 0, 0, 0, 175)
11 (1, 4, 585, 176, 0, 0, 0, 0, 0, 0, 0, 47)
12 (1, 4, 830, 20, 0, 0, 0, 0, 0, 0, 0, 176)
13 (1, 4, 396, 15, 0, 0, 0, 0, 0, 0, 0, 144)
14 (1, 4, 627, 0, 73, 0, 0, 0, 2, 1, 0, 186)
15 (1, 4, 293, 0, 1, 0, 0, 40, 3, 3, 0, 73)
16 (1, 4, 270, 20, 67, 0, 0, 28, 4, 4, 0, 187)
17 (1, 4, 221, 76, 0, 7, 0, 11, 4, 4, 0, 91)
18 (1, 4, 416, 278, 0, 0, 0, 0, 5, 3, 0, 205)
19 (1, 4, 391, 304, 0, 0, 74, 0, 5, 2, 0, 23)
20 (1, 4, 207, 298, 0, 0, 170, 68, 4, 2, 0, 34)
21 (1, 4, 0, 116, 0, 0, 103, 116, 4, 2, 0, 224)
22 (1, 4, 0, 19, 11, 0, 1, 118, 4, 3, 0, 112)
23 (1, 4, 0, 0, 79, 0, 41, 110, 4, 3, 0, 153)
24 (1, 4, 0, 0, 263, 0, 167, 145, 4, 4, 0, 53)
25 (1, 4, 0, 0, 573, 0, 89, 66, 4, 5, 0, 167)
26 (1, 4, 0, 0, 280, 0, 0, 39, 4, 6, 0, 160)
27 (1, 4, 22, 11, 0, 72, 0, 55, 4, 6, 0, 111)
28 (1, 4, 28, 116, 0, 0, 5, 134, 4, 5, 0, 191)
29 (1, 4, 5, 20, 0, 0, 0, 134, 4, 5, 0, 250)
30 (1, 4, 0, 0, 0, 0, 0, 119, 4, 5, 0, 21)
31 (1, 4, 7, 0, 0, 0, 0, 107, 4, 4, 0, 24)
0 (1, 4, 483, 0, 0, 0, 0, 0, 1, 2, 0, 129)
1 (1, 4, 293, 0, 0, 0, 0, 0, 1, 2, 0, 57)
2 (1, 4, 422, 36, 0, 0, 0, 0, 1, 1, 0, 155)
3 (1, 4, 274, 6, 0, 0, 0, 22, 2, 2, 0, 58)
4 (1, 4, 209, 84, 0, 5, 0, 0, 3, 3, 0, 76)
5 (1, 4, 298, 312, 0, 0, 0, 0, 4, 3, 0, 16)
6 (1, 4, 186, 357, 0, 0, 0, 5, 4, 3, 0, 115)
7 (1, 4, 163, 435, 0, 0, 62, 121, 4, 3, 0, 73)
8 (1, 4, 0, 207, 0, 0, 188, 197, 4, 3, 0, 132)
9 (1, 4, 0, 95, 104, 0, 39, 148, 4, 3, 0, 239)
10 (1, 4, 0, 55, 86, 0, 0, 110, 4, 4, 0, 204)
11 (1, 4, 38, 36, 54, 0, 0, 128, 4, 4, 0, 219)
12 (1, 4, 68, 0, 270, 0, 205, 173, 4, 4, 0, 101)
13 (1, 4, 0, 0, 462, 0, 46, 78, 4, 5, 0, 21)
14 (1, 4, 0, 0, 310, 3, 0, 55, 4, 5, 0, 220)
15 (1, 4, 31, 0, 28, 34, 0, 72, 4, 5, 0, 110)
16 (1, 4, 14, 2, 0, 0, 6, 109, 4, 4, 0, 214)
17 (1, 4, 6, 0, 0, 0, 0, 110, 4, 4, 0, 188)
18 (1, 4, 0, 14, 0, 0, 0, 114, 4, 4, 0, 208)
19 (1, 4, 3, 0, 0, 0, 0, 124, 4, 4, 0, 224)
20 (1, 4, 0, 0, 0, 0, 0, 117, 2, 3, 0, 154)
21 (1, 4, 0, 0, 0, 0, 23, 64, 1, 2, 0, 98)
22 (1, 4, 0, 0, 0, 0, 35, 0, 0, 1, 0, 147)
23 (1, 4, 0, 0, 40, 0, 0, 0, 0, 1, 0, 87)
24 (1, 4, 0, 0, 291, 0, 0, 0, 0, 0, 0, 102)
25 (1, 4, 0, 0, 486, 0, 0, 0, 0, 0, 0, 166)
26 (1, 4, 0, 0, 576, 0, 0, 0, 0, 0, 0, 63)
27 (1, 4, 0, 0, 348, 0, 0, 0, 0, 0, 0, 69)
28 (1, 4, 0, 0, 168, 0, 0, 0, 0, 0, 0, 205)
29 (1, 4, 173, 311, 403, 0, 0, 0, 0, 0, 0, 198)
0 (1, 4, 472, 263, 0, 0, 0, 0, 3, 2, 0, 231)
1 (1, 4, 352, 293, 0, 0, 32, 62, 4, 2, 0, 122)
2 (1, 4, 177, 119, 0, 0, 119, 127, 4, 2, 0, 13)
3 (1, 4, 71, 1, 0, 0, 83, 122, 4, 3, 0, 42)
4 (1, 4, 17, 37, 0, 0, 5, 90, 4, 3, 0, 80)
5 (1, 4, 0, 88, 84, 0, 38, 108, 4, 3, 0, 160)
6 (1, 4, 0, 4, 317, 0, 167, 153, 3, 4, 0, 62)
7 (1, 4, 0, 0, 391, 0, 32, 91, 3, 4, 0, 45)
8 (1, 4, 0, 0, 432, 0, 0, 51, 3, 5, 0, 33)
9 (1, 4, 0, 73, 156, 15, 0, 119, 3, 4, 0, 27)
10 (1, 4, 0, 3, 0, 0, 0, 139, 3, 4, 0, 173)
11 (1, 4, 2, 0, 0, 0, 0, 135, 3, 4, 0, 246)
12 (1, 4, 0, 0, 0, 0, 0, 116, 3, 4, 0, 49)
13 (1, 4, 0, 0, 0, 0, 0, 113, 3, 4, 0, 155)
14 (1, 4, 0, 0, 0, 0, 0, 109, 3, 3, 0, 193)
15 (1, 4, 0, 0, 0, 0, 0, 105, 3, 3, 0, 180)
16 (1, 4, 0, 0, 0, 0, 0, 54, 2, 2, 0, 210)
17 (1, 4, 0, 0, 0, 3, 28, 15, 1, 2, 0, 181)
18 (1, 4, 0, 0, 0, 0, 44, 22, 1, 1, 0, 71)
19 (1, 4, 0, 0, 168, 0, 0, 0, 1, 1, 0, 196)
20 (1, 4, 0, 0, 430, 0, 0, 0, 1, 1, 0, 232)
21 (1, 4, 0, 0, 697, 0, 0, 0, 1, 1, 0, 149)
22 (1, 4, 0, 0, 410, 0, 0, 0, 1, 1, 0, 55)
23 (1, 4, 0, 0, 337, 0, 0, 0, 1, 1, 0, 58)
24 (1, 4, 0, 23, 225, 0, 0, 0, 0, 1, 0, 22)
25 (1, 4, 8, 0, 127, 0, 0, 0, 0, 0, 0, 45)
26 (1, 4, 42, 0, 93, 0, 0, 0, 0, 0, 0, 39)
27 (1, 4, 0, 54, 34, 0, 0, 0, 0, 0, 0, 187)
28 (1, 4, 59, 82, 23, 0, 0, 0, 0, 0, 0, 46)
29 (1, 4, 97, 12, 28, 0, 0, 0, 0, 0, 0, 202)
0 (1, 4, 350, 6, 0, 0, 0, 0, 0, 1, 0, 157)
1 (1, 4, 457, 0, 0, 0, 0, 0, 0, 1, 0, 245)
2 (1, 4, 316, 76, 0, 0, 0, 0, 0, 1, 0, 146)
3 (1, 4, 526, 0, 0, 0, 0, 0, 0, 0, 0, 46)
4 (1, 4, 531, 12, 139, 0, 0, 0, 0, 0, 0, 23)
5 (1, 4, 361, 0, 46, 0, 0, 10, 1, 1, 0, 37)
6 (1, 4, 342, 36, 7, 0, 0, 4, 2, 2, 0, 171)
7 (1, 4, 362, 138, 0, 0, 0, 0, 3, 2, 0, 241)
8 (1, 4, 497, 261, 0, 0, 0, 0, 4, 3, 0, 113)
9 (1, 4, 669, 413, 0, 0, 0, 0, 5, 3, 0, 192)
10 (1, 4, 325, 221, 0, 0, 98, 58, 5, 3, 0, 104)
11 (1, 4, 207, 117, 0, 0, 181, 76, 5, 3, 0, 91)
12 (1, 4, 19, 53, 0, 0, 54, 85, 4, 3, 0, 215)
13 (1, 4, 0, 63, 18, 0, 0, 86, 4, 4, 0, 66)
14 (1, 4, 0, 19, 84, 0, 83, 126, 4, 4, 0, 60)
15 (1, 4, 0, 0, 405, 0, 136, 117, 4, 4, 0, 43)
16 (1, 4, 0, 0, 537, 0, 6, 62, 4, 5, 0, 153)
17 (1, 4, 0, 0, 305, 0, 0, 49, 4, 5, 0, 212)
18 (1, 4, 0, 0, 0, 22, 0, 104, 4, 5, 0, 138)
19 (1, 4, 30, 48, 0, 0, 12, 129, 4, 5, 0, 81)
20 (1, 4, 0, 0, 0, 0, 0, 119, 4, 4, 0, 126)
21 (1, 4, 1, 0, 0, 0, 0, 107, 4, 4, 0, 60)
22 (1, 4, 0, 0, 0, 0, 0, 99, 4, 4, 0, 216)
23 (1, 4, 0, 0, 0, 0, 0, 86, 4, 4, 0, 0)
24 (1, 4, 0, 0, 0, 0, 0, 71, 3, 4, 0, 37)
25 (1, 4, 0, 0, 0, 0, 0, 28, 2, 3, 0, 75)
26 (1, 4, 0, 0, 0, 0, 0, 1, 1, 2, 0, 21)
27 (1, 4, 0, 0, 0, 0, 0, 0, 0, 1, 0, 21)
28 (1, 4, 0, 0, 237, 0, 0, 0, 0, 1, 0, 151)
29 (1, 4, 0, 0, 447, 0, 0, 0, 0, 0, 0, 10)
30 (1, 4, 0, 0, 599, 0, 0, 0, 0, 0, 0, 165)
31 (1, 4, 0, 0, 375, 0, 0, 0, 0, 0, 0, 188)

