0 (1, 4, 0, 0, 0, 26, 0, 38, 1, 2, 0, 150)
1 (1, 4, 0, 0, 0, 44, 0, 29, 1, 2, 0, 52)
2 (1, 4, 60, 0, 0, 31, 0, 31, 1, 2, 0, 221)
3 (1, 4, 243, 0, 0, 49, 0, 3, 1, 2, 0, 4)
4 (1, 4, 0, 0, 0, 36, 0, 7, 1, 1, 0, 241)
5 (1, 4, 8, 0, 0, 29, 0, 0, 1, 1, 0, 107)
6 (1, 4, 0, 0, 0, 22, 0, 0, 1, 0, 0, 169)
7 (1, 4, 0, 0, 0, 12, 0, 0, 1, 0, 0, 152)
8 (1, 4, 0, 166, 0, 41, 0, 0, 1, 1, 0, 13)
9 (1, 4, 0, 660, 189, 14, 0, 0, 1, 1, 0, 188)
10 (1, 4, 0, 873, 351, 0, 0, 0, 1, 2, 0, 37)
11 (1, 4, 0, 873, 449, 0, 0, 30, 1, 3, 0, 248)
12 (1, 4, 0, 463, 111, 0, 0, 88, 1, 3, 0, 87)
13 (1, 4, 0, 157, 0, 0, 0, 96, 1, 2, 0, 146)
14 (1, 4, 39, 0, 0, 0, 0, 83, 1, 1, 0, 106)
15 (1, 4, 64, 0, 0, 9, 0, 61, 1, 1, 0, 43)
16 (1, 4, 195, 0, 11, 18, 0, 30, 1, 0, 0, 169)
17 (1, 4, 176, 0, 46, 23, 0, 35, 1, 0, 0, 112)
18 (1, 4, 132, 0, 217, 24, 0, 15, 1, 0, 0, 154)
19 (1, 4, 0, 0, 282, 17, 0, 5, 1, 0, 0, 239)
20 (1, 4, 0, 0, 411, 12, 0, 6, 1, 0, 0, 128)
21 (1, 4, 0, 57, 370, 0, 0, 6, 1, 1, 0, 22)
22 (1, 4, 0, 18, 353, 0, 0, 5, 1, 1, 0, 29)
23 (1, 4, 0, 0, 398, 0, 0, 0, 1, 1, 0, 22)
24 (1, 4, 0, 16, 402, 0, 0, 0, 1, 1, 0, 234)
25 (1, 4, 0, 98, 321, 0, 0, 0, 1, 1, 0, 105)
26 (1, 4, 0, 108, 248, 0, 0, 0, 1, 1, 0, 104)
27 (1, 4, 0, 60, 182, 0, 0, 0, 1, 1, 0, 188)
28 (1, 4, 0, 0, 88, 0, 0, 0, 1, 1, 0, 79)
29 (1, 4, 0, 0, 0, 0, 0, 0, 1, 1, 0, 119)
30 (1, 4, 0, 0, 0, 0, 0, 0, 1, 1, 0, 119)
31 (1, 4, 0, 0, 0, 0, 0, 0, 1, 1, 0, 119)
0 (1, 4, 257, 0, 0, 0, 0, 0, 1, 1, 0, 123)
1 (1, 4, 210, 0, 0, 0, 0, 0, 1, 0, 0, 124)
2 (1, 4, 10, 0, 0, 0, 0, 0, 1, 0, 0, 112)
3 (1, 4, 67, 0, 0, 23, 0, 0, 1, 0, 0, 45)
4 (1, 4, 0, 0, 0, 5, 0, 0, 1, 0, 0, 127)
5 (1, 4, 0, 0, 0, 2, 0, 0, 0, 0, 0, 64)
6 (1, 4, 0, 0, 0, 5, 0, 0, 1, 0, 0, 127)
7 (1, 4, 0, 165, 43, 13, 0, 0, 1, 0, 0, 210)
8 (1, 4, 0, 528, 105, 25, 0, 0, 1, 1, 0, 230)
9 (1, 4, 0, 873, 246, 0, 0, 0, 1, 2, 0, 95)
10 (1, 4, 0, 873, 441, 0, 0, 0, 1, 4, 0, 221)
11 (1, 4, 0, 873, 516, 0, 0, 73, 1, 4, 0, 76)
12 (1, 4, 7, 89, 0, 0, 0, 113, 1, 2, 0, 236)
13 (1, 4, 99, 0, 0, 0, 0, 72, 1, 1, 0, 132)
14 (1, 4, 0, 0, 0, 0, 0, 48, 1, 1, 0, 5)
15 (1, 4, 71, 0, 65, 0, 0, 43, 1, 1, 0, 150)
16 (1, 4, 0, 0, 27, 12, 0, 32, 1, 0, 0, 65)
17 (1, 4, 0, 0, 79, 13, 0, 28, 1, 0, 0, 105)
18 (1, 4, 0, 0, 144, 0, 0, 3, 1, 0, 0, 244)
19 (1, 4, 0, 0, 182, 2, 0, 0, 1, 0, 0, 35)
20 (1, 4, 0, 0, 224, 0, 0, 0, 1, 0, 0, 232)
21 (1, 4, 0, 0, 272, 0, 0, 0, 1, 0, 0, 62)
22 (1, 4, 45, 0, 415, 0, 0, 0, 1, 1, 0, 124)
23 (1, 4, 0, 0, 216, 0, 0, 0, 1, 1, 0, 190)
24 (1, 4, 0, 0, 124, 0, 0, 0, 1, 1, 0, 239)
25 (1, 4, 0, 0, 238, 0, 0, 0, 1, 1, 0, 78)
26 (1, 4, 0, 0, 180, 0, 0, 0, 1, 1, 0, 89)
27 (1, 4, 0, 0, 0, 0, 0, 0, 1, 1, 0, 119)
28 (1, 4, 0, 0, 0, 0, 0, 0, 1, 1, 0, 119)
29 (1, 4, 0, 23, 0, 0, 0, 0, 1, 1, 0, 20)
30 (1, 4, 0, 39, 3, 0, 0, 0, 1, 1, 0, 12)
31 (1, 4, 0, 63, 0, 0, 0, 0, 1, 1, 0, 101)
0 (1, 4, 61, 0, 0, 0, 0, 0, 1, 0, 0, 125)
1 (1, 4, 61, 0, 0, 0, 0, 0, 1, 0, 0, 125)
2 (1, 4, 36, 0, 0, 0, 0, 0, 1, 0, 0, 227)
3 (1, 4, 0, 0, 0, 12, 0, 0, 1, 0, 0, 152)
4 (1, 4, 33, 17, 0, 0, 0, 0, 1, 0, 0, 1)
5 (1, 4, 0, 165, 0, 5, 0, 0, 1, 0, 0, 211)
6 (1, 4, 0, 318, 12, 0, 0, 0, 1, 0, 0, 188)
7 (1, 4, 0, 603, 222, 46, 0, 0, 1, 1, 0, 216)
8 (1, 4, 0, 873, 522, 0, 0, 0, 1, 2, 0, 140)
9 (1, 4, 0, 714, 487, 0, 0, 44, 1, 4, 0, 84)
10 (1, 4, 79, 11, 0, 0, 0, 82, 1, 2, 0, 93)
11 (1, 4, 1, 0, 0, 0, 0, 49, 1, 1, 0, 212)
12 (1, 4, 213, 0, 31, 19, 0, 10, 1, 1, 0, 158)
13 (1, 4, 94, 0, 0, 25, 0, 5, 1, 0, 0, 155)
14 (1, 4, 0, 0, 0, 17, 0, 7, 1, 0, 0, 231)
15 (1, 4, 41, 0, 55, 11, 0, 0, 1, 0, 0, 24)
16 (1, 4, 6, 0, 143, 0, 0, 0, 1, 0, 0, 144)
17 (1, 4, 0, 0, 230, 0, 0, 0, 1, 0, 0, 153)
18 (1, 4, 0, 0, 348, 0, 0, 0, 1, 0, 0, 39)
19 (1, 4, 0, 0, 306, 0, 0, 0, 1, 0, 0, 239)
20 (1, 4, 0, 0, 277, 0, 0, 0, 1, 1, 0, 159)
21 (1, 4, 0, 0, 102, 0, 0, 0, 1, 1, 0, 3)
22 (1, 4, 0, 0, 33, 0, 0, 0, 1, 0, 0, 118)
23 (1, 4, 0, 0, 56, 0, 0, 0, 1, 0, 0, 33)
24 (1, 4, 28, 0, 88, 0, 0, 0, 1, 1, 0, 231)
25 (1, 4, 0, 0, 82, 0, 0, 0, 1, 1, 0, 220)
26 (1, 4, 0, 0, 4, 0, 0, 0, 1, 1, 0, 41)
27 (1, 4, 0, 0, 0, 0, 0, 0, 1, 1, 0, 119)
28 (1, 4, 0, 0, 0, 0, 0, 0, 1, 1, 0, 119)
29 (1, 4, 0, 0, 26, 0, 0, 0, 1, 1, 0, 155)
0 (1, 4, 0, 0, 0, 0, 0, 0, 1, 1, 0, 119)
1 (1, 4, 0, 0, 0, 0, 0, 0, 1, 1, 0, 119)
2 (1, 4, 0, 0, 0, 0, 0, 0, 1, 1, 0, 119)
3 (1, 4, 0, 0, 0, 0, 0, 0, 1, 1, 0, 119)
4 (1, 4, 59, 0, 0, 0, 0, 0, 1, 1, 0, 50)
5 (1, 4, 30, 0, 0, 0, 0, 0, 1, 1, 0, 195)
6 (1, 4, 17, 0, 0, 0, 0, 0, 1, 1, 0, 153)
7 (1, 4, 8, 0, 0, 0, 0, 0, 1, 0, 0, 108)
8 (1, 4, 0, 0, 0, 0, 0, 0, 1, 0, 0, 28)
9 (1, 4, 0, 0, 0, 8, 0, 0, 1, 0, 0, 228)
10 (1, 4, 0, 329, 82, 44, 0, 0, 1, 0, 0, 186)
11 (1, 4, 0, 873, 323, 27, 0, 0, 1, 1, 0, 43)
12 (1, 4, 0, 873, 531, 0, 0, 1, 1, 3, 0, 111)
13 (1, 4, 54, 132, 118, 0, 0, 86, 1, 3, 0, 40)
14 (1, 4, 0, 0, 0, 0, 0, 48, 1, 2, 0, 184)
15 (1, 4, 361, 0, 0, 29, 0, 0, 1, 1, 0, 41)
16 (1, 4, 41, 0, 0, 44, 0, 0, 1, 0, 0, 200)
17 (1, 4, 122, 0, 0, 41, 0, 0, 1, 0, 0, 208)
18 (1, 4, 116, 0, 5, 31, 0, 0, 1, 0, 0, 18)
19 (1, 4, 0, 0, 61, 19, 0, 0, 1, 0, 0, 61)
20 (1, 4, 6, 29, 159, 17, 0, 0, 1, 0, 0, 186)
21 (1, 4, 0, 62, 278, 4, 0, 0, 1, 1, 0, 255)
22 (1, 4, 0, 13, 367, 0, 0, 0, 1, 1, 0, 170)
23 (1, 4, 0, 0, 430, 0, 0, 0, 1, 1, 0, 232)
24 (1, 4, 14, 0, 430, 0, 0, 0, 1, 1, 0, 188)
25 (1, 4, 0, 0, 338, 0, 0, 0, 1, 1, 0, 129)
26 (1, 4, 20, 7, 350, 0, 0, 0, 1, 1, 0, 185)
27 (1, 4, 0, 0, 193, 0, 0, 0, 1, 1, 0, 233)
28 (1, 4, 11, 14, 173, 0, 0, 0, 1, 1, 0, 104)
29 (1, 4, 87, 30, 168, 0, 0, 0, 1, 1, 0, 226)
30 (1, 4, 56, 33, 146, 0, 0, 0, 1, 1, 0, 246)
31 (1, 4, 0, 0, 17, 0, 0, 0, 1, 1, 0, 156)
0 (1, 4, 3, 0, 0, 0, 0, 0, 1, 0, 0, 14)
1 (1, 4, 0, 0, 0, 7, 0, 0, 1, 0, 0, 65)
2 (1, 4, 0, 83, 0, 15, 0, 0, 1, 0, 0, 131)
3 (1, 4, 0, 129, 0, 15, 0, 0, 1, 0, 0, 13)
4 (1, 4, 0, 79, 0, 14, 0, 0, 1, 0, 0, 148)
5 (1, 4, 0, 41, 0, 41, 0, 0, 1, 0, 0, 214)
6 (1, 4, 0, 72, 24, 41, 0, 0, 1, 0, 0, 225)
7 (1, 4, 0, 112, 40, 42, 0, 0, 1, 0, 0, 81)
8 (1, 4, 0, 133, 73, 32, 0, 0, 1, 0, 0, 72)
9 (1, 4, 0, 312, 198, 61, 0, 0, 1, 1, 0, 124)
10 (1, 4, 0, 873, 507, 12, 0, 0, 1, 1, 0, 77)
11 (1, 4, 0, 873, 638, 0, 0, 0, 1, 3, 0, 195)
12 (1, 4, 0, 467, 404, 0, 0, 122, 1, 4, 0, 128)
13 (1, 4, 120, 0, 0, 0, 0, 44, 1, 2, 0, 42)
14 (1, 4, 0, 27, 0, 0, 0, 0, 1, 1, 0, 125)
15 (1, 4, 0, 0, 89, 3, 0, 16, 1, 1, 0, 41)
16 (1, 4, 70, 0, 24, 8, 0, 15, 1, 1, 0, 24)
17 (1, 4, 18, 0, 0, 11, 0, 4, 1, 1, 0, 39)
18 (1, 4, 32, 0, 0, 12, 0, 1, 1, 1, 0, 235)
19 (1, 4, 0, 0, 0, 0, 0, 0, 1, 0, 0, 28)
20 (1, 4, 0, 0, 0, 0, 0, 0, 1, 0, 0, 28)
21 (1, 4, 0, 0, 0, 6, 0, 0, 1, 0, 0, 94)
22 (1, 4, 0, 0, 0, 0, 0, 0, 1, 0, 0, 28)
23 (1, 4, 0, 0, 100, 4, 0, 0, 1, 0, 0, 59)
24 (1, 4, 0, 0, 166, 0, 0, 0, 1, 0, 0, 98)
25 (1, 4, 8, 0, 317, 0, 0, 0, 1, 0, 0, 198)
26 (1, 4, 0, 0, 270, 0, 0, 0, 1, 0, 0, 140)
27 (1, 4, 0, 0, 323, 0, 0, 0, 1, 1, 0, 106)
28 (1, 4, 0, 0, 187, 0, 0, 0, 1, 0, 0, 107)
29 (1, 4, 0, 0, 145, 0, 0, 0, 1, 0, 0, 6)
30 (1, 4, 0, 20, 74, 0, 0, 0, 1, 1, 0, 164)
31 (1, 4, 0, 0, 0, 0, 0, 3, 1, 1, 0, 17)
0 (1, 4, 186, 0, 0, 0, 0, 0, 1, 0, 0, 66)
1 (1, 4, 96, 0, 0, 0, 0, 0, 1, 0, 0, 82)
2 (1, 4, 108, 0, 0, 0, 0, 0, 1, 0, 0, 26)
3 (1, 4, 20, 0, 0, 16, 0, 0, 1, 0, 0, 51)
4 (1, 4, 40, 0, 0, 35, 0, 7, 1, 0, 0, 112)
5 (1, 4, 0, 0, 0, 37, 0, 0, 1, 0, 0, 150)
6 (1, 4, 0, 88, 0, 61, 0, 0, 1, 0, 0, 200)
7 (1, 4, 0, 630, 159, 106, 0, 0, 1, 1, 0, 0)
8 (1, 4, 0, 873, 398, 0, 0, 0, 1, 3, 0, 175)
9 (1, 4, 367, 109, 348, 11, 0, 70, 1, 3, 0, 65)
10 (1, 4, 0, 79, 0, 26, 0, 30, 1, 2, 0, 60)
11 (1, 4, 265, 0, 0, 31, 0, 16, 1, 1, 0, 138)
12 (1, 4, 226, 0, 0, 55, 0, 0, 1, 1, 0, 115)
13 (1, 4, 0, 0, 0, 46, 0, 0, 1, 0, 0, 79)
14 (1, 4, 63, 0, 0, 35, 0, 0, 1, 0, 0, 169)
15 (1, 4, 59, 9, 87, 36, 0, 0, 1, 1, 0, 192)
16 (1, 4, 0, 32, 131, 17, 0, 2, 1, 1, 0, 174)
17 (1, 4, 0, 0, 150, 7, 0, 0, 1, 1, 0, 213)
18 (1, 4, 0, 0, 175, 6, 0, 0, 1, 1, 0, 99)
19 (1, 4, 13, 0, 283, 0, 0, 0, 1, 1, 0, 20)
20 (1, 4, 0, 0, 351, 0, 0, 0, 1, 1, 0, 247)
21 (1, 4, 83, 0, 455, 0, 0, 0, 1, 1, 0, 190)
22 (1, 4, 0, 0, 453, 0, 0, 0, 1, 1, 0, 234)
23 (1, 4, 0, 0, 335, 0, 0, 0, 1, 1, 0, 136)
24 (1, 4, 48, 0, 264, 0, 0, 0, 1, 1, 0, 177)
25 (1, 4, 0, 0, 139, 0, 0, 0, 1, 1, 0, 129)
26 (1, 4, 0, 40, 27, 0, 0, 0, 1, 1, 0, 126)
27 (1, 4, 0, 0, 0, 0, 0, 0, 1, 1, 0, 119)
28 (1, 4, 0, 0, 0, 0, 0, 0, 1, 1, 0, 119)
29 (1, 4, 0, 0, 0, 0, 0, 0, 1, 1, 0, 119)
30 (1, 4, 0, 8, 0, 0, 0, 0, 1, 1, 0, 196)
31 (1, 4, 0, 0, 0, 0, 0, 0, 1, 1, 0, 119)
0 (1, 4, 90, 0, 0, 0, 0, 0, 1, 1, 0, 114)
1 (1, 4, 10, 0, 0, 13, 0, 1, 1, 1, 0, 95)
2 (1, 4, 20, 0, 0, 7, 0, 0, 1, 1, 0, 242)
3 (1, 4, 0, 0, 0, 11, 0, 0, 1, 1, 0, 174)
4 (1, 4, 0, 0, 0, 8, 0, 0, 1, 0, 0, 228)
5 (1, 4, 0, 0, 0, 43, 0, 0, 1, 0, 0, 44)
6 (1, 4, 1, 0, 0, 58, 0, 0, 1, 0, 0, 202)
7 (1, 4, 0, 308, 235, 87, 0, 0, 1, 1, 0, 103)
8 (1, 4, 0, 873, 448, 0, 0, 0, 1, 2, 0, 242)
9 (1, 4, 0, 520, 402, 0, 0, 66, 1, 3, 0, 223)
10 (1, 4, 152, 0, 0, 12, 0, 68, 1, 2, 0, 251)
11 (1, 4, 0, 0, 0, 38, 0, 22, 1, 1, 0, 195)
12 (1, 4, 202, 0, 0, 44, 0, 0, 1, 1, 0, 234)
13 (1, 4, 114, 0, 9, 37, 0, 3, 1, 1, 0, 1)
14 (1, 4, 0, 0, 29, 20, 0, 0, 1, 1, 0, 245)
15 (1, 4, 37, 4, 129, 16, 0, 7, 1, 1, 0, 221)
16 (1, 4, 0, 0, 201, 9, 0, 5, 1, 1, 0, 24)
17 (1, 4, 0, 0, 249, 0, 0, 0, 1, 1, 0, 212)
18 (1, 4, 0, 0, 242, 0, 0, 0, 1, 1, 0, 211)
19 (1, 4, 0, 0, 350, 0, 0, 0, 1, 1, 0, 99)
20 (1, 4, 0, 0, 390, 0, 0, 0, 1, 1, 0, 170)
21 (1, 4, 0, 0, 356, 0, 0, 0, 1, 1, 0, 113)
22 (1, 4, 0, 0, 217, 0, 0, 0, 1, 0, 0, 65)
23 (1, 4, 0, 0, 1, 0, 0, 1, 1, 0, 0, 87)
24 (1, 4, 0, 0, 51, 0, 0, 0, 1, 0, 0, 38)
25 (1, 4, 0, 0, 83, 0, 0, 0, 1, 0, 0, 35)
26 (1, 4, 0, 65, 132, 0, 0, 0, 1, 1, 0, 238)
27 (1, 4, 0, 150, 47, 0, 0, 0, 1, 1, 0, 7)
28 (1, 4, 31, 61, 31, 0, 0, 0, 1, 1, 0, 148)
29 (1, 4, 12, 0, 43, 0, 0, 0, 1, 1, 0, 198)
30 (1, 4, 0, 51, 27, 0, 0, 0, 1, 1, 0, 116)
31 (1, 4, 0, 5, 0, 0, 0, 0, 1, 1, 0, 24)
0 (1, 4, 207, 234, 0, 0, 0, 0, 1, 1, 0, 47)
1 (1, 4, 63, 202, 0, 0, 0, 0, 1, 1, 0, 86)
2 (1, 4, 0, 194, 0, 0, 0, 0, 1, 1, 0, 152)
3 (1, 4, 10, 176, 0, 0, 0, 0, 1, 1, 0, 185)
4 (1, 4, 0, 115, 0, 12, 0, 6, 1, 1, 0, 199)
5 (1, 4, 1, 95, 0, 12, 0, 18, 1, 1, 0, 196)
6 (1, 4, 0, 32, 0, 13, 0, 36, 1, 1, 0, 250)
7 (1, 4, 0, 0, 0, 29, 0, 33, 1, 1, 0, 101)
8 (1, 4, 8, 0, 0, 38, 0, 30, 1, 1, 0, 89)
9 (1, 4, 169, 0, 0, 26, 0, 11, 1, 0, 0, 13)
10 (1, 4, 250, 0, 102, 29, 0, 0, 1, 0, 0, 211)
11 (1, 4, 0, 0, 0, 53, 0, 0, 1, 0, 0, 97)
12 (1, 4, 0, 305, 107, 72, 0, 0, 1, 0, 0, 192)
13 (1, 4, 0, 844, 300, 30, 0, 0, 1, 1, 0, 185)
14 (1, 4, 0, 873, 343, 0, 0, 0, 1, 3, 0, 242)
15 (1, 4, 26, 230, 169, 0, 0, 80, 1, 3, 0, 107)
16 (1, 4, 172, 0, 0, 8, 0, 30, 1, 1, 0, 224)
17 (1, 4, 121, 0, 0, 31, 0, 4, 1, 1, 0, 128)
18 (1, 4, 14, 0, 0, 27, 0, 4, 1, 1, 0, 120)
19 (1, 4, 130, 0, 16, 27, 0, 4, 1, 1, 0, 90)
20 (1, 4, 0, 0, 2, 15, 0, 12, 1, 1, 0, 98)
21 (1, 4, 0, 0, 11, 7, 0, 9, 1, 1, 0, 24)
22 (1, 4, 23, 0, 82, 0, 0, 10, 1, 1, 0, 69)
23 (1, 4, 0, 0, 121, 0, 0, 12, 1, 0, 0, 209)
24 (1, 4, 48, 0, 183, 9, 0, 0, 1, 0, 0, 73)
25 (1, 4, 0, 0, 98, 0, 0, 0, 1, 0, 0, 54)
26 (1, 4, 19, 0, 175, 10, 0, 0, 1, 0, 0, 126)
27 (1, 4, 0, 0, 194, 0, 0, 0, 1, 0, 0, 57)
28 (1, 4, 0, 0, 54, 0, 0, 0, 1, 0, 0, 236)
29 (1, 4, 0, 0, 8, 0, 0, 0, 1, 0, 0, 160)
30 (1, 4, 0, 0, 54, 0, 0, 0, 1, 0, 0, 236)
31 (1, 4, 0, 0, 41, 0, 0, 0, 1, 0, 0, 202)
0 (1, 4, 0, 0, 0, 36, 0, 0, 1, 1, 0, 226)
1 (1, 4, 39, 0, 0, 42, 0, 0, 1, 1, 0, 181)
2 (1, 4, 64, 0, 0, 28, 0, 0, 1, 1, 0, 141)
3 (1, 4, 43, 0, 0, 35, 0, 0, 1, 0, 0, 113)
4 (1, 4, 0, 171, 52, 66, 0, 0, 1, 1, 0, 235)
5 (1, 4, 0, 480, 176, 48, 0, 0, 1, 1, 0, 188)
6 (1, 4, 0, 873, 312, 0, 0, 0, 1, 2, 0, 197)
7 (1, 4, 0, 873, 533, 0, 0, 0, 1, 3, 0, 193)
8 (1, 4, 0, 308, 232, 0, 0, 100, 1, 3, 0, 228)
9 (1, 4, 192, 0, 0, 0, 0, 63, 1, 2, 0, 221)
10 (1, 4, 124, 0, 0, 3, 0, 40, 1, 1, 0, 251)
11 (1, 4, 22, 0, 0, 18, 0, 12, 1, 1, 0, 229)
12 (1, 4, 58, 0, 3, 20, 0, 5, 1, 0, 0, 205)
13 (1, 4, 4, 0, 83, 8, 0, 0, 1, 0, 0, 227)
14 (1, 4, 0, 0, 174, 3, 0, 0, 1, 0, 0, 255)
15 (1, 4, 0, 0, 328, 0, 0, 0, 1, 0, 0, 6)
16 (1, 4, 156, 0, 444, 0, 0, 0, 1, 0, 0, 110)
17 (1, 4, 298, 141, 563, 0, 0, 0, 1, 0, 0, 232)
18 (1, 4, 0, 191, 324, 0, 0, 11, 1, 0, 0, 123)
19 (1, 4, 0, 0, 188, 0, 0, 0, 1, 0, 0, 142)
20 (1, 4, 0, 0, 175, 0, 0, 0, 1, 0, 0, 74)
21 (1, 4, 8, 34, 226, 0, 0, 5, 1, 0, 0, 178)
22 (1, 4, 0, 131, 147, 0, 0, 12, 1, 0, 0, 111)
23 (1, 4, 0, 119, 0, 0, 0, 0, 1, 1, 0, 85)
24 (1, 4, 42, 0, 0, 0, 0, 0, 1, 1, 0, 220)
25 (1, 4, 25, 0, 0, 0, 0, 0, 1, 1, 0, 233)
26 (1, 4, 0, 0, 0, 0, 0, 0, 1, 1, 0, 119)
27 (1, 4, 0, 0, 0, 0, 0, 0, 1, 1, 0, 119)
28 (1, 4, 0, 34, 0, 0, 0, 0, 1, 1, 0, 216)
29 (1, 4, 0, 0, 0, 0, 0, 0, 1, 1, 0, 119)
30 (1, 4, 0, 0, 0, 0, 0, 0, 1, 1, 0, 119)
31 (1, 4, 9, 0, 0, 0, 0, 0, 1, 1, 0, 9)
0 (1, 4, 0, 0, 0, 25, 0, 0, 1, 0, 0, 12)
1 (1, 4, 0, 0, 0, 24, 0, 0, 1, 0, 0, 19)
2 (1, 4, 73, 0, 0, 41, 0, 0, 1, 0, 0, 229)
3 (1, 4, 0, 220, 78, 56, 0, 0, 1, 0, 0, 70)
4 (1, 4, 0, 627, 254, 38, 0, 0, 1, 1, 0, 175)
5 (1, 4, 0, 873, 389, 0, 0, 0, 1, 1, 0, 126)
6 (1, 4, 0, 873, 587, 0, 0, 0, 1, 3, 0, 136)
7 (1, 4, 0, 535, 442, 0, 0, 162, 1, 3, 0, 35)
8 (1, 4, 197, 0, 0, 0, 0, 71, 1, 2, 0, 54)
9 (1, 4, 114, 0, 0, 0, 0, 62, 1, 1, 0, 145)
10 (1, 4, 0, 0, 0, 5, 0, 29, 1, 1, 0, 135)
11 (1, 4, 0, 0, 55, 16, 0, 28, 1, 1, 0, 168)
12 (1, 4, 0, 0, 100, 5, 0, 22, 1, 1, 0, 80)
13 (1, 4, 0, 0, 68, 0, 0, 17, 1, 1, 0, 222)
14 (1, 4, 0, 0, 37, 0, 0, 6, 1, 1, 0, 143)
15 (1, 4, 0, 0, 76, 0, 0, 0, 1, 1, 0, 110)
16 (1, 4, 0, 0, 179, 0, 0, 0, 1, 0, 0, 215)
17 (1, 4, 0, 0, 171, 0, 0, 0, 1, 1, 0, 127)
18 (1, 4, 0, 0, 169, 0, 0, 0, 1, 1, 0, 80)
19 (1, 4, 0, 0, 210, 0, 0, 0, 1, 1, 0, 45)
20 (1, 4, 0, 0, 171, 0, 0, 0, 1, 1, 0, 127)
21 (1, 4, 0, 0, 160, 0, 0, 0, 1, 1, 0, 120)
22 (1, 4, 0, 0, 132, 0, 0, 0, 1, 1, 0, 216)
23 (1, 4, 7, 0, 119, 0, 0, 0, 1, 1, 0, 194)
24 (1, 4, 0, 69, 53, 0, 0, 0, 1, 1, 0, 208)
25 (1, 4, 0, 49, 1, 0, 0, 0, 1, 1, 0, 245)
26 (1, 4, 0, 0, 0, 0, 0, 0, 1, 1, 0, 119)
27 (1, 4, 0, 0, 0, 0, 0, 0, 1, 1, 0, 119)
28 (1, 4, 0, 0, 0, 0, 0, 0, 1, 1, 0, 119)
29 (1, 4, 2, 5, 0, 0, 0, 0, 1, 1, 0, 4)
0 (1, 4, 0, 0, 0, 20, 0, 0, 1, 1, 0, 252)
1 (1, 4, 0, 60, 0, 18, 0, 0, 1, 1, 0, 116)
2 (1, 4, 79, 159, 0, 0, 0, 0, 1, 0, 0, 30)
3 (1, 4, 58, 329, 0, 0, 0, 0, 1, 0, 0, 55)
4 (1, 4, 0, 567, 162, 0, 0, 0, 1, 0, 0, 80)
5 (1, 4, 0, 873, 451, 0, 0, 0, 1, 1, 0, 244)
6 (1, 4, 0, 873, 788, 0, 0, 0, 1, 2, 0, 99)
7 (1, 4, 0, 873, 569, 0, 0, 31, 1, 3, 0, 247)
8 (1, 4, 0, 190, 0, 0, 0, 84, 1, 2, 0, 143)
9 (1, 4, 161, 0, 0, 0, 0, 47, 1, 1, 0, 243)
10 (1, 4, 0, 0, 0, 0, 0, 22, 1, 1, 0, 104)
11 (1, 4, 0, 0, 0, 0, 0, 14, 1, 1, 0, 81)
12 (1, 4, 59, 0, 49, 0, 0, 0, 1, 1, 0, 39)
13 (1, 4, 0, 0, 84, 0, 0, 0, 1, 1, 0, 173)
14 (1, 4, 0, 0, 135, 0, 0, 0, 1, 1, 0, 99)
15 (1, 4, 0, 0, 86, 0, 0, 0, 1, 1, 0, 130)
16 (1, 4, 0, 0, 129, 0, 0, 0, 1, 1, 0, 18)
17 (1, 4, 0, 0, 70, 0, 0, 0, 1, 1, 0, 253)
18 (1, 4, 0, 0, 97, 0, 0, 0, 1, 1, 0, 230)
19 (1, 4, 0, 0, 24, 0, 0, 0, 1, 1, 0, 180)
20 (1, 4, 69, 0, 0, 0, 0, 0, 1, 1, 0, 200)
21 (1, 4, 0, 0, 0, 0, 0, 0, 1, 1, 0, 119)
22 (1, 4, 0, 0, 9, 0, 0, 0, 1, 1, 0, 95)
23 (1, 4, 0, 0, 90, 0, 0, 0, 1, 1, 0, 96)
24 (1, 4, 84, 39, 152, 0, 0, 0, 1, 1, 0, 212)
25 (1, 4, 17, 96, 170, 0, 0, 0, 1, 1, 0, 68)
26 (1, 4, 0, 22, 15, 0, 0, 31, 1, 1, 0, 210)
27 (1, 4, 0, 22, 24, 0, 0, 0, 1, 1, 0, 98)
28 (1, 4, 9, 39, 25, 0, 0, 0, 1, 1, 0, 158)
29 (1, 4, 0, 6, 0, 0, 0, 0, 1, 1, 0, 192)
0 (1, 4, 19, 0, 0, 0, 0, 0, 1, 1, 0, 133)
1 (1, 4, 0, 0, 0, 0, 0, 6, 1, 1, 0, 187)
2 (1, 4, 39, 0, 0, 15, 0, 0, 1, 0, 0, 84)
3 (1, 4, 0, 0, 0, 28, 0, 0, 1, 0, 0, 111)
4 (1, 4, 18, 0, 0, 52, 0, 0, 1, 0, 0, 130)
5 (1, 4, 0, 0, 0, 43, 0, 0, 1, 0, 0, 44)
6 (1, 4, 0, 0, 0, 56, 0, 0, 1, 0, 0, 250)
7 (1, 4, 0, 0, 0, 42, 0, 0, 1, 0, 0, 51)
8 (1, 4, 0, 205, 70, 66, 0, 0, 1, 1, 0, 72)
9 (1, 4, 0, 778, 305, 100, 0, 0, 1, 1, 0, 137)
10 (1, 4, 0, 873, 460, 0, 0, 0, 1, 2, 0, 16)
11 (1, 4, 0, 740, 505, 0, 0, 89, 1, 3, 0, 171)
12 (1, 4, 126, 0, 0, 0, 0, 81, 1, 2, 0, 121)
13 (1, 4, 165, 0, 0, 9, 0, 54, 1, 1, 0, 202)
14 (1, 4, 88, 0, 0, 29, 0, 24, 1, 1, 0, 59)
15 (1, 4, 66, 0, 24, 48, 0, 18, 1, 1, 0, 85)
16 (1, 4, 0, 0, 15, 32, 0, 20, 1, 1, 0, 97)
17 (1, 4, 0, 0, 41, 25, 0, 19, 1, 1, 0, 4)
18 (1, 4, 0, 0, 65, 20, 0, 18, 1, 1, 0, 249)
19 (1, 4, 0, 0, 100, 14, 0, 3, 1, 1, 0, 240)
20 (1, 4, 0, 0, 186, 3, 0, 0, 1, 1, 0, 181)
21 (1, 4, 0, 0, 203, 0, 0, 0, 1, 1, 0, 122)
22 (1, 4, 0, 0, 212, 0, 0, 0, 1, 1, 0, 92)
23 (1, 4, 13, 0, 381, 0, 0, 0, 1, 1, 0, 96)
24 (1, 4, 0, 0, 148, 0, 0, 0, 1, 1, 0, 167)
25 (1, 4, 0, 0, 119, 0, 0, 0, 1, 1, 0, 232)
26 (1, 4, 0, 0, 182, 0, 0, 0, 1, 1, 0, 118)
27 (1, 4, 59, 0, 252, 0, 0, 0, 1, 1, 0, 91)
28 (1, 4, 31, 28, 282, 0, 0, 0, 1, 1, 0, 116)
29 (1, 4, 34, 18, 237, 0, 0, 0, 1, 1, 0, 34)
0 (1, 4, 0, 0, 0, 29, 0, 0, 1, 0, 0, 112)
1 (1, 4, 0, 66, 10, 46, 0, 0, 1, 0, 0, 50)
2 (1, 4, 0, 468, 218, 39, 0, 0, 1, 1, 0, 249)
3 (1, 4, 0, 873, 371, 8, 0, 0, 1, 1, 0, 124)
4 (1, 4, 0, 873, 556, 0, 0, 0, 1, 2, 0, 3)
5 (1, 4, 0, 873, 593, 0, 0, 109, 1, 3, 0, 192)
6 (1, 4, 0, 0, 0, 0, 0, 51, 1, 2, 0, 222)
7 (1, 4, 214, 0, 0, 0, 0, 59, 1, 1, 0, 209)
8 (1, 4, 0, 0, 0, 0, 0, 33, 1, 1, 0, 9)
9 (1, 4, 0, 0, 39, 15, 0, 17, 1, 1, 0, 197)
10 (1, 4, 0, 0, 63, 8, 0, 10, 1, 1, 0, 4)
11 (1, 4, 0, 0, 57, 11, 0, 0, 1, 1, 0, 7)
12 (1, 4, 0, 0, 52, 0, 0, 0, 1, 1, 0, 168)
13 (1, 4, 0, 0, 81, 0, 0, 0, 1, 1, 0, 103)
14 (1, 4, 0, 0, 171, 0, 0, 0, 1, 1, 0, 127)
15 (1, 4, 0, 0, 172, 0, 0, 0, 1, 1, 0, 154)
16 (1, 4, 29, 0, 329, 0, 0, 0, 1, 1, 0, 95)
17 (1, 4, 0, 0, 216, 0, 0, 0, 1, 1, 0, 190)
18 (1, 4, 0, 0, 212, 0, 0, 0, 1, 1, 0, 92)
19 (1, 4, 0, 0, 163, 0, 0, 0, 1, 1, 0, 195)
20 (1, 4, 32, 0, 160, 0, 0, 0, 1, 1, 0, 191)
21 (1, 4, 44, 0, 150, 0, 0, 0, 1, 1, 0, 7)
22 (1, 4, 0, 5, 0, 0, 0, 0, 1, 1, 0, 24)
23 (1, 4, 0, 0, 0, 0, 0, 0, 1, 1, 0, 119)
24 (1, 4, 26, 70, 18, 0, 0, 0, 1, 1, 0, 159)
25 (1, 4, 37, 54, 36, 0, 0, 0, 1, 1, 0, 50)
26 (1, 4, 0, 0, 0, 0, 0, 0, 1, 1, 0, 119)
27 (1, 4, 0, 0, 0, 0, 0, 0, 1, 1, 0, 119)
28 (1, 4, 3, 1, 0, 0, 0, 0, 1, 1, 0, 208)
29 (1, 4, 4, 14, 0, 0, 0, 0, 1, 1, 0, 75)
0 (1, 4, 9, 0, 0, 65, 0, 22, 1, 1, 0, 220)
1 (1, 4, 4, 0, 0, 65, 0, 28, 1, 1, 0, 201)
2 (1, 4, 0, 0, 0, 55, 0, 19, 1, 1, 0, 129)
3 (1, 4, 27, 0, 0, 62, 0, 9, 1, 1, 0, 100)
4 (1, 4, 17, 0, 0, 53, 0, 0, 1, 1, 0, 228)
5 (1, 4, 12, 0, 0, 50, 0, 0, 1, 1, 0, 31)
6 (1, 4, 0, 0, 0, 57, 0, 0, 1, 0, 0, 229)
7 (1, 4, 0, 342, 178, 60, 0, 0, 1, 0, 0, 105)
8 (1, 4, 0, 873, 360, 14, 0, 0, 1, 1, 0, 70)
9 (1, 4, 0, 873, 486, 0, 0, 0, 1, 2, 0, 125)
10 (1, 4, 0, 873, 479, 0, 0, 7, 1, 2, 0, 199)
11 (1, 4, 0, 300, 0, 0, 0, 66, 1, 2, 0, 120)
12 (1, 4, 115, 1, 0, 0, 0, 55, 1, 1, 0, 31)
13 (1, 4, 0, 0, 0, 0, 0, 49, 1, 1, 0, 218)
14 (1, 4, 0, 0, 19, 6, 0, 31, 1, 1, 0, 219)
15 (1, 4, 3, 0, 41, 13, 0, 22, 1, 1, 0, 55)
16 (1, 4, 0, 0, 34, 17, 0, 10, 1, 1, 0, 29)
17 (1, 4, 37, 0, 34, 17, 0, 1, 1, 1, 0, 96)
18 (1, 4, 89, 0, 64, 19, 0, 0, 1, 1, 0, 77)
19 (1, 4, 42, 0, 39, 17, 0, 0, 1, 1, 0, 47)
20 (1, 4, 29, 0, 48, 14, 0, 0, 1, 1, 0, 234)
21 (1, 4, 0, 0, 4, 20, 0, 0, 1, 1, 0, 162)
22 (1, 4, 0, 0, 25, 13, 0, 0, 1, 1, 0, 187)
23 (1, 4, 0, 0, 14, 6, 0, 0, 1, 1, 0, 248)
24 (1, 4, 0, 0, 38, 0, 0, 0, 1, 1, 0, 248)
25 (1, 4, 0, 0, 46, 4, 0, 0, 1, 1, 0, 56)
26 (1, 4, 0, 0, 45, 0, 0, 0, 1, 1, 0, 255)
27 (1, 4, 0, 0, 17, 0, 0, 0, 1, 1, 0, 156)
28 (1, 4, 0, 0, 28, 0, 0, 0, 1, 1, 0, 234)
29 (1, 4, 0, 0, 0, 0, 0, 0, 1, 1, 0, 119)
0 (1, 4, 0, 72, 0, 51, 0, 8, 1, 1, 0, 146)
1 (1, 4, 46, 73, 23, 50, 0, 26, 1, 1, 0, 91)
2 (1, 4, 23, 31, 0, 53, 0, 25, 1, 1, 0, 246)
3 (1, 4, 0, 0, 0, 51, 0, 31, 1, 1, 0, 98)
4 (1, 4, 34, 0, 0, 57, 0, 20, 1, 1, 0, 243)
5 (1, 4, 0, 0, 0, 70, 0, 0, 1, 1, 0, 224)
6 (1, 4, 0, 238, 155, 103, 0, 0, 1, 1, 0, 219)
7 (1, 4, 0, 873, 353, 7, 0, 0, 1, 1, 0, 137)
8 (1, 4, 0, 695, 403, 0, 0, 60, 1, 2, 0, 34)
9 (1, 4, 0, 1, 0, 0, 0, 72, 1, 1, 0, 109)
10 (1, 4, 58, 0, 0, 31, 0, 18, 0, 1, 0, 102)
11 (1, 4, 14, 0, 0, 47, 0, 0, 0, 1, 0, 13)
12 (1, 4, 44, 0, 29, 44, 0, 22, 0, 1, 0, 225)
13 (1, 4, 50, 0, 0, 44, 0, 20, 0, 1, 0, 229)
14 (1, 4, 77, 0, 1, 33, 0, 23, 1, 1, 0, 26)
15 (1, 4, 175, 0, 4, 28, 0, 16, 1, 1, 0, 1)
16 (1, 4, 120, 0, 40, 14, 0, 21, 1, 0, 0, 67)
17 (1, 4, 159, 0, 113, 16, 0, 19, 1, 0, 0, 31)
18 (1, 4, 145, 0, 226, 15, 0, 0, 1, 0, 0, 153)
19 (1, 4, 0, 0, 220, 0, 0, 17, 1, 1, 0, 236)
20 (1, 4, 0, 0, 229, 0, 0, 17, 1, 1, 0, 69)
21 (1, 4, 122, 0, 296, 0, 0, 23, 1, 1, 0, 106)
22 (1, 4, 0, 0, 276, 0, 0, 9, 1, 1, 0, 62)
23 (1, 4, 23, 52, 294, 0, 0, 17, 1, 1, 0, 26)
24 (1, 4, 0, 183, 353, 0, 0, 15, 1, 1, 0, 226)
25 (1, 4, 47, 137, 410, 0, 0, 26, 1, 1, 0, 45)
26 (1, 4, 25, 119, 331, 0, 0, 25, 1, 1, 0, 140)
27 (1, 4, 0, 163, 224, 0, 0, 18, 1, 1, 0, 242)
28 (1, 4, 0, 61, 0, 0, 0, 0, 1, 1, 0, 8)
29 (1, 4, 0, 19, 0, 0, 0, 0, 1, 1, 0, 206)
0 (1, 4, 0, 34, 0, 0, 0, 0, 1, 1, 0, 216)
1 (1, 4, 0, 37, 0, 0, 0, 0, 1, 1, 0, 218)
2 (1, 4, 42, 63, 0, 0, 0, 0, 1, 1, 0, 206)
3 (1, 4, 93, 49, 0, 0, 0, 0, 1, 1, 0, 78)
4 (1, 4, 124, 33, 0, 0, 0, 0, 1, 1, 0, 230)
5 (1, 4, 166, 0, 0, 0, 0, 4, 1, 1, 0, 244)
6 (1, 4, 228, 0, 0, 0, 0, 3, 1, 1, 0, 114)
7 (1, 4, 72, 0, 0, 0, 0, 15, 1, 1, 0, 119)
8 (1, 4, 263, 0, 0, 0, 0, 4, 1, 1, 0, 42)
9 (1, 4, 0, 0, 0, 3, 0, 9, 1, 1, 0, 99)
10 (1, 4, 0, 0, 0, 4, 0, 16, 1, 1, 0, 216)
11 (1, 4, 0, 0, 0, 10, 0, 6, 1, 1, 0, 125)
12 (1, 4, 0, 0, 0, 40, 0, 0, 1, 1, 0, 102)
13 (1, 4, 0, 0, 0, 36, 0, 0, 1, 1, 0, 226)
14 (1, 4, 0, 0, 0, 29, 0, 0, 1, 1, 0, 27)
15 (1, 4, 0, 0, 0, 37, 0, 0, 1, 0, 0, 150)
16 (1, 4, 0, 200, 60, 56, 0, 0, 1, 0, 0, 168)
17 (1, 4, 0, 494, 248, 47, 0, 0, 1, 1, 0, 173)
18 (1, 4, 0, 873, 436, 0, 0, 0, 1, 1, 0, 107)
19 (1, 4, 0, 873, 659, 0, 0, 0, 1, 2, 0, 42)
20 (1, 4, 0, 764, 478, 0, 0, 88, 1, 2, 0, 214)
21 (1, 4, 0, 202, 0, 0, 0, 55, 1, 1, 0, 74)
22 (1, 4, 0, 33, 0, 0, 0, 65, 1, 1, 0, 154)
23 (1, 4, 2, 0, 32, 0, 0, 47, 1, 1, 0, 205)
24 (1, 4, 23, 0, 0, 0, 0, 27, 1, 1, 0, 226)
25 (1, 4, 4, 0, 6, 7, 0, 17, 1, 1, 0, 111)
26 (1, 4, 0, 0, 19, 17, 0, 10, 1, 1, 0, 8)
27 (1, 4, 0, 0, 0, 13, 0, 7, 1, 1, 0, 255)
28 (1, 4, 0, 0, 0, 14, 0, 1, 1, 1, 0, 18)
29 (1, 4, 0, 0, 15, 10, 0, 0, 1, 1, 0, 232)
0 (1, 4, 0, 0, 0, 0, 0, 0, 1, 0, 0, 28)
1 (1, 4, 0, 0, 0, 7, 0, 0, 1, 0, 0, 65)
2 (1, 4, 0, 174, 55, 0, 0, 0, 1, 0, 0, 191)
3 (1, 4, 0, 287, 112, 0, 0, 0, 1, 1, 0, 56)
4 (1, 4, 0, 401, 136, 0, 0, 0, 1, 1, 0, 10)
5 (1, 4, 0, 604, 183, 0, 0, 0, 1, 1, 0, 164)
6 (1, 4, 0, 790, 275, 0, 0, 0, 1, 1, 0, 16)
7 (1, 4, 0, 873, 453, 0, 0, 0, 1, 1, 0, 133)
8 (1, 4, 0, 873, 517, 0, 0, 0, 1, 2, 0, 213)
9 (1, 4, 0, 595, 39, 0, 0, 52, 1, 2, 0, 33)
10 (1, 4, 3, 104, 0, 0, 0, 45, 1, 1, 0, 118)
11 (1, 4, 0, 0, 2, 0, 0, 52, 1, 1, 0, 95)
12 (1, 4, 0, 0, 0, 0, 0, 31, 1, 1, 0, 93)
13 (1, 4, 0, 0, 0, 0, 0, 1, 1, 1, 0, 168)
14 (1, 4, 0, 0, 0, 0, 0, 0, 1, 1, 0, 119)
15 (1, 4, 0, 0, 0, 0, 0, 0, 1, 1, 0, 119)
16 (1, 4, 0, 0, 0, 0, 0, 0, 1, 1, 0, 119)
17 (1, 4, 0, 0, 1, 0, 0, 0, 1, 1, 0, 227)
18 (1, 4, 74, 0, 140, 0, 0, 0, 1, 1, 0, 129)
19 (1, 4, 0, 0, 40, 0, 0, 0, 1, 1, 0, 53)
20 (1, 4, 0, 0, 39, 0, 0, 0, 1, 1, 0, 108)
21 (1, 4, 0, 0, 58, 0, 0, 0, 1, 1, 0, 101)
22 (1, 4, 0, 0, 108, 0, 0, 0, 1, 1, 0, 144)
23 (1, 4, 0, 0, 87, 0, 0, 0, 1, 1, 0, 22)
24 (1, 4, 0, 0, 87, 0, 0, 0, 1, 1, 0, 22)
25 (1, 4, 45, 0, 149, 0, 0, 0, 1, 1, 0, 178)
26 (1, 4, 0, 54, 91, 0, 0, 0, 1, 1, 0, 224)
27 (1, 4, 0, 121, 33, 0, 0, 0, 1, 1, 0, 59)
28 (1, 4, 0, 76, 0, 0, 0, 0, 1, 1, 0, 157)
29 (1, 4, 18, 0, 0, 0, 0, 5, 1, 1, 0, 33)
0 (1, 4, 0, 13, 0, 0, 0, 0, 1, 1, 0, 171)
1 (1, 4, 0, 18, 0, 0, 0, 0, 1, 1, 0, 123)
2 (1, 4, 0, 42, 0, 0, 0, 0, 1, 0, 0, 0)
3 (1, 4, 0, 89, 0, 0, 0, 0, 1, 0, 0, 248)
4 (1, 4, 0, 172, 46, 0, 0, 0, 1, 0, 0, 133)
5 (1, 4, 0, 488, 229, 0, 0, 0, 1, 0, 0, 52)
6 (1, 4, 0, 873, 361, 0, 0, 0, 1, 1, 0, 104)
7 (1, 4, 0, 873, 482, 0, 0, 0, 1, 1, 0, 158)
8 (1, 4, 0, 873, 562, 0, 0, 0, 1, 1, 0, 12)
9 (1, 4, 0, 873, 215, 0, 0, 25, 1, 2, 0, 211)
10 (1, 4, 0, 267, 0, 0, 0, 52, 1, 1, 0, 254)
11 (1, 4, 0, 40, 0, 0, 0, 72, 1, 1, 0, 169)
12 (1, 4, 0, 0, 0, 0, 0, 54, 1, 1, 0, 201)
13 (1, 4, 55, 0, 0, 0, 0, 26, 1, 1, 0, 250)
14 (1, 4, 0, 0, 0, 17, 0, 7, 1, 1, 0, 140)
15 (1, 4, 0, 0, 0, 19, 0, 0, 1, 1, 0, 161)
16 (1, 4, 0, 0, 0, 28, 0, 0, 1, 1, 0, 4)
17 (1, 4, 0, 0, 0, 15, 0, 0, 1, 1, 0, 210)
18 (1, 4, 0, 0, 0, 15, 0, 0, 1, 1, 0, 210)
19 (1, 4, 0, 0, 0, 3, 0, 0, 1, 1, 0, 86)
20 (1, 4, 0, 0, 0, 2, 0, 0, 1, 1, 0, 73)
21 (1, 4, 0, 0, 0, 0, 0, 0, 1, 1, 0, 119)
22 (1, 4, 0, 0, 0, 0, 0, 0, 1, 1, 0, 119)
23 (1, 4, 0, 0, 53, 0, 0, 0, 1, 1, 0, 60)
24 (1, 4, 0, 0, 86, 0, 0, 0, 1, 1, 0, 130)
25 (1, 4, 0, 0, 166, 0, 0, 0, 1, 1, 0, 9)
26 (1, 4, 109, 0, 140, 0, 0, 0, 1, 1, 0, 108)
27 (1, 4, 0, 0, 173, 0, 0, 0, 1, 1, 0, 14)
28 (1, 4, 0, 0, 37, 0, 0, 0, 1, 1, 0, 67)
29 (1, 4, 0, 0, 67, 0, 0, 0, 1, 1, 0, 55)
30 (1, 4, 0, 0, 72, 0, 0, 0, 1, 1, 0, 48)
31 (1, 4, 0, 1, 47, 0, 0, 0, 1, 1, 0, 101)
0 (1, 4, 0, 0, 0, 0, 0, 0, 1, 1, 0, 119)
1 (1, 4, 0, 0, 0, 0, 0, 0, 1, 1, 0, 119)
2 (1, 4, 0, 69, 33, 0, 0, 0, 1, 1, 0, 241)
3 (1, 4, 0, 275, 154, 0, 0, 0, 1, 1, 0, 54)
4 (1, 4, 0, 574, 246, 0, 0, 0, 1, 1, 0, 231)
5 (1, 4, 0, 873, 368, 0, 0, 0, 1, 1, 0, 63)
6 (1, 4, 0, 873, 505, 0, 0, 0, 1, 1, 0, 230)
7 (1, 4, 0, 873, 613, 0, 0, 0, 1, 2, 0, 208)
8 (1, 4, 0, 873, 340, 0, 0, 0, 1, 1, 0, 159)
9 (1, 4, 0, 583, 65, 0, 0, 27, 1, 1, 0, 11)
10 (1, 4, 0, 121, 0, 0, 0, 55, 1, 1, 0, 48)
11 (1, 4, 0, 0, 0, 0, 0, 39, 1, 1, 0, 197)
12 (1, 4, 39, 0, 0, 0, 0, 0, 1, 1, 0, 154)
13 (1, 4, 0, 0, 0, 7, 0, 0, 1, 1, 0, 42)
14 (1, 4, 0, 0, 0, 11, 0, 0, 1, 1, 0, 174)
15 (1, 4, 0, 0, 0, 19, 0, 0, 1, 1, 0, 161)
16 (1, 4, 0, 0, 4, 14, 0, 0, 1, 1, 0, 147)
17 (1, 4, 0, 0, 45, 0, 0, 0, 1, 1, 0, 255)
18 (1, 4, 0, 0, 62, 0, 0, 0, 1, 1, 0, 59)
19 (1, 4, 0, 0, 44, 0, 0, 0, 1, 1, 0, 107)
20 (1, 4, 40, 0, 96, 0, 0, 0, 1, 1, 0, 197)
21 (1, 4, 0, 0, 79, 0, 0, 0, 1, 1, 0, 213)
22 (1, 4, 0, 0, 105, 0, 0, 0, 1, 1, 0, 90)
23 (1, 4, 0, 0, 106, 0, 0, 0, 1, 1, 0, 225)
24 (1, 4, 0, 0, 133, 0, 0, 0, 1, 1, 0, 76)
25 (1, 4, 0, 0, 0, 0, 0, 0, 1, 1, 0, 119)
26 (1, 4, 0, 0, 0, 0, 0, 0, 1, 1, 0, 119)
27 (1, 4, 0, 0, 0, 0, 0, 0, 1, 1, 0, 119)
28 (1, 4, 0, 13, 4, 0, 0, 0, 1, 1, 0, 245)
29 (1, 4, 7, 3, 30, 0, 0, 0, 1, 1, 0, 55)
30 (1, 4, 5, 0, 31, 0, 0, 0, 1, 1, 0, 103)
31 (1, 4, 0, 0, 0, 0, 0, 0, 1, 1, 0, 119)
0 (1, 4, 15, 1, 11, 0, 0, 0, 1, 1, 0, 159)
1 (1, 4, 0, 13, 4, 0, 0, 0, 1, 1, 0, 245)
2 (1, 4, 5, 0, 10, 0, 0, 0, 1, 1, 0, 210)
3 (1, 4, 0, 12, 0, 0, 0, 0, 1, 1, 0, 30)
4 (1, 4, 0, 0, 11, 0, 0, 0, 1, 1, 0, 112)
5 (1, 4, 52, 0, 0, 0, 0, 0, 1, 1, 0, 104)
6 (1, 4, 154, 0, 0, 0, 0, 0, 1, 1, 0, 238)
7 (1, 4, 368, 47, 80, 0, 0, 0, 1, 1, 0, 44)
8 (1, 4, 214, 51, 0, 0, 0, 0, 1, 1, 0, 84)
9 (1, 4, 89, 268, 0, 0, 0, 0, 1, 1, 0, 236)
10 (1, 4, 302, 37, 0, 0, 0, 20, 1, 1, 0, 237)
11 (1, 4, 113, 0, 0, 0, 0, 37, 1, 1, 0, 220)
12 (1, 4, 28, 0, 0, 0, 0, 30, 1, 1, 0, 42)
13 (1, 4, 57, 0, 0, 0, 0, 13, 1, 1, 0, 110)
14 (1, 4, 58, 0, 0, 3, 0, 2, 1, 1, 0, 164)
15 (1, 4, 0, 0, 0, 13, 0, 0, 1, 1, 0, 236)
16 (1, 4, 0, 0, 0, 26, 0, 0, 1, 1, 0, 70)
17 (1, 4, 0, 0, 0, 29, 0, 0, 1, 1, 0, 27)
18 (1, 4, 0, 0, 0, 45, 0, 0, 1, 1, 0, 5)
19 (1, 4, 0, 0, 0, 38, 0, 0, 1, 1, 0, 220)
20 (1, 4, 0, 0, 0, 40, 0, 0, 1, 1, 0, 102)
21 (1, 4, 0, 85, 65, 48, 0, 0, 1, 1, 0, 139)
22 (1, 4, 0, 563, 249, 64, 0, 0, 1, 1, 0, 183)
23 (1, 4, 0, 873, 530, 0, 0, 0, 1, 2, 0, 79)
24 (1, 4, 0, 873, 553, 0, 0, 23, 1, 2, 0, 9)
25 (1, 4, 199, 0, 68, 0, 0, 113, 1, 1, 0, 140)
26 (1, 4, 11, 0, 0, 10, 0, 21, 1, 1, 0, 170)
27 (1, 4, 97, 0, 10, 34, 0, 15, 1, 1, 0, 138)
28 (1, 4, 45, 0, 21, 40, 0, 31, 1, 1, 0, 120)
29 (1, 4, 17, 0, 0, 40, 0, 26, 1, 1, 0, 8)
0 (1, 4, 0, 90, 31, 0, 0, 0, 1, 1, 0, 109)
1 (1, 4, 0, 56, 141, 0, 0, 0, 1, 1, 0, 224)
2 (1, 4, 0, 486, 389, 0, 0, 0, 1, 1, 0, 3)
3 (1, 4, 0, 873, 399, 0, 0, 0, 1, 1, 0, 237)
4 (1, 4, 0, 873, 460, 0, 0, 0, 1, 1, 0, 173)
5 (1, 4, 0, 873, 569, 0, 0, 0, 1, 2, 0, 182)
6 (1, 4, 0, 873, 314, 0, 0, 17, 1, 1, 0, 91)
7 (1, 4, 0, 301, 0, 0, 0, 43, 1, 1, 0, 161)
8 (1, 4, 17, 0, 0, 0, 0, 58, 1, 1, 0, 184)
9 (1, 4, 0, 0, 0, 0, 0, 25, 1, 1, 0, 145)
10 (1, 4, 80, 0, 0, 17, 0, 0, 1, 1, 0, 246)
11 (1, 4, 19, 0, 52, 21, 0, 2, 1, 1, 0, 119)
12 (1, 4, 0, 0, 0, 23, 0, 7, 1, 1, 0, 206)
13 (1, 4, 31, 0, 0, 18, 0, 5, 1, 1, 0, 174)
14 (1, 4, 0, 0, 0, 16, 0, 4, 1, 1, 0, 245)
15 (1, 4, 0, 0, 0, 9, 0, 5, 1, 1, 0, 58)
16 (1, 4, 36, 0, 16, 7, 0, 1, 1, 1, 0, 117)
17 (1, 4, 36, 0, 63, 0, 0, 7, 1, 1, 0, 67)
18 (1, 4, 0, 0, 51, 0, 0, 0, 1, 1, 0, 77)
19 (1, 4, 0, 0, 180, 0, 0, 0, 1, 1, 0, 89)
20 (1, 4, 0, 0, 296, 0, 0, 0, 1, 1, 0, 104)
21 (1, 4, 0, 0, 264, 0, 0, 0, 1, 1, 0, 150)
22 (1, 4, 0, 0, 215, 0, 0, 0, 1, 1, 0, 231)
23 (1, 4, 0, 0, 220, 0, 0, 0, 1, 1, 0, 224)
24 (1, 4, 0, 0, 156, 0, 0, 0, 1, 1, 0, 27)
25 (1, 4, 0, 0, 76, 0, 0, 0, 1, 1, 0, 110)
26 (1, 4, 0, 0, 88, 0, 0, 0, 1, 1, 0, 79)
27 (1, 4, 0, 0, 52, 0, 0, 0, 1, 1, 0, 168)
28 (1, 4, 0, 22, 0, 0, 0, 0, 1, 1, 0, 161)
29 (1, 4, 0, 10, 0, 0, 0, 0, 1, 1, 0, 169)
30 (1, 4, 1, 0, 53, 0, 0, 0, 1, 1, 0, 50)
31 (1, 4, 1, 0, 34, 0, 0, 0, 1, 1, 0, 168)
0 (1, 4, 0, 193, 0, 27, 0, 0, 1, 1, 0, 110)
1 (1, 4, 0, 177, 0, 29, 0, 0, 1, 1, 0, 12)
2 (1, 4, 0, 159, 0, 22, 0, 0, 1, 1, 0, 19)
3 (1, 4, 0, 71, 0, 18, 0, 0, 1, 1, 0, 63)
4 (1, 4, 0, 43, 0, 26, 0, 0, 1, 1, 0, 239)
5 (1, 4, 0, 107, 0, 18, 0, 0, 1, 1, 0, 148)
6 (1, 4, 0, 190, 51, 23, 0, 0, 1, 1, 0, 65)
7 (1, 4, 0, 407, 142, 25, 0, 0, 1, 1, 0, 220)
8 (1, 4, 0, 873, 386, 0, 0, 0, 1, 1, 0, 155)
9 (1, 4, 0, 873, 855, 0, 0, 0, 1, 2, 0, 35)
10 (1, 4, 0, 873, 842, 0, 0, 0, 1, 2, 0, 42)
11 (1, 4, 118, 311, 118, 0, 0, 29, 1, 2, 0, 156)
12 (1, 4, 0, 232, 0, 0, 0, 20, 1, 1, 0, 34)
13 (1, 4, 0, 41, 0, 0, 0, 33, 1, 1, 0, 205)
14 (1, 4, 27, 0, 0, 0, 0, 23, 1, 1, 0, 53)
15 (1, 4, 0, 0, 0, 0, 0, 18, 1, 1, 0, 29)
16 (1, 4, 0, 0, 0, 8, 0, 8, 1, 1, 0, 101)
17 (1, 4, 0, 0, 0, 3, 0, 0, 1, 1, 0, 86)
18 (1, 4, 0, 0, 0, 5, 0, 0, 1, 1, 0, 20)
19 (1, 4, 0, 0, 9, 0, 0, 0, 1, 1, 0, 95)
20 (1, 4, 0, 0, 84, 0, 0, 0, 1, 1, 0, 173)
21 (1, 4, 0, 0, 135, 0, 0, 0, 1, 1, 0, 99)
22 (1, 4, 0, 0, 173, 0, 0, 0, 1, 1, 0, 14)
23 (1, 4, 14, 0, 196, 0, 0, 0, 1, 1, 0, 119)
24 (1, 4, 0, 0, 158, 0, 0, 0, 1, 1, 0, 52)
25 (1, 4, 0, 0, 135, 0, 0, 0, 1, 1, 0, 99)
26 (1, 4, 0, 0, 66, 0, 0, 0, 1, 1, 0, 163)
27 (1, 4, 0, 0, 42, 0, 0, 0, 1, 1, 0, 26)
28 (1, 4, 0, 21, 32, 0, 0, 0, 1, 1, 0, 135)
29 (1, 4, 0, 86, 6, 0, 0, 0, 1, 1, 0, 83)
30 (1, 4, 0, 69, 0, 0, 0, 0, 1, 1, 0, 155)
31 (1, 4, 16, 37, 0, 0, 0, 0, 1, 1, 0, 58)
0 (1, 4, 153, 0, 0, 0, 0, 19, 1, 1, 0, 73)
1 (1, 4, 241, 0, 0, 4, 0, 6, 1, 1, 0, 114)
2 (1, 4, 297, 0, 0, 11, 0, 0, 1, 1, 0, 21)
3 (1, 4, 276, 0, 0, 13, 0, 0, 1, 1, 0, 54)
4 (1, 4, 38, 0, 0, 32, 0, 0, 1, 0, 0, 22)
5 (1, 4, 0, 0, 0, 29, 0, 0, 0, 0, 0, 18)
6 (1, 4, 0, 0, 0, 23, 0, 0, 0, 1, 0, 191)
7 (1, 4, 0, 0, 0, 0, 0, 0, 1, 1, 0, 119)
8 (1, 4, 0, 163, 0, 10, 0, 0, 1, 1, 0, 170)
9 (1, 4, 0, 533, 94, 0, 0, 0, 1, 1, 0, 253)
10 (1, 4, 0, 789, 184, 0, 0, 0, 1, 1, 0, 157)
11 (1, 4, 0, 873, 551, 0, 0, 0, 1, 1, 0, 185)
12 (1, 4, 0, 873, 783, 0, 0, 0, 1, 1, 0, 166)
13 (1, 4, 0, 597, 210, 0, 0, 0, 1, 1, 0, 109)
14 (1, 4, 97, 166, 0, 0, 0, 43, 1, 1, 0, 110)
15 (1, 4, 0, 92, 0, 0, 0, 42, 1, 1, 0, 14)
16 (1, 4, 0, 0, 18, 0, 0, 26, 1, 1, 0, 167)
17 (1, 4, 0, 0, 0, 11, 0, 17, 1, 1, 0, 162)
18 (1, 4, 0, 0, 0, 10, 0, 0, 1, 1, 0, 177)
19 (1, 4, 0, 0, 0, 21, 0, 0, 1, 1, 0, 227)
20 (1, 4, 0, 0, 0, 22, 0, 0, 1, 1, 0, 194)
21 (1, 4, 0, 0, 0, 17, 0, 0, 1, 1, 0, 159)
22 (1, 4, 0, 0, 0, 8, 0, 0, 1, 1, 0, 143)
23 (1, 4, 0, 0, 24, 0, 0, 0, 1, 1, 0, 180)
24 (1, 4, 0, 0, 64, 0, 0, 0, 1, 1, 0, 140)
25 (1, 4, 0, 0, 151, 0, 0, 0, 1, 1, 0, 28)
26 (1, 4, 0, 0, 97, 0, 0, 0, 1, 1, 0, 230)
27 (1, 4, 0, 0, 118, 0, 0, 0, 1, 1, 0, 124)
28 (1, 4, 0, 0, 86, 0, 0, 0, 1, 1, 0, 130)
29 (1, 4, 0, 0, 53, 0, 0, 0, 1, 1, 0, 60)
30 (1, 4, 0, 0, 66, 0, 0, 0, 1, 1, 0, 163)
31 (1, 4, 0, 0, 0, 0, 0, 0, 1, 1, 0, 119)
0 (1, 4, 0, 0, 0, 0, 0, 0, 1, 1, 0, 119)
1 (1, 4, 0, 276, 204, 0, 0, 0, 1, 1, 0, 193)
2 (1, 4, 0, 873, 388, 0, 0, 0, 1, 1, 0, 234)
3 (1, 4, 0, 873, 566, 0, 0, 0, 1, 1, 0, 82)
4 (1, 4, 0, 873, 482, 0, 0, 0, 1, 1, 0, 158)
5 (1, 4, 0, 608, 195, 0, 0, 22, 1, 1, 0, 85)
6 (1, 4, 100, 199, 17, 0, 0, 64, 1, 1, 0, 47)
7 (1, 4, 0, 0, 0, 0, 0, 78, 1, 1, 0, 20)
8 (1, 4, 0, 0, 0, 0, 0, 56, 1, 1, 0, 239)
9 (1, 4, 0, 0, 0, 5, 0, 12, 1, 1, 0, 139)
10 (1, 4, 0, 0, 0, 17, 0, 0, 1, 1, 0, 159)
11 (1, 4, 0, 0, 0, 15, 0, 0, 1, 1, 0, 210)
12 (1, 4, 0, 0, 0, 0, 0, 0, 1, 1, 0, 119)
13 (1, 4, 0, 0, 0, 0, 0, 0, 1, 1, 0, 119)
14 (1, 4, 0, 0, 28, 0, 0, 0, 1, 1, 0, 234)
15 (1, 4, 0, 0, 254, 0, 0, 0, 1, 1, 0, 49)
16 (1, 4, 0, 0, 281, 0, 0, 0, 1, 1, 0, 125)
17 (1, 4, 0, 0, 164, 0, 0, 0, 1, 1, 0, 38)
18 (1, 4, 0, 0, 86, 0, 0, 0, 1, 1, 0, 130)
19 (1, 4, 0, 0, 97, 0, 0, 0, 1, 1, 0, 230)
20 (1, 4, 0, 0, 0, 0, 0, 0, 1, 1, 0, 119)
21 (1, 4, 0, 0, 0, 0, 0, 0, 1, 1, 0, 119)
22 (1, 4, 0, 0, 0, 0, 0, 0, 1, 1, 0, 119)
23 (1, 4, 0, 0, 0, 0, 0, 0, 1, 1, 0, 119)
24 (1, 4, 0, 0, 0, 0, 0, 0, 1, 1, 0, 119)
25 (1, 4, 0, 0, 0, 0, 0, 0, 1, 1, 0, 119)
26 (1, 4, 0, 0, 0, 0, 0, 0, 1, 1, 0, 119)
27 (1, 4, 0, 0, 0, 0, 0, 0, 1, 1, 0, 119)
28 (1, 4, 33, 0, 38, 0, 0, 0, 1, 1, 0, 49)
29 (1, 4, 0, 16, 62, 0, 0, 0, 1, 1, 0, 90)

