1 (1, 4, 0, 53, 0, 0, 0, 26, 0, 0, 0, 50)
2 (1, 4, 0, 33, 0, 0, 0, 28, 0, 0, 0, 69)
3 (1, 4, 0, 12, 0, 0, 0, 34, 0, 0, 0, 15)
4 (1, 4, 38, 0, 0, 0, 0, 29, 0, 0, 0, 14)
5 (1, 4, 0, 35, 0, 0, 0, 35, 0, 0, 0, 163)
6 (1, 4, 0, 35, 14, 0, 0, 63, 0, 0, 0, 34)
7 (1, 4, 0, 16, 0, 0, 0, 70, 0, 0, 0, 150)
8 (1, 4, 0, 0, 0, 0, 0, 85, 0, 0, 0, 66)
9 (1, 4, 447, 0, 0, 0, 0, 69, 0, 0, 0, 251)
10 (1, 4, 178, 0, 0, 0, 0, 44, 0, 0, 0, 110)
11 (1, 4, 0, 0, 0, 0, 0, 47, 0, 0, 0, 38)
12 (1, 4, 0, 0, 0, 0, 0, 43, 0, 0, 0, 83)
13 (1, 4, 0, 0, 0, 0, 0, 49, 0, 0, 0, 211)
14 (1, 4, 62, 0, 58, 0, 0, 49, 0, 0, 0, 178)
15 (1, 4, 167, 0, 178, 0, 0, 46, 0, 0, 0, 94)
16 (1, 4, 91, 161, 172, 0, 0, 63, 0, 0, 0, 101)
17 (1, 4, 34, 0, 0, 0, 0, 124, 0, 0, 0, 13)
18 (1, 4, 59, 0, 49, 0, 0, 86, 0, 0, 0, 116)
19 (1, 4, 104, 0, 144, 0, 0, 35, 0, 0, 0, 9)
20 (1, 4, 319, 0, 247, 10, 0, 20, 0, 0, 0, 15)
21 (1, 4, 11, 0, 21, 23, 0, 37, 0, 0, 0, 8)
22 (1, 4, 0, 0, 0, 27, 0, 57, 0, 0, 0, 23)
23 (1, 4, 0, 0, 107, 0, 0, 79, 0, 0, 0, 192)
24 (1, 4, 141, 0, 277, 15, 0, 60, 0, 0, 0, 141)
25 (1, 4, 0, 0, 295, 1, 0, 20, 0, 0, 0, 129)
26 (1, 4, 0, 0, 233, 0, 0, 0, 0, 0, 0, 162)
27 (1, 4, 0, 0, 243, 0, 0, 0, 0, 0, 0, 78)
28 (1, 4, 0, 0, 238, 0, 0, 0, 0, 0, 0, 71)
29 (1, 4, 0, 0, 214, 0, 0, 0, 0, 0, 0, 122)
30 (1, 4, 0, 0, 242, 0, 0, 0, 0, 0, 0, 218)
31 (1, 4, 0, 0, 179, 0, 0, 16, 0, 0, 0, 102)
32 (1, 4, 0, 0, 89, 0, 0, 20, 0, 0, 0, 116)
1 (1, 4, 0, 0, 0, 0, 0, 15, 0, 0, 0, 135)
2 (1, 4, 151, 0, 0, 5, 0, 23, 0, 0, 0, 2)
3 (1, 4, 0, 0, 0, 15, 0, 0, 0, 0, 0, 219)
4 (1, 4, 1, 497, 0, 39, 0, 0, 0, 0, 0, 181)
5 (1, 4, 0, 873, 0, 35, 0, 0, 0, 0, 0, 217)
6 (1, 4, 0, 565, 127, 0, 0, 134, 0, 0, 0, 26)
7 (1, 4, 253, 0, 0, 15, 0, 79, 0, 0, 0, 154)
8 (1, 4, 162, 0, 25, 61, 0, 21, 0, 0, 0, 27)
9 (1, 4, 189, 133, 163, 42, 0, 17, 0, 0, 0, 243)
10 (1, 4, 255, 176, 207, 28, 0, 47, 0, 0, 0, 69)
11 (1, 4, 154, 164, 213, 18, 0, 58, 0, 0, 0, 169)
12 (1, 4, 0, 117, 233, 0, 0, 71, 0, 0, 0, 187)
13 (1, 4, 17, 0, 142, 0, 0, 67, 0, 0, 0, 143)
14 (1, 4, 0, 0, 94, 0, 0, 39, 0, 0, 0, 133)
15 (1, 4, 0, 0, 155, 0, 0, 22, 0, 0, 0, 232)
16 (1, 4, 43, 0, 271, 0, 0, 10, 0, 0, 0, 140)
17 (1, 4, 0, 2, 0, 0, 0, 17, 0, 0, 0, 31)
18 (1, 4, 0, 12, 0, 0, 0, 22, 0, 0, 0, 8)
19 (1, 4, 290, 25, 3, 0, 0, 21, 0, 0, 0, 2)
20 (1, 4, 114, 10, 0, 0, 0, 20, 0, 0, 0, 180)
21 (1, 4, 0, 3, 0, 0, 0, 27, 0, 0, 0, 249)
22 (1, 4, 0, 0, 2, 0, 0, 25, 0, 0, 0, 183)
23 (1, 4, 0, 0, 12, 0, 0, 26, 0, 0, 0, 28)
24 (1, 4, 18, 5, 0, 0, 0, 25, 0, 0, 0, 11)
25 (1, 4, 0, 0, 0, 0, 0, 26, 0, 0, 0, 254)
26 (1, 4, 0, 3, 0, 0, 0, 21, 0, 0, 0, 223)
27 (1, 4, 0, 21, 0, 0, 0, 22, 0, 0, 0, 111)
28 (1, 4, 0, 1, 22, 0, 0, 29, 0, 0, 0, 86)
29 (1, 4, 0, 0, 0, 0, 0, 25, 0, 0, 0, 152)
30 (1, 4, 0, 7, 0, 0, 0, 24, 0, 0, 0, 69)
31 (1, 4, 0, 11, 0, 0, 0, 22, 0, 0, 0, 10)
32 (1, 4, 0, 12, 0, 0, 0, 20, 0, 0, 0, 177)
1 (1, 4, 0, 689, 19, 0, 0, 97, 0, 0, 0, 91)
2 (1, 4, 116, 0, 0, 0, 0, 140, 0, 0, 0, 253)
3 (1, 4, 400, 0, 0, 0, 0, 0, 0, 0, 0, 137)
4 (1, 4, 234, 0, 106, 54, 0, 0, 0, 0, 0, 131)
5 (1, 4, 153, 2, 0, 38, 0, 0, 0, 0, 0, 51)
6 (1, 4, 111, 165, 0, 56, 0, 0, 0, 0, 0, 32)
7 (1, 4, 0, 546, 94, 41, 0, 0, 0, 0, 0, 91)
8 (1, 4, 0, 785, 266, 0, 0, 0, 0, 0, 0, 76)
9 (1, 4, 0, 529, 99, 0, 0, 100, 0, 0, 0, 72)
10 (1, 4, 42, 0, 0, 0, 0, 92, 0, 0, 0, 220)
11 (1, 4, 213, 0, 0, 30, 0, 0, 0, 0, 0, 121)
12 (1, 4, 22, 0, 0, 48, 0, 0, 0, 0, 0, 164)
13 (1, 4, 0, 80, 39, 22, 0, 0, 0, 0, 0, 50)
14 (1, 4, 0, 106, 70, 2, 0, 28, 0, 0, 0, 25)
15 (1, 4, 22, 0, 134, 0, 0, 29, 0, 0, 0, 169)
16 (1, 4, 47, 0, 242, 0, 0, 11, 0, 0, 0, 203)
17 (1, 4, 0, 0, 0, 0, 0, 19, 0, 0, 0, 203)
18 (1, 4, 0, 0, 0, 0, 0, 19, 0, 0, 0, 203)
19 (1, 4, 0, 4, 0, 0, 0, 26, 0, 0, 0, 36)
20 (1, 4, 0, 2, 0, 0, 0, 24, 0, 0, 0, 42)
21 (1, 4, 2, 13, 0, 0, 0, 21, 0, 0, 0, 199)
22 (1, 4, 5, 23, 0, 0, 0, 20, 0, 0, 0, 141)
23 (1, 4, 5, 13, 0, 0, 0, 18, 0, 0, 0, 254)
24 (1, 4, 0, 8, 0, 0, 0, 16, 0, 0, 0, 30)
25 (1, 4, 0, 14, 0, 0, 0, 18, 0, 0, 0, 16)
26 (1, 4, 0, 19, 0, 0, 0, 22, 0, 0, 0, 216)
27 (1, 4, 0, 8, 0, 0, 0, 18, 0, 0, 0, 167)
28 (1, 4, 0, 10, 0, 0, 0, 15, 0, 0, 0, 89)
29 (1, 4, 0, 14, 2, 0, 0, 17, 0, 0, 0, 89)
30 (1, 4, 0, 13, 1, 0, 0, 18, 0, 0, 0, 92)
31 (1, 4, 0, 12, 0, 0, 0, 18, 0, 0, 0, 125)
32 (1, 4, 6, 9, 0, 0, 0, 17, 0, 0, 0, 80)
1 (1, 4, 0, 62, 0, 36, 0, 0, 0, 0, 0, 76)
2 (1, 4, 0, 208, 0, 37, 0, 0, 0, 0, 0, 23)
3 (1, 4, 0, 360, 86, 45, 0, 0, 0, 0, 0, 238)
4 (1, 4, 11, 593, 153, 75, 0, 2, 0, 0, 0, 149)
5 (1, 4, 0, 873, 286, 0, 0, 0, 0, 0, 0, 254)
6 (1, 4, 0, 873, 336, 0, 0, 28, 0, 0, 0, 132)
7 (1, 4, 0, 537, 283, 0, 0, 69, 0, 0, 0, 30)
8 (1, 4, 0, 140, 80, 0, 0, 87, 0, 0, 0, 23)
9 (1, 4, 42, 0, 0, 0, 0, 70, 0, 0, 0, 92)
10 (1, 4, 17, 0, 0, 0, 0, 45, 0, 0, 0, 113)
11 (1, 4, 45, 0, 2, 0, 0, 32, 0, 0, 0, 113)
12 (1, 4, 0, 0, 0, 0, 0, 28, 0, 0, 0, 50)
13 (1, 4, 0, 0, 0, 0, 0, 30, 0, 0, 0, 139)
14 (1, 4, 0, 0, 0, 0, 0, 29, 0, 0, 0, 237)
15 (1, 4, 0, 0, 25, 0, 0, 23, 0, 0, 0, 233)
16 (1, 4, 0, 0, 75, 0, 0, 18, 0, 0, 0, 232)
17 (1, 4, 0, 2, 0, 0, 0, 25, 0, 0, 0, 245)
18 (1, 4, 0, 0, 0, 0, 0, 20, 0, 0, 0, 216)
19 (1, 4, 0, 0, 0, 0, 0, 17, 0, 0, 0, 114)
20 (1, 4, 0, 3, 0, 0, 0, 19, 0, 0, 0, 19)
21 (1, 4, 0, 3, 0, 0, 0, 19, 0, 0, 0, 19)
22 (1, 4, 0, 6, 0, 0, 0, 18, 0, 0, 0, 163)
23 (1, 4, 0, 9, 0, 0, 0, 18, 0, 0, 0, 18)
24 (1, 4, 0, 0, 0, 0, 0, 18, 0, 0, 0, 20)
25 (1, 4, 0, 0, 0, 0, 0, 19, 0, 0, 0, 203)
26 (1, 4, 0, 0, 0, 0, 0, 19, 0, 0, 0, 203)
27 (1, 4, 0, 0, 0, 0, 0, 16, 0, 0, 0, 173)
28 (1, 4, 0, 2, 2, 0, 0, 16, 0, 0, 0, 239)
29 (1, 4, 0, 0, 0, 0, 0, 20, 0, 0, 0, 216)
30 (1, 4, 0, 0, 0, 0, 0, 16, 0, 0, 0, 173)
31 (1, 4, 0, 0, 0, 0, 0, 15, 0, 0, 0, 135)
32 (1, 4, 0, 3, 0, 0, 0, 15, 0, 0, 0, 95)
1 (1, 4, 0, 0, 0, 0, 0, 0, 0, 0, 0, 126)
2 (1, 4, 105, 38, 0, 0, 0, 0, 0, 0, 0, 59)
3 (1, 4, 226, 64, 0, 0, 0, 0, 0, 0, 0, 186)
4 (1, 4, 263, 76, 0, 0, 0, 0, 0, 0, 0, 188)
5 (1, 4, 209, 94, 0, 0, 0, 0, 0, 0, 0, 234)
6 (1, 4, 216, 130, 0, 10, 0, 0, 0, 0, 0, 216)
7 (1, 4, 204, 269, 0, 16, 0, 0, 0, 0, 0, 100)
8 (1, 4, 345, 482, 0, 14, 0, 0, 0, 0, 0, 25)
9 (1, 4, 219, 711, 0, 0, 0, 11, 0, 0, 0, 161)
10 (1, 4, 35, 873, 0, 0, 0, 42, 0, 0, 0, 54)
11 (1, 4, 227, 645, 0, 0, 0, 164, 0, 0, 0, 202)
12 (1, 4, 231, 89, 0, 0, 18, 130, 0, 0, 0, 175)
13 (1, 4, 167, 63, 0, 0, 46, 120, 0, 0, 0, 148)
14 (1, 4, 18, 92, 0, 0, 74, 133, 0, 0, 0, 0)
15 (1, 4, 0, 20, 0, 0, 51, 123, 0, 0, 0, 125)
16 (1, 4, 0, 20, 32, 0, 25, 111, 0, 0, 0, 27)
17 (1, 4, 0, 19, 0, 0, 0, 16, 0, 1, 0, 127)
18 (1, 4, 0, 50, 0, 0, 0, 19, 0, 0, 0, 5)
19 (1, 4, 0, 55, 0, 0, 0, 22, 0, 0, 0, 192)
20 (1, 4, 0, 32, 0, 0, 0, 28, 0, 0, 0, 240)
21 (1, 4, 0, 27, 0, 0, 0, 30, 0, 0, 0, 129)
22 (1, 4, 81, 22, 0, 0, 0, 31, 0, 0, 0, 229)
23 (1, 4, 148, 24, 0, 0, 0, 27, 0, 0, 0, 62)
24 (1, 4, 153, 30, 0, 0, 0, 27, 0, 0, 0, 207)
25 (1, 4, 90, 21, 0, 0, 0, 26, 0, 0, 0, 245)
26 (1, 4, 43, 18, 0, 0, 0, 26, 0, 0, 0, 87)
27 (1, 4, 0, 4, 0, 0, 0, 25, 0, 0, 0, 66)
28 (1, 4, 0, 4, 0, 0, 0, 25, 0, 0, 0, 66)
29 (1, 4, 0, 0, 2, 0, 0, 20, 0, 0, 0, 247)
30 (1, 4, 0, 0, 0, 0, 0, 17, 0, 0, 0, 114)
31 (1, 4, 0, 0, 0, 0, 0, 13, 0, 0, 0, 62)
32 (1, 4, 0, 0, 0, 0, 0, 12, 0, 0, 0, 225)

