0 (1, 4, 0, 121, 0, 0, 0, 34, 0, 0, 0, 64)
1 (1, 4, 0, 0, 0, 0, 0, 21, 0, 0, 0, 7)
2 (1, 4, 0, 0, 0, 0, 0, 0, 0, 0, 0, 126)
3 (1, 4, 0, 0, 0, 0, 0, 0, 0, 0, 0, 126)
4 (1, 4, 0, 0, 0, 0, 0, 0, 0, 0, 0, 126)
5 (1, 4, 0, 0, 0, 0, 0, 0, 0, 0, 0, 126)
6 (1, 4, 0, 0, 0, 0, 33, 0, 1, 1, 0, 3)
7 (1, 4, 0, 89, 173, 0, 63, 0, 0, 0, 0, 194)
8 (1, 4, 428, 860, 613, 0, 49, 0, 0, 1, 0, 170)
9 (1, 4, 865, 873, 719, 0, 94, 0, 1, 0, 0, 147)
10 (1, 4, 717, 873, 606, 0, 96, 0, 0, 0, 0, 43)
11 (1, 4, 117, 552, 79, 0, 0, 106, 0, 0, 0, 79)
12 (1, 4, 171, 296, 0, 0, 0, 85, 0, 0, 0, 102)
13 (1, 4, 0, 208, 0, 0, 0, 92, 0, 0, 0, 148)
14 (1, 4, 0, 0, 0, 0, 0, 68, 0, 0, 0, 78)
15 (1, 4, 0, 0, 1, 0, 0, 18, 0, 0, 0, 128)
16 (1, 4, 0, 0, 127, 0, 0, 7, 0, 0, 0, 78)
17 (1, 4, 140, 0, 398, 0, 0, 0, 0, 0, 0, 66)
18 (1, 4, 165, 0, 577, 0, 0, 3, 0, 0, 0, 41)
19 (1, 4, 0, 0, 476, 0, 0, 25, 0, 0, 0, 82)
20 (1, 4, 0, 0, 398, 0, 0, 23, 0, 0, 0, 223)
21 (1, 4, 15, 0, 386, 0, 0, 30, 0, 0, 0, 82)
22 (1, 4, 10, 23, 345, 0, 0, 74, 0, 0, 0, 150)
23 (1, 4, 0, 76, 133, 0, 0, 66, 0, 0, 0, 83)
24 (1, 4, 0, 0, 45, 0, 0, 76, 0, 0, 0, 44)
25 (1, 4, 0, 0, 0, 0, 0, 112, 0, 0, 0, 73)
26 (1, 4, 31, 0, 0, 0, 0, 63, 0, 0, 0, 79)
27 (1, 4, 19, 40, 37, 0, 0, 66, 0, 0, 0, 53)
28 (1, 4, 13, 40, 11, 0, 0, 78, 0, 0, 0, 45)
29 (1, 4, 0, 10, 0, 0, 0, 62, 0, 0, 0, 244)
30 (1, 4, 0, 0, 0, 0, 0, 67, 0, 0, 0, 93)
31 (1, 4, 0, 0, 0, 0, 0, 64, 0, 0, 0, 59)
0 (1, 4, 0, 63, 0, 0, 0, 0, 0, 0, 0, 108)
1 (1, 4, 0, 0, 0, 0, 0, 0, 0, 0, 0, 126)
2 (1, 4, 0, 0, 0, 0, 0, 0, 0, 0, 0, 126)
3 (1, 4, 0, 0, 0, 0, 0, 0, 0, 0, 0, 126)
4 (1, 4, 0, 0, 0, 0, 0, 0, 0, 0, 0, 126)
5 (1, 4, 0, 0, 10, 0, 17, 0, 0, 1, 0, 122)
6 (1, 4, 0, 72, 136, 0, 2, 0, 1, 1, 0, 248)
7 (1, 4, 72, 286, 245, 0, 46, 0, 0, 0, 0, 155)
8 (1, 4, 536, 873, 564, 0, 15, 0, 0, 0, 0, 73)
9 (1, 4, 696, 873, 873, 0, 87, 0, 0, 0, 0, 106)
10 (1, 4, 588, 873, 485, 0, 0, 80, 0, 0, 0, 33)
11 (1, 4, 194, 451, 152, 0, 0, 55, 0, 0, 0, 18)
12 (1, 4, 98, 356, 43, 0, 0, 61, 0, 0, 0, 153)
13 (1, 4, 0, 165, 0, 0, 0, 76, 0, 0, 0, 8)
14 (1, 4, 0, 0, 0, 0, 0, 66, 0, 0, 0, 130)
15 (1, 4, 0, 0, 27, 0, 0, 20, 0, 0, 0, 160)
16 (1, 4, 0, 0, 56, 0, 0, 0, 0, 0, 0, 67)
17 (1, 4, 98, 0, 236, 0, 0, 0, 0, 0, 0, 58)
18 (1, 4, 127, 0, 387, 0, 0, 11, 0, 0, 0, 17)
19 (1, 4, 105, 0, 495, 0, 0, 35, 0, 0, 0, 121)
20 (1, 4, 88, 0, 599, 0, 0, 43, 0, 0, 0, 145)
21 (1, 4, 0, 0, 508, 0, 0, 53, 0, 0, 0, 146)
22 (1, 4, 0, 53, 393, 0, 0, 83, 0, 0, 0, 198)
23 (1, 4, 0, 124, 208, 0, 0, 69, 0, 0, 0, 173)
24 (1, 4, 0, 0, 0, 0, 0, 131, 0, 0, 0, 146)
25 (1, 4, 45, 0, 0, 0, 0, 44, 0, 0, 0, 193)
26 (1, 4, 20, 25, 32, 0, 0, 71, 0, 0, 0, 105)
27 (1, 4, 0, 28, 47, 0, 0, 89, 0, 0, 0, 114)
28 (1, 4, 43, 0, 0, 0, 0, 70, 0, 0, 0, 82)
0 (1, 4, 0, 264, 23, 0, 0, 66, 0, 0, 0, 78)
1 (1, 4, 0, 84, 0, 0, 0, 28, 0, 0, 0, 10)
2 (1, 4, 0, 0, 0, 0, 0, 0, 0, 0, 0, 126)
3 (1, 4, 0, 0, 0, 0, 0, 0, 0, 0, 0, 126)
4 (1, 4, 0, 0, 0, 0, 0, 0, 0, 0, 0, 126)
5 (1, 4, 0, 0, 0, 0, 0, 0, 0, 0, 0, 126)
6 (1, 4, 0, 94, 0, 0, 0, 0, 0, 0, 0, 152)
7 (1, 4, 0, 16, 0, 0, 0, 0, 0, 0, 0, 31)
8 (1, 4, 0, 0, 0, 0, 0, 0, 0, 0, 0, 126)
9 (1, 4, 0, 19, 0, 0, 7, 0, 0, 1, 0, 196)
10 (1, 4, 0, 91, 164, 0, 36, 0, 2, 2, 0, 90)
11 (1, 4, 0, 305, 419, 0, 54, 0, 1, 1, 0, 244)
12 (1, 4, 448, 775, 572, 0, 0, 0, 0, 1, 0, 120)
13 (1, 4, 696, 873, 667, 0, 24, 0, 1, 1, 0, 41)
14 (1, 4, 873, 873, 873, 0, 70, 0, 0, 0, 0, 230)
15 (1, 4, 498, 873, 264, 0, 8, 100, 0, 0, 0, 5)
16 (1, 4, 170, 227, 0, 0, 0, 72, 0, 0, 0, 247)
17 (1, 4, 38, 189, 8, 0, 0, 72, 0, 0, 0, 240)
18 (1, 4, 0, 16, 0, 0, 0, 67, 0, 0, 0, 60)
19 (1, 4, 0, 0, 0, 0, 0, 48, 0, 0, 0, 12)
20 (1, 4, 0, 0, 0, 0, 0, 14, 0, 0, 0, 88)
21 (1, 4, 0, 0, 0, 0, 0, 1, 0, 0, 0, 161)
22 (1, 4, 101, 0, 168, 0, 0, 0, 0, 0, 0, 181)
23 (1, 4, 62, 0, 338, 0, 0, 0, 0, 0, 0, 251)
24 (1, 4, 210, 0, 502, 0, 0, 2, 0, 0, 0, 0)
25 (1, 4, 141, 0, 532, 0, 0, 57, 0, 0, 0, 241)
26 (1, 4, 0, 0, 433, 0, 0, 83, 0, 0, 0, 55)
27 (1, 4, 0, 0, 409, 0, 0, 89, 0, 0, 0, 38)
28 (1, 4, 0, 0, 289, 0, 0, 80, 0, 0, 0, 223)
29 (1, 4, 0, 0, 221, 0, 0, 58, 0, 0, 0, 92)
30 (1, 4, 0, 0, 188, 0, 0, 4, 0, 0, 0, 153)
31 (1, 4, 0, 76, 179, 0, 0, 0, 0, 0, 0, 95)
0 (1, 4, 0, 81, 0, 0, 0, 0, 0, 0, 0, 41)
1 (1, 4, 0, 45, 0, 0, 0, 0, 0, 0, 0, 96)
2 (1, 4, 0, 11, 0, 0, 0, 0, 0, 0, 0, 21)
3 (1, 4, 0, 22, 0, 0, 0, 0, 0, 0, 0, 168)
4 (1, 4, 0, 23, 0, 0, 0, 0, 0, 0, 0, 29)
5 (1, 4, 0, 0, 0, 0, 0, 0, 0, 0, 0, 126)
6 (1, 4, 0, 0, 0, 0, 0, 0, 0, 0, 0, 126)
7 (1, 4, 0, 0, 0, 0, 23, 0, 1, 1, 0, 154)
8 (1, 4, 0, 54, 17, 0, 56, 0, 0, 0, 0, 200)
9 (1, 4, 25, 467, 318, 0, 41, 0, 0, 0, 0, 154)
10 (1, 4, 467, 758, 436, 0, 64, 0, 1, 1, 0, 41)
11 (1, 4, 760, 873, 758, 0, 114, 0, 0, 0, 0, 254)
12 (1, 4, 873, 873, 808, 0, 125, 0, 0, 0, 0, 75)
13 (1, 4, 170, 873, 91, 0, 0, 35, 0, 0, 0, 235)
14 (1, 4, 254, 306, 10, 0, 0, 52, 0, 0, 0, 46)
15 (1, 4, 0, 367, 0, 0, 0, 73, 0, 0, 0, 27)
16 (1, 4, 0, 0, 0, 0, 0, 62, 0, 0, 0, 42)
17 (1, 4, 0, 0, 0, 0, 0, 21, 0, 0, 0, 7)
18 (1, 4, 0, 0, 0, 0, 0, 0, 0, 0, 0, 126)
19 (1, 4, 0, 0, 0, 0, 0, 0, 0, 0, 0, 126)
20 (1, 4, 0, 0, 0, 0, 0, 0, 0, 0, 0, 126)
21 (1, 4, 0, 0, 14, 0, 0, 0, 0, 0, 0, 179)
22 (1, 4, 0, 0, 131, 0, 0, 0, 0, 0, 0, 52)
23 (1, 4, 0, 0, 324, 0, 0, 0, 0, 0, 0, 134)
24 (1, 4, 0, 0, 565, 0, 0, 7, 0, 0, 0, 156)
25 (1, 4, 81, 0, 539, 0, 0, 8, 0, 0, 0, 49)
26 (1, 4, 84, 0, 457, 0, 0, 36, 0, 0, 0, 132)
27 (1, 4, 0, 0, 253, 0, 0, 57, 0, 0, 0, 196)
28 (1, 4, 0, 0, 104, 0, 0, 64, 0, 0, 0, 130)
29 (1, 4, 0, 0, 19, 0, 0, 60, 0, 0, 0, 87)
30 (1, 4, 35, 0, 12, 0, 0, 65, 0, 0, 0, 211)
31 (1, 4, 26, 15, 41, 0, 0, 71, 0, 0, 0, 195)
0 (1, 4, 0, 0, 0, 0, 0, 0, 0, 0, 0, 126)
1 (1, 4, 0, 0, 0, 0, 0, 0, 0, 0, 0, 126)
2 (1, 4, 0, 0, 0, 0, 0, 0, 0, 0, 0, 126)
3 (1, 4, 0, 0, 0, 0, 0, 0, 0, 0, 0, 126)
4 (1, 4, 0, 0, 0, 0, 0, 0, 1, 1, 0, 119)
5 (1, 4, 0, 61, 0, 0, 0, 0, 1, 1, 0, 8)
6 (1, 4, 32, 92, 0, 0, 28, 0, 0, 1, 0, 254)
7 (1, 4, 0, 324, 317, 0, 37, 0, 0, 0, 0, 255)
8 (1, 4, 135, 557, 373, 0, 25, 0, 0, 1, 0, 41)
9 (1, 4, 358, 873, 537, 0, 59, 0, 0, 0, 0, 86)
10 (1, 4, 484, 873, 873, 0, 34, 0, 0, 0, 0, 69)
11 (1, 4, 873, 873, 846, 0, 44, 0, 0, 0, 0, 217)
12 (1, 4, 93, 744, 188, 0, 0, 53, 0, 0, 0, 37)
13 (1, 4, 223, 0, 0, 0, 0, 56, 0, 0, 0, 192)
14 (1, 4, 7, 5, 0, 0, 0, 62, 0, 0, 0, 111)
15 (1, 4, 0, 0, 0, 0, 0, 58, 0, 0, 0, 95)
16 (1, 4, 0, 0, 0, 0, 0, 0, 0, 0, 0, 126)
17 (1, 4, 0, 0, 0, 0, 0, 0, 0, 0, 0, 126)
18 (1, 4, 0, 0, 65, 0, 0, 0, 0, 0, 0, 17)
19 (1, 4, 0, 0, 146, 0, 0, 0, 0, 0, 0, 223)
20 (1, 4, 41, 0, 252, 0, 0, 0, 0, 0, 0, 174)
21 (1, 4, 0, 0, 246, 0, 0, 14, 0, 0, 0, 162)
22 (1, 4, 64, 0, 368, 0, 0, 32, 0, 0, 0, 113)
23 (1, 4, 50, 0, 376, 0, 0, 31, 0, 0, 0, 244)
24 (1, 4, 14, 0, 434, 0, 0, 48, 0, 0, 0, 90)
25 (1, 4, 0, 0, 267, 0, 0, 46, 0, 0, 0, 163)
26 (1, 4, 0, 0, 152, 0, 0, 38, 0, 0, 0, 33)
27 (1, 4, 0, 9, 0, 0, 0, 38, 0, 0, 0, 21)
28 (1, 4, 45, 0, 0, 0, 0, 57, 0, 0, 0, 184)
29 (1, 4, 77, 0, 13, 0, 0, 62, 0, 0, 0, 147)
30 (1, 4, 44, 17, 57, 0, 0, 80, 0, 0, 0, 26)
31 (1, 4, 0, 8, 0, 0, 0, 69, 0, 0, 0, 34)
0 (1, 4, 0, 14, 0, 0, 0, 0, 1, 1, 0, 115)
1 (1, 4, 0, 0, 0, 0, 5, 0, 0, 1, 0, 143)
2 (1, 4, 0, 0, 0, 0, 30, 0, 0, 0, 0, 43)
3 (1, 4, 0, 330, 282, 0, 48, 0, 1, 1, 0, 246)
4 (1, 4, 254, 739, 510, 0, 61, 0, 0, 1, 0, 103)
5 (1, 4, 599, 873, 819, 0, 54, 0, 1, 2, 0, 166)
6 (1, 4, 873, 873, 873, 0, 146, 0, 2, 2, 0, 188)
7 (1, 4, 401, 873, 411, 0, 43, 47, 0, 0, 0, 35)
8 (1, 4, 212, 225, 18, 0, 0, 76, 0, 0, 0, 69)
9 (1, 4, 10, 0, 0, 0, 6, 100, 0, 0, 0, 146)
10 (1, 4, 0, 0, 0, 0, 0, 80, 0, 0, 0, 232)
11 (1, 4, 0, 0, 0, 0, 0, 0, 0, 0, 0, 126)
12 (1, 4, 0, 0, 83, 0, 0, 0, 0, 0, 0, 65)
13 (1, 4, 0, 0, 192, 0, 0, 0, 0, 0, 0, 116)
14 (1, 4, 0, 0, 153, 0, 0, 0, 0, 0, 0, 216)
15 (1, 4, 81, 0, 281, 0, 0, 0, 0, 0, 0, 19)
16 (1, 4, 0, 0, 403, 0, 0, 7, 0, 0, 0, 5)
17 (1, 4, 0, 0, 415, 0, 0, 16, 0, 0, 0, 39)
18 (1, 4, 0, 0, 352, 0, 0, 13, 0, 0, 0, 102)
19 (1, 4, 71, 0, 302, 0, 0, 35, 0, 0, 0, 116)
20 (1, 4, 0, 0, 133, 0, 0, 40, 0, 0, 0, 14)
21 (1, 4, 0, 32, 58, 0, 0, 52, 0, 0, 0, 169)
22 (1, 4, 11, 0, 41, 0, 0, 54, 0, 0, 0, 116)
23 (1, 4, 0, 0, 0, 0, 0, 99, 0, 0, 0, 252)
24 (1, 4, 0, 0, 0, 0, 0, 59, 0, 0, 0, 128)
25 (1, 4, 0, 68, 36, 0, 0, 73, 0, 0, 0, 247)
26 (1, 4, 3, 31, 15, 0, 0, 70, 0, 0, 0, 108)
27 (1, 4, 4, 33, 17, 0, 0, 67, 0, 0, 0, 249)
28 (1, 4, 0, 44, 21, 0, 0, 67, 0, 0, 0, 67)
29 (1, 4, 0, 0, 6, 0, 0, 63, 0, 0, 0, 132)
30 (1, 4, 31, 0, 12, 0, 0, 66, 0, 0, 0, 218)
0 (1, 4, 0, 80, 0, 0, 0, 69, 0, 0, 0, 115)
1 (1, 4, 0, 295, 0, 0, 0, 68, 0, 0, 0, 107)
2 (1, 4, 0, 406, 18, 0, 0, 66, 0, 0, 0, 224)
3 (1, 4, 0, 193, 0, 0, 0, 34, 0, 0, 0, 81)
4 (1, 4, 0, 21, 0, 0, 0, 0, 0, 0, 0, 112)
5 (1, 4, 0, 44, 0, 0, 0, 0, 0, 0, 0, 213)
6 (1, 4, 0, 95, 0, 0, 0, 0, 0, 0, 0, 45)
7 (1, 4, 0, 0, 0, 0, 0, 0, 0, 0, 0, 126)
8 (1, 4, 0, 0, 0, 0, 9, 0, 0, 1, 0, 173)
9 (1, 4, 0, 0, 0, 0, 34, 0, 0, 0, 0, 129)
10 (1, 4, 0, 30, 0, 0, 14, 0, 0, 0, 0, 203)
11 (1, 4, 0, 139, 100, 0, 25, 0, 0, 0, 0, 114)
12 (1, 4, 0, 115, 153, 0, 52, 0, 0, 0, 0, 75)
13 (1, 4, 0, 250, 267, 0, 79, 0, 1, 1, 0, 97)
14 (1, 4, 307, 669, 585, 0, 34, 0, 0, 1, 0, 197)
15 (1, 4, 531, 873, 861, 0, 32, 0, 1, 1, 0, 246)
16 (1, 4, 873, 873, 715, 0, 0, 0, 0, 0, 0, 144)
17 (1, 4, 396, 763, 45, 0, 64, 103, 0, 0, 0, 195)
18 (1, 4, 115, 457, 0, 0, 0, 95, 0, 0, 0, 204)
19 (1, 4, 11, 221, 0, 0, 3, 127, 0, 0, 0, 102)
20 (1, 4, 0, 0, 0, 0, 0, 96, 0, 0, 0, 154)
21 (1, 4, 0, 0, 0, 0, 0, 16, 0, 0, 0, 173)
22 (1, 4, 0, 0, 138, 0, 0, 0, 0, 0, 0, 28)
23 (1, 4, 0, 0, 191, 0, 0, 0, 0, 0, 0, 87)
24 (1, 4, 0, 0, 248, 0, 0, 0, 0, 0, 0, 73)
25 (1, 4, 0, 0, 329, 0, 0, 10, 0, 0, 0, 163)
26 (1, 4, 11, 0, 380, 0, 0, 30, 0, 0, 0, 44)
27 (1, 4, 0, 0, 355, 0, 0, 34, 0, 0, 0, 133)
28 (1, 4, 0, 0, 407, 0, 0, 28, 0, 0, 0, 4)
29 (1, 4, 0, 0, 342, 0, 0, 25, 0, 0, 0, 48)
30 (1, 4, 0, 0, 237, 0, 0, 30, 0, 0, 0, 9)
31 (1, 4, 0, 0, 106, 0, 0, 47, 0, 0, 0, 176)
0 (1, 4, 0, 237, 3, 0, 0, 17, 0, 0, 0, 85)
1 (1, 4, 0, 79, 0, 0, 0, 0, 0, 0, 0, 76)
2 (1, 4, 0, 0, 0, 0, 0, 0, 0, 0, 0, 126)
3 (1, 4, 0, 0, 0, 0, 0, 0, 0, 0, 0, 126)
4 (1, 4, 0, 0, 0, 0, 0, 0, 0, 0, 0, 126)
5 (1, 4, 0, 0, 0, 0, 0, 0, 0, 0, 0, 126)
6 (1, 4, 0, 15, 0, 0, 0, 0, 0, 0, 0, 207)
7 (1, 4, 0, 41, 0, 0, 0, 0, 0, 0, 0, 186)
8 (1, 4, 0, 0, 0, 0, 18, 0, 1, 1, 0, 0)
9 (1, 4, 0, 49, 0, 0, 46, 0, 0, 1, 0, 222)
10 (1, 4, 0, 209, 221, 0, 49, 0, 1, 1, 0, 211)
11 (1, 4, 97, 446, 396, 0, 50, 0, 1, 1, 0, 64)
12 (1, 4, 307, 819, 593, 0, 5, 0, 0, 0, 0, 42)
13 (1, 4, 448, 873, 873, 0, 10, 0, 0, 1, 0, 29)
14 (1, 4, 873, 873, 803, 0, 0, 28, 0, 0, 0, 201)
15 (1, 4, 0, 592, 0, 0, 2, 85, 0, 0, 0, 159)
16 (1, 4, 119, 184, 59, 0, 0, 109, 0, 0, 0, 201)
17 (1, 4, 0, 143, 0, 0, 0, 75, 0, 0, 0, 7)
18 (1, 4, 0, 0, 0, 0, 0, 53, 0, 0, 0, 166)
19 (1, 4, 0, 0, 0, 0, 0, 0, 0, 0, 0, 126)
20 (1, 4, 0, 0, 0, 0, 0, 0, 0, 0, 0, 126)
21 (1, 4, 0, 0, 128, 0, 0, 0, 0, 0, 0, 143)
22 (1, 4, 51, 0, 249, 0, 0, 0, 0, 0, 0, 232)
23 (1, 4, 18, 0, 274, 0, 0, 0, 0, 0, 0, 143)
24 (1, 4, 0, 0, 292, 0, 0, 6, 0, 0, 0, 79)
25 (1, 4, 119, 0, 357, 0, 0, 1, 0, 0, 0, 183)
26 (1, 4, 58, 0, 299, 0, 0, 27, 0, 0, 0, 206)
27 (1, 4, 0, 0, 224, 0, 0, 38, 0, 0, 0, 231)
28 (1, 4, 0, 9, 151, 0, 0, 57, 0, 0, 0, 84)
29 (1, 4, 0, 0, 99, 0, 0, 65, 0, 0, 0, 90)
30 (1, 4, 0, 2, 57, 0, 0, 119, 1, 0, 0, 252)
31 (1, 4, 0, 0, 0, 0, 0, 54, 0, 0, 0, 192)
0 (1, 4, 0, 124, 72, 0, 46, 0, 1, 1, 0, 164)
1 (1, 4, 138, 464, 283, 0, 62, 0, 0, 1, 0, 23)
2 (1, 4, 352, 873, 494, 0, 42, 0, 1, 1, 0, 14)
3 (1, 4, 316, 873, 823, 0, 77, 0, 0, 0, 0, 190)
4 (1, 4, 775, 873, 873, 0, 12, 0, 0, 0, 0, 213)
5 (1, 4, 487, 776, 236, 0, 11, 40, 0, 0, 0, 129)
6 (1, 4, 47, 411, 0, 0, 0, 68, 0, 0, 0, 61)
7 (1, 4, 77, 126, 44, 0, 0, 83, 0, 0, 0, 121)
8 (1, 4, 0, 0, 0, 0, 0, 73, 0, 0, 0, 14)
9 (1, 4, 0, 0, 0, 0, 0, 41, 0, 0, 0, 234)
10 (1, 4, 0, 0, 0, 0, 0, 2, 0, 0, 0, 199)
11 (1, 4, 0, 0, 67, 0, 0, 0, 0, 0, 0, 62)
12 (1, 4, 0, 0, 87, 0, 0, 0, 0, 0, 0, 31)
13 (1, 4, 0, 0, 115, 0, 0, 0, 0, 0, 0, 191)
14 (1, 4, 0, 0, 189, 0, 0, 2, 0, 0, 0, 193)
15 (1, 4, 31, 0, 273, 0, 0, 4, 0, 0, 0, 7)
16 (1, 4, 0, 0, 298, 0, 0, 37, 0, 0, 0, 69)
17 (1, 4, 36, 0, 367, 0, 0, 35, 0, 0, 0, 71)
18 (1, 4, 0, 0, 305, 0, 0, 38, 0, 0, 0, 91)
19 (1, 4, 0, 0, 311, 0, 0, 44, 0, 0, 0, 121)
20 (1, 4, 0, 0, 262, 0, 0, 39, 0, 0, 0, 224)
21 (1, 4, 0, 0, 144, 0, 0, 34, 0, 0, 0, 232)
22 (1, 4, 0, 25, 97, 0, 0, 44, 0, 0, 0, 182)
23 (1, 4, 0, 11, 73, 0, 0, 95, 0, 0, 0, 169)
24 (1, 4, 2, 0, 0, 0, 0, 43, 0, 0, 0, 79)
25 (1, 4, 30, 16, 9, 0, 0, 55, 0, 0, 0, 226)
26 (1, 4, 0, 30, 2, 0, 0, 66, 0, 0, 0, 200)
27 (1, 4, 0, 0, 0, 0, 0, 51, 0, 0, 0, 106)
28 (1, 4, 13, 0, 3, 0, 0, 59, 0, 0, 0, 125)
29 (1, 4, 0, 0, 8, 0, 0, 60, 0, 0, 0, 47)
30 (1, 4, 0, 0, 28, 0, 0, 56, 0, 0, 0, 123)
0 (1, 4, 0, 41, 0, 0, 0, 0, 0, 0, 0, 186)
1 (1, 4, 0, 0, 0, 0, 6, 0, 0, 0, 0, 111)
2 (1, 4, 0, 9, 0, 0, 36, 0, 0, 0, 0, 150)
3 (1, 4, 0, 399, 217, 0, 33, 0, 0, 1, 0, 105)
4 (1, 4, 133, 367, 160, 0, 27, 0, 0, 1, 0, 227)
5 (1, 4, 215, 458, 168, 0, 55, 0, 1, 1, 0, 203)
6 (1, 4, 387, 662, 367, 0, 51, 0, 0, 0, 0, 99)
7 (1, 4, 590, 873, 693, 0, 41, 0, 0, 0, 0, 125)
8 (1, 4, 207, 873, 873, 0, 0, 84, 0, 0, 0, 254)
9 (1, 4, 770, 542, 359, 0, 0, 9, 0, 0, 0, 68)
10 (1, 4, 132, 582, 133, 0, 0, 148, 0, 0, 0, 189)
11 (1, 4, 0, 151, 0, 0, 0, 113, 0, 0, 0, 244)
12 (1, 4, 0, 0, 0, 0, 0, 61, 0, 0, 0, 76)
13 (1, 4, 0, 0, 0, 0, 0, 16, 0, 0, 0, 173)
14 (1, 4, 0, 0, 63, 0, 0, 0, 0, 0, 0, 166)
15 (1, 4, 0, 0, 106, 0, 0, 0, 0, 0, 0, 232)
16 (1, 4, 0, 0, 92, 0, 0, 0, 0, 0, 0, 24)
17 (1, 4, 0, 0, 106, 0, 0, 0, 0, 0, 0, 232)
18 (1, 4, 0, 0, 163, 0, 0, 0, 0, 0, 0, 202)
19 (1, 4, 36, 0, 247, 0, 0, 0, 0, 0, 0, 239)
20 (1, 4, 35, 0, 329, 0, 0, 25, 0, 0, 0, 195)
21 (1, 4, 10, 0, 305, 0, 0, 33, 0, 0, 0, 36)
22 (1, 4, 0, 0, 325, 0, 0, 28, 0, 0, 0, 94)
23 (1, 4, 0, 0, 266, 0, 0, 33, 0, 0, 0, 206)
24 (1, 4, 0, 0, 242, 0, 0, 29, 0, 0, 0, 73)
25 (1, 4, 0, 29, 135, 0, 0, 36, 0, 0, 0, 3)
26 (1, 4, 0, 19, 116, 0, 0, 28, 0, 0, 0, 175)
27 (1, 4, 0, 56, 93, 0, 0, 77, 0, 0, 0, 153)
28 (1, 4, 192, 0, 20, 0, 0, 34, 0, 0, 0, 219)
29 (1, 4, 106, 34, 75, 0, 0, 60, 0, 0, 0, 226)
0 (1, 4, 116, 336, 109, 0, 65, 0, 1, 1, 0, 246)
1 (1, 4, 313, 663, 234, 0, 66, 0, 0, 1, 0, 110)
2 (1, 4, 389, 873, 460, 0, 26, 0, 0, 1, 0, 88)
3 (1, 4, 526, 873, 873, 0, 34, 0, 1, 1, 0, 125)
4 (1, 4, 873, 873, 503, 0, 75, 0, 0, 0, 0, 68)
5 (1, 4, 7, 698, 183, 0, 0, 63, 0, 0, 0, 251)
6 (1, 4, 216, 80, 9, 0, 0, 65, 0, 0, 0, 34)
7 (1, 4, 0, 137, 0, 0, 0, 83, 0, 0, 0, 137)
8 (1, 4, 0, 0, 0, 0, 0, 49, 0, 0, 0, 211)
9 (1, 4, 0, 0, 0, 0, 0, 0, 0, 0, 0, 126)
10 (1, 4, 0, 0, 97, 0, 0, 0, 0, 0, 0, 239)
11 (1, 4, 0, 0, 112, 0, 0, 0, 0, 0, 0, 4)
12 (1, 4, 0, 0, 35, 0, 0, 0, 0, 0, 0, 59)
13 (1, 4, 0, 0, 84, 0, 0, 0, 0, 0, 0, 164)
14 (1, 4, 0, 0, 184, 0, 0, 0, 0, 0, 0, 178)
15 (1, 4, 0, 0, 208, 0, 0, 0, 0, 0, 0, 11)
16 (1, 4, 148, 0, 317, 0, 0, 0, 0, 0, 0, 25)
17 (1, 4, 120, 0, 315, 0, 0, 20, 0, 0, 0, 221)
18 (1, 4, 0, 0, 263, 0, 0, 49, 0, 0, 0, 107)
19 (1, 4, 0, 0, 151, 0, 0, 51, 0, 0, 0, 1)
20 (1, 4, 0, 0, 127, 0, 0, 65, 0, 0, 0, 199)
21 (1, 4, 0, 0, 58, 0, 0, 56, 0, 0, 0, 244)
22 (1, 4, 0, 0, 48, 0, 0, 53, 0, 0, 0, 39)
23 (1, 4, 0, 0, 9, 0, 0, 116, 0, 0, 0, 20)
24 (1, 4, 0, 0, 0, 0, 0, 56, 0, 0, 0, 230)
25 (1, 4, 0, 0, 19, 0, 0, 53, 0, 0, 0, 98)
26 (1, 4, 0, 55, 38, 0, 0, 68, 0, 0, 0, 96)
27 (1, 4, 0, 0, 0, 0, 0, 63, 0, 0, 0, 245)
28 (1, 4, 0, 0, 0, 0, 0, 63, 0, 0, 0, 245)
29 (1, 4, 0, 0, 1, 0, 0, 64, 1, 0, 0, 205)
0 (1, 4, 0, 274, 0, 0, 0, 0, 1, 0, 0, 245)
1 (1, 4, 0, 275, 0, 0, 0, 0, 0, 0, 0, 34)
2 (1, 4, 0, 0, 0, 0, 0, 0, 0, 0, 0, 126)
3 (1, 4, 17, 0, 0, 0, 0, 0, 0, 0, 0, 144)
4 (1, 4, 0, 0, 0, 0, 0, 0, 0, 0, 0, 126)
5 (1, 4, 0, 0, 0, 0, 26, 0, 0, 0, 0, 200)
6 (1, 4, 0, 0, 7, 0, 57, 0, 1, 1, 0, 162)
7 (1, 4, 20, 139, 346, 0, 61, 0, 1, 1, 0, 92)
8 (1, 4, 357, 682, 641, 0, 37, 0, 0, 1, 0, 247)
9 (1, 4, 667, 873, 725, 0, 9, 0, 0, 0, 0, 63)
10 (1, 4, 873, 873, 873, 0, 92, 0, 0, 0, 0, 80)
11 (1, 4, 244, 873, 371, 0, 30, 117, 0, 0, 0, 198)
12 (1, 4, 133, 0, 0, 0, 0, 70, 0, 0, 0, 212)
13 (1, 4, 124, 0, 0, 0, 0, 75, 0, 0, 0, 81)
14 (1, 4, 0, 127, 0, 0, 0, 54, 0, 0, 0, 81)
15 (1, 4, 0, 0, 11, 0, 0, 20, 0, 0, 0, 223)
16 (1, 4, 0, 0, 52, 0, 0, 0, 0, 0, 0, 161)
17 (1, 4, 0, 0, 49, 0, 0, 0, 0, 0, 0, 107)
18 (1, 4, 0, 0, 95, 0, 0, 0, 0, 0, 0, 163)
19 (1, 4, 0, 0, 115, 0, 0, 0, 0, 0, 0, 191)
20 (1, 4, 0, 0, 158, 0, 0, 0, 0, 0, 0, 61)
21 (1, 4, 0, 0, 184, 0, 0, 0, 0, 0, 0, 178)
22 (1, 4, 171, 0, 297, 0, 0, 13, 0, 0, 0, 5)
23 (1, 4, 260, 0, 348, 0, 0, 18, 0, 0, 0, 21)
24 (1, 4, 0, 0, 207, 0, 0, 25, 0, 0, 0, 203)
25 (1, 4, 29, 0, 205, 0, 0, 36, 0, 0, 0, 112)
26 (1, 4, 0, 0, 108, 0, 0, 32, 0, 0, 0, 56)
27 (1, 4, 0, 76, 46, 0, 0, 57, 0, 0, 0, 224)
28 (1, 4, 0, 0, 5, 0, 0, 55, 0, 0, 0, 213)
29 (1, 4, 61, 0, 37, 0, 0, 49, 0, 0, 0, 134)
30 (1, 4, 70, 0, 0, 0, 0, 90, 0, 0, 0, 22)
31 (1, 4, 1, 0, 0, 0, 0, 59, 0, 0, 0, 142)
0 (1, 4, 0, 0, 0, 16, 0, 0, 0, 0, 0, 137)
1 (1, 4, 0, 0, 0, 5, 0, 0, 0, 0, 0, 29)
2 (1, 4, 0, 0, 0, 18, 0, 0, 1, 2, 0, 3)
3 (1, 4, 0, 0, 45, 0, 0, 0, 1, 1, 0, 255)
4 (1, 4, 0, 91, 190, 0, 14, 0, 0, 0, 0, 154)
5 (1, 4, 0, 338, 291, 0, 39, 0, 0, 0, 0, 105)
6 (1, 4, 261, 723, 534, 0, 38, 0, 0, 1, 0, 127)
7 (1, 4, 510, 873, 873, 0, 70, 0, 0, 1, 0, 86)
8 (1, 4, 873, 873, 873, 0, 102, 0, 0, 0, 0, 235)
9 (1, 4, 424, 873, 329, 0, 32, 111, 0, 0, 0, 47)
10 (1, 4, 140, 76, 0, 0, 0, 55, 0, 0, 0, 168)
11 (1, 4, 55, 0, 0, 0, 0, 46, 0, 0, 0, 244)
12 (1, 4, 0, 58, 0, 0, 0, 28, 0, 0, 0, 79)
13 (1, 4, 0, 0, 0, 0, 0, 2, 0, 0, 0, 199)
14 (1, 4, 0, 0, 0, 0, 0, 0, 0, 0, 0, 126)
15 (1, 4, 0, 0, 25, 0, 0, 0, 0, 0, 0, 41)
16 (1, 4, 0, 0, 170, 0, 0, 0, 0, 0, 0, 226)
17 (1, 4, 0, 0, 139, 0, 0, 0, 0, 0, 0, 136)
18 (1, 4, 0, 0, 239, 0, 0, 0, 0, 0, 0, 211)
19 (1, 4, 32, 0, 283, 0, 0, 0, 1, 0, 0, 254)
20 (1, 4, 0, 0, 234, 0, 0, 18, 0, 0, 0, 115)
21 (1, 4, 24, 0, 235, 0, 0, 25, 0, 0, 0, 251)
22 (1, 4, 0, 0, 191, 0, 0, 30, 1, 0, 0, 192)
23 (1, 4, 0, 0, 124, 0, 0, 35, 0, 0, 0, 33)
24 (1, 4, 0, 0, 108, 0, 0, 48, 0, 0, 0, 235)
25 (1, 4, 0, 7, 23, 0, 0, 70, 0, 0, 0, 111)
26 (1, 4, 0, 0, 0, 0, 0, 57, 0, 0, 0, 57)
27 (1, 4, 0, 0, 10, 0, 0, 55, 0, 0, 0, 140)
28 (1, 4, 102, 0, 52, 0, 0, 76, 1, 0, 0, 115)
29 (1, 4, 0, 0, 0, 0, 0, 70, 0, 0, 0, 247)
30 (1, 4, 38, 0, 21, 0, 0, 69, 0, 0, 0, 199)
31 (1, 4, 32, 0, 32, 0, 0, 73, 1, 0, 0, 85)
0 (1, 4, 0, 0, 0, 0, 0, 30, 0, 0, 0, 139)
1 (1, 4, 0, 0, 0, 0, 0, 0, 0, 0, 0, 126)
2 (1, 4, 0, 0, 0, 0, 0, 0, 0, 0, 0, 126)
3 (1, 4, 0, 0, 0, 0, 0, 0, 0, 0, 0, 126)
4 (1, 4, 0, 0, 0, 0, 0, 0, 0, 0, 0, 126)
5 (1, 4, 0, 0, 0, 0, 0, 0, 1, 1, 0, 119)
6 (1, 4, 0, 0, 0, 0, 0, 0, 1, 1, 0, 119)
7 (1, 4, 0, 0, 0, 0, 0, 0, 1, 1, 0, 119)
8 (1, 4, 0, 25, 0, 0, 0, 0, 2, 2, 0, 11)
9 (1, 4, 0, 0, 0, 0, 15, 0, 1, 1, 0, 222)
10 (1, 4, 0, 238, 204, 0, 34, 0, 0, 0, 0, 45)
11 (1, 4, 238, 593, 358, 0, 0, 0, 0, 0, 0, 194)
12 (1, 4, 560, 873, 245, 0, 3, 0, 0, 1, 0, 147)
13 (1, 4, 634, 873, 350, 0, 71, 0, 1, 1, 0, 184)
14 (1, 4, 759, 873, 599, 0, 124, 0, 0, 0, 0, 239)
15 (1, 4, 0, 873, 277, 0, 2, 108, 0, 0, 0, 112)
16 (1, 4, 255, 0, 0, 0, 0, 84, 0, 0, 0, 124)
17 (1, 4, 0, 44, 0, 0, 0, 53, 0, 0, 0, 13)
18 (1, 4, 0, 56, 0, 0, 0, 31, 0, 0, 0, 68)
19 (1, 4, 0, 0, 68, 0, 0, 0, 0, 0, 0, 219)
20 (1, 4, 0, 0, 72, 0, 0, 0, 0, 0, 0, 57)
21 (1, 4, 0, 0, 174, 0, 0, 0, 0, 0, 0, 188)
22 (1, 4, 0, 0, 209, 0, 0, 0, 0, 0, 0, 159)
23 (1, 4, 52, 0, 256, 0, 0, 0, 0, 0, 0, 60)
24 (1, 4, 77, 0, 266, 0, 0, 7, 0, 0, 0, 108)
25 (1, 4, 190, 0, 254, 0, 0, 23, 0, 0, 0, 158)
26 (1, 4, 153, 0, 184, 0, 0, 38, 0, 0, 0, 84)
27 (1, 4, 114, 0, 128, 0, 0, 44, 0, 0, 0, 3)
28 (1, 4, 0, 0, 56, 0, 0, 51, 0, 0, 0, 87)
29 (1, 4, 0, 0, 37, 0, 0, 63, 0, 0, 0, 193)
30 (1, 4, 0, 0, 0, 0, 0, 41, 0, 0, 0, 234)
31 (1, 4, 0, 0, 0, 0, 0, 76, 0, 0, 0, 164)
0 (1, 4, 0, 413, 0, 0, 0, 46, 0, 0, 0, 160)
1 (1, 4, 0, 109, 0, 0, 0, 47, 0, 0, 0, 187)
2 (1, 4, 0, 0, 0, 0, 0, 43, 1, 0, 0, 49)
3 (1, 4, 0, 0, 0, 0, 0, 4, 0, 0, 0, 11)
4 (1, 4, 0, 0, 0, 0, 0, 0, 0, 0, 0, 126)
5 (1, 4, 0, 0, 0, 0, 0, 0, 0, 0, 0, 126)
6 (1, 4, 0, 0, 0, 0, 0, 0, 1, 1, 0, 119)
7 (1, 4, 0, 0, 0, 0, 15, 0, 1, 2, 0, 99)
8 (1, 4, 0, 0, 30, 0, 10, 0, 1, 1, 0, 246)
9 (1, 4, 49, 83, 176, 0, 10, 0, 1, 1, 0, 39)
10 (1, 4, 53, 260, 323, 0, 39, 0, 0, 1, 0, 67)
11 (1, 4, 401, 873, 610, 0, 1, 0, 0, 1, 0, 106)
12 (1, 4, 629, 873, 873, 0, 64, 0, 1, 1, 0, 84)
13 (1, 4, 873, 873, 873, 0, 94, 0, 0, 0, 0, 162)
14 (1, 4, 41, 863, 345, 0, 9, 112, 0, 0, 0, 194)
15 (1, 4, 271, 0, 0, 0, 0, 43, 0, 0, 0, 11)
16 (1, 4, 0, 62, 0, 0, 5, 51, 0, 0, 0, 87)
17 (1, 4, 0, 117, 0, 0, 0, 46, 0, 0, 0, 182)
18 (1, 4, 0, 0, 0, 0, 0, 25, 0, 0, 0, 152)
19 (1, 4, 0, 0, 8, 0, 0, 0, 0, 0, 0, 194)
20 (1, 4, 0, 0, 141, 0, 0, 0, 0, 0, 0, 249)
21 (1, 4, 0, 0, 282, 0, 0, 0, 0, 0, 0, 207)
22 (1, 4, 13, 0, 403, 0, 0, 0, 0, 0, 0, 80)
23 (1, 4, 0, 0, 277, 0, 0, 0, 0, 0, 0, 150)
24 (1, 4, 0, 0, 236, 0, 0, 9, 0, 0, 0, 93)
25 (1, 4, 146, 0, 247, 0, 0, 25, 0, 0, 0, 31)
26 (1, 4, 0, 22, 123, 0, 0, 64, 0, 0, 0, 144)
27 (1, 4, 0, 0, 44, 0, 0, 54, 0, 0, 0, 220)
28 (1, 4, 0, 0, 31, 0, 0, 48, 0, 0, 0, 42)
29 (1, 4, 0, 8, 15, 0, 0, 58, 0, 0, 0, 181)
30 (1, 4, 0, 0, 0, 0, 0, 82, 0, 0, 0, 81)
31 (1, 4, 0, 0, 0, 0, 0, 54, 0, 0, 0, 192)
0 (1, 4, 0, 0, 0, 0, 0, 40, 0, 0, 0, 53)
1 (1, 4, 0, 0, 0, 0, 0, 14, 1, 0, 0, 58)
2 (1, 4, 0, 0, 0, 0, 0, 0, 0, 0, 0, 126)
3 (1, 4, 0, 0, 0, 0, 0, 0, 0, 0, 0, 126)
4 (1, 4, 0, 0, 0, 0, 0, 0, 0, 0, 0, 126)
5 (1, 4, 0, 0, 0, 0, 0, 0, 0, 0, 0, 126)
6 (1, 4, 0, 0, 0, 0, 0, 0, 0, 0, 0, 126)
7 (1, 4, 0, 0, 0, 0, 0, 0, 0, 0, 0, 126)
8 (1, 4, 0, 0, 0, 0, 0, 0, 0, 0, 0, 126)
9 (1, 4, 0, 95, 137, 0, 22, 0, 0, 0, 0, 96)
10 (1, 4, 0, 394, 411, 0, 28, 0, 0, 0, 0, 55)
11 (1, 4, 559, 873, 632, 0, 34, 0, 1, 1, 0, 2)
12 (1, 4, 639, 873, 873, 0, 105, 0, 0, 0, 0, 132)
13 (1, 4, 629, 873, 873, 0, 56, 0, 0, 0, 0, 14)
14 (1, 4, 307, 609, 436, 0, 0, 53, 0, 0, 0, 219)
15 (1, 4, 168, 0, 0, 0, 0, 64, 0, 0, 0, 153)
16 (1, 4, 0, 0, 0, 0, 0, 37, 0, 0, 0, 117)
17 (1, 4, 0, 0, 0, 0, 0, 14, 0, 0, 0, 88)
18 (1, 4, 0, 0, 37, 0, 0, 0, 0, 0, 0, 74)
19 (1, 4, 0, 0, 7, 0, 0, 0, 0, 0, 0, 155)
20 (1, 4, 0, 0, 36, 0, 0, 0, 0, 0, 0, 222)
21 (1, 4, 0, 0, 46, 0, 0, 0, 0, 0, 0, 77)
22 (1, 4, 0, 0, 86, 0, 0, 0, 0, 0, 0, 139)
23 (1, 4, 0, 0, 212, 0, 0, 0, 0, 0, 0, 85)
24 (1, 4, 83, 0, 360, 0, 0, 0, 1, 0, 0, 131)
25 (1, 4, 82, 0, 258, 0, 0, 17, 0, 0, 0, 117)
26 (1, 4, 0, 0, 169, 0, 0, 43, 0, 0, 0, 116)
27 (1, 4, 0, 0, 126, 0, 0, 46, 1, 0, 0, 44)
28 (1, 4, 0, 4, 66, 0, 0, 46, 0, 0, 0, 247)
29 (1, 4, 49, 0, 0, 0, 0, 51, 0, 0, 0, 67)
0 (1, 4, 325, 481, 353, 0, 58, 0, 0, 0, 0, 164)
1 (1, 4, 678, 873, 603, 0, 49, 0, 0, 0, 0, 43)
2 (1, 4, 825, 873, 873, 0, 141, 0, 0, 1, 0, 128)
3 (1, 4, 873, 873, 716, 0, 112, 0, 0, 0, 0, 231)
4 (1, 4, 174, 547, 243, 0, 0, 36, 0, 0, 0, 203)
5 (1, 4, 304, 11, 0, 0, 8, 52, 0, 0, 0, 246)
6 (1, 4, 0, 92, 0, 0, 1, 46, 0, 0, 0, 11)
7 (1, 4, 0, 30, 0, 0, 0, 49, 0, 0, 0, 182)
8 (1, 4, 0, 0, 0, 0, 0, 20, 0, 0, 0, 216)
9 (1, 4, 0, 0, 0, 0, 0, 2, 0, 0, 0, 199)
10 (1, 4, 0, 0, 18, 0, 0, 0, 0, 0, 0, 46)
11 (1, 4, 0, 0, 99, 0, 0, 0, 0, 0, 0, 192)
12 (1, 4, 0, 0, 108, 0, 0, 0, 0, 0, 0, 153)
13 (1, 4, 0, 0, 265, 0, 0, 0, 0, 0, 0, 11)
14 (1, 4, 117, 0, 295, 0, 0, 0, 0, 0, 0, 160)
15 (1, 4, 106, 0, 278, 0, 0, 3, 0, 0, 0, 105)
16 (1, 4, 0, 0, 139, 0, 0, 32, 0, 0, 0, 41)
17 (1, 4, 0, 0, 93, 0, 0, 46, 0, 0, 0, 11)
18 (1, 4, 0, 0, 8, 0, 0, 56, 0, 0, 0, 90)
19 (1, 4, 0, 0, 11, 0, 0, 60, 0, 0, 0, 148)
20 (1, 4, 0, 0, 1, 0, 0, 61, 0, 0, 0, 216)
21 (1, 4, 31, 0, 8, 0, 0, 86, 1, 0, 0, 64)
22 (1, 4, 1, 0, 0, 0, 0, 64, 0, 0, 0, 53)
23 (1, 4, 3, 0, 14, 0, 0, 67, 0, 0, 0, 130)
24 (1, 4, 11, 0, 18, 0, 0, 73, 1, 0, 0, 94)
25 (1, 4, 11, 0, 0, 0, 0, 71, 0, 0, 0, 74)
26 (1, 4, 0, 0, 0, 0, 0, 73, 0, 0, 0, 14)
27 (1, 4, 0, 1, 2, 0, 0, 70, 1, 0, 0, 15)
28 (1, 4, 0, 6, 0, 0, 0, 72, 0, 0, 0, 102)
29 (1, 4, 0, 0, 0, 0, 0, 71, 0, 0, 0, 40)
0 (1, 4, 0, 1, 0, 0, 0, 65, 0, 0, 0, 81)
1 (1, 4, 1, 2, 0, 0, 0, 66, 0, 0, 0, 225)
2 (1, 4, 0, 0, 0, 0, 0, 66, 0, 0, 0, 130)
3 (1, 4, 0, 4, 0, 0, 0, 64, 0, 0, 0, 225)
4 (1, 4, 0, 10, 0, 0, 0, 66, 0, 0, 0, 92)
5 (1, 4, 0, 86, 0, 0, 0, 70, 0, 0, 0, 162)
6 (1, 4, 0, 377, 52, 0, 0, 49, 0, 0, 0, 207)
7 (1, 4, 0, 407, 0, 0, 0, 68, 1, 0, 0, 171)
8 (1, 4, 0, 283, 0, 0, 0, 74, 0, 0, 0, 135)
9 (1, 4, 0, 279, 0, 0, 0, 73, 0, 0, 0, 136)
10 (1, 4, 0, 102, 0, 0, 0, 67, 1, 0, 0, 201)
11 (1, 4, 0, 0, 0, 0, 0, 16, 0, 0, 0, 173)
12 (1, 4, 0, 0, 0, 0, 0, 0, 0, 0, 0, 126)
13 (1, 4, 0, 0, 0, 0, 0, 0, 0, 0, 0, 126)
14 (1, 4, 0, 0, 0, 0, 0, 0, 0, 1, 0, 21)
15 (1, 4, 0, 0, 0, 0, 0, 0, 1, 1, 0, 119)
16 (1, 4, 0, 0, 0, 0, 0, 0, 0, 1, 0, 21)
17 (1, 4, 0, 16, 67, 0, 11, 0, 1, 1, 0, 28)
18 (1, 4, 35, 191, 144, 0, 40, 0, 1, 1, 0, 243)
19 (1, 4, 149, 523, 375, 0, 66, 0, 0, 1, 0, 90)
20 (1, 4, 305, 873, 706, 0, 95, 0, 0, 1, 0, 248)
21 (1, 4, 610, 873, 873, 0, 161, 0, 1, 1, 0, 196)
22 (1, 4, 873, 873, 873, 0, 72, 0, 0, 0, 0, 54)
23 (1, 4, 268, 645, 178, 0, 62, 28, 0, 0, 0, 220)
24 (1, 4, 249, 54, 0, 0, 0, 80, 0, 0, 0, 57)
25 (1, 4, 0, 0, 0, 0, 17, 60, 0, 0, 0, 111)
26 (1, 4, 0, 0, 0, 0, 0, 56, 0, 0, 0, 230)
27 (1, 4, 0, 0, 0, 0, 0, 7, 0, 0, 0, 109)
28 (1, 4, 0, 0, 29, 0, 0, 0, 0, 0, 0, 119)
0 (1, 4, 0, 0, 0, 0, 0, 71, 0, 0, 0, 40)
1 (1, 4, 0, 23, 0, 0, 0, 71, 0, 0, 0, 75)
2 (1, 4, 0, 78, 0, 0, 0, 61, 1, 0, 0, 169)
3 (1, 4, 0, 235, 0, 0, 0, 61, 0, 0, 0, 103)
4 (1, 4, 0, 326, 0, 0, 0, 67, 0, 0, 0, 140)
5 (1, 4, 0, 334, 0, 0, 0, 55, 1, 0, 0, 31)
6 (1, 4, 0, 453, 0, 0, 0, 32, 0, 0, 0, 215)
7 (1, 4, 0, 283, 0, 0, 0, 34, 0, 0, 0, 137)
8 (1, 4, 0, 0, 0, 0, 0, 28, 1, 0, 0, 80)
9 (1, 4, 0, 0, 0, 0, 0, 14, 0, 0, 0, 88)
10 (1, 4, 0, 0, 0, 0, 0, 0, 0, 0, 0, 126)
11 (1, 4, 51, 0, 0, 0, 0, 0, 0, 0, 0, 75)
12 (1, 4, 0, 0, 0, 21, 0, 0, 0, 0, 0, 234)
13 (1, 4, 0, 0, 0, 0, 0, 0, 0, 0, 0, 126)
14 (1, 4, 0, 0, 0, 0, 0, 0, 1, 1, 0, 119)
15 (1, 4, 0, 0, 0, 0, 0, 0, 2, 2, 0, 108)
16 (1, 4, 0, 0, 0, 0, 8, 0, 0, 0, 0, 191)
17 (1, 4, 0, 117, 263, 0, 24, 0, 0, 0, 0, 205)
18 (1, 4, 331, 452, 349, 0, 0, 0, 0, 0, 0, 133)
19 (1, 4, 668, 873, 313, 0, 55, 0, 0, 0, 0, 188)
20 (1, 4, 599, 873, 462, 0, 104, 0, 1, 1, 0, 19)
21 (1, 4, 581, 873, 789, 0, 152, 0, 0, 0, 0, 136)
22 (1, 4, 454, 873, 350, 0, 49, 102, 0, 0, 0, 102)
23 (1, 4, 199, 42, 0, 0, 0, 66, 0, 0, 0, 40)
24 (1, 4, 0, 0, 0, 0, 12, 74, 0, 0, 0, 74)
25 (1, 4, 0, 0, 0, 0, 0, 44, 0, 0, 0, 64)
26 (1, 4, 0, 0, 0, 0, 0, 0, 0, 0, 0, 126)
27 (1, 4, 0, 0, 0, 0, 0, 0, 0, 0, 0, 126)
28 (1, 4, 0, 0, 167, 0, 0, 0, 0, 0, 0, 148)
29 (1, 4, 0, 0, 305, 0, 0, 0, 0, 0, 0, 54)
30 (1, 4, 191, 0, 484, 0, 0, 0, 0, 0, 0, 225)
31 (1, 4, 75, 0, 415, 0, 0, 4, 0, 0, 0, 106)
0 (1, 4, 145, 476, 307, 0, 28, 0, 0, 0, 0, 42)
1 (1, 4, 398, 727, 368, 0, 41, 0, 0, 1, 0, 232)
2 (1, 4, 170, 873, 873, 0, 130, 0, 0, 2, 0, 117)
3 (1, 4, 562, 873, 873, 0, 68, 0, 0, 0, 0, 29)
4 (1, 4, 873, 576, 796, 0, 14, 40, 0, 0, 0, 231)
5 (1, 4, 167, 151, 0, 0, 0, 80, 0, 0, 0, 114)
6 (1, 4, 74, 0, 0, 0, 0, 87, 0, 0, 0, 30)
7 (1, 4, 0, 0, 0, 0, 0, 63, 0, 0, 0, 245)
8 (1, 4, 0, 0, 0, 0, 0, 47, 0, 0, 0, 38)
9 (1, 4, 0, 0, 0, 0, 0, 7, 0, 0, 0, 109)
10 (1, 4, 0, 0, 125, 0, 0, 0, 0, 0, 0, 114)
11 (1, 4, 0, 0, 284, 0, 0, 0, 0, 0, 0, 190)
12 (1, 4, 181, 0, 452, 0, 0, 0, 0, 0, 0, 115)
13 (1, 4, 49, 0, 397, 0, 0, 19, 0, 0, 0, 56)
14 (1, 4, 0, 0, 289, 0, 0, 41, 0, 0, 0, 221)
15 (1, 4, 88, 0, 214, 0, 0, 52, 0, 0, 0, 100)
16 (1, 4, 43, 0, 151, 0, 0, 59, 0, 0, 0, 78)
17 (1, 4, 19, 0, 99, 0, 0, 59, 1, 0, 0, 174)
18 (1, 4, 2, 0, 31, 0, 0, 67, 0, 0, 0, 103)
19 (1, 4, 0, 0, 47, 0, 0, 74, 0, 0, 0, 207)
20 (1, 4, 0, 0, 3, 0, 0, 84, 1, 0, 0, 68)
21 (1, 4, 52, 0, 0, 0, 0, 57, 0, 0, 0, 38)
22 (1, 4, 0, 25, 2, 0, 0, 68, 0, 0, 0, 6)
23 (1, 4, 0, 0, 0, 0, 0, 75, 1, 0, 0, 213)
24 (1, 4, 5, 0, 0, 0, 0, 63, 0, 0, 0, 195)
25 (1, 4, 0, 0, 0, 0, 0, 72, 0, 0, 0, 209)
26 (1, 4, 0, 0, 0, 0, 0, 70, 1, 0, 0, 149)
27 (1, 4, 0, 0, 0, 0, 0, 72, 0, 1, 0, 186)
28 (1, 4, 0, 0, 0, 0, 0, 71, 0, 0, 0, 40)
29 (1, 4, 0, 2, 0, 0, 0, 69, 1, 0, 0, 158)
0 (1, 4, 0, 9, 4, 0, 0, 64, 0, 0, 0, 99)
1 (1, 4, 0, 2, 2, 0, 0, 66, 1, 0, 0, 162)
2 (1, 4, 0, 0, 0, 0, 0, 63, 0, 0, 0, 245)
3 (1, 4, 5, 0, 0, 0, 0, 65, 0, 0, 0, 210)
4 (1, 4, 0, 0, 0, 0, 0, 65, 1, 0, 0, 134)
5 (1, 4, 6, 11, 8, 0, 0, 64, 0, 0, 0, 200)
6 (1, 4, 12, 40, 1, 0, 0, 67, 0, 0, 0, 240)
7 (1, 4, 0, 326, 26, 0, 0, 44, 1, 0, 0, 31)
8 (1, 4, 0, 273, 0, 0, 0, 62, 0, 0, 0, 27)
9 (1, 4, 0, 55, 0, 0, 0, 56, 0, 0, 0, 71)
10 (1, 4, 71, 0, 0, 0, 0, 51, 0, 0, 0, 201)
11 (1, 4, 0, 49, 0, 0, 0, 35, 0, 0, 0, 175)
12 (1, 4, 0, 117, 0, 0, 0, 29, 0, 0, 0, 162)
13 (1, 4, 0, 36, 0, 0, 0, 15, 0, 0, 0, 159)
14 (1, 4, 0, 159, 0, 0, 0, 23, 0, 0, 0, 111)
15 (1, 4, 0, 70, 0, 0, 0, 13, 0, 0, 0, 10)
16 (1, 4, 0, 0, 0, 0, 0, 0, 1, 0, 0, 28)
17 (1, 4, 0, 0, 0, 0, 0, 0, 0, 0, 0, 126)
18 (1, 4, 0, 0, 0, 0, 0, 0, 0, 0, 0, 126)
19 (1, 4, 0, 0, 0, 0, 0, 0, 0, 0, 0, 126)
20 (1, 4, 0, 0, 0, 0, 0, 0, 0, 0, 0, 126)
21 (1, 4, 0, 0, 0, 0, 0, 0, 0, 0, 0, 126)
22 (1, 4, 0, 0, 0, 2, 0, 0, 0, 0, 0, 64)
23 (1, 4, 0, 0, 0, 0, 0, 0, 0, 0, 0, 126)
24 (1, 4, 0, 0, 0, 0, 0, 0, 0, 1, 0, 21)
25 (1, 4, 0, 0, 0, 0, 0, 0, 0, 0, 0, 126)
26 (1, 4, 0, 75, 28, 0, 0, 0, 1, 1, 0, 2)
27 (1, 4, 0, 18, 159, 0, 28, 0, 0, 0, 0, 2)
28 (1, 4, 6, 98, 428, 0, 77, 0, 1, 1, 0, 142)
29 (1, 4, 507, 463, 814, 0, 49, 0, 0, 1, 0, 61)
30 (1, 4, 873, 873, 777, 0, 4, 0, 0, 1, 0, 96)
31 (1, 4, 873, 873, 421, 0, 161, 0, 0, 0, 0, 255)
0 (1, 4, 0, 281, 0, 0, 0, 19, 0, 0, 0, 73)
1 (1, 4, 0, 32, 0, 0, 0, 19, 0, 0, 0, 9)
2 (1, 4, 0, 0, 0, 0, 0, 9, 1, 0, 0, 41)
3 (1, 4, 0, 0, 0, 0, 0, 4, 0, 0, 0, 11)
4 (1, 4, 0, 0, 0, 0, 0, 0, 0, 0, 0, 126)
5 (1, 4, 0, 0, 0, 0, 0, 0, 1, 0, 0, 28)
6 (1, 4, 0, 0, 0, 0, 0, 0, 0, 0, 0, 126)
7 (1, 4, 0, 0, 0, 0, 35, 0, 0, 1, 0, 147)
8 (1, 4, 0, 0, 0, 0, 36, 0, 1, 0, 0, 242)
9 (1, 4, 203, 584, 500, 0, 46, 0, 0, 0, 0, 40)
10 (1, 4, 555, 873, 728, 0, 25, 0, 0, 1, 0, 149)
11 (1, 4, 830, 873, 873, 0, 68, 0, 0, 0, 0, 87)
12 (1, 4, 0, 866, 440, 0, 0, 152, 0, 0, 0, 88)
13 (1, 4, 180, 0, 0, 0, 0, 57, 0, 0, 0, 51)
14 (1, 4, 73, 0, 0, 0, 0, 40, 0, 0, 0, 194)
15 (1, 4, 0, 60, 34, 0, 0, 13, 0, 0, 0, 37)
16 (1, 4, 0, 0, 187, 0, 0, 11, 0, 0, 0, 133)
17 (1, 4, 0, 0, 214, 0, 0, 0, 0, 0, 0, 122)
18 (1, 4, 0, 0, 233, 0, 0, 0, 0, 0, 0, 162)
19 (1, 4, 0, 0, 334, 0, 0, 0, 1, 0, 0, 119)
20 (1, 4, 24, 0, 428, 0, 0, 0, 0, 0, 0, 94)
21 (1, 4, 24, 0, 393, 0, 0, 0, 0, 0, 0, 106)
22 (1, 4, 89, 0, 305, 0, 0, 9, 1, 0, 0, 118)
23 (1, 4, 34, 0, 193, 0, 0, 28, 0, 0, 0, 119)
24 (1, 4, 18, 0, 81, 0, 0, 45, 0, 0, 0, 115)
25 (1, 4, 45, 0, 0, 0, 0, 59, 1, 0, 0, 99)
26 (1, 4, 22, 0, 0, 0, 0, 54, 0, 0, 0, 4)
27 (1, 4, 66, 5, 28, 0, 0, 61, 0, 0, 0, 43)
28 (1, 4, 0, 0, 0, 0, 0, 55, 1, 0, 0, 125)
29 (1, 4, 26, 0, 1, 0, 0, 57, 0, 0, 0, 33)
0 (1, 4, 0, 375, 0, 0, 0, 48, 1, 0, 0, 169)
1 (1, 4, 0, 436, 0, 0, 0, 15, 0, 0, 0, 26)
2 (1, 4, 0, 231, 0, 0, 0, 17, 1, 0, 0, 82)
3 (1, 4, 0, 101, 0, 0, 0, 19, 1, 0, 0, 135)
4 (1, 4, 6, 0, 0, 0, 0, 0, 0, 0, 0, 90)
5 (1, 4, 0, 0, 0, 0, 0, 0, 0, 0, 0, 126)
6 (1, 4, 0, 0, 0, 0, 0, 0, 0, 0, 0, 126)
7 (1, 4, 0, 0, 0, 0, 0, 0, 0, 0, 0, 126)
8 (1, 4, 0, 0, 0, 0, 0, 0, 0, 0, 0, 126)
9 (1, 4, 0, 0, 0, 0, 28, 0, 1, 1, 0, 208)
10 (1, 4, 0, 16, 157, 0, 49, 0, 0, 1, 0, 125)
11 (1, 4, 129, 357, 448, 0, 43, 0, 0, 1, 0, 213)
12 (1, 4, 537, 873, 673, 0, 6, 0, 1, 0, 0, 217)
13 (1, 4, 815, 873, 873, 0, 96, 0, 0, 0, 0, 87)
14 (1, 4, 744, 873, 703, 0, 92, 5, 0, 0, 0, 186)
15 (1, 4, 0, 222, 271, 0, 0, 65, 0, 0, 0, 7)
16 (1, 4, 0, 0, 0, 0, 0, 57, 0, 0, 0, 57)
17 (1, 4, 0, 60, 0, 0, 0, 16, 0, 0, 0, 103)
18 (1, 4, 0, 0, 100, 0, 0, 0, 0, 0, 0, 37)
19 (1, 4, 0, 0, 231, 0, 0, 0, 0, 0, 0, 111)
20 (1, 4, 0, 0, 402, 0, 0, 0, 0, 0, 0, 130)
21 (1, 4, 51, 0, 400, 0, 0, 0, 0, 0, 0, 152)
22 (1, 4, 0, 0, 320, 0, 0, 2, 0, 0, 0, 97)
23 (1, 4, 22, 0, 194, 0, 0, 20, 0, 0, 0, 57)
24 (1, 4, 51, 0, 71, 0, 0, 41, 0, 0, 0, 193)
25 (1, 4, 0, 14, 17, 0, 0, 39, 0, 0, 0, 35)
26 (1, 4, 0, 49, 0, 0, 0, 128, 0, 0, 0, 226)
27 (1, 4, 11, 0, 0, 0, 0, 47, 0, 0, 0, 68)
28 (1, 4, 59, 28, 23, 0, 0, 67, 0, 0, 0, 138)
29 (1, 4, 0, 0, 0, 0, 0, 63, 0, 0, 0, 245)
30 (1, 4, 0, 0, 0, 0, 0, 62, 0, 0, 0, 42)
31 (1, 4, 0, 0, 0, 0, 0, 62, 0, 0, 0, 42)
0 (1, 4, 0, 1, 0, 0, 0, 74, 0, 0, 0, 221)
1 (1, 4, 0, 9, 0, 0, 0, 73, 0, 0, 0, 8)
2 (1, 4, 0, 45, 0, 0, 0, 76, 0, 0, 0, 186)
3 (1, 4, 0, 109, 0, 0, 0, 77, 0, 0, 0, 230)
4 (1, 4, 0, 324, 8, 0, 0, 63, 1, 0, 0, 151)
5 (1, 4, 0, 412, 0, 0, 0, 23, 0, 1, 0, 57)
6 (1, 4, 0, 435, 0, 0, 0, 0, 0, 0, 0, 225)
7 (1, 4, 0, 266, 0, 0, 0, 0, 1, 0, 0, 39)
8 (1, 4, 0, 301, 0, 0, 0, 0, 0, 1, 0, 238)
9 (1, 4, 247, 12, 0, 0, 0, 0, 0, 0, 0, 134)
10 (1, 4, 217, 0, 0, 0, 0, 0, 1, 0, 0, 30)
11 (1, 4, 130, 0, 0, 0, 0, 0, 0, 0, 0, 119)
12 (1, 4, 0, 0, 0, 0, 0, 0, 0, 0, 0, 126)
13 (1, 4, 0, 0, 0, 0, 0, 0, 0, 0, 0, 126)
14 (1, 4, 0, 0, 0, 0, 0, 0, 0, 0, 0, 126)
15 (1, 4, 0, 0, 0, 0, 13, 0, 0, 1, 0, 78)
16 (1, 4, 0, 74, 277, 0, 45, 0, 0, 0, 0, 157)
17 (1, 4, 460, 701, 468, 0, 45, 0, 0, 0, 0, 59)
18 (1, 4, 554, 873, 873, 0, 69, 0, 1, 0, 0, 150)
19 (1, 4, 873, 873, 873, 0, 52, 0, 0, 0, 0, 134)
20 (1, 4, 271, 873, 349, 0, 15, 97, 0, 0, 0, 116)
21 (1, 4, 100, 84, 0, 0, 0, 55, 0, 0, 0, 81)
22 (1, 4, 61, 0, 0, 0, 0, 64, 0, 0, 0, 90)
23 (1, 4, 0, 0, 0, 0, 0, 42, 0, 0, 0, 140)
24 (1, 4, 0, 0, 0, 0, 0, 27, 0, 0, 0, 33)
25 (1, 4, 0, 0, 199, 0, 0, 0, 0, 0, 0, 145)
26 (1, 4, 0, 0, 378, 0, 0, 0, 0, 0, 0, 202)
27 (1, 4, 108, 0, 497, 0, 0, 0, 0, 0, 0, 58)
28 (1, 4, 68, 0, 446, 0, 0, 9, 0, 0, 0, 26)
29 (1, 4, 0, 0, 271, 0, 0, 41, 0, 0, 0, 238)
0 (1, 4, 0, 245, 0, 0, 0, 62, 0, 0, 0, 100)
1 (1, 4, 0, 309, 0, 0, 0, 61, 0, 0, 0, 101)
2 (1, 4, 0, 448, 0, 0, 0, 26, 1, 0, 0, 251)
3 (1, 4, 0, 120, 0, 0, 0, 24, 0, 0, 0, 212)
4 (1, 4, 0, 0, 0, 0, 0, 0, 0, 0, 0, 126)
5 (1, 4, 0, 0, 0, 0, 0, 0, 0, 0, 0, 126)
6 (1, 4, 0, 0, 0, 0, 0, 0, 0, 0, 0, 126)
7 (1, 4, 0, 0, 0, 0, 0, 0, 0, 0, 0, 126)
8 (1, 4, 0, 0, 0, 0, 0, 0, 0, 0, 0, 126)
9 (1, 4, 0, 0, 0, 0, 0, 0, 0, 0, 0, 126)
10 (1, 4, 0, 0, 0, 0, 0, 0, 0, 0, 0, 126)
11 (1, 4, 0, 0, 0, 0, 10, 0, 1, 2, 0, 249)
12 (1, 4, 0, 63, 161, 0, 17, 0, 1, 1, 0, 2)
13 (1, 4, 95, 399, 424, 0, 0, 0, 1, 1, 0, 255)
14 (1, 4, 575, 670, 328, 0, 0, 0, 1, 1, 0, 189)
15 (1, 4, 704, 873, 568, 0, 24, 0, 0, 0, 0, 74)
16 (1, 4, 873, 873, 873, 0, 130, 0, 0, 0, 0, 43)
17 (1, 4, 0, 873, 588, 0, 14, 110, 0, 0, 0, 160)
18 (1, 4, 196, 0, 0, 0, 0, 65, 0, 0, 0, 64)
19 (1, 4, 0, 0, 0, 0, 10, 50, 0, 0, 0, 134)
20 (1, 4, 0, 0, 0, 0, 0, 8, 0, 0, 0, 148)
21 (1, 4, 0, 0, 56, 0, 0, 0, 0, 0, 0, 67)
22 (1, 4, 0, 0, 135, 0, 0, 0, 0, 0, 0, 106)
23 (1, 4, 0, 0, 247, 0, 0, 0, 1, 0, 0, 114)
24 (1, 4, 53, 0, 429, 0, 0, 0, 0, 0, 0, 75)
25 (1, 4, 5, 0, 310, 0, 0, 0, 0, 0, 0, 229)
26 (1, 4, 0, 0, 215, 0, 0, 26, 1, 0, 0, 12)
0 (1, 4, 0, 0, 0, 0, 0, 59, 0, 0, 0, 128)
1 (1, 4, 0, 79, 0, 0, 0, 54, 0, 0, 0, 242)
2 (1, 4, 0, 182, 0, 0, 0, 65, 0, 0, 0, 241)
3 (1, 4, 0, 270, 0, 0, 0, 77, 0, 0, 0, 154)
4 (1, 4, 30, 365, 0, 0, 0, 57, 1, 0, 0, 151)
5 (1, 4, 0, 461, 0, 0, 0, 70, 0, 0, 0, 76)
6 (1, 4, 0, 32, 0, 0, 0, 57, 0, 0, 0, 251)
7 (1, 4, 0, 0, 0, 0, 0, 6, 1, 0, 0, 208)
8 (1, 4, 0, 0, 0, 0, 0, 0, 0, 0, 0, 126)
9 (1, 4, 0, 0, 0, 0, 0, 0, 0, 0, 0, 126)
10 (1, 4, 0, 0, 0, 0, 0, 0, 1, 0, 0, 28)
11 (1, 4, 0, 0, 0, 0, 0, 0, 0, 0, 0, 126)
12 (1, 4, 0, 0, 0, 0, 0, 0, 0, 0, 0, 126)
13 (1, 4, 0, 0, 0, 0, 2, 0, 1, 1, 0, 133)
14 (1, 4, 0, 13, 53, 0, 19, 0, 1, 1, 0, 238)
15 (1, 4, 76, 368, 280, 0, 5, 0, 0, 1, 0, 21)
16 (1, 4, 394, 873, 480, 0, 15, 0, 0, 1, 0, 1)
17 (1, 4, 702, 873, 690, 0, 13, 0, 0, 1, 0, 166)
18 (1, 4, 873, 873, 550, 0, 99, 9, 0, 0, 0, 187)
19 (1, 4, 0, 714, 165, 0, 0, 115, 0, 0, 0, 123)
20 (1, 4, 196, 0, 0, 0, 0, 96, 0, 0, 0, 62)
21 (1, 4, 0, 0, 0, 0, 14, 57, 0, 0, 0, 233)
22 (1, 4, 0, 0, 38, 0, 0, 10, 0, 0, 0, 162)
23 (1, 4, 0, 0, 297, 0, 0, 0, 0, 0, 0, 245)
24 (1, 4, 54, 0, 462, 0, 0, 0, 0, 0, 0, 231)
25 (1, 4, 0, 0, 443, 0, 0, 14, 0, 0, 0, 114)
26 (1, 4, 0, 0, 431, 0, 0, 17, 0, 0, 0, 121)
27 (1, 4, 113, 0, 336, 0, 0, 12, 0, 0, 0, 152)
28 (1, 4, 0, 0, 30, 0, 0, 44, 0, 0, 0, 242)
29 (1, 4, 0, 0, 7, 0, 0, 61, 0, 0, 0, 169)
30 (1, 4, 0, 0, 9, 0, 0, 32, 0, 0, 0, 247)
31 (1, 4, 0, 0, 0, 0, 0, 80, 1, 0, 0, 138)
0 (1, 4, 28, 0, 0, 0, 0, 17, 0, 0, 0, 218)
1 (1, 4, 111, 0, 0, 0, 0, 4, 0, 0, 0, 31)
2 (1, 4, 45, 0, 0, 0, 0, 6, 1, 0, 0, 81)
3 (1, 4, 0, 0, 0, 0, 0, 0, 0, 0, 0, 126)
4 (1, 4, 0, 0, 0, 0, 0, 0, 0, 0, 0, 126)
5 (1, 4, 0, 0, 0, 0, 0, 0, 0, 0, 0, 126)
6 (1, 4, 0, 0, 0, 0, 25, 0, 1, 1, 0, 74)
7 (1, 4, 0, 0, 112, 0, 86, 0, 0, 0, 0, 138)
8 (1, 4, 72, 295, 541, 0, 120, 0, 0, 0, 0, 66)
9 (1, 4, 844, 873, 843, 0, 57, 0, 1, 1, 0, 244)
10 (1, 4, 873, 873, 873, 0, 175, 0, 0, 1, 0, 22)
11 (1, 4, 662, 873, 483, 0, 25, 91, 0, 0, 0, 241)
12 (1, 4, 162, 32, 7, 0, 0, 87, 0, 0, 0, 18)
13 (1, 4, 101, 0, 0, 0, 8, 74, 0, 0, 0, 209)
14 (1, 4, 0, 14, 0, 0, 0, 63, 0, 0, 0, 241)
15 (1, 4, 0, 0, 0, 0, 0, 23, 0, 0, 0, 190)
16 (1, 4, 0, 0, 11, 0, 0, 0, 0, 0, 0, 121)
17 (1, 4, 0, 0, 179, 0, 0, 0, 0, 0, 0, 181)
18 (1, 4, 0, 0, 403, 0, 0, 0, 0, 0, 0, 22)
19 (1, 4, 198, 0, 565, 0, 0, 0, 1, 0, 0, 85)
20 (1, 4, 0, 0, 429, 0, 0, 8, 0, 0, 0, 176)
21 (1, 4, 0, 0, 323, 0, 0, 21, 0, 0, 0, 26)
22 (1, 4, 0, 0, 242, 0, 0, 23, 1, 0, 0, 120)
23 (1, 4, 0, 0, 157, 0, 0, 24, 0, 0, 0, 191)
24 (1, 4, 0, 22, 67, 0, 0, 29, 0, 0, 0, 123)
25 (1, 4, 0, 189, 56, 0, 0, 42, 1, 0, 0, 173)
26 (1, 4, 0, 0, 0, 0, 0, 49, 0, 0, 0, 211)
27 (1, 4, 10, 0, 0, 0, 16, 43, 0, 0, 0, 186)
28 (1, 4, 0, 10, 29, 0, 8, 45, 1, 0, 0, 235)
29 (1, 4, 86, 0, 66, 0, 0, 54, 0, 0, 0, 89)
0 (1, 4, 805, 873, 613, 0, 18, 0, 0, 1, 0, 143)
1 (1, 4, 873, 873, 852, 0, 130, 0, 0, 0, 0, 220)
2 (1, 4, 0, 873, 531, 0, 0, 143, 0, 0, 0, 28)
3 (1, 4, 262, 0, 0, 0, 0, 35, 0, 0, 0, 159)
4 (1, 4, 0, 0, 0, 0, 5, 62, 0, 0, 0, 176)
5 (1, 4, 0, 192, 0, 0, 0, 40, 0, 0, 0, 183)
6 (1, 4, 0, 0, 0, 0, 0, 22, 0, 0, 0, 97)
7 (1, 4, 0, 0, 0, 0, 0, 0, 0, 0, 0, 126)
8 (1, 4, 0, 0, 137, 0, 0, 0, 0, 0, 0, 167)
9 (1, 4, 69, 0, 479, 0, 0, 0, 0, 0, 0, 176)
10 (1, 4, 257, 0, 635, 0, 0, 0, 0, 0, 0, 181)
11 (1, 4, 0, 0, 355, 0, 0, 17, 0, 0, 0, 145)
12 (1, 4, 0, 0, 214, 0, 0, 31, 1, 0, 0, 50)
13 (1, 4, 0, 0, 141, 0, 0, 35, 0, 0, 0, 62)
14 (1, 4, 0, 0, 48, 0, 0, 46, 0, 0, 0, 120)
15 (1, 4, 0, 161, 0, 0, 0, 84, 1, 0, 0, 137)
16 (1, 4, 15, 0, 0, 0, 0, 47, 0, 0, 0, 124)
17 (1, 4, 0, 9, 8, 0, 0, 45, 0, 0, 0, 37)
18 (1, 4, 19, 3, 26, 0, 0, 60, 1, 0, 0, 55)
19 (1, 4, 18, 0, 15, 0, 0, 56, 0, 0, 0, 67)
20 (1, 4, 3, 6, 19, 0, 0, 55, 0, 0, 0, 126)
21 (1, 4, 0, 0, 10, 0, 0, 57, 1, 0, 0, 200)
22 (1, 4, 0, 0, 0, 0, 0, 51, 0, 0, 0, 106)
23 (1, 4, 0, 22, 0, 0, 0, 53, 0, 0, 0, 112)
24 (1, 4, 0, 0, 0, 0, 0, 52, 1, 0, 0, 27)
25 (1, 4, 0, 0, 0, 0, 0, 55, 0, 0, 0, 31)
26 (1, 4, 3, 0, 0, 0, 0, 53, 0, 0, 0, 180)
27 (1, 4, 0, 11, 0, 0, 0, 53, 1, 0, 0, 175)
28 (1, 4, 0, 6, 2, 0, 0, 53, 0, 0, 0, 62)
29 (1, 4, 3, 10, 1, 0, 0, 54, 0, 0, 0, 152)
30 (1, 4, 4, 0, 0, 0, 0, 53, 1, 0, 0, 252)
31 (1, 4, 0, 6, 0, 0, 0, 52, 0, 0, 0, 206)
0 (1, 4, 0, 274, 0, 0, 0, 19, 0, 0, 0, 34)
1 (1, 4, 0, 290, 0, 0, 0, 23, 0, 0, 0, 244)
2 (1, 4, 0, 0, 0, 0, 0, 20, 1, 0, 0, 186)
3 (1, 4, 0, 0, 0, 0, 0, 0, 0, 0, 0, 126)
4 (1, 4, 0, 0, 0, 0, 0, 0, 0, 0, 0, 126)
5 (1, 4, 0, 0, 0, 0, 0, 0, 1, 0, 0, 28)
6 (1, 4, 0, 0, 0, 0, 0, 0, 0, 0, 0, 126)
7 (1, 4, 0, 0, 0, 0, 0, 0, 0, 0, 0, 126)
8 (1, 4, 0, 0, 0, 0, 4, 0, 1, 1, 0, 148)
9 (1, 4, 0, 0, 0, 0, 49, 0, 1, 1, 0, 134)
10 (1, 4, 11, 166, 254, 0, 83, 0, 0, 0, 0, 58)
11 (1, 4, 624, 687, 671, 0, 1, 0, 1, 1, 0, 118)
12 (1, 4, 532, 873, 664, 0, 48, 0, 0, 1, 0, 166)
13 (1, 4, 839, 873, 693, 0, 50, 0, 0, 0, 0, 206)
14 (1, 4, 395, 873, 540, 0, 74, 79, 0, 0, 0, 214)
15 (1, 4, 102, 195, 73, 0, 0, 45, 0, 0, 0, 124)
16 (1, 4, 0, 0, 0, 0, 13, 46, 0, 0, 0, 162)
17 (1, 4, 0, 5, 0, 0, 0, 48, 0, 0, 0, 99)
18 (1, 4, 0, 0, 0, 0, 0, 13, 0, 0, 0, 62)
19 (1, 4, 0, 0, 0, 0, 0, 0, 0, 0, 0, 126)
20 (1, 4, 0, 0, 136, 0, 0, 0, 0, 0, 0, 51)
21 (1, 4, 0, 0, 419, 0, 0, 0, 0, 0, 0, 151)
22 (1, 4, 291, 0, 569, 0, 0, 0, 0, 0, 0, 186)
23 (1, 4, 8, 0, 360, 0, 0, 0, 0, 0, 0, 234)
24 (1, 4, 0, 0, 245, 0, 0, 29, 0, 0, 0, 172)
25 (1, 4, 2, 0, 184, 0, 0, 30, 1, 0, 0, 57)
26 (1, 4, 33, 0, 75, 0, 0, 47, 0, 0, 0, 19)
27 (1, 4, 0, 68, 0, 0, 0, 22, 0, 0, 0, 56)
28 (1, 4, 0, 37, 0, 0, 0, 73, 1, 0, 0, 193)
29 (1, 4, 101, 0, 0, 0, 2, 34, 0, 0, 0, 236)
30 (1, 4, 2, 23, 14, 0, 14, 43, 0, 0, 0, 49)
31 (1, 4, 0, 9, 36, 0, 0, 58, 1, 0, 0, 155)
0 (1, 4, 0, 10, 0, 0, 0, 58, 0, 0, 0, 129)
1 (1, 4, 0, 7, 0, 0, 0, 56, 0, 0, 0, 228)
2 (1, 4, 0, 12, 0, 0, 0, 56, 0, 0, 0, 143)
3 (1, 4, 4, 27, 0, 0, 0, 52, 0, 0, 0, 75)
4 (1, 4, 40, 68, 48, 0, 0, 49, 0, 0, 0, 188)
5 (1, 4, 152, 254, 107, 0, 0, 10, 0, 0, 0, 143)
6 (1, 4, 0, 588, 0, 0, 0, 35, 2, 1, 0, 49)
7 (1, 4, 0, 402, 0, 0, 0, 48, 0, 0, 0, 228)
8 (1, 4, 0, 0, 0, 0, 0, 57, 0, 0, 0, 57)
9 (1, 4, 0, 0, 0, 0, 0, 44, 1, 0, 0, 34)
10 (1, 4, 0, 0, 0, 0, 0, 30, 0, 0, 0, 139)
11 (1, 4, 0, 0, 0, 0, 0, 8, 0, 0, 0, 148)
12 (1, 4, 0, 0, 0, 0, 0, 0, 1, 0, 0, 28)
13 (1, 4, 0, 0, 0, 0, 0, 0, 0, 0, 0, 126)
14 (1, 4, 0, 0, 0, 0, 9, 0, 0, 0, 0, 198)
15 (1, 4, 0, 0, 0, 0, 45, 0, 1, 0, 0, 74)
16 (1, 4, 0, 71, 358, 0, 84, 0, 0, 1, 0, 193)
17 (1, 4, 225, 488, 683, 0, 55, 0, 0, 0, 0, 111)
18 (1, 4, 575, 873, 575, 0, 4, 0, 0, 0, 0, 233)
19 (1, 4, 836, 873, 852, 0, 71, 0, 0, 1, 0, 130)
20 (1, 4, 873, 873, 797, 0, 155, 0, 0, 0, 0, 50)
21 (1, 4, 0, 667, 289, 0, 0, 48, 0, 0, 0, 253)
22 (1, 4, 340, 0, 30, 0, 0, 87, 0, 0, 0, 26)
23 (1, 4, 0, 156, 0, 0, 10, 76, 0, 0, 0, 158)
24 (1, 4, 0, 0, 0, 0, 0, 49, 0, 0, 0, 211)
25 (1, 4, 0, 0, 0, 0, 0, 0, 0, 0, 0, 126)
26 (1, 4, 0, 0, 0, 0, 0, 0, 0, 0, 0, 126)
27 (1, 4, 138, 0, 514, 0, 0, 0, 0, 0, 0, 146)
28 (1, 4, 0, 0, 434, 0, 0, 0, 0, 0, 0, 124)
29 (1, 4, 131, 0, 317, 0, 0, 0, 0, 0, 0, 211)
30 (1, 4, 65, 0, 325, 0, 0, 0, 0, 0, 0, 149)
31 (1, 4, 106, 0, 229, 0, 0, 11, 0, 0, 0, 238)

