1 (1, 4, 0, 0, 32, 55, 0, 34, 3, 3, 0, 192)
2 (1, 4, 37, 0, 42, 23, 0, 41, 3, 3, 0, 199)
3 (1, 4, 123, 0, 102, 0, 0, 54, 2, 3, 0, 1)
4 (1, 4, 348, 0, 258, 0, 0, 35, 2, 2, 0, 250)
5 (1, 4, 509, 0, 492, 0, 0, 0, 1, 2, 0, 126)
6 (1, 4, 333, 0, 728, 0, 0, 9, 1, 1, 0, 252)
7 (1, 4, 59, 51, 665, 0, 0, 34, 0, 1, 0, 47)
8 (1, 4, 7, 139, 791, 0, 0, 68, 0, 0, 0, 115)
9 (1, 4, 66, 0, 541, 0, 0, 58, 0, 0, 0, 121)
10 (1, 4, 0, 0, 115, 0, 0, 37, 0, 0, 0, 180)
11 (1, 4, 0, 61, 93, 0, 0, 50, 0, 0, 0, 56)
12 (1, 4, 11, 98, 223, 0, 0, 44, 0, 0, 0, 34)
13 (1, 4, 0, 5, 180, 0, 0, 49, 0, 0, 0, 146)
14 (1, 4, 0, 0, 93, 0, 0, 52, 0, 0, 0, 139)
15 (1, 4, 0, 52, 0, 0, 0, 57, 0, 0, 0, 64)
16 (1, 4, 40, 83, 0, 0, 0, 62, 0, 0, 0, 167)
17 (1, 4, 18, 28, 5, 0, 0, 45, 0, 1, 0, 202)
18 (1, 4, 10, 23, 0, 0, 0, 48, 0, 0, 0, 3)
19 (1, 4, 21, 6, 0, 0, 0, 48, 0, 0, 0, 109)
20 (1, 4, 16, 5, 0, 0, 0, 47, 0, 0, 0, 169)
21 (1, 4, 11, 2, 0, 0, 0, 46, 0, 0, 0, 246)
22 (1, 4, 3, 3, 0, 0, 0, 45, 0, 0, 0, 85)
23 (1, 4, 0, 7, 0, 0, 0, 44, 0, 0, 0, 66)
24 (1, 4, 0, 8, 0, 0, 0, 44, 0, 0, 0, 243)
25 (1, 4, 0, 7, 0, 0, 0, 44, 0, 0, 0, 66)
26 (1, 4, 0, 21, 0, 0, 0, 44, 0, 0, 0, 78)
27 (1, 4, 0, 20, 0, 0, 0, 46, 0, 0, 0, 66)
28 (1, 4, 0, 15, 0, 0, 0, 45, 0, 0, 0, 46)
29 (1, 4, 0, 15, 0, 0, 0, 46, 0, 0, 0, 72)
30 (1, 4, 4, 9, 0, 0, 0, 47, 0, 0, 0, 24)
31 (1, 4, 0, 8, 0, 0, 0, 45, 0, 0, 0, 44)
32 (1, 4, 0, 10, 0, 0, 0, 46, 0, 0, 0, 39)
1 (1, 4, 0, 382, 0, 0, 0, 0, 0, 0, 0, 191)
2 (1, 4, 0, 554, 0, 0, 0, 0, 0, 0, 0, 175)
3 (1, 4, 0, 567, 0, 0, 0, 0, 0, 0, 0, 18)
4 (1, 4, 0, 720, 0, 0, 0, 0, 0, 0, 0, 80)
5 (1, 4, 131, 792, 121, 0, 0, 90, 0, 0, 0, 20)
6 (1, 4, 0, 287, 0, 0, 4, 97, 0, 0, 0, 147)
7 (1, 4, 113, 129, 18, 3, 0, 78, 0, 0, 0, 120)
8 (1, 4, 69, 77, 55, 23, 0, 73, 0, 0, 0, 32)
9 (1, 4, 4, 18, 54, 39, 0, 84, 0, 0, 0, 237)
10 (1, 4, 0, 0, 16, 59, 0, 74, 0, 0, 0, 208)
11 (1, 4, 0, 0, 23, 72, 0, 64, 0, 0, 0, 140)
12 (1, 4, 1, 0, 14, 80, 0, 48, 0, 0, 0, 237)
13 (1, 4, 0, 0, 0, 73, 0, 49, 0, 0, 0, 225)
14 (1, 4, 1, 18, 0, 70, 0, 50, 0, 0, 0, 32)
15 (1, 4, 10, 25, 0, 64, 0, 56, 0, 0, 0, 56)
16 (1, 4, 0, 20, 0, 61, 0, 56, 0, 0, 0, 216)
17 (1, 4, 0, 20, 77, 0, 0, 40, 0, 0, 0, 3)
18 (1, 4, 0, 14, 34, 0, 0, 49, 0, 0, 0, 6)
19 (1, 4, 0, 0, 3, 0, 0, 44, 0, 0, 0, 251)
20 (1, 4, 0, 14, 0, 0, 0, 46, 0, 0, 0, 253)
21 (1, 4, 0, 16, 0, 0, 0, 54, 0, 0, 0, 161)
22 (1, 4, 38, 21, 0, 0, 0, 47, 0, 0, 0, 203)
23 (1, 4, 0, 40, 1, 0, 0, 50, 0, 0, 0, 80)
24 (1, 4, 17, 31, 8, 0, 0, 53, 0, 0, 0, 36)
25 (1, 4, 0, 8, 0, 0, 0, 49, 0, 0, 0, 96)
26 (1, 4, 0, 0, 0, 0, 0, 48, 0, 0, 0, 12)
27 (1, 4, 0, 0, 0, 0, 0, 46, 0, 0, 0, 249)
28 (1, 4, 3, 0, 0, 0, 0, 40, 0, 0, 0, 39)
29 (1, 4, 0, 0, 0, 0, 0, 41, 0, 0, 0, 234)
30 (1, 4, 55, 0, 16, 0, 0, 40, 0, 0, 0, 71)
31 (1, 4, 5, 0, 3, 0, 0, 35, 0, 0, 0, 52)
32 (1, 4, 0, 6, 11, 0, 0, 43, 0, 0, 0, 227)
1 (1, 4, 0, 0, 0, 45, 0, 67, 0, 0, 0, 47)
2 (1, 4, 0, 0, 0, 33, 0, 66, 0, 0, 0, 116)
3 (1, 4, 0, 0, 0, 15, 0, 65, 0, 0, 0, 65)
4 (1, 4, 0, 0, 35, 0, 0, 61, 0, 0, 0, 9)
5 (1, 4, 0, 0, 129, 0, 0, 51, 0, 0, 0, 15)
6 (1, 4, 9, 0, 277, 0, 0, 37, 0, 0, 0, 227)
7 (1, 4, 18, 0, 340, 0, 0, 0, 0, 0, 0, 5)
8 (1, 4, 333, 0, 430, 0, 0, 0, 0, 0, 0, 44)
9 (1, 4, 77, 0, 501, 0, 0, 0, 0, 0, 0, 173)
10 (1, 4, 0, 0, 397, 0, 0, 0, 0, 0, 0, 164)
11 (1, 4, 0, 0, 336, 0, 0, 11, 0, 0, 0, 43)
12 (1, 4, 4, 0, 287, 0, 0, 15, 0, 0, 0, 196)
13 (1, 4, 0, 0, 288, 0, 0, 17, 0, 0, 0, 209)
14 (1, 4, 0, 0, 287, 0, 0, 20, 0, 0, 0, 163)
15 (1, 4, 0, 0, 232, 0, 0, 24, 0, 0, 0, 15)
16 (1, 4, 0, 3, 114, 0, 0, 24, 0, 0, 0, 202)
17 (1, 4, 0, 0, 32, 0, 0, 25, 0, 0, 0, 102)
18 (1, 4, 0, 0, 47, 0, 0, 24, 0, 0, 0, 224)
19 (1, 4, 0, 28, 3, 0, 0, 34, 0, 0, 0, 213)
20 (1, 4, 1, 3, 0, 0, 0, 39, 0, 0, 0, 26)
21 (1, 4, 0, 0, 0, 0, 0, 29, 0, 0, 0, 237)
22 (1, 4, 0, 0, 0, 0, 0, 31, 0, 0, 0, 84)
23 (1, 4, 0, 0, 0, 0, 0, 36, 0, 0, 0, 170)
24 (1, 4, 0, 0, 0, 0, 0, 33, 0, 0, 0, 0)
25 (1, 4, 1, 0, 0, 0, 0, 27, 0, 0, 0, 47)
26 (1, 4, 0, 0, 4, 0, 0, 29, 0, 0, 0, 179)
27 (1, 4, 0, 0, 0, 0, 0, 34, 0, 0, 0, 102)
28 (1, 4, 0, 0, 1, 0, 0, 36, 0, 0, 0, 62)
29 (1, 4, 0, 16, 20, 0, 0, 42, 0, 0, 0, 204)
30 (1, 4, 21, 35, 29, 0, 0, 43, 0, 0, 0, 150)
31 (1, 4, 0, 27, 28, 0, 0, 45, 0, 0, 0, 8)
32 (1, 4, 0, 0, 20, 0, 0, 46, 0, 0, 0, 216)
1 (1, 4, 66, 0, 0, 20, 0, 77, 4, 5, 0, 42)
2 (1, 4, 228, 0, 0, 20, 0, 81, 4, 4, 0, 251)
3 (1, 4, 349, 0, 67, 1, 0, 84, 3, 4, 0, 226)
4 (1, 4, 262, 0, 204, 3, 0, 82, 2, 3, 0, 199)
5 (1, 4, 265, 0, 361, 4, 20, 49, 1, 2, 0, 113)
6 (1, 4, 1, 0, 491, 0, 0, 6, 0, 1, 0, 121)
7 (1, 4, 205, 0, 586, 0, 0, 0, 0, 0, 0, 118)
8 (1, 4, 142, 238, 504, 0, 0, 41, 0, 0, 0, 133)
9 (1, 4, 0, 173, 413, 0, 0, 67, 0, 0, 0, 231)
10 (1, 4, 42, 136, 368, 0, 0, 45, 0, 0, 0, 161)
11 (1, 4, 0, 161, 285, 0, 0, 65, 0, 0, 0, 198)
12 (1, 4, 126, 75, 320, 0, 0, 78, 0, 0, 0, 169)
13 (1, 4, 21, 85, 216, 0, 0, 55, 0, 0, 0, 141)
14 (1, 4, 0, 127, 180, 0, 0, 60, 0, 0, 0, 44)
15 (1, 4, 0, 33, 143, 0, 0, 62, 0, 0, 0, 245)
16 (1, 4, 0, 0, 106, 0, 0, 49, 0, 0, 0, 69)
17 (1, 4, 0, 0, 0, 0, 0, 35, 0, 1, 0, 210)
18 (1, 4, 13, 0, 0, 0, 0, 38, 0, 0, 0, 85)
19 (1, 4, 17, 0, 0, 0, 0, 40, 0, 0, 0, 219)
20 (1, 4, 2, 5, 0, 0, 0, 40, 0, 0, 0, 70)
21 (1, 4, 15, 11, 0, 0, 0, 43, 0, 0, 0, 98)
22 (1, 4, 33, 16, 0, 0, 0, 38, 0, 0, 0, 187)
23 (1, 4, 13, 4, 0, 0, 0, 40, 0, 0, 0, 169)
24 (1, 4, 28, 0, 0, 0, 0, 40, 0, 0, 0, 157)
25 (1, 4, 18, 2, 0, 0, 0, 40, 0, 0, 0, 164)
26 (1, 4, 26, 2, 0, 0, 0, 42, 0, 0, 0, 109)
27 (1, 4, 19, 0, 0, 0, 4, 38, 0, 0, 0, 2)
28 (1, 4, 7, 10, 0, 0, 0, 39, 0, 0, 0, 56)
29 (1, 4, 0, 10, 0, 0, 0, 39, 0, 0, 0, 18)
30 (1, 4, 0, 15, 0, 0, 0, 43, 0, 0, 0, 226)
31 (1, 4, 0, 2, 0, 0, 0, 47, 0, 0, 0, 75)
32 (1, 4, 0, 0, 0, 0, 0, 48, 0, 0, 0, 12)
1 (1, 4, 24, 0, 3, 58, 0, 77, 4, 4, 0, 172)
2 (1, 4, 0, 0, 0, 63, 0, 67, 4, 4, 0, 194)
3 (1, 4, 0, 0, 0, 61, 0, 69, 4, 4, 0, 48)
4 (1, 4, 0, 0, 5, 51, 0, 74, 4, 4, 0, 185)
5 (1, 4, 0, 0, 10, 44, 0, 83, 4, 4, 0, 84)
6 (1, 4, 71, 0, 32, 23, 0, 83, 3, 4, 0, 116)
7 (1, 4, 0, 0, 72, 20, 0, 79, 2, 3, 0, 119)
8 (1, 4, 362, 0, 185, 0, 0, 71, 1, 1, 0, 89)
9 (1, 4, 873, 0, 326, 0, 0, 33, 0, 0, 0, 225)
10 (1, 4, 448, 83, 457, 0, 20, 20, 0, 0, 0, 101)
11 (1, 4, 0, 195, 594, 0, 0, 27, 0, 0, 0, 106)
12 (1, 4, 0, 258, 674, 0, 0, 0, 0, 0, 0, 108)
13 (1, 4, 0, 296, 650, 0, 0, 31, 0, 0, 0, 24)
14 (1, 4, 85, 318, 541, 0, 0, 76, 0, 0, 0, 10)
15 (1, 4, 0, 147, 315, 0, 0, 75, 0, 0, 0, 212)
16 (1, 4, 0, 0, 91, 0, 0, 54, 0, 0, 0, 67)
17 (1, 4, 10, 18, 1, 0, 0, 40, 0, 0, 0, 193)
18 (1, 4, 15, 10, 5, 0, 0, 39, 0, 0, 0, 130)
19 (1, 4, 8, 7, 1, 0, 0, 38, 0, 0, 0, 245)
20 (1, 4, 4, 4, 0, 0, 0, 37, 0, 0, 0, 151)
21 (1, 4, 5, 2, 0, 0, 0, 35, 0, 0, 0, 226)
22 (1, 4, 7, 7, 0, 0, 0, 35, 0, 0, 0, 145)
23 (1, 4, 7, 7, 0, 0, 0, 35, 0, 0, 0, 145)
24 (1, 4, 0, 10, 0, 0, 0, 35, 0, 0, 0, 103)
25 (1, 4, 6, 7, 0, 0, 0, 36, 0, 0, 0, 140)
26 (1, 4, 0, 5, 0, 0, 0, 34, 0, 0, 0, 9)
27 (1, 4, 0, 6, 0, 0, 0, 35, 0, 0, 0, 14)
28 (1, 4, 0, 5, 0, 0, 0, 35, 0, 0, 0, 214)
29 (1, 4, 0, 7, 0, 0, 0, 35, 0, 0, 0, 187)
30 (1, 4, 0, 11, 0, 0, 0, 35, 0, 0, 0, 210)
31 (1, 4, 0, 8, 0, 0, 0, 35, 0, 0, 0, 10)
32 (1, 4, 0, 11, 4, 0, 0, 36, 0, 0, 0, 159)
1 (1, 4, 101, 99, 0, 0, 0, 34, 1, 1, 0, 142)
2 (1, 4, 149, 82, 0, 0, 0, 25, 1, 1, 0, 221)
3 (1, 4, 266, 82, 0, 0, 0, 0, 0, 1, 0, 244)
4 (1, 4, 42, 175, 0, 0, 0, 0, 0, 0, 0, 167)
5 (1, 4, 50, 208, 0, 0, 0, 0, 0, 0, 0, 166)
6 (1, 4, 0, 316, 0, 0, 0, 0, 0, 0, 0, 81)
7 (1, 4, 0, 565, 0, 0, 0, 0, 0, 0, 0, 127)
8 (1, 4, 17, 623, 0, 0, 0, 0, 0, 0, 0, 173)
9 (1, 4, 0, 654, 0, 0, 0, 2, 0, 0, 0, 15)
10 (1, 4, 175, 529, 0, 0, 62, 71, 0, 0, 0, 225)
11 (1, 4, 51, 167, 0, 0, 0, 107, 0, 0, 0, 226)
12 (1, 4, 51, 57, 0, 19, 0, 97, 0, 0, 0, 3)
13 (1, 4, 40, 40, 0, 16, 0, 123, 0, 0, 0, 244)
14 (1, 4, 10, 0, 0, 27, 0, 113, 0, 0, 0, 212)
15 (1, 4, 0, 0, 4, 44, 0, 96, 0, 0, 0, 169)
16 (1, 4, 0, 0, 19, 57, 0, 83, 0, 0, 0, 179)
17 (1, 4, 13, 0, 0, 61, 0, 59, 0, 0, 0, 67)
18 (1, 4, 0, 7, 0, 59, 0, 62, 0, 0, 0, 239)
19 (1, 4, 24, 11, 7, 61, 0, 51, 0, 0, 0, 241)
20 (1, 4, 0, 30, 6, 65, 0, 55, 0, 0, 0, 193)
21 (1, 4, 4, 33, 0, 61, 0, 62, 0, 0, 0, 224)
22 (1, 4, 0, 22, 0, 59, 0, 69, 0, 0, 0, 128)
23 (1, 4, 1, 0, 0, 59, 0, 64, 0, 0, 0, 242)
24 (1, 4, 0, 5, 0, 59, 0, 61, 0, 0, 0, 228)
25 (1, 4, 14, 21, 0, 59, 0, 62, 0, 0, 0, 183)
26 (1, 4, 0, 21, 0, 58, 0, 67, 0, 0, 0, 139)
27 (1, 4, 4, 2, 0, 58, 0, 66, 0, 0, 0, 15)
28 (1, 4, 0, 2, 0, 60, 0, 66, 0, 0, 0, 117)
29 (1, 4, 0, 0, 0, 61, 0, 62, 0, 0, 0, 175)
30 (1, 4, 0, 11, 0, 63, 0, 61, 0, 0, 0, 156)
31 (1, 4, 3, 13, 0, 63, 0, 60, 0, 0, 0, 230)
32 (1, 4, 0, 21, 0, 61, 0, 64, 0, 0, 0, 176)

