0 (1, 4, 0, 0, 17, 24, 0, 56, 5, 5, 0, 47)
1 (1, 4, 129, 0, 30, 0, 0, 53, 4, 4, 0, 43)
2 (1, 4, 346, 0, 138, 0, 0, 52, 2, 3, 0, 101)
3 (1, 4, 409, 0, 211, 0, 34, 30, 1, 2, 0, 135)
4 (1, 4, 0, 0, 181, 12, 64, 28, 1, 1, 0, 31)
5 (1, 4, 0, 0, 257, 0, 0, 0, 1, 1, 0, 190)
6 (1, 4, 65, 0, 718, 0, 0, 0, 0, 1, 0, 239)
7 (1, 4, 0, 0, 502, 0, 0, 0, 0, 0, 0, 217)
8 (1, 4, 0, 0, 275, 0, 0, 0, 0, 0, 0, 231)
9 (1, 4, 0, 0, 343, 0, 0, 0, 0, 0, 0, 66)
10 (1, 4, 0, 0, 228, 0, 0, 0, 0, 1, 0, 191)
11 (1, 4, 0, 0, 173, 0, 0, 0, 0, 1, 0, 108)
12 (1, 4, 0, 0, 249, 0, 0, 0, 0, 0, 0, 221)
13 (1, 4, 0, 0, 269, 0, 0, 0, 0, 0, 0, 85)
14 (1, 4, 0, 22, 138, 0, 0, 0, 0, 1, 0, 161)
15 (1, 4, 0, 93, 21, 0, 0, 0, 0, 1, 0, 158)
16 (1, 4, 0, 67, 0, 0, 0, 0, 0, 1, 0, 78)
17 (1, 4, 0, 26, 0, 0, 0, 0, 0, 1, 0, 170)
18 (1, 4, 0, 16, 0, 0, 0, 0, 0, 1, 0, 116)
19 (1, 4, 0, 28, 0, 0, 0, 0, 0, 0, 0, 118)
20 (1, 4, 52, 0, 33, 0, 0, 0, 0, 0, 0, 11)
21 (1, 4, 32, 2, 12, 0, 0, 0, 0, 0, 0, 54)
22 (1, 4, 0, 39, 0, 0, 0, 0, 0, 0, 0, 190)
23 (1, 4, 0, 55, 0, 0, 0, 0, 0, 0, 0, 223)
24 (1, 4, 0, 47, 0, 0, 0, 0, 0, 0, 0, 13)
25 (1, 4, 0, 24, 0, 0, 0, 0, 0, 0, 0, 172)
26 (1, 4, 9, 2, 11, 0, 0, 0, 0, 0, 0, 106)
27 (1, 4, 43, 15, 19, 0, 0, 0, 0, 0, 0, 174)
28 (1, 4, 0, 24, 0, 0, 0, 0, 0, 0, 0, 172)
29 (1, 4, 26, 12, 7, 0, 0, 0, 0, 0, 0, 126)
30 (1, 4, 38, 9, 12, 0, 0, 0, 0, 0, 0, 121)
31 (1, 4, 22, 7, 4, 0, 0, 0, 0, 0, 0, 230)
0 (1, 4, 94, 147, 0, 0, 0, 0, 4, 4, 0, 223)
1 (1, 4, 239, 227, 0, 0, 0, 0, 4, 4, 0, 195)
2 (1, 4, 306, 248, 0, 0, 0, 0, 4, 4, 0, 241)
3 (1, 4, 444, 230, 0, 0, 0, 0, 4, 4, 0, 213)
4 (1, 4, 501, 250, 0, 0, 0, 0, 4, 3, 0, 60)
5 (1, 4, 397, 340, 0, 0, 0, 0, 4, 3, 0, 192)
6 (1, 4, 277, 617, 0, 0, 0, 0, 4, 3, 0, 18)
7 (1, 4, 219, 867, 0, 0, 0, 0, 4, 3, 0, 227)
8 (1, 4, 0, 720, 0, 0, 5, 0, 4, 3, 0, 248)
9 (1, 4, 5, 449, 0, 0, 2, 16, 4, 4, 0, 159)
10 (1, 4, 3, 195, 67, 0, 0, 63, 4, 4, 0, 217)
11 (1, 4, 0, 9, 45, 0, 0, 66, 4, 4, 0, 40)
12 (1, 4, 0, 0, 0, 23, 0, 62, 4, 4, 0, 164)
13 (1, 4, 0, 0, 12, 49, 0, 48, 4, 4, 0, 203)
14 (1, 4, 0, 0, 0, 75, 0, 32, 4, 4, 0, 247)
15 (1, 4, 0, 0, 0, 80, 0, 37, 4, 4, 0, 115)
16 (1, 4, 0, 0, 18, 59, 0, 37, 4, 4, 0, 198)
17 (1, 4, 0, 0, 23, 22, 0, 34, 4, 4, 0, 109)
18 (1, 4, 0, 0, 7, 0, 0, 47, 4, 4, 0, 231)
19 (1, 4, 27, 0, 43, 0, 0, 37, 3, 3, 0, 21)
20 (1, 4, 0, 0, 47, 0, 0, 9, 2, 2, 0, 254)
21 (1, 4, 98, 0, 240, 0, 0, 0, 1, 2, 0, 19)
22 (1, 4, 16, 0, 435, 0, 0, 0, 1, 1, 0, 1)
23 (1, 4, 0, 0, 440, 0, 0, 0, 1, 1, 0, 230)
24 (1, 4, 0, 0, 589, 0, 0, 0, 1, 1, 0, 64)
25 (1, 4, 0, 0, 596, 0, 0, 0, 1, 1, 0, 23)
26 (1, 4, 0, 162, 551, 0, 0, 0, 0, 1, 0, 26)
27 (1, 4, 0, 153, 146, 0, 0, 0, 0, 0, 0, 185)
28 (1, 4, 0, 0, 0, 0, 0, 0, 0, 0, 0, 126)
29 (1, 4, 0, 0, 0, 0, 0, 0, 0, 0, 0, 126)
0 (1, 4, 30, 0, 31, 0, 0, 11, 0, 0, 0, 96)
1 (1, 4, 27, 0, 21, 0, 5, 8, 0, 0, 0, 57)
2 (1, 4, 38, 0, 47, 0, 0, 2, 0, 0, 0, 131)
3 (1, 4, 226, 14, 116, 0, 0, 6, 0, 0, 0, 213)
4 (1, 4, 315, 56, 150, 0, 13, 5, 0, 0, 0, 39)
5 (1, 4, 83, 50, 76, 0, 30, 9, 0, 0, 0, 178)
6 (1, 4, 0, 30, 24, 0, 9, 15, 0, 0, 0, 153)
7 (1, 4, 23, 21, 58, 0, 7, 15, 0, 0, 0, 57)
8 (1, 4, 31, 28, 69, 0, 11, 14, 0, 0, 0, 145)
9 (1, 4, 36, 0, 62, 0, 10, 22, 0, 0, 0, 225)
10 (1, 4, 60, 0, 35, 0, 33, 8, 1, 1, 0, 195)
11 (1, 4, 0, 0, 42, 0, 24, 3, 2, 2, 0, 35)
12 (1, 4, 0, 4, 47, 0, 3, 0, 3, 2, 0, 248)
13 (1, 4, 0, 25, 6, 0, 0, 7, 3, 3, 0, 96)
14 (1, 4, 0, 60, 0, 0, 0, 0, 3, 3, 0, 175)
15 (1, 4, 0, 61, 0, 0, 0, 10, 2, 3, 0, 43)
16 (1, 4, 172, 85, 0, 0, 0, 0, 2, 2, 0, 123)
17 (1, 4, 75, 22, 0, 0, 0, 0, 2, 2, 0, 81)
18 (1, 4, 229, 106, 0, 0, 0, 0, 3, 3, 0, 151)
19 (1, 4, 387, 220, 0, 0, 0, 0, 4, 3, 0, 195)
20 (1, 4, 355, 633, 0, 0, 0, 0, 5, 4, 0, 141)
21 (1, 4, 470, 816, 0, 0, 0, 0, 5, 4, 0, 233)
22 (1, 4, 383, 747, 0, 0, 0, 0, 5, 5, 0, 67)
23 (1, 4, 59, 819, 0, 0, 48, 0, 5, 5, 0, 205)
24 (1, 4, 19, 581, 0, 0, 105, 0, 5, 5, 0, 47)
25 (1, 4, 15, 337, 132, 0, 57, 60, 5, 4, 0, 162)
26 (1, 4, 0, 92, 0, 0, 0, 122, 5, 4, 0, 215)
27 (1, 4, 0, 0, 0, 0, 0, 93, 5, 4, 0, 238)
28 (1, 4, 0, 0, 0, 3, 0, 98, 5, 4, 0, 68)
29 (1, 4, 0, 0, 19, 27, 0, 88, 5, 5, 0, 197)
0 (1, 4, 31, 0, 69, 0, 0, 15, 0, 0, 0, 12)
1 (1, 4, 57, 0, 77, 0, 0, 11, 0, 0, 0, 38)
2 (1, 4, 0, 0, 25, 0, 0, 7, 0, 0, 0, 58)
3 (1, 4, 12, 68, 29, 0, 0, 0, 0, 0, 0, 102)
4 (1, 4, 0, 121, 0, 0, 0, 0, 0, 0, 0, 88)
5 (1, 4, 216, 52, 0, 0, 0, 0, 1, 1, 0, 2)
6 (1, 4, 316, 217, 0, 0, 0, 0, 3, 3, 0, 237)
7 (1, 4, 235, 362, 0, 0, 0, 0, 4, 4, 0, 25)
8 (1, 4, 216, 673, 0, 0, 0, 0, 5, 4, 0, 143)
9 (1, 4, 356, 873, 0, 0, 0, 0, 5, 4, 0, 35)
10 (1, 4, 174, 873, 0, 0, 0, 0, 5, 4, 0, 209)
11 (1, 4, 148, 834, 0, 0, 84, 0, 5, 5, 0, 36)
12 (1, 4, 261, 450, 135, 0, 60, 37, 5, 4, 0, 179)
13 (1, 4, 0, 216, 10, 0, 20, 83, 5, 4, 0, 109)
14 (1, 4, 0, 42, 10, 0, 0, 112, 5, 4, 0, 128)
15 (1, 4, 0, 0, 0, 11, 0, 113, 5, 4, 0, 9)
16 (1, 4, 0, 0, 0, 50, 0, 84, 5, 4, 0, 251)
17 (1, 4, 0, 0, 0, 66, 0, 66, 5, 5, 0, 68)
18 (1, 4, 0, 0, 0, 60, 0, 61, 5, 5, 0, 251)
19 (1, 4, 18, 0, 15, 51, 0, 62, 5, 5, 0, 157)
20 (1, 4, 0, 2, 9, 52, 0, 64, 5, 5, 0, 49)
21 (1, 4, 0, 0, 3, 51, 0, 68, 5, 5, 0, 231)
22 (1, 4, 0, 2, 0, 52, 0, 66, 4, 5, 0, 194)
23 (1, 4, 0, 0, 0, 52, 0, 71, 4, 5, 0, 5)
24 (1, 4, 0, 0, 3, 50, 0, 65, 4, 5, 0, 48)
25 (1, 4, 0, 0, 0, 50, 0, 65, 4, 5, 0, 139)
26 (1, 4, 0, 0, 1, 49, 0, 61, 4, 5, 0, 150)
27 (1, 4, 0, 0, 0, 48, 0, 57, 4, 5, 0, 104)
28 (1, 4, 0, 0, 0, 53, 0, 58, 4, 5, 0, 109)
29 (1, 4, 0, 1, 0, 55, 0, 59, 4, 5, 0, 57)
30 (1, 4, 44, 7, 7, 54, 0, 61, 4, 5, 0, 55)
31 (1, 4, 0, 5, 0, 52, 0, 61, 4, 5, 0, 14)
0 (1, 4, 47, 8, 0, 0, 0, 13, 0, 1, 0, 123)
1 (1, 4, 0, 45, 0, 0, 0, 0, 1, 1, 0, 105)
2 (1, 4, 138, 130, 0, 0, 0, 0, 2, 2, 0, 121)
3 (1, 4, 60, 280, 0, 0, 0, 0, 4, 3, 0, 20)
4 (1, 4, 89, 662, 0, 0, 0, 0, 5, 4, 0, 53)
5 (1, 4, 225, 873, 0, 0, 0, 0, 5, 4, 0, 2)
6 (1, 4, 157, 873, 0, 0, 0, 0, 5, 5, 0, 143)
7 (1, 4, 0, 873, 0, 0, 42, 0, 5, 5, 0, 2)
8 (1, 4, 0, 765, 244, 0, 0, 26, 5, 5, 0, 54)
9 (1, 4, 0, 222, 51, 0, 41, 97, 5, 5, 0, 0)
10 (1, 4, 69, 0, 93, 0, 0, 82, 5, 5, 0, 49)
11 (1, 4, 0, 0, 0, 48, 0, 58, 5, 5, 0, 108)
12 (1, 4, 62, 0, 82, 22, 0, 96, 5, 5, 0, 218)
13 (1, 4, 0, 0, 0, 60, 0, 56, 5, 5, 0, 81)
14 (1, 4, 9, 0, 12, 65, 0, 43, 5, 5, 0, 40)
15 (1, 4, 0, 8, 26, 46, 0, 48, 5, 5, 0, 45)
16 (1, 4, 0, 10, 0, 46, 0, 57, 5, 5, 0, 153)
17 (1, 4, 0, 7, 0, 40, 0, 58, 5, 5, 0, 97)
18 (1, 4, 0, 3, 0, 44, 0, 58, 5, 5, 0, 199)
19 (1, 4, 0, 5, 0, 44, 0, 52, 5, 5, 0, 86)
20 (1, 4, 0, 0, 0, 46, 0, 52, 5, 5, 0, 7)
21 (1, 4, 0, 0, 0, 47, 0, 52, 5, 5, 0, 24)
22 (1, 4, 0, 0, 0, 46, 0, 52, 5, 5, 0, 7)
23 (1, 4, 5, 0, 4, 48, 0, 51, 5, 5, 0, 49)
24 (1, 4, 0, 2, 0, 47, 0, 51, 5, 5, 0, 102)
25 (1, 4, 0, 5, 0, 50, 0, 48, 5, 5, 0, 110)
26 (1, 4, 0, 17, 0, 50, 0, 49, 4, 5, 0, 104)
27 (1, 4, 5, 6, 0, 51, 0, 49, 4, 5, 0, 34)
28 (1, 4, 0, 12, 0, 51, 0, 49, 4, 5, 0, 202)
29 (1, 4, 4, 0, 0, 51, 0, 52, 4, 4, 0, 90)
30 (1, 4, 0, 6, 0, 53, 0, 51, 4, 4, 0, 132)
0 (1, 4, 75, 0, 0, 0, 0, 0, 0, 0, 0, 149)
1 (1, 4, 0, 294, 0, 0, 0, 0, 1, 1, 0, 231)
2 (1, 4, 0, 713, 0, 0, 0, 0, 3, 2, 0, 71)
3 (1, 4, 252, 873, 0, 0, 0, 0, 4, 3, 0, 208)
4 (1, 4, 414, 873, 0, 0, 0, 0, 4, 4, 0, 150)
5 (1, 4, 224, 873, 0, 0, 21, 0, 4, 4, 0, 113)
6 (1, 4, 28, 741, 0, 0, 57, 0, 4, 4, 0, 32)
7 (1, 4, 0, 450, 0, 0, 9, 66, 4, 4, 0, 20)
8 (1, 4, 0, 166, 0, 0, 0, 95, 4, 4, 0, 65)
9 (1, 4, 0, 82, 0, 23, 0, 58, 4, 4, 0, 94)
10 (1, 4, 0, 61, 0, 20, 0, 92, 4, 4, 0, 167)
11 (1, 4, 0, 0, 0, 27, 0, 102, 4, 4, 0, 92)
12 (1, 4, 11, 0, 6, 68, 0, 65, 4, 4, 0, 122)
13 (1, 4, 0, 0, 41, 70, 0, 62, 4, 4, 0, 79)
14 (1, 4, 0, 0, 108, 62, 0, 70, 4, 4, 0, 144)
15 (1, 4, 0, 0, 98, 58, 0, 67, 4, 4, 0, 139)
16 (1, 4, 0, 19, 58, 51, 0, 53, 4, 4, 0, 22)
17 (1, 4, 56, 62, 110, 43, 0, 53, 4, 4, 0, 138)
18 (1, 4, 0, 72, 60, 37, 0, 54, 4, 4, 0, 61)
19 (1, 4, 27, 86, 96, 31, 0, 65, 4, 4, 0, 64)
20 (1, 4, 0, 82, 47, 24, 0, 65, 4, 4, 0, 231)
21 (1, 4, 23, 60, 44, 10, 0, 76, 4, 4, 0, 90)
22 (1, 4, 8, 35, 4, 12, 0, 72, 4, 4, 0, 69)
23 (1, 4, 17, 14, 0, 9, 0, 72, 4, 4, 0, 248)
24 (1, 4, 0, 1, 0, 16, 0, 73, 4, 4, 0, 104)
25 (1, 4, 23, 0, 0, 14, 0, 74, 4, 4, 0, 60)
26 (1, 4, 0, 0, 0, 7, 0, 67, 4, 4, 0, 36)
27 (1, 4, 13, 0, 0, 0, 0, 70, 4, 4, 0, 149)
28 (1, 4, 19, 0, 0, 0, 0, 68, 4, 4, 0, 152)
29 (1, 4, 0, 0, 0, 6, 0, 59, 4, 4, 0, 230)
30 (1, 4, 0, 0, 0, 6, 0, 53, 4, 4, 0, 192)
31 (1, 4, 0, 0, 0, 29, 0, 28, 4, 4, 0, 122)
0 (1, 4, 0, 0, 0, 0, 0, 25, 0, 1, 0, 243)
1 (1, 4, 0, 0, 38, 0, 0, 16, 1, 1, 0, 43)
2 (1, 4, 1, 0, 51, 0, 0, 13, 1, 1, 0, 3)
3 (1, 4, 0, 0, 0, 0, 0, 11, 1, 2, 0, 70)
4 (1, 4, 0, 0, 0, 0, 0, 18, 2, 2, 0, 6)
5 (1, 4, 0, 0, 0, 0, 0, 4, 2, 2, 0, 25)
6 (1, 4, 55, 40, 0, 0, 0, 0, 3, 3, 0, 25)
7 (1, 4, 254, 137, 0, 0, 0, 4, 3, 3, 0, 248)
8 (1, 4, 168, 137, 0, 0, 0, 0, 4, 4, 0, 255)
9 (1, 4, 107, 206, 0, 0, 0, 0, 4, 4, 0, 240)
10 (1, 4, 187, 320, 0, 0, 0, 0, 4, 4, 0, 108)
11 (1, 4, 169, 464, 0, 0, 0, 0, 4, 4, 0, 240)
12 (1, 4, 171, 817, 0, 0, 0, 0, 4, 4, 0, 212)
13 (1, 4, 185, 873, 0, 0, 0, 0, 5, 4, 0, 27)
14 (1, 4, 0, 873, 0, 0, 8, 0, 5, 4, 0, 150)
15 (1, 4, 0, 873, 0, 0, 11, 0, 4, 4, 0, 127)
16 (1, 4, 0, 208, 0, 0, 22, 64, 4, 4, 0, 104)
17 (1, 4, 34, 15, 77, 0, 0, 78, 4, 4, 0, 222)
18 (1, 4, 0, 0, 0, 35, 0, 60, 4, 4, 0, 127)
19 (1, 4, 0, 0, 0, 57, 0, 41, 4, 4, 0, 55)
20 (1, 4, 0, 40, 0, 47, 0, 55, 4, 4, 0, 6)
21 (1, 4, 19, 15, 0, 42, 0, 51, 4, 4, 0, 34)
22 (1, 4, 0, 23, 0, 32, 0, 50, 4, 4, 0, 27)
23 (1, 4, 12, 13, 3, 31, 0, 54, 4, 4, 0, 153)
24 (1, 4, 0, 0, 0, 40, 0, 50, 4, 4, 0, 128)
25 (1, 4, 0, 11, 0, 45, 0, 50, 4, 4, 0, 136)
26 (1, 4, 14, 0, 0, 40, 0, 49, 4, 4, 0, 178)
27 (1, 4, 0, 7, 0, 39, 0, 50, 4, 4, 0, 39)
28 (1, 4, 25, 0, 4, 39, 0, 53, 4, 4, 0, 246)
29 (1, 4, 0, 0, 0, 43, 0, 49, 4, 4, 0, 199)
30 (1, 4, 15, 0, 6, 46, 0, 45, 4, 4, 0, 195)
0 (1, 4, 0, 0, 0, 0, 0, 0, 1, 1, 0, 119)
1 (1, 4, 21, 25, 0, 0, 0, 0, 2, 2, 0, 221)
2 (1, 4, 123, 360, 0, 0, 0, 0, 2, 2, 0, 183)
3 (1, 4, 109, 600, 0, 0, 0, 0, 3, 3, 0, 241)
4 (1, 4, 169, 749, 0, 0, 0, 0, 4, 3, 0, 177)
5 (1, 4, 133, 873, 0, 0, 0, 0, 5, 4, 0, 116)
6 (1, 4, 306, 873, 0, 0, 0, 0, 5, 4, 0, 110)
7 (1, 4, 68, 873, 0, 0, 76, 0, 5, 4, 0, 222)
8 (1, 4, 24, 603, 112, 0, 85, 28, 5, 5, 0, 180)
9 (1, 4, 0, 319, 144, 0, 7, 60, 5, 4, 0, 196)
10 (1, 4, 62, 158, 183, 0, 0, 113, 5, 4, 0, 82)
11 (1, 4, 0, 0, 0, 0, 0, 84, 5, 5, 0, 176)
12 (1, 4, 7, 0, 0, 40, 0, 49, 5, 5, 0, 197)
13 (1, 4, 0, 0, 0, 58, 0, 49, 4, 5, 0, 68)
14 (1, 4, 0, 0, 21, 43, 0, 64, 4, 5, 0, 241)
15 (1, 4, 0, 0, 0, 44, 0, 56, 4, 5, 0, 196)
16 (1, 4, 0, 2, 0, 45, 0, 47, 4, 4, 0, 29)
17 (1, 4, 6, 11, 0, 43, 0, 49, 4, 4, 0, 136)
18 (1, 4, 8, 8, 4, 40, 0, 54, 4, 4, 0, 104)
19 (1, 4, 0, 9, 0, 43, 0, 55, 4, 4, 0, 13)
20 (1, 4, 0, 3, 0, 43, 0, 54, 4, 4, 0, 12)
21 (1, 4, 0, 13, 3, 47, 0, 52, 4, 4, 0, 118)
22 (1, 4, 0, 16, 0, 47, 0, 49, 4, 4, 0, 218)
23 (1, 4, 0, 33, 0, 44, 0, 50, 4, 4, 0, 139)
24 (1, 4, 1, 25, 8, 39, 0, 56, 4, 4, 0, 163)
25 (1, 4, 0, 15, 0, 40, 0, 53, 4, 4, 0, 34)
26 (1, 4, 0, 15, 0, 42, 0, 50, 4, 4, 0, 15)
27 (1, 4, 0, 10, 0, 41, 0, 52, 4, 4, 0, 141)
28 (1, 4, 0, 18, 0, 39, 0, 53, 4, 4, 0, 58)
29 (1, 4, 0, 1, 0, 33, 0, 53, 4, 4, 0, 193)
0 (1, 4, 32, 40, 170, 0, 0, 20, 0, 1, 0, 153)
1 (1, 4, 10, 0, 160, 0, 0, 15, 0, 0, 0, 228)
2 (1, 4, 0, 0, 159, 0, 0, 9, 0, 0, 0, 156)
3 (1, 4, 0, 0, 137, 0, 0, 8, 0, 0, 0, 77)
4 (1, 4, 0, 0, 64, 0, 0, 10, 0, 0, 0, 214)
5 (1, 4, 0, 0, 16, 0, 0, 10, 0, 0, 0, 82)
6 (1, 4, 0, 0, 4, 0, 0, 2, 0, 0, 0, 153)
7 (1, 4, 0, 0, 84, 0, 0, 0, 0, 1, 0, 207)
8 (1, 4, 176, 17, 42, 0, 0, 0, 1, 1, 0, 252)
9 (1, 4, 122, 157, 0, 0, 0, 0, 3, 3, 0, 27)
10 (1, 4, 192, 523, 0, 0, 0, 0, 4, 4, 0, 96)
11 (1, 4, 373, 834, 0, 0, 0, 0, 5, 5, 0, 15)
12 (1, 4, 140, 873, 0, 0, 0, 0, 5, 5, 0, 97)
13 (1, 4, 249, 873, 0, 0, 64, 0, 5, 5, 0, 227)
14 (1, 4, 169, 762, 0, 0, 156, 0, 5, 5, 0, 94)
15 (1, 4, 63, 324, 110, 0, 96, 85, 5, 5, 0, 113)
16 (1, 4, 45, 0, 17, 0, 0, 101, 5, 4, 0, 28)
17 (1, 4, 0, 0, 0, 64, 0, 35, 5, 5, 0, 65)
18 (1, 4, 0, 0, 3, 65, 0, 60, 5, 5, 0, 207)
19 (1, 4, 0, 0, 0, 80, 0, 39, 5, 5, 0, 195)
20 (1, 4, 0, 2, 8, 71, 0, 42, 4, 5, 0, 154)
21 (1, 4, 0, 13, 0, 51, 0, 46, 4, 5, 0, 85)
22 (1, 4, 0, 0, 0, 48, 0, 48, 4, 5, 0, 93)
23 (1, 4, 0, 0, 0, 56, 0, 37, 4, 5, 0, 220)
24 (1, 4, 0, 0, 0, 54, 0, 45, 4, 5, 0, 140)
25 (1, 4, 15, 0, 0, 56, 0, 47, 4, 5, 0, 213)
26 (1, 4, 19, 0, 0, 60, 0, 43, 4, 5, 0, 116)
27 (1, 4, 0, 0, 0, 60, 0, 44, 4, 5, 0, 149)
28 (1, 4, 3, 0, 0, 59, 0, 45, 4, 5, 0, 5)
29 (1, 4, 0, 0, 0, 64, 0, 41, 4, 5, 0, 112)
30 (1, 4, 0, 0, 0, 69, 0, 36, 4, 5, 0, 83)
31 (1, 4, 0, 0, 0, 75, 0, 35, 4, 4, 0, 145)
0 (1, 4, 144, 0, 131, 0, 0, 13, 0, 0, 0, 129)
1 (1, 4, 10, 0, 56, 0, 0, 3, 0, 0, 0, 73)
2 (1, 4, 12, 0, 0, 0, 0, 8, 0, 0, 0, 220)
3 (1, 4, 20, 40, 0, 0, 0, 0, 1, 1, 0, 222)
4 (1, 4, 75, 122, 0, 0, 0, 0, 2, 2, 0, 121)
5 (1, 4, 110, 341, 0, 0, 0, 0, 3, 2, 0, 124)
6 (1, 4, 70, 785, 0, 0, 0, 0, 4, 4, 0, 11)
7 (1, 4, 21, 873, 0, 0, 0, 0, 5, 4, 0, 129)
8 (1, 4, 0, 873, 0, 0, 2, 0, 5, 5, 0, 206)
9 (1, 4, 0, 826, 0, 0, 128, 0, 5, 5, 0, 50)
10 (1, 4, 0, 327, 97, 0, 15, 104, 5, 4, 0, 106)
11 (1, 4, 14, 0, 59, 0, 0, 137, 5, 4, 0, 85)
12 (1, 4, 0, 0, 0, 62, 0, 38, 5, 5, 0, 154)
13 (1, 4, 0, 0, 0, 89, 0, 58, 5, 5, 0, 183)
14 (1, 4, 0, 0, 0, 43, 0, 89, 5, 5, 0, 192)
15 (1, 4, 0, 0, 21, 49, 0, 63, 5, 5, 0, 108)
16 (1, 4, 0, 0, 0, 39, 0, 61, 5, 5, 0, 213)
17 (1, 4, 0, 0, 0, 47, 0, 51, 5, 5, 0, 11)
18 (1, 4, 0, 0, 0, 47, 0, 50, 5, 5, 0, 212)
19 (1, 4, 0, 0, 0, 53, 0, 48, 5, 5, 0, 92)
20 (1, 4, 0, 0, 0, 64, 0, 42, 5, 5, 0, 116)
21 (1, 4, 0, 0, 0, 67, 0, 45, 5, 5, 0, 70)
22 (1, 4, 0, 0, 0, 67, 0, 46, 5, 5, 0, 32)
23 (1, 4, 10, 0, 0, 68, 0, 43, 5, 5, 0, 187)
24 (1, 4, 0, 0, 0, 72, 0, 43, 5, 5, 0, 83)
25 (1, 4, 0, 0, 0, 67, 0, 48, 5, 5, 0, 213)
26 (1, 4, 0, 0, 0, 66, 0, 46, 4, 5, 0, 93)
27 (1, 4, 0, 0, 0, 71, 0, 40, 4, 4, 0, 153)
28 (1, 4, 0, 0, 0, 68, 0, 41, 4, 4, 0, 103)
29 (1, 4, 0, 0, 0, 72, 0, 33, 4, 4, 0, 9)
0 (1, 4, 0, 0, 0, 0, 0, 0, 0, 1, 0, 21)
1 (1, 4, 0, 0, 0, 0, 0, 0, 1, 1, 0, 119)
2 (1, 4, 23, 207, 0, 0, 0, 0, 1, 1, 0, 142)
3 (1, 4, 53, 386, 0, 0, 0, 0, 2, 2, 0, 244)
4 (1, 4, 48, 873, 0, 0, 0, 0, 3, 3, 0, 45)
5 (1, 4, 312, 873, 0, 0, 0, 0, 4, 4, 0, 96)
6 (1, 4, 50, 873, 0, 0, 12, 0, 4, 4, 0, 44)
7 (1, 4, 153, 873, 101, 0, 20, 157, 5, 4, 0, 108)
8 (1, 4, 0, 150, 0, 0, 35, 108, 4, 4, 0, 112)
9 (1, 4, 4, 86, 19, 0, 6, 55, 4, 4, 0, 131)
10 (1, 4, 0, 6, 0, 23, 0, 100, 4, 4, 0, 214)
11 (1, 4, 0, 0, 0, 83, 0, 59, 4, 4, 0, 167)
12 (1, 4, 23, 0, 0, 99, 0, 19, 4, 4, 0, 56)
13 (1, 4, 0, 39, 0, 80, 0, 41, 4, 4, 0, 44)
14 (1, 4, 0, 33, 0, 63, 0, 55, 4, 4, 0, 247)
15 (1, 4, 0, 16, 0, 65, 0, 47, 4, 4, 0, 169)
16 (1, 4, 0, 7, 0, 66, 0, 45, 4, 4, 0, 82)
17 (1, 4, 0, 10, 0, 70, 0, 48, 4, 4, 0, 97)
18 (1, 4, 0, 10, 3, 71, 0, 47, 4, 4, 0, 239)
19 (1, 4, 0, 23, 1, 78, 0, 32, 4, 4, 0, 99)
20 (1, 4, 0, 50, 6, 72, 0, 43, 4, 4, 0, 229)
21 (1, 4, 0, 48, 15, 66, 0, 51, 4, 4, 0, 95)
22 (1, 4, 0, 26, 10, 64, 0, 53, 4, 4, 0, 123)
23 (1, 4, 0, 9, 42, 65, 0, 42, 4, 4, 0, 9)
24 (1, 4, 0, 17, 18, 65, 0, 38, 3, 4, 0, 80)
25 (1, 4, 0, 10, 15, 66, 0, 37, 3, 3, 0, 2)
26 (1, 4, 0, 25, 9, 61, 0, 39, 3, 3, 0, 29)
27 (1, 4, 0, 7, 0, 64, 0, 38, 3, 3, 0, 223)
28 (1, 4, 0, 21, 1, 62, 0, 35, 3, 3, 0, 156)
29 (1, 4, 0, 46, 9, 65, 0, 32, 3, 3, 0, 224)
0 (1, 4, 246, 523, 0, 0, 0, 0, 4, 4, 0, 99)
1 (1, 4, 371, 794, 0, 0, 0, 0, 5, 4, 0, 17)
2 (1, 4, 369, 873, 0, 0, 0, 0, 5, 5, 0, 158)
3 (1, 4, 176, 873, 0, 0, 77, 0, 5, 5, 0, 79)
4 (1, 4, 87, 863, 4, 0, 107, 0, 5, 5, 0, 104)
5 (1, 4, 33, 441, 119, 0, 64, 16, 5, 5, 0, 141)
6 (1, 4, 19, 188, 86, 0, 0, 72, 5, 5, 0, 48)
7 (1, 4, 0, 10, 4, 0, 0, 94, 5, 5, 0, 99)
8 (1, 4, 0, 0, 0, 14, 0, 77, 5, 5, 0, 236)
9 (1, 4, 0, 0, 0, 48, 0, 44, 5, 5, 0, 115)
10 (1, 4, 0, 0, 0, 47, 0, 48, 5, 5, 0, 109)
11 (1, 4, 0, 0, 0, 33, 0, 55, 5, 5, 0, 196)
12 (1, 4, 7, 0, 0, 34, 0, 55, 5, 5, 0, 207)
13 (1, 4, 3, 0, 0, 35, 0, 49, 5, 5, 0, 36)
14 (1, 4, 0, 0, 0, 36, 0, 47, 5, 5, 0, 158)
15 (1, 4, 21, 0, 0, 36, 0, 52, 4, 5, 0, 117)
16 (1, 4, 0, 0, 0, 44, 0, 44, 4, 5, 0, 98)
17 (1, 4, 0, 0, 0, 53, 0, 43, 4, 5, 0, 97)
18 (1, 4, 0, 0, 0, 59, 0, 32, 4, 5, 0, 87)
19 (1, 4, 5, 7, 0, 54, 0, 41, 4, 4, 0, 166)
20 (1, 4, 0, 14, 1, 44, 0, 51, 4, 4, 0, 179)
21 (1, 4, 8, 0, 5, 42, 0, 52, 4, 4, 0, 200)
22 (1, 4, 6, 0, 12, 44, 0, 50, 4, 4, 0, 58)
23 (1, 4, 6, 0, 9, 45, 0, 46, 4, 4, 0, 163)
24 (1, 4, 43, 0, 19, 52, 0, 40, 4, 4, 0, 18)
25 (1, 4, 9, 0, 0, 51, 0, 41, 4, 4, 0, 143)
26 (1, 4, 31, 7, 15, 45, 0, 48, 4, 4, 0, 187)
27 (1, 4, 55, 0, 35, 42, 0, 52, 3, 4, 0, 19)
28 (1, 4, 21, 2, 10, 39, 0, 55, 3, 3, 0, 152)
29 (1, 4, 49, 0, 26, 40, 0, 55, 3, 3, 0, 208)
0 (1, 4, 141, 0, 7, 0, 0, 0, 1, 1, 0, 193)
1 (1, 4, 318, 83, 0, 0, 0, 0, 2, 1, 0, 154)
2 (1, 4, 49, 291, 0, 0, 0, 0, 2, 2, 0, 186)
3 (1, 4, 233, 441, 0, 0, 0, 0, 3, 3, 0, 1)
4 (1, 4, 191, 645, 0, 0, 0, 0, 4, 4, 0, 145)
5 (1, 4, 264, 873, 0, 0, 0, 0, 5, 4, 0, 37)
6 (1, 4, 183, 873, 0, 0, 0, 0, 5, 5, 0, 36)
7 (1, 4, 37, 837, 0, 0, 81, 0, 5, 5, 0, 128)
8 (1, 4, 14, 408, 149, 0, 43, 100, 5, 5, 0, 163)
9 (1, 4, 0, 49, 74, 0, 0, 93, 5, 5, 0, 251)
10 (1, 4, 0, 0, 0, 20, 0, 46, 5, 5, 0, 95)
11 (1, 4, 0, 0, 0, 74, 0, 43, 5, 5, 0, 109)
12 (1, 4, 0, 0, 0, 71, 0, 44, 5, 5, 0, 229)
13 (1, 4, 0, 0, 2, 62, 0, 46, 5, 5, 0, 95)
14 (1, 4, 34, 0, 0, 58, 0, 41, 4, 5, 0, 166)
15 (1, 4, 20, 17, 0, 52, 0, 41, 4, 5, 0, 203)
16 (1, 4, 23, 8, 0, 44, 0, 50, 4, 5, 0, 238)
17 (1, 4, 18, 0, 0, 42, 0, 54, 4, 4, 0, 55)
18 (1, 4, 27, 0, 0, 51, 0, 49, 4, 4, 0, 74)
19 (1, 4, 15, 0, 0, 58, 0, 45, 4, 4, 0, 57)
20 (1, 4, 21, 0, 0, 55, 0, 48, 4, 4, 0, 189)
21 (1, 4, 13, 1, 0, 51, 0, 52, 4, 4, 0, 145)
22 (1, 4, 3, 4, 0, 47, 0, 49, 4, 4, 0, 115)
23 (1, 4, 27, 0, 22, 44, 0, 51, 4, 4, 0, 175)
24 (1, 4, 0, 0, 19, 44, 0, 52, 4, 4, 0, 244)
25 (1, 4, 27, 0, 34, 43, 0, 59, 4, 4, 0, 199)
26 (1, 4, 20, 0, 22, 50, 0, 55, 4, 4, 0, 205)
27 (1, 4, 5, 0, 4, 56, 0, 49, 4, 4, 0, 121)
28 (1, 4, 0, 0, 0, 54, 0, 48, 4, 4, 0, 116)
29 (1, 4, 0, 0, 0, 53, 0, 47, 4, 4, 0, 127)
0 (1, 4, 0, 12, 132, 0, 0, 18, 0, 0, 0, 210)
1 (1, 4, 0, 0, 91, 0, 0, 28, 0, 0, 0, 177)
2 (1, 4, 0, 0, 51, 0, 0, 19, 0, 0, 0, 241)
3 (1, 4, 0, 0, 0, 0, 0, 15, 0, 0, 0, 135)
4 (1, 4, 0, 0, 0, 0, 0, 8, 0, 0, 0, 148)
5 (1, 4, 63, 13, 0, 0, 0, 0, 0, 0, 0, 223)
6 (1, 4, 87, 122, 0, 0, 0, 0, 1, 1, 0, 202)
7 (1, 4, 179, 154, 0, 0, 0, 0, 1, 1, 0, 233)
8 (1, 4, 261, 211, 0, 0, 0, 0, 2, 2, 0, 99)
9 (1, 4, 327, 298, 0, 0, 0, 0, 3, 3, 0, 61)
10 (1, 4, 288, 595, 0, 0, 0, 0, 4, 4, 0, 104)
11 (1, 4, 298, 873, 0, 0, 0, 0, 5, 4, 0, 254)
12 (1, 4, 155, 847, 0, 0, 150, 0, 5, 5, 0, 126)
13 (1, 4, 116, 527, 0, 0, 216, 43, 5, 5, 0, 254)
14 (1, 4, 34, 120, 104, 0, 39, 131, 5, 5, 0, 43)
15 (1, 4, 0, 0, 0, 0, 0, 59, 5, 5, 0, 173)
16 (1, 4, 0, 0, 0, 61, 0, 35, 5, 5, 0, 17)
17 (1, 4, 0, 0, 0, 66, 0, 36, 5, 5, 0, 108)
18 (1, 4, 0, 0, 0, 50, 0, 48, 5, 5, 0, 1)
19 (1, 4, 0, 12, 0, 51, 0, 39, 5, 5, 0, 183)
20 (1, 4, 0, 12, 0, 46, 0, 44, 5, 5, 0, 87)
21 (1, 4, 0, 19, 0, 42, 0, 42, 5, 5, 0, 55)
22 (1, 4, 0, 2, 0, 45, 0, 43, 5, 5, 0, 97)
23 (1, 4, 0, 0, 0, 47, 0, 41, 5, 5, 0, 139)
24 (1, 4, 22, 0, 0, 45, 0, 46, 5, 5, 0, 98)
25 (1, 4, 11, 0, 0, 48, 0, 42, 4, 5, 0, 191)
26 (1, 4, 26, 0, 0, 54, 0, 39, 4, 5, 0, 83)
27 (1, 4, 0, 3, 0, 54, 0, 46, 4, 5, 0, 50)
28 (1, 4, 13, 0, 0, 54, 0, 42, 4, 4, 0, 178)
29 (1, 4, 0, 6, 0, 53, 0, 41, 4, 4, 0, 4)
30 (1, 4, 0, 4, 0, 55, 0, 42, 4, 4, 0, 49)
31 (1, 4, 4, 2, 0, 53, 0, 44, 4, 4, 0, 76)
0 (1, 4, 0, 270, 0, 75, 0, 0, 4, 4, 0, 183)
1 (1, 4, 50, 642, 0, 134, 0, 0, 6, 5, 0, 128)
2 (1, 4, 262, 873, 0, 0, 0, 0, 6, 5, 0, 188)
3 (1, 4, 280, 873, 0, 0, 0, 0, 6, 5, 0, 8)
4 (1, 4, 114, 873, 0, 0, 186, 0, 6, 5, 0, 167)
5 (1, 4, 0, 262, 0, 0, 153, 201, 5, 6, 0, 79)
6 (1, 4, 51, 0, 127, 0, 0, 23, 5, 5, 0, 133)
7 (1, 4, 0, 0, 0, 103, 0, 9, 5, 6, 0, 186)
8 (1, 4, 0, 0, 1, 70, 0, 69, 5, 6, 0, 2)
9 (1, 4, 0, 0, 0, 97, 0, 43, 5, 6, 0, 224)
10 (1, 4, 0, 0, 0, 86, 0, 37, 5, 6, 0, 133)
11 (1, 4, 0, 11, 0, 79, 0, 38, 5, 5, 0, 37)
12 (1, 4, 16, 39, 8, 49, 0, 54, 5, 5, 0, 112)
13 (1, 4, 0, 0, 0, 55, 0, 56, 5, 5, 0, 136)
14 (1, 4, 0, 15, 16, 65, 0, 51, 5, 5, 0, 67)
15 (1, 4, 0, 7, 0, 66, 0, 53, 5, 5, 0, 98)
16 (1, 4, 12, 30, 33, 60, 0, 49, 5, 5, 0, 35)
17 (1, 4, 0, 23, 0, 57, 0, 46, 5, 5, 0, 78)
18 (1, 4, 0, 30, 18, 60, 0, 45, 5, 5, 0, 29)
19 (1, 4, 0, 26, 14, 59, 0, 47, 5, 5, 0, 190)
20 (1, 4, 0, 30, 5, 60, 0, 47, 5, 5, 0, 62)
21 (1, 4, 0, 23, 0, 61, 0, 48, 4, 5, 0, 165)
22 (1, 4, 0, 41, 0, 60, 0, 42, 4, 4, 0, 246)
23 (1, 4, 0, 38, 1, 60, 0, 49, 4, 4, 0, 140)
24 (1, 4, 0, 50, 0, 54, 0, 49, 4, 4, 0, 101)
25 (1, 4, 14, 47, 3, 49, 0, 56, 3, 4, 0, 118)
26 (1, 4, 0, 35, 0, 49, 0, 55, 3, 3, 0, 31)
27 (1, 4, 0, 27, 0, 52, 0, 58, 2, 3, 0, 78)
28 (1, 4, 0, 22, 0, 53, 0, 56, 2, 2, 0, 95)
29 (1, 4, 0, 5, 0, 54, 0, 56, 2, 2, 0, 199)
30 (1, 4, 0, 5, 0, 58, 0, 52, 2, 2, 0, 220)
31 (1, 4, 0, 14, 0, 60, 0, 53, 2, 2, 0, 42)
0 (1, 4, 238, 127, 0, 0, 0, 0, 0, 0, 0, 224)
1 (1, 4, 256, 118, 0, 0, 0, 0, 1, 1, 0, 226)
2 (1, 4, 181, 227, 0, 0, 0, 0, 2, 2, 0, 240)
3 (1, 4, 126, 413, 0, 0, 0, 0, 4, 3, 0, 239)
4 (1, 4, 0, 834, 0, 0, 0, 0, 5, 4, 0, 254)
5 (1, 4, 0, 870, 0, 0, 0, 0, 5, 5, 0, 141)
6 (1, 4, 0, 700, 0, 0, 0, 0, 5, 5, 0, 85)
7 (1, 4, 0, 441, 106, 0, 0, 42, 5, 5, 0, 118)
8 (1, 4, 106, 107, 136, 0, 0, 75, 5, 5, 0, 223)
9 (1, 4, 15, 0, 16, 0, 0, 76, 5, 5, 0, 172)
10 (1, 4, 0, 0, 22, 46, 0, 56, 4, 5, 0, 244)
11 (1, 4, 0, 9, 0, 48, 0, 62, 4, 5, 0, 125)
12 (1, 4, 74, 0, 71, 33, 0, 63, 4, 5, 0, 183)
13 (1, 4, 16, 0, 0, 38, 0, 64, 4, 4, 0, 84)
14 (1, 4, 55, 0, 13, 45, 0, 60, 4, 4, 0, 190)
15 (1, 4, 6, 0, 6, 42, 0, 64, 4, 4, 0, 101)
16 (1, 4, 25, 0, 0, 37, 0, 68, 4, 4, 0, 126)
17 (1, 4, 7, 0, 0, 43, 0, 61, 4, 4, 0, 114)
18 (1, 4, 14, 0, 0, 47, 0, 61, 4, 4, 0, 112)
19 (1, 4, 0, 0, 0, 45, 0, 67, 4, 4, 0, 11)
20 (1, 4, 7, 0, 0, 47, 0, 63, 4, 4, 0, 183)
21 (1, 4, 0, 1, 0, 46, 0, 62, 4, 4, 0, 232)
22 (1, 4, 5, 0, 0, 45, 0, 64, 4, 4, 0, 91)
23 (1, 4, 2, 0, 0, 45, 0, 65, 4, 4, 0, 174)
24 (1, 4, 30, 0, 15, 46, 0, 63, 4, 4, 0, 111)
25 (1, 4, 0, 0, 0, 44, 0, 64, 4, 4, 0, 114)
26 (1, 4, 0, 0, 0, 46, 0, 63, 4, 4, 0, 130)
27 (1, 4, 0, 0, 0, 51, 0, 60, 4, 4, 0, 136)
28 (1, 4, 0, 0, 0, 49, 0, 59, 4, 4, 0, 165)
29 (1, 4, 0, 0, 0, 51, 0, 62, 4, 4, 0, 49)
30 (1, 4, 0, 0, 0, 52, 0, 61, 4, 4, 0, 10)
31 (1, 4, 0, 0, 0, 52, 0, 57, 4, 4, 0, 127)
0 (1, 4, 107, 186, 0, 0, 0, 0, 4, 4, 0, 10)
1 (1, 4, 112, 205, 0, 0, 0, 0, 5, 4, 0, 200)
2 (1, 4, 135, 265, 0, 0, 0, 0, 5, 5, 0, 143)
3 (1, 4, 141, 320, 0, 0, 0, 0, 5, 5, 0, 102)
4 (1, 4, 212, 407, 0, 0, 0, 0, 5, 5, 0, 144)
5 (1, 4, 168, 516, 0, 0, 0, 0, 5, 5, 0, 230)
6 (1, 4, 56, 666, 0, 0, 0, 0, 5, 5, 0, 119)
7 (1, 4, 61, 751, 0, 0, 0, 0, 5, 5, 0, 14)
8 (1, 4, 28, 745, 0, 0, 0, 0, 5, 5, 0, 112)
9 (1, 4, 38, 534, 24, 0, 0, 4, 5, 5, 0, 29)
10 (1, 4, 18, 316, 75, 0, 0, 49, 5, 5, 0, 209)
11 (1, 4, 56, 109, 125, 0, 0, 61, 5, 5, 0, 167)
12 (1, 4, 0, 43, 101, 2, 0, 43, 5, 5, 0, 38)
13 (1, 4, 0, 9, 42, 32, 0, 47, 5, 5, 0, 137)
14 (1, 4, 17, 14, 0, 35, 0, 48, 5, 5, 0, 3)
15 (1, 4, 46, 1, 0, 32, 0, 50, 5, 5, 0, 87)
16 (1, 4, 14, 0, 0, 40, 0, 51, 5, 5, 0, 2)
17 (1, 4, 51, 0, 0, 39, 0, 56, 5, 5, 0, 74)
18 (1, 4, 67, 0, 0, 45, 0, 57, 5, 5, 0, 253)
19 (1, 4, 16, 0, 0, 49, 0, 52, 5, 5, 0, 181)
20 (1, 4, 15, 0, 0, 54, 0, 56, 5, 5, 0, 205)
21 (1, 4, 0, 7, 0, 56, 0, 56, 5, 5, 0, 47)
22 (1, 4, 0, 0, 2, 56, 0, 54, 5, 5, 0, 36)
23 (1, 4, 0, 12, 28, 53, 0, 53, 5, 5, 0, 2)
24 (1, 4, 0, 0, 7, 54, 0, 51, 5, 5, 0, 254)
25 (1, 4, 0, 9, 28, 53, 0, 49, 5, 5, 0, 24)
26 (1, 4, 0, 11, 8, 50, 0, 52, 5, 5, 0, 163)
27 (1, 4, 3, 14, 29, 48, 0, 50, 5, 5, 0, 153)
28 (1, 4, 0, 23, 9, 49, 0, 50, 5, 5, 0, 210)
29 (1, 4, 0, 16, 11, 49, 0, 50, 4, 5, 0, 157)
30 (1, 4, 0, 4, 0, 47, 0, 50, 4, 5, 0, 108)
31 (1, 4, 3, 3, 0, 48, 0, 48, 4, 5, 0, 151)

