0 (1, 4, 66, 0, 0, 14, 0, 37, 6, 6, 0, 108)
1 (1, 4, 21, 0, 0, 39, 0, 40, 6, 6, 0, 97)
2 (1, 4, 39, 0, 0, 48, 0, 40, 6, 6, 0, 240)
3 (1, 4, 99, 0, 0, 43, 0, 36, 6, 6, 0, 240)
4 (1, 4, 38, 0, 0, 44, 8, 29, 6, 6, 0, 148)
5 (1, 4, 0, 0, 16, 33, 27, 28, 6, 6, 0, 66)
6 (1, 4, 0, 0, 164, 14, 38, 25, 6, 6, 0, 89)
7 (1, 4, 0, 0, 320, 0, 44, 22, 6, 6, 0, 222)
8 (1, 4, 0, 0, 537, 0, 0, 10, 6, 6, 0, 246)
9 (1, 4, 0, 0, 557, 0, 0, 0, 6, 6, 0, 122)
10 (1, 4, 0, 16, 182, 134, 0, 0, 6, 6, 0, 199)
11 (1, 4, 0, 74, 0, 117, 0, 9, 6, 6, 0, 136)
12 (1, 4, 47, 136, 0, 41, 0, 4, 6, 6, 0, 28)
13 (1, 4, 107, 143, 0, 0, 0, 0, 5, 6, 0, 114)
14 (1, 4, 85, 97, 0, 0, 5, 0, 5, 6, 0, 223)
15 (1, 4, 0, 28, 0, 0, 110, 19, 5, 6, 0, 148)
16 (1, 4, 45, 0, 447, 0, 129, 59, 5, 6, 0, 168)
17 (1, 4, 0, 0, 722, 0, 0, 0, 5, 6, 0, 14)
18 (1, 4, 5, 0, 295, 116, 0, 0, 5, 6, 0, 41)
19 (1, 4, 0, 0, 0, 123, 0, 0, 5, 6, 0, 252)
20 (1, 4, 20, 58, 0, 61, 0, 0, 5, 6, 0, 206)
21 (1, 4, 85, 127, 0, 38, 0, 0, 5, 5, 0, 54)
22 (1, 4, 197, 136, 0, 16, 0, 1, 5, 5, 0, 99)
23 (1, 4, 182, 74, 0, 27, 0, 21, 5, 5, 0, 79)
24 (1, 4, 205, 59, 0, 36, 0, 21, 4, 5, 0, 207)
25 (1, 4, 82, 0, 0, 59, 6, 18, 3, 4, 0, 186)
26 (1, 4, 57, 0, 0, 69, 26, 13, 2, 2, 0, 117)
27 (1, 4, 86, 0, 0, 87, 88, 0, 1, 2, 0, 166)
28 (1, 4, 45, 31, 0, 90, 68, 0, 0, 1, 0, 89)
29 (1, 4, 91, 97, 98, 83, 48, 0, 0, 0, 0, 32)
0 (1, 4, 0, 80, 0, 0, 0, 169, 0, 1, 0, 233)
1 (1, 4, 78, 0, 0, 0, 0, 142, 0, 1, 0, 100)
2 (1, 4, 4, 0, 0, 0, 0, 132, 0, 1, 0, 210)
3 (1, 4, 12, 0, 0, 0, 0, 110, 1, 1, 0, 253)
4 (1, 4, 0, 0, 0, 0, 0, 70, 1, 1, 0, 254)
5 (1, 4, 0, 0, 0, 0, 0, 60, 1, 1, 0, 154)
6 (1, 4, 31, 0, 0, 2, 11, 24, 1, 1, 0, 128)
7 (1, 4, 0, 0, 0, 54, 25, 13, 1, 1, 0, 86)
8 (1, 4, 0, 154, 11, 85, 27, 30, 1, 1, 0, 181)
9 (1, 4, 0, 265, 184, 62, 36, 38, 1, 1, 0, 127)
10 (1, 4, 0, 256, 488, 0, 0, 79, 1, 1, 0, 59)
11 (1, 4, 0, 31, 452, 0, 0, 62, 1, 1, 0, 250)
12 (1, 4, 0, 0, 590, 0, 0, 65, 1, 1, 0, 97)
13 (1, 4, 0, 0, 540, 0, 0, 38, 2, 2, 0, 38)
14 (1, 4, 187, 152, 635, 0, 0, 24, 2, 2, 0, 17)
15 (1, 4, 0, 182, 320, 0, 0, 31, 1, 2, 0, 83)
16 (1, 4, 33, 0, 49, 0, 0, 26, 1, 1, 0, 43)
17 (1, 4, 0, 11, 0, 0, 0, 32, 1, 1, 0, 189)
18 (1, 4, 0, 32, 0, 0, 0, 28, 1, 1, 0, 249)
19 (1, 4, 0, 73, 18, 0, 0, 21, 1, 1, 0, 219)
20 (1, 4, 0, 82, 47, 0, 0, 18, 1, 1, 0, 53)
21 (1, 4, 0, 80, 20, 0, 0, 16, 1, 1, 0, 103)
22 (1, 4, 41, 47, 3, 0, 0, 20, 1, 1, 0, 160)
23 (1, 4, 136, 41, 9, 0, 0, 8, 1, 1, 0, 20)
24 (1, 4, 33, 31, 8, 0, 0, 12, 1, 1, 0, 77)
25 (1, 4, 40, 15, 0, 0, 0, 12, 1, 1, 0, 238)
26 (1, 4, 0, 35, 0, 0, 0, 10, 1, 1, 0, 62)
27 (1, 4, 5, 41, 0, 0, 0, 9, 1, 1, 0, 176)
28 (1, 4, 0, 15, 0, 0, 0, 8, 1, 1, 0, 44)
29 (1, 4, 0, 0, 0, 0, 0, 4, 1, 1, 0, 2)
30 (1, 4, 0, 8, 0, 0, 0, 5, 1, 1, 0, 110)
31 (1, 4, 0, 10, 0, 0, 0, 4, 1, 1, 0, 220)
0 (1, 4, 166, 211, 0, 117, 0, 0, 5, 5, 0, 54)
1 (1, 4, 5, 66, 0, 51, 0, 6, 5, 5, 0, 120)
2 (1, 4, 167, 113, 0, 10, 0, 11, 5, 5, 0, 116)
3 (1, 4, 31, 18, 0, 0, 0, 13, 5, 5, 0, 165)
4 (1, 4, 31, 11, 0, 0, 38, 28, 5, 5, 0, 210)
5 (1, 4, 39, 0, 70, 0, 209, 20, 5, 5, 0, 64)
6 (1, 4, 0, 0, 571, 0, 0, 1, 5, 5, 0, 176)
7 (1, 4, 0, 0, 630, 2, 0, 0, 5, 5, 0, 220)
8 (1, 4, 0, 0, 0, 216, 0, 0, 4, 5, 0, 70)
9 (1, 4, 33, 68, 0, 97, 0, 0, 5, 5, 0, 224)
10 (1, 4, 0, 87, 0, 83, 0, 0, 5, 5, 0, 176)
11 (1, 4, 108, 324, 0, 14, 0, 0, 4, 4, 0, 90)
12 (1, 4, 244, 379, 0, 0, 0, 0, 3, 4, 0, 94)
13 (1, 4, 285, 221, 0, 4, 10, 0, 2, 2, 0, 184)
14 (1, 4, 75, 66, 0, 32, 54, 0, 1, 1, 0, 2)
15 (1, 4, 47, 0, 0, 58, 82, 1, 1, 1, 0, 128)
16 (1, 4, 12, 32, 0, 61, 108, 0, 0, 1, 0, 47)
17 (1, 4, 136, 117, 187, 58, 111, 0, 0, 0, 0, 69)
18 (1, 4, 0, 393, 509, 26, 114, 0, 0, 0, 0, 109)
19 (1, 4, 0, 573, 687, 0, 15, 0, 0, 0, 0, 137)
20 (1, 4, 0, 734, 700, 0, 0, 33, 0, 0, 0, 2)
21 (1, 4, 217, 500, 626, 0, 0, 163, 0, 0, 0, 192)
22 (1, 4, 0, 99, 0, 0, 0, 186, 0, 0, 0, 76)
23 (1, 4, 154, 0, 0, 0, 0, 126, 0, 0, 0, 246)
24 (1, 4, 0, 56, 0, 0, 0, 103, 1, 1, 0, 144)
25 (1, 4, 40, 0, 0, 0, 0, 70, 1, 1, 0, 73)
26 (1, 4, 130, 0, 0, 0, 14, 0, 1, 1, 0, 174)
27 (1, 4, 0, 185, 0, 1, 22, 0, 0, 1, 0, 58)
28 (1, 4, 0, 213, 78, 35, 15, 38, 0, 1, 0, 163)
29 (1, 4, 0, 354, 261, 45, 24, 70, 0, 1, 0, 244)
30 (1, 4, 0, 478, 407, 0, 0, 46, 0, 1, 0, 166)
0 (1, 4, 62, 0, 0, 0, 0, 0, 1, 1, 0, 4)
1 (1, 4, 0, 0, 0, 0, 0, 4, 1, 1, 0, 2)
2 (1, 4, 0, 0, 0, 0, 0, 0, 2, 2, 0, 108)
3 (1, 4, 159, 0, 0, 0, 0, 0, 3, 3, 0, 202)
4 (1, 4, 0, 0, 0, 0, 0, 5, 3, 3, 0, 207)
5 (1, 4, 0, 0, 0, 0, 0, 9, 4, 4, 0, 111)
6 (1, 4, 0, 0, 0, 0, 0, 3, 4, 4, 0, 60)
7 (1, 4, 0, 0, 0, 0, 0, 2, 4, 4, 0, 227)
8 (1, 4, 39, 12, 0, 0, 0, 12, 5, 5, 0, 72)
9 (1, 4, 70, 6, 0, 0, 0, 12, 5, 5, 0, 214)
10 (1, 4, 99, 0, 0, 0, 0, 19, 5, 5, 0, 186)
11 (1, 4, 110, 0, 0, 0, 83, 39, 5, 5, 0, 239)
12 (1, 4, 48, 0, 368, 0, 142, 0, 5, 5, 0, 183)
13 (1, 4, 0, 0, 553, 9, 0, 0, 5, 5, 0, 216)
14 (1, 4, 0, 8, 45, 102, 0, 0, 5, 5, 0, 22)
15 (1, 4, 0, 101, 0, 49, 0, 0, 5, 5, 0, 124)
16 (1, 4, 102, 101, 0, 0, 0, 24, 4, 5, 0, 76)
17 (1, 4, 308, 0, 0, 0, 160, 72, 4, 5, 0, 186)
18 (1, 4, 0, 0, 481, 0, 102, 0, 4, 5, 0, 10)
19 (1, 4, 49, 0, 486, 64, 0, 0, 4, 5, 0, 21)
20 (1, 4, 0, 0, 0, 108, 0, 0, 4, 5, 0, 137)
21 (1, 4, 0, 38, 0, 73, 0, 0, 4, 5, 0, 118)
22 (1, 4, 89, 99, 0, 36, 0, 0, 4, 4, 0, 65)
23 (1, 4, 138, 120, 0, 0, 0, 0, 2, 3, 0, 237)
24 (1, 4, 179, 110, 0, 28, 0, 0, 1, 2, 0, 220)
25 (1, 4, 264, 218, 0, 30, 0, 0, 1, 1, 0, 117)
26 (1, 4, 565, 86, 0, 16, 0, 33, 0, 1, 0, 220)
27 (1, 4, 455, 0, 0, 43, 39, 25, 0, 0, 0, 121)
28 (1, 4, 146, 0, 0, 93, 54, 0, 0, 0, 0, 183)
29 (1, 4, 188, 0, 0, 111, 66, 0, 0, 0, 0, 117)
0 (1, 4, 0, 36, 0, 6, 0, 123, 1, 1, 0, 150)
1 (1, 4, 0, 0, 0, 0, 0, 122, 0, 1, 0, 113)
2 (1, 4, 43, 0, 0, 0, 0, 86, 1, 1, 0, 136)
3 (1, 4, 26, 0, 0, 0, 0, 49, 1, 1, 0, 86)
4 (1, 4, 44, 0, 0, 0, 0, 37, 1, 1, 0, 243)
5 (1, 4, 36, 0, 0, 0, 0, 19, 1, 1, 0, 61)
6 (1, 4, 0, 150, 0, 68, 5, 41, 1, 1, 0, 7)
7 (1, 4, 0, 362, 40, 84, 10, 53, 1, 1, 0, 250)
8 (1, 4, 0, 491, 322, 0, 0, 45, 1, 1, 0, 209)
9 (1, 4, 0, 371, 449, 0, 0, 73, 1, 1, 0, 217)
10 (1, 4, 0, 160, 457, 0, 0, 32, 1, 1, 0, 106)
11 (1, 4, 0, 45, 304, 0, 0, 10, 1, 1, 0, 230)
12 (1, 4, 363, 297, 573, 0, 0, 0, 1, 1, 0, 53)
13 (1, 4, 0, 29, 92, 0, 0, 6, 1, 1, 0, 96)
14 (1, 4, 0, 0, 0, 0, 0, 4, 2, 2, 0, 25)
15 (1, 4, 11, 0, 0, 0, 0, 0, 2, 2, 0, 14)
16 (1, 4, 0, 0, 0, 0, 0, 12, 3, 3, 0, 250)
17 (1, 4, 4, 0, 0, 0, 0, 9, 3, 3, 0, 104)
18 (1, 4, 38, 0, 0, 0, 0, 1, 3, 3, 0, 89)
19 (1, 4, 52, 10, 0, 0, 0, 8, 4, 3, 0, 103)
20 (1, 4, 157, 0, 0, 0, 0, 19, 4, 4, 0, 92)
21 (1, 4, 43, 101, 0, 0, 0, 0, 5, 4, 0, 179)
22 (1, 4, 0, 189, 0, 0, 0, 0, 5, 5, 0, 45)
23 (1, 4, 9, 257, 0, 0, 0, 0, 5, 5, 0, 125)
24 (1, 4, 25, 319, 0, 0, 0, 0, 5, 5, 0, 58)
25 (1, 4, 222, 319, 0, 0, 0, 2, 5, 5, 0, 53)
26 (1, 4, 171, 301, 0, 0, 37, 35, 5, 5, 0, 72)
27 (1, 4, 0, 0, 0, 0, 203, 61, 5, 5, 0, 5)
28 (1, 4, 0, 0, 547, 0, 0, 27, 5, 5, 0, 243)
29 (1, 4, 0, 0, 430, 48, 0, 0, 5, 5, 0, 210)
30 (1, 4, 0, 12, 0, 53, 0, 0, 5, 5, 0, 71)
31 (1, 4, 38, 138, 0, 13, 0, 0, 5, 5, 0, 244)
0 (1, 4, 0, 257, 0, 71, 0, 0, 5, 5, 0, 139)
1 (1, 4, 125, 451, 0, 0, 0, 0, 4, 5, 0, 102)
2 (1, 4, 130, 251, 0, 0, 0, 2, 4, 5, 0, 203)
3 (1, 4, 217, 179, 0, 7, 0, 0, 4, 4, 0, 127)
4 (1, 4, 96, 92, 0, 29, 51, 0, 3, 3, 0, 207)
5 (1, 4, 0, 0, 0, 40, 50, 13, 2, 2, 0, 71)
6 (1, 4, 0, 0, 0, 37, 63, 0, 1, 1, 0, 220)
7 (1, 4, 0, 27, 0, 26, 89, 0, 0, 1, 0, 9)
8 (1, 4, 336, 200, 201, 8, 97, 0, 0, 0, 0, 144)
9 (1, 4, 0, 316, 367, 10, 103, 0, 0, 0, 0, 233)
10 (1, 4, 0, 587, 716, 0, 48, 0, 0, 0, 0, 129)
11 (1, 4, 0, 873, 873, 0, 0, 82, 0, 0, 0, 244)
12 (1, 4, 0, 574, 666, 0, 0, 110, 0, 0, 0, 113)
13 (1, 4, 0, 144, 85, 0, 0, 203, 0, 0, 0, 19)
14 (1, 4, 118, 0, 37, 0, 0, 141, 0, 0, 0, 10)
15 (1, 4, 4, 49, 41, 0, 0, 150, 0, 0, 0, 19)
16 (1, 4, 56, 0, 0, 0, 0, 137, 0, 0, 0, 150)
17 (1, 4, 19, 0, 0, 0, 0, 119, 0, 0, 0, 168)
18 (1, 4, 25, 0, 0, 0, 0, 113, 0, 0, 0, 8)
19 (1, 4, 0, 0, 0, 3, 0, 106, 0, 1, 0, 131)
20 (1, 4, 0, 0, 0, 5, 0, 112, 0, 1, 0, 65)
21 (1, 4, 0, 1, 3, 8, 0, 109, 0, 1, 0, 71)
22 (1, 4, 0, 21, 9, 3, 0, 115, 0, 1, 0, 67)
23 (1, 4, 36, 0, 8, 2, 0, 119, 0, 1, 0, 76)
24 (1, 4, 0, 0, 0, 8, 0, 112, 0, 1, 0, 218)
25 (1, 4, 0, 0, 11, 7, 0, 116, 0, 1, 0, 13)
26 (1, 4, 2, 0, 9, 6, 0, 110, 0, 1, 0, 161)
27 (1, 4, 0, 0, 0, 5, 0, 97, 0, 1, 0, 77)
28 (1, 4, 0, 0, 0, 8, 0, 77, 1, 1, 0, 138)
29 (1, 4, 0, 25, 0, 11, 0, 67, 1, 1, 0, 234)
30 (1, 4, 0, 96, 0, 0, 0, 52, 1, 1, 0, 49)
31 (1, 4, 0, 51, 0, 0, 0, 27, 1, 1, 0, 83)
0 (1, 4, 0, 0, 0, 0, 0, 0, 1, 1, 0, 119)
1 (1, 4, 0, 0, 0, 0, 0, 0, 1, 1, 0, 119)
2 (1, 4, 0, 0, 0, 0, 0, 0, 1, 1, 0, 119)
3 (1, 4, 0, 0, 0, 0, 0, 4, 1, 1, 0, 2)
4 (1, 4, 83, 0, 0, 0, 0, 6, 1, 1, 0, 192)
5 (1, 4, 0, 0, 0, 0, 0, 3, 1, 1, 0, 17)
6 (1, 4, 0, 0, 0, 0, 0, 0, 1, 1, 0, 119)
7 (1, 4, 33, 0, 0, 0, 0, 0, 2, 2, 0, 165)
8 (1, 4, 68, 70, 0, 0, 0, 0, 3, 2, 0, 139)
9 (1, 4, 104, 93, 0, 0, 0, 0, 4, 4, 0, 90)
10 (1, 4, 92, 72, 0, 0, 19, 0, 5, 5, 0, 76)
11 (1, 4, 175, 40, 0, 0, 69, 72, 6, 5, 0, 35)
12 (1, 4, 90, 0, 454, 0, 304, 0, 6, 5, 0, 77)
13 (1, 4, 0, 0, 569, 0, 0, 0, 5, 6, 0, 253)
14 (1, 4, 0, 0, 0, 144, 0, 0, 5, 5, 0, 9)
15 (1, 4, 32, 0, 0, 13, 0, 21, 5, 5, 0, 118)
16 (1, 4, 120, 0, 0, 0, 329, 61, 5, 5, 0, 14)
17 (1, 4, 0, 0, 550, 0, 0, 0, 5, 5, 0, 102)
18 (1, 4, 0, 0, 142, 94, 0, 0, 5, 5, 0, 247)
19 (1, 4, 0, 92, 0, 134, 0, 0, 5, 5, 0, 55)
20 (1, 4, 136, 138, 0, 79, 0, 0, 5, 5, 0, 153)
21 (1, 4, 427, 217, 0, 0, 0, 0, 5, 5, 0, 4)
22 (1, 4, 414, 122, 0, 0, 0, 0, 4, 4, 0, 7)
23 (1, 4, 446, 86, 0, 33, 7, 0, 2, 3, 0, 168)
24 (1, 4, 174, 0, 0, 70, 49, 0, 1, 1, 0, 151)
25 (1, 4, 206, 8, 0, 72, 64, 0, 0, 1, 0, 89)
26 (1, 4, 147, 33, 0, 45, 105, 0, 0, 0, 0, 51)
27 (1, 4, 0, 299, 269, 13, 79, 0, 0, 0, 0, 49)
28 (1, 4, 0, 579, 537, 0, 45, 0, 0, 0, 0, 83)
29 (1, 4, 0, 654, 603, 0, 0, 0, 0, 0, 0, 143)
30 (1, 4, 0, 873, 873, 0, 0, 0, 0, 0, 0, 219)
31 (1, 4, 0, 470, 189, 0, 0, 237, 0, 0, 0, 231)
0 (1, 4, 76, 0, 0, 0, 0, 15, 0, 0, 0, 70)
1 (1, 4, 0, 0, 0, 0, 14, 18, 0, 0, 0, 196)
2 (1, 4, 0, 0, 0, 19, 37, 17, 1, 0, 0, 81)
3 (1, 4, 0, 63, 207, 14, 58, 28, 1, 1, 0, 123)
4 (1, 4, 0, 338, 873, 0, 0, 43, 1, 1, 0, 250)
5 (1, 4, 0, 389, 873, 0, 0, 38, 0, 1, 0, 57)
6 (1, 4, 0, 41, 556, 0, 0, 0, 0, 1, 0, 119)
7 (1, 4, 0, 30, 433, 0, 0, 0, 0, 0, 0, 162)
8 (1, 4, 0, 198, 272, 0, 0, 0, 0, 0, 0, 105)
9 (1, 4, 0, 225, 0, 0, 0, 0, 0, 0, 0, 139)
10 (1, 4, 0, 48, 0, 0, 0, 0, 0, 0, 0, 221)
11 (1, 4, 15, 0, 0, 0, 0, 0, 0, 0, 0, 36)
12 (1, 4, 50, 17, 23, 0, 0, 0, 0, 0, 0, 11)
13 (1, 4, 146, 0, 33, 0, 0, 0, 0, 0, 0, 253)
14 (1, 4, 100, 0, 16, 0, 0, 0, 0, 0, 0, 119)
15 (1, 4, 49, 0, 3, 0, 0, 0, 0, 0, 0, 236)
16 (1, 4, 72, 0, 0, 0, 0, 0, 0, 0, 0, 135)
17 (1, 4, 85, 0, 0, 0, 0, 0, 0, 0, 0, 33)
18 (1, 4, 75, 7, 23, 0, 0, 0, 0, 0, 0, 13)
19 (1, 4, 43, 16, 30, 0, 0, 0, 0, 1, 0, 99)
20 (1, 4, 70, 8, 35, 0, 0, 0, 0, 0, 0, 37)
21 (1, 4, 76, 0, 11, 0, 0, 0, 0, 1, 0, 211)
22 (1, 4, 6, 4, 0, 0, 0, 0, 0, 1, 0, 235)
23 (1, 4, 0, 0, 0, 0, 0, 0, 0, 1, 0, 21)
24 (1, 4, 0, 10, 0, 0, 0, 0, 0, 1, 0, 203)
25 (1, 4, 14, 7, 3, 0, 0, 0, 0, 1, 0, 248)
26 (1, 4, 28, 7, 0, 0, 0, 0, 0, 1, 0, 191)
27 (1, 4, 0, 13, 0, 0, 0, 0, 0, 1, 0, 201)
28 (1, 4, 0, 12, 0, 0, 0, 0, 0, 1, 0, 124)
29 (1, 4, 0, 13, 0, 0, 0, 0, 0, 1, 0, 201)
30 (1, 4, 0, 13, 0, 0, 0, 0, 0, 1, 0, 201)
31 (1, 4, 0, 6, 0, 0, 0, 0, 0, 1, 0, 162)
0 (1, 4, 203, 172, 0, 0, 0, 0, 2, 2, 0, 56)
1 (1, 4, 378, 155, 0, 0, 0, 0, 3, 2, 0, 197)
2 (1, 4, 255, 102, 0, 0, 22, 4, 4, 3, 0, 186)
3 (1, 4, 0, 35, 0, 0, 86, 16, 5, 4, 0, 127)
4 (1, 4, 0, 0, 0, 0, 196, 102, 5, 5, 0, 182)
5 (1, 4, 0, 0, 617, 0, 114, 0, 5, 5, 0, 164)
6 (1, 4, 0, 0, 516, 0, 0, 0, 5, 5, 0, 183)
7 (1, 4, 3, 118, 14, 157, 0, 0, 5, 5, 0, 218)
8 (1, 4, 95, 104, 0, 50, 0, 0, 5, 5, 0, 178)
9 (1, 4, 311, 175, 0, 0, 0, 0, 5, 5, 0, 46)
10 (1, 4, 195, 0, 0, 0, 300, 65, 5, 4, 0, 16)
11 (1, 4, 0, 0, 639, 0, 144, 0, 4, 4, 0, 114)
12 (1, 4, 0, 0, 487, 26, 0, 0, 4, 5, 0, 76)
13 (1, 4, 0, 43, 0, 139, 0, 0, 4, 5, 0, 236)
14 (1, 4, 68, 47, 0, 105, 0, 0, 4, 4, 0, 67)
15 (1, 4, 319, 218, 0, 46, 0, 0, 5, 5, 0, 66)
16 (1, 4, 380, 187, 0, 0, 0, 0, 4, 4, 0, 119)
17 (1, 4, 466, 139, 0, 0, 0, 0, 2, 3, 0, 15)
18 (1, 4, 297, 19, 0, 29, 68, 0, 1, 1, 0, 224)
19 (1, 4, 65, 0, 0, 54, 99, 0, 0, 1, 0, 82)
20 (1, 4, 52, 13, 0, 48, 101, 0, 0, 0, 0, 46)
21 (1, 4, 17, 117, 156, 25, 124, 0, 0, 0, 0, 19)
22 (1, 4, 0, 382, 480, 0, 91, 0, 0, 0, 0, 195)
23 (1, 4, 0, 707, 754, 0, 14, 0, 0, 0, 0, 39)
24 (1, 4, 0, 792, 873, 0, 0, 88, 0, 0, 0, 50)
25 (1, 4, 0, 499, 469, 0, 0, 173, 0, 0, 0, 235)
26 (1, 4, 305, 0, 25, 0, 0, 167, 0, 0, 0, 58)
27 (1, 4, 0, 115, 9, 0, 0, 157, 0, 0, 0, 183)
28 (1, 4, 0, 0, 0, 0, 0, 144, 0, 0, 0, 39)
29 (1, 4, 3, 0, 0, 0, 0, 69, 0, 0, 0, 131)
0 (1, 4, 0, 0, 0, 142, 0, 0, 4, 5, 0, 38)
1 (1, 4, 46, 16, 0, 50, 0, 0, 4, 5, 0, 227)
2 (1, 4, 283, 0, 0, 0, 0, 28, 4, 4, 0, 150)
3 (1, 4, 130, 0, 0, 0, 329, 28, 4, 4, 0, 174)
4 (1, 4, 0, 0, 774, 0, 15, 0, 4, 4, 0, 101)
5 (1, 4, 0, 0, 408, 197, 0, 0, 4, 4, 0, 46)
6 (1, 4, 107, 254, 0, 130, 0, 0, 4, 4, 0, 192)
7 (1, 4, 25, 207, 0, 102, 0, 0, 4, 4, 0, 137)
8 (1, 4, 161, 300, 0, 0, 0, 0, 4, 4, 0, 200)
9 (1, 4, 273, 252, 0, 0, 0, 0, 3, 4, 0, 215)
10 (1, 4, 271, 149, 0, 18, 0, 0, 1, 2, 0, 84)
11 (1, 4, 251, 36, 0, 25, 0, 0, 0, 1, 0, 196)
12 (1, 4, 134, 0, 0, 32, 44, 0, 0, 0, 0, 137)
13 (1, 4, 19, 0, 0, 68, 84, 0, 0, 0, 0, 89)
14 (1, 4, 0, 0, 0, 50, 100, 0, 0, 0, 0, 170)
15 (1, 4, 0, 85, 245, 17, 125, 0, 0, 0, 0, 147)
16 (1, 4, 0, 769, 873, 0, 19, 0, 0, 0, 0, 39)
17 (1, 4, 0, 748, 873, 0, 0, 112, 0, 0, 0, 103)
18 (1, 4, 0, 442, 543, 0, 0, 93, 0, 0, 0, 173)
19 (1, 4, 121, 153, 58, 0, 0, 206, 0, 0, 0, 51)
20 (1, 4, 18, 0, 0, 0, 0, 163, 0, 0, 0, 207)
21 (1, 4, 0, 0, 0, 0, 0, 160, 0, 0, 0, 85)
22 (1, 4, 0, 0, 0, 0, 0, 130, 0, 0, 0, 77)
23 (1, 4, 33, 0, 0, 0, 0, 57, 0, 0, 0, 240)
24 (1, 4, 0, 0, 0, 0, 10, 5, 0, 0, 0, 231)
25 (1, 4, 0, 114, 0, 0, 13, 0, 1, 1, 0, 97)
26 (1, 4, 0, 258, 0, 19, 53, 0, 1, 1, 0, 59)
27 (1, 4, 0, 378, 352, 17, 46, 79, 1, 1, 0, 189)
28 (1, 4, 0, 447, 749, 0, 59, 33, 1, 1, 0, 5)
29 (1, 4, 0, 270, 761, 0, 0, 42, 0, 1, 0, 31)
30 (1, 4, 0, 145, 520, 0, 0, 0, 0, 1, 0, 198)
31 (1, 4, 0, 2, 314, 0, 0, 0, 0, 0, 0, 92)
0 (1, 4, 0, 0, 0, 242, 0, 0, 5, 5, 0, 11)
1 (1, 4, 42, 165, 0, 42, 0, 0, 5, 5, 0, 123)
2 (1, 4, 280, 238, 0, 0, 44, 78, 5, 5, 0, 201)
3 (1, 4, 0, 0, 370, 0, 495, 11, 5, 5, 0, 78)
4 (1, 4, 0, 0, 461, 9, 0, 0, 4, 5, 0, 247)
5 (1, 4, 13, 0, 0, 143, 0, 0, 4, 5, 0, 127)
6 (1, 4, 0, 0, 0, 109, 0, 0, 4, 5, 0, 150)
7 (1, 4, 197, 94, 0, 39, 0, 0, 4, 5, 0, 201)
8 (1, 4, 248, 101, 0, 0, 0, 0, 4, 5, 0, 212)
9 (1, 4, 376, 101, 0, 0, 0, 0, 4, 5, 0, 195)
10 (1, 4, 374, 87, 0, 27, 0, 11, 4, 4, 0, 144)
11 (1, 4, 337, 0, 0, 52, 52, 23, 2, 3, 0, 171)
12 (1, 4, 178, 0, 0, 80, 69, 7, 1, 2, 0, 85)
13 (1, 4, 156, 0, 0, 77, 99, 0, 1, 1, 0, 24)
14 (1, 4, 174, 60, 0, 79, 114, 0, 0, 1, 0, 73)
15 (1, 4, 96, 117, 135, 56, 109, 0, 0, 0, 0, 193)
16 (1, 4, 15, 322, 369, 35, 116, 0, 0, 0, 0, 37)
17 (1, 4, 0, 715, 619, 0, 91, 0, 0, 0, 0, 55)
18 (1, 4, 85, 873, 873, 0, 0, 99, 0, 0, 0, 6)
19 (1, 4, 0, 207, 119, 0, 0, 193, 0, 0, 0, 194)
20 (1, 4, 313, 0, 0, 8, 0, 119, 0, 0, 0, 249)
21 (1, 4, 0, 127, 0, 0, 0, 128, 0, 0, 0, 101)
22 (1, 4, 16, 0, 0, 0, 0, 105, 0, 0, 0, 79)
23 (1, 4, 0, 0, 0, 0, 0, 34, 0, 0, 0, 102)
24 (1, 4, 0, 0, 0, 0, 0, 10, 0, 0, 0, 45)
25 (1, 4, 0, 6, 0, 12, 30, 2, 1, 1, 0, 168)
26 (1, 4, 0, 138, 145, 43, 39, 0, 1, 1, 0, 231)
27 (1, 4, 0, 394, 661, 0, 41, 6, 2, 2, 0, 209)
28 (1, 4, 0, 528, 873, 0, 0, 17, 1, 2, 0, 160)
29 (1, 4, 0, 129, 710, 0, 0, 28, 1, 2, 0, 243)
30 (1, 4, 0, 16, 542, 0, 0, 0, 2, 2, 0, 5)
0 (1, 4, 71, 288, 0, 0, 0, 0, 1, 1, 0, 243)
1 (1, 4, 136, 418, 0, 0, 0, 0, 2, 2, 0, 66)
2 (1, 4, 178, 425, 0, 0, 0, 0, 3, 3, 0, 107)
3 (1, 4, 216, 365, 0, 0, 0, 0, 4, 4, 0, 46)
4 (1, 4, 260, 326, 0, 0, 0, 0, 5, 4, 0, 211)
5 (1, 4, 187, 294, 0, 0, 0, 0, 5, 5, 0, 147)
6 (1, 4, 141, 221, 0, 0, 0, 1, 5, 5, 0, 224)
7 (1, 4, 148, 165, 0, 8, 0, 15, 5, 5, 0, 51)
8 (1, 4, 3, 70, 0, 5, 41, 25, 5, 5, 0, 69)
9 (1, 4, 0, 0, 72, 0, 122, 49, 5, 5, 0, 24)
10 (1, 4, 0, 0, 455, 0, 98, 0, 5, 5, 0, 4)
11 (1, 4, 0, 0, 666, 0, 0, 0, 5, 5, 0, 244)
12 (1, 4, 0, 0, 0, 137, 0, 0, 5, 5, 0, 25)
13 (1, 4, 101, 186, 0, 8, 0, 0, 5, 5, 0, 175)
14 (1, 4, 141, 185, 0, 0, 0, 0, 4, 5, 0, 198)
15 (1, 4, 205, 0, 0, 0, 358, 81, 4, 5, 0, 183)
16 (1, 4, 0, 0, 780, 0, 0, 0, 4, 5, 0, 52)
17 (1, 4, 0, 0, 35, 181, 0, 0, 4, 5, 0, 164)
18 (1, 4, 14, 106, 0, 90, 0, 0, 4, 5, 0, 30)
19 (1, 4, 201, 197, 0, 52, 0, 0, 4, 5, 0, 92)
20 (1, 4, 385, 328, 0, 0, 0, 0, 4, 5, 0, 253)
21 (1, 4, 518, 162, 0, 0, 0, 0, 4, 4, 0, 212)
22 (1, 4, 425, 84, 0, 0, 65, 0, 3, 3, 0, 144)
23 (1, 4, 109, 0, 0, 22, 128, 0, 1, 2, 0, 67)
24 (1, 4, 0, 0, 0, 41, 151, 0, 0, 1, 0, 194)
25 (1, 4, 0, 0, 112, 55, 149, 0, 0, 1, 0, 7)
26 (1, 4, 0, 81, 347, 25, 86, 0, 0, 0, 0, 105)
27 (1, 4, 0, 302, 538, 0, 32, 0, 0, 0, 0, 6)
28 (1, 4, 0, 731, 781, 0, 0, 0, 0, 0, 0, 170)
29 (1, 4, 250, 873, 873, 0, 0, 136, 0, 0, 0, 108)
30 (1, 4, 0, 544, 507, 0, 0, 125, 0, 0, 0, 215)
0 (1, 4, 55, 0, 0, 0, 34, 7, 0, 0, 0, 159)
1 (1, 4, 0, 103, 0, 38, 59, 0, 0, 0, 0, 84)
2 (1, 4, 0, 265, 230, 38, 73, 23, 0, 0, 0, 209)
3 (1, 4, 0, 338, 602, 0, 15, 32, 0, 0, 0, 177)
4 (1, 4, 0, 259, 873, 0, 0, 20, 0, 0, 0, 47)
5 (1, 4, 0, 162, 517, 0, 0, 0, 0, 0, 0, 160)
6 (1, 4, 0, 0, 353, 0, 0, 0, 0, 0, 0, 178)
7 (1, 4, 0, 39, 203, 0, 0, 0, 0, 0, 0, 179)
8 (1, 4, 0, 0, 171, 0, 0, 0, 0, 0, 0, 118)
9 (1, 4, 0, 182, 0, 0, 0, 0, 0, 0, 0, 107)
10 (1, 4, 0, 139, 0, 0, 0, 0, 0, 0, 0, 20)
11 (1, 4, 325, 0, 27, 0, 0, 0, 0, 0, 0, 187)
12 (1, 4, 77, 82, 76, 0, 3, 0, 0, 0, 0, 172)
13 (1, 4, 18, 68, 76, 0, 7, 0, 0, 0, 0, 170)
14 (1, 4, 0, 40, 0, 0, 0, 0, 0, 0, 0, 15)
15 (1, 4, 0, 28, 0, 0, 0, 0, 0, 0, 0, 118)
16 (1, 4, 3, 4, 0, 0, 0, 0, 0, 0, 0, 182)
17 (1, 4, 68, 0, 26, 0, 0, 0, 0, 0, 0, 35)
18 (1, 4, 44, 0, 17, 0, 0, 0, 0, 0, 0, 26)
19 (1, 4, 0, 7, 0, 0, 0, 0, 0, 0, 0, 124)
20 (1, 4, 0, 0, 0, 0, 0, 0, 0, 0, 0, 126)
21 (1, 4, 0, 0, 0, 0, 0, 0, 0, 0, 0, 126)
22 (1, 4, 11, 0, 0, 0, 0, 0, 0, 0, 0, 28)
23 (1, 4, 7, 0, 10, 0, 0, 0, 0, 0, 0, 199)
24 (1, 4, 0, 0, 0, 0, 0, 0, 0, 0, 0, 126)
25 (1, 4, 0, 0, 0, 0, 0, 0, 0, 0, 0, 126)
26 (1, 4, 0, 0, 0, 0, 0, 0, 0, 0, 0, 126)
27 (1, 4, 0, 7, 0, 0, 0, 0, 0, 0, 0, 124)
28 (1, 4, 24, 19, 15, 0, 0, 0, 0, 0, 0, 14)
29 (1, 4, 44, 4, 13, 0, 0, 0, 0, 0, 0, 93)
30 (1, 4, 40, 6, 14, 0, 0, 0, 0, 0, 0, 179)
31 (1, 4, 0, 13, 0, 0, 0, 0, 0, 0, 0, 162)
0 (1, 4, 45, 0, 0, 0, 0, 0, 0, 0, 0, 255)
1 (1, 4, 13, 0, 0, 0, 0, 0, 0, 1, 0, 83)
2 (1, 4, 41, 0, 0, 0, 0, 0, 1, 1, 0, 206)
3 (1, 4, 11, 0, 0, 0, 0, 0, 1, 1, 0, 21)
4 (1, 4, 53, 21, 0, 0, 0, 0, 2, 2, 0, 115)
5 (1, 4, 128, 8, 0, 0, 0, 0, 3, 2, 0, 168)
6 (1, 4, 0, 78, 0, 0, 0, 0, 4, 3, 0, 203)
7 (1, 4, 139, 149, 0, 0, 0, 0, 4, 4, 0, 34)
8 (1, 4, 295, 155, 0, 0, 0, 5, 5, 5, 0, 29)
9 (1, 4, 334, 55, 0, 0, 1, 21, 5, 5, 0, 45)
10 (1, 4, 169, 0, 0, 0, 74, 25, 5, 5, 0, 48)
11 (1, 4, 52, 0, 0, 0, 198, 40, 5, 5, 0, 56)
12 (1, 4, 0, 0, 621, 0, 72, 0, 5, 5, 0, 65)
13 (1, 4, 0, 0, 593, 0, 0, 0, 5, 5, 0, 249)
14 (1, 4, 0, 0, 0, 116, 0, 0, 5, 5, 0, 228)
15 (1, 4, 15, 140, 0, 28, 0, 0, 5, 5, 0, 18)
16 (1, 4, 277, 169, 0, 0, 0, 33, 5, 5, 0, 60)
17 (1, 4, 356, 0, 0, 0, 331, 87, 5, 5, 0, 225)
18 (1, 4, 0, 0, 644, 0, 48, 0, 5, 5, 0, 206)
19 (1, 4, 63, 0, 451, 71, 0, 0, 4, 5, 0, 40)
20 (1, 4, 29, 13, 0, 111, 0, 0, 4, 5, 0, 210)
21 (1, 4, 0, 3, 0, 49, 0, 0, 4, 5, 0, 232)
22 (1, 4, 171, 14, 0, 71, 0, 0, 4, 4, 0, 102)
23 (1, 4, 486, 142, 0, 0, 0, 0, 4, 4, 0, 34)
24 (1, 4, 257, 68, 0, 0, 0, 0, 3, 3, 0, 48)
25 (1, 4, 231, 0, 0, 13, 0, 0, 2, 2, 0, 134)
26 (1, 4, 28, 0, 0, 63, 65, 0, 1, 1, 0, 7)
27 (1, 4, 0, 0, 0, 66, 40, 0, 0, 1, 0, 50)
28 (1, 4, 0, 0, 0, 71, 86, 0, 0, 0, 0, 120)
29 (1, 4, 0, 0, 0, 55, 67, 0, 0, 0, 0, 172)
30 (1, 4, 0, 41, 243, 28, 62, 0, 0, 0, 0, 161)
0 (1, 4, 95, 0, 0, 0, 0, 170, 0, 0, 0, 53)
1 (1, 4, 166, 0, 0, 0, 0, 118, 0, 0, 0, 115)
2 (1, 4, 0, 0, 0, 0, 0, 124, 0, 0, 0, 214)
3 (1, 4, 176, 0, 0, 0, 0, 79, 0, 0, 0, 240)
4 (1, 4, 16, 0, 0, 0, 0, 17, 0, 0, 0, 146)
5 (1, 4, 90, 0, 0, 0, 0, 8, 0, 0, 0, 145)
6 (1, 4, 0, 140, 0, 31, 31, 0, 0, 0, 0, 104)
7 (1, 4, 0, 358, 6, 35, 48, 26, 0, 0, 0, 220)
8 (1, 4, 0, 343, 400, 0, 39, 62, 0, 0, 0, 153)
9 (1, 4, 0, 331, 833, 0, 0, 35, 0, 0, 0, 60)
10 (1, 4, 0, 213, 677, 0, 0, 0, 0, 0, 0, 141)
11 (1, 4, 0, 0, 429, 0, 0, 0, 0, 0, 0, 90)
12 (1, 4, 0, 0, 456, 0, 0, 0, 0, 0, 0, 149)
13 (1, 4, 0, 237, 175, 0, 0, 0, 0, 0, 0, 180)
14 (1, 4, 0, 265, 0, 0, 0, 0, 0, 0, 0, 157)
15 (1, 4, 0, 0, 0, 0, 0, 20, 0, 0, 0, 216)
16 (1, 4, 0, 41, 8, 0, 0, 0, 0, 0, 0, 6)
17 (1, 4, 92, 42, 67, 0, 0, 0, 0, 0, 0, 3)
18 (1, 4, 8, 27, 18, 0, 6, 0, 0, 0, 0, 69)
19 (1, 4, 0, 0, 0, 0, 0, 0, 0, 0, 0, 126)
20 (1, 4, 14, 0, 0, 0, 0, 0, 0, 0, 0, 42)
21 (1, 4, 19, 10, 7, 0, 0, 0, 0, 0, 0, 183)
22 (1, 4, 35, 10, 21, 0, 0, 0, 0, 0, 0, 192)
23 (1, 4, 7, 3, 11, 0, 0, 0, 0, 0, 0, 139)
24 (1, 4, 4, 4, 5, 0, 0, 0, 0, 0, 0, 86)
25 (1, 4, 9, 11, 10, 0, 0, 0, 0, 0, 0, 248)
26 (1, 4, 35, 7, 14, 0, 0, 0, 0, 0, 0, 100)
27 (1, 4, 35, 0, 6, 0, 0, 0, 0, 0, 0, 218)
28 (1, 4, 13, 4, 0, 0, 0, 0, 0, 0, 0, 226)
29 (1, 4, 2, 5, 0, 0, 0, 0, 0, 0, 0, 13)
30 (1, 4, 0, 9, 0, 0, 0, 0, 0, 0, 0, 120)
31 (1, 4, 2, 9, 0, 0, 0, 0, 0, 0, 0, 100)
0 (1, 4, 183, 12, 0, 5, 0, 18, 5, 5, 0, 43)
1 (1, 4, 236, 0, 0, 23, 0, 23, 5, 5, 0, 42)
2 (1, 4, 224, 0, 0, 9, 25, 22, 5, 5, 0, 205)
3 (1, 4, 24, 0, 0, 0, 96, 23, 5, 6, 0, 169)
4 (1, 4, 0, 0, 274, 0, 168, 13, 5, 6, 0, 91)
5 (1, 4, 0, 0, 871, 0, 0, 0, 5, 6, 0, 233)
6 (1, 4, 0, 0, 654, 28, 0, 0, 5, 6, 0, 27)
7 (1, 4, 20, 87, 0, 198, 0, 0, 5, 6, 0, 236)
8 (1, 4, 40, 115, 0, 60, 0, 0, 5, 5, 0, 134)
9 (1, 4, 137, 196, 0, 0, 0, 0, 5, 5, 0, 96)
10 (1, 4, 126, 0, 0, 0, 379, 83, 5, 5, 0, 146)
11 (1, 4, 0, 0, 802, 0, 60, 0, 5, 5, 0, 207)
12 (1, 4, 0, 0, 388, 105, 0, 0, 5, 5, 0, 122)
13 (1, 4, 116, 215, 0, 205, 0, 0, 5, 5, 0, 199)
14 (1, 4, 92, 240, 0, 132, 0, 0, 5, 5, 0, 130)
15 (1, 4, 321, 441, 0, 0, 0, 0, 5, 5, 0, 151)
16 (1, 4, 369, 197, 0, 0, 0, 0, 4, 4, 0, 21)
17 (1, 4, 257, 81, 0, 0, 12, 0, 3, 3, 0, 28)
18 (1, 4, 0, 0, 0, 17, 62, 0, 1, 2, 0, 122)
19 (1, 4, 0, 0, 0, 52, 99, 0, 1, 1, 0, 137)
20 (1, 4, 0, 0, 0, 54, 130, 0, 0, 1, 0, 143)
21 (1, 4, 0, 0, 82, 27, 146, 0, 0, 0, 0, 184)
22 (1, 4, 0, 68, 503, 0, 117, 0, 0, 0, 0, 28)
23 (1, 4, 0, 465, 873, 0, 27, 0, 0, 0, 0, 200)
24 (1, 4, 0, 843, 873, 0, 0, 0, 0, 0, 0, 116)
25 (1, 4, 276, 865, 873, 0, 0, 99, 0, 0, 0, 48)
26 (1, 4, 0, 270, 0, 0, 0, 172, 0, 0, 0, 43)
27 (1, 4, 94, 0, 0, 0, 0, 174, 0, 0, 0, 78)
28 (1, 4, 16, 99, 109, 0, 0, 166, 0, 0, 0, 147)
29 (1, 4, 0, 0, 0, 0, 0, 151, 0, 0, 0, 52)
0 (1, 4, 171, 0, 0, 0, 39, 26, 5, 5, 0, 6)
1 (1, 4, 202, 0, 55, 0, 176, 64, 5, 5, 0, 62)
2 (1, 4, 0, 0, 545, 0, 99, 0, 5, 5, 0, 31)
3 (1, 4, 0, 0, 621, 72, 0, 0, 5, 5, 0, 183)
4 (1, 4, 123, 108, 0, 258, 0, 0, 5, 5, 0, 225)
5 (1, 4, 211, 87, 0, 16, 0, 14, 5, 5, 0, 12)
6 (1, 4, 221, 44, 0, 0, 71, 64, 5, 5, 0, 245)
7 (1, 4, 0, 0, 77, 0, 380, 0, 5, 5, 0, 125)
8 (1, 4, 0, 0, 808, 0, 0, 0, 5, 5, 0, 246)
9 (1, 4, 0, 0, 0, 312, 0, 0, 5, 5, 0, 221)
10 (1, 4, 98, 255, 0, 171, 0, 0, 5, 5, 0, 12)
11 (1, 4, 271, 410, 0, 89, 0, 0, 5, 5, 0, 149)
12 (1, 4, 455, 349, 0, 0, 0, 0, 5, 5, 0, 60)
13 (1, 4, 525, 216, 0, 0, 0, 0, 4, 5, 0, 35)
14 (1, 4, 402, 106, 0, 0, 31, 0, 3, 4, 0, 43)
15 (1, 4, 265, 0, 0, 34, 75, 0, 1, 2, 0, 49)
16 (1, 4, 0, 0, 0, 73, 84, 0, 0, 1, 0, 91)
17 (1, 4, 0, 0, 0, 51, 94, 0, 0, 0, 0, 14)
18 (1, 4, 0, 35, 246, 31, 92, 0, 0, 0, 0, 113)
19 (1, 4, 0, 238, 521, 0, 99, 0, 0, 0, 0, 52)
20 (1, 4, 0, 803, 873, 0, 0, 0, 0, 0, 0, 134)
21 (1, 4, 151, 873, 873, 0, 0, 85, 0, 0, 0, 56)
22 (1, 4, 0, 587, 321, 0, 0, 194, 0, 0, 0, 31)
23 (1, 4, 73, 0, 0, 0, 0, 162, 0, 0, 0, 27)
24 (1, 4, 94, 94, 148, 0, 0, 139, 0, 0, 0, 115)
25 (1, 4, 0, 163, 0, 0, 0, 163, 0, 0, 0, 40)
26 (1, 4, 134, 0, 0, 0, 0, 124, 0, 0, 0, 231)
27 (1, 4, 128, 0, 0, 0, 5, 18, 0, 0, 0, 155)
28 (1, 4, 14, 0, 0, 0, 7, 9, 0, 0, 0, 119)
29 (1, 4, 124, 159, 0, 12, 22, 0, 0, 0, 0, 89)
30 (1, 4, 0, 330, 0, 46, 67, 0, 0, 0, 0, 4)
0 (1, 4, 0, 0, 790, 0, 0, 0, 5, 5, 0, 186)
1 (1, 4, 0, 0, 0, 303, 0, 0, 5, 5, 0, 119)
2 (1, 4, 168, 74, 0, 43, 0, 0, 5, 5, 0, 156)
3 (1, 4, 207, 64, 0, 0, 0, 9, 4, 5, 0, 65)
4 (1, 4, 86, 0, 0, 0, 322, 17, 5, 5, 0, 233)
5 (1, 4, 0, 0, 835, 0, 98, 5, 4, 5, 0, 217)
6 (1, 4, 0, 0, 601, 1, 0, 0, 5, 5, 0, 90)
7 (1, 4, 62, 88, 0, 233, 0, 0, 4, 5, 0, 101)
8 (1, 4, 0, 155, 0, 108, 0, 0, 4, 5, 0, 130)
9 (1, 4, 258, 455, 0, 29, 0, 0, 4, 5, 0, 38)
10 (1, 4, 164, 387, 0, 0, 0, 0, 4, 5, 0, 231)
11 (1, 4, 301, 420, 0, 0, 0, 0, 4, 5, 0, 78)
12 (1, 4, 163, 226, 0, 2, 40, 0, 4, 5, 0, 46)
13 (1, 4, 0, 21, 0, 46, 67, 0, 3, 4, 0, 191)
14 (1, 4, 0, 0, 0, 64, 88, 0, 2, 2, 0, 231)
15 (1, 4, 0, 0, 0, 68, 102, 0, 1, 1, 0, 216)
16 (1, 4, 0, 0, 223, 30, 106, 0, 0, 0, 0, 59)
17 (1, 4, 0, 144, 542, 0, 45, 0, 0, 0, 0, 64)
18 (1, 4, 0, 527, 805, 0, 0, 0, 0, 0, 0, 209)
19 (1, 4, 0, 873, 873, 0, 0, 55, 0, 0, 0, 186)
20 (1, 4, 0, 708, 663, 0, 0, 32, 0, 0, 0, 155)
21 (1, 4, 0, 286, 21, 0, 0, 201, 0, 0, 0, 177)
22 (1, 4, 207, 0, 0, 0, 0, 166, 0, 0, 0, 95)
23 (1, 4, 83, 0, 0, 0, 0, 143, 0, 0, 0, 118)
24 (1, 4, 15, 0, 0, 0, 0, 136, 0, 0, 0, 68)
25 (1, 4, 350, 0, 0, 0, 0, 55, 0, 0, 0, 32)
26 (1, 4, 214, 0, 0, 0, 31, 0, 0, 0, 0, 10)
27 (1, 4, 0, 0, 0, 5, 42, 0, 0, 0, 0, 35)
28 (1, 4, 0, 81, 0, 27, 39, 0, 0, 0, 0, 98)
29 (1, 4, 0, 199, 42, 40, 66, 0, 0, 0, 0, 106)
0 (1, 4, 202, 0, 0, 0, 0, 0, 0, 0, 0, 142)
1 (1, 4, 405, 0, 0, 0, 0, 0, 1, 1, 0, 182)
2 (1, 4, 0, 0, 0, 0, 0, 0, 1, 1, 0, 119)
3 (1, 4, 0, 0, 0, 0, 0, 0, 2, 2, 0, 108)
4 (1, 4, 0, 4, 0, 0, 0, 0, 4, 3, 0, 150)
5 (1, 4, 0, 22, 0, 0, 0, 0, 5, 4, 0, 238)
6 (1, 4, 30, 137, 0, 0, 0, 0, 5, 5, 0, 224)
7 (1, 4, 280, 61, 0, 0, 0, 0, 6, 5, 0, 24)
8 (1, 4, 241, 28, 0, 0, 0, 0, 5, 6, 0, 83)
9 (1, 4, 222, 0, 0, 0, 36, 15, 5, 6, 0, 209)
10 (1, 4, 201, 0, 0, 0, 119, 62, 5, 6, 0, 162)
11 (1, 4, 108, 0, 300, 0, 235, 0, 5, 6, 0, 192)
12 (1, 4, 0, 0, 873, 0, 0, 0, 5, 5, 0, 153)
13 (1, 4, 0, 0, 461, 7, 0, 0, 5, 5, 0, 47)
14 (1, 4, 166, 202, 0, 201, 0, 0, 5, 5, 0, 102)
15 (1, 4, 165, 266, 0, 10, 0, 0, 5, 5, 0, 74)
16 (1, 4, 307, 0, 0, 0, 364, 155, 5, 5, 0, 151)
17 (1, 4, 0, 0, 703, 0, 18, 0, 5, 5, 0, 183)
18 (1, 4, 163, 0, 153, 159, 0, 0, 5, 5, 0, 202)
19 (1, 4, 112, 389, 0, 93, 0, 0, 4, 5, 0, 173)
20 (1, 4, 25, 269, 0, 78, 0, 0, 4, 5, 0, 249)
21 (1, 4, 259, 378, 0, 0, 0, 0, 4, 5, 0, 58)
22 (1, 4, 228, 260, 0, 0, 0, 0, 4, 5, 0, 109)
23 (1, 4, 310, 102, 0, 0, 0, 0, 3, 4, 0, 132)
24 (1, 4, 192, 0, 0, 29, 34, 0, 2, 3, 0, 8)
25 (1, 4, 105, 0, 0, 39, 79, 0, 1, 1, 0, 64)
26 (1, 4, 60, 0, 0, 61, 114, 0, 0, 1, 0, 159)
27 (1, 4, 0, 0, 164, 55, 105, 0, 0, 0, 0, 195)
28 (1, 4, 0, 127, 360, 30, 81, 0, 0, 0, 0, 160)
29 (1, 4, 0, 458, 622, 0, 52, 0, 0, 0, 0, 222)
30 (1, 4, 349, 873, 870, 0, 0, 103, 0, 0, 0, 88)
0 (1, 4, 16, 0, 0, 0, 0, 44, 0, 0, 0, 160)
1 (1, 4, 90, 0, 0, 0, 0, 13, 0, 0, 0, 59)
2 (1, 4, 112, 69, 0, 10, 31, 0, 0, 0, 0, 214)
3 (1, 4, 0, 263, 0, 63, 58, 0, 0, 0, 0, 153)
4 (1, 4, 0, 420, 156, 35, 73, 13, 0, 0, 0, 196)
5 (1, 4, 0, 357, 622, 0, 0, 41, 0, 0, 0, 83)
6 (1, 4, 0, 310, 667, 0, 0, 6, 0, 0, 0, 112)
7 (1, 4, 0, 0, 440, 0, 0, 0, 0, 0, 0, 239)
8 (1, 4, 0, 0, 397, 0, 0, 0, 0, 0, 0, 164)
9 (1, 4, 0, 5, 281, 0, 0, 0, 0, 0, 0, 27)
10 (1, 4, 0, 89, 123, 0, 0, 0, 0, 0, 0, 231)
11 (1, 4, 0, 96, 0, 0, 0, 0, 0, 0, 0, 63)
12 (1, 4, 0, 123, 0, 0, 0, 0, 0, 0, 0, 53)
13 (1, 4, 65, 54, 64, 0, 0, 0, 0, 0, 0, 22)
14 (1, 4, 69, 9, 62, 0, 0, 0, 0, 0, 0, 139)
15 (1, 4, 66, 45, 82, 0, 0, 0, 0, 0, 0, 94)
16 (1, 4, 27, 12, 36, 0, 0, 0, 0, 0, 0, 53)
17 (1, 4, 46, 0, 36, 0, 0, 0, 0, 0, 0, 77)
18 (1, 4, 52, 1, 28, 0, 0, 0, 0, 0, 0, 73)
19 (1, 4, 88, 0, 38, 0, 0, 0, 0, 0, 0, 232)
20 (1, 4, 47, 0, 28, 0, 0, 0, 0, 0, 0, 126)
21 (1, 4, 46, 6, 29, 0, 0, 0, 0, 0, 0, 83)
22 (1, 4, 13, 8, 5, 0, 0, 0, 0, 0, 0, 65)
23 (1, 4, 0, 11, 0, 0, 0, 0, 0, 0, 0, 21)
24 (1, 4, 0, 17, 0, 0, 0, 0, 0, 0, 0, 170)
25 (1, 4, 5, 9, 0, 0, 0, 0, 0, 0, 0, 78)
26 (1, 4, 35, 0, 6, 0, 0, 0, 0, 0, 0, 218)
27 (1, 4, 0, 10, 0, 0, 0, 0, 0, 0, 0, 160)
28 (1, 4, 12, 7, 4, 0, 0, 0, 0, 0, 0, 106)
29 (1, 4, 14, 9, 2, 0, 0, 0, 0, 0, 0, 3)
30 (1, 4, 32, 0, 9, 0, 0, 0, 0, 0, 0, 145)
31 (1, 4, 34, 0, 11, 0, 0, 0, 0, 0, 0, 162)
0 (1, 4, 177, 214, 0, 0, 0, 21, 5, 4, 0, 41)
1 (1, 4, 118, 39, 0, 0, 46, 28, 6, 5, 0, 46)
2 (1, 4, 49, 0, 0, 0, 167, 60, 6, 6, 0, 221)
3 (1, 4, 0, 0, 507, 0, 206, 0, 6, 6, 0, 103)
4 (1, 4, 0, 0, 749, 0, 0, 0, 5, 6, 0, 214)
5 (1, 4, 0, 0, 0, 294, 0, 0, 5, 6, 0, 45)
6 (1, 4, 69, 81, 0, 41, 0, 0, 5, 5, 0, 181)
7 (1, 4, 141, 154, 0, 0, 15, 37, 5, 5, 0, 28)
8 (1, 4, 4, 0, 150, 0, 488, 62, 5, 5, 0, 49)
9 (1, 4, 0, 0, 713, 0, 0, 0, 5, 5, 0, 203)
10 (1, 4, 0, 0, 0, 244, 0, 0, 5, 5, 0, 73)
11 (1, 4, 0, 209, 0, 132, 0, 0, 5, 5, 0, 212)
12 (1, 4, 188, 443, 0, 58, 0, 0, 5, 5, 0, 221)
13 (1, 4, 233, 421, 0, 4, 0, 0, 5, 5, 0, 67)
14 (1, 4, 502, 386, 0, 0, 0, 0, 4, 5, 0, 37)
15 (1, 4, 453, 178, 0, 3, 20, 0, 3, 4, 0, 83)
16 (1, 4, 149, 0, 0, 45, 63, 4, 1, 2, 0, 47)
17 (1, 4, 143, 0, 0, 45, 111, 0, 0, 1, 0, 150)
18 (1, 4, 129, 0, 0, 34, 127, 0, 0, 0, 0, 137)
19 (1, 4, 0, 106, 296, 0, 123, 0, 0, 0, 0, 38)
20 (1, 4, 0, 516, 747, 0, 36, 0, 0, 0, 0, 206)
21 (1, 4, 0, 873, 758, 0, 0, 0, 0, 0, 0, 81)
22 (1, 4, 10, 873, 873, 0, 0, 106, 0, 0, 0, 0)
23 (1, 4, 0, 464, 254, 0, 0, 177, 0, 0, 0, 25)
24 (1, 4, 0, 0, 0, 0, 0, 166, 0, 0, 0, 153)
25 (1, 4, 179, 14, 88, 0, 0, 142, 0, 0, 0, 206)
26 (1, 4, 23, 0, 0, 0, 0, 130, 0, 0, 0, 135)
27 (1, 4, 206, 0, 0, 0, 0, 52, 0, 0, 0, 177)
28 (1, 4, 140, 0, 0, 0, 40, 0, 0, 0, 0, 239)
29 (1, 4, 0, 257, 0, 27, 13, 0, 0, 0, 0, 91)
30 (1, 4, 0, 437, 0, 9, 36, 5, 0, 0, 0, 245)
31 (1, 4, 0, 487, 293, 0, 50, 61, 0, 0, 0, 248)
0 (1, 4, 0, 0, 0, 0, 0, 24, 1, 1, 0, 78)
1 (1, 4, 0, 0, 0, 0, 0, 32, 1, 1, 0, 214)
2 (1, 4, 0, 0, 0, 0, 0, 19, 2, 2, 0, 217)
3 (1, 4, 0, 0, 0, 0, 0, 19, 3, 3, 0, 208)
4 (1, 4, 0, 0, 0, 0, 0, 2, 4, 4, 0, 227)
5 (1, 4, 0, 60, 0, 0, 0, 0, 5, 4, 0, 242)
6 (1, 4, 135, 40, 0, 0, 0, 0, 5, 5, 0, 29)
7 (1, 4, 166, 14, 0, 0, 0, 14, 5, 5, 0, 135)
8 (1, 4, 270, 0, 0, 0, 4, 18, 5, 5, 0, 140)
9 (1, 4, 168, 0, 0, 0, 48, 16, 5, 5, 0, 170)
10 (1, 4, 145, 0, 0, 0, 87, 37, 5, 5, 0, 84)
11 (1, 4, 44, 0, 540, 0, 232, 0, 5, 5, 0, 25)
12 (1, 4, 0, 0, 873, 0, 0, 0, 5, 5, 0, 153)
13 (1, 4, 0, 0, 600, 0, 0, 0, 5, 5, 0, 209)
14 (1, 4, 0, 0, 0, 121, 0, 0, 5, 5, 0, 127)
15 (1, 4, 66, 90, 0, 0, 0, 4, 4, 5, 0, 237)
16 (1, 4, 3, 0, 0, 0, 366, 52, 5, 5, 0, 146)
17 (1, 4, 0, 13, 855, 0, 0, 0, 4, 5, 0, 107)
18 (1, 4, 0, 0, 0, 202, 0, 0, 4, 5, 0, 143)
19 (1, 4, 0, 86, 0, 109, 0, 0, 4, 5, 0, 195)
20 (1, 4, 162, 420, 0, 65, 0, 0, 4, 5, 0, 201)
21 (1, 4, 139, 369, 0, 0, 0, 0, 4, 5, 0, 54)
22 (1, 4, 311, 262, 0, 0, 0, 0, 4, 4, 0, 7)
23 (1, 4, 151, 66, 0, 0, 5, 0, 2, 3, 0, 172)
24 (1, 4, 0, 0, 0, 49, 37, 0, 1, 1, 0, 225)
25 (1, 4, 0, 0, 0, 77, 53, 0, 0, 1, 0, 73)
26 (1, 4, 0, 0, 0, 53, 62, 0, 0, 0, 0, 91)
27 (1, 4, 0, 65, 192, 23, 62, 0, 0, 0, 0, 176)
28 (1, 4, 0, 409, 478, 0, 50, 0, 0, 0, 0, 98)
29 (1, 4, 0, 774, 790, 0, 0, 0, 0, 0, 0, 8)
30 (1, 4, 43, 873, 873, 0, 0, 125, 0, 0, 0, 9)
31 (1, 4, 0, 534, 98, 0, 0, 181, 0, 0, 0, 29)
0 (1, 4, 129, 0, 0, 0, 0, 0, 0, 0, 0, 101)
1 (1, 4, 198, 0, 0, 0, 0, 0, 0, 0, 0, 198)
2 (1, 4, 250, 0, 0, 0, 0, 0, 0, 0, 0, 169)
3 (1, 4, 132, 0, 0, 0, 0, 0, 0, 0, 0, 83)
4 (1, 4, 122, 0, 0, 0, 0, 0, 0, 0, 0, 188)
5 (1, 4, 0, 0, 0, 0, 0, 1, 1, 1, 0, 168)
6 (1, 4, 0, 0, 0, 0, 0, 0, 1, 1, 0, 119)
7 (1, 4, 42, 0, 0, 0, 0, 0, 3, 2, 0, 165)
8 (1, 4, 51, 0, 0, 0, 0, 0, 5, 4, 0, 13)
9 (1, 4, 165, 0, 0, 0, 0, 8, 6, 5, 0, 251)
10 (1, 4, 153, 0, 0, 0, 54, 28, 6, 6, 0, 22)
11 (1, 4, 166, 0, 16, 0, 153, 75, 6, 6, 0, 1)
12 (1, 4, 0, 0, 538, 0, 46, 0, 6, 6, 0, 195)
13 (1, 4, 0, 0, 651, 0, 0, 0, 5, 6, 0, 162)
14 (1, 4, 47, 0, 0, 268, 0, 0, 5, 6, 0, 159)
15 (1, 4, 155, 53, 0, 35, 0, 8, 5, 5, 0, 42)
16 (1, 4, 216, 0, 0, 0, 326, 36, 5, 6, 0, 46)
17 (1, 4, 0, 0, 618, 0, 6, 0, 5, 5, 0, 110)
18 (1, 4, 0, 0, 146, 143, 0, 0, 5, 5, 0, 250)
19 (1, 4, 96, 232, 0, 142, 0, 0, 5, 5, 0, 249)
20 (1, 4, 47, 201, 0, 131, 0, 0, 5, 5, 0, 198)
21 (1, 4, 315, 400, 0, 10, 0, 0, 5, 5, 0, 87)
22 (1, 4, 365, 263, 0, 0, 0, 0, 5, 5, 0, 190)
23 (1, 4, 433, 80, 0, 0, 7, 0, 4, 5, 0, 133)
24 (1, 4, 200, 0, 0, 19, 84, 0, 3, 4, 0, 53)
25 (1, 4, 0, 0, 0, 56, 118, 0, 2, 2, 0, 9)
26 (1, 4, 0, 0, 18, 49, 107, 0, 1, 1, 0, 123)
27 (1, 4, 0, 132, 378, 28, 115, 0, 0, 0, 0, 123)
28 (1, 4, 0, 559, 763, 0, 31, 0, 0, 0, 0, 218)
29 (1, 4, 0, 704, 706, 0, 0, 0, 0, 0, 0, 174)
0 (1, 4, 88, 0, 0, 0, 21, 0, 0, 0, 0, 120)
1 (1, 4, 84, 319, 0, 0, 40, 0, 0, 0, 0, 20)
2 (1, 4, 0, 359, 0, 10, 61, 0, 1, 1, 0, 196)
3 (1, 4, 0, 423, 318, 0, 36, 20, 1, 1, 0, 10)
4 (1, 4, 0, 665, 664, 0, 0, 3, 0, 0, 0, 59)
5 (1, 4, 0, 159, 390, 0, 0, 0, 0, 0, 0, 114)
6 (1, 4, 0, 0, 354, 0, 0, 0, 0, 0, 0, 9)
7 (1, 4, 0, 0, 252, 0, 0, 0, 0, 0, 0, 23)
8 (1, 4, 0, 74, 0, 0, 0, 0, 0, 0, 0, 35)
9 (1, 4, 0, 143, 0, 0, 0, 0, 0, 0, 0, 206)
10 (1, 4, 0, 34, 0, 0, 0, 0, 0, 0, 0, 209)
11 (1, 4, 30, 76, 54, 0, 0, 0, 0, 0, 0, 208)
12 (1, 4, 0, 150, 7, 0, 0, 0, 0, 0, 0, 76)
13 (1, 4, 7, 0, 0, 0, 0, 7, 0, 0, 0, 71)
14 (1, 4, 98, 6, 54, 0, 0, 0, 0, 0, 0, 107)
15 (1, 4, 78, 0, 28, 0, 0, 0, 0, 0, 0, 62)
16 (1, 4, 58, 0, 16, 0, 0, 0, 0, 0, 0, 74)
17 (1, 4, 2, 15, 0, 0, 0, 0, 0, 0, 0, 211)
18 (1, 4, 1, 9, 0, 0, 0, 0, 0, 0, 0, 118)
19 (1, 4, 8, 3, 5, 0, 0, 0, 0, 0, 0, 28)
20 (1, 4, 0, 11, 0, 0, 0, 0, 0, 0, 0, 21)
21 (1, 4, 6, 7, 0, 0, 0, 0, 0, 0, 0, 88)
22 (1, 4, 9, 8, 0, 0, 0, 0, 0, 0, 0, 179)
23 (1, 4, 0, 12, 0, 0, 0, 0, 0, 0, 0, 23)
24 (1, 4, 5, 9, 0, 0, 0, 0, 0, 0, 0, 78)
25 (1, 4, 0, 3, 0, 0, 0, 0, 0, 0, 0, 166)
26 (1, 4, 3, 2, 0, 0, 0, 0, 0, 0, 0, 1)
27 (1, 4, 0, 10, 0, 0, 0, 0, 0, 0, 0, 160)
28 (1, 4, 0, 6, 0, 0, 0, 0, 0, 0, 0, 201)
29 (1, 4, 0, 7, 0, 0, 0, 0, 0, 0, 0, 124)
30 (1, 4, 0, 4, 0, 0, 0, 0, 0, 0, 0, 164)
31 (1, 4, 0, 5, 0, 0, 0, 0, 0, 0, 0, 17)
0 (1, 4, 0, 0, 0, 0, 0, 0, 0, 0, 0, 126)
1 (1, 4, 89, 0, 0, 0, 0, 0, 0, 0, 0, 105)
2 (1, 4, 15, 0, 0, 0, 0, 0, 1, 1, 0, 45)
3 (1, 4, 0, 0, 0, 0, 0, 0, 1, 1, 0, 119)
4 (1, 4, 0, 0, 0, 0, 0, 0, 2, 2, 0, 108)
5 (1, 4, 0, 38, 0, 0, 0, 0, 3, 3, 0, 16)
6 (1, 4, 0, 93, 0, 0, 0, 0, 4, 4, 0, 100)
7 (1, 4, 109, 116, 0, 0, 0, 4, 5, 4, 0, 191)
8 (1, 4, 239, 59, 0, 0, 0, 18, 5, 5, 0, 240)
9 (1, 4, 162, 0, 0, 0, 53, 26, 6, 5, 0, 169)
10 (1, 4, 131, 0, 0, 0, 144, 50, 6, 6, 0, 53)
11 (1, 4, 0, 0, 512, 0, 158, 0, 6, 6, 0, 147)
12 (1, 4, 0, 0, 753, 0, 0, 0, 5, 6, 0, 75)
13 (1, 4, 0, 0, 0, 145, 0, 0, 5, 5, 0, 22)
14 (1, 4, 71, 41, 0, 8, 0, 61, 5, 5, 0, 254)
15 (1, 4, 0, 0, 23, 0, 316, 74, 5, 5, 0, 102)
16 (1, 4, 0, 0, 190, 15, 0, 0, 5, 5, 0, 75)
17 (1, 4, 0, 72, 0, 78, 0, 0, 5, 5, 0, 12)
18 (1, 4, 0, 236, 0, 90, 0, 0, 5, 5, 0, 158)
19 (1, 4, 79, 520, 0, 48, 0, 0, 5, 5, 0, 224)
20 (1, 4, 36, 561, 0, 0, 0, 0, 5, 5, 0, 119)
21 (1, 4, 92, 583, 0, 0, 0, 0, 4, 5, 0, 92)
22 (1, 4, 5, 379, 0, 10, 0, 0, 4, 4, 0, 4)
23 (1, 4, 0, 226, 0, 42, 0, 0, 2, 3, 0, 5)
24 (1, 4, 0, 76, 0, 57, 30, 3, 1, 2, 0, 234)
25 (1, 4, 0, 0, 0, 65, 34, 26, 0, 1, 0, 160)
26 (1, 4, 41, 0, 0, 67, 82, 3, 0, 0, 0, 56)
27 (1, 4, 0, 0, 98, 55, 80, 0, 0, 0, 0, 136)
28 (1, 4, 0, 0, 320, 23, 54, 0, 0, 0, 0, 235)
29 (1, 4, 0, 264, 592, 0, 6, 0, 0, 0, 0, 7)
30 (1, 4, 0, 739, 712, 0, 0, 0, 0, 0, 0, 39)
31 (1, 4, 33, 873, 873, 0, 0, 107, 0, 0, 0, 122)
0 (1, 4, 0, 0, 0, 0, 0, 31, 0, 0, 0, 84)
1 (1, 4, 19, 0, 0, 0, 0, 13, 0, 0, 0, 204)
2 (1, 4, 87, 0, 0, 0, 21, 4, 0, 0, 0, 87)
3 (1, 4, 0, 134, 0, 35, 48, 20, 0, 0, 0, 46)
4 (1, 4, 0, 345, 227, 25, 55, 52, 0, 0, 0, 199)
5 (1, 4, 0, 193, 483, 0, 36, 46, 0, 0, 0, 50)
6 (1, 4, 0, 185, 867, 0, 0, 35, 0, 0, 0, 68)
7 (1, 4, 0, 0, 584, 0, 0, 0, 0, 0, 0, 131)
8 (1, 4, 0, 0, 407, 0, 0, 0, 0, 0, 0, 72)
9 (1, 4, 0, 0, 328, 0, 0, 0, 0, 0, 0, 100)
10 (1, 4, 0, 16, 155, 0, 0, 0, 0, 0, 0, 150)
11 (1, 4, 0, 60, 0, 0, 0, 0, 0, 0, 0, 180)
12 (1, 4, 0, 155, 0, 0, 0, 0, 0, 0, 0, 117)
13 (1, 4, 0, 179, 0, 0, 0, 0, 0, 0, 0, 4)
14 (1, 4, 301, 0, 81, 0, 0, 0, 0, 0, 0, 237)
15 (1, 4, 116, 64, 89, 0, 0, 0, 0, 0, 0, 199)
16 (1, 4, 43, 25, 43, 0, 12, 0, 0, 0, 0, 103)
17 (1, 4, 0, 3, 0, 0, 0, 0, 0, 0, 0, 166)
18 (1, 4, 0, 0, 0, 0, 0, 0, 0, 0, 0, 126)
19 (1, 4, 20, 13, 7, 0, 0, 0, 0, 0, 0, 159)
20 (1, 4, 33, 7, 20, 0, 0, 0, 0, 0, 0, 148)
21 (1, 4, 30, 0, 15, 0, 0, 0, 0, 0, 0, 147)
22 (1, 4, 12, 5, 1, 0, 0, 0, 0, 0, 0, 205)
23 (1, 4, 0, 7, 0, 0, 0, 0, 0, 0, 0, 124)
24 (1, 4, 0, 4, 0, 0, 0, 0, 0, 0, 0, 164)
25 (1, 4, 0, 3, 0, 0, 0, 0, 0, 0, 0, 166)
26 (1, 4, 0, 7, 0, 0, 0, 0, 0, 0, 0, 124)
27 (1, 4, 0, 5, 0, 0, 0, 0, 0, 0, 0, 17)
28 (1, 4, 0, 5, 0, 0, 0, 0, 0, 0, 0, 17)
29 (1, 4, 0, 3, 0, 0, 0, 0, 0, 0, 0, 166)
30 (1, 4, 0, 4, 0, 0, 0, 0, 0, 0, 0, 164)
31 (1, 4, 0, 6, 0, 0, 0, 0, 0, 0, 0, 201)

