1 (1, 4, 142, 101, 0, 0, 0, 22, 5, 6, 0, 158)
2 (1, 4, 109, 73, 0, 0, 83, 0, 5, 6, 0, 119)
3 (1, 4, 147, 86, 0, 0, 225, 4, 5, 6, 0, 115)
4 (1, 4, 0, 0, 557, 0, 295, 0, 5, 6, 0, 170)
5 (1, 4, 156, 54, 862, 0, 0, 29, 5, 5, 0, 199)
6 (1, 4, 0, 0, 605, 50, 0, 16, 5, 5, 0, 232)
7 (1, 4, 0, 0, 0, 85, 0, 18, 5, 5, 0, 120)
8 (1, 4, 0, 0, 0, 48, 0, 25, 5, 5, 0, 171)
9 (1, 4, 0, 0, 0, 47, 0, 0, 5, 5, 0, 31)
10 (1, 4, 0, 0, 0, 50, 0, 0, 5, 5, 0, 115)
11 (1, 4, 0, 80, 0, 44, 0, 0, 5, 5, 0, 220)
12 (1, 4, 60, 212, 0, 5, 0, 0, 5, 5, 0, 102)
13 (1, 4, 61, 214, 0, 0, 0, 0, 4, 5, 0, 4)
14 (1, 4, 121, 228, 0, 0, 40, 0, 4, 4, 0, 220)
15 (1, 4, 0, 57, 0, 7, 90, 0, 4, 4, 0, 14)
16 (1, 4, 0, 0, 0, 34, 118, 0, 3, 4, 0, 39)
17 (1, 4, 183, 62, 0, 4, 0, 42, 0, 0, 0, 79)
18 (1, 4, 304, 94, 0, 25, 0, 58, 0, 0, 0, 140)
19 (1, 4, 0, 68, 93, 60, 0, 78, 0, 0, 0, 44)
20 (1, 4, 0, 0, 125, 72, 0, 81, 0, 0, 0, 22)
21 (1, 4, 0, 0, 201, 99, 0, 106, 0, 0, 0, 246)
22 (1, 4, 432, 0, 503, 52, 22, 54, 0, 0, 0, 53)
23 (1, 4, 0, 0, 714, 22, 0, 56, 0, 0, 0, 112)
24 (1, 4, 5, 0, 692, 27, 0, 99, 0, 0, 0, 112)
25 (1, 4, 0, 0, 668, 0, 0, 72, 0, 0, 0, 7)
26 (1, 4, 350, 3, 571, 0, 0, 75, 0, 0, 0, 108)
27 (1, 4, 0, 163, 512, 0, 0, 56, 0, 0, 0, 71)
28 (1, 4, 0, 231, 419, 0, 0, 61, 0, 0, 0, 231)
29 (1, 4, 0, 295, 278, 0, 0, 40, 0, 0, 0, 67)
30 (1, 4, 0, 128, 265, 0, 0, 32, 0, 0, 0, 171)
31 (1, 4, 0, 0, 80, 0, 0, 17, 0, 0, 0, 246)
32 (1, 4, 0, 65, 0, 0, 0, 17, 0, 0, 0, 68)
1 (1, 4, 11, 208, 0, 0, 0, 18, 2, 2, 0, 135)
2 (1, 4, 122, 181, 0, 0, 0, 6, 3, 2, 0, 205)
3 (1, 4, 67, 151, 0, 0, 0, 41, 4, 4, 0, 55)
4 (1, 4, 10, 58, 0, 7, 0, 37, 4, 4, 0, 29)
5 (1, 4, 0, 43, 0, 20, 16, 29, 5, 5, 0, 103)
6 (1, 4, 0, 86, 0, 23, 34, 23, 5, 5, 0, 147)
7 (1, 4, 0, 126, 98, 13, 85, 0, 5, 6, 0, 126)
8 (1, 4, 0, 110, 287, 0, 101, 0, 6, 5, 0, 70)
9 (1, 4, 0, 54, 769, 0, 94, 0, 6, 5, 0, 221)
10 (1, 4, 0, 0, 860, 0, 0, 24, 5, 6, 0, 86)
11 (1, 4, 317, 371, 697, 0, 0, 66, 5, 5, 0, 51)
12 (1, 4, 0, 0, 0, 0, 0, 0, 5, 5, 0, 83)
13 (1, 4, 0, 0, 0, 0, 0, 0, 5, 5, 0, 83)
14 (1, 4, 0, 31, 0, 0, 0, 6, 5, 5, 0, 79)
15 (1, 4, 103, 81, 0, 0, 0, 0, 5, 5, 0, 96)
16 (1, 4, 47, 151, 0, 0, 0, 6, 4, 5, 0, 2)
17 (1, 4, 0, 0, 0, 0, 0, 86, 0, 0, 0, 36)
18 (1, 4, 137, 28, 0, 6, 36, 84, 0, 0, 0, 82)
19 (1, 4, 0, 181, 97, 20, 0, 120, 0, 0, 0, 116)
20 (1, 4, 155, 119, 71, 3, 0, 160, 0, 0, 0, 223)
21 (1, 4, 38, 6, 0, 0, 0, 161, 0, 0, 0, 222)
22 (1, 4, 94, 0, 0, 0, 0, 141, 0, 0, 0, 137)
23 (1, 4, 43, 0, 0, 6, 0, 122, 0, 0, 0, 253)
24 (1, 4, 48, 14, 0, 3, 0, 113, 0, 0, 0, 148)
25 (1, 4, 49, 38, 0, 0, 0, 107, 0, 0, 0, 74)
26 (1, 4, 63, 0, 0, 0, 0, 93, 0, 0, 0, 213)
27 (1, 4, 30, 0, 0, 0, 0, 80, 0, 0, 0, 92)
28 (1, 4, 0, 0, 0, 22, 13, 90, 0, 0, 0, 85)
29 (1, 4, 0, 0, 25, 34, 9, 95, 0, 0, 0, 41)
30 (1, 4, 0, 0, 73, 46, 20, 83, 0, 0, 0, 104)
31 (1, 4, 0, 0, 279, 34, 0, 82, 0, 0, 0, 65)
32 (1, 4, 0, 0, 397, 5, 0, 56, 0, 0, 0, 95)
1 (1, 4, 57, 0, 601, 0, 10, 0, 0, 1, 0, 105)
2 (1, 4, 514, 412, 608, 0, 0, 0, 0, 0, 0, 53)
3 (1, 4, 139, 873, 628, 0, 0, 0, 0, 0, 0, 248)
4 (1, 4, 873, 873, 462, 0, 0, 137, 0, 0, 0, 2)
5 (1, 4, 0, 769, 256, 0, 0, 160, 0, 0, 0, 149)
6 (1, 4, 104, 0, 0, 0, 0, 199, 0, 0, 0, 156)
7 (1, 4, 286, 0, 0, 22, 0, 85, 0, 0, 0, 65)
8 (1, 4, 4, 67, 0, 12, 0, 104, 0, 0, 0, 151)
9 (1, 4, 45, 43, 10, 8, 0, 139, 0, 0, 0, 59)
10 (1, 4, 90, 0, 0, 8, 0, 128, 0, 0, 0, 9)
11 (1, 4, 26, 0, 0, 6, 0, 123, 0, 0, 0, 11)
12 (1, 4, 77, 0, 0, 0, 0, 108, 0, 0, 0, 202)
13 (1, 4, 76, 0, 0, 0, 0, 101, 0, 0, 0, 241)
14 (1, 4, 148, 0, 0, 0, 0, 79, 0, 0, 0, 15)
15 (1, 4, 66, 0, 0, 29, 0, 60, 0, 0, 0, 106)
16 (1, 4, 0, 0, 0, 51, 14, 50, 0, 0, 0, 90)
17 (1, 4, 0, 0, 5, 0, 0, 37, 0, 0, 0, 191)
18 (1, 4, 0, 0, 0, 0, 0, 33, 0, 0, 0, 0)
19 (1, 4, 0, 0, 0, 0, 0, 34, 0, 0, 0, 102)
20 (1, 4, 0, 1, 0, 0, 0, 35, 0, 0, 0, 12)
21 (1, 4, 7, 7, 0, 0, 0, 33, 0, 0, 0, 40)
22 (1, 4, 10, 13, 0, 0, 0, 35, 0, 0, 0, 9)
23 (1, 4, 19, 18, 0, 0, 0, 33, 0, 0, 0, 254)
24 (1, 4, 18, 31, 0, 0, 0, 33, 0, 0, 0, 44)
25 (1, 4, 25, 30, 6, 0, 0, 33, 0, 0, 0, 138)
26 (1, 4, 36, 31, 3, 0, 0, 34, 0, 0, 0, 242)
27 (1, 4, 25, 29, 4, 0, 0, 34, 0, 0, 0, 27)
28 (1, 4, 15, 19, 2, 0, 0, 33, 0, 0, 0, 204)
29 (1, 4, 15, 15, 0, 0, 0, 33, 0, 0, 0, 235)
30 (1, 4, 0, 11, 0, 0, 0, 33, 0, 0, 0, 107)
31 (1, 4, 62, 26, 0, 78, 0, 34, 5, 5, 0, 232)
32 (1, 4, 5, 13, 0, 63, 23, 42, 5, 5, 0, 29)
1 (1, 4, 14, 5, 64, 33, 41, 42, 5, 5, 0, 34)
2 (1, 4, 10, 0, 236, 0, 56, 27, 5, 5, 0, 63)
3 (1, 4, 0, 0, 379, 0, 107, 44, 5, 5, 0, 16)
4 (1, 4, 0, 0, 873, 0, 85, 0, 5, 5, 0, 156)
5 (1, 4, 121, 0, 859, 0, 0, 2, 5, 5, 0, 94)
6 (1, 4, 0, 104, 581, 0, 0, 66, 5, 5, 0, 214)
7 (1, 4, 0, 0, 3, 36, 0, 0, 5, 5, 0, 125)
8 (1, 4, 0, 49, 0, 3, 0, 18, 4, 5, 0, 108)
9 (1, 4, 0, 10, 0, 0, 0, 28, 4, 5, 0, 163)
10 (1, 4, 0, 0, 0, 0, 0, 17, 4, 5, 0, 61)
11 (1, 4, 1, 0, 0, 2, 0, 11, 4, 4, 0, 230)
12 (1, 4, 0, 0, 0, 12, 0, 12, 4, 4, 0, 65)
13 (1, 4, 0, 0, 0, 9, 0, 11, 4, 4, 0, 49)
14 (1, 4, 17, 0, 0, 16, 0, 20, 4, 4, 0, 229)
15 (1, 4, 0, 46, 8, 0, 0, 155, 0, 0, 0, 209)
16 (1, 4, 56, 0, 0, 0, 0, 146, 0, 0, 0, 201)
17 (1, 4, 3, 0, 0, 0, 0, 139, 0, 0, 0, 106)
18 (1, 4, 23, 0, 0, 0, 0, 137, 0, 0, 0, 11)
19 (1, 4, 0, 0, 0, 0, 0, 143, 0, 0, 0, 13)
20 (1, 4, 0, 0, 0, 3, 0, 134, 0, 0, 0, 25)
21 (1, 4, 0, 0, 0, 2, 0, 121, 0, 0, 0, 66)
22 (1, 4, 0, 0, 0, 16, 0, 116, 0, 0, 0, 203)
23 (1, 4, 38, 0, 0, 8, 0, 96, 0, 0, 0, 129)
24 (1, 4, 0, 0, 0, 0, 0, 91, 0, 0, 0, 100)
25 (1, 4, 51, 0, 0, 0, 0, 73, 0, 0, 0, 59)
26 (1, 4, 3, 0, 0, 11, 0, 49, 0, 0, 0, 24)
27 (1, 4, 0, 0, 0, 32, 10, 36, 0, 0, 0, 112)
28 (1, 4, 0, 14, 0, 49, 36, 35, 0, 0, 0, 82)
29 (1, 4, 0, 158, 0, 63, 51, 42, 0, 0, 0, 80)
30 (1, 4, 0, 330, 321, 18, 54, 47, 0, 0, 0, 252)
31 (1, 4, 0, 0, 0, 28, 79, 0, 3, 3, 0, 165)
32 (1, 4, 0, 0, 0, 11, 89, 0, 3, 3, 0, 155)
1 (1, 4, 0, 0, 0, 0, 96, 0, 3, 3, 0, 114)
2 (1, 4, 36, 0, 11, 0, 107, 0, 2, 2, 0, 201)
3 (1, 4, 43, 0, 112, 0, 107, 0, 1, 2, 0, 72)
4 (1, 4, 118, 0, 244, 0, 100, 0, 1, 1, 0, 220)
5 (1, 4, 13, 156, 329, 0, 68, 0, 0, 1, 0, 45)
6 (1, 4, 18, 343, 375, 0, 41, 0, 0, 0, 0, 240)
7 (1, 4, 6, 534, 490, 0, 18, 0, 0, 0, 0, 12)
8 (1, 4, 0, 619, 439, 0, 0, 5, 0, 0, 0, 251)
9 (1, 4, 139, 802, 361, 0, 0, 41, 0, 0, 0, 106)
10 (1, 4, 32, 873, 475, 0, 0, 84, 0, 0, 0, 26)
11 (1, 4, 0, 873, 249, 0, 0, 128, 0, 0, 0, 56)
12 (1, 4, 0, 97, 0, 0, 0, 251, 0, 0, 0, 187)
13 (1, 4, 236, 0, 0, 0, 0, 136, 0, 0, 0, 13)
14 (1, 4, 0, 121, 0, 0, 0, 143, 0, 0, 0, 43)
15 (1, 4, 0, 402, 204, 0, 0, 90, 0, 0, 0, 187)
16 (1, 4, 0, 191, 39, 0, 0, 62, 0, 0, 0, 34)
17 (1, 4, 0, 0, 0, 0, 0, 82, 0, 0, 0, 81)
18 (1, 4, 16, 0, 0, 0, 0, 60, 0, 0, 0, 115)
19 (1, 4, 72, 65, 0, 0, 0, 28, 0, 0, 0, 253)
20 (1, 4, 8, 61, 17, 0, 0, 18, 0, 0, 0, 240)
21 (1, 4, 0, 40, 1, 0, 0, 18, 0, 0, 0, 241)
22 (1, 4, 0, 4, 0, 0, 0, 28, 0, 0, 0, 232)
23 (1, 4, 0, 0, 0, 0, 0, 27, 0, 0, 0, 33)
24 (1, 4, 0, 7, 0, 0, 0, 26, 0, 0, 0, 252)
25 (1, 4, 0, 0, 0, 0, 0, 23, 0, 0, 0, 190)
26 (1, 4, 0, 0, 0, 0, 0, 25, 0, 0, 0, 152)
27 (1, 4, 0, 0, 0, 0, 0, 24, 0, 0, 0, 71)
28 (1, 4, 0, 0, 0, 0, 0, 24, 0, 0, 0, 71)
29 (1, 4, 0, 0, 0, 0, 0, 24, 0, 0, 0, 71)
30 (1, 4, 0, 0, 0, 0, 0, 26, 0, 0, 0, 254)
31 (1, 4, 0, 0, 0, 20, 0, 34, 2, 2, 0, 255)
32 (1, 4, 0, 0, 0, 27, 0, 41, 3, 3, 0, 223)
1 (1, 4, 0, 0, 0, 24, 0, 36, 4, 3, 0, 151)
2 (1, 4, 0, 0, 91, 29, 0, 25, 4, 4, 0, 83)
3 (1, 4, 0, 0, 143, 0, 30, 51, 5, 4, 0, 209)
4 (1, 4, 0, 0, 563, 0, 118, 15, 5, 5, 0, 169)
5 (1, 4, 138, 0, 831, 0, 0, 4, 5, 5, 0, 96)
6 (1, 4, 0, 350, 793, 0, 0, 9, 5, 5, 0, 213)
7 (1, 4, 0, 0, 0, 13, 0, 0, 5, 5, 0, 200)
8 (1, 4, 0, 42, 0, 13, 0, 0, 4, 5, 0, 182)
9 (1, 4, 0, 111, 0, 0, 0, 6, 4, 4, 0, 102)
10 (1, 4, 100, 111, 0, 0, 0, 8, 4, 4, 0, 54)
11 (1, 4, 58, 58, 0, 0, 3, 0, 4, 4, 0, 231)
12 (1, 4, 53, 9, 0, 0, 137, 27, 4, 4, 0, 158)
13 (1, 4, 57, 0, 262, 0, 202, 0, 4, 4, 0, 50)
14 (1, 4, 0, 87, 873, 0, 0, 0, 4, 4, 0, 112)
15 (1, 4, 297, 167, 57, 0, 0, 181, 0, 0, 0, 255)
16 (1, 4, 0, 22, 0, 0, 0, 185, 0, 0, 0, 101)
17 (1, 4, 92, 0, 0, 0, 0, 181, 0, 0, 0, 13)
18 (1, 4, 83, 0, 0, 0, 0, 155, 0, 0, 0, 208)
19 (1, 4, 68, 0, 0, 0, 0, 146, 0, 0, 0, 47)
20 (1, 4, 133, 0, 0, 0, 0, 112, 0, 0, 0, 106)
21 (1, 4, 116, 0, 0, 0, 0, 80, 0, 0, 0, 126)
22 (1, 4, 49, 0, 0, 8, 11, 52, 0, 0, 0, 226)
23 (1, 4, 0, 0, 0, 27, 20, 34, 0, 0, 0, 46)
24 (1, 4, 0, 0, 0, 65, 25, 17, 0, 0, 0, 133)
25 (1, 4, 0, 0, 0, 101, 35, 10, 0, 0, 0, 244)
26 (1, 4, 75, 36, 65, 88, 51, 13, 0, 0, 0, 123)
27 (1, 4, 0, 282, 313, 107, 62, 24, 0, 0, 0, 84)
28 (1, 4, 0, 307, 444, 43, 0, 118, 0, 0, 0, 228)
29 (1, 4, 0, 0, 266, 103, 0, 137, 0, 0, 0, 110)
30 (1, 4, 54, 98, 331, 106, 0, 96, 0, 0, 0, 238)
31 (1, 4, 0, 202, 0, 0, 0, 218, 0, 0, 0, 109)
32 (1, 4, 227, 0, 2, 0, 0, 180, 0, 0, 0, 149)
1 (1, 4, 50, 0, 0, 0, 0, 169, 0, 0, 0, 91)
2 (1, 4, 68, 0, 0, 0, 0, 149, 0, 0, 0, 60)
3 (1, 4, 223, 0, 0, 0, 0, 94, 0, 0, 0, 232)
4 (1, 4, 173, 0, 0, 0, 1, 40, 0, 0, 0, 216)
5 (1, 4, 32, 0, 0, 0, 18, 17, 0, 0, 0, 194)
6 (1, 4, 0, 0, 0, 42, 30, 4, 0, 0, 0, 113)
7 (1, 4, 0, 0, 0, 52, 50, 0, 0, 0, 0, 102)
8 (1, 4, 0, 271, 227, 48, 68, 22, 0, 0, 0, 157)
9 (1, 4, 0, 594, 873, 0, 0, 20, 0, 0, 0, 80)
10 (1, 4, 0, 366, 785, 0, 0, 130, 0, 0, 0, 225)
11 (1, 4, 0, 502, 873, 0, 0, 94, 0, 0, 0, 119)
12 (1, 4, 0, 442, 873, 0, 0, 127, 0, 0, 0, 227)
13 (1, 4, 0, 371, 316, 0, 0, 76, 0, 0, 0, 135)
14 (1, 4, 0, 0, 176, 0, 0, 76, 0, 0, 0, 212)
15 (1, 4, 29, 20, 0, 0, 0, 28, 0, 0, 0, 47)
16 (1, 4, 31, 19, 0, 0, 0, 30, 0, 0, 0, 136)
17 (1, 4, 13, 11, 0, 0, 0, 34, 0, 0, 0, 75)
18 (1, 4, 16, 0, 0, 0, 0, 35, 0, 0, 0, 89)
19 (1, 4, 19, 0, 1, 0, 0, 33, 0, 0, 0, 102)
20 (1, 4, 9, 0, 4, 0, 0, 33, 0, 0, 0, 32)
21 (1, 4, 27, 0, 13, 0, 0, 31, 0, 0, 0, 160)
22 (1, 4, 2, 6, 8, 0, 0, 34, 0, 0, 0, 113)
23 (1, 4, 7, 4, 9, 0, 0, 33, 0, 0, 0, 216)
24 (1, 4, 0, 16, 2, 0, 0, 32, 0, 0, 0, 145)
25 (1, 4, 0, 11, 4, 0, 0, 33, 0, 0, 0, 53)
26 (1, 4, 0, 9, 0, 0, 0, 29, 0, 0, 0, 235)
27 (1, 4, 0, 5, 0, 0, 0, 31, 0, 0, 0, 59)
28 (1, 4, 0, 2, 0, 0, 0, 30, 0, 0, 0, 230)
29 (1, 4, 0, 0, 0, 0, 0, 30, 0, 0, 0, 139)
30 (1, 4, 0, 0, 0, 0, 0, 30, 0, 0, 0, 139)

