1 (1, 4, 194, 462, 0, 38, 23, 70, 2, 2, 0, 64)
2 (1, 4, 536, 328, 0, 66, 61, 89, 2, 2, 0, 182)
3 (1, 4, 61, 201, 24, 64, 157, 85, 2, 2, 0, 73)
4 (1, 4, 0, 162, 246, 56, 21, 85, 2, 2, 0, 253)
5 (1, 4, 0, 86, 61, 91, 0, 143, 2, 2, 0, 70)
6 (1, 4, 0, 0, 0, 69, 0, 87, 2, 2, 0, 95)
7 (1, 4, 0, 0, 11, 71, 0, 76, 2, 2, 0, 57)
8 (1, 4, 303, 0, 113, 88, 0, 39, 2, 2, 0, 117)
9 (1, 4, 0, 0, 40, 82, 0, 60, 2, 2, 0, 223)
10 (1, 4, 161, 0, 80, 67, 0, 65, 2, 2, 0, 90)
11 (1, 4, 162, 0, 121, 56, 0, 48, 1, 2, 0, 194)
12 (1, 4, 533, 0, 215, 35, 0, 28, 1, 2, 0, 12)
13 (1, 4, 698, 0, 325, 38, 0, 10, 1, 1, 0, 185)
14 (1, 4, 532, 0, 461, 13, 0, 19, 1, 1, 0, 164)
15 (1, 4, 236, 281, 638, 0, 0, 38, 0, 1, 0, 228)
16 (1, 4, 0, 447, 814, 0, 0, 98, 0, 0, 0, 1)
17 (1, 4, 0, 13, 0, 0, 0, 33, 0, 0, 0, 220)
18 (1, 4, 0, 38, 0, 0, 0, 34, 0, 0, 0, 19)
19 (1, 4, 0, 49, 0, 0, 0, 36, 0, 0, 0, 188)
20 (1, 4, 0, 46, 0, 0, 0, 36, 0, 0, 0, 108)
21 (1, 4, 15, 43, 0, 0, 0, 36, 0, 0, 0, 89)
22 (1, 4, 35, 19, 0, 0, 0, 35, 0, 0, 0, 213)
23 (1, 4, 15, 2, 0, 0, 0, 32, 0, 0, 0, 232)
24 (1, 4, 11, 0, 0, 0, 0, 31, 0, 0, 0, 54)
25 (1, 4, 8, 0, 0, 0, 0, 30, 0, 0, 0, 251)
26 (1, 4, 6, 0, 0, 0, 0, 32, 0, 0, 0, 251)
27 (1, 4, 7, 0, 0, 0, 0, 30, 0, 0, 0, 161)
28 (1, 4, 0, 15, 0, 0, 0, 30, 0, 0, 0, 58)
29 (1, 4, 6, 16, 0, 0, 0, 32, 0, 0, 0, 154)
30 (1, 4, 6, 17, 0, 0, 0, 29, 0, 0, 0, 29)
31 (1, 4, 3, 33, 0, 0, 0, 34, 0, 0, 0, 3)
32 (1, 4, 26, 7, 0, 0, 0, 38, 0, 0, 0, 157)
1 (1, 4, 85, 0, 0, 13, 0, 0, 2, 2, 0, 168)
2 (1, 4, 18, 248, 220, 1, 0, 0, 2, 2, 0, 138)
3 (1, 4, 0, 0, 0, 18, 0, 0, 2, 2, 0, 165)
4 (1, 4, 19, 0, 0, 23, 0, 0, 2, 2, 0, 52)
5 (1, 4, 0, 92, 0, 5, 0, 0, 2, 2, 0, 132)
6 (1, 4, 77, 102, 0, 0, 0, 0, 2, 2, 0, 85)
7 (1, 4, 481, 177, 0, 0, 0, 0, 2, 2, 0, 44)
8 (1, 4, 873, 292, 0, 0, 0, 0, 0, 0, 0, 181)
9 (1, 4, 873, 349, 0, 0, 0, 0, 0, 0, 0, 147)
10 (1, 4, 616, 237, 55, 13, 40, 0, 0, 0, 0, 235)
11 (1, 4, 405, 420, 279, 0, 39, 0, 0, 0, 0, 225)
12 (1, 4, 0, 765, 548, 0, 0, 84, 0, 0, 0, 183)
13 (1, 4, 302, 863, 534, 0, 0, 128, 0, 0, 0, 170)
14 (1, 4, 184, 873, 314, 0, 0, 140, 0, 0, 0, 9)
15 (1, 4, 0, 480, 73, 0, 0, 155, 0, 0, 0, 221)
16 (1, 4, 0, 0, 0, 0, 0, 128, 0, 0, 0, 244)
17 (1, 4, 0, 0, 0, 0, 0, 7, 0, 0, 0, 109)
18 (1, 4, 0, 0, 0, 0, 0, 14, 0, 0, 0, 88)
19 (1, 4, 0, 0, 0, 0, 0, 10, 0, 0, 0, 45)
20 (1, 4, 0, 0, 0, 0, 0, 17, 0, 0, 0, 114)
21 (1, 4, 0, 0, 0, 0, 0, 14, 0, 0, 0, 88)
22 (1, 4, 0, 0, 0, 0, 0, 17, 0, 0, 0, 114)
23 (1, 4, 0, 0, 0, 0, 0, 15, 0, 0, 0, 135)
24 (1, 4, 0, 0, 0, 0, 0, 16, 0, 0, 0, 173)
25 (1, 4, 0, 0, 0, 0, 0, 14, 0, 0, 0, 88)
26 (1, 4, 0, 0, 0, 0, 0, 20, 0, 0, 0, 216)
27 (1, 4, 0, 0, 0, 0, 0, 17, 0, 0, 0, 114)
28 (1, 4, 0, 0, 0, 0, 0, 19, 0, 0, 0, 203)
29 (1, 4, 0, 0, 0, 0, 0, 20, 0, 0, 0, 216)
30 (1, 4, 0, 0, 0, 0, 0, 19, 0, 0, 0, 203)
31 (1, 4, 19, 1, 0, 0, 0, 21, 0, 0, 0, 64)
32 (1, 4, 17, 5, 0, 0, 0, 23, 0, 0, 0, 63)
1 (1, 4, 0, 0, 0, 0, 0, 173, 3, 3, 0, 14)
2 (1, 4, 0, 0, 0, 0, 0, 156, 3, 3, 0, 163)
3 (1, 4, 50, 0, 0, 0, 0, 127, 3, 3, 0, 144)
4 (1, 4, 66, 0, 0, 0, 0, 76, 3, 3, 0, 42)
5 (1, 4, 226, 0, 0, 0, 6, 0, 2, 3, 0, 81)
6 (1, 4, 289, 0, 22, 0, 0, 0, 2, 2, 0, 169)
7 (1, 4, 427, 0, 92, 0, 0, 0, 1, 2, 0, 30)
8 (1, 4, 0, 0, 0, 86, 60, 0, 2, 2, 0, 166)
9 (1, 4, 48, 0, 70, 14, 0, 0, 2, 2, 0, 123)
10 (1, 4, 0, 0, 0, 40, 0, 0, 2, 2, 0, 125)
11 (1, 4, 21, 0, 0, 29, 9, 0, 2, 2, 0, 110)
12 (1, 4, 0, 12, 0, 25, 14, 0, 2, 2, 0, 197)
13 (1, 4, 17, 20, 0, 25, 17, 0, 2, 2, 0, 213)
14 (1, 4, 0, 38, 0, 27, 10, 0, 2, 2, 0, 4)
15 (1, 4, 5, 13, 0, 23, 10, 0, 2, 2, 0, 31)
16 (1, 4, 0, 18, 0, 28, 3, 0, 2, 2, 0, 152)
17 (1, 4, 0, 82, 55, 0, 0, 31, 0, 0, 0, 191)
18 (1, 4, 100, 110, 53, 0, 0, 29, 0, 0, 0, 149)
19 (1, 4, 68, 111, 0, 0, 0, 22, 0, 0, 0, 32)
20 (1, 4, 96, 91, 0, 0, 0, 24, 0, 0, 0, 128)
21 (1, 4, 2, 61, 0, 0, 0, 23, 0, 0, 0, 221)
22 (1, 4, 11, 39, 3, 0, 0, 32, 0, 0, 0, 198)
23 (1, 4, 127, 37, 0, 0, 0, 21, 0, 0, 0, 94)
24 (1, 4, 0, 37, 0, 0, 0, 15, 0, 0, 0, 42)
25 (1, 4, 16, 57, 0, 0, 0, 21, 0, 0, 0, 66)
26 (1, 4, 44, 35, 0, 0, 0, 15, 0, 0, 0, 18)
27 (1, 4, 17, 31, 22, 0, 0, 16, 0, 0, 0, 157)
28 (1, 4, 25, 94, 55, 0, 0, 0, 0, 0, 0, 98)
29 (1, 4, 45, 68, 57, 0, 0, 7, 0, 0, 0, 28)
30 (1, 4, 41, 59, 29, 0, 0, 7, 0, 0, 0, 21)
31 (1, 4, 22, 20, 3, 0, 0, 9, 0, 0, 0, 143)
32 (1, 4, 0, 24, 8, 0, 0, 6, 0, 0, 0, 220)
1 (1, 4, 80, 0, 0, 0, 0, 0, 0, 0, 0, 23)
2 (1, 4, 248, 0, 0, 0, 0, 0, 0, 0, 0, 181)
3 (1, 4, 503, 0, 69, 0, 0, 0, 0, 0, 0, 220)
4 (1, 4, 479, 0, 163, 0, 0, 0, 0, 0, 0, 238)
5 (1, 4, 546, 0, 228, 0, 0, 0, 0, 0, 0, 11)
6 (1, 4, 834, 0, 495, 0, 0, 0, 0, 0, 0, 29)
7 (1, 4, 545, 52, 424, 0, 0, 0, 0, 0, 0, 36)
8 (1, 4, 355, 95, 382, 0, 0, 0, 0, 0, 0, 153)
9 (1, 4, 306, 177, 249, 0, 0, 21, 0, 0, 0, 138)
10 (1, 4, 207, 166, 184, 0, 0, 45, 0, 0, 0, 225)
11 (1, 4, 52, 99, 93, 0, 0, 45, 0, 0, 0, 235)
12 (1, 4, 0, 137, 4, 0, 0, 89, 0, 0, 0, 132)
13 (1, 4, 25, 23, 0, 0, 0, 8, 0, 0, 0, 105)
14 (1, 4, 185, 59, 0, 0, 1, 0, 0, 0, 0, 131)
15 (1, 4, 0, 70, 11, 0, 0, 0, 0, 0, 0, 77)
16 (1, 4, 0, 0, 0, 0, 0, 41, 0, 0, 0, 234)
17 (1, 4, 0, 8, 0, 0, 0, 9, 0, 0, 0, 248)
18 (1, 4, 0, 14, 0, 0, 0, 12, 0, 0, 0, 229)
19 (1, 4, 3, 10, 0, 0, 0, 8, 0, 0, 0, 88)
20 (1, 4, 0, 29, 16, 0, 0, 10, 0, 0, 0, 239)
21 (1, 4, 0, 21, 5, 0, 0, 9, 0, 0, 0, 143)
22 (1, 4, 0, 21, 0, 0, 0, 6, 0, 0, 0, 188)
23 (1, 4, 0, 43, 0, 0, 0, 7, 0, 0, 0, 196)
24 (1, 4, 10, 13, 0, 0, 0, 6, 0, 0, 0, 2)
25 (1, 4, 50, 0, 0, 0, 0, 6, 0, 0, 0, 137)
26 (1, 4, 61, 0, 0, 0, 0, 6, 0, 0, 0, 211)
27 (1, 4, 10, 0, 0, 0, 0, 6, 0, 0, 0, 222)
28 (1, 4, 0, 2, 0, 0, 0, 9, 0, 0, 0, 38)
29 (1, 4, 0, 0, 0, 0, 0, 13, 0, 0, 0, 62)
30 (1, 4, 0, 0, 0, 0, 0, 8, 0, 0, 0, 148)
31 (1, 4, 0, 1, 0, 0, 0, 10, 0, 0, 0, 152)
32 (1, 4, 0, 0, 0, 0, 0, 9, 0, 0, 0, 75)
1 (1, 4, 0, 0, 0, 49, 0, 169, 2, 2, 0, 115)
2 (1, 4, 0, 0, 0, 100, 0, 150, 2, 2, 0, 185)
3 (1, 4, 233, 0, 0, 119, 0, 140, 2, 2, 0, 202)
4 (1, 4, 33, 0, 0, 0, 9, 34, 2, 2, 0, 5)
5 (1, 4, 281, 0, 0, 0, 0, 0, 2, 2, 0, 240)
6 (1, 4, 16, 0, 0, 0, 262, 0, 2, 2, 0, 142)
7 (1, 4, 317, 175, 176, 0, 0, 0, 2, 2, 0, 13)
8 (1, 4, 0, 0, 0, 19, 0, 0, 2, 2, 0, 186)
9 (1, 4, 96, 0, 13, 21, 24, 0, 2, 2, 0, 132)
10 (1, 4, 3, 11, 0, 28, 25, 0, 2, 2, 0, 91)
11 (1, 4, 22, 19, 17, 20, 22, 0, 2, 2, 0, 229)
12 (1, 4, 0, 23, 0, 27, 26, 0, 2, 2, 0, 151)
13 (1, 4, 11, 32, 9, 21, 29, 0, 2, 2, 0, 174)
14 (1, 4, 0, 36, 0, 24, 14, 0, 2, 2, 0, 171)
15 (1, 4, 32, 4, 0, 21, 23, 0, 2, 2, 0, 8)
16 (1, 4, 11, 6, 0, 22, 19, 0, 2, 2, 0, 2)
17 (1, 4, 0, 13, 3, 28, 17, 0, 2, 2, 0, 132)
18 (1, 4, 6, 11, 0, 28, 12, 0, 2, 2, 0, 114)
19 (1, 4, 23, 0, 0, 30, 9, 0, 2, 2, 0, 83)
20 (1, 4, 4, 0, 0, 26, 13, 0, 2, 2, 0, 62)
21 (1, 4, 8, 0, 0, 26, 15, 0, 2, 2, 0, 132)
22 (1, 4, 3, 0, 0, 25, 14, 0, 2, 2, 0, 190)
23 (1, 4, 4, 0, 0, 26, 13, 0, 2, 2, 0, 62)
24 (1, 4, 4, 0, 0, 25, 14, 0, 2, 2, 0, 148)
25 (1, 4, 13, 0, 0, 24, 13, 0, 2, 2, 0, 126)
26 (1, 4, 0, 0, 5, 23, 14, 0, 2, 2, 0, 220)
27 (1, 4, 31, 0, 5, 24, 12, 0, 2, 2, 0, 49)
28 (1, 4, 28, 9, 8, 25, 10, 0, 2, 2, 0, 93)
29 (1, 4, 17, 0, 0, 20, 8, 0, 2, 2, 0, 200)
30 (1, 4, 0, 0, 0, 25, 11, 0, 2, 2, 0, 54)
31 (1, 4, 4, 2, 1, 22, 7, 0, 2, 2, 0, 112)
32 (1, 4, 3, 0, 0, 22, 7, 0, 2, 2, 0, 163)

