0 (1, 4, 0, 165, 0, 81, 0, 76, 5, 5, 0, 24)
1 (1, 4, 0, 139, 0, 79, 0, 96, 5, 5, 0, 173)
2 (1, 4, 0, 41, 0, 62, 0, 140, 5, 5, 0, 38)
3 (1, 4, 0, 0, 0, 62, 0, 135, 4, 5, 0, 12)
4 (1, 4, 66, 0, 0, 62, 0, 117, 4, 5, 0, 157)
5 (1, 4, 18, 0, 0, 37, 0, 62, 4, 5, 0, 19)
6 (1, 4, 35, 0, 0, 0, 0, 0, 4, 5, 0, 228)
7 (1, 4, 145, 0, 0, 0, 0, 0, 4, 4, 0, 161)
8 (1, 4, 197, 0, 0, 0, 104, 0, 4, 4, 0, 38)
9 (1, 4, 0, 52, 45, 90, 53, 0, 4, 4, 0, 93)
10 (1, 4, 0, 87, 15, 21, 41, 0, 4, 4, 0, 194)
11 (1, 4, 0, 18, 0, 51, 38, 0, 4, 4, 0, 117)
12 (1, 4, 15, 86, 29, 50, 42, 0, 4, 4, 0, 66)
13 (1, 4, 0, 70, 0, 48, 40, 0, 4, 4, 0, 188)
14 (1, 4, 0, 126, 10, 53, 65, 0, 4, 4, 0, 243)
15 (1, 4, 0, 244, 160, 28, 59, 0, 4, 4, 0, 31)
16 (1, 4, 259, 401, 298, 2, 5, 0, 4, 4, 0, 238)
17 (1, 4, 500, 547, 403, 21, 12, 0, 4, 4, 0, 210)
18 (1, 4, 756, 504, 335, 45, 0, 0, 3, 4, 0, 14)
19 (1, 4, 708, 454, 216, 66, 22, 36, 2, 3, 0, 21)
20 (1, 4, 857, 423, 251, 55, 29, 91, 1, 1, 0, 73)
21 (1, 4, 372, 274, 27, 50, 169, 98, 0, 1, 0, 236)
22 (1, 4, 0, 228, 131, 25, 77, 110, 0, 0, 0, 61)
23 (1, 4, 0, 346, 383, 22, 0, 168, 0, 0, 0, 173)
24 (1, 4, 0, 169, 253, 0, 0, 144, 0, 0, 0, 31)
25 (1, 4, 0, 74, 178, 3, 0, 147, 0, 0, 0, 98)
26 (1, 4, 0, 38, 197, 8, 0, 113, 0, 0, 0, 219)
27 (1, 4, 0, 0, 153, 8, 0, 93, 0, 0, 0, 246)
28 (1, 4, 0, 0, 124, 8, 17, 81, 0, 0, 0, 171)
29 (1, 4, 0, 195, 354, 0, 5, 76, 0, 0, 0, 19)
30 (1, 4, 0, 371, 496, 0, 0, 101, 0, 0, 0, 251)
31 (1, 4, 0, 280, 326, 0, 0, 99, 0, 0, 0, 28)
0 (1, 4, 0, 0, 0, 52, 0, 101, 4, 4, 0, 118)
1 (1, 4, 119, 0, 0, 0, 0, 44, 4, 4, 0, 224)
2 (1, 4, 15, 0, 0, 0, 0, 0, 4, 4, 0, 0)
3 (1, 4, 114, 0, 0, 0, 11, 0, 4, 4, 0, 162)
4 (1, 4, 57, 0, 0, 13, 100, 0, 4, 4, 0, 108)
5 (1, 4, 0, 0, 0, 59, 43, 0, 4, 4, 0, 218)
6 (1, 4, 0, 40, 0, 31, 44, 0, 4, 4, 0, 86)
7 (1, 4, 0, 39, 0, 39, 42, 0, 4, 4, 0, 16)
8 (1, 4, 0, 95, 0, 39, 49, 0, 4, 4, 0, 76)
9 (1, 4, 0, 141, 38, 38, 63, 0, 4, 4, 0, 130)
10 (1, 4, 0, 204, 98, 22, 46, 0, 4, 4, 0, 243)
11 (1, 4, 203, 358, 245, 0, 7, 0, 4, 4, 0, 158)
12 (1, 4, 812, 514, 405, 9, 0, 0, 4, 4, 0, 141)
13 (1, 4, 873, 582, 278, 31, 0, 0, 3, 4, 0, 189)
14 (1, 4, 768, 454, 143, 47, 0, 0, 3, 3, 0, 87)
15 (1, 4, 688, 530, 32, 57, 0, 51, 3, 3, 0, 129)
16 (1, 4, 386, 390, 44, 34, 163, 122, 1, 2, 0, 143)
17 (1, 4, 0, 233, 218, 33, 108, 118, 0, 1, 0, 141)
18 (1, 4, 0, 322, 488, 3, 0, 155, 0, 0, 0, 148)
19 (1, 4, 0, 316, 481, 0, 0, 139, 0, 0, 0, 106)
20 (1, 4, 0, 251, 358, 0, 0, 110, 0, 0, 0, 223)
21 (1, 4, 0, 223, 132, 0, 0, 84, 0, 0, 0, 96)
22 (1, 4, 0, 251, 22, 0, 0, 70, 0, 0, 0, 179)
23 (1, 4, 0, 88, 150, 0, 0, 107, 0, 0, 0, 184)
24 (1, 4, 0, 0, 23, 0, 0, 85, 0, 0, 0, 216)
25 (1, 4, 0, 0, 87, 0, 0, 71, 0, 0, 0, 73)
26 (1, 4, 0, 293, 225, 0, 0, 70, 0, 0, 0, 223)
27 (1, 4, 0, 151, 141, 0, 0, 67, 0, 0, 0, 184)
28 (1, 4, 182, 0, 40, 0, 0, 37, 0, 0, 0, 33)
29 (1, 4, 86, 79, 57, 0, 0, 60, 0, 0, 0, 69)
0 (1, 4, 6, 132, 115, 0, 0, 0, 4, 4, 0, 100)
1 (1, 4, 91, 0, 0, 13, 50, 0, 4, 4, 0, 176)
2 (1, 4, 0, 0, 23, 27, 12, 0, 4, 4, 0, 204)
3 (1, 4, 37, 71, 0, 24, 34, 0, 4, 4, 0, 218)
4 (1, 4, 0, 73, 14, 11, 29, 0, 4, 4, 0, 21)
5 (1, 4, 0, 77, 0, 20, 31, 0, 4, 4, 0, 162)
6 (1, 4, 0, 84, 19, 32, 46, 0, 4, 4, 0, 146)
7 (1, 4, 0, 202, 64, 35, 51, 0, 4, 4, 0, 54)
8 (1, 4, 0, 414, 182, 43, 55, 0, 4, 4, 0, 10)
9 (1, 4, 0, 542, 219, 3, 33, 0, 4, 4, 0, 213)
10 (1, 4, 48, 599, 267, 0, 20, 0, 4, 4, 0, 108)
11 (1, 4, 162, 588, 249, 0, 0, 0, 4, 4, 0, 16)
12 (1, 4, 398, 506, 255, 0, 29, 9, 4, 4, 0, 58)
13 (1, 4, 345, 335, 252, 33, 48, 36, 4, 4, 0, 91)
14 (1, 4, 366, 439, 354, 33, 45, 78, 4, 4, 0, 179)
15 (1, 4, 511, 520, 438, 0, 141, 130, 3, 3, 0, 248)
16 (1, 4, 0, 408, 290, 0, 0, 131, 2, 2, 0, 58)
17 (1, 4, 0, 386, 515, 0, 0, 90, 0, 1, 0, 88)
18 (1, 4, 0, 487, 288, 0, 0, 119, 0, 0, 0, 94)
19 (1, 4, 215, 283, 232, 0, 0, 95, 0, 0, 0, 224)
20 (1, 4, 0, 335, 145, 0, 0, 78, 0, 0, 0, 208)
21 (1, 4, 0, 347, 191, 0, 0, 88, 0, 0, 0, 71)
22 (1, 4, 0, 196, 0, 0, 0, 72, 0, 0, 0, 137)
23 (1, 4, 102, 0, 0, 0, 0, 50, 0, 0, 0, 223)
24 (1, 4, 40, 0, 0, 0, 0, 29, 0, 0, 0, 90)
25 (1, 4, 77, 34, 16, 0, 0, 48, 0, 0, 0, 19)
26 (1, 4, 51, 23, 0, 0, 0, 51, 0, 0, 0, 60)
27 (1, 4, 0, 26, 0, 0, 0, 44, 0, 0, 0, 255)
28 (1, 4, 50, 34, 2, 0, 0, 49, 0, 0, 0, 104)
0 (1, 4, 0, 84, 22, 55, 75, 0, 4, 4, 0, 127)
1 (1, 4, 0, 116, 41, 55, 72, 0, 4, 4, 0, 238)
2 (1, 4, 0, 150, 92, 52, 71, 0, 4, 4, 0, 251)
3 (1, 4, 0, 285, 252, 32, 42, 0, 4, 4, 0, 188)
4 (1, 4, 206, 347, 371, 28, 35, 0, 4, 4, 0, 151)
5 (1, 4, 210, 390, 365, 20, 40, 0, 4, 4, 0, 0)
6 (1, 4, 0, 429, 332, 42, 22, 2, 3, 3, 0, 217)
7 (1, 4, 0, 345, 366, 31, 0, 51, 2, 3, 0, 213)
8 (1, 4, 0, 254, 542, 37, 0, 111, 1, 2, 0, 112)
9 (1, 4, 163, 0, 501, 10, 0, 144, 1, 1, 0, 52)
10 (1, 4, 723, 0, 870, 10, 0, 142, 0, 0, 0, 237)
11 (1, 4, 508, 0, 574, 22, 0, 108, 0, 0, 0, 183)
12 (1, 4, 0, 0, 248, 0, 0, 91, 0, 0, 0, 83)
13 (1, 4, 0, 128, 70, 3, 0, 71, 0, 0, 0, 130)
14 (1, 4, 0, 0, 0, 11, 0, 52, 0, 0, 0, 160)
15 (1, 4, 0, 0, 0, 32, 0, 56, 0, 0, 0, 15)
16 (1, 4, 0, 0, 56, 13, 0, 61, 0, 0, 0, 234)
17 (1, 4, 0, 0, 0, 0, 0, 50, 0, 0, 0, 181)
18 (1, 4, 37, 0, 0, 0, 0, 29, 0, 0, 0, 28)
19 (1, 4, 131, 0, 65, 5, 0, 36, 0, 0, 0, 161)
20 (1, 4, 282, 0, 240, 0, 0, 49, 0, 0, 0, 214)
21 (1, 4, 536, 0, 517, 0, 0, 49, 0, 0, 0, 55)
22 (1, 4, 290, 33, 606, 0, 0, 55, 0, 0, 0, 66)
23 (1, 4, 0, 116, 504, 0, 0, 60, 0, 0, 0, 3)
24 (1, 4, 0, 84, 260, 0, 0, 51, 0, 0, 0, 81)
25 (1, 4, 0, 172, 233, 0, 0, 52, 0, 0, 0, 15)
26 (1, 4, 0, 287, 151, 0, 0, 63, 0, 0, 0, 171)
27 (1, 4, 38, 0, 27, 0, 0, 88, 0, 0, 0, 153)
28 (1, 4, 0, 0, 0, 0, 0, 31, 0, 0, 0, 84)
29 (1, 4, 0, 75, 24, 0, 0, 41, 0, 0, 0, 193)
30 (1, 4, 50, 0, 52, 0, 0, 64, 0, 0, 0, 223)
31 (1, 4, 1, 0, 0, 0, 0, 45, 0, 0, 0, 145)
0 (1, 4, 0, 459, 0, 32, 0, 0, 5, 5, 0, 182)
1 (1, 4, 0, 511, 0, 38, 0, 0, 5, 5, 0, 141)
2 (1, 4, 0, 543, 0, 27, 0, 2, 5, 5, 0, 217)
3 (1, 4, 57, 361, 0, 36, 0, 61, 4, 5, 0, 109)
4 (1, 4, 209, 204, 0, 48, 0, 90, 4, 5, 0, 115)
5 (1, 4, 391, 0, 0, 59, 0, 106, 4, 4, 0, 23)
6 (1, 4, 406, 0, 0, 65, 0, 95, 4, 4, 0, 44)
7 (1, 4, 302, 0, 0, 72, 0, 93, 4, 4, 0, 48)
8 (1, 4, 255, 0, 0, 41, 0, 73, 4, 4, 0, 197)
9 (1, 4, 211, 0, 0, 13, 36, 29, 4, 4, 0, 210)
10 (1, 4, 211, 0, 0, 0, 22, 0, 4, 4, 0, 160)
11 (1, 4, 325, 0, 0, 0, 0, 0, 4, 4, 0, 231)
12 (1, 4, 327, 0, 0, 0, 109, 0, 4, 4, 0, 183)
13 (1, 4, 0, 0, 0, 47, 77, 0, 4, 4, 0, 87)
14 (1, 4, 138, 40, 0, 8, 47, 0, 4, 4, 0, 14)
15 (1, 4, 0, 0, 0, 27, 36, 0, 4, 4, 0, 154)
16 (1, 4, 33, 25, 0, 28, 59, 0, 4, 4, 0, 69)
17 (1, 4, 0, 96, 25, 21, 46, 0, 4, 4, 0, 5)
18 (1, 4, 21, 129, 25, 18, 52, 0, 4, 4, 0, 205)
19 (1, 4, 0, 90, 22, 24, 61, 0, 4, 4, 0, 180)
20 (1, 4, 0, 137, 61, 39, 65, 0, 4, 4, 0, 125)
21 (1, 4, 0, 288, 151, 20, 73, 0, 4, 4, 0, 63)
22 (1, 4, 0, 457, 366, 0, 63, 0, 4, 4, 0, 143)
23 (1, 4, 0, 536, 494, 0, 53, 0, 4, 4, 0, 51)
24 (1, 4, 0, 457, 501, 0, 20, 7, 4, 4, 0, 82)
25 (1, 4, 0, 384, 554, 13, 15, 51, 3, 3, 0, 112)
26 (1, 4, 0, 219, 524, 32, 0, 108, 2, 2, 0, 46)
27 (1, 4, 645, 0, 485, 56, 0, 177, 1, 2, 0, 79)
28 (1, 4, 873, 0, 0, 43, 101, 102, 1, 1, 0, 212)
29 (1, 4, 0, 78, 81, 112, 11, 146, 0, 1, 0, 227)
30 (1, 4, 195, 254, 222, 82, 0, 123, 0, 0, 0, 202)
31 (1, 4, 0, 157, 78, 33, 17, 69, 0, 0, 0, 17)
0 (1, 4, 53, 0, 0, 21, 0, 0, 4, 4, 0, 223)
1 (1, 4, 116, 0, 0, 5, 0, 0, 4, 4, 0, 175)
2 (1, 4, 235, 0, 0, 0, 54, 0, 4, 4, 0, 250)
3 (1, 4, 112, 0, 0, 55, 83, 0, 4, 4, 0, 163)
4 (1, 4, 14, 0, 0, 61, 53, 0, 4, 4, 0, 153)
5 (1, 4, 0, 0, 0, 47, 63, 0, 4, 4, 0, 55)
6 (1, 4, 35, 0, 0, 52, 66, 0, 4, 4, 0, 5)
7 (1, 4, 13, 10, 14, 44, 60, 0, 4, 4, 0, 200)
8 (1, 4, 0, 30, 25, 47, 46, 0, 4, 4, 0, 249)
9 (1, 4, 0, 44, 24, 51, 46, 0, 4, 4, 0, 208)
10 (1, 4, 0, 90, 52, 56, 60, 0, 4, 4, 0, 245)
11 (1, 4, 0, 169, 103, 55, 57, 0, 4, 4, 0, 12)
12 (1, 4, 0, 251, 128, 42, 57, 0, 4, 4, 0, 254)
13 (1, 4, 0, 338, 193, 14, 60, 0, 4, 4, 0, 190)
14 (1, 4, 0, 461, 333, 20, 48, 0, 4, 4, 0, 50)
15 (1, 4, 0, 392, 496, 15, 22, 24, 4, 4, 0, 211)
16 (1, 4, 0, 180, 427, 51, 0, 83, 4, 4, 0, 184)
17 (1, 4, 40, 0, 276, 69, 0, 59, 4, 4, 0, 217)
18 (1, 4, 0, 128, 109, 87, 0, 45, 4, 4, 0, 182)
19 (1, 4, 0, 14, 107, 59, 0, 68, 4, 4, 0, 171)
20 (1, 4, 17, 0, 44, 81, 0, 82, 4, 4, 0, 186)
21 (1, 4, 10, 0, 0, 58, 0, 76, 4, 4, 0, 52)
22 (1, 4, 216, 0, 0, 82, 0, 33, 4, 4, 0, 52)
23 (1, 4, 146, 0, 0, 85, 0, 35, 3, 3, 0, 10)
24 (1, 4, 362, 0, 86, 45, 0, 48, 2, 2, 0, 185)
25 (1, 4, 873, 0, 479, 53, 0, 5, 1, 1, 0, 231)
26 (1, 4, 873, 0, 873, 80, 0, 0, 0, 0, 0, 160)
27 (1, 4, 873, 0, 873, 40, 0, 44, 0, 0, 0, 173)
28 (1, 4, 33, 166, 566, 0, 25, 76, 0, 0, 0, 110)
29 (1, 4, 0, 144, 413, 0, 0, 91, 0, 0, 0, 161)
30 (1, 4, 0, 278, 399, 0, 0, 97, 0, 0, 0, 131)
31 (1, 4, 0, 96, 267, 0, 0, 86, 0, 0, 0, 63)
0 (1, 4, 135, 0, 0, 22, 0, 83, 4, 4, 0, 32)
1 (1, 4, 53, 0, 0, 8, 0, 79, 4, 4, 0, 15)
2 (1, 4, 287, 0, 0, 0, 0, 37, 4, 4, 0, 233)
3 (1, 4, 128, 0, 0, 5, 0, 0, 4, 4, 0, 44)
4 (1, 4, 222, 0, 0, 0, 19, 0, 3, 4, 0, 85)
5 (1, 4, 223, 0, 0, 0, 51, 0, 3, 4, 0, 86)
6 (1, 4, 171, 0, 0, 21, 89, 0, 4, 4, 0, 89)
7 (1, 4, 0, 0, 0, 21, 67, 0, 3, 4, 0, 118)
8 (1, 4, 0, 0, 0, 16, 50, 0, 3, 3, 0, 232)
9 (1, 4, 23, 27, 0, 27, 62, 0, 3, 3, 0, 211)
10 (1, 4, 0, 75, 24, 23, 60, 0, 3, 3, 0, 78)
11 (1, 4, 0, 135, 70, 32, 71, 0, 3, 4, 0, 97)
12 (1, 4, 0, 229, 172, 27, 69, 0, 3, 4, 0, 31)
13 (1, 4, 32, 445, 346, 4, 19, 0, 3, 4, 0, 23)
14 (1, 4, 433, 467, 494, 2, 11, 0, 3, 3, 0, 149)
15 (1, 4, 93, 457, 390, 26, 77, 0, 3, 3, 0, 134)
16 (1, 4, 0, 522, 256, 32, 0, 0, 2, 3, 0, 160)
17 (1, 4, 0, 237, 307, 31, 0, 59, 2, 2, 0, 59)
18 (1, 4, 540, 0, 466, 61, 0, 75, 1, 2, 0, 45)
19 (1, 4, 830, 0, 746, 100, 0, 66, 0, 1, 0, 1)
20 (1, 4, 704, 20, 775, 63, 0, 99, 0, 0, 0, 102)
21 (1, 4, 458, 32, 378, 11, 0, 135, 0, 0, 0, 186)
22 (1, 4, 60, 70, 240, 0, 0, 108, 0, 0, 0, 213)
23 (1, 4, 175, 149, 359, 0, 0, 92, 0, 0, 0, 77)
24 (1, 4, 0, 283, 383, 0, 6, 110, 0, 0, 0, 60)
25 (1, 4, 0, 144, 289, 0, 0, 101, 0, 0, 0, 103)
26 (1, 4, 0, 221, 232, 0, 0, 84, 0, 0, 0, 234)
27 (1, 4, 0, 356, 236, 0, 0, 105, 0, 0, 0, 199)
28 (1, 4, 0, 347, 110, 0, 0, 86, 0, 0, 0, 128)
29 (1, 4, 0, 86, 44, 0, 0, 75, 0, 0, 0, 254)
30 (1, 4, 78, 0, 52, 0, 0, 48, 0, 0, 0, 14)
31 (1, 4, 0, 80, 5, 0, 0, 47, 0, 0, 0, 14)
0 (1, 4, 0, 151, 0, 8, 0, 50, 5, 5, 0, 2)
1 (1, 4, 0, 161, 0, 20, 0, 54, 4, 5, 0, 114)
2 (1, 4, 101, 103, 0, 25, 0, 77, 4, 5, 0, 31)
3 (1, 4, 166, 17, 0, 39, 0, 88, 4, 5, 0, 219)
4 (1, 4, 127, 0, 0, 35, 0, 110, 4, 4, 0, 164)
5 (1, 4, 0, 0, 0, 53, 0, 92, 4, 4, 0, 46)
6 (1, 4, 0, 0, 0, 48, 0, 93, 4, 4, 0, 146)
7 (1, 4, 25, 0, 0, 47, 15, 48, 4, 4, 0, 83)
8 (1, 4, 0, 0, 0, 27, 29, 18, 4, 4, 0, 192)
9 (1, 4, 47, 0, 0, 0, 36, 0, 4, 4, 0, 41)
10 (1, 4, 273, 0, 0, 0, 21, 0, 4, 4, 0, 169)
11 (1, 4, 228, 0, 0, 0, 51, 0, 4, 4, 0, 58)
12 (1, 4, 145, 0, 0, 15, 114, 0, 4, 4, 0, 100)
13 (1, 4, 10, 21, 1, 27, 71, 0, 4, 4, 0, 240)
14 (1, 4, 39, 39, 23, 17, 57, 0, 4, 4, 0, 53)
15 (1, 4, 0, 0, 0, 28, 54, 0, 4, 4, 0, 176)
16 (1, 4, 0, 54, 11, 23, 54, 0, 4, 4, 0, 122)
17 (1, 4, 0, 35, 0, 27, 47, 0, 4, 4, 0, 202)
18 (1, 4, 0, 39, 3, 30, 52, 0, 4, 4, 0, 7)
19 (1, 4, 0, 24, 0, 29, 49, 0, 4, 4, 0, 21)
20 (1, 4, 0, 32, 0, 32, 55, 0, 4, 4, 0, 145)
21 (1, 4, 0, 58, 19, 35, 59, 0, 4, 4, 0, 233)
22 (1, 4, 0, 101, 52, 40, 66, 0, 4, 4, 0, 82)
23 (1, 4, 0, 119, 62, 39, 56, 0, 4, 4, 0, 201)
24 (1, 4, 0, 138, 76, 44, 64, 0, 4, 4, 0, 235)
25 (1, 4, 0, 151, 93, 42, 67, 0, 4, 4, 0, 116)
26 (1, 4, 0, 274, 246, 27, 54, 0, 4, 4, 0, 254)
27 (1, 4, 147, 303, 310, 30, 28, 0, 3, 4, 0, 69)
28 (1, 4, 343, 323, 306, 46, 27, 0, 2, 3, 0, 151)
29 (1, 4, 410, 339, 309, 77, 22, 12, 1, 2, 0, 221)
30 (1, 4, 441, 341, 276, 89, 0, 23, 0, 1, 0, 74)
31 (1, 4, 329, 369, 241, 100, 30, 35, 0, 0, 0, 54)
0 (1, 4, 38, 131, 199, 24, 0, 102, 0, 0, 0, 140)
1 (1, 4, 0, 0, 178, 21, 0, 84, 0, 0, 0, 86)
2 (1, 4, 0, 25, 240, 28, 0, 68, 0, 0, 0, 209)
3 (1, 4, 47, 116, 392, 12, 0, 57, 0, 0, 0, 202)
4 (1, 4, 25, 330, 513, 0, 0, 75, 0, 0, 0, 191)
5 (1, 4, 0, 357, 383, 0, 0, 82, 0, 0, 0, 228)
6 (1, 4, 0, 345, 285, 0, 0, 78, 0, 0, 0, 72)
7 (1, 4, 0, 318, 233, 0, 0, 83, 0, 0, 0, 16)
8 (1, 4, 4, 390, 288, 0, 0, 79, 0, 0, 0, 10)
9 (1, 4, 28, 271, 111, 0, 0, 63, 0, 0, 0, 85)
10 (1, 4, 277, 0, 47, 0, 0, 65, 0, 0, 0, 151)
11 (1, 4, 7, 28, 0, 0, 0, 33, 0, 0, 0, 34)
12 (1, 4, 43, 2, 0, 0, 0, 40, 0, 0, 0, 253)
13 (1, 4, 55, 19, 8, 0, 0, 37, 0, 0, 0, 125)
14 (1, 4, 47, 10, 9, 0, 0, 47, 0, 0, 0, 77)
15 (1, 4, 40, 6, 9, 0, 0, 45, 0, 0, 0, 183)
16 (1, 4, 12, 6, 0, 0, 0, 45, 0, 0, 0, 96)
17 (1, 4, 0, 7, 0, 0, 0, 42, 0, 0, 0, 142)
18 (1, 4, 11, 8, 0, 0, 0, 43, 0, 0, 0, 130)
19 (1, 4, 25, 13, 0, 0, 0, 44, 0, 0, 0, 2)
20 (1, 4, 18, 11, 0, 0, 0, 45, 0, 0, 0, 8)
21 (1, 4, 0, 12, 0, 0, 0, 41, 0, 0, 0, 131)
22 (1, 4, 0, 15, 0, 0, 0, 43, 0, 0, 0, 226)
23 (1, 4, 0, 11, 0, 0, 0, 43, 0, 0, 0, 56)
24 (1, 4, 10, 6, 0, 0, 0, 42, 0, 0, 0, 87)
25 (1, 4, 0, 7, 0, 0, 0, 44, 0, 0, 0, 66)
26 (1, 4, 0, 9, 0, 0, 0, 45, 0, 0, 0, 153)
27 (1, 4, 0, 5, 0, 0, 0, 44, 0, 0, 0, 47)
28 (1, 4, 0, 12, 0, 0, 0, 39, 0, 0, 0, 165)
29 (1, 4, 6, 11, 0, 0, 0, 40, 0, 0, 0, 122)
30 (1, 4, 5, 9, 0, 0, 0, 43, 0, 0, 0, 99)
31 (1, 4, 10, 8, 0, 0, 0, 42, 0, 0, 0, 83)
0 (1, 4, 0, 434, 0, 41, 0, 0, 5, 5, 0, 119)
1 (1, 4, 0, 426, 0, 46, 0, 5, 5, 5, 0, 82)
2 (1, 4, 0, 371, 0, 47, 0, 32, 5, 5, 0, 163)
3 (1, 4, 0, 254, 0, 47, 0, 69, 4, 5, 0, 183)
4 (1, 4, 13, 85, 0, 46, 0, 86, 4, 5, 0, 243)
5 (1, 4, 15, 0, 0, 55, 0, 84, 4, 4, 0, 160)
6 (1, 4, 52, 0, 0, 64, 0, 88, 4, 4, 0, 236)
7 (1, 4, 40, 0, 0, 43, 0, 53, 4, 4, 0, 5)
8 (1, 4, 84, 0, 0, 30, 0, 20, 4, 4, 0, 224)
9 (1, 4, 151, 0, 0, 0, 0, 0, 4, 4, 0, 133)
10 (1, 4, 185, 0, 0, 8, 31, 0, 4, 4, 0, 194)
11 (1, 4, 120, 0, 0, 37, 80, 0, 4, 4, 0, 145)
12 (1, 4, 0, 0, 0, 52, 55, 0, 4, 4, 0, 216)
13 (1, 4, 0, 13, 0, 49, 38, 0, 4, 4, 0, 155)
14 (1, 4, 8, 16, 2, 56, 40, 0, 4, 4, 0, 78)
15 (1, 4, 23, 26, 0, 59, 42, 0, 4, 4, 0, 214)
16 (1, 4, 3, 49, 6, 55, 37, 0, 4, 4, 0, 251)
17 (1, 4, 5, 49, 16, 55, 33, 0, 4, 4, 0, 50)
18 (1, 4, 0, 35, 0, 56, 31, 0, 4, 4, 0, 138)
19 (1, 4, 0, 51, 10, 57, 29, 0, 4, 4, 0, 149)
20 (1, 4, 0, 35, 0, 61, 31, 0, 4, 4, 0, 233)
21 (1, 4, 3, 60, 27, 61, 33, 0, 4, 4, 0, 11)
22 (1, 4, 0, 106, 54, 58, 42, 0, 4, 4, 0, 211)
23 (1, 4, 62, 206, 149, 43, 23, 0, 3, 4, 0, 31)
24 (1, 4, 267, 314, 250, 36, 0, 0, 3, 3, 0, 16)
25 (1, 4, 533, 374, 251, 63, 0, 0, 2, 2, 0, 251)
26 (1, 4, 644, 390, 158, 63, 0, 0, 1, 2, 0, 72)
27 (1, 4, 873, 402, 204, 89, 0, 18, 0, 1, 0, 140)
28 (1, 4, 873, 351, 194, 76, 48, 22, 0, 0, 0, 29)
29 (1, 4, 476, 387, 100, 60, 143, 48, 0, 0, 0, 90)
30 (1, 4, 0, 358, 143, 38, 36, 105, 0, 0, 0, 81)
31 (1, 4, 0, 447, 396, 15, 0, 130, 0, 0, 0, 80)
0 (1, 4, 241, 0, 0, 0, 0, 0, 4, 4, 0, 239)
1 (1, 4, 321, 0, 0, 0, 96, 0, 4, 4, 0, 200)
2 (1, 4, 77, 0, 0, 38, 114, 0, 4, 4, 0, 94)
3 (1, 4, 85, 4, 26, 37, 60, 0, 4, 4, 0, 19)
4 (1, 4, 33, 0, 0, 42, 63, 0, 3, 4, 0, 180)
5 (1, 4, 51, 43, 19, 45, 70, 0, 4, 4, 0, 123)
6 (1, 4, 0, 55, 4, 40, 63, 0, 4, 4, 0, 149)
7 (1, 4, 0, 98, 46, 40, 68, 0, 4, 4, 0, 173)
8 (1, 4, 0, 121, 43, 40, 57, 0, 4, 4, 0, 164)
9 (1, 4, 0, 163, 105, 39, 68, 0, 4, 4, 0, 33)
10 (1, 4, 0, 318, 261, 10, 59, 0, 4, 4, 0, 139)
11 (1, 4, 62, 428, 399, 0, 32, 0, 4, 4, 0, 158)
12 (1, 4, 443, 531, 507, 14, 4, 0, 3, 3, 0, 203)
13 (1, 4, 873, 557, 685, 47, 0, 20, 2, 2, 0, 160)
14 (1, 4, 873, 568, 586, 81, 29, 42, 1, 1, 0, 95)
15 (1, 4, 873, 381, 377, 34, 90, 76, 0, 0, 0, 255)
16 (1, 4, 0, 356, 0, 12, 47, 169, 0, 0, 0, 62)
17 (1, 4, 0, 295, 40, 10, 0, 201, 0, 0, 0, 37)
18 (1, 4, 111, 131, 59, 0, 35, 184, 0, 0, 0, 161)
19 (1, 4, 0, 0, 73, 10, 6, 133, 0, 0, 0, 90)
20 (1, 4, 0, 20, 115, 16, 0, 91, 0, 0, 0, 233)
21 (1, 4, 0, 134, 204, 20, 1, 79, 0, 0, 0, 110)
22 (1, 4, 0, 245, 294, 0, 0, 85, 0, 0, 0, 222)
23 (1, 4, 0, 235, 143, 0, 0, 104, 0, 0, 0, 243)
24 (1, 4, 0, 360, 218, 0, 0, 102, 0, 0, 0, 167)
25 (1, 4, 0, 268, 45, 0, 0, 124, 0, 0, 0, 210)
26 (1, 4, 0, 150, 35, 0, 0, 140, 0, 0, 0, 249)
27 (1, 4, 0, 11, 0, 0, 0, 111, 0, 0, 0, 8)
28 (1, 4, 32, 96, 25, 0, 0, 50, 0, 0, 0, 100)
29 (1, 4, 61, 23, 5, 0, 0, 72, 0, 0, 0, 25)
30 (1, 4, 5, 0, 0, 0, 0, 64, 0, 0, 0, 13)
0 (1, 4, 0, 380, 0, 62, 0, 0, 5, 5, 0, 91)
1 (1, 4, 0, 491, 0, 62, 0, 0, 5, 5, 0, 57)
2 (1, 4, 0, 488, 0, 56, 0, 0, 5, 5, 0, 163)
3 (1, 4, 0, 445, 0, 51, 0, 41, 5, 5, 0, 99)
4 (1, 4, 0, 320, 0, 64, 0, 79, 5, 5, 0, 92)
5 (1, 4, 0, 230, 0, 64, 0, 112, 4, 5, 0, 36)
6 (1, 4, 59, 52, 0, 69, 0, 129, 4, 4, 0, 133)
7 (1, 4, 97, 0, 0, 52, 0, 144, 4, 4, 0, 33)
8 (1, 4, 129, 0, 0, 53, 0, 112, 4, 4, 0, 11)
9 (1, 4, 175, 0, 0, 42, 0, 75, 4, 4, 0, 52)
10 (1, 4, 233, 0, 0, 18, 0, 21, 4, 4, 0, 207)
11 (1, 4, 252, 0, 0, 0, 0, 0, 4, 4, 0, 169)
12 (1, 4, 327, 0, 0, 0, 12, 0, 4, 4, 0, 217)
13 (1, 4, 282, 0, 0, 0, 135, 0, 4, 4, 0, 136)
14 (1, 4, 0, 7, 5, 62, 38, 0, 4, 4, 0, 42)
15 (1, 4, 81, 0, 0, 27, 50, 0, 4, 4, 0, 105)
16 (1, 4, 13, 22, 0, 50, 56, 0, 4, 4, 0, 163)
17 (1, 4, 0, 70, 7, 38, 54, 0, 4, 4, 0, 185)
18 (1, 4, 0, 79, 5, 37, 48, 0, 4, 4, 0, 160)
19 (1, 4, 0, 90, 25, 43, 55, 0, 4, 4, 0, 225)
20 (1, 4, 0, 126, 42, 41, 57, 0, 4, 4, 0, 45)
21 (1, 4, 0, 172, 116, 46, 53, 0, 4, 4, 0, 149)
22 (1, 4, 0, 227, 121, 21, 60, 0, 4, 4, 0, 174)
23 (1, 4, 0, 332, 238, 4, 43, 0, 4, 4, 0, 87)
24 (1, 4, 10, 465, 385, 0, 24, 0, 3, 3, 0, 198)
25 (1, 4, 0, 463, 342, 32, 25, 14, 2, 3, 0, 139)
26 (1, 4, 142, 293, 392, 73, 0, 80, 1, 2, 0, 119)
27 (1, 4, 0, 367, 454, 100, 18, 86, 1, 1, 0, 41)
28 (1, 4, 0, 439, 31, 72, 0, 178, 0, 1, 0, 26)
29 (1, 4, 0, 0, 0, 8, 0, 158, 0, 0, 0, 249)
30 (1, 4, 184, 0, 0, 74, 0, 91, 0, 0, 0, 53)
31 (1, 4, 0, 0, 0, 94, 0, 57, 0, 0, 0, 161)
0 (1, 4, 58, 0, 54, 67, 0, 37, 0, 0, 0, 58)
1 (1, 4, 356, 0, 256, 55, 0, 20, 0, 0, 0, 178)
2 (1, 4, 873, 0, 609, 72, 0, 0, 0, 0, 0, 78)
3 (1, 4, 873, 0, 873, 80, 0, 0, 0, 0, 0, 160)
4 (1, 4, 677, 238, 749, 21, 0, 37, 0, 0, 0, 125)
5 (1, 4, 0, 379, 242, 0, 0, 90, 0, 0, 0, 177)
6 (1, 4, 0, 93, 37, 0, 0, 101, 0, 0, 0, 58)
7 (1, 4, 14, 28, 95, 0, 0, 75, 0, 0, 0, 54)
8 (1, 4, 0, 124, 54, 0, 0, 78, 0, 0, 0, 164)
9 (1, 4, 0, 59, 0, 0, 0, 76, 0, 0, 0, 108)
10 (1, 4, 0, 12, 0, 0, 0, 64, 0, 0, 0, 82)
11 (1, 4, 10, 0, 0, 0, 0, 55, 0, 0, 0, 115)
12 (1, 4, 0, 0, 0, 0, 0, 44, 0, 0, 0, 64)
13 (1, 4, 0, 0, 0, 0, 0, 41, 0, 0, 0, 234)
14 (1, 4, 0, 62, 0, 0, 0, 33, 0, 0, 0, 167)
15 (1, 4, 0, 102, 0, 0, 0, 23, 0, 0, 0, 72)
16 (1, 4, 0, 132, 0, 0, 0, 25, 0, 0, 0, 67)
17 (1, 4, 0, 120, 0, 0, 0, 29, 0, 0, 0, 126)
18 (1, 4, 0, 110, 0, 0, 0, 25, 2, 2, 0, 207)
19 (1, 4, 0, 138, 0, 0, 0, 0, 4, 3, 0, 147)
20 (1, 4, 0, 234, 0, 6, 0, 0, 5, 4, 0, 228)
21 (1, 4, 0, 309, 0, 26, 0, 0, 5, 4, 0, 32)
22 (1, 4, 0, 483, 0, 51, 0, 0, 5, 5, 0, 17)
23 (1, 4, 0, 553, 0, 36, 0, 0, 4, 4, 0, 198)
24 (1, 4, 20, 443, 0, 38, 0, 24, 4, 4, 0, 60)
25 (1, 4, 112, 305, 0, 28, 0, 64, 4, 4, 0, 49)
26 (1, 4, 205, 118, 0, 13, 0, 78, 3, 4, 0, 198)
27 (1, 4, 246, 0, 0, 6, 0, 97, 3, 3, 0, 131)
28 (1, 4, 248, 0, 0, 2, 0, 65, 3, 3, 0, 10)
29 (1, 4, 335, 0, 0, 7, 0, 32, 3, 3, 0, 72)
30 (1, 4, 271, 0, 0, 0, 4, 0, 3, 3, 0, 222)
31 (1, 4, 395, 0, 0, 0, 5, 0, 3, 3, 0, 138)
0 (1, 4, 3, 76, 5, 50, 49, 0, 3, 3, 0, 134)
1 (1, 4, 0, 90, 13, 49, 51, 0, 3, 3, 0, 45)
2 (1, 4, 0, 98, 21, 49, 47, 0, 3, 3, 0, 89)
3 (1, 4, 0, 115, 53, 51, 46, 0, 3, 3, 0, 52)
4 (1, 4, 0, 109, 49, 54, 53, 0, 3, 3, 0, 163)
5 (1, 4, 0, 172, 145, 59, 53, 0, 3, 3, 0, 0)
6 (1, 4, 0, 183, 91, 42, 58, 0, 3, 3, 0, 210)
7 (1, 4, 0, 349, 198, 45, 52, 0, 3, 3, 0, 220)
8 (1, 4, 0, 427, 283, 33, 29, 0, 3, 3, 0, 37)
9 (1, 4, 0, 412, 288, 43, 20, 6, 2, 3, 0, 210)
10 (1, 4, 0, 334, 391, 52, 0, 78, 2, 2, 0, 70)
11 (1, 4, 658, 51, 574, 78, 0, 109, 0, 1, 0, 190)
12 (1, 4, 121, 241, 311, 101, 46, 102, 0, 0, 0, 169)
13 (1, 4, 0, 376, 0, 34, 0, 135, 0, 0, 0, 70)
14 (1, 4, 0, 98, 151, 0, 0, 143, 0, 0, 0, 74)
15 (1, 4, 96, 0, 0, 49, 0, 102, 0, 0, 0, 25)
16 (1, 4, 0, 0, 0, 68, 0, 62, 2, 1, 0, 44)
17 (1, 4, 19, 0, 57, 71, 0, 73, 1, 1, 0, 212)
18 (1, 4, 18, 0, 171, 70, 0, 66, 1, 1, 0, 232)
19 (1, 4, 0, 0, 202, 53, 0, 55, 0, 1, 0, 144)
20 (1, 4, 119, 0, 271, 36, 0, 62, 0, 0, 0, 63)
21 (1, 4, 474, 0, 433, 35, 0, 54, 0, 0, 0, 163)
22 (1, 4, 405, 0, 506, 32, 0, 55, 0, 0, 0, 114)
23 (1, 4, 422, 0, 597, 11, 0, 84, 0, 0, 0, 68)
24 (1, 4, 150, 105, 560, 0, 0, 97, 0, 0, 0, 232)
25 (1, 4, 0, 87, 373, 0, 0, 85, 0, 0, 0, 79)
26 (1, 4, 0, 83, 259, 0, 0, 86, 0, 0, 0, 248)
27 (1, 4, 0, 131, 220, 0, 0, 76, 0, 0, 0, 234)
28 (1, 4, 0, 197, 222, 0, 0, 84, 0, 0, 0, 200)
29 (1, 4, 0, 176, 110, 0, 0, 69, 0, 0, 0, 251)
30 (1, 4, 0, 138, 83, 0, 0, 73, 0, 0, 0, 238)
31 (1, 4, 0, 40, 24, 0, 0, 62, 0, 0, 0, 152)
0 (1, 4, 0, 733, 0, 31, 0, 0, 5, 5, 0, 243)
1 (1, 4, 0, 774, 0, 16, 0, 0, 5, 5, 0, 59)
2 (1, 4, 39, 623, 40, 0, 0, 40, 4, 5, 0, 232)
3 (1, 4, 162, 354, 0, 0, 0, 98, 4, 4, 0, 0)
4 (1, 4, 248, 100, 0, 0, 0, 149, 4, 4, 0, 249)
5 (1, 4, 321, 0, 0, 4, 0, 130, 4, 4, 0, 144)
6 (1, 4, 197, 0, 0, 22, 0, 106, 4, 4, 0, 242)
7 (1, 4, 263, 0, 0, 22, 0, 59, 3, 4, 0, 16)
8 (1, 4, 221, 0, 0, 0, 0, 0, 3, 4, 0, 73)
9 (1, 4, 273, 0, 0, 0, 0, 0, 3, 4, 0, 159)
10 (1, 4, 345, 0, 0, 8, 153, 0, 4, 4, 0, 190)
11 (1, 4, 0, 91, 95, 77, 54, 0, 3, 4, 0, 240)
12 (1, 4, 84, 3, 21, 21, 33, 0, 3, 4, 0, 175)
13 (1, 4, 0, 0, 0, 60, 41, 0, 3, 4, 0, 92)
14 (1, 4, 50, 38, 10, 57, 55, 0, 3, 4, 0, 183)
15 (1, 4, 0, 46, 0, 45, 42, 0, 3, 4, 0, 249)
16 (1, 4, 1, 35, 0, 49, 45, 0, 3, 4, 0, 48)
17 (1, 4, 0, 76, 0, 49, 47, 0, 3, 4, 0, 60)
18 (1, 4, 0, 68, 11, 48, 37, 0, 3, 4, 0, 164)
19 (1, 4, 0, 78, 6, 51, 44, 0, 3, 4, 0, 149)
20 (1, 4, 0, 80, 23, 51, 46, 0, 3, 4, 0, 233)
21 (1, 4, 0, 106, 68, 57, 56, 0, 3, 4, 0, 249)
22 (1, 4, 0, 187, 127, 50, 51, 0, 3, 4, 0, 186)
23 (1, 4, 2, 252, 174, 43, 38, 0, 3, 4, 0, 201)
24 (1, 4, 65, 403, 231, 35, 19, 0, 2, 3, 0, 10)
25 (1, 4, 198, 393, 178, 52, 3, 0, 1, 2, 0, 38)
26 (1, 4, 0, 408, 54, 90, 32, 0, 0, 1, 0, 58)
27 (1, 4, 0, 534, 113, 74, 0, 32, 0, 0, 0, 57)
28 (1, 4, 0, 467, 371, 42, 0, 96, 0, 0, 0, 247)
29 (1, 4, 0, 290, 422, 32, 5, 159, 0, 0, 0, 196)
30 (1, 4, 0, 160, 238, 0, 0, 192, 0, 0, 0, 75)
31 (1, 4, 0, 0, 0, 3, 0, 147, 0, 0, 0, 96)
0 (1, 4, 35, 100, 25, 109, 0, 40, 1, 1, 0, 130)
1 (1, 4, 29, 141, 45, 111, 0, 45, 2, 1, 0, 90)
2 (1, 4, 16, 190, 99, 108, 0, 59, 3, 2, 0, 176)
3 (1, 4, 90, 189, 112, 91, 0, 79, 4, 3, 0, 10)
4 (1, 4, 106, 162, 15, 75, 0, 104, 5, 5, 0, 132)
5 (1, 4, 77, 54, 0, 25, 0, 154, 5, 5, 0, 146)
6 (1, 4, 178, 0, 0, 29, 0, 141, 5, 5, 0, 219)
7 (1, 4, 99, 0, 0, 26, 0, 125, 5, 5, 0, 73)
8 (1, 4, 101, 0, 0, 32, 0, 72, 4, 5, 0, 15)
9 (1, 4, 103, 0, 0, 17, 0, 25, 4, 4, 0, 48)
10 (1, 4, 117, 0, 0, 0, 0, 0, 4, 4, 0, 194)
11 (1, 4, 303, 0, 0, 0, 23, 0, 4, 4, 0, 40)
12 (1, 4, 200, 0, 0, 20, 161, 0, 4, 4, 0, 125)
13 (1, 4, 38, 173, 118, 60, 20, 0, 4, 4, 0, 81)
14 (1, 4, 22, 0, 0, 24, 41, 0, 4, 4, 0, 36)
15 (1, 4, 28, 0, 0, 53, 37, 0, 4, 4, 0, 24)
16 (1, 4, 27, 29, 0, 38, 44, 0, 4, 4, 0, 225)
17 (1, 4, 0, 32, 0, 38, 47, 0, 4, 4, 0, 151)
18 (1, 4, 8, 29, 0, 33, 43, 0, 4, 4, 0, 38)
19 (1, 4, 5, 35, 0, 36, 45, 0, 4, 4, 0, 181)
20 (1, 4, 0, 38, 0, 40, 44, 0, 4, 4, 0, 17)
21 (1, 4, 0, 51, 6, 39, 43, 0, 4, 4, 0, 163)
22 (1, 4, 0, 45, 10, 41, 46, 0, 4, 4, 0, 4)
23 (1, 4, 0, 83, 29, 47, 54, 0, 4, 4, 0, 188)
24 (1, 4, 0, 147, 75, 55, 69, 0, 4, 4, 0, 221)
25 (1, 4, 0, 289, 161, 35, 59, 0, 4, 4, 0, 89)
26 (1, 4, 0, 372, 241, 24, 34, 0, 4, 4, 0, 170)
27 (1, 4, 0, 398, 210, 36, 37, 0, 3, 4, 0, 203)
28 (1, 4, 0, 455, 203, 42, 15, 0, 2, 3, 0, 233)
29 (1, 4, 14, 526, 290, 61, 11, 24, 1, 2, 0, 45)
30 (1, 4, 199, 441, 372, 75, 0, 65, 0, 1, 0, 13)
31 (1, 4, 0, 587, 287, 57, 22, 94, 0, 0, 0, 253)
0 (1, 4, 13, 0, 0, 0, 0, 138, 4, 4, 0, 197)
1 (1, 4, 69, 0, 0, 0, 0, 160, 4, 4, 0, 206)
2 (1, 4, 131, 0, 0, 0, 0, 145, 4, 4, 0, 219)
3 (1, 4, 179, 0, 0, 0, 0, 140, 4, 4, 0, 111)
4 (1, 4, 225, 0, 0, 0, 0, 85, 4, 4, 0, 51)
5 (1, 4, 159, 0, 0, 0, 0, 23, 4, 4, 0, 53)
6 (1, 4, 119, 0, 0, 0, 16, 0, 4, 4, 0, 91)
7 (1, 4, 329, 0, 0, 0, 0, 0, 4, 4, 0, 175)
8 (1, 4, 211, 0, 0, 50, 142, 0, 4, 4, 0, 240)
9 (1, 4, 0, 35, 130, 89, 41, 0, 4, 4, 0, 238)
10 (1, 4, 0, 22, 5, 54, 48, 0, 4, 4, 0, 146)
11 (1, 4, 0, 0, 0, 77, 35, 0, 4, 4, 0, 146)
12 (1, 4, 0, 62, 13, 72, 51, 0, 4, 4, 0, 165)
13 (1, 4, 0, 86, 41, 53, 41, 0, 3, 4, 0, 56)
14 (1, 4, 0, 98, 18, 33, 35, 0, 3, 3, 0, 105)
15 (1, 4, 0, 102, 89, 9, 26, 0, 2, 3, 0, 12)
16 (1, 4, 0, 79, 127, 7, 10, 0, 1, 1, 0, 8)
17 (1, 4, 0, 0, 78, 17, 6, 22, 0, 0, 0, 174)
18 (1, 4, 65, 0, 59, 18, 0, 32, 0, 0, 0, 23)
19 (1, 4, 197, 0, 69, 0, 11, 0, 0, 0, 0, 175)
20 (1, 4, 122, 0, 0, 1, 0, 0, 0, 0, 0, 163)
21 (1, 4, 260, 0, 3, 0, 0, 0, 0, 0, 0, 255)
22 (1, 4, 288, 0, 2, 0, 0, 0, 0, 0, 0, 148)
23 (1, 4, 534, 0, 167, 0, 0, 0, 0, 0, 0, 84)
24 (1, 4, 459, 0, 272, 0, 0, 0, 0, 0, 0, 160)
25 (1, 4, 729, 99, 360, 0, 0, 0, 0, 0, 0, 5)
26 (1, 4, 873, 298, 652, 0, 0, 0, 0, 0, 0, 24)
27 (1, 4, 873, 199, 484, 0, 0, 0, 0, 0, 0, 63)
28 (1, 4, 473, 111, 88, 0, 17, 16, 0, 0, 0, 153)
29 (1, 4, 0, 179, 0, 0, 0, 24, 0, 0, 0, 61)
30 (1, 4, 0, 258, 0, 0, 0, 7, 0, 0, 0, 229)
31 (1, 4, 60, 127, 75, 0, 0, 23, 0, 0, 0, 188)
0 (1, 4, 1, 3, 0, 0, 0, 0, 0, 0, 0, 168)
1 (1, 4, 8, 3, 0, 0, 0, 0, 0, 0, 0, 214)
2 (1, 4, 6, 3, 0, 0, 0, 0, 0, 0, 0, 130)
3 (1, 4, 1, 7, 0, 0, 0, 0, 0, 0, 0, 114)
4 (1, 4, 3, 6, 0, 0, 0, 0, 0, 0, 0, 219)
5 (1, 4, 4, 5, 0, 0, 0, 0, 0, 0, 0, 41)
6 (1, 4, 12, 0, 0, 0, 0, 0, 0, 0, 0, 54)
7 (1, 4, 0, 0, 0, 0, 0, 15, 0, 0, 0, 135)
8 (1, 4, 292, 0, 0, 0, 0, 10, 0, 0, 0, 208)
9 (1, 4, 93, 0, 0, 0, 0, 22, 1, 1, 0, 71)
10 (1, 4, 0, 0, 0, 0, 0, 19, 3, 2, 0, 187)
11 (1, 4, 0, 104, 0, 0, 0, 0, 4, 4, 0, 168)
12 (1, 4, 0, 380, 0, 0, 0, 0, 5, 4, 0, 148)
13 (1, 4, 0, 614, 0, 0, 0, 0, 5, 5, 0, 104)
14 (1, 4, 0, 772, 0, 0, 0, 0, 5, 5, 0, 161)
15 (1, 4, 0, 728, 0, 0, 0, 0, 5, 5, 0, 206)
16 (1, 4, 0, 574, 0, 0, 0, 41, 4, 5, 0, 207)
17 (1, 4, 0, 408, 0, 11, 0, 81, 4, 5, 0, 151)
18 (1, 4, 23, 237, 0, 29, 0, 93, 4, 4, 0, 182)
19 (1, 4, 46, 84, 0, 20, 0, 120, 4, 4, 0, 167)
20 (1, 4, 232, 0, 0, 0, 0, 154, 4, 4, 0, 123)
21 (1, 4, 202, 0, 0, 0, 0, 105, 3, 4, 0, 82)
22 (1, 4, 169, 0, 0, 1, 0, 35, 3, 4, 0, 7)
23 (1, 4, 285, 0, 0, 0, 0, 0, 3, 3, 0, 193)
24 (1, 4, 345, 0, 0, 0, 0, 0, 4, 4, 0, 79)
25 (1, 4, 295, 0, 0, 13, 127, 0, 4, 4, 0, 21)
26 (1, 4, 0, 79, 74, 75, 34, 0, 4, 4, 0, 243)
27 (1, 4, 46, 0, 15, 35, 19, 0, 4, 4, 0, 86)
28 (1, 4, 0, 0, 0, 70, 33, 0, 4, 4, 0, 185)
29 (1, 4, 30, 74, 23, 55, 24, 0, 4, 4, 0, 46)
30 (1, 4, 0, 110, 0, 57, 34, 0, 4, 4, 0, 25)
31 (1, 4, 0, 121, 37, 55, 28, 0, 4, 4, 0, 172)
0 (1, 4, 636, 217, 287, 10, 0, 0, 2, 2, 0, 214)
1 (1, 4, 873, 396, 333, 63, 5, 0, 0, 1, 0, 95)
2 (1, 4, 723, 332, 189, 41, 5, 18, 0, 0, 0, 227)
3 (1, 4, 856, 239, 232, 79, 0, 69, 0, 0, 0, 71)
4 (1, 4, 518, 321, 159, 97, 94, 69, 0, 0, 0, 217)
5 (1, 4, 0, 331, 251, 45, 53, 118, 0, 0, 0, 100)
6 (1, 4, 0, 267, 505, 26, 0, 140, 0, 0, 0, 42)
7 (1, 4, 0, 322, 376, 0, 0, 155, 0, 0, 0, 59)
8 (1, 4, 0, 7, 390, 0, 0, 125, 0, 0, 0, 214)
9 (1, 4, 0, 3, 149, 0, 0, 83, 0, 0, 0, 18)
10 (1, 4, 21, 15, 245, 0, 0, 77, 0, 0, 0, 93)
11 (1, 4, 0, 123, 242, 0, 0, 61, 0, 0, 0, 163)
12 (1, 4, 0, 135, 249, 0, 0, 71, 0, 0, 0, 136)
13 (1, 4, 0, 159, 218, 0, 0, 50, 0, 0, 0, 130)
14 (1, 4, 0, 250, 238, 0, 0, 38, 0, 0, 0, 213)
15 (1, 4, 0, 268, 191, 0, 0, 30, 0, 0, 0, 46)
16 (1, 4, 0, 0, 0, 0, 0, 122, 0, 0, 0, 26)
17 (1, 4, 170, 0, 2, 0, 0, 4, 0, 0, 0, 154)
18 (1, 4, 63, 24, 5, 0, 0, 28, 0, 0, 0, 87)
19 (1, 4, 0, 0, 37, 0, 0, 61, 0, 0, 0, 120)
20 (1, 4, 0, 0, 0, 0, 0, 29, 0, 0, 0, 237)
21 (1, 4, 0, 1, 5, 0, 0, 39, 0, 0, 0, 179)
22 (1, 4, 0, 0, 12, 0, 0, 36, 0, 0, 0, 72)
23 (1, 4, 0, 0, 16, 0, 0, 41, 0, 0, 0, 149)
24 (1, 4, 0, 0, 18, 0, 0, 41, 0, 0, 0, 186)
25 (1, 4, 0, 0, 18, 0, 0, 39, 0, 0, 0, 156)
26 (1, 4, 0, 0, 21, 0, 0, 46, 0, 0, 0, 76)
27 (1, 4, 22, 0, 7, 0, 0, 47, 0, 0, 0, 7)
28 (1, 4, 21, 0, 0, 0, 0, 55, 0, 0, 0, 201)
29 (1, 4, 9, 0, 0, 0, 0, 59, 0, 0, 0, 254)
30 (1, 4, 0, 0, 0, 0, 0, 90, 0, 0, 0, 187)
31 (1, 4, 0, 0, 0, 0, 0, 97, 3, 2, 0, 53)
0 (1, 4, 44, 0, 0, 22, 0, 59, 5, 4, 0, 252)
1 (1, 4, 0, 0, 0, 34, 0, 80, 4, 4, 0, 27)
2 (1, 4, 1, 0, 0, 41, 0, 101, 4, 4, 0, 20)
3 (1, 4, 0, 0, 0, 30, 1, 122, 4, 4, 0, 10)
4 (1, 4, 86, 0, 0, 46, 3, 116, 4, 4, 0, 141)
5 (1, 4, 138, 0, 0, 31, 0, 89, 4, 4, 0, 210)
6 (1, 4, 0, 0, 0, 22, 7, 24, 4, 4, 0, 190)
7 (1, 4, 73, 0, 0, 0, 0, 0, 4, 4, 0, 173)
8 (1, 4, 289, 0, 0, 0, 0, 0, 3, 4, 0, 184)
9 (1, 4, 233, 0, 0, 5, 159, 0, 3, 4, 0, 45)
10 (1, 4, 0, 169, 161, 42, 23, 0, 3, 4, 0, 239)
11 (1, 4, 56, 0, 0, 20, 62, 0, 3, 4, 0, 247)
12 (1, 4, 0, 0, 0, 46, 24, 0, 3, 4, 0, 100)
13 (1, 4, 57, 30, 8, 43, 45, 0, 3, 4, 0, 149)
14 (1, 4, 0, 36, 0, 36, 32, 0, 3, 4, 0, 243)
15 (1, 4, 0, 43, 0, 33, 36, 0, 3, 4, 0, 194)
16 (1, 4, 0, 45, 0, 35, 44, 0, 3, 4, 0, 138)
17 (1, 4, 0, 88, 32, 38, 44, 0, 3, 4, 0, 88)
18 (1, 4, 0, 126, 54, 41, 47, 0, 3, 4, 0, 13)
19 (1, 4, 0, 206, 132, 41, 36, 0, 3, 4, 0, 186)
20 (1, 4, 117, 298, 210, 30, 30, 0, 3, 3, 0, 70)
21 (1, 4, 308, 374, 255, 26, 0, 0, 3, 3, 0, 233)
22 (1, 4, 606, 438, 291, 22, 0, 0, 2, 2, 0, 8)
23 (1, 4, 873, 371, 232, 55, 0, 0, 1, 2, 0, 234)
24 (1, 4, 873, 403, 46, 50, 0, 0, 1, 1, 0, 15)
25 (1, 4, 818, 348, 0, 48, 48, 20, 0, 0, 0, 29)
26 (1, 4, 31, 332, 0, 61, 99, 50, 0, 0, 0, 25)
27 (1, 4, 0, 307, 0, 26, 70, 95, 0, 0, 0, 181)
28 (1, 4, 0, 339, 124, 71, 21, 143, 0, 0, 0, 221)
29 (1, 4, 0, 347, 146, 18, 0, 131, 0, 0, 0, 150)
30 (1, 4, 0, 437, 206, 0, 0, 152, 0, 0, 0, 34)
31 (1, 4, 0, 267, 120, 0, 0, 122, 0, 0, 0, 82)
0 (1, 4, 194, 0, 0, 0, 93, 0, 3, 4, 0, 55)
1 (1, 4, 37, 0, 0, 36, 96, 0, 3, 4, 0, 0)
2 (1, 4, 1, 37, 23, 20, 59, 0, 3, 4, 0, 3)
3 (1, 4, 8, 0, 0, 28, 57, 0, 3, 4, 0, 64)
4 (1, 4, 21, 38, 0, 32, 55, 0, 3, 4, 0, 217)
5 (1, 4, 0, 67, 6, 30, 63, 0, 3, 4, 0, 53)
6 (1, 4, 0, 78, 16, 26, 54, 0, 3, 4, 0, 35)
7 (1, 4, 0, 79, 22, 29, 61, 0, 3, 4, 0, 240)
8 (1, 4, 0, 118, 64, 32, 63, 0, 3, 4, 0, 215)
9 (1, 4, 0, 191, 149, 35, 71, 0, 3, 4, 0, 158)
10 (1, 4, 0, 284, 232, 22, 65, 0, 3, 4, 0, 0)
11 (1, 4, 0, 322, 283, 19, 46, 0, 3, 4, 0, 86)
12 (1, 4, 66, 430, 378, 7, 0, 0, 3, 3, 0, 59)
13 (1, 4, 805, 352, 350, 72, 14, 0, 1, 2, 0, 112)
14 (1, 4, 415, 516, 299, 69, 40, 21, 1, 1, 0, 106)
15 (1, 4, 287, 388, 198, 60, 0, 72, 0, 0, 0, 182)
16 (1, 4, 281, 272, 64, 82, 43, 83, 0, 0, 0, 54)
17 (1, 4, 0, 85, 0, 67, 3, 124, 0, 0, 0, 36)
18 (1, 4, 0, 0, 0, 93, 48, 70, 0, 0, 0, 198)
19 (1, 4, 0, 105, 0, 90, 0, 61, 0, 0, 0, 239)
20 (1, 4, 371, 0, 303, 54, 0, 93, 0, 0, 0, 176)
21 (1, 4, 421, 0, 346, 76, 0, 63, 0, 0, 0, 8)
22 (1, 4, 498, 0, 398, 55, 0, 62, 0, 0, 0, 173)
23 (1, 4, 539, 28, 489, 55, 7, 62, 0, 0, 0, 14)
24 (1, 4, 37, 206, 402, 15, 38, 65, 0, 0, 0, 214)
25 (1, 4, 0, 249, 469, 0, 0, 79, 0, 0, 0, 7)
26 (1, 4, 9, 249, 635, 0, 0, 84, 0, 0, 0, 3)
27 (1, 4, 0, 284, 633, 0, 0, 96, 0, 0, 0, 159)
28 (1, 4, 0, 210, 383, 0, 0, 76, 0, 0, 0, 84)
29 (1, 4, 0, 166, 307, 0, 0, 83, 0, 0, 0, 157)
30 (1, 4, 0, 9, 19, 0, 0, 152, 0, 0, 0, 15)
31 (1, 4, 10, 0, 0, 0, 0, 78, 0, 0, 0, 113)
0 (1, 4, 142, 0, 0, 0, 0, 72, 4, 7, 0, 9)
1 (1, 4, 0, 0, 0, 0, 0, 15, 4, 6, 0, 117)
2 (1, 4, 175, 0, 0, 0, 0, 0, 4, 5, 0, 185)
3 (1, 4, 391, 0, 0, 0, 8, 0, 3, 4, 0, 143)
4 (1, 4, 196, 0, 0, 38, 156, 0, 4, 3, 0, 208)
5 (1, 4, 0, 141, 127, 27, 34, 0, 3, 3, 0, 74)
6 (1, 4, 64, 0, 0, 10, 34, 0, 3, 4, 0, 195)
7 (1, 4, 0, 0, 0, 49, 45, 0, 3, 4, 0, 36)
8 (1, 4, 49, 108, 30, 29, 41, 0, 3, 4, 0, 25)
9 (1, 4, 0, 84, 0, 24, 32, 0, 3, 4, 0, 73)
10 (1, 4, 0, 119, 0, 31, 44, 0, 3, 4, 0, 44)
11 (1, 4, 0, 190, 77, 20, 43, 0, 3, 4, 0, 148)
12 (1, 4, 34, 333, 182, 12, 31, 0, 3, 4, 0, 187)
13 (1, 4, 169, 453, 247, 2, 17, 0, 3, 4, 0, 123)
14 (1, 4, 346, 536, 287, 6, 0, 0, 2, 3, 0, 38)
15 (1, 4, 720, 513, 247, 38, 0, 0, 0, 1, 0, 208)
16 (1, 4, 873, 466, 302, 47, 17, 21, 0, 0, 0, 132)
17 (1, 4, 873, 294, 254, 82, 55, 34, 0, 0, 0, 122)
18 (1, 4, 114, 390, 78, 64, 136, 37, 0, 0, 0, 130)
19 (1, 4, 0, 408, 239, 5, 35, 101, 0, 0, 0, 78)
20 (1, 4, 0, 361, 512, 0, 1, 77, 0, 0, 0, 26)
21 (1, 4, 0, 493, 647, 0, 0, 52, 0, 0, 0, 174)
22 (1, 4, 0, 456, 429, 0, 0, 32, 0, 0, 0, 47)
23 (1, 4, 0, 102, 308, 0, 0, 10, 0, 1, 0, 50)
24 (1, 4, 0, 156, 459, 0, 0, 0, 0, 1, 0, 76)
25 (1, 4, 197, 357, 496, 0, 0, 0, 0, 1, 0, 162)
26 (1, 4, 0, 213, 26, 0, 0, 0, 0, 0, 0, 30)
27 (1, 4, 35, 77, 9, 0, 0, 3, 0, 0, 0, 186)
28 (1, 4, 0, 0, 0, 0, 0, 0, 0, 0, 0, 126)
29 (1, 4, 4, 0, 6, 0, 0, 0, 0, 0, 0, 55)
0 (1, 4, 873, 243, 567, 80, 2, 51, 0, 0, 0, 171)
1 (1, 4, 615, 333, 434, 53, 55, 68, 0, 0, 0, 11)
2 (1, 4, 0, 271, 294, 1, 9, 101, 0, 0, 0, 17)
3 (1, 4, 0, 250, 467, 0, 0, 99, 0, 0, 0, 144)
4 (1, 4, 0, 336, 498, 0, 0, 73, 0, 0, 0, 240)
5 (1, 4, 0, 419, 521, 0, 0, 73, 0, 0, 0, 98)
6 (1, 4, 0, 371, 319, 0, 0, 41, 0, 0, 0, 114)
7 (1, 4, 0, 253, 285, 0, 0, 29, 0, 0, 0, 68)
8 (1, 4, 0, 332, 310, 0, 0, 13, 0, 0, 0, 156)
9 (1, 4, 0, 211, 0, 0, 0, 0, 0, 0, 0, 69)
10 (1, 4, 0, 99, 0, 0, 0, 1, 0, 0, 0, 56)
11 (1, 4, 224, 0, 35, 0, 0, 4, 0, 0, 0, 21)
12 (1, 4, 11, 37, 0, 0, 0, 0, 0, 0, 0, 177)
13 (1, 4, 0, 23, 7, 0, 0, 0, 0, 0, 0, 248)
14 (1, 4, 0, 1, 0, 0, 0, 0, 0, 0, 0, 203)
15 (1, 4, 0, 0, 0, 0, 0, 0, 0, 0, 0, 126)
16 (1, 4, 0, 0, 0, 0, 0, 0, 0, 0, 0, 126)
17 (1, 4, 0, 3, 0, 0, 0, 0, 0, 0, 0, 166)
18 (1, 4, 3, 1, 0, 0, 0, 0, 0, 0, 0, 217)
19 (1, 4, 0, 8, 0, 0, 0, 0, 0, 0, 0, 205)
20 (1, 4, 0, 13, 0, 0, 0, 0, 0, 0, 0, 162)
21 (1, 4, 1, 9, 0, 0, 0, 0, 0, 0, 0, 118)
22 (1, 4, 2, 6, 0, 0, 0, 0, 0, 0, 0, 213)
23 (1, 4, 0, 2, 0, 0, 0, 0, 0, 0, 0, 19)
24 (1, 4, 0, 10, 0, 0, 0, 0, 0, 0, 0, 160)
25 (1, 4, 0, 2, 0, 0, 0, 0, 0, 0, 0, 19)
26 (1, 4, 0, 3, 0, 0, 0, 0, 0, 0, 0, 166)
27 (1, 4, 0, 2, 0, 0, 0, 0, 0, 0, 0, 19)
28 (1, 4, 0, 6, 0, 0, 0, 0, 0, 0, 0, 201)
29 (1, 4, 0, 7, 0, 0, 0, 0, 0, 0, 0, 124)
30 (1, 4, 0, 8, 0, 0, 0, 0, 0, 0, 0, 205)
31 (1, 4, 0, 9, 0, 0, 0, 0, 0, 0, 0, 120)
0 (1, 4, 0, 0, 0, 69, 144, 0, 4, 3, 0, 75)
1 (1, 4, 70, 66, 72, 28, 14, 0, 3, 4, 0, 212)
2 (1, 4, 0, 0, 0, 50, 33, 0, 3, 4, 0, 39)
3 (1, 4, 42, 48, 22, 51, 33, 0, 3, 4, 0, 62)
4 (1, 4, 0, 65, 15, 44, 31, 0, 3, 4, 0, 93)
5 (1, 4, 0, 65, 0, 47, 37, 0, 3, 4, 0, 158)
6 (1, 4, 0, 102, 32, 45, 36, 0, 3, 4, 0, 231)
7 (1, 4, 0, 102, 0, 50, 36, 0, 3, 4, 0, 75)
8 (1, 4, 0, 111, 20, 52, 38, 0, 3, 4, 0, 220)
9 (1, 4, 0, 158, 64, 58, 46, 0, 3, 4, 0, 233)
10 (1, 4, 0, 238, 138, 43, 35, 0, 3, 4, 0, 227)
11 (1, 4, 45, 297, 242, 46, 45, 0, 3, 4, 0, 114)
12 (1, 4, 143, 281, 225, 40, 2, 0, 3, 4, 0, 61)
13 (1, 4, 267, 289, 237, 50, 0, 0, 3, 3, 0, 53)
14 (1, 4, 752, 307, 348, 62, 0, 0, 3, 3, 0, 219)
15 (1, 4, 873, 314, 417, 78, 0, 1, 2, 1, 0, 9)
16 (1, 4, 860, 313, 227, 62, 106, 32, 0, 0, 0, 119)
17 (1, 4, 0, 446, 215, 33, 112, 109, 0, 0, 0, 109)
18 (1, 4, 0, 297, 424, 0, 31, 99, 0, 0, 0, 31)
19 (1, 4, 0, 293, 501, 0, 0, 64, 0, 0, 0, 111)
20 (1, 4, 0, 412, 629, 0, 0, 75, 0, 0, 0, 81)
21 (1, 4, 0, 388, 391, 0, 0, 48, 0, 0, 0, 123)
22 (1, 4, 0, 175, 284, 0, 0, 33, 0, 0, 0, 178)
23 (1, 4, 0, 321, 331, 0, 0, 0, 0, 0, 0, 12)
24 (1, 4, 89, 293, 457, 0, 0, 4, 0, 0, 0, 43)
25 (1, 4, 0, 222, 0, 0, 0, 0, 0, 0, 0, 153)
26 (1, 4, 0, 0, 0, 0, 0, 35, 0, 0, 0, 185)
27 (1, 4, 274, 0, 61, 0, 0, 0, 0, 0, 0, 119)
28 (1, 4, 0, 42, 12, 0, 0, 6, 0, 0, 0, 76)
29 (1, 4, 2, 33, 37, 0, 0, 0, 0, 0, 0, 33)
30 (1, 4, 20, 15, 20, 0, 0, 0, 0, 0, 0, 54)
31 (1, 4, 0, 5, 0, 0, 0, 0, 0, 0, 0, 17)
0 (1, 4, 71, 23, 59, 35, 16, 0, 3, 3, 0, 110)
1 (1, 4, 0, 0, 0, 45, 39, 0, 3, 3, 0, 114)
2 (1, 4, 13, 27, 7, 54, 40, 0, 3, 4, 0, 74)
3 (1, 4, 0, 57, 22, 40, 34, 0, 3, 4, 0, 54)
4 (1, 4, 0, 90, 0, 44, 32, 0, 3, 4, 0, 47)
5 (1, 4, 0, 131, 27, 45, 35, 0, 3, 4, 0, 38)
6 (1, 4, 0, 165, 31, 48, 41, 0, 3, 4, 0, 82)
7 (1, 4, 0, 271, 128, 42, 40, 0, 3, 4, 0, 53)
8 (1, 4, 0, 303, 186, 22, 21, 0, 3, 4, 0, 172)
9 (1, 4, 176, 331, 280, 23, 29, 0, 3, 4, 0, 166)
10 (1, 4, 191, 399, 283, 39, 15, 0, 3, 3, 0, 96)
11 (1, 4, 0, 398, 126, 46, 0, 0, 2, 3, 0, 3)
12 (1, 4, 471, 219, 62, 40, 0, 65, 1, 2, 0, 209)
13 (1, 4, 873, 304, 163, 114, 36, 0, 1, 1, 0, 168)
14 (1, 4, 528, 405, 79, 78, 80, 71, 1, 0, 0, 22)
15 (1, 4, 0, 230, 162, 41, 149, 121, 0, 0, 0, 142)
16 (1, 4, 0, 0, 92, 90, 0, 84, 0, 0, 0, 31)
17 (1, 4, 65, 0, 236, 118, 0, 72, 0, 0, 0, 201)
18 (1, 4, 141, 53, 269, 85, 0, 71, 0, 0, 0, 221)
19 (1, 4, 179, 16, 313, 54, 0, 62, 0, 0, 0, 195)
20 (1, 4, 6, 65, 353, 40, 0, 55, 0, 0, 0, 208)
21 (1, 4, 0, 115, 433, 0, 0, 52, 0, 0, 0, 56)
22 (1, 4, 0, 159, 551, 0, 0, 35, 0, 0, 0, 201)
23 (1, 4, 0, 210, 566, 0, 0, 49, 0, 0, 0, 23)
24 (1, 4, 0, 188, 489, 0, 0, 23, 0, 0, 0, 244)
25 (1, 4, 22, 329, 675, 0, 0, 9, 0, 0, 0, 225)
26 (1, 4, 0, 296, 391, 0, 0, 0, 0, 0, 0, 163)
27 (1, 4, 0, 196, 173, 0, 0, 0, 0, 0, 0, 95)
28 (1, 4, 0, 13, 0, 0, 0, 0, 0, 0, 0, 162)
29 (1, 4, 19, 0, 0, 0, 0, 0, 0, 0, 0, 140)
0 (1, 4, 0, 74, 0, 0, 0, 4, 5, 4, 0, 16)
1 (1, 4, 0, 95, 0, 0, 0, 0, 5, 5, 0, 0)
2 (1, 4, 2, 249, 0, 0, 0, 0, 5, 6, 0, 213)
3 (1, 4, 110, 313, 0, 0, 0, 0, 5, 6, 0, 180)
4 (1, 4, 158, 295, 0, 19, 0, 16, 4, 6, 0, 13)
5 (1, 4, 99, 224, 0, 43, 0, 48, 4, 6, 0, 210)
6 (1, 4, 68, 91, 0, 55, 0, 86, 4, 5, 0, 16)
7 (1, 4, 0, 0, 0, 40, 0, 126, 4, 5, 0, 49)
8 (1, 4, 30, 0, 0, 50, 0, 120, 4, 5, 0, 120)
9 (1, 4, 0, 0, 0, 41, 0, 94, 4, 4, 0, 228)
10 (1, 4, 10, 0, 0, 18, 0, 49, 4, 4, 0, 82)
11 (1, 4, 88, 0, 0, 0, 0, 0, 4, 4, 0, 67)
12 (1, 4, 378, 0, 0, 0, 0, 0, 4, 4, 0, 154)
13 (1, 4, 120, 0, 0, 61, 170, 0, 4, 4, 0, 11)
14 (1, 4, 24, 74, 80, 50, 3, 0, 4, 4, 0, 184)
15 (1, 4, 30, 0, 0, 25, 56, 0, 4, 4, 0, 183)
16 (1, 4, 51, 0, 0, 43, 38, 0, 4, 4, 0, 67)
17 (1, 4, 0, 27, 0, 38, 38, 0, 4, 4, 0, 231)
18 (1, 4, 19, 27, 0, 34, 30, 0, 4, 4, 0, 32)
19 (1, 4, 0, 43, 0, 35, 37, 0, 4, 4, 0, 172)
20 (1, 4, 0, 58, 9, 31, 30, 0, 4, 4, 0, 8)
21 (1, 4, 0, 55, 0, 40, 38, 0, 4, 4, 0, 246)
22 (1, 4, 0, 76, 29, 41, 39, 0, 4, 4, 0, 210)
23 (1, 4, 0, 161, 15, 52, 42, 0, 4, 4, 0, 41)
24 (1, 4, 0, 205, 44, 39, 45, 0, 4, 4, 0, 250)
25 (1, 4, 0, 330, 160, 24, 17, 0, 4, 4, 0, 30)
26 (1, 4, 168, 419, 284, 10, 2, 0, 4, 4, 0, 242)
27 (1, 4, 373, 380, 260, 34, 18, 0, 3, 3, 0, 240)
28 (1, 4, 210, 417, 186, 55, 26, 0, 2, 3, 0, 226)
29 (1, 4, 683, 343, 285, 106, 0, 64, 1, 1, 0, 45)
0 (1, 4, 53, 0, 0, 0, 0, 0, 0, 0, 0, 111)
1 (1, 4, 173, 0, 0, 0, 0, 0, 0, 0, 0, 234)
2 (1, 4, 225, 0, 11, 0, 0, 0, 0, 0, 0, 44)
3 (1, 4, 474, 0, 20, 0, 0, 0, 0, 0, 0, 77)
4 (1, 4, 682, 0, 26, 0, 0, 0, 2, 1, 0, 135)
5 (1, 4, 275, 0, 0, 0, 0, 31, 4, 1, 0, 64)
6 (1, 4, 124, 0, 0, 0, 0, 46, 5, 3, 0, 79)
7 (1, 4, 0, 364, 0, 0, 0, 0, 5, 4, 0, 245)
8 (1, 4, 0, 288, 0, 0, 0, 0, 5, 6, 0, 201)
9 (1, 4, 0, 618, 0, 0, 0, 0, 5, 7, 0, 215)
10 (1, 4, 0, 759, 0, 5, 0, 0, 5, 7, 0, 8)
11 (1, 4, 0, 789, 0, 0, 0, 0, 5, 6, 0, 200)
12 (1, 4, 0, 513, 0, 1, 0, 49, 4, 6, 0, 70)
13 (1, 4, 0, 355, 0, 11, 0, 93, 4, 5, 0, 66)
14 (1, 4, 166, 47, 0, 12, 0, 114, 4, 5, 0, 190)
15 (1, 4, 123, 0, 0, 21, 0, 100, 4, 5, 0, 248)
16 (1, 4, 78, 0, 0, 13, 0, 79, 4, 4, 0, 160)
17 (1, 4, 122, 0, 0, 19, 3, 27, 4, 4, 0, 154)
18 (1, 4, 133, 0, 0, 0, 3, 0, 3, 3, 0, 205)
19 (1, 4, 215, 0, 0, 0, 6, 0, 3, 3, 0, 34)
20 (1, 4, 303, 0, 0, 0, 99, 0, 3, 3, 0, 102)
21 (1, 4, 0, 0, 2, 77, 44, 0, 4, 3, 0, 2)
22 (1, 4, 53, 0, 25, 16, 57, 0, 3, 3, 0, 228)
23 (1, 4, 21, 0, 8, 44, 32, 0, 3, 4, 0, 121)
24 (1, 4, 19, 34, 35, 43, 41, 0, 3, 4, 0, 238)
25 (1, 4, 9, 38, 19, 32, 33, 0, 3, 4, 0, 33)
26 (1, 4, 0, 75, 4, 43, 39, 0, 4, 4, 0, 185)
27 (1, 4, 0, 96, 40, 35, 30, 0, 4, 4, 0, 196)
28 (1, 4, 0, 75, 9, 43, 38, 0, 4, 4, 0, 182)
29 (1, 4, 0, 124, 55, 44, 44, 0, 4, 4, 0, 53)
0 (1, 4, 0, 227, 280, 85, 14, 63, 2, 2, 0, 112)
1 (1, 4, 0, 170, 141, 68, 0, 120, 1, 1, 0, 153)
2 (1, 4, 0, 17, 0, 57, 0, 112, 1, 0, 0, 6)
3 (1, 4, 0, 0, 0, 53, 0, 82, 0, 0, 0, 44)
4 (1, 4, 122, 0, 10, 93, 0, 35, 0, 0, 0, 81)
5 (1, 4, 42, 0, 0, 91, 0, 36, 0, 0, 0, 250)
6 (1, 4, 141, 0, 0, 73, 0, 39, 0, 0, 0, 173)
7 (1, 4, 248, 0, 56, 48, 0, 40, 0, 1, 0, 182)
8 (1, 4, 449, 0, 234, 27, 0, 26, 0, 1, 0, 76)
9 (1, 4, 739, 0, 560, 14, 0, 0, 0, 0, 0, 178)
10 (1, 4, 866, 0, 873, 10, 0, 0, 0, 0, 0, 38)
11 (1, 4, 329, 0, 873, 0, 0, 0, 0, 0, 0, 65)
12 (1, 4, 0, 369, 657, 0, 0, 0, 0, 0, 0, 174)
13 (1, 4, 0, 248, 488, 0, 0, 0, 0, 0, 0, 249)
14 (1, 4, 0, 169, 350, 0, 0, 0, 0, 0, 0, 175)
15 (1, 4, 0, 258, 280, 0, 0, 0, 0, 0, 0, 104)
16 (1, 4, 0, 0, 0, 0, 0, 30, 0, 0, 0, 139)
17 (1, 4, 125, 87, 90, 0, 0, 0, 0, 0, 0, 97)
18 (1, 4, 83, 9, 47, 0, 0, 0, 0, 0, 0, 164)
19 (1, 4, 163, 11, 49, 0, 0, 0, 0, 0, 0, 192)
20 (1, 4, 211, 17, 53, 0, 0, 7, 0, 0, 0, 156)
21 (1, 4, 436, 0, 36, 0, 0, 1, 0, 0, 0, 9)
22 (1, 4, 246, 0, 0, 0, 0, 0, 0, 0, 0, 225)
23 (1, 4, 35, 133, 0, 0, 0, 0, 3, 1, 0, 8)
24 (1, 4, 186, 138, 0, 0, 0, 0, 4, 3, 0, 205)
25 (1, 4, 34, 422, 0, 0, 0, 0, 5, 5, 0, 25)
26 (1, 4, 0, 589, 0, 0, 0, 0, 5, 5, 0, 193)
27 (1, 4, 22, 748, 0, 0, 0, 0, 4, 5, 0, 17)
28 (1, 4, 119, 724, 0, 0, 0, 0, 4, 5, 0, 65)
29 (1, 4, 100, 604, 0, 0, 0, 31, 4, 5, 0, 43)
30 (1, 4, 136, 368, 0, 0, 0, 85, 3, 5, 0, 132)
31 (1, 4, 153, 34, 0, 0, 0, 151, 3, 4, 0, 29)
0 (1, 4, 141, 746, 0, 5, 0, 0, 4, 5, 0, 82)
1 (1, 4, 88, 600, 0, 12, 0, 32, 4, 5, 0, 145)
2 (1, 4, 42, 431, 0, 11, 0, 83, 4, 5, 0, 36)
3 (1, 4, 0, 189, 0, 0, 0, 131, 4, 4, 0, 200)
4 (1, 4, 33, 0, 0, 0, 0, 172, 3, 4, 0, 14)
5 (1, 4, 36, 0, 0, 0, 0, 166, 3, 4, 0, 107)
6 (1, 4, 60, 0, 0, 0, 1, 125, 3, 3, 0, 4)
7 (1, 4, 0, 0, 0, 0, 19, 47, 3, 3, 0, 51)
8 (1, 4, 303, 0, 0, 0, 0, 0, 3, 3, 0, 250)
9 (1, 4, 380, 0, 0, 0, 0, 0, 3, 3, 0, 129)
10 (1, 4, 257, 0, 0, 27, 127, 0, 3, 3, 0, 124)
11 (1, 4, 40, 0, 5, 52, 0, 0, 3, 3, 0, 122)
12 (1, 4, 71, 0, 0, 32, 49, 0, 3, 3, 0, 222)
13 (1, 4, 101, 0, 20, 64, 43, 0, 3, 3, 0, 174)
14 (1, 4, 25, 55, 47, 36, 40, 0, 3, 3, 0, 164)
15 (1, 4, 0, 27, 13, 38, 22, 0, 3, 3, 0, 38)
16 (1, 4, 0, 37, 3, 38, 25, 0, 3, 3, 0, 229)
17 (1, 4, 0, 68, 20, 39, 24, 0, 3, 3, 0, 237)
18 (1, 4, 0, 64, 9, 42, 26, 0, 3, 4, 0, 65)
19 (1, 4, 0, 103, 25, 41, 27, 0, 3, 4, 0, 166)
20 (1, 4, 0, 117, 44, 46, 27, 0, 3, 4, 0, 188)
21 (1, 4, 0, 189, 86, 44, 35, 0, 3, 4, 0, 19)
22 (1, 4, 0, 233, 113, 29, 6, 0, 3, 4, 0, 166)
23 (1, 4, 299, 357, 250, 20, 0, 0, 3, 3, 0, 154)
24 (1, 4, 443, 439, 263, 7, 0, 0, 3, 3, 0, 151)
25 (1, 4, 764, 430, 340, 23, 0, 1, 2, 2, 0, 75)
26 (1, 4, 873, 257, 373, 34, 16, 15, 2, 1, 0, 241)
27 (1, 4, 568, 235, 399, 73, 101, 8, 2, 1, 0, 9)
28 (1, 4, 0, 420, 651, 20, 34, 91, 2, 1, 0, 15)
29 (1, 4, 0, 139, 681, 0, 0, 83, 2, 2, 0, 107)
0 (1, 4, 188, 0, 0, 0, 0, 147, 3, 4, 0, 54)
1 (1, 4, 174, 0, 0, 1, 0, 119, 3, 3, 0, 216)
2 (1, 4, 180, 0, 0, 21, 8, 54, 3, 3, 0, 132)
3 (1, 4, 133, 0, 0, 6, 0, 5, 3, 3, 0, 174)
4 (1, 4, 134, 0, 0, 0, 0, 0, 3, 3, 0, 84)
5 (1, 4, 286, 0, 0, 0, 0, 0, 3, 3, 0, 211)
6 (1, 4, 191, 0, 0, 32, 109, 0, 3, 3, 0, 168)
7 (1, 4, 1, 0, 18, 47, 6, 0, 3, 3, 0, 102)
8 (1, 4, 21, 0, 0, 36, 35, 0, 3, 3, 0, 160)
9 (1, 4, 29, 0, 0, 51, 26, 0, 3, 3, 0, 74)
10 (1, 4, 11, 38, 15, 38, 32, 0, 3, 3, 0, 141)
11 (1, 4, 0, 40, 0, 39, 22, 0, 3, 3, 0, 52)
12 (1, 4, 0, 88, 11, 43, 29, 0, 3, 3, 0, 221)
13 (1, 4, 0, 87, 9, 35, 20, 0, 3, 3, 0, 3)
14 (1, 4, 0, 85, 16, 42, 31, 0, 3, 3, 0, 148)
15 (1, 4, 0, 126, 20, 46, 33, 0, 3, 4, 0, 81)
16 (1, 4, 0, 226, 90, 48, 45, 0, 3, 4, 0, 1)
17 (1, 4, 0, 319, 157, 28, 31, 0, 3, 4, 0, 35)
18 (1, 4, 0, 412, 229, 30, 38, 0, 3, 4, 0, 240)
19 (1, 4, 0, 409, 261, 30, 14, 0, 3, 4, 0, 250)
20 (1, 4, 0, 421, 216, 71, 13, 0, 3, 4, 0, 32)
21 (1, 4, 0, 487, 297, 52, 7, 36, 3, 4, 0, 129)
22 (1, 4, 0, 392, 403, 43, 0, 127, 2, 3, 0, 198)
23 (1, 4, 0, 79, 42, 37, 0, 169, 2, 3, 0, 204)
24 (1, 4, 0, 4, 34, 5, 0, 139, 3, 3, 0, 11)
25 (1, 4, 57, 0, 0, 33, 0, 108, 3, 3, 0, 177)
26 (1, 4, 29, 0, 0, 86, 0, 44, 3, 3, 0, 157)
27 (1, 4, 0, 0, 0, 100, 0, 42, 3, 3, 0, 215)
28 (1, 4, 33, 0, 0, 115, 0, 43, 3, 3, 0, 107)
29 (1, 4, 30, 0, 0, 119, 0, 28, 3, 3, 0, 11)
30 (1, 4, 29, 0, 63, 66, 0, 55, 3, 3, 0, 145)
0 (1, 4, 283, 25, 56, 0, 0, 17, 0, 0, 0, 168)
1 (1, 4, 163, 0, 0, 0, 0, 9, 0, 0, 0, 139)
2 (1, 4, 0, 136, 0, 0, 0, 0, 3, 2, 0, 188)
3 (1, 4, 14, 272, 0, 0, 0, 0, 3, 3, 0, 181)
4 (1, 4, 161, 268, 0, 0, 0, 0, 3, 4, 0, 35)
5 (1, 4, 178, 430, 0, 0, 0, 0, 3, 4, 0, 127)
6 (1, 4, 248, 540, 0, 0, 0, 0, 3, 4, 0, 125)
7 (1, 4, 207, 594, 0, 0, 0, 0, 3, 3, 0, 225)
8 (1, 4, 212, 441, 0, 0, 0, 56, 2, 3, 0, 154)
9 (1, 4, 260, 188, 0, 0, 0, 103, 2, 3, 0, 1)
10 (1, 4, 234, 0, 0, 0, 0, 138, 2, 3, 0, 233)
11 (1, 4, 160, 0, 0, 0, 0, 106, 3, 3, 0, 0)
12 (1, 4, 136, 0, 0, 24, 5, 70, 2, 2, 0, 21)
13 (1, 4, 142, 0, 0, 0, 7, 17, 3, 2, 0, 43)
14 (1, 4, 172, 0, 0, 0, 5, 0, 2, 2, 0, 108)
15 (1, 4, 199, 0, 3, 0, 62, 0, 3, 3, 0, 48)
16 (1, 4, 0, 0, 226, 97, 17, 0, 3, 3, 0, 97)
17 (1, 4, 0, 0, 33, 34, 0, 0, 2, 3, 0, 186)
18 (1, 4, 21, 0, 23, 62, 0, 0, 3, 3, 0, 141)
19 (1, 4, 1, 0, 14, 61, 2, 0, 3, 3, 0, 209)
20 (1, 4, 12, 0, 0, 52, 2, 0, 3, 3, 0, 189)
21 (1, 4, 0, 30, 0, 41, 7, 0, 3, 3, 0, 102)
22 (1, 4, 2, 49, 0, 44, 6, 0, 3, 3, 0, 19)
23 (1, 4, 0, 61, 0, 46, 5, 0, 3, 3, 0, 211)
24 (1, 4, 5, 102, 0, 50, 13, 0, 3, 3, 0, 222)
25 (1, 4, 0, 126, 0, 51, 9, 0, 3, 3, 0, 198)
26 (1, 4, 0, 197, 0, 58, 19, 0, 3, 3, 0, 94)
27 (1, 4, 0, 355, 19, 32, 13, 0, 3, 3, 0, 111)
28 (1, 4, 0, 426, 95, 18, 34, 0, 3, 3, 0, 118)
29 (1, 4, 0, 525, 156, 35, 50, 0, 3, 4, 0, 188)
30 (1, 4, 0, 607, 205, 19, 0, 0, 3, 3, 0, 81)
31 (1, 4, 0, 441, 487, 15, 3, 78, 2, 3, 0, 71)
0 (1, 4, 65, 0, 0, 92, 6, 57, 2, 2, 0, 27)
1 (1, 4, 110, 0, 0, 80, 0, 66, 2, 2, 0, 168)
2 (1, 4, 93, 0, 0, 59, 0, 57, 1, 2, 0, 101)
3 (1, 4, 246, 0, 23, 26, 0, 47, 1, 1, 0, 27)
4 (1, 4, 464, 0, 213, 6, 0, 0, 1, 1, 0, 244)
5 (1, 4, 748, 0, 575, 5, 0, 0, 0, 1, 0, 3)
6 (1, 4, 873, 0, 873, 21, 0, 0, 0, 0, 0, 22)
7 (1, 4, 117, 29, 827, 0, 0, 0, 0, 0, 0, 58)
8 (1, 4, 0, 58, 594, 0, 0, 16, 0, 0, 0, 193)
9 (1, 4, 0, 41, 435, 0, 0, 1, 0, 0, 0, 243)
10 (1, 4, 0, 225, 307, 0, 0, 0, 0, 0, 0, 236)
11 (1, 4, 0, 209, 176, 0, 0, 0, 0, 0, 0, 88)
12 (1, 4, 0, 47, 0, 0, 0, 0, 0, 0, 0, 13)
13 (1, 4, 11, 8, 0, 0, 0, 0, 0, 0, 0, 175)
14 (1, 4, 62, 0, 40, 0, 0, 0, 0, 0, 0, 79)
15 (1, 4, 97, 0, 35, 0, 0, 0, 0, 0, 0, 123)
16 (1, 4, 51, 0, 0, 0, 0, 0, 0, 0, 0, 75)
17 (1, 4, 155, 0, 0, 0, 0, 5, 0, 0, 0, 67)
18 (1, 4, 58, 0, 0, 0, 0, 11, 0, 0, 0, 185)
19 (1, 4, 0, 0, 0, 0, 0, 30, 3, 1, 0, 70)
20 (1, 4, 0, 0, 0, 0, 0, 40, 4, 3, 0, 7)
21 (1, 4, 0, 0, 0, 0, 0, 20, 5, 4, 0, 158)
22 (1, 4, 0, 15, 0, 0, 0, 0, 4, 5, 0, 128)
23 (1, 4, 0, 201, 0, 0, 0, 0, 4, 5, 0, 181)
24 (1, 4, 181, 247, 0, 0, 0, 0, 4, 5, 0, 22)
25 (1, 4, 320, 315, 0, 11, 0, 0, 4, 5, 0, 78)
26 (1, 4, 450, 207, 0, 12, 0, 56, 4, 5, 0, 156)
27 (1, 4, 267, 22, 0, 24, 28, 104, 3, 4, 0, 99)
28 (1, 4, 172, 0, 0, 8, 15, 148, 3, 4, 0, 148)
29 (1, 4, 148, 0, 0, 34, 32, 115, 3, 3, 0, 35)
30 (1, 4, 109, 0, 0, 12, 18, 83, 3, 3, 0, 110)
31 (1, 4, 26, 0, 0, 2, 13, 10, 3, 3, 0, 223)
0 (1, 4, 23, 0, 0, 55, 24, 0, 3, 3, 0, 168)
1 (1, 4, 0, 38, 0, 50, 33, 0, 3, 3, 0, 68)
2 (1, 4, 1, 44, 8, 37, 27, 0, 3, 3, 0, 57)
3 (1, 4, 0, 75, 0, 45, 34, 0, 3, 3, 0, 0)
4 (1, 4, 0, 104, 21, 38, 37, 0, 3, 3, 0, 30)
5 (1, 4, 0, 154, 13, 45, 47, 0, 3, 3, 0, 123)
6 (1, 4, 0, 315, 93, 27, 51, 0, 3, 3, 0, 151)
7 (1, 4, 0, 335, 142, 9, 61, 0, 3, 3, 0, 186)
8 (1, 4, 0, 517, 317, 12, 27, 0, 3, 3, 0, 38)
9 (1, 4, 0, 486, 319, 40, 27, 0, 3, 3, 0, 44)
10 (1, 4, 86, 443, 317, 62, 0, 37, 2, 3, 0, 99)
11 (1, 4, 308, 395, 422, 56, 0, 118, 2, 2, 0, 192)
12 (1, 4, 0, 249, 173, 33, 77, 169, 2, 2, 0, 155)
13 (1, 4, 0, 187, 0, 0, 0, 224, 1, 2, 0, 109)
14 (1, 4, 50, 0, 0, 55, 0, 69, 2, 2, 0, 251)
15 (1, 4, 0, 0, 0, 116, 0, 0, 3, 3, 0, 210)
16 (1, 4, 0, 0, 17, 64, 0, 57, 3, 3, 0, 28)
17 (1, 4, 0, 0, 150, 47, 0, 45, 3, 3, 0, 55)
18 (1, 4, 0, 0, 274, 6, 0, 39, 2, 2, 0, 145)
19 (1, 4, 464, 0, 564, 4, 0, 0, 1, 2, 0, 173)
20 (1, 4, 766, 0, 873, 8, 0, 0, 0, 0, 0, 167)
21 (1, 4, 403, 301, 873, 0, 0, 0, 0, 0, 0, 170)
22 (1, 4, 0, 519, 475, 0, 0, 0, 0, 0, 0, 158)
23 (1, 4, 0, 142, 221, 0, 0, 0, 0, 0, 0, 120)
24 (1, 4, 0, 70, 169, 0, 0, 0, 0, 0, 0, 109)
25 (1, 4, 0, 199, 217, 0, 0, 0, 0, 0, 0, 163)
26 (1, 4, 0, 156, 0, 0, 0, 0, 0, 0, 0, 119)
27 (1, 4, 333, 0, 142, 0, 0, 11, 0, 0, 0, 3)
28 (1, 4, 276, 0, 119, 0, 0, 0, 0, 0, 0, 59)
29 (1, 4, 195, 66, 109, 0, 0, 0, 0, 0, 0, 109)
30 (1, 4, 214, 63, 95, 0, 0, 0, 0, 0, 0, 233)
31 (1, 4, 207, 69, 58, 0, 0, 0, 0, 0, 0, 70)
0 (1, 4, 161, 194, 0, 0, 0, 0, 3, 2, 0, 61)
1 (1, 4, 142, 244, 0, 0, 0, 0, 3, 3, 0, 223)
2 (1, 4, 307, 246, 0, 0, 0, 0, 3, 3, 0, 196)
3 (1, 4, 326, 353, 0, 0, 0, 0, 3, 3, 0, 219)
4 (1, 4, 429, 422, 0, 0, 0, 0, 3, 3, 0, 98)
5 (1, 4, 382, 515, 0, 7, 0, 0, 3, 3, 0, 213)
6 (1, 4, 342, 511, 0, 0, 0, 0, 3, 4, 0, 73)
7 (1, 4, 338, 363, 0, 0, 0, 65, 3, 3, 0, 71)
8 (1, 4, 232, 185, 0, 0, 0, 99, 3, 3, 0, 104)
9 (1, 4, 221, 0, 0, 0, 0, 148, 3, 3, 0, 115)
10 (1, 4, 176, 0, 0, 0, 0, 130, 3, 3, 0, 100)
11 (1, 4, 134, 0, 0, 5, 5, 95, 3, 3, 0, 194)
12 (1, 4, 142, 0, 0, 0, 0, 46, 3, 3, 0, 163)
13 (1, 4, 130, 0, 0, 0, 9, 0, 3, 3, 0, 212)
14 (1, 4, 353, 0, 0, 0, 0, 0, 3, 3, 0, 39)
15 (1, 4, 0, 0, 0, 114, 128, 0, 3, 3, 0, 164)
16 (1, 4, 130, 0, 62, 35, 51, 0, 3, 3, 0, 235)
17 (1, 4, 0, 0, 0, 73, 0, 0, 3, 3, 0, 87)
18 (1, 4, 34, 0, 41, 64, 17, 0, 3, 3, 0, 65)
19 (1, 4, 0, 0, 0, 46, 12, 0, 3, 3, 0, 20)
20 (1, 4, 0, 27, 0, 52, 26, 0, 3, 3, 0, 187)
21 (1, 4, 0, 71, 8, 44, 18, 0, 3, 3, 0, 66)
22 (1, 4, 0, 75, 12, 46, 16, 0, 3, 3, 0, 185)
23 (1, 4, 0, 76, 0, 51, 20, 0, 3, 4, 0, 192)
24 (1, 4, 0, 100, 3, 50, 21, 0, 3, 3, 0, 122)
25 (1, 4, 0, 100, 0, 56, 27, 0, 3, 4, 0, 193)
26 (1, 4, 0, 146, 9, 48, 29, 0, 3, 4, 0, 150)
27 (1, 4, 0, 213, 70, 43, 36, 0, 3, 4, 0, 171)
28 (1, 4, 0, 312, 121, 20, 21, 0, 3, 3, 0, 86)
29 (1, 4, 223, 303, 186, 13, 9, 0, 3, 3, 0, 21)
30 (1, 4, 121, 367, 100, 32, 0, 0, 2, 3, 0, 112)
31 (1, 4, 873, 268, 288, 105, 0, 4, 2, 2, 0, 219)
0 (1, 4, 0, 113, 0, 0, 0, 28, 3, 2, 0, 215)
1 (1, 4, 0, 139, 0, 0, 0, 0, 4, 3, 0, 38)
2 (1, 4, 0, 370, 0, 7, 0, 0, 4, 4, 0, 175)
3 (1, 4, 0, 621, 0, 14, 0, 0, 4, 5, 0, 219)
4 (1, 4, 0, 827, 0, 0, 0, 0, 4, 5, 0, 209)
5 (1, 4, 0, 662, 0, 0, 0, 40, 4, 5, 0, 96)
6 (1, 4, 12, 383, 0, 0, 0, 100, 3, 5, 0, 181)
7 (1, 4, 80, 21, 0, 0, 0, 145, 3, 4, 0, 146)
8 (1, 4, 106, 0, 0, 14, 0, 135, 3, 3, 0, 100)
9 (1, 4, 161, 0, 0, 31, 0, 122, 3, 3, 0, 143)
10 (1, 4, 117, 0, 0, 20, 0, 70, 3, 3, 0, 255)
11 (1, 4, 182, 0, 0, 0, 0, 0, 3, 3, 0, 115)
12 (1, 4, 220, 0, 0, 0, 0, 0, 3, 3, 0, 81)
13 (1, 4, 290, 0, 0, 18, 92, 0, 3, 3, 0, 200)
14 (1, 4, 6, 0, 8, 77, 24, 0, 3, 3, 0, 247)
15 (1, 4, 65, 0, 14, 37, 36, 0, 3, 3, 0, 75)
16 (1, 4, 28, 0, 0, 68, 39, 0, 3, 3, 0, 1)
17 (1, 4, 22, 3, 7, 53, 33, 0, 3, 3, 0, 149)
18 (1, 4, 6, 26, 3, 50, 30, 0, 3, 3, 0, 48)
19 (1, 4, 0, 29, 0, 52, 22, 0, 3, 3, 0, 46)
20 (1, 4, 0, 33, 0, 44, 22, 0, 3, 3, 0, 235)
21 (1, 4, 0, 47, 0, 49, 23, 0, 3, 3, 0, 250)
22 (1, 4, 0, 53, 0, 50, 24, 0, 3, 3, 0, 205)
23 (1, 4, 0, 59, 0, 49, 35, 0, 3, 3, 0, 42)
24 (1, 4, 0, 82, 5, 56, 28, 0, 3, 4, 0, 119)
25 (1, 4, 0, 104, 25, 58, 36, 0, 3, 4, 0, 224)
26 (1, 4, 0, 153, 40, 59, 45, 0, 3, 4, 0, 198)
27 (1, 4, 0, 226, 82, 46, 45, 0, 3, 4, 0, 240)
28 (1, 4, 0, 243, 94, 40, 52, 0, 3, 3, 0, 175)
29 (1, 4, 0, 291, 115, 36, 66, 0, 3, 3, 0, 38)
0 (1, 4, 0, 0, 0, 73, 0, 67, 0, 0, 0, 111)
1 (1, 4, 78, 0, 0, 87, 0, 43, 0, 0, 0, 241)
2 (1, 4, 0, 0, 0, 72, 0, 40, 0, 0, 0, 24)
3 (1, 4, 134, 0, 37, 50, 0, 36, 0, 0, 0, 143)
4 (1, 4, 299, 0, 248, 23, 0, 26, 0, 0, 0, 196)
5 (1, 4, 762, 0, 635, 20, 0, 0, 0, 0, 0, 225)
6 (1, 4, 873, 0, 873, 33, 0, 0, 0, 0, 0, 116)
7 (1, 4, 350, 11, 873, 0, 0, 0, 0, 0, 0, 224)
8 (1, 4, 0, 238, 392, 0, 0, 3, 0, 0, 0, 76)
9 (1, 4, 0, 95, 523, 0, 0, 0, 0, 0, 0, 144)
10 (1, 4, 0, 133, 339, 0, 0, 0, 0, 0, 0, 114)
11 (1, 4, 0, 276, 300, 0, 0, 0, 0, 0, 0, 97)
12 (1, 4, 0, 349, 63, 0, 0, 0, 0, 0, 0, 125)
13 (1, 4, 0, 0, 0, 0, 0, 45, 0, 0, 0, 159)
14 (1, 4, 41, 106, 25, 0, 0, 0, 0, 0, 0, 15)
15 (1, 4, 44, 38, 19, 0, 0, 0, 0, 0, 0, 64)
16 (1, 4, 22, 6, 0, 0, 0, 0, 0, 0, 0, 13)
17 (1, 4, 86, 5, 0, 0, 0, 0, 0, 0, 0, 92)
18 (1, 4, 142, 27, 48, 0, 0, 4, 0, 0, 0, 193)
19 (1, 4, 506, 0, 129, 0, 0, 0, 0, 0, 0, 206)
20 (1, 4, 378, 0, 0, 0, 0, 6, 0, 0, 0, 114)
21 (1, 4, 57, 69, 0, 0, 0, 2, 3, 1, 0, 191)
22 (1, 4, 0, 289, 0, 0, 0, 0, 4, 3, 0, 222)
23 (1, 4, 0, 476, 0, 0, 0, 0, 5, 5, 0, 60)
24 (1, 4, 216, 576, 0, 0, 0, 0, 4, 5, 0, 115)
25 (1, 4, 189, 644, 0, 0, 0, 0, 4, 5, 0, 83)
26 (1, 4, 188, 576, 0, 0, 0, 0, 4, 4, 0, 110)
27 (1, 4, 174, 463, 0, 0, 0, 7, 4, 4, 0, 25)
28 (1, 4, 72, 291, 0, 0, 0, 69, 3, 4, 0, 154)
29 (1, 4, 89, 0, 0, 0, 0, 139, 3, 4, 0, 98)
30 (1, 4, 5, 0, 0, 0, 0, 154, 3, 3, 0, 89)
31 (1, 4, 66, 0, 0, 0, 0, 120, 2, 3, 0, 79)
0 (1, 4, 0, 566, 0, 12, 0, 0, 5, 4, 0, 101)
1 (1, 4, 0, 739, 0, 1, 0, 0, 5, 5, 0, 25)
2 (1, 4, 0, 849, 0, 12, 0, 0, 5, 5, 0, 168)
3 (1, 4, 0, 814, 0, 0, 0, 0, 4, 5, 0, 223)
4 (1, 4, 131, 513, 0, 0, 0, 71, 4, 5, 0, 24)
5 (1, 4, 125, 175, 0, 0, 0, 180, 4, 4, 0, 77)
6 (1, 4, 196, 0, 0, 0, 0, 180, 3, 4, 0, 90)
7 (1, 4, 172, 0, 0, 0, 0, 157, 3, 3, 0, 230)
8 (1, 4, 118, 0, 0, 0, 7, 38, 3, 3, 0, 234)
9 (1, 4, 121, 0, 0, 0, 0, 0, 3, 3, 0, 181)
10 (1, 4, 491, 0, 0, 0, 0, 0, 3, 3, 0, 94)
11 (1, 4, 47, 0, 0, 96, 151, 0, 3, 3, 0, 29)
12 (1, 4, 143, 101, 46, 18, 0, 0, 3, 3, 0, 254)
13 (1, 4, 0, 0, 0, 52, 20, 0, 3, 3, 0, 97)
14 (1, 4, 78, 43, 34, 59, 35, 0, 3, 4, 0, 151)
15 (1, 4, 0, 31, 0, 46, 16, 0, 3, 4, 0, 117)
16 (1, 4, 1, 43, 0, 58, 31, 0, 3, 4, 0, 32)
17 (1, 4, 0, 71, 0, 49, 22, 0, 3, 4, 0, 103)
18 (1, 4, 0, 80, 1, 52, 28, 0, 3, 4, 0, 192)
19 (1, 4, 0, 72, 0, 51, 23, 0, 3, 4, 0, 145)
20 (1, 4, 0, 105, 29, 55, 29, 0, 3, 4, 0, 160)
21 (1, 4, 0, 88, 13, 58, 26, 0, 3, 4, 0, 58)
22 (1, 4, 0, 72, 45, 63, 34, 0, 3, 4, 0, 143)
23 (1, 4, 0, 92, 52, 59, 28, 0, 3, 4, 0, 71)
24 (1, 4, 0, 142, 76, 66, 39, 0, 3, 4, 0, 225)
25 (1, 4, 0, 400, 223, 53, 38, 0, 3, 4, 0, 187)
26 (1, 4, 0, 557, 250, 23, 9, 0, 3, 4, 0, 170)
27 (1, 4, 0, 451, 164, 63, 0, 0, 2, 3, 0, 82)
28 (1, 4, 0, 471, 84, 77, 3, 16, 1, 2, 0, 2)
29 (1, 4, 0, 451, 223, 56, 0, 99, 0, 1, 0, 226)
0 (1, 4, 0, 0, 0, 46, 0, 49, 0, 0, 0, 128)
1 (1, 4, 0, 0, 0, 42, 0, 25, 0, 0, 0, 183)
2 (1, 4, 73, 0, 16, 16, 0, 11, 0, 0, 0, 141)
3 (1, 4, 229, 0, 199, 0, 0, 0, 0, 0, 0, 252)
4 (1, 4, 861, 0, 709, 0, 0, 0, 0, 0, 0, 45)
5 (1, 4, 864, 0, 873, 4, 0, 0, 0, 0, 0, 128)
6 (1, 4, 0, 88, 584, 0, 0, 0, 0, 0, 0, 210)
7 (1, 4, 62, 77, 586, 0, 0, 0, 0, 0, 0, 128)
8 (1, 4, 46, 296, 410, 0, 0, 0, 0, 0, 0, 57)
9 (1, 4, 0, 278, 78, 0, 0, 0, 0, 0, 0, 123)
10 (1, 4, 0, 132, 0, 0, 0, 0, 0, 0, 0, 165)
11 (1, 4, 79, 0, 0, 0, 0, 9, 0, 0, 0, 152)
12 (1, 4, 8, 43, 9, 0, 0, 0, 0, 0, 0, 143)
13 (1, 4, 50, 13, 21, 0, 0, 0, 0, 0, 0, 44)
14 (1, 4, 28, 2, 0, 0, 0, 0, 0, 0, 0, 187)
15 (1, 4, 0, 0, 0, 0, 0, 0, 0, 0, 0, 126)
16 (1, 4, 57, 0, 0, 0, 0, 0, 0, 0, 0, 39)
17 (1, 4, 279, 0, 0, 0, 0, 0, 0, 0, 0, 182)
18 (1, 4, 399, 0, 0, 0, 0, 0, 0, 0, 0, 51)
19 (1, 4, 0, 0, 0, 0, 0, 30, 3, 1, 0, 70)
20 (1, 4, 0, 138, 0, 0, 0, 0, 4, 3, 0, 147)
21 (1, 4, 0, 291, 0, 0, 0, 0, 4, 4, 0, 165)
22 (1, 4, 0, 452, 0, 0, 0, 0, 4, 4, 0, 231)
23 (1, 4, 133, 540, 0, 0, 0, 0, 4, 5, 0, 215)
24 (1, 4, 267, 519, 0, 0, 0, 0, 4, 4, 0, 245)
25 (1, 4, 187, 423, 0, 0, 0, 35, 3, 4, 0, 192)
26 (1, 4, 84, 224, 0, 18, 1, 92, 3, 4, 0, 219)
27 (1, 4, 0, 79, 0, 23, 0, 134, 3, 3, 0, 187)
28 (1, 4, 58, 0, 0, 19, 2, 151, 3, 3, 0, 64)
29 (1, 4, 0, 0, 0, 7, 11, 119, 3, 3, 0, 86)
30 (1, 4, 51, 0, 0, 5, 14, 67, 3, 3, 0, 192)
31 (1, 4, 61, 0, 0, 0, 0, 0, 3, 3, 0, 4)
0 (1, 4, 20, 41, 4, 51, 18, 0, 3, 3, 0, 111)
1 (1, 4, 0, 41, 0, 47, 16, 0, 3, 3, 0, 104)
2 (1, 4, 0, 40, 0, 46, 11, 0, 3, 3, 0, 13)
3 (1, 4, 0, 60, 0, 42, 16, 0, 3, 3, 0, 5)
4 (1, 4, 0, 70, 0, 47, 17, 0, 3, 3, 0, 225)
5 (1, 4, 0, 127, 17, 51, 30, 0, 3, 3, 0, 117)
6 (1, 4, 0, 183, 25, 54, 45, 0, 3, 3, 0, 152)
7 (1, 4, 0, 290, 102, 54, 48, 0, 3, 3, 0, 143)
8 (1, 4, 0, 387, 211, 45, 44, 0, 3, 3, 0, 202)
9 (1, 4, 0, 572, 268, 52, 50, 0, 3, 4, 0, 211)
10 (1, 4, 0, 629, 310, 33, 32, 0, 3, 3, 0, 177)
11 (1, 4, 0, 693, 312, 2, 5, 21, 2, 3, 0, 186)
12 (1, 4, 0, 603, 387, 0, 0, 128, 0, 1, 0, 204)
13 (1, 4, 11, 172, 386, 0, 0, 211, 0, 0, 0, 79)
14 (1, 4, 0, 0, 0, 0, 0, 217, 0, 0, 0, 87)
15 (1, 4, 152, 0, 0, 42, 0, 79, 0, 1, 0, 3)
16 (1, 4, 0, 0, 0, 108, 0, 48, 1, 1, 0, 189)
17 (1, 4, 0, 0, 0, 81, 0, 81, 1, 1, 0, 3)
18 (1, 4, 0, 0, 0, 54, 0, 91, 1, 1, 0, 49)
19 (1, 4, 0, 0, 0, 48, 0, 83, 1, 1, 0, 153)
20 (1, 4, 0, 0, 0, 47, 0, 69, 1, 1, 0, 212)
21 (1, 4, 40, 0, 0, 37, 0, 56, 0, 1, 0, 176)
22 (1, 4, 231, 0, 83, 27, 0, 21, 0, 0, 0, 103)
23 (1, 4, 382, 0, 254, 0, 0, 0, 0, 0, 0, 192)
24 (1, 4, 792, 0, 670, 0, 0, 0, 0, 0, 0, 17)
25 (1, 4, 528, 0, 873, 5, 0, 0, 0, 0, 0, 51)
26 (1, 4, 0, 40, 817, 0, 0, 0, 0, 0, 0, 253)
27 (1, 4, 0, 138, 616, 0, 0, 0, 0, 0, 0, 162)
28 (1, 4, 0, 117, 437, 0, 0, 0, 0, 0, 0, 214)
29 (1, 4, 0, 142, 182, 0, 0, 0, 0, 0, 0, 122)
30 (1, 4, 0, 234, 8, 0, 0, 0, 0, 0, 0, 92)
31 (1, 4, 0, 134, 6, 0, 0, 0, 0, 0, 0, 185)

