0 (1, 4, 102, 0, 23, 0, 0, 0, 0, 0, 0, 142)
1 (1, 4, 0, 36, 7, 0, 0, 0, 0, 0, 0, 131)
2 (1, 4, 0, 29, 0, 0, 0, 0, 1, 0, 0, 161)
3 (1, 4, 60, 0, 4, 0, 0, 0, 0, 0, 0, 79)
4 (1, 4, 59, 0, 13, 0, 0, 0, 0, 0, 0, 77)
5 (1, 4, 45, 0, 5, 0, 0, 0, 1, 0, 0, 87)
6 (1, 4, 30, 8, 12, 0, 0, 0, 0, 0, 0, 155)
7 (1, 4, 38, 0, 0, 0, 0, 0, 0, 0, 0, 157)
8 (1, 4, 0, 23, 0, 0, 0, 0, 0, 0, 0, 29)
9 (1, 4, 0, 224, 0, 0, 0, 0, 1, 0, 0, 92)
10 (1, 4, 0, 572, 0, 0, 0, 0, 1, 0, 0, 27)
11 (1, 4, 0, 531, 0, 0, 0, 0, 1, 0, 0, 104)
12 (1, 4, 41, 315, 0, 18, 0, 42, 1, 0, 0, 179)
13 (1, 4, 0, 190, 0, 40, 0, 86, 0, 0, 0, 147)
14 (1, 4, 0, 10, 0, 73, 0, 72, 1, 0, 0, 95)
15 (1, 4, 0, 0, 0, 95, 0, 69, 1, 0, 0, 116)
16 (1, 4, 0, 0, 0, 49, 0, 60, 1, 0, 0, 240)
17 (1, 4, 0, 0, 0, 0, 94, 0, 2, 0, 0, 245)
18 (1, 4, 0, 0, 0, 0, 105, 0, 0, 0, 0, 209)
19 (1, 4, 47, 0, 0, 19, 125, 0, 1, 0, 0, 158)
20 (1, 4, 0, 69, 33, 2, 0, 0, 2, 0, 0, 2)
21 (1, 4, 0, 127, 39, 0, 30, 0, 1, 0, 0, 195)
22 (1, 4, 47, 267, 115, 0, 57, 0, 0, 0, 0, 156)
23 (1, 4, 27, 751, 292, 0, 134, 0, 2, 0, 0, 220)
24 (1, 4, 191, 669, 448, 0, 95, 0, 1, 0, 0, 100)
25 (1, 4, 215, 507, 427, 1, 0, 24, 0, 0, 0, 244)
26 (1, 4, 0, 122, 228, 11, 0, 175, 1, 0, 0, 67)
27 (1, 4, 80, 0, 143, 18, 0, 151, 1, 0, 0, 94)
28 (1, 4, 0, 0, 0, 83, 0, 0, 0, 0, 0, 125)
29 (1, 4, 0, 0, 0, 106, 0, 0, 1, 0, 0, 230)
30 (1, 4, 0, 0, 83, 67, 0, 0, 0, 0, 0, 181)
0 (1, 4, 0, 116, 0, 54, 0, 85, 0, 0, 0, 228)
1 (1, 4, 0, 0, 0, 67, 0, 137, 1, 0, 0, 87)
2 (1, 4, 0, 0, 0, 52, 0, 115, 0, 0, 0, 77)
3 (1, 4, 0, 0, 0, 0, 14, 58, 0, 0, 0, 143)
4 (1, 4, 0, 0, 0, 0, 71, 0, 1, 0, 0, 110)
5 (1, 4, 0, 0, 0, 0, 3, 0, 1, 0, 0, 151)
6 (1, 4, 0, 0, 0, 71, 49, 0, 0, 0, 0, 7)
7 (1, 4, 80, 58, 0, 0, 0, 0, 2, 1, 0, 197)
8 (1, 4, 0, 5, 0, 10, 12, 0, 1, 0, 0, 151)
9 (1, 4, 49, 48, 32, 13, 11, 0, 1, 0, 0, 185)
10 (1, 4, 0, 192, 64, 10, 40, 0, 1, 0, 0, 111)
11 (1, 4, 9, 303, 174, 0, 66, 0, 2, 0, 0, 120)
12 (1, 4, 140, 441, 287, 0, 95, 0, 1, 1, 0, 38)
13 (1, 4, 110, 503, 384, 0, 47, 0, 2, 1, 0, 5)
14 (1, 4, 218, 288, 316, 30, 0, 0, 2, 0, 0, 254)
15 (1, 4, 119, 488, 433, 37, 0, 59, 0, 0, 0, 33)
16 (1, 4, 458, 0, 522, 0, 0, 78, 0, 0, 0, 198)
17 (1, 4, 457, 0, 400, 13, 0, 57, 1, 0, 0, 243)
18 (1, 4, 0, 0, 63, 54, 0, 0, 0, 0, 0, 250)
19 (1, 4, 0, 0, 0, 10, 0, 0, 0, 0, 0, 184)
20 (1, 4, 0, 0, 0, 36, 0, 0, 1, 0, 0, 137)
21 (1, 4, 0, 0, 0, 22, 0, 0, 0, 0, 0, 203)
22 (1, 4, 511, 0, 0, 0, 0, 0, 0, 0, 0, 157)
23 (1, 4, 873, 0, 105, 36, 0, 0, 0, 0, 0, 240)
24 (1, 4, 621, 0, 84, 57, 44, 0, 0, 0, 0, 126)
25 (1, 4, 384, 166, 433, 43, 0, 35, 0, 0, 0, 83)
26 (1, 4, 410, 80, 397, 0, 0, 111, 0, 0, 0, 192)
27 (1, 4, 0, 84, 147, 0, 0, 152, 0, 0, 0, 192)
28 (1, 4, 12, 16, 111, 0, 0, 103, 0, 0, 0, 252)
29 (1, 4, 0, 23, 0, 0, 0, 81, 0, 0, 0, 84)
30 (1, 4, 86, 0, 2, 0, 0, 77, 0, 0, 0, 25)
31 (1, 4, 0, 75, 14, 0, 0, 72, 0, 0, 0, 244)
0 (1, 4, 0, 0, 0, 47, 0, 66, 0, 0, 0, 206)
1 (1, 4, 0, 14, 0, 64, 0, 38, 1, 0, 0, 160)
2 (1, 4, 0, 131, 0, 73, 0, 6, 2, 1, 0, 246)
3 (1, 4, 0, 125, 0, 79, 6, 33, 1, 1, 0, 148)
4 (1, 4, 0, 178, 0, 115, 48, 82, 2, 0, 0, 56)
5 (1, 4, 0, 248, 4, 29, 0, 99, 1, 0, 0, 62)
6 (1, 4, 0, 0, 0, 0, 0, 70, 0, 0, 0, 247)
7 (1, 4, 0, 0, 0, 0, 76, 0, 1, 0, 0, 36)
8 (1, 4, 0, 0, 0, 0, 94, 0, 3, 1, 0, 252)
9 (1, 4, 0, 0, 0, 118, 130, 0, 1, 0, 0, 83)
10 (1, 4, 63, 209, 132, 0, 0, 0, 1, 0, 0, 152)
11 (1, 4, 0, 0, 0, 0, 12, 0, 1, 0, 0, 62)
12 (1, 4, 31, 43, 1, 0, 6, 0, 0, 0, 0, 232)
13 (1, 4, 7, 78, 0, 0, 11, 0, 0, 0, 0, 153)
14 (1, 4, 11, 142, 1, 8, 18, 0, 1, 0, 0, 96)
15 (1, 4, 2, 224, 47, 1, 36, 0, 0, 0, 0, 116)
16 (1, 4, 31, 438, 198, 0, 106, 0, 0, 0, 0, 107)
17 (1, 4, 237, 515, 367, 0, 117, 0, 1, 0, 0, 29)
18 (1, 4, 137, 706, 411, 0, 0, 0, 1, 0, 0, 129)
19 (1, 4, 225, 587, 508, 0, 0, 28, 0, 0, 0, 118)
20 (1, 4, 0, 384, 566, 0, 0, 126, 1, 0, 0, 163)
21 (1, 4, 0, 0, 190, 0, 0, 97, 0, 0, 0, 248)
22 (1, 4, 0, 0, 0, 19, 0, 27, 0, 0, 0, 247)
23 (1, 4, 26, 0, 0, 20, 0, 0, 1, 0, 0, 27)
24 (1, 4, 97, 0, 72, 30, 0, 0, 0, 0, 0, 52)
25 (1, 4, 0, 0, 0, 60, 0, 0, 0, 0, 0, 228)
26 (1, 4, 0, 0, 0, 26, 0, 0, 0, 0, 0, 79)
27 (1, 4, 359, 0, 0, 15, 0, 0, 0, 0, 0, 189)
28 (1, 4, 675, 0, 194, 4, 0, 0, 0, 0, 0, 227)
29 (1, 4, 824, 0, 345, 42, 0, 0, 0, 0, 0, 241)
30 (1, 4, 250, 0, 285, 0, 0, 48, 0, 0, 0, 143)
31 (1, 4, 0, 69, 111, 0, 0, 38, 0, 0, 0, 163)
0 (1, 4, 0, 300, 0, 58, 0, 0, 0, 0, 0, 232)
1 (1, 4, 0, 403, 0, 58, 0, 9, 1, 0, 0, 172)
2 (1, 4, 0, 337, 0, 59, 0, 61, 1, 0, 0, 91)
3 (1, 4, 0, 243, 0, 73, 0, 90, 0, 0, 0, 112)
4 (1, 4, 0, 47, 0, 25, 0, 122, 1, 0, 0, 27)
5 (1, 4, 0, 0, 0, 0, 0, 71, 1, 0, 0, 74)
6 (1, 4, 0, 0, 0, 0, 22, 0, 0, 0, 0, 234)
7 (1, 4, 0, 0, 0, 0, 69, 0, 1, 0, 0, 156)
8 (1, 4, 0, 0, 0, 0, 84, 0, 1, 0, 0, 96)
9 (1, 4, 0, 55, 43, 35, 35, 0, 0, 0, 0, 104)
10 (1, 4, 0, 40, 0, 0, 0, 0, 1, 0, 0, 109)
11 (1, 4, 0, 0, 0, 3, 23, 0, 1, 0, 0, 208)
12 (1, 4, 46, 0, 23, 7, 10, 0, 0, 0, 0, 25)
13 (1, 4, 83, 81, 52, 6, 19, 0, 0, 0, 0, 193)
14 (1, 4, 88, 110, 63, 2, 15, 0, 1, 0, 0, 15)
15 (1, 4, 0, 135, 25, 13, 27, 0, 0, 0, 0, 126)
16 (1, 4, 0, 427, 183, 0, 78, 0, 0, 0, 0, 108)
17 (1, 4, 246, 464, 334, 0, 62, 0, 1, 0, 0, 182)
18 (1, 4, 354, 355, 328, 0, 0, 0, 0, 0, 0, 72)
19 (1, 4, 490, 111, 316, 27, 0, 0, 0, 0, 0, 171)
20 (1, 4, 573, 0, 384, 24, 0, 59, 1, 0, 0, 36)
21 (1, 4, 632, 0, 402, 80, 0, 20, 0, 0, 0, 220)
22 (1, 4, 0, 0, 137, 39, 0, 82, 0, 0, 0, 60)
23 (1, 4, 0, 0, 104, 14, 0, 64, 0, 0, 0, 56)
24 (1, 4, 0, 0, 99, 14, 0, 13, 0, 0, 0, 58)
25 (1, 4, 119, 0, 151, 1, 0, 0, 0, 0, 0, 142)
26 (1, 4, 384, 0, 220, 11, 0, 0, 0, 0, 0, 39)
27 (1, 4, 433, 0, 314, 0, 0, 0, 0, 0, 0, 15)
28 (1, 4, 190, 0, 222, 0, 0, 45, 0, 0, 0, 65)
29 (1, 4, 0, 6, 18, 0, 0, 54, 0, 0, 0, 39)
30 (1, 4, 0, 42, 0, 0, 0, 48, 0, 0, 0, 16)
31 (1, 4, 0, 0, 0, 0, 0, 38, 0, 0, 0, 19)
0 (1, 4, 0, 38, 0, 0, 0, 31, 0, 0, 0, 33)
1 (1, 4, 0, 76, 0, 9, 0, 24, 1, 0, 0, 40)
2 (1, 4, 0, 101, 0, 14, 0, 23, 1, 0, 0, 72)
3 (1, 4, 0, 160, 0, 35, 0, 9, 0, 0, 0, 64)
4 (1, 4, 0, 274, 0, 46, 0, 0, 1, 0, 0, 166)
5 (1, 4, 0, 379, 0, 63, 0, 9, 1, 0, 0, 60)
6 (1, 4, 0, 429, 0, 62, 0, 41, 0, 0, 0, 180)
7 (1, 4, 0, 293, 0, 50, 0, 81, 1, 0, 0, 61)
8 (1, 4, 0, 17, 0, 38, 0, 86, 1, 0, 0, 57)
9 (1, 4, 0, 0, 0, 15, 0, 62, 0, 0, 0, 143)
10 (1, 4, 0, 0, 0, 0, 16, 7, 1, 0, 0, 138)
11 (1, 4, 0, 0, 0, 0, 79, 0, 1, 0, 0, 175)
12 (1, 4, 20, 0, 0, 0, 102, 0, 0, 0, 0, 160)
13 (1, 4, 0, 0, 0, 34, 66, 0, 0, 0, 0, 65)
14 (1, 4, 0, 118, 0, 0, 16, 0, 1, 0, 0, 14)
15 (1, 4, 0, 6, 0, 9, 14, 0, 0, 0, 0, 254)
16 (1, 4, 55, 6, 27, 27, 35, 0, 1, 0, 0, 118)
17 (1, 4, 73, 53, 43, 34, 42, 0, 0, 0, 0, 85)
18 (1, 4, 51, 172, 104, 29, 54, 0, 0, 0, 0, 173)
19 (1, 4, 193, 302, 64, 5, 83, 0, 1, 0, 0, 33)
20 (1, 4, 0, 592, 408, 0, 101, 0, 1, 0, 0, 209)
21 (1, 4, 193, 588, 548, 0, 28, 0, 0, 0, 0, 118)
22 (1, 4, 215, 333, 469, 0, 0, 34, 1, 0, 0, 10)
23 (1, 4, 287, 0, 335, 22, 0, 56, 1, 0, 0, 118)
24 (1, 4, 0, 0, 215, 40, 0, 70, 0, 0, 0, 118)
25 (1, 4, 0, 0, 120, 46, 0, 32, 1, 0, 0, 40)
26 (1, 4, 0, 0, 0, 55, 0, 10, 1, 0, 0, 12)
27 (1, 4, 0, 0, 0, 62, 0, 0, 0, 0, 0, 218)
28 (1, 4, 0, 0, 4, 47, 0, 0, 1, 0, 0, 14)
29 (1, 4, 0, 0, 0, 15, 0, 0, 1, 0, 0, 185)
30 (1, 4, 260, 0, 62, 6, 0, 0, 0, 0, 0, 74)
31 (1, 4, 721, 0, 284, 0, 0, 0, 1, 0, 0, 170)
0 (1, 4, 0, 511, 0, 11, 0, 0, 1, 0, 0, 176)
1 (1, 4, 0, 517, 0, 21, 0, 0, 1, 0, 0, 42)
2 (1, 4, 1, 536, 0, 26, 0, 6, 0, 0, 0, 146)
3 (1, 4, 58, 322, 0, 5, 0, 65, 1, 0, 0, 165)
4 (1, 4, 0, 43, 0, 0, 0, 77, 0, 0, 0, 210)
5 (1, 4, 0, 0, 0, 0, 0, 88, 0, 0, 0, 2)
6 (1, 4, 0, 0, 0, 0, 0, 26, 0, 0, 0, 254)
7 (1, 4, 0, 0, 0, 0, 32, 0, 0, 0, 0, 115)
8 (1, 4, 0, 0, 0, 0, 71, 0, 0, 0, 0, 12)
9 (1, 4, 0, 0, 0, 21, 111, 0, 0, 0, 0, 84)
10 (1, 4, 0, 0, 56, 20, 13, 0, 1, 0, 0, 241)
11 (1, 4, 0, 32, 0, 8, 14, 0, 0, 0, 0, 148)
12 (1, 4, 0, 125, 0, 29, 21, 0, 0, 0, 0, 241)
13 (1, 4, 83, 84, 67, 24, 12, 0, 1, 0, 0, 50)
14 (1, 4, 8, 119, 23, 27, 15, 0, 0, 0, 0, 49)
15 (1, 4, 35, 121, 50, 34, 21, 0, 0, 0, 0, 235)
16 (1, 4, 1, 190, 80, 33, 44, 0, 1, 0, 0, 233)
17 (1, 4, 103, 240, 210, 2, 50, 0, 0, 0, 0, 37)
18 (1, 4, 298, 133, 263, 0, 28, 0, 0, 0, 0, 166)
19 (1, 4, 229, 200, 198, 24, 14, 0, 1, 0, 0, 228)
20 (1, 4, 48, 286, 168, 26, 0, 0, 0, 0, 0, 91)
21 (1, 4, 82, 236, 229, 66, 0, 0, 0, 0, 0, 247)
22 (1, 4, 24, 0, 318, 38, 0, 34, 0, 0, 0, 76)
23 (1, 4, 308, 0, 437, 30, 0, 28, 0, 0, 0, 133)
24 (1, 4, 304, 0, 479, 6, 0, 3, 0, 0, 0, 14)
25 (1, 4, 165, 0, 336, 6, 0, 2, 0, 0, 0, 184)
26 (1, 4, 0, 0, 0, 0, 0, 0, 0, 0, 0, 126)
27 (1, 4, 0, 0, 0, 0, 0, 0, 0, 0, 0, 126)
28 (1, 4, 0, 0, 0, 4, 0, 0, 0, 0, 0, 2)
29 (1, 4, 84, 0, 0, 0, 0, 0, 0, 0, 0, 47)
30 (1, 4, 125, 0, 32, 0, 0, 0, 0, 0, 0, 104)
31 (1, 4, 0, 21, 38, 0, 0, 0, 0, 0, 0, 255)
0 (1, 4, 10, 302, 43, 15, 0, 54, 1, 0, 0, 177)
1 (1, 4, 0, 27, 0, 19, 0, 52, 0, 0, 0, 165)
2 (1, 4, 0, 64, 0, 0, 0, 51, 0, 0, 0, 233)
3 (1, 4, 0, 0, 0, 0, 0, 84, 1, 0, 0, 255)
4 (1, 4, 0, 0, 0, 0, 23, 24, 1, 0, 0, 200)
5 (1, 4, 0, 0, 0, 0, 135, 0, 0, 0, 0, 34)
6 (1, 4, 82, 0, 0, 0, 42, 0, 1, 0, 0, 87)
7 (1, 4, 0, 0, 0, 4, 29, 0, 1, 0, 0, 190)
8 (1, 4, 0, 0, 0, 0, 3, 0, 0, 0, 0, 245)
9 (1, 4, 0, 7, 0, 0, 0, 0, 0, 0, 0, 124)
10 (1, 4, 0, 0, 0, 0, 4, 0, 1, 0, 0, 255)
11 (1, 4, 86, 27, 0, 6, 21, 0, 0, 0, 0, 100)
12 (1, 4, 57, 112, 19, 5, 22, 0, 0, 0, 0, 52)
13 (1, 4, 95, 158, 58, 0, 26, 0, 1, 0, 0, 239)
14 (1, 4, 339, 212, 139, 0, 32, 0, 0, 0, 0, 197)
15 (1, 4, 477, 317, 37, 0, 28, 0, 0, 0, 0, 79)
16 (1, 4, 261, 496, 104, 0, 9, 0, 1, 0, 0, 237)
17 (1, 4, 304, 373, 244, 7, 0, 22, 0, 0, 0, 102)
18 (1, 4, 552, 0, 307, 43, 0, 62, 0, 0, 0, 206)
19 (1, 4, 660, 0, 291, 53, 0, 56, 0, 0, 0, 74)
20 (1, 4, 554, 0, 221, 67, 0, 32, 0, 0, 0, 135)
21 (1, 4, 15, 43, 315, 40, 0, 68, 0, 0, 0, 119)
22 (1, 4, 0, 26, 275, 11, 0, 53, 0, 0, 0, 89)
23 (1, 4, 0, 0, 160, 0, 0, 19, 0, 0, 0, 196)
24 (1, 4, 0, 0, 91, 12, 0, 0, 0, 0, 0, 121)
25 (1, 4, 0, 9, 18, 0, 0, 0, 0, 0, 0, 40)
26 (1, 4, 0, 0, 0, 0, 0, 0, 0, 0, 0, 126)
27 (1, 4, 0, 59, 0, 0, 0, 0, 0, 0, 0, 182)
28 (1, 4, 0, 51, 0, 0, 0, 0, 0, 0, 0, 5)
29 (1, 4, 25, 0, 0, 0, 0, 0, 0, 0, 0, 224)
0 (1, 4, 0, 429, 0, 30, 0, 31, 1, 0, 0, 129)
1 (1, 4, 0, 312, 0, 6, 0, 65, 1, 0, 0, 49)
2 (1, 4, 0, 63, 0, 0, 0, 96, 0, 0, 0, 136)
3 (1, 4, 0, 0, 0, 0, 0, 84, 1, 0, 0, 255)
4 (1, 4, 0, 0, 0, 0, 0, 30, 1, 0, 0, 233)
5 (1, 4, 0, 0, 0, 0, 54, 0, 0, 0, 0, 231)
6 (1, 4, 0, 0, 0, 0, 78, 0, 0, 0, 0, 180)
7 (1, 4, 0, 0, 0, 46, 125, 0, 1, 0, 0, 134)
8 (1, 4, 0, 100, 117, 14, 0, 0, 0, 0, 0, 239)
9 (1, 4, 0, 39, 9, 8, 24, 0, 0, 0, 0, 42)
10 (1, 4, 47, 0, 4, 26, 9, 0, 1, 0, 0, 86)
11 (1, 4, 27, 73, 8, 28, 15, 0, 0, 0, 0, 31)
12 (1, 4, 50, 108, 36, 32, 31, 0, 0, 0, 0, 8)
13 (1, 4, 100, 151, 65, 19, 10, 0, 1, 0, 0, 130)
14 (1, 4, 134, 232, 107, 17, 48, 0, 0, 0, 0, 222)
15 (1, 4, 245, 359, 234, 0, 47, 0, 0, 0, 0, 150)
16 (1, 4, 311, 414, 281, 0, 0, 0, 1, 0, 0, 152)
17 (1, 4, 873, 0, 247, 0, 0, 0, 0, 0, 0, 38)
18 (1, 4, 873, 0, 367, 72, 0, 0, 0, 0, 0, 100)
19 (1, 4, 0, 332, 173, 98, 31, 72, 0, 0, 0, 137)
20 (1, 4, 0, 14, 21, 24, 0, 112, 0, 0, 0, 247)
21 (1, 4, 115, 0, 79, 56, 0, 53, 0, 0, 0, 94)
22 (1, 4, 0, 0, 327, 40, 14, 22, 0, 0, 0, 227)
23 (1, 4, 0, 0, 371, 0, 0, 35, 0, 0, 0, 37)
24 (1, 4, 108, 0, 375, 0, 0, 6, 0, 0, 0, 118)
25 (1, 4, 0, 0, 269, 0, 0, 31, 0, 0, 0, 127)
26 (1, 4, 159, 0, 136, 0, 0, 16, 0, 0, 0, 79)
27 (1, 4, 0, 29, 44, 0, 0, 32, 0, 0, 0, 126)
28 (1, 4, 13, 0, 0, 0, 0, 28, 0, 0, 0, 116)
29 (1, 4, 35, 7, 0, 0, 0, 34, 1, 0, 0, 211)
30 (1, 4, 49, 3, 0, 0, 0, 33, 0, 0, 0, 241)
31 (1, 4, 17, 22, 43, 0, 0, 34, 0, 0, 0, 167)
0 (1, 4, 0, 0, 0, 0, 0, 77, 1, 0, 0, 25)
1 (1, 4, 0, 0, 0, 0, 0, 52, 1, 0, 0, 27)
2 (1, 4, 0, 0, 0, 0, 26, 15, 0, 0, 0, 49)
3 (1, 4, 0, 0, 0, 0, 84, 0, 1, 0, 0, 96)
4 (1, 4, 87, 0, 0, 0, 86, 0, 1, 0, 0, 209)
5 (1, 4, 0, 0, 0, 34, 81, 0, 0, 0, 0, 79)
6 (1, 4, 96, 31, 113, 20, 17, 0, 1, 0, 0, 27)
7 (1, 4, 0, 0, 1, 6, 0, 0, 1, 0, 0, 202)
8 (1, 4, 21, 25, 19, 35, 10, 0, 0, 0, 0, 240)
9 (1, 4, 44, 73, 27, 25, 2, 0, 0, 0, 0, 238)
10 (1, 4, 91, 131, 89, 21, 23, 0, 1, 0, 0, 27)
11 (1, 4, 214, 127, 160, 13, 32, 0, 0, 0, 0, 46)
12 (1, 4, 283, 155, 108, 0, 1, 0, 0, 0, 0, 107)
13 (1, 4, 190, 358, 81, 0, 34, 0, 1, 0, 0, 134)
14 (1, 4, 393, 470, 211, 0, 0, 0, 0, 0, 0, 104)
15 (1, 4, 873, 76, 196, 0, 0, 3, 0, 0, 0, 144)
16 (1, 4, 873, 0, 59, 90, 27, 0, 1, 0, 0, 135)
17 (1, 4, 83, 0, 0, 144, 155, 54, 0, 0, 0, 26)
18 (1, 4, 0, 96, 297, 55, 0, 120, 0, 0, 0, 42)
19 (1, 4, 82, 0, 421, 25, 0, 62, 0, 0, 0, 215)
20 (1, 4, 148, 0, 427, 28, 0, 27, 0, 0, 0, 202)
21 (1, 4, 0, 125, 307, 5, 0, 33, 0, 0, 0, 248)
22 (1, 4, 0, 0, 235, 0, 0, 47, 0, 0, 0, 213)
23 (1, 4, 130, 0, 204, 0, 0, 38, 0, 0, 0, 242)
24 (1, 4, 0, 29, 104, 0, 0, 48, 0, 0, 0, 8)
25 (1, 4, 0, 0, 15, 0, 0, 44, 0, 0, 0, 25)
26 (1, 4, 0, 0, 16, 0, 0, 39, 0, 0, 0, 179)
27 (1, 4, 161, 0, 32, 0, 0, 39, 0, 0, 0, 238)
28 (1, 4, 28, 26, 0, 0, 0, 41, 0, 0, 0, 253)
29 (1, 4, 0, 40, 0, 0, 0, 42, 1, 0, 0, 159)
30 (1, 4, 9, 0, 0, 0, 0, 38, 0, 0, 0, 109)
31 (1, 4, 20, 0, 0, 0, 0, 32, 0, 0, 0, 7)
0 (1, 4, 0, 0, 0, 0, 50, 0, 1, 0, 0, 102)
1 (1, 4, 0, 0, 0, 0, 50, 0, 1, 0, 0, 102)
2 (1, 4, 0, 0, 0, 0, 40, 0, 1, 0, 0, 208)
3 (1, 4, 0, 0, 0, 6, 82, 0, 1, 0, 0, 51)
4 (1, 4, 0, 50, 12, 0, 12, 0, 1, 0, 0, 18)
5 (1, 4, 0, 0, 6, 0, 38, 0, 0, 0, 0, 19)
6 (1, 4, 0, 55, 22, 0, 2, 0, 0, 0, 0, 35)
7 (1, 4, 53, 16, 0, 4, 25, 0, 1, 0, 0, 45)
8 (1, 4, 123, 143, 76, 0, 18, 0, 0, 0, 0, 108)
9 (1, 4, 80, 154, 57, 5, 41, 0, 0, 0, 0, 214)
10 (1, 4, 216, 311, 199, 0, 54, 0, 1, 0, 0, 34)
11 (1, 4, 327, 456, 267, 0, 52, 0, 0, 0, 0, 58)
12 (1, 4, 341, 561, 195, 0, 20, 0, 0, 0, 0, 47)
13 (1, 4, 96, 651, 229, 15, 0, 0, 1, 0, 0, 110)
14 (1, 4, 87, 332, 273, 12, 0, 30, 0, 0, 0, 245)
15 (1, 4, 28, 9, 263, 0, 0, 64, 0, 0, 0, 45)
16 (1, 4, 123, 0, 263, 9, 0, 54, 0, 0, 0, 83)
17 (1, 4, 82, 0, 222, 6, 0, 9, 0, 0, 0, 196)
18 (1, 4, 366, 0, 313, 1, 0, 0, 0, 0, 0, 141)
19 (1, 4, 51, 0, 349, 8, 0, 0, 0, 0, 0, 28)
20 (1, 4, 3, 0, 218, 0, 0, 9, 0, 0, 0, 191)
21 (1, 4, 0, 0, 73, 0, 0, 5, 0, 0, 0, 7)
22 (1, 4, 0, 0, 0, 0, 0, 0, 0, 0, 0, 126)
23 (1, 4, 0, 0, 0, 0, 0, 0, 0, 0, 0, 126)
24 (1, 4, 122, 11, 0, 0, 0, 0, 0, 0, 0, 215)
25 (1, 4, 247, 0, 0, 0, 0, 1, 0, 0, 0, 48)
26 (1, 4, 82, 0, 0, 0, 0, 5, 1, 0, 0, 195)
27 (1, 4, 0, 18, 0, 0, 0, 9, 0, 0, 0, 71)
28 (1, 4, 14, 0, 22, 0, 0, 5, 0, 0, 0, 142)
29 (1, 4, 99, 0, 11, 0, 0, 5, 1, 0, 0, 237)
30 (1, 4, 0, 91, 0, 0, 0, 16, 0, 0, 0, 36)
0 (1, 4, 0, 558, 0, 0, 0, 4, 1, 0, 0, 98)
1 (1, 4, 0, 550, 0, 0, 0, 18, 1, 0, 0, 206)
2 (1, 4, 0, 437, 0, 0, 0, 44, 0, 0, 0, 104)
3 (1, 4, 0, 161, 0, 0, 0, 102, 0, 0, 0, 32)
4 (1, 4, 0, 0, 0, 0, 0, 94, 1, 0, 0, 172)
5 (1, 4, 0, 0, 0, 0, 0, 25, 0, 0, 0, 152)
6 (1, 4, 0, 0, 0, 0, 65, 0, 0, 0, 0, 29)
7 (1, 4, 0, 0, 0, 0, 93, 0, 1, 0, 0, 216)
8 (1, 4, 0, 0, 0, 92, 158, 0, 0, 0, 0, 185)
9 (1, 4, 91, 56, 100, 0, 7, 0, 0, 0, 0, 86)
10 (1, 4, 0, 0, 0, 8, 11, 0, 1, 0, 0, 174)
11 (1, 4, 45, 0, 9, 41, 27, 0, 0, 0, 0, 22)
12 (1, 4, 33, 66, 33, 39, 13, 0, 0, 0, 0, 220)
13 (1, 4, 67, 93, 51, 35, 16, 0, 1, 0, 0, 206)
14 (1, 4, 56, 151, 76, 39, 22, 0, 1, 0, 0, 16)
15 (1, 4, 57, 212, 108, 28, 48, 0, 0, 0, 0, 2)
16 (1, 4, 297, 308, 324, 0, 45, 0, 1, 0, 0, 149)
17 (1, 4, 603, 0, 341, 0, 0, 0, 1, 0, 0, 0)
18 (1, 4, 873, 0, 265, 3, 0, 0, 0, 0, 0, 28)
19 (1, 4, 873, 0, 69, 70, 0, 0, 0, 0, 0, 238)
20 (1, 4, 658, 0, 0, 75, 22, 38, 1, 0, 0, 4)
21 (1, 4, 68, 109, 115, 60, 6, 75, 0, 0, 0, 209)
22 (1, 4, 79, 182, 323, 38, 0, 88, 0, 0, 0, 114)
23 (1, 4, 26, 113, 316, 20, 0, 121, 0, 0, 0, 208)
24 (1, 4, 0, 83, 273, 0, 0, 99, 0, 0, 0, 112)
25 (1, 4, 0, 0, 183, 0, 0, 77, 0, 0, 0, 238)
26 (1, 4, 0, 0, 90, 6, 0, 52, 1, 0, 0, 78)
27 (1, 4, 49, 28, 54, 0, 0, 56, 0, 0, 0, 55)
28 (1, 4, 178, 15, 13, 0, 0, 63, 0, 0, 0, 28)
29 (1, 4, 20, 31, 0, 0, 0, 63, 0, 0, 0, 253)
0 (1, 4, 0, 287, 0, 2, 0, 30, 0, 0, 0, 128)
1 (1, 4, 0, 484, 0, 0, 0, 22, 1, 0, 0, 124)
2 (1, 4, 0, 526, 0, 0, 0, 22, 0, 0, 0, 168)
3 (1, 4, 0, 565, 0, 0, 0, 42, 0, 0, 0, 141)
4 (1, 4, 0, 455, 0, 0, 0, 75, 1, 0, 0, 176)
5 (1, 4, 0, 155, 0, 0, 0, 125, 0, 0, 0, 2)
6 (1, 4, 0, 0, 0, 0, 0, 99, 0, 0, 0, 252)
7 (1, 4, 0, 0, 0, 0, 0, 17, 1, 0, 0, 16)
8 (1, 4, 0, 0, 0, 0, 37, 0, 0, 0, 0, 233)
9 (1, 4, 0, 0, 0, 0, 100, 0, 0, 0, 0, 138)
10 (1, 4, 0, 0, 0, 66, 99, 0, 4, 1, 0, 237)
11 (1, 4, 0, 406, 0, 0, 0, 0, 1, 0, 0, 46)
12 (1, 4, 0, 56, 0, 0, 4, 0, 0, 0, 0, 141)
13 (1, 4, 20, 9, 4, 14, 6, 0, 1, 0, 0, 55)
14 (1, 4, 8, 38, 1, 16, 0, 0, 1, 0, 0, 122)
15 (1, 4, 32, 73, 0, 30, 23, 0, 0, 0, 0, 156)
16 (1, 4, 49, 194, 82, 19, 29, 0, 1, 0, 0, 121)
17 (1, 4, 208, 168, 140, 0, 39, 0, 0, 0, 0, 4)
18 (1, 4, 432, 177, 223, 0, 30, 0, 0, 0, 0, 32)
19 (1, 4, 718, 62, 185, 0, 0, 0, 1, 0, 0, 47)
20 (1, 4, 873, 0, 249, 7, 0, 0, 0, 0, 0, 182)
21 (1, 4, 869, 0, 231, 62, 0, 8, 0, 0, 0, 95)
22 (1, 4, 0, 291, 107, 29, 0, 88, 1, 0, 0, 241)
23 (1, 4, 0, 0, 86, 0, 0, 98, 0, 0, 0, 214)
24 (1, 4, 172, 0, 195, 27, 0, 39, 0, 0, 0, 201)
25 (1, 4, 0, 0, 226, 26, 0, 16, 1, 0, 0, 37)
26 (1, 4, 0, 0, 130, 7, 0, 6, 0, 0, 0, 49)
27 (1, 4, 164, 0, 138, 20, 0, 0, 0, 0, 0, 125)
28 (1, 4, 0, 0, 77, 9, 0, 16, 0, 0, 0, 199)
29 (1, 4, 84, 0, 43, 0, 0, 24, 0, 0, 0, 239)
30 (1, 4, 48, 0, 27, 0, 0, 30, 0, 0, 0, 212)
31 (1, 4, 20, 18, 7, 0, 0, 30, 0, 0, 0, 186)
0 (1, 4, 0, 520, 0, 0, 0, 45, 1, 0, 0, 131)
1 (1, 4, 0, 291, 0, 0, 0, 103, 0, 0, 0, 118)
2 (1, 4, 0, 0, 0, 0, 0, 115, 0, 0, 0, 47)
3 (1, 4, 0, 0, 0, 0, 0, 84, 1, 0, 0, 255)
4 (1, 4, 0, 0, 0, 0, 3, 16, 0, 0, 0, 38)
5 (1, 4, 0, 0, 0, 0, 52, 0, 0, 0, 0, 21)
6 (1, 4, 0, 0, 0, 0, 99, 0, 1, 0, 0, 128)
7 (1, 4, 0, 91, 0, 60, 57, 0, 0, 0, 0, 93)
8 (1, 4, 32, 32, 39, 29, 30, 0, 0, 0, 0, 89)
9 (1, 4, 0, 0, 0, 22, 9, 0, 1, 0, 0, 17)
10 (1, 4, 72, 2, 69, 49, 3, 0, 1, 0, 0, 51)
11 (1, 4, 21, 108, 37, 47, 17, 0, 0, 0, 0, 4)
12 (1, 4, 91, 215, 135, 30, 58, 0, 1, 0, 0, 20)
13 (1, 4, 94, 408, 229, 0, 64, 0, 1, 0, 0, 51)
14 (1, 4, 223, 404, 310, 0, 23, 0, 0, 0, 0, 71)
15 (1, 4, 528, 67, 316, 0, 0, 0, 0, 0, 0, 255)
16 (1, 4, 873, 0, 400, 61, 0, 5, 1, 0, 0, 214)
17 (1, 4, 766, 0, 273, 77, 0, 48, 0, 0, 0, 31)
18 (1, 4, 353, 0, 136, 63, 0, 117, 0, 0, 0, 87)
19 (1, 4, 0, 0, 220, 43, 0, 78, 0, 0, 0, 186)
20 (1, 4, 0, 0, 396, 15, 0, 45, 0, 0, 0, 116)
21 (1, 4, 116, 0, 288, 0, 0, 33, 0, 0, 0, 53)
22 (1, 4, 105, 0, 247, 12, 0, 26, 1, 0, 0, 70)
23 (1, 4, 274, 0, 314, 12, 0, 28, 0, 0, 0, 7)
24 (1, 4, 166, 77, 213, 0, 0, 50, 0, 0, 0, 163)
25 (1, 4, 47, 107, 113, 0, 0, 71, 0, 0, 0, 113)
26 (1, 4, 0, 71, 19, 0, 0, 74, 0, 0, 0, 45)
27 (1, 4, 0, 65, 0, 0, 0, 68, 0, 0, 0, 120)
28 (1, 4, 0, 54, 0, 0, 0, 64, 0, 0, 0, 47)
29 (1, 4, 0, 12, 0, 0, 0, 61, 0, 0, 0, 37)
30 (1, 4, 5, 11, 0, 0, 0, 59, 0, 0, 0, 221)
31 (1, 4, 0, 1, 0, 0, 0, 56, 0, 0, 0, 83)
0 (1, 4, 0, 0, 0, 0, 47, 41, 2, 0, 0, 138)
1 (1, 4, 0, 0, 0, 0, 83, 0, 1, 0, 0, 8)
2 (1, 4, 3, 0, 0, 0, 87, 0, 1, 0, 0, 249)
3 (1, 4, 0, 0, 0, 33, 124, 0, 3, 0, 0, 158)
4 (1, 4, 0, 0, 8, 0, 34, 0, 2, 0, 0, 249)
5 (1, 4, 0, 47, 7, 0, 49, 0, 1, 0, 0, 123)
6 (1, 4, 69, 0, 21, 0, 42, 0, 2, 0, 0, 142)
7 (1, 4, 29, 74, 15, 0, 41, 0, 1, 0, 0, 11)
8 (1, 4, 52, 69, 43, 0, 41, 0, 0, 0, 0, 193)
9 (1, 4, 37, 133, 49, 13, 52, 0, 1, 0, 0, 102)
10 (1, 4, 135, 319, 173, 0, 76, 0, 1, 0, 0, 149)
11 (1, 4, 232, 524, 282, 0, 80, 0, 0, 0, 0, 223)
12 (1, 4, 403, 492, 350, 0, 47, 0, 1, 0, 0, 133)
13 (1, 4, 442, 488, 452, 9, 20, 0, 1, 0, 0, 222)
14 (1, 4, 278, 373, 499, 0, 0, 37, 0, 0, 0, 116)
15 (1, 4, 203, 101, 454, 22, 0, 57, 1, 0, 0, 24)
16 (1, 4, 70, 0, 333, 0, 0, 91, 1, 0, 0, 123)
17 (1, 4, 400, 0, 542, 0, 0, 40, 0, 0, 0, 202)
18 (1, 4, 73, 0, 329, 27, 0, 12, 0, 0, 0, 182)
19 (1, 4, 0, 0, 100, 0, 0, 68, 1, 0, 0, 119)
20 (1, 4, 22, 0, 52, 0, 0, 40, 1, 1, 0, 39)
21 (1, 4, 0, 0, 0, 5, 0, 5, 1, 0, 0, 213)
22 (1, 4, 0, 0, 0, 21, 0, 0, 2, 0, 0, 46)
23 (1, 4, 0, 0, 0, 5, 0, 8, 1, 0, 0, 149)
24 (1, 4, 0, 28, 0, 0, 0, 6, 0, 0, 0, 186)
25 (1, 4, 0, 16, 0, 0, 0, 10, 1, 0, 0, 46)
26 (1, 4, 0, 36, 0, 0, 0, 5, 1, 0, 0, 174)
27 (1, 4, 29, 0, 0, 0, 0, 7, 0, 0, 0, 203)
28 (1, 4, 28, 0, 0, 0, 0, 3, 1, 0, 0, 210)
29 (1, 4, 0, 0, 0, 0, 0, 8, 1, 0, 0, 246)
0 (1, 4, 0, 439, 0, 0, 0, 72, 1, 0, 0, 246)
1 (1, 4, 0, 255, 0, 0, 0, 135, 0, 0, 0, 119)
2 (1, 4, 0, 0, 0, 0, 0, 121, 0, 0, 0, 124)
3 (1, 4, 0, 0, 0, 0, 72, 2, 1, 0, 0, 126)
4 (1, 4, 0, 0, 0, 0, 79, 0, 1, 0, 0, 175)
5 (1, 4, 0, 0, 0, 43, 116, 0, 0, 0, 0, 63)
6 (1, 4, 0, 0, 0, 15, 1, 0, 1, 0, 0, 192)
7 (1, 4, 0, 0, 0, 18, 0, 0, 1, 0, 0, 213)
8 (1, 4, 0, 0, 0, 4, 20, 0, 0, 0, 0, 100)
9 (1, 4, 6, 0, 5, 25, 21, 0, 1, 0, 0, 253)
10 (1, 4, 36, 0, 0, 16, 10, 0, 1, 0, 0, 39)
11 (1, 4, 0, 87, 5, 24, 24, 0, 0, 0, 0, 31)
12 (1, 4, 74, 128, 62, 19, 12, 0, 1, 0, 0, 64)
13 (1, 4, 0, 208, 35, 27, 36, 0, 1, 0, 0, 122)
14 (1, 4, 115, 259, 192, 2, 82, 0, 0, 0, 0, 166)
15 (1, 4, 165, 361, 296, 0, 49, 0, 1, 0, 0, 180)
16 (1, 4, 523, 281, 350, 0, 0, 0, 1, 0, 0, 236)
17 (1, 4, 873, 0, 387, 7, 0, 0, 0, 0, 0, 2)
18 (1, 4, 873, 0, 426, 81, 0, 30, 0, 0, 0, 65)
19 (1, 4, 373, 0, 136, 99, 4, 64, 0, 0, 0, 18)
20 (1, 4, 0, 0, 62, 55, 0, 68, 0, 0, 0, 65)
21 (1, 4, 0, 0, 205, 39, 0, 52, 0, 0, 0, 177)
22 (1, 4, 95, 0, 302, 24, 0, 29, 0, 0, 0, 191)
23 (1, 4, 0, 0, 285, 10, 0, 23, 0, 0, 0, 44)
24 (1, 4, 0, 0, 220, 5, 0, 17, 0, 0, 0, 134)
25 (1, 4, 0, 0, 238, 8, 0, 9, 0, 0, 0, 138)
26 (1, 4, 0, 0, 225, 0, 0, 14, 0, 0, 0, 56)
27 (1, 4, 17, 0, 82, 0, 0, 13, 0, 0, 0, 123)
28 (1, 4, 0, 45, 22, 0, 0, 21, 0, 0, 0, 23)
29 (1, 4, 92, 0, 11, 0, 0, 24, 0, 0, 0, 97)
0 (1, 4, 0, 0, 0, 0, 26, 31, 1, 0, 0, 128)
1 (1, 4, 0, 0, 0, 0, 55, 0, 0, 0, 0, 158)
2 (1, 4, 0, 0, 0, 0, 69, 0, 0, 0, 0, 254)
3 (1, 4, 0, 0, 0, 63, 144, 0, 5, 1, 0, 242)
4 (1, 4, 124, 204, 162, 0, 0, 0, 4, 1, 0, 183)
5 (1, 4, 0, 0, 0, 0, 11, 0, 1, 0, 0, 86)
6 (1, 4, 0, 4, 0, 8, 22, 0, 1, 0, 0, 170)
7 (1, 4, 12, 45, 0, 1, 26, 0, 1, 0, 0, 227)
8 (1, 4, 0, 89, 0, 11, 21, 0, 0, 0, 0, 92)
9 (1, 4, 61, 125, 35, 2, 17, 0, 1, 0, 0, 6)
10 (1, 4, 69, 121, 19, 13, 26, 0, 1, 0, 0, 108)
11 (1, 4, 428, 144, 87, 0, 38, 0, 0, 0, 0, 251)
12 (1, 4, 438, 405, 140, 0, 73, 0, 1, 0, 0, 83)
13 (1, 4, 152, 722, 220, 0, 8, 0, 1, 0, 0, 140)
14 (1, 4, 334, 552, 340, 0, 0, 0, 0, 0, 0, 154)
15 (1, 4, 257, 437, 510, 25, 0, 51, 0, 0, 0, 69)
16 (1, 4, 379, 0, 450, 0, 0, 159, 1, 0, 0, 10)
17 (1, 4, 623, 0, 418, 32, 0, 100, 0, 0, 0, 107)
18 (1, 4, 361, 0, 177, 11, 0, 10, 0, 0, 0, 34)
19 (1, 4, 320, 0, 326, 28, 0, 24, 0, 0, 0, 104)
20 (1, 4, 15, 0, 169, 6, 0, 70, 0, 0, 0, 200)
21 (1, 4, 21, 0, 142, 33, 0, 49, 0, 0, 0, 207)
22 (1, 4, 0, 0, 127, 18, 0, 53, 0, 0, 0, 76)
23 (1, 4, 0, 0, 76, 20, 0, 44, 0, 0, 0, 210)
24 (1, 4, 13, 0, 77, 16, 0, 49, 0, 0, 0, 239)
25 (1, 4, 29, 0, 39, 18, 0, 52, 0, 0, 0, 13)
26 (1, 4, 66, 28, 37, 4, 0, 59, 0, 0, 0, 85)
27 (1, 4, 52, 45, 4, 0, 0, 65, 0, 0, 0, 187)
28 (1, 4, 0, 31, 0, 0, 0, 68, 0, 0, 0, 158)
29 (1, 4, 0, 15, 36, 0, 0, 58, 0, 0, 0, 78)
30 (1, 4, 0, 49, 25, 0, 0, 53, 0, 0, 0, 231)
31 (1, 4, 0, 34, 49, 0, 0, 53, 0, 0, 0, 28)
0 (1, 4, 0, 336, 0, 2, 0, 66, 1, 0, 0, 217)
1 (1, 4, 0, 274, 0, 0, 0, 112, 1, 0, 0, 194)
2 (1, 4, 0, 92, 0, 0, 0, 125, 0, 0, 0, 130)
3 (1, 4, 0, 0, 0, 0, 0, 108, 1, 0, 0, 103)
4 (1, 4, 0, 0, 0, 0, 15, 46, 1, 0, 0, 50)
5 (1, 4, 0, 0, 0, 0, 91, 0, 0, 0, 0, 171)
6 (1, 4, 0, 0, 0, 0, 70, 0, 1, 0, 0, 23)
7 (1, 4, 0, 0, 0, 64, 136, 0, 1, 0, 0, 60)
8 (1, 4, 69, 0, 88, 0, 0, 0, 0, 0, 0, 249)
9 (1, 4, 0, 0, 0, 0, 2, 0, 1, 0, 0, 238)
10 (1, 4, 0, 0, 0, 13, 16, 0, 1, 0, 0, 2)
11 (1, 4, 15, 0, 0, 11, 25, 0, 0, 0, 0, 192)
12 (1, 4, 48, 67, 16, 9, 26, 0, 0, 0, 0, 44)
13 (1, 4, 10, 178, 50, 9, 39, 0, 1, 0, 0, 147)
14 (1, 4, 92, 343, 168, 0, 72, 0, 0, 0, 0, 50)
15 (1, 4, 249, 529, 283, 0, 44, 0, 0, 0, 0, 168)
16 (1, 4, 873, 122, 196, 0, 0, 0, 1, 0, 0, 128)
17 (1, 4, 873, 0, 120, 22, 0, 0, 0, 0, 0, 59)
18 (1, 4, 818, 0, 0, 53, 43, 2, 0, 0, 0, 192)
19 (1, 4, 407, 0, 0, 74, 0, 64, 1, 0, 0, 151)
20 (1, 4, 436, 0, 71, 118, 62, 38, 0, 0, 0, 212)
21 (1, 4, 225, 68, 317, 79, 23, 91, 0, 0, 0, 95)
22 (1, 4, 0, 32, 434, 40, 0, 66, 1, 0, 0, 49)
23 (1, 4, 0, 0, 312, 44, 0, 38, 1, 0, 0, 124)
24 (1, 4, 143, 27, 289, 55, 0, 39, 0, 0, 0, 253)
25 (1, 4, 0, 32, 217, 23, 0, 62, 1, 0, 0, 125)
26 (1, 4, 0, 0, 154, 31, 0, 70, 1, 0, 0, 218)
27 (1, 4, 0, 0, 81, 32, 0, 49, 0, 0, 0, 42)
28 (1, 4, 0, 0, 26, 35, 0, 34, 0, 0, 0, 66)
29 (1, 4, 1, 0, 0, 17, 0, 37, 1, 0, 0, 241)
30 (1, 4, 30, 17, 0, 15, 0, 31, 0, 0, 0, 145)
31 (1, 4, 28, 51, 0, 16, 0, 37, 0, 0, 0, 81)
0 (1, 4, 0, 0, 0, 0, 0, 53, 1, 0, 0, 196)
1 (1, 4, 0, 0, 0, 0, 17, 0, 1, 0, 0, 224)
2 (1, 4, 0, 0, 0, 0, 107, 0, 0, 0, 0, 35)
3 (1, 4, 0, 0, 0, 0, 98, 0, 2, 1, 0, 52)
4 (1, 4, 0, 35, 78, 23, 31, 0, 1, 0, 0, 182)
5 (1, 4, 0, 25, 0, 0, 0, 0, 0, 0, 0, 25)
6 (1, 4, 19, 0, 9, 24, 26, 0, 1, 0, 0, 127)
7 (1, 4, 0, 34, 0, 20, 12, 0, 1, 0, 0, 26)
8 (1, 4, 44, 43, 19, 30, 31, 0, 0, 0, 0, 253)
9 (1, 4, 44, 37, 25, 25, 11, 0, 1, 0, 0, 51)
10 (1, 4, 32, 165, 68, 35, 44, 0, 2, 0, 0, 147)
11 (1, 4, 82, 373, 173, 0, 71, 0, 1, 0, 0, 200)
12 (1, 4, 256, 509, 310, 0, 51, 0, 0, 0, 0, 202)
13 (1, 4, 500, 301, 361, 0, 5, 0, 1, 0, 0, 140)
14 (1, 4, 851, 0, 357, 24, 0, 0, 1, 0, 0, 252)
15 (1, 4, 873, 0, 305, 68, 0, 3, 0, 0, 0, 207)
16 (1, 4, 511, 0, 28, 77, 0, 53, 0, 0, 0, 150)
17 (1, 4, 244, 0, 45, 68, 2, 66, 1, 0, 0, 176)
18 (1, 4, 193, 0, 217, 69, 3, 72, 0, 0, 0, 35)
19 (1, 4, 0, 0, 369, 36, 0, 62, 0, 0, 0, 12)
20 (1, 4, 137, 0, 340, 28, 0, 64, 0, 0, 0, 164)
21 (1, 4, 61, 0, 282, 25, 0, 52, 0, 0, 0, 185)
22 (1, 4, 86, 0, 197, 21, 0, 58, 0, 0, 0, 70)
23 (1, 4, 132, 0, 121, 23, 0, 64, 1, 0, 0, 140)
24 (1, 4, 16, 5, 73, 22, 0, 72, 0, 0, 0, 56)
25 (1, 4, 0, 42, 31, 7, 0, 82, 0, 0, 0, 54)
26 (1, 4, 0, 19, 0, 0, 0, 79, 1, 0, 0, 25)
27 (1, 4, 0, 30, 0, 1, 0, 72, 0, 0, 0, 171)
28 (1, 4, 0, 46, 16, 0, 0, 70, 0, 0, 0, 78)
29 (1, 4, 0, 43, 23, 0, 0, 73, 1, 0, 0, 95)
30 (1, 4, 4, 0, 0, 0, 0, 64, 0, 0, 0, 3)
0 (1, 4, 0, 227, 0, 0, 0, 151, 1, 0, 0, 206)
1 (1, 4, 0, 0, 0, 0, 0, 112, 1, 0, 0, 43)
2 (1, 4, 0, 0, 0, 0, 6, 45, 1, 0, 0, 236)
3 (1, 4, 0, 0, 0, 0, 45, 0, 1, 0, 0, 74)
4 (1, 4, 0, 0, 0, 0, 72, 0, 2, 0, 0, 97)
5 (1, 4, 0, 0, 0, 38, 163, 0, 2, 1, 0, 200)
6 (1, 4, 0, 28, 41, 0, 0, 0, 1, 0, 0, 194)
7 (1, 4, 0, 0, 0, 0, 19, 0, 2, 0, 0, 180)
8 (1, 4, 0, 0, 0, 11, 21, 0, 1, 0, 0, 218)
9 (1, 4, 0, 0, 0, 0, 31, 0, 0, 0, 0, 82)
10 (1, 4, 0, 0, 0, 0, 21, 0, 1, 0, 0, 3)
11 (1, 4, 41, 12, 1, 0, 32, 0, 1, 0, 0, 85)
12 (1, 4, 49, 105, 41, 0, 28, 0, 0, 0, 0, 97)
13 (1, 4, 61, 345, 134, 0, 63, 0, 1, 0, 0, 221)
14 (1, 4, 164, 615, 327, 0, 54, 0, 1, 0, 0, 162)
15 (1, 4, 591, 309, 305, 0, 16, 0, 0, 0, 0, 77)
16 (1, 4, 873, 0, 241, 4, 0, 0, 1, 0, 0, 73)
17 (1, 4, 873, 0, 185, 45, 0, 0, 1, 0, 0, 0)
18 (1, 4, 781, 0, 119, 73, 0, 9, 0, 0, 0, 166)
19 (1, 4, 337, 0, 93, 75, 0, 49, 0, 0, 0, 72)
20 (1, 4, 0, 125, 134, 60, 0, 58, 1, 0, 0, 219)
21 (1, 4, 115, 0, 213, 40, 0, 63, 0, 0, 0, 231)
22 (1, 4, 199, 0, 280, 42, 0, 76, 0, 0, 0, 163)
23 (1, 4, 0, 52, 324, 12, 0, 74, 1, 0, 0, 15)
24 (1, 4, 0, 7, 253, 10, 0, 80, 0, 0, 0, 209)
25 (1, 4, 0, 0, 223, 0, 0, 67, 0, 0, 0, 113)
26 (1, 4, 16, 0, 116, 0, 0, 51, 1, 0, 0, 204)
27 (1, 4, 0, 0, 0, 0, 0, 55, 0, 0, 0, 31)
28 (1, 4, 57, 0, 0, 0, 0, 58, 0, 0, 0, 6)
29 (1, 4, 53, 0, 0, 0, 0, 61, 1, 0, 0, 63)
30 (1, 4, 0, 27, 0, 0, 0, 60, 0, 0, 0, 153)
31 (1, 4, 89, 24, 36, 0, 0, 66, 0, 0, 0, 231)
0 (1, 4, 0, 269, 0, 1, 0, 106, 1, 0, 0, 141)
1 (1, 4, 0, 0, 0, 0, 0, 80, 0, 0, 0, 232)
2 (1, 4, 0, 0, 0, 0, 0, 34, 0, 0, 0, 102)
3 (1, 4, 0, 0, 0, 0, 15, 0, 1, 0, 0, 181)
4 (1, 4, 0, 0, 0, 0, 67, 0, 0, 0, 0, 239)
5 (1, 4, 79, 0, 0, 4, 62, 0, 0, 0, 0, 137)
6 (1, 4, 0, 50, 0, 40, 35, 0, 1, 0, 0, 69)
7 (1, 4, 0, 99, 0, 29, 20, 0, 1, 0, 0, 143)
8 (1, 4, 0, 0, 0, 32, 20, 0, 0, 0, 0, 241)
9 (1, 4, 0, 20, 12, 39, 20, 0, 1, 0, 0, 151)
10 (1, 4, 16, 0, 17, 31, 18, 0, 1, 0, 0, 50)
11 (1, 4, 22, 50, 47, 29, 18, 0, 0, 0, 0, 200)
12 (1, 4, 16, 55, 56, 33, 16, 0, 1, 0, 0, 19)
13 (1, 4, 73, 75, 86, 28, 26, 0, 1, 0, 0, 51)
14 (1, 4, 378, 0, 19, 7, 23, 0, 0, 0, 0, 202)
15 (1, 4, 0, 476, 119, 0, 41, 0, 0, 0, 0, 59)
16 (1, 4, 258, 481, 297, 0, 3, 0, 1, 0, 0, 18)
17 (1, 4, 192, 500, 380, 9, 0, 0, 0, 0, 0, 222)
18 (1, 4, 179, 319, 455, 0, 0, 81, 0, 0, 0, 82)
19 (1, 4, 501, 0, 469, 0, 0, 97, 1, 0, 0, 74)
20 (1, 4, 643, 0, 540, 26, 0, 67, 0, 0, 0, 72)
21 (1, 4, 562, 0, 355, 47, 0, 4, 0, 0, 0, 155)
22 (1, 4, 17, 0, 256, 22, 0, 37, 0, 0, 0, 115)
23 (1, 4, 43, 0, 257, 2, 0, 52, 0, 0, 0, 43)
24 (1, 4, 25, 0, 162, 10, 0, 42, 0, 0, 0, 244)
25 (1, 4, 15, 0, 123, 17, 0, 42, 0, 0, 0, 67)
26 (1, 4, 0, 0, 93, 8, 0, 48, 0, 0, 0, 6)
27 (1, 4, 24, 0, 73, 6, 0, 48, 0, 0, 0, 13)
28 (1, 4, 0, 0, 51, 7, 0, 47, 0, 0, 0, 65)
29 (1, 4, 80, 0, 44, 0, 0, 49, 0, 0, 0, 166)
0 (1, 4, 0, 38, 0, 7, 0, 55, 1, 0, 0, 85)
1 (1, 4, 0, 148, 0, 27, 0, 44, 0, 0, 0, 212)
2 (1, 4, 0, 235, 0, 24, 0, 37, 0, 0, 0, 81)
3 (1, 4, 0, 320, 0, 40, 0, 25, 1, 0, 0, 141)
4 (1, 4, 0, 427, 0, 29, 0, 52, 1, 0, 0, 58)
5 (1, 4, 0, 330, 0, 29, 0, 101, 0, 0, 0, 228)
6 (1, 4, 0, 70, 0, 0, 0, 133, 1, 0, 0, 8)
7 (1, 4, 0, 0, 0, 0, 0, 60, 1, 0, 0, 241)
8 (1, 4, 0, 0, 0, 0, 17, 0, 0, 0, 0, 130)
9 (1, 4, 0, 0, 0, 0, 101, 0, 1, 0, 0, 145)
10 (1, 4, 0, 0, 0, 70, 141, 0, 1, 0, 0, 228)
11 (1, 4, 0, 39, 25, 27, 16, 0, 0, 0, 0, 66)
12 (1, 4, 0, 7, 0, 3, 15, 0, 1, 0, 0, 150)
13 (1, 4, 0, 0, 0, 26, 13, 0, 1, 0, 0, 118)
14 (1, 4, 57, 0, 6, 35, 17, 0, 0, 0, 0, 98)
15 (1, 4, 57, 46, 4, 35, 24, 0, 1, 0, 0, 81)
16 (1, 4, 131, 106, 104, 33, 49, 0, 1, 0, 0, 58)
17 (1, 4, 160, 405, 227, 0, 59, 0, 0, 0, 0, 203)
18 (1, 4, 308, 448, 348, 0, 48, 0, 0, 0, 0, 183)
19 (1, 4, 584, 257, 437, 0, 8, 0, 1, 0, 0, 151)
20 (1, 4, 831, 0, 436, 0, 0, 27, 0, 0, 0, 41)
21 (1, 4, 873, 0, 364, 78, 0, 11, 0, 0, 0, 17)
22 (1, 4, 46, 98, 27, 88, 52, 88, 1, 0, 0, 22)
23 (1, 4, 176, 0, 77, 34, 0, 150, 0, 0, 0, 131)
24 (1, 4, 114, 0, 184, 73, 0, 52, 0, 0, 0, 53)
25 (1, 4, 17, 0, 242, 36, 0, 55, 1, 0, 0, 162)
26 (1, 4, 116, 0, 159, 34, 0, 43, 0, 0, 0, 197)
0 (1, 4, 0, 429, 0, 27, 0, 32, 1, 0, 0, 105)
1 (1, 4, 0, 274, 0, 1, 0, 87, 0, 0, 0, 13)
2 (1, 4, 0, 207, 0, 11, 0, 68, 0, 0, 0, 164)
3 (1, 4, 0, 0, 0, 0, 0, 123, 1, 0, 0, 167)
4 (1, 4, 0, 0, 0, 0, 0, 77, 1, 0, 0, 25)
5 (1, 4, 0, 0, 0, 0, 72, 0, 0, 0, 0, 165)
6 (1, 4, 0, 0, 0, 0, 90, 0, 1, 0, 0, 176)
7 (1, 4, 0, 0, 0, 87, 145, 0, 1, 0, 0, 171)
8 (1, 4, 84, 74, 85, 11, 0, 0, 0, 0, 0, 229)
9 (1, 4, 0, 0, 0, 6, 4, 0, 1, 0, 0, 189)
10 (1, 4, 6, 0, 0, 37, 22, 0, 1, 0, 0, 38)
11 (1, 4, 14, 42, 0, 34, 18, 0, 0, 0, 0, 150)
12 (1, 4, 56, 17, 12, 32, 29, 0, 1, 0, 0, 74)
13 (1, 4, 10, 113, 38, 33, 30, 0, 1, 0, 0, 201)
14 (1, 4, 20, 214, 107, 22, 49, 0, 0, 0, 0, 180)
15 (1, 4, 137, 397, 264, 0, 58, 0, 1, 0, 0, 21)
16 (1, 4, 523, 204, 295, 0, 0, 0, 1, 0, 0, 215)
17 (1, 4, 873, 0, 263, 6, 0, 0, 0, 0, 0, 178)
18 (1, 4, 873, 7, 204, 70, 0, 3, 0, 0, 0, 83)
19 (1, 4, 319, 48, 73, 70, 0, 98, 1, 0, 0, 217)
20 (1, 4, 154, 0, 19, 67, 0, 118, 0, 0, 0, 44)
21 (1, 4, 158, 0, 161, 76, 2, 84, 0, 0, 0, 4)
22 (1, 4, 13, 0, 277, 29, 0, 47, 1, 0, 0, 134)
23 (1, 4, 408, 0, 234, 42, 0, 22, 0, 0, 0, 174)
24 (1, 4, 353, 0, 267, 37, 0, 29, 0, 0, 0, 127)
25 (1, 4, 423, 0, 419, 49, 0, 21, 0, 0, 0, 21)
26 (1, 4, 303, 198, 397, 0, 0, 101, 0, 0, 0, 64)
27 (1, 4, 0, 63, 138, 0, 0, 138, 0, 0, 0, 215)
28 (1, 4, 0, 17, 36, 0, 0, 135, 0, 0, 0, 147)
29 (1, 4, 0, 0, 0, 0, 0, 96, 0, 0, 0, 154)
30 (1, 4, 0, 0, 0, 0, 0, 70, 0, 0, 0, 247)
31 (1, 4, 74, 21, 0, 0, 0, 76, 0, 0, 0, 79)
0 (1, 4, 0, 0, 0, 0, 0, 35, 1, 0, 0, 219)
1 (1, 4, 0, 0, 0, 0, 53, 0, 1, 0, 0, 14)
2 (1, 4, 0, 0, 0, 0, 136, 0, 0, 0, 0, 139)
3 (1, 4, 0, 0, 0, 71, 89, 0, 1, 0, 0, 179)
4 (1, 4, 134, 0, 33, 0, 44, 0, 1, 0, 0, 104)
5 (1, 4, 0, 0, 0, 13, 21, 0, 0, 0, 0, 250)
6 (1, 4, 0, 50, 17, 22, 4, 0, 1, 0, 0, 111)
7 (1, 4, 0, 78, 0, 31, 18, 0, 1, 0, 0, 190)
8 (1, 4, 0, 230, 77, 36, 46, 0, 0, 0, 0, 76)
9 (1, 4, 0, 363, 163, 7, 67, 0, 1, 0, 0, 171)
10 (1, 4, 275, 421, 348, 0, 71, 0, 1, 0, 0, 236)
11 (1, 4, 658, 234, 405, 0, 41, 0, 0, 0, 0, 161)
12 (1, 4, 743, 219, 357, 0, 0, 7, 1, 0, 0, 96)
13 (1, 4, 873, 0, 231, 55, 0, 21, 1, 0, 0, 1)
14 (1, 4, 385, 26, 14, 100, 61, 104, 0, 0, 0, 136)
15 (1, 4, 205, 0, 73, 70, 54, 139, 0, 0, 0, 127)
16 (1, 4, 11, 0, 343, 45, 0, 33, 0, 0, 0, 44)
17 (1, 4, 310, 0, 366, 36, 0, 24, 1, 0, 0, 36)
18 (1, 4, 238, 0, 227, 39, 0, 36, 0, 0, 0, 94)
19 (1, 4, 282, 0, 284, 52, 0, 25, 0, 0, 0, 180)
20 (1, 4, 241, 157, 378, 29, 0, 61, 1, 0, 0, 255)
21 (1, 4, 273, 105, 326, 0, 0, 126, 0, 0, 0, 19)
22 (1, 4, 0, 48, 40, 0, 0, 146, 0, 0, 0, 127)
23 (1, 4, 0, 0, 0, 0, 0, 112, 0, 0, 0, 73)
24 (1, 4, 0, 0, 0, 3, 0, 77, 0, 0, 0, 90)
25 (1, 4, 26, 11, 24, 5, 0, 68, 0, 0, 0, 9)
26 (1, 4, 0, 65, 52, 0, 0, 72, 0, 0, 0, 56)
27 (1, 4, 0, 78, 55, 0, 0, 82, 0, 0, 0, 178)
28 (1, 4, 11, 0, 0, 0, 0, 85, 0, 0, 0, 32)
29 (1, 4, 0, 48, 0, 0, 0, 83, 0, 0, 0, 45)
30 (1, 4, 30, 0, 0, 0, 0, 78, 0, 0, 0, 169)
31 (1, 4, 0, 6, 0, 0, 0, 75, 0, 0, 0, 0)
0 (1, 4, 0, 0, 0, 0, 0, 139, 0, 0, 0, 120)
1 (1, 4, 0, 0, 0, 0, 0, 44, 1, 0, 0, 34)
2 (1, 4, 0, 0, 0, 0, 101, 0, 1, 0, 0, 145)
3 (1, 4, 0, 0, 0, 0, 108, 0, 0, 0, 0, 75)
4 (1, 4, 0, 0, 0, 76, 130, 0, 1, 0, 0, 139)
5 (1, 4, 0, 5, 53, 24, 0, 0, 1, 0, 0, 55)
6 (1, 4, 0, 67, 0, 16, 5, 0, 0, 0, 0, 72)
7 (1, 4, 5, 0, 2, 26, 6, 0, 1, 0, 0, 37)
8 (1, 4, 49, 68, 23, 26, 8, 0, 1, 0, 0, 6)
9 (1, 4, 22, 106, 16, 32, 26, 0, 0, 0, 0, 5)
10 (1, 4, 38, 190, 85, 17, 32, 0, 1, 0, 0, 242)
11 (1, 4, 248, 221, 108, 0, 25, 0, 1, 0, 0, 50)
12 (1, 4, 523, 183, 0, 0, 35, 0, 1, 0, 0, 92)
13 (1, 4, 531, 447, 139, 0, 0, 0, 1, 0, 0, 234)
14 (1, 4, 873, 0, 95, 30, 0, 0, 1, 0, 0, 186)
15 (1, 4, 873, 0, 0, 89, 25, 0, 0, 0, 0, 176)
16 (1, 4, 322, 27, 0, 129, 85, 42, 0, 0, 0, 166)
17 (1, 4, 66, 111, 162, 107, 13, 82, 1, 0, 0, 200)
18 (1, 4, 0, 62, 228, 73, 0, 70, 0, 0, 0, 200)
19 (1, 4, 0, 31, 225, 54, 0, 51, 0, 0, 0, 134)
20 (1, 4, 143, 6, 199, 44, 0, 44, 1, 0, 0, 88)
21 (1, 4, 68, 12, 196, 38, 0, 38, 0, 0, 0, 52)
22 (1, 4, 58, 82, 275, 40, 0, 59, 0, 0, 0, 204)
23 (1, 4, 41, 110, 187, 18, 0, 101, 0, 0, 0, 114)
24 (1, 4, 0, 8, 0, 12, 0, 109, 0, 0, 0, 237)
25 (1, 4, 0, 0, 0, 21, 0, 82, 0, 0, 0, 197)
26 (1, 4, 0, 0, 0, 20, 0, 60, 0, 0, 0, 24)
27 (1, 4, 25, 0, 8, 17, 0, 56, 0, 0, 0, 44)
28 (1, 4, 71, 52, 51, 12, 0, 64, 0, 0, 0, 95)
29 (1, 4, 26, 25, 16, 1, 0, 76, 0, 0, 0, 47)
0 (1, 4, 0, 0, 0, 0, 0, 66, 0, 0, 0, 130)
1 (1, 4, 0, 0, 0, 0, 71, 0, 1, 0, 0, 110)
2 (1, 4, 0, 0, 0, 0, 127, 0, 1, 0, 0, 39)
3 (1, 4, 0, 0, 0, 58, 111, 0, 0, 0, 0, 24)
4 (1, 4, 0, 44, 70, 8, 4, 0, 1, 0, 0, 38)
5 (1, 4, 0, 45, 0, 1, 13, 0, 1, 0, 0, 70)
6 (1, 4, 25, 0, 12, 7, 13, 0, 0, 0, 0, 4)
7 (1, 4, 3, 27, 0, 15, 12, 0, 1, 0, 0, 131)
8 (1, 4, 19, 89, 18, 24, 30, 0, 1, 0, 0, 0)
9 (1, 4, 46, 123, 51, 15, 22, 0, 0, 0, 0, 173)
10 (1, 4, 77, 143, 79, 18, 29, 0, 0, 0, 0, 180)
11 (1, 4, 183, 222, 127, 1, 37, 0, 1, 0, 0, 72)
12 (1, 4, 395, 285, 171, 0, 20, 0, 0, 0, 0, 61)
13 (1, 4, 750, 114, 102, 0, 0, 0, 0, 0, 0, 76)
14 (1, 4, 873, 0, 91, 9, 0, 0, 1, 0, 0, 78)
15 (1, 4, 873, 0, 48, 60, 0, 0, 0, 0, 0, 83)
16 (1, 4, 459, 0, 3, 102, 22, 62, 0, 0, 0, 135)
17 (1, 4, 84, 11, 105, 80, 15, 82, 0, 0, 0, 205)
18 (1, 4, 53, 8, 202, 67, 0, 85, 0, 0, 0, 141)
19 (1, 4, 0, 0, 235, 55, 0, 65, 0, 0, 0, 84)
20 (1, 4, 27, 34, 237, 44, 0, 66, 0, 0, 0, 64)
21 (1, 4, 129, 0, 156, 29, 0, 60, 0, 0, 0, 136)
22 (1, 4, 18, 47, 108, 21, 0, 69, 0, 0, 0, 109)
23 (1, 4, 123, 15, 62, 9, 0, 86, 0, 0, 0, 242)
24 (1, 4, 3, 32, 9, 4, 0, 88, 0, 0, 0, 134)
25 (1, 4, 36, 0, 0, 1, 0, 88, 0, 0, 0, 226)
26 (1, 4, 0, 0, 0, 6, 0, 76, 0, 0, 0, 230)
27 (1, 4, 9, 0, 14, 7, 0, 66, 0, 0, 0, 108)
28 (1, 4, 38, 4, 45, 1, 0, 69, 0, 0, 0, 63)
29 (1, 4, 0, 15, 23, 0, 0, 78, 0, 0, 0, 54)
30 (1, 4, 8, 0, 8, 9, 0, 73, 0, 0, 0, 37)
31 (1, 4, 0, 7, 6, 10, 0, 74, 0, 0, 0, 221)
0 (1, 4, 0, 511, 0, 12, 0, 17, 1, 0, 0, 225)
1 (1, 4, 0, 445, 0, 0, 0, 74, 1, 0, 0, 145)
2 (1, 4, 0, 113, 0, 0, 0, 90, 1, 0, 0, 76)
3 (1, 4, 0, 0, 0, 0, 0, 83, 1, 0, 0, 236)
4 (1, 4, 0, 0, 0, 0, 0, 52, 1, 0, 0, 27)
5 (1, 4, 0, 0, 0, 0, 38, 0, 1, 0, 0, 0)
6 (1, 4, 0, 0, 0, 0, 109, 0, 0, 0, 0, 50)
7 (1, 4, 0, 0, 0, 78, 120, 0, 0, 0, 0, 66)
8 (1, 4, 0, 65, 8, 59, 16, 0, 1, 0, 0, 212)
9 (1, 4, 0, 72, 0, 22, 0, 0, 1, 0, 0, 153)
10 (1, 4, 0, 0, 0, 34, 0, 0, 0, 0, 0, 169)
11 (1, 4, 0, 0, 0, 46, 15, 0, 1, 0, 0, 230)
12 (1, 4, 17, 0, 0, 38, 18, 0, 1, 0, 0, 46)
13 (1, 4, 0, 48, 2, 40, 20, 0, 0, 0, 0, 133)
14 (1, 4, 2, 110, 34, 34, 36, 0, 1, 0, 0, 173)
15 (1, 4, 226, 199, 124, 0, 42, 0, 1, 0, 0, 125)
16 (1, 4, 477, 350, 190, 0, 45, 0, 0, 0, 0, 174)
17 (1, 4, 504, 390, 292, 0, 0, 0, 1, 0, 0, 123)
18 (1, 4, 873, 0, 291, 40, 0, 27, 1, 0, 0, 124)
19 (1, 4, 873, 0, 208, 90, 0, 31, 0, 0, 0, 243)
20 (1, 4, 417, 0, 116, 89, 14, 75, 0, 0, 0, 88)
21 (1, 4, 211, 0, 143, 66, 0, 92, 0, 0, 0, 90)
22 (1, 4, 195, 0, 194, 49, 0, 69, 0, 0, 0, 59)
23 (1, 4, 168, 0, 223, 44, 0, 42, 0, 0, 0, 111)
24 (1, 4, 133, 0, 231, 57, 0, 33, 1, 0, 0, 169)
25 (1, 4, 229, 94, 312, 41, 0, 50, 0, 0, 0, 80)
26 (1, 4, 131, 184, 266, 4, 0, 93, 0, 0, 0, 12)
27 (1, 4, 54, 105, 163, 0, 0, 139, 0, 0, 0, 136)
28 (1, 4, 0, 0, 0, 0, 0, 107, 0, 0, 0, 22)
29 (1, 4, 0, 0, 0, 8, 0, 88, 0, 0, 0, 250)
30 (1, 4, 0, 14, 0, 2, 0, 82, 0, 0, 0, 107)
31 (1, 4, 8, 0, 11, 0, 0, 80, 0, 0, 0, 159)
0 (1, 4, 0, 152, 0, 55, 0, 82, 1, 0, 0, 163)
1 (1, 4, 0, 223, 0, 49, 3, 104, 1, 0, 0, 202)
2 (1, 4, 0, 5, 0, 18, 0, 103, 1, 0, 0, 77)
3 (1, 4, 0, 0, 0, 9, 0, 27, 1, 0, 0, 164)
4 (1, 4, 0, 0, 0, 2, 0, 0, 0, 0, 0, 64)
5 (1, 4, 0, 0, 0, 0, 0, 0, 1, 0, 0, 28)
6 (1, 4, 0, 0, 0, 0, 133, 0, 0, 0, 0, 208)
7 (1, 4, 0, 0, 0, 33, 118, 0, 0, 0, 0, 11)
8 (1, 4, 13, 36, 25, 41, 49, 0, 1, 0, 0, 234)
9 (1, 4, 0, 21, 0, 28, 26, 0, 1, 0, 0, 215)
10 (1, 4, 59, 0, 0, 44, 34, 0, 0, 0, 0, 169)
11 (1, 4, 29, 59, 8, 40, 24, 0, 1, 0, 0, 155)
12 (1, 4, 20, 107, 31, 47, 48, 0, 1, 0, 0, 12)
13 (1, 4, 63, 213, 148, 22, 80, 0, 0, 0, 0, 117)
14 (1, 4, 255, 238, 247, 0, 60, 0, 1, 0, 0, 125)
15 (1, 4, 447, 241, 247, 0, 20, 0, 1, 0, 0, 234)
16 (1, 4, 706, 93, 220, 20, 0, 0, 0, 0, 0, 216)
17 (1, 4, 873, 0, 129, 51, 0, 4, 1, 0, 0, 5)
18 (1, 4, 873, 0, 13, 83, 0, 17, 1, 0, 0, 83)
19 (1, 4, 599, 0, 0, 113, 119, 21, 1, 0, 0, 12)
20 (1, 4, 20, 92, 218, 92, 17, 55, 1, 0, 0, 146)
21 (1, 4, 243, 49, 274, 69, 0, 56, 1, 0, 0, 128)
22 (1, 4, 75, 134, 264, 51, 0, 63, 1, 0, 0, 20)
23 (1, 4, 90, 46, 153, 46, 0, 83, 1, 0, 0, 218)
24 (1, 4, 0, 53, 132, 41, 0, 83, 1, 0, 0, 129)
25 (1, 4, 0, 0, 82, 25, 0, 89, 0, 0, 0, 102)
26 (1, 4, 0, 0, 32, 35, 0, 72, 0, 0, 0, 231)
27 (1, 4, 6, 0, 17, 23, 0, 74, 0, 0, 0, 13)
28 (1, 4, 0, 7, 29, 32, 0, 61, 0, 0, 0, 174)
29 (1, 4, 0, 64, 37, 15, 0, 67, 0, 0, 0, 79)
30 (1, 4, 20, 0, 45, 24, 0, 50, 1, 0, 0, 136)
31 (1, 4, 0, 0, 26, 8, 0, 54, 1, 0, 0, 182)
0 (1, 4, 0, 215, 0, 23, 0, 47, 1, 0, 0, 15)
1 (1, 4, 0, 0, 0, 0, 0, 75, 1, 0, 0, 213)
2 (1, 4, 0, 0, 0, 0, 0, 17, 1, 0, 0, 16)
3 (1, 4, 0, 0, 0, 0, 61, 0, 1, 0, 0, 207)
4 (1, 4, 0, 0, 0, 0, 133, 0, 0, 0, 0, 208)
5 (1, 4, 63, 0, 0, 20, 61, 0, 1, 0, 0, 57)
6 (1, 4, 0, 0, 0, 35, 39, 0, 1, 0, 0, 177)
7 (1, 4, 22, 0, 0, 29, 17, 0, 0, 0, 0, 42)
8 (1, 4, 0, 0, 0, 33, 9, 0, 1, 0, 0, 82)
9 (1, 4, 0, 0, 0, 36, 26, 0, 1, 0, 0, 63)
10 (1, 4, 34, 3, 0, 27, 23, 0, 0, 0, 0, 190)
11 (1, 4, 0, 25, 0, 31, 33, 0, 1, 0, 0, 93)
12 (1, 4, 0, 70, 10, 38, 60, 0, 1, 0, 0, 186)
13 (1, 4, 35, 271, 180, 24, 47, 0, 0, 0, 0, 122)
14 (1, 4, 117, 292, 213, 15, 11, 0, 1, 0, 0, 41)
15 (1, 4, 195, 192, 175, 7, 13, 0, 1, 0, 0, 64)
16 (1, 4, 644, 130, 170, 0, 0, 0, 0, 0, 0, 167)
17 (1, 4, 873, 23, 181, 0, 0, 0, 0, 0, 0, 145)
18 (1, 4, 873, 6, 25, 19, 0, 0, 1, 0, 0, 28)
19 (1, 4, 873, 0, 0, 53, 29, 0, 0, 0, 0, 235)
20 (1, 4, 489, 61, 0, 100, 116, 34, 0, 0, 0, 15)
21 (1, 4, 55, 137, 288, 96, 92, 84, 1, 0, 0, 215)
22 (1, 4, 0, 190, 419, 67, 0, 125, 1, 0, 0, 208)
23 (1, 4, 27, 131, 394, 35, 0, 112, 0, 0, 0, 229)
24 (1, 4, 18, 43, 205, 24, 0, 98, 1, 0, 0, 103)
25 (1, 4, 2, 2, 135, 29, 0, 89, 1, 0, 0, 182)
26 (1, 4, 0, 22, 72, 28, 0, 88, 0, 0, 0, 224)
27 (1, 4, 0, 27, 45, 30, 0, 88, 1, 0, 0, 175)
28 (1, 4, 0, 58, 43, 23, 0, 86, 1, 0, 0, 104)
29 (1, 4, 0, 21, 58, 18, 0, 81, 0, 0, 0, 226)
30 (1, 4, 0, 46, 48, 0, 0, 98, 1, 0, 0, 6)
31 (1, 4, 0, 0, 0, 5, 0, 89, 1, 0, 0, 220)
0 (1, 4, 0, 0, 0, 0, 0, 94, 0, 0, 0, 206)
1 (1, 4, 0, 0, 0, 0, 66, 103, 0, 0, 0, 97)
2 (1, 4, 0, 0, 0, 0, 153, 0, 2, 0, 0, 179)
3 (1, 4, 3, 0, 0, 0, 105, 0, 1, 0, 0, 161)
4 (1, 4, 0, 0, 57, 34, 25, 0, 1, 0, 0, 95)
5 (1, 4, 0, 0, 0, 0, 0, 0, 2, 0, 0, 186)
6 (1, 4, 0, 0, 0, 5, 42, 0, 1, 0, 0, 65)
7 (1, 4, 0, 2, 0, 0, 25, 0, 1, 0, 0, 76)
8 (1, 4, 34, 101, 0, 0, 20, 0, 2, 0, 0, 41)
9 (1, 4, 66, 125, 0, 12, 34, 0, 1, 0, 0, 14)
10 (1, 4, 88, 121, 24, 13, 31, 0, 1, 0, 0, 87)
11 (1, 4, 68, 220, 52, 19, 37, 0, 2, 0, 0, 31)
12 (1, 4, 142, 262, 129, 5, 36, 0, 1, 0, 0, 231)
13 (1, 4, 590, 145, 167, 0, 23, 0, 0, 0, 0, 117)
14 (1, 4, 822, 152, 113, 0, 2, 0, 1, 0, 0, 214)
15 (1, 4, 873, 173, 80, 0, 0, 0, 1, 0, 0, 177)
16 (1, 4, 873, 0, 0, 68, 7, 0, 0, 0, 0, 137)
17 (1, 4, 706, 0, 0, 99, 58, 29, 1, 0, 0, 173)
18 (1, 4, 129, 35, 0, 121, 92, 19, 1, 0, 0, 57)
19 (1, 4, 107, 226, 251, 79, 29, 96, 1, 0, 0, 219)
20 (1, 4, 0, 198, 403, 56, 4, 93, 1, 1, 0, 249)
21 (1, 4, 0, 59, 259, 17, 0, 107, 1, 0, 0, 178)
22 (1, 4, 0, 0, 145, 42, 0, 74, 0, 0, 0, 93)
23 (1, 4, 0, 0, 45, 26, 0, 89, 0, 0, 0, 100)
24 (1, 4, 0, 0, 0, 40, 0, 81, 1, 0, 0, 68)
25 (1, 4, 0, 0, 7, 36, 0, 80, 0, 0, 0, 152)
26 (1, 4, 5, 22, 0, 23, 0, 84, 0, 0, 0, 215)
27 (1, 4, 0, 0, 0, 22, 0, 82, 1, 0, 0, 134)
28 (1, 4, 0, 6, 11, 22, 0, 81, 1, 0, 0, 80)
29 (1, 4, 0, 0, 0, 22, 0, 74, 0, 0, 0, 221)
30 (1, 4, 0, 16, 0, 21, 0, 70, 0, 0, 0, 2)
31 (1, 4, 0, 1, 0, 23, 0, 69, 0, 0, 0, 142)
0 (1, 4, 0, 0, 0, 35, 0, 70, 0, 0, 0, 63)
1 (1, 4, 0, 0, 0, 53, 0, 71, 1, 0, 0, 55)
2 (1, 4, 15, 49, 0, 65, 0, 69, 1, 0, 0, 117)
3 (1, 4, 0, 122, 0, 68, 0, 58, 0, 0, 0, 8)
4 (1, 4, 0, 203, 0, 66, 0, 44, 1, 0, 0, 32)
5 (1, 4, 0, 306, 0, 78, 0, 23, 1, 0, 0, 152)
6 (1, 4, 0, 429, 0, 68, 0, 31, 0, 0, 0, 7)
7 (1, 4, 0, 450, 0, 45, 0, 96, 1, 0, 0, 128)
8 (1, 4, 0, 249, 0, 18, 0, 113, 1, 0, 0, 26)
9 (1, 4, 0, 4, 0, 0, 0, 79, 0, 0, 0, 24)
10 (1, 4, 0, 0, 0, 0, 27, 0, 1, 0, 0, 211)
11 (1, 4, 0, 0, 0, 0, 68, 0, 1, 0, 0, 229)
12 (1, 4, 85, 0, 0, 0, 122, 0, 1, 1, 0, 137)
13 (1, 4, 0, 92, 53, 38, 37, 0, 1, 0, 0, 224)
14 (1, 4, 0, 47, 0, 8, 0, 0, 1, 0, 0, 151)
15 (1, 4, 11, 0, 28, 10, 0, 0, 1, 0, 0, 37)
16 (1, 4, 27, 39, 0, 28, 6, 0, 1, 0, 0, 60)
17 (1, 4, 25, 85, 0, 28, 10, 0, 1, 0, 0, 79)
18 (1, 4, 0, 181, 40, 33, 32, 0, 0, 0, 0, 10)
19 (1, 4, 36, 259, 121, 14, 52, 0, 1, 0, 0, 93)
20 (1, 4, 160, 351, 235, 0, 51, 0, 1, 0, 0, 136)
21 (1, 4, 498, 250, 280, 0, 39, 0, 0, 0, 0, 223)
22 (1, 4, 794, 121, 280, 0, 0, 0, 1, 0, 0, 46)
23 (1, 4, 873, 0, 185, 22, 0, 0, 1, 0, 0, 199)
24 (1, 4, 873, 0, 0, 75, 115, 0, 1, 0, 0, 63)
25 (1, 4, 309, 90, 0, 120, 186, 67, 1, 0, 0, 172)
26 (1, 4, 0, 90, 423, 81, 9, 63, 1, 0, 0, 153)
27 (1, 4, 7, 85, 305, 74, 0, 77, 1, 0, 0, 229)
28 (1, 4, 80, 43, 182, 93, 0, 85, 1, 0, 0, 88)
0 (1, 4, 0, 134, 0, 88, 0, 59, 1, 0, 0, 142)
1 (1, 4, 0, 128, 0, 93, 10, 87, 2, 0, 0, 180)
2 (1, 4, 0, 121, 109, 74, 19, 75, 1, 0, 0, 157)
3 (1, 4, 0, 205, 176, 0, 0, 43, 2, 1, 0, 210)
4 (1, 4, 0, 0, 0, 0, 0, 8, 2, 0, 0, 80)
5 (1, 4, 0, 0, 0, 0, 56, 0, 1, 0, 0, 85)
6 (1, 4, 22, 0, 0, 0, 102, 0, 1, 0, 0, 222)
7 (1, 4, 0, 0, 0, 44, 58, 0, 2, 0, 0, 108)
8 (1, 4, 0, 0, 0, 31, 36, 0, 1, 0, 0, 160)
9 (1, 4, 0, 0, 0, 29, 20, 0, 1, 0, 0, 22)
10 (1, 4, 15, 0, 0, 36, 21, 0, 1, 0, 0, 204)
11 (1, 4, 19, 14, 0, 41, 29, 0, 1, 0, 0, 58)
12 (1, 4, 26, 85, 38, 44, 44, 0, 0, 0, 0, 178)
13 (1, 4, 0, 353, 157, 10, 77, 0, 1, 0, 0, 114)
14 (1, 4, 276, 379, 249, 0, 71, 0, 1, 0, 0, 185)
15 (1, 4, 627, 333, 324, 0, 21, 0, 0, 0, 0, 155)
16 (1, 4, 873, 117, 303, 0, 0, 0, 1, 0, 0, 159)
17 (1, 4, 873, 0, 167, 49, 0, 0, 1, 0, 0, 193)
18 (1, 4, 873, 0, 0, 68, 104, 51, 0, 0, 0, 35)
19 (1, 4, 72, 0, 11, 103, 162, 71, 1, 1, 0, 117)
20 (1, 4, 43, 21, 411, 66, 10, 84, 1, 0, 0, 88)
21 (1, 4, 138, 73, 469, 64, 0, 71, 1, 0, 0, 129)
22 (1, 4, 181, 0, 255, 40, 0, 80, 1, 0, 0, 77)
23 (1, 4, 28, 26, 310, 56, 0, 59, 1, 1, 0, 213)
24 (1, 4, 0, 10, 177, 32, 0, 74, 0, 0, 0, 187)
25 (1, 4, 0, 55, 180, 36, 0, 63, 0, 0, 0, 239)
26 (1, 4, 0, 8, 63, 22, 0, 69, 0, 0, 0, 79)
0 (1, 4, 0, 49, 0, 58, 0, 59, 2, 1, 0, 225)
1 (1, 4, 0, 115, 0, 70, 0, 52, 2, 0, 0, 210)
2 (1, 4, 0, 149, 0, 71, 0, 49, 1, 0, 0, 54)
3 (1, 4, 0, 230, 0, 56, 0, 70, 1, 0, 0, 132)
4 (1, 4, 0, 135, 0, 58, 0, 91, 1, 0, 0, 221)
5 (1, 4, 0, 91, 0, 68, 0, 110, 1, 0, 0, 254)
6 (1, 4, 0, 9, 0, 34, 0, 117, 0, 0, 0, 50)
7 (1, 4, 0, 0, 0, 0, 0, 93, 1, 0, 0, 202)
8 (1, 4, 0, 0, 0, 0, 14, 0, 1, 0, 0, 204)
9 (1, 4, 0, 0, 0, 0, 53, 0, 0, 0, 0, 108)
10 (1, 4, 0, 0, 0, 29, 174, 0, 1, 0, 0, 153)
11 (1, 4, 121, 109, 132, 8, 0, 0, 1, 0, 0, 6)
12 (1, 4, 0, 0, 0, 11, 19, 0, 0, 0, 0, 169)
13 (1, 4, 17, 0, 0, 42, 31, 0, 1, 0, 0, 241)
14 (1, 4, 34, 29, 17, 33, 18, 0, 1, 0, 0, 16)
15 (1, 4, 0, 88, 10, 45, 52, 0, 0, 0, 0, 165)
16 (1, 4, 0, 374, 178, 0, 72, 0, 1, 0, 0, 234)
17 (1, 4, 172, 413, 303, 0, 88, 0, 2, 0, 0, 221)
18 (1, 4, 403, 377, 400, 0, 27, 0, 1, 0, 0, 38)
19 (1, 4, 873, 16, 356, 6, 0, 4, 0, 0, 0, 24)
20 (1, 4, 873, 0, 264, 58, 9, 29, 1, 0, 0, 56)
21 (1, 4, 873, 0, 187, 67, 0, 106, 0, 0, 0, 124)
22 (1, 4, 693, 0, 91, 106, 102, 52, 2, 1, 0, 169)
23 (1, 4, 125, 148, 319, 67, 0, 125, 1, 0, 0, 72)
24 (1, 4, 212, 0, 356, 67, 0, 89, 1, 0, 0, 9)
25 (1, 4, 0, 0, 290, 50, 0, 51, 0, 0, 0, 198)
26 (1, 4, 109, 0, 132, 56, 0, 61, 1, 0, 0, 111)
27 (1, 4, 0, 0, 90, 56, 0, 58, 1, 0, 0, 204)
28 (1, 4, 0, 0, 82, 52, 0, 60, 0, 0, 0, 90)
29 (1, 4, 0, 7, 38, 45, 0, 62, 1, 0, 0, 183)
0 (1, 4, 26, 14, 0, 54, 0, 82, 0, 0, 0, 133)
1 (1, 4, 0, 2, 0, 66, 0, 86, 0, 0, 0, 162)
2 (1, 4, 0, 0, 0, 72, 0, 88, 1, 0, 0, 77)
3 (1, 4, 0, 0, 0, 89, 0, 67, 1, 0, 0, 250)
4 (1, 4, 0, 0, 0, 96, 0, 65, 3, 1, 0, 21)
5 (1, 4, 0, 17, 0, 99, 36, 72, 2, 0, 0, 50)
6 (1, 4, 0, 0, 32, 92, 51, 101, 1, 0, 0, 9)
7 (1, 4, 0, 22, 269, 39, 24, 51, 1, 0, 0, 5)
8 (1, 4, 0, 0, 0, 0, 0, 36, 2, 0, 0, 110)
9 (1, 4, 0, 0, 0, 0, 18, 0, 1, 0, 0, 107)
10 (1, 4, 0, 0, 0, 0, 101, 0, 1, 0, 0, 145)
11 (1, 4, 0, 0, 0, 117, 200, 0, 2, 0, 0, 253)
12 (1, 4, 76, 18, 48, 0, 0, 0, 1, 0, 0, 80)
13 (1, 4, 0, 0, 0, 23, 36, 0, 1, 0, 0, 88)
14 (1, 4, 29, 28, 15, 32, 21, 0, 2, 0, 0, 187)
15 (1, 4, 22, 29, 3, 39, 45, 0, 1, 0, 0, 60)
16 (1, 4, 35, 56, 36, 28, 20, 0, 1, 0, 0, 108)
17 (1, 4, 0, 135, 61, 39, 71, 0, 2, 0, 0, 136)
18 (1, 4, 169, 308, 293, 0, 89, 0, 1, 0, 0, 98)
19 (1, 4, 625, 234, 359, 0, 37, 0, 0, 0, 0, 110)
20 (1, 4, 873, 215, 262, 0, 0, 0, 1, 0, 0, 231)
21 (1, 4, 873, 0, 113, 0, 0, 0, 1, 0, 0, 196)
22 (1, 4, 873, 0, 0, 76, 16, 0, 0, 0, 0, 156)
23 (1, 4, 558, 0, 0, 124, 114, 26, 1, 0, 0, 36)
24 (1, 4, 0, 76, 207, 105, 118, 30, 1, 0, 0, 8)
25 (1, 4, 113, 74, 324, 86, 0, 89, 0, 0, 0, 184)
26 (1, 4, 127, 34, 291, 65, 0, 73, 0, 0, 0, 135)
27 (1, 4, 0, 0, 141, 67, 0, 52, 1, 0, 0, 104)
28 (1, 4, 34, 11, 94, 68, 0, 60, 0, 0, 0, 195)
29 (1, 4, 0, 2, 74, 69, 0, 61, 0, 0, 0, 255)
0 (1, 4, 0, 91, 0, 88, 0, 38, 1, 1, 0, 73)
1 (1, 4, 0, 109, 0, 101, 0, 28, 2, 0, 0, 52)
2 (1, 4, 0, 180, 0, 94, 0, 42, 1, 0, 0, 14)
3 (1, 4, 0, 141, 0, 93, 0, 75, 1, 0, 0, 177)
4 (1, 4, 0, 174, 138, 65, 5, 83, 1, 0, 0, 25)
5 (1, 4, 0, 0, 0, 0, 0, 66, 1, 0, 0, 224)
6 (1, 4, 0, 0, 0, 0, 0, 8, 0, 0, 0, 148)
7 (1, 4, 0, 0, 0, 0, 8, 0, 0, 0, 0, 191)
8 (1, 4, 0, 0, 0, 0, 112, 0, 2, 0, 0, 40)
9 (1, 4, 0, 5, 11, 70, 81, 0, 1, 0, 0, 5)
10 (1, 4, 0, 0, 0, 10, 26, 0, 1, 0, 0, 108)
11 (1, 4, 0, 0, 0, 35, 29, 0, 2, 0, 0, 172)
12 (1, 4, 39, 9, 36, 40, 23, 0, 1, 0, 0, 171)
13 (1, 4, 0, 82, 13, 43, 35, 0, 0, 0, 0, 49)
14 (1, 4, 35, 223, 145, 37, 62, 0, 1, 0, 0, 83)
15 (1, 4, 67, 419, 197, 0, 62, 0, 1, 0, 0, 225)
16 (1, 4, 644, 217, 271, 0, 13, 0, 0, 0, 0, 237)
17 (1, 4, 873, 0, 258, 0, 0, 0, 1, 0, 0, 88)
18 (1, 4, 873, 0, 79, 51, 0, 0, 1, 0, 0, 183)
19 (1, 4, 873, 0, 0, 73, 44, 39, 0, 0, 0, 231)
20 (1, 4, 222, 6, 0, 118, 70, 64, 2, 1, 0, 137)
21 (1, 4, 109, 20, 189, 89, 27, 68, 2, 1, 0, 94)
22 (1, 4, 138, 70, 307, 96, 0, 90, 2, 1, 0, 2)
23 (1, 4, 107, 0, 289, 66, 0, 79, 1, 1, 0, 59)
24 (1, 4, 0, 0, 158, 63, 0, 49, 2, 1, 0, 132)
25 (1, 4, 30, 0, 72, 58, 0, 45, 1, 1, 0, 189)
26 (1, 4, 39, 4, 48, 63, 0, 44, 1, 1, 0, 68)
27 (1, 4, 0, 59, 73, 47, 0, 72, 1, 1, 0, 143)
28 (1, 4, 4, 1, 4, 54, 0, 83, 1, 1, 0, 8)
29 (1, 4, 0, 0, 19, 43, 0, 82, 1, 0, 0, 199)
30 (1, 4, 0, 0, 0, 41, 0, 76, 1, 0, 0, 200)
31 (1, 4, 18, 0, 0, 41, 0, 66, 1, 0, 0, 18)
0 (1, 4, 0, 80, 0, 91, 0, 77, 2, 1, 0, 205)
1 (1, 4, 0, 45, 0, 76, 0, 110, 1, 0, 0, 145)
2 (1, 4, 0, 0, 5, 90, 16, 100, 1, 0, 0, 38)
3 (1, 4, 0, 0, 148, 63, 11, 62, 1, 0, 0, 105)
4 (1, 4, 0, 47, 0, 5, 0, 45, 1, 0, 0, 237)
5 (1, 4, 0, 0, 0, 0, 0, 13, 2, 0, 0, 250)
6 (1, 4, 0, 0, 0, 0, 76, 0, 1, 0, 0, 36)
7 (1, 4, 80, 0, 0, 0, 123, 0, 2, 0, 0, 11)
8 (1, 4, 0, 0, 0, 32, 69, 0, 3, 0, 0, 177)
9 (1, 4, 0, 0, 0, 20, 25, 0, 2, 0, 0, 12)
10 (1, 4, 19, 0, 0, 34, 25, 0, 1, 0, 0, 4)
11 (1, 4, 0, 0, 0, 46, 40, 0, 2, 0, 0, 37)
12 (1, 4, 48, 140, 82, 45, 57, 0, 2, 0, 0, 28)
13 (1, 4, 66, 279, 181, 13, 74, 0, 1, 0, 0, 7)
14 (1, 4, 296, 345, 240, 0, 36, 0, 2, 0, 0, 107)
15 (1, 4, 600, 237, 180, 0, 22, 0, 2, 0, 0, 129)
16 (1, 4, 873, 118, 157, 0, 0, 0, 0, 0, 0, 39)
17 (1, 4, 873, 0, 0, 30, 0, 5, 0, 0, 0, 175)
18 (1, 4, 873, 0, 0, 56, 40, 11, 3, 2, 0, 158)
19 (1, 4, 422, 0, 0, 113, 101, 38, 2, 1, 0, 17)
20 (1, 4, 0, 83, 263, 87, 59, 38, 1, 0, 0, 78)
21 (1, 4, 40, 88, 368, 80, 0, 63, 2, 1, 0, 185)
22 (1, 4, 28, 94, 347, 78, 0, 79, 1, 1, 0, 52)
23 (1, 4, 0, 3, 195, 72, 0, 76, 1, 0, 0, 130)
24 (1, 4, 2, 0, 136, 63, 0, 75, 1, 0, 0, 63)
25 (1, 4, 0, 0, 31, 56, 0, 65, 1, 0, 0, 70)
26 (1, 4, 0, 0, 7, 54, 0, 65, 1, 0, 0, 63)
27 (1, 4, 0, 0, 0, 46, 0, 63, 1, 0, 0, 196)
28 (1, 4, 65, 0, 0, 44, 0, 54, 1, 0, 0, 72)
29 (1, 4, 47, 38, 26, 42, 0, 54, 1, 0, 0, 137)
30 (1, 4, 22, 14, 26, 26, 0, 74, 1, 0, 0, 23)
31 (1, 4, 21, 0, 0, 38, 0, 67, 1, 0, 0, 66)
0 (1, 4, 0, 103, 9, 81, 60, 97, 2, 1, 0, 22)
1 (1, 4, 0, 0, 156, 57, 77, 159, 1, 0, 0, 104)
2 (1, 4, 0, 0, 346, 37, 48, 63, 1, 0, 0, 223)
3 (1, 4, 0, 0, 26, 0, 0, 20, 1, 0, 0, 86)
4 (1, 4, 0, 0, 0, 0, 70, 0, 1, 0, 0, 23)
5 (1, 4, 0, 0, 0, 0, 108, 0, 1, 0, 0, 41)
6 (1, 4, 0, 0, 0, 65, 156, 0, 2, 0, 0, 227)
7 (1, 4, 0, 2, 75, 22, 22, 0, 1, 0, 0, 172)
8 (1, 4, 0, 0, 0, 5, 38, 0, 2, 0, 0, 197)
9 (1, 4, 0, 0, 0, 24, 28, 0, 2, 0, 0, 18)
10 (1, 4, 48, 0, 20, 34, 45, 0, 1, 0, 0, 155)
11 (1, 4, 35, 115, 64, 29, 57, 0, 1, 0, 0, 150)
12 (1, 4, 83, 330, 188, 1, 63, 0, 2, 0, 0, 213)
13 (1, 4, 447, 337, 210, 0, 62, 0, 1, 0, 0, 198)
14 (1, 4, 753, 254, 222, 0, 20, 0, 1, 0, 0, 86)
15 (1, 4, 873, 157, 82, 0, 0, 0, 1, 0, 0, 61)
16 (1, 4, 873, 55, 0, 27, 0, 14, 0, 0, 0, 225)
17 (1, 4, 873, 0, 0, 58, 63, 25, 0, 0, 0, 87)
18 (1, 4, 268, 0, 0, 105, 102, 37, 1, 0, 0, 128)
19 (1, 4, 36, 79, 333, 89, 73, 54, 1, 0, 0, 216)
20 (1, 4, 0, 67, 461, 63, 0, 71, 1, 0, 0, 139)
21 (1, 4, 172, 10, 326, 58, 0, 63, 1, 0, 0, 220)
22 (1, 4, 73, 17, 218, 60, 0, 61, 1, 0, 0, 113)
23 (1, 4, 61, 21, 88, 59, 0, 78, 1, 0, 0, 239)
24 (1, 4, 0, 0, 73, 63, 0, 77, 1, 0, 0, 113)
25 (1, 4, 0, 0, 14, 48, 0, 77, 1, 0, 0, 202)
26 (1, 4, 4, 0, 0, 48, 0, 64, 1, 0, 0, 127)
27 (1, 4, 0, 0, 0, 45, 0, 62, 1, 0, 0, 58)
28 (1, 4, 1, 0, 2, 40, 0, 63, 1, 0, 0, 167)
29 (1, 4, 26, 21, 38, 32, 0, 66, 1, 0, 0, 4)
30 (1, 4, 26, 0, 0, 30, 0, 70, 1, 0, 0, 84)
31 (1, 4, 6, 0, 0, 42, 0, 61, 1, 0, 0, 37)
0 (1, 4, 0, 0, 0, 82, 0, 94, 1, 0, 0, 176)
1 (1, 4, 0, 0, 0, 86, 0, 92, 1, 0, 0, 117)
2 (1, 4, 0, 0, 0, 127, 23, 73, 3, 1, 0, 64)
3 (1, 4, 0, 51, 0, 104, 0, 56, 1, 0, 0, 59)
4 (1, 4, 0, 181, 0, 87, 0, 65, 1, 0, 0, 52)
5 (1, 4, 0, 274, 1, 7, 0, 92, 1, 0, 0, 53)
6 (1, 4, 0, 0, 0, 0, 0, 53, 1, 0, 0, 196)
7 (1, 4, 0, 0, 0, 0, 51, 0, 1, 0, 0, 31)
8 (1, 4, 67, 0, 0, 0, 98, 0, 1, 0, 0, 98)
9 (1, 4, 0, 0, 0, 0, 92, 0, 2, 0, 0, 7)
10 (1, 4, 0, 0, 0, 12, 62, 0, 1, 0, 0, 192)
11 (1, 4, 0, 0, 0, 16, 49, 0, 1, 0, 0, 26)
12 (1, 4, 0, 0, 0, 24, 37, 0, 2, 0, 0, 34)
13 (1, 4, 57, 28, 15, 16, 59, 0, 1, 0, 0, 33)
14 (1, 4, 59, 130, 58, 23, 68, 0, 1, 0, 0, 116)
15 (1, 4, 26, 359, 210, 2, 94, 0, 2, 0, 0, 187)
16 (1, 4, 565, 342, 297, 0, 47, 0, 1, 0, 0, 150)
17 (1, 4, 841, 302, 196, 0, 0, 0, 0, 0, 0, 248)
18 (1, 4, 873, 127, 19, 0, 0, 0, 1, 0, 0, 127)
19 (1, 4, 873, 0, 0, 27, 7, 0, 1, 0, 0, 108)
20 (1, 4, 805, 0, 0, 59, 61, 23, 0, 0, 0, 93)
21 (1, 4, 345, 3, 0, 86, 102, 59, 2, 0, 0, 239)
22 (1, 4, 196, 100, 263, 101, 125, 49, 1, 0, 0, 160)
23 (1, 4, 0, 68, 585, 21, 0, 51, 1, 0, 0, 172)
24 (1, 4, 175, 114, 357, 83, 0, 50, 1, 0, 0, 131)
25 (1, 4, 124, 136, 220, 66, 0, 76, 1, 0, 0, 238)
26 (1, 4, 0, 99, 175, 57, 0, 90, 0, 0, 0, 141)
27 (1, 4, 13, 40, 92, 58, 0, 94, 0, 0, 0, 71)
28 (1, 4, 0, 0, 51, 45, 0, 87, 1, 0, 0, 209)
29 (1, 4, 0, 0, 0, 39, 0, 75, 0, 0, 0, 3)
0 (1, 4, 0, 57, 0, 86, 0, 65, 2, 0, 0, 229)
1 (1, 4, 0, 126, 0, 100, 0, 45, 1, 0, 0, 153)
2 (1, 4, 0, 254, 0, 93, 0, 29, 1, 0, 0, 19)
3 (1, 4, 0, 334, 0, 83, 0, 60, 1, 0, 0, 144)
4 (1, 4, 0, 230, 0, 27, 0, 120, 0, 0, 0, 122)
5 (1, 4, 0, 0, 0, 0, 0, 95, 1, 0, 0, 115)
6 (1, 4, 0, 0, 0, 0, 6, 45, 1, 0, 0, 236)
7 (1, 4, 0, 0, 0, 0, 36, 0, 1, 0, 0, 242)
8 (1, 4, 0, 0, 0, 0, 72, 0, 1, 0, 0, 199)
9 (1, 4, 0, 0, 0, 47, 127, 0, 2, 0, 0, 205)
10 (1, 4, 0, 0, 0, 12, 40, 0, 1, 0, 0, 84)
11 (1, 4, 0, 0, 0, 0, 19, 0, 1, 0, 0, 18)
12 (1, 4, 3, 0, 0, 6, 29, 0, 2, 0, 0, 52)
13 (1, 4, 0, 39, 14, 6, 27, 0, 1, 0, 0, 156)
14 (1, 4, 55, 58, 44, 13, 28, 0, 1, 0, 0, 76)
15 (1, 4, 28, 135, 76, 21, 52, 0, 2, 0, 0, 247)
16 (1, 4, 253, 289, 215, 0, 61, 0, 1, 0, 0, 48)
17 (1, 4, 348, 386, 165, 0, 16, 0, 0, 0, 0, 148)
18 (1, 4, 486, 318, 95, 0, 1, 0, 1, 0, 0, 135)
19 (1, 4, 621, 386, 142, 0, 0, 0, 1, 0, 0, 165)
20 (1, 4, 873, 72, 0, 0, 0, 17, 0, 0, 0, 116)
21 (1, 4, 873, 0, 0, 67, 75, 0, 1, 0, 0, 142)
22 (1, 4, 426, 0, 0, 99, 156, 58, 2, 1, 0, 194)
23 (1, 4, 92, 94, 313, 100, 62, 49, 1, 1, 0, 241)
24 (1, 4, 164, 60, 297, 78, 0, 64, 2, 1, 0, 80)
25 (1, 4, 83, 88, 191, 78, 0, 72, 2, 1, 0, 18)
26 (1, 4, 0, 48, 93, 74, 0, 72, 1, 1, 0, 154)
27 (1, 4, 45, 0, 57, 69, 0, 87, 1, 1, 0, 108)
28 (1, 4, 0, 0, 21, 64, 0, 80, 2, 1, 0, 39)
29 (1, 4, 29, 0, 9, 62, 0, 82, 1, 1, 0, 114)
30 (1, 4, 25, 0, 0, 58, 0, 75, 1, 1, 0, 248)
31 (1, 4, 10, 0, 7, 52, 0, 68, 2, 1, 0, 10)

