0 (1, 4, 0, 385, 0, 1, 0, 0, 1, 0, 0, 82)
1 (1, 4, 0, 321, 0, 41, 0, 0, 1, 0, 0, 193)
2 (1, 4, 0, 296, 0, 49, 0, 20, 1, 0, 0, 47)
3 (1, 4, 0, 280, 0, 82, 0, 39, 1, 0, 0, 133)
4 (1, 4, 0, 225, 0, 100, 0, 112, 1, 0, 0, 158)
5 (1, 4, 0, 0, 0, 42, 0, 171, 1, 0, 0, 148)
6 (1, 4, 0, 0, 0, 0, 0, 120, 1, 0, 0, 193)
7 (1, 4, 0, 0, 0, 0, 95, 0, 0, 0, 0, 72)
8 (1, 4, 68, 0, 0, 0, 118, 0, 1, 0, 0, 46)
9 (1, 4, 55, 0, 18, 48, 169, 0, 1, 0, 0, 222)
10 (1, 4, 0, 69, 32, 0, 0, 0, 0, 0, 0, 108)
11 (1, 4, 0, 24, 50, 0, 40, 0, 1, 0, 0, 172)
12 (1, 4, 56, 139, 106, 8, 41, 0, 1, 0, 0, 250)
13 (1, 4, 164, 365, 202, 0, 46, 0, 0, 0, 0, 168)
14 (1, 4, 293, 636, 307, 0, 125, 0, 1, 0, 0, 197)
15 (1, 4, 173, 873, 601, 0, 82, 0, 1, 0, 0, 156)
16 (1, 4, 379, 343, 639, 0, 0, 126, 1, 0, 0, 95)
17 (1, 4, 0, 246, 254, 0, 0, 202, 1, 0, 0, 80)
18 (1, 4, 74, 0, 256, 0, 0, 203, 1, 0, 0, 231)
19 (1, 4, 0, 0, 0, 75, 0, 0, 1, 0, 0, 16)
20 (1, 4, 28, 0, 0, 75, 0, 0, 0, 0, 0, 218)
21 (1, 4, 37, 0, 51, 59, 0, 0, 1, 0, 0, 16)
22 (1, 4, 333, 0, 165, 19, 0, 9, 1, 0, 0, 247)
23 (1, 4, 648, 0, 308, 17, 0, 0, 0, 0, 0, 117)
24 (1, 4, 873, 0, 485, 39, 0, 27, 0, 0, 0, 192)
25 (1, 4, 412, 0, 570, 11, 38, 133, 0, 0, 0, 140)
26 (1, 4, 0, 0, 289, 0, 0, 91, 0, 0, 0, 83)
27 (1, 4, 220, 0, 189, 0, 0, 70, 0, 0, 0, 197)
28 (1, 4, 0, 0, 41, 0, 0, 106, 0, 0, 0, 31)
29 (1, 4, 23, 0, 0, 0, 0, 92, 0, 0, 0, 189)
30 (1, 4, 0, 27, 0, 0, 0, 89, 0, 0, 0, 215)
31 (1, 4, 29, 0, 0, 0, 0, 78, 0, 0, 0, 187)
0 (1, 4, 0, 145, 0, 44, 0, 34, 1, 0, 0, 188)
1 (1, 4, 0, 293, 0, 58, 0, 32, 1, 0, 0, 45)
2 (1, 4, 0, 273, 0, 14, 0, 81, 1, 0, 0, 222)
3 (1, 4, 0, 120, 0, 28, 0, 56, 1, 0, 0, 100)
4 (1, 4, 0, 189, 0, 13, 0, 75, 0, 0, 0, 82)
5 (1, 4, 0, 0, 0, 0, 0, 130, 1, 0, 0, 47)
6 (1, 4, 0, 0, 0, 0, 53, 60, 1, 0, 0, 227)
7 (1, 4, 0, 0, 0, 0, 119, 0, 0, 0, 0, 132)
8 (1, 4, 0, 0, 0, 104, 148, 0, 2, 1, 0, 71)
9 (1, 4, 0, 162, 124, 0, 0, 0, 1, 0, 0, 42)
10 (1, 4, 16, 0, 0, 0, 39, 0, 0, 0, 0, 251)
11 (1, 4, 3, 23, 11, 0, 13, 0, 0, 0, 0, 83)
12 (1, 4, 91, 103, 0, 0, 34, 0, 1, 0, 0, 171)
13 (1, 4, 67, 345, 90, 0, 57, 0, 1, 0, 0, 161)
14 (1, 4, 282, 600, 142, 0, 55, 0, 0, 0, 0, 176)
15 (1, 4, 464, 638, 204, 0, 91, 0, 1, 0, 0, 182)
16 (1, 4, 218, 766, 417, 0, 2, 0, 0, 0, 0, 178)
17 (1, 4, 406, 231, 470, 0, 0, 106, 0, 0, 0, 1)
18 (1, 4, 383, 0, 385, 41, 0, 113, 0, 0, 0, 86)
19 (1, 4, 603, 0, 330, 62, 0, 112, 0, 0, 0, 215)
20 (1, 4, 481, 0, 200, 86, 0, 39, 0, 0, 0, 77)
21 (1, 4, 129, 0, 335, 48, 0, 44, 0, 0, 0, 186)
22 (1, 4, 33, 0, 157, 23, 0, 54, 0, 0, 0, 91)
23 (1, 4, 243, 0, 101, 43, 0, 31, 0, 0, 0, 2)
24 (1, 4, 0, 102, 46, 19, 0, 50, 0, 0, 0, 166)
25 (1, 4, 85, 0, 0, 23, 0, 53, 0, 0, 0, 83)
26 (1, 4, 0, 47, 36, 23, 0, 56, 0, 0, 0, 159)
27 (1, 4, 59, 0, 0, 16, 0, 51, 0, 0, 0, 216)
28 (1, 4, 0, 30, 0, 16, 0, 49, 0, 0, 0, 65)
29 (1, 4, 99, 0, 0, 15, 0, 51, 0, 0, 0, 147)
30 (1, 4, 0, 42, 32, 16, 0, 50, 0, 0, 0, 160)
31 (1, 4, 0, 115, 77, 10, 0, 44, 0, 0, 0, 243)
0 (1, 4, 42, 0, 0, 51, 0, 50, 1, 0, 0, 67)
1 (1, 4, 0, 52, 0, 62, 0, 85, 0, 0, 0, 159)
2 (1, 4, 0, 13, 0, 40, 0, 135, 0, 0, 0, 42)
3 (1, 4, 0, 0, 0, 28, 0, 122, 1, 0, 0, 11)
4 (1, 4, 0, 0, 0, 0, 0, 83, 0, 0, 0, 142)
5 (1, 4, 0, 0, 0, 0, 29, 0, 0, 0, 0, 160)
6 (1, 4, 0, 0, 0, 0, 78, 0, 2, 0, 0, 112)
7 (1, 4, 55, 0, 0, 0, 120, 0, 0, 0, 0, 32)
8 (1, 4, 0, 0, 0, 26, 126, 0, 0, 0, 0, 13)
9 (1, 4, 0, 115, 69, 0, 16, 0, 2, 0, 0, 246)
10 (1, 4, 48, 0, 0, 0, 34, 0, 1, 0, 0, 196)
11 (1, 4, 24, 107, 39, 13, 40, 0, 0, 0, 0, 136)
12 (1, 4, 94, 294, 149, 0, 56, 0, 1, 0, 0, 188)
13 (1, 4, 223, 572, 201, 0, 71, 0, 1, 0, 0, 109)
14 (1, 4, 124, 833, 389, 0, 111, 0, 0, 0, 0, 94)
15 (1, 4, 358, 767, 627, 0, 46, 0, 1, 0, 0, 143)
16 (1, 4, 221, 362, 420, 5, 0, 64, 1, 0, 0, 118)
17 (1, 4, 0, 252, 209, 0, 0, 117, 0, 0, 0, 74)
18 (1, 4, 0, 0, 235, 0, 0, 203, 0, 0, 0, 206)
19 (1, 4, 0, 0, 60, 0, 0, 35, 1, 0, 0, 184)
20 (1, 4, 0, 0, 0, 88, 0, 0, 0, 0, 0, 164)
21 (1, 4, 0, 0, 0, 61, 0, 1, 0, 0, 0, 36)
22 (1, 4, 0, 0, 70, 33, 0, 21, 1, 0, 0, 25)
23 (1, 4, 322, 0, 203, 0, 0, 13, 0, 0, 0, 164)
24 (1, 4, 873, 0, 448, 22, 0, 0, 0, 0, 0, 170)
25 (1, 4, 873, 0, 550, 78, 0, 0, 1, 1, 0, 27)
26 (1, 4, 266, 126, 281, 0, 0, 83, 0, 0, 0, 206)
27 (1, 4, 0, 114, 42, 0, 0, 94, 0, 0, 0, 238)
28 (1, 4, 132, 92, 127, 0, 0, 117, 0, 0, 0, 102)
29 (1, 4, 0, 88, 0, 0, 0, 117, 0, 0, 0, 178)
0 (1, 4, 0, 0, 0, 0, 0, 73, 1, 0, 0, 108)
1 (1, 4, 0, 139, 0, 23, 0, 0, 1, 0, 0, 220)
2 (1, 4, 0, 316, 0, 9, 0, 0, 0, 0, 0, 182)
3 (1, 4, 276, 237, 0, 4, 0, 0, 1, 0, 0, 38)
4 (1, 4, 201, 273, 0, 46, 23, 12, 1, 0, 0, 238)
5 (1, 4, 163, 188, 0, 24, 0, 96, 0, 0, 0, 158)
6 (1, 4, 127, 0, 0, 23, 0, 134, 1, 0, 0, 4)
7 (1, 4, 0, 0, 0, 0, 0, 185, 0, 0, 0, 179)
8 (1, 4, 0, 0, 0, 0, 0, 168, 0, 0, 0, 191)
9 (1, 4, 0, 0, 0, 0, 26, 98, 0, 0, 0, 149)
10 (1, 4, 0, 0, 0, 0, 58, 0, 0, 0, 0, 197)
11 (1, 4, 0, 0, 0, 0, 65, 0, 0, 0, 0, 29)
12 (1, 4, 22, 0, 0, 73, 168, 0, 1, 0, 0, 18)
13 (1, 4, 43, 72, 327, 0, 23, 0, 1, 0, 0, 39)
14 (1, 4, 0, 0, 0, 0, 18, 0, 0, 0, 0, 9)
15 (1, 4, 0, 0, 39, 30, 22, 0, 0, 0, 0, 188)
16 (1, 4, 12, 59, 4, 6, 33, 0, 1, 0, 0, 244)
17 (1, 4, 0, 117, 11, 15, 24, 0, 0, 0, 0, 215)
18 (1, 4, 0, 226, 41, 14, 44, 0, 0, 0, 0, 16)
19 (1, 4, 0, 274, 122, 2, 46, 0, 1, 0, 0, 255)
20 (1, 4, 354, 356, 242, 0, 21, 0, 1, 0, 0, 137)
21 (1, 4, 873, 15, 245, 0, 0, 0, 0, 0, 0, 184)
22 (1, 4, 873, 0, 158, 5, 0, 0, 0, 0, 0, 104)
23 (1, 4, 873, 0, 81, 44, 13, 0, 0, 0, 0, 110)
24 (1, 4, 612, 0, 120, 85, 66, 0, 0, 0, 0, 99)
25 (1, 4, 13, 202, 354, 37, 50, 5, 0, 0, 0, 73)
26 (1, 4, 0, 262, 694, 0, 7, 10, 0, 0, 0, 172)
27 (1, 4, 218, 454, 873, 0, 0, 120, 1, 1, 0, 160)
28 (1, 4, 335, 2, 741, 0, 0, 95, 1, 1, 0, 32)
29 (1, 4, 0, 202, 449, 0, 0, 16, 1, 1, 0, 59)
30 (1, 4, 312, 17, 0, 0, 0, 75, 1, 1, 0, 63)
31 (1, 4, 612, 0, 100, 0, 7, 48, 1, 0, 0, 47)
0 (1, 4, 7, 32, 3, 0, 11, 33, 0, 0, 0, 25)
1 (1, 4, 0, 47, 0, 0, 13, 25, 1, 1, 0, 185)
2 (1, 4, 0, 64, 0, 0, 10, 24, 1, 1, 0, 254)
3 (1, 4, 0, 55, 0, 0, 2, 28, 1, 1, 0, 104)
4 (1, 4, 0, 0, 0, 0, 4, 20, 1, 1, 0, 50)
5 (1, 4, 0, 34, 0, 0, 0, 23, 1, 0, 0, 115)
6 (1, 4, 30, 60, 0, 0, 0, 31, 1, 1, 0, 35)
7 (1, 4, 509, 126, 0, 0, 0, 58, 1, 1, 0, 141)
8 (1, 4, 464, 0, 41, 0, 0, 36, 0, 0, 0, 2)
9 (1, 4, 269, 0, 0, 0, 0, 22, 0, 0, 0, 37)
10 (1, 4, 103, 0, 0, 0, 0, 8, 0, 0, 0, 240)
11 (1, 4, 154, 0, 0, 0, 0, 3, 0, 0, 0, 129)
12 (1, 4, 256, 0, 0, 0, 0, 0, 0, 0, 0, 124)
13 (1, 4, 192, 72, 0, 0, 0, 1, 0, 0, 0, 13)
14 (1, 4, 354, 0, 0, 0, 0, 32, 1, 0, 0, 237)
15 (1, 4, 215, 297, 0, 0, 26, 10, 1, 0, 0, 142)
16 (1, 4, 0, 632, 0, 0, 0, 33, 0, 0, 0, 94)
17 (1, 4, 92, 420, 0, 0, 0, 9, 1, 0, 0, 244)
18 (1, 4, 307, 141, 0, 0, 0, 0, 1, 0, 0, 246)
19 (1, 4, 395, 17, 0, 0, 0, 0, 0, 0, 0, 223)
20 (1, 4, 327, 0, 0, 0, 0, 11, 0, 0, 0, 83)
21 (1, 4, 144, 36, 0, 0, 0, 67, 1, 0, 0, 210)
22 (1, 4, 0, 0, 0, 0, 0, 122, 0, 0, 0, 26)
23 (1, 4, 0, 0, 0, 0, 0, 146, 0, 0, 0, 158)
24 (1, 4, 0, 0, 0, 0, 3, 95, 1, 0, 0, 248)
25 (1, 4, 0, 0, 0, 0, 70, 0, 0, 0, 0, 117)
26 (1, 4, 0, 0, 0, 0, 70, 0, 0, 0, 0, 117)
27 (1, 4, 78, 0, 0, 94, 196, 0, 1, 0, 0, 148)
28 (1, 4, 41, 27, 77, 0, 0, 0, 0, 0, 0, 64)
29 (1, 4, 0, 0, 0, 6, 51, 0, 0, 0, 0, 63)
30 (1, 4, 0, 0, 0, 21, 18, 0, 1, 0, 0, 255)
31 (1, 4, 0, 41, 12, 9, 31, 0, 0, 0, 0, 147)
0 (1, 4, 0, 52, 23, 12, 24, 0, 0, 0, 0, 93)
1 (1, 4, 14, 56, 45, 23, 29, 0, 0, 0, 0, 198)
2 (1, 4, 14, 86, 69, 17, 17, 0, 1, 0, 0, 56)
3 (1, 4, 42, 61, 80, 25, 7, 0, 0, 0, 0, 86)
4 (1, 4, 10, 2, 0, 28, 0, 0, 0, 0, 0, 12)
5 (1, 4, 18, 0, 0, 34, 9, 0, 0, 0, 0, 237)
6 (1, 4, 12, 0, 0, 31, 28, 0, 0, 0, 0, 195)
7 (1, 4, 15, 0, 0, 27, 30, 0, 0, 0, 0, 95)
8 (1, 4, 21, 0, 0, 16, 23, 0, 0, 0, 0, 178)
9 (1, 4, 138, 0, 26, 9, 0, 0, 0, 0, 0, 12)
10 (1, 4, 355, 0, 77, 0, 0, 0, 0, 0, 0, 173)
11 (1, 4, 789, 0, 141, 0, 0, 0, 0, 0, 0, 41)
12 (1, 4, 873, 0, 212, 0, 0, 0, 0, 0, 0, 99)
13 (1, 4, 873, 0, 180, 0, 0, 0, 0, 0, 0, 102)
14 (1, 4, 653, 0, 246, 0, 2, 29, 0, 0, 0, 178)
15 (1, 4, 222, 179, 455, 0, 0, 71, 1, 0, 0, 170)
16 (1, 4, 2, 218, 451, 0, 0, 66, 1, 1, 0, 70)
17 (1, 4, 0, 219, 258, 0, 0, 67, 0, 0, 0, 167)
18 (1, 4, 0, 81, 0, 0, 0, 61, 0, 0, 0, 27)
19 (1, 4, 0, 79, 0, 0, 0, 40, 0, 0, 0, 7)
20 (1, 4, 0, 171, 0, 0, 0, 47, 0, 0, 0, 142)
21 (1, 4, 0, 54, 5, 0, 0, 34, 0, 0, 0, 184)
22 (1, 4, 39, 0, 0, 0, 0, 28, 0, 0, 0, 223)
23 (1, 4, 46, 0, 0, 0, 0, 21, 0, 0, 0, 148)
24 (1, 4, 22, 0, 2, 0, 0, 25, 0, 0, 0, 115)
25 (1, 4, 7, 0, 1, 0, 0, 29, 0, 0, 0, 83)
26 (1, 4, 0, 4, 0, 0, 0, 28, 0, 0, 0, 232)
27 (1, 4, 3, 0, 0, 0, 0, 27, 0, 0, 0, 51)
28 (1, 4, 0, 0, 0, 0, 0, 29, 0, 0, 0, 237)
29 (1, 4, 0, 0, 0, 0, 0, 27, 0, 0, 0, 33)
30 (1, 4, 0, 19, 0, 0, 0, 29, 0, 0, 0, 84)
31 (1, 4, 0, 14, 3, 0, 0, 32, 0, 0, 0, 96)
0 (1, 4, 0, 711, 0, 0, 0, 0, 1, 0, 0, 81)
1 (1, 4, 0, 873, 0, 0, 0, 0, 1, 0, 0, 115)
2 (1, 4, 173, 765, 0, 0, 0, 0, 1, 0, 0, 184)
3 (1, 4, 302, 637, 0, 0, 0, 0, 1, 0, 0, 188)
4 (1, 4, 396, 333, 0, 0, 0, 24, 0, 0, 0, 162)
5 (1, 4, 365, 26, 0, 0, 0, 51, 0, 0, 0, 223)
6 (1, 4, 259, 0, 0, 0, 0, 80, 1, 0, 0, 154)
7 (1, 4, 0, 0, 0, 0, 0, 132, 0, 0, 0, 129)
8 (1, 4, 0, 0, 0, 0, 0, 117, 0, 0, 0, 227)
9 (1, 4, 0, 0, 0, 0, 93, 6, 1, 0, 0, 20)
10 (1, 4, 0, 0, 0, 0, 91, 0, 1, 0, 0, 201)
11 (1, 4, 0, 0, 0, 91, 246, 0, 1, 0, 0, 80)
12 (1, 4, 137, 0, 0, 0, 0, 0, 1, 0, 0, 119)
13 (1, 4, 0, 0, 0, 10, 37, 0, 1, 0, 0, 77)
14 (1, 4, 92, 0, 0, 5, 17, 0, 1, 0, 0, 162)
15 (1, 4, 0, 20, 2, 4, 20, 0, 1, 0, 0, 146)
16 (1, 4, 86, 90, 31, 8, 13, 0, 1, 0, 0, 232)
17 (1, 4, 0, 82, 18, 4, 28, 0, 1, 0, 0, 24)
18 (1, 4, 29, 119, 50, 16, 15, 0, 1, 0, 0, 104)
19 (1, 4, 50, 128, 74, 13, 21, 0, 1, 0, 0, 202)
20 (1, 4, 0, 152, 80, 9, 26, 0, 0, 0, 0, 120)
21 (1, 4, 182, 141, 160, 0, 16, 0, 1, 0, 0, 93)
22 (1, 4, 436, 74, 153, 0, 15, 0, 1, 0, 0, 70)
23 (1, 4, 843, 0, 130, 0, 0, 0, 0, 0, 0, 77)
24 (1, 4, 873, 0, 101, 28, 0, 0, 0, 0, 0, 244)
25 (1, 4, 873, 0, 98, 60, 0, 0, 1, 0, 0, 154)
26 (1, 4, 873, 0, 52, 88, 0, 22, 0, 0, 0, 82)
27 (1, 4, 313, 231, 231, 53, 17, 74, 0, 0, 0, 225)
28 (1, 4, 170, 187, 313, 15, 0, 114, 1, 0, 0, 180)
29 (1, 4, 130, 189, 344, 0, 0, 121, 0, 0, 0, 110)
30 (1, 4, 39, 143, 316, 0, 0, 119, 0, 0, 0, 57)
31 (1, 4, 0, 54, 198, 0, 0, 114, 0, 0, 0, 159)
0 (1, 4, 0, 0, 0, 0, 0, 83, 0, 0, 0, 142)
1 (1, 4, 0, 315, 0, 0, 0, 42, 0, 0, 0, 161)
2 (1, 4, 0, 472, 0, 0, 0, 26, 1, 0, 0, 41)
3 (1, 4, 0, 635, 0, 0, 0, 0, 1, 0, 0, 154)
4 (1, 4, 0, 711, 0, 0, 0, 0, 2, 1, 0, 156)
5 (1, 4, 0, 838, 0, 0, 0, 0, 1, 0, 0, 0)
6 (1, 4, 138, 801, 0, 0, 0, 0, 1, 0, 0, 58)
7 (1, 4, 172, 684, 0, 0, 0, 19, 1, 0, 0, 84)
8 (1, 4, 328, 77, 0, 0, 0, 88, 0, 0, 0, 166)
9 (1, 4, 178, 0, 0, 0, 0, 118, 1, 0, 0, 201)
10 (1, 4, 0, 0, 0, 0, 0, 102, 0, 0, 0, 86)
11 (1, 4, 0, 0, 0, 0, 0, 23, 0, 0, 0, 190)
12 (1, 4, 0, 0, 0, 0, 69, 0, 1, 0, 0, 156)
13 (1, 4, 0, 0, 0, 0, 142, 0, 2, 1, 0, 53)
14 (1, 4, 229, 82, 227, 66, 44, 0, 0, 0, 0, 23)
15 (1, 4, 0, 0, 0, 0, 22, 0, 1, 0, 0, 136)
16 (1, 4, 0, 0, 0, 12, 20, 0, 0, 0, 0, 156)
17 (1, 4, 0, 0, 0, 11, 5, 0, 1, 0, 0, 95)
18 (1, 4, 0, 14, 0, 10, 22, 0, 1, 0, 0, 74)
19 (1, 4, 0, 54, 0, 17, 24, 0, 0, 0, 0, 198)
20 (1, 4, 6, 120, 73, 9, 29, 0, 0, 0, 0, 35)
21 (1, 4, 213, 175, 171, 0, 9, 0, 1, 0, 0, 148)
22 (1, 4, 644, 45, 233, 0, 0, 0, 0, 0, 0, 149)
23 (1, 4, 873, 0, 210, 0, 0, 0, 0, 0, 0, 18)
24 (1, 4, 873, 0, 73, 0, 0, 0, 2, 2, 0, 137)
25 (1, 4, 873, 0, 14, 26, 25, 0, 1, 1, 0, 128)
26 (1, 4, 379, 324, 111, 27, 35, 94, 0, 0, 0, 72)
27 (1, 4, 47, 334, 187, 0, 0, 125, 0, 0, 0, 129)
28 (1, 4, 180, 254, 215, 0, 0, 150, 0, 0, 0, 84)
29 (1, 4, 0, 284, 246, 0, 0, 125, 0, 0, 0, 30)
30 (1, 4, 0, 36, 202, 0, 0, 369, 0, 0, 0, 62)
31 (1, 4, 0, 0, 0, 0, 0, 50, 0, 0, 0, 181)
0 (1, 4, 0, 698, 0, 0, 0, 0, 1, 0, 0, 173)
1 (1, 4, 172, 323, 0, 0, 0, 0, 1, 0, 0, 56)
2 (1, 4, 238, 282, 0, 0, 0, 0, 1, 0, 0, 73)
3 (1, 4, 253, 63, 0, 0, 0, 29, 1, 0, 0, 96)
4 (1, 4, 112, 0, 0, 0, 0, 58, 0, 0, 0, 241)
5 (1, 4, 0, 0, 0, 0, 0, 62, 1, 0, 0, 72)
6 (1, 4, 0, 0, 0, 31, 0, 25, 0, 0, 0, 202)
7 (1, 4, 0, 0, 0, 0, 22, 7, 0, 0, 0, 249)
8 (1, 4, 0, 0, 0, 0, 87, 0, 1, 0, 0, 235)
9 (1, 4, 0, 0, 0, 59, 163, 0, 2, 1, 0, 164)
10 (1, 4, 256, 100, 62, 0, 5, 0, 1, 0, 0, 83)
11 (1, 4, 0, 0, 0, 0, 0, 0, 1, 0, 0, 28)
12 (1, 4, 0, 0, 0, 16, 24, 0, 1, 0, 0, 175)
13 (1, 4, 0, 4, 0, 8, 11, 0, 1, 0, 0, 116)
14 (1, 4, 0, 18, 0, 12, 29, 0, 1, 0, 0, 74)
15 (1, 4, 0, 71, 21, 14, 24, 0, 1, 0, 0, 214)
16 (1, 4, 0, 88, 36, 7, 17, 0, 1, 0, 0, 76)
17 (1, 4, 364, 46, 137, 0, 0, 0, 1, 0, 0, 7)
18 (1, 4, 873, 0, 188, 0, 0, 0, 1, 0, 0, 184)
19 (1, 4, 873, 0, 107, 0, 0, 0, 2, 1, 0, 229)
20 (1, 4, 873, 0, 43, 0, 4, 0, 3, 2, 0, 34)
21 (1, 4, 826, 0, 105, 37, 27, 13, 1, 1, 0, 18)
22 (1, 4, 250, 385, 245, 0, 5, 119, 0, 0, 0, 7)
23 (1, 4, 74, 232, 187, 0, 0, 150, 0, 0, 0, 138)
24 (1, 4, 0, 246, 198, 0, 0, 136, 0, 0, 0, 243)
25 (1, 4, 0, 315, 146, 0, 0, 130, 0, 0, 0, 193)
26 (1, 4, 0, 29, 0, 0, 0, 90, 0, 0, 0, 6)
27 (1, 4, 276, 0, 36, 0, 0, 24, 0, 0, 0, 61)
28 (1, 4, 41, 169, 101, 0, 4, 32, 0, 0, 0, 143)
29 (1, 4, 0, 83, 63, 0, 0, 94, 0, 0, 0, 44)
30 (1, 4, 54, 0, 0, 0, 0, 48, 0, 0, 0, 15)
31 (1, 4, 41, 2, 12, 0, 0, 55, 0, 0, 0, 41)
0 (1, 4, 68, 119, 0, 0, 0, 77, 0, 0, 0, 232)
1 (1, 4, 0, 536, 0, 0, 0, 54, 0, 0, 0, 223)
2 (1, 4, 0, 671, 0, 0, 0, 17, 1, 0, 0, 12)
3 (1, 4, 0, 766, 0, 0, 0, 0, 1, 0, 0, 244)
4 (1, 4, 0, 726, 0, 0, 0, 0, 0, 0, 0, 231)
5 (1, 4, 113, 605, 0, 0, 0, 0, 1, 0, 0, 79)
6 (1, 4, 277, 222, 0, 0, 0, 10, 1, 0, 0, 124)
7 (1, 4, 263, 0, 0, 0, 0, 40, 0, 0, 0, 29)
8 (1, 4, 325, 0, 0, 0, 0, 97, 0, 0, 0, 248)
9 (1, 4, 0, 0, 0, 0, 13, 11, 1, 0, 0, 203)
10 (1, 4, 0, 0, 0, 0, 24, 0, 0, 0, 0, 58)
11 (1, 4, 0, 0, 0, 0, 105, 0, 1, 0, 0, 179)
12 (1, 4, 0, 0, 0, 0, 0, 0, 1, 0, 0, 28)
13 (1, 4, 216, 0, 0, 6, 117, 0, 1, 0, 0, 90)
14 (1, 4, 0, 62, 87, 0, 2, 0, 1, 0, 0, 40)
15 (1, 4, 30, 0, 0, 0, 41, 0, 1, 0, 0, 29)
16 (1, 4, 0, 0, 0, 4, 10, 0, 1, 0, 0, 83)
17 (1, 4, 19, 27, 0, 8, 29, 0, 1, 0, 0, 194)
18 (1, 4, 11, 41, 8, 6, 24, 0, 0, 0, 0, 98)
19 (1, 4, 20, 48, 19, 9, 28, 0, 1, 0, 0, 227)
20 (1, 4, 13, 10, 2, 8, 21, 0, 1, 0, 0, 76)
21 (1, 4, 41, 51, 33, 11, 25, 0, 0, 0, 0, 50)
22 (1, 4, 83, 65, 79, 5, 12, 0, 1, 0, 0, 178)
23 (1, 4, 173, 94, 52, 4, 0, 0, 1, 0, 0, 205)
24 (1, 4, 388, 0, 23, 0, 0, 0, 0, 0, 0, 203)
25 (1, 4, 623, 0, 23, 0, 0, 0, 0, 0, 0, 244)
26 (1, 4, 812, 0, 59, 0, 0, 0, 0, 0, 0, 113)
27 (1, 4, 873, 0, 56, 0, 0, 0, 0, 0, 0, 117)
28 (1, 4, 873, 0, 116, 34, 0, 0, 0, 0, 0, 187)
29 (1, 4, 418, 0, 163, 12, 0, 43, 0, 0, 0, 175)
30 (1, 4, 165, 72, 209, 0, 0, 58, 0, 0, 0, 106)
31 (1, 4, 123, 96, 159, 0, 0, 69, 0, 0, 0, 203)
0 (1, 4, 191, 179, 0, 0, 0, 55, 2, 0, 0, 201)
1 (1, 4, 0, 526, 0, 0, 0, 38, 1, 0, 0, 184)
2 (1, 4, 0, 733, 0, 0, 0, 32, 0, 0, 0, 45)
3 (1, 4, 0, 723, 0, 0, 0, 10, 1, 0, 0, 185)
4 (1, 4, 102, 546, 0, 0, 0, 14, 1, 0, 0, 50)
5 (1, 4, 226, 423, 0, 0, 0, 5, 0, 0, 0, 183)
6 (1, 4, 293, 228, 0, 0, 0, 37, 1, 0, 0, 126)
7 (1, 4, 219, 0, 0, 0, 0, 81, 1, 0, 0, 75)
8 (1, 4, 0, 0, 0, 0, 0, 86, 0, 0, 0, 36)
9 (1, 4, 0, 0, 0, 0, 30, 5, 0, 0, 0, 129)
10 (1, 4, 0, 0, 0, 0, 30, 0, 1, 0, 0, 73)
11 (1, 4, 137, 0, 0, 0, 62, 0, 0, 0, 0, 77)
12 (1, 4, 0, 0, 0, 41, 157, 0, 0, 0, 0, 154)
13 (1, 4, 114, 0, 212, 1, 0, 0, 1, 0, 0, 154)
14 (1, 4, 0, 0, 0, 0, 20, 0, 0, 0, 0, 24)
15 (1, 4, 0, 0, 0, 4, 0, 0, 0, 0, 0, 2)
16 (1, 4, 6, 5, 4, 0, 0, 0, 1, 0, 0, 9)
17 (1, 4, 0, 52, 0, 7, 5, 0, 0, 0, 0, 192)
18 (1, 4, 14, 102, 17, 9, 14, 0, 0, 0, 0, 0)
19 (1, 4, 58, 111, 54, 16, 13, 0, 1, 0, 0, 251)
20 (1, 4, 38, 184, 97, 22, 25, 0, 1, 0, 0, 247)
21 (1, 4, 159, 228, 164, 0, 13, 0, 0, 0, 0, 65)
22 (1, 4, 469, 112, 217, 0, 0, 0, 1, 0, 0, 41)
23 (1, 4, 873, 0, 205, 0, 0, 0, 0, 0, 0, 52)
24 (1, 4, 873, 0, 222, 15, 0, 0, 0, 0, 0, 85)
25 (1, 4, 873, 0, 257, 39, 0, 16, 0, 0, 0, 230)
26 (1, 4, 721, 0, 263, 48, 24, 53, 0, 0, 0, 50)
27 (1, 4, 279, 79, 257, 25, 16, 82, 0, 0, 0, 247)
28 (1, 4, 240, 172, 367, 0, 0, 113, 0, 0, 0, 134)
29 (1, 4, 110, 220, 356, 0, 0, 125, 1, 0, 0, 253)
30 (1, 4, 0, 220, 282, 0, 0, 122, 0, 0, 0, 33)
31 (1, 4, 0, 106, 212, 0, 0, 105, 0, 0, 0, 27)
0 (1, 4, 0, 731, 0, 0, 0, 17, 1, 0, 0, 85)
1 (1, 4, 0, 663, 0, 0, 0, 8, 1, 0, 0, 89)
2 (1, 4, 118, 417, 0, 0, 0, 27, 0, 0, 0, 56)
3 (1, 4, 133, 245, 0, 0, 0, 37, 1, 0, 0, 122)
4 (1, 4, 8, 150, 0, 0, 0, 74, 1, 0, 0, 173)
5 (1, 4, 0, 0, 0, 6, 0, 81, 0, 0, 0, 117)
6 (1, 4, 0, 0, 0, 0, 0, 66, 0, 0, 0, 130)
7 (1, 4, 0, 0, 0, 0, 26, 0, 2, 0, 0, 12)
8 (1, 4, 0, 0, 0, 0, 58, 0, 0, 0, 0, 197)
9 (1, 4, 0, 0, 0, 0, 62, 0, 0, 0, 0, 38)
10 (1, 4, 0, 0, 0, 23, 84, 0, 3, 0, 0, 14)
11 (1, 4, 0, 14, 4, 0, 6, 0, 0, 0, 0, 53)
12 (1, 4, 0, 0, 1, 0, 1, 0, 0, 0, 0, 147)
13 (1, 4, 0, 0, 0, 0, 3, 0, 3, 0, 0, 83)
14 (1, 4, 0, 64, 25, 0, 14, 0, 0, 0, 0, 122)
15 (1, 4, 0, 47, 15, 0, 16, 0, 0, 0, 0, 209)
16 (1, 4, 0, 143, 91, 0, 25, 0, 2, 0, 0, 180)
17 (1, 4, 23, 189, 121, 0, 31, 0, 1, 0, 0, 214)
18 (1, 4, 120, 295, 266, 0, 29, 0, 0, 0, 0, 149)
19 (1, 4, 674, 67, 225, 0, 2, 0, 1, 0, 0, 31)
20 (1, 4, 873, 62, 190, 0, 0, 0, 1, 0, 0, 48)
21 (1, 4, 873, 0, 147, 11, 0, 0, 0, 0, 0, 164)
22 (1, 4, 873, 0, 121, 45, 0, 0, 0, 0, 0, 104)
23 (1, 4, 789, 0, 23, 92, 89, 17, 1, 0, 0, 219)
24 (1, 4, 32, 401, 301, 47, 7, 108, 0, 0, 0, 3)
25 (1, 4, 126, 321, 449, 0, 0, 111, 0, 0, 0, 137)
26 (1, 4, 0, 230, 210, 0, 0, 129, 1, 0, 0, 228)
27 (1, 4, 60, 0, 0, 0, 0, 116, 0, 0, 0, 83)
28 (1, 4, 0, 97, 155, 0, 0, 102, 0, 0, 0, 43)
0 (1, 4, 199, 245, 0, 0, 0, 23, 1, 0, 0, 36)
1 (1, 4, 58, 653, 0, 0, 0, 0, 2, 0, 0, 225)
2 (1, 4, 0, 563, 0, 0, 0, 9, 0, 0, 0, 253)
3 (1, 4, 30, 576, 0, 0, 0, 5, 1, 0, 0, 76)
4 (1, 4, 148, 461, 0, 0, 0, 53, 2, 0, 0, 20)
5 (1, 4, 117, 271, 0, 0, 0, 78, 0, 0, 0, 209)
6 (1, 4, 0, 0, 0, 0, 0, 123, 0, 0, 0, 197)
7 (1, 4, 0, 0, 0, 0, 0, 46, 2, 0, 0, 61)
8 (1, 4, 0, 0, 0, 0, 48, 0, 0, 0, 0, 246)
9 (1, 4, 0, 0, 0, 0, 96, 0, 0, 0, 0, 105)
10 (1, 4, 103, 0, 0, 0, 97, 0, 4, 0, 0, 251)
11 (1, 4, 6, 0, 0, 23, 45, 0, 0, 0, 0, 166)
12 (1, 4, 0, 17, 0, 16, 20, 0, 0, 0, 0, 59)
13 (1, 4, 0, 0, 0, 7, 11, 0, 3, 0, 0, 207)
14 (1, 4, 0, 66, 0, 16, 23, 0, 1, 0, 0, 232)
15 (1, 4, 0, 96, 21, 14, 16, 0, 0, 0, 0, 181)
16 (1, 4, 0, 149, 21, 16, 18, 0, 1, 0, 0, 38)
17 (1, 4, 0, 138, 55, 20, 22, 0, 2, 0, 0, 30)
18 (1, 4, 0, 160, 61, 18, 18, 0, 0, 0, 0, 244)
19 (1, 4, 69, 117, 132, 0, 22, 0, 1, 0, 0, 215)
20 (1, 4, 645, 0, 238, 0, 2, 0, 2, 0, 0, 86)
21 (1, 4, 873, 0, 245, 0, 0, 0, 0, 0, 0, 9)
22 (1, 4, 873, 0, 96, 24, 0, 0, 1, 1, 0, 75)
23 (1, 4, 873, 0, 0, 55, 18, 0, 2, 1, 0, 211)
24 (1, 4, 567, 318, 0, 55, 72, 98, 0, 0, 0, 240)
25 (1, 4, 118, 548, 416, 12, 21, 119, 0, 0, 0, 204)
26 (1, 4, 202, 330, 335, 0, 0, 140, 0, 0, 0, 220)
27 (1, 4, 157, 322, 335, 0, 0, 134, 0, 0, 0, 127)
28 (1, 4, 0, 182, 137, 0, 0, 108, 0, 0, 0, 201)
29 (1, 4, 181, 173, 168, 0, 0, 162, 0, 0, 0, 68)
30 (1, 4, 33, 20, 21, 0, 6, 131, 0, 0, 0, 68)
31 (1, 4, 0, 0, 0, 0, 32, 54, 0, 0, 0, 205)
0 (1, 4, 310, 441, 0, 0, 0, 0, 1, 0, 0, 92)
1 (1, 4, 362, 241, 0, 0, 0, 12, 2, 0, 0, 145)
2 (1, 4, 274, 76, 0, 0, 0, 81, 0, 0, 0, 35)
3 (1, 4, 35, 0, 0, 0, 0, 160, 0, 0, 0, 128)
4 (1, 4, 0, 0, 0, 0, 25, 115, 2, 0, 0, 214)
5 (1, 4, 0, 0, 0, 0, 99, 0, 1, 0, 0, 128)
6 (1, 4, 0, 0, 0, 0, 8, 0, 0, 0, 0, 191)
7 (1, 4, 10, 0, 0, 1, 156, 0, 2, 0, 0, 90)
8 (1, 4, 0, 0, 0, 21, 18, 0, 1, 0, 0, 255)
9 (1, 4, 0, 0, 0, 4, 30, 0, 0, 0, 0, 87)
10 (1, 4, 0, 0, 0, 0, 0, 0, 1, 0, 0, 28)
11 (1, 4, 14, 39, 0, 10, 16, 0, 1, 0, 0, 203)
12 (1, 4, 0, 71, 0, 4, 9, 0, 0, 0, 0, 59)
13 (1, 4, 23, 137, 36, 9, 28, 0, 1, 0, 0, 49)
14 (1, 4, 0, 154, 49, 13, 16, 0, 2, 0, 0, 15)
15 (1, 4, 0, 200, 105, 8, 35, 0, 0, 0, 0, 28)
16 (1, 4, 166, 191, 219, 0, 21, 0, 0, 0, 0, 246)
17 (1, 4, 614, 0, 292, 0, 0, 0, 3, 0, 0, 75)
18 (1, 4, 873, 0, 252, 1, 0, 0, 0, 0, 0, 62)
19 (1, 4, 873, 0, 96, 33, 0, 0, 0, 0, 0, 187)
20 (1, 4, 873, 0, 0, 66, 48, 0, 1, 0, 0, 73)
21 (1, 4, 399, 401, 74, 33, 40, 87, 0, 0, 0, 212)
22 (1, 4, 270, 390, 303, 0, 10, 116, 0, 0, 0, 240)
23 (1, 4, 227, 349, 311, 0, 5, 134, 1, 0, 0, 107)
24 (1, 4, 116, 295, 237, 0, 0, 127, 0, 0, 0, 129)
25 (1, 4, 0, 134, 96, 0, 12, 125, 0, 0, 0, 152)
26 (1, 4, 30, 183, 224, 0, 0, 191, 1, 0, 0, 253)
27 (1, 4, 0, 0, 0, 0, 0, 76, 0, 0, 0, 164)
28 (1, 4, 0, 0, 0, 0, 21, 54, 0, 0, 0, 223)
29 (1, 4, 135, 65, 83, 0, 7, 57, 0, 0, 0, 103)
30 (1, 4, 107, 83, 97, 0, 8, 87, 1, 0, 0, 223)
31 (1, 4, 6, 0, 12, 0, 24, 78, 0, 0, 0, 159)
0 (1, 4, 0, 0, 0, 0, 16, 73, 0, 0, 0, 139)
1 (1, 4, 0, 4, 2, 0, 12, 69, 0, 0, 0, 70)
2 (1, 4, 0, 0, 0, 0, 8, 74, 0, 0, 0, 169)
3 (1, 4, 0, 21, 0, 0, 5, 89, 0, 0, 0, 73)
4 (1, 4, 0, 14, 0, 0, 0, 94, 0, 0, 0, 202)
5 (1, 4, 0, 0, 0, 0, 0, 91, 1, 0, 0, 6)
6 (1, 4, 0, 0, 0, 0, 0, 81, 0, 0, 0, 55)
7 (1, 4, 11, 0, 0, 0, 0, 72, 0, 0, 0, 179)
8 (1, 4, 54, 0, 0, 0, 0, 55, 1, 0, 0, 126)
9 (1, 4, 113, 25, 52, 0, 0, 51, 0, 0, 0, 114)
10 (1, 4, 185, 328, 208, 0, 0, 41, 0, 0, 0, 6)
11 (1, 4, 124, 513, 0, 0, 0, 48, 2, 0, 0, 86)
12 (1, 4, 242, 32, 0, 0, 0, 18, 1, 0, 0, 19)
13 (1, 4, 0, 723, 0, 0, 0, 18, 0, 0, 0, 226)
14 (1, 4, 73, 420, 0, 0, 0, 59, 2, 0, 0, 79)
15 (1, 4, 133, 315, 0, 0, 0, 24, 1, 0, 0, 43)
16 (1, 4, 100, 161, 0, 0, 0, 89, 1, 0, 0, 191)
17 (1, 4, 0, 0, 0, 0, 0, 126, 1, 0, 0, 13)
18 (1, 4, 0, 0, 0, 0, 0, 95, 0, 0, 0, 17)
19 (1, 4, 0, 0, 0, 0, 0, 46, 1, 0, 0, 155)
20 (1, 4, 0, 0, 0, 0, 86, 0, 1, 0, 0, 146)
21 (1, 4, 0, 0, 0, 0, 75, 0, 0, 0, 0, 46)
22 (1, 4, 33, 0, 0, 0, 101, 0, 1, 0, 0, 88)
23 (1, 4, 0, 0, 0, 6, 79, 0, 2, 0, 0, 75)
24 (1, 4, 0, 95, 7, 0, 19, 0, 0, 0, 0, 198)
25 (1, 4, 0, 34, 0, 0, 32, 0, 1, 0, 0, 190)
26 (1, 4, 0, 138, 44, 0, 28, 0, 3, 0, 0, 188)
27 (1, 4, 13, 232, 78, 0, 28, 0, 0, 0, 0, 90)
28 (1, 4, 0, 296, 157, 0, 47, 0, 0, 0, 0, 182)
29 (1, 4, 183, 277, 255, 0, 16, 0, 4, 0, 0, 85)
30 (1, 4, 842, 57, 249, 0, 0, 0, 0, 0, 0, 155)
31 (1, 4, 873, 0, 192, 0, 0, 0, 0, 0, 0, 66)
0 (1, 4, 0, 0, 0, 0, 0, 80, 0, 0, 0, 232)
1 (1, 4, 0, 85, 0, 0, 0, 79, 1, 0, 0, 45)
2 (1, 4, 78, 143, 0, 0, 0, 83, 0, 0, 0, 227)
3 (1, 4, 0, 226, 0, 0, 0, 63, 0, 0, 0, 216)
4 (1, 4, 0, 391, 0, 0, 0, 44, 2, 0, 0, 98)
5 (1, 4, 0, 495, 0, 0, 0, 16, 1, 0, 0, 219)
6 (1, 4, 0, 655, 0, 0, 0, 5, 0, 0, 0, 169)
7 (1, 4, 67, 538, 0, 0, 0, 31, 1, 0, 0, 223)
8 (1, 4, 118, 290, 0, 0, 0, 47, 1, 0, 0, 132)
9 (1, 4, 0, 147, 0, 0, 0, 56, 0, 0, 0, 94)
10 (1, 4, 0, 0, 0, 0, 0, 83, 1, 0, 0, 236)
11 (1, 4, 0, 0, 0, 0, 0, 30, 1, 0, 0, 233)
12 (1, 4, 0, 0, 0, 0, 64, 0, 0, 0, 0, 100)
13 (1, 4, 0, 0, 0, 0, 102, 0, 1, 0, 0, 26)
14 (1, 4, 72, 0, 0, 0, 119, 0, 2, 0, 0, 185)
15 (1, 4, 28, 0, 8, 20, 97, 0, 0, 0, 0, 143)
16 (1, 4, 51, 77, 33, 3, 39, 0, 3, 0, 0, 156)
17 (1, 4, 0, 93, 47, 6, 10, 0, 0, 0, 0, 150)
18 (1, 4, 21, 84, 24, 14, 27, 0, 0, 0, 0, 38)
19 (1, 4, 33, 143, 84, 2, 47, 0, 4, 0, 0, 200)
20 (1, 4, 257, 157, 198, 0, 20, 0, 0, 0, 0, 211)
21 (1, 4, 859, 45, 274, 0, 4, 0, 0, 0, 0, 131)
22 (1, 4, 873, 0, 246, 0, 0, 0, 1, 0, 0, 208)
23 (1, 4, 873, 0, 134, 37, 0, 0, 0, 0, 0, 66)
24 (1, 4, 873, 0, 0, 61, 67, 0, 1, 1, 0, 85)
25 (1, 4, 0, 466, 17, 41, 134, 71, 1, 0, 0, 225)
26 (1, 4, 0, 392, 402, 0, 0, 126, 0, 0, 0, 196)
27 (1, 4, 499, 319, 544, 0, 15, 137, 0, 0, 0, 112)
28 (1, 4, 0, 340, 375, 0, 29, 120, 1, 1, 0, 107)
29 (1, 4, 68, 157, 257, 0, 0, 124, 0, 0, 0, 18)
30 (1, 4, 82, 96, 125, 0, 0, 191, 0, 0, 0, 71)
31 (1, 4, 0, 0, 0, 0, 49, 65, 0, 0, 0, 21)
0 (1, 4, 264, 649, 0, 0, 0, 0, 1, 0, 0, 164)
1 (1, 4, 83, 456, 0, 0, 0, 0, 0, 0, 0, 209)
2 (1, 4, 63, 624, 0, 0, 0, 0, 0, 0, 0, 238)
3 (1, 4, 220, 364, 0, 0, 0, 13, 1, 0, 0, 165)
4 (1, 4, 257, 208, 0, 0, 0, 0, 0, 0, 0, 145)
5 (1, 4, 206, 172, 0, 0, 0, 36, 0, 0, 0, 200)
6 (1, 4, 128, 0, 0, 0, 0, 71, 0, 0, 0, 61)
7 (1, 4, 0, 0, 0, 0, 0, 70, 1, 0, 0, 149)
8 (1, 4, 0, 0, 0, 0, 13, 29, 0, 0, 0, 182)
9 (1, 4, 0, 0, 0, 0, 55, 0, 0, 0, 0, 158)
10 (1, 4, 0, 0, 0, 0, 97, 0, 2, 0, 0, 212)
11 (1, 4, 64, 0, 0, 17, 116, 0, 0, 0, 0, 110)
12 (1, 4, 0, 56, 60, 27, 35, 0, 0, 0, 0, 165)
13 (1, 4, 0, 0, 0, 3, 20, 0, 3, 0, 0, 159)
14 (1, 4, 0, 13, 0, 21, 7, 0, 0, 0, 0, 94)
15 (1, 4, 31, 69, 16, 24, 18, 0, 0, 0, 0, 47)
16 (1, 4, 0, 137, 21, 15, 19, 0, 3, 0, 0, 193)
17 (1, 4, 70, 120, 87, 1, 34, 0, 0, 0, 0, 193)
18 (1, 4, 342, 108, 200, 0, 14, 0, 0, 0, 0, 127)
19 (1, 4, 828, 0, 213, 0, 0, 0, 1, 0, 0, 202)
20 (1, 4, 873, 0, 148, 6, 0, 0, 0, 0, 0, 218)
21 (1, 4, 873, 0, 17, 29, 0, 0, 0, 0, 0, 207)
22 (1, 4, 873, 81, 0, 47, 1, 0, 0, 0, 0, 42)
23 (1, 4, 583, 307, 0, 34, 59, 50, 0, 0, 0, 153)
24 (1, 4, 192, 375, 108, 0, 47, 107, 0, 0, 0, 14)
25 (1, 4, 276, 356, 254, 0, 32, 119, 0, 0, 0, 181)
26 (1, 4, 201, 447, 369, 0, 38, 133, 0, 0, 0, 229)
27 (1, 4, 28, 376, 409, 0, 38, 118, 0, 0, 0, 188)
28 (1, 4, 0, 313, 338, 0, 13, 86, 0, 0, 0, 201)
29 (1, 4, 107, 324, 362, 0, 0, 186, 0, 0, 0, 142)
0 (1, 4, 0, 483, 0, 0, 0, 0, 0, 0, 0, 3)
1 (1, 4, 32, 649, 0, 0, 0, 0, 1, 0, 0, 17)
2 (1, 4, 210, 486, 0, 0, 0, 5, 0, 0, 0, 166)
3 (1, 4, 187, 407, 0, 0, 0, 19, 0, 0, 0, 28)
4 (1, 4, 159, 219, 0, 0, 0, 49, 1, 0, 0, 150)
5 (1, 4, 154, 0, 0, 0, 0, 74, 0, 0, 0, 241)
6 (1, 4, 0, 0, 0, 0, 0, 74, 0, 0, 0, 104)
7 (1, 4, 0, 0, 0, 0, 39, 0, 2, 0, 0, 223)
8 (1, 4, 0, 0, 0, 0, 63, 0, 0, 0, 0, 95)
9 (1, 4, 75, 0, 0, 0, 42, 0, 0, 0, 0, 171)
10 (1, 4, 0, 0, 0, 0, 115, 0, 2, 0, 0, 163)
11 (1, 4, 0, 0, 16, 15, 35, 0, 0, 0, 0, 34)
12 (1, 4, 0, 91, 25, 5, 31, 0, 0, 0, 0, 239)
13 (1, 4, 0, 94, 36, 17, 15, 0, 1, 0, 0, 27)
14 (1, 4, 17, 187, 92, 16, 26, 0, 1, 0, 0, 28)
15 (1, 4, 0, 219, 114, 3, 24, 0, 0, 0, 0, 198)
16 (1, 4, 438, 137, 275, 0, 12, 0, 0, 0, 0, 214)
17 (1, 4, 854, 0, 311, 0, 0, 0, 1, 0, 0, 110)
18 (1, 4, 873, 0, 289, 15, 0, 0, 0, 0, 0, 218)
19 (1, 4, 873, 0, 65, 50, 0, 0, 0, 0, 0, 7)
20 (1, 4, 789, 173, 0, 71, 115, 1, 1, 0, 0, 157)
21 (1, 4, 0, 606, 291, 3, 60, 94, 0, 0, 0, 118)
22 (1, 4, 300, 411, 523, 0, 0, 123, 0, 0, 0, 27)
23 (1, 4, 303, 366, 472, 0, 31, 108, 1, 0, 0, 224)
24 (1, 4, 13, 303, 262, 0, 23, 112, 0, 0, 0, 88)
25 (1, 4, 20, 174, 283, 0, 25, 93, 0, 0, 0, 175)
26 (1, 4, 0, 157, 192, 0, 2, 72, 1, 0, 0, 247)
27 (1, 4, 34, 31, 30, 0, 1, 78, 0, 0, 0, 221)
28 (1, 4, 0, 0, 0, 0, 41, 74, 0, 0, 0, 221)
29 (1, 4, 0, 0, 0, 0, 51, 44, 0, 0, 0, 67)
0 (1, 4, 0, 172, 0, 0, 7, 29, 0, 0, 0, 47)
1 (1, 4, 0, 266, 0, 0, 0, 47, 1, 0, 0, 127)
2 (1, 4, 142, 0, 0, 0, 0, 35, 0, 0, 0, 248)
3 (1, 4, 0, 227, 0, 0, 0, 20, 0, 0, 0, 64)
4 (1, 4, 0, 401, 0, 0, 0, 4, 1, 0, 0, 89)
5 (1, 4, 0, 515, 0, 0, 0, 29, 1, 0, 0, 154)
6 (1, 4, 25, 290, 0, 0, 0, 65, 0, 0, 0, 48)
7 (1, 4, 60, 0, 0, 0, 0, 112, 0, 0, 0, 38)
8 (1, 4, 0, 0, 0, 0, 0, 83, 1, 0, 0, 236)
9 (1, 4, 0, 0, 0, 0, 10, 21, 0, 0, 0, 52)
10 (1, 4, 0, 0, 0, 0, 88, 0, 0, 0, 0, 32)
11 (1, 4, 0, 0, 0, 0, 85, 0, 2, 0, 0, 191)
12 (1, 4, 33, 0, 0, 5, 130, 0, 0, 0, 0, 18)
13 (1, 4, 0, 0, 0, 25, 60, 0, 0, 0, 0, 196)
14 (1, 4, 0, 30, 33, 8, 38, 0, 3, 0, 0, 51)
15 (1, 4, 0, 31, 16, 17, 22, 0, 0, 0, 0, 173)
16 (1, 4, 0, 165, 70, 14, 34, 0, 3, 0, 0, 187)
17 (1, 4, 39, 207, 128, 0, 33, 0, 0, 0, 0, 37)
18 (1, 4, 225, 178, 192, 0, 26, 0, 0, 0, 0, 88)
19 (1, 4, 652, 46, 212, 0, 3, 0, 1, 0, 0, 35)
20 (1, 4, 873, 0, 175, 0, 0, 0, 0, 0, 0, 30)
21 (1, 4, 873, 0, 0, 27, 0, 0, 0, 0, 0, 102)
22 (1, 4, 873, 132, 0, 81, 43, 0, 1, 0, 0, 139)
23 (1, 4, 372, 501, 138, 48, 66, 75, 1, 0, 0, 126)
24 (1, 4, 198, 453, 369, 0, 3, 131, 0, 0, 0, 26)
25 (1, 4, 71, 195, 210, 0, 0, 139, 1, 0, 0, 185)
26 (1, 4, 120, 204, 234, 0, 0, 140, 1, 0, 0, 91)
27 (1, 4, 148, 206, 299, 0, 0, 112, 0, 0, 0, 166)
28 (1, 4, 130, 167, 237, 0, 0, 98, 0, 0, 0, 105)
29 (1, 4, 0, 0, 0, 0, 44, 58, 0, 0, 0, 112)
0 (1, 4, 40, 0, 71, 0, 0, 68, 0, 0, 0, 231)
1 (1, 4, 45, 280, 148, 0, 0, 52, 1, 0, 0, 125)
2 (1, 4, 0, 417, 0, 0, 0, 16, 0, 0, 0, 62)
3 (1, 4, 0, 575, 0, 0, 0, 4, 0, 0, 0, 212)
4 (1, 4, 0, 619, 0, 0, 0, 0, 1, 0, 0, 251)
5 (1, 4, 0, 708, 0, 0, 0, 0, 0, 0, 0, 235)
6 (1, 4, 218, 428, 0, 0, 0, 11, 0, 0, 0, 173)
7 (1, 4, 202, 269, 0, 0, 0, 55, 1, 0, 0, 180)
8 (1, 4, 93, 0, 0, 0, 0, 74, 0, 0, 0, 71)
9 (1, 4, 4, 0, 0, 0, 0, 95, 0, 0, 0, 41)
10 (1, 4, 0, 0, 0, 2, 0, 55, 1, 0, 0, 67)
11 (1, 4, 0, 0, 0, 0, 1, 0, 0, 0, 0, 7)
12 (1, 4, 0, 0, 0, 0, 35, 0, 0, 0, 0, 248)
13 (1, 4, 0, 0, 0, 0, 91, 0, 2, 0, 0, 111)
14 (1, 4, 48, 0, 0, 13, 86, 0, 0, 0, 0, 76)
15 (1, 4, 44, 30, 7, 8, 51, 0, 0, 0, 0, 138)
16 (1, 4, 0, 75, 0, 15, 23, 0, 1, 0, 0, 188)
17 (1, 4, 0, 84, 23, 22, 21, 0, 0, 0, 0, 118)
18 (1, 4, 0, 133, 47, 20, 24, 0, 1, 0, 0, 26)
19 (1, 4, 52, 161, 95, 1, 34, 0, 1, 0, 0, 72)
20 (1, 4, 481, 130, 213, 0, 8, 0, 0, 0, 0, 59)
21 (1, 4, 873, 0, 246, 0, 0, 0, 0, 0, 0, 178)
22 (1, 4, 873, 0, 95, 20, 0, 0, 1, 0, 0, 124)
23 (1, 4, 873, 0, 0, 55, 0, 0, 0, 0, 0, 11)
24 (1, 4, 769, 294, 0, 74, 75, 7, 0, 0, 0, 182)
25 (1, 4, 258, 531, 256, 2, 43, 107, 1, 0, 0, 58)
26 (1, 4, 277, 424, 356, 0, 14, 113, 0, 0, 0, 1)
27 (1, 4, 304, 459, 304, 0, 21, 138, 0, 0, 0, 77)
28 (1, 4, 0, 173, 88, 0, 25, 110, 0, 0, 0, 166)
29 (1, 4, 28, 220, 293, 0, 0, 107, 0, 0, 0, 93)
0 (1, 4, 3, 13, 92, 0, 21, 65, 0, 0, 0, 83)
1 (1, 4, 0, 0, 0, 0, 20, 82, 0, 0, 0, 55)
2 (1, 4, 0, 0, 0, 0, 8, 63, 0, 0, 0, 52)
3 (1, 4, 0, 174, 0, 0, 0, 78, 2, 0, 0, 30)
4 (1, 4, 0, 186, 0, 0, 0, 81, 0, 0, 0, 75)
5 (1, 4, 0, 406, 0, 0, 0, 43, 0, 0, 0, 97)
6 (1, 4, 0, 754, 0, 0, 0, 3, 1, 0, 0, 251)
7 (1, 4, 0, 774, 0, 0, 0, 18, 0, 0, 0, 139)
8 (1, 4, 49, 469, 0, 0, 0, 65, 0, 0, 0, 164)
9 (1, 4, 145, 28, 0, 0, 0, 82, 1, 0, 0, 192)
10 (1, 4, 102, 0, 0, 0, 0, 100, 0, 0, 0, 133)
11 (1, 4, 0, 0, 0, 0, 0, 64, 0, 0, 0, 59)
12 (1, 4, 0, 0, 0, 0, 19, 0, 1, 0, 0, 18)
13 (1, 4, 0, 0, 0, 0, 52, 0, 1, 0, 0, 119)
14 (1, 4, 205, 0, 0, 0, 54, 0, 0, 0, 0, 61)
15 (1, 4, 0, 0, 0, 19, 118, 0, 1, 0, 0, 73)
16 (1, 4, 0, 108, 44, 19, 18, 0, 0, 0, 0, 235)
17 (1, 4, 0, 145, 13, 22, 13, 0, 0, 0, 0, 51)
18 (1, 4, 0, 85, 26, 26, 12, 0, 3, 0, 0, 170)
19 (1, 4, 23, 101, 63, 21, 15, 0, 0, 0, 0, 127)
20 (1, 4, 94, 108, 106, 4, 12, 0, 0, 0, 0, 163)
21 (1, 4, 509, 18, 236, 0, 2, 0, 3, 0, 0, 207)
22 (1, 4, 873, 0, 298, 0, 0, 0, 0, 0, 0, 120)
23 (1, 4, 873, 0, 305, 26, 0, 0, 0, 0, 0, 49)
24 (1, 4, 873, 0, 225, 42, 0, 0, 1, 0, 0, 101)
25 (1, 4, 873, 164, 121, 29, 49, 33, 0, 0, 0, 224)
26 (1, 4, 194, 403, 194, 0, 44, 100, 0, 0, 0, 56)
27 (1, 4, 214, 309, 280, 0, 1, 133, 1, 0, 0, 170)
28 (1, 4, 209, 209, 328, 0, 40, 113, 0, 0, 0, 100)
29 (1, 4, 5, 226, 316, 0, 27, 108, 0, 0, 0, 239)
0 (1, 4, 0, 0, 0, 0, 3, 82, 0, 0, 0, 218)
1 (1, 4, 0, 0, 0, 0, 16, 68, 0, 0, 0, 203)
2 (1, 4, 0, 124, 0, 0, 0, 75, 1, 0, 0, 156)
3 (1, 4, 0, 180, 0, 0, 0, 63, 0, 0, 0, 141)
4 (1, 4, 0, 497, 0, 0, 0, 30, 0, 0, 0, 250)
5 (1, 4, 0, 639, 0, 0, 0, 13, 1, 0, 0, 0)
6 (1, 4, 0, 682, 0, 0, 0, 0, 0, 0, 0, 174)
7 (1, 4, 29, 565, 0, 0, 0, 3, 0, 0, 0, 191)
8 (1, 4, 95, 376, 0, 0, 0, 48, 1, 0, 0, 43)
9 (1, 4, 141, 0, 0, 0, 0, 142, 0, 0, 0, 129)
10 (1, 4, 0, 0, 0, 0, 0, 90, 0, 0, 0, 187)
11 (1, 4, 0, 0, 0, 0, 0, 6, 0, 0, 0, 178)
12 (1, 4, 0, 0, 0, 0, 14, 0, 1, 0, 0, 204)
13 (1, 4, 0, 0, 0, 0, 84, 0, 0, 0, 0, 2)
14 (1, 4, 29, 0, 0, 0, 92, 0, 0, 0, 0, 101)
15 (1, 4, 0, 0, 0, 28, 38, 0, 2, 0, 0, 213)
16 (1, 4, 0, 41, 26, 18, 16, 0, 0, 0, 0, 26)
17 (1, 4, 0, 30, 11, 25, 12, 0, 3, 0, 0, 136)
18 (1, 4, 22, 43, 36, 23, 12, 0, 0, 0, 0, 59)
19 (1, 4, 0, 48, 20, 25, 20, 0, 0, 0, 0, 138)
20 (1, 4, 49, 67, 79, 9, 20, 0, 3, 0, 0, 137)
21 (1, 4, 226, 89, 152, 0, 18, 0, 0, 0, 0, 152)
22 (1, 4, 409, 54, 164, 0, 0, 0, 0, 0, 0, 178)
23 (1, 4, 873, 0, 178, 0, 0, 0, 1, 0, 0, 117)
24 (1, 4, 873, 0, 130, 23, 0, 0, 0, 0, 0, 60)
25 (1, 4, 873, 0, 0, 52, 0, 0, 0, 0, 0, 42)
26 (1, 4, 616, 235, 0, 74, 121, 18, 1, 0, 0, 94)
27 (1, 4, 32, 610, 363, 0, 14, 131, 1, 1, 0, 50)
28 (1, 4, 225, 306, 358, 0, 0, 146, 0, 1, 0, 162)
29 (1, 4, 62, 304, 309, 0, 0, 117, 1, 1, 0, 201)
30 (1, 4, 11, 252, 310, 0, 0, 112, 1, 1, 0, 199)
31 (1, 4, 0, 66, 114, 0, 0, 80, 0, 0, 0, 83)
0 (1, 4, 179, 160, 108, 0, 0, 82, 0, 0, 0, 85)
1 (1, 4, 0, 164, 0, 0, 4, 68, 1, 0, 0, 214)
2 (1, 4, 0, 167, 0, 0, 0, 39, 0, 0, 0, 13)
3 (1, 4, 0, 266, 0, 0, 0, 18, 0, 0, 0, 47)
4 (1, 4, 0, 533, 0, 0, 0, 0, 1, 0, 0, 223)
5 (1, 4, 0, 664, 0, 0, 0, 0, 1, 0, 0, 2)
6 (1, 4, 90, 479, 0, 0, 0, 5, 0, 0, 0, 102)
7 (1, 4, 236, 273, 0, 0, 0, 25, 0, 0, 0, 186)
8 (1, 4, 200, 118, 0, 0, 0, 56, 1, 0, 0, 255)
9 (1, 4, 31, 0, 0, 0, 0, 88, 0, 0, 0, 184)
10 (1, 4, 0, 0, 0, 0, 0, 88, 0, 0, 0, 2)
11 (1, 4, 0, 0, 0, 0, 0, 46, 1, 0, 0, 155)
12 (1, 4, 0, 0, 0, 0, 54, 0, 0, 0, 0, 231)
13 (1, 4, 0, 0, 0, 0, 67, 0, 0, 0, 0, 239)
14 (1, 4, 14, 0, 0, 0, 140, 0, 2, 0, 0, 248)
15 (1, 4, 0, 0, 29, 31, 62, 0, 0, 0, 0, 125)
16 (1, 4, 0, 51, 16, 18, 27, 0, 0, 0, 0, 124)
17 (1, 4, 11, 32, 10, 21, 24, 0, 2, 0, 0, 89)
18 (1, 4, 5, 112, 40, 22, 34, 0, 1, 0, 0, 2)
19 (1, 4, 10, 171, 83, 4, 38, 0, 0, 0, 0, 229)
20 (1, 4, 316, 151, 219, 0, 30, 0, 1, 0, 0, 52)
21 (1, 4, 686, 56, 339, 0, 10, 0, 1, 0, 0, 223)
22 (1, 4, 873, 0, 320, 2, 0, 0, 0, 0, 0, 208)
23 (1, 4, 873, 0, 222, 24, 0, 0, 0, 0, 0, 255)
24 (1, 4, 873, 0, 77, 40, 0, 0, 0, 0, 0, 212)
25 (1, 4, 862, 190, 32, 53, 73, 58, 0, 0, 0, 227)
26 (1, 4, 167, 379, 261, 3, 50, 96, 0, 0, 0, 0)
27 (1, 4, 380, 373, 468, 0, 13, 125, 1, 0, 0, 8)
28 (1, 4, 381, 416, 481, 0, 51, 112, 0, 1, 0, 208)
29 (1, 4, 4, 384, 286, 0, 56, 113, 0, 0, 0, 236)
30 (1, 4, 0, 257, 226, 0, 12, 76, 1, 0, 0, 111)
31 (1, 4, 82, 8, 96, 0, 0, 120, 0, 0, 0, 96)
0 (1, 4, 0, 7, 0, 0, 45, 59, 0, 0, 0, 212)
1 (1, 4, 0, 0, 0, 0, 44, 47, 0, 0, 0, 9)
2 (1, 4, 0, 0, 0, 0, 38, 50, 1, 0, 0, 203)
3 (1, 4, 26, 0, 1, 0, 39, 50, 0, 0, 0, 200)
4 (1, 4, 25, 0, 0, 0, 47, 53, 0, 0, 0, 156)
5 (1, 4, 3, 0, 0, 0, 44, 54, 1, 0, 0, 159)
6 (1, 4, 0, 0, 0, 0, 41, 56, 0, 0, 0, 83)
7 (1, 4, 0, 20, 0, 0, 40, 55, 0, 0, 0, 104)
8 (1, 4, 0, 20, 0, 0, 33, 58, 1, 0, 0, 242)
9 (1, 4, 0, 0, 0, 0, 27, 64, 0, 0, 0, 244)
10 (1, 4, 10, 0, 0, 0, 19, 77, 0, 0, 0, 25)
11 (1, 4, 0, 0, 0, 0, 50, 84, 1, 0, 0, 133)
12 (1, 4, 0, 0, 0, 0, 21, 90, 0, 0, 0, 164)
13 (1, 4, 0, 14, 0, 0, 0, 66, 0, 0, 0, 134)
14 (1, 4, 38, 216, 0, 0, 0, 37, 1, 0, 0, 164)
15 (1, 4, 56, 540, 0, 0, 0, 6, 1, 0, 0, 66)
16 (1, 4, 0, 719, 0, 0, 0, 0, 0, 0, 0, 128)
17 (1, 4, 78, 715, 0, 0, 0, 0, 0, 0, 0, 135)
18 (1, 4, 196, 437, 0, 0, 0, 0, 1, 0, 0, 144)
19 (1, 4, 308, 124, 0, 0, 0, 31, 0, 0, 0, 0)
20 (1, 4, 337, 0, 0, 0, 0, 89, 0, 0, 0, 184)
21 (1, 4, 0, 0, 0, 0, 0, 77, 1, 0, 0, 25)
22 (1, 4, 0, 0, 0, 0, 32, 38, 0, 0, 0, 30)
23 (1, 4, 0, 0, 0, 0, 82, 0, 0, 0, 0, 19)
24 (1, 4, 0, 0, 0, 0, 84, 0, 2, 0, 0, 198)
25 (1, 4, 24, 0, 0, 0, 79, 0, 1, 1, 0, 84)
26 (1, 4, 5, 0, 8, 10, 72, 0, 0, 0, 0, 233)
27 (1, 4, 0, 53, 17, 4, 19, 0, 2, 0, 0, 239)
28 (1, 4, 0, 58, 23, 4, 20, 0, 0, 0, 0, 131)
29 (1, 4, 0, 121, 34, 13, 25, 0, 0, 0, 0, 47)
30 (1, 4, 41, 200, 101, 4, 34, 0, 1, 0, 0, 216)
31 (1, 4, 246, 164, 165, 0, 16, 0, 1, 0, 0, 218)

