1 (1, 4, 25, 37, 0, 37, 24, 62, 0, 0, 0, 215)
2 (1, 4, 0, 60, 21, 54, 23, 78, 0, 0, 0, 211)
3 (1, 4, 0, 83, 74, 64, 23, 88, 0, 0, 0, 104)
4 (1, 4, 0, 79, 107, 54, 16, 97, 0, 0, 0, 172)
5 (1, 4, 0, 78, 129, 57, 7, 91, 0, 0, 0, 23)
6 (1, 4, 0, 134, 145, 45, 8, 81, 0, 0, 0, 40)
7 (1, 4, 0, 204, 219, 37, 0, 64, 0, 0, 0, 40)
8 (1, 4, 0, 327, 250, 26, 0, 64, 0, 0, 0, 118)
9 (1, 4, 0, 481, 316, 0, 0, 73, 0, 0, 0, 32)
10 (1, 4, 0, 524, 281, 0, 0, 92, 0, 0, 0, 217)
11 (1, 4, 0, 275, 176, 0, 0, 112, 0, 0, 0, 101)
12 (1, 4, 0, 346, 359, 0, 0, 94, 0, 0, 0, 170)
13 (1, 4, 0, 349, 312, 0, 0, 97, 0, 0, 0, 254)
14 (1, 4, 0, 233, 165, 0, 0, 102, 0, 0, 0, 213)
15 (1, 4, 0, 0, 0, 0, 0, 91, 0, 0, 0, 100)
16 (1, 4, 0, 0, 0, 0, 0, 89, 0, 0, 0, 221)
17 (1, 4, 12, 0, 0, 0, 0, 17, 0, 1, 0, 81)
18 (1, 4, 0, 2, 0, 0, 0, 16, 0, 0, 0, 192)
19 (1, 4, 0, 47, 0, 0, 0, 21, 0, 0, 0, 116)
20 (1, 4, 0, 35, 0, 0, 0, 24, 0, 0, 0, 93)
21 (1, 4, 0, 34, 0, 0, 0, 23, 0, 0, 0, 17)
22 (1, 4, 0, 29, 0, 0, 0, 21, 0, 0, 0, 186)
23 (1, 4, 0, 9, 0, 0, 0, 20, 0, 0, 0, 222)
24 (1, 4, 0, 26, 0, 0, 0, 18, 0, 0, 0, 171)
25 (1, 4, 14, 27, 8, 0, 0, 24, 0, 0, 0, 165)
26 (1, 4, 21, 0, 0, 0, 0, 23, 0, 0, 0, 104)
27 (1, 4, 43, 0, 0, 0, 0, 21, 0, 0, 0, 162)
28 (1, 4, 38, 0, 0, 0, 0, 20, 0, 0, 0, 59)
29 (1, 4, 25, 0, 0, 0, 0, 24, 0, 0, 0, 217)
30 (1, 4, 22, 2, 0, 0, 0, 24, 0, 0, 0, 238)
31 (1, 4, 0, 11, 0, 0, 0, 24, 0, 0, 0, 44)
32 (1, 4, 0, 9, 0, 0, 0, 23, 0, 0, 0, 184)
1 (1, 4, 0, 242, 177, 37, 0, 77, 0, 1, 0, 50)
2 (1, 4, 0, 276, 186, 14, 0, 89, 0, 1, 0, 177)
3 (1, 4, 0, 293, 199, 7, 0, 82, 0, 1, 0, 192)
4 (1, 4, 0, 418, 274, 0, 0, 81, 0, 1, 0, 26)
5 (1, 4, 0, 419, 203, 0, 0, 80, 0, 1, 0, 112)
6 (1, 4, 0, 271, 251, 0, 0, 90, 0, 1, 0, 8)
7 (1, 4, 0, 223, 438, 0, 0, 105, 0, 1, 0, 202)
8 (1, 4, 240, 315, 462, 0, 0, 108, 0, 1, 0, 98)
9 (1, 4, 0, 231, 220, 0, 0, 108, 0, 1, 0, 187)
10 (1, 4, 0, 156, 31, 0, 0, 86, 0, 1, 0, 96)
11 (1, 4, 0, 24, 0, 0, 0, 43, 0, 1, 0, 234)
12 (1, 4, 209, 0, 0, 0, 0, 19, 0, 1, 0, 210)
13 (1, 4, 39, 54, 0, 0, 0, 21, 0, 1, 0, 149)
14 (1, 4, 87, 28, 38, 0, 0, 40, 0, 1, 0, 154)
15 (1, 4, 145, 0, 0, 0, 0, 36, 0, 1, 0, 58)
16 (1, 4, 0, 27, 0, 0, 0, 32, 0, 1, 0, 190)
17 (1, 4, 0, 19, 0, 0, 0, 24, 0, 1, 0, 149)
18 (1, 4, 6, 0, 0, 0, 0, 23, 0, 1, 0, 241)
19 (1, 4, 21, 4, 0, 0, 0, 24, 0, 1, 0, 32)
20 (1, 4, 56, 0, 2, 0, 0, 23, 0, 1, 0, 173)
21 (1, 4, 42, 8, 0, 0, 0, 22, 0, 1, 0, 18)
22 (1, 4, 16, 0, 0, 0, 0, 26, 0, 1, 0, 117)
23 (1, 4, 0, 5, 0, 0, 0, 22, 0, 1, 0, 101)
24 (1, 4, 0, 25, 0, 0, 0, 24, 0, 1, 0, 75)
25 (1, 4, 0, 7, 0, 0, 0, 25, 0, 1, 0, 241)
26 (1, 4, 0, 14, 0, 0, 0, 21, 0, 1, 0, 104)
27 (1, 4, 0, 2, 0, 0, 0, 24, 0, 1, 0, 65)
28 (1, 4, 0, 2, 0, 0, 0, 21, 0, 1, 0, 1)
29 (1, 4, 29, 0, 0, 0, 0, 28, 0, 1, 0, 255)
30 (1, 4, 78, 0, 0, 0, 0, 29, 0, 1, 0, 91)
31 (1, 4, 348, 0, 131, 0, 72, 119, 0, 0, 0, 232)
32 (1, 4, 356, 0, 233, 0, 38, 66, 0, 0, 0, 54)
1 (1, 4, 420, 0, 220, 0, 0, 24, 0, 0, 0, 56)
2 (1, 4, 352, 63, 207, 0, 0, 0, 0, 0, 0, 115)
3 (1, 4, 231, 262, 190, 0, 0, 0, 0, 0, 0, 224)
4 (1, 4, 0, 407, 80, 51, 0, 0, 0, 0, 0, 66)
5 (1, 4, 0, 501, 12, 81, 0, 94, 0, 0, 0, 186)
6 (1, 4, 0, 524, 0, 127, 0, 160, 0, 0, 0, 159)
7 (1, 4, 0, 334, 0, 116, 0, 345, 0, 0, 0, 33)
8 (1, 4, 0, 0, 0, 63, 0, 339, 0, 0, 0, 28)
9 (1, 4, 93, 0, 0, 24, 62, 250, 0, 0, 0, 232)
10 (1, 4, 178, 0, 0, 0, 80, 156, 0, 0, 0, 9)
11 (1, 4, 208, 0, 0, 0, 64, 97, 0, 0, 0, 35)
12 (1, 4, 49, 0, 9, 0, 36, 74, 0, 0, 0, 135)
13 (1, 4, 12, 0, 50, 0, 10, 49, 0, 0, 0, 6)
14 (1, 4, 70, 0, 43, 34, 18, 30, 0, 0, 0, 127)
15 (1, 4, 49, 46, 20, 0, 0, 38, 0, 1, 0, 182)
16 (1, 4, 110, 0, 18, 0, 0, 9, 0, 1, 0, 106)
17 (1, 4, 0, 42, 0, 0, 0, 2, 0, 1, 0, 176)
18 (1, 4, 0, 33, 0, 0, 0, 14, 0, 1, 0, 68)
19 (1, 4, 14, 14, 0, 0, 0, 13, 0, 1, 0, 5)
20 (1, 4, 5, 14, 0, 0, 0, 6, 0, 1, 0, 235)
21 (1, 4, 0, 25, 0, 0, 0, 5, 0, 1, 0, 216)
22 (1, 4, 0, 19, 0, 0, 0, 11, 0, 1, 0, 32)
23 (1, 4, 0, 21, 0, 0, 0, 1, 0, 1, 0, 196)
24 (1, 4, 0, 36, 0, 0, 0, 6, 0, 1, 0, 193)
25 (1, 4, 0, 28, 2, 0, 0, 2, 0, 1, 0, 139)
26 (1, 4, 2, 13, 0, 0, 0, 4, 0, 1, 0, 160)
27 (1, 4, 0, 0, 0, 0, 0, 2, 0, 1, 0, 172)
28 (1, 4, 0, 0, 0, 0, 0, 3, 0, 1, 0, 115)
29 (1, 4, 0, 0, 0, 0, 0, 5, 0, 1, 0, 191)
30 (1, 4, 0, 0, 0, 0, 0, 2, 0, 1, 0, 172)
31 (1, 4, 0, 362, 272, 18, 7, 54, 0, 0, 0, 57)
32 (1, 4, 0, 515, 392, 0, 0, 65, 0, 0, 0, 225)
1 (1, 4, 0, 607, 446, 0, 0, 75, 0, 0, 0, 201)
2 (1, 4, 0, 741, 455, 0, 0, 70, 0, 1, 0, 204)
3 (1, 4, 0, 706, 361, 0, 0, 54, 0, 1, 0, 249)
4 (1, 4, 87, 293, 333, 0, 0, 106, 0, 1, 0, 121)
5 (1, 4, 162, 0, 111, 0, 0, 53, 0, 0, 0, 52)
6 (1, 4, 0, 16, 0, 0, 0, 37, 0, 0, 0, 20)
7 (1, 4, 0, 104, 33, 0, 0, 40, 0, 1, 0, 198)
8 (1, 4, 0, 0, 0, 0, 0, 60, 0, 1, 0, 248)
9 (1, 4, 144, 0, 0, 0, 0, 10, 0, 1, 0, 179)
10 (1, 4, 204, 20, 0, 0, 0, 6, 0, 1, 0, 182)
11 (1, 4, 125, 47, 31, 0, 0, 4, 0, 1, 0, 221)
12 (1, 4, 0, 51, 6, 0, 0, 11, 0, 1, 0, 147)
13 (1, 4, 0, 31, 0, 0, 0, 20, 0, 1, 0, 99)
14 (1, 4, 0, 0, 0, 0, 0, 23, 0, 1, 0, 213)
15 (1, 4, 0, 0, 0, 0, 0, 9, 0, 1, 0, 32)
16 (1, 4, 0, 6, 0, 0, 0, 8, 0, 1, 0, 72)
17 (1, 4, 0, 5, 0, 0, 0, 10, 0, 1, 0, 41)
18 (1, 4, 0, 0, 0, 0, 0, 9, 0, 1, 0, 32)
19 (1, 4, 0, 2, 0, 0, 0, 9, 0, 1, 0, 77)
20 (1, 4, 0, 0, 0, 0, 0, 12, 0, 1, 0, 138)
21 (1, 4, 0, 0, 0, 0, 0, 9, 0, 1, 0, 32)
22 (1, 4, 0, 2, 0, 0, 0, 10, 0, 1, 0, 43)
23 (1, 4, 0, 0, 0, 0, 0, 11, 0, 1, 0, 153)
24 (1, 4, 0, 0, 0, 0, 0, 12, 0, 1, 0, 138)
25 (1, 4, 0, 0, 0, 0, 0, 15, 0, 1, 0, 236)
26 (1, 4, 0, 0, 0, 0, 0, 15, 0, 1, 0, 236)
27 (1, 4, 0, 0, 0, 0, 0, 17, 0, 1, 0, 25)
28 (1, 4, 8, 0, 0, 0, 0, 16, 0, 1, 0, 182)
29 (1, 4, 20, 7, 0, 0, 0, 19, 0, 1, 0, 122)
30 (1, 4, 23, 8, 0, 0, 0, 18, 0, 1, 0, 6)
31 (1, 4, 376, 61, 387, 0, 0, 49, 0, 0, 0, 103)
32 (1, 4, 252, 87, 340, 0, 0, 38, 0, 0, 0, 135)
1 (1, 4, 289, 112, 224, 0, 0, 13, 0, 0, 0, 33)
2 (1, 4, 146, 255, 181, 12, 0, 0, 0, 0, 0, 57)
3 (1, 4, 0, 324, 273, 25, 0, 21, 0, 1, 0, 118)
4 (1, 4, 38, 637, 366, 13, 0, 103, 0, 1, 0, 62)
5 (1, 4, 0, 549, 212, 78, 0, 132, 0, 1, 0, 206)
6 (1, 4, 0, 505, 0, 128, 0, 156, 0, 1, 0, 188)
7 (1, 4, 0, 497, 0, 65, 0, 215, 0, 1, 0, 161)
8 (1, 4, 0, 381, 0, 0, 0, 238, 0, 0, 0, 47)
9 (1, 4, 108, 369, 0, 0, 0, 291, 0, 0, 0, 230)
10 (1, 4, 287, 154, 0, 0, 0, 300, 0, 0, 0, 111)
11 (1, 4, 555, 0, 0, 0, 34, 223, 0, 1, 0, 174)
12 (1, 4, 407, 0, 0, 0, 36, 171, 0, 1, 0, 129)
13 (1, 4, 552, 0, 0, 0, 66, 110, 0, 1, 0, 140)
14 (1, 4, 285, 0, 238, 0, 44, 78, 0, 1, 0, 196)
15 (1, 4, 0, 187, 148, 29, 0, 99, 0, 1, 0, 226)
16 (1, 4, 0, 190, 168, 15, 0, 96, 0, 1, 0, 65)
17 (1, 4, 0, 239, 183, 18, 0, 93, 0, 1, 0, 110)
18 (1, 4, 0, 270, 163, 0, 0, 122, 0, 1, 0, 36)
19 (1, 4, 0, 323, 205, 0, 0, 129, 0, 0, 0, 233)
20 (1, 4, 0, 343, 229, 0, 0, 135, 0, 0, 0, 220)
21 (1, 4, 0, 365, 209, 0, 0, 121, 0, 0, 0, 229)
22 (1, 4, 0, 226, 159, 0, 0, 148, 0, 0, 0, 168)
23 (1, 4, 0, 114, 100, 0, 0, 106, 0, 0, 0, 223)
24 (1, 4, 0, 156, 93, 0, 0, 97, 0, 0, 0, 190)
25 (1, 4, 0, 91, 64, 0, 0, 98, 0, 0, 0, 81)
26 (1, 4, 0, 93, 45, 0, 0, 87, 0, 0, 0, 77)
27 (1, 4, 0, 82, 24, 0, 0, 92, 0, 1, 0, 80)
28 (1, 4, 0, 18, 23, 0, 0, 92, 0, 1, 0, 138)
29 (1, 4, 14, 0, 0, 0, 0, 73, 0, 1, 0, 49)
30 (1, 4, 56, 0, 0, 0, 0, 62, 0, 1, 0, 22)
31 (1, 4, 288, 0, 163, 0, 181, 69, 2, 3, 0, 191)
32 (1, 4, 319, 120, 300, 0, 82, 39, 2, 3, 0, 117)
1 (1, 4, 321, 278, 287, 0, 0, 27, 2, 3, 0, 149)
2 (1, 4, 332, 480, 65, 0, 0, 0, 2, 3, 0, 14)
3 (1, 4, 0, 712, 0, 0, 0, 18, 2, 3, 0, 145)
4 (1, 4, 0, 595, 0, 105, 0, 194, 2, 3, 0, 93)
5 (1, 4, 0, 356, 0, 167, 0, 358, 2, 3, 0, 97)
6 (1, 4, 0, 44, 0, 134, 0, 519, 2, 3, 0, 2)
7 (1, 4, 5, 0, 0, 0, 137, 517, 2, 3, 0, 69)
8 (1, 4, 283, 0, 0, 0, 233, 325, 2, 2, 0, 177)
9 (1, 4, 451, 0, 0, 0, 188, 135, 2, 2, 0, 231)
10 (1, 4, 515, 0, 241, 0, 96, 95, 2, 2, 0, 29)
11 (1, 4, 562, 45, 268, 0, 0, 55, 2, 2, 0, 147)
12 (1, 4, 539, 298, 89, 0, 0, 0, 2, 2, 0, 191)
13 (1, 4, 196, 685, 0, 0, 0, 0, 2, 2, 0, 26)
14 (1, 4, 0, 613, 0, 115, 0, 209, 2, 2, 0, 166)
15 (1, 4, 0, 154, 178, 36, 8, 58, 0, 1, 0, 129)
16 (1, 4, 0, 287, 251, 38, 0, 53, 0, 1, 0, 223)
17 (1, 4, 0, 395, 277, 22, 0, 57, 0, 0, 0, 235)
18 (1, 4, 0, 394, 241, 0, 0, 78, 0, 0, 0, 56)
19 (1, 4, 0, 342, 198, 0, 0, 134, 0, 0, 0, 243)
20 (1, 4, 0, 414, 309, 0, 0, 121, 0, 0, 0, 235)
21 (1, 4, 0, 443, 310, 0, 0, 142, 0, 0, 0, 83)
22 (1, 4, 0, 368, 223, 0, 0, 119, 0, 0, 0, 179)
23 (1, 4, 0, 318, 219, 0, 0, 106, 0, 0, 0, 249)
24 (1, 4, 0, 230, 117, 0, 0, 111, 0, 0, 0, 36)
25 (1, 4, 0, 113, 0, 0, 0, 77, 0, 0, 0, 238)
26 (1, 4, 256, 16, 3, 0, 0, 29, 0, 0, 0, 53)
27 (1, 4, 91, 47, 0, 0, 0, 12, 0, 0, 0, 153)
28 (1, 4, 0, 96, 0, 0, 0, 33, 0, 0, 0, 65)
29 (1, 4, 0, 56, 0, 0, 0, 50, 0, 0, 0, 165)
30 (1, 4, 0, 16, 0, 0, 0, 37, 0, 0, 0, 20)

