1 (1, 4, 94, 0, 316, 0, 0, 15, 1, 1, 0, 141)
2 (1, 4, 79, 51, 232, 0, 0, 0, 1, 1, 0, 151)
3 (1, 4, 28, 287, 92, 17, 0, 0, 1, 0, 0, 15)
4 (1, 4, 0, 400, 0, 88, 0, 103, 1, 1, 0, 223)
5 (1, 4, 0, 162, 0, 122, 0, 220, 1, 1, 0, 87)
6 (1, 4, 0, 0, 0, 105, 6, 188, 1, 1, 0, 218)
7 (1, 4, 0, 0, 0, 64, 37, 141, 1, 1, 0, 255)
8 (1, 4, 67, 0, 0, 28, 60, 101, 1, 1, 0, 123)
9 (1, 4, 126, 0, 31, 9, 72, 99, 1, 0, 0, 126)
10 (1, 4, 194, 0, 187, 0, 55, 65, 1, 0, 0, 145)
11 (1, 4, 160, 0, 225, 0, 0, 53, 1, 0, 0, 118)
12 (1, 4, 169, 39, 255, 0, 0, 19, 1, 0, 0, 23)
13 (1, 4, 70, 131, 152, 11, 0, 15, 1, 0, 0, 122)
14 (1, 4, 0, 281, 25, 66, 0, 15, 1, 0, 0, 219)
15 (1, 4, 0, 285, 0, 100, 0, 129, 1, 0, 0, 81)
16 (1, 4, 0, 19, 0, 128, 0, 204, 1, 0, 0, 88)
17 (1, 4, 0, 0, 0, 83, 24, 156, 1, 0, 0, 157)
18 (1, 4, 52, 0, 0, 43, 87, 108, 1, 0, 0, 191)
19 (1, 4, 86, 0, 167, 11, 68, 52, 1, 0, 0, 156)
20 (1, 4, 132, 0, 214, 0, 0, 26, 1, 0, 0, 181)
21 (1, 4, 158, 0, 160, 30, 0, 24, 1, 0, 0, 198)
22 (1, 4, 107, 51, 93, 59, 0, 42, 1, 0, 0, 140)
23 (1, 4, 62, 41, 39, 78, 0, 56, 1, 0, 0, 71)
24 (1, 4, 35, 33, 29, 81, 0, 55, 1, 0, 0, 235)
25 (1, 4, 9, 47, 45, 73, 0, 57, 0, 0, 0, 142)
26 (1, 4, 16, 77, 64, 60, 0, 48, 0, 0, 0, 210)
27 (1, 4, 25, 109, 45, 56, 0, 65, 0, 0, 0, 137)
28 (1, 4, 55, 93, 32, 62, 0, 72, 2, 2, 0, 170)
29 (1, 4, 14, 131, 37, 55, 0, 83, 2, 3, 0, 13)
30 (1, 4, 9, 117, 11, 48, 0, 69, 1, 2, 0, 13)
31 (1, 4, 0, 211, 6, 21, 0, 64, 1, 2, 0, 81)
32 (1, 4, 0, 315, 0, 28, 0, 69, 1, 2, 0, 123)
1 (1, 4, 213, 31, 313, 0, 0, 9, 0, 0, 0, 37)
2 (1, 4, 200, 127, 191, 0, 0, 6, 0, 0, 0, 230)
3 (1, 4, 129, 356, 134, 0, 0, 21, 0, 0, 0, 226)
4 (1, 4, 0, 401, 0, 22, 0, 121, 0, 0, 0, 249)
5 (1, 4, 0, 334, 0, 97, 0, 212, 1, 1, 0, 95)
6 (1, 4, 0, 101, 0, 91, 0, 268, 1, 1, 0, 20)
7 (1, 4, 0, 0, 0, 62, 6, 246, 1, 1, 0, 179)
8 (1, 4, 0, 0, 0, 40, 94, 191, 1, 1, 0, 40)
9 (1, 4, 7, 0, 0, 2, 146, 95, 1, 1, 0, 79)
10 (1, 4, 120, 0, 223, 0, 138, 6, 1, 1, 0, 78)
11 (1, 4, 175, 33, 354, 0, 25, 0, 1, 1, 0, 194)
12 (1, 4, 209, 242, 273, 0, 0, 0, 1, 1, 0, 255)
13 (1, 4, 42, 458, 194, 0, 0, 34, 0, 0, 0, 81)
14 (1, 4, 21, 502, 0, 45, 0, 108, 0, 0, 0, 210)
15 (1, 4, 0, 436, 0, 48, 0, 263, 0, 0, 0, 199)
16 (1, 4, 0, 0, 0, 27, 0, 246, 0, 0, 0, 33)
17 (1, 4, 0, 0, 0, 0, 29, 95, 0, 0, 0, 207)
18 (1, 4, 0, 0, 0, 7, 32, 43, 1, 0, 0, 97)
19 (1, 4, 0, 81, 0, 8, 14, 25, 2, 2, 0, 245)
20 (1, 4, 0, 276, 62, 11, 10, 14, 2, 2, 0, 178)
21 (1, 4, 0, 495, 232, 0, 29, 0, 1, 2, 0, 72)
22 (1, 4, 86, 647, 601, 0, 1, 45, 2, 2, 0, 97)
23 (1, 4, 0, 677, 435, 0, 54, 15, 2, 3, 0, 144)
24 (1, 4, 0, 537, 217, 0, 0, 25, 1, 2, 0, 219)
25 (1, 4, 0, 150, 383, 0, 0, 38, 1, 2, 0, 14)
26 (1, 4, 0, 70, 414, 0, 0, 6, 1, 2, 0, 44)
27 (1, 4, 0, 114, 240, 0, 0, 3, 1, 2, 0, 106)
28 (1, 4, 0, 85, 34, 0, 0, 2, 1, 2, 0, 47)
29 (1, 4, 0, 21, 0, 0, 1, 2, 1, 2, 0, 4)
30 (1, 4, 0, 0, 0, 0, 9, 0, 1, 2, 0, 114)
31 (1, 4, 0, 23, 0, 0, 15, 0, 1, 2, 0, 0)
32 (1, 4, 0, 93, 0, 0, 9, 0, 1, 2, 0, 76)
1 (1, 4, 60, 0, 108, 0, 124, 64, 0, 0, 0, 3)
2 (1, 4, 185, 0, 215, 0, 84, 28, 0, 0, 0, 146)
3 (1, 4, 223, 0, 285, 0, 37, 8, 0, 0, 0, 113)
4 (1, 4, 202, 0, 221, 0, 0, 21, 0, 0, 0, 244)
5 (1, 4, 298, 95, 192, 0, 0, 8, 0, 0, 0, 100)
6 (1, 4, 185, 294, 114, 0, 0, 30, 0, 0, 0, 2)
7 (1, 4, 7, 372, 0, 15, 0, 55, 0, 0, 0, 143)
8 (1, 4, 0, 411, 0, 52, 0, 135, 0, 0, 0, 107)
9 (1, 4, 0, 124, 0, 91, 12, 229, 0, 0, 0, 42)
10 (1, 4, 0, 0, 0, 80, 67, 187, 0, 0, 0, 185)
11 (1, 4, 0, 0, 0, 47, 71, 129, 1, 0, 0, 119)
12 (1, 4, 0, 0, 0, 19, 37, 87, 0, 0, 0, 186)
13 (1, 4, 0, 0, 0, 23, 11, 56, 0, 0, 0, 6)
14 (1, 4, 20, 21, 11, 42, 0, 56, 0, 0, 0, 24)
15 (1, 4, 1, 38, 40, 46, 0, 73, 0, 0, 0, 100)
16 (1, 4, 0, 45, 66, 48, 0, 81, 0, 0, 0, 227)
17 (1, 4, 0, 56, 62, 35, 0, 79, 0, 0, 0, 86)
18 (1, 4, 0, 57, 40, 36, 0, 63, 0, 0, 0, 135)
19 (1, 4, 0, 128, 105, 26, 0, 44, 1, 1, 0, 84)
20 (1, 4, 0, 301, 162, 29, 0, 29, 2, 2, 0, 72)
21 (1, 4, 37, 305, 240, 0, 0, 64, 2, 2, 0, 160)
22 (1, 4, 30, 374, 270, 0, 0, 45, 2, 2, 0, 219)
23 (1, 4, 0, 359, 269, 0, 0, 106, 1, 1, 0, 77)
24 (1, 4, 9, 416, 234, 0, 0, 74, 3, 2, 0, 39)
25 (1, 4, 304, 84, 135, 0, 0, 189, 1, 1, 0, 198)
26 (1, 4, 0, 694, 225, 0, 34, 28, 1, 1, 0, 124)
27 (1, 4, 0, 626, 145, 0, 0, 71, 2, 2, 0, 160)
28 (1, 4, 0, 83, 45, 0, 20, 0, 1, 1, 0, 163)
29 (1, 4, 0, 440, 2, 0, 0, 5, 1, 1, 0, 6)
30 (1, 4, 83, 87, 119, 0, 0, 0, 0, 1, 0, 17)
31 (1, 4, 0, 160, 25, 0, 26, 0, 0, 1, 0, 55)
32 (1, 4, 0, 138, 7, 0, 19, 0, 0, 1, 0, 33)
1 (1, 4, 16, 0, 0, 0, 11, 0, 0, 1, 0, 191)
2 (1, 4, 21, 0, 0, 0, 5, 0, 0, 1, 0, 89)
3 (1, 4, 0, 0, 0, 0, 0, 0, 0, 1, 0, 21)
4 (1, 4, 60, 0, 0, 0, 0, 0, 0, 1, 0, 122)
5 (1, 4, 159, 0, 0, 0, 0, 0, 0, 1, 0, 186)
6 (1, 4, 301, 0, 0, 0, 0, 0, 1, 1, 0, 244)
7 (1, 4, 275, 0, 0, 0, 0, 1, 2, 1, 0, 254)
8 (1, 4, 550, 0, 0, 0, 0, 4, 3, 3, 0, 247)
9 (1, 4, 524, 0, 0, 0, 0, 0, 2, 2, 0, 32)
10 (1, 4, 537, 0, 0, 0, 0, 21, 2, 2, 0, 143)
11 (1, 4, 406, 0, 0, 0, 0, 36, 1, 1, 0, 112)
12 (1, 4, 385, 0, 0, 0, 0, 71, 1, 1, 0, 56)
13 (1, 4, 318, 0, 0, 0, 0, 120, 1, 1, 0, 219)
14 (1, 4, 232, 0, 0, 0, 0, 159, 1, 1, 0, 252)
15 (1, 4, 189, 0, 0, 0, 2, 164, 1, 1, 0, 175)
16 (1, 4, 139, 0, 0, 0, 63, 167, 1, 1, 0, 25)
17 (1, 4, 71, 0, 102, 0, 114, 94, 1, 1, 0, 112)
18 (1, 4, 147, 0, 261, 0, 89, 58, 1, 1, 0, 1)
19 (1, 4, 213, 0, 293, 0, 65, 12, 0, 0, 0, 161)
20 (1, 4, 257, 0, 290, 0, 0, 0, 0, 0, 0, 254)
21 (1, 4, 297, 0, 164, 0, 0, 0, 0, 0, 0, 148)
22 (1, 4, 255, 193, 181, 0, 0, 0, 0, 0, 0, 18)
23 (1, 4, 167, 429, 105, 0, 0, 51, 0, 0, 0, 69)
24 (1, 4, 39, 446, 0, 7, 0, 102, 0, 0, 0, 165)
25 (1, 4, 0, 415, 0, 45, 0, 214, 0, 0, 0, 232)
26 (1, 4, 0, 332, 0, 60, 0, 257, 0, 0, 0, 29)
27 (1, 4, 0, 0, 0, 23, 0, 309, 0, 0, 0, 37)
28 (1, 4, 0, 0, 0, 22, 32, 275, 0, 0, 0, 90)
29 (1, 4, 16, 0, 0, 0, 115, 190, 0, 0, 0, 89)
30 (1, 4, 176, 0, 0, 10, 157, 117, 0, 0, 0, 253)
31 (1, 4, 121, 0, 168, 0, 157, 95, 0, 0, 0, 152)
32 (1, 4, 176, 0, 343, 0, 101, 29, 0, 0, 0, 110)
1 (1, 4, 24, 0, 0, 0, 3, 3, 0, 1, 0, 104)
2 (1, 4, 117, 0, 0, 0, 0, 24, 0, 1, 0, 180)
3 (1, 4, 146, 0, 0, 0, 0, 28, 0, 1, 0, 176)
4 (1, 4, 214, 0, 0, 0, 0, 50, 1, 1, 0, 228)
5 (1, 4, 170, 0, 0, 0, 0, 92, 1, 1, 0, 192)
6 (1, 4, 75, 0, 0, 0, 0, 123, 2, 2, 0, 60)
7 (1, 4, 88, 0, 0, 0, 0, 116, 0, 0, 0, 37)
8 (1, 4, 129, 0, 0, 0, 0, 103, 0, 0, 0, 146)
9 (1, 4, 91, 0, 0, 0, 22, 91, 0, 0, 0, 251)
10 (1, 4, 102, 0, 0, 0, 57, 83, 0, 0, 0, 212)
11 (1, 4, 151, 0, 69, 0, 90, 78, 0, 0, 0, 95)
12 (1, 4, 114, 0, 222, 0, 106, 79, 0, 0, 0, 236)
13 (1, 4, 175, 0, 273, 0, 61, 47, 1, 1, 0, 194)
14 (1, 4, 239, 0, 253, 0, 19, 14, 1, 1, 0, 163)
15 (1, 4, 280, 0, 151, 0, 0, 0, 1, 1, 0, 142)
16 (1, 4, 360, 94, 146, 0, 0, 0, 1, 1, 0, 12)
17 (1, 4, 198, 415, 0, 0, 0, 34, 1, 1, 0, 227)
18 (1, 4, 22, 576, 0, 33, 0, 112, 0, 0, 0, 53)
19 (1, 4, 0, 542, 0, 17, 0, 196, 0, 0, 0, 132)
20 (1, 4, 0, 278, 0, 51, 0, 263, 0, 0, 0, 72)
21 (1, 4, 0, 100, 0, 43, 0, 285, 0, 0, 0, 111)
22 (1, 4, 0, 0, 0, 13, 36, 297, 0, 0, 0, 182)
23 (1, 4, 0, 0, 0, 0, 107, 227, 0, 0, 0, 43)
24 (1, 4, 0, 0, 0, 0, 146, 145, 0, 0, 0, 187)
25 (1, 4, 139, 0, 128, 0, 130, 95, 0, 0, 0, 81)
26 (1, 4, 157, 0, 268, 0, 48, 42, 0, 0, 0, 8)
27 (1, 4, 165, 0, 255, 0, 0, 0, 0, 0, 0, 72)
28 (1, 4, 342, 57, 68, 0, 0, 0, 0, 0, 0, 49)
29 (1, 4, 170, 370, 46, 6, 0, 0, 1, 1, 0, 16)
30 (1, 4, 0, 548, 99, 58, 0, 72, 0, 0, 0, 98)
31 (1, 4, 0, 406, 0, 71, 0, 164, 0, 0, 0, 154)
32 (1, 4, 0, 153, 0, 74, 0, 234, 0, 0, 0, 54)
1 (1, 4, 0, 71, 0, 0, 0, 10, 0, 1, 0, 199)
2 (1, 4, 22, 0, 0, 0, 12, 0, 0, 1, 0, 243)
3 (1, 4, 14, 21, 1, 0, 24, 0, 0, 1, 0, 159)
4 (1, 4, 0, 43, 0, 0, 22, 0, 0, 1, 0, 40)
5 (1, 4, 48, 0, 0, 0, 23, 0, 0, 1, 0, 223)
6 (1, 4, 0, 0, 0, 0, 33, 0, 0, 1, 0, 97)
7 (1, 4, 0, 12, 0, 0, 16, 0, 0, 1, 0, 249)
8 (1, 4, 0, 0, 0, 0, 0, 0, 0, 1, 0, 21)
9 (1, 4, 93, 0, 0, 0, 0, 7, 1, 1, 0, 75)
10 (1, 4, 380, 0, 0, 0, 0, 34, 2, 2, 0, 144)
11 (1, 4, 403, 0, 0, 0, 0, 19, 1, 1, 0, 39)
12 (1, 4, 296, 0, 0, 0, 0, 60, 2, 2, 0, 52)
13 (1, 4, 300, 0, 0, 0, 0, 49, 2, 2, 0, 76)
14 (1, 4, 280, 0, 0, 0, 0, 92, 2, 2, 0, 247)
15 (1, 4, 246, 0, 0, 0, 0, 85, 2, 2, 0, 207)
16 (1, 4, 284, 0, 0, 0, 0, 123, 1, 1, 0, 102)
17 (1, 4, 160, 0, 0, 0, 41, 111, 1, 1, 0, 13)
18 (1, 4, 158, 0, 0, 0, 91, 94, 1, 1, 0, 179)
19 (1, 4, 147, 0, 36, 0, 114, 68, 0, 0, 0, 105)
20 (1, 4, 164, 0, 215, 0, 95, 21, 0, 0, 0, 75)
21 (1, 4, 168, 0, 327, 0, 22, 0, 0, 0, 0, 11)
22 (1, 4, 227, 8, 224, 0, 0, 0, 0, 0, 0, 112)
23 (1, 4, 195, 193, 155, 0, 0, 0, 0, 0, 0, 78)
24 (1, 4, 108, 346, 82, 0, 0, 11, 0, 0, 0, 134)
25 (1, 4, 4, 517, 0, 3, 0, 75, 0, 0, 0, 12)
26 (1, 4, 0, 517, 0, 28, 0, 225, 0, 0, 0, 30)
27 (1, 4, 0, 248, 0, 45, 0, 265, 0, 0, 0, 130)
28 (1, 4, 0, 27, 0, 49, 0, 263, 0, 0, 0, 79)
29 (1, 4, 0, 0, 0, 6, 41, 289, 0, 1, 0, 181)
30 (1, 4, 0, 0, 0, 0, 100, 231, 0, 0, 0, 247)
31 (1, 4, 39, 0, 0, 0, 142, 154, 1, 1, 0, 116)
32 (1, 4, 121, 0, 112, 0, 118, 96, 1, 1, 0, 186)
1 (1, 4, 282, 0, 0, 0, 0, 29, 1, 1, 0, 106)
2 (1, 4, 188, 0, 0, 0, 0, 48, 1, 1, 0, 127)
3 (1, 4, 254, 0, 0, 0, 0, 74, 1, 1, 0, 142)
4 (1, 4, 242, 0, 0, 0, 0, 71, 0, 0, 0, 143)
5 (1, 4, 267, 0, 0, 0, 0, 85, 0, 0, 0, 34)
6 (1, 4, 197, 0, 0, 0, 19, 80, 0, 0, 0, 76)
7 (1, 4, 154, 0, 0, 13, 29, 68, 1, 1, 0, 155)
8 (1, 4, 203, 0, 5, 9, 69, 92, 0, 0, 0, 36)
9 (1, 4, 244, 0, 134, 5, 109, 84, 1, 1, 0, 184)
10 (1, 4, 260, 0, 255, 0, 115, 81, 1, 1, 0, 207)
11 (1, 4, 259, 0, 364, 0, 74, 46, 1, 1, 0, 115)
12 (1, 4, 334, 0, 354, 0, 10, 21, 1, 1, 0, 149)
13 (1, 4, 290, 65, 273, 0, 0, 18, 1, 1, 0, 68)
14 (1, 4, 234, 224, 110, 0, 0, 0, 0, 0, 0, 193)
15 (1, 4, 70, 435, 0, 0, 0, 17, 2, 2, 0, 82)
16 (1, 4, 0, 657, 0, 40, 0, 125, 1, 1, 0, 9)
17 (1, 4, 0, 477, 0, 27, 0, 354, 0, 0, 0, 254)
18 (1, 4, 0, 0, 0, 58, 2, 414, 1, 0, 0, 96)
19 (1, 4, 0, 0, 0, 57, 105, 325, 1, 1, 0, 231)
20 (1, 4, 0, 0, 0, 0, 113, 212, 0, 0, 0, 252)
21 (1, 4, 28, 0, 18, 0, 128, 85, 0, 0, 0, 142)
22 (1, 4, 209, 0, 150, 0, 55, 2, 0, 0, 0, 170)
23 (1, 4, 219, 0, 161, 0, 0, 0, 0, 0, 0, 251)
24 (1, 4, 275, 0, 137, 12, 0, 0, 0, 0, 0, 211)
25 (1, 4, 169, 164, 93, 38, 0, 20, 0, 0, 0, 52)
26 (1, 4, 46, 160, 16, 68, 0, 64, 0, 0, 0, 189)
27 (1, 4, 0, 110, 0, 95, 0, 77, 0, 0, 0, 185)
28 (1, 4, 0, 90, 0, 107, 0, 86, 0, 0, 0, 253)
29 (1, 4, 0, 57, 0, 98, 0, 90, 0, 0, 0, 28)
30 (1, 4, 0, 31, 0, 81, 0, 84, 0, 0, 0, 112)
31 (1, 4, 0, 40, 0, 63, 0, 75, 0, 0, 0, 125)
32 (1, 4, 0, 21, 0, 64, 0, 66, 0, 0, 0, 89)
1 (1, 4, 0, 60, 13, 55, 0, 80, 2, 2, 0, 5)
2 (1, 4, 0, 122, 9, 55, 0, 74, 1, 1, 0, 244)
3 (1, 4, 0, 150, 26, 31, 0, 70, 1, 1, 0, 151)
4 (1, 4, 0, 160, 40, 28, 0, 69, 1, 1, 0, 106)
5 (1, 4, 0, 211, 82, 26, 0, 48, 1, 1, 0, 164)
6 (1, 4, 0, 288, 137, 7, 0, 44, 1, 1, 0, 234)
7 (1, 4, 0, 298, 137, 0, 0, 44, 1, 1, 0, 105)
8 (1, 4, 0, 261, 213, 0, 0, 52, 1, 2, 0, 248)
9 (1, 4, 112, 213, 368, 0, 0, 56, 1, 2, 0, 87)
10 (1, 4, 42, 280, 322, 0, 0, 37, 1, 1, 0, 105)
11 (1, 4, 67, 373, 435, 0, 0, 88, 1, 1, 0, 172)
12 (1, 4, 188, 251, 315, 0, 0, 52, 1, 1, 0, 155)
13 (1, 4, 0, 412, 179, 0, 0, 30, 1, 1, 0, 165)
14 (1, 4, 0, 372, 166, 0, 0, 11, 0, 1, 0, 248)
15 (1, 4, 0, 239, 54, 0, 0, 1, 0, 1, 0, 203)
16 (1, 4, 0, 156, 33, 0, 24, 0, 1, 2, 0, 237)
17 (1, 4, 0, 0, 0, 0, 2, 32, 0, 1, 0, 70)
18 (1, 4, 4, 57, 22, 0, 16, 0, 1, 2, 0, 220)
19 (1, 4, 60, 0, 0, 0, 0, 0, 1, 1, 0, 24)
20 (1, 4, 231, 0, 0, 0, 0, 0, 0, 1, 0, 100)
21 (1, 4, 477, 0, 0, 0, 0, 0, 1, 2, 0, 242)
22 (1, 4, 447, 0, 0, 0, 0, 4, 2, 2, 0, 115)
23 (1, 4, 482, 0, 0, 0, 0, 23, 1, 2, 0, 79)
24 (1, 4, 436, 0, 0, 0, 0, 40, 2, 2, 0, 47)
25 (1, 4, 399, 0, 0, 0, 0, 72, 0, 0, 0, 156)
26 (1, 4, 364, 0, 0, 0, 0, 91, 0, 0, 0, 96)
27 (1, 4, 297, 0, 0, 0, 53, 102, 0, 0, 0, 255)
28 (1, 4, 247, 0, 0, 0, 142, 104, 0, 0, 0, 5)
29 (1, 4, 144, 0, 236, 0, 148, 74, 0, 0, 0, 217)
30 (1, 4, 187, 0, 413, 0, 116, 59, 0, 0, 0, 4)
31 (1, 4, 273, 0, 481, 0, 35, 0, 0, 0, 0, 41)
32 (1, 4, 283, 0, 318, 0, 0, 0, 0, 0, 0, 239)
1 (1, 4, 0, 0, 0, 0, 120, 299, 0, 0, 0, 41)
2 (1, 4, 0, 0, 0, 0, 195, 176, 0, 0, 0, 35)
3 (1, 4, 117, 0, 131, 0, 209, 120, 0, 0, 0, 163)
4 (1, 4, 172, 0, 353, 0, 110, 13, 0, 1, 0, 196)
5 (1, 4, 329, 0, 420, 0, 21, 0, 0, 0, 0, 152)
6 (1, 4, 298, 155, 305, 0, 0, 0, 0, 0, 0, 148)
7 (1, 4, 217, 418, 255, 0, 0, 0, 0, 0, 0, 229)
8 (1, 4, 0, 670, 47, 0, 0, 106, 0, 0, 0, 199)
9 (1, 4, 37, 468, 0, 38, 0, 253, 0, 0, 0, 5)
10 (1, 4, 0, 79, 0, 30, 0, 306, 0, 0, 0, 227)
11 (1, 4, 0, 0, 0, 39, 62, 228, 0, 0, 0, 137)
12 (1, 4, 0, 0, 0, 9, 83, 120, 0, 0, 0, 80)
13 (1, 4, 0, 0, 0, 1, 44, 58, 0, 0, 0, 111)
14 (1, 4, 0, 0, 25, 0, 0, 44, 0, 0, 0, 23)
15 (1, 4, 44, 40, 48, 23, 0, 52, 0, 0, 0, 172)
16 (1, 4, 7, 64, 29, 30, 0, 90, 0, 0, 0, 86)
17 (1, 4, 0, 38, 16, 38, 0, 106, 0, 0, 0, 104)
18 (1, 4, 0, 0, 0, 44, 0, 101, 0, 0, 0, 93)
19 (1, 4, 0, 12, 10, 41, 0, 91, 0, 0, 0, 144)
20 (1, 4, 0, 25, 22, 32, 0, 83, 0, 0, 0, 14)
21 (1, 4, 0, 91, 64, 29, 0, 66, 1, 1, 0, 149)
22 (1, 4, 0, 283, 110, 18, 0, 43, 1, 2, 0, 9)
23 (1, 4, 0, 403, 195, 0, 0, 36, 1, 2, 0, 242)
24 (1, 4, 0, 397, 214, 0, 0, 23, 1, 1, 0, 139)
25 (1, 4, 0, 419, 178, 0, 18, 12, 1, 2, 0, 131)
26 (1, 4, 0, 464, 309, 0, 11, 5, 1, 1, 0, 135)
27 (1, 4, 135, 262, 495, 0, 0, 53, 1, 1, 0, 50)
28 (1, 4, 0, 400, 205, 0, 0, 14, 0, 1, 0, 202)
29 (1, 4, 0, 240, 290, 0, 0, 31, 0, 1, 0, 146)
30 (1, 4, 0, 357, 33, 0, 0, 0, 1, 1, 0, 214)
31 (1, 4, 0, 0, 0, 0, 0, 21, 1, 1, 0, 14)
32 (1, 4, 90, 0, 45, 0, 12, 0, 0, 1, 0, 186)
1 (1, 4, 273, 92, 246, 0, 0, 0, 0, 0, 0, 227)
2 (1, 4, 195, 301, 133, 0, 0, 0, 0, 0, 0, 48)
3 (1, 4, 9, 619, 28, 0, 0, 65, 0, 0, 0, 224)
4 (1, 4, 0, 606, 0, 51, 0, 204, 0, 0, 0, 58)
5 (1, 4, 0, 322, 0, 38, 0, 304, 1, 1, 0, 140)
6 (1, 4, 0, 0, 0, 31, 0, 342, 1, 1, 0, 86)
7 (1, 4, 36, 0, 0, 5, 146, 298, 1, 0, 0, 24)
8 (1, 4, 0, 0, 0, 0, 181, 175, 1, 1, 0, 131)
9 (1, 4, 146, 0, 112, 0, 162, 100, 1, 1, 0, 190)
10 (1, 4, 272, 0, 308, 0, 121, 70, 0, 0, 0, 189)
11 (1, 4, 319, 0, 405, 0, 37, 8, 0, 0, 0, 101)
12 (1, 4, 403, 0, 275, 0, 0, 0, 0, 0, 0, 2)
13 (1, 4, 359, 274, 123, 0, 0, 0, 0, 0, 0, 140)
14 (1, 4, 100, 702, 20, 0, 0, 0, 0, 0, 0, 66)
15 (1, 4, 0, 697, 0, 0, 0, 252, 0, 0, 0, 53)
16 (1, 4, 0, 308, 0, 46, 0, 330, 0, 0, 0, 142)
17 (1, 4, 0, 0, 0, 26, 64, 283, 0, 0, 0, 35)
18 (1, 4, 0, 0, 0, 15, 105, 167, 0, 0, 0, 76)
19 (1, 4, 0, 0, 0, 0, 87, 69, 0, 0, 0, 102)
20 (1, 4, 0, 0, 9, 0, 35, 9, 0, 0, 0, 229)
21 (1, 4, 37, 0, 86, 13, 0, 7, 0, 0, 0, 242)
22 (1, 4, 16, 101, 79, 29, 0, 42, 0, 0, 0, 140)
23 (1, 4, 0, 130, 109, 44, 0, 76, 1, 1, 0, 223)
24 (1, 4, 0, 148, 162, 39, 0, 64, 2, 2, 0, 7)
25 (1, 4, 0, 211, 267, 22, 0, 39, 1, 1, 0, 17)
26 (1, 4, 0, 304, 383, 0, 0, 23, 1, 1, 0, 143)
27 (1, 4, 0, 335, 424, 0, 0, 2, 1, 1, 0, 247)
28 (1, 4, 30, 555, 554, 0, 0, 68, 0, 1, 0, 34)
29 (1, 4, 0, 519, 396, 0, 0, 46, 0, 0, 0, 120)
30 (1, 4, 0, 403, 364, 0, 0, 59, 0, 0, 0, 103)
31 (1, 4, 302, 226, 273, 0, 0, 12, 0, 0, 0, 235)
32 (1, 4, 0, 401, 181, 0, 0, 7, 0, 0, 0, 231)
1 (1, 4, 419, 0, 0, 0, 0, 70, 1, 1, 0, 60)
2 (1, 4, 257, 0, 0, 0, 35, 83, 2, 2, 0, 22)
3 (1, 4, 195, 0, 0, 0, 53, 95, 0, 0, 0, 141)
4 (1, 4, 116, 0, 0, 0, 86, 81, 0, 0, 0, 47)
5 (1, 4, 74, 0, 118, 0, 101, 91, 0, 0, 0, 7)
6 (1, 4, 114, 0, 190, 0, 105, 66, 0, 0, 0, 34)
7 (1, 4, 141, 0, 358, 0, 82, 37, 1, 0, 0, 0)
8 (1, 4, 120, 0, 386, 0, 15, 17, 0, 0, 0, 134)
9 (1, 4, 208, 0, 265, 0, 0, 0, 0, 0, 0, 119)
10 (1, 4, 219, 2, 164, 0, 0, 0, 0, 0, 0, 92)
11 (1, 4, 225, 257, 169, 0, 0, 0, 0, 0, 0, 92)
12 (1, 4, 0, 567, 59, 1, 0, 32, 1, 1, 0, 35)
13 (1, 4, 0, 502, 0, 80, 0, 160, 0, 0, 0, 4)
14 (1, 4, 0, 466, 0, 60, 0, 268, 0, 0, 0, 57)
15 (1, 4, 0, 76, 0, 28, 0, 323, 0, 0, 0, 237)
16 (1, 4, 73, 0, 0, 32, 119, 267, 2, 2, 0, 45)
17 (1, 4, 71, 0, 0, 0, 143, 152, 1, 1, 0, 250)
18 (1, 4, 173, 0, 105, 0, 125, 100, 0, 0, 0, 159)
19 (1, 4, 216, 0, 255, 0, 93, 60, 0, 0, 0, 137)
20 (1, 4, 223, 0, 344, 0, 49, 25, 0, 0, 0, 42)
21 (1, 4, 237, 0, 322, 0, 0, 0, 0, 0, 0, 234)
22 (1, 4, 250, 91, 248, 0, 0, 0, 0, 0, 0, 23)
23 (1, 4, 271, 327, 201, 0, 0, 0, 0, 0, 0, 96)
24 (1, 4, 45, 615, 66, 0, 0, 54, 0, 0, 0, 27)
25 (1, 4, 0, 465, 0, 25, 0, 175, 0, 0, 0, 15)
26 (1, 4, 0, 284, 0, 51, 0, 289, 0, 0, 0, 251)
27 (1, 4, 0, 0, 0, 36, 32, 254, 0, 0, 0, 125)
28 (1, 4, 0, 0, 0, 37, 89, 150, 0, 0, 0, 70)
29 (1, 4, 0, 0, 0, 16, 65, 85, 0, 0, 0, 214)
30 (1, 4, 0, 0, 0, 0, 31, 64, 0, 0, 0, 23)
31 (1, 4, 0, 0, 32, 14, 13, 53, 0, 0, 0, 185)
32 (1, 4, 7, 61, 67, 30, 0, 56, 0, 0, 0, 190)
1 (1, 4, 0, 387, 128, 5, 0, 24, 2, 2, 0, 251)
2 (1, 4, 0, 489, 263, 0, 5, 8, 1, 1, 0, 28)
3 (1, 4, 0, 598, 402, 0, 0, 12, 1, 2, 0, 49)
4 (1, 4, 0, 407, 496, 0, 0, 44, 1, 1, 0, 24)
5 (1, 4, 0, 263, 330, 0, 0, 49, 0, 1, 0, 106)
6 (1, 4, 103, 43, 356, 0, 0, 25, 0, 1, 0, 56)
7 (1, 4, 0, 345, 226, 0, 2, 0, 0, 1, 0, 61)
8 (1, 4, 0, 248, 178, 0, 0, 1, 0, 1, 0, 7)
9 (1, 4, 48, 56, 42, 0, 0, 0, 0, 1, 0, 79)
10 (1, 4, 0, 110, 0, 0, 7, 0, 0, 1, 0, 56)
11 (1, 4, 0, 77, 0, 0, 0, 7, 0, 1, 0, 89)
12 (1, 4, 43, 0, 0, 0, 25, 0, 0, 1, 0, 141)
13 (1, 4, 10, 14, 9, 0, 32, 0, 0, 1, 0, 88)
14 (1, 4, 0, 16, 21, 0, 23, 0, 0, 1, 0, 44)
15 (1, 4, 0, 0, 0, 0, 22, 0, 0, 1, 0, 129)
16 (1, 4, 0, 0, 0, 0, 21, 0, 0, 1, 0, 10)
17 (1, 4, 12, 0, 5, 0, 26, 0, 0, 1, 0, 33)
18 (1, 4, 3, 5, 6, 0, 24, 0, 0, 1, 0, 93)
19 (1, 4, 5, 2, 4, 0, 23, 0, 0, 1, 0, 253)
20 (1, 4, 8, 0, 0, 0, 25, 0, 0, 1, 0, 88)
21 (1, 4, 0, 0, 0, 0, 27, 0, 0, 1, 0, 218)
22 (1, 4, 0, 1, 0, 0, 25, 0, 0, 1, 0, 157)
23 (1, 4, 0, 0, 0, 0, 23, 0, 0, 1, 0, 248)
24 (1, 4, 0, 7, 0, 0, 23, 0, 0, 1, 0, 250)
25 (1, 4, 0, 0, 0, 0, 22, 0, 0, 1, 0, 129)
26 (1, 4, 1, 3, 0, 0, 24, 0, 0, 1, 0, 135)
27 (1, 4, 0, 0, 0, 0, 24, 0, 0, 1, 0, 81)
28 (1, 4, 0, 6, 0, 0, 23, 0, 0, 1, 0, 79)
29 (1, 4, 0, 1, 0, 0, 23, 0, 0, 1, 0, 77)
30 (1, 4, 6, 3, 3, 0, 23, 0, 0, 1, 0, 191)
31 (1, 4, 3, 0, 0, 0, 24, 0, 0, 1, 0, 67)
32 (1, 4, 0, 1, 0, 0, 24, 0, 0, 1, 0, 228)
1 (1, 4, 446, 0, 0, 0, 0, 12, 1, 1, 0, 140)
2 (1, 4, 389, 0, 0, 0, 0, 65, 2, 1, 0, 106)
3 (1, 4, 385, 0, 0, 0, 0, 85, 2, 2, 0, 73)
4 (1, 4, 232, 0, 0, 0, 5, 104, 1, 1, 0, 200)
5 (1, 4, 199, 0, 0, 0, 45, 110, 1, 1, 0, 85)
6 (1, 4, 112, 0, 0, 0, 70, 107, 1, 1, 0, 186)
7 (1, 4, 114, 0, 149, 0, 88, 88, 1, 0, 0, 200)
8 (1, 4, 125, 0, 214, 0, 84, 72, 1, 0, 0, 35)
9 (1, 4, 201, 0, 353, 0, 62, 24, 0, 0, 0, 49)
10 (1, 4, 240, 0, 302, 0, 12, 0, 0, 0, 0, 137)
11 (1, 4, 300, 0, 264, 0, 0, 0, 0, 0, 0, 18)
12 (1, 4, 256, 58, 179, 0, 0, 0, 0, 0, 0, 202)
13 (1, 4, 202, 274, 139, 0, 0, 0, 0, 0, 0, 145)
14 (1, 4, 33, 465, 62, 5, 0, 41, 1, 1, 0, 182)
15 (1, 4, 0, 604, 0, 2, 0, 105, 0, 0, 0, 215)
16 (1, 4, 0, 536, 0, 0, 0, 217, 0, 0, 0, 72)
17 (1, 4, 0, 158, 0, 14, 0, 313, 0, 0, 0, 206)
18 (1, 4, 0, 0, 0, 0, 23, 303, 0, 0, 0, 226)
19 (1, 4, 60, 0, 0, 0, 90, 232, 0, 0, 0, 57)
20 (1, 4, 32, 0, 0, 0, 102, 158, 0, 0, 0, 192)
21 (1, 4, 148, 0, 35, 0, 110, 107, 0, 0, 0, 89)
22 (1, 4, 160, 0, 211, 0, 100, 62, 0, 0, 0, 194)
23 (1, 4, 226, 0, 321, 0, 38, 0, 0, 0, 0, 23)
24 (1, 4, 264, 0, 274, 0, 0, 0, 0, 0, 0, 1)
25 (1, 4, 310, 104, 218, 0, 0, 0, 0, 0, 0, 107)
26 (1, 4, 281, 395, 174, 0, 0, 0, 0, 0, 0, 175)
27 (1, 4, 0, 737, 226, 0, 0, 38, 0, 0, 0, 240)
28 (1, 4, 74, 556, 0, 0, 0, 200, 0, 0, 0, 216)
29 (1, 4, 0, 309, 0, 13, 0, 304, 0, 0, 0, 151)
30 (1, 4, 0, 0, 0, 21, 0, 247, 0, 0, 0, 68)
31 (1, 4, 0, 0, 0, 9, 43, 143, 0, 0, 0, 173)
32 (1, 4, 0, 0, 0, 12, 53, 87, 0, 0, 0, 109)
1 (1, 4, 87, 0, 97, 0, 103, 74, 1, 0, 0, 167)
2 (1, 4, 16, 0, 230, 0, 114, 58, 0, 0, 0, 90)
3 (1, 4, 65, 0, 323, 0, 81, 48, 1, 0, 0, 18)
4 (1, 4, 213, 0, 395, 0, 35, 4, 1, 1, 0, 101)
5 (1, 4, 308, 0, 303, 0, 0, 10, 1, 1, 0, 195)
6 (1, 4, 324, 0, 201, 0, 0, 0, 1, 1, 0, 230)
7 (1, 4, 304, 168, 89, 0, 0, 0, 1, 0, 0, 229)
8 (1, 4, 184, 400, 13, 0, 0, 30, 0, 0, 0, 58)
9 (1, 4, 0, 554, 0, 23, 0, 113, 1, 0, 0, 143)
10 (1, 4, 0, 516, 0, 36, 0, 175, 0, 0, 0, 46)
11 (1, 4, 0, 353, 0, 25, 0, 253, 0, 0, 0, 130)
12 (1, 4, 0, 149, 0, 13, 0, 259, 1, 1, 0, 172)
13 (1, 4, 0, 0, 0, 0, 14, 263, 1, 1, 0, 157)
14 (1, 4, 0, 0, 0, 0, 51, 225, 0, 0, 0, 204)
15 (1, 4, 60, 0, 0, 0, 83, 184, 0, 0, 0, 23)
16 (1, 4, 105, 0, 0, 0, 74, 135, 0, 0, 0, 254)
17 (1, 4, 171, 0, 85, 0, 76, 101, 0, 0, 0, 246)
18 (1, 4, 171, 0, 234, 0, 73, 60, 0, 0, 0, 230)
19 (1, 4, 115, 0, 248, 0, 22, 28, 0, 0, 0, 45)
20 (1, 4, 265, 0, 240, 0, 0, 0, 0, 0, 0, 137)
21 (1, 4, 219, 6, 202, 0, 0, 0, 0, 0, 0, 78)
22 (1, 4, 310, 198, 161, 0, 0, 0, 0, 0, 0, 209)
23 (1, 4, 152, 456, 152, 8, 0, 0, 0, 0, 0, 229)
24 (1, 4, 44, 531, 48, 47, 0, 93, 0, 0, 0, 158)
25 (1, 4, 0, 411, 0, 65, 0, 201, 0, 0, 0, 160)
26 (1, 4, 0, 252, 0, 71, 0, 195, 1, 1, 0, 30)
27 (1, 4, 0, 75, 0, 29, 0, 201, 3, 3, 0, 27)
28 (1, 4, 0, 0, 0, 20, 36, 157, 1, 1, 0, 11)
29 (1, 4, 0, 0, 0, 22, 64, 100, 1, 1, 0, 73)
30 (1, 4, 0, 0, 0, 12, 22, 85, 1, 1, 0, 91)
31 (1, 4, 0, 0, 0, 18, 12, 66, 1, 1, 0, 96)
32 (1, 4, 9, 48, 54, 29, 0, 71, 1, 1, 0, 96)
1 (1, 4, 3, 0, 0, 0, 0, 82, 0, 1, 0, 40)
2 (1, 4, 25, 0, 0, 0, 0, 101, 0, 1, 0, 197)
3 (1, 4, 31, 0, 0, 0, 0, 111, 0, 1, 0, 178)
4 (1, 4, 64, 0, 0, 0, 0, 122, 0, 1, 0, 248)
5 (1, 4, 150, 0, 0, 0, 0, 144, 0, 1, 0, 157)
6 (1, 4, 149, 0, 0, 0, 0, 157, 0, 1, 0, 207)
7 (1, 4, 158, 0, 0, 0, 6, 150, 0, 1, 0, 48)
8 (1, 4, 101, 0, 0, 0, 76, 141, 1, 1, 0, 253)
9 (1, 4, 84, 0, 16, 0, 153, 116, 1, 1, 0, 18)
10 (1, 4, 99, 0, 248, 0, 124, 60, 0, 1, 0, 35)
11 (1, 4, 116, 0, 368, 0, 84, 9, 0, 1, 0, 237)
12 (1, 4, 133, 0, 283, 0, 0, 0, 0, 1, 0, 19)
13 (1, 4, 231, 0, 167, 0, 0, 0, 0, 1, 0, 142)
14 (1, 4, 256, 186, 92, 0, 0, 0, 0, 1, 0, 13)
15 (1, 4, 109, 487, 16, 0, 0, 0, 1, 1, 0, 167)
16 (1, 4, 0, 624, 0, 57, 0, 121, 0, 1, 0, 3)
17 (1, 4, 0, 287, 0, 85, 0, 276, 0, 1, 0, 238)
18 (1, 4, 0, 89, 0, 60, 0, 302, 0, 1, 0, 197)
19 (1, 4, 0, 0, 0, 29, 19, 270, 0, 1, 0, 120)
20 (1, 4, 20, 0, 0, 0, 85, 191, 0, 1, 0, 201)
21 (1, 4, 89, 0, 0, 5, 113, 112, 0, 1, 0, 189)
22 (1, 4, 103, 0, 83, 0, 119, 94, 0, 1, 0, 4)
23 (1, 4, 180, 0, 240, 0, 92, 40, 0, 1, 0, 98)
24 (1, 4, 209, 0, 277, 0, 19, 10, 1, 1, 0, 176)
25 (1, 4, 253, 0, 240, 0, 0, 0, 1, 1, 0, 1)
26 (1, 4, 289, 79, 162, 0, 0, 0, 0, 1, 0, 204)
27 (1, 4, 124, 359, 105, 0, 0, 0, 0, 1, 0, 120)
28 (1, 4, 0, 503, 0, 70, 0, 84, 0, 1, 0, 167)
29 (1, 4, 0, 381, 0, 101, 0, 198, 0, 1, 0, 80)
30 (1, 4, 0, 142, 0, 79, 0, 235, 0, 1, 0, 130)
31 (1, 4, 0, 0, 0, 54, 42, 175, 0, 1, 0, 165)
32 (1, 4, 0, 0, 0, 46, 57, 93, 0, 1, 0, 160)
1 (1, 4, 204, 0, 0, 0, 0, 49, 1, 1, 0, 14)
2 (1, 4, 266, 0, 0, 0, 0, 57, 1, 1, 0, 94)
3 (1, 4, 285, 0, 0, 0, 0, 99, 3, 2, 0, 40)
4 (1, 4, 217, 0, 0, 0, 0, 134, 2, 2, 0, 40)
5 (1, 4, 182, 0, 0, 0, 0, 140, 2, 1, 0, 210)
6 (1, 4, 161, 0, 0, 0, 19, 149, 2, 1, 0, 240)
7 (1, 4, 144, 0, 0, 0, 60, 128, 2, 1, 0, 4)
8 (1, 4, 139, 0, 0, 0, 110, 123, 1, 0, 0, 23)
9 (1, 4, 107, 0, 201, 0, 116, 101, 1, 0, 0, 45)
10 (1, 4, 196, 0, 310, 0, 85, 67, 1, 0, 0, 51)
11 (1, 4, 231, 0, 332, 0, 40, 31, 1, 0, 0, 207)
12 (1, 4, 276, 0, 301, 0, 5, 0, 1, 0, 0, 137)
13 (1, 4, 345, 0, 257, 0, 0, 0, 1, 0, 0, 192)
14 (1, 4, 314, 195, 249, 0, 0, 0, 1, 0, 0, 172)
15 (1, 4, 267, 400, 164, 0, 0, 20, 0, 0, 0, 108)
16 (1, 4, 40, 522, 78, 0, 0, 107, 0, 0, 0, 132)
17 (1, 4, 0, 508, 0, 31, 0, 137, 0, 0, 0, 62)
18 (1, 4, 0, 460, 0, 14, 0, 186, 0, 0, 0, 97)
19 (1, 4, 0, 245, 0, 0, 0, 296, 0, 0, 0, 82)
20 (1, 4, 6, 0, 0, 0, 0, 324, 2, 1, 0, 236)
21 (1, 4, 52, 0, 0, 0, 94, 284, 1, 1, 0, 66)
22 (1, 4, 80, 0, 0, 0, 148, 199, 1, 1, 0, 144)
23 (1, 4, 157, 0, 42, 0, 137, 131, 2, 2, 0, 210)
24 (1, 4, 213, 0, 202, 0, 71, 77, 2, 1, 0, 117)
25 (1, 4, 283, 0, 242, 0, 4, 47, 2, 1, 0, 78)
26 (1, 4, 305, 0, 205, 0, 0, 7, 1, 0, 0, 88)
27 (1, 4, 330, 0, 184, 0, 0, 0, 0, 0, 0, 85)
28 (1, 4, 314, 161, 129, 0, 0, 0, 0, 0, 0, 36)
29 (1, 4, 131, 476, 151, 11, 0, 0, 0, 0, 0, 164)
30 (1, 4, 0, 574, 46, 31, 0, 70, 0, 0, 0, 252)
31 (1, 4, 0, 555, 0, 37, 0, 191, 0, 0, 0, 145)
32 (1, 4, 0, 245, 0, 40, 0, 256, 0, 0, 0, 8)
1 (1, 4, 254, 0, 0, 0, 0, 124, 1, 1, 0, 48)
2 (1, 4, 269, 0, 0, 0, 0, 134, 1, 1, 0, 117)
3 (1, 4, 207, 0, 0, 0, 40, 145, 1, 1, 0, 251)
4 (1, 4, 94, 0, 0, 0, 77, 113, 1, 1, 0, 227)
5 (1, 4, 153, 0, 67, 0, 89, 87, 1, 0, 0, 117)
6 (1, 4, 236, 0, 225, 0, 108, 54, 0, 0, 0, 134)
7 (1, 4, 287, 0, 314, 0, 65, 32, 0, 0, 0, 75)
8 (1, 4, 384, 0, 341, 0, 35, 0, 1, 0, 0, 158)
9 (1, 4, 372, 40, 313, 0, 0, 16, 0, 0, 0, 188)
10 (1, 4, 375, 174, 234, 0, 0, 1, 0, 0, 0, 135)
11 (1, 4, 292, 355, 121, 0, 0, 14, 0, 0, 0, 139)
12 (1, 4, 85, 526, 40, 0, 0, 67, 0, 0, 0, 137)
13 (1, 4, 0, 579, 0, 14, 0, 130, 0, 0, 0, 97)
14 (1, 4, 0, 540, 0, 4, 0, 220, 0, 0, 0, 68)
15 (1, 4, 0, 398, 0, 0, 0, 250, 0, 0, 0, 112)
16 (1, 4, 0, 72, 0, 0, 0, 315, 1, 1, 0, 144)
17 (1, 4, 75, 0, 0, 0, 60, 300, 1, 1, 0, 33)
18 (1, 4, 127, 0, 0, 0, 88, 206, 1, 1, 0, 52)
19 (1, 4, 218, 0, 0, 0, 138, 154, 1, 1, 0, 106)
20 (1, 4, 186, 0, 134, 0, 82, 107, 2, 1, 0, 10)
21 (1, 4, 302, 0, 256, 0, 67, 53, 1, 1, 0, 242)
22 (1, 4, 294, 0, 325, 0, 0, 15, 1, 1, 0, 3)
23 (1, 4, 314, 0, 213, 0, 0, 0, 0, 0, 0, 136)
24 (1, 4, 434, 186, 56, 0, 0, 0, 0, 0, 0, 19)
25 (1, 4, 169, 522, 105, 0, 0, 0, 0, 0, 0, 236)
26 (1, 4, 0, 575, 75, 51, 0, 118, 0, 0, 0, 153)
27 (1, 4, 0, 493, 0, 69, 0, 229, 0, 0, 0, 117)
28 (1, 4, 0, 114, 0, 84, 0, 263, 0, 0, 0, 87)
29 (1, 4, 0, 0, 0, 59, 12, 225, 0, 0, 0, 42)
30 (1, 4, 0, 0, 0, 33, 48, 150, 0, 0, 0, 149)
31 (1, 4, 0, 0, 0, 20, 49, 97, 0, 0, 0, 63)
32 (1, 4, 0, 0, 0, 14, 29, 64, 0, 0, 0, 95)
1 (1, 4, 228, 385, 110, 0, 0, 20, 0, 0, 0, 34)
2 (1, 4, 63, 420, 0, 0, 0, 74, 0, 0, 0, 233)
3 (1, 4, 0, 614, 0, 35, 0, 142, 0, 0, 0, 33)
4 (1, 4, 0, 437, 0, 50, 0, 248, 0, 0, 0, 33)
5 (1, 4, 0, 248, 0, 75, 0, 320, 1, 0, 0, 238)
6 (1, 4, 0, 0, 0, 10, 10, 364, 1, 0, 0, 187)
7 (1, 4, 0, 0, 0, 0, 75, 274, 1, 1, 0, 100)
8 (1, 4, 99, 0, 0, 0, 119, 181, 1, 1, 0, 131)
9 (1, 4, 148, 0, 0, 0, 152, 98, 1, 1, 0, 151)
10 (1, 4, 254, 0, 192, 0, 113, 44, 1, 1, 0, 71)
11 (1, 4, 280, 0, 328, 0, 57, 0, 1, 1, 0, 207)
12 (1, 4, 395, 0, 282, 0, 0, 0, 1, 1, 0, 179)
13 (1, 4, 367, 140, 244, 0, 0, 0, 1, 1, 0, 220)
14 (1, 4, 312, 340, 176, 0, 0, 0, 0, 0, 0, 134)
15 (1, 4, 70, 432, 0, 12, 0, 98, 0, 0, 0, 77)
16 (1, 4, 0, 468, 0, 72, 0, 145, 0, 0, 0, 9)
17 (1, 4, 0, 179, 0, 104, 0, 222, 0, 0, 0, 250)
18 (1, 4, 0, 0, 0, 73, 54, 215, 1, 1, 0, 211)
19 (1, 4, 0, 0, 0, 49, 56, 141, 1, 0, 0, 158)
20 (1, 4, 0, 0, 0, 30, 55, 84, 1, 0, 0, 82)
21 (1, 4, 0, 0, 0, 25, 30, 52, 0, 0, 0, 60)
22 (1, 4, 0, 0, 0, 31, 6, 59, 0, 0, 0, 195)
23 (1, 4, 3, 8, 14, 39, 0, 78, 0, 0, 0, 197)
24 (1, 4, 0, 18, 36, 55, 0, 78, 0, 0, 0, 242)
25 (1, 4, 0, 25, 37, 57, 0, 80, 0, 0, 0, 66)
26 (1, 4, 0, 15, 17, 60, 0, 80, 0, 0, 0, 40)
27 (1, 4, 0, 60, 43, 53, 0, 75, 0, 0, 0, 249)
28 (1, 4, 4, 35, 33, 46, 0, 77, 0, 0, 0, 96)
29 (1, 4, 0, 61, 26, 45, 0, 69, 0, 0, 0, 112)
30 (1, 4, 0, 130, 34, 33, 0, 65, 0, 0, 0, 175)
31 (1, 4, 0, 148, 33, 33, 0, 52, 1, 0, 0, 61)
32 (1, 4, 0, 391, 110, 21, 5, 17, 1, 1, 0, 91)
1 (1, 4, 144, 0, 0, 0, 0, 67, 2, 1, 0, 7)
2 (1, 4, 291, 0, 0, 0, 0, 90, 1, 1, 0, 101)
3 (1, 4, 105, 0, 0, 0, 0, 136, 2, 1, 0, 129)
4 (1, 4, 158, 0, 0, 0, 0, 147, 2, 1, 0, 79)
5 (1, 4, 118, 0, 0, 0, 3, 144, 1, 0, 0, 68)
6 (1, 4, 143, 0, 0, 0, 56, 114, 1, 0, 0, 148)
7 (1, 4, 148, 0, 59, 0, 87, 84, 1, 0, 0, 67)
8 (1, 4, 164, 0, 214, 0, 103, 43, 0, 0, 0, 194)
9 (1, 4, 228, 0, 305, 0, 79, 24, 0, 0, 0, 223)
10 (1, 4, 268, 0, 330, 0, 36, 14, 1, 0, 0, 171)
11 (1, 4, 300, 0, 272, 0, 4, 8, 1, 0, 0, 186)
12 (1, 4, 289, 17, 205, 0, 0, 0, 0, 0, 0, 29)
13 (1, 4, 329, 226, 15, 0, 0, 0, 0, 0, 0, 255)
14 (1, 4, 190, 623, 0, 0, 0, 53, 0, 0, 0, 253)
15 (1, 4, 0, 556, 0, 14, 0, 202, 0, 0, 0, 62)
16 (1, 4, 0, 450, 0, 47, 0, 305, 1, 1, 0, 181)
17 (1, 4, 0, 20, 0, 0, 0, 399, 3, 2, 0, 239)
18 (1, 4, 0, 0, 0, 0, 111, 349, 1, 1, 0, 54)
19 (1, 4, 4, 0, 0, 0, 189, 241, 1, 1, 0, 202)
20 (1, 4, 70, 0, 10, 0, 174, 108, 2, 1, 0, 125)
21 (1, 4, 247, 0, 219, 0, 139, 39, 2, 1, 0, 254)
22 (1, 4, 307, 0, 350, 0, 75, 19, 2, 1, 0, 23)
23 (1, 4, 390, 0, 301, 0, 0, 0, 2, 2, 0, 138)
24 (1, 4, 423, 181, 148, 0, 0, 0, 3, 2, 0, 233)
25 (1, 4, 44, 498, 0, 0, 0, 16, 2, 1, 0, 36)
26 (1, 4, 0, 610, 0, 67, 0, 161, 2, 1, 0, 48)
27 (1, 4, 0, 302, 0, 135, 0, 264, 1, 1, 0, 103)
28 (1, 4, 0, 15, 0, 108, 0, 285, 0, 0, 0, 205)
29 (1, 4, 0, 0, 0, 76, 45, 214, 1, 0, 0, 203)
30 (1, 4, 0, 0, 0, 39, 84, 105, 1, 0, 0, 5)
31 (1, 4, 9, 0, 0, 1, 40, 74, 1, 0, 0, 167)
32 (1, 4, 7, 0, 51, 5, 20, 21, 1, 0, 0, 112)
1 (1, 4, 0, 327, 308, 0, 0, 3, 0, 0, 0, 254)
2 (1, 4, 52, 421, 397, 0, 0, 20, 0, 0, 0, 84)
3 (1, 4, 32, 358, 368, 0, 0, 83, 0, 0, 0, 125)
4 (1, 4, 253, 93, 263, 0, 0, 74, 0, 0, 0, 19)
5 (1, 4, 26, 286, 173, 0, 0, 70, 0, 0, 0, 130)
6 (1, 4, 5, 365, 192, 0, 0, 27, 0, 0, 0, 101)
7 (1, 4, 0, 470, 249, 0, 0, 22, 1, 1, 0, 122)
8 (1, 4, 170, 210, 134, 0, 0, 33, 0, 0, 0, 176)
9 (1, 4, 40, 37, 1, 0, 6, 21, 0, 0, 0, 152)
10 (1, 4, 0, 142, 0, 0, 3, 25, 0, 0, 0, 22)
11 (1, 4, 24, 3, 59, 0, 2, 0, 0, 0, 0, 66)
12 (1, 4, 0, 44, 40, 0, 17, 0, 0, 0, 0, 107)
13 (1, 4, 0, 96, 39, 0, 14, 0, 0, 0, 0, 244)
14 (1, 4, 0, 89, 21, 0, 6, 0, 0, 0, 0, 62)
15 (1, 4, 1, 0, 0, 0, 8, 0, 0, 0, 0, 177)
16 (1, 4, 28, 0, 6, 0, 15, 0, 0, 0, 0, 14)
17 (1, 4, 20, 0, 0, 0, 21, 0, 0, 0, 0, 185)
18 (1, 4, 5, 0, 0, 0, 17, 0, 0, 0, 0, 180)
19 (1, 4, 4, 0, 0, 0, 17, 0, 0, 0, 0, 186)
20 (1, 4, 2, 0, 0, 0, 20, 0, 0, 0, 0, 4)
21 (1, 4, 0, 11, 0, 0, 16, 0, 0, 0, 0, 144)
22 (1, 4, 0, 2, 0, 0, 15, 0, 0, 0, 0, 186)
23 (1, 4, 0, 0, 0, 0, 13, 0, 0, 0, 0, 37)
24 (1, 4, 0, 0, 0, 0, 16, 0, 0, 0, 0, 251)
25 (1, 4, 0, 0, 0, 0, 13, 0, 0, 0, 0, 37)
26 (1, 4, 0, 5, 0, 0, 16, 0, 0, 0, 0, 148)
27 (1, 4, 0, 6, 0, 0, 11, 0, 0, 0, 0, 131)
28 (1, 4, 0, 1, 0, 0, 11, 0, 0, 0, 0, 129)
29 (1, 4, 2, 1, 0, 0, 12, 0, 0, 0, 0, 245)
30 (1, 4, 0, 3, 0, 0, 13, 0, 0, 0, 0, 253)
31 (1, 4, 0, 0, 0, 0, 10, 0, 0, 0, 0, 77)
32 (1, 4, 0, 0, 0, 0, 9, 0, 0, 0, 0, 198)
1 (1, 4, 55, 0, 4, 0, 2, 0, 0, 0, 0, 223)
2 (1, 4, 84, 0, 0, 0, 0, 0, 0, 0, 0, 47)
3 (1, 4, 105, 0, 0, 0, 0, 0, 0, 0, 0, 78)
4 (1, 4, 264, 0, 0, 0, 0, 0, 1, 0, 0, 110)
5 (1, 4, 383, 0, 0, 0, 0, 0, 1, 1, 0, 129)
6 (1, 4, 381, 0, 0, 0, 0, 2, 1, 1, 0, 36)
7 (1, 4, 632, 0, 0, 0, 0, 11, 1, 1, 0, 33)
8 (1, 4, 434, 0, 0, 0, 0, 76, 2, 2, 0, 154)
9 (1, 4, 484, 0, 0, 0, 0, 94, 2, 1, 0, 0)
10 (1, 4, 360, 0, 0, 0, 0, 126, 1, 1, 0, 90)
11 (1, 4, 353, 0, 0, 0, 16, 118, 1, 1, 0, 75)
12 (1, 4, 251, 0, 0, 0, 60, 112, 1, 0, 0, 88)
13 (1, 4, 159, 0, 92, 0, 107, 77, 3, 2, 0, 159)
14 (1, 4, 179, 0, 184, 0, 101, 44, 2, 1, 0, 142)
15 (1, 4, 320, 0, 292, 0, 92, 11, 2, 1, 0, 150)
16 (1, 4, 316, 0, 336, 0, 29, 1, 1, 1, 0, 194)
17 (1, 4, 322, 0, 240, 0, 0, 6, 1, 1, 0, 167)
18 (1, 4, 326, 85, 187, 0, 0, 0, 1, 0, 0, 73)
19 (1, 4, 205, 378, 114, 0, 0, 3, 0, 0, 0, 140)
20 (1, 4, 13, 478, 0, 5, 0, 67, 1, 1, 0, 115)
21 (1, 4, 0, 582, 0, 44, 0, 151, 1, 1, 0, 169)
22 (1, 4, 0, 348, 0, 83, 0, 231, 1, 1, 0, 103)
23 (1, 4, 0, 261, 0, 47, 0, 299, 1, 1, 0, 181)
24 (1, 4, 0, 0, 0, 0, 6, 345, 1, 0, 0, 135)
25 (1, 4, 7, 0, 0, 0, 104, 242, 1, 0, 0, 228)
26 (1, 4, 71, 0, 0, 0, 160, 171, 1, 0, 0, 33)
27 (1, 4, 161, 0, 25, 0, 124, 102, 1, 0, 0, 15)
28 (1, 4, 302, 0, 208, 0, 111, 46, 1, 0, 0, 193)
29 (1, 4, 312, 0, 324, 0, 34, 0, 1, 0, 0, 78)
30 (1, 4, 309, 3, 249, 0, 0, 0, 1, 0, 0, 116)
31 (1, 4, 346, 127, 170, 0, 0, 0, 1, 0, 0, 22)
32 (1, 4, 121, 459, 176, 2, 0, 1, 1, 0, 0, 81)
1 (1, 4, 196, 0, 122, 0, 133, 108, 1, 1, 0, 239)
2 (1, 4, 223, 0, 282, 0, 109, 85, 1, 0, 0, 251)
3 (1, 4, 324, 0, 379, 0, 72, 44, 1, 0, 0, 106)
4 (1, 4, 453, 0, 368, 0, 23, 12, 1, 0, 0, 225)
5 (1, 4, 457, 22, 338, 0, 0, 0, 1, 0, 0, 220)
6 (1, 4, 411, 170, 262, 0, 0, 0, 1, 0, 0, 184)
7 (1, 4, 286, 512, 191, 0, 0, 10, 2, 1, 0, 208)
8 (1, 4, 51, 535, 55, 0, 0, 85, 3, 2, 0, 205)
9 (1, 4, 0, 615, 0, 30, 0, 187, 2, 1, 0, 102)
10 (1, 4, 0, 547, 0, 0, 0, 254, 2, 1, 0, 157)
11 (1, 4, 0, 277, 0, 0, 0, 311, 1, 1, 0, 212)
12 (1, 4, 14, 0, 0, 0, 0, 372, 1, 0, 0, 35)
13 (1, 4, 57, 0, 0, 0, 95, 317, 1, 0, 0, 104)
14 (1, 4, 96, 0, 0, 0, 192, 203, 1, 0, 0, 63)
15 (1, 4, 160, 0, 37, 0, 160, 125, 1, 0, 0, 180)
16 (1, 4, 312, 0, 251, 0, 129, 48, 1, 0, 0, 250)
17 (1, 4, 450, 0, 343, 0, 14, 0, 1, 0, 0, 114)
18 (1, 4, 414, 1, 290, 0, 0, 0, 1, 0, 0, 134)
19 (1, 4, 344, 299, 213, 0, 0, 0, 0, 0, 0, 150)
20 (1, 4, 0, 577, 155, 0, 0, 13, 0, 0, 0, 76)
21 (1, 4, 0, 561, 0, 54, 0, 126, 0, 0, 0, 232)
22 (1, 4, 0, 457, 0, 90, 0, 292, 0, 0, 0, 6)
23 (1, 4, 0, 166, 0, 38, 0, 322, 0, 0, 0, 116)
24 (1, 4, 0, 0, 0, 20, 83, 247, 0, 0, 0, 79)
25 (1, 4, 0, 0, 0, 11, 97, 115, 0, 0, 0, 152)
26 (1, 4, 0, 0, 0, 0, 57, 48, 0, 0, 0, 60)
27 (1, 4, 38, 0, 10, 0, 11, 15, 0, 0, 0, 189)
28 (1, 4, 64, 19, 47, 26, 0, 17, 0, 0, 0, 212)
29 (1, 4, 20, 118, 92, 43, 0, 47, 0, 0, 0, 63)
30 (1, 4, 0, 102, 59, 53, 0, 67, 0, 0, 0, 80)
31 (1, 4, 0, 135, 78, 64, 0, 70, 0, 0, 0, 23)
32 (1, 4, 0, 136, 93, 50, 0, 80, 0, 0, 0, 136)
1 (1, 4, 5, 0, 0, 0, 19, 0, 0, 0, 0, 70)
2 (1, 4, 47, 0, 0, 0, 9, 0, 0, 0, 0, 91)
3 (1, 4, 119, 0, 0, 0, 0, 0, 0, 0, 0, 250)
4 (1, 4, 370, 0, 6, 0, 0, 0, 1, 1, 0, 182)
5 (1, 4, 530, 0, 0, 0, 0, 0, 1, 1, 0, 143)
6 (1, 4, 405, 0, 0, 0, 0, 25, 1, 0, 0, 59)
7 (1, 4, 451, 0, 0, 0, 0, 63, 1, 0, 0, 27)
8 (1, 4, 311, 0, 0, 0, 0, 94, 1, 0, 0, 163)
9 (1, 4, 294, 0, 0, 0, 42, 98, 1, 0, 0, 158)
10 (1, 4, 155, 0, 0, 0, 105, 118, 1, 0, 0, 223)
11 (1, 4, 107, 0, 145, 0, 145, 64, 1, 1, 0, 204)
12 (1, 4, 170, 0, 361, 0, 145, 64, 2, 1, 0, 146)
13 (1, 4, 260, 0, 576, 0, 67, 0, 0, 0, 0, 148)
14 (1, 4, 376, 0, 339, 0, 0, 0, 0, 0, 0, 192)
15 (1, 4, 329, 299, 96, 0, 0, 0, 0, 0, 0, 194)
16 (1, 4, 0, 597, 0, 6, 0, 43, 0, 0, 0, 81)
17 (1, 4, 0, 256, 0, 138, 0, 369, 0, 0, 0, 49)
18 (1, 4, 0, 0, 0, 78, 26, 390, 0, 0, 0, 200)
19 (1, 4, 0, 0, 0, 23, 231, 247, 1, 0, 0, 83)
20 (1, 4, 32, 0, 113, 0, 265, 119, 1, 0, 0, 186)
21 (1, 4, 257, 0, 303, 0, 120, 0, 0, 0, 0, 219)
22 (1, 4, 311, 26, 360, 0, 3, 0, 0, 0, 0, 161)
23 (1, 4, 420, 187, 191, 0, 0, 0, 0, 0, 0, 118)
24 (1, 4, 0, 849, 77, 0, 0, 0, 0, 0, 0, 140)
25 (1, 4, 0, 449, 0, 88, 0, 316, 0, 0, 0, 178)
26 (1, 4, 0, 27, 0, 104, 0, 334, 0, 0, 0, 250)
27 (1, 4, 0, 0, 0, 40, 127, 156, 0, 0, 0, 146)
28 (1, 4, 0, 0, 0, 0, 127, 39, 0, 0, 0, 247)
29 (1, 4, 22, 98, 48, 0, 49, 0, 0, 0, 0, 230)
30 (1, 4, 0, 196, 113, 0, 0, 37, 2, 1, 0, 108)
31 (1, 4, 0, 216, 169, 0, 0, 60, 1, 1, 0, 237)
32 (1, 4, 0, 253, 196, 0, 0, 64, 1, 1, 0, 155)
1 (1, 4, 214, 0, 0, 0, 0, 0, 0, 0, 0, 38)
2 (1, 4, 263, 0, 0, 0, 0, 0, 1, 0, 0, 52)
3 (1, 4, 454, 0, 0, 0, 0, 0, 1, 1, 0, 205)
4 (1, 4, 450, 0, 0, 0, 0, 24, 1, 1, 0, 204)
5 (1, 4, 560, 0, 0, 0, 0, 43, 1, 1, 0, 121)
6 (1, 4, 445, 0, 0, 0, 0, 84, 1, 1, 0, 226)
7 (1, 4, 470, 0, 0, 0, 19, 80, 1, 0, 0, 222)
8 (1, 4, 325, 0, 0, 0, 74, 122, 1, 1, 0, 135)
9 (1, 4, 125, 0, 128, 0, 104, 77, 1, 1, 0, 189)
10 (1, 4, 38, 0, 208, 0, 95, 64, 2, 1, 0, 52)
11 (1, 4, 205, 0, 273, 0, 82, 20, 2, 2, 0, 203)
12 (1, 4, 222, 0, 353, 0, 56, 5, 1, 1, 0, 112)
13 (1, 4, 237, 0, 348, 0, 0, 0, 1, 1, 0, 81)
14 (1, 4, 244, 41, 262, 0, 0, 0, 0, 0, 0, 21)
15 (1, 4, 199, 253, 191, 0, 0, 0, 0, 0, 0, 28)
16 (1, 4, 7, 668, 52, 0, 0, 30, 0, 0, 0, 186)
17 (1, 4, 0, 606, 0, 40, 0, 337, 1, 1, 0, 45)
18 (1, 4, 0, 136, 0, 17, 0, 422, 1, 0, 0, 136)
19 (1, 4, 63, 0, 0, 0, 49, 395, 1, 1, 0, 212)
20 (1, 4, 173, 0, 0, 0, 196, 236, 1, 0, 0, 180)
21 (1, 4, 204, 0, 0, 0, 199, 134, 1, 0, 0, 200)
22 (1, 4, 283, 0, 219, 0, 129, 58, 1, 0, 0, 130)
23 (1, 4, 407, 0, 360, 0, 45, 0, 1, 0, 0, 115)
24 (1, 4, 340, 4, 314, 0, 0, 1, 1, 0, 0, 5)
25 (1, 4, 360, 187, 257, 0, 0, 0, 1, 0, 0, 32)
26 (1, 4, 212, 524, 264, 0, 0, 0, 1, 0, 0, 29)
27 (1, 4, 0, 866, 211, 0, 0, 61, 1, 0, 0, 228)
28 (1, 4, 0, 746, 0, 0, 0, 176, 1, 1, 0, 220)
29 (1, 4, 0, 476, 0, 0, 0, 289, 1, 1, 0, 79)
30 (1, 4, 53, 213, 0, 0, 0, 253, 1, 1, 0, 23)
31 (1, 4, 168, 0, 0, 0, 78, 192, 1, 0, 0, 187)
32 (1, 4, 58, 0, 0, 0, 47, 152, 1, 0, 0, 64)
1 (1, 4, 0, 271, 214, 0, 0, 54, 0, 0, 0, 144)
2 (1, 4, 0, 430, 332, 0, 1, 40, 1, 1, 0, 35)
3 (1, 4, 0, 580, 440, 0, 0, 33, 1, 1, 0, 12)
4 (1, 4, 0, 531, 401, 0, 0, 19, 0, 0, 0, 248)
5 (1, 4, 0, 280, 370, 0, 0, 38, 0, 0, 0, 44)
6 (1, 4, 60, 149, 288, 0, 0, 0, 0, 0, 0, 189)
7 (1, 4, 0, 378, 119, 0, 0, 0, 0, 0, 0, 250)
8 (1, 4, 0, 320, 0, 0, 0, 0, 0, 0, 0, 24)
9 (1, 4, 0, 31, 0, 0, 0, 10, 0, 0, 0, 253)
10 (1, 4, 72, 0, 15, 0, 17, 0, 0, 0, 0, 34)
11 (1, 4, 74, 6, 47, 0, 28, 0, 0, 0, 0, 44)
12 (1, 4, 19, 6, 21, 0, 32, 0, 0, 0, 0, 131)
13 (1, 4, 0, 17, 15, 0, 29, 0, 0, 0, 0, 45)
14 (1, 4, 0, 5, 0, 0, 23, 0, 0, 0, 0, 252)
15 (1, 4, 0, 5, 0, 0, 20, 0, 0, 0, 0, 119)
16 (1, 4, 0, 0, 0, 0, 21, 0, 0, 0, 0, 97)
17 (1, 4, 0, 0, 0, 0, 27, 0, 0, 0, 0, 177)
18 (1, 4, 0, 4, 0, 0, 25, 0, 0, 0, 0, 153)
19 (1, 4, 0, 6, 0, 0, 22, 0, 0, 0, 0, 93)
20 (1, 4, 0, 4, 0, 0, 21, 0, 0, 0, 0, 187)
21 (1, 4, 0, 3, 0, 0, 23, 0, 0, 0, 0, 75)
22 (1, 4, 2, 0, 0, 0, 21, 0, 0, 0, 0, 125)
23 (1, 4, 0, 0, 0, 0, 24, 0, 0, 0, 0, 58)
24 (1, 4, 8, 7, 12, 0, 27, 0, 0, 0, 0, 33)
25 (1, 4, 0, 31, 9, 0, 22, 0, 0, 0, 0, 18)
26 (1, 4, 0, 1, 0, 0, 21, 0, 0, 0, 0, 212)
27 (1, 4, 0, 11, 0, 0, 21, 0, 0, 0, 0, 10)
28 (1, 4, 0, 5, 0, 0, 20, 0, 0, 0, 0, 119)
29 (1, 4, 0, 0, 0, 0, 20, 0, 0, 0, 0, 24)
30 (1, 4, 4, 0, 0, 0, 23, 0, 0, 0, 0, 171)
31 (1, 4, 0, 0, 0, 0, 22, 0, 0, 0, 0, 234)
32 (1, 4, 0, 13, 0, 0, 23, 0, 0, 0, 0, 79)

