0 (1, 4, 27, 0, 0, 0, 0, 83, 2, 2, 0, 30)
1 (1, 4, 88, 0, 0, 0, 0, 89, 1, 2, 0, 112)
2 (1, 4, 145, 0, 0, 0, 0, 92, 0, 1, 0, 231)
3 (1, 4, 233, 0, 0, 0, 0, 125, 1, 1, 0, 37)
4 (1, 4, 184, 0, 0, 26, 0, 147, 0, 1, 0, 89)
5 (1, 4, 166, 0, 0, 14, 0, 214, 1, 2, 0, 86)
6 (1, 4, 253, 0, 0, 0, 0, 239, 2, 2, 0, 6)
7 (1, 4, 223, 0, 0, 0, 33, 220, 1, 2, 0, 27)
8 (1, 4, 147, 0, 0, 0, 175, 126, 1, 2, 0, 172)
9 (1, 4, 139, 0, 308, 0, 213, 22, 1, 2, 0, 17)
10 (1, 4, 163, 0, 431, 0, 72, 0, 0, 1, 0, 5)
11 (1, 4, 455, 64, 166, 0, 0, 0, 0, 1, 0, 92)
12 (1, 4, 393, 532, 90, 0, 0, 0, 0, 1, 0, 29)
13 (1, 4, 5, 680, 64, 0, 0, 209, 1, 2, 0, 121)
14 (1, 4, 0, 428, 0, 145, 0, 271, 0, 1, 0, 207)
15 (1, 4, 0, 103, 0, 164, 0, 429, 1, 2, 0, 243)
16 (1, 4, 0, 0, 0, 47, 127, 411, 2, 2, 0, 231)
17 (1, 4, 68, 0, 0, 0, 251, 265, 1, 1, 0, 54)
18 (1, 4, 160, 0, 121, 0, 227, 45, 0, 0, 0, 183)
19 (1, 4, 248, 0, 303, 0, 68, 0, 0, 0, 0, 182)
20 (1, 4, 366, 131, 242, 0, 0, 0, 0, 0, 0, 27)
21 (1, 4, 268, 615, 265, 0, 0, 0, 0, 0, 0, 207)
22 (1, 4, 0, 621, 25, 0, 0, 288, 0, 0, 0, 241)
23 (1, 4, 0, 252, 0, 69, 0, 365, 0, 0, 0, 13)
24 (1, 4, 0, 0, 0, 71, 55, 278, 0, 0, 0, 32)
25 (1, 4, 0, 0, 0, 24, 118, 114, 0, 0, 0, 124)
26 (1, 4, 0, 0, 0, 5, 35, 19, 0, 0, 0, 46)
27 (1, 4, 0, 57, 1, 18, 0, 47, 0, 0, 0, 222)
28 (1, 4, 0, 18, 0, 43, 0, 80, 0, 0, 0, 212)
29 (1, 4, 0, 16, 0, 53, 0, 104, 0, 0, 0, 108)
30 (1, 4, 0, 0, 0, 60, 0, 85, 0, 1, 0, 179)
31 (1, 4, 5, 0, 6, 52, 0, 92, 1, 1, 0, 91)
0 (1, 4, 195, 0, 280, 0, 120, 0, 0, 1, 0, 86)
1 (1, 4, 111, 157, 356, 0, 19, 0, 0, 1, 0, 181)
2 (1, 4, 214, 275, 130, 0, 0, 0, 0, 1, 0, 207)
3 (1, 4, 0, 512, 10, 0, 0, 65, 0, 1, 0, 209)
4 (1, 4, 0, 424, 0, 114, 0, 251, 0, 1, 0, 68)
5 (1, 4, 0, 127, 0, 203, 0, 302, 0, 1, 0, 139)
6 (1, 4, 0, 0, 0, 168, 45, 275, 0, 1, 0, 99)
7 (1, 4, 0, 0, 0, 127, 43, 193, 0, 1, 0, 44)
8 (1, 4, 12, 0, 0, 64, 82, 162, 0, 1, 0, 119)
9 (1, 4, 169, 0, 0, 18, 126, 139, 0, 1, 0, 52)
10 (1, 4, 233, 0, 106, 0, 166, 89, 1, 1, 0, 79)
11 (1, 4, 304, 0, 264, 0, 133, 13, 0, 1, 0, 63)
12 (1, 4, 239, 13, 360, 0, 17, 0, 0, 1, 0, 208)
13 (1, 4, 378, 237, 143, 0, 0, 0, 0, 1, 0, 225)
14 (1, 4, 98, 466, 0, 0, 0, 65, 0, 1, 0, 182)
15 (1, 4, 0, 367, 0, 140, 0, 183, 0, 1, 0, 194)
16 (1, 4, 0, 74, 0, 178, 0, 244, 1, 1, 0, 111)
17 (1, 4, 0, 0, 0, 123, 9, 164, 0, 1, 0, 225)
18 (1, 4, 0, 0, 0, 43, 63, 80, 0, 1, 0, 146)
19 (1, 4, 0, 0, 0, 26, 31, 53, 0, 1, 0, 208)
20 (1, 4, 0, 20, 0, 48, 19, 66, 0, 1, 0, 66)
21 (1, 4, 6, 35, 31, 59, 3, 82, 0, 1, 0, 110)
22 (1, 4, 0, 64, 57, 54, 3, 82, 0, 1, 0, 199)
23 (1, 4, 0, 108, 155, 37, 36, 68, 4, 5, 0, 196)
24 (1, 4, 0, 184, 388, 12, 31, 36, 1, 2, 0, 85)
25 (1, 4, 105, 204, 577, 0, 0, 0, 1, 1, 0, 121)
26 (1, 4, 169, 402, 633, 0, 0, 19, 1, 1, 0, 110)
27 (1, 4, 0, 526, 495, 0, 0, 66, 1, 0, 0, 217)
28 (1, 4, 0, 298, 237, 0, 0, 120, 1, 0, 0, 186)
0 (1, 4, 229, 0, 0, 0, 25, 95, 0, 0, 0, 65)
1 (1, 4, 224, 0, 0, 15, 57, 72, 0, 0, 0, 31)
2 (1, 4, 235, 0, 0, 8, 102, 64, 0, 0, 0, 252)
3 (1, 4, 174, 0, 151, 0, 168, 90, 0, 0, 0, 174)
4 (1, 4, 168, 0, 259, 0, 202, 37, 0, 0, 0, 44)
5 (1, 4, 232, 0, 465, 0, 143, 0, 0, 0, 0, 116)
6 (1, 4, 265, 155, 458, 0, 0, 0, 0, 0, 0, 205)
7 (1, 4, 261, 323, 129, 0, 0, 0, 0, 0, 0, 145)
8 (1, 4, 0, 586, 0, 0, 0, 46, 0, 0, 0, 105)
9 (1, 4, 0, 469, 0, 88, 0, 247, 0, 0, 0, 99)
10 (1, 4, 0, 138, 0, 170, 0, 342, 0, 0, 0, 80)
11 (1, 4, 0, 0, 0, 131, 13, 381, 0, 0, 0, 247)
12 (1, 4, 0, 0, 0, 55, 146, 301, 0, 0, 0, 182)
13 (1, 4, 0, 0, 0, 0, 182, 187, 0, 0, 0, 167)
14 (1, 4, 174, 0, 44, 0, 219, 114, 1, 1, 0, 130)
15 (1, 4, 248, 0, 331, 0, 185, 0, 0, 1, 0, 123)
16 (1, 4, 351, 2, 403, 0, 0, 0, 0, 0, 0, 74)
17 (1, 4, 354, 236, 246, 0, 0, 0, 0, 0, 0, 253)
18 (1, 4, 40, 523, 97, 0, 0, 65, 0, 0, 0, 100)
19 (1, 4, 0, 421, 0, 95, 0, 130, 0, 0, 0, 131)
20 (1, 4, 0, 321, 0, 130, 0, 219, 0, 0, 0, 174)
21 (1, 4, 0, 102, 0, 84, 0, 234, 0, 0, 0, 235)
22 (1, 4, 0, 0, 0, 68, 64, 150, 0, 0, 0, 88)
23 (1, 4, 0, 0, 0, 47, 80, 84, 0, 0, 0, 78)
24 (1, 4, 0, 0, 0, 22, 23, 64, 0, 0, 0, 99)
25 (1, 4, 30, 0, 17, 27, 0, 60, 0, 0, 0, 226)
26 (1, 4, 7, 0, 33, 40, 0, 59, 0, 0, 0, 209)
27 (1, 4, 13, 20, 67, 56, 2, 56, 0, 0, 0, 79)
28 (1, 4, 0, 73, 139, 47, 6, 54, 0, 0, 0, 238)
29 (1, 4, 0, 77, 265, 33, 2, 41, 0, 0, 0, 196)
0 (1, 4, 155, 0, 0, 0, 21, 114, 0, 0, 0, 120)
1 (1, 4, 104, 0, 0, 0, 27, 93, 1, 0, 0, 59)
2 (1, 4, 49, 0, 0, 7, 28, 77, 0, 0, 0, 168)
3 (1, 4, 63, 0, 20, 18, 78, 75, 0, 0, 0, 232)
4 (1, 4, 38, 0, 128, 26, 123, 85, 1, 0, 0, 219)
5 (1, 4, 78, 0, 212, 29, 130, 77, 0, 0, 0, 39)
6 (1, 4, 61, 0, 380, 0, 90, 42, 0, 0, 0, 132)
7 (1, 4, 110, 0, 369, 0, 1, 0, 0, 0, 0, 174)
8 (1, 4, 251, 0, 230, 0, 0, 0, 0, 0, 0, 34)
9 (1, 4, 267, 166, 76, 0, 0, 0, 0, 0, 0, 115)
10 (1, 4, 89, 422, 71, 0, 0, 37, 0, 0, 0, 237)
11 (1, 4, 0, 479, 63, 21, 0, 92, 0, 0, 0, 140)
12 (1, 4, 0, 370, 0, 79, 0, 255, 0, 0, 0, 226)
13 (1, 4, 0, 196, 0, 155, 0, 282, 0, 0, 0, 12)
14 (1, 4, 0, 0, 0, 107, 0, 301, 0, 1, 0, 56)
15 (1, 4, 0, 0, 0, 52, 58, 230, 0, 0, 0, 5)
16 (1, 4, 109, 0, 0, 6, 128, 103, 0, 0, 0, 247)
17 (1, 4, 111, 0, 88, 0, 100, 115, 0, 1, 0, 156)
18 (1, 4, 212, 0, 83, 0, 78, 32, 0, 1, 0, 5)
19 (1, 4, 267, 0, 146, 0, 28, 0, 0, 1, 0, 115)
20 (1, 4, 238, 13, 186, 0, 0, 0, 0, 1, 0, 37)
21 (1, 4, 210, 215, 140, 0, 0, 0, 0, 1, 0, 135)
22 (1, 4, 90, 394, 79, 10, 0, 6, 0, 0, 0, 233)
23 (1, 4, 0, 523, 63, 41, 0, 80, 0, 0, 0, 152)
24 (1, 4, 0, 341, 0, 100, 0, 204, 0, 0, 0, 6)
25 (1, 4, 0, 143, 0, 108, 0, 220, 0, 0, 0, 245)
26 (1, 4, 0, 45, 0, 72, 14, 164, 0, 0, 0, 195)
27 (1, 4, 0, 0, 0, 41, 54, 121, 0, 1, 0, 128)
28 (1, 4, 0, 0, 0, 25, 28, 83, 0, 1, 0, 82)
29 (1, 4, 9, 0, 0, 23, 1, 76, 0, 1, 0, 98)
30 (1, 4, 27, 0, 20, 33, 0, 77, 0, 1, 0, 69)
0 (1, 4, 306, 0, 0, 0, 0, 98, 1, 1, 0, 19)
1 (1, 4, 529, 0, 0, 0, 0, 85, 2, 1, 0, 7)
2 (1, 4, 424, 0, 0, 0, 0, 120, 1, 2, 0, 183)
3 (1, 4, 376, 0, 0, 0, 16, 102, 1, 1, 0, 6)
4 (1, 4, 234, 0, 0, 0, 39, 106, 2, 2, 0, 137)
5 (1, 4, 167, 0, 0, 4, 53, 92, 0, 1, 0, 138)
6 (1, 4, 71, 0, 10, 9, 60, 88, 0, 1, 0, 20)
7 (1, 4, 63, 0, 95, 16, 81, 87, 0, 1, 0, 33)
8 (1, 4, 55, 0, 194, 8, 152, 90, 0, 0, 0, 27)
9 (1, 4, 67, 0, 349, 0, 187, 44, 0, 1, 0, 233)
10 (1, 4, 119, 0, 522, 0, 128, 0, 0, 1, 0, 140)
11 (1, 4, 174, 0, 406, 0, 0, 0, 0, 1, 0, 49)
12 (1, 4, 354, 149, 147, 0, 0, 0, 0, 1, 0, 127)
13 (1, 4, 175, 496, 57, 0, 0, 60, 0, 1, 0, 29)
14 (1, 4, 0, 460, 12, 59, 0, 188, 0, 1, 0, 89)
15 (1, 4, 0, 394, 0, 110, 0, 210, 0, 0, 0, 103)
16 (1, 4, 0, 115, 0, 100, 0, 275, 0, 1, 0, 49)
17 (1, 4, 0, 0, 0, 74, 0, 225, 1, 1, 0, 213)
18 (1, 4, 0, 0, 0, 67, 43, 165, 0, 1, 0, 39)
19 (1, 4, 70, 0, 0, 42, 61, 157, 0, 1, 0, 93)
20 (1, 4, 159, 0, 0, 13, 100, 142, 0, 1, 0, 121)
21 (1, 4, 199, 0, 84, 0, 139, 76, 0, 0, 0, 182)
22 (1, 4, 221, 0, 251, 0, 85, 0, 0, 0, 0, 205)
23 (1, 4, 267, 0, 254, 0, 0, 0, 0, 0, 0, 88)
24 (1, 4, 299, 223, 151, 0, 0, 0, 0, 0, 0, 224)
25 (1, 4, 80, 459, 27, 0, 0, 50, 0, 0, 0, 168)
26 (1, 4, 0, 432, 0, 100, 0, 172, 0, 0, 0, 205)
27 (1, 4, 0, 303, 0, 105, 0, 272, 0, 0, 0, 201)
28 (1, 4, 0, 0, 0, 89, 32, 222, 0, 0, 0, 140)
29 (1, 4, 0, 0, 0, 84, 134, 91, 0, 0, 0, 31)
30 (1, 4, 0, 0, 0, 36, 63, 58, 0, 0, 0, 235)
0 (1, 4, 16, 0, 0, 32, 46, 138, 1, 2, 0, 199)
1 (1, 4, 0, 0, 0, 31, 121, 123, 1, 2, 0, 9)
2 (1, 4, 39, 0, 127, 20, 157, 73, 1, 1, 0, 168)
3 (1, 4, 122, 0, 292, 0, 173, 17, 0, 1, 0, 68)
4 (1, 4, 136, 0, 393, 0, 78, 0, 0, 0, 0, 85)
5 (1, 4, 277, 64, 265, 0, 0, 0, 0, 0, 0, 92)
6 (1, 4, 308, 381, 150, 0, 0, 0, 0, 0, 0, 133)
7 (1, 4, 56, 561, 29, 0, 0, 191, 0, 0, 0, 250)
8 (1, 4, 0, 341, 0, 84, 0, 237, 0, 0, 0, 102)
9 (1, 4, 0, 245, 0, 116, 0, 244, 0, 0, 0, 79)
10 (1, 4, 0, 42, 0, 141, 10, 236, 0, 0, 0, 150)
11 (1, 4, 0, 0, 0, 91, 49, 247, 0, 0, 0, 218)
12 (1, 4, 0, 0, 0, 55, 54, 175, 0, 0, 0, 118)
13 (1, 4, 71, 0, 0, 34, 101, 158, 0, 0, 0, 248)
14 (1, 4, 108, 0, 87, 9, 124, 134, 0, 0, 0, 8)
15 (1, 4, 113, 0, 200, 0, 112, 43, 0, 0, 0, 215)
16 (1, 4, 323, 0, 278, 0, 0, 0, 0, 0, 0, 180)
17 (1, 4, 461, 164, 74, 0, 0, 0, 0, 0, 0, 215)
18 (1, 4, 244, 536, 32, 0, 0, 35, 0, 1, 0, 176)
19 (1, 4, 0, 460, 0, 41, 0, 177, 0, 1, 0, 50)
20 (1, 4, 0, 320, 0, 120, 0, 220, 0, 1, 0, 195)
21 (1, 4, 0, 90, 0, 123, 0, 247, 0, 1, 0, 149)
22 (1, 4, 0, 0, 0, 111, 31, 165, 0, 1, 0, 33)
23 (1, 4, 0, 0, 0, 60, 21, 106, 0, 0, 0, 76)
24 (1, 4, 0, 0, 0, 27, 6, 66, 0, 0, 0, 189)
25 (1, 4, 40, 0, 0, 26, 0, 41, 0, 0, 0, 108)
26 (1, 4, 62, 94, 56, 32, 16, 30, 0, 0, 0, 79)
27 (1, 4, 55, 180, 158, 33, 25, 38, 0, 1, 0, 133)
28 (1, 4, 70, 279, 365, 15, 16, 29, 1, 1, 0, 193)
29 (1, 4, 26, 378, 466, 0, 0, 43, 1, 0, 0, 161)
30 (1, 4, 70, 416, 470, 0, 0, 84, 1, 1, 0, 70)
31 (1, 4, 0, 277, 262, 0, 0, 139, 1, 1, 0, 182)
0 (1, 4, 0, 0, 0, 0, 0, 81, 1, 1, 0, 62)
1 (1, 4, 32, 0, 0, 0, 0, 86, 2, 1, 0, 76)
2 (1, 4, 215, 0, 0, 0, 0, 88, 1, 1, 0, 93)
3 (1, 4, 244, 0, 0, 0, 0, 110, 1, 2, 0, 139)
4 (1, 4, 136, 0, 0, 0, 0, 150, 2, 2, 0, 156)
5 (1, 4, 52, 0, 0, 0, 30, 195, 2, 2, 0, 143)
6 (1, 4, 0, 0, 15, 0, 42, 169, 0, 1, 0, 108)
7 (1, 4, 0, 0, 33, 0, 13, 117, 1, 1, 0, 219)
8 (1, 4, 13, 0, 0, 0, 0, 92, 0, 1, 0, 90)
9 (1, 4, 105, 0, 0, 7, 15, 72, 0, 1, 0, 126)
10 (1, 4, 107, 0, 62, 50, 69, 57, 0, 1, 0, 146)
11 (1, 4, 59, 0, 184, 49, 101, 46, 0, 1, 0, 151)
12 (1, 4, 42, 0, 313, 14, 101, 15, 0, 1, 0, 132)
13 (1, 4, 112, 0, 369, 0, 47, 0, 0, 1, 0, 172)
14 (1, 4, 65, 14, 396, 0, 0, 41, 1, 1, 0, 46)
15 (1, 4, 185, 72, 206, 0, 0, 0, 1, 1, 0, 204)
16 (1, 4, 303, 425, 0, 0, 0, 24, 1, 1, 0, 241)
17 (1, 4, 163, 419, 0, 29, 0, 194, 1, 1, 0, 83)
18 (1, 4, 0, 152, 0, 88, 0, 350, 1, 1, 0, 231)
19 (1, 4, 0, 0, 0, 78, 0, 315, 0, 1, 0, 173)
20 (1, 4, 0, 0, 0, 20, 80, 260, 1, 1, 0, 63)
21 (1, 4, 0, 0, 0, 0, 192, 174, 0, 1, 0, 54)
22 (1, 4, 0, 0, 83, 12, 227, 20, 0, 1, 0, 160)
23 (1, 4, 172, 0, 280, 0, 161, 0, 1, 1, 0, 51)
24 (1, 4, 283, 0, 320, 0, 39, 0, 1, 1, 0, 52)
25 (1, 4, 370, 91, 272, 0, 0, 0, 1, 1, 0, 108)
26 (1, 4, 283, 351, 102, 0, 0, 20, 1, 1, 0, 147)
27 (1, 4, 54, 438, 0, 11, 0, 134, 1, 1, 0, 27)
28 (1, 4, 0, 328, 0, 74, 0, 201, 1, 1, 0, 75)
29 (1, 4, 0, 115, 0, 99, 0, 274, 1, 1, 0, 209)
30 (1, 4, 0, 0, 0, 61, 0, 227, 1, 1, 0, 250)
31 (1, 4, 0, 0, 0, 41, 63, 114, 0, 1, 0, 180)
0 (1, 4, 283, 327, 0, 0, 0, 50, 1, 1, 0, 88)
1 (1, 4, 354, 37, 0, 0, 0, 56, 3, 2, 0, 107)
2 (1, 4, 305, 0, 0, 0, 0, 71, 1, 0, 0, 97)
3 (1, 4, 155, 0, 0, 0, 0, 53, 0, 0, 0, 49)
4 (1, 4, 41, 0, 0, 0, 3, 34, 0, 0, 0, 84)
5 (1, 4, 0, 0, 0, 0, 0, 53, 0, 0, 0, 166)
6 (1, 4, 60, 0, 0, 10, 0, 106, 0, 0, 0, 96)
7 (1, 4, 171, 0, 0, 27, 66, 198, 0, 1, 0, 96)
8 (1, 4, 188, 0, 105, 15, 136, 210, 0, 1, 0, 183)
9 (1, 4, 94, 0, 400, 0, 106, 66, 0, 1, 0, 35)
10 (1, 4, 124, 0, 500, 0, 0, 0, 0, 1, 0, 123)
11 (1, 4, 86, 235, 263, 0, 0, 0, 0, 1, 0, 203)
12 (1, 4, 0, 243, 170, 58, 0, 17, 0, 1, 0, 164)
13 (1, 4, 0, 169, 0, 110, 0, 140, 0, 1, 0, 67)
14 (1, 4, 0, 177, 0, 113, 0, 181, 1, 1, 0, 230)
15 (1, 4, 0, 121, 0, 32, 0, 231, 1, 2, 0, 120)
16 (1, 4, 144, 0, 0, 3, 3, 216, 1, 2, 0, 99)
17 (1, 4, 273, 0, 0, 0, 117, 152, 1, 1, 0, 32)
18 (1, 4, 390, 0, 148, 0, 132, 72, 0, 1, 0, 142)
19 (1, 4, 299, 0, 437, 0, 17, 0, 0, 1, 0, 169)
20 (1, 4, 134, 0, 370, 0, 0, 0, 1, 1, 0, 78)
21 (1, 4, 0, 164, 316, 16, 0, 0, 0, 1, 0, 197)
22 (1, 4, 0, 194, 108, 118, 0, 0, 0, 1, 0, 148)
23 (1, 4, 0, 189, 0, 172, 0, 108, 1, 1, 0, 178)
24 (1, 4, 0, 125, 0, 123, 0, 213, 1, 1, 0, 47)
25 (1, 4, 0, 53, 0, 72, 0, 244, 1, 2, 0, 227)
26 (1, 4, 57, 0, 0, 32, 33, 156, 2, 2, 0, 110)
27 (1, 4, 91, 0, 0, 1, 0, 26, 1, 1, 0, 227)
28 (1, 4, 135, 0, 11, 6, 0, 2, 0, 1, 0, 214)
29 (1, 4, 67, 0, 31, 37, 0, 33, 0, 1, 0, 92)
30 (1, 4, 16, 0, 85, 66, 0, 51, 1, 1, 0, 38)
31 (1, 4, 6, 0, 85, 68, 0, 73, 0, 1, 0, 166)
0 (1, 4, 125, 0, 0, 10, 16, 87, 0, 1, 0, 59)
1 (1, 4, 170, 0, 0, 29, 52, 113, 1, 1, 0, 38)
2 (1, 4, 144, 0, 0, 37, 104, 128, 1, 1, 0, 84)
3 (1, 4, 135, 0, 115, 28, 121, 111, 0, 1, 0, 175)
4 (1, 4, 139, 0, 210, 0, 109, 100, 1, 1, 0, 135)
5 (1, 4, 116, 0, 305, 0, 78, 19, 1, 1, 0, 214)
6 (1, 4, 185, 0, 294, 0, 20, 0, 0, 1, 0, 237)
7 (1, 4, 215, 102, 235, 0, 0, 0, 0, 1, 0, 70)
8 (1, 4, 114, 265, 150, 0, 0, 0, 1, 1, 0, 217)
9 (1, 4, 42, 485, 70, 1, 0, 47, 0, 1, 0, 185)
10 (1, 4, 0, 474, 0, 71, 0, 176, 0, 1, 0, 189)
11 (1, 4, 0, 214, 0, 133, 0, 341, 1, 1, 0, 248)
12 (1, 4, 0, 0, 0, 110, 46, 333, 0, 1, 0, 98)
13 (1, 4, 0, 0, 0, 45, 126, 213, 0, 1, 0, 147)
14 (1, 4, 6, 0, 0, 13, 121, 110, 1, 1, 0, 32)
15 (1, 4, 118, 0, 54, 0, 119, 67, 0, 1, 0, 182)
16 (1, 4, 222, 0, 213, 0, 138, 26, 0, 1, 0, 5)
17 (1, 4, 233, 0, 341, 0, 47, 0, 0, 1, 0, 135)
18 (1, 4, 358, 65, 227, 0, 0, 0, 0, 1, 0, 4)
19 (1, 4, 252, 247, 120, 0, 0, 0, 0, 1, 0, 3)
20 (1, 4, 63, 430, 56, 0, 0, 45, 0, 1, 0, 150)
21 (1, 4, 0, 442, 0, 64, 0, 149, 0, 1, 0, 170)
22 (1, 4, 0, 436, 0, 108, 0, 255, 0, 1, 0, 116)
23 (1, 4, 0, 64, 0, 97, 0, 281, 0, 1, 0, 122)
24 (1, 4, 0, 0, 0, 46, 64, 211, 0, 1, 0, 38)
25 (1, 4, 0, 0, 0, 24, 79, 97, 0, 1, 0, 146)
26 (1, 4, 0, 0, 0, 1, 60, 51, 0, 1, 0, 180)
27 (1, 4, 0, 0, 0, 11, 43, 39, 0, 1, 0, 57)
28 (1, 4, 0, 0, 17, 28, 27, 41, 0, 1, 0, 214)
29 (1, 4, 0, 30, 61, 45, 15, 58, 0, 1, 0, 125)
30 (1, 4, 0, 55, 82, 55, 10, 75, 1, 1, 0, 196)
0 (1, 4, 119, 0, 0, 31, 70, 73, 0, 1, 0, 184)
1 (1, 4, 101, 0, 35, 43, 108, 88, 1, 1, 0, 51)
2 (1, 4, 0, 0, 154, 34, 127, 81, 0, 1, 0, 173)
3 (1, 4, 0, 0, 214, 10, 79, 65, 0, 1, 0, 254)
4 (1, 4, 36, 0, 290, 2, 74, 19, 1, 1, 0, 166)
5 (1, 4, 101, 0, 349, 0, 4, 0, 0, 1, 0, 33)
6 (1, 4, 202, 0, 195, 0, 0, 0, 0, 1, 0, 84)
7 (1, 4, 225, 200, 98, 0, 0, 0, 0, 1, 0, 91)
8 (1, 4, 19, 518, 82, 0, 0, 5, 0, 1, 0, 156)
9 (1, 4, 50, 547, 0, 0, 0, 181, 0, 1, 0, 171)
10 (1, 4, 0, 312, 0, 103, 0, 341, 0, 1, 0, 148)
11 (1, 4, 0, 0, 0, 102, 0, 348, 0, 1, 0, 75)
12 (1, 4, 0, 0, 0, 54, 36, 248, 0, 1, 0, 240)
13 (1, 4, 0, 0, 0, 9, 66, 144, 0, 1, 0, 67)
14 (1, 4, 71, 0, 0, 13, 72, 83, 0, 1, 0, 6)
15 (1, 4, 135, 0, 58, 0, 135, 76, 0, 1, 0, 190)
16 (1, 4, 287, 0, 197, 0, 96, 0, 0, 1, 0, 122)
17 (1, 4, 296, 0, 288, 0, 23, 0, 0, 1, 0, 238)
18 (1, 4, 275, 119, 257, 0, 0, 0, 0, 1, 0, 14)
19 (1, 4, 106, 296, 161, 0, 0, 0, 0, 1, 0, 56)
20 (1, 4, 5, 423, 0, 0, 0, 35, 0, 1, 0, 192)
21 (1, 4, 0, 466, 0, 52, 0, 168, 0, 1, 0, 221)
22 (1, 4, 0, 298, 0, 90, 0, 245, 1, 1, 0, 125)
23 (1, 4, 0, 46, 0, 66, 8, 240, 0, 1, 0, 68)
24 (1, 4, 0, 0, 0, 58, 61, 147, 0, 1, 0, 33)
25 (1, 4, 0, 0, 0, 37, 71, 78, 0, 1, 0, 142)
26 (1, 4, 1, 0, 0, 22, 38, 56, 0, 1, 0, 42)
27 (1, 4, 0, 58, 55, 12, 18, 63, 0, 1, 0, 116)
28 (1, 4, 0, 97, 160, 12, 8, 73, 0, 1, 0, 219)
29 (1, 4, 0, 77, 225, 23, 11, 69, 2, 2, 0, 92)
30 (1, 4, 5, 63, 360, 27, 0, 63, 1, 1, 0, 18)
0 (1, 4, 38, 0, 419, 0, 15, 0, 1, 1, 0, 212)
1 (1, 4, 227, 16, 174, 0, 0, 0, 0, 1, 0, 255)
2 (1, 4, 173, 304, 61, 0, 0, 0, 0, 1, 0, 48)
3 (1, 4, 0, 418, 0, 41, 0, 98, 1, 1, 0, 111)
4 (1, 4, 0, 354, 0, 126, 0, 218, 0, 1, 0, 226)
5 (1, 4, 0, 94, 0, 168, 0, 255, 0, 1, 0, 11)
6 (1, 4, 0, 0, 0, 147, 17, 250, 0, 1, 0, 124)
7 (1, 4, 0, 0, 0, 66, 54, 201, 0, 1, 0, 157)
8 (1, 4, 61, 0, 0, 23, 135, 130, 0, 1, 0, 177)
9 (1, 4, 124, 0, 65, 0, 135, 76, 0, 1, 0, 26)
10 (1, 4, 238, 0, 163, 0, 108, 20, 0, 1, 0, 61)
11 (1, 4, 341, 0, 218, 0, 61, 0, 0, 1, 0, 125)
12 (1, 4, 312, 170, 253, 0, 0, 0, 0, 1, 0, 160)
13 (1, 4, 206, 343, 85, 0, 0, 0, 0, 1, 0, 150)
14 (1, 4, 0, 459, 0, 42, 0, 106, 0, 1, 0, 129)
15 (1, 4, 0, 361, 0, 135, 0, 182, 0, 1, 0, 115)
16 (1, 4, 0, 69, 0, 128, 0, 199, 1, 1, 0, 234)
17 (1, 4, 0, 0, 0, 74, 81, 141, 0, 1, 0, 42)
18 (1, 4, 0, 0, 0, 37, 74, 86, 0, 1, 0, 236)
19 (1, 4, 19, 15, 0, 28, 47, 57, 1, 1, 0, 164)
20 (1, 4, 27, 58, 31, 26, 18, 63, 0, 1, 0, 1)
21 (1, 4, 0, 111, 98, 26, 11, 66, 0, 1, 0, 72)
22 (1, 4, 0, 130, 160, 26, 19, 56, 2, 2, 0, 168)
23 (1, 4, 0, 238, 328, 23, 25, 43, 2, 2, 0, 136)
24 (1, 4, 3, 276, 438, 1, 15, 52, 1, 2, 0, 107)
25 (1, 4, 89, 248, 414, 0, 0, 71, 3, 2, 0, 195)
26 (1, 4, 308, 472, 568, 0, 0, 118, 1, 1, 0, 163)
27 (1, 4, 71, 305, 230, 0, 0, 114, 0, 1, 0, 78)
28 (1, 4, 41, 157, 176, 0, 0, 106, 1, 1, 0, 181)
29 (1, 4, 0, 149, 3, 0, 0, 145, 1, 0, 0, 46)
30 (1, 4, 36, 13, 52, 0, 9, 51, 0, 1, 0, 69)
0 (1, 4, 46, 0, 0, 45, 34, 81, 1, 1, 0, 32)
1 (1, 4, 91, 0, 0, 56, 56, 106, 0, 1, 0, 6)
2 (1, 4, 109, 0, 27, 48, 100, 117, 0, 1, 0, 18)
3 (1, 4, 76, 0, 126, 20, 95, 126, 1, 1, 0, 173)
4 (1, 4, 78, 0, 227, 8, 133, 58, 0, 1, 0, 240)
5 (1, 4, 132, 0, 375, 0, 113, 0, 0, 1, 0, 17)
6 (1, 4, 151, 15, 416, 0, 27, 0, 0, 1, 0, 230)
7 (1, 4, 310, 141, 242, 0, 0, 0, 0, 1, 0, 109)
8 (1, 4, 233, 456, 110, 0, 0, 10, 0, 1, 0, 127)
9 (1, 4, 18, 502, 0, 0, 0, 134, 0, 1, 0, 220)
10 (1, 4, 24, 397, 0, 24, 0, 200, 0, 1, 0, 151)
11 (1, 4, 0, 109, 0, 110, 0, 321, 0, 1, 0, 189)
12 (1, 4, 0, 0, 0, 116, 50, 289, 0, 1, 0, 143)
13 (1, 4, 0, 0, 0, 62, 108, 200, 0, 1, 0, 161)
14 (1, 4, 30, 0, 0, 37, 129, 114, 0, 1, 0, 232)
15 (1, 4, 77, 0, 75, 0, 111, 82, 0, 1, 0, 183)
16 (1, 4, 241, 0, 201, 0, 116, 29, 0, 1, 0, 96)
17 (1, 4, 235, 0, 288, 0, 41, 0, 0, 1, 0, 58)
18 (1, 4, 301, 164, 251, 0, 0, 0, 0, 1, 0, 3)
19 (1, 4, 277, 324, 151, 0, 0, 6, 0, 1, 0, 218)
20 (1, 4, 80, 463, 32, 0, 0, 88, 0, 0, 0, 67)
21 (1, 4, 0, 468, 0, 44, 0, 148, 1, 0, 0, 129)
22 (1, 4, 0, 268, 0, 80, 0, 228, 0, 0, 0, 203)
23 (1, 4, 0, 120, 0, 69, 2, 218, 0, 0, 0, 230)
24 (1, 4, 0, 0, 0, 57, 59, 155, 1, 0, 0, 242)
25 (1, 4, 0, 0, 0, 35, 46, 100, 0, 0, 0, 250)
26 (1, 4, 12, 0, 0, 23, 15, 77, 0, 0, 0, 48)
27 (1, 4, 17, 9, 7, 18, 0, 81, 0, 0, 0, 243)
28 (1, 4, 0, 29, 56, 26, 8, 77, 0, 1, 0, 96)
29 (1, 4, 0, 46, 113, 36, 26, 73, 0, 1, 0, 110)
0 (1, 4, 236, 0, 0, 0, 0, 121, 1, 1, 0, 102)
1 (1, 4, 210, 0, 0, 0, 0, 160, 1, 1, 0, 60)
2 (1, 4, 211, 0, 0, 0, 35, 155, 1, 1, 0, 74)
3 (1, 4, 181, 0, 0, 0, 75, 123, 1, 2, 0, 37)
4 (1, 4, 204, 0, 0, 6, 89, 86, 1, 2, 0, 33)
5 (1, 4, 157, 0, 168, 0, 132, 83, 1, 1, 0, 80)
6 (1, 4, 143, 0, 319, 0, 134, 33, 0, 1, 0, 132)
7 (1, 4, 123, 0, 415, 0, 52, 0, 0, 1, 0, 56)
8 (1, 4, 241, 78, 243, 0, 0, 0, 0, 1, 0, 23)
9 (1, 4, 121, 470, 70, 0, 0, 0, 0, 1, 0, 254)
10 (1, 4, 0, 454, 0, 53, 0, 140, 0, 1, 0, 173)
11 (1, 4, 0, 340, 0, 121, 0, 224, 0, 1, 0, 138)
12 (1, 4, 0, 201, 0, 116, 0, 280, 0, 1, 0, 54)
13 (1, 4, 0, 0, 0, 88, 0, 251, 0, 1, 0, 254)
14 (1, 4, 42, 0, 0, 47, 74, 191, 0, 1, 0, 218)
15 (1, 4, 118, 0, 0, 16, 130, 125, 0, 1, 0, 217)
16 (1, 4, 131, 0, 204, 0, 181, 85, 0, 1, 0, 224)
17 (1, 4, 173, 0, 376, 0, 59, 0, 0, 1, 0, 216)
18 (1, 4, 256, 0, 293, 0, 0, 0, 0, 1, 0, 126)
19 (1, 4, 193, 213, 226, 0, 0, 0, 0, 1, 0, 208)
20 (1, 4, 57, 426, 86, 4, 0, 15, 1, 1, 0, 166)
21 (1, 4, 0, 422, 0, 91, 0, 145, 0, 1, 0, 249)
22 (1, 4, 0, 251, 0, 110, 0, 211, 0, 1, 0, 163)
23 (1, 4, 0, 38, 0, 100, 0, 174, 1, 1, 0, 79)
24 (1, 4, 0, 0, 0, 53, 29, 108, 0, 1, 0, 205)
25 (1, 4, 14, 10, 0, 27, 20, 74, 0, 1, 0, 193)
26 (1, 4, 32, 47, 12, 36, 19, 68, 1, 1, 0, 138)
27 (1, 4, 24, 111, 85, 30, 21, 63, 0, 1, 0, 226)
28 (1, 4, 5, 89, 151, 21, 24, 77, 0, 1, 0, 121)
29 (1, 4, 0, 115, 240, 36, 27, 61, 1, 2, 0, 209)
30 (1, 4, 52, 231, 414, 28, 6, 73, 2, 3, 0, 86)
31 (1, 4, 129, 225, 554, 0, 0, 77, 1, 1, 0, 75)
0 (1, 4, 185, 0, 0, 0, 0, 77, 1, 1, 0, 62)
1 (1, 4, 255, 0, 0, 0, 0, 51, 2, 1, 0, 36)
2 (1, 4, 326, 0, 0, 0, 0, 79, 1, 1, 0, 100)
3 (1, 4, 240, 0, 0, 0, 0, 123, 1, 1, 0, 119)
4 (1, 4, 65, 0, 0, 0, 50, 111, 2, 1, 0, 49)
5 (1, 4, 41, 0, 0, 0, 55, 102, 1, 1, 0, 6)
6 (1, 4, 0, 0, 0, 23, 53, 55, 1, 1, 0, 174)
7 (1, 4, 4, 0, 0, 26, 40, 63, 1, 1, 0, 57)
8 (1, 4, 34, 0, 0, 47, 72, 78, 1, 1, 0, 88)
9 (1, 4, 58, 0, 20, 49, 144, 124, 1, 2, 0, 184)
10 (1, 4, 87, 0, 231, 51, 185, 115, 2, 2, 0, 84)
11 (1, 4, 74, 0, 457, 0, 120, 53, 1, 1, 0, 102)
12 (1, 4, 97, 0, 416, 0, 0, 0, 0, 1, 0, 7)
13 (1, 4, 304, 75, 117, 0, 0, 0, 0, 1, 0, 104)
14 (1, 4, 127, 556, 0, 0, 0, 0, 0, 1, 0, 135)
15 (1, 4, 0, 501, 0, 50, 0, 225, 0, 1, 0, 47)
16 (1, 4, 0, 194, 0, 133, 0, 320, 0, 1, 0, 88)
17 (1, 4, 0, 0, 0, 90, 0, 291, 0, 1, 0, 31)
18 (1, 4, 0, 0, 0, 62, 91, 194, 0, 1, 0, 18)
19 (1, 4, 89, 0, 0, 32, 183, 148, 0, 1, 0, 19)
20 (1, 4, 129, 0, 117, 0, 171, 88, 0, 1, 0, 177)
21 (1, 4, 204, 0, 310, 0, 123, 0, 0, 1, 0, 180)
22 (1, 4, 292, 0, 351, 0, 0, 0, 0, 1, 0, 104)
23 (1, 4, 213, 212, 214, 0, 0, 0, 0, 1, 0, 98)
24 (1, 4, 116, 466, 76, 0, 0, 38, 0, 1, 0, 156)
25 (1, 4, 0, 348, 0, 84, 0, 171, 0, 1, 0, 130)
26 (1, 4, 0, 264, 0, 117, 0, 219, 0, 1, 0, 123)
27 (1, 4, 0, 47, 0, 115, 2, 186, 0, 1, 0, 213)
28 (1, 4, 0, 0, 0, 52, 28, 127, 0, 1, 0, 30)
29 (1, 4, 0, 0, 0, 39, 42, 70, 0, 1, 0, 22)
0 (1, 4, 228, 0, 0, 0, 0, 123, 1, 2, 0, 18)
1 (1, 4, 130, 0, 0, 0, 0, 123, 2, 2, 0, 222)
2 (1, 4, 83, 0, 0, 0, 23, 124, 1, 1, 0, 73)
3 (1, 4, 48, 0, 0, 0, 40, 105, 0, 1, 0, 47)
4 (1, 4, 34, 0, 0, 12, 32, 91, 0, 1, 0, 93)
5 (1, 4, 45, 0, 0, 29, 17, 94, 0, 1, 0, 180)
6 (1, 4, 101, 0, 0, 32, 50, 101, 0, 1, 0, 176)
7 (1, 4, 104, 0, 30, 27, 124, 106, 0, 1, 0, 176)
8 (1, 4, 79, 0, 211, 11, 181, 71, 1, 1, 0, 195)
9 (1, 4, 48, 0, 391, 0, 141, 0, 0, 1, 0, 20)
10 (1, 4, 90, 8, 422, 0, 2, 0, 0, 1, 0, 114)
11 (1, 4, 234, 72, 192, 0, 0, 0, 1, 1, 0, 122)
12 (1, 4, 170, 462, 117, 0, 0, 6, 0, 1, 0, 180)
13 (1, 4, 0, 475, 0, 7, 0, 188, 0, 1, 0, 66)
14 (1, 4, 0, 330, 0, 53, 0, 234, 1, 1, 0, 143)
15 (1, 4, 0, 214, 0, 38, 0, 254, 0, 1, 0, 113)
16 (1, 4, 0, 0, 0, 93, 125, 267, 0, 1, 0, 192)
17 (1, 4, 11, 0, 0, 56, 137, 165, 0, 1, 0, 156)
18 (1, 4, 109, 0, 27, 2, 106, 107, 0, 1, 0, 23)
19 (1, 4, 169, 0, 175, 0, 82, 71, 0, 1, 0, 212)
20 (1, 4, 212, 0, 261, 0, 80, 0, 0, 1, 0, 89)
21 (1, 4, 190, 0, 315, 0, 37, 0, 0, 1, 0, 63)
22 (1, 4, 215, 248, 327, 0, 0, 0, 0, 1, 0, 146)
23 (1, 4, 169, 526, 231, 0, 0, 12, 0, 1, 0, 254)
24 (1, 4, 0, 574, 39, 0, 0, 198, 0, 1, 0, 103)
25 (1, 4, 0, 287, 0, 31, 0, 245, 0, 1, 0, 101)
26 (1, 4, 0, 89, 0, 54, 0, 239, 0, 1, 0, 58)
27 (1, 4, 0, 0, 0, 43, 31, 138, 0, 1, 0, 208)
28 (1, 4, 0, 0, 0, 11, 47, 86, 0, 1, 0, 50)
29 (1, 4, 24, 0, 0, 24, 55, 70, 0, 1, 0, 227)
0 (1, 4, 90, 0, 0, 0, 0, 63, 0, 1, 0, 155)
1 (1, 4, 220, 0, 0, 0, 0, 66, 1, 1, 0, 191)
2 (1, 4, 254, 0, 0, 0, 0, 87, 2, 1, 0, 187)
3 (1, 4, 196, 0, 0, 0, 0, 135, 1, 1, 0, 74)
4 (1, 4, 119, 0, 0, 0, 0, 150, 1, 2, 0, 219)
5 (1, 4, 49, 0, 0, 27, 25, 121, 2, 2, 0, 84)
6 (1, 4, 25, 0, 0, 37, 19, 91, 0, 1, 0, 21)
7 (1, 4, 127, 0, 0, 42, 45, 72, 0, 1, 0, 55)
8 (1, 4, 106, 0, 24, 22, 106, 105, 1, 1, 0, 214)
9 (1, 4, 94, 0, 118, 8, 182, 115, 0, 1, 0, 39)
10 (1, 4, 233, 0, 284, 0, 204, 12, 0, 1, 0, 99)
11 (1, 4, 90, 45, 559, 0, 0, 1, 0, 1, 0, 204)
12 (1, 4, 335, 18, 141, 0, 0, 0, 0, 1, 0, 79)
13 (1, 4, 153, 455, 0, 0, 0, 0, 0, 1, 0, 251)
14 (1, 4, 0, 501, 0, 49, 0, 143, 0, 1, 0, 204)
15 (1, 4, 0, 339, 0, 155, 0, 239, 0, 1, 0, 222)
16 (1, 4, 0, 0, 0, 162, 0, 336, 0, 1, 0, 208)
17 (1, 4, 0, 0, 0, 44, 71, 274, 0, 1, 0, 73)
18 (1, 4, 0, 0, 0, 0, 126, 159, 1, 1, 0, 149)
19 (1, 4, 122, 0, 0, 0, 173, 60, 0, 1, 0, 88)
20 (1, 4, 196, 0, 276, 0, 158, 0, 0, 1, 0, 172)
21 (1, 4, 214, 0, 415, 0, 57, 0, 0, 1, 0, 247)
22 (1, 4, 189, 68, 422, 0, 0, 0, 0, 1, 0, 27)
23 (1, 4, 199, 232, 217, 0, 0, 0, 0, 1, 0, 13)
24 (1, 4, 87, 375, 20, 0, 0, 25, 1, 1, 0, 52)
25 (1, 4, 0, 375, 0, 52, 0, 130, 0, 1, 0, 131)
26 (1, 4, 0, 240, 0, 87, 0, 191, 0, 1, 0, 74)
27 (1, 4, 0, 100, 0, 81, 0, 174, 1, 1, 0, 220)
28 (1, 4, 0, 13, 0, 62, 34, 120, 0, 1, 0, 79)
29 (1, 4, 0, 7, 0, 35, 19, 84, 0, 1, 0, 50)
30 (1, 4, 14, 0, 0, 41, 28, 70, 0, 1, 0, 97)
0 (1, 4, 91, 0, 0, 0, 0, 140, 1, 1, 0, 105)
1 (1, 4, 104, 0, 0, 0, 0, 137, 1, 2, 0, 75)
2 (1, 4, 78, 0, 0, 0, 0, 119, 1, 1, 0, 142)
3 (1, 4, 51, 0, 0, 0, 0, 92, 0, 1, 0, 41)
4 (1, 4, 24, 0, 0, 14, 0, 84, 0, 1, 0, 220)
5 (1, 4, 33, 0, 0, 26, 0, 89, 1, 1, 0, 44)
6 (1, 4, 57, 0, 0, 66, 42, 70, 0, 1, 0, 16)
7 (1, 4, 120, 0, 19, 56, 99, 63, 0, 1, 0, 254)
8 (1, 4, 67, 0, 216, 27, 183, 43, 0, 1, 0, 144)
9 (1, 4, 6, 0, 429, 0, 85, 0, 0, 1, 0, 16)
10 (1, 4, 223, 0, 317, 0, 0, 0, 0, 1, 0, 153)
11 (1, 4, 316, 123, 186, 0, 0, 0, 0, 1, 0, 208)
12 (1, 4, 227, 372, 66, 0, 0, 41, 0, 1, 0, 3)
13 (1, 4, 91, 453, 0, 0, 0, 65, 0, 1, 0, 140)
14 (1, 4, 38, 509, 0, 1, 0, 260, 0, 1, 0, 173)
15 (1, 4, 0, 121, 0, 55, 0, 395, 0, 1, 0, 95)
16 (1, 4, 0, 0, 0, 51, 66, 312, 0, 1, 0, 115)
17 (1, 4, 0, 0, 0, 29, 144, 168, 0, 1, 0, 9)
18 (1, 4, 13, 0, 0, 0, 159, 94, 1, 1, 0, 153)
19 (1, 4, 128, 0, 88, 0, 133, 9, 0, 1, 0, 163)
20 (1, 4, 221, 0, 216, 0, 74, 0, 0, 1, 0, 207)
21 (1, 4, 307, 0, 230, 0, 0, 0, 0, 1, 0, 167)
22 (1, 4, 295, 256, 180, 0, 0, 0, 0, 1, 0, 49)
23 (1, 4, 168, 444, 62, 0, 0, 33, 0, 1, 0, 171)
24 (1, 4, 23, 498, 0, 25, 0, 143, 0, 1, 0, 21)
25 (1, 4, 0, 353, 0, 63, 0, 246, 0, 1, 0, 206)
26 (1, 4, 0, 127, 0, 87, 0, 241, 0, 1, 0, 153)
27 (1, 4, 0, 0, 0, 74, 42, 187, 0, 1, 0, 76)
28 (1, 4, 0, 0, 0, 27, 73, 94, 0, 1, 0, 41)
29 (1, 4, 9, 44, 0, 6, 30, 22, 0, 1, 0, 200)
30 (1, 4, 35, 126, 0, 9, 29, 48, 0, 1, 0, 175)
31 (1, 4, 0, 223, 73, 20, 0, 56, 0, 1, 0, 135)
0 (1, 4, 192, 46, 0, 0, 0, 92, 0, 1, 0, 70)
1 (1, 4, 207, 0, 0, 0, 0, 102, 0, 1, 0, 251)
2 (1, 4, 218, 0, 0, 0, 0, 137, 3, 4, 0, 220)
3 (1, 4, 79, 0, 0, 0, 3, 88, 2, 2, 0, 72)
4 (1, 4, 117, 0, 0, 8, 0, 88, 1, 2, 0, 214)
5 (1, 4, 136, 0, 0, 42, 31, 63, 1, 1, 0, 154)
6 (1, 4, 156, 0, 0, 33, 65, 93, 0, 1, 0, 235)
7 (1, 4, 230, 0, 0, 18, 145, 89, 0, 1, 0, 200)
8 (1, 4, 185, 0, 157, 0, 154, 89, 0, 1, 0, 128)
9 (1, 4, 175, 0, 346, 0, 93, 9, 0, 1, 0, 38)
10 (1, 4, 88, 41, 357, 0, 0, 0, 0, 1, 0, 90)
11 (1, 4, 87, 276, 178, 0, 0, 0, 0, 1, 0, 87)
12 (1, 4, 3, 458, 86, 0, 0, 20, 1, 1, 0, 143)
13 (1, 4, 0, 533, 84, 36, 0, 142, 0, 1, 0, 53)
14 (1, 4, 0, 373, 0, 74, 0, 306, 1, 2, 0, 145)
15 (1, 4, 0, 34, 0, 90, 0, 363, 2, 2, 0, 102)
16 (1, 4, 0, 0, 0, 27, 43, 240, 1, 2, 0, 30)
17 (1, 4, 86, 0, 0, 4, 118, 145, 1, 2, 0, 254)
18 (1, 4, 259, 0, 43, 0, 192, 32, 0, 1, 0, 115)
19 (1, 4, 252, 0, 374, 0, 95, 0, 0, 1, 0, 134)
20 (1, 4, 356, 72, 274, 0, 0, 0, 0, 1, 0, 92)
21 (1, 4, 135, 219, 230, 0, 0, 0, 0, 1, 0, 39)
22 (1, 4, 0, 313, 92, 24, 0, 48, 1, 1, 0, 44)
23 (1, 4, 0, 243, 0, 102, 0, 127, 0, 1, 0, 92)
24 (1, 4, 0, 148, 0, 131, 0, 181, 0, 1, 0, 113)
25 (1, 4, 0, 27, 0, 109, 0, 168, 0, 1, 0, 121)
26 (1, 4, 0, 0, 0, 65, 29, 141, 0, 1, 0, 203)
27 (1, 4, 0, 0, 0, 46, 21, 91, 0, 1, 0, 67)
28 (1, 4, 0, 0, 4, 38, 0, 58, 1, 1, 0, 163)
29 (1, 4, 48, 0, 22, 39, 0, 63, 0, 1, 0, 3)
30 (1, 4, 50, 0, 55, 45, 0, 78, 0, 1, 0, 91)
31 (1, 4, 32, 6, 100, 38, 0, 88, 1, 1, 0, 139)
0 (1, 4, 138, 0, 0, 0, 41, 116, 1, 2, 0, 68)
1 (1, 4, 103, 0, 0, 25, 63, 89, 1, 2, 0, 60)
2 (1, 4, 114, 0, 0, 21, 97, 91, 1, 1, 0, 37)
3 (1, 4, 122, 0, 178, 1, 150, 94, 1, 1, 0, 229)
4 (1, 4, 142, 0, 251, 0, 121, 85, 0, 1, 0, 206)
5 (1, 4, 268, 0, 338, 0, 78, 0, 0, 1, 0, 99)
6 (1, 4, 299, 139, 327, 0, 0, 0, 0, 1, 0, 155)
7 (1, 4, 186, 217, 107, 0, 0, 0, 0, 1, 0, 172)
8 (1, 4, 85, 449, 20, 0, 0, 40, 0, 1, 0, 242)
9 (1, 4, 0, 633, 0, 9, 0, 164, 0, 1, 0, 71)
10 (1, 4, 0, 312, 0, 58, 0, 378, 0, 1, 0, 117)
11 (1, 4, 0, 0, 0, 70, 0, 358, 0, 1, 0, 131)
12 (1, 4, 0, 0, 0, 68, 88, 257, 0, 1, 0, 20)
13 (1, 4, 0, 0, 0, 18, 130, 185, 0, 1, 0, 215)
14 (1, 4, 51, 0, 42, 0, 173, 159, 0, 1, 0, 143)
15 (1, 4, 89, 0, 338, 0, 209, 31, 0, 1, 0, 12)
16 (1, 4, 334, 0, 332, 0, 0, 0, 0, 0, 0, 229)
17 (1, 4, 308, 147, 166, 0, 0, 0, 0, 1, 0, 206)
18 (1, 4, 86, 360, 32, 0, 0, 29, 0, 1, 0, 34)
19 (1, 4, 0, 393, 0, 44, 0, 104, 0, 1, 0, 148)
20 (1, 4, 0, 379, 0, 74, 0, 199, 0, 1, 0, 116)
21 (1, 4, 0, 220, 0, 78, 0, 202, 1, 1, 0, 14)
22 (1, 4, 0, 17, 0, 50, 12, 209, 0, 1, 0, 0)
23 (1, 4, 0, 0, 0, 35, 47, 122, 0, 1, 0, 29)
24 (1, 4, 0, 0, 0, 24, 52, 80, 0, 1, 0, 231)
25 (1, 4, 7, 0, 3, 19, 25, 70, 0, 1, 0, 230)
26 (1, 4, 3, 31, 64, 12, 0, 70, 0, 1, 0, 33)
27 (1, 4, 2, 80, 55, 21, 0, 68, 0, 1, 0, 43)
28 (1, 4, 12, 125, 88, 16, 27, 83, 0, 1, 0, 81)
29 (1, 4, 0, 129, 225, 10, 53, 54, 1, 2, 0, 116)
0 (1, 4, 133, 0, 0, 0, 0, 140, 1, 1, 0, 65)
1 (1, 4, 37, 0, 0, 0, 0, 156, 0, 1, 0, 34)
2 (1, 4, 5, 0, 0, 3, 0, 151, 1, 2, 0, 151)
3 (1, 4, 0, 0, 0, 33, 0, 84, 1, 1, 0, 98)
4 (1, 4, 63, 0, 0, 12, 0, 71, 0, 1, 0, 186)
5 (1, 4, 141, 0, 0, 23, 32, 59, 1, 1, 0, 125)
6 (1, 4, 173, 0, 0, 31, 93, 86, 1, 1, 0, 47)
7 (1, 4, 101, 0, 93, 14, 142, 113, 0, 1, 0, 41)
8 (1, 4, 113, 0, 233, 0, 148, 66, 1, 1, 0, 165)
9 (1, 4, 141, 0, 374, 0, 105, 2, 1, 1, 0, 100)
10 (1, 4, 149, 18, 440, 0, 25, 0, 0, 1, 0, 118)
11 (1, 4, 207, 0, 317, 0, 0, 0, 0, 1, 0, 121)
12 (1, 4, 190, 295, 352, 0, 0, 0, 1, 1, 0, 108)
13 (1, 4, 61, 367, 124, 0, 0, 54, 0, 1, 0, 71)
14 (1, 4, 36, 453, 0, 30, 0, 79, 0, 1, 0, 19)
15 (1, 4, 0, 411, 0, 65, 0, 230, 1, 1, 0, 241)
16 (1, 4, 0, 0, 0, 104, 0, 315, 0, 1, 0, 6)
17 (1, 4, 0, 0, 0, 59, 77, 223, 0, 1, 0, 118)
18 (1, 4, 25, 0, 0, 3, 85, 133, 0, 1, 0, 143)
19 (1, 4, 78, 0, 6, 0, 103, 79, 0, 1, 0, 122)
20 (1, 4, 161, 0, 162, 0, 107, 46, 0, 1, 0, 51)
21 (1, 4, 215, 0, 291, 0, 83, 0, 0, 1, 0, 79)
22 (1, 4, 245, 0, 342, 0, 16, 0, 0, 1, 0, 181)
23 (1, 4, 235, 127, 378, 0, 0, 0, 0, 1, 0, 9)
24 (1, 4, 52, 367, 364, 0, 0, 8, 0, 1, 0, 79)
25 (1, 4, 57, 382, 95, 0, 0, 31, 0, 1, 0, 122)
26 (1, 4, 31, 462, 0, 0, 0, 102, 0, 1, 0, 228)
27 (1, 4, 0, 315, 0, 35, 0, 200, 0, 1, 0, 213)
28 (1, 4, 0, 79, 0, 34, 0, 248, 1, 1, 0, 197)
29 (1, 4, 0, 0, 0, 64, 64, 164, 0, 1, 0, 132)
0 (1, 4, 139, 0, 0, 27, 52, 118, 0, 1, 0, 220)
1 (1, 4, 178, 0, 0, 46, 126, 90, 0, 1, 0, 239)
2 (1, 4, 166, 0, 225, 0, 169, 84, 0, 1, 0, 225)
3 (1, 4, 131, 0, 332, 0, 119, 26, 0, 1, 0, 44)
4 (1, 4, 117, 0, 354, 0, 69, 0, 0, 0, 0, 17)
5 (1, 4, 167, 0, 276, 0, 0, 0, 0, 0, 0, 250)
6 (1, 4, 156, 213, 242, 0, 0, 0, 0, 1, 0, 128)
7 (1, 4, 63, 502, 194, 0, 0, 27, 0, 1, 0, 97)
8 (1, 4, 43, 466, 0, 0, 0, 162, 0, 1, 0, 73)
9 (1, 4, 0, 354, 0, 75, 0, 262, 1, 1, 0, 87)
10 (1, 4, 0, 46, 0, 72, 0, 311, 0, 1, 0, 182)
11 (1, 4, 0, 0, 0, 37, 18, 272, 0, 1, 0, 18)
12 (1, 4, 31, 0, 0, 2, 97, 167, 1, 1, 0, 165)
13 (1, 4, 184, 0, 0, 11, 165, 101, 0, 1, 0, 99)
14 (1, 4, 148, 0, 108, 0, 148, 52, 0, 1, 0, 106)
15 (1, 4, 268, 0, 254, 0, 101, 0, 0, 1, 0, 148)
16 (1, 4, 247, 0, 295, 0, 0, 0, 0, 1, 0, 194)
17 (1, 4, 203, 194, 262, 0, 0, 0, 1, 1, 0, 74)
18 (1, 4, 52, 415, 214, 0, 0, 7, 0, 1, 0, 41)
19 (1, 4, 0, 440, 38, 26, 0, 98, 0, 1, 0, 2)
20 (1, 4, 0, 344, 0, 83, 0, 177, 0, 1, 0, 133)
21 (1, 4, 0, 195, 0, 91, 0, 220, 0, 1, 0, 55)
22 (1, 4, 0, 41, 0, 73, 7, 183, 0, 1, 0, 96)
23 (1, 4, 0, 0, 0, 53, 44, 127, 0, 1, 0, 137)
24 (1, 4, 0, 0, 0, 34, 22, 78, 0, 1, 0, 53)
25 (1, 4, 42, 44, 0, 24, 29, 65, 0, 1, 0, 94)
26 (1, 4, 41, 58, 41, 17, 12, 65, 0, 1, 0, 87)
27 (1, 4, 32, 111, 103, 22, 20, 65, 0, 1, 0, 139)
28 (1, 4, 0, 179, 197, 24, 31, 63, 0, 1, 0, 7)
29 (1, 4, 0, 267, 298, 36, 20, 58, 2, 2, 0, 0)
30 (1, 4, 92, 429, 364, 0, 0, 63, 3, 2, 0, 228)
31 (1, 4, 138, 255, 335, 0, 2, 107, 1, 1, 0, 251)
0 (1, 4, 12, 5, 0, 0, 0, 65, 1, 1, 0, 202)
1 (1, 4, 22, 18, 0, 0, 0, 65, 1, 1, 0, 37)
2 (1, 4, 14, 36, 0, 0, 0, 64, 2, 1, 0, 216)
3 (1, 4, 41, 65, 0, 0, 0, 57, 1, 1, 0, 191)
4 (1, 4, 97, 0, 0, 0, 0, 64, 1, 1, 0, 114)
5 (1, 4, 93, 0, 0, 0, 0, 53, 2, 1, 0, 38)
6 (1, 4, 171, 0, 0, 0, 0, 57, 1, 1, 0, 128)
7 (1, 4, 397, 0, 0, 0, 0, 78, 1, 1, 0, 69)
8 (1, 4, 336, 0, 0, 0, 0, 99, 2, 2, 0, 133)
9 (1, 4, 280, 0, 0, 0, 9, 108, 5, 7, 0, 212)
10 (1, 4, 205, 0, 0, 0, 33, 110, 1, 2, 0, 166)
11 (1, 4, 161, 0, 0, 0, 51, 102, 1, 1, 0, 128)
12 (1, 4, 141, 0, 0, 14, 71, 99, 0, 1, 0, 12)
13 (1, 4, 165, 0, 14, 46, 139, 73, 0, 1, 0, 97)
14 (1, 4, 121, 0, 231, 10, 137, 73, 0, 1, 0, 238)
15 (1, 4, 131, 0, 325, 0, 112, 38, 0, 1, 0, 129)
16 (1, 4, 130, 0, 325, 0, 0, 0, 0, 1, 0, 112)
17 (1, 4, 150, 195, 228, 0, 0, 0, 0, 1, 0, 52)
18 (1, 4, 98, 501, 74, 0, 0, 46, 0, 1, 0, 3)
19 (1, 4, 0, 504, 0, 90, 0, 209, 0, 1, 0, 69)
20 (1, 4, 0, 322, 0, 138, 0, 307, 0, 1, 0, 72)
21 (1, 4, 0, 0, 0, 121, 0, 316, 0, 1, 0, 253)
22 (1, 4, 0, 0, 0, 74, 79, 223, 0, 1, 0, 80)
23 (1, 4, 111, 0, 0, 33, 147, 122, 0, 1, 0, 169)
24 (1, 4, 130, 0, 26, 0, 157, 84, 0, 1, 0, 249)
25 (1, 4, 248, 0, 182, 0, 136, 0, 0, 1, 0, 42)
26 (1, 4, 243, 0, 342, 0, 30, 0, 0, 1, 0, 65)
27 (1, 4, 241, 249, 274, 0, 0, 0, 1, 1, 0, 232)
28 (1, 4, 115, 426, 113, 0, 0, 37, 0, 1, 0, 180)
29 (1, 4, 0, 413, 0, 42, 0, 147, 0, 1, 0, 92)
30 (1, 4, 0, 253, 0, 109, 0, 230, 0, 1, 0, 237)
31 (1, 4, 0, 18, 0, 126, 0, 239, 0, 1, 0, 255)

