1 (1, 4, 0, 0, 0, 0, 13, 141, 3, 5, 0, 137)
2 (1, 4, 0, 0, 0, 0, 25, 107, 3, 5, 0, 77)
3 (1, 4, 0, 0, 0, 0, 28, 83, 3, 6, 0, 242)
4 (1, 4, 0, 0, 66, 0, 54, 23, 4, 7, 0, 106)
5 (1, 4, 0, 0, 196, 0, 30, 0, 3, 6, 0, 164)
6 (1, 4, 157, 0, 264, 0, 24, 0, 4, 7, 0, 241)
7 (1, 4, 78, 0, 349, 0, 36, 0, 3, 6, 0, 57)
8 (1, 4, 95, 0, 472, 0, 0, 0, 2, 4, 0, 182)
9 (1, 4, 0, 139, 618, 0, 0, 0, 2, 4, 0, 87)
10 (1, 4, 4, 113, 563, 0, 0, 0, 2, 4, 0, 60)
11 (1, 4, 44, 303, 538, 0, 0, 0, 1, 3, 0, 238)
12 (1, 4, 471, 483, 303, 0, 0, 0, 2, 3, 0, 212)
13 (1, 4, 548, 467, 0, 0, 0, 123, 2, 4, 0, 143)
14 (1, 4, 392, 338, 0, 0, 0, 225, 2, 3, 0, 187)
15 (1, 4, 171, 145, 0, 0, 0, 259, 2, 4, 0, 59)
16 (1, 4, 0, 0, 0, 0, 34, 226, 6, 9, 0, 39)
17 (1, 4, 76, 0, 0, 0, 120, 116, 4, 5, 0, 225)
18 (1, 4, 64, 0, 0, 0, 115, 68, 2, 3, 0, 167)
19 (1, 4, 124, 0, 58, 0, 108, 0, 4, 8, 0, 97)
20 (1, 4, 235, 0, 240, 0, 70, 0, 2, 4, 0, 168)
21 (1, 4, 258, 0, 479, 0, 29, 0, 2, 3, 0, 182)
22 (1, 4, 42, 44, 670, 0, 0, 0, 1, 3, 0, 88)
23 (1, 4, 90, 104, 581, 0, 0, 0, 1, 2, 0, 182)
24 (1, 4, 44, 382, 654, 0, 0, 0, 1, 2, 0, 2)
25 (1, 4, 108, 477, 460, 0, 0, 0, 1, 2, 0, 163)
26 (1, 4, 568, 344, 161, 0, 0, 0, 1, 2, 0, 182)
27 (1, 4, 453, 800, 0, 0, 0, 0, 1, 2, 0, 136)
28 (1, 4, 873, 673, 0, 0, 0, 0, 1, 1, 0, 250)
29 (1, 4, 781, 308, 0, 0, 88, 0, 0, 1, 0, 151)
30 (1, 4, 389, 172, 0, 0, 110, 0, 0, 1, 0, 89)
31 (1, 4, 144, 83, 0, 0, 69, 0, 0, 1, 0, 90)
32 (1, 4, 406, 225, 0, 0, 64, 5, 0, 1, 0, 131)
1 (1, 4, 112, 0, 0, 0, 0, 20, 1, 1, 0, 127)
2 (1, 4, 0, 0, 0, 0, 2, 31, 1, 1, 0, 175)
3 (1, 4, 5, 0, 0, 0, 0, 41, 1, 2, 0, 104)
4 (1, 4, 113, 0, 0, 0, 1, 39, 2, 2, 0, 7)
5 (1, 4, 10, 0, 0, 0, 9, 42, 3, 4, 0, 85)
6 (1, 4, 0, 0, 0, 0, 20, 69, 2, 3, 0, 142)
7 (1, 4, 0, 0, 0, 0, 16, 77, 2, 3, 0, 135)
8 (1, 4, 0, 0, 0, 0, 43, 60, 2, 3, 0, 173)
9 (1, 4, 0, 0, 0, 0, 79, 7, 2, 4, 0, 177)
10 (1, 4, 0, 0, 98, 0, 78, 0, 3, 4, 0, 147)
11 (1, 4, 0, 0, 283, 0, 37, 0, 3, 4, 0, 193)
12 (1, 4, 0, 0, 388, 0, 22, 0, 3, 4, 0, 21)
13 (1, 4, 11, 19, 479, 0, 0, 0, 3, 4, 0, 217)
14 (1, 4, 0, 226, 474, 0, 0, 0, 3, 4, 0, 229)
15 (1, 4, 132, 387, 488, 0, 0, 0, 3, 4, 0, 119)
16 (1, 4, 195, 674, 331, 0, 0, 0, 2, 4, 0, 93)
17 (1, 4, 757, 389, 0, 0, 0, 115, 3, 4, 0, 32)
18 (1, 4, 243, 186, 0, 0, 0, 198, 3, 4, 0, 165)
19 (1, 4, 231, 0, 0, 0, 3, 123, 4, 6, 0, 205)
20 (1, 4, 169, 0, 0, 0, 79, 84, 2, 4, 0, 237)
21 (1, 4, 127, 0, 0, 0, 130, 22, 4, 5, 0, 28)
22 (1, 4, 21, 0, 0, 0, 133, 0, 2, 3, 0, 127)
23 (1, 4, 47, 0, 252, 0, 120, 0, 4, 5, 0, 150)
24 (1, 4, 101, 0, 464, 0, 49, 0, 3, 5, 0, 185)
25 (1, 4, 3, 0, 666, 0, 43, 0, 3, 4, 0, 129)
26 (1, 4, 0, 0, 781, 0, 0, 0, 3, 4, 0, 226)
27 (1, 4, 18, 24, 625, 0, 0, 0, 3, 4, 0, 9)
28 (1, 4, 272, 0, 421, 0, 0, 0, 3, 4, 0, 9)
29 (1, 4, 461, 303, 0, 0, 0, 0, 2, 3, 0, 73)
30 (1, 4, 666, 275, 0, 0, 0, 0, 2, 3, 0, 198)
31 (1, 4, 371, 497, 0, 0, 42, 0, 2, 3, 0, 246)
32 (1, 4, 527, 639, 0, 0, 32, 0, 2, 2, 0, 99)
1 (1, 4, 71, 92, 0, 0, 123, 0, 0, 0, 0, 142)
2 (1, 4, 74, 7, 0, 4, 119, 0, 0, 0, 0, 31)
3 (1, 4, 0, 224, 0, 20, 112, 6, 0, 0, 0, 235)
4 (1, 4, 0, 271, 0, 7, 77, 53, 0, 0, 0, 238)
5 (1, 4, 0, 174, 2, 18, 73, 72, 0, 0, 0, 82)
6 (1, 4, 0, 195, 88, 5, 63, 74, 0, 0, 0, 72)
7 (1, 4, 0, 132, 210, 0, 44, 72, 0, 0, 0, 127)
8 (1, 4, 0, 251, 286, 0, 7, 77, 1, 1, 0, 191)
9 (1, 4, 0, 172, 255, 0, 0, 63, 1, 1, 0, 132)
10 (1, 4, 0, 212, 405, 0, 0, 27, 1, 1, 0, 8)
11 (1, 4, 0, 272, 439, 0, 0, 23, 1, 1, 0, 251)
12 (1, 4, 0, 170, 518, 0, 0, 22, 1, 1, 0, 190)
13 (1, 4, 0, 159, 446, 0, 0, 29, 1, 1, 0, 213)
14 (1, 4, 0, 0, 275, 0, 0, 34, 1, 1, 0, 246)
15 (1, 4, 0, 0, 147, 0, 0, 20, 1, 1, 0, 228)
16 (1, 4, 0, 0, 239, 0, 0, 17, 1, 1, 0, 214)
17 (1, 4, 0, 0, 157, 0, 0, 11, 1, 1, 0, 3)
18 (1, 4, 0, 0, 167, 0, 0, 8, 1, 1, 0, 119)
19 (1, 4, 0, 0, 147, 0, 0, 7, 1, 1, 0, 81)
20 (1, 4, 0, 0, 75, 0, 0, 13, 1, 1, 0, 203)
21 (1, 4, 0, 0, 68, 0, 0, 22, 1, 1, 0, 205)
22 (1, 4, 17, 0, 63, 0, 0, 29, 1, 2, 0, 111)
23 (1, 4, 165, 0, 61, 0, 0, 57, 1, 2, 0, 158)
24 (1, 4, 170, 9, 24, 0, 0, 109, 2, 3, 0, 216)
25 (1, 4, 0, 0, 0, 0, 3, 196, 2, 4, 0, 32)
26 (1, 4, 0, 0, 0, 0, 17, 142, 3, 5, 0, 72)
27 (1, 4, 0, 0, 0, 0, 28, 126, 2, 4, 0, 167)
28 (1, 4, 0, 0, 0, 0, 92, 40, 2, 3, 0, 241)
29 (1, 4, 0, 0, 157, 0, 62, 0, 3, 5, 0, 184)
30 (1, 4, 0, 0, 401, 0, 80, 0, 3, 5, 0, 192)
31 (1, 4, 49, 0, 534, 0, 25, 0, 4, 6, 0, 44)
32 (1, 4, 0, 0, 595, 0, 0, 0, 4, 6, 0, 9)
1 (1, 4, 182, 0, 0, 0, 0, 187, 2, 4, 0, 115)
2 (1, 4, 226, 0, 0, 0, 95, 97, 3, 4, 0, 57)
3 (1, 4, 24, 0, 0, 0, 129, 26, 3, 6, 0, 248)
4 (1, 4, 0, 0, 111, 0, 84, 0, 2, 4, 0, 49)
5 (1, 4, 0, 0, 398, 0, 87, 0, 2, 3, 0, 145)
6 (1, 4, 0, 0, 570, 0, 0, 0, 4, 6, 0, 36)
7 (1, 4, 0, 0, 427, 0, 0, 0, 2, 4, 0, 68)
8 (1, 4, 0, 0, 679, 0, 0, 0, 2, 4, 0, 65)
9 (1, 4, 0, 0, 382, 0, 0, 0, 2, 3, 0, 237)
10 (1, 4, 0, 0, 209, 0, 0, 0, 2, 4, 0, 240)
11 (1, 4, 481, 42, 0, 0, 4, 0, 2, 4, 0, 185)
12 (1, 4, 359, 275, 44, 0, 44, 0, 3, 4, 0, 122)
13 (1, 4, 231, 318, 96, 0, 11, 0, 3, 4, 0, 15)
14 (1, 4, 276, 453, 123, 0, 4, 0, 3, 4, 0, 63)
15 (1, 4, 335, 494, 9, 0, 22, 0, 2, 2, 0, 160)
16 (1, 4, 387, 679, 73, 0, 10, 0, 1, 2, 0, 35)
17 (1, 4, 843, 866, 77, 0, 33, 0, 1, 2, 0, 218)
18 (1, 4, 873, 420, 0, 0, 0, 0, 0, 1, 0, 223)
19 (1, 4, 873, 301, 0, 0, 79, 0, 1, 1, 0, 9)
20 (1, 4, 609, 0, 0, 0, 122, 0, 1, 1, 0, 146)
21 (1, 4, 27, 75, 0, 0, 181, 37, 1, 1, 0, 48)
22 (1, 4, 124, 48, 0, 0, 185, 51, 1, 1, 0, 34)
23 (1, 4, 27, 60, 0, 0, 154, 26, 1, 1, 0, 61)
24 (1, 4, 0, 133, 0, 8, 99, 36, 1, 1, 0, 169)
25 (1, 4, 0, 113, 8, 20, 93, 42, 1, 1, 0, 227)
26 (1, 4, 0, 133, 99, 26, 72, 36, 1, 1, 0, 153)
27 (1, 4, 0, 159, 170, 21, 31, 57, 1, 1, 0, 197)
28 (1, 4, 0, 173, 199, 22, 31, 44, 1, 1, 0, 32)
29 (1, 4, 0, 217, 192, 8, 18, 67, 1, 1, 0, 52)
30 (1, 4, 0, 188, 189, 4, 20, 58, 1, 1, 0, 129)
31 (1, 4, 0, 216, 239, 13, 0, 52, 1, 1, 0, 22)
32 (1, 4, 0, 278, 273, 0, 0, 54, 1, 1, 0, 76)
1 (1, 4, 0, 0, 606, 0, 19, 0, 2, 4, 0, 236)
2 (1, 4, 0, 0, 847, 0, 0, 0, 1, 2, 0, 143)
3 (1, 4, 208, 102, 704, 0, 0, 0, 1, 2, 0, 240)
4 (1, 4, 647, 313, 369, 0, 0, 0, 1, 2, 0, 2)
5 (1, 4, 705, 624, 115, 0, 0, 0, 2, 2, 0, 214)
6 (1, 4, 873, 434, 0, 0, 0, 62, 2, 3, 0, 79)
7 (1, 4, 375, 0, 0, 0, 0, 95, 2, 3, 0, 238)
8 (1, 4, 220, 0, 0, 0, 20, 94, 4, 5, 0, 211)
9 (1, 4, 421, 0, 0, 0, 47, 55, 4, 6, 0, 175)
10 (1, 4, 389, 0, 0, 0, 47, 14, 3, 5, 0, 187)
11 (1, 4, 240, 0, 0, 0, 33, 0, 3, 4, 0, 188)
12 (1, 4, 145, 0, 114, 0, 9, 0, 3, 5, 0, 14)
13 (1, 4, 114, 0, 244, 0, 19, 0, 2, 3, 0, 110)
14 (1, 4, 206, 0, 394, 0, 44, 0, 2, 3, 0, 223)
15 (1, 4, 0, 0, 707, 0, 37, 0, 2, 3, 0, 155)
16 (1, 4, 133, 0, 701, 0, 0, 0, 1, 2, 0, 85)
17 (1, 4, 284, 0, 855, 0, 0, 0, 1, 2, 0, 230)
18 (1, 4, 749, 0, 685, 0, 0, 0, 1, 2, 0, 16)
19 (1, 4, 741, 158, 211, 0, 0, 0, 1, 2, 0, 9)
20 (1, 4, 873, 565, 0, 0, 12, 0, 1, 2, 0, 223)
21 (1, 4, 873, 375, 0, 0, 130, 0, 1, 1, 0, 64)
22 (1, 4, 523, 276, 0, 0, 101, 0, 0, 1, 0, 160)
23 (1, 4, 664, 41, 0, 0, 109, 0, 0, 0, 0, 119)
24 (1, 4, 599, 118, 0, 0, 106, 0, 0, 0, 0, 138)
25 (1, 4, 463, 0, 0, 0, 62, 0, 0, 0, 0, 226)
26 (1, 4, 444, 0, 0, 0, 90, 0, 0, 1, 0, 193)
27 (1, 4, 191, 0, 0, 0, 116, 0, 0, 0, 0, 103)
28 (1, 4, 98, 13, 0, 2, 132, 0, 0, 0, 0, 25)
29 (1, 4, 53, 85, 0, 9, 92, 1, 0, 0, 0, 103)
30 (1, 4, 68, 161, 0, 25, 67, 25, 0, 0, 0, 222)
31 (1, 4, 52, 157, 0, 29, 71, 45, 0, 0, 0, 34)
32 (1, 4, 1, 140, 5, 42, 70, 52, 0, 0, 0, 241)
1 (1, 4, 36, 0, 0, 0, 66, 110, 2, 3, 0, 210)
2 (1, 4, 0, 0, 0, 0, 111, 45, 2, 3, 0, 88)
3 (1, 4, 0, 0, 111, 0, 91, 0, 2, 4, 0, 152)
4 (1, 4, 0, 0, 264, 0, 73, 0, 2, 3, 0, 68)
5 (1, 4, 0, 0, 331, 0, 62, 0, 4, 3, 0, 181)
6 (1, 4, 167, 0, 589, 0, 44, 0, 2, 3, 0, 231)
7 (1, 4, 195, 78, 873, 0, 0, 0, 2, 3, 0, 196)
8 (1, 4, 56, 498, 862, 0, 0, 0, 2, 2, 0, 60)
9 (1, 4, 695, 687, 618, 0, 0, 0, 1, 2, 0, 69)
10 (1, 4, 774, 338, 0, 0, 0, 68, 3, 4, 0, 11)
11 (1, 4, 669, 302, 0, 0, 0, 239, 3, 5, 0, 27)
12 (1, 4, 108, 0, 0, 0, 105, 203, 5, 6, 0, 4)
13 (1, 4, 49, 0, 0, 0, 131, 129, 2, 3, 0, 196)
14 (1, 4, 159, 0, 0, 0, 160, 28, 3, 4, 0, 169)
15 (1, 4, 61, 0, 47, 0, 91, 0, 2, 3, 0, 20)
16 (1, 4, 228, 0, 257, 0, 0, 0, 2, 3, 0, 173)
17 (1, 4, 4, 0, 427, 0, 0, 0, 2, 3, 0, 106)
18 (1, 4, 74, 0, 375, 0, 0, 0, 2, 2, 0, 75)
19 (1, 4, 0, 0, 451, 0, 0, 0, 4, 5, 0, 221)
20 (1, 4, 0, 85, 846, 0, 0, 0, 4, 5, 0, 109)
21 (1, 4, 873, 0, 545, 0, 0, 0, 3, 4, 0, 149)
22 (1, 4, 675, 460, 217, 0, 0, 0, 3, 4, 0, 228)
23 (1, 4, 575, 726, 100, 0, 0, 0, 3, 4, 0, 200)
24 (1, 4, 859, 584, 0, 0, 18, 0, 3, 3, 0, 226)
25 (1, 4, 612, 565, 0, 0, 80, 0, 0, 0, 0, 146)
26 (1, 4, 636, 506, 0, 0, 133, 0, 0, 0, 0, 40)
27 (1, 4, 780, 153, 0, 0, 125, 0, 0, 0, 0, 159)
28 (1, 4, 873, 0, 0, 0, 129, 0, 0, 0, 0, 5)
29 (1, 4, 385, 0, 0, 0, 187, 0, 0, 0, 0, 145)
30 (1, 4, 113, 0, 0, 0, 142, 0, 0, 0, 0, 58)
31 (1, 4, 49, 48, 0, 2, 128, 0, 0, 0, 0, 254)
32 (1, 4, 0, 153, 0, 15, 116, 4, 0, 0, 0, 185)
1 (1, 4, 169, 0, 6, 0, 0, 40, 0, 0, 0, 232)
2 (1, 4, 334, 0, 0, 0, 0, 43, 0, 0, 0, 140)
3 (1, 4, 98, 0, 0, 0, 1, 79, 1, 1, 0, 224)
4 (1, 4, 0, 0, 0, 0, 28, 131, 1, 2, 0, 129)
5 (1, 4, 0, 0, 0, 0, 50, 113, 1, 2, 0, 88)
6 (1, 4, 0, 0, 0, 0, 91, 99, 1, 2, 0, 157)
7 (1, 4, 0, 0, 0, 0, 100, 37, 1, 2, 0, 53)
8 (1, 4, 0, 0, 9, 0, 90, 0, 2, 3, 0, 131)
9 (1, 4, 0, 0, 86, 0, 80, 0, 3, 5, 0, 114)
10 (1, 4, 0, 0, 302, 0, 99, 0, 2, 3, 0, 245)
11 (1, 4, 0, 0, 563, 0, 57, 0, 2, 3, 0, 183)
12 (1, 4, 99, 78, 873, 0, 0, 0, 1, 2, 0, 219)
13 (1, 4, 729, 291, 664, 0, 0, 0, 1, 2, 0, 187)
14 (1, 4, 873, 351, 0, 0, 0, 0, 2, 3, 0, 135)
15 (1, 4, 873, 560, 0, 0, 0, 120, 1, 3, 0, 36)
16 (1, 4, 94, 0, 0, 0, 40, 150, 1, 2, 0, 174)
17 (1, 4, 98, 0, 0, 0, 63, 156, 1, 2, 0, 127)
18 (1, 4, 64, 0, 0, 0, 171, 76, 1, 2, 0, 234)
19 (1, 4, 0, 0, 0, 0, 179, 14, 2, 3, 0, 22)
20 (1, 4, 70, 0, 251, 0, 107, 0, 2, 3, 0, 123)
21 (1, 4, 107, 0, 692, 0, 69, 0, 2, 4, 0, 41)
22 (1, 4, 0, 0, 715, 0, 0, 0, 3, 4, 0, 196)
23 (1, 4, 90, 0, 699, 0, 0, 0, 2, 3, 0, 207)
24 (1, 4, 0, 0, 570, 0, 0, 0, 1, 2, 0, 98)
25 (1, 4, 0, 0, 271, 0, 0, 0, 1, 2, 0, 206)
26 (1, 4, 0, 256, 155, 0, 0, 0, 1, 2, 0, 166)
27 (1, 4, 618, 193, 0, 0, 0, 0, 1, 2, 0, 219)
28 (1, 4, 384, 389, 0, 0, 87, 0, 1, 2, 0, 161)
29 (1, 4, 365, 649, 0, 0, 6, 0, 2, 3, 0, 214)
30 (1, 4, 873, 685, 0, 0, 128, 0, 2, 3, 0, 215)
31 (1, 4, 849, 339, 0, 0, 187, 0, 0, 0, 0, 54)
32 (1, 4, 660, 28, 0, 0, 114, 0, 0, 0, 0, 223)
1 (1, 4, 383, 0, 0, 0, 0, 48, 2, 3, 0, 131)
2 (1, 4, 376, 0, 0, 0, 0, 104, 2, 3, 0, 213)
3 (1, 4, 98, 0, 0, 0, 25, 112, 2, 3, 0, 95)
4 (1, 4, 0, 0, 0, 0, 51, 103, 2, 3, 0, 243)
5 (1, 4, 0, 0, 0, 0, 111, 62, 3, 4, 0, 153)
6 (1, 4, 0, 0, 45, 0, 96, 17, 2, 4, 0, 130)
7 (1, 4, 0, 0, 204, 0, 75, 0, 1, 3, 0, 25)
8 (1, 4, 0, 0, 314, 0, 63, 0, 2, 3, 0, 105)
9 (1, 4, 6, 0, 404, 0, 31, 0, 2, 3, 0, 130)
10 (1, 4, 292, 0, 671, 0, 26, 0, 2, 3, 0, 33)
11 (1, 4, 4, 64, 694, 0, 0, 0, 2, 3, 0, 7)
12 (1, 4, 198, 230, 873, 0, 0, 0, 2, 4, 0, 148)
13 (1, 4, 206, 580, 749, 0, 0, 2, 2, 5, 0, 167)
14 (1, 4, 873, 310, 0, 0, 0, 0, 2, 4, 0, 214)
15 (1, 4, 873, 672, 0, 0, 0, 197, 1, 3, 0, 252)
16 (1, 4, 402, 0, 0, 0, 129, 181, 2, 4, 0, 229)
17 (1, 4, 162, 0, 0, 0, 177, 136, 2, 3, 0, 108)
18 (1, 4, 20, 0, 0, 0, 241, 78, 1, 3, 0, 197)
19 (1, 4, 29, 0, 0, 0, 170, 0, 1, 3, 0, 13)
20 (1, 4, 277, 0, 312, 0, 107, 0, 1, 3, 0, 72)
21 (1, 4, 0, 0, 633, 0, 90, 0, 2, 3, 0, 67)
22 (1, 4, 0, 0, 744, 0, 0, 29, 2, 4, 0, 112)
23 (1, 4, 0, 0, 849, 0, 102, 0, 2, 4, 0, 224)
24 (1, 4, 0, 0, 539, 0, 0, 0, 1, 2, 0, 8)
25 (1, 4, 714, 220, 433, 0, 0, 0, 3, 5, 0, 223)
26 (1, 4, 477, 336, 284, 0, 0, 0, 3, 5, 0, 231)
27 (1, 4, 851, 488, 28, 0, 0, 0, 0, 1, 0, 227)
28 (1, 4, 873, 632, 0, 0, 58, 0, 0, 1, 0, 198)
29 (1, 4, 816, 374, 0, 0, 139, 0, 0, 0, 0, 83)
30 (1, 4, 473, 148, 0, 0, 95, 0, 0, 0, 0, 242)
31 (1, 4, 657, 198, 0, 0, 124, 0, 0, 0, 0, 4)
32 (1, 4, 609, 0, 0, 0, 155, 0, 0, 0, 0, 193)
1 (1, 4, 196, 112, 209, 0, 0, 163, 1, 2, 0, 226)
2 (1, 4, 60, 0, 45, 0, 0, 226, 1, 1, 0, 71)
3 (1, 4, 0, 0, 0, 0, 0, 239, 2, 2, 0, 251)
4 (1, 4, 0, 0, 0, 0, 28, 193, 2, 2, 0, 219)
5 (1, 4, 0, 0, 0, 0, 161, 120, 2, 2, 0, 241)
6 (1, 4, 0, 0, 0, 0, 198, 0, 3, 3, 0, 90)
7 (1, 4, 86, 0, 316, 0, 130, 0, 5, 6, 0, 91)
8 (1, 4, 184, 0, 480, 0, 83, 0, 5, 6, 0, 17)
9 (1, 4, 240, 0, 529, 0, 35, 0, 5, 5, 0, 63)
10 (1, 4, 163, 639, 873, 0, 0, 0, 2, 2, 0, 58)
11 (1, 4, 0, 665, 623, 0, 0, 0, 1, 2, 0, 135)
12 (1, 4, 333, 648, 270, 0, 0, 99, 1, 2, 0, 106)
13 (1, 4, 419, 424, 0, 0, 0, 262, 2, 4, 0, 163)
14 (1, 4, 156, 138, 0, 0, 0, 324, 3, 5, 0, 99)
15 (1, 4, 226, 0, 0, 0, 100, 227, 3, 3, 0, 222)
16 (1, 4, 244, 0, 0, 0, 204, 65, 4, 4, 0, 79)
17 (1, 4, 141, 0, 0, 0, 87, 4, 2, 3, 0, 214)
18 (1, 4, 343, 0, 176, 0, 86, 0, 2, 2, 0, 211)
19 (1, 4, 420, 0, 455, 0, 32, 0, 1, 2, 0, 157)
20 (1, 4, 222, 0, 625, 0, 75, 0, 4, 5, 0, 29)
21 (1, 4, 0, 3, 793, 0, 0, 0, 4, 5, 0, 89)
22 (1, 4, 46, 275, 841, 0, 0, 0, 1, 2, 0, 49)
23 (1, 4, 873, 476, 597, 0, 0, 0, 1, 2, 0, 103)
24 (1, 4, 502, 668, 0, 0, 0, 0, 1, 2, 0, 147)
25 (1, 4, 873, 616, 0, 0, 0, 18, 1, 2, 0, 169)
26 (1, 4, 727, 436, 0, 0, 172, 18, 3, 4, 0, 205)
27 (1, 4, 560, 16, 0, 0, 145, 0, 2, 2, 0, 230)
28 (1, 4, 415, 0, 0, 0, 174, 0, 0, 0, 0, 58)
29 (1, 4, 385, 0, 0, 0, 115, 0, 0, 0, 0, 126)
30 (1, 4, 341, 0, 0, 0, 115, 0, 0, 0, 0, 58)
31 (1, 4, 106, 0, 0, 0, 139, 0, 0, 0, 0, 34)
32 (1, 4, 0, 38, 0, 15, 106, 0, 0, 0, 0, 138)
1 (1, 4, 0, 257, 214, 3, 0, 62, 1, 1, 0, 86)
2 (1, 4, 0, 287, 279, 0, 0, 56, 0, 1, 0, 127)
3 (1, 4, 0, 328, 283, 0, 0, 59, 0, 0, 0, 112)
4 (1, 4, 0, 381, 381, 0, 0, 77, 0, 0, 0, 51)
5 (1, 4, 0, 239, 268, 0, 0, 86, 0, 0, 0, 106)
6 (1, 4, 0, 223, 390, 0, 0, 71, 0, 0, 0, 167)
7 (1, 4, 0, 226, 418, 0, 0, 64, 0, 0, 0, 107)
8 (1, 4, 0, 229, 331, 0, 0, 28, 0, 0, 0, 188)
9 (1, 4, 0, 328, 358, 0, 0, 0, 0, 0, 0, 130)
10 (1, 4, 0, 177, 354, 0, 0, 24, 0, 0, 0, 39)
11 (1, 4, 87, 33, 286, 0, 0, 4, 0, 0, 0, 208)
12 (1, 4, 346, 28, 235, 0, 0, 27, 0, 0, 0, 221)
13 (1, 4, 53, 27, 112, 0, 0, 29, 0, 0, 0, 140)
14 (1, 4, 0, 10, 55, 0, 0, 34, 0, 0, 0, 220)
15 (1, 4, 0, 0, 15, 0, 0, 33, 0, 0, 0, 89)
16 (1, 4, 7, 0, 0, 0, 0, 28, 0, 1, 0, 115)
17 (1, 4, 131, 0, 0, 0, 0, 44, 1, 1, 0, 78)
18 (1, 4, 318, 0, 0, 0, 0, 61, 1, 1, 0, 52)
19 (1, 4, 240, 0, 0, 0, 34, 109, 2, 2, 0, 140)
20 (1, 4, 0, 0, 0, 0, 116, 126, 2, 3, 0, 103)
21 (1, 4, 0, 0, 0, 0, 135, 88, 1, 2, 0, 234)
22 (1, 4, 0, 0, 0, 0, 125, 50, 1, 2, 0, 200)
23 (1, 4, 0, 0, 35, 0, 114, 0, 1, 2, 0, 239)
24 (1, 4, 0, 0, 182, 0, 83, 0, 1, 2, 0, 223)
25 (1, 4, 0, 0, 305, 0, 74, 0, 1, 2, 0, 171)
26 (1, 4, 87, 0, 579, 0, 67, 0, 2, 3, 0, 47)
27 (1, 4, 181, 0, 873, 0, 0, 0, 4, 6, 0, 66)
28 (1, 4, 0, 523, 873, 0, 0, 0, 1, 1, 0, 27)
29 (1, 4, 873, 446, 717, 0, 0, 0, 3, 4, 0, 192)
30 (1, 4, 873, 407, 0, 0, 0, 131, 2, 3, 0, 90)
31 (1, 4, 413, 246, 0, 0, 109, 237, 1, 2, 0, 143)
32 (1, 4, 276, 0, 0, 0, 168, 179, 1, 2, 0, 118)
1 (1, 4, 127, 0, 694, 0, 0, 0, 2, 3, 0, 72)
2 (1, 4, 0, 0, 873, 0, 0, 0, 2, 3, 0, 205)
3 (1, 4, 873, 204, 266, 0, 0, 0, 2, 3, 0, 20)
4 (1, 4, 873, 688, 0, 0, 0, 0, 2, 4, 0, 72)
5 (1, 4, 873, 873, 0, 0, 0, 0, 1, 2, 0, 147)
6 (1, 4, 873, 470, 0, 0, 150, 0, 1, 1, 0, 80)
7 (1, 4, 615, 250, 0, 0, 175, 0, 1, 1, 0, 120)
8 (1, 4, 236, 0, 0, 0, 116, 0, 1, 1, 0, 21)
9 (1, 4, 551, 0, 0, 0, 92, 0, 0, 0, 0, 42)
10 (1, 4, 438, 0, 0, 0, 137, 0, 0, 0, 0, 230)
11 (1, 4, 287, 0, 0, 0, 182, 0, 1, 1, 0, 98)
12 (1, 4, 160, 96, 0, 7, 182, 0, 1, 1, 0, 20)
13 (1, 4, 99, 111, 28, 25, 66, 12, 1, 0, 0, 74)
14 (1, 4, 132, 111, 0, 55, 47, 42, 0, 0, 0, 182)
15 (1, 4, 32, 25, 14, 63, 64, 64, 0, 0, 0, 247)
16 (1, 4, 0, 59, 92, 76, 35, 68, 1, 0, 0, 85)
17 (1, 4, 60, 57, 85, 71, 21, 67, 0, 0, 0, 78)
18 (1, 4, 44, 51, 57, 65, 30, 64, 0, 0, 0, 249)
19 (1, 4, 0, 52, 86, 46, 32, 58, 0, 0, 0, 141)
20 (1, 4, 0, 17, 48, 62, 21, 58, 0, 0, 0, 177)
21 (1, 4, 40, 75, 45, 65, 23, 68, 0, 0, 0, 190)
22 (1, 4, 27, 53, 56, 72, 30, 80, 0, 0, 0, 227)
23 (1, 4, 2, 67, 83, 76, 17, 86, 1, 0, 0, 147)
24 (1, 4, 28, 76, 104, 68, 5, 91, 1, 1, 0, 165)
25 (1, 4, 0, 32, 56, 64, 3, 88, 1, 1, 0, 170)
26 (1, 4, 0, 22, 50, 61, 0, 81, 1, 0, 0, 168)
27 (1, 4, 0, 25, 40, 61, 3, 74, 0, 0, 0, 67)
28 (1, 4, 16, 11, 16, 58, 3, 75, 0, 0, 0, 16)
29 (1, 4, 23, 14, 0, 61, 9, 76, 0, 0, 0, 87)
30 (1, 4, 3, 29, 0, 61, 13, 79, 0, 0, 0, 179)
31 (1, 4, 2, 15, 0, 57, 9, 85, 0, 0, 0, 174)
32 (1, 4, 8, 24, 2, 57, 12, 84, 0, 0, 0, 203)
1 (1, 4, 107, 0, 117, 16, 44, 89, 0, 0, 0, 153)
2 (1, 4, 77, 0, 186, 19, 42, 90, 0, 0, 0, 127)
3 (1, 4, 56, 48, 313, 52, 19, 103, 0, 1, 0, 142)
4 (1, 4, 133, 92, 350, 24, 0, 142, 1, 1, 0, 104)
5 (1, 4, 73, 0, 274, 6, 6, 114, 1, 1, 0, 80)
6 (1, 4, 96, 0, 331, 5, 17, 42, 1, 2, 0, 72)
7 (1, 4, 267, 0, 442, 0, 0, 0, 1, 2, 0, 20)
8 (1, 4, 360, 0, 487, 0, 0, 0, 2, 2, 0, 28)
9 (1, 4, 282, 212, 555, 0, 0, 0, 2, 2, 0, 152)
10 (1, 4, 36, 353, 585, 0, 0, 0, 2, 2, 0, 235)
11 (1, 4, 0, 368, 672, 0, 0, 0, 2, 2, 0, 28)
12 (1, 4, 0, 521, 649, 0, 0, 0, 2, 2, 0, 196)
13 (1, 4, 336, 520, 378, 0, 0, 9, 2, 2, 0, 248)
14 (1, 4, 361, 627, 0, 0, 0, 139, 3, 3, 0, 100)
15 (1, 4, 381, 274, 0, 0, 0, 205, 7, 8, 0, 138)
16 (1, 4, 114, 44, 0, 0, 0, 201, 2, 3, 0, 228)
17 (1, 4, 217, 0, 0, 0, 70, 97, 4, 4, 0, 104)
18 (1, 4, 384, 0, 0, 0, 128, 22, 3, 5, 0, 36)
19 (1, 4, 271, 0, 0, 0, 177, 0, 2, 3, 0, 154)
20 (1, 4, 386, 0, 398, 0, 85, 0, 2, 3, 0, 104)
21 (1, 4, 488, 0, 602, 0, 71, 0, 2, 3, 0, 241)
22 (1, 4, 124, 183, 873, 0, 0, 0, 2, 3, 0, 139)
23 (1, 4, 0, 371, 873, 0, 0, 0, 3, 5, 0, 207)
24 (1, 4, 459, 541, 524, 0, 0, 0, 1, 1, 0, 163)
25 (1, 4, 361, 568, 0, 0, 0, 254, 2, 3, 0, 115)
26 (1, 4, 267, 289, 0, 0, 0, 365, 2, 2, 0, 19)
27 (1, 4, 32, 0, 0, 0, 51, 202, 2, 2, 0, 52)
28 (1, 4, 0, 0, 0, 0, 42, 64, 3, 4, 0, 8)
29 (1, 4, 96, 0, 0, 0, 51, 3, 2, 3, 0, 44)
30 (1, 4, 5, 0, 0, 0, 84, 0, 2, 3, 0, 77)
31 (1, 4, 212, 0, 9, 0, 41, 0, 2, 3, 0, 222)
32 (1, 4, 239, 0, 308, 0, 114, 0, 2, 4, 0, 242)
1 (1, 4, 841, 441, 0, 0, 146, 0, 1, 1, 0, 132)
2 (1, 4, 858, 299, 0, 0, 149, 0, 0, 0, 0, 26)
3 (1, 4, 710, 62, 0, 0, 170, 0, 0, 0, 0, 111)
4 (1, 4, 626, 0, 0, 0, 171, 0, 1, 1, 0, 178)
5 (1, 4, 406, 82, 0, 0, 194, 0, 0, 0, 0, 254)
6 (1, 4, 239, 108, 0, 0, 175, 0, 1, 1, 0, 206)
7 (1, 4, 35, 104, 0, 10, 127, 12, 1, 1, 0, 50)
8 (1, 4, 112, 137, 18, 45, 94, 41, 1, 1, 0, 39)
9 (1, 4, 6, 134, 127, 40, 84, 63, 2, 2, 0, 59)
10 (1, 4, 0, 125, 182, 48, 38, 71, 1, 1, 0, 222)
11 (1, 4, 7, 127, 163, 35, 9, 86, 1, 1, 0, 82)
12 (1, 4, 48, 24, 81, 47, 18, 82, 1, 1, 0, 134)
13 (1, 4, 0, 93, 92, 42, 23, 76, 1, 1, 0, 55)
14 (1, 4, 0, 61, 111, 33, 15, 81, 1, 1, 0, 66)
15 (1, 4, 0, 45, 127, 39, 7, 64, 1, 1, 0, 211)
16 (1, 4, 0, 49, 107, 39, 0, 67, 1, 1, 0, 244)
17 (1, 4, 0, 56, 130, 31, 3, 64, 0, 1, 0, 71)
18 (1, 4, 0, 74, 170, 15, 0, 54, 0, 1, 0, 207)
19 (1, 4, 0, 115, 205, 14, 0, 40, 0, 1, 0, 96)
20 (1, 4, 0, 134, 189, 3, 0, 60, 0, 1, 0, 105)
21 (1, 4, 0, 261, 222, 7, 0, 60, 0, 1, 0, 151)
22 (1, 4, 0, 342, 320, 0, 0, 91, 0, 1, 0, 25)
23 (1, 4, 0, 227, 232, 0, 0, 84, 0, 1, 0, 38)
24 (1, 4, 0, 205, 312, 0, 0, 79, 0, 1, 0, 151)
25 (1, 4, 0, 213, 283, 0, 0, 77, 0, 0, 0, 210)
26 (1, 4, 0, 95, 218, 0, 0, 59, 0, 1, 0, 94)
27 (1, 4, 0, 86, 189, 0, 0, 55, 0, 0, 0, 76)
28 (1, 4, 0, 83, 119, 0, 0, 66, 0, 0, 0, 39)
29 (1, 4, 64, 0, 63, 0, 0, 58, 0, 0, 0, 14)
30 (1, 4, 0, 9, 100, 0, 0, 45, 0, 0, 0, 194)
31 (1, 4, 0, 2, 51, 0, 0, 45, 0, 0, 0, 200)
32 (1, 4, 0, 0, 19, 0, 0, 32, 0, 0, 0, 27)
1 (1, 4, 93, 0, 0, 0, 0, 93, 0, 1, 0, 236)
2 (1, 4, 72, 0, 0, 0, 7, 119, 1, 1, 0, 194)
3 (1, 4, 21, 0, 0, 0, 5, 146, 1, 1, 0, 219)
4 (1, 4, 0, 0, 0, 0, 53, 115, 1, 2, 0, 137)
5 (1, 4, 0, 0, 0, 0, 64, 83, 1, 2, 0, 32)
6 (1, 4, 0, 0, 68, 0, 64, 18, 2, 3, 0, 210)
7 (1, 4, 0, 0, 215, 0, 33, 0, 2, 3, 0, 227)
8 (1, 4, 0, 0, 247, 0, 9, 0, 2, 3, 0, 209)
9 (1, 4, 0, 0, 251, 0, 6, 0, 2, 3, 0, 154)
10 (1, 4, 0, 0, 418, 0, 0, 0, 2, 3, 0, 122)
11 (1, 4, 0, 0, 546, 0, 0, 0, 2, 3, 0, 108)
12 (1, 4, 73, 0, 673, 0, 0, 0, 2, 4, 0, 199)
13 (1, 4, 0, 205, 553, 0, 0, 0, 2, 4, 0, 35)
14 (1, 4, 32, 523, 616, 0, 0, 0, 2, 3, 0, 101)
15 (1, 4, 551, 436, 353, 0, 0, 13, 1, 2, 0, 50)
16 (1, 4, 787, 502, 0, 0, 0, 0, 1, 2, 0, 77)
17 (1, 4, 392, 115, 0, 0, 0, 185, 4, 7, 0, 181)
18 (1, 4, 150, 0, 0, 0, 1, 174, 4, 6, 0, 41)
19 (1, 4, 212, 0, 0, 0, 45, 118, 2, 3, 0, 238)
20 (1, 4, 214, 0, 0, 0, 44, 46, 2, 4, 0, 225)
21 (1, 4, 397, 0, 0, 0, 23, 0, 2, 3, 0, 187)
22 (1, 4, 361, 0, 0, 0, 16, 0, 2, 3, 0, 176)
23 (1, 4, 509, 0, 93, 0, 0, 0, 2, 3, 0, 10)
24 (1, 4, 516, 0, 251, 0, 8, 0, 2, 4, 0, 96)
25 (1, 4, 321, 0, 362, 0, 0, 0, 2, 3, 0, 73)
26 (1, 4, 380, 46, 586, 0, 0, 0, 3, 4, 0, 131)
27 (1, 4, 0, 186, 723, 0, 0, 0, 4, 6, 0, 132)
28 (1, 4, 0, 226, 870, 0, 0, 0, 4, 6, 0, 50)
29 (1, 4, 315, 424, 873, 0, 0, 20, 2, 3, 0, 185)
30 (1, 4, 873, 440, 379, 0, 0, 0, 2, 3, 0, 229)
31 (1, 4, 873, 388, 279, 0, 0, 0, 0, 1, 0, 218)
32 (1, 4, 601, 0, 0, 0, 120, 0, 1, 1, 0, 55)
1 (1, 4, 176, 0, 0, 0, 174, 0, 0, 0, 0, 165)
2 (1, 4, 64, 81, 0, 0, 150, 0, 0, 1, 0, 107)
3 (1, 4, 80, 160, 0, 9, 130, 14, 0, 0, 0, 211)
4 (1, 4, 56, 174, 37, 16, 116, 26, 0, 0, 0, 220)
5 (1, 4, 14, 184, 128, 34, 92, 48, 0, 0, 0, 210)
6 (1, 4, 7, 192, 220, 25, 66, 66, 0, 0, 0, 69)
7 (1, 4, 31, 112, 259, 37, 32, 67, 0, 0, 0, 166)
8 (1, 4, 0, 196, 287, 27, 15, 66, 0, 0, 0, 38)
9 (1, 4, 0, 141, 275, 21, 0, 69, 0, 0, 0, 65)
10 (1, 4, 5, 163, 254, 30, 0, 80, 0, 0, 0, 206)
11 (1, 4, 0, 116, 178, 18, 0, 90, 0, 0, 0, 215)
12 (1, 4, 0, 64, 168, 25, 0, 81, 0, 0, 0, 23)
13 (1, 4, 0, 166, 137, 19, 0, 91, 0, 0, 0, 31)
14 (1, 4, 0, 90, 139, 18, 0, 85, 0, 0, 0, 65)
15 (1, 4, 0, 209, 125, 6, 0, 97, 0, 0, 0, 93)
16 (1, 4, 0, 192, 87, 0, 0, 98, 0, 0, 0, 192)
17 (1, 4, 0, 251, 144, 0, 0, 97, 0, 0, 0, 129)
18 (1, 4, 0, 203, 81, 0, 0, 96, 0, 0, 0, 99)
19 (1, 4, 0, 164, 72, 0, 0, 78, 0, 0, 0, 67)
20 (1, 4, 0, 190, 101, 0, 0, 60, 0, 0, 0, 250)
21 (1, 4, 0, 114, 131, 0, 0, 41, 0, 0, 0, 237)
22 (1, 4, 0, 58, 195, 0, 0, 27, 0, 0, 0, 237)
23 (1, 4, 0, 14, 225, 0, 0, 16, 0, 0, 0, 201)
24 (1, 4, 0, 37, 245, 0, 0, 11, 0, 0, 0, 30)
25 (1, 4, 0, 70, 379, 0, 0, 5, 0, 0, 0, 192)
26 (1, 4, 32, 0, 400, 0, 0, 6, 1, 1, 0, 175)
27 (1, 4, 2, 17, 330, 0, 0, 0, 0, 1, 0, 232)
28 (1, 4, 0, 61, 181, 0, 0, 0, 0, 1, 0, 208)
29 (1, 4, 0, 20, 70, 0, 0, 0, 0, 0, 0, 79)
30 (1, 4, 0, 24, 12, 0, 0, 0, 0, 0, 0, 78)
31 (1, 4, 0, 38, 2, 0, 0, 0, 0, 0, 0, 36)
32 (1, 4, 0, 45, 0, 0, 2, 0, 0, 0, 0, 146)
1 (1, 4, 0, 0, 0, 0, 86, 59, 2, 3, 0, 119)
2 (1, 4, 0, 0, 0, 0, 80, 1, 2, 3, 0, 71)
3 (1, 4, 0, 0, 101, 0, 49, 0, 2, 3, 0, 57)
4 (1, 4, 7, 0, 238, 0, 21, 0, 2, 3, 0, 11)
5 (1, 4, 0, 0, 270, 0, 15, 0, 2, 3, 0, 62)
6 (1, 4, 0, 0, 387, 0, 12, 0, 2, 3, 0, 50)
7 (1, 4, 0, 0, 485, 0, 0, 0, 2, 3, 0, 100)
8 (1, 4, 0, 0, 571, 0, 0, 0, 2, 3, 0, 59)
9 (1, 4, 0, 0, 549, 0, 0, 0, 1, 3, 0, 47)
10 (1, 4, 0, 213, 873, 0, 0, 0, 3, 5, 0, 94)
11 (1, 4, 873, 100, 718, 0, 0, 0, 1, 2, 0, 26)
12 (1, 4, 768, 477, 249, 0, 0, 0, 2, 4, 0, 110)
13 (1, 4, 854, 699, 57, 0, 0, 5, 2, 4, 0, 93)
14 (1, 4, 756, 452, 0, 0, 0, 30, 2, 3, 0, 200)
15 (1, 4, 590, 73, 0, 0, 0, 36, 2, 3, 0, 143)
16 (1, 4, 428, 0, 0, 0, 40, 11, 1, 3, 0, 121)
17 (1, 4, 456, 0, 0, 0, 37, 5, 1, 3, 0, 114)
18 (1, 4, 432, 0, 0, 0, 47, 0, 1, 2, 0, 94)
19 (1, 4, 303, 0, 0, 0, 20, 0, 1, 2, 0, 51)
20 (1, 4, 295, 0, 67, 0, 15, 0, 1, 2, 0, 204)
21 (1, 4, 236, 0, 225, 0, 0, 0, 1, 2, 0, 185)
22 (1, 4, 292, 0, 333, 0, 0, 0, 1, 3, 0, 140)
23 (1, 4, 336, 0, 429, 0, 0, 0, 1, 3, 0, 238)
24 (1, 4, 581, 0, 582, 0, 0, 0, 2, 3, 0, 140)
25 (1, 4, 0, 87, 702, 0, 0, 0, 1, 3, 0, 70)
26 (1, 4, 166, 0, 572, 0, 0, 0, 2, 4, 0, 62)
27 (1, 4, 0, 600, 873, 0, 0, 0, 2, 3, 0, 81)
28 (1, 4, 873, 47, 445, 0, 0, 0, 2, 3, 0, 25)
29 (1, 4, 525, 432, 180, 0, 0, 0, 1, 2, 0, 225)
30 (1, 4, 873, 629, 109, 0, 0, 0, 3, 5, 0, 223)
31 (1, 4, 873, 231, 0, 0, 159, 0, 1, 2, 0, 166)
32 (1, 4, 443, 399, 0, 0, 166, 0, 0, 0, 0, 81)
1 (1, 4, 24, 0, 0, 0, 9, 11, 0, 0, 0, 218)
2 (1, 4, 97, 0, 0, 0, 0, 26, 0, 1, 0, 213)
3 (1, 4, 131, 0, 0, 0, 0, 51, 0, 1, 0, 6)
4 (1, 4, 78, 0, 0, 0, 8, 52, 1, 1, 0, 108)
5 (1, 4, 0, 0, 0, 0, 0, 89, 1, 2, 0, 105)
6 (1, 4, 0, 0, 0, 0, 3, 88, 1, 2, 0, 61)
7 (1, 4, 0, 0, 0, 0, 0, 113, 1, 2, 0, 34)
8 (1, 4, 0, 0, 0, 0, 7, 112, 2, 3, 0, 88)
9 (1, 4, 0, 0, 0, 0, 48, 92, 2, 3, 0, 134)
10 (1, 4, 0, 0, 0, 0, 65, 24, 2, 3, 0, 93)
11 (1, 4, 0, 0, 42, 0, 52, 0, 2, 3, 0, 1)
12 (1, 4, 0, 0, 202, 0, 35, 0, 2, 3, 0, 24)
13 (1, 4, 0, 0, 267, 0, 37, 0, 2, 3, 0, 202)
14 (1, 4, 0, 0, 360, 0, 2, 0, 2, 3, 0, 17)
15 (1, 4, 8, 0, 544, 0, 0, 0, 2, 3, 0, 51)
16 (1, 4, 0, 0, 713, 0, 0, 0, 3, 5, 0, 128)
17 (1, 4, 0, 171, 745, 0, 0, 0, 3, 4, 0, 189)
18 (1, 4, 433, 69, 578, 0, 0, 0, 3, 4, 0, 207)
19 (1, 4, 588, 399, 77, 0, 0, 0, 2, 3, 0, 26)
20 (1, 4, 747, 668, 0, 0, 0, 0, 2, 3, 0, 254)
21 (1, 4, 817, 285, 0, 0, 0, 56, 4, 6, 0, 99)
22 (1, 4, 528, 0, 0, 0, 4, 62, 3, 4, 0, 32)
23 (1, 4, 525, 0, 0, 0, 68, 56, 2, 3, 0, 36)
24 (1, 4, 412, 0, 0, 0, 93, 4, 2, 3, 0, 9)
25 (1, 4, 202, 0, 0, 0, 58, 3, 2, 2, 0, 65)
26 (1, 4, 215, 0, 92, 0, 0, 14, 3, 4, 0, 101)
27 (1, 4, 228, 0, 197, 0, 0, 0, 3, 4, 0, 208)
28 (1, 4, 0, 0, 318, 0, 0, 0, 2, 3, 0, 22)
29 (1, 4, 366, 0, 363, 0, 0, 0, 3, 4, 0, 52)
30 (1, 4, 0, 0, 674, 0, 76, 0, 4, 6, 0, 46)
31 (1, 4, 483, 0, 824, 0, 0, 0, 2, 4, 0, 128)
32 (1, 4, 458, 362, 873, 0, 0, 0, 3, 5, 0, 90)
1 (1, 4, 873, 136, 0, 0, 120, 0, 0, 0, 0, 169)
2 (1, 4, 873, 0, 0, 0, 145, 0, 0, 1, 0, 235)
3 (1, 4, 133, 0, 0, 0, 218, 0, 0, 0, 0, 197)
4 (1, 4, 134, 0, 0, 0, 218, 0, 0, 0, 0, 215)
5 (1, 4, 121, 131, 125, 0, 110, 0, 0, 0, 0, 188)
6 (1, 4, 89, 125, 0, 3, 76, 1, 0, 0, 0, 83)
7 (1, 4, 0, 156, 0, 28, 82, 23, 0, 0, 0, 169)
8 (1, 4, 117, 148, 0, 43, 77, 45, 0, 0, 0, 204)
9 (1, 4, 76, 183, 60, 57, 86, 42, 0, 0, 0, 249)
10 (1, 4, 0, 162, 109, 45, 67, 55, 0, 0, 0, 33)
11 (1, 4, 3, 98, 96, 61, 48, 56, 0, 0, 0, 208)
12 (1, 4, 14, 136, 99, 52, 49, 53, 1, 1, 0, 100)
13 (1, 4, 0, 76, 62, 54, 53, 68, 1, 1, 0, 175)
14 (1, 4, 0, 70, 64, 57, 49, 70, 1, 1, 0, 57)
15 (1, 4, 21, 64, 100, 51, 44, 66, 1, 1, 0, 149)
16 (1, 4, 0, 63, 126, 50, 38, 55, 1, 1, 0, 143)
17 (1, 4, 0, 67, 132, 32, 32, 56, 1, 1, 0, 255)
18 (1, 4, 0, 91, 155, 37, 25, 51, 1, 1, 0, 212)
19 (1, 4, 0, 112, 207, 39, 7, 58, 1, 1, 0, 249)
20 (1, 4, 0, 187, 273, 38, 0, 58, 1, 0, 0, 233)
21 (1, 4, 0, 203, 234, 18, 0, 82, 1, 1, 0, 31)
22 (1, 4, 0, 237, 280, 23, 0, 78, 0, 0, 0, 181)
23 (1, 4, 0, 193, 238, 0, 0, 112, 2, 1, 0, 232)
24 (1, 4, 0, 219, 194, 0, 0, 115, 1, 1, 0, 139)
25 (1, 4, 0, 191, 177, 0, 0, 126, 1, 1, 0, 145)
26 (1, 4, 0, 192, 230, 0, 0, 93, 1, 1, 0, 166)
27 (1, 4, 0, 191, 288, 0, 0, 64, 1, 1, 0, 130)
28 (1, 4, 0, 232, 343, 0, 0, 47, 1, 1, 0, 224)
29 (1, 4, 0, 237, 371, 0, 0, 52, 1, 1, 0, 112)
30 (1, 4, 0, 168, 215, 0, 0, 46, 1, 1, 0, 16)
31 (1, 4, 0, 81, 143, 0, 0, 55, 1, 1, 0, 233)
32 (1, 4, 0, 55, 366, 0, 0, 58, 1, 1, 0, 98)
1 (1, 4, 611, 355, 580, 0, 0, 0, 3, 4, 0, 72)
2 (1, 4, 595, 625, 89, 0, 0, 0, 4, 5, 0, 186)
3 (1, 4, 742, 795, 0, 0, 0, 124, 2, 4, 0, 224)
4 (1, 4, 369, 0, 0, 0, 8, 159, 3, 4, 0, 176)
5 (1, 4, 93, 0, 0, 0, 11, 124, 2, 2, 0, 161)
6 (1, 4, 431, 0, 0, 0, 92, 32, 2, 4, 0, 135)
7 (1, 4, 353, 0, 0, 0, 87, 0, 3, 5, 0, 173)
8 (1, 4, 385, 0, 36, 0, 70, 0, 3, 5, 0, 170)
9 (1, 4, 488, 0, 334, 0, 66, 0, 2, 4, 0, 187)
10 (1, 4, 355, 0, 612, 0, 45, 0, 3, 5, 0, 241)
11 (1, 4, 0, 0, 873, 0, 25, 0, 3, 4, 0, 132)
12 (1, 4, 0, 0, 873, 0, 17, 0, 2, 3, 0, 49)
13 (1, 4, 0, 0, 873, 0, 0, 0, 4, 5, 0, 251)
14 (1, 4, 873, 0, 522, 0, 0, 0, 3, 4, 0, 108)
15 (1, 4, 727, 498, 26, 0, 0, 0, 2, 3, 0, 16)
16 (1, 4, 873, 224, 0, 0, 30, 0, 1, 2, 0, 233)
17 (1, 4, 469, 351, 0, 0, 211, 0, 1, 2, 0, 20)
18 (1, 4, 433, 403, 0, 0, 139, 0, 1, 1, 0, 106)
19 (1, 4, 801, 330, 0, 0, 126, 0, 1, 1, 0, 66)
20 (1, 4, 595, 0, 0, 0, 158, 0, 1, 1, 0, 105)
21 (1, 4, 113, 9, 0, 0, 171, 0, 1, 1, 0, 162)
22 (1, 4, 124, 79, 0, 0, 181, 0, 0, 0, 0, 140)
23 (1, 4, 9, 163, 36, 0, 126, 6, 0, 0, 0, 53)
24 (1, 4, 41, 197, 71, 24, 62, 33, 1, 1, 0, 20)
25 (1, 4, 167, 166, 30, 34, 66, 53, 1, 1, 0, 174)
26 (1, 4, 66, 100, 59, 52, 66, 55, 1, 1, 0, 20)
27 (1, 4, 0, 178, 161, 44, 34, 61, 1, 1, 0, 131)
28 (1, 4, 50, 163, 193, 35, 20, 77, 1, 1, 0, 98)
29 (1, 4, 0, 164, 214, 28, 28, 66, 1, 1, 0, 66)
30 (1, 4, 0, 184, 239, 18, 7, 53, 1, 2, 0, 15)
31 (1, 4, 0, 166, 210, 14, 0, 74, 1, 1, 0, 245)
32 (1, 4, 0, 165, 235, 8, 0, 57, 1, 1, 0, 151)
1 (1, 4, 43, 0, 0, 0, 0, 25, 0, 1, 0, 86)
2 (1, 4, 88, 0, 0, 0, 0, 28, 1, 1, 0, 34)
3 (1, 4, 96, 0, 0, 0, 0, 46, 1, 1, 0, 190)
4 (1, 4, 145, 0, 0, 0, 0, 53, 1, 1, 0, 84)
5 (1, 4, 49, 0, 0, 0, 0, 64, 2, 2, 0, 0)
6 (1, 4, 0, 0, 0, 0, 0, 81, 2, 2, 0, 37)
7 (1, 4, 0, 0, 0, 0, 0, 85, 3, 4, 0, 79)
8 (1, 4, 0, 0, 0, 0, 46, 115, 2, 4, 0, 157)
9 (1, 4, 0, 0, 0, 0, 77, 45, 2, 3, 0, 167)
10 (1, 4, 0, 0, 0, 0, 75, 0, 1, 2, 0, 154)
11 (1, 4, 0, 0, 82, 0, 79, 0, 3, 4, 0, 107)
12 (1, 4, 0, 0, 439, 0, 61, 0, 2, 4, 0, 10)
13 (1, 4, 0, 0, 778, 0, 0, 0, 6, 7, 0, 87)
14 (1, 4, 0, 192, 873, 0, 0, 0, 3, 5, 0, 80)
15 (1, 4, 873, 388, 703, 0, 0, 0, 2, 3, 0, 156)
16 (1, 4, 873, 728, 30, 0, 0, 0, 2, 3, 0, 30)
17 (1, 4, 873, 253, 0, 0, 0, 27, 2, 4, 0, 133)
18 (1, 4, 521, 0, 0, 0, 113, 45, 1, 3, 0, 209)
19 (1, 4, 79, 0, 0, 0, 182, 8, 1, 2, 0, 94)
20 (1, 4, 0, 0, 0, 0, 154, 0, 3, 4, 0, 241)
21 (1, 4, 201, 0, 56, 0, 98, 0, 3, 5, 0, 34)
22 (1, 4, 338, 0, 767, 0, 81, 0, 2, 4, 0, 232)
23 (1, 4, 0, 0, 873, 0, 44, 0, 2, 3, 0, 226)
24 (1, 4, 0, 0, 873, 0, 0, 0, 4, 7, 0, 45)
25 (1, 4, 873, 426, 873, 0, 0, 0, 2, 4, 0, 21)
26 (1, 4, 873, 619, 71, 0, 0, 0, 2, 3, 0, 200)
27 (1, 4, 710, 0, 0, 0, 7, 110, 1, 3, 0, 183)
28 (1, 4, 873, 0, 0, 0, 122, 0, 2, 3, 0, 144)
29 (1, 4, 0, 0, 0, 0, 266, 0, 3, 5, 0, 56)
30 (1, 4, 0, 0, 7, 0, 119, 0, 3, 5, 0, 7)
31 (1, 4, 63, 0, 785, 0, 112, 0, 4, 8, 0, 67)
32 (1, 4, 0, 0, 873, 0, 0, 0, 2, 4, 0, 219)
1 (1, 4, 873, 0, 0, 0, 124, 0, 1, 1, 0, 241)
2 (1, 4, 127, 0, 0, 0, 263, 0, 1, 1, 0, 248)
3 (1, 4, 0, 36, 0, 0, 145, 0, 1, 1, 0, 167)
4 (1, 4, 341, 132, 0, 0, 92, 8, 1, 1, 0, 166)
5 (1, 4, 217, 144, 0, 18, 106, 10, 1, 1, 0, 171)
6 (1, 4, 0, 72, 0, 37, 67, 59, 1, 1, 0, 162)
7 (1, 4, 54, 35, 5, 74, 53, 55, 1, 1, 0, 196)
8 (1, 4, 80, 94, 74, 77, 53, 58, 1, 1, 0, 237)
9 (1, 4, 16, 75, 79, 71, 45, 65, 1, 1, 0, 153)
10 (1, 4, 6, 20, 54, 78, 34, 63, 1, 1, 0, 3)
11 (1, 4, 14, 62, 86, 73, 28, 60, 1, 1, 0, 9)
12 (1, 4, 28, 13, 59, 70, 27, 66, 1, 1, 0, 33)
13 (1, 4, 0, 34, 46, 64, 28, 60, 1, 1, 0, 116)
14 (1, 4, 0, 0, 70, 54, 29, 54, 1, 1, 0, 193)
15 (1, 4, 0, 16, 82, 55, 27, 45, 1, 1, 0, 208)
16 (1, 4, 0, 53, 157, 47, 21, 38, 1, 1, 0, 125)
17 (1, 4, 0, 107, 203, 42, 14, 36, 1, 1, 0, 123)
18 (1, 4, 0, 168, 292, 32, 8, 34, 1, 1, 0, 202)
19 (1, 4, 0, 244, 423, 0, 4, 31, 1, 1, 0, 242)
20 (1, 4, 0, 261, 491, 0, 0, 12, 1, 1, 0, 204)
21 (1, 4, 0, 296, 636, 0, 0, 37, 1, 1, 0, 202)
22 (1, 4, 27, 324, 611, 0, 0, 35, 1, 1, 0, 138)
23 (1, 4, 0, 464, 741, 0, 0, 14, 1, 1, 0, 211)
24 (1, 4, 0, 248, 553, 0, 0, 4, 1, 1, 0, 252)
25 (1, 4, 0, 269, 538, 0, 0, 14, 1, 1, 0, 62)
26 (1, 4, 0, 156, 353, 0, 0, 0, 1, 1, 0, 178)
27 (1, 4, 0, 99, 129, 0, 0, 0, 1, 1, 0, 139)
28 (1, 4, 0, 112, 0, 0, 0, 0, 1, 1, 0, 87)
29 (1, 4, 0, 62, 0, 0, 0, 3, 1, 1, 0, 182)
30 (1, 4, 68, 0, 0, 0, 0, 2, 1, 1, 0, 127)
31 (1, 4, 91, 0, 0, 0, 4, 0, 1, 1, 0, 159)
32 (1, 4, 48, 0, 0, 0, 13, 0, 1, 1, 0, 11)
1 (1, 4, 873, 430, 0, 0, 0, 0, 2, 3, 0, 19)
2 (1, 4, 873, 410, 0, 0, 0, 0, 2, 2, 0, 1)
3 (1, 4, 873, 0, 0, 0, 136, 34, 1, 2, 0, 17)
4 (1, 4, 333, 0, 0, 0, 94, 66, 1, 2, 0, 180)
5 (1, 4, 542, 0, 0, 0, 43, 45, 1, 2, 0, 220)
6 (1, 4, 632, 0, 0, 0, 82, 0, 1, 2, 0, 125)
7 (1, 4, 295, 0, 76, 0, 66, 3, 1, 2, 0, 178)
8 (1, 4, 344, 0, 244, 0, 52, 24, 1, 2, 0, 86)
9 (1, 4, 315, 0, 429, 0, 24, 0, 1, 2, 0, 237)
10 (1, 4, 201, 0, 467, 0, 23, 18, 1, 2, 0, 60)
11 (1, 4, 330, 0, 596, 0, 0, 16, 1, 2, 0, 158)
12 (1, 4, 2, 84, 856, 0, 37, 0, 1, 2, 0, 166)
13 (1, 4, 0, 127, 873, 0, 0, 0, 1, 2, 0, 145)
14 (1, 4, 601, 10, 873, 0, 0, 0, 2, 3, 0, 0)
15 (1, 4, 218, 115, 407, 0, 0, 0, 2, 3, 0, 217)
16 (1, 4, 761, 352, 0, 0, 0, 0, 2, 3, 0, 98)
17 (1, 4, 568, 627, 0, 0, 37, 0, 2, 3, 0, 246)
18 (1, 4, 284, 753, 0, 0, 108, 0, 2, 3, 0, 193)
19 (1, 4, 612, 831, 0, 0, 110, 0, 2, 3, 0, 136)
20 (1, 4, 873, 857, 0, 0, 201, 0, 1, 2, 0, 166)
21 (1, 4, 873, 412, 0, 0, 175, 0, 1, 2, 0, 128)
22 (1, 4, 873, 0, 0, 0, 141, 0, 1, 1, 0, 46)
23 (1, 4, 385, 0, 0, 0, 155, 0, 1, 1, 0, 149)
24 (1, 4, 212, 0, 0, 0, 153, 4, 0, 1, 0, 45)
25 (1, 4, 169, 0, 0, 0, 229, 0, 1, 1, 0, 98)
26 (1, 4, 0, 89, 0, 0, 188, 0, 1, 1, 0, 13)
27 (1, 4, 88, 198, 0, 0, 141, 11, 1, 1, 0, 184)
28 (1, 4, 48, 207, 47, 0, 162, 15, 1, 1, 0, 246)
29 (1, 4, 0, 223, 137, 0, 101, 40, 1, 1, 0, 58)
30 (1, 4, 0, 197, 175, 1, 72, 65, 2, 2, 0, 137)
31 (1, 4, 18, 203, 210, 3, 89, 63, 1, 1, 0, 181)
32 (1, 4, 0, 201, 227, 6, 58, 61, 1, 1, 0, 119)
1 (1, 4, 0, 123, 183, 5, 27, 55, 0, 1, 0, 6)
2 (1, 4, 0, 110, 205, 5, 11, 50, 0, 1, 0, 206)
3 (1, 4, 0, 179, 287, 0, 1, 56, 1, 1, 0, 151)
4 (1, 4, 0, 245, 354, 0, 0, 72, 1, 1, 0, 225)
5 (1, 4, 0, 252, 235, 0, 0, 86, 1, 1, 0, 150)
6 (1, 4, 0, 240, 266, 0, 0, 91, 1, 1, 0, 130)
7 (1, 4, 0, 284, 315, 0, 0, 80, 1, 1, 0, 215)
8 (1, 4, 0, 289, 274, 0, 0, 109, 0, 1, 0, 46)
9 (1, 4, 0, 198, 232, 0, 0, 106, 0, 1, 0, 223)
10 (1, 4, 199, 135, 284, 0, 0, 81, 0, 0, 0, 66)
11 (1, 4, 0, 244, 163, 0, 5, 78, 0, 1, 0, 163)
12 (1, 4, 0, 153, 109, 0, 0, 69, 0, 0, 0, 132)
13 (1, 4, 0, 169, 70, 0, 21, 60, 0, 0, 0, 195)
14 (1, 4, 0, 142, 76, 0, 7, 57, 0, 0, 0, 77)
15 (1, 4, 82, 0, 116, 0, 0, 49, 0, 1, 0, 233)
16 (1, 4, 146, 0, 68, 0, 28, 35, 0, 0, 0, 82)
17 (1, 4, 0, 47, 0, 0, 12, 52, 0, 1, 0, 67)
18 (1, 4, 139, 0, 6, 0, 14, 50, 0, 0, 0, 99)
19 (1, 4, 105, 0, 0, 0, 31, 46, 0, 0, 0, 229)
20 (1, 4, 53, 0, 0, 0, 13, 57, 0, 0, 0, 115)
21 (1, 4, 139, 0, 0, 0, 10, 60, 0, 1, 0, 188)
22 (1, 4, 199, 0, 0, 0, 3, 59, 1, 1, 0, 180)
23 (1, 4, 127, 0, 0, 0, 2, 93, 1, 1, 0, 167)
24 (1, 4, 112, 0, 0, 0, 12, 122, 1, 1, 0, 159)
25 (1, 4, 19, 0, 0, 0, 29, 126, 1, 1, 0, 74)
26 (1, 4, 0, 0, 0, 0, 60, 105, 1, 2, 0, 177)
27 (1, 4, 0, 0, 0, 0, 99, 100, 2, 2, 0, 97)
28 (1, 4, 0, 0, 0, 0, 95, 58, 1, 2, 0, 221)
29 (1, 4, 0, 0, 1, 0, 75, 16, 1, 2, 0, 221)
30 (1, 4, 0, 0, 116, 0, 55, 0, 1, 2, 0, 14)
31 (1, 4, 0, 0, 242, 0, 30, 0, 1, 2, 0, 59)
32 (1, 4, 125, 0, 325, 0, 29, 0, 2, 2, 0, 54)
1 (1, 4, 873, 38, 0, 0, 0, 0, 2, 2, 0, 47)
2 (1, 4, 873, 143, 0, 0, 0, 10, 2, 2, 0, 185)
3 (1, 4, 724, 0, 0, 0, 69, 31, 2, 2, 0, 134)
4 (1, 4, 354, 0, 0, 0, 73, 8, 1, 2, 0, 210)
5 (1, 4, 365, 0, 0, 0, 63, 30, 1, 2, 0, 20)
6 (1, 4, 153, 0, 0, 0, 94, 0, 1, 2, 0, 14)
7 (1, 4, 0, 0, 0, 0, 55, 15, 1, 1, 0, 110)
8 (1, 4, 106, 0, 0, 0, 40, 0, 1, 2, 0, 36)
9 (1, 4, 51, 0, 44, 0, 30, 0, 1, 2, 0, 182)
10 (1, 4, 108, 0, 218, 0, 15, 0, 1, 2, 0, 131)
11 (1, 4, 176, 0, 349, 7, 16, 0, 1, 2, 0, 143)
12 (1, 4, 173, 0, 447, 0, 21, 0, 2, 2, 0, 147)
13 (1, 4, 0, 192, 792, 0, 0, 0, 2, 3, 0, 161)
14 (1, 4, 0, 228, 841, 0, 0, 0, 1, 2, 0, 100)
15 (1, 4, 0, 368, 648, 0, 0, 0, 1, 2, 0, 248)
16 (1, 4, 392, 485, 436, 0, 0, 0, 1, 2, 0, 20)
17 (1, 4, 873, 295, 0, 0, 0, 3, 1, 2, 0, 191)
18 (1, 4, 620, 228, 0, 0, 0, 129, 2, 2, 0, 161)
19 (1, 4, 317, 0, 0, 0, 1, 139, 1, 2, 0, 214)
20 (1, 4, 229, 0, 0, 0, 57, 108, 1, 2, 0, 236)
21 (1, 4, 78, 0, 0, 0, 99, 62, 1, 2, 0, 223)
22 (1, 4, 0, 0, 0, 0, 75, 21, 1, 2, 0, 227)
23 (1, 4, 20, 0, 0, 0, 46, 4, 1, 2, 0, 186)
24 (1, 4, 57, 0, 187, 0, 30, 0, 1, 2, 0, 177)
25 (1, 4, 46, 0, 313, 0, 15, 0, 1, 2, 0, 4)
26 (1, 4, 79, 0, 456, 0, 11, 0, 1, 2, 0, 184)
27 (1, 4, 0, 0, 607, 0, 23, 0, 2, 2, 0, 230)
28 (1, 4, 0, 0, 757, 0, 0, 0, 4, 4, 0, 161)
29 (1, 4, 0, 0, 711, 0, 0, 0, 2, 3, 0, 82)
30 (1, 4, 6, 62, 788, 0, 0, 0, 2, 3, 0, 66)
31 (1, 4, 643, 0, 254, 0, 0, 0, 2, 2, 0, 41)
32 (1, 4, 221, 515, 66, 0, 0, 0, 1, 2, 0, 49)
1 (1, 4, 722, 0, 0, 0, 100, 0, 1, 1, 0, 231)
2 (1, 4, 256, 0, 0, 0, 171, 0, 1, 1, 0, 6)
3 (1, 4, 64, 0, 0, 0, 199, 0, 1, 1, 0, 184)
4 (1, 4, 63, 203, 0, 0, 123, 0, 1, 1, 0, 59)
5 (1, 4, 99, 0, 0, 16, 94, 19, 1, 1, 0, 38)
6 (1, 4, 62, 155, 3, 38, 98, 33, 1, 1, 0, 132)
7 (1, 4, 0, 135, 66, 45, 70, 67, 1, 1, 0, 250)
8 (1, 4, 1, 151, 136, 56, 47, 71, 1, 1, 0, 66)
9 (1, 4, 2, 137, 113, 52, 43, 77, 1, 1, 0, 162)
10 (1, 4, 6, 140, 113, 52, 38, 77, 1, 1, 0, 174)
11 (1, 4, 4, 134, 133, 40, 39, 81, 1, 1, 0, 255)
12 (1, 4, 0, 142, 88, 38, 29, 74, 1, 1, 0, 41)
13 (1, 4, 57, 103, 78, 32, 24, 86, 1, 1, 0, 172)
14 (1, 4, 17, 108, 66, 36, 41, 75, 1, 1, 0, 140)
15 (1, 4, 0, 133, 74, 27, 31, 80, 1, 1, 0, 229)
16 (1, 4, 67, 131, 96, 15, 29, 79, 1, 1, 0, 247)
17 (1, 4, 64, 130, 55, 20, 33, 78, 0, 0, 0, 99)
18 (1, 4, 69, 112, 64, 11, 36, 86, 0, 0, 0, 119)
19 (1, 4, 43, 79, 58, 17, 33, 89, 1, 1, 0, 205)
20 (1, 4, 0, 96, 41, 15, 38, 91, 1, 1, 0, 67)
21 (1, 4, 0, 93, 27, 14, 29, 103, 1, 1, 0, 162)
22 (1, 4, 0, 103, 50, 2, 23, 109, 1, 1, 0, 237)
23 (1, 4, 0, 34, 14, 3, 22, 114, 1, 1, 0, 46)
24 (1, 4, 0, 78, 26, 0, 22, 116, 1, 1, 0, 202)
25 (1, 4, 0, 17, 21, 0, 21, 116, 1, 1, 0, 75)
26 (1, 4, 0, 60, 25, 1, 17, 107, 1, 1, 0, 97)
27 (1, 4, 0, 25, 10, 0, 5, 108, 1, 0, 0, 9)
28 (1, 4, 0, 34, 0, 0, 14, 103, 1, 0, 0, 148)
29 (1, 4, 0, 22, 8, 0, 13, 107, 1, 0, 0, 69)
30 (1, 4, 0, 7, 0, 0, 16, 100, 1, 0, 0, 10)
31 (1, 4, 12, 31, 27, 0, 14, 95, 1, 0, 0, 67)
32 (1, 4, 0, 83, 39, 0, 19, 92, 1, 1, 0, 81)

