0 (1, 4, 48, 0, 0, 0, 81, 102, 1, 1, 0, 158)
1 (1, 4, 0, 0, 0, 0, 148, 126, 1, 1, 0, 52)
2 (1, 4, 0, 0, 0, 0, 200, 79, 2, 2, 0, 63)
3 (1, 4, 0, 0, 0, 0, 199, 31, 2, 2, 0, 0)
4 (1, 4, 0, 0, 66, 0, 206, 0, 2, 2, 0, 70)
5 (1, 4, 0, 0, 298, 0, 196, 0, 2, 2, 0, 145)
6 (1, 4, 0, 0, 747, 0, 133, 0, 2, 2, 0, 139)
7 (1, 4, 201, 199, 873, 0, 0, 0, 2, 2, 0, 196)
8 (1, 4, 216, 873, 873, 0, 0, 0, 2, 2, 0, 197)
9 (1, 4, 858, 96, 74, 0, 0, 0, 2, 2, 0, 70)
10 (1, 4, 873, 340, 0, 0, 75, 109, 5, 6, 0, 241)
11 (1, 4, 379, 0, 0, 0, 300, 221, 3, 3, 0, 203)
12 (1, 4, 95, 0, 0, 0, 296, 93, 5, 4, 0, 2)
13 (1, 4, 117, 0, 0, 0, 265, 0, 2, 2, 0, 95)
14 (1, 4, 195, 0, 204, 0, 143, 0, 2, 2, 0, 151)
15 (1, 4, 458, 0, 599, 0, 72, 0, 2, 2, 0, 158)
16 (1, 4, 276, 88, 873, 0, 127, 0, 2, 2, 0, 22)
17 (1, 4, 0, 0, 873, 0, 15, 0, 2, 2, 0, 15)
18 (1, 4, 0, 253, 857, 0, 51, 0, 2, 2, 0, 217)
19 (1, 4, 738, 0, 873, 0, 0, 0, 1, 2, 0, 67)
20 (1, 4, 725, 296, 398, 0, 42, 0, 2, 2, 0, 233)
21 (1, 4, 873, 216, 0, 0, 136, 0, 1, 1, 0, 228)
22 (1, 4, 873, 277, 0, 0, 428, 0, 1, 0, 0, 201)
23 (1, 4, 498, 80, 0, 0, 358, 0, 0, 0, 0, 44)
24 (1, 4, 415, 132, 0, 0, 213, 0, 0, 0, 0, 57)
25 (1, 4, 576, 0, 0, 0, 199, 0, 0, 0, 0, 181)
26 (1, 4, 618, 0, 0, 0, 180, 0, 0, 0, 0, 7)
27 (1, 4, 350, 0, 0, 0, 233, 0, 0, 0, 0, 218)
28 (1, 4, 0, 96, 0, 18, 165, 0, 0, 0, 0, 85)
29 (1, 4, 0, 97, 0, 28, 138, 6, 0, 0, 0, 50)
30 (1, 4, 0, 77, 64, 41, 133, 26, 0, 0, 0, 250)
31 (1, 4, 0, 92, 165, 44, 91, 36, 0, 0, 0, 92)
0 (1, 4, 0, 85, 368, 5, 0, 7, 0, 0, 0, 164)
1 (1, 4, 0, 120, 463, 0, 0, 11, 0, 0, 0, 111)
2 (1, 4, 0, 175, 620, 0, 0, 9, 0, 0, 0, 100)
3 (1, 4, 0, 226, 776, 0, 0, 0, 0, 0, 0, 8)
4 (1, 4, 0, 0, 530, 0, 0, 0, 0, 0, 0, 148)
5 (1, 4, 268, 0, 422, 0, 0, 0, 0, 0, 0, 23)
6 (1, 4, 44, 123, 634, 0, 17, 0, 0, 0, 0, 21)
7 (1, 4, 0, 332, 867, 0, 0, 0, 0, 0, 0, 40)
8 (1, 4, 46, 218, 518, 0, 0, 0, 0, 0, 0, 27)
9 (1, 4, 0, 146, 0, 0, 0, 0, 0, 0, 0, 115)
10 (1, 4, 0, 148, 0, 0, 0, 0, 0, 0, 0, 196)
11 (1, 4, 0, 32, 0, 0, 0, 0, 0, 0, 0, 188)
12 (1, 4, 30, 0, 0, 0, 2, 0, 0, 0, 0, 56)
13 (1, 4, 42, 0, 0, 0, 26, 0, 0, 0, 0, 99)
14 (1, 4, 0, 16, 0, 0, 28, 0, 0, 0, 0, 184)
15 (1, 4, 59, 0, 0, 0, 31, 0, 0, 0, 0, 23)
16 (1, 4, 49, 0, 0, 0, 44, 0, 0, 0, 0, 120)
17 (1, 4, 20, 11, 0, 0, 40, 0, 0, 0, 0, 1)
18 (1, 4, 33, 0, 0, 0, 38, 0, 0, 0, 0, 171)
19 (1, 4, 23, 0, 0, 0, 35, 0, 0, 0, 0, 50)
20 (1, 4, 20, 0, 0, 0, 33, 0, 0, 0, 0, 210)
21 (1, 4, 24, 0, 0, 0, 31, 0, 0, 0, 0, 194)
22 (1, 4, 0, 24, 0, 0, 29, 0, 0, 0, 0, 114)
23 (1, 4, 0, 3, 6, 0, 24, 0, 0, 0, 0, 147)
24 (1, 4, 0, 0, 5, 0, 24, 0, 0, 0, 0, 240)
25 (1, 4, 0, 5, 0, 0, 22, 0, 0, 0, 0, 133)
26 (1, 4, 0, 2, 7, 0, 19, 0, 0, 0, 0, 248)
27 (1, 4, 13, 0, 7, 0, 22, 0, 0, 0, 0, 73)
28 (1, 4, 0, 11, 0, 0, 20, 0, 0, 0, 0, 115)
29 (1, 4, 0, 10, 0, 0, 20, 0, 0, 0, 0, 198)
30 (1, 4, 0, 8, 0, 0, 20, 0, 0, 0, 0, 171)
31 (1, 4, 6, 7, 0, 0, 20, 0, 0, 0, 0, 62)
0 (1, 4, 213, 0, 0, 0, 28, 0, 0, 0, 0, 147)
1 (1, 4, 86, 0, 0, 0, 7, 32, 0, 0, 0, 250)
2 (1, 4, 148, 0, 0, 0, 4, 32, 0, 0, 0, 241)
3 (1, 4, 161, 0, 0, 0, 0, 68, 1, 1, 0, 155)
4 (1, 4, 116, 0, 0, 0, 19, 83, 1, 1, 0, 31)
5 (1, 4, 57, 0, 0, 0, 32, 69, 1, 1, 0, 204)
6 (1, 4, 0, 0, 0, 0, 30, 89, 2, 2, 0, 154)
7 (1, 4, 0, 0, 0, 0, 102, 126, 2, 2, 0, 123)
8 (1, 4, 0, 0, 0, 0, 108, 76, 2, 2, 0, 131)
9 (1, 4, 0, 0, 0, 0, 102, 0, 2, 2, 0, 106)
10 (1, 4, 0, 0, 58, 0, 158, 0, 2, 2, 0, 31)
11 (1, 4, 0, 0, 409, 0, 173, 0, 2, 2, 0, 245)
12 (1, 4, 191, 0, 873, 0, 79, 0, 2, 2, 0, 125)
13 (1, 4, 0, 590, 873, 0, 25, 0, 2, 2, 0, 209)
14 (1, 4, 335, 431, 829, 0, 0, 0, 2, 2, 0, 58)
15 (1, 4, 847, 533, 224, 0, 0, 0, 2, 2, 0, 142)
16 (1, 4, 724, 42, 0, 0, 30, 153, 10, 7, 0, 208)
17 (1, 4, 263, 0, 0, 0, 164, 173, 4, 3, 0, 213)
18 (1, 4, 165, 0, 0, 0, 167, 67, 3, 2, 0, 152)
19 (1, 4, 151, 0, 0, 0, 127, 0, 2, 2, 0, 136)
20 (1, 4, 378, 0, 20, 0, 60, 0, 2, 2, 0, 39)
21 (1, 4, 364, 0, 215, 0, 57, 0, 2, 2, 0, 200)
22 (1, 4, 331, 0, 629, 0, 124, 0, 2, 2, 0, 63)
23 (1, 4, 0, 0, 761, 0, 112, 0, 2, 2, 0, 231)
24 (1, 4, 48, 0, 873, 0, 109, 0, 2, 2, 0, 205)
25 (1, 4, 293, 273, 873, 0, 0, 0, 2, 2, 0, 100)
26 (1, 4, 863, 118, 579, 0, 0, 0, 2, 2, 0, 52)
27 (1, 4, 873, 500, 250, 0, 0, 0, 1, 2, 0, 250)
28 (1, 4, 873, 272, 0, 0, 299, 0, 2, 1, 0, 55)
29 (1, 4, 534, 405, 0, 0, 202, 0, 1, 0, 0, 43)
0 (1, 4, 21, 873, 873, 0, 0, 0, 2, 2, 0, 31)
1 (1, 4, 873, 184, 49, 0, 0, 35, 2, 2, 0, 153)
2 (1, 4, 381, 232, 0, 0, 0, 318, 2, 2, 0, 8)
3 (1, 4, 273, 0, 0, 0, 191, 289, 3, 3, 0, 203)
4 (1, 4, 208, 0, 0, 0, 246, 99, 1, 2, 0, 131)
5 (1, 4, 32, 0, 0, 0, 192, 0, 1, 1, 0, 158)
6 (1, 4, 167, 0, 0, 0, 176, 0, 1, 1, 0, 51)
7 (1, 4, 310, 0, 396, 0, 120, 0, 2, 2, 0, 112)
8 (1, 4, 431, 0, 845, 0, 157, 0, 2, 2, 0, 102)
9 (1, 4, 0, 0, 873, 0, 0, 0, 1, 2, 0, 0)
10 (1, 4, 0, 17, 873, 0, 132, 0, 1, 2, 0, 3)
11 (1, 4, 587, 0, 873, 0, 0, 0, 1, 2, 0, 239)
12 (1, 4, 873, 0, 0, 0, 10, 0, 1, 1, 0, 114)
13 (1, 4, 873, 347, 0, 0, 148, 0, 1, 1, 0, 127)
14 (1, 4, 836, 0, 0, 0, 299, 0, 1, 1, 0, 148)
15 (1, 4, 92, 302, 0, 0, 249, 0, 0, 1, 0, 9)
16 (1, 4, 218, 569, 0, 0, 133, 0, 1, 1, 0, 161)
17 (1, 4, 873, 0, 0, 0, 155, 0, 1, 1, 0, 186)
18 (1, 4, 242, 339, 0, 0, 320, 7, 1, 1, 0, 21)
19 (1, 4, 124, 0, 0, 0, 207, 0, 1, 1, 0, 22)
20 (1, 4, 0, 136, 0, 23, 132, 2, 0, 0, 0, 8)
21 (1, 4, 0, 139, 65, 36, 95, 30, 0, 0, 0, 45)
22 (1, 4, 0, 92, 149, 38, 67, 33, 0, 0, 0, 245)
23 (1, 4, 0, 126, 245, 15, 33, 46, 0, 0, 0, 77)
24 (1, 4, 0, 15, 294, 0, 6, 32, 0, 0, 0, 173)
25 (1, 4, 0, 19, 415, 0, 0, 0, 0, 0, 0, 77)
26 (1, 4, 0, 71, 590, 0, 0, 0, 0, 0, 0, 115)
27 (1, 4, 0, 252, 760, 0, 0, 0, 0, 0, 0, 187)
28 (1, 4, 0, 231, 837, 0, 0, 0, 0, 0, 0, 234)
0 (1, 4, 3, 0, 0, 0, 12, 0, 0, 0, 0, 78)
1 (1, 4, 9, 0, 0, 0, 13, 0, 0, 0, 0, 91)
2 (1, 4, 0, 2, 0, 0, 13, 0, 0, 0, 0, 72)
3 (1, 4, 6, 0, 1, 0, 10, 0, 0, 0, 0, 253)
4 (1, 4, 28, 0, 7, 0, 5, 1, 0, 0, 0, 118)
5 (1, 4, 58, 0, 11, 0, 0, 3, 0, 0, 0, 84)
6 (1, 4, 85, 0, 0, 0, 2, 0, 0, 0, 0, 211)
7 (1, 4, 76, 0, 0, 0, 0, 2, 0, 0, 0, 6)
8 (1, 4, 123, 0, 0, 0, 0, 0, 0, 0, 0, 178)
9 (1, 4, 287, 0, 67, 0, 0, 22, 0, 0, 0, 153)
10 (1, 4, 429, 0, 0, 0, 0, 25, 1, 1, 0, 7)
11 (1, 4, 286, 0, 0, 0, 0, 61, 1, 1, 0, 243)
12 (1, 4, 126, 0, 0, 0, 66, 62, 1, 1, 0, 49)
13 (1, 4, 0, 0, 0, 0, 136, 68, 2, 1, 0, 20)
14 (1, 4, 0, 0, 0, 0, 168, 39, 2, 2, 0, 38)
15 (1, 4, 0, 0, 46, 0, 194, 0, 2, 2, 0, 131)
16 (1, 4, 0, 0, 402, 0, 143, 0, 2, 2, 0, 13)
17 (1, 4, 6, 0, 725, 9, 44, 0, 2, 2, 0, 133)
18 (1, 4, 189, 522, 873, 0, 0, 0, 2, 2, 0, 193)
19 (1, 4, 0, 873, 693, 0, 0, 0, 2, 2, 0, 3)
20 (1, 4, 873, 429, 0, 0, 0, 42, 2, 2, 0, 82)
21 (1, 4, 625, 0, 0, 0, 60, 299, 3, 4, 0, 121)
22 (1, 4, 333, 0, 0, 0, 291, 144, 3, 4, 0, 114)
23 (1, 4, 20, 0, 0, 0, 305, 7, 2, 2, 0, 69)
24 (1, 4, 148, 0, 0, 0, 212, 0, 2, 2, 0, 233)
25 (1, 4, 377, 0, 381, 0, 131, 0, 2, 2, 0, 80)
26 (1, 4, 426, 0, 849, 0, 120, 0, 2, 2, 0, 116)
27 (1, 4, 48, 50, 873, 0, 87, 0, 2, 2, 0, 184)
28 (1, 4, 0, 163, 873, 0, 20, 0, 2, 2, 0, 219)
29 (1, 4, 446, 100, 873, 0, 0, 0, 2, 2, 0, 89)
30 (1, 4, 639, 167, 351, 0, 0, 0, 2, 2, 0, 221)
31 (1, 4, 873, 635, 0, 0, 67, 0, 1, 2, 0, 235)
0 (1, 4, 362, 0, 0, 0, 208, 0, 0, 0, 0, 245)
1 (1, 4, 0, 11, 0, 29, 184, 0, 0, 0, 0, 4)
2 (1, 4, 0, 58, 0, 28, 134, 26, 0, 0, 0, 213)
3 (1, 4, 36, 42, 12, 57, 128, 38, 0, 0, 0, 223)
4 (1, 4, 0, 83, 147, 49, 74, 56, 0, 0, 0, 193)
5 (1, 4, 0, 25, 182, 40, 20, 60, 0, 0, 0, 130)
6 (1, 4, 0, 0, 204, 29, 0, 57, 0, 0, 0, 189)
7 (1, 4, 0, 11, 252, 16, 0, 38, 0, 0, 0, 230)
8 (1, 4, 0, 0, 283, 4, 0, 28, 0, 0, 0, 107)
9 (1, 4, 0, 0, 358, 0, 0, 8, 0, 0, 0, 189)
10 (1, 4, 0, 4, 428, 12, 0, 0, 0, 0, 0, 144)
11 (1, 4, 0, 56, 509, 0, 0, 0, 0, 0, 0, 206)
12 (1, 4, 0, 175, 714, 0, 0, 21, 0, 0, 0, 86)
13 (1, 4, 0, 0, 524, 0, 0, 0, 0, 0, 0, 38)
14 (1, 4, 0, 0, 422, 0, 0, 0, 0, 0, 0, 93)
15 (1, 4, 0, 63, 525, 0, 0, 0, 0, 1, 0, 203)
16 (1, 4, 20, 0, 246, 0, 0, 24, 1, 1, 0, 108)
17 (1, 4, 0, 0, 112, 0, 0, 1, 1, 1, 0, 210)
18 (1, 4, 0, 40, 69, 0, 0, 0, 1, 1, 0, 55)
19 (1, 4, 57, 0, 2, 0, 0, 0, 1, 1, 0, 1)
20 (1, 4, 0, 25, 51, 0, 0, 0, 1, 1, 0, 42)
21 (1, 4, 49, 24, 46, 0, 0, 0, 1, 1, 0, 191)
22 (1, 4, 0, 45, 40, 0, 0, 0, 1, 1, 0, 43)
23 (1, 4, 0, 50, 30, 0, 0, 0, 1, 1, 0, 11)
24 (1, 4, 32, 9, 39, 0, 0, 0, 0, 1, 0, 207)
25 (1, 4, 28, 16, 22, 0, 0, 0, 0, 1, 0, 210)
26 (1, 4, 57, 10, 57, 0, 0, 0, 1, 0, 0, 50)
27 (1, 4, 28, 27, 62, 0, 0, 0, 0, 0, 0, 144)
28 (1, 4, 0, 26, 35, 0, 0, 0, 0, 0, 0, 132)
29 (1, 4, 0, 0, 0, 0, 0, 0, 1, 0, 0, 28)
30 (1, 4, 1, 0, 0, 0, 0, 0, 0, 0, 0, 112)
31 (1, 4, 5, 6, 15, 0, 0, 0, 0, 0, 0, 166)
0 (1, 4, 49, 0, 0, 0, 0, 79, 2, 2, 0, 249)
1 (1, 4, 131, 0, 0, 0, 16, 145, 2, 2, 0, 104)
2 (1, 4, 0, 0, 0, 0, 96, 153, 1, 2, 0, 177)
3 (1, 4, 0, 0, 0, 0, 128, 95, 2, 2, 0, 55)
4 (1, 4, 0, 0, 123, 0, 119, 0, 2, 2, 0, 235)
5 (1, 4, 0, 0, 351, 0, 67, 0, 2, 2, 0, 125)
6 (1, 4, 206, 0, 553, 0, 36, 0, 2, 2, 0, 38)
7 (1, 4, 388, 0, 683, 0, 23, 0, 2, 2, 0, 28)
8 (1, 4, 189, 308, 712, 0, 18, 0, 2, 2, 0, 255)
9 (1, 4, 14, 518, 851, 0, 0, 0, 2, 2, 0, 154)
10 (1, 4, 0, 784, 873, 0, 0, 0, 2, 2, 0, 239)
11 (1, 4, 873, 386, 589, 0, 0, 0, 2, 2, 0, 228)
12 (1, 4, 873, 134, 0, 0, 0, 72, 3, 3, 0, 74)
13 (1, 4, 503, 0, 0, 0, 233, 145, 4, 4, 0, 212)
14 (1, 4, 425, 0, 0, 0, 214, 55, 3, 3, 0, 16)
15 (1, 4, 213, 0, 0, 0, 187, 0, 2, 2, 0, 208)
16 (1, 4, 176, 0, 0, 0, 109, 0, 2, 2, 0, 18)
17 (1, 4, 271, 0, 0, 0, 57, 0, 2, 2, 0, 4)
18 (1, 4, 349, 0, 136, 0, 38, 0, 2, 2, 0, 16)
19 (1, 4, 356, 0, 326, 0, 22, 0, 2, 2, 0, 91)
20 (1, 4, 447, 0, 475, 0, 43, 0, 2, 2, 0, 110)
21 (1, 4, 159, 0, 739, 0, 75, 0, 2, 2, 0, 102)
22 (1, 4, 0, 65, 873, 0, 16, 0, 2, 2, 0, 21)
23 (1, 4, 0, 36, 873, 0, 94, 0, 2, 2, 0, 241)
24 (1, 4, 654, 35, 873, 0, 0, 0, 1, 2, 0, 95)
25 (1, 4, 873, 406, 306, 0, 46, 0, 2, 2, 0, 70)
26 (1, 4, 873, 703, 142, 0, 217, 0, 2, 2, 0, 171)
27 (1, 4, 873, 10, 0, 0, 448, 0, 1, 1, 0, 162)
28 (1, 4, 516, 10, 0, 0, 321, 0, 0, 1, 0, 135)
29 (1, 4, 558, 0, 0, 0, 209, 0, 0, 0, 0, 59)
30 (1, 4, 245, 0, 0, 0, 214, 0, 0, 0, 0, 73)
31 (1, 4, 264, 25, 0, 0, 174, 0, 0, 0, 0, 130)
0 (1, 4, 7, 0, 0, 0, 0, 28, 0, 1, 0, 115)
1 (1, 4, 61, 0, 0, 0, 0, 56, 1, 1, 0, 142)
2 (1, 4, 270, 0, 0, 0, 0, 58, 1, 2, 0, 189)
3 (1, 4, 82, 0, 0, 0, 0, 96, 1, 2, 0, 91)
4 (1, 4, 156, 0, 0, 0, 0, 127, 2, 2, 0, 31)
5 (1, 4, 147, 0, 0, 0, 35, 120, 2, 2, 0, 208)
6 (1, 4, 35, 0, 0, 0, 124, 82, 2, 2, 0, 38)
7 (1, 4, 0, 0, 195, 0, 120, 0, 2, 2, 0, 142)
8 (1, 4, 0, 0, 423, 0, 118, 0, 2, 2, 0, 88)
9 (1, 4, 0, 0, 634, 0, 112, 0, 2, 2, 0, 173)
10 (1, 4, 143, 31, 873, 0, 73, 0, 2, 2, 0, 155)
11 (1, 4, 0, 688, 873, 0, 0, 0, 1, 2, 0, 111)
12 (1, 4, 873, 621, 873, 0, 0, 0, 1, 2, 0, 102)
13 (1, 4, 873, 388, 0, 0, 0, 68, 1, 2, 0, 242)
14 (1, 4, 616, 0, 0, 0, 120, 224, 4, 4, 0, 93)
15 (1, 4, 370, 0, 0, 0, 232, 79, 2, 3, 0, 233)
16 (1, 4, 214, 0, 0, 0, 213, 0, 1, 2, 0, 163)
17 (1, 4, 265, 0, 0, 0, 119, 0, 1, 2, 0, 76)
18 (1, 4, 349, 0, 196, 0, 85, 0, 1, 2, 0, 182)
19 (1, 4, 269, 0, 390, 0, 65, 0, 1, 2, 0, 48)
20 (1, 4, 220, 0, 531, 0, 72, 0, 1, 2, 0, 91)
21 (1, 4, 0, 0, 873, 0, 143, 0, 1, 2, 0, 157)
22 (1, 4, 0, 58, 873, 0, 35, 0, 1, 2, 0, 251)
23 (1, 4, 505, 0, 873, 0, 0, 0, 1, 2, 0, 199)
24 (1, 4, 873, 289, 406, 0, 41, 0, 1, 2, 0, 121)
25 (1, 4, 873, 786, 221, 0, 118, 0, 1, 1, 0, 229)
26 (1, 4, 873, 429, 0, 0, 364, 0, 1, 1, 0, 157)
27 (1, 4, 751, 480, 0, 0, 257, 0, 0, 1, 0, 223)
28 (1, 4, 873, 121, 0, 0, 246, 0, 0, 0, 0, 217)
29 (1, 4, 375, 11, 0, 0, 231, 0, 0, 0, 0, 216)
0 (1, 4, 22, 0, 0, 0, 16, 92, 1, 1, 0, 63)
1 (1, 4, 57, 0, 0, 0, 69, 75, 2, 2, 0, 124)
2 (1, 4, 0, 0, 0, 0, 132, 13, 2, 2, 0, 251)
3 (1, 4, 0, 0, 225, 0, 104, 0, 2, 2, 0, 218)
4 (1, 4, 130, 0, 427, 0, 122, 0, 2, 2, 0, 145)
5 (1, 4, 183, 0, 808, 0, 113, 0, 2, 2, 0, 58)
6 (1, 4, 142, 310, 873, 0, 126, 0, 2, 2, 0, 84)
7 (1, 4, 146, 576, 873, 0, 0, 0, 1, 1, 0, 26)
8 (1, 4, 873, 284, 588, 0, 0, 0, 1, 1, 0, 15)
9 (1, 4, 873, 269, 0, 0, 0, 0, 1, 1, 0, 120)
10 (1, 4, 873, 0, 0, 0, 238, 78, 1, 1, 0, 209)
11 (1, 4, 289, 0, 0, 0, 225, 78, 2, 1, 0, 35)
12 (1, 4, 244, 0, 0, 0, 219, 33, 1, 1, 0, 107)
13 (1, 4, 22, 0, 0, 0, 198, 0, 1, 1, 0, 140)
14 (1, 4, 71, 0, 0, 0, 179, 0, 1, 1, 0, 227)
15 (1, 4, 165, 0, 417, 0, 138, 0, 1, 1, 0, 82)
16 (1, 4, 0, 0, 873, 0, 70, 0, 1, 1, 0, 182)
17 (1, 4, 0, 674, 873, 0, 41, 0, 1, 1, 0, 107)
18 (1, 4, 233, 873, 873, 0, 0, 0, 1, 1, 0, 247)
19 (1, 4, 873, 139, 0, 0, 0, 0, 1, 1, 0, 43)
20 (1, 4, 399, 426, 0, 0, 0, 228, 1, 1, 0, 217)
21 (1, 4, 531, 0, 0, 0, 27, 192, 1, 1, 0, 129)
22 (1, 4, 254, 0, 0, 0, 131, 43, 1, 1, 0, 10)
23 (1, 4, 41, 0, 0, 0, 121, 0, 1, 1, 0, 228)
24 (1, 4, 332, 0, 0, 0, 123, 0, 1, 1, 0, 108)
25 (1, 4, 463, 0, 212, 0, 121, 0, 1, 1, 0, 178)
26 (1, 4, 0, 0, 851, 0, 190, 0, 1, 1, 0, 195)
27 (1, 4, 0, 0, 873, 0, 58, 0, 1, 2, 0, 187)
28 (1, 4, 0, 0, 873, 0, 0, 0, 1, 1, 0, 189)
0 (1, 4, 0, 0, 0, 0, 0, 2, 0, 0, 0, 199)
1 (1, 4, 129, 0, 0, 0, 0, 14, 0, 0, 0, 67)
2 (1, 4, 87, 0, 0, 0, 0, 23, 0, 0, 0, 253)
3 (1, 4, 0, 0, 0, 0, 0, 38, 1, 1, 0, 26)
4 (1, 4, 69, 0, 0, 0, 0, 49, 0, 1, 0, 7)
5 (1, 4, 54, 0, 0, 0, 0, 42, 1, 1, 0, 134)
6 (1, 4, 169, 0, 0, 0, 0, 75, 1, 1, 0, 18)
7 (1, 4, 197, 0, 0, 0, 57, 63, 1, 1, 0, 102)
8 (1, 4, 63, 0, 0, 0, 126, 29, 1, 1, 0, 219)
9 (1, 4, 0, 0, 7, 0, 94, 0, 1, 1, 0, 221)
10 (1, 4, 15, 0, 213, 0, 88, 0, 1, 1, 0, 204)
11 (1, 4, 196, 0, 504, 0, 77, 0, 1, 1, 0, 248)
12 (1, 4, 177, 0, 873, 0, 87, 0, 1, 1, 0, 118)
13 (1, 4, 0, 307, 873, 0, 0, 0, 1, 1, 0, 35)
14 (1, 4, 475, 620, 873, 0, 0, 0, 1, 1, 0, 68)
15 (1, 4, 873, 255, 0, 0, 0, 0, 1, 1, 0, 209)
16 (1, 4, 873, 657, 0, 0, 22, 43, 1, 1, 0, 224)
17 (1, 4, 594, 0, 0, 0, 122, 53, 1, 1, 0, 127)
18 (1, 4, 321, 0, 0, 0, 135, 12, 1, 1, 0, 49)
19 (1, 4, 416, 0, 0, 0, 119, 0, 1, 1, 0, 93)
20 (1, 4, 444, 0, 0, 0, 111, 0, 1, 1, 0, 177)
21 (1, 4, 442, 0, 160, 0, 95, 0, 1, 1, 0, 18)
22 (1, 4, 488, 0, 503, 0, 71, 0, 1, 1, 0, 31)
23 (1, 4, 269, 0, 873, 0, 110, 0, 1, 1, 0, 62)
24 (1, 4, 0, 0, 873, 0, 0, 0, 1, 1, 0, 189)
25 (1, 4, 245, 0, 873, 0, 0, 0, 1, 1, 0, 48)
26 (1, 4, 754, 116, 562, 0, 0, 0, 1, 1, 0, 58)
0 (1, 4, 34, 0, 0, 0, 0, 119, 2, 1, 0, 46)
1 (1, 4, 0, 0, 0, 0, 67, 129, 1, 1, 0, 179)
2 (1, 4, 0, 0, 0, 0, 133, 111, 1, 1, 0, 196)
3 (1, 4, 0, 0, 0, 0, 145, 30, 1, 1, 0, 74)
4 (1, 4, 0, 0, 0, 0, 105, 0, 1, 1, 0, 216)
5 (1, 4, 28, 0, 242, 0, 64, 0, 1, 1, 0, 97)
6 (1, 4, 139, 0, 410, 0, 59, 0, 1, 1, 0, 130)
7 (1, 4, 109, 0, 713, 0, 78, 0, 1, 1, 0, 45)
8 (1, 4, 39, 189, 873, 0, 0, 0, 2, 1, 0, 136)
9 (1, 4, 290, 691, 873, 0, 0, 0, 1, 1, 0, 211)
10 (1, 4, 873, 299, 493, 0, 0, 0, 1, 1, 0, 210)
11 (1, 4, 873, 260, 0, 0, 0, 70, 1, 1, 0, 247)
12 (1, 4, 629, 30, 0, 0, 73, 130, 1, 1, 0, 31)
13 (1, 4, 413, 0, 0, 0, 135, 61, 1, 1, 0, 168)
14 (1, 4, 351, 0, 0, 0, 156, 52, 1, 1, 0, 210)
15 (1, 4, 334, 0, 0, 0, 137, 4, 1, 1, 0, 81)
16 (1, 4, 233, 0, 85, 0, 100, 0, 1, 1, 0, 232)
17 (1, 4, 330, 0, 393, 0, 60, 0, 1, 1, 0, 190)
18 (1, 4, 370, 0, 743, 0, 73, 0, 1, 1, 0, 206)
19 (1, 4, 0, 0, 873, 0, 120, 0, 1, 1, 0, 238)
20 (1, 4, 0, 0, 873, 0, 0, 0, 2, 1, 0, 27)
21 (1, 4, 263, 48, 873, 0, 0, 0, 1, 2, 0, 139)
22 (1, 4, 612, 49, 318, 0, 0, 0, 1, 2, 0, 191)
23 (1, 4, 873, 583, 202, 0, 85, 0, 1, 1, 0, 145)
24 (1, 4, 873, 477, 0, 0, 286, 0, 1, 1, 0, 221)
25 (1, 4, 873, 321, 0, 0, 311, 0, 1, 1, 0, 97)
26 (1, 4, 801, 158, 0, 0, 279, 0, 0, 0, 0, 43)
27 (1, 4, 870, 83, 0, 0, 160, 0, 0, 0, 0, 17)
0 (1, 4, 0, 15, 354, 0, 0, 0, 1, 1, 0, 177)
1 (1, 4, 0, 126, 154, 0, 0, 0, 1, 1, 0, 78)
2 (1, 4, 0, 65, 14, 0, 0, 0, 1, 1, 0, 140)
3 (1, 4, 0, 65, 8, 0, 0, 0, 1, 1, 0, 253)
4 (1, 4, 88, 33, 12, 0, 0, 0, 1, 1, 0, 251)
5 (1, 4, 113, 11, 0, 0, 11, 3, 1, 1, 0, 144)
6 (1, 4, 216, 0, 21, 0, 26, 32, 1, 1, 0, 217)
7 (1, 4, 233, 0, 62, 0, 52, 7, 1, 1, 0, 102)
8 (1, 4, 67, 0, 44, 0, 48, 11, 1, 1, 0, 244)
9 (1, 4, 0, 0, 9, 0, 42, 8, 1, 1, 0, 139)
10 (1, 4, 0, 2, 0, 0, 32, 2, 1, 1, 0, 174)
11 (1, 4, 0, 19, 5, 0, 28, 5, 1, 1, 0, 9)
12 (1, 4, 51, 0, 11, 0, 25, 10, 1, 1, 0, 43)
13 (1, 4, 22, 1, 14, 0, 33, 8, 1, 1, 0, 85)
14 (1, 4, 0, 0, 0, 0, 29, 19, 1, 1, 0, 28)
15 (1, 4, 0, 0, 0, 0, 29, 24, 1, 1, 0, 144)
16 (1, 4, 0, 0, 0, 0, 34, 19, 1, 1, 0, 61)
17 (1, 4, 2, 0, 9, 0, 30, 21, 1, 1, 0, 111)
18 (1, 4, 0, 13, 0, 0, 33, 18, 1, 1, 0, 181)
19 (1, 4, 0, 34, 0, 0, 32, 18, 1, 1, 0, 191)
20 (1, 4, 0, 29, 0, 0, 31, 19, 1, 1, 0, 83)
21 (1, 4, 0, 13, 0, 0, 27, 21, 1, 1, 0, 29)
22 (1, 4, 0, 0, 0, 0, 28, 23, 1, 1, 0, 16)
23 (1, 4, 0, 9, 0, 0, 30, 20, 1, 1, 0, 130)
24 (1, 4, 8, 0, 0, 0, 23, 22, 1, 1, 0, 245)
25 (1, 4, 15, 0, 0, 0, 29, 18, 1, 1, 0, 153)
26 (1, 4, 0, 9, 0, 0, 26, 20, 1, 1, 0, 97)
27 (1, 4, 0, 18, 0, 0, 24, 20, 1, 1, 0, 153)
28 (1, 4, 4, 35, 0, 0, 20, 25, 1, 1, 0, 213)
29 (1, 4, 0, 0, 0, 0, 22, 23, 1, 1, 0, 35)
0 (1, 4, 0, 0, 0, 0, 0, 84, 1, 1, 0, 148)
1 (1, 4, 18, 0, 0, 0, 33, 74, 2, 1, 0, 79)
2 (1, 4, 106, 0, 0, 0, 89, 40, 2, 1, 0, 159)
3 (1, 4, 0, 0, 0, 0, 123, 0, 2, 1, 0, 9)
4 (1, 4, 0, 0, 121, 0, 118, 0, 2, 1, 0, 0)
5 (1, 4, 51, 0, 388, 0, 89, 0, 2, 1, 0, 49)
6 (1, 4, 145, 0, 695, 0, 97, 0, 2, 1, 0, 107)
7 (1, 4, 0, 74, 873, 0, 98, 0, 2, 1, 0, 163)
8 (1, 4, 0, 363, 873, 0, 0, 0, 1, 1, 0, 114)
9 (1, 4, 873, 281, 873, 0, 0, 0, 2, 1, 0, 175)
10 (1, 4, 873, 146, 0, 0, 0, 0, 1, 1, 0, 76)
11 (1, 4, 873, 29, 0, 0, 96, 97, 2, 1, 0, 118)
12 (1, 4, 344, 0, 0, 0, 184, 58, 2, 1, 0, 150)
13 (1, 4, 119, 0, 0, 0, 130, 18, 1, 1, 0, 95)
14 (1, 4, 141, 0, 0, 0, 91, 1, 2, 1, 0, 136)
15 (1, 4, 193, 0, 0, 0, 80, 0, 1, 1, 0, 122)
16 (1, 4, 225, 0, 0, 0, 79, 0, 1, 1, 0, 145)
17 (1, 4, 289, 0, 81, 0, 55, 0, 2, 1, 0, 234)
18 (1, 4, 463, 0, 356, 0, 35, 0, 1, 1, 0, 51)
19 (1, 4, 351, 0, 660, 0, 86, 0, 1, 1, 0, 162)
20 (1, 4, 0, 0, 873, 0, 62, 0, 2, 1, 0, 67)
21 (1, 4, 0, 0, 873, 0, 0, 0, 1, 1, 0, 189)
22 (1, 4, 70, 0, 873, 0, 0, 0, 1, 1, 0, 16)
23 (1, 4, 637, 76, 455, 0, 0, 0, 1, 2, 0, 126)
24 (1, 4, 873, 755, 393, 0, 29, 0, 1, 1, 0, 47)
25 (1, 4, 873, 799, 153, 0, 228, 0, 1, 1, 0, 223)
26 (1, 4, 873, 440, 0, 0, 278, 0, 1, 1, 0, 50)
27 (1, 4, 873, 184, 0, 0, 271, 0, 1, 0, 0, 129)
28 (1, 4, 873, 48, 0, 0, 261, 0, 0, 0, 0, 98)
29 (1, 4, 588, 0, 0, 0, 204, 0, 0, 0, 0, 183)
30 (1, 4, 390, 0, 0, 0, 254, 0, 0, 0, 0, 59)
31 (1, 4, 0, 32, 0, 0, 205, 0, 0, 0, 0, 201)
0 (1, 4, 0, 0, 0, 0, 0, 79, 1, 1, 0, 203)
1 (1, 4, 35, 0, 0, 0, 0, 104, 1, 1, 0, 172)
2 (1, 4, 67, 0, 0, 0, 0, 122, 2, 1, 0, 46)
3 (1, 4, 44, 0, 0, 0, 0, 119, 2, 1, 0, 122)
4 (1, 4, 154, 0, 0, 0, 41, 170, 2, 2, 0, 56)
5 (1, 4, 32, 0, 35, 0, 153, 35, 2, 2, 0, 32)
6 (1, 4, 0, 0, 293, 0, 75, 0, 2, 2, 0, 85)
7 (1, 4, 67, 0, 321, 0, 84, 0, 2, 2, 0, 185)
8 (1, 4, 280, 0, 629, 0, 78, 0, 2, 2, 0, 62)
9 (1, 4, 350, 101, 873, 0, 81, 0, 2, 2, 0, 81)
10 (1, 4, 0, 366, 873, 0, 0, 0, 2, 2, 0, 6)
11 (1, 4, 873, 310, 843, 0, 0, 0, 2, 2, 0, 176)
12 (1, 4, 873, 336, 214, 0, 0, 22, 2, 2, 0, 70)
13 (1, 4, 865, 298, 0, 0, 0, 36, 1, 2, 0, 161)
14 (1, 4, 712, 0, 0, 0, 150, 0, 1, 1, 0, 63)
15 (1, 4, 304, 0, 0, 0, 173, 0, 2, 1, 0, 150)
16 (1, 4, 246, 0, 0, 0, 90, 0, 2, 1, 0, 226)
17 (1, 4, 624, 0, 0, 0, 74, 0, 1, 1, 0, 244)
18 (1, 4, 630, 0, 2, 0, 87, 0, 1, 1, 0, 33)
19 (1, 4, 306, 0, 289, 0, 79, 0, 2, 1, 0, 108)
20 (1, 4, 291, 0, 574, 0, 66, 0, 2, 2, 0, 165)
21 (1, 4, 86, 0, 873, 0, 130, 0, 2, 2, 0, 45)
22 (1, 4, 0, 0, 873, 0, 49, 0, 1, 2, 0, 241)
23 (1, 4, 0, 0, 873, 0, 91, 0, 2, 2, 0, 115)
24 (1, 4, 198, 0, 688, 0, 0, 0, 2, 2, 0, 30)
25 (1, 4, 873, 430, 507, 0, 51, 0, 1, 2, 0, 12)
26 (1, 4, 873, 622, 0, 0, 265, 0, 2, 2, 0, 121)
27 (1, 4, 873, 767, 0, 0, 328, 0, 1, 1, 0, 212)
28 (1, 4, 812, 451, 0, 0, 226, 0, 0, 1, 0, 242)
29 (1, 4, 873, 9, 0, 0, 219, 0, 0, 0, 0, 175)
0 (1, 4, 0, 0, 0, 0, 58, 135, 2, 1, 0, 243)
1 (1, 4, 0, 0, 0, 0, 83, 84, 1, 1, 0, 128)
2 (1, 4, 0, 0, 0, 0, 136, 0, 1, 1, 0, 130)
3 (1, 4, 0, 0, 136, 0, 135, 0, 2, 1, 0, 192)
4 (1, 4, 0, 0, 454, 0, 93, 0, 1, 1, 0, 149)
5 (1, 4, 81, 0, 776, 0, 75, 0, 1, 1, 0, 27)
6 (1, 4, 74, 132, 873, 0, 36, 0, 1, 1, 0, 109)
7 (1, 4, 41, 454, 873, 0, 0, 0, 1, 1, 0, 212)
8 (1, 4, 802, 441, 873, 0, 0, 0, 1, 1, 0, 33)
9 (1, 4, 873, 204, 0, 0, 0, 24, 1, 1, 0, 147)
10 (1, 4, 528, 73, 0, 0, 70, 187, 2, 2, 0, 114)
11 (1, 4, 339, 0, 0, 0, 162, 125, 2, 2, 0, 169)
12 (1, 4, 378, 0, 0, 0, 175, 90, 2, 2, 0, 249)
13 (1, 4, 320, 0, 0, 0, 218, 0, 1, 1, 0, 100)
14 (1, 4, 14, 0, 0, 0, 215, 0, 1, 1, 0, 224)
15 (1, 4, 151, 0, 144, 0, 141, 0, 1, 1, 0, 73)
16 (1, 4, 362, 0, 809, 0, 156, 0, 1, 1, 0, 245)
17 (1, 4, 0, 0, 873, 0, 110, 0, 1, 2, 0, 199)
18 (1, 4, 0, 0, 873, 0, 0, 0, 1, 1, 0, 189)
19 (1, 4, 402, 0, 873, 0, 0, 0, 1, 2, 0, 235)
20 (1, 4, 838, 382, 443, 0, 0, 0, 1, 1, 0, 55)
21 (1, 4, 873, 579, 73, 0, 182, 0, 1, 1, 0, 169)
22 (1, 4, 873, 467, 0, 0, 301, 0, 1, 1, 0, 218)
23 (1, 4, 873, 309, 0, 0, 303, 0, 1, 1, 0, 223)
24 (1, 4, 873, 0, 0, 0, 245, 0, 0, 0, 0, 116)
25 (1, 4, 571, 0, 0, 0, 234, 0, 0, 0, 0, 47)
26 (1, 4, 213, 0, 0, 0, 202, 0, 0, 0, 0, 41)
27 (1, 4, 9, 0, 0, 0, 185, 0, 0, 0, 0, 4)
28 (1, 4, 0, 14, 0, 16, 140, 0, 0, 0, 0, 155)
29 (1, 4, 13, 18, 0, 41, 117, 21, 0, 0, 0, 75)
0 (1, 4, 101, 0, 0, 0, 76, 64, 1, 1, 0, 114)
1 (1, 4, 0, 0, 0, 0, 129, 0, 2, 1, 0, 156)
2 (1, 4, 0, 0, 9, 0, 108, 0, 1, 1, 0, 106)
3 (1, 4, 0, 0, 176, 0, 104, 0, 1, 1, 0, 209)
4 (1, 4, 0, 0, 446, 0, 103, 0, 1, 1, 0, 232)
5 (1, 4, 0, 0, 737, 0, 61, 0, 2, 2, 0, 101)
6 (1, 4, 0, 255, 873, 0, 0, 0, 2, 2, 0, 54)
7 (1, 4, 661, 512, 873, 0, 0, 0, 1, 1, 0, 183)
8 (1, 4, 873, 238, 318, 0, 0, 0, 2, 1, 0, 178)
9 (1, 4, 808, 159, 0, 0, 3, 71, 2, 2, 0, 209)
10 (1, 4, 425, 0, 0, 0, 117, 71, 2, 1, 0, 33)
11 (1, 4, 360, 0, 0, 0, 184, 26, 1, 1, 0, 182)
12 (1, 4, 223, 0, 0, 0, 246, 0, 1, 1, 0, 230)
13 (1, 4, 158, 0, 0, 0, 261, 0, 1, 1, 0, 95)
14 (1, 4, 297, 0, 193, 0, 182, 0, 1, 1, 0, 255)
15 (1, 4, 379, 0, 758, 0, 116, 0, 2, 1, 0, 46)
16 (1, 4, 262, 0, 873, 0, 70, 0, 2, 1, 0, 54)
17 (1, 4, 0, 122, 873, 0, 0, 0, 1, 1, 0, 67)
18 (1, 4, 167, 0, 766, 0, 0, 0, 1, 2, 0, 206)
19 (1, 4, 0, 307, 723, 0, 0, 0, 1, 1, 0, 157)
20 (1, 4, 873, 468, 243, 0, 34, 0, 1, 1, 0, 82)
21 (1, 4, 873, 688, 0, 0, 375, 0, 2, 2, 0, 220)
22 (1, 4, 873, 804, 0, 0, 353, 0, 1, 1, 0, 12)
23 (1, 4, 873, 43, 0, 0, 299, 0, 0, 1, 0, 222)
24 (1, 4, 873, 0, 0, 0, 276, 0, 0, 0, 0, 61)
25 (1, 4, 300, 0, 0, 0, 226, 0, 0, 0, 0, 34)
26 (1, 4, 463, 0, 0, 0, 217, 0, 0, 0, 0, 169)
27 (1, 4, 0, 0, 0, 15, 213, 0, 0, 0, 0, 234)
28 (1, 4, 0, 58, 0, 9, 134, 7, 0, 0, 0, 210)
29 (1, 4, 0, 114, 120, 39, 97, 35, 0, 0, 0, 232)
0 (1, 4, 47, 0, 0, 0, 8, 42, 2, 2, 0, 194)
1 (1, 4, 25, 0, 0, 0, 13, 48, 2, 2, 0, 219)
2 (1, 4, 0, 0, 0, 0, 18, 53, 2, 2, 0, 195)
3 (1, 4, 10, 0, 0, 0, 13, 69, 2, 2, 0, 180)
4 (1, 4, 0, 0, 0, 0, 37, 76, 2, 2, 0, 33)
5 (1, 4, 0, 0, 0, 0, 0, 91, 2, 2, 0, 118)
6 (1, 4, 0, 0, 0, 0, 0, 133, 2, 2, 0, 76)
7 (1, 4, 0, 0, 0, 0, 0, 118, 1, 2, 0, 49)
8 (1, 4, 0, 0, 0, 0, 17, 115, 2, 2, 0, 193)
9 (1, 4, 0, 0, 0, 0, 61, 106, 2, 2, 0, 8)
10 (1, 4, 0, 0, 0, 0, 88, 60, 2, 2, 0, 223)
11 (1, 4, 0, 0, 84, 0, 98, 8, 2, 2, 0, 185)
12 (1, 4, 0, 0, 270, 0, 95, 0, 2, 2, 0, 202)
13 (1, 4, 0, 0, 477, 0, 202, 0, 2, 2, 0, 47)
14 (1, 4, 120, 0, 873, 0, 190, 0, 2, 2, 0, 20)
15 (1, 4, 0, 848, 873, 0, 34, 0, 1, 2, 0, 53)
16 (1, 4, 873, 22, 381, 0, 0, 0, 2, 2, 0, 221)
17 (1, 4, 873, 0, 0, 0, 106, 56, 3, 3, 0, 239)
18 (1, 4, 455, 0, 0, 0, 151, 90, 3, 3, 0, 205)
19 (1, 4, 260, 0, 0, 0, 179, 42, 3, 3, 0, 154)
20 (1, 4, 0, 0, 0, 0, 134, 44, 3, 3, 0, 126)
21 (1, 4, 161, 0, 0, 0, 103, 3, 2, 2, 0, 169)
22 (1, 4, 314, 0, 0, 0, 85, 0, 2, 2, 0, 32)
23 (1, 4, 193, 0, 218, 0, 124, 0, 2, 2, 0, 168)
24 (1, 4, 316, 0, 497, 0, 61, 0, 1, 2, 0, 54)
25 (1, 4, 153, 0, 873, 0, 161, 0, 2, 2, 0, 109)
26 (1, 4, 0, 0, 873, 0, 5, 0, 2, 2, 0, 60)
27 (1, 4, 0, 0, 873, 0, 51, 0, 2, 2, 0, 165)
28 (1, 4, 300, 0, 507, 0, 0, 0, 2, 2, 0, 48)
29 (1, 4, 873, 470, 310, 0, 158, 0, 2, 2, 0, 39)
0 (1, 4, 0, 11, 0, 32, 120, 0, 0, 0, 0, 175)
1 (1, 4, 95, 20, 0, 53, 111, 9, 0, 0, 0, 0)
2 (1, 4, 0, 48, 0, 64, 127, 15, 0, 0, 0, 202)
3 (1, 4, 10, 96, 87, 66, 62, 36, 0, 0, 0, 85)
4 (1, 4, 22, 145, 130, 59, 50, 50, 0, 0, 0, 199)
5 (1, 4, 0, 122, 112, 54, 27, 68, 0, 0, 0, 89)
6 (1, 4, 0, 116, 119, 50, 24, 63, 0, 0, 0, 244)
7 (1, 4, 0, 116, 151, 32, 19, 59, 0, 0, 0, 246)
8 (1, 4, 29, 86, 156, 57, 4, 58, 0, 0, 0, 218)
9 (1, 4, 0, 101, 207, 46, 24, 56, 0, 0, 0, 140)
10 (1, 4, 0, 123, 228, 20, 0, 44, 0, 0, 0, 42)
11 (1, 4, 0, 0, 228, 29, 0, 42, 1, 1, 0, 67)
12 (1, 4, 0, 134, 263, 47, 0, 10, 2, 2, 0, 125)
13 (1, 4, 0, 264, 399, 21, 0, 13, 2, 3, 0, 112)
14 (1, 4, 0, 298, 565, 0, 24, 70, 3, 3, 0, 160)
15 (1, 4, 0, 281, 632, 0, 33, 30, 4, 4, 0, 37)
16 (1, 4, 0, 101, 833, 0, 0, 11, 3, 3, 0, 79)
17 (1, 4, 0, 247, 721, 0, 0, 3, 3, 3, 0, 123)
18 (1, 4, 130, 0, 612, 0, 0, 40, 3, 3, 0, 198)
19 (1, 4, 75, 0, 202, 0, 0, 42, 2, 3, 0, 135)
20 (1, 4, 0, 0, 0, 0, 0, 37, 2, 2, 0, 103)
21 (1, 4, 0, 0, 0, 0, 0, 23, 2, 2, 0, 172)
22 (1, 4, 0, 37, 15, 0, 0, 21, 2, 2, 0, 225)
23 (1, 4, 36, 2, 16, 0, 0, 32, 2, 2, 0, 32)
24 (1, 4, 8, 46, 10, 0, 0, 40, 2, 2, 0, 2)
25 (1, 4, 72, 0, 0, 0, 0, 52, 2, 2, 0, 146)
26 (1, 4, 150, 0, 0, 0, 0, 79, 2, 2, 0, 1)
27 (1, 4, 87, 0, 0, 0, 34, 79, 2, 2, 0, 108)
28 (1, 4, 0, 0, 0, 0, 14, 69, 2, 2, 0, 83)
29 (1, 4, 121, 0, 0, 0, 0, 73, 1, 2, 0, 106)
30 (1, 4, 148, 0, 0, 0, 0, 78, 2, 2, 0, 194)
31 (1, 4, 227, 0, 0, 0, 0, 104, 2, 2, 0, 43)
0 (1, 4, 20, 0, 488, 0, 12, 0, 2, 2, 0, 131)
1 (1, 4, 0, 0, 597, 0, 37, 0, 2, 2, 0, 15)
2 (1, 4, 0, 0, 566, 0, 6, 0, 2, 2, 0, 55)
3 (1, 4, 0, 0, 793, 0, 12, 0, 1, 2, 0, 88)
4 (1, 4, 0, 310, 873, 0, 0, 0, 2, 2, 0, 87)
5 (1, 4, 767, 404, 873, 0, 0, 0, 1, 2, 0, 186)
6 (1, 4, 810, 328, 550, 0, 0, 0, 1, 2, 0, 135)
7 (1, 4, 441, 444, 0, 0, 0, 0, 1, 2, 0, 170)
8 (1, 4, 873, 206, 0, 0, 20, 0, 1, 1, 0, 161)
9 (1, 4, 873, 0, 0, 0, 213, 0, 2, 2, 0, 107)
10 (1, 4, 403, 0, 0, 0, 183, 0, 1, 2, 0, 251)
11 (1, 4, 396, 0, 0, 0, 102, 0, 1, 2, 0, 147)
12 (1, 4, 503, 0, 0, 0, 71, 0, 1, 2, 0, 43)
13 (1, 4, 496, 0, 2, 0, 42, 0, 1, 2, 0, 98)
14 (1, 4, 340, 0, 153, 0, 19, 0, 1, 2, 0, 49)
15 (1, 4, 371, 0, 360, 0, 9, 0, 1, 2, 0, 40)
16 (1, 4, 196, 0, 424, 0, 15, 0, 1, 2, 0, 41)
17 (1, 4, 56, 0, 586, 0, 16, 0, 1, 2, 0, 202)
18 (1, 4, 0, 0, 705, 0, 0, 0, 1, 2, 0, 238)
19 (1, 4, 0, 0, 735, 0, 0, 0, 1, 2, 0, 92)
20 (1, 4, 0, 0, 873, 0, 0, 0, 1, 2, 0, 0)
21 (1, 4, 661, 226, 873, 0, 0, 0, 1, 2, 0, 234)
22 (1, 4, 686, 599, 528, 0, 0, 0, 1, 1, 0, 29)
23 (1, 4, 873, 607, 0, 0, 0, 0, 1, 1, 0, 223)
24 (1, 4, 873, 44, 0, 0, 121, 0, 1, 2, 0, 125)
25 (1, 4, 827, 0, 0, 0, 238, 0, 2, 2, 0, 220)
26 (1, 4, 562, 0, 0, 0, 157, 0, 2, 2, 0, 185)
27 (1, 4, 589, 0, 0, 0, 74, 0, 1, 2, 0, 40)
28 (1, 4, 595, 0, 213, 0, 22, 0, 2, 2, 0, 56)
29 (1, 4, 559, 0, 284, 0, 1, 0, 1, 2, 0, 234)
30 (1, 4, 355, 0, 346, 0, 0, 0, 2, 2, 0, 120)
31 (1, 4, 0, 0, 400, 0, 37, 0, 2, 2, 0, 40)
0 (1, 4, 17, 623, 0, 0, 18, 0, 1, 2, 0, 110)
1 (1, 4, 873, 738, 187, 0, 176, 0, 1, 1, 0, 106)
2 (1, 4, 873, 286, 0, 0, 483, 0, 0, 0, 0, 115)
3 (1, 4, 529, 0, 0, 0, 371, 0, 0, 0, 0, 158)
4 (1, 4, 322, 0, 0, 0, 190, 0, 0, 0, 0, 133)
5 (1, 4, 588, 0, 0, 0, 185, 0, 0, 0, 0, 191)
6 (1, 4, 193, 0, 0, 0, 190, 0, 0, 0, 0, 128)
7 (1, 4, 32, 0, 0, 0, 132, 0, 0, 0, 0, 110)
8 (1, 4, 0, 30, 0, 26, 124, 0, 0, 0, 0, 154)
9 (1, 4, 0, 139, 0, 7, 110, 36, 0, 0, 0, 90)
10 (1, 4, 3, 129, 0, 45, 128, 34, 0, 0, 0, 134)
11 (1, 4, 0, 197, 38, 60, 89, 71, 0, 0, 0, 247)
12 (1, 4, 0, 166, 156, 52, 61, 101, 0, 0, 0, 153)
13 (1, 4, 0, 91, 175, 55, 30, 115, 0, 0, 0, 230)
14 (1, 4, 0, 46, 198, 45, 4, 97, 0, 0, 0, 105)
15 (1, 4, 54, 42, 176, 46, 0, 90, 0, 0, 0, 135)
16 (1, 4, 123, 2, 175, 44, 0, 80, 0, 0, 0, 114)
17 (1, 4, 155, 1, 188, 44, 8, 67, 0, 0, 0, 65)
18 (1, 4, 151, 31, 213, 41, 9, 69, 0, 0, 0, 151)
19 (1, 4, 153, 0, 182, 52, 13, 71, 0, 0, 0, 155)
20 (1, 4, 121, 11, 184, 55, 27, 63, 0, 0, 0, 14)
21 (1, 4, 103, 60, 239, 52, 21, 63, 0, 0, 0, 139)
22 (1, 4, 56, 75, 279, 35, 19, 60, 0, 0, 0, 45)
23 (1, 4, 105, 73, 280, 24, 0, 56, 0, 0, 0, 194)
24 (1, 4, 171, 0, 143, 28, 0, 58, 0, 0, 0, 52)
25 (1, 4, 162, 0, 191, 43, 15, 42, 0, 0, 0, 242)
26 (1, 4, 144, 0, 223, 57, 7, 47, 0, 0, 0, 110)
27 (1, 4, 93, 137, 303, 76, 8, 51, 0, 0, 0, 40)
28 (1, 4, 23, 275, 351, 71, 0, 73, 0, 0, 0, 144)
29 (1, 4, 84, 411, 354, 37, 0, 133, 0, 0, 0, 28)
30 (1, 4, 6, 293, 183, 0, 0, 153, 0, 0, 0, 235)
31 (1, 4, 0, 184, 0, 0, 0, 132, 0, 0, 0, 144)
0 (1, 4, 8, 0, 0, 0, 2, 33, 1, 2, 0, 54)
1 (1, 4, 0, 0, 0, 0, 1, 34, 2, 2, 0, 13)
2 (1, 4, 0, 0, 0, 0, 1, 30, 2, 2, 0, 224)
3 (1, 4, 0, 0, 0, 0, 0, 32, 1, 2, 0, 107)
4 (1, 4, 0, 4, 1, 0, 0, 30, 1, 2, 0, 113)
5 (1, 4, 38, 0, 0, 0, 0, 48, 2, 2, 0, 253)
6 (1, 4, 259, 0, 0, 0, 0, 66, 1, 2, 0, 38)
7 (1, 4, 52, 0, 0, 0, 11, 80, 1, 2, 0, 9)
8 (1, 4, 0, 0, 0, 0, 0, 95, 2, 2, 0, 3)
9 (1, 4, 0, 0, 0, 0, 0, 87, 2, 2, 0, 233)
10 (1, 4, 0, 0, 0, 0, 0, 110, 1, 2, 0, 8)
11 (1, 4, 0, 0, 0, 0, 6, 122, 2, 2, 0, 25)
12 (1, 4, 0, 0, 0, 0, 137, 102, 2, 2, 0, 200)
13 (1, 4, 0, 0, 86, 0, 133, 0, 1, 2, 0, 145)
14 (1, 4, 0, 0, 274, 0, 106, 0, 2, 2, 0, 69)
15 (1, 4, 0, 0, 569, 0, 82, 0, 2, 2, 0, 18)
16 (1, 4, 169, 0, 873, 0, 0, 0, 2, 2, 0, 10)
17 (1, 4, 0, 873, 873, 0, 14, 0, 2, 2, 0, 25)
18 (1, 4, 873, 0, 552, 0, 0, 0, 1, 2, 0, 4)
19 (1, 4, 741, 355, 0, 0, 0, 0, 1, 2, 0, 223)
20 (1, 4, 838, 9, 0, 0, 94, 50, 2, 1, 0, 248)
21 (1, 4, 460, 0, 0, 0, 184, 0, 2, 1, 0, 122)
22 (1, 4, 62, 0, 0, 0, 162, 0, 1, 1, 0, 207)
23 (1, 4, 124, 0, 0, 0, 119, 0, 1, 1, 0, 107)
24 (1, 4, 236, 0, 3, 0, 108, 0, 1, 1, 0, 234)
25 (1, 4, 381, 0, 346, 0, 67, 0, 1, 1, 0, 70)
26 (1, 4, 217, 0, 731, 0, 106, 0, 1, 2, 0, 36)
27 (1, 4, 0, 0, 873, 0, 0, 0, 1, 2, 0, 0)
28 (1, 4, 0, 0, 873, 0, 51, 0, 1, 2, 0, 3)
29 (1, 4, 167, 0, 873, 0, 0, 0, 1, 2, 0, 248)
0 (1, 4, 0, 0, 0, 0, 2, 20, 0, 0, 0, 42)
1 (1, 4, 16, 0, 0, 0, 0, 21, 0, 0, 0, 231)
2 (1, 4, 24, 0, 0, 0, 0, 27, 0, 0, 0, 177)
3 (1, 4, 25, 0, 0, 0, 0, 31, 0, 0, 0, 202)
4 (1, 4, 131, 0, 0, 0, 0, 37, 0, 1, 0, 25)
5 (1, 4, 364, 0, 0, 0, 0, 67, 1, 1, 0, 80)
6 (1, 4, 158, 0, 0, 0, 0, 79, 1, 1, 0, 106)
7 (1, 4, 93, 0, 0, 0, 0, 99, 1, 1, 0, 218)
8 (1, 4, 227, 0, 0, 0, 0, 107, 2, 2, 0, 77)
9 (1, 4, 32, 0, 0, 0, 0, 118, 1, 2, 0, 246)
10 (1, 4, 62, 0, 0, 0, 26, 96, 2, 2, 0, 77)
11 (1, 4, 10, 0, 0, 0, 36, 75, 2, 2, 0, 39)
12 (1, 4, 16, 0, 11, 0, 51, 53, 2, 2, 0, 80)
13 (1, 4, 0, 0, 95, 0, 39, 34, 2, 2, 0, 204)
14 (1, 4, 0, 0, 241, 0, 34, 0, 2, 2, 0, 140)
15 (1, 4, 0, 0, 368, 0, 61, 0, 2, 2, 0, 152)
16 (1, 4, 0, 0, 529, 0, 37, 0, 2, 2, 0, 170)
17 (1, 4, 38, 20, 864, 0, 78, 0, 2, 2, 0, 28)
18 (1, 4, 0, 381, 873, 0, 0, 0, 2, 2, 0, 191)
19 (1, 4, 703, 550, 873, 0, 0, 0, 2, 2, 0, 114)
20 (1, 4, 873, 301, 129, 0, 0, 0, 1, 2, 0, 98)
21 (1, 4, 500, 176, 0, 0, 0, 99, 2, 2, 0, 205)
22 (1, 4, 496, 0, 0, 0, 112, 59, 2, 2, 0, 185)
23 (1, 4, 363, 0, 0, 0, 135, 13, 1, 2, 0, 248)
24 (1, 4, 335, 0, 0, 0, 117, 0, 1, 2, 0, 19)
25 (1, 4, 409, 0, 0, 0, 83, 0, 1, 2, 0, 87)
26 (1, 4, 313, 0, 77, 0, 52, 0, 1, 2, 0, 119)
27 (1, 4, 328, 0, 295, 0, 15, 0, 2, 2, 0, 120)
28 (1, 4, 265, 0, 487, 0, 21, 0, 1, 2, 0, 229)
29 (1, 4, 169, 0, 736, 0, 29, 0, 2, 2, 0, 80)
30 (1, 4, 0, 0, 846, 0, 8, 0, 2, 2, 0, 124)
31 (1, 4, 0, 0, 873, 0, 0, 0, 1, 2, 0, 0)
0 (1, 4, 499, 142, 0, 0, 237, 0, 0, 0, 0, 168)
1 (1, 4, 495, 0, 0, 0, 164, 0, 0, 0, 0, 167)
2 (1, 4, 411, 0, 0, 0, 139, 0, 0, 0, 0, 149)
3 (1, 4, 164, 0, 0, 0, 157, 5, 0, 0, 0, 212)
4 (1, 4, 170, 0, 0, 0, 179, 0, 0, 0, 0, 247)
5 (1, 4, 0, 113, 0, 7, 119, 0, 0, 0, 0, 76)
6 (1, 4, 107, 65, 0, 21, 108, 17, 0, 0, 0, 201)
7 (1, 4, 103, 85, 0, 56, 117, 21, 0, 0, 0, 0)
8 (1, 4, 0, 74, 56, 69, 104, 40, 0, 0, 0, 53)
9 (1, 4, 0, 118, 141, 61, 49, 51, 0, 0, 0, 14)
10 (1, 4, 0, 106, 164, 51, 25, 54, 0, 0, 0, 12)
11 (1, 4, 9, 105, 151, 42, 19, 58, 0, 0, 0, 44)
12 (1, 4, 0, 97, 167, 31, 18, 45, 0, 0, 0, 164)
13 (1, 4, 0, 130, 225, 36, 9, 29, 0, 0, 0, 204)
14 (1, 4, 0, 211, 245, 27, 0, 31, 0, 0, 0, 0)
15 (1, 4, 0, 162, 249, 25, 0, 59, 0, 0, 0, 157)
16 (1, 4, 0, 146, 292, 24, 0, 64, 1, 1, 0, 205)
17 (1, 4, 0, 197, 430, 0, 0, 62, 1, 1, 0, 81)
18 (1, 4, 0, 188, 480, 0, 0, 71, 1, 1, 0, 67)
19 (1, 4, 0, 84, 574, 0, 0, 45, 1, 1, 0, 88)
20 (1, 4, 0, 121, 594, 0, 0, 31, 1, 1, 0, 106)
21 (1, 4, 0, 148, 699, 0, 0, 45, 1, 1, 0, 225)
22 (1, 4, 0, 46, 420, 0, 0, 57, 1, 1, 0, 250)
23 (1, 4, 0, 113, 391, 0, 0, 49, 1, 1, 0, 6)
24 (1, 4, 60, 0, 240, 0, 0, 46, 1, 1, 0, 20)
25 (1, 4, 285, 0, 109, 0, 0, 38, 2, 2, 0, 214)
26 (1, 4, 0, 5, 48, 0, 0, 32, 2, 2, 0, 35)
27 (1, 4, 0, 0, 0, 0, 0, 42, 2, 2, 0, 158)
28 (1, 4, 84, 0, 0, 0, 1, 22, 2, 2, 0, 91)
29 (1, 4, 1, 0, 0, 0, 0, 38, 2, 2, 0, 15)
30 (1, 4, 61, 0, 0, 0, 6, 38, 1, 2, 0, 215)
31 (1, 4, 14, 0, 0, 0, 6, 34, 2, 2, 0, 49)
0 (1, 4, 0, 0, 0, 0, 55, 102, 2, 2, 0, 164)
1 (1, 4, 0, 0, 105, 0, 71, 34, 1, 2, 0, 141)
2 (1, 4, 41, 0, 274, 0, 27, 0, 2, 2, 0, 23)
3 (1, 4, 220, 0, 436, 0, 18, 0, 2, 2, 0, 92)
4 (1, 4, 239, 0, 564, 0, 20, 0, 2, 2, 0, 110)
5 (1, 4, 154, 0, 729, 0, 0, 0, 2, 2, 0, 18)
6 (1, 4, 0, 211, 861, 0, 0, 0, 1, 2, 0, 228)
7 (1, 4, 0, 376, 872, 0, 0, 0, 2, 2, 0, 68)
8 (1, 4, 459, 630, 708, 0, 0, 0, 2, 2, 0, 36)
9 (1, 4, 831, 326, 24, 0, 0, 0, 1, 2, 0, 163)
10 (1, 4, 786, 467, 0, 0, 0, 4, 1, 2, 0, 155)
11 (1, 4, 873, 38, 0, 0, 71, 96, 1, 2, 0, 31)
12 (1, 4, 266, 0, 0, 0, 112, 78, 2, 2, 0, 243)
13 (1, 4, 336, 0, 0, 0, 88, 60, 2, 2, 0, 180)
14 (1, 4, 426, 0, 0, 0, 108, 23, 1, 2, 0, 131)
15 (1, 4, 296, 0, 0, 0, 58, 0, 1, 2, 0, 196)
16 (1, 4, 357, 0, 187, 0, 18, 0, 1, 2, 0, 176)
17 (1, 4, 449, 0, 355, 0, 0, 0, 1, 2, 0, 185)
18 (1, 4, 489, 0, 477, 0, 36, 0, 2, 2, 0, 251)
19 (1, 4, 31, 103, 793, 0, 62, 0, 2, 2, 0, 125)
20 (1, 4, 0, 0, 873, 0, 4, 0, 1, 2, 0, 227)
21 (1, 4, 0, 0, 873, 0, 0, 0, 1, 2, 0, 0)
22 (1, 4, 385, 48, 873, 0, 0, 0, 1, 2, 0, 186)
23 (1, 4, 873, 386, 100, 0, 0, 0, 1, 2, 0, 46)
24 (1, 4, 873, 746, 0, 0, 50, 0, 1, 2, 0, 213)
25 (1, 4, 873, 751, 0, 0, 121, 0, 1, 1, 0, 87)
26 (1, 4, 873, 471, 0, 0, 209, 0, 1, 1, 0, 151)
27 (1, 4, 639, 29, 0, 0, 201, 0, 0, 0, 0, 165)
28 (1, 4, 422, 39, 0, 0, 141, 0, 0, 0, 0, 37)
0 (1, 4, 0, 0, 600, 0, 41, 0, 2, 2, 0, 91)
1 (1, 4, 0, 0, 766, 0, 21, 0, 2, 2, 0, 143)
2 (1, 4, 0, 225, 873, 0, 0, 0, 2, 2, 0, 83)
3 (1, 4, 231, 612, 873, 0, 0, 0, 1, 2, 0, 39)
4 (1, 4, 873, 357, 363, 0, 0, 0, 2, 2, 0, 206)
5 (1, 4, 811, 236, 0, 0, 0, 62, 2, 2, 0, 178)
6 (1, 4, 764, 118, 0, 0, 53, 85, 2, 2, 0, 34)
7 (1, 4, 474, 0, 0, 0, 98, 56, 2, 2, 0, 3)
8 (1, 4, 287, 0, 0, 0, 106, 11, 2, 2, 0, 124)
9 (1, 4, 223, 0, 0, 0, 81, 8, 2, 2, 0, 70)
10 (1, 4, 302, 0, 0, 0, 58, 0, 2, 2, 0, 70)
11 (1, 4, 232, 0, 0, 0, 46, 0, 2, 2, 0, 154)
12 (1, 4, 181, 0, 152, 0, 26, 0, 2, 2, 0, 236)
13 (1, 4, 278, 0, 310, 0, 19, 0, 1, 2, 0, 175)
14 (1, 4, 350, 0, 507, 2, 32, 0, 2, 2, 0, 177)
15 (1, 4, 108, 0, 773, 0, 63, 0, 1, 2, 0, 192)
16 (1, 4, 0, 1, 873, 0, 0, 0, 1, 2, 0, 181)
17 (1, 4, 0, 0, 873, 0, 0, 0, 1, 2, 0, 0)
18 (1, 4, 873, 209, 873, 0, 0, 0, 1, 2, 0, 96)
19 (1, 4, 739, 481, 390, 0, 1, 0, 1, 2, 0, 51)
20 (1, 4, 873, 454, 229, 0, 24, 0, 1, 1, 0, 235)
21 (1, 4, 873, 0, 0, 0, 204, 0, 1, 1, 0, 77)
22 (1, 4, 461, 0, 0, 0, 254, 0, 0, 0, 0, 208)
23 (1, 4, 286, 45, 0, 0, 164, 0, 0, 0, 0, 12)
24 (1, 4, 472, 28, 0, 0, 112, 0, 0, 0, 0, 234)
25 (1, 4, 305, 0, 0, 0, 111, 7, 0, 0, 0, 248)
26 (1, 4, 210, 0, 0, 0, 153, 18, 0, 0, 0, 125)
27 (1, 4, 54, 0, 0, 19, 188, 0, 0, 0, 0, 53)
28 (1, 4, 0, 174, 0, 22, 108, 24, 0, 0, 0, 0)
29 (1, 4, 98, 57, 0, 39, 82, 58, 0, 0, 0, 113)
30 (1, 4, 25, 21, 35, 72, 87, 53, 0, 0, 0, 169)
31 (1, 4, 0, 21, 129, 72, 34, 67, 0, 0, 0, 228)
0 (1, 4, 42, 0, 0, 0, 0, 69, 0, 1, 0, 81)
1 (1, 4, 19, 0, 0, 0, 0, 59, 0, 0, 0, 114)
2 (1, 4, 87, 0, 0, 0, 0, 70, 0, 0, 0, 180)
3 (1, 4, 220, 0, 0, 0, 0, 89, 0, 0, 0, 233)
4 (1, 4, 268, 0, 0, 0, 0, 121, 0, 0, 0, 54)
5 (1, 4, 287, 0, 0, 0, 0, 173, 0, 0, 0, 173)
6 (1, 4, 165, 0, 0, 0, 24, 162, 0, 1, 0, 39)
7 (1, 4, 172, 0, 6, 0, 60, 133, 1, 1, 0, 22)
8 (1, 4, 1, 0, 134, 0, 81, 69, 2, 2, 0, 235)
9 (1, 4, 0, 0, 297, 0, 64, 15, 2, 2, 0, 4)
10 (1, 4, 6, 0, 411, 0, 39, 0, 2, 2, 0, 249)
11 (1, 4, 93, 0, 452, 0, 27, 0, 2, 2, 0, 133)
12 (1, 4, 111, 0, 539, 0, 29, 0, 2, 2, 0, 100)
13 (1, 4, 0, 100, 588, 0, 12, 0, 2, 2, 0, 118)
14 (1, 4, 0, 313, 856, 0, 22, 0, 2, 2, 0, 103)
15 (1, 4, 0, 714, 873, 0, 0, 0, 2, 2, 0, 55)
16 (1, 4, 790, 534, 446, 0, 0, 0, 2, 2, 0, 85)
17 (1, 4, 795, 377, 0, 0, 0, 28, 2, 2, 0, 103)
18 (1, 4, 778, 0, 0, 0, 47, 93, 2, 2, 0, 116)
19 (1, 4, 339, 0, 0, 0, 108, 64, 2, 2, 0, 101)
20 (1, 4, 338, 0, 0, 0, 82, 25, 2, 2, 0, 144)
21 (1, 4, 476, 0, 0, 0, 76, 2, 2, 2, 0, 219)
22 (1, 4, 568, 0, 0, 0, 52, 0, 2, 2, 0, 84)
23 (1, 4, 457, 0, 27, 0, 34, 0, 2, 2, 0, 11)
24 (1, 4, 404, 0, 199, 0, 7, 0, 2, 2, 0, 36)
25 (1, 4, 540, 0, 390, 0, 6, 0, 2, 2, 0, 12)
26 (1, 4, 493, 15, 568, 0, 23, 0, 2, 2, 0, 168)
27 (1, 4, 219, 422, 873, 0, 35, 0, 2, 2, 0, 175)
28 (1, 4, 0, 134, 873, 0, 0, 0, 2, 2, 0, 16)
29 (1, 4, 0, 430, 873, 0, 25, 0, 1, 2, 0, 31)
0 (1, 4, 248, 14, 0, 0, 135, 19, 0, 0, 0, 88)
1 (1, 4, 147, 32, 0, 0, 107, 35, 0, 0, 0, 193)
2 (1, 4, 215, 0, 0, 0, 141, 13, 0, 0, 0, 7)
3 (1, 4, 40, 52, 0, 12, 140, 35, 0, 0, 0, 229)
4 (1, 4, 60, 56, 0, 41, 131, 37, 0, 0, 0, 187)
5 (1, 4, 0, 84, 7, 64, 114, 52, 0, 0, 0, 17)
6 (1, 4, 2, 25, 120, 70, 69, 60, 0, 0, 0, 57)
7 (1, 4, 0, 83, 170, 67, 39, 56, 0, 0, 0, 209)
8 (1, 4, 0, 38, 154, 66, 16, 67, 0, 0, 0, 91)
9 (1, 4, 35, 58, 135, 66, 9, 65, 0, 0, 0, 11)
10 (1, 4, 33, 20, 112, 61, 1, 71, 0, 0, 0, 220)
11 (1, 4, 40, 10, 89, 69, 0, 68, 0, 0, 0, 61)
12 (1, 4, 50, 3, 91, 67, 1, 64, 0, 0, 0, 214)
13 (1, 4, 38, 0, 74, 69, 2, 59, 0, 0, 0, 79)
14 (1, 4, 71, 2, 90, 66, 0, 50, 0, 0, 0, 135)
15 (1, 4, 129, 0, 106, 52, 8, 47, 0, 0, 0, 8)
16 (1, 4, 0, 19, 164, 40, 19, 39, 0, 0, 0, 59)
17 (1, 4, 0, 0, 232, 41, 14, 29, 0, 0, 0, 123)
18 (1, 4, 0, 21, 328, 57, 0, 26, 0, 0, 0, 19)
19 (1, 4, 12, 57, 429, 41, 0, 35, 0, 0, 0, 126)
20 (1, 4, 0, 117, 491, 16, 0, 19, 0, 1, 0, 182)
21 (1, 4, 0, 167, 521, 0, 0, 70, 1, 1, 0, 173)
22 (1, 4, 0, 0, 465, 0, 0, 49, 1, 1, 0, 102)
23 (1, 4, 0, 62, 477, 0, 0, 37, 2, 2, 0, 158)
24 (1, 4, 0, 36, 512, 0, 0, 32, 2, 2, 0, 111)
25 (1, 4, 0, 25, 436, 0, 0, 17, 2, 2, 0, 116)
26 (1, 4, 0, 51, 375, 0, 0, 10, 2, 2, 0, 134)
27 (1, 4, 0, 0, 299, 0, 0, 13, 2, 2, 0, 136)
28 (1, 4, 79, 0, 302, 0, 0, 12, 2, 2, 0, 78)
29 (1, 4, 69, 0, 304, 0, 0, 13, 2, 2, 0, 79)
30 (1, 4, 202, 0, 273, 0, 0, 17, 2, 2, 0, 38)
31 (1, 4, 158, 0, 113, 0, 0, 5, 2, 2, 0, 137)
0 (1, 4, 87, 0, 0, 0, 0, 40, 1, 1, 0, 127)
1 (1, 4, 77, 0, 0, 0, 0, 50, 2, 1, 0, 213)
2 (1, 4, 179, 0, 0, 0, 0, 51, 1, 1, 0, 67)
3 (1, 4, 131, 0, 0, 0, 0, 75, 1, 1, 0, 185)
4 (1, 4, 140, 0, 0, 0, 0, 95, 2, 1, 0, 227)
5 (1, 4, 95, 0, 0, 0, 0, 118, 2, 1, 0, 25)
6 (1, 4, 0, 0, 0, 0, 37, 110, 1, 1, 0, 34)
7 (1, 4, 0, 0, 0, 0, 58, 92, 1, 1, 0, 197)
8 (1, 4, 0, 0, 0, 0, 85, 61, 1, 1, 0, 64)
9 (1, 4, 0, 0, 0, 0, 84, 20, 1, 1, 0, 173)
10 (1, 4, 131, 0, 127, 0, 45, 9, 1, 1, 0, 48)
11 (1, 4, 228, 0, 430, 21, 84, 0, 1, 1, 0, 99)
12 (1, 4, 19, 0, 506, 0, 0, 0, 1, 1, 0, 192)
13 (1, 4, 162, 0, 573, 0, 0, 0, 1, 1, 0, 244)
14 (1, 4, 0, 170, 648, 0, 0, 0, 1, 1, 0, 157)
15 (1, 4, 0, 391, 768, 0, 0, 0, 1, 1, 0, 118)
16 (1, 4, 501, 473, 650, 0, 0, 0, 1, 1, 0, 32)
17 (1, 4, 873, 319, 146, 0, 0, 0, 1, 1, 0, 23)
18 (1, 4, 873, 85, 0, 0, 38, 54, 1, 1, 0, 110)
19 (1, 4, 596, 0, 0, 0, 101, 62, 1, 1, 0, 251)
20 (1, 4, 353, 0, 0, 0, 158, 30, 2, 1, 0, 7)
21 (1, 4, 303, 0, 0, 0, 132, 0, 1, 1, 0, 63)
22 (1, 4, 284, 0, 0, 0, 96, 0, 1, 1, 0, 202)
23 (1, 4, 306, 0, 0, 0, 59, 0, 1, 1, 0, 140)
24 (1, 4, 318, 0, 97, 0, 50, 0, 1, 1, 0, 237)
25 (1, 4, 295, 0, 331, 0, 44, 0, 1, 1, 0, 22)
26 (1, 4, 222, 0, 461, 0, 27, 0, 1, 1, 0, 177)
27 (1, 4, 320, 0, 614, 0, 10, 0, 1, 1, 0, 1)
28 (1, 4, 76, 213, 719, 0, 33, 0, 1, 1, 0, 167)
29 (1, 4, 0, 145, 873, 0, 0, 0, 1, 1, 0, 104)
30 (1, 4, 0, 159, 873, 0, 0, 0, 1, 1, 0, 108)
31 (1, 4, 504, 0, 873, 0, 0, 0, 1, 1, 0, 116)
0 (1, 4, 484, 0, 0, 0, 165, 0, 0, 0, 0, 188)
1 (1, 4, 327, 0, 0, 0, 104, 0, 0, 0, 0, 9)
2 (1, 4, 247, 0, 0, 0, 115, 20, 0, 0, 0, 80)
3 (1, 4, 296, 0, 0, 0, 167, 0, 0, 0, 0, 154)
4 (1, 4, 0, 65, 0, 19, 146, 0, 0, 0, 0, 221)
5 (1, 4, 77, 87, 0, 3, 113, 21, 0, 0, 0, 226)
6 (1, 4, 143, 8, 0, 46, 157, 8, 0, 0, 0, 209)
7 (1, 4, 0, 96, 50, 59, 127, 29, 0, 0, 0, 254)
8 (1, 4, 0, 84, 146, 58, 81, 48, 0, 0, 0, 171)
9 (1, 4, 0, 59, 159, 65, 52, 54, 0, 0, 0, 126)
10 (1, 4, 2, 15, 150, 72, 33, 52, 0, 0, 0, 114)
11 (1, 4, 0, 49, 134, 78, 21, 49, 0, 0, 0, 53)
12 (1, 4, 60, 37, 119, 76, 9, 59, 0, 0, 0, 52)
13 (1, 4, 39, 26, 81, 85, 25, 51, 0, 0, 0, 84)
14 (1, 4, 0, 28, 85, 80, 14, 51, 0, 0, 0, 222)
15 (1, 4, 48, 19, 59, 85, 9, 49, 0, 0, 0, 50)
16 (1, 4, 36, 29, 38, 84, 12, 54, 0, 0, 0, 113)
17 (1, 4, 24, 26, 29, 81, 18, 55, 0, 0, 0, 115)
18 (1, 4, 0, 14, 21, 78, 18, 56, 0, 0, 0, 79)
19 (1, 4, 16, 0, 21, 75, 21, 58, 0, 0, 0, 25)
20 (1, 4, 0, 0, 28, 62, 24, 59, 0, 0, 0, 253)
21 (1, 4, 0, 0, 40, 57, 30, 57, 0, 0, 0, 215)
22 (1, 4, 26, 17, 128, 44, 35, 35, 0, 0, 0, 251)
23 (1, 4, 14, 49, 207, 36, 22, 39, 0, 1, 0, 183)
24 (1, 4, 0, 50, 215, 34, 8, 35, 1, 1, 0, 248)
25 (1, 4, 86, 77, 292, 41, 7, 33, 1, 1, 0, 128)
26 (1, 4, 94, 143, 424, 26, 22, 31, 2, 1, 0, 61)
27 (1, 4, 0, 272, 429, 3, 20, 11, 3, 3, 0, 14)
28 (1, 4, 0, 253, 564, 0, 0, 19, 3, 3, 0, 72)
29 (1, 4, 0, 62, 598, 0, 0, 23, 3, 3, 0, 77)
30 (1, 4, 0, 200, 535, 0, 0, 5, 3, 3, 0, 222)
31 (1, 4, 0, 0, 493, 0, 0, 18, 3, 2, 0, 187)
0 (1, 4, 43, 30, 763, 0, 5, 0, 1, 1, 0, 27)
1 (1, 4, 0, 69, 870, 0, 0, 0, 1, 1, 0, 8)
2 (1, 4, 170, 30, 873, 0, 0, 0, 1, 1, 0, 102)
3 (1, 4, 89, 668, 873, 0, 0, 0, 2, 1, 0, 200)
4 (1, 4, 873, 173, 529, 0, 0, 0, 1, 1, 0, 15)
5 (1, 4, 675, 486, 0, 0, 0, 0, 1, 1, 0, 161)
6 (1, 4, 873, 238, 0, 0, 21, 0, 1, 1, 0, 26)
7 (1, 4, 840, 0, 0, 0, 131, 6, 1, 1, 0, 251)
8 (1, 4, 401, 0, 0, 0, 105, 0, 2, 1, 0, 135)
9 (1, 4, 360, 0, 0, 0, 51, 0, 1, 1, 0, 72)
10 (1, 4, 522, 0, 0, 0, 45, 0, 1, 1, 0, 73)
11 (1, 4, 489, 0, 0, 0, 43, 0, 1, 1, 0, 23)
12 (1, 4, 395, 0, 21, 0, 34, 0, 1, 1, 0, 72)
13 (1, 4, 389, 0, 196, 1, 25, 0, 1, 1, 0, 32)
14 (1, 4, 384, 0, 282, 3, 18, 0, 1, 1, 0, 135)
15 (1, 4, 424, 0, 365, 5, 10, 0, 1, 1, 0, 169)
16 (1, 4, 337, 237, 404, 0, 27, 0, 1, 2, 0, 113)
17 (1, 4, 0, 182, 873, 0, 8, 0, 2, 2, 0, 114)
18 (1, 4, 0, 118, 873, 0, 0, 0, 1, 1, 0, 42)
19 (1, 4, 27, 274, 873, 0, 0, 0, 1, 1, 0, 214)
20 (1, 4, 822, 140, 725, 0, 0, 0, 1, 1, 0, 31)
21 (1, 4, 810, 710, 239, 0, 0, 0, 1, 1, 0, 143)
22 (1, 4, 873, 515, 179, 0, 197, 0, 1, 0, 0, 64)
23 (1, 4, 873, 48, 0, 0, 290, 0, 0, 0, 0, 7)
24 (1, 4, 576, 0, 0, 0, 268, 0, 0, 0, 0, 194)
25 (1, 4, 493, 0, 0, 0, 176, 0, 0, 0, 0, 221)
26 (1, 4, 297, 0, 0, 0, 143, 0, 0, 0, 0, 88)
27 (1, 4, 0, 0, 0, 0, 160, 0, 0, 0, 0, 71)
28 (1, 4, 212, 0, 0, 0, 209, 0, 0, 0, 0, 232)
29 (1, 4, 0, 96, 0, 0, 223, 0, 0, 0, 0, 61)
0 (1, 4, 16, 0, 0, 0, 0, 24, 2, 1, 0, 8)
1 (1, 4, 82, 0, 0, 0, 0, 39, 1, 1, 0, 176)
2 (1, 4, 30, 0, 0, 0, 0, 51, 1, 1, 0, 215)
3 (1, 4, 99, 0, 0, 0, 0, 59, 2, 1, 0, 115)
4 (1, 4, 111, 0, 0, 0, 0, 56, 1, 1, 0, 251)
5 (1, 4, 186, 0, 0, 0, 0, 54, 1, 1, 0, 151)
6 (1, 4, 173, 0, 0, 0, 0, 51, 2, 1, 0, 81)
7 (1, 4, 327, 0, 0, 0, 0, 69, 1, 1, 0, 57)
8 (1, 4, 447, 0, 0, 0, 18, 81, 1, 1, 0, 35)
9 (1, 4, 313, 0, 0, 0, 82, 45, 1, 1, 0, 160)
10 (1, 4, 20, 0, 45, 0, 69, 31, 1, 1, 0, 141)
11 (1, 4, 66, 0, 179, 0, 41, 12, 1, 1, 0, 3)
12 (1, 4, 0, 0, 314, 0, 51, 0, 1, 1, 0, 59)
13 (1, 4, 0, 0, 456, 0, 37, 0, 1, 1, 0, 11)
14 (1, 4, 12, 0, 668, 0, 49, 0, 1, 1, 0, 24)
15 (1, 4, 0, 0, 834, 0, 17, 0, 1, 1, 0, 184)
16 (1, 4, 0, 331, 873, 0, 0, 0, 1, 1, 0, 176)
17 (1, 4, 367, 446, 873, 0, 0, 0, 1, 1, 0, 232)
18 (1, 4, 873, 373, 522, 0, 0, 0, 1, 1, 0, 194)
19 (1, 4, 873, 166, 0, 0, 0, 48, 1, 1, 0, 71)
20 (1, 4, 808, 0, 0, 0, 91, 58, 1, 1, 0, 50)
21 (1, 4, 569, 0, 0, 0, 118, 0, 1, 1, 0, 169)
22 (1, 4, 402, 0, 0, 0, 103, 0, 1, 1, 0, 227)
23 (1, 4, 362, 0, 0, 0, 56, 0, 1, 1, 0, 30)
24 (1, 4, 472, 0, 0, 0, 35, 0, 1, 1, 0, 255)
25 (1, 4, 413, 0, 0, 0, 45, 0, 1, 1, 0, 144)
26 (1, 4, 250, 0, 126, 0, 37, 0, 1, 1, 0, 128)
27 (1, 4, 271, 0, 299, 0, 29, 0, 1, 1, 0, 85)
28 (1, 4, 291, 0, 491, 6, 39, 0, 1, 1, 0, 41)
29 (1, 4, 256, 293, 826, 0, 74, 0, 1, 1, 0, 225)
0 (1, 4, 664, 146, 0, 0, 361, 0, 1, 1, 0, 71)
1 (1, 4, 383, 0, 0, 0, 249, 0, 0, 0, 0, 150)
2 (1, 4, 559, 0, 0, 0, 148, 0, 0, 0, 0, 181)
3 (1, 4, 314, 0, 0, 0, 164, 0, 0, 0, 0, 237)
4 (1, 4, 330, 0, 0, 0, 219, 0, 0, 0, 0, 120)
5 (1, 4, 0, 0, 0, 0, 224, 0, 0, 0, 0, 93)
6 (1, 4, 0, 77, 0, 3, 147, 11, 0, 0, 0, 182)
7 (1, 4, 94, 49, 28, 27, 132, 37, 0, 0, 0, 58)
8 (1, 4, 0, 81, 165, 51, 92, 31, 0, 0, 0, 68)
9 (1, 4, 0, 76, 211, 61, 41, 48, 0, 0, 0, 24)
10 (1, 4, 0, 78, 208, 70, 14, 66, 0, 0, 0, 55)
11 (1, 4, 21, 31, 175, 71, 4, 69, 0, 0, 0, 170)
12 (1, 4, 0, 58, 148, 82, 0, 58, 0, 0, 0, 238)
13 (1, 4, 51, 52, 129, 77, 0, 63, 0, 0, 0, 146)
14 (1, 4, 70, 51, 78, 85, 0, 62, 0, 0, 0, 139)
15 (1, 4, 52, 58, 74, 82, 0, 71, 0, 0, 0, 62)
16 (1, 4, 26, 29, 56, 80, 0, 67, 0, 0, 0, 115)
17 (1, 4, 53, 29, 68, 77, 0, 64, 0, 0, 0, 124)
18 (1, 4, 38, 28, 61, 71, 2, 69, 0, 0, 0, 247)
19 (1, 4, 34, 29, 60, 70, 0, 69, 0, 0, 0, 3)
20 (1, 4, 64, 24, 63, 68, 5, 69, 0, 0, 0, 33)
21 (1, 4, 25, 40, 81, 63, 5, 72, 0, 0, 0, 15)
22 (1, 4, 29, 23, 82, 61, 3, 69, 0, 0, 0, 241)
23 (1, 4, 17, 38, 87, 66, 3, 66, 0, 0, 0, 24)
24 (1, 4, 49, 16, 82, 65, 0, 77, 0, 0, 0, 82)
25 (1, 4, 19, 14, 89, 67, 0, 82, 0, 0, 0, 255)
26 (1, 4, 0, 0, 41, 62, 0, 85, 0, 0, 0, 48)
27 (1, 4, 20, 0, 41, 55, 0, 79, 0, 0, 0, 143)
28 (1, 4, 15, 0, 73, 37, 0, 71, 0, 0, 0, 43)
29 (1, 4, 0, 0, 69, 33, 0, 58, 0, 0, 0, 152)
30 (1, 4, 0, 17, 128, 26, 0, 52, 0, 0, 0, 109)
31 (1, 4, 0, 7, 173, 39, 0, 42, 0, 0, 0, 67)

