0 (1, 4, 0, 45, 14, 0, 0, 78, 5, 1, 0, 72)
1 (1, 4, 0, 12, 0, 0, 0, 88, 4, 1, 0, 143)
2 (1, 4, 0, 31, 0, 0, 0, 85, 5, 1, 0, 20)
3 (1, 4, 0, 16, 0, 0, 0, 96, 5, 1, 0, 125)
4 (1, 4, 0, 11, 0, 0, 0, 95, 5, 1, 0, 252)
5 (1, 4, 0, 0, 0, 0, 0, 106, 5, 1, 0, 79)
6 (1, 4, 20, 4, 0, 25, 0, 124, 5, 1, 0, 66)
7 (1, 4, 70, 0, 0, 50, 0, 135, 5, 1, 0, 236)
8 (1, 4, 123, 0, 0, 99, 0, 114, 6, 1, 0, 1)
9 (1, 4, 198, 0, 0, 163, 0, 76, 6, 1, 0, 89)
10 (1, 4, 133, 0, 0, 148, 0, 25, 6, 1, 0, 189)
11 (1, 4, 0, 50, 83, 0, 76, 4, 5, 1, 0, 68)
12 (1, 4, 57, 404, 521, 0, 73, 27, 7, 1, 0, 85)
13 (1, 4, 0, 128, 337, 0, 0, 103, 5, 1, 0, 67)
14 (1, 4, 217, 0, 0, 0, 77, 38, 4, 1, 0, 180)
15 (1, 4, 0, 53, 0, 0, 61, 62, 6, 1, 0, 21)
16 (1, 4, 0, 17, 0, 0, 0, 63, 5, 1, 0, 167)
17 (1, 4, 0, 0, 0, 0, 0, 56, 3, 0, 0, 64)
18 (1, 4, 110, 0, 0, 0, 2, 33, 5, 1, 0, 110)
19 (1, 4, 0, 70, 0, 87, 61, 100, 5, 1, 0, 241)
20 (1, 4, 0, 171, 160, 181, 9, 162, 5, 1, 0, 165)
21 (1, 4, 0, 0, 360, 61, 0, 188, 5, 1, 0, 254)
22 (1, 4, 26, 0, 268, 11, 0, 102, 6, 1, 0, 156)
23 (1, 4, 51, 0, 89, 20, 0, 51, 5, 1, 0, 254)
24 (1, 4, 0, 0, 21, 15, 0, 49, 5, 1, 0, 69)
25 (1, 4, 0, 0, 28, 13, 0, 66, 6, 1, 0, 164)
26 (1, 4, 0, 0, 52, 8, 0, 77, 5, 1, 0, 218)
27 (1, 4, 0, 0, 9, 10, 0, 78, 5, 1, 0, 117)
28 (1, 4, 0, 0, 0, 16, 0, 82, 5, 1, 0, 32)
29 (1, 4, 0, 32, 0, 9, 0, 87, 5, 1, 0, 88)
30 (1, 4, 6, 26, 0, 1, 0, 88, 5, 1, 0, 0)
31 (1, 4, 0, 9, 0, 1, 0, 83, 5, 1, 0, 17)
0 (1, 4, 81, 0, 7, 87, 37, 27, 5, 1, 0, 205)
1 (1, 4, 0, 150, 283, 0, 105, 0, 4, 0, 0, 172)
2 (1, 4, 153, 266, 628, 0, 0, 150, 5, 1, 0, 67)
3 (1, 4, 55, 0, 0, 0, 0, 144, 6, 1, 0, 10)
4 (1, 4, 0, 0, 0, 0, 68, 68, 4, 1, 0, 83)
5 (1, 4, 0, 0, 0, 0, 4, 80, 4, 1, 0, 239)
6 (1, 4, 0, 0, 0, 0, 0, 56, 6, 1, 0, 198)
7 (1, 4, 26, 0, 0, 0, 0, 28, 4, 0, 0, 49)
8 (1, 4, 0, 7, 0, 0, 41, 12, 4, 0, 0, 217)
9 (1, 4, 0, 133, 81, 98, 24, 114, 5, 1, 0, 78)
10 (1, 4, 0, 245, 266, 104, 0, 170, 5, 1, 0, 196)
11 (1, 4, 0, 9, 200, 56, 0, 187, 4, 1, 0, 184)
12 (1, 4, 47, 0, 96, 37, 0, 137, 5, 1, 0, 85)
13 (1, 4, 0, 0, 0, 0, 0, 80, 5, 1, 0, 110)
14 (1, 4, 0, 0, 0, 0, 0, 43, 5, 1, 0, 213)
15 (1, 4, 0, 0, 0, 0, 0, 69, 5, 1, 0, 23)
16 (1, 4, 0, 4, 0, 0, 0, 73, 5, 1, 0, 82)
17 (1, 4, 0, 0, 0, 0, 0, 77, 5, 1, 0, 253)
18 (1, 4, 0, 0, 0, 8, 0, 70, 5, 1, 0, 137)
19 (1, 4, 0, 44, 14, 0, 0, 88, 5, 1, 0, 226)
20 (1, 4, 0, 34, 0, 0, 0, 85, 5, 1, 0, 107)
21 (1, 4, 0, 56, 0, 0, 0, 84, 5, 1, 0, 11)
22 (1, 4, 58, 0, 0, 0, 0, 72, 5, 1, 0, 28)
23 (1, 4, 4, 38, 0, 0, 0, 67, 5, 1, 0, 150)
24 (1, 4, 25, 8, 0, 0, 0, 61, 5, 1, 0, 231)
25 (1, 4, 0, 138, 0, 0, 0, 78, 5, 1, 0, 68)
26 (1, 4, 26, 0, 0, 0, 0, 71, 5, 1, 0, 34)
27 (1, 4, 0, 29, 0, 0, 0, 71, 5, 1, 0, 19)
28 (1, 4, 0, 22, 8, 0, 0, 76, 5, 1, 0, 72)
29 (1, 4, 0, 87, 0, 0, 0, 51, 5, 1, 0, 12)
30 (1, 4, 0, 48, 0, 0, 0, 76, 5, 1, 0, 129)
31 (1, 4, 76, 0, 20, 0, 0, 61, 5, 1, 0, 42)
0 (1, 4, 81, 0, 0, 45, 0, 101, 5, 1, 0, 163)
1 (1, 4, 158, 0, 0, 90, 0, 105, 5, 1, 0, 108)
2 (1, 4, 188, 0, 0, 114, 0, 119, 6, 1, 0, 245)
3 (1, 4, 132, 0, 55, 93, 14, 76, 5, 1, 0, 2)
4 (1, 4, 0, 0, 178, 0, 69, 20, 4, 0, 0, 136)
5 (1, 4, 117, 375, 432, 0, 48, 44, 5, 0, 0, 87)
6 (1, 4, 0, 216, 155, 0, 0, 106, 5, 1, 0, 150)
7 (1, 4, 263, 0, 0, 0, 25, 82, 4, 1, 0, 160)
8 (1, 4, 0, 2, 0, 0, 31, 65, 5, 1, 0, 35)
9 (1, 4, 0, 0, 0, 0, 5, 82, 5, 1, 0, 77)
10 (1, 4, 0, 0, 0, 0, 18, 63, 4, 1, 0, 102)
11 (1, 4, 0, 0, 0, 0, 4, 52, 5, 0, 0, 119)
12 (1, 4, 0, 0, 0, 0, 0, 60, 5, 1, 0, 21)
13 (1, 4, 0, 74, 0, 96, 0, 57, 4, 1, 0, 188)
14 (1, 4, 0, 134, 0, 158, 0, 119, 4, 1, 0, 232)
15 (1, 4, 0, 62, 159, 80, 0, 144, 5, 1, 0, 243)
16 (1, 4, 0, 0, 94, 7, 0, 161, 5, 1, 0, 24)
17 (1, 4, 75, 0, 78, 24, 0, 81, 5, 1, 0, 99)
18 (1, 4, 26, 0, 46, 3, 0, 66, 5, 1, 0, 154)
19 (1, 4, 0, 0, 0, 0, 0, 70, 5, 1, 0, 113)
20 (1, 4, 1, 0, 29, 0, 0, 81, 5, 1, 0, 182)
21 (1, 4, 0, 0, 49, 0, 0, 88, 5, 1, 0, 145)
22 (1, 4, 0, 0, 17, 0, 0, 83, 5, 1, 0, 227)
23 (1, 4, 0, 0, 0, 0, 0, 88, 5, 1, 0, 132)
24 (1, 4, 0, 0, 0, 1, 0, 99, 5, 1, 0, 101)
25 (1, 4, 51, 0, 27, 0, 0, 95, 5, 1, 0, 218)
26 (1, 4, 20, 0, 0, 0, 0, 79, 5, 1, 0, 156)
27 (1, 4, 21, 0, 0, 0, 0, 72, 5, 1, 0, 129)
28 (1, 4, 21, 11, 0, 0, 0, 64, 5, 1, 0, 0)
29 (1, 4, 0, 59, 0, 0, 0, 72, 5, 1, 0, 159)
0 (1, 4, 0, 6, 213, 0, 34, 21, 5, 1, 0, 118)
1 (1, 4, 242, 245, 493, 0, 84, 105, 5, 1, 0, 99)
2 (1, 4, 0, 236, 94, 0, 0, 74, 4, 1, 0, 236)
3 (1, 4, 161, 0, 0, 0, 95, 65, 5, 1, 0, 136)
4 (1, 4, 43, 46, 50, 0, 22, 72, 5, 1, 0, 14)
5 (1, 4, 0, 22, 0, 0, 8, 92, 4, 0, 0, 239)
6 (1, 4, 0, 0, 0, 0, 0, 69, 4, 0, 0, 30)
7 (1, 4, 0, 0, 0, 0, 2, 64, 5, 1, 0, 79)
8 (1, 4, 9, 0, 0, 0, 11, 69, 4, 1, 0, 65)
9 (1, 4, 0, 0, 0, 0, 4, 70, 4, 1, 0, 240)
10 (1, 4, 0, 61, 0, 77, 0, 103, 5, 1, 0, 62)
11 (1, 4, 0, 64, 32, 145, 0, 72, 4, 1, 0, 13)
12 (1, 4, 0, 80, 147, 83, 0, 129, 4, 1, 0, 27)
13 (1, 4, 0, 96, 160, 47, 0, 118, 5, 1, 0, 1)
14 (1, 4, 17, 0, 88, 8, 0, 105, 4, 1, 0, 101)
15 (1, 4, 0, 0, 25, 0, 0, 83, 4, 1, 0, 61)
16 (1, 4, 0, 17, 43, 0, 0, 84, 5, 1, 0, 54)
17 (1, 4, 0, 0, 61, 0, 0, 82, 5, 1, 0, 32)
18 (1, 4, 0, 0, 41, 0, 0, 93, 4, 1, 0, 154)
19 (1, 4, 0, 0, 0, 4, 0, 80, 5, 1, 0, 18)
20 (1, 4, 21, 0, 0, 0, 0, 85, 5, 1, 0, 18)
21 (1, 4, 17, 18, 0, 0, 0, 86, 4, 1, 0, 34)
22 (1, 4, 25, 7, 0, 0, 0, 85, 5, 1, 0, 88)
23 (1, 4, 21, 33, 0, 0, 0, 72, 5, 1, 0, 246)
24 (1, 4, 35, 48, 9, 0, 0, 78, 4, 1, 0, 167)
25 (1, 4, 15, 53, 4, 0, 0, 84, 4, 1, 0, 177)
26 (1, 4, 14, 35, 0, 0, 0, 90, 5, 1, 0, 115)
27 (1, 4, 0, 28, 0, 0, 0, 88, 4, 1, 0, 238)
28 (1, 4, 28, 0, 0, 0, 0, 90, 4, 1, 0, 247)
29 (1, 4, 32, 0, 4, 0, 0, 73, 5, 1, 0, 17)
0 (1, 4, 152, 21, 0, 14, 0, 102, 5, 1, 0, 225)
1 (1, 4, 204, 0, 0, 66, 0, 98, 5, 1, 0, 154)
2 (1, 4, 120, 0, 0, 74, 0, 106, 5, 1, 0, 130)
3 (1, 4, 95, 0, 107, 50, 7, 118, 5, 1, 0, 122)
4 (1, 4, 66, 0, 198, 0, 29, 90, 6, 0, 0, 192)
5 (1, 4, 320, 125, 437, 0, 80, 106, 4, 1, 0, 34)
6 (1, 4, 0, 199, 350, 0, 0, 83, 4, 0, 0, 149)
7 (1, 4, 0, 69, 0, 0, 0, 132, 5, 1, 0, 235)
8 (1, 4, 132, 0, 41, 0, 55, 29, 4, 0, 0, 121)
9 (1, 4, 0, 10, 0, 0, 0, 62, 3, 1, 0, 57)
10 (1, 4, 4, 0, 0, 0, 0, 47, 5, 1, 0, 152)
11 (1, 4, 0, 0, 0, 0, 0, 55, 4, 0, 0, 144)
12 (1, 4, 0, 0, 0, 0, 0, 60, 3, 0, 0, 53)
13 (1, 4, 0, 12, 0, 0, 0, 63, 4, 0, 0, 19)
14 (1, 4, 0, 85, 0, 24, 0, 79, 5, 1, 0, 198)
15 (1, 4, 0, 250, 1, 94, 0, 177, 4, 1, 0, 78)
16 (1, 4, 0, 54, 114, 87, 0, 128, 4, 1, 0, 46)
17 (1, 4, 0, 76, 157, 29, 0, 140, 4, 1, 0, 241)
18 (1, 4, 45, 0, 13, 0, 0, 121, 5, 1, 0, 13)
19 (1, 4, 42, 0, 0, 0, 0, 74, 4, 1, 0, 39)
20 (1, 4, 0, 0, 0, 0, 0, 69, 4, 1, 0, 117)
21 (1, 4, 0, 0, 121, 0, 0, 77, 5, 0, 0, 196)
22 (1, 4, 0, 0, 60, 0, 0, 78, 4, 1, 0, 154)
23 (1, 4, 4, 0, 24, 0, 0, 73, 4, 1, 0, 17)
24 (1, 4, 0, 24, 0, 0, 0, 70, 5, 1, 0, 163)
25 (1, 4, 23, 0, 0, 0, 0, 81, 4, 1, 0, 25)
26 (1, 4, 0, 0, 0, 0, 0, 82, 4, 1, 0, 181)
27 (1, 4, 0, 6, 0, 0, 0, 89, 5, 1, 0, 236)
28 (1, 4, 9, 0, 0, 0, 0, 83, 5, 1, 0, 118)
29 (1, 4, 7, 0, 11, 0, 0, 80, 4, 1, 0, 33)
0 (1, 4, 189, 8, 0, 87, 0, 105, 5, 1, 0, 145)
1 (1, 4, 133, 0, 65, 92, 0, 100, 4, 1, 0, 225)
2 (1, 4, 80, 0, 170, 50, 36, 52, 5, 1, 0, 196)
3 (1, 4, 0, 115, 214, 0, 43, 42, 4, 0, 0, 184)
4 (1, 4, 131, 110, 381, 0, 63, 70, 3, 1, 0, 8)
5 (1, 4, 0, 143, 75, 0, 0, 73, 5, 1, 0, 196)
6 (1, 4, 68, 0, 0, 0, 26, 97, 5, 1, 0, 196)
7 (1, 4, 0, 0, 0, 0, 0, 70, 4, 1, 0, 19)
8 (1, 4, 25, 0, 0, 0, 7, 47, 5, 1, 0, 86)
9 (1, 4, 0, 0, 0, 0, 0, 45, 5, 1, 0, 25)
10 (1, 4, 0, 0, 0, 0, 9, 44, 4, 0, 0, 119)
11 (1, 4, 0, 35, 0, 0, 0, 103, 4, 1, 0, 119)
12 (1, 4, 0, 85, 0, 182, 0, 94, 4, 1, 0, 86)
13 (1, 4, 0, 105, 129, 93, 56, 164, 4, 1, 0, 22)
14 (1, 4, 0, 62, 283, 0, 0, 128, 4, 1, 0, 146)
15 (1, 4, 0, 0, 45, 7, 0, 85, 5, 1, 0, 17)
16 (1, 4, 21, 0, 46, 17, 0, 60, 4, 1, 0, 122)
17 (1, 4, 32, 0, 59, 0, 0, 73, 4, 1, 0, 171)
18 (1, 4, 37, 0, 43, 0, 0, 89, 4, 0, 0, 90)
19 (1, 4, 12, 0, 46, 0, 0, 88, 4, 0, 0, 246)
20 (1, 4, 18, 0, 67, 0, 0, 91, 4, 0, 0, 87)
21 (1, 4, 0, 0, 77, 0, 0, 96, 4, 0, 0, 152)
22 (1, 4, 0, 0, 90, 0, 0, 81, 4, 0, 0, 175)
23 (1, 4, 0, 0, 69, 0, 0, 83, 4, 0, 0, 48)
24 (1, 4, 0, 0, 44, 1, 0, 80, 4, 0, 0, 100)
25 (1, 4, 0, 12, 22, 0, 0, 84, 4, 0, 0, 117)
26 (1, 4, 0, 23, 0, 0, 0, 81, 4, 0, 0, 219)
27 (1, 4, 0, 26, 0, 0, 0, 87, 4, 0, 0, 203)
28 (1, 4, 0, 44, 0, 0, 0, 86, 4, 0, 0, 0)
29 (1, 4, 34, 6, 0, 0, 0, 94, 4, 0, 0, 45)
30 (1, 4, 78, 0, 0, 0, 0, 86, 4, 0, 0, 118)
31 (1, 4, 85, 9, 21, 0, 0, 78, 4, 0, 0, 126)
0 (1, 4, 4, 12, 0, 0, 0, 85, 4, 0, 0, 156)
1 (1, 4, 0, 25, 0, 0, 0, 90, 4, 0, 0, 83)
2 (1, 4, 0, 19, 0, 0, 0, 103, 5, 0, 0, 221)
3 (1, 4, 0, 0, 0, 9, 0, 108, 4, 0, 0, 109)
4 (1, 4, 46, 0, 0, 30, 0, 116, 5, 1, 0, 100)
5 (1, 4, 83, 0, 0, 68, 0, 105, 5, 1, 0, 251)
6 (1, 4, 270, 0, 0, 89, 0, 117, 5, 1, 0, 246)
7 (1, 4, 156, 0, 0, 60, 0, 120, 5, 1, 0, 2)
8 (1, 4, 48, 0, 93, 0, 27, 94, 4, 1, 0, 48)
9 (1, 4, 16, 36, 304, 0, 78, 33, 5, 0, 0, 3)
10 (1, 4, 0, 165, 455, 0, 23, 61, 4, 0, 0, 48)
11 (1, 4, 0, 80, 0, 0, 0, 126, 4, 1, 0, 105)
12 (1, 4, 89, 0, 61, 0, 51, 18, 5, 0, 0, 26)
13 (1, 4, 0, 211, 22, 0, 0, 82, 5, 1, 0, 226)
14 (1, 4, 0, 0, 0, 0, 0, 67, 3, 1, 0, 144)
15 (1, 4, 51, 0, 0, 0, 24, 31, 4, 1, 0, 193)
16 (1, 4, 0, 23, 0, 0, 0, 59, 5, 1, 0, 101)
17 (1, 4, 60, 50, 0, 61, 3, 93, 4, 1, 0, 227)
18 (1, 4, 0, 224, 0, 144, 10, 157, 4, 1, 0, 170)
19 (1, 4, 0, 132, 131, 37, 0, 165, 5, 1, 0, 98)
20 (1, 4, 0, 33, 180, 21, 0, 99, 4, 1, 0, 213)
21 (1, 4, 0, 0, 72, 0, 0, 106, 5, 1, 0, 8)
22 (1, 4, 22, 0, 59, 0, 0, 73, 5, 1, 0, 202)
23 (1, 4, 29, 0, 49, 0, 0, 67, 5, 1, 0, 104)
24 (1, 4, 7, 0, 48, 0, 0, 71, 4, 1, 0, 103)
25 (1, 4, 0, 0, 38, 0, 0, 71, 5, 1, 0, 33)
26 (1, 4, 0, 13, 30, 0, 0, 74, 5, 1, 0, 128)
27 (1, 4, 0, 36, 22, 0, 0, 77, 4, 1, 0, 137)
28 (1, 4, 0, 48, 0, 0, 0, 94, 5, 1, 0, 235)
29 (1, 4, 10, 17, 0, 0, 0, 88, 5, 1, 0, 60)
30 (1, 4, 26, 15, 0, 0, 0, 78, 4, 1, 0, 196)
31 (1, 4, 31, 8, 0, 0, 0, 69, 5, 1, 0, 30)
0 (1, 4, 0, 0, 20, 0, 0, 67, 4, 0, 0, 243)
1 (1, 4, 1, 0, 53, 0, 0, 70, 4, 0, 0, 61)
2 (1, 4, 32, 15, 90, 0, 0, 62, 3, 0, 0, 237)
3 (1, 4, 28, 0, 83, 0, 0, 67, 4, 0, 0, 69)
4 (1, 4, 0, 49, 85, 0, 0, 68, 4, 1, 0, 242)
5 (1, 4, 53, 0, 56, 0, 0, 75, 4, 1, 0, 127)
6 (1, 4, 7, 92, 47, 0, 0, 72, 4, 1, 0, 51)
7 (1, 4, 58, 97, 21, 5, 0, 89, 5, 1, 0, 50)
8 (1, 4, 118, 85, 0, 2, 0, 117, 5, 1, 0, 92)
9 (1, 4, 154, 0, 0, 11, 0, 115, 5, 1, 0, 233)
10 (1, 4, 291, 0, 0, 13, 0, 118, 5, 1, 0, 79)
11 (1, 4, 453, 0, 0, 56, 0, 133, 4, 1, 0, 244)
12 (1, 4, 298, 0, 0, 122, 0, 93, 5, 1, 0, 138)
13 (1, 4, 160, 0, 27, 4, 122, 0, 5, 1, 0, 143)
14 (1, 4, 80, 388, 355, 0, 129, 46, 4, 1, 0, 228)
15 (1, 4, 0, 91, 318, 0, 6, 70, 4, 1, 0, 154)
16 (1, 4, 0, 0, 0, 0, 33, 76, 5, 1, 0, 86)
17 (1, 4, 50, 0, 0, 0, 58, 56, 4, 1, 0, 130)
18 (1, 4, 14, 0, 0, 0, 27, 65, 4, 1, 0, 155)
19 (1, 4, 0, 0, 0, 0, 27, 65, 5, 1, 0, 173)
20 (1, 4, 0, 34, 0, 0, 0, 72, 5, 1, 0, 248)
21 (1, 4, 0, 41, 0, 0, 0, 91, 4, 1, 0, 68)
22 (1, 4, 0, 78, 53, 79, 0, 103, 4, 1, 0, 209)
23 (1, 4, 0, 0, 267, 100, 0, 118, 4, 1, 0, 123)
24 (1, 4, 0, 0, 362, 40, 0, 145, 4, 1, 0, 198)
25 (1, 4, 0, 0, 232, 35, 0, 91, 4, 1, 0, 0)
26 (1, 4, 17, 0, 140, 42, 0, 45, 4, 1, 0, 169)
27 (1, 4, 6, 0, 73, 17, 0, 48, 4, 1, 0, 247)
28 (1, 4, 0, 0, 65, 6, 0, 67, 5, 1, 0, 246)
29 (1, 4, 0, 0, 38, 5, 0, 79, 5, 1, 0, 168)
30 (1, 4, 0, 0, 44, 14, 0, 78, 4, 1, 0, 95)
31 (1, 4, 0, 0, 51, 16, 0, 61, 5, 1, 0, 7)
0 (1, 4, 15, 0, 53, 16, 0, 29, 4, 1, 0, 239)
1 (1, 4, 0, 3, 35, 12, 0, 39, 4, 1, 0, 49)
2 (1, 4, 0, 49, 0, 19, 0, 39, 4, 1, 0, 232)
3 (1, 4, 68, 0, 0, 20, 0, 38, 4, 1, 0, 205)
4 (1, 4, 0, 2, 0, 30, 0, 25, 4, 1, 0, 92)
5 (1, 4, 55, 0, 0, 36, 0, 32, 4, 1, 0, 163)
6 (1, 4, 4, 25, 0, 51, 0, 27, 4, 1, 0, 165)
7 (1, 4, 73, 48, 0, 67, 0, 41, 4, 1, 0, 174)
8 (1, 4, 177, 29, 8, 71, 0, 45, 4, 1, 0, 206)
9 (1, 4, 391, 90, 99, 106, 0, 12, 5, 1, 0, 34)
10 (1, 4, 224, 289, 104, 52, 0, 42, 5, 1, 0, 24)
11 (1, 4, 231, 162, 0, 56, 0, 47, 5, 1, 0, 153)
12 (1, 4, 313, 111, 0, 73, 0, 75, 5, 1, 0, 168)
13 (1, 4, 319, 0, 0, 81, 0, 126, 5, 1, 0, 171)
14 (1, 4, 264, 0, 128, 23, 63, 46, 4, 0, 0, 126)
15 (1, 4, 123, 264, 289, 0, 70, 66, 4, 1, 0, 192)
16 (1, 4, 0, 86, 50, 0, 0, 27, 5, 1, 0, 92)
17 (1, 4, 358, 0, 29, 0, 102, 96, 5, 1, 0, 123)
18 (1, 4, 0, 0, 0, 0, 36, 82, 4, 1, 0, 91)
19 (1, 4, 33, 0, 0, 0, 53, 75, 5, 1, 0, 234)
20 (1, 4, 0, 0, 0, 0, 23, 89, 5, 1, 0, 182)
21 (1, 4, 0, 0, 0, 0, 7, 79, 4, 1, 0, 78)
22 (1, 4, 102, 0, 0, 0, 0, 40, 4, 1, 0, 187)
23 (1, 4, 37, 0, 0, 2, 35, 85, 5, 1, 0, 141)
24 (1, 4, 0, 0, 0, 69, 46, 71, 4, 1, 0, 167)
25 (1, 4, 0, 0, 3, 67, 53, 84, 4, 1, 0, 36)
26 (1, 4, 0, 0, 314, 45, 4, 75, 5, 1, 0, 239)
27 (1, 4, 0, 0, 381, 0, 0, 96, 5, 1, 0, 77)
28 (1, 4, 0, 0, 282, 19, 0, 89, 4, 1, 0, 94)
29 (1, 4, 0, 0, 180, 42, 0, 72, 4, 1, 0, 52)
30 (1, 4, 0, 0, 106, 49, 0, 42, 4, 1, 0, 255)
31 (1, 4, 0, 0, 51, 40, 0, 34, 4, 1, 0, 169)
0 (1, 4, 66, 41, 0, 44, 0, 93, 5, 1, 0, 18)
1 (1, 4, 81, 77, 0, 47, 0, 91, 5, 1, 0, 150)
2 (1, 4, 83, 3, 0, 53, 0, 92, 5, 1, 0, 47)
3 (1, 4, 111, 5, 0, 104, 0, 89, 4, 1, 0, 134)
4 (1, 4, 176, 0, 0, 126, 0, 89, 5, 1, 0, 24)
5 (1, 4, 198, 0, 85, 97, 30, 52, 5, 1, 0, 127)
6 (1, 4, 87, 36, 251, 0, 129, 0, 3, 1, 0, 41)
7 (1, 4, 362, 569, 632, 0, 40, 162, 4, 1, 0, 240)
8 (1, 4, 0, 0, 0, 0, 0, 78, 5, 1, 0, 155)
9 (1, 4, 38, 39, 0, 0, 221, 30, 4, 1, 0, 188)
10 (1, 4, 0, 67, 0, 0, 0, 79, 5, 1, 0, 31)
11 (1, 4, 0, 6, 0, 0, 0, 52, 5, 1, 0, 72)
12 (1, 4, 0, 0, 0, 0, 5, 25, 4, 1, 0, 230)
13 (1, 4, 0, 132, 0, 0, 6, 91, 4, 1, 0, 74)
14 (1, 4, 0, 0, 0, 116, 77, 148, 4, 0, 0, 43)
15 (1, 4, 0, 0, 42, 106, 22, 271, 4, 1, 0, 73)
16 (1, 4, 4, 0, 307, 68, 0, 123, 4, 1, 0, 215)
17 (1, 4, 54, 0, 94, 42, 0, 53, 4, 1, 0, 39)
18 (1, 4, 0, 0, 0, 48, 0, 29, 4, 1, 0, 23)
19 (1, 4, 0, 0, 0, 51, 0, 29, 4, 1, 0, 54)
20 (1, 4, 0, 61, 0, 44, 0, 48, 4, 1, 0, 250)
21 (1, 4, 10, 0, 0, 37, 0, 69, 4, 1, 0, 147)
22 (1, 4, 0, 18, 0, 45, 0, 44, 4, 1, 0, 218)
23 (1, 4, 106, 8, 0, 45, 0, 57, 4, 1, 0, 62)
24 (1, 4, 0, 39, 0, 40, 0, 75, 4, 1, 0, 130)
25 (1, 4, 73, 0, 0, 40, 0, 85, 4, 1, 0, 64)
26 (1, 4, 0, 8, 0, 45, 0, 61, 4, 1, 0, 105)
27 (1, 4, 0, 42, 0, 34, 0, 75, 4, 1, 0, 152)
28 (1, 4, 0, 61, 0, 46, 0, 56, 4, 1, 0, 46)
29 (1, 4, 7, 60, 16, 37, 0, 58, 4, 1, 0, 174)
30 (1, 4, 70, 35, 26, 21, 0, 57, 4, 1, 0, 18)
31 (1, 4, 0, 0, 3, 31, 0, 57, 5, 1, 0, 86)
0 (1, 4, 108, 69, 0, 67, 0, 78, 5, 1, 0, 133)
1 (1, 4, 211, 150, 0, 65, 0, 90, 4, 1, 0, 44)
2 (1, 4, 300, 31, 0, 94, 0, 90, 4, 1, 0, 154)
3 (1, 4, 249, 0, 0, 101, 0, 87, 5, 1, 0, 231)
4 (1, 4, 258, 0, 0, 69, 36, 44, 4, 1, 0, 226)
5 (1, 4, 25, 40, 214, 0, 64, 82, 4, 1, 0, 68)
6 (1, 4, 0, 237, 435, 0, 64, 12, 6, 1, 0, 209)
7 (1, 4, 135, 192, 490, 0, 0, 131, 4, 1, 0, 241)
8 (1, 4, 105, 0, 0, 0, 0, 153, 4, 1, 0, 198)
9 (1, 4, 5, 0, 0, 0, 122, 64, 5, 1, 0, 42)
10 (1, 4, 0, 6, 0, 0, 0, 113, 4, 1, 0, 197)
11 (1, 4, 0, 0, 0, 0, 0, 85, 3, 1, 0, 143)
12 (1, 4, 0, 0, 0, 0, 0, 52, 5, 1, 0, 255)
13 (1, 4, 0, 16, 0, 0, 0, 45, 4, 1, 0, 26)
14 (1, 4, 0, 34, 0, 61, 14, 55, 3, 1, 0, 40)
15 (1, 4, 0, 106, 64, 101, 16, 104, 4, 1, 0, 42)
16 (1, 4, 0, 45, 285, 26, 0, 154, 4, 1, 0, 235)
17 (1, 4, 0, 0, 226, 40, 0, 99, 4, 1, 0, 210)
18 (1, 4, 14, 0, 220, 30, 0, 88, 4, 1, 0, 104)
19 (1, 4, 0, 0, 150, 9, 0, 73, 4, 1, 0, 242)
20 (1, 4, 0, 0, 144, 0, 0, 73, 4, 1, 0, 100)
21 (1, 4, 0, 0, 68, 0, 0, 65, 4, 1, 0, 165)
22 (1, 4, 0, 0, 83, 7, 0, 64, 4, 1, 0, 189)
23 (1, 4, 0, 0, 63, 11, 0, 59, 4, 1, 0, 101)
24 (1, 4, 0, 0, 52, 5, 0, 64, 4, 1, 0, 99)
25 (1, 4, 20, 16, 34, 0, 0, 74, 4, 1, 0, 228)
26 (1, 4, 5, 37, 1, 0, 0, 77, 4, 1, 0, 144)
27 (1, 4, 0, 35, 0, 0, 0, 59, 4, 1, 0, 126)
28 (1, 4, 43, 24, 0, 0, 0, 51, 4, 1, 0, 249)
29 (1, 4, 77, 52, 5, 0, 0, 46, 4, 1, 0, 97)
30 (1, 4, 284, 10, 44, 0, 0, 68, 4, 1, 0, 194)
31 (1, 4, 0, 16, 26, 0, 0, 64, 4, 1, 0, 82)
0 (1, 4, 47, 0, 22, 0, 39, 86, 5, 1, 0, 84)
1 (1, 4, 8, 3, 0, 0, 27, 98, 5, 1, 0, 194)
2 (1, 4, 0, 0, 0, 0, 0, 89, 4, 1, 0, 57)
3 (1, 4, 35, 0, 0, 0, 12, 90, 5, 1, 0, 202)
4 (1, 4, 0, 78, 0, 0, 0, 35, 5, 1, 0, 184)
5 (1, 4, 147, 0, 0, 0, 5, 46, 4, 1, 0, 96)
6 (1, 4, 0, 78, 0, 0, 32, 71, 4, 1, 0, 70)
7 (1, 4, 0, 52, 0, 73, 35, 125, 5, 1, 0, 66)
8 (1, 4, 0, 0, 269, 78, 10, 116, 4, 1, 0, 175)
9 (1, 4, 0, 0, 361, 12, 0, 153, 4, 1, 0, 2)
10 (1, 4, 0, 0, 210, 0, 0, 102, 4, 1, 0, 232)
11 (1, 4, 26, 0, 122, 12, 0, 45, 4, 1, 0, 154)
12 (1, 4, 0, 0, 62, 2, 0, 47, 4, 1, 0, 176)
13 (1, 4, 0, 0, 90, 0, 0, 62, 4, 1, 0, 217)
14 (1, 4, 0, 0, 89, 0, 0, 69, 4, 1, 0, 217)
15 (1, 4, 0, 0, 101, 0, 0, 65, 4, 1, 0, 207)
16 (1, 4, 0, 0, 60, 1, 0, 68, 4, 1, 0, 214)
17 (1, 4, 0, 0, 64, 6, 0, 75, 4, 1, 0, 234)
18 (1, 4, 0, 6, 15, 1, 0, 79, 4, 1, 0, 215)
19 (1, 4, 60, 7, 20, 0, 0, 78, 4, 1, 0, 181)
20 (1, 4, 0, 14, 0, 0, 0, 77, 4, 1, 0, 155)
21 (1, 4, 18, 10, 0, 0, 0, 64, 4, 1, 0, 253)
22 (1, 4, 25, 22, 0, 0, 0, 57, 4, 1, 0, 149)
23 (1, 4, 5, 45, 20, 0, 0, 54, 4, 1, 0, 45)
24 (1, 4, 0, 53, 11, 0, 0, 49, 4, 1, 0, 252)
25 (1, 4, 0, 107, 24, 0, 0, 58, 4, 1, 0, 82)
26 (1, 4, 30, 85, 0, 0, 0, 62, 4, 1, 0, 247)
27 (1, 4, 21, 81, 0, 0, 0, 72, 4, 1, 0, 180)
28 (1, 4, 49, 66, 0, 0, 0, 68, 4, 1, 0, 109)
29 (1, 4, 37, 41, 0, 0, 0, 69, 4, 1, 0, 64)
30 (1, 4, 66, 33, 0, 0, 0, 68, 4, 1, 0, 72)
31 (1, 4, 62, 57, 0, 0, 0, 69, 4, 1, 0, 163)
0 (1, 4, 123, 0, 0, 19, 0, 90, 4, 1, 0, 69)
1 (1, 4, 251, 0, 0, 47, 0, 111, 5, 1, 0, 112)
2 (1, 4, 247, 17, 0, 82, 0, 95, 4, 1, 0, 172)
3 (1, 4, 281, 0, 16, 80, 0, 91, 4, 1, 0, 65)
4 (1, 4, 199, 0, 101, 28, 49, 55, 4, 1, 0, 0)
5 (1, 4, 107, 101, 336, 0, 102, 40, 4, 1, 0, 12)
6 (1, 4, 0, 280, 561, 0, 38, 90, 4, 1, 0, 219)
7 (1, 4, 0, 177, 0, 0, 0, 114, 5, 1, 0, 97)
8 (1, 4, 160, 0, 0, 2, 126, 38, 5, 1, 0, 59)
9 (1, 4, 89, 6, 49, 7, 27, 78, 4, 1, 0, 222)
10 (1, 4, 0, 15, 37, 0, 15, 97, 4, 1, 0, 141)
11 (1, 4, 68, 9, 36, 0, 0, 103, 6, 1, 0, 190)
12 (1, 4, 25, 7, 25, 0, 17, 104, 4, 1, 0, 163)
13 (1, 4, 0, 13, 17, 0, 2, 105, 4, 1, 0, 142)
14 (1, 4, 0, 31, 0, 0, 0, 98, 6, 1, 0, 211)
15 (1, 4, 0, 33, 0, 0, 0, 71, 4, 1, 0, 187)
16 (1, 4, 0, 0, 0, 0, 1, 68, 4, 1, 0, 211)
17 (1, 4, 0, 0, 0, 0, 11, 49, 5, 1, 0, 31)
18 (1, 4, 0, 0, 0, 9, 0, 39, 4, 0, 0, 164)
19 (1, 4, 0, 31, 0, 126, 0, 71, 4, 1, 0, 109)
20 (1, 4, 0, 0, 0, 135, 5, 106, 5, 1, 0, 37)
21 (1, 4, 0, 172, 130, 53, 0, 199, 5, 1, 0, 45)
22 (1, 4, 18, 1, 70, 38, 0, 157, 4, 1, 0, 235)
23 (1, 4, 0, 0, 86, 24, 0, 89, 5, 1, 0, 161)
24 (1, 4, 21, 0, 68, 0, 0, 67, 5, 1, 0, 168)
25 (1, 4, 0, 0, 93, 4, 0, 60, 4, 1, 0, 249)
26 (1, 4, 0, 0, 70, 9, 0, 70, 4, 1, 0, 126)
27 (1, 4, 0, 8, 113, 8, 0, 75, 5, 1, 0, 148)
28 (1, 4, 0, 0, 106, 7, 0, 69, 4, 1, 0, 190)
29 (1, 4, 0, 12, 104, 6, 0, 69, 4, 1, 0, 231)
30 (1, 4, 0, 7, 53, 2, 0, 70, 5, 1, 0, 6)
31 (1, 4, 0, 34, 54, 0, 0, 79, 5, 1, 0, 27)
0 (1, 4, 322, 0, 0, 136, 0, 58, 4, 1, 0, 121)
1 (1, 4, 153, 1, 0, 168, 89, 34, 4, 1, 0, 39)
2 (1, 4, 0, 101, 276, 0, 84, 0, 5, 1, 0, 214)
3 (1, 4, 0, 402, 679, 0, 59, 25, 4, 1, 0, 6)
4 (1, 4, 0, 32, 0, 0, 0, 53, 4, 1, 0, 128)
5 (1, 4, 166, 0, 0, 0, 129, 0, 5, 0, 0, 40)
6 (1, 4, 0, 22, 0, 0, 12, 72, 4, 1, 0, 193)
7 (1, 4, 0, 48, 0, 0, 3, 73, 4, 1, 0, 194)
8 (1, 4, 49, 0, 0, 0, 0, 33, 5, 1, 0, 175)
9 (1, 4, 175, 0, 0, 15, 0, 67, 4, 1, 0, 148)
10 (1, 4, 0, 140, 2, 176, 0, 140, 4, 1, 0, 123)
11 (1, 4, 0, 77, 57, 150, 0, 98, 4, 1, 0, 41)
12 (1, 4, 0, 0, 249, 46, 0, 110, 4, 1, 0, 168)
13 (1, 4, 0, 0, 79, 27, 0, 87, 4, 1, 0, 147)
14 (1, 4, 0, 0, 61, 13, 0, 87, 4, 1, 0, 115)
15 (1, 4, 0, 0, 51, 4, 0, 84, 4, 1, 0, 63)
16 (1, 4, 0, 0, 42, 2, 0, 79, 4, 1, 0, 117)
17 (1, 4, 0, 0, 19, 6, 0, 66, 4, 1, 0, 224)
18 (1, 4, 2, 0, 7, 10, 0, 65, 4, 1, 0, 63)
19 (1, 4, 0, 27, 0, 2, 0, 70, 4, 1, 0, 39)
20 (1, 4, 0, 38, 0, 0, 0, 82, 4, 1, 0, 192)
21 (1, 4, 0, 49, 0, 0, 0, 79, 4, 1, 0, 48)
22 (1, 4, 37, 24, 0, 0, 0, 69, 4, 1, 0, 86)
23 (1, 4, 18, 44, 0, 0, 0, 62, 4, 1, 0, 153)
24 (1, 4, 22, 51, 0, 0, 0, 66, 4, 1, 0, 217)
25 (1, 4, 0, 64, 0, 0, 0, 65, 4, 1, 0, 131)
26 (1, 4, 29, 45, 0, 0, 0, 69, 5, 1, 0, 175)
27 (1, 4, 27, 40, 0, 0, 0, 75, 4, 1, 0, 160)
28 (1, 4, 35, 7, 0, 0, 0, 65, 4, 1, 0, 215)
29 (1, 4, 17, 11, 7, 0, 0, 58, 4, 1, 0, 219)
0 (1, 4, 26, 67, 0, 0, 0, 69, 4, 1, 0, 162)
1 (1, 4, 76, 46, 0, 0, 0, 72, 4, 1, 0, 50)
2 (1, 4, 37, 20, 0, 0, 0, 79, 4, 1, 0, 108)
3 (1, 4, 89, 0, 0, 1, 0, 64, 5, 1, 0, 181)
4 (1, 4, 0, 43, 0, 21, 0, 72, 4, 1, 0, 8)
5 (1, 4, 127, 47, 0, 38, 0, 97, 5, 1, 0, 239)
6 (1, 4, 220, 27, 0, 62, 0, 112, 5, 1, 0, 85)
7 (1, 4, 257, 2, 21, 92, 0, 126, 4, 1, 0, 249)
8 (1, 4, 146, 0, 121, 101, 0, 108, 4, 1, 0, 5)
9 (1, 4, 44, 0, 210, 14, 11, 87, 5, 1, 0, 88)
10 (1, 4, 13, 0, 259, 0, 64, 18, 3, 0, 0, 8)
11 (1, 4, 160, 107, 391, 0, 0, 89, 4, 1, 0, 136)
12 (1, 4, 0, 32, 138, 0, 0, 80, 5, 1, 0, 206)
13 (1, 4, 6, 0, 0, 0, 0, 99, 4, 1, 0, 60)
14 (1, 4, 0, 0, 0, 0, 0, 72, 4, 1, 0, 53)
15 (1, 4, 13, 0, 0, 0, 5, 51, 5, 0, 0, 91)
16 (1, 4, 0, 0, 0, 0, 0, 24, 4, 1, 0, 163)
17 (1, 4, 0, 33, 0, 32, 0, 75, 4, 0, 0, 166)
18 (1, 4, 0, 1, 11, 125, 0, 103, 4, 1, 0, 143)
19 (1, 4, 0, 51, 334, 99, 0, 154, 4, 1, 0, 157)
20 (1, 4, 0, 0, 293, 40, 0, 150, 4, 1, 0, 119)
21 (1, 4, 52, 0, 113, 23, 0, 95, 4, 1, 0, 174)
22 (1, 4, 62, 0, 35, 14, 0, 54, 4, 1, 0, 168)
23 (1, 4, 12, 0, 49, 9, 0, 41, 4, 1, 0, 180)
24 (1, 4, 0, 0, 41, 15, 0, 47, 4, 1, 0, 177)
25 (1, 4, 0, 0, 48, 13, 0, 69, 4, 1, 0, 111)
26 (1, 4, 0, 0, 6, 15, 0, 71, 4, 1, 0, 24)
27 (1, 4, 0, 20, 0, 18, 0, 74, 4, 1, 0, 254)
28 (1, 4, 0, 73, 0, 9, 0, 79, 4, 1, 0, 68)
0 (1, 4, 240, 99, 0, 33, 0, 90, 5, 1, 0, 233)
1 (1, 4, 251, 60, 0, 60, 0, 85, 4, 1, 0, 47)
2 (1, 4, 177, 42, 0, 77, 0, 84, 4, 1, 0, 23)
3 (1, 4, 292, 0, 9, 58, 0, 71, 5, 1, 0, 163)
4 (1, 4, 51, 0, 148, 0, 72, 23, 4, 0, 0, 15)
5 (1, 4, 180, 57, 437, 0, 36, 32, 4, 1, 0, 157)
6 (1, 4, 0, 185, 273, 0, 0, 60, 5, 1, 0, 7)
7 (1, 4, 202, 0, 0, 0, 0, 155, 4, 1, 0, 191)
8 (1, 4, 17, 42, 0, 0, 55, 84, 4, 1, 0, 107)
9 (1, 4, 60, 6, 0, 0, 0, 97, 5, 1, 0, 27)
10 (1, 4, 0, 0, 0, 0, 22, 66, 4, 1, 0, 242)
11 (1, 4, 0, 0, 0, 0, 10, 56, 4, 1, 0, 49)
12 (1, 4, 0, 0, 0, 0, 0, 16, 5, 1, 0, 43)
13 (1, 4, 0, 131, 0, 29, 0, 66, 4, 1, 0, 211)
14 (1, 4, 0, 35, 56, 82, 0, 71, 4, 1, 0, 247)
15 (1, 4, 0, 88, 195, 43, 0, 130, 4, 1, 0, 121)
16 (1, 4, 0, 0, 272, 8, 0, 120, 4, 1, 0, 157)
17 (1, 4, 0, 0, 134, 15, 0, 78, 4, 1, 0, 220)
18 (1, 4, 0, 0, 74, 17, 0, 48, 4, 1, 0, 104)
19 (1, 4, 0, 0, 0, 13, 0, 42, 4, 1, 0, 243)
20 (1, 4, 17, 0, 42, 20, 0, 40, 4, 1, 0, 217)
21 (1, 4, 0, 0, 89, 12, 0, 46, 4, 1, 0, 53)
22 (1, 4, 0, 0, 94, 0, 0, 63, 4, 1, 0, 88)
23 (1, 4, 0, 0, 49, 2, 0, 50, 4, 1, 0, 122)
24 (1, 4, 117, 0, 92, 0, 0, 68, 4, 1, 0, 84)
25 (1, 4, 66, 0, 170, 14, 0, 45, 4, 1, 0, 200)
26 (1, 4, 0, 4, 49, 0, 0, 73, 4, 1, 0, 37)
27 (1, 4, 63, 19, 0, 0, 0, 46, 4, 1, 0, 217)
28 (1, 4, 0, 38, 0, 0, 0, 69, 4, 1, 0, 0)
29 (1, 4, 24, 53, 0, 0, 0, 57, 4, 1, 0, 129)
30 (1, 4, 158, 0, 35, 0, 0, 87, 4, 1, 0, 251)
0 (1, 4, 26, 138, 164, 0, 88, 0, 4, 0, 0, 173)
1 (1, 4, 0, 346, 368, 0, 114, 45, 4, 0, 0, 142)
2 (1, 4, 0, 0, 244, 0, 0, 13, 4, 1, 0, 15)
3 (1, 4, 139, 0, 0, 0, 0, 153, 4, 1, 0, 129)
4 (1, 4, 54, 0, 0, 0, 68, 66, 5, 1, 0, 254)
5 (1, 4, 0, 0, 0, 0, 20, 75, 4, 1, 0, 53)
6 (1, 4, 0, 0, 0, 0, 24, 51, 4, 1, 0, 202)
7 (1, 4, 0, 0, 0, 0, 0, 42, 5, 1, 0, 10)
8 (1, 4, 0, 0, 0, 15, 0, 50, 4, 1, 0, 244)
9 (1, 4, 0, 24, 27, 109, 0, 58, 4, 1, 0, 182)
10 (1, 4, 0, 45, 226, 101, 0, 182, 4, 1, 0, 52)
11 (1, 4, 0, 0, 409, 36, 0, 118, 4, 1, 0, 15)
12 (1, 4, 0, 0, 240, 0, 0, 86, 4, 1, 0, 75)
13 (1, 4, 0, 0, 107, 22, 0, 36, 4, 1, 0, 249)
14 (1, 4, 0, 0, 138, 29, 0, 17, 4, 1, 0, 152)
15 (1, 4, 0, 0, 137, 23, 0, 25, 4, 1, 0, 15)
16 (1, 4, 0, 0, 105, 7, 0, 62, 4, 1, 0, 190)
17 (1, 4, 0, 0, 113, 22, 0, 48, 4, 1, 0, 179)
18 (1, 4, 0, 0, 92, 0, 0, 69, 4, 1, 0, 19)
19 (1, 4, 0, 24, 57, 0, 0, 64, 4, 1, 0, 164)
20 (1, 4, 14, 6, 11, 0, 0, 80, 4, 1, 0, 232)
21 (1, 4, 11, 0, 13, 0, 0, 66, 4, 1, 0, 114)
22 (1, 4, 13, 2, 4, 0, 0, 62, 4, 1, 0, 187)
23 (1, 4, 40, 0, 0, 0, 0, 54, 4, 1, 0, 147)
24 (1, 4, 10, 28, 0, 0, 0, 50, 4, 1, 0, 53)
25 (1, 4, 41, 39, 0, 0, 0, 47, 4, 1, 0, 187)
26 (1, 4, 0, 82, 0, 0, 0, 42, 4, 1, 0, 231)
27 (1, 4, 0, 170, 0, 12, 0, 4, 4, 1, 0, 118)
28 (1, 4, 38, 111, 27, 0, 0, 35, 4, 1, 0, 54)
29 (1, 4, 45, 193, 0, 0, 0, 32, 4, 1, 0, 141)
30 (1, 4, 316, 0, 0, 0, 0, 66, 4, 1, 0, 11)
31 (1, 4, 0, 128, 0, 0, 1, 49, 4, 1, 0, 79)
0 (1, 4, 4, 0, 40, 12, 67, 24, 3, 1, 0, 229)
1 (1, 4, 68, 117, 107, 0, 20, 104, 4, 1, 0, 14)
2 (1, 4, 0, 0, 0, 0, 6, 91, 4, 1, 0, 145)
3 (1, 4, 34, 0, 0, 0, 0, 103, 3, 1, 0, 159)
4 (1, 4, 0, 0, 0, 0, 6, 81, 4, 1, 0, 194)
5 (1, 4, 0, 0, 0, 0, 0, 70, 4, 1, 0, 19)
6 (1, 4, 0, 0, 0, 0, 0, 33, 3, 1, 0, 205)
7 (1, 4, 0, 36, 0, 8, 10, 73, 4, 1, 0, 57)
8 (1, 4, 0, 0, 0, 94, 53, 84, 4, 1, 0, 243)
9 (1, 4, 0, 0, 244, 150, 41, 62, 4, 1, 0, 182)
10 (1, 4, 0, 56, 488, 55, 0, 114, 4, 1, 0, 82)
11 (1, 4, 0, 0, 332, 31, 0, 108, 4, 1, 0, 247)
12 (1, 4, 72, 0, 220, 38, 0, 58, 4, 1, 0, 126)
13 (1, 4, 0, 0, 127, 10, 0, 51, 4, 1, 0, 107)
14 (1, 4, 0, 0, 84, 6, 0, 56, 4, 1, 0, 154)
15 (1, 4, 0, 0, 93, 0, 0, 73, 4, 1, 0, 24)
16 (1, 4, 0, 0, 81, 0, 0, 79, 4, 1, 0, 54)
17 (1, 4, 0, 0, 77, 0, 0, 77, 4, 1, 0, 18)
18 (1, 4, 0, 0, 69, 0, 0, 66, 4, 1, 0, 87)
19 (1, 4, 0, 0, 45, 0, 0, 78, 4, 1, 0, 113)
20 (1, 4, 36, 0, 32, 0, 0, 60, 4, 1, 0, 118)
21 (1, 4, 0, 21, 0, 0, 0, 69, 4, 1, 0, 123)
22 (1, 4, 30, 11, 0, 0, 0, 66, 4, 1, 0, 185)
23 (1, 4, 0, 43, 0, 0, 0, 71, 4, 1, 0, 101)
24 (1, 4, 35, 0, 0, 0, 0, 70, 4, 1, 0, 198)
25 (1, 4, 0, 27, 0, 0, 0, 66, 4, 1, 0, 108)
26 (1, 4, 53, 0, 0, 0, 0, 68, 4, 1, 0, 187)
27 (1, 4, 0, 33, 0, 0, 0, 69, 4, 1, 0, 2)
28 (1, 4, 0, 18, 0, 0, 0, 68, 4, 1, 0, 166)
29 (1, 4, 0, 36, 0, 0, 0, 67, 4, 1, 0, 161)
0 (1, 4, 0, 0, 0, 0, 0, 79, 4, 1, 0, 38)
1 (1, 4, 10, 0, 0, 1, 0, 77, 4, 1, 0, 236)
2 (1, 4, 66, 0, 0, 9, 0, 86, 4, 1, 0, 178)
3 (1, 4, 57, 0, 0, 15, 0, 91, 4, 1, 0, 124)
4 (1, 4, 72, 31, 0, 31, 0, 89, 4, 1, 0, 66)
5 (1, 4, 123, 44, 0, 43, 0, 79, 4, 1, 0, 113)
6 (1, 4, 200, 36, 0, 54, 0, 70, 4, 1, 0, 187)
7 (1, 4, 153, 61, 0, 102, 0, 71, 4, 1, 0, 70)
8 (1, 4, 193, 185, 0, 110, 0, 82, 4, 0, 0, 110)
9 (1, 4, 195, 102, 82, 91, 9, 78, 4, 1, 0, 105)
10 (1, 4, 55, 80, 150, 0, 67, 27, 3, 1, 0, 109)
11 (1, 4, 0, 251, 401, 0, 87, 49, 4, 1, 0, 205)
12 (1, 4, 0, 158, 317, 0, 0, 39, 6, 1, 0, 34)
13 (1, 4, 159, 0, 0, 0, 33, 129, 4, 1, 0, 20)
14 (1, 4, 128, 0, 58, 0, 88, 51, 4, 1, 0, 215)
15 (1, 4, 0, 0, 0, 0, 17, 100, 5, 1, 0, 149)
16 (1, 4, 0, 0, 0, 0, 0, 70, 4, 1, 0, 19)
17 (1, 4, 0, 0, 0, 0, 0, 46, 4, 1, 0, 29)
18 (1, 4, 0, 0, 0, 0, 0, 18, 5, 1, 0, 146)
19 (1, 4, 0, 0, 0, 14, 4, 39, 4, 1, 0, 113)
20 (1, 4, 0, 0, 0, 100, 69, 72, 4, 1, 0, 245)
21 (1, 4, 0, 36, 261, 92, 0, 155, 4, 1, 0, 102)
22 (1, 4, 0, 0, 443, 44, 0, 137, 4, 1, 0, 98)
23 (1, 4, 0, 0, 316, 21, 0, 99, 4, 1, 0, 178)
24 (1, 4, 0, 0, 117, 38, 0, 50, 4, 1, 0, 74)
25 (1, 4, 0, 0, 86, 24, 0, 35, 4, 1, 0, 167)
26 (1, 4, 0, 0, 65, 16, 0, 59, 4, 1, 0, 252)
27 (1, 4, 0, 0, 101, 3, 0, 86, 4, 1, 0, 46)
28 (1, 4, 0, 0, 80, 13, 0, 78, 4, 1, 0, 230)
29 (1, 4, 0, 0, 36, 20, 0, 70, 4, 1, 0, 56)
30 (1, 4, 0, 12, 0, 25, 0, 71, 4, 1, 0, 181)
31 (1, 4, 17, 20, 0, 11, 0, 72, 4, 1, 0, 185)
0 (1, 4, 125, 136, 0, 36, 0, 50, 4, 1, 0, 158)
1 (1, 4, 223, 133, 0, 43, 0, 56, 4, 1, 0, 122)
2 (1, 4, 271, 189, 0, 79, 0, 56, 4, 1, 0, 84)
3 (1, 4, 261, 131, 0, 91, 0, 71, 4, 1, 0, 218)
4 (1, 4, 282, 0, 40, 71, 0, 88, 4, 1, 0, 162)
5 (1, 4, 162, 0, 82, 0, 33, 43, 3, 1, 0, 143)
6 (1, 4, 33, 230, 326, 0, 53, 65, 5, 1, 0, 153)
7 (1, 4, 0, 122, 455, 0, 0, 62, 4, 1, 0, 130)
8 (1, 4, 0, 84, 0, 0, 0, 134, 3, 1, 0, 205)
9 (1, 4, 158, 0, 0, 0, 67, 49, 5, 1, 0, 101)
10 (1, 4, 63, 16, 14, 0, 28, 83, 4, 1, 0, 28)
11 (1, 4, 0, 0, 0, 0, 3, 87, 3, 1, 0, 189)
12 (1, 4, 0, 0, 0, 0, 0, 71, 5, 1, 0, 174)
13 (1, 4, 0, 0, 0, 0, 0, 61, 5, 1, 0, 202)
14 (1, 4, 0, 0, 0, 0, 0, 61, 4, 1, 0, 168)
15 (1, 4, 0, 15, 0, 0, 0, 85, 4, 1, 0, 23)
16 (1, 4, 0, 0, 72, 66, 8, 104, 5, 1, 0, 155)
17 (1, 4, 0, 0, 245, 67, 0, 90, 4, 1, 0, 234)
18 (1, 4, 0, 0, 220, 62, 0, 86, 4, 1, 0, 243)
19 (1, 4, 0, 0, 175, 59, 0, 59, 4, 1, 0, 245)
20 (1, 4, 42, 0, 127, 37, 0, 48, 4, 1, 0, 234)
21 (1, 4, 0, 0, 79, 22, 0, 48, 4, 1, 0, 255)
22 (1, 4, 29, 0, 59, 22, 0, 45, 4, 1, 0, 238)
23 (1, 4, 0, 0, 28, 22, 0, 62, 4, 1, 0, 230)
24 (1, 4, 0, 0, 30, 20, 0, 67, 4, 1, 0, 128)
25 (1, 4, 7, 0, 16, 28, 0, 57, 4, 1, 0, 251)
26 (1, 4, 0, 0, 4, 28, 0, 55, 4, 1, 0, 214)
27 (1, 4, 25, 28, 3, 20, 0, 52, 4, 1, 0, 59)
28 (1, 4, 0, 77, 0, 17, 0, 63, 4, 1, 0, 166)
29 (1, 4, 33, 95, 3, 25, 0, 56, 4, 1, 0, 51)
30 (1, 4, 0, 101, 0, 13, 0, 62, 5, 1, 0, 25)
31 (1, 4, 55, 69, 0, 10, 0, 57, 4, 1, 0, 250)
0 (1, 4, 142, 94, 0, 43, 0, 75, 4, 1, 0, 196)
1 (1, 4, 154, 95, 0, 47, 0, 64, 6, 1, 0, 157)
2 (1, 4, 200, 156, 0, 53, 0, 63, 4, 1, 0, 137)
3 (1, 4, 220, 97, 0, 70, 0, 86, 4, 1, 0, 151)
4 (1, 4, 164, 99, 0, 73, 0, 96, 5, 1, 0, 93)
5 (1, 4, 160, 0, 53, 44, 0, 84, 4, 1, 0, 141)
6 (1, 4, 70, 0, 201, 0, 60, 34, 4, 1, 0, 167)
7 (1, 4, 36, 149, 359, 0, 63, 45, 5, 1, 0, 117)
8 (1, 4, 0, 29, 303, 0, 0, 35, 4, 1, 0, 26)
9 (1, 4, 154, 0, 0, 0, 0, 160, 4, 1, 0, 40)
10 (1, 4, 52, 0, 5, 0, 63, 62, 5, 1, 0, 88)
11 (1, 4, 79, 16, 43, 0, 49, 117, 4, 1, 0, 189)
12 (1, 4, 2, 0, 15, 0, 0, 96, 3, 1, 0, 18)
13 (1, 4, 2, 0, 0, 0, 0, 99, 5, 1, 0, 102)
14 (1, 4, 0, 0, 0, 0, 0, 59, 5, 1, 0, 6)
15 (1, 4, 85, 0, 0, 0, 0, 33, 3, 1, 0, 146)
16 (1, 4, 0, 0, 0, 0, 44, 70, 4, 1, 0, 60)
17 (1, 4, 0, 0, 0, 39, 69, 69, 5, 1, 0, 35)
18 (1, 4, 0, 0, 283, 82, 76, 30, 4, 1, 0, 110)
19 (1, 4, 0, 0, 246, 62, 0, 153, 4, 1, 0, 168)
20 (1, 4, 0, 114, 630, 63, 0, 137, 4, 1, 0, 98)
21 (1, 4, 86, 0, 278, 72, 0, 92, 4, 1, 0, 160)
22 (1, 4, 77, 48, 146, 43, 0, 63, 4, 1, 0, 236)
23 (1, 4, 37, 14, 19, 6, 0, 61, 4, 1, 0, 219)
24 (1, 4, 3, 35, 5, 0, 0, 68, 4, 1, 0, 104)
25 (1, 4, 41, 12, 15, 0, 0, 94, 4, 1, 0, 163)
26 (1, 4, 0, 14, 41, 0, 0, 95, 4, 1, 0, 39)
27 (1, 4, 3, 0, 30, 0, 0, 89, 4, 1, 0, 153)
28 (1, 4, 0, 0, 35, 0, 0, 89, 4, 1, 0, 124)
29 (1, 4, 0, 0, 26, 0, 0, 87, 4, 1, 0, 243)
30 (1, 4, 0, 6, 19, 0, 0, 89, 4, 1, 0, 74)
31 (1, 4, 0, 0, 0, 0, 0, 82, 4, 1, 0, 181)
0 (1, 4, 33, 0, 0, 47, 0, 88, 5, 1, 0, 1)
1 (1, 4, 62, 41, 0, 62, 0, 76, 5, 1, 0, 49)
2 (1, 4, 212, 142, 0, 61, 0, 89, 4, 1, 0, 253)
3 (1, 4, 227, 69, 0, 82, 0, 92, 4, 1, 0, 42)
4 (1, 4, 172, 143, 50, 84, 0, 112, 5, 1, 0, 21)
5 (1, 4, 52, 0, 106, 44, 43, 68, 4, 1, 0, 9)
6 (1, 4, 0, 116, 388, 0, 116, 0, 3, 1, 0, 202)
7 (1, 4, 0, 326, 548, 0, 0, 44, 5, 0, 0, 102)
8 (1, 4, 0, 0, 0, 0, 68, 168, 4, 1, 0, 162)
9 (1, 4, 78, 0, 104, 25, 39, 0, 4, 1, 0, 139)
10 (1, 4, 0, 87, 36, 0, 15, 106, 4, 1, 0, 196)
11 (1, 4, 58, 0, 21, 0, 0, 77, 5, 1, 0, 3)
12 (1, 4, 27, 5, 0, 0, 9, 87, 4, 1, 0, 74)
13 (1, 4, 0, 0, 0, 0, 0, 84, 4, 1, 0, 121)
14 (1, 4, 0, 0, 0, 0, 6, 51, 5, 1, 0, 253)
15 (1, 4, 0, 0, 0, 0, 0, 39, 4, 1, 0, 40)
16 (1, 4, 0, 9, 0, 2, 0, 61, 4, 1, 0, 144)
17 (1, 4, 0, 122, 0, 56, 0, 70, 4, 0, 0, 96)
18 (1, 4, 0, 0, 169, 39, 0, 161, 4, 1, 0, 253)
19 (1, 4, 0, 10, 430, 52, 0, 134, 4, 1, 0, 255)
20 (1, 4, 71, 20, 337, 73, 0, 105, 4, 1, 0, 44)
21 (1, 4, 34, 0, 59, 46, 0, 90, 4, 1, 0, 81)
22 (1, 4, 67, 0, 0, 22, 0, 54, 4, 1, 0, 10)
23 (1, 4, 23, 0, 0, 5, 0, 56, 4, 1, 0, 171)
24 (1, 4, 0, 0, 1, 0, 0, 68, 4, 1, 0, 62)
25 (1, 4, 0, 0, 55, 0, 0, 79, 5, 1, 0, 32)
26 (1, 4, 0, 0, 89, 7, 0, 80, 4, 1, 0, 253)
27 (1, 4, 0, 0, 86, 0, 0, 87, 4, 1, 0, 234)
28 (1, 4, 0, 0, 75, 2, 0, 80, 4, 1, 0, 206)
29 (1, 4, 0, 12, 76, 4, 0, 72, 4, 1, 0, 57)
0 (1, 4, 276, 137, 0, 73, 0, 126, 4, 1, 0, 100)
1 (1, 4, 259, 0, 0, 74, 0, 135, 5, 1, 0, 98)
2 (1, 4, 0, 0, 0, 76, 16, 73, 4, 1, 0, 62)
3 (1, 4, 29, 0, 215, 0, 82, 6, 3, 1, 0, 36)
4 (1, 4, 0, 539, 554, 0, 52, 54, 5, 1, 0, 61)
5 (1, 4, 0, 61, 0, 0, 0, 104, 4, 0, 0, 128)
6 (1, 4, 452, 0, 24, 0, 97, 13, 3, 1, 0, 248)
7 (1, 4, 0, 119, 0, 0, 1, 66, 5, 1, 0, 95)
8 (1, 4, 48, 14, 0, 0, 0, 72, 4, 1, 0, 22)
9 (1, 4, 22, 0, 0, 0, 29, 52, 3, 1, 0, 174)
10 (1, 4, 0, 0, 0, 0, 28, 52, 4, 1, 0, 58)
11 (1, 4, 0, 0, 0, 0, 22, 72, 4, 0, 0, 202)
12 (1, 4, 0, 0, 144, 50, 27, 102, 4, 1, 0, 211)
13 (1, 4, 0, 45, 365, 40, 0, 106, 4, 1, 0, 12)
14 (1, 4, 0, 0, 378, 29, 0, 130, 4, 1, 0, 113)
15 (1, 4, 0, 0, 243, 41, 0, 118, 4, 1, 0, 95)
16 (1, 4, 32, 0, 75, 41, 0, 58, 4, 1, 0, 142)
17 (1, 4, 12, 0, 35, 24, 0, 53, 4, 1, 0, 64)
18 (1, 4, 1, 0, 42, 12, 0, 62, 4, 1, 0, 41)
19 (1, 4, 0, 0, 48, 0, 0, 90, 4, 0, 0, 181)
20 (1, 4, 0, 0, 44, 0, 0, 90, 4, 1, 0, 67)
21 (1, 4, 0, 0, 35, 1, 0, 84, 4, 1, 0, 35)
22 (1, 4, 0, 0, 13, 13, 0, 75, 4, 0, 0, 213)
23 (1, 4, 0, 3, 0, 5, 0, 87, 4, 0, 0, 207)
24 (1, 4, 5, 3, 0, 4, 0, 84, 4, 1, 0, 235)
25 (1, 4, 1, 10, 0, 0, 0, 83, 4, 1, 0, 186)
26 (1, 4, 0, 3, 0, 0, 0, 79, 4, 1, 0, 254)
27 (1, 4, 0, 12, 0, 0, 0, 77, 4, 1, 0, 246)
28 (1, 4, 0, 28, 0, 0, 0, 77, 4, 1, 0, 151)
29 (1, 4, 6, 33, 0, 0, 0, 81, 4, 1, 0, 128)
30 (1, 4, 0, 41, 0, 0, 0, 86, 4, 1, 0, 4)
31 (1, 4, 34, 46, 0, 0, 0, 83, 4, 1, 0, 119)
0 (1, 4, 50, 0, 0, 1, 0, 81, 4, 1, 0, 247)
1 (1, 4, 20, 14, 0, 9, 0, 79, 4, 1, 0, 29)
2 (1, 4, 73, 29, 0, 13, 0, 85, 4, 1, 0, 119)
3 (1, 4, 68, 46, 0, 22, 0, 80, 4, 1, 0, 206)
4 (1, 4, 96, 71, 0, 29, 0, 85, 4, 0, 0, 110)
5 (1, 4, 92, 80, 0, 45, 0, 80, 4, 1, 0, 189)
6 (1, 4, 150, 143, 0, 45, 0, 89, 4, 1, 0, 42)
7 (1, 4, 166, 41, 0, 60, 0, 95, 4, 1, 0, 93)
8 (1, 4, 185, 0, 0, 71, 0, 93, 4, 1, 0, 136)
9 (1, 4, 84, 0, 0, 75, 0, 77, 5, 1, 0, 160)
10 (1, 4, 32, 0, 124, 15, 50, 31, 4, 1, 0, 48)
11 (1, 4, 64, 166, 306, 0, 64, 56, 3, 1, 0, 63)
12 (1, 4, 0, 135, 353, 0, 10, 45, 5, 0, 0, 142)
13 (1, 4, 202, 0, 0, 0, 0, 161, 4, 1, 0, 158)
14 (1, 4, 44, 14, 35, 0, 54, 65, 3, 1, 0, 126)
15 (1, 4, 0, 79, 41, 0, 4, 109, 4, 0, 0, 82)
16 (1, 4, 47, 0, 0, 0, 7, 86, 5, 1, 0, 87)
17 (1, 4, 0, 11, 0, 0, 2, 111, 3, 1, 0, 55)
18 (1, 4, 0, 0, 0, 0, 7, 102, 4, 0, 0, 177)
19 (1, 4, 0, 0, 0, 0, 0, 79, 5, 0, 0, 47)
20 (1, 4, 11, 50, 0, 0, 1, 114, 3, 0, 0, 131)
21 (1, 4, 89, 0, 0, 72, 43, 24, 4, 1, 0, 222)
22 (1, 4, 0, 0, 0, 181, 31, 36, 5, 1, 0, 208)
23 (1, 4, 0, 106, 249, 83, 34, 56, 4, 1, 0, 194)
24 (1, 4, 0, 37, 353, 0, 0, 112, 4, 1, 0, 204)
25 (1, 4, 0, 0, 249, 28, 0, 95, 4, 1, 0, 37)
26 (1, 4, 0, 0, 127, 39, 0, 84, 4, 1, 0, 238)
27 (1, 4, 0, 0, 140, 19, 0, 88, 4, 1, 0, 35)
28 (1, 4, 0, 0, 105, 11, 0, 78, 4, 1, 0, 13)
29 (1, 4, 0, 0, 71, 6, 0, 90, 4, 1, 0, 3)
30 (1, 4, 0, 0, 53, 11, 0, 85, 4, 1, 0, 52)
31 (1, 4, 0, 0, 18, 20, 0, 74, 4, 1, 0, 87)
0 (1, 4, 112, 33, 0, 57, 0, 119, 4, 1, 0, 158)
1 (1, 4, 114, 0, 0, 73, 0, 109, 4, 1, 0, 190)
2 (1, 4, 54, 0, 44, 65, 15, 87, 4, 1, 0, 99)
3 (1, 4, 0, 0, 156, 0, 67, 36, 4, 1, 0, 179)
4 (1, 4, 0, 343, 497, 0, 66, 28, 4, 0, 0, 18)
5 (1, 4, 0, 300, 234, 0, 0, 114, 4, 0, 0, 86)
6 (1, 4, 298, 0, 30, 0, 96, 101, 4, 1, 0, 216)
7 (1, 4, 40, 29, 30, 0, 31, 74, 5, 1, 0, 122)
8 (1, 4, 0, 0, 5, 0, 0, 100, 4, 1, 0, 193)
9 (1, 4, 5, 0, 0, 0, 0, 84, 5, 1, 0, 45)
10 (1, 4, 0, 0, 0, 0, 0, 66, 5, 1, 0, 4)
11 (1, 4, 13, 0, 0, 0, 0, 23, 4, 1, 0, 28)
12 (1, 4, 9, 29, 0, 0, 16, 41, 4, 1, 0, 72)
13 (1, 4, 0, 0, 0, 53, 17, 63, 4, 1, 0, 144)
14 (1, 4, 0, 194, 101, 98, 0, 104, 4, 1, 0, 182)
15 (1, 4, 0, 189, 331, 59, 0, 148, 4, 1, 0, 174)
16 (1, 4, 0, 34, 202, 43, 0, 165, 4, 1, 0, 29)
17 (1, 4, 20, 0, 32, 31, 0, 118, 4, 1, 0, 21)
18 (1, 4, 122, 0, 18, 20, 0, 68, 4, 1, 0, 179)
19 (1, 4, 99, 0, 67, 0, 0, 66, 4, 1, 0, 122)
20 (1, 4, 49, 0, 42, 0, 0, 77, 4, 1, 0, 219)
21 (1, 4, 1, 0, 16, 0, 0, 86, 4, 1, 0, 177)
22 (1, 4, 0, 0, 14, 2, 0, 80, 4, 1, 0, 255)
23 (1, 4, 19, 0, 40, 9, 0, 95, 4, 1, 0, 162)
24 (1, 4, 0, 0, 51, 20, 0, 88, 4, 1, 0, 87)
25 (1, 4, 13, 0, 76, 15, 0, 82, 4, 1, 0, 79)
26 (1, 4, 3, 0, 24, 14, 0, 74, 4, 1, 0, 231)
27 (1, 4, 0, 19, 0, 9, 0, 76, 4, 1, 0, 30)
28 (1, 4, 36, 0, 0, 7, 0, 85, 4, 1, 0, 4)
29 (1, 4, 25, 0, 25, 7, 0, 89, 4, 1, 0, 173)
30 (1, 4, 29, 0, 40, 1, 0, 83, 4, 1, 0, 145)
31 (1, 4, 0, 0, 45, 0, 0, 71, 4, 1, 0, 68)
0 (1, 4, 8, 34, 0, 0, 0, 87, 4, 1, 0, 192)
1 (1, 4, 0, 14, 0, 0, 0, 89, 4, 1, 0, 61)
2 (1, 4, 0, 8, 0, 0, 0, 90, 4, 1, 0, 236)
3 (1, 4, 8, 0, 0, 0, 0, 87, 4, 1, 0, 111)
4 (1, 4, 0, 0, 0, 0, 0, 85, 4, 1, 0, 166)
5 (1, 4, 9, 0, 0, 0, 0, 91, 5, 0, 0, 247)
6 (1, 4, 29, 23, 0, 23, 0, 103, 4, 1, 0, 2)
7 (1, 4, 158, 14, 0, 47, 0, 92, 4, 1, 0, 122)
8 (1, 4, 98, 88, 0, 56, 0, 89, 5, 1, 0, 190)
9 (1, 4, 290, 22, 0, 69, 0, 95, 4, 1, 0, 76)
10 (1, 4, 47, 0, 0, 82, 0, 113, 4, 1, 0, 243)
11 (1, 4, 185, 0, 0, 74, 0, 102, 4, 1, 0, 237)
12 (1, 4, 69, 0, 61, 3, 67, 55, 5, 1, 0, 97)
13 (1, 4, 86, 247, 489, 0, 68, 54, 4, 1, 0, 50)
14 (1, 4, 0, 164, 287, 0, 0, 5, 5, 1, 0, 48)
15 (1, 4, 525, 0, 0, 0, 42, 165, 4, 0, 0, 12)
16 (1, 4, 0, 62, 0, 0, 0, 53, 4, 0, 0, 142)
17 (1, 4, 66, 0, 0, 0, 28, 64, 3, 0, 0, 175)
18 (1, 4, 0, 0, 0, 0, 27, 59, 4, 0, 0, 192)
19 (1, 4, 0, 0, 0, 0, 35, 55, 4, 1, 0, 125)
20 (1, 4, 0, 0, 0, 3, 24, 58, 4, 1, 0, 222)
21 (1, 4, 0, 0, 189, 85, 0, 93, 4, 1, 0, 11)
22 (1, 4, 0, 37, 398, 83, 0, 138, 4, 1, 0, 140)
23 (1, 4, 0, 0, 112, 73, 0, 155, 4, 1, 0, 7)
24 (1, 4, 88, 0, 63, 67, 0, 68, 4, 1, 0, 159)
25 (1, 4, 25, 0, 59, 42, 0, 51, 4, 1, 0, 185)
26 (1, 4, 34, 0, 100, 18, 0, 51, 4, 1, 0, 199)
27 (1, 4, 4, 0, 84, 6, 0, 78, 4, 1, 0, 89)
28 (1, 4, 15, 0, 112, 7, 0, 89, 4, 1, 0, 68)
29 (1, 4, 18, 0, 87, 14, 0, 84, 4, 1, 0, 94)
30 (1, 4, 0, 0, 44, 25, 0, 76, 4, 1, 0, 76)
31 (1, 4, 0, 0, 24, 23, 0, 80, 4, 1, 0, 101)
0 (1, 4, 43, 0, 129, 28, 33, 28, 5, 1, 0, 115)
1 (1, 4, 0, 206, 269, 0, 85, 18, 4, 1, 0, 88)
2 (1, 4, 48, 391, 574, 0, 54, 68, 4, 0, 0, 111)
3 (1, 4, 0, 17, 0, 0, 0, 187, 5, 1, 0, 88)
4 (1, 4, 28, 0, 0, 0, 55, 42, 4, 1, 0, 32)
5 (1, 4, 46, 0, 0, 0, 17, 42, 3, 1, 0, 46)
6 (1, 4, 0, 0, 0, 0, 15, 37, 5, 1, 0, 90)
7 (1, 4, 0, 0, 0, 0, 21, 43, 4, 0, 0, 195)
8 (1, 4, 0, 75, 0, 18, 3, 98, 4, 1, 0, 109)
9 (1, 4, 0, 110, 32, 75, 0, 134, 4, 0, 0, 0)
10 (1, 4, 0, 0, 136, 65, 0, 156, 4, 1, 0, 219)
11 (1, 4, 0, 0, 178, 66, 0, 121, 4, 1, 0, 44)
12 (1, 4, 0, 0, 119, 44, 0, 51, 4, 1, 0, 124)
13 (1, 4, 0, 0, 37, 14, 0, 42, 4, 1, 0, 230)
14 (1, 4, 9, 0, 0, 0, 0, 63, 4, 1, 0, 111)
15 (1, 4, 19, 3, 0, 0, 0, 72, 3, 0, 0, 93)
16 (1, 4, 14, 0, 0, 0, 0, 75, 4, 1, 0, 7)
17 (1, 4, 0, 12, 0, 0, 0, 72, 4, 1, 0, 92)
18 (1, 4, 0, 6, 0, 0, 0, 75, 4, 1, 0, 228)
19 (1, 4, 19, 14, 0, 2, 0, 71, 4, 1, 0, 4)
20 (1, 4, 23, 63, 0, 1, 0, 71, 4, 1, 0, 11)
21 (1, 4, 32, 70, 0, 0, 0, 77, 4, 1, 0, 108)
22 (1, 4, 27, 78, 0, 0, 0, 74, 4, 1, 0, 137)
23 (1, 4, 49, 62, 0, 0, 0, 77, 5, 1, 0, 115)
24 (1, 4, 8, 50, 0, 0, 0, 73, 4, 1, 0, 84)
25 (1, 4, 48, 31, 0, 0, 0, 86, 4, 1, 0, 55)
26 (1, 4, 0, 7, 0, 0, 0, 74, 4, 1, 0, 142)
27 (1, 4, 25, 21, 10, 0, 0, 72, 4, 1, 0, 54)
28 (1, 4, 0, 35, 7, 0, 0, 71, 4, 1, 0, 51)
29 (1, 4, 10, 3, 60, 0, 0, 78, 4, 1, 0, 46)
30 (1, 4, 0, 7, 23, 0, 0, 84, 4, 1, 0, 225)
31 (1, 4, 32, 0, 59, 0, 0, 77, 4, 1, 0, 222)
0 (1, 4, 3, 34, 0, 0, 0, 59, 4, 1, 0, 217)
1 (1, 4, 0, 0, 0, 0, 0, 58, 4, 1, 0, 187)
2 (1, 4, 0, 0, 0, 7, 0, 45, 4, 1, 0, 38)
3 (1, 4, 0, 0, 0, 0, 0, 59, 4, 1, 0, 100)
4 (1, 4, 0, 0, 8, 2, 0, 57, 4, 1, 0, 95)
5 (1, 4, 0, 0, 0, 4, 0, 71, 4, 1, 0, 176)
6 (1, 4, 96, 0, 38, 44, 0, 63, 4, 1, 0, 189)
7 (1, 4, 0, 44, 0, 73, 0, 72, 4, 1, 0, 172)
8 (1, 4, 105, 82, 0, 93, 0, 80, 4, 1, 0, 10)
9 (1, 4, 38, 168, 0, 91, 0, 60, 4, 1, 0, 31)
10 (1, 4, 290, 266, 0, 86, 0, 61, 4, 1, 0, 42)
11 (1, 4, 298, 77, 0, 104, 0, 131, 4, 0, 0, 47)
12 (1, 4, 257, 0, 0, 138, 28, 90, 4, 1, 0, 159)
13 (1, 4, 0, 0, 216, 0, 156, 18, 3, 1, 0, 131)
14 (1, 4, 440, 505, 873, 0, 119, 65, 4, 1, 0, 178)
15 (1, 4, 0, 56, 0, 0, 0, 61, 3, 1, 0, 145)
16 (1, 4, 0, 0, 0, 1, 86, 53, 5, 1, 0, 177)
17 (1, 4, 0, 3, 0, 0, 31, 76, 5, 1, 0, 214)
18 (1, 4, 0, 20, 0, 0, 0, 65, 4, 1, 0, 187)
19 (1, 4, 0, 0, 0, 0, 6, 51, 4, 1, 0, 159)
20 (1, 4, 0, 0, 0, 0, 8, 42, 4, 0, 0, 194)
21 (1, 4, 8, 0, 0, 0, 25, 14, 4, 0, 0, 154)
22 (1, 4, 11, 48, 99, 18, 30, 30, 3, 1, 0, 165)
23 (1, 4, 0, 190, 257, 46, 21, 21, 4, 1, 0, 192)
24 (1, 4, 0, 399, 587, 0, 0, 40, 4, 1, 0, 194)
25 (1, 4, 0, 490, 656, 0, 0, 45, 3, 1, 0, 29)
26 (1, 4, 0, 443, 558, 0, 0, 78, 4, 1, 0, 92)
27 (1, 4, 144, 389, 548, 0, 0, 96, 4, 1, 0, 26)
28 (1, 4, 0, 248, 147, 0, 0, 76, 4, 1, 0, 231)
29 (1, 4, 149, 0, 0, 0, 0, 46, 4, 1, 0, 222)
0 (1, 4, 112, 119, 33, 0, 0, 0, 4, 1, 0, 124)
1 (1, 4, 219, 36, 6, 0, 26, 0, 4, 0, 0, 48)
2 (1, 4, 0, 34, 0, 0, 27, 0, 4, 1, 0, 250)
3 (1, 4, 0, 68, 39, 0, 8, 0, 4, 1, 0, 25)
4 (1, 4, 58, 80, 134, 0, 14, 0, 4, 1, 0, 99)
5 (1, 4, 0, 0, 57, 0, 21, 0, 4, 1, 0, 44)
6 (1, 4, 0, 0, 25, 0, 0, 0, 4, 1, 0, 205)
7 (1, 4, 165, 0, 7, 0, 3, 10, 4, 1, 0, 67)
8 (1, 4, 39, 0, 0, 0, 39, 0, 4, 1, 0, 18)
9 (1, 4, 0, 0, 0, 0, 24, 0, 4, 1, 0, 222)
10 (1, 4, 0, 24, 0, 0, 9, 0, 4, 1, 0, 240)
11 (1, 4, 0, 2, 0, 0, 14, 0, 4, 1, 0, 39)
12 (1, 4, 0, 0, 0, 0, 14, 16, 4, 1, 0, 153)
13 (1, 4, 50, 0, 0, 0, 0, 23, 4, 1, 0, 97)
14 (1, 4, 0, 0, 0, 0, 0, 12, 4, 1, 0, 5)
15 (1, 4, 0, 0, 0, 0, 0, 33, 4, 1, 0, 228)
16 (1, 4, 122, 0, 0, 0, 0, 31, 3, 0, 0, 48)
17 (1, 4, 138, 0, 0, 0, 0, 19, 4, 1, 0, 86)
18 (1, 4, 45, 0, 0, 0, 0, 47, 4, 1, 0, 67)
19 (1, 4, 152, 0, 0, 91, 0, 36, 4, 1, 0, 48)
20 (1, 4, 215, 0, 0, 75, 0, 66, 4, 1, 0, 60)
21 (1, 4, 143, 0, 0, 0, 0, 64, 5, 1, 0, 242)
22 (1, 4, 229, 0, 0, 100, 0, 42, 4, 1, 0, 69)
23 (1, 4, 157, 0, 47, 157, 28, 36, 4, 1, 0, 60)
24 (1, 4, 0, 0, 132, 38, 99, 26, 4, 1, 0, 130)
25 (1, 4, 111, 265, 546, 0, 177, 0, 4, 1, 0, 195)
26 (1, 4, 0, 165, 454, 0, 0, 8, 5, 1, 0, 152)
27 (1, 4, 696, 0, 59, 0, 35, 61, 4, 1, 0, 238)
28 (1, 4, 6, 32, 0, 12, 44, 92, 4, 1, 0, 222)
29 (1, 4, 0, 55, 41, 0, 4, 96, 4, 1, 0, 234)
30 (1, 4, 6, 37, 26, 0, 0, 99, 4, 1, 0, 125)
31 (1, 4, 136, 0, 44, 0, 5, 93, 4, 1, 0, 175)
0 (1, 4, 117, 0, 0, 0, 0, 8, 4, 0, 0, 131)
1 (1, 4, 116, 0, 0, 0, 0, 16, 4, 0, 0, 180)
2 (1, 4, 96, 0, 0, 0, 0, 23, 4, 0, 0, 127)
3 (1, 4, 22, 0, 0, 0, 0, 23, 4, 0, 0, 245)
4 (1, 4, 175, 0, 0, 0, 0, 27, 4, 0, 0, 38)
5 (1, 4, 173, 0, 0, 0, 0, 47, 4, 1, 0, 86)
6 (1, 4, 297, 0, 0, 32, 0, 30, 4, 1, 0, 61)
7 (1, 4, 226, 0, 0, 68, 0, 45, 4, 1, 0, 149)
8 (1, 4, 262, 0, 0, 98, 0, 57, 4, 1, 0, 249)
9 (1, 4, 156, 0, 0, 131, 0, 62, 4, 1, 0, 255)
10 (1, 4, 68, 0, 19, 120, 0, 17, 4, 1, 0, 208)
11 (1, 4, 3, 37, 227, 0, 146, 0, 3, 1, 0, 0)
12 (1, 4, 126, 410, 664, 0, 68, 60, 5, 1, 0, 197)
13 (1, 4, 112, 0, 0, 0, 0, 252, 4, 1, 0, 22)
14 (1, 4, 238, 0, 25, 13, 99, 32, 3, 1, 0, 77)
15 (1, 4, 0, 64, 26, 0, 8, 109, 5, 1, 0, 242)
16 (1, 4, 0, 0, 0, 0, 0, 53, 4, 1, 0, 66)
17 (1, 4, 22, 23, 0, 0, 0, 4, 3, 1, 0, 97)
18 (1, 4, 0, 186, 0, 0, 35, 0, 4, 1, 0, 96)
19 (1, 4, 32, 192, 67, 0, 25, 0, 5, 1, 0, 192)
20 (1, 4, 0, 361, 104, 0, 60, 0, 3, 1, 0, 2)
21 (1, 4, 0, 479, 323, 0, 53, 0, 4, 0, 0, 73)
22 (1, 4, 0, 324, 493, 0, 0, 0, 5, 1, 0, 155)
23 (1, 4, 0, 330, 435, 0, 0, 10, 4, 1, 0, 231)
24 (1, 4, 0, 0, 313, 0, 0, 4, 4, 1, 0, 27)
25 (1, 4, 0, 21, 231, 0, 0, 0, 4, 0, 0, 238)
26 (1, 4, 0, 0, 112, 0, 0, 0, 4, 0, 0, 139)
27 (1, 4, 0, 107, 4, 0, 0, 0, 4, 1, 0, 238)
28 (1, 4, 0, 187, 0, 0, 0, 0, 4, 1, 0, 83)
29 (1, 4, 0, 166, 0, 0, 0, 2, 4, 1, 0, 87)
0 (1, 4, 285, 0, 0, 54, 0, 18, 4, 1, 0, 8)
1 (1, 4, 258, 34, 0, 52, 0, 39, 5, 1, 0, 153)
2 (1, 4, 285, 70, 0, 88, 0, 67, 4, 1, 0, 243)
3 (1, 4, 168, 51, 0, 121, 0, 80, 4, 1, 0, 249)
4 (1, 4, 22, 0, 120, 78, 47, 67, 4, 1, 0, 112)
5 (1, 4, 0, 0, 251, 0, 136, 0, 3, 1, 0, 202)
6 (1, 4, 17, 397, 738, 0, 49, 63, 5, 1, 0, 53)
7 (1, 4, 105, 1, 0, 0, 0, 254, 5, 1, 0, 230)
8 (1, 4, 46, 51, 22, 0, 81, 33, 3, 1, 0, 205)
9 (1, 4, 0, 143, 85, 0, 5, 105, 4, 1, 0, 47)
10 (1, 4, 0, 0, 0, 0, 0, 85, 5, 1, 0, 196)
11 (1, 4, 0, 0, 0, 0, 20, 43, 4, 1, 0, 209)
12 (1, 4, 0, 0, 0, 0, 0, 19, 4, 1, 0, 47)
13 (1, 4, 69, 15, 0, 0, 18, 11, 5, 0, 0, 102)
14 (1, 4, 0, 137, 61, 0, 2, 28, 3, 0, 0, 150)
15 (1, 4, 71, 273, 220, 0, 9, 50, 3, 0, 0, 174)
16 (1, 4, 0, 363, 286, 0, 0, 92, 3, 0, 0, 241)
17 (1, 4, 321, 51, 323, 0, 0, 68, 2, 0, 0, 105)
18 (1, 4, 0, 506, 319, 0, 0, 59, 4, 0, 0, 144)
19 (1, 4, 0, 337, 338, 0, 0, 96, 3, 0, 0, 120)
20 (1, 4, 3, 197, 272, 0, 0, 50, 2, 0, 0, 172)
21 (1, 4, 0, 143, 85, 0, 0, 19, 3, 0, 0, 147)
22 (1, 4, 0, 47, 0, 0, 0, 10, 3, 0, 0, 248)
23 (1, 4, 0, 43, 0, 0, 10, 0, 3, 0, 0, 66)
24 (1, 4, 0, 22, 0, 0, 15, 0, 3, 0, 0, 167)
25 (1, 4, 0, 0, 0, 0, 0, 0, 4, 0, 0, 241)
26 (1, 4, 0, 52, 0, 0, 3, 0, 3, 0, 0, 42)
27 (1, 4, 0, 34, 0, 0, 4, 14, 3, 0, 0, 178)
28 (1, 4, 0, 0, 0, 0, 0, 3, 4, 0, 0, 151)
0 (1, 4, 207, 6, 0, 33, 0, 56, 5, 1, 0, 231)
1 (1, 4, 304, 58, 0, 94, 0, 55, 5, 1, 0, 89)
2 (1, 4, 214, 40, 0, 123, 8, 71, 5, 1, 0, 84)
3 (1, 4, 207, 0, 193, 70, 89, 0, 5, 1, 0, 16)
4 (1, 4, 0, 357, 488, 0, 115, 0, 4, 1, 0, 93)
5 (1, 4, 0, 229, 461, 0, 0, 7, 4, 1, 0, 135)
6 (1, 4, 474, 0, 1, 0, 28, 91, 4, 1, 0, 161)
7 (1, 4, 94, 0, 0, 0, 46, 86, 5, 1, 0, 66)
8 (1, 4, 33, 0, 2, 0, 13, 106, 3, 1, 0, 185)
9 (1, 4, 0, 0, 1, 0, 0, 95, 5, 1, 0, 3)
10 (1, 4, 9, 0, 0, 0, 0, 80, 5, 1, 0, 16)
11 (1, 4, 0, 0, 0, 0, 0, 43, 4, 1, 0, 183)
12 (1, 4, 0, 0, 0, 0, 0, 12, 4, 0, 0, 110)
13 (1, 4, 0, 68, 0, 0, 14, 0, 4, 0, 0, 120)
14 (1, 4, 0, 153, 55, 0, 0, 36, 7, 0, 0, 129)
15 (1, 4, 0, 83, 134, 0, 0, 53, 5, 0, 0, 241)
16 (1, 4, 0, 152, 244, 0, 0, 63, 4, 0, 0, 124)
17 (1, 4, 0, 197, 380, 0, 0, 46, 5, 0, 0, 60)
18 (1, 4, 0, 427, 503, 0, 0, 107, 5, 0, 0, 133)
19 (1, 4, 60, 0, 419, 0, 0, 103, 4, 0, 0, 128)
20 (1, 4, 0, 149, 379, 0, 0, 57, 5, 0, 0, 251)
21 (1, 4, 0, 214, 345, 0, 0, 28, 5, 0, 0, 122)
22 (1, 4, 0, 133, 113, 0, 0, 3, 5, 0, 0, 117)
23 (1, 4, 0, 78, 0, 0, 0, 0, 6, 0, 0, 178)
24 (1, 4, 0, 22, 0, 0, 0, 0, 6, 0, 0, 227)
25 (1, 4, 0, 97, 0, 0, 0, 0, 6, 0, 0, 193)
26 (1, 4, 0, 79, 0, 0, 0, 6, 6, 0, 0, 203)
27 (1, 4, 13, 60, 0, 0, 0, 8, 6, 0, 0, 83)
28 (1, 4, 114, 0, 2, 0, 0, 28, 6, 0, 0, 228)
0 (1, 4, 187, 92, 0, 40, 0, 74, 6, 1, 0, 130)
1 (1, 4, 149, 0, 0, 71, 0, 109, 6, 1, 0, 177)
2 (1, 4, 197, 24, 0, 127, 0, 55, 6, 1, 0, 41)
3 (1, 4, 128, 86, 0, 117, 0, 55, 5, 1, 0, 113)
4 (1, 4, 136, 0, 95, 42, 59, 14, 5, 1, 0, 139)
5 (1, 4, 17, 398, 343, 0, 72, 28, 6, 1, 0, 251)
6 (1, 4, 0, 65, 258, 0, 0, 0, 5, 1, 0, 188)
7 (1, 4, 368, 0, 0, 0, 61, 127, 4, 1, 0, 43)
8 (1, 4, 0, 0, 0, 0, 3, 76, 6, 1, 0, 15)
9 (1, 4, 13, 0, 0, 0, 28, 100, 5, 1, 0, 136)
10 (1, 4, 0, 0, 0, 0, 0, 78, 4, 1, 0, 249)
11 (1, 4, 0, 0, 0, 0, 3, 65, 6, 1, 0, 79)
12 (1, 4, 0, 0, 3, 0, 0, 46, 5, 1, 0, 196)
13 (1, 4, 0, 0, 0, 0, 0, 48, 4, 1, 0, 232)
14 (1, 4, 0, 0, 0, 0, 12, 58, 5, 0, 0, 144)
15 (1, 4, 0, 26, 88, 0, 0, 48, 5, 0, 0, 102)
16 (1, 4, 0, 67, 197, 0, 0, 29, 4, 0, 0, 249)
17 (1, 4, 0, 195, 196, 0, 0, 19, 3, 0, 0, 99)
18 (1, 4, 0, 159, 354, 0, 0, 48, 4, 0, 0, 37)
19 (1, 4, 61, 170, 472, 0, 0, 34, 5, 0, 0, 99)
20 (1, 4, 0, 278, 554, 0, 0, 0, 4, 0, 0, 21)
21 (1, 4, 47, 0, 514, 0, 0, 19, 4, 0, 0, 76)
22 (1, 4, 184, 81, 377, 0, 0, 0, 4, 0, 0, 235)
23 (1, 4, 0, 62, 50, 0, 0, 4, 3, 0, 0, 164)
24 (1, 4, 0, 53, 0, 0, 0, 9, 3, 0, 0, 33)
25 (1, 4, 0, 41, 0, 0, 0, 1, 4, 0, 0, 234)
26 (1, 4, 0, 65, 25, 0, 0, 0, 4, 0, 0, 144)
27 (1, 4, 0, 39, 17, 0, 0, 0, 4, 0, 0, 218)
28 (1, 4, 0, 75, 14, 0, 0, 0, 4, 0, 0, 212)
29 (1, 4, 0, 36, 0, 0, 0, 0, 4, 0, 0, 233)
30 (1, 4, 16, 0, 0, 0, 0, 0, 4, 0, 0, 17)
0 (1, 4, 0, 0, 0, 0, 0, 23, 5, 1, 0, 56)
1 (1, 4, 167, 0, 0, 0, 0, 32, 5, 1, 0, 161)
2 (1, 4, 210, 32, 0, 21, 0, 23, 4, 1, 0, 108)
3 (1, 4, 221, 57, 0, 17, 0, 46, 4, 1, 0, 106)
4 (1, 4, 215, 122, 0, 30, 0, 54, 5, 1, 0, 163)
5 (1, 4, 294, 58, 0, 34, 0, 118, 5, 1, 0, 72)
6 (1, 4, 264, 0, 0, 89, 0, 125, 5, 1, 0, 56)
7 (1, 4, 230, 0, 0, 126, 0, 98, 5, 1, 0, 171)
8 (1, 4, 74, 0, 128, 28, 79, 0, 4, 1, 0, 78)
9 (1, 4, 99, 305, 413, 0, 121, 5, 4, 1, 0, 16)
10 (1, 4, 0, 559, 405, 0, 0, 98, 7, 1, 0, 198)
11 (1, 4, 311, 0, 0, 0, 113, 62, 4, 1, 0, 42)
12 (1, 4, 0, 114, 76, 0, 3, 74, 4, 1, 0, 83)
13 (1, 4, 0, 18, 18, 0, 0, 117, 5, 1, 0, 57)
14 (1, 4, 33, 0, 0, 0, 0, 77, 5, 1, 0, 52)
15 (1, 4, 19, 0, 0, 0, 0, 53, 4, 1, 0, 176)
16 (1, 4, 0, 51, 0, 0, 19, 22, 5, 1, 0, 146)
17 (1, 4, 0, 120, 9, 0, 0, 36, 3, 1, 0, 220)
18 (1, 4, 0, 212, 71, 0, 0, 40, 5, 1, 0, 148)
19 (1, 4, 0, 129, 40, 0, 0, 53, 5, 0, 0, 189)
20 (1, 4, 0, 201, 94, 0, 0, 60, 7, 0, 0, 119)
21 (1, 4, 0, 208, 240, 0, 0, 66, 7, 0, 0, 195)
22 (1, 4, 0, 265, 330, 0, 0, 36, 7, 0, 0, 85)
23 (1, 4, 0, 228, 437, 0, 0, 55, 6, 0, 0, 41)
24 (1, 4, 0, 0, 357, 0, 0, 44, 6, 0, 0, 153)
25 (1, 4, 0, 0, 242, 0, 0, 24, 6, 0, 0, 168)
26 (1, 4, 0, 26, 152, 0, 0, 12, 6, 0, 0, 39)
27 (1, 4, 0, 42, 100, 0, 0, 0, 6, 0, 0, 114)
28 (1, 4, 0, 74, 91, 0, 0, 0, 6, 0, 0, 235)
0 (1, 4, 0, 101, 156, 0, 0, 27, 3, 0, 0, 197)
1 (1, 4, 0, 198, 287, 0, 0, 52, 4, 0, 0, 184)
2 (1, 4, 0, 223, 462, 0, 0, 18, 3, 0, 0, 122)
3 (1, 4, 68, 68, 550, 0, 0, 54, 4, 0, 0, 146)
4 (1, 4, 0, 202, 295, 0, 0, 46, 4, 0, 0, 108)
5 (1, 4, 166, 0, 314, 0, 0, 45, 3, 0, 0, 128)
6 (1, 4, 0, 50, 171, 0, 0, 1, 3, 0, 0, 193)
7 (1, 4, 0, 149, 94, 0, 0, 0, 4, 0, 0, 183)
8 (1, 4, 0, 113, 9, 0, 0, 0, 4, 0, 0, 76)
9 (1, 4, 0, 68, 0, 0, 0, 0, 4, 0, 0, 168)
10 (1, 4, 0, 17, 0, 0, 0, 0, 4, 0, 0, 37)
11 (1, 4, 0, 0, 0, 0, 0, 0, 4, 0, 0, 241)
12 (1, 4, 0, 9, 0, 0, 0, 9, 4, 0, 0, 194)
13 (1, 4, 0, 0, 0, 0, 0, 3, 4, 0, 0, 151)
14 (1, 4, 0, 24, 0, 0, 0, 0, 4, 0, 0, 35)
15 (1, 4, 0, 13, 0, 0, 0, 0, 4, 0, 0, 45)
16 (1, 4, 0, 0, 10, 0, 0, 0, 4, 0, 0, 98)
17 (1, 4, 62, 0, 14, 0, 0, 0, 4, 0, 0, 79)
18 (1, 4, 112, 0, 8, 0, 0, 0, 4, 0, 0, 227)
19 (1, 4, 75, 0, 7, 0, 0, 2, 4, 0, 0, 70)
20 (1, 4, 113, 0, 5, 0, 0, 0, 4, 0, 0, 155)
21 (1, 4, 70, 0, 13, 0, 0, 0, 4, 0, 0, 42)
22 (1, 4, 72, 3, 11, 0, 0, 0, 4, 0, 0, 215)
23 (1, 4, 58, 0, 8, 0, 4, 0, 4, 0, 0, 229)
24 (1, 4, 4, 7, 11, 0, 1, 0, 3, 0, 0, 156)
25 (1, 4, 0, 1, 4, 0, 0, 0, 4, 0, 0, 26)
26 (1, 4, 0, 7, 1, 0, 0, 0, 4, 0, 0, 103)
27 (1, 4, 0, 7, 0, 0, 0, 0, 4, 0, 0, 243)
28 (1, 4, 0, 0, 0, 0, 0, 0, 4, 0, 0, 241)
29 (1, 4, 0, 9, 0, 0, 0, 0, 4, 0, 0, 247)
30 (1, 4, 1, 2, 0, 0, 0, 0, 4, 0, 0, 146)
31 (1, 4, 10, 0, 0, 0, 0, 0, 4, 0, 0, 157)
0 (1, 4, 47, 0, 0, 0, 0, 34, 4, 0, 0, 116)
1 (1, 4, 259, 0, 0, 0, 0, 21, 4, 0, 0, 152)
2 (1, 4, 136, 74, 0, 0, 0, 7, 4, 1, 0, 177)
3 (1, 4, 94, 0, 0, 0, 0, 25, 4, 1, 0, 65)
4 (1, 4, 326, 0, 0, 0, 0, 23, 4, 1, 0, 245)
5 (1, 4, 248, 0, 0, 0, 0, 15, 5, 1, 0, 202)
6 (1, 4, 305, 0, 0, 25, 9, 9, 5, 1, 0, 78)
7 (1, 4, 225, 0, 0, 58, 0, 50, 5, 1, 0, 190)
8 (1, 4, 244, 0, 0, 84, 0, 86, 5, 1, 0, 127)
9 (1, 4, 182, 0, 2, 133, 0, 105, 5, 1, 0, 222)
10 (1, 4, 73, 0, 102, 114, 0, 81, 5, 1, 0, 199)
11 (1, 4, 16, 0, 240, 0, 109, 0, 5, 1, 0, 223)
12 (1, 4, 55, 292, 493, 0, 45, 54, 4, 1, 0, 93)
13 (1, 4, 0, 226, 179, 0, 0, 94, 4, 1, 0, 204)
14 (1, 4, 304, 0, 0, 0, 49, 69, 5, 1, 0, 195)
15 (1, 4, 0, 11, 29, 4, 20, 73, 4, 1, 0, 146)
16 (1, 4, 14, 0, 4, 0, 0, 90, 4, 1, 0, 85)
17 (1, 4, 0, 3, 0, 0, 0, 101, 5, 1, 0, 110)
18 (1, 4, 0, 0, 0, 0, 0, 85, 5, 1, 0, 196)
19 (1, 4, 0, 0, 0, 0, 0, 38, 4, 1, 0, 247)
20 (1, 4, 0, 0, 0, 0, 0, 27, 5, 1, 0, 167)
21 (1, 4, 0, 0, 0, 0, 0, 24, 5, 1, 0, 193)
22 (1, 4, 0, 39, 10, 0, 0, 27, 3, 0, 0, 212)
23 (1, 4, 0, 86, 189, 0, 20, 31, 5, 1, 0, 231)
24 (1, 4, 0, 364, 350, 0, 0, 41, 5, 0, 0, 222)
25 (1, 4, 73, 252, 429, 0, 0, 43, 4, 1, 0, 44)
26 (1, 4, 0, 105, 407, 0, 0, 91, 4, 0, 0, 154)
27 (1, 4, 0, 154, 529, 0, 0, 11, 4, 0, 0, 146)
28 (1, 4, 0, 225, 593, 0, 0, 16, 3, 0, 0, 84)
29 (1, 4, 0, 38, 231, 0, 0, 0, 3, 0, 0, 188)
30 (1, 4, 0, 14, 0, 0, 0, 0, 4, 0, 0, 245)
0 (1, 4, 342, 93, 0, 0, 0, 12, 5, 1, 0, 22)
1 (1, 4, 251, 0, 0, 0, 0, 23, 5, 1, 0, 225)
2 (1, 4, 293, 0, 0, 17, 0, 14, 5, 1, 0, 197)
3 (1, 4, 219, 0, 0, 26, 0, 42, 5, 1, 0, 37)
4 (1, 4, 245, 5, 0, 38, 0, 59, 5, 1, 0, 79)
5 (1, 4, 280, 3, 0, 82, 0, 86, 5, 1, 0, 244)
6 (1, 4, 306, 0, 0, 109, 0, 100, 5, 1, 0, 247)
7 (1, 4, 288, 0, 200, 142, 23, 52, 4, 1, 0, 20)
8 (1, 4, 0, 28, 143, 0, 92, 0, 5, 1, 0, 229)
9 (1, 4, 149, 416, 522, 0, 126, 46, 5, 1, 0, 241)
10 (1, 4, 0, 694, 70, 0, 0, 131, 5, 1, 0, 70)
11 (1, 4, 215, 0, 11, 11, 85, 20, 5, 1, 0, 211)
12 (1, 4, 55, 29, 40, 0, 3, 80, 6, 1, 0, 177)
13 (1, 4, 0, 31, 36, 0, 0, 107, 4, 1, 0, 130)
14 (1, 4, 0, 7, 4, 0, 0, 95, 4, 1, 0, 169)
15 (1, 4, 24, 0, 3, 0, 0, 90, 6, 1, 0, 176)
16 (1, 4, 0, 0, 0, 0, 0, 84, 6, 1, 0, 189)
17 (1, 4, 0, 0, 0, 0, 0, 61, 4, 1, 0, 168)
18 (1, 4, 0, 41, 0, 0, 5, 37, 4, 1, 0, 207)
19 (1, 4, 0, 151, 0, 0, 0, 38, 5, 1, 0, 247)
20 (1, 4, 0, 95, 0, 0, 0, 33, 4, 0, 0, 220)
21 (1, 4, 0, 183, 42, 0, 0, 0, 3, 0, 0, 21)
22 (1, 4, 0, 0, 80, 0, 0, 64, 4, 0, 0, 48)
23 (1, 4, 79, 0, 229, 0, 0, 0, 4, 0, 0, 28)
24 (1, 4, 0, 103, 363, 0, 0, 12, 2, 0, 0, 57)
25 (1, 4, 201, 3, 515, 0, 0, 0, 3, 0, 0, 227)
26 (1, 4, 0, 68, 495, 0, 0, 32, 4, 0, 0, 249)
27 (1, 4, 150, 0, 467, 0, 0, 22, 3, 0, 0, 133)
28 (1, 4, 0, 118, 370, 0, 0, 3, 3, 0, 0, 33)
29 (1, 4, 0, 151, 119, 0, 0, 0, 3, 0, 0, 37)
30 (1, 4, 0, 80, 0, 0, 0, 0, 3, 0, 0, 58)
31 (1, 4, 0, 0, 0, 0, 0, 0, 3, 0, 0, 216)
0 (1, 4, 280, 82, 0, 0, 0, 0, 4, 0, 0, 236)
1 (1, 4, 291, 46, 0, 0, 0, 11, 5, 1, 0, 101)
2 (1, 4, 325, 30, 0, 0, 0, 22, 5, 1, 0, 63)
3 (1, 4, 212, 12, 0, 0, 0, 30, 4, 1, 0, 66)
4 (1, 4, 120, 0, 0, 0, 0, 39, 5, 1, 0, 148)
5 (1, 4, 250, 8, 0, 0, 0, 35, 5, 1, 0, 91)
6 (1, 4, 168, 42, 0, 51, 0, 32, 5, 1, 0, 216)
7 (1, 4, 206, 131, 38, 71, 0, 63, 5, 1, 0, 101)
8 (1, 4, 177, 84, 0, 61, 0, 106, 5, 1, 0, 206)
9 (1, 4, 162, 0, 110, 84, 0, 102, 4, 1, 0, 234)
10 (1, 4, 0, 0, 55, 47, 6, 74, 5, 1, 0, 215)
11 (1, 4, 65, 0, 169, 0, 74, 58, 5, 1, 0, 80)
12 (1, 4, 0, 177, 446, 0, 0, 51, 4, 1, 0, 121)
13 (1, 4, 415, 0, 0, 0, 0, 199, 4, 1, 0, 235)
14 (1, 4, 0, 0, 71, 11, 70, 28, 5, 1, 0, 120)
15 (1, 4, 220, 230, 254, 0, 0, 93, 4, 1, 0, 201)
16 (1, 4, 11, 0, 0, 0, 0, 102, 4, 1, 0, 208)
17 (1, 4, 36, 15, 18, 0, 23, 92, 5, 1, 0, 2)
18 (1, 4, 0, 35, 45, 0, 0, 104, 4, 1, 0, 6)
19 (1, 4, 0, 0, 0, 0, 3, 102, 4, 1, 0, 57)
20 (1, 4, 0, 46, 32, 0, 0, 89, 5, 1, 0, 99)
21 (1, 4, 0, 0, 26, 0, 0, 111, 4, 1, 0, 107)
22 (1, 4, 0, 0, 0, 0, 0, 79, 3, 1, 0, 15)
23 (1, 4, 0, 52, 0, 0, 0, 63, 5, 1, 0, 10)
24 (1, 4, 0, 33, 0, 0, 0, 25, 4, 1, 0, 11)
25 (1, 4, 0, 143, 0, 0, 0, 0, 3, 0, 0, 104)
26 (1, 4, 0, 330, 0, 0, 0, 15, 4, 0, 0, 176)
27 (1, 4, 0, 276, 64, 0, 0, 18, 5, 0, 0, 92)
28 (1, 4, 0, 99, 73, 0, 0, 50, 3, 0, 0, 89)
29 (1, 4, 0, 0, 266, 0, 0, 6, 4, 0, 0, 243)
30 (1, 4, 54, 134, 402, 0, 0, 21, 5, 0, 0, 163)
31 (1, 4, 347, 119, 290, 0, 0, 57, 3, 0, 0, 56)
0 (1, 4, 285, 130, 0, 100, 0, 65, 5, 1, 0, 234)
1 (1, 4, 349, 0, 0, 123, 0, 78, 5, 1, 0, 164)
2 (1, 4, 308, 0, 139, 43, 73, 18, 6, 1, 0, 77)
3 (1, 4, 169, 669, 439, 0, 33, 22, 5, 1, 0, 134)
4 (1, 4, 0, 0, 0, 0, 0, 0, 5, 2, 0, 69)
5 (1, 4, 338, 0, 101, 0, 62, 99, 6, 1, 0, 60)
6 (1, 4, 0, 8, 0, 0, 0, 86, 6, 1, 0, 183)
7 (1, 4, 2, 27, 14, 0, 0, 102, 4, 1, 0, 105)
8 (1, 4, 53, 0, 13, 0, 0, 85, 6, 1, 0, 5)
9 (1, 4, 66, 0, 45, 0, 7, 93, 6, 1, 0, 253)
10 (1, 4, 0, 0, 4, 0, 16, 66, 4, 1, 0, 189)
11 (1, 4, 0, 12, 0, 0, 4, 46, 5, 1, 0, 245)
12 (1, 4, 0, 168, 0, 0, 17, 0, 5, 1, 0, 116)
13 (1, 4, 0, 484, 0, 0, 0, 0, 4, 0, 0, 142)
14 (1, 4, 0, 4, 2, 0, 0, 34, 4, 0, 0, 28)
15 (1, 4, 26, 0, 156, 0, 0, 0, 5, 0, 0, 115)
16 (1, 4, 0, 71, 329, 0, 0, 0, 4, 0, 0, 254)
17 (1, 4, 0, 0, 450, 0, 0, 28, 4, 0, 0, 197)
18 (1, 4, 427, 0, 505, 0, 0, 0, 3, 0, 0, 148)
19 (1, 4, 7, 0, 474, 0, 0, 0, 4, 0, 0, 96)
20 (1, 4, 0, 0, 187, 0, 0, 0, 0, 0, 0, 9)
21 (1, 4, 32, 0, 63, 0, 0, 13, 0, 0, 0, 33)
22 (1, 4, 152, 0, 60, 0, 0, 0, 0, 0, 0, 152)
23 (1, 4, 0, 58, 40, 0, 0, 0, 0, 0, 0, 65)
24 (1, 4, 0, 245, 2, 0, 0, 0, 0, 0, 0, 31)
25 (1, 4, 0, 34, 0, 0, 0, 45, 0, 0, 0, 48)
26 (1, 4, 0, 0, 0, 0, 0, 0, 0, 0, 0, 126)
27 (1, 4, 0, 33, 2, 0, 0, 0, 0, 0, 0, 38)
28 (1, 4, 0, 1, 0, 0, 8, 1, 0, 0, 0, 213)
29 (1, 4, 0, 27, 0, 0, 0, 0, 0, 0, 0, 116)
0 (1, 4, 0, 11, 0, 0, 0, 0, 0, 0, 0, 21)
1 (1, 4, 0, 7, 0, 0, 0, 0, 0, 0, 0, 124)
2 (1, 4, 0, 5, 0, 0, 0, 0, 0, 0, 0, 17)
3 (1, 4, 0, 4, 0, 0, 0, 0, 0, 0, 0, 164)
4 (1, 4, 0, 3, 0, 0, 0, 0, 0, 0, 0, 166)
5 (1, 4, 0, 0, 0, 0, 0, 0, 0, 0, 0, 126)
6 (1, 4, 0, 0, 0, 0, 0, 0, 0, 0, 0, 126)
7 (1, 4, 31, 0, 0, 0, 0, 0, 0, 0, 0, 196)
8 (1, 4, 0, 70, 0, 0, 0, 0, 0, 0, 0, 74)
9 (1, 4, 204, 104, 0, 0, 0, 0, 0, 0, 0, 88)
10 (1, 4, 837, 142, 0, 0, 0, 0, 4, 0, 0, 77)
11 (1, 4, 754, 0, 0, 0, 0, 0, 4, 0, 0, 82)
12 (1, 4, 30, 0, 0, 0, 0, 71, 4, 1, 0, 120)
13 (1, 4, 366, 0, 0, 0, 0, 17, 5, 1, 0, 236)
14 (1, 4, 63, 0, 0, 0, 0, 35, 4, 1, 0, 32)
15 (1, 4, 177, 0, 0, 4, 0, 23, 4, 1, 0, 26)
16 (1, 4, 219, 0, 0, 14, 0, 40, 5, 1, 0, 23)
17 (1, 4, 222, 44, 0, 34, 0, 52, 5, 1, 0, 171)
18 (1, 4, 226, 33, 0, 41, 0, 103, 5, 1, 0, 49)
19 (1, 4, 160, 0, 0, 91, 0, 125, 5, 1, 0, 166)
20 (1, 4, 39, 0, 58, 82, 28, 96, 5, 1, 0, 88)
21 (1, 4, 0, 0, 205, 8, 79, 2, 5, 1, 0, 118)
22 (1, 4, 93, 293, 524, 0, 41, 0, 4, 1, 0, 16)
23 (1, 4, 0, 349, 377, 0, 0, 139, 5, 1, 0, 42)
24 (1, 4, 69, 0, 0, 0, 94, 81, 5, 1, 0, 65)
25 (1, 4, 0, 64, 51, 0, 15, 68, 5, 1, 0, 216)
26 (1, 4, 0, 0, 11, 0, 4, 94, 4, 1, 0, 206)
27 (1, 4, 0, 24, 27, 0, 3, 80, 5, 1, 0, 79)
28 (1, 4, 16, 0, 19, 0, 0, 94, 5, 1, 0, 108)
29 (1, 4, 0, 0, 0, 0, 0, 84, 4, 1, 0, 121)
30 (1, 4, 0, 0, 0, 0, 0, 73, 5, 1, 0, 136)
31 (1, 4, 0, 0, 0, 0, 0, 25, 5, 1, 0, 30)
0 (1, 4, 62, 35, 594, 0, 0, 0, 4, 0, 0, 137)
1 (1, 4, 0, 88, 612, 0, 0, 24, 3, 0, 0, 81)
2 (1, 4, 0, 0, 340, 0, 0, 0, 3, 0, 0, 95)
3 (1, 4, 0, 60, 207, 0, 0, 0, 0, 0, 0, 231)
4 (1, 4, 0, 84, 95, 0, 0, 0, 0, 0, 0, 155)
5 (1, 4, 0, 117, 10, 0, 0, 0, 0, 0, 0, 162)
6 (1, 4, 0, 82, 0, 0, 0, 0, 0, 0, 0, 241)
7 (1, 4, 0, 73, 0, 0, 0, 0, 0, 0, 0, 251)
8 (1, 4, 0, 42, 0, 0, 0, 0, 0, 0, 0, 98)
9 (1, 4, 0, 56, 0, 0, 0, 0, 0, 0, 0, 110)
10 (1, 4, 0, 0, 1, 0, 42, 58, 0, 0, 0, 245)
11 (1, 4, 250, 0, 0, 0, 0, 0, 0, 0, 0, 169)
12 (1, 4, 26, 0, 28, 0, 7, 0, 0, 0, 0, 7)
13 (1, 4, 0, 0, 11, 0, 0, 0, 0, 0, 0, 121)
14 (1, 4, 10, 0, 0, 0, 0, 0, 0, 0, 0, 18)
15 (1, 4, 0, 66, 19, 0, 0, 10, 0, 0, 0, 7)
16 (1, 4, 204, 0, 23, 0, 0, 34, 0, 0, 0, 40)
17 (1, 4, 314, 0, 0, 0, 0, 7, 4, 0, 0, 171)
18 (1, 4, 39, 0, 0, 0, 0, 18, 4, 1, 0, 29)
19 (1, 4, 287, 0, 0, 0, 0, 0, 5, 1, 0, 64)
20 (1, 4, 156, 0, 0, 0, 0, 10, 4, 1, 0, 116)
21 (1, 4, 311, 0, 0, 0, 0, 6, 4, 1, 0, 89)
22 (1, 4, 231, 0, 0, 0, 0, 18, 5, 1, 0, 227)
23 (1, 4, 157, 0, 0, 0, 0, 12, 5, 1, 0, 212)
24 (1, 4, 226, 0, 0, 18, 0, 39, 5, 1, 0, 196)
25 (1, 4, 101, 0, 0, 84, 0, 54, 5, 1, 0, 96)
26 (1, 4, 155, 0, 0, 128, 0, 67, 5, 1, 0, 225)
27 (1, 4, 157, 11, 45, 109, 0, 55, 5, 1, 0, 110)
28 (1, 4, 63, 21, 140, 31, 60, 23, 6, 1, 0, 6)
29 (1, 4, 143, 260, 454, 0, 135, 14, 4, 1, 0, 182)
30 (1, 4, 0, 698, 561, 0, 0, 45, 7, 1, 0, 195)
31 (1, 4, 621, 0, 0, 81, 224, 0, 5, 1, 0, 234)
0 (1, 4, 66, 0, 0, 0, 0, 51, 0, 0, 0, 255)
1 (1, 4, 226, 0, 0, 0, 0, 27, 4, 0, 0, 233)
2 (1, 4, 223, 71, 0, 0, 0, 18, 4, 1, 0, 87)
3 (1, 4, 213, 0, 0, 0, 0, 46, 5, 0, 0, 94)
4 (1, 4, 22, 0, 0, 0, 0, 0, 4, 1, 0, 94)
5 (1, 4, 216, 0, 0, 0, 0, 31, 4, 1, 0, 188)
6 (1, 4, 161, 39, 0, 26, 9, 13, 5, 1, 0, 45)
7 (1, 4, 326, 0, 0, 57, 0, 53, 5, 1, 0, 118)
8 (1, 4, 234, 30, 0, 111, 0, 61, 5, 1, 0, 1)
9 (1, 4, 250, 0, 16, 81, 0, 112, 5, 1, 0, 90)
10 (1, 4, 74, 0, 11, 63, 16, 57, 6, 1, 0, 197)
11 (1, 4, 132, 0, 266, 0, 11, 60, 5, 1, 0, 188)
12 (1, 4, 0, 315, 374, 0, 94, 77, 5, 1, 0, 201)
13 (1, 4, 0, 401, 76, 0, 0, 46, 7, 1, 0, 146)
14 (1, 4, 157, 0, 0, 0, 44, 87, 5, 1, 0, 225)
15 (1, 4, 0, 139, 59, 0, 0, 80, 5, 1, 0, 130)
16 (1, 4, 0, 0, 0, 0, 0, 79, 6, 1, 0, 226)
17 (1, 4, 0, 58, 0, 0, 0, 68, 5, 1, 0, 181)
18 (1, 4, 0, 73, 0, 0, 0, 43, 4, 1, 0, 50)
19 (1, 4, 0, 146, 0, 0, 0, 24, 4, 0, 0, 197)
20 (1, 4, 0, 134, 0, 0, 0, 0, 5, 0, 0, 37)
21 (1, 4, 0, 163, 0, 0, 0, 0, 3, 0, 0, 195)
22 (1, 4, 0, 167, 141, 0, 0, 28, 4, 0, 0, 251)
23 (1, 4, 0, 0, 240, 0, 0, 0, 4, 0, 0, 122)
24 (1, 4, 0, 0, 403, 0, 0, 0, 3, 0, 0, 176)
25 (1, 4, 0, 0, 436, 0, 0, 0, 3, 0, 0, 171)
26 (1, 4, 169, 0, 388, 0, 0, 0, 3, 0, 0, 134)
27 (1, 4, 0, 0, 353, 0, 0, 0, 3, 0, 0, 20)
28 (1, 4, 0, 0, 199, 0, 0, 0, 0, 0, 0, 145)
29 (1, 4, 0, 0, 71, 0, 0, 0, 0, 0, 0, 96)
30 (1, 4, 0, 151, 40, 0, 0, 0, 0, 0, 0, 94)
0 (1, 4, 46, 0, 0, 32, 0, 78, 4, 0, 0, 232)
1 (1, 4, 95, 33, 0, 32, 0, 73, 4, 0, 0, 44)
2 (1, 4, 138, 32, 0, 35, 0, 66, 5, 1, 0, 119)
3 (1, 4, 140, 27, 0, 38, 0, 75, 5, 1, 0, 205)
4 (1, 4, 152, 59, 0, 62, 0, 77, 5, 1, 0, 20)
5 (1, 4, 185, 0, 0, 72, 0, 88, 5, 1, 0, 229)
6 (1, 4, 176, 0, 0, 72, 0, 91, 4, 1, 0, 159)
7 (1, 4, 379, 0, 42, 72, 33, 68, 5, 1, 0, 50)
8 (1, 4, 94, 87, 348, 0, 69, 45, 4, 1, 0, 29)
9 (1, 4, 0, 342, 491, 0, 62, 88, 3, 1, 0, 137)
10 (1, 4, 0, 205, 63, 0, 0, 154, 5, 1, 0, 116)
11 (1, 4, 247, 0, 0, 0, 120, 67, 4, 1, 0, 123)
12 (1, 4, 0, 32, 57, 4, 31, 87, 4, 1, 0, 36)
13 (1, 4, 0, 0, 5, 0, 0, 103, 5, 1, 0, 197)
14 (1, 4, 48, 0, 0, 0, 0, 89, 5, 1, 0, 124)
15 (1, 4, 0, 0, 0, 0, 3, 85, 4, 1, 0, 45)
16 (1, 4, 0, 0, 0, 0, 0, 32, 4, 1, 0, 59)
17 (1, 4, 0, 54, 0, 0, 0, 18, 4, 1, 0, 228)
18 (1, 4, 0, 147, 0, 0, 0, 36, 5, 0, 0, 255)
19 (1, 4, 0, 0, 44, 0, 0, 20, 4, 0, 0, 75)
20 (1, 4, 0, 114, 162, 0, 0, 36, 3, 0, 0, 97)
21 (1, 4, 0, 110, 315, 0, 0, 48, 4, 0, 0, 29)
22 (1, 4, 0, 19, 382, 0, 0, 3, 4, 0, 0, 196)
23 (1, 4, 0, 7, 428, 0, 0, 25, 3, 0, 0, 140)
24 (1, 4, 0, 0, 417, 0, 0, 0, 4, 0, 0, 55)
25 (1, 4, 0, 0, 388, 0, 0, 31, 3, 0, 0, 0)
26 (1, 4, 63, 0, 296, 0, 0, 0, 3, 0, 0, 186)
27 (1, 4, 0, 16, 296, 0, 0, 0, 3, 0, 0, 166)
28 (1, 4, 0, 56, 159, 0, 0, 0, 0, 0, 0, 185)
29 (1, 4, 0, 44, 62, 0, 0, 0, 0, 0, 0, 153)
30 (1, 4, 0, 90, 28, 0, 0, 0, 0, 0, 0, 223)
31 (1, 4, 0, 145, 0, 0, 0, 19, 0, 0, 0, 30)
0 (1, 4, 101, 0, 22, 0, 0, 0, 0, 0, 0, 8)
1 (1, 4, 96, 1, 10, 0, 0, 0, 0, 0, 0, 22)
2 (1, 4, 30, 1, 0, 0, 0, 0, 0, 0, 0, 127)
3 (1, 4, 0, 14, 0, 0, 0, 0, 0, 0, 0, 122)
4 (1, 4, 0, 36, 0, 0, 0, 5, 0, 0, 0, 204)
5 (1, 4, 0, 13, 0, 0, 0, 0, 0, 0, 0, 162)
6 (1, 4, 14, 0, 0, 0, 0, 0, 0, 0, 0, 42)
7 (1, 4, 11, 0, 0, 0, 0, 3, 0, 0, 0, 122)
8 (1, 4, 0, 62, 0, 0, 0, 0, 0, 0, 0, 217)
9 (1, 4, 0, 265, 0, 0, 0, 0, 0, 0, 0, 157)
10 (1, 4, 136, 24, 0, 0, 0, 0, 0, 0, 0, 201)
11 (1, 4, 463, 0, 0, 0, 0, 0, 4, 0, 0, 53)
12 (1, 4, 497, 64, 0, 0, 0, 0, 5, 1, 0, 204)
13 (1, 4, 176, 69, 0, 0, 0, 11, 5, 1, 0, 170)
14 (1, 4, 500, 0, 0, 0, 0, 0, 4, 1, 0, 27)
15 (1, 4, 348, 0, 0, 0, 0, 0, 5, 1, 0, 219)
16 (1, 4, 193, 0, 0, 0, 0, 41, 5, 1, 0, 254)
17 (1, 4, 272, 0, 0, 0, 0, 58, 5, 1, 0, 59)
18 (1, 4, 288, 0, 0, 19, 0, 26, 5, 1, 0, 107)
19 (1, 4, 258, 0, 0, 16, 0, 63, 5, 1, 0, 154)
20 (1, 4, 162, 0, 0, 38, 0, 78, 5, 1, 0, 254)
21 (1, 4, 148, 91, 39, 47, 0, 91, 5, 1, 0, 241)
22 (1, 4, 106, 0, 35, 40, 0, 117, 5, 1, 0, 19)
23 (1, 4, 0, 0, 62, 33, 1, 92, 5, 1, 0, 50)
24 (1, 4, 0, 13, 173, 0, 36, 64, 4, 1, 0, 148)
25 (1, 4, 0, 16, 214, 0, 47, 44, 5, 1, 0, 7)
26 (1, 4, 0, 113, 410, 0, 27, 62, 4, 1, 0, 212)
27 (1, 4, 77, 104, 266, 0, 0, 70, 4, 1, 0, 224)
28 (1, 4, 0, 0, 0, 0, 60, 136, 5, 1, 0, 50)
29 (1, 4, 112, 0, 111, 1, 0, 50, 5, 1, 0, 222)
30 (1, 4, 0, 8, 0, 0, 0, 121, 4, 1, 0, 43)
31 (1, 4, 22, 0, 0, 0, 0, 88, 5, 1, 0, 64)
0 (1, 4, 0, 0, 191, 0, 34, 93, 6, 2, 0, 227)
1 (1, 4, 175, 38, 398, 0, 75, 44, 5, 1, 0, 10)
2 (1, 4, 0, 137, 392, 0, 0, 23, 4, 1, 0, 77)
3 (1, 4, 361, 0, 0, 0, 0, 175, 4, 1, 0, 122)
4 (1, 4, 0, 0, 0, 4, 82, 57, 5, 1, 0, 174)
5 (1, 4, 0, 0, 0, 0, 12, 108, 4, 1, 0, 195)
6 (1, 4, 0, 0, 0, 0, 21, 85, 4, 1, 0, 185)
7 (1, 4, 0, 0, 0, 0, 5, 89, 6, 1, 0, 103)
8 (1, 4, 0, 0, 0, 0, 0, 59, 4, 1, 0, 100)
9 (1, 4, 0, 0, 0, 0, 0, 39, 4, 1, 0, 40)
10 (1, 4, 0, 0, 0, 0, 0, 35, 4, 1, 0, 93)
11 (1, 4, 0, 0, 24, 0, 0, 1, 4, 0, 0, 237)
12 (1, 4, 0, 7, 224, 0, 0, 15, 3, 0, 0, 215)
13 (1, 4, 0, 16, 369, 0, 0, 0, 4, 0, 0, 35)
14 (1, 4, 0, 200, 550, 0, 0, 67, 4, 0, 0, 214)
15 (1, 4, 72, 83, 621, 0, 0, 24, 3, 0, 0, 235)
16 (1, 4, 125, 32, 501, 0, 0, 39, 4, 0, 0, 117)
17 (1, 4, 72, 16, 311, 0, 0, 0, 3, 0, 0, 121)
18 (1, 4, 0, 201, 247, 0, 0, 15, 3, 0, 0, 203)
19 (1, 4, 0, 30, 42, 0, 0, 0, 3, 0, 0, 208)
20 (1, 4, 0, 57, 23, 0, 0, 0, 0, 0, 0, 65)
21 (1, 4, 0, 90, 0, 0, 0, 44, 0, 0, 0, 124)
22 (1, 4, 32, 0, 0, 0, 0, 15, 0, 0, 0, 64)
23 (1, 4, 38, 0, 0, 0, 9, 0, 0, 0, 0, 37)
24 (1, 4, 0, 0, 0, 0, 17, 1, 0, 0, 0, 93)
25 (1, 4, 0, 26, 28, 0, 11, 9, 0, 0, 0, 35)
26 (1, 4, 0, 65, 31, 0, 0, 5, 0, 0, 0, 196)
27 (1, 4, 0, 115, 9, 0, 0, 0, 0, 0, 0, 174)
28 (1, 4, 0, 0, 0, 0, 0, 0, 0, 0, 0, 126)
29 (1, 4, 0, 14, 0, 0, 0, 0, 0, 0, 0, 122)
0 (1, 4, 27, 0, 199, 0, 0, 0, 4, 0, 0, 156)
1 (1, 4, 0, 98, 147, 0, 0, 0, 4, 0, 0, 232)
2 (1, 4, 0, 204, 146, 0, 0, 0, 4, 0, 0, 187)
3 (1, 4, 0, 142, 72, 0, 0, 0, 0, 0, 0, 60)
4 (1, 4, 0, 0, 0, 0, 0, 0, 0, 0, 0, 126)
5 (1, 4, 0, 39, 0, 0, 0, 0, 0, 0, 0, 190)
6 (1, 4, 0, 28, 0, 0, 0, 0, 0, 0, 0, 118)
7 (1, 4, 209, 0, 0, 0, 0, 0, 0, 0, 0, 12)
8 (1, 4, 262, 0, 17, 0, 0, 1, 0, 0, 0, 108)
9 (1, 4, 303, 0, 0, 0, 19, 0, 0, 0, 0, 239)
10 (1, 4, 0, 0, 0, 0, 15, 0, 0, 0, 0, 215)
11 (1, 4, 0, 6, 0, 0, 6, 0, 0, 0, 0, 216)
12 (1, 4, 57, 30, 0, 0, 20, 0, 0, 0, 0, 36)
13 (1, 4, 71, 19, 14, 0, 14, 0, 0, 0, 0, 121)
14 (1, 4, 11, 15, 0, 0, 6, 0, 0, 0, 0, 188)
15 (1, 4, 0, 3, 0, 0, 1, 0, 0, 0, 0, 223)
16 (1, 4, 0, 0, 0, 0, 0, 0, 0, 0, 0, 126)
17 (1, 4, 0, 11, 4, 0, 0, 0, 0, 0, 0, 75)
18 (1, 4, 28, 0, 3, 0, 0, 0, 0, 0, 0, 109)
19 (1, 4, 146, 0, 5, 0, 8, 0, 0, 0, 0, 156)
20 (1, 4, 73, 0, 0, 0, 15, 0, 0, 0, 0, 32)
21 (1, 4, 45, 0, 5, 0, 16, 0, 0, 0, 0, 176)
22 (1, 4, 0, 0, 0, 0, 6, 0, 0, 0, 0, 111)
23 (1, 4, 0, 0, 0, 0, 13, 0, 0, 0, 0, 37)
24 (1, 4, 0, 7, 40, 0, 0, 0, 0, 0, 0, 62)
25 (1, 4, 0, 3, 56, 0, 0, 0, 0, 0, 0, 155)
26 (1, 4, 0, 14, 45, 0, 6, 0, 0, 0, 0, 227)
27 (1, 4, 0, 20, 41, 0, 12, 0, 0, 0, 0, 49)
28 (1, 4, 0, 27, 30, 0, 7, 10, 0, 0, 0, 253)
29 (1, 4, 0, 0, 13, 0, 0, 9, 0, 0, 0, 61)
30 (1, 4, 119, 0, 0, 0, 0, 11, 0, 0, 0, 118)
31 (1, 4, 139, 0, 0, 0, 11, 0, 0, 0, 0, 67)
0 (1, 4, 169, 0, 0, 0, 0, 80, 5, 1, 0, 194)
1 (1, 4, 136, 0, 0, 0, 0, 82, 5, 1, 0, 178)
2 (1, 4, 140, 0, 0, 13, 0, 79, 5, 1, 0, 130)
3 (1, 4, 128, 0, 0, 38, 0, 96, 5, 1, 0, 162)
4 (1, 4, 67, 0, 0, 60, 0, 101, 5, 1, 0, 183)
5 (1, 4, 100, 0, 54, 74, 0, 105, 5, 1, 0, 188)
6 (1, 4, 0, 0, 96, 50, 12, 85, 5, 1, 0, 195)
7 (1, 4, 0, 0, 183, 0, 28, 52, 5, 1, 0, 205)
8 (1, 4, 0, 119, 344, 0, 38, 19, 4, 1, 0, 116)
9 (1, 4, 0, 118, 428, 0, 0, 28, 5, 1, 0, 147)
10 (1, 4, 170, 0, 0, 0, 0, 146, 5, 1, 0, 166)
11 (1, 4, 75, 0, 0, 11, 44, 32, 4, 1, 0, 38)
12 (1, 4, 0, 100, 83, 3, 0, 72, 4, 1, 0, 176)
13 (1, 4, 0, 31, 41, 0, 0, 89, 5, 1, 0, 93)
14 (1, 4, 0, 45, 36, 0, 0, 77, 4, 0, 0, 74)
15 (1, 4, 0, 55, 0, 0, 0, 78, 4, 0, 0, 51)
16 (1, 4, 0, 58, 0, 0, 0, 39, 4, 0, 0, 62)
17 (1, 4, 0, 178, 0, 0, 0, 33, 4, 0, 0, 64)
18 (1, 4, 0, 326, 100, 0, 0, 43, 3, 0, 0, 127)
19 (1, 4, 3, 191, 310, 0, 0, 51, 4, 0, 0, 73)
20 (1, 4, 0, 32, 198, 0, 0, 23, 4, 0, 0, 136)
21 (1, 4, 0, 89, 260, 0, 0, 0, 3, 0, 0, 63)
22 (1, 4, 0, 49, 265, 0, 0, 0, 3, 0, 0, 187)
23 (1, 4, 0, 0, 249, 0, 0, 0, 3, 0, 0, 123)
24 (1, 4, 0, 0, 258, 0, 0, 0, 3, 0, 0, 170)
25 (1, 4, 0, 0, 286, 0, 0, 0, 3, 0, 0, 55)
26 (1, 4, 162, 0, 292, 0, 0, 0, 3, 0, 0, 235)
27 (1, 4, 0, 49, 255, 0, 0, 0, 0, 0, 0, 186)
28 (1, 4, 0, 73, 175, 0, 0, 0, 0, 0, 0, 173)
29 (1, 4, 0, 68, 67, 0, 0, 0, 0, 0, 0, 103)
30 (1, 4, 0, 49, 0, 0, 0, 0, 0, 0, 0, 104)
31 (1, 4, 0, 32, 0, 0, 0, 0, 0, 0, 0, 188)
0 (1, 4, 118, 0, 0, 0, 0, 83, 5, 1, 0, 130)
1 (1, 4, 98, 18, 0, 0, 0, 92, 5, 1, 0, 175)
2 (1, 4, 146, 0, 0, 0, 0, 82, 5, 1, 0, 62)
3 (1, 4, 0, 13, 0, 5, 0, 95, 5, 1, 0, 40)
4 (1, 4, 121, 0, 0, 32, 0, 96, 5, 1, 0, 37)
5 (1, 4, 0, 36, 0, 41, 0, 108, 5, 1, 0, 149)
6 (1, 4, 101, 0, 12, 66, 4, 117, 5, 1, 0, 247)
7 (1, 4, 0, 0, 99, 84, 26, 112, 5, 1, 0, 153)
8 (1, 4, 0, 0, 173, 57, 38, 84, 5, 1, 0, 135)
9 (1, 4, 0, 11, 232, 0, 50, 50, 4, 1, 0, 8)
10 (1, 4, 134, 10, 418, 0, 14, 69, 4, 1, 0, 55)
11 (1, 4, 0, 88, 179, 0, 0, 60, 5, 1, 0, 143)
12 (1, 4, 316, 0, 0, 0, 25, 120, 4, 1, 0, 23)
13 (1, 4, 0, 0, 0, 33, 40, 48, 4, 1, 0, 210)
14 (1, 4, 0, 38, 74, 7, 0, 79, 4, 0, 0, 13)
15 (1, 4, 0, 38, 19, 0, 0, 62, 4, 0, 0, 20)
16 (1, 4, 0, 48, 0, 0, 0, 67, 3, 0, 0, 88)
17 (1, 4, 0, 27, 0, 0, 0, 49, 3, 0, 0, 127)
18 (1, 4, 0, 0, 9, 0, 1, 42, 4, 0, 0, 82)
19 (1, 4, 0, 112, 203, 0, 0, 11, 4, 0, 0, 80)
20 (1, 4, 0, 233, 367, 0, 0, 39, 4, 0, 0, 4)
21 (1, 4, 0, 165, 328, 0, 0, 33, 3, 0, 0, 16)
22 (1, 4, 0, 155, 344, 0, 0, 46, 3, 0, 0, 49)
23 (1, 4, 0, 113, 287, 0, 0, 16, 3, 0, 0, 229)
24 (1, 4, 19, 134, 272, 0, 0, 43, 3, 0, 0, 147)
25 (1, 4, 18, 61, 190, 0, 0, 21, 4, 0, 0, 182)
26 (1, 4, 0, 184, 204, 0, 0, 51, 0, 0, 0, 147)
27 (1, 4, 57, 0, 84, 0, 0, 22, 0, 0, 0, 226)
28 (1, 4, 0, 10, 100, 0, 0, 18, 0, 0, 0, 145)
0 (1, 4, 267, 48, 0, 0, 0, 38, 5, 1, 0, 86)
1 (1, 4, 175, 4, 0, 1, 0, 22, 5, 1, 0, 170)
2 (1, 4, 234, 56, 0, 0, 0, 41, 5, 1, 0, 75)
3 (1, 4, 231, 4, 0, 34, 0, 64, 6, 1, 0, 103)
4 (1, 4, 196, 39, 0, 62, 0, 98, 5, 1, 0, 101)
5 (1, 4, 144, 0, 0, 79, 0, 103, 6, 2, 0, 145)
6 (1, 4, 212, 0, 30, 73, 36, 66, 5, 2, 0, 147)
7 (1, 4, 0, 51, 238, 0, 50, 58, 5, 1, 0, 225)
8 (1, 4, 181, 166, 472, 0, 75, 42, 5, 1, 0, 190)
9 (1, 4, 0, 138, 222, 0, 0, 87, 6, 1, 0, 188)
10 (1, 4, 215, 0, 0, 0, 69, 79, 5, 1, 0, 146)
11 (1, 4, 0, 54, 28, 2, 5, 70, 5, 1, 0, 92)
12 (1, 4, 0, 15, 0, 0, 0, 99, 5, 1, 0, 203)
13 (1, 4, 0, 0, 0, 0, 0, 83, 4, 1, 0, 106)
14 (1, 4, 0, 0, 0, 0, 0, 69, 5, 1, 0, 23)
15 (1, 4, 0, 9, 0, 0, 0, 34, 5, 1, 0, 230)
16 (1, 4, 0, 92, 0, 0, 0, 11, 4, 0, 0, 246)
17 (1, 4, 0, 235, 127, 0, 8, 6, 4, 1, 0, 159)
18 (1, 4, 0, 203, 266, 0, 0, 0, 4, 0, 0, 214)
19 (1, 4, 34, 0, 456, 0, 0, 0, 4, 0, 0, 193)
20 (1, 4, 0, 53, 657, 0, 0, 18, 3, 0, 0, 222)
21 (1, 4, 87, 0, 707, 0, 0, 0, 4, 0, 0, 185)
22 (1, 4, 0, 118, 543, 0, 0, 0, 1, 0, 0, 23)
23 (1, 4, 0, 0, 42, 0, 0, 0, 0, 0, 0, 19)
24 (1, 4, 62, 17, 90, 0, 0, 0, 0, 0, 0, 206)
25 (1, 4, 0, 176, 6, 0, 0, 0, 0, 0, 0, 173)
26 (1, 4, 0, 92, 0, 0, 0, 0, 0, 0, 0, 245)
27 (1, 4, 0, 0, 7, 0, 0, 0, 0, 0, 0, 155)
28 (1, 4, 0, 12, 0, 0, 0, 0, 0, 0, 0, 23)
29 (1, 4, 0, 22, 0, 0, 0, 0, 0, 0, 0, 168)
30 (1, 4, 0, 47, 0, 0, 0, 0, 0, 0, 0, 13)
31 (1, 4, 0, 11, 0, 0, 0, 0, 0, 0, 0, 21)
0 (1, 4, 65, 0, 0, 0, 0, 14, 4, 1, 0, 59)
1 (1, 4, 296, 0, 0, 2, 0, 16, 4, 1, 0, 194)
2 (1, 4, 116, 36, 0, 31, 0, 26, 4, 1, 0, 198)
3 (1, 4, 157, 54, 0, 19, 0, 62, 5, 1, 0, 221)
4 (1, 4, 73, 83, 0, 50, 0, 53, 4, 1, 0, 175)
5 (1, 4, 143, 88, 0, 66, 0, 96, 5, 1, 0, 233)
6 (1, 4, 235, 0, 0, 106, 0, 97, 5, 1, 0, 0)
7 (1, 4, 106, 22, 39, 105, 26, 76, 5, 1, 0, 160)
8 (1, 4, 76, 0, 169, 49, 25, 44, 5, 1, 0, 28)
9 (1, 4, 33, 370, 294, 0, 23, 75, 4, 1, 0, 13)
10 (1, 4, 106, 0, 511, 0, 77, 70, 5, 1, 0, 157)
11 (1, 4, 137, 53, 0, 0, 0, 181, 4, 1, 0, 111)
12 (1, 4, 3, 0, 5, 0, 38, 64, 5, 1, 0, 121)
13 (1, 4, 0, 46, 21, 0, 18, 103, 5, 1, 0, 11)
14 (1, 4, 0, 0, 0, 0, 0, 92, 4, 1, 0, 147)
15 (1, 4, 0, 18, 5, 0, 0, 90, 4, 1, 0, 153)
16 (1, 4, 0, 0, 0, 0, 0, 80, 4, 1, 0, 12)
17 (1, 4, 0, 37, 0, 0, 12, 54, 4, 1, 0, 171)
18 (1, 4, 0, 147, 0, 0, 3, 28, 1, 0, 0, 99)
19 (1, 4, 0, 151, 0, 0, 0, 2, 4, 0, 0, 42)
20 (1, 4, 0, 221, 0, 0, 0, 3, 3, 0, 0, 129)
21 (1, 4, 0, 85, 136, 0, 0, 5, 4, 0, 0, 155)
22 (1, 4, 0, 0, 396, 0, 0, 0, 3, 0, 0, 150)
23 (1, 4, 134, 0, 291, 0, 0, 7, 3, 0, 0, 226)
24 (1, 4, 23, 0, 379, 0, 0, 0, 4, 0, 0, 27)
25 (1, 4, 0, 0, 406, 0, 0, 0, 4, 0, 0, 83)
26 (1, 4, 0, 0, 402, 0, 0, 0, 3, 0, 0, 36)
27 (1, 4, 0, 80, 373, 0, 0, 0, 0, 0, 0, 113)
28 (1, 4, 0, 255, 183, 0, 0, 0, 0, 0, 0, 123)
29 (1, 4, 0, 278, 0, 0, 0, 0, 0, 0, 0, 77)
30 (1, 4, 0, 16, 0, 0, 0, 0, 0, 0, 0, 31)
31 (1, 4, 0, 0, 0, 0, 0, 0, 0, 0, 0, 126)
0 (1, 4, 0, 24, 3, 0, 0, 0, 0, 0, 0, 23)
1 (1, 4, 0, 0, 3, 0, 0, 0, 0, 0, 0, 197)
2 (1, 4, 30, 0, 11, 0, 0, 0, 0, 0, 0, 205)
3 (1, 4, 228, 0, 0, 0, 0, 0, 0, 0, 0, 29)
4 (1, 4, 419, 0, 0, 0, 0, 0, 0, 0, 0, 188)
5 (1, 4, 516, 0, 0, 0, 0, 5, 0, 0, 0, 232)
6 (1, 4, 246, 0, 0, 0, 0, 0, 0, 0, 0, 225)
7 (1, 4, 205, 0, 0, 0, 0, 19, 4, 0, 0, 158)
8 (1, 4, 375, 0, 0, 0, 0, 15, 4, 1, 0, 229)
9 (1, 4, 279, 0, 0, 0, 0, 28, 4, 1, 0, 30)
10 (1, 4, 137, 0, 0, 0, 0, 43, 4, 1, 0, 220)
11 (1, 4, 171, 0, 0, 0, 0, 26, 5, 1, 0, 200)
12 (1, 4, 176, 0, 0, 0, 0, 28, 5, 1, 0, 134)
13 (1, 4, 175, 0, 0, 5, 0, 30, 5, 1, 0, 230)
14 (1, 4, 205, 0, 0, 16, 0, 58, 5, 1, 0, 244)
15 (1, 4, 195, 0, 0, 28, 0, 76, 5, 1, 0, 223)
16 (1, 4, 232, 0, 0, 64, 0, 66, 5, 1, 0, 250)
17 (1, 4, 93, 25, 0, 63, 0, 99, 5, 1, 0, 137)
18 (1, 4, 60, 0, 0, 80, 10, 93, 5, 1, 0, 80)
19 (1, 4, 24, 0, 111, 20, 34, 62, 4, 1, 0, 118)
20 (1, 4, 0, 0, 187, 0, 47, 33, 4, 1, 0, 55)
21 (1, 4, 96, 194, 458, 0, 62, 68, 5, 1, 0, 245)
22 (1, 4, 0, 200, 189, 0, 0, 71, 5, 1, 0, 153)
23 (1, 4, 19, 0, 0, 0, 65, 126, 5, 1, 0, 120)
24 (1, 4, 50, 54, 59, 0, 16, 103, 5, 1, 0, 35)
25 (1, 4, 0, 0, 26, 0, 0, 119, 4, 1, 0, 82)
26 (1, 4, 0, 0, 0, 0, 0, 94, 5, 1, 0, 72)
27 (1, 4, 0, 39, 0, 0, 0, 94, 5, 1, 0, 136)
28 (1, 4, 0, 5, 0, 0, 0, 69, 4, 1, 0, 26)
29 (1, 4, 0, 95, 0, 0, 0, 38, 4, 1, 0, 164)
30 (1, 4, 0, 0, 0, 0, 0, 16, 2, 0, 0, 105)
31 (1, 4, 0, 152, 0, 0, 0, 0, 3, 0, 0, 11)
0 (1, 4, 200, 15, 0, 12, 0, 64, 5, 1, 0, 100)
1 (1, 4, 184, 52, 0, 11, 0, 86, 5, 1, 0, 64)
2 (1, 4, 237, 0, 0, 36, 0, 83, 5, 1, 0, 128)
3 (1, 4, 148, 27, 0, 45, 0, 94, 5, 1, 0, 253)
4 (1, 4, 81, 0, 0, 56, 3, 78, 5, 1, 0, 145)
5 (1, 4, 0, 0, 19, 45, 33, 63, 5, 1, 0, 177)
6 (1, 4, 39, 0, 228, 0, 50, 65, 3, 1, 0, 20)
7 (1, 4, 0, 115, 445, 0, 23, 90, 4, 1, 0, 17)
8 (1, 4, 0, 0, 220, 0, 0, 55, 5, 1, 0, 14)
9 (1, 4, 371, 0, 0, 0, 0, 135, 4, 1, 0, 189)
10 (1, 4, 23, 0, 38, 0, 34, 97, 3, 1, 0, 50)
11 (1, 4, 0, 0, 35, 0, 0, 103, 4, 1, 0, 40)
12 (1, 4, 67, 23, 29, 0, 0, 95, 4, 1, 0, 4)
13 (1, 4, 0, 0, 0, 0, 8, 95, 3, 1, 0, 29)
14 (1, 4, 0, 15, 0, 0, 19, 81, 5, 1, 0, 14)
15 (1, 4, 0, 83, 0, 0, 0, 84, 4, 1, 0, 67)
16 (1, 4, 0, 107, 0, 0, 0, 56, 4, 0, 0, 67)
17 (1, 4, 0, 96, 0, 0, 2, 12, 1, 0, 0, 48)
18 (1, 4, 0, 150, 0, 0, 0, 39, 3, 0, 0, 189)
19 (1, 4, 0, 0, 0, 0, 0, 11, 3, 0, 0, 84)
20 (1, 4, 0, 0, 180, 0, 0, 0, 3, 0, 0, 246)
21 (1, 4, 0, 0, 323, 0, 0, 0, 4, 0, 0, 236)
22 (1, 4, 0, 0, 460, 0, 0, 0, 3, 0, 0, 109)
23 (1, 4, 27, 0, 460, 0, 0, 0, 3, 0, 0, 239)
24 (1, 4, 0, 0, 439, 0, 0, 0, 4, 0, 0, 57)
25 (1, 4, 0, 0, 416, 0, 0, 0, 3, 0, 0, 138)
26 (1, 4, 0, 0, 423, 0, 0, 0, 4, 0, 0, 70)
27 (1, 4, 0, 68, 173, 0, 0, 0, 0, 0, 0, 94)
28 (1, 4, 0, 153, 115, 0, 0, 0, 0, 0, 0, 217)
29 (1, 4, 0, 205, 0, 0, 0, 0, 0, 0, 0, 32)
30 (1, 4, 0, 48, 0, 0, 0, 23, 0, 0, 0, 29)
0 (1, 4, 0, 0, 123, 0, 0, 0, 3, 0, 0, 165)
1 (1, 4, 0, 83, 178, 0, 0, 10, 4, 0, 0, 199)
2 (1, 4, 108, 0, 344, 0, 0, 0, 1, 0, 0, 127)
3 (1, 4, 0, 8, 395, 0, 0, 12, 3, 0, 0, 95)
4 (1, 4, 261, 0, 311, 0, 0, 0, 3, 0, 0, 213)
5 (1, 4, 0, 89, 338, 0, 0, 0, 0, 0, 0, 108)
6 (1, 4, 55, 11, 219, 0, 0, 0, 0, 0, 0, 106)
7 (1, 4, 0, 154, 97, 0, 0, 0, 0, 0, 0, 81)
8 (1, 4, 0, 168, 0, 0, 0, 12, 0, 0, 0, 145)
9 (1, 4, 10, 30, 0, 0, 0, 0, 0, 0, 0, 119)
10 (1, 4, 0, 0, 0, 0, 0, 0, 0, 0, 0, 126)
11 (1, 4, 0, 0, 0, 0, 0, 0, 0, 0, 0, 126)
12 (1, 4, 0, 3, 0, 0, 0, 0, 0, 0, 0, 166)
13 (1, 4, 0, 0, 0, 0, 0, 0, 0, 0, 0, 126)
14 (1, 4, 30, 16, 16, 0, 0, 0, 0, 0, 0, 212)
15 (1, 4, 107, 8, 18, 0, 0, 0, 0, 0, 0, 177)
16 (1, 4, 76, 0, 0, 0, 0, 0, 0, 0, 0, 191)
17 (1, 4, 0, 0, 0, 0, 0, 0, 0, 0, 0, 126)
18 (1, 4, 19, 0, 0, 0, 0, 0, 0, 0, 0, 140)
19 (1, 4, 21, 0, 0, 0, 0, 0, 0, 0, 0, 168)
20 (1, 4, 13, 0, 0, 0, 0, 0, 0, 0, 0, 56)
21 (1, 4, 0, 0, 29, 0, 0, 0, 0, 0, 0, 119)
22 (1, 4, 11, 11, 58, 0, 0, 0, 0, 0, 0, 101)
23 (1, 4, 32, 41, 74, 0, 0, 0, 0, 0, 0, 21)
24 (1, 4, 0, 9, 34, 0, 0, 0, 0, 0, 0, 169)
25 (1, 4, 73, 0, 27, 0, 0, 0, 0, 0, 0, 241)
26 (1, 4, 39, 0, 0, 0, 0, 0, 0, 0, 0, 147)
27 (1, 4, 41, 0, 9, 0, 1, 0, 0, 0, 0, 150)
28 (1, 4, 0, 6, 6, 0, 2, 0, 0, 0, 0, 74)
29 (1, 4, 0, 0, 0, 0, 0, 0, 0, 0, 0, 126)
30 (1, 4, 9, 0, 0, 0, 0, 0, 0, 0, 0, 0)
0 (1, 4, 0, 0, 0, 0, 0, 0, 0, 0, 0, 126)
1 (1, 4, 49, 0, 0, 0, 0, 6, 0, 0, 0, 155)
2 (1, 4, 190, 0, 0, 0, 0, 6, 0, 0, 0, 212)
3 (1, 4, 60, 0, 0, 0, 0, 0, 0, 0, 0, 17)
4 (1, 4, 0, 54, 0, 0, 0, 0, 0, 0, 0, 106)
5 (1, 4, 149, 0, 0, 0, 0, 0, 0, 0, 0, 189)
6 (1, 4, 173, 0, 0, 0, 0, 1, 3, 0, 0, 147)
7 (1, 4, 258, 0, 0, 0, 0, 22, 1, 0, 0, 29)
8 (1, 4, 425, 0, 0, 0, 0, 30, 1, 0, 0, 71)
9 (1, 4, 270, 0, 0, 0, 0, 21, 1, 0, 0, 51)
10 (1, 4, 100, 0, 0, 0, 0, 32, 1, 0, 0, 203)
11 (1, 4, 148, 0, 0, 0, 0, 26, 3, 0, 0, 149)
12 (1, 4, 94, 10, 0, 1, 0, 33, 4, 1, 0, 24)
13 (1, 4, 136, 18, 0, 14, 0, 33, 4, 0, 0, 92)
14 (1, 4, 0, 65, 0, 6, 0, 60, 4, 0, 0, 104)
15 (1, 4, 110, 27, 0, 15, 0, 77, 4, 1, 0, 42)
16 (1, 4, 60, 47, 0, 20, 0, 93, 4, 1, 0, 219)
17 (1, 4, 219, 0, 0, 41, 0, 102, 4, 1, 0, 162)
18 (1, 4, 163, 11, 0, 73, 0, 81, 4, 1, 0, 74)
19 (1, 4, 220, 0, 0, 98, 0, 98, 4, 1, 0, 241)
20 (1, 4, 139, 0, 4, 120, 0, 90, 4, 1, 0, 69)
21 (1, 4, 37, 0, 52, 83, 39, 92, 5, 1, 0, 185)
22 (1, 4, 36, 28, 220, 0, 90, 52, 4, 1, 0, 81)
23 (1, 4, 91, 262, 621, 0, 119, 120, 3, 1, 0, 4)
24 (1, 4, 0, 245, 0, 0, 0, 200, 4, 1, 0, 241)
25 (1, 4, 285, 0, 11, 0, 70, 84, 4, 1, 0, 209)
26 (1, 4, 0, 72, 0, 0, 37, 101, 4, 1, 0, 115)
27 (1, 4, 0, 26, 8, 0, 0, 101, 4, 1, 0, 215)
28 (1, 4, 0, 0, 0, 0, 0, 104, 5, 1, 0, 246)
29 (1, 4, 0, 1, 0, 0, 9, 89, 4, 1, 0, 52)
30 (1, 4, 0, 31, 0, 0, 0, 98, 4, 1, 0, 23)
31 (1, 4, 0, 5, 0, 0, 0, 74, 5, 1, 0, 129)
