0 (1, 4, 873, 0, 507, 31, 0, 0, 1, 0, 0, 169)
1 (1, 4, 826, 0, 500, 16, 0, 0, 1, 0, 0, 46)
2 (1, 4, 293, 0, 349, 7, 33, 4, 1, 0, 0, 28)
3 (1, 4, 0, 112, 381, 0, 6, 28, 1, 0, 0, 48)
4 (1, 4, 111, 27, 539, 0, 6, 3, 1, 0, 0, 183)
5 (1, 4, 3, 267, 672, 0, 0, 21, 1, 0, 0, 76)
6 (1, 4, 0, 215, 384, 0, 0, 8, 1, 0, 0, 187)
7 (1, 4, 271, 95, 611, 0, 0, 43, 1, 0, 0, 62)
8 (1, 4, 0, 174, 210, 0, 0, 38, 1, 0, 0, 236)
9 (1, 4, 0, 35, 0, 0, 0, 54, 0, 0, 0, 218)
10 (1, 4, 253, 0, 31, 0, 26, 4, 0, 0, 0, 102)
11 (1, 4, 0, 113, 18, 0, 18, 14, 0, 0, 0, 234)
12 (1, 4, 0, 81, 0, 0, 5, 17, 0, 0, 0, 191)
13 (1, 4, 51, 6, 0, 0, 21, 0, 0, 0, 0, 227)
14 (1, 4, 0, 197, 0, 0, 29, 0, 0, 0, 0, 77)
15 (1, 4, 0, 211, 0, 0, 15, 0, 0, 0, 0, 236)
16 (1, 4, 44, 26, 10, 0, 19, 10, 0, 0, 0, 128)
17 (1, 4, 0, 21, 0, 0, 20, 6, 0, 0, 0, 218)
18 (1, 4, 27, 0, 1, 0, 7, 0, 0, 0, 0, 0)
19 (1, 4, 0, 0, 0, 0, 13, 0, 0, 0, 0, 37)
20 (1, 4, 38, 0, 0, 0, 14, 0, 0, 0, 0, 77)
21 (1, 4, 13, 13, 11, 0, 19, 0, 0, 0, 0, 237)
22 (1, 4, 15, 22, 10, 0, 15, 0, 0, 0, 0, 200)
23 (1, 4, 33, 38, 11, 0, 16, 0, 0, 0, 0, 64)
24 (1, 4, 37, 4, 22, 0, 12, 3, 0, 0, 0, 31)
25 (1, 4, 72, 0, 7, 0, 4, 7, 0, 0, 0, 146)
26 (1, 4, 121, 0, 0, 0, 4, 1, 0, 0, 0, 146)
27 (1, 4, 191, 0, 0, 0, 0, 7, 0, 0, 0, 5)
28 (1, 4, 339, 0, 0, 0, 0, 27, 0, 0, 0, 88)
29 (1, 4, 453, 0, 0, 0, 0, 28, 0, 0, 0, 154)
30 (1, 4, 205, 0, 0, 0, 0, 48, 0, 0, 0, 214)
31 (1, 4, 258, 0, 0, 0, 0, 65, 0, 0, 0, 250)
0 (1, 4, 0, 396, 0, 0, 0, 0, 0, 0, 0, 243)
1 (1, 4, 2, 251, 0, 0, 0, 0, 0, 0, 0, 40)
2 (1, 4, 30, 246, 0, 25, 0, 0, 0, 0, 0, 76)
3 (1, 4, 129, 177, 0, 66, 0, 0, 0, 0, 0, 153)
4 (1, 4, 73, 319, 0, 77, 0, 0, 0, 0, 0, 48)
5 (1, 4, 109, 230, 0, 132, 0, 35, 0, 0, 0, 151)
6 (1, 4, 65, 26, 0, 86, 0, 101, 0, 0, 0, 104)
7 (1, 4, 0, 0, 0, 0, 56, 23, 0, 0, 0, 247)
8 (1, 4, 86, 0, 0, 0, 69, 0, 0, 0, 0, 179)
9 (1, 4, 0, 305, 223, 4, 0, 0, 0, 0, 0, 221)
10 (1, 4, 50, 73, 0, 0, 60, 0, 0, 0, 0, 106)
11 (1, 4, 0, 66, 26, 18, 0, 0, 0, 0, 0, 181)
12 (1, 4, 102, 0, 70, 12, 0, 0, 0, 0, 0, 26)
13 (1, 4, 19, 25, 10, 19, 0, 0, 0, 0, 0, 174)
14 (1, 4, 0, 30, 0, 9, 0, 0, 0, 0, 0, 252)
15 (1, 4, 0, 161, 0, 0, 33, 0, 0, 0, 0, 124)
16 (1, 4, 9, 244, 163, 0, 46, 0, 0, 0, 0, 146)
17 (1, 4, 9, 288, 182, 0, 7, 0, 0, 0, 0, 78)
18 (1, 4, 0, 11, 170, 175, 0, 69, 0, 0, 0, 135)
19 (1, 4, 0, 0, 172, 172, 0, 0, 0, 0, 0, 83)
20 (1, 4, 59, 0, 8, 147, 0, 0, 0, 0, 0, 252)
21 (1, 4, 114, 56, 0, 67, 0, 0, 0, 0, 0, 40)
22 (1, 4, 66, 88, 0, 43, 17, 0, 0, 0, 0, 118)
23 (1, 4, 39, 8, 16, 27, 0, 0, 0, 0, 0, 113)
24 (1, 4, 253, 0, 190, 29, 0, 0, 0, 0, 0, 82)
25 (1, 4, 609, 0, 342, 15, 0, 4, 0, 0, 0, 66)
26 (1, 4, 838, 0, 602, 3, 0, 0, 0, 0, 0, 89)
27 (1, 4, 773, 0, 722, 18, 20, 0, 0, 0, 0, 1)
28 (1, 4, 585, 0, 726, 0, 43, 0, 0, 0, 0, 116)
29 (1, 4, 0, 437, 526, 0, 0, 67, 1, 0, 0, 96)
0 (1, 4, 0, 119, 0, 0, 0, 0, 1, 0, 0, 62)
1 (1, 4, 0, 208, 0, 0, 0, 0, 1, 0, 0, 255)
2 (1, 4, 2, 240, 0, 0, 0, 0, 1, 0, 0, 33)
3 (1, 4, 0, 344, 0, 0, 0, 0, 1, 0, 0, 168)
4 (1, 4, 0, 409, 0, 50, 0, 0, 1, 0, 0, 191)
5 (1, 4, 156, 600, 0, 39, 0, 0, 1, 0, 0, 137)
6 (1, 4, 81, 629, 0, 99, 0, 0, 1, 0, 0, 228)
7 (1, 4, 178, 217, 0, 68, 0, 134, 0, 0, 0, 90)
8 (1, 4, 0, 0, 0, 0, 73, 48, 1, 0, 0, 204)
9 (1, 4, 161, 0, 0, 0, 74, 0, 1, 0, 0, 233)
10 (1, 4, 0, 273, 196, 26, 18, 0, 0, 0, 0, 93)
11 (1, 4, 85, 5, 0, 0, 23, 30, 0, 0, 0, 86)
12 (1, 4, 0, 6, 24, 3, 0, 0, 1, 0, 0, 73)
13 (1, 4, 0, 66, 0, 0, 2, 0, 0, 0, 0, 98)
14 (1, 4, 0, 227, 88, 0, 75, 0, 1, 0, 0, 236)
15 (1, 4, 0, 207, 237, 0, 1, 0, 1, 0, 0, 212)
16 (1, 4, 0, 0, 163, 181, 0, 9, 1, 0, 0, 77)
17 (1, 4, 0, 0, 0, 237, 0, 0, 0, 0, 0, 116)
18 (1, 4, 136, 94, 20, 172, 0, 0, 1, 0, 0, 126)
19 (1, 4, 184, 121, 0, 57, 13, 0, 1, 0, 0, 218)
20 (1, 4, 0, 145, 29, 15, 28, 0, 1, 0, 0, 194)
21 (1, 4, 135, 0, 90, 11, 0, 0, 1, 0, 0, 237)
22 (1, 4, 369, 0, 217, 13, 0, 0, 1, 0, 0, 120)
23 (1, 4, 873, 0, 382, 0, 0, 0, 1, 0, 0, 192)
24 (1, 4, 873, 0, 568, 14, 21, 0, 1, 0, 0, 8)
25 (1, 4, 873, 0, 583, 10, 62, 0, 1, 0, 0, 16)
26 (1, 4, 379, 211, 544, 0, 62, 22, 1, 0, 0, 234)
27 (1, 4, 123, 608, 743, 0, 0, 178, 1, 0, 0, 182)
28 (1, 4, 0, 279, 429, 0, 0, 119, 1, 0, 0, 154)
29 (1, 4, 0, 172, 132, 0, 0, 62, 1, 0, 0, 77)
30 (1, 4, 102, 71, 0, 0, 39, 14, 1, 0, 0, 180)
31 (1, 4, 0, 190, 0, 0, 0, 16, 1, 0, 0, 105)
0 (1, 4, 618, 791, 100, 0, 0, 25, 0, 0, 0, 174)
1 (1, 4, 514, 383, 28, 0, 10, 105, 0, 0, 0, 109)
2 (1, 4, 261, 159, 0, 0, 0, 153, 0, 0, 0, 247)
3 (1, 4, 0, 0, 0, 0, 30, 185, 0, 0, 0, 230)
4 (1, 4, 0, 0, 41, 0, 55, 101, 0, 0, 0, 6)
5 (1, 4, 0, 0, 0, 0, 38, 6, 0, 0, 0, 174)
6 (1, 4, 0, 0, 255, 0, 53, 0, 0, 0, 0, 190)
7 (1, 4, 0, 0, 0, 0, 0, 0, 0, 0, 0, 126)
8 (1, 4, 0, 329, 0, 0, 8, 0, 0, 0, 0, 223)
9 (1, 4, 0, 0, 0, 6, 24, 0, 0, 0, 0, 120)
10 (1, 4, 0, 29, 0, 14, 9, 0, 0, 0, 0, 193)
11 (1, 4, 58, 47, 0, 11, 23, 0, 0, 0, 0, 114)
12 (1, 4, 0, 218, 0, 0, 33, 0, 0, 0, 0, 55)
13 (1, 4, 0, 305, 77, 0, 65, 0, 0, 0, 0, 99)
14 (1, 4, 176, 337, 246, 0, 24, 0, 0, 0, 0, 64)
15 (1, 4, 60, 278, 162, 0, 30, 0, 0, 0, 0, 87)
16 (1, 4, 289, 0, 183, 154, 0, 22, 0, 0, 0, 163)
17 (1, 4, 0, 0, 183, 91, 0, 0, 0, 0, 0, 16)
18 (1, 4, 10, 0, 51, 162, 0, 0, 0, 0, 0, 82)
19 (1, 4, 0, 0, 0, 71, 0, 0, 0, 0, 0, 246)
20 (1, 4, 116, 121, 0, 29, 32, 0, 0, 0, 0, 175)
21 (1, 4, 0, 74, 53, 0, 0, 0, 0, 0, 0, 104)
22 (1, 4, 562, 0, 282, 0, 0, 10, 0, 0, 0, 163)
23 (1, 4, 873, 0, 647, 0, 0, 0, 0, 0, 0, 230)
24 (1, 4, 873, 0, 658, 23, 16, 0, 0, 0, 0, 124)
25 (1, 4, 402, 106, 747, 0, 43, 9, 1, 0, 0, 83)
26 (1, 4, 0, 351, 569, 0, 0, 104, 1, 0, 0, 183)
27 (1, 4, 0, 428, 420, 0, 0, 33, 1, 0, 0, 33)
28 (1, 4, 102, 92, 57, 0, 0, 10, 0, 0, 0, 101)
29 (1, 4, 85, 32, 0, 0, 9, 0, 0, 0, 0, 91)
30 (1, 4, 0, 158, 18, 0, 6, 5, 0, 0, 0, 241)
31 (1, 4, 0, 48, 31, 0, 25, 7, 0, 0, 0, 213)
0 (1, 4, 431, 562, 0, 0, 3, 0, 0, 0, 0, 124)
1 (1, 4, 437, 244, 0, 12, 50, 45, 0, 0, 0, 156)
2 (1, 4, 169, 226, 0, 18, 12, 87, 0, 0, 0, 145)
3 (1, 4, 67, 26, 0, 30, 30, 131, 0, 0, 0, 174)
4 (1, 4, 0, 0, 0, 0, 21, 163, 0, 0, 0, 44)
5 (1, 4, 0, 0, 0, 0, 12, 138, 0, 0, 0, 133)
6 (1, 4, 0, 0, 0, 0, 25, 90, 0, 0, 0, 134)
7 (1, 4, 0, 0, 0, 0, 40, 0, 0, 0, 0, 178)
8 (1, 4, 0, 0, 0, 0, 12, 0, 0, 0, 0, 92)
9 (1, 4, 0, 0, 0, 107, 78, 0, 0, 0, 0, 81)
10 (1, 4, 64, 0, 122, 0, 0, 0, 0, 0, 0, 30)
11 (1, 4, 0, 0, 0, 30, 2, 0, 0, 0, 0, 193)
12 (1, 4, 20, 0, 0, 58, 9, 0, 0, 0, 0, 198)
13 (1, 4, 0, 28, 0, 33, 0, 0, 0, 0, 0, 128)
14 (1, 4, 0, 35, 0, 38, 7, 0, 0, 0, 0, 167)
15 (1, 4, 9, 49, 0, 28, 7, 0, 0, 0, 0, 13)
16 (1, 4, 0, 45, 0, 27, 7, 0, 0, 0, 0, 38)
17 (1, 4, 0, 63, 0, 29, 8, 0, 0, 0, 0, 193)
18 (1, 4, 29, 58, 28, 23, 0, 0, 0, 0, 0, 146)
19 (1, 4, 0, 69, 0, 26, 3, 0, 0, 0, 0, 40)
20 (1, 4, 0, 96, 25, 27, 0, 0, 0, 0, 0, 70)
21 (1, 4, 9, 52, 0, 46, 0, 0, 0, 0, 0, 42)
22 (1, 4, 1, 25, 1, 49, 2, 0, 0, 0, 0, 112)
23 (1, 4, 24, 0, 0, 48, 6, 0, 0, 0, 0, 225)
24 (1, 4, 38, 0, 5, 44, 12, 0, 0, 0, 0, 24)
25 (1, 4, 4, 45, 2, 38, 4, 0, 0, 0, 0, 63)
26 (1, 4, 27, 79, 8, 41, 12, 0, 0, 0, 0, 94)
27 (1, 4, 0, 148, 0, 26, 32, 0, 0, 0, 0, 248)
28 (1, 4, 89, 250, 125, 3, 27, 0, 0, 0, 0, 116)
29 (1, 4, 0, 514, 184, 16, 50, 0, 0, 0, 0, 159)
0 (1, 4, 0, 0, 160, 57, 0, 0, 0, 0, 0, 136)
1 (1, 4, 171, 0, 230, 35, 0, 0, 0, 0, 0, 131)
2 (1, 4, 128, 7, 108, 32, 0, 0, 0, 0, 0, 103)
3 (1, 4, 83, 0, 19, 26, 0, 0, 0, 0, 0, 240)
4 (1, 4, 193, 0, 90, 15, 0, 0, 0, 0, 0, 94)
5 (1, 4, 399, 0, 217, 7, 0, 8, 0, 0, 0, 217)
6 (1, 4, 422, 0, 363, 0, 11, 0, 0, 0, 0, 159)
7 (1, 4, 313, 0, 519, 0, 12, 0, 0, 0, 0, 88)
8 (1, 4, 194, 0, 750, 0, 0, 0, 0, 0, 0, 125)
9 (1, 4, 45, 130, 728, 0, 0, 32, 0, 0, 0, 65)
10 (1, 4, 189, 161, 427, 0, 0, 28, 0, 0, 0, 101)
11 (1, 4, 0, 298, 214, 0, 0, 41, 0, 0, 0, 23)
12 (1, 4, 2, 117, 73, 0, 0, 0, 0, 0, 0, 254)
13 (1, 4, 0, 200, 0, 0, 0, 4, 0, 0, 0, 58)
14 (1, 4, 123, 52, 8, 0, 0, 2, 0, 0, 0, 206)
15 (1, 4, 219, 0, 59, 0, 0, 2, 0, 0, 0, 95)
16 (1, 4, 184, 0, 0, 0, 0, 0, 0, 0, 0, 60)
17 (1, 4, 0, 0, 0, 0, 0, 0, 0, 0, 0, 126)
18 (1, 4, 0, 67, 0, 0, 0, 0, 0, 0, 0, 37)
19 (1, 4, 0, 103, 0, 0, 0, 0, 0, 0, 0, 61)
20 (1, 4, 33, 30, 0, 0, 0, 0, 0, 0, 0, 210)
21 (1, 4, 0, 50, 0, 0, 0, 0, 0, 0, 0, 176)
22 (1, 4, 0, 45, 0, 0, 0, 0, 0, 0, 0, 96)
23 (1, 4, 0, 129, 0, 0, 0, 0, 1, 0, 0, 168)
24 (1, 4, 0, 302, 0, 0, 0, 0, 0, 0, 0, 93)
25 (1, 4, 0, 285, 0, 0, 0, 0, 0, 0, 0, 38)
26 (1, 4, 13, 314, 0, 0, 0, 0, 0, 0, 0, 160)
27 (1, 4, 61, 299, 0, 20, 0, 0, 0, 0, 0, 216)
28 (1, 4, 187, 286, 0, 58, 0, 0, 0, 0, 0, 118)
29 (1, 4, 100, 328, 0, 90, 0, 0, 0, 0, 0, 57)
30 (1, 4, 105, 254, 0, 112, 0, 64, 0, 0, 0, 229)
31 (1, 4, 0, 0, 0, 20, 0, 102, 0, 0, 0, 221)
0 (1, 4, 0, 179, 12, 0, 31, 0, 0, 0, 0, 202)
1 (1, 4, 0, 232, 126, 0, 21, 0, 0, 0, 0, 37)
2 (1, 4, 0, 140, 163, 0, 0, 0, 0, 0, 0, 162)
3 (1, 4, 0, 8, 109, 91, 0, 0, 0, 0, 0, 69)
4 (1, 4, 0, 0, 216, 162, 0, 0, 0, 0, 0, 205)
5 (1, 4, 0, 0, 36, 121, 0, 0, 0, 0, 0, 242)
6 (1, 4, 0, 0, 91, 112, 0, 0, 0, 0, 0, 54)
7 (1, 4, 100, 0, 0, 49, 0, 0, 0, 0, 0, 9)
8 (1, 4, 0, 142, 0, 11, 15, 0, 0, 0, 0, 11)
9 (1, 4, 3, 37, 12, 0, 0, 0, 0, 0, 0, 35)
10 (1, 4, 88, 0, 81, 1, 0, 0, 0, 0, 0, 104)
11 (1, 4, 276, 0, 111, 0, 0, 0, 0, 0, 0, 248)
12 (1, 4, 873, 0, 313, 0, 0, 0, 0, 0, 0, 188)
13 (1, 4, 873, 0, 379, 0, 0, 0, 0, 0, 0, 104)
14 (1, 4, 624, 0, 622, 0, 0, 0, 0, 0, 0, 166)
15 (1, 4, 117, 147, 534, 0, 0, 59, 0, 0, 0, 20)
16 (1, 4, 113, 42, 356, 0, 0, 32, 0, 0, 0, 101)
17 (1, 4, 0, 403, 289, 0, 0, 27, 0, 0, 0, 75)
18 (1, 4, 63, 149, 0, 0, 0, 37, 0, 0, 0, 7)
19 (1, 4, 0, 0, 2, 0, 7, 0, 0, 0, 0, 57)
20 (1, 4, 0, 86, 25, 0, 14, 0, 0, 0, 0, 172)
21 (1, 4, 0, 53, 1, 0, 0, 17, 0, 0, 0, 42)
22 (1, 4, 0, 0, 0, 0, 0, 0, 0, 0, 0, 126)
23 (1, 4, 0, 0, 0, 0, 0, 0, 0, 0, 0, 126)
24 (1, 4, 44, 0, 24, 0, 0, 2, 0, 0, 0, 139)
25 (1, 4, 45, 0, 0, 0, 0, 0, 0, 0, 0, 255)
26 (1, 4, 40, 81, 41, 0, 10, 0, 0, 0, 0, 123)
27 (1, 4, 0, 44, 37, 0, 0, 16, 0, 0, 0, 50)
28 (1, 4, 0, 4, 0, 0, 0, 0, 0, 0, 0, 164)
29 (1, 4, 7, 0, 5, 0, 0, 0, 0, 0, 0, 158)
30 (1, 4, 0, 29, 0, 0, 3, 0, 0, 0, 0, 72)
31 (1, 4, 0, 34, 5, 0, 0, 0, 0, 0, 0, 27)
0 (1, 4, 1, 66, 0, 0, 0, 0, 0, 0, 0, 158)
1 (1, 4, 43, 95, 0, 14, 0, 0, 0, 0, 0, 50)
2 (1, 4, 48, 145, 0, 34, 0, 0, 0, 0, 0, 91)
3 (1, 4, 60, 223, 0, 69, 0, 0, 0, 0, 0, 245)
4 (1, 4, 67, 327, 0, 121, 0, 0, 0, 0, 0, 173)
5 (1, 4, 209, 248, 0, 128, 0, 34, 0, 0, 0, 43)
6 (1, 4, 0, 15, 0, 17, 48, 48, 0, 0, 0, 221)
7 (1, 4, 0, 0, 0, 0, 22, 0, 1, 0, 0, 136)
8 (1, 4, 0, 0, 0, 0, 74, 0, 0, 0, 0, 87)
9 (1, 4, 268, 170, 165, 0, 0, 0, 0, 0, 0, 236)
10 (1, 4, 0, 54, 0, 0, 0, 0, 0, 0, 0, 106)
11 (1, 4, 19, 0, 0, 13, 0, 0, 0, 0, 0, 23)
12 (1, 4, 76, 27, 36, 10, 0, 0, 0, 0, 0, 211)
13 (1, 4, 0, 25, 0, 0, 0, 0, 0, 0, 0, 25)
14 (1, 4, 0, 311, 0, 0, 53, 0, 0, 0, 0, 40)
15 (1, 4, 217, 195, 209, 0, 0, 0, 0, 0, 0, 199)
16 (1, 4, 0, 189, 151, 25, 0, 0, 0, 0, 0, 123)
17 (1, 4, 77, 0, 21, 188, 0, 9, 0, 0, 0, 6)
18 (1, 4, 0, 0, 351, 124, 0, 0, 0, 0, 0, 177)
19 (1, 4, 37, 0, 3, 120, 0, 0, 0, 0, 0, 7)
20 (1, 4, 0, 37, 0, 48, 0, 0, 0, 0, 0, 205)
21 (1, 4, 99, 153, 10, 27, 0, 0, 0, 0, 0, 249)
22 (1, 4, 0, 63, 52, 7, 0, 0, 0, 0, 0, 238)
23 (1, 4, 158, 0, 99, 18, 0, 0, 0, 0, 0, 168)
24 (1, 4, 262, 0, 176, 0, 0, 0, 0, 0, 0, 40)
25 (1, 4, 873, 0, 350, 0, 0, 0, 0, 0, 0, 92)
26 (1, 4, 873, 0, 520, 0, 0, 0, 0, 0, 0, 78)
27 (1, 4, 789, 0, 573, 0, 18, 0, 0, 0, 0, 148)
28 (1, 4, 466, 233, 846, 0, 0, 38, 0, 0, 0, 230)
29 (1, 4, 0, 346, 288, 0, 0, 90, 1, 0, 0, 163)
30 (1, 4, 0, 133, 308, 0, 0, 44, 0, 0, 0, 172)
0 (1, 4, 0, 278, 0, 0, 0, 0, 0, 0, 0, 77)
1 (1, 4, 0, 314, 0, 0, 0, 0, 0, 0, 0, 230)
2 (1, 4, 0, 272, 0, 0, 0, 0, 0, 0, 0, 250)
3 (1, 4, 0, 250, 0, 0, 0, 0, 0, 0, 0, 129)
4 (1, 4, 56, 206, 0, 0, 0, 0, 0, 0, 0, 175)
5 (1, 4, 138, 234, 0, 34, 0, 0, 0, 0, 0, 78)
6 (1, 4, 0, 135, 0, 77, 0, 0, 0, 0, 0, 51)
7 (1, 4, 0, 251, 0, 131, 0, 0, 0, 0, 0, 184)
8 (1, 4, 0, 226, 0, 187, 0, 11, 0, 0, 0, 181)
9 (1, 4, 0, 104, 0, 86, 0, 156, 0, 0, 0, 42)
10 (1, 4, 0, 0, 0, 0, 20, 3, 0, 0, 0, 126)
11 (1, 4, 0, 0, 0, 0, 71, 0, 0, 0, 0, 12)
12 (1, 4, 354, 385, 201, 0, 0, 35, 0, 0, 0, 154)
13 (1, 4, 0, 0, 0, 0, 0, 0, 0, 0, 0, 126)
14 (1, 4, 75, 47, 41, 27, 0, 0, 0, 0, 0, 30)
15 (1, 4, 71, 0, 14, 14, 0, 0, 0, 0, 0, 170)
16 (1, 4, 23, 43, 17, 28, 0, 0, 0, 0, 0, 133)
17 (1, 4, 0, 51, 0, 17, 0, 0, 0, 0, 0, 237)
18 (1, 4, 54, 128, 20, 0, 12, 0, 0, 0, 0, 127)
19 (1, 4, 0, 291, 102, 0, 25, 0, 0, 0, 0, 200)
20 (1, 4, 458, 92, 209, 0, 12, 0, 0, 0, 0, 196)
21 (1, 4, 0, 107, 206, 0, 26, 0, 0, 0, 0, 37)
22 (1, 4, 0, 49, 202, 68, 0, 0, 0, 0, 0, 88)
23 (1, 4, 0, 0, 136, 134, 0, 0, 0, 0, 0, 220)
24 (1, 4, 0, 0, 90, 113, 0, 0, 0, 0, 0, 189)
25 (1, 4, 3, 0, 69, 109, 0, 0, 0, 0, 0, 250)
26 (1, 4, 0, 27, 10, 60, 0, 0, 0, 0, 0, 125)
27 (1, 4, 13, 29, 0, 29, 0, 0, 0, 0, 0, 233)
28 (1, 4, 75, 0, 44, 0, 0, 0, 0, 0, 0, 137)
29 (1, 4, 417, 0, 260, 0, 0, 0, 0, 0, 0, 163)
30 (1, 4, 873, 0, 508, 0, 0, 0, 0, 0, 0, 124)
31 (1, 4, 873, 0, 511, 0, 0, 0, 0, 0, 0, 199)
0 (1, 4, 25, 198, 0, 0, 0, 0, 1, 0, 0, 183)
1 (1, 4, 0, 127, 0, 38, 0, 0, 1, 0, 0, 38)
2 (1, 4, 0, 252, 0, 61, 0, 0, 1, 0, 0, 209)
3 (1, 4, 0, 264, 0, 118, 0, 0, 1, 0, 0, 195)
4 (1, 4, 87, 279, 0, 173, 0, 35, 1, 0, 0, 193)
5 (1, 4, 0, 0, 0, 79, 16, 237, 1, 0, 0, 199)
6 (1, 4, 0, 0, 0, 0, 81, 0, 1, 0, 0, 250)
7 (1, 4, 92, 0, 0, 37, 134, 0, 1, 0, 0, 146)
8 (1, 4, 873, 164, 151, 0, 0, 63, 0, 0, 0, 177)
9 (1, 4, 0, 39, 0, 0, 0, 0, 0, 0, 0, 190)
10 (1, 4, 0, 8, 0, 0, 0, 0, 1, 0, 0, 175)
11 (1, 4, 0, 180, 22, 0, 4, 0, 1, 0, 0, 137)
12 (1, 4, 118, 250, 138, 0, 28, 0, 0, 0, 0, 206)
13 (1, 4, 194, 290, 174, 0, 0, 0, 0, 0, 0, 118)
14 (1, 4, 33, 0, 179, 174, 6, 0, 0, 0, 0, 147)
15 (1, 4, 0, 0, 451, 155, 0, 45, 0, 0, 0, 240)
16 (1, 4, 22, 0, 109, 100, 0, 0, 0, 0, 0, 137)
17 (1, 4, 93, 0, 0, 54, 0, 0, 0, 0, 0, 13)
18 (1, 4, 42, 113, 0, 22, 0, 0, 0, 0, 0, 245)
19 (1, 4, 113, 0, 0, 0, 0, 0, 1, 0, 0, 188)
20 (1, 4, 675, 0, 135, 0, 0, 8, 0, 0, 0, 68)
21 (1, 4, 873, 0, 317, 0, 0, 0, 0, 0, 0, 226)
22 (1, 4, 845, 0, 526, 0, 18, 0, 0, 0, 0, 183)
23 (1, 4, 705, 0, 594, 0, 0, 6, 0, 0, 0, 53)
24 (1, 4, 393, 304, 423, 0, 0, 79, 0, 0, 0, 90)
25 (1, 4, 9, 459, 599, 0, 0, 163, 1, 0, 0, 248)
26 (1, 4, 0, 199, 297, 0, 0, 76, 0, 0, 0, 175)
27 (1, 4, 0, 190, 0, 0, 0, 16, 0, 0, 0, 11)
28 (1, 4, 112, 104, 62, 0, 36, 0, 0, 0, 0, 128)
29 (1, 4, 0, 185, 0, 0, 0, 0, 0, 0, 0, 218)
30 (1, 4, 193, 130, 19, 0, 12, 28, 0, 0, 0, 42)
31 (1, 4, 0, 77, 38, 0, 0, 7, 0, 0, 0, 189)
0 (1, 4, 1, 355, 0, 0, 0, 0, 0, 0, 0, 12)
1 (1, 4, 0, 332, 0, 20, 0, 0, 0, 0, 0, 250)
2 (1, 4, 83, 265, 0, 22, 0, 0, 0, 0, 0, 83)
3 (1, 4, 0, 200, 0, 65, 0, 0, 0, 0, 0, 133)
4 (1, 4, 0, 132, 0, 79, 0, 0, 0, 0, 0, 213)
5 (1, 4, 0, 122, 0, 130, 0, 6, 0, 0, 0, 223)
6 (1, 4, 0, 0, 0, 110, 0, 74, 0, 0, 0, 238)
7 (1, 4, 0, 0, 0, 0, 147, 76, 0, 0, 0, 158)
8 (1, 4, 0, 0, 0, 0, 9, 0, 0, 0, 0, 198)
9 (1, 4, 327, 201, 259, 0, 0, 0, 0, 0, 0, 189)
10 (1, 4, 0, 0, 36, 0, 21, 15, 0, 0, 0, 56)
11 (1, 4, 27, 22, 27, 0, 0, 0, 0, 0, 0, 82)
12 (1, 4, 130, 19, 21, 2, 0, 0, 0, 0, 0, 69)
13 (1, 4, 0, 0, 0, 2, 0, 0, 0, 0, 0, 64)
14 (1, 4, 24, 29, 4, 8, 0, 0, 0, 0, 0, 245)
15 (1, 4, 27, 0, 0, 8, 0, 0, 0, 0, 0, 4)
16 (1, 4, 22, 40, 9, 5, 0, 0, 0, 0, 0, 128)
17 (1, 4, 0, 127, 0, 0, 0, 0, 0, 0, 0, 239)
18 (1, 4, 20, 349, 26, 0, 0, 0, 0, 0, 0, 145)
19 (1, 4, 519, 285, 39, 0, 4, 0, 0, 0, 0, 240)
20 (1, 4, 478, 383, 64, 0, 23, 0, 0, 0, 0, 54)
21 (1, 4, 262, 336, 264, 49, 14, 0, 0, 0, 0, 111)
22 (1, 4, 325, 0, 409, 110, 0, 40, 0, 0, 0, 245)
23 (1, 4, 411, 107, 519, 106, 0, 46, 0, 0, 0, 227)
24 (1, 4, 0, 105, 280, 40, 0, 97, 0, 0, 0, 141)
25 (1, 4, 0, 0, 0, 20, 0, 0, 0, 0, 0, 245)
26 (1, 4, 0, 0, 0, 38, 0, 0, 0, 0, 0, 213)
27 (1, 4, 0, 0, 0, 0, 0, 0, 0, 0, 0, 126)
28 (1, 4, 707, 0, 181, 0, 0, 0, 0, 0, 0, 78)
29 (1, 4, 806, 0, 278, 0, 0, 0, 0, 0, 0, 200)
30 (1, 4, 723, 0, 501, 6, 25, 0, 0, 0, 0, 119)
31 (1, 4, 415, 193, 726, 0, 0, 49, 1, 0, 0, 149)
0 (1, 4, 130, 208, 0, 90, 0, 0, 0, 0, 0, 112)
1 (1, 4, 0, 99, 0, 97, 0, 47, 0, 0, 0, 156)
2 (1, 4, 0, 0, 0, 92, 0, 66, 0, 0, 0, 36)
3 (1, 4, 0, 0, 0, 0, 39, 2, 0, 0, 0, 162)
4 (1, 4, 0, 0, 0, 0, 8, 0, 0, 0, 0, 191)
5 (1, 4, 0, 290, 0, 50, 15, 0, 0, 0, 0, 189)
6 (1, 4, 576, 32, 25, 0, 58, 0, 0, 0, 0, 221)
7 (1, 4, 0, 0, 0, 0, 0, 0, 0, 0, 0, 126)
8 (1, 4, 0, 5, 0, 20, 0, 0, 0, 0, 0, 154)
9 (1, 4, 54, 0, 32, 16, 0, 0, 0, 0, 0, 116)
10 (1, 4, 0, 6, 5, 19, 0, 0, 0, 0, 0, 213)
11 (1, 4, 0, 55, 12, 20, 0, 0, 0, 0, 0, 182)
12 (1, 4, 0, 43, 10, 18, 0, 0, 0, 0, 0, 141)
13 (1, 4, 0, 85, 11, 15, 0, 0, 0, 0, 0, 81)
14 (1, 4, 0, 111, 10, 1, 0, 0, 0, 0, 0, 2)
15 (1, 4, 0, 243, 0, 0, 15, 0, 0, 0, 0, 46)
16 (1, 4, 0, 274, 114, 0, 35, 0, 0, 0, 0, 68)
17 (1, 4, 40, 353, 199, 0, 14, 0, 0, 0, 0, 231)
18 (1, 4, 307, 132, 208, 70, 0, 14, 0, 0, 0, 86)
19 (1, 4, 0, 0, 203, 178, 0, 45, 0, 0, 0, 31)
20 (1, 4, 195, 0, 279, 78, 0, 65, 0, 0, 0, 194)
21 (1, 4, 0, 0, 197, 75, 0, 0, 0, 0, 0, 178)
22 (1, 4, 83, 0, 37, 58, 0, 0, 0, 0, 0, 233)
23 (1, 4, 75, 0, 48, 40, 0, 0, 0, 0, 0, 5)
24 (1, 4, 438, 0, 243, 0, 0, 22, 0, 0, 0, 69)
25 (1, 4, 873, 0, 569, 0, 0, 0, 0, 0, 0, 91)
26 (1, 4, 873, 0, 642, 0, 29, 0, 0, 0, 0, 242)
27 (1, 4, 461, 239, 847, 0, 10, 46, 0, 0, 0, 166)
28 (1, 4, 0, 326, 474, 0, 0, 88, 0, 0, 0, 104)
29 (1, 4, 0, 306, 283, 0, 0, 55, 1, 0, 0, 115)
30 (1, 4, 162, 170, 226, 0, 0, 15, 0, 0, 0, 143)
31 (1, 4, 0, 389, 0, 0, 0, 10, 0, 0, 0, 166)
0 (1, 4, 0, 268, 0, 0, 0, 0, 0, 0, 0, 242)
1 (1, 4, 28, 260, 0, 0, 0, 0, 0, 0, 0, 233)
2 (1, 4, 0, 199, 0, 20, 0, 0, 0, 0, 0, 117)
3 (1, 4, 0, 226, 0, 63, 0, 0, 0, 0, 0, 232)
4 (1, 4, 0, 189, 0, 91, 0, 0, 0, 0, 0, 251)
5 (1, 4, 0, 103, 0, 115, 0, 94, 0, 0, 0, 103)
6 (1, 4, 0, 0, 0, 0, 98, 111, 0, 0, 0, 134)
7 (1, 4, 0, 0, 0, 0, 37, 0, 0, 0, 0, 233)
8 (1, 4, 0, 13, 0, 79, 46, 0, 0, 0, 0, 15)
9 (1, 4, 424, 0, 0, 0, 26, 0, 0, 0, 0, 104)
10 (1, 4, 0, 0, 0, 3, 0, 0, 0, 0, 0, 95)
11 (1, 4, 77, 0, 0, 8, 0, 0, 0, 0, 0, 73)
12 (1, 4, 33, 23, 20, 11, 0, 0, 0, 0, 0, 44)
13 (1, 4, 0, 0, 0, 8, 0, 0, 0, 0, 0, 134)
14 (1, 4, 0, 71, 0, 11, 0, 0, 0, 0, 0, 38)
15 (1, 4, 0, 43, 0, 0, 0, 0, 0, 0, 0, 215)
16 (1, 4, 0, 137, 0, 0, 0, 0, 0, 0, 0, 121)
17 (1, 4, 19, 186, 0, 0, 19, 0, 0, 0, 0, 254)
18 (1, 4, 139, 200, 41, 0, 12, 0, 0, 0, 0, 204)
19 (1, 4, 248, 147, 4, 0, 0, 0, 0, 0, 0, 83)
20 (1, 4, 177, 0, 73, 58, 0, 0, 0, 0, 0, 73)
21 (1, 4, 221, 0, 230, 148, 0, 0, 0, 0, 0, 231)
22 (1, 4, 0, 88, 687, 46, 0, 0, 0, 0, 0, 144)
23 (1, 4, 59, 0, 308, 53, 0, 0, 0, 0, 0, 196)
24 (1, 4, 0, 87, 273, 41, 0, 0, 0, 0, 0, 38)
25 (1, 4, 0, 81, 45, 4, 0, 0, 0, 0, 0, 221)
26 (1, 4, 242, 0, 46, 4, 0, 0, 0, 0, 0, 150)
27 (1, 4, 160, 0, 80, 0, 0, 0, 0, 0, 0, 40)
28 (1, 4, 704, 0, 210, 0, 0, 13, 0, 0, 0, 252)
29 (1, 4, 873, 0, 357, 22, 7, 0, 0, 0, 0, 7)
30 (1, 4, 698, 0, 616, 0, 8, 0, 0, 0, 0, 230)
31 (1, 4, 83, 302, 474, 0, 0, 66, 0, 0, 0, 97)
0 (1, 4, 95, 187, 0, 2, 0, 0, 0, 0, 0, 186)
1 (1, 4, 46, 211, 0, 7, 0, 0, 0, 0, 0, 139)
2 (1, 4, 108, 185, 0, 43, 0, 0, 0, 0, 0, 236)
3 (1, 4, 0, 220, 0, 68, 0, 0, 0, 0, 0, 93)
4 (1, 4, 0, 115, 0, 118, 0, 25, 0, 0, 0, 233)
5 (1, 4, 0, 0, 0, 143, 0, 38, 0, 0, 0, 27)
6 (1, 4, 0, 0, 0, 0, 0, 90, 0, 0, 0, 187)
7 (1, 4, 0, 0, 9, 0, 19, 0, 0, 0, 0, 88)
8 (1, 4, 0, 116, 0, 129, 83, 0, 0, 0, 0, 34)
9 (1, 4, 332, 50, 0, 0, 0, 60, 0, 0, 0, 158)
10 (1, 4, 0, 0, 0, 17, 65, 0, 0, 0, 0, 245)
11 (1, 4, 154, 0, 109, 6, 0, 0, 0, 0, 0, 214)
12 (1, 4, 121, 0, 0, 8, 6, 0, 0, 0, 0, 71)
13 (1, 4, 0, 0, 48, 3, 0, 0, 0, 0, 0, 222)
14 (1, 4, 0, 55, 0, 0, 0, 0, 0, 0, 0, 223)
15 (1, 4, 4, 81, 9, 2, 0, 0, 0, 0, 0, 7)
16 (1, 4, 27, 53, 22, 1, 0, 0, 0, 0, 0, 33)
17 (1, 4, 4, 45, 14, 8, 0, 0, 0, 0, 0, 109)
18 (1, 4, 30, 51, 0, 0, 0, 0, 0, 0, 0, 177)
19 (1, 4, 31, 255, 9, 0, 9, 0, 0, 0, 0, 196)
20 (1, 4, 115, 425, 92, 0, 36, 0, 0, 0, 0, 106)
21 (1, 4, 37, 598, 170, 0, 17, 0, 0, 0, 0, 119)
22 (1, 4, 230, 533, 223, 51, 0, 12, 0, 0, 0, 78)
23 (1, 4, 201, 189, 169, 189, 0, 124, 0, 0, 0, 69)
24 (1, 4, 0, 33, 273, 28, 0, 164, 0, 0, 0, 146)
25 (1, 4, 0, 0, 243, 65, 0, 0, 0, 0, 0, 132)
26 (1, 4, 50, 0, 180, 36, 0, 0, 0, 0, 0, 254)
27 (1, 4, 138, 0, 71, 31, 0, 0, 0, 0, 0, 75)
28 (1, 4, 341, 0, 249, 0, 0, 23, 0, 0, 0, 64)
29 (1, 4, 517, 0, 471, 0, 0, 0, 0, 0, 0, 129)
0 (1, 4, 0, 406, 0, 0, 0, 0, 0, 0, 0, 76)
1 (1, 4, 0, 417, 0, 0, 0, 0, 0, 0, 0, 237)
2 (1, 4, 110, 412, 0, 0, 0, 0, 0, 0, 0, 136)
3 (1, 4, 28, 421, 0, 0, 0, 0, 0, 0, 0, 159)
4 (1, 4, 273, 316, 0, 10, 0, 0, 0, 0, 0, 123)
5 (1, 4, 106, 259, 0, 32, 0, 0, 0, 0, 0, 136)
6 (1, 4, 159, 163, 0, 65, 0, 39, 0, 0, 0, 178)
7 (1, 4, 0, 53, 0, 84, 0, 70, 0, 0, 0, 101)
8 (1, 4, 0, 0, 0, 88, 0, 74, 0, 0, 0, 178)
9 (1, 4, 0, 0, 0, 42, 0, 68, 0, 0, 0, 97)
10 (1, 4, 0, 0, 0, 0, 16, 26, 0, 0, 0, 123)
11 (1, 4, 0, 0, 0, 0, 36, 0, 0, 0, 0, 144)
12 (1, 4, 0, 0, 0, 0, 97, 0, 0, 0, 0, 16)
13 (1, 4, 31, 167, 157, 0, 0, 0, 0, 0, 0, 253)
14 (1, 4, 124, 0, 0, 11, 19, 0, 0, 0, 0, 79)
15 (1, 4, 0, 0, 10, 12, 0, 0, 0, 0, 0, 105)
16 (1, 4, 54, 18, 23, 14, 0, 0, 0, 0, 0, 81)
17 (1, 4, 0, 0, 0, 6, 0, 0, 0, 0, 0, 60)
18 (1, 4, 37, 18, 0, 15, 0, 0, 0, 0, 0, 38)
19 (1, 4, 42, 30, 11, 6, 0, 0, 0, 0, 0, 245)
20 (1, 4, 41, 26, 13, 10, 0, 0, 0, 0, 0, 200)
21 (1, 4, 23, 31, 6, 3, 0, 0, 0, 0, 0, 52)
22 (1, 4, 12, 77, 10, 0, 0, 0, 0, 0, 0, 250)
23 (1, 4, 0, 124, 5, 0, 2, 0, 0, 0, 0, 15)
24 (1, 4, 40, 239, 59, 0, 16, 0, 0, 0, 0, 59)
25 (1, 4, 200, 197, 123, 0, 38, 0, 0, 0, 0, 30)
26 (1, 4, 0, 316, 156, 8, 0, 0, 0, 0, 0, 197)
27 (1, 4, 76, 28, 45, 117, 0, 37, 0, 0, 0, 156)
28 (1, 4, 277, 0, 278, 171, 0, 28, 0, 0, 0, 40)
29 (1, 4, 0, 0, 251, 83, 0, 15, 0, 0, 0, 8)
0 (1, 4, 376, 5, 600, 0, 0, 25, 0, 0, 0, 169)
1 (1, 4, 187, 228, 566, 0, 0, 88, 0, 0, 0, 130)
2 (1, 4, 0, 341, 420, 0, 0, 83, 0, 0, 0, 234)
3 (1, 4, 0, 305, 407, 0, 0, 58, 0, 0, 0, 154)
4 (1, 4, 0, 307, 0, 0, 0, 20, 0, 0, 0, 70)
5 (1, 4, 267, 0, 13, 0, 0, 0, 0, 0, 0, 104)
6 (1, 4, 87, 69, 0, 0, 23, 18, 0, 0, 0, 86)
7 (1, 4, 0, 31, 11, 0, 30, 0, 0, 0, 0, 252)
8 (1, 4, 0, 110, 28, 0, 16, 0, 0, 0, 0, 35)
9 (1, 4, 0, 124, 0, 0, 0, 3, 0, 0, 0, 81)
10 (1, 4, 0, 1, 0, 0, 0, 0, 0, 0, 0, 203)
11 (1, 4, 47, 0, 18, 0, 8, 0, 0, 0, 0, 114)
12 (1, 4, 28, 0, 26, 0, 13, 0, 0, 0, 0, 97)
13 (1, 4, 0, 5, 20, 0, 14, 0, 0, 0, 0, 224)
14 (1, 4, 0, 3, 13, 0, 9, 0, 0, 0, 0, 104)
15 (1, 4, 0, 2, 18, 0, 3, 0, 0, 0, 0, 200)
16 (1, 4, 0, 0, 0, 0, 9, 0, 0, 0, 0, 198)
17 (1, 4, 0, 0, 0, 0, 10, 0, 0, 0, 0, 77)
18 (1, 4, 0, 0, 0, 0, 12, 0, 0, 0, 0, 92)
19 (1, 4, 0, 0, 0, 0, 15, 0, 0, 0, 0, 215)
20 (1, 4, 0, 0, 0, 0, 14, 0, 0, 0, 0, 174)
21 (1, 4, 0, 0, 0, 0, 11, 0, 0, 0, 0, 52)
22 (1, 4, 0, 0, 0, 0, 11, 0, 0, 0, 0, 52)
23 (1, 4, 0, 1, 0, 0, 11, 0, 0, 0, 0, 129)
24 (1, 4, 0, 1, 3, 0, 9, 0, 0, 0, 0, 200)
25 (1, 4, 3, 0, 4, 0, 11, 0, 0, 0, 0, 120)
26 (1, 4, 2, 4, 0, 0, 8, 0, 0, 0, 0, 121)
27 (1, 4, 29, 0, 0, 0, 10, 0, 0, 0, 0, 235)
28 (1, 4, 9, 1, 0, 0, 13, 0, 0, 0, 0, 238)
29 (1, 4, 7, 2, 0, 0, 13, 0, 0, 0, 0, 98)
30 (1, 4, 1, 4, 0, 0, 10, 0, 0, 0, 0, 153)
31 (1, 4, 0, 0, 0, 0, 12, 0, 0, 0, 0, 92)
0 (1, 4, 0, 0, 0, 40, 0, 106, 0, 0, 0, 216)
1 (1, 4, 0, 0, 0, 0, 69, 34, 0, 0, 0, 230)
2 (1, 4, 0, 0, 0, 0, 34, 0, 0, 0, 0, 129)
3 (1, 4, 0, 0, 0, 45, 47, 0, 0, 0, 0, 168)
4 (1, 4, 426, 22, 132, 0, 0, 0, 0, 0, 0, 187)
5 (1, 4, 0, 0, 0, 0, 16, 0, 0, 0, 0, 251)
6 (1, 4, 10, 0, 34, 0, 0, 0, 0, 0, 0, 195)
7 (1, 4, 64, 0, 0, 0, 0, 0, 0, 0, 0, 247)
8 (1, 4, 0, 46, 16, 0, 0, 0, 0, 0, 0, 199)
9 (1, 4, 0, 57, 0, 0, 0, 0, 0, 0, 0, 219)
10 (1, 4, 0, 81, 0, 0, 0, 0, 0, 0, 0, 41)
11 (1, 4, 0, 77, 0, 4, 0, 0, 0, 0, 0, 93)
12 (1, 4, 0, 95, 0, 12, 0, 0, 0, 0, 0, 169)
13 (1, 4, 0, 107, 5, 14, 0, 0, 0, 0, 0, 36)
14 (1, 4, 0, 101, 10, 16, 0, 0, 0, 0, 0, 52)
15 (1, 4, 0, 116, 9, 0, 0, 0, 0, 0, 0, 172)
16 (1, 4, 0, 160, 1, 0, 13, 0, 0, 0, 0, 114)
17 (1, 4, 0, 169, 60, 0, 29, 0, 0, 0, 0, 6)
18 (1, 4, 90, 0, 96, 0, 8, 0, 0, 0, 0, 191)
19 (1, 4, 295, 0, 40, 0, 10, 0, 0, 0, 0, 224)
20 (1, 4, 43, 0, 204, 63, 0, 0, 0, 0, 0, 136)
21 (1, 4, 0, 0, 448, 104, 0, 0, 1, 0, 0, 143)
22 (1, 4, 0, 0, 195, 36, 0, 0, 1, 0, 0, 56)
23 (1, 4, 177, 0, 100, 87, 0, 0, 1, 0, 0, 4)
24 (1, 4, 0, 192, 0, 22, 0, 0, 1, 0, 0, 43)
25 (1, 4, 166, 116, 0, 0, 0, 0, 1, 0, 0, 16)
26 (1, 4, 17, 9, 0, 0, 9, 0, 1, 0, 0, 76)
27 (1, 4, 282, 0, 54, 0, 0, 0, 1, 0, 0, 98)
28 (1, 4, 801, 0, 271, 0, 0, 0, 0, 0, 0, 181)
29 (1, 4, 873, 0, 421, 0, 0, 0, 0, 0, 0, 208)
30 (1, 4, 730, 0, 621, 0, 0, 0, 1, 0, 0, 193)
0 (1, 4, 0, 361, 0, 0, 0, 0, 0, 0, 0, 220)
1 (1, 4, 0, 363, 0, 0, 0, 0, 0, 0, 0, 177)
2 (1, 4, 31, 388, 0, 0, 0, 0, 0, 0, 0, 250)
3 (1, 4, 95, 357, 0, 0, 0, 0, 0, 0, 0, 134)
4 (1, 4, 211, 266, 0, 13, 0, 0, 0, 0, 0, 176)
5 (1, 4, 70, 231, 0, 49, 0, 22, 0, 0, 0, 143)
6 (1, 4, 59, 42, 0, 96, 0, 46, 0, 0, 0, 156)
7 (1, 4, 0, 0, 0, 75, 0, 33, 0, 0, 0, 12)
8 (1, 4, 0, 0, 0, 0, 0, 60, 0, 0, 0, 147)
9 (1, 4, 0, 0, 0, 0, 153, 0, 0, 0, 0, 119)
10 (1, 4, 0, 0, 0, 84, 49, 0, 0, 0, 0, 209)
11 (1, 4, 611, 78, 106, 0, 0, 17, 0, 0, 0, 59)
12 (1, 4, 0, 0, 0, 4, 9, 0, 0, 0, 0, 186)
13 (1, 4, 17, 0, 0, 12, 0, 0, 0, 0, 0, 20)
14 (1, 4, 66, 0, 11, 13, 0, 0, 0, 0, 0, 119)
15 (1, 4, 0, 23, 4, 2, 0, 0, 0, 0, 0, 125)
16 (1, 4, 0, 78, 0, 0, 0, 0, 0, 0, 0, 249)
17 (1, 4, 0, 174, 0, 0, 13, 0, 0, 0, 0, 226)
18 (1, 4, 58, 152, 67, 0, 36, 0, 0, 0, 0, 72)
19 (1, 4, 94, 0, 146, 0, 3, 0, 0, 0, 0, 105)
20 (1, 4, 227, 0, 0, 72, 0, 0, 0, 0, 0, 26)
21 (1, 4, 225, 0, 139, 198, 0, 0, 0, 0, 0, 231)
22 (1, 4, 0, 35, 463, 31, 0, 0, 0, 0, 0, 56)
23 (1, 4, 25, 0, 75, 75, 0, 0, 0, 0, 0, 16)
24 (1, 4, 0, 24, 91, 35, 0, 0, 0, 0, 0, 231)
25 (1, 4, 57, 148, 36, 12, 0, 0, 0, 0, 0, 185)
26 (1, 4, 40, 73, 56, 0, 0, 0, 0, 0, 0, 113)
27 (1, 4, 169, 0, 145, 0, 0, 0, 0, 0, 0, 200)
28 (1, 4, 695, 0, 210, 0, 0, 0, 0, 0, 0, 56)
29 (1, 4, 873, 0, 356, 0, 0, 0, 0, 0, 0, 78)
0 (1, 4, 104, 0, 0, 0, 0, 0, 0, 0, 0, 64)
1 (1, 4, 0, 0, 0, 0, 0, 0, 0, 0, 0, 126)
2 (1, 4, 0, 328, 0, 0, 0, 0, 0, 0, 0, 171)
3 (1, 4, 0, 443, 0, 0, 0, 0, 0, 0, 0, 82)
4 (1, 4, 0, 558, 0, 0, 0, 0, 0, 0, 0, 117)
5 (1, 4, 178, 356, 0, 0, 0, 0, 0, 0, 0, 46)
6 (1, 4, 92, 379, 0, 0, 0, 11, 0, 0, 0, 125)
7 (1, 4, 115, 174, 0, 30, 0, 39, 0, 0, 0, 250)
8 (1, 4, 0, 114, 0, 72, 0, 84, 0, 0, 0, 253)
9 (1, 4, 0, 0, 0, 86, 0, 94, 0, 0, 0, 174)
10 (1, 4, 0, 0, 0, 0, 39, 54, 0, 0, 0, 165)
11 (1, 4, 0, 0, 0, 0, 78, 0, 0, 0, 0, 180)
12 (1, 4, 0, 0, 0, 0, 30, 0, 0, 0, 0, 43)
13 (1, 4, 81, 133, 214, 4, 0, 0, 0, 0, 0, 15)
14 (1, 4, 140, 0, 0, 0, 0, 0, 0, 0, 0, 35)
15 (1, 4, 0, 0, 0, 0, 0, 0, 0, 0, 0, 126)
16 (1, 4, 50, 0, 0, 7, 0, 0, 0, 0, 0, 24)
17 (1, 4, 0, 0, 0, 4, 0, 0, 0, 0, 0, 2)
18 (1, 4, 0, 15, 0, 11, 0, 0, 0, 0, 0, 22)
19 (1, 4, 12, 43, 8, 7, 0, 0, 0, 0, 0, 126)
20 (1, 4, 11, 100, 15, 6, 0, 0, 0, 0, 0, 156)
21 (1, 4, 3, 83, 0, 5, 0, 0, 0, 0, 0, 53)
22 (1, 4, 0, 121, 0, 0, 0, 0, 0, 0, 0, 88)
23 (1, 4, 0, 132, 0, 0, 10, 0, 0, 0, 0, 150)
24 (1, 4, 26, 116, 0, 0, 9, 0, 0, 0, 0, 176)
25 (1, 4, 100, 92, 51, 0, 25, 0, 0, 0, 0, 132)
26 (1, 4, 88, 0, 121, 29, 0, 0, 0, 0, 0, 89)
27 (1, 4, 0, 0, 290, 74, 27, 0, 0, 0, 0, 46)
28 (1, 4, 0, 0, 350, 6, 0, 0, 0, 0, 0, 40)
29 (1, 4, 0, 0, 207, 40, 0, 0, 0, 0, 0, 60)
30 (1, 4, 0, 0, 133, 25, 0, 0, 0, 0, 0, 85)
31 (1, 4, 0, 62, 71, 20, 0, 0, 0, 0, 0, 76)
0 (1, 4, 873, 0, 147, 0, 0, 0, 0, 0, 0, 125)
1 (1, 4, 873, 0, 469, 0, 0, 0, 0, 0, 0, 170)
2 (1, 4, 229, 187, 524, 0, 0, 36, 0, 0, 0, 86)
3 (1, 4, 40, 375, 345, 0, 0, 48, 0, 0, 0, 141)
4 (1, 4, 0, 472, 141, 0, 0, 23, 0, 0, 0, 140)
5 (1, 4, 201, 0, 0, 0, 0, 24, 0, 0, 0, 165)
6 (1, 4, 170, 0, 0, 0, 5, 0, 0, 0, 0, 90)
7 (1, 4, 80, 42, 42, 0, 26, 0, 0, 0, 0, 208)
8 (1, 4, 0, 26, 1, 0, 10, 1, 0, 0, 0, 185)
9 (1, 4, 0, 30, 0, 0, 2, 0, 0, 0, 0, 233)
10 (1, 4, 0, 11, 0, 0, 0, 0, 0, 0, 0, 21)
11 (1, 4, 27, 0, 0, 0, 4, 0, 0, 0, 0, 31)
12 (1, 4, 0, 8, 0, 0, 8, 0, 0, 0, 0, 12)
13 (1, 4, 0, 9, 0, 0, 5, 0, 0, 0, 0, 226)
14 (1, 4, 0, 10, 0, 0, 0, 0, 0, 0, 0, 160)
15 (1, 4, 0, 0, 0, 0, 0, 0, 0, 0, 0, 126)
16 (1, 4, 30, 0, 0, 0, 0, 7, 0, 0, 0, 217)
17 (1, 4, 62, 0, 0, 0, 0, 0, 0, 0, 0, 13)
18 (1, 4, 0, 0, 0, 0, 0, 0, 0, 0, 0, 126)
19 (1, 4, 0, 261, 0, 0, 0, 0, 0, 0, 0, 244)
20 (1, 4, 0, 338, 0, 0, 0, 0, 0, 0, 0, 20)
21 (1, 4, 0, 460, 0, 0, 0, 0, 0, 0, 0, 112)
22 (1, 4, 0, 535, 0, 0, 0, 0, 0, 0, 0, 208)
23 (1, 4, 108, 548, 0, 0, 0, 0, 0, 0, 0, 173)
24 (1, 4, 0, 447, 0, 0, 0, 0, 0, 0, 0, 136)
25 (1, 4, 631, 364, 0, 5, 0, 0, 0, 0, 0, 80)
26 (1, 4, 12, 368, 0, 34, 0, 42, 0, 0, 0, 214)
27 (1, 4, 0, 48, 0, 46, 0, 81, 0, 0, 0, 199)
28 (1, 4, 211, 0, 0, 42, 0, 125, 0, 0, 0, 72)
29 (1, 4, 228, 0, 0, 0, 43, 159, 0, 0, 0, 250)
30 (1, 4, 0, 0, 224, 0, 90, 0, 0, 0, 0, 38)
31 (1, 4, 0, 0, 57, 0, 0, 0, 0, 0, 0, 215)
0 (1, 4, 0, 153, 0, 0, 0, 0, 0, 0, 0, 24)
1 (1, 4, 16, 142, 0, 0, 11, 0, 0, 0, 0, 209)
2 (1, 4, 0, 187, 13, 0, 40, 0, 0, 0, 0, 13)
3 (1, 4, 27, 193, 107, 0, 23, 0, 0, 0, 0, 36)
4 (1, 4, 73, 174, 128, 0, 17, 0, 0, 0, 0, 67)
5 (1, 4, 0, 160, 91, 37, 0, 0, 0, 0, 0, 180)
6 (1, 4, 266, 0, 165, 94, 0, 0, 0, 0, 0, 77)
7 (1, 4, 0, 0, 341, 67, 0, 0, 0, 0, 0, 153)
8 (1, 4, 103, 0, 130, 84, 0, 0, 0, 0, 0, 154)
9 (1, 4, 191, 0, 205, 46, 0, 0, 0, 0, 0, 57)
10 (1, 4, 665, 0, 291, 23, 0, 0, 0, 0, 0, 67)
11 (1, 4, 873, 0, 249, 0, 0, 0, 0, 0, 0, 235)
12 (1, 4, 873, 0, 510, 0, 0, 0, 0, 0, 0, 83)
13 (1, 4, 834, 59, 548, 0, 6, 6, 0, 0, 0, 226)
14 (1, 4, 34, 420, 370, 0, 3, 66, 0, 0, 0, 38)
15 (1, 4, 0, 440, 314, 0, 0, 41, 0, 0, 0, 81)
16 (1, 4, 0, 490, 7, 0, 0, 43, 1, 0, 0, 175)
17 (1, 4, 192, 0, 0, 0, 0, 0, 0, 0, 0, 226)
18 (1, 4, 77, 19, 0, 0, 19, 0, 0, 0, 0, 6)
19 (1, 4, 0, 0, 0, 0, 27, 8, 0, 0, 0, 91)
20 (1, 4, 0, 0, 0, 0, 12, 0, 0, 0, 0, 92)
21 (1, 4, 0, 0, 0, 0, 3, 0, 0, 0, 0, 245)
22 (1, 4, 0, 2, 0, 0, 2, 0, 0, 0, 0, 225)
23 (1, 4, 0, 6, 0, 0, 3, 0, 0, 0, 0, 66)
24 (1, 4, 0, 3, 0, 0, 2, 0, 0, 0, 0, 84)
25 (1, 4, 0, 0, 0, 0, 0, 0, 0, 0, 0, 126)
26 (1, 4, 0, 0, 0, 0, 1, 0, 0, 0, 0, 7)
27 (1, 4, 0, 0, 0, 0, 7, 0, 0, 0, 0, 22)
28 (1, 4, 0, 0, 0, 0, 3, 0, 0, 0, 0, 245)
29 (1, 4, 0, 0, 0, 0, 0, 0, 0, 0, 0, 126)
30 (1, 4, 147, 0, 0, 0, 0, 0, 0, 0, 0, 153)
31 (1, 4, 61, 0, 8, 0, 5, 0, 0, 0, 0, 57)
0 (1, 4, 0, 3, 0, 0, 0, 0, 0, 0, 0, 166)
1 (1, 4, 9, 0, 0, 0, 0, 0, 0, 0, 0, 0)
2 (1, 4, 2, 0, 0, 0, 1, 0, 0, 0, 0, 27)
3 (1, 4, 0, 0, 0, 0, 0, 0, 0, 0, 0, 126)
4 (1, 4, 0, 9, 0, 0, 0, 0, 0, 0, 0, 120)
5 (1, 4, 0, 0, 0, 0, 0, 24, 0, 0, 0, 71)
6 (1, 4, 17, 0, 0, 0, 0, 0, 0, 0, 0, 144)
7 (1, 4, 0, 17, 0, 0, 0, 0, 0, 0, 0, 170)
8 (1, 4, 0, 333, 0, 0, 0, 0, 0, 0, 0, 196)
9 (1, 4, 36, 371, 0, 0, 0, 0, 0, 0, 0, 156)
10 (1, 4, 0, 578, 0, 0, 0, 0, 0, 0, 0, 93)
11 (1, 4, 154, 607, 0, 0, 0, 0, 0, 0, 0, 121)
12 (1, 4, 259, 545, 0, 0, 0, 0, 0, 0, 0, 212)
13 (1, 4, 360, 510, 0, 0, 0, 0, 0, 0, 0, 130)
14 (1, 4, 283, 375, 0, 13, 0, 6, 0, 0, 0, 110)
15 (1, 4, 141, 211, 0, 48, 0, 69, 0, 0, 0, 231)
16 (1, 4, 0, 5, 0, 53, 0, 135, 0, 0, 0, 245)
17 (1, 4, 0, 0, 0, 0, 0, 166, 0, 0, 0, 153)
18 (1, 4, 0, 0, 0, 0, 112, 0, 0, 0, 0, 236)
19 (1, 4, 0, 0, 0, 0, 0, 0, 0, 0, 0, 126)
20 (1, 4, 0, 0, 0, 107, 90, 0, 0, 0, 0, 55)
21 (1, 4, 245, 0, 47, 0, 0, 0, 0, 0, 0, 84)
22 (1, 4, 0, 0, 0, 30, 17, 0, 0, 0, 0, 207)
23 (1, 4, 79, 0, 11, 16, 0, 0, 0, 0, 0, 93)
24 (1, 4, 0, 10, 0, 11, 8, 0, 0, 0, 0, 184)
25 (1, 4, 1, 0, 0, 13, 0, 0, 0, 0, 0, 235)
26 (1, 4, 0, 62, 0, 10, 0, 0, 0, 0, 0, 31)
27 (1, 4, 0, 44, 0, 15, 0, 0, 0, 0, 0, 112)
28 (1, 4, 15, 81, 13, 8, 0, 0, 0, 0, 0, 253)
29 (1, 4, 0, 108, 9, 1, 0, 0, 0, 0, 0, 97)
30 (1, 4, 0, 215, 27, 0, 13, 0, 0, 0, 0, 188)
31 (1, 4, 99, 262, 73, 0, 22, 0, 0, 0, 0, 55)
0 (1, 4, 0, 0, 93, 103, 0, 0, 0, 0, 0, 237)
1 (1, 4, 0, 80, 0, 50, 0, 0, 0, 0, 0, 188)
2 (1, 4, 269, 64, 24, 19, 0, 0, 0, 0, 0, 172)
3 (1, 4, 526, 0, 161, 0, 0, 0, 0, 0, 0, 181)
4 (1, 4, 873, 0, 300, 0, 0, 0, 0, 0, 0, 9)
5 (1, 4, 873, 0, 413, 0, 10, 0, 0, 0, 0, 222)
6 (1, 4, 873, 0, 691, 0, 0, 0, 0, 0, 0, 57)
7 (1, 4, 577, 365, 800, 0, 0, 66, 0, 0, 0, 96)
8 (1, 4, 0, 640, 338, 0, 0, 86, 0, 0, 0, 30)
9 (1, 4, 0, 616, 41, 0, 0, 58, 1, 0, 0, 212)
10 (1, 4, 385, 0, 14, 0, 0, 0, 0, 0, 0, 170)
11 (1, 4, 149, 31, 24, 0, 12, 0, 0, 0, 0, 140)
12 (1, 4, 1, 29, 0, 0, 37, 0, 0, 0, 0, 90)
13 (1, 4, 0, 20, 0, 0, 3, 0, 0, 0, 0, 78)
14 (1, 4, 0, 23, 0, 0, 0, 0, 0, 0, 0, 29)
15 (1, 4, 0, 18, 0, 0, 0, 0, 0, 0, 0, 114)
16 (1, 4, 0, 11, 2, 0, 2, 0, 0, 0, 0, 200)
17 (1, 4, 0, 5, 0, 0, 1, 0, 0, 0, 0, 104)
18 (1, 4, 0, 1, 0, 0, 4, 0, 0, 0, 0, 40)
19 (1, 4, 0, 7, 0, 0, 0, 0, 0, 0, 0, 124)
20 (1, 4, 0, 1, 0, 0, 0, 0, 0, 0, 0, 203)
21 (1, 4, 0, 3, 0, 0, 0, 0, 0, 0, 0, 166)
22 (1, 4, 0, 0, 0, 0, 2, 0, 0, 0, 0, 140)
23 (1, 4, 0, 3, 0, 0, 0, 0, 0, 0, 0, 166)
24 (1, 4, 0, 9, 0, 0, 0, 0, 0, 0, 0, 120)
25 (1, 4, 0, 17, 0, 0, 0, 0, 0, 0, 0, 170)
26 (1, 4, 0, 0, 0, 0, 0, 0, 0, 0, 0, 126)
27 (1, 4, 0, 1, 0, 0, 0, 0, 0, 0, 0, 203)
28 (1, 4, 0, 4, 0, 0, 0, 0, 0, 0, 0, 164)
29 (1, 4, 0, 1, 0, 0, 0, 0, 0, 0, 0, 203)
30 (1, 4, 0, 7, 0, 0, 0, 0, 0, 0, 0, 124)
31 (1, 4, 0, 15, 0, 0, 0, 0, 0, 0, 0, 207)
0 (1, 4, 0, 175, 0, 160, 0, 0, 0, 0, 0, 72)
1 (1, 4, 64, 0, 0, 33, 0, 83, 0, 0, 0, 241)
2 (1, 4, 0, 0, 0, 0, 164, 0, 0, 0, 0, 164)
3 (1, 4, 266, 0, 0, 0, 94, 0, 0, 0, 0, 95)
4 (1, 4, 0, 362, 329, 0, 0, 0, 0, 0, 0, 138)
5 (1, 4, 214, 0, 0, 0, 0, 0, 0, 0, 0, 38)
6 (1, 4, 0, 36, 0, 13, 0, 0, 0, 0, 0, 253)
7 (1, 4, 97, 47, 16, 13, 0, 0, 0, 0, 0, 169)
8 (1, 4, 25, 25, 0, 3, 0, 0, 0, 0, 0, 166)
9 (1, 4, 0, 133, 0, 0, 37, 0, 0, 0, 0, 135)
10 (1, 4, 0, 209, 0, 0, 75, 0, 0, 0, 0, 120)
11 (1, 4, 118, 256, 157, 0, 54, 0, 0, 0, 0, 112)
12 (1, 4, 0, 104, 194, 88, 0, 0, 0, 0, 0, 115)
13 (1, 4, 0, 0, 339, 186, 0, 0, 0, 0, 0, 105)
14 (1, 4, 0, 0, 228, 80, 0, 0, 0, 0, 0, 246)
15 (1, 4, 0, 0, 125, 68, 0, 0, 0, 0, 0, 219)
16 (1, 4, 272, 0, 87, 21, 0, 0, 0, 0, 0, 105)
17 (1, 4, 782, 0, 104, 0, 0, 0, 0, 0, 0, 149)
18 (1, 4, 873, 0, 296, 0, 0, 0, 0, 0, 0, 87)
19 (1, 4, 873, 0, 417, 0, 18, 0, 0, 0, 0, 249)
20 (1, 4, 798, 120, 688, 0, 0, 30, 0, 0, 0, 96)
21 (1, 4, 0, 580, 427, 0, 0, 121, 0, 0, 0, 189)
22 (1, 4, 0, 299, 403, 0, 0, 122, 0, 0, 0, 62)
23 (1, 4, 0, 228, 57, 0, 0, 54, 0, 0, 0, 243)
24 (1, 4, 549, 0, 5, 0, 0, 7, 0, 0, 0, 82)
25 (1, 4, 0, 50, 22, 0, 31, 0, 0, 0, 0, 146)
26 (1, 4, 0, 186, 81, 0, 0, 0, 0, 0, 0, 18)
27 (1, 4, 0, 237, 49, 0, 11, 19, 0, 0, 0, 8)
28 (1, 4, 0, 45, 3, 0, 0, 36, 0, 0, 0, 15)
29 (1, 4, 30, 16, 4, 0, 7, 0, 0, 0, 0, 157)
0 (1, 4, 0, 397, 0, 0, 0, 0, 0, 0, 0, 70)
1 (1, 4, 0, 399, 0, 0, 0, 0, 0, 0, 0, 43)
2 (1, 4, 0, 297, 0, 0, 0, 0, 1, 0, 0, 61)
3 (1, 4, 57, 277, 0, 0, 0, 0, 1, 0, 0, 174)
4 (1, 4, 131, 275, 0, 20, 0, 0, 1, 0, 0, 204)
5 (1, 4, 0, 278, 0, 92, 0, 0, 1, 0, 0, 137)
6 (1, 4, 52, 103, 0, 138, 0, 21, 1, 0, 0, 82)
7 (1, 4, 0, 0, 0, 0, 57, 67, 0, 0, 0, 109)
8 (1, 4, 0, 0, 0, 0, 80, 0, 0, 0, 0, 225)
9 (1, 4, 0, 0, 0, 0, 76, 0, 1, 0, 0, 36)
10 (1, 4, 873, 295, 19, 0, 0, 48, 0, 0, 0, 219)
11 (1, 4, 0, 100, 0, 0, 0, 0, 0, 0, 0, 229)
12 (1, 4, 18, 95, 0, 0, 0, 0, 1, 0, 0, 179)
13 (1, 4, 33, 49, 30, 0, 0, 0, 0, 0, 0, 19)
14 (1, 4, 0, 200, 28, 0, 0, 0, 0, 0, 0, 210)
15 (1, 4, 59, 213, 65, 0, 22, 0, 0, 0, 0, 76)
16 (1, 4, 0, 329, 168, 0, 0, 0, 1, 0, 0, 207)
17 (1, 4, 26, 127, 47, 100, 0, 23, 1, 0, 0, 38)
18 (1, 4, 0, 0, 412, 158, 0, 0, 0, 0, 0, 175)
19 (1, 4, 0, 0, 190, 125, 0, 0, 1, 0, 0, 241)
20 (1, 4, 0, 0, 52, 108, 0, 0, 1, 0, 0, 123)
21 (1, 4, 85, 153, 0, 55, 0, 0, 0, 0, 0, 4)
22 (1, 4, 48, 139, 0, 27, 12, 0, 0, 0, 0, 63)
23 (1, 4, 0, 93, 6, 1, 0, 0, 1, 0, 0, 76)
24 (1, 4, 309, 0, 81, 0, 0, 0, 0, 0, 0, 125)
25 (1, 4, 873, 0, 335, 0, 0, 0, 0, 0, 0, 183)
26 (1, 4, 873, 0, 447, 0, 0, 0, 0, 0, 0, 60)
27 (1, 4, 873, 0, 588, 0, 0, 0, 0, 0, 0, 235)
28 (1, 4, 232, 271, 404, 0, 0, 103, 0, 0, 0, 123)
29 (1, 4, 97, 408, 345, 0, 0, 104, 0, 0, 0, 247)
0 (1, 4, 0, 54, 0, 17, 49, 0, 0, 0, 0, 115)
1 (1, 4, 281, 150, 18, 0, 0, 0, 0, 0, 0, 101)
2 (1, 4, 0, 93, 7, 0, 1, 0, 0, 0, 0, 220)
3 (1, 4, 31, 63, 0, 9, 0, 0, 0, 0, 0, 49)
4 (1, 4, 0, 136, 41, 0, 1, 0, 0, 0, 0, 99)
5 (1, 4, 0, 171, 25, 0, 0, 0, 0, 0, 0, 129)
6 (1, 4, 0, 211, 58, 0, 28, 0, 0, 0, 0, 240)
7 (1, 4, 0, 209, 143, 0, 3, 0, 0, 0, 0, 11)
8 (1, 4, 51, 207, 94, 0, 17, 0, 0, 0, 0, 205)
9 (1, 4, 0, 52, 187, 135, 8, 0, 0, 0, 0, 65)
10 (1, 4, 0, 0, 342, 137, 0, 0, 0, 0, 0, 156)
11 (1, 4, 21, 0, 165, 113, 0, 0, 0, 0, 0, 185)
12 (1, 4, 0, 0, 73, 91, 0, 0, 0, 0, 0, 86)
13 (1, 4, 0, 0, 0, 63, 0, 0, 0, 0, 0, 197)
14 (1, 4, 0, 43, 0, 45, 0, 0, 0, 0, 0, 165)
15 (1, 4, 23, 2, 0, 35, 0, 0, 0, 0, 0, 17)
16 (1, 4, 343, 0, 116, 21, 0, 0, 0, 0, 0, 143)
17 (1, 4, 745, 0, 296, 1, 0, 0, 0, 0, 0, 95)
18 (1, 4, 873, 0, 417, 0, 0, 0, 0, 0, 0, 142)
19 (1, 4, 810, 0, 507, 0, 0, 0, 0, 0, 0, 2)
20 (1, 4, 639, 13, 682, 0, 0, 14, 1, 0, 0, 48)
21 (1, 4, 110, 414, 515, 0, 0, 75, 0, 0, 0, 45)
22 (1, 4, 88, 297, 302, 0, 0, 92, 0, 0, 0, 33)
23 (1, 4, 0, 294, 176, 0, 0, 22, 0, 0, 0, 129)
24 (1, 4, 0, 289, 102, 0, 0, 28, 0, 0, 0, 212)
25 (1, 4, 0, 79, 0, 0, 0, 0, 0, 0, 0, 76)
26 (1, 4, 19, 32, 0, 0, 11, 3, 0, 0, 0, 98)
27 (1, 4, 0, 4, 0, 0, 1, 3, 0, 0, 0, 187)
28 (1, 4, 0, 19, 0, 0, 0, 0, 0, 0, 0, 199)
29 (1, 4, 7, 0, 0, 0, 0, 0, 0, 0, 0, 84)
30 (1, 4, 20, 0, 0, 0, 0, 0, 0, 0, 0, 166)
31 (1, 4, 11, 0, 0, 0, 0, 0, 0, 0, 0, 28)
0 (1, 4, 181, 0, 0, 0, 0, 0, 1, 0, 0, 24)
1 (1, 4, 0, 131, 0, 0, 0, 0, 1, 0, 0, 197)
2 (1, 4, 0, 220, 0, 0, 0, 0, 1, 0, 0, 150)
3 (1, 4, 0, 298, 0, 35, 0, 0, 1, 0, 0, 45)
4 (1, 4, 0, 176, 0, 51, 0, 30, 1, 0, 0, 116)
5 (1, 4, 0, 159, 0, 45, 0, 30, 0, 0, 0, 40)
6 (1, 4, 0, 0, 0, 0, 54, 0, 0, 0, 0, 231)
7 (1, 4, 0, 0, 0, 0, 161, 0, 1, 0, 0, 92)
8 (1, 4, 0, 319, 113, 34, 0, 0, 0, 0, 0, 176)
9 (1, 4, 122, 7, 17, 0, 10, 0, 0, 0, 0, 102)
10 (1, 4, 0, 54, 0, 28, 0, 0, 0, 0, 0, 25)
11 (1, 4, 62, 50, 30, 24, 0, 0, 0, 0, 0, 126)
12 (1, 4, 15, 47, 9, 14, 0, 0, 0, 0, 0, 197)
13 (1, 4, 0, 144, 0, 0, 0, 0, 1, 0, 0, 124)
14 (1, 4, 0, 255, 18, 0, 53, 0, 0, 0, 0, 172)
15 (1, 4, 84, 389, 259, 0, 58, 0, 0, 0, 0, 249)
16 (1, 4, 95, 264, 258, 24, 9, 0, 0, 0, 0, 222)
17 (1, 4, 31, 32, 303, 145, 0, 66, 0, 0, 0, 69)
18 (1, 4, 21, 0, 418, 69, 0, 71, 0, 0, 0, 53)
19 (1, 4, 0, 0, 132, 68, 0, 0, 1, 0, 0, 26)
20 (1, 4, 80, 0, 139, 42, 0, 0, 0, 0, 0, 206)
21 (1, 4, 152, 0, 49, 21, 0, 0, 0, 0, 0, 122)
22 (1, 4, 542, 0, 227, 0, 0, 15, 0, 0, 0, 120)
23 (1, 4, 841, 0, 416, 0, 0, 0, 0, 0, 0, 221)
24 (1, 4, 873, 0, 625, 0, 0, 0, 0, 0, 0, 28)
25 (1, 4, 428, 286, 594, 0, 0, 68, 1, 0, 0, 37)
26 (1, 4, 228, 134, 348, 0, 0, 128, 1, 0, 0, 120)
27 (1, 4, 0, 299, 308, 0, 0, 102, 0, 0, 0, 152)
28 (1, 4, 0, 247, 41, 0, 0, 67, 0, 0, 0, 168)
29 (1, 4, 0, 201, 23, 0, 0, 39, 0, 0, 0, 210)
0 (1, 4, 0, 0, 0, 0, 0, 0, 0, 0, 0, 126)
1 (1, 4, 0, 0, 0, 0, 56, 0, 0, 0, 0, 55)
2 (1, 4, 0, 0, 0, 0, 134, 0, 0, 0, 0, 91)
3 (1, 4, 54, 66, 161, 3, 0, 0, 0, 0, 0, 41)
4 (1, 4, 46, 93, 13, 3, 20, 0, 0, 0, 0, 226)
5 (1, 4, 0, 60, 0, 13, 0, 0, 0, 0, 0, 47)
6 (1, 4, 0, 178, 24, 0, 29, 0, 0, 0, 0, 172)
7 (1, 4, 0, 232, 57, 0, 22, 0, 0, 0, 0, 176)
8 (1, 4, 0, 253, 88, 0, 38, 0, 0, 0, 0, 167)
9 (1, 4, 58, 174, 75, 39, 0, 0, 0, 0, 0, 186)
10 (1, 4, 0, 0, 56, 164, 0, 3, 0, 0, 0, 29)
11 (1, 4, 24, 0, 292, 200, 0, 0, 0, 0, 0, 147)
12 (1, 4, 21, 0, 6, 95, 0, 0, 0, 0, 0, 94)
13 (1, 4, 0, 0, 31, 92, 0, 0, 0, 0, 0, 254)
14 (1, 4, 44, 0, 0, 62, 0, 0, 0, 0, 0, 85)
15 (1, 4, 25, 17, 78, 38, 0, 0, 0, 0, 0, 169)
16 (1, 4, 668, 0, 292, 3, 0, 0, 0, 0, 0, 27)
17 (1, 4, 873, 0, 444, 0, 0, 0, 0, 0, 0, 135)
18 (1, 4, 873, 0, 530, 5, 0, 0, 0, 0, 0, 193)
19 (1, 4, 625, 0, 480, 2, 4, 0, 0, 0, 0, 174)
20 (1, 4, 480, 193, 604, 0, 0, 68, 0, 0, 0, 252)
21 (1, 4, 0, 295, 355, 0, 0, 98, 0, 0, 0, 229)
22 (1, 4, 0, 603, 485, 0, 0, 113, 0, 0, 0, 177)
23 (1, 4, 0, 251, 49, 0, 0, 36, 0, 0, 0, 245)
24 (1, 4, 77, 55, 90, 0, 0, 26, 0, 0, 0, 135)
25 (1, 4, 58, 95, 0, 0, 2, 0, 0, 0, 0, 148)
26 (1, 4, 0, 163, 0, 0, 19, 9, 0, 0, 0, 94)
27 (1, 4, 25, 0, 50, 0, 6, 14, 0, 0, 0, 121)
28 (1, 4, 0, 15, 0, 0, 2, 0, 0, 0, 0, 61)
29 (1, 4, 22, 42, 25, 0, 4, 0, 0, 0, 0, 18)
0 (1, 4, 0, 42, 26, 0, 0, 33, 0, 0, 0, 240)
1 (1, 4, 0, 0, 0, 13, 0, 0, 0, 0, 0, 229)
2 (1, 4, 25, 53, 16, 0, 20, 0, 0, 0, 0, 53)
3 (1, 4, 0, 277, 70, 0, 67, 0, 0, 0, 0, 142)
4 (1, 4, 0, 357, 104, 0, 26, 0, 0, 0, 0, 186)
5 (1, 4, 0, 237, 171, 65, 0, 2, 0, 0, 0, 153)
6 (1, 4, 2, 0, 404, 260, 0, 81, 1, 0, 0, 208)
7 (1, 4, 71, 0, 0, 147, 0, 0, 0, 0, 0, 166)
8 (1, 4, 1, 0, 0, 95, 0, 0, 0, 0, 0, 247)
9 (1, 4, 0, 48, 0, 63, 7, 0, 0, 0, 0, 14)
10 (1, 4, 4, 24, 40, 44, 0, 0, 0, 0, 0, 187)
11 (1, 4, 0, 4, 48, 44, 0, 0, 0, 0, 0, 72)
12 (1, 4, 109, 0, 94, 29, 0, 0, 0, 0, 0, 83)
13 (1, 4, 842, 0, 328, 2, 0, 0, 0, 0, 0, 185)
14 (1, 4, 873, 0, 558, 15, 0, 0, 0, 0, 0, 100)
15 (1, 4, 873, 0, 547, 0, 0, 0, 0, 0, 0, 183)
16 (1, 4, 544, 128, 511, 0, 0, 51, 1, 0, 0, 69)
17 (1, 4, 0, 365, 442, 0, 0, 69, 1, 0, 0, 53)
18 (1, 4, 279, 410, 466, 0, 0, 125, 1, 0, 0, 255)
19 (1, 4, 0, 263, 52, 0, 0, 45, 1, 0, 0, 197)
20 (1, 4, 295, 0, 0, 0, 0, 15, 0, 0, 0, 104)
21 (1, 4, 0, 136, 0, 0, 41, 0, 0, 0, 0, 121)
22 (1, 4, 0, 79, 84, 0, 0, 27, 0, 0, 0, 201)
23 (1, 4, 0, 150, 39, 0, 17, 36, 0, 0, 0, 154)
24 (1, 4, 53, 99, 69, 0, 11, 0, 0, 0, 0, 141)
25 (1, 4, 0, 85, 38, 0, 1, 0, 0, 0, 0, 5)
26 (1, 4, 0, 0, 0, 0, 0, 0, 0, 0, 0, 126)
27 (1, 4, 0, 0, 0, 0, 2, 0, 0, 0, 0, 140)
0 (1, 4, 45, 228, 12, 90, 0, 0, 0, 0, 0, 99)
1 (1, 4, 28, 308, 0, 100, 0, 0, 0, 0, 0, 10)
2 (1, 4, 0, 312, 0, 130, 0, 0, 0, 0, 0, 24)
3 (1, 4, 137, 182, 0, 140, 0, 87, 0, 0, 0, 172)
4 (1, 4, 0, 0, 0, 0, 0, 78, 0, 0, 0, 29)
5 (1, 4, 0, 0, 0, 0, 24, 0, 0, 0, 0, 58)
6 (1, 4, 57, 0, 0, 32, 193, 0, 0, 0, 0, 153)
7 (1, 4, 362, 100, 195, 0, 0, 0, 0, 0, 0, 116)
8 (1, 4, 0, 0, 10, 0, 1, 0, 0, 0, 0, 148)
9 (1, 4, 25, 0, 0, 26, 0, 0, 0, 0, 0, 209)
10 (1, 4, 42, 0, 33, 27, 0, 0, 0, 0, 0, 145)
11 (1, 4, 0, 0, 1, 25, 0, 0, 0, 0, 0, 250)
12 (1, 4, 10, 0, 0, 27, 0, 0, 0, 0, 0, 60)
13 (1, 4, 4, 22, 0, 26, 0, 0, 0, 0, 0, 161)
14 (1, 4, 26, 5, 0, 25, 0, 0, 0, 0, 0, 141)
15 (1, 4, 1, 21, 0, 23, 0, 0, 0, 0, 0, 212)
16 (1, 4, 18, 0, 0, 31, 0, 0, 0, 0, 0, 208)
17 (1, 4, 33, 20, 14, 22, 0, 0, 0, 0, 0, 116)
18 (1, 4, 0, 69, 0, 23, 0, 0, 0, 0, 0, 56)
19 (1, 4, 34, 164, 5, 20, 0, 0, 0, 0, 0, 253)
20 (1, 4, 44, 358, 0, 0, 17, 0, 0, 0, 0, 30)
21 (1, 4, 0, 464, 20, 0, 4, 0, 0, 0, 0, 186)
22 (1, 4, 242, 518, 318, 0, 20, 0, 0, 0, 0, 212)
23 (1, 4, 179, 465, 529, 58, 48, 19, 0, 0, 0, 89)
24 (1, 4, 0, 220, 811, 84, 0, 92, 0, 0, 0, 189)
25 (1, 4, 0, 323, 272, 0, 0, 71, 0, 0, 0, 180)
26 (1, 4, 0, 30, 0, 6, 0, 0, 0, 0, 0, 89)
27 (1, 4, 0, 0, 10, 32, 0, 0, 0, 0, 0, 4)
28 (1, 4, 72, 0, 0, 24, 0, 0, 0, 0, 0, 136)
29 (1, 4, 204, 0, 42, 1, 0, 0, 0, 0, 0, 216)
0 (1, 4, 0, 8, 0, 0, 0, 0, 0, 0, 0, 205)
1 (1, 4, 0, 0, 0, 0, 0, 10, 0, 0, 0, 45)
2 (1, 4, 4, 0, 0, 0, 0, 0, 0, 0, 0, 70)
3 (1, 4, 0, 173, 0, 0, 0, 0, 0, 0, 0, 97)
4 (1, 4, 0, 230, 0, 0, 0, 0, 0, 0, 0, 137)
5 (1, 4, 0, 474, 0, 0, 0, 0, 0, 0, 0, 166)
6 (1, 4, 0, 508, 0, 0, 0, 0, 0, 0, 0, 211)
7 (1, 4, 54, 517, 0, 0, 0, 0, 0, 0, 0, 223)
8 (1, 4, 149, 555, 0, 0, 0, 0, 0, 0, 0, 217)
9 (1, 4, 323, 511, 0, 0, 0, 0, 0, 0, 0, 146)
10 (1, 4, 484, 500, 0, 19, 0, 0, 0, 0, 0, 215)
11 (1, 4, 642, 456, 0, 16, 0, 0, 0, 0, 0, 80)
12 (1, 4, 572, 306, 0, 27, 0, 0, 0, 0, 0, 16)
13 (1, 4, 319, 229, 0, 0, 0, 46, 0, 0, 0, 169)
14 (1, 4, 173, 129, 0, 8, 40, 89, 0, 0, 0, 201)
15 (1, 4, 0, 1, 0, 0, 52, 155, 0, 0, 0, 117)
16 (1, 4, 0, 0, 0, 0, 57, 184, 0, 0, 0, 92)
17 (1, 4, 0, 0, 0, 0, 19, 162, 0, 0, 0, 226)
18 (1, 4, 0, 0, 0, 0, 50, 33, 0, 0, 0, 122)
19 (1, 4, 0, 0, 39, 0, 47, 0, 0, 0, 0, 193)
20 (1, 4, 278, 0, 439, 0, 0, 0, 0, 0, 0, 112)
21 (1, 4, 0, 0, 0, 112, 16, 0, 0, 0, 0, 48)
22 (1, 4, 0, 0, 172, 0, 0, 0, 0, 0, 0, 147)
23 (1, 4, 0, 0, 0, 5, 0, 0, 0, 0, 0, 29)
24 (1, 4, 0, 0, 0, 5, 0, 0, 0, 0, 0, 29)
25 (1, 4, 0, 0, 0, 14, 0, 0, 0, 0, 0, 196)
26 (1, 4, 27, 0, 0, 15, 0, 0, 0, 0, 0, 89)
27 (1, 4, 0, 59, 0, 10, 0, 0, 0, 0, 0, 112)
28 (1, 4, 20, 2, 0, 6, 1, 0, 0, 0, 0, 240)
29 (1, 4, 9, 86, 0, 14, 3, 0, 0, 0, 0, 100)
30 (1, 4, 15, 77, 0, 11, 0, 0, 0, 0, 0, 162)
31 (1, 4, 13, 131, 0, 22, 7, 0, 0, 0, 0, 60)
0 (1, 4, 372, 0, 685, 110, 0, 89, 0, 0, 0, 12)
1 (1, 4, 0, 756, 311, 0, 0, 181, 0, 0, 0, 35)
2 (1, 4, 5, 0, 110, 0, 0, 7, 0, 0, 0, 147)
3 (1, 4, 0, 91, 0, 57, 0, 0, 0, 0, 0, 14)
4 (1, 4, 0, 0, 0, 28, 0, 0, 0, 0, 0, 13)
5 (1, 4, 64, 0, 43, 19, 0, 0, 0, 0, 0, 216)
6 (1, 4, 122, 0, 252, 0, 0, 11, 0, 0, 0, 89)
7 (1, 4, 331, 0, 391, 0, 0, 7, 0, 0, 0, 205)
8 (1, 4, 449, 0, 503, 0, 0, 0, 0, 0, 0, 221)
9 (1, 4, 565, 0, 734, 0, 0, 0, 0, 0, 0, 105)
10 (1, 4, 192, 232, 555, 0, 0, 38, 0, 0, 0, 63)
11 (1, 4, 0, 403, 392, 0, 0, 100, 1, 0, 0, 192)
12 (1, 4, 0, 291, 219, 0, 0, 48, 0, 0, 0, 129)
13 (1, 4, 0, 406, 161, 0, 0, 38, 0, 0, 0, 186)
14 (1, 4, 0, 124, 0, 0, 0, 29, 0, 0, 0, 164)
15 (1, 4, 122, 0, 10, 0, 0, 0, 0, 0, 0, 47)
16 (1, 4, 91, 0, 11, 0, 18, 0, 0, 0, 0, 5)
17 (1, 4, 0, 0, 0, 0, 9, 0, 0, 0, 0, 198)
18 (1, 4, 0, 0, 0, 0, 4, 0, 0, 0, 0, 157)
19 (1, 4, 0, 0, 0, 0, 0, 0, 0, 0, 0, 126)
20 (1, 4, 0, 0, 0, 0, 0, 0, 0, 0, 0, 126)
21 (1, 4, 14, 0, 0, 0, 0, 0, 0, 0, 0, 42)
22 (1, 4, 9, 0, 0, 0, 7, 0, 0, 0, 0, 104)
23 (1, 4, 0, 1, 0, 0, 4, 0, 0, 0, 0, 40)
24 (1, 4, 0, 5, 0, 0, 0, 0, 0, 0, 0, 17)
25 (1, 4, 0, 6, 0, 0, 1, 0, 0, 0, 0, 176)
26 (1, 4, 0, 19, 0, 0, 2, 0, 0, 0, 0, 53)
27 (1, 4, 0, 24, 9, 0, 0, 0, 0, 0, 0, 132)
28 (1, 4, 0, 10, 0, 0, 2, 0, 0, 0, 0, 82)
29 (1, 4, 0, 22, 0, 0, 1, 0, 0, 0, 0, 209)
30 (1, 4, 0, 15, 0, 0, 0, 2, 0, 0, 0, 118)
31 (1, 4, 146, 5, 31, 0, 0, 5, 0, 0, 0, 116)
0 (1, 4, 589, 630, 0, 0, 0, 0, 0, 0, 0, 239)
1 (1, 4, 749, 431, 0, 0, 0, 0, 0, 0, 0, 240)
2 (1, 4, 694, 419, 0, 0, 3, 0, 0, 0, 0, 25)
3 (1, 4, 608, 274, 0, 0, 19, 4, 0, 0, 0, 166)
4 (1, 4, 402, 184, 0, 0, 41, 59, 0, 0, 0, 207)
5 (1, 4, 46, 0, 0, 0, 27, 164, 0, 0, 0, 124)
6 (1, 4, 32, 0, 0, 0, 34, 195, 0, 0, 0, 239)
7 (1, 4, 0, 0, 0, 0, 19, 182, 0, 0, 0, 68)
8 (1, 4, 0, 0, 0, 0, 7, 114, 0, 0, 0, 152)
9 (1, 4, 0, 0, 0, 0, 13, 48, 0, 0, 0, 87)
10 (1, 4, 97, 0, 157, 0, 33, 0, 0, 0, 0, 178)
11 (1, 4, 0, 0, 0, 26, 93, 0, 0, 0, 0, 139)
12 (1, 4, 360, 0, 359, 0, 0, 0, 0, 0, 0, 255)
13 (1, 4, 0, 0, 0, 8, 33, 0, 0, 0, 0, 242)
14 (1, 4, 0, 0, 0, 39, 13, 0, 0, 0, 0, 145)
15 (1, 4, 32, 0, 12, 27, 7, 0, 0, 0, 0, 29)
16 (1, 4, 0, 8, 0, 19, 6, 0, 0, 0, 0, 10)
17 (1, 4, 6, 0, 0, 11, 12, 0, 0, 0, 0, 161)
18 (1, 4, 22, 29, 5, 12, 10, 0, 0, 0, 0, 122)
19 (1, 4, 6, 10, 0, 14, 6, 0, 0, 0, 0, 47)
20 (1, 4, 48, 54, 37, 16, 7, 0, 0, 0, 0, 230)
21 (1, 4, 33, 10, 14, 17, 2, 0, 0, 0, 0, 190)
22 (1, 4, 56, 28, 31, 19, 3, 0, 0, 0, 0, 90)
23 (1, 4, 36, 8, 14, 20, 0, 0, 0, 0, 0, 116)
24 (1, 4, 8, 24, 0, 20, 0, 0, 0, 0, 0, 87)
25 (1, 4, 17, 0, 0, 23, 0, 0, 0, 0, 0, 58)
26 (1, 4, 25, 14, 11, 25, 0, 0, 0, 0, 0, 243)
27 (1, 4, 4, 18, 0, 24, 0, 0, 0, 0, 0, 69)
28 (1, 4, 0, 28, 0, 27, 0, 0, 0, 0, 0, 88)
29 (1, 4, 8, 17, 0, 26, 0, 0, 0, 0, 0, 235)
30 (1, 4, 37, 18, 9, 25, 0, 0, 0, 0, 0, 187)
31 (1, 4, 11, 52, 3, 26, 0, 0, 0, 0, 0, 239)
0 (1, 4, 235, 0, 146, 20, 0, 0, 0, 0, 0, 109)
1 (1, 4, 0, 0, 584, 0, 0, 0, 0, 0, 0, 131)
2 (1, 4, 0, 0, 429, 0, 0, 0, 0, 0, 0, 90)
3 (1, 4, 0, 50, 266, 0, 0, 0, 0, 0, 0, 126)
4 (1, 4, 15, 0, 74, 0, 0, 0, 0, 0, 0, 76)
5 (1, 4, 64, 142, 78, 0, 0, 0, 0, 0, 0, 196)
6 (1, 4, 104, 95, 0, 0, 0, 0, 0, 0, 0, 19)
7 (1, 4, 175, 0, 0, 0, 7, 0, 0, 0, 0, 158)
8 (1, 4, 327, 0, 46, 0, 0, 0, 0, 0, 0, 236)
9 (1, 4, 873, 0, 193, 0, 0, 0, 0, 0, 0, 214)
10 (1, 4, 873, 0, 261, 0, 0, 0, 0, 0, 0, 223)
11 (1, 4, 588, 0, 387, 0, 0, 0, 0, 0, 0, 172)
12 (1, 4, 297, 82, 405, 0, 0, 25, 0, 0, 0, 181)
13 (1, 4, 0, 356, 249, 0, 0, 3, 0, 0, 0, 197)
14 (1, 4, 0, 165, 0, 0, 0, 43, 0, 0, 0, 255)
15 (1, 4, 67, 0, 0, 0, 0, 6, 0, 0, 0, 41)
16 (1, 4, 8, 9, 21, 0, 0, 0, 0, 0, 0, 189)
17 (1, 4, 83, 0, 23, 0, 0, 0, 0, 0, 0, 159)
18 (1, 4, 21, 7, 0, 0, 13, 0, 0, 0, 0, 241)
19 (1, 4, 0, 20, 46, 0, 3, 1, 0, 0, 0, 162)
20 (1, 4, 0, 31, 3, 0, 0, 0, 0, 0, 0, 21)
21 (1, 4, 0, 105, 14, 0, 0, 0, 0, 0, 0, 244)
22 (1, 4, 6, 0, 1, 0, 0, 0, 0, 0, 0, 206)
23 (1, 4, 16, 6, 0, 0, 6, 0, 0, 0, 0, 56)
24 (1, 4, 0, 39, 0, 0, 7, 0, 0, 0, 0, 214)
25 (1, 4, 0, 24, 0, 0, 2, 0, 0, 0, 0, 94)
26 (1, 4, 0, 25, 0, 0, 0, 0, 0, 0, 0, 25)
27 (1, 4, 0, 11, 0, 0, 0, 0, 0, 0, 0, 21)
28 (1, 4, 0, 5, 0, 0, 2, 0, 0, 0, 0, 227)
29 (1, 4, 0, 2, 0, 0, 3, 0, 0, 0, 0, 152)
30 (1, 4, 0, 9, 0, 0, 0, 0, 0, 0, 0, 120)
31 (1, 4, 0, 0, 0, 0, 0, 0, 0, 0, 0, 126)
0 (1, 4, 0, 342, 0, 0, 0, 0, 0, 0, 0, 206)
1 (1, 4, 0, 391, 0, 0, 0, 0, 0, 0, 0, 152)
2 (1, 4, 0, 467, 0, 0, 0, 0, 0, 0, 0, 160)
3 (1, 4, 207, 454, 0, 0, 0, 0, 0, 0, 0, 104)
4 (1, 4, 325, 426, 0, 0, 0, 0, 0, 0, 0, 59)
5 (1, 4, 347, 206, 0, 0, 0, 36, 1, 0, 0, 71)
6 (1, 4, 209, 94, 0, 29, 0, 67, 0, 0, 0, 165)
7 (1, 4, 28, 0, 0, 29, 0, 125, 0, 0, 0, 205)
8 (1, 4, 0, 0, 0, 1, 0, 159, 0, 0, 0, 193)
9 (1, 4, 0, 0, 0, 0, 4, 167, 0, 0, 0, 165)
10 (1, 4, 0, 0, 0, 0, 106, 0, 0, 0, 0, 90)
11 (1, 4, 136, 0, 0, 0, 0, 0, 0, 0, 0, 27)
12 (1, 4, 0, 0, 0, 81, 103, 0, 0, 0, 0, 60)
13 (1, 4, 184, 0, 54, 0, 0, 0, 0, 0, 0, 204)
14 (1, 4, 0, 0, 0, 22, 0, 0, 0, 0, 0, 203)
15 (1, 4, 87, 0, 6, 29, 0, 0, 0, 0, 0, 32)
16 (1, 4, 23, 14, 0, 24, 0, 0, 0, 0, 0, 191)
17 (1, 4, 7, 52, 0, 24, 0, 0, 0, 0, 0, 34)
18 (1, 4, 4, 73, 0, 24, 1, 0, 0, 0, 0, 181)
19 (1, 4, 0, 67, 0, 21, 0, 0, 0, 0, 0, 177)
20 (1, 4, 0, 38, 0, 16, 5, 0, 0, 0, 0, 102)
21 (1, 4, 0, 100, 6, 0, 10, 0, 0, 0, 0, 167)
22 (1, 4, 6, 56, 10, 0, 20, 0, 0, 0, 0, 191)
23 (1, 4, 6, 168, 64, 0, 34, 0, 0, 0, 0, 46)
24 (1, 4, 70, 83, 131, 0, 0, 0, 0, 0, 0, 163)
25 (1, 4, 283, 31, 47, 62, 0, 0, 0, 0, 0, 45)
26 (1, 4, 286, 0, 131, 167, 0, 0, 0, 0, 0, 155)
27 (1, 4, 0, 0, 369, 114, 0, 0, 0, 0, 0, 56)
28 (1, 4, 0, 0, 190, 81, 0, 0, 0, 0, 0, 254)
29 (1, 4, 0, 0, 30, 63, 0, 0, 0, 0, 0, 119)
30 (1, 4, 0, 1, 22, 30, 0, 0, 0, 0, 0, 136)
31 (1, 4, 376, 0, 33, 17, 0, 0, 0, 0, 0, 32)
0 (1, 4, 0, 0, 5, 0, 0, 0, 0, 0, 0, 180)
1 (1, 4, 16, 0, 0, 0, 2, 0, 0, 0, 0, 108)
2 (1, 4, 0, 0, 0, 0, 0, 0, 0, 0, 0, 126)
3 (1, 4, 0, 0, 0, 0, 0, 3, 0, 0, 0, 24)
4 (1, 4, 155, 0, 0, 0, 0, 0, 0, 0, 0, 233)
5 (1, 4, 18, 0, 0, 0, 0, 0, 0, 0, 0, 130)
6 (1, 4, 0, 210, 0, 0, 0, 0, 0, 0, 0, 240)
7 (1, 4, 0, 339, 0, 0, 0, 0, 0, 0, 0, 161)
8 (1, 4, 0, 603, 0, 0, 0, 0, 0, 0, 0, 58)
9 (1, 4, 50, 671, 0, 0, 0, 0, 0, 0, 0, 89)
10 (1, 4, 247, 693, 0, 0, 0, 0, 0, 0, 0, 239)
11 (1, 4, 426, 373, 0, 0, 0, 21, 0, 0, 0, 17)
12 (1, 4, 202, 242, 0, 23, 0, 47, 0, 0, 0, 48)
13 (1, 4, 92, 16, 0, 38, 0, 86, 0, 0, 0, 207)
14 (1, 4, 0, 0, 0, 36, 0, 126, 0, 0, 0, 250)
15 (1, 4, 0, 0, 0, 9, 3, 94, 0, 0, 0, 162)
16 (1, 4, 0, 0, 0, 0, 39, 60, 0, 0, 0, 246)
17 (1, 4, 0, 0, 15, 0, 19, 0, 0, 0, 0, 41)
18 (1, 4, 21, 0, 0, 0, 0, 0, 0, 0, 0, 168)
19 (1, 4, 0, 0, 301, 17, 32, 0, 0, 0, 0, 78)
20 (1, 4, 10, 0, 0, 0, 0, 0, 0, 0, 0, 18)
21 (1, 4, 0, 0, 0, 26, 11, 0, 0, 0, 0, 5)
22 (1, 4, 64, 0, 0, 7, 1, 0, 0, 0, 0, 211)
23 (1, 4, 0, 39, 0, 8, 7, 0, 0, 0, 0, 46)
24 (1, 4, 28, 22, 0, 4, 0, 0, 0, 0, 0, 124)
25 (1, 4, 20, 33, 0, 9, 5, 0, 0, 0, 0, 172)
26 (1, 4, 19, 32, 0, 6, 0, 0, 0, 0, 0, 12)
27 (1, 4, 0, 39, 0, 14, 0, 0, 0, 0, 0, 4)
28 (1, 4, 3, 46, 3, 10, 0, 0, 0, 0, 0, 215)
29 (1, 4, 33, 28, 10, 14, 0, 0, 0, 0, 0, 150)
30 (1, 4, 0, 42, 6, 15, 0, 0, 0, 0, 0, 182)
31 (1, 4, 34, 36, 21, 18, 0, 0, 0, 0, 0, 193)
0 (1, 4, 141, 144, 27, 0, 2, 0, 0, 0, 0, 199)
1 (1, 4, 146, 68, 77, 20, 0, 0, 0, 0, 0, 200)
2 (1, 4, 248, 4, 230, 84, 1, 0, 0, 0, 0, 205)
3 (1, 4, 172, 0, 404, 70, 0, 0, 0, 0, 0, 254)
4 (1, 4, 0, 67, 326, 82, 0, 0, 0, 0, 0, 238)
5 (1, 4, 0, 77, 174, 57, 0, 0, 0, 0, 0, 26)
6 (1, 4, 94, 84, 90, 34, 0, 0, 0, 0, 0, 187)
7 (1, 4, 27, 39, 0, 32, 0, 0, 0, 0, 0, 213)
8 (1, 4, 32, 66, 14, 10, 0, 0, 0, 0, 0, 92)
9 (1, 4, 308, 0, 47, 7, 0, 0, 0, 0, 0, 153)
10 (1, 4, 441, 0, 179, 5, 0, 6, 0, 0, 0, 84)
11 (1, 4, 640, 0, 349, 1, 0, 0, 0, 0, 0, 223)
12 (1, 4, 515, 0, 496, 0, 0, 0, 0, 0, 0, 190)
13 (1, 4, 451, 0, 613, 0, 0, 24, 0, 0, 0, 190)
14 (1, 4, 222, 233, 680, 0, 0, 54, 1, 0, 0, 197)
15 (1, 4, 13, 289, 281, 0, 0, 66, 1, 0, 0, 62)
16 (1, 4, 0, 410, 265, 0, 0, 25, 0, 0, 0, 182)
17 (1, 4, 0, 352, 0, 0, 0, 63, 0, 0, 0, 81)
18 (1, 4, 99, 0, 0, 0, 0, 0, 0, 0, 0, 34)
19 (1, 4, 131, 24, 4, 0, 0, 0, 0, 0, 0, 245)
20 (1, 4, 107, 0, 6, 0, 22, 0, 0, 0, 0, 183)
21 (1, 4, 0, 22, 0, 0, 14, 0, 0, 0, 0, 120)
22 (1, 4, 0, 25, 0, 0, 0, 0, 0, 0, 0, 25)
23 (1, 4, 0, 12, 0, 0, 0, 0, 0, 0, 0, 23)
24 (1, 4, 0, 8, 0, 0, 0, 0, 0, 0, 0, 205)
25 (1, 4, 23, 1, 5, 0, 0, 0, 0, 0, 0, 203)
26 (1, 4, 14, 0, 4, 0, 4, 0, 0, 0, 0, 151)
27 (1, 4, 0, 4, 0, 0, 2, 0, 0, 0, 0, 86)
28 (1, 4, 0, 7, 0, 0, 0, 0, 0, 0, 0, 124)
29 (1, 4, 4, 0, 0, 0, 0, 0, 0, 0, 0, 70)
30 (1, 4, 0, 0, 0, 0, 5, 0, 0, 0, 0, 228)
31 (1, 4, 0, 5, 0, 0, 0, 0, 0, 0, 0, 17)
0 (1, 4, 0, 320, 0, 0, 0, 0, 0, 0, 0, 24)
1 (1, 4, 32, 370, 0, 0, 0, 0, 0, 0, 0, 17)
2 (1, 4, 50, 541, 0, 0, 0, 0, 0, 0, 0, 53)
3 (1, 4, 357, 480, 0, 0, 0, 0, 0, 0, 0, 161)
4 (1, 4, 367, 447, 0, 0, 0, 11, 0, 0, 0, 18)
5 (1, 4, 202, 220, 0, 0, 0, 56, 0, 0, 0, 156)
6 (1, 4, 84, 85, 0, 33, 0, 91, 0, 0, 0, 78)
7 (1, 4, 0, 0, 0, 35, 0, 151, 0, 0, 0, 252)
8 (1, 4, 0, 0, 0, 0, 9, 132, 0, 0, 0, 57)
9 (1, 4, 0, 0, 0, 0, 58, 24, 0, 0, 0, 252)
10 (1, 4, 0, 0, 0, 0, 10, 0, 0, 0, 0, 77)
11 (1, 4, 6, 0, 0, 0, 46, 0, 0, 0, 0, 135)
12 (1, 4, 10, 16, 223, 35, 24, 0, 0, 0, 0, 211)
13 (1, 4, 59, 0, 0, 0, 0, 0, 0, 0, 0, 59)
14 (1, 4, 0, 0, 0, 33, 8, 0, 0, 0, 0, 73)
15 (1, 4, 73, 0, 0, 23, 5, 0, 0, 0, 0, 185)
16 (1, 4, 0, 15, 0, 14, 0, 0, 0, 0, 0, 117)
17 (1, 4, 26, 18, 0, 19, 3, 0, 0, 0, 0, 163)
18 (1, 4, 0, 80, 0, 13, 0, 0, 0, 0, 0, 7)
19 (1, 4, 45, 30, 10, 15, 1, 0, 0, 0, 0, 213)
20 (1, 4, 0, 42, 0, 16, 0, 0, 0, 0, 0, 149)
21 (1, 4, 65, 64, 14, 23, 4, 0, 0, 0, 0, 254)
22 (1, 4, 0, 50, 0, 20, 1, 0, 0, 0, 0, 66)
23 (1, 4, 3, 33, 0, 20, 5, 0, 0, 0, 0, 10)
24 (1, 4, 0, 110, 0, 0, 16, 0, 0, 0, 0, 190)
25 (1, 4, 0, 184, 17, 0, 56, 0, 0, 0, 0, 205)
26 (1, 4, 0, 190, 190, 0, 5, 0, 0, 0, 0, 255)
27 (1, 4, 272, 96, 176, 0, 5, 0, 0, 0, 0, 55)
28 (1, 4, 35, 0, 166, 72, 8, 0, 0, 0, 0, 57)
29 (1, 4, 0, 0, 234, 147, 0, 0, 0, 0, 0, 98)
0 (1, 4, 873, 0, 358, 6, 0, 0, 0, 0, 0, 35)
1 (1, 4, 873, 0, 354, 28, 7, 0, 0, 0, 0, 36)
2 (1, 4, 587, 0, 534, 3, 33, 0, 0, 0, 0, 112)
3 (1, 4, 377, 280, 683, 0, 0, 56, 1, 0, 0, 211)
4 (1, 4, 119, 512, 501, 0, 0, 101, 0, 0, 0, 101)
5 (1, 4, 0, 590, 377, 0, 0, 87, 1, 0, 0, 220)
6 (1, 4, 0, 429, 298, 0, 0, 18, 1, 0, 0, 188)
7 (1, 4, 0, 233, 0, 0, 0, 16, 0, 0, 0, 235)
8 (1, 4, 235, 0, 0, 0, 4, 0, 0, 0, 0, 164)
9 (1, 4, 19, 27, 0, 0, 17, 0, 0, 0, 0, 122)
10 (1, 4, 0, 53, 34, 0, 5, 0, 0, 0, 0, 249)
11 (1, 4, 17, 0, 0, 0, 3, 0, 0, 0, 0, 27)
12 (1, 4, 0, 23, 0, 0, 7, 0, 0, 0, 0, 117)
13 (1, 4, 0, 2, 0, 0, 0, 0, 0, 0, 0, 19)
14 (1, 4, 0, 2, 0, 0, 0, 0, 0, 0, 0, 19)
15 (1, 4, 0, 0, 0, 0, 2, 0, 1, 0, 0, 238)
16 (1, 4, 0, 0, 0, 0, 2, 0, 0, 0, 0, 140)
17 (1, 4, 0, 4, 0, 0, 2, 0, 0, 0, 0, 86)
18 (1, 4, 0, 6, 0, 0, 0, 0, 0, 0, 0, 201)
19 (1, 4, 0, 2, 0, 0, 1, 0, 1, 0, 0, 8)
20 (1, 4, 0, 7, 0, 0, 0, 0, 0, 0, 0, 124)
21 (1, 4, 0, 4, 0, 0, 0, 0, 0, 0, 0, 164)
22 (1, 4, 0, 0, 0, 0, 0, 0, 0, 0, 0, 126)
23 (1, 4, 0, 2, 0, 0, 0, 0, 0, 0, 0, 19)
24 (1, 4, 0, 2, 1, 0, 0, 0, 0, 0, 0, 135)
25 (1, 4, 0, 2, 1, 0, 0, 0, 0, 0, 0, 135)
26 (1, 4, 0, 2, 0, 0, 0, 0, 0, 0, 0, 19)
27 (1, 4, 0, 0, 0, 0, 0, 0, 0, 0, 0, 126)
28 (1, 4, 0, 1, 0, 0, 1, 0, 0, 0, 0, 178)
29 (1, 4, 0, 3, 1, 0, 0, 0, 0, 0, 0, 50)
30 (1, 4, 0, 0, 0, 0, 0, 0, 0, 0, 0, 126)
31 (1, 4, 2, 0, 3, 0, 0, 0, 0, 0, 0, 217)
0 (1, 4, 0, 3, 0, 0, 0, 0, 0, 0, 0, 166)
1 (1, 4, 1, 6, 0, 0, 0, 0, 0, 0, 0, 199)
2 (1, 4, 2, 1, 5, 0, 0, 0, 0, 0, 0, 29)
3 (1, 4, 0, 0, 0, 0, 0, 0, 0, 0, 0, 126)
4 (1, 4, 0, 0, 0, 0, 0, 0, 0, 0, 0, 126)
5 (1, 4, 0, 4, 0, 0, 0, 0, 0, 0, 0, 164)
6 (1, 4, 79, 0, 0, 0, 0, 9, 0, 0, 0, 152)
7 (1, 4, 136, 0, 0, 0, 0, 0, 0, 0, 0, 27)
8 (1, 4, 0, 9, 0, 0, 0, 0, 0, 0, 0, 120)
9 (1, 4, 0, 267, 0, 0, 0, 0, 0, 0, 0, 240)
10 (1, 4, 0, 347, 0, 0, 0, 0, 0, 0, 0, 18)
11 (1, 4, 52, 447, 0, 0, 0, 0, 0, 0, 0, 151)
12 (1, 4, 15, 479, 0, 0, 0, 0, 0, 0, 0, 147)
13 (1, 4, 283, 564, 0, 0, 0, 0, 0, 0, 0, 74)
14 (1, 4, 448, 443, 0, 0, 0, 0, 0, 0, 0, 204)
15 (1, 4, 335, 335, 0, 0, 0, 36, 0, 0, 0, 172)
16 (1, 4, 37, 167, 0, 33, 0, 146, 0, 0, 0, 88)
17 (1, 4, 0, 0, 0, 0, 36, 214, 0, 0, 0, 64)
18 (1, 4, 0, 0, 0, 0, 36, 114, 0, 0, 0, 30)
19 (1, 4, 0, 0, 0, 0, 86, 0, 0, 0, 0, 240)
20 (1, 4, 144, 0, 69, 0, 0, 0, 0, 0, 0, 186)
21 (1, 4, 0, 163, 109, 43, 54, 0, 0, 0, 0, 191)
22 (1, 4, 39, 0, 0, 0, 0, 0, 0, 0, 0, 147)
23 (1, 4, 0, 0, 0, 34, 2, 0, 0, 0, 0, 91)
24 (1, 4, 38, 0, 0, 24, 0, 0, 0, 0, 0, 146)
25 (1, 4, 0, 22, 0, 27, 0, 0, 0, 0, 0, 134)
26 (1, 4, 0, 39, 0, 24, 0, 0, 0, 0, 0, 177)
27 (1, 4, 48, 94, 22, 19, 0, 0, 0, 0, 0, 103)
28 (1, 4, 0, 107, 0, 0, 2, 0, 0, 0, 0, 166)
0 (1, 4, 318, 28, 0, 30, 0, 0, 0, 0, 0, 74)
1 (1, 4, 265, 0, 8, 0, 0, 0, 0, 0, 0, 190)
2 (1, 4, 580, 0, 160, 0, 0, 0, 0, 0, 0, 196)
3 (1, 4, 873, 0, 308, 0, 0, 0, 0, 0, 0, 202)
4 (1, 4, 873, 0, 422, 0, 0, 0, 0, 0, 0, 107)
5 (1, 4, 840, 195, 629, 0, 16, 23, 0, 0, 0, 148)
6 (1, 4, 89, 440, 480, 0, 0, 131, 0, 0, 0, 216)
7 (1, 4, 0, 720, 235, 0, 0, 43, 1, 0, 0, 236)
8 (1, 4, 351, 72, 153, 0, 0, 5, 0, 0, 0, 115)
9 (1, 4, 111, 71, 31, 0, 0, 0, 0, 0, 0, 205)
10 (1, 4, 113, 35, 0, 0, 25, 0, 0, 0, 0, 249)
11 (1, 4, 0, 134, 36, 0, 30, 3, 0, 0, 0, 91)
12 (1, 4, 0, 55, 0, 0, 0, 0, 0, 0, 0, 223)
13 (1, 4, 0, 44, 0, 0, 0, 0, 0, 0, 0, 213)
14 (1, 4, 9, 11, 0, 0, 0, 0, 0, 0, 0, 107)
15 (1, 4, 23, 1, 4, 0, 0, 0, 0, 0, 0, 95)
16 (1, 4, 0, 7, 0, 0, 0, 0, 0, 0, 0, 124)
17 (1, 4, 0, 0, 0, 0, 1, 0, 0, 0, 0, 7)
18 (1, 4, 0, 6, 0, 0, 0, 0, 0, 0, 0, 201)
19 (1, 4, 0, 8, 0, 0, 0, 0, 0, 0, 0, 205)
20 (1, 4, 0, 4, 0, 0, 0, 0, 0, 0, 0, 164)
21 (1, 4, 0, 1, 0, 0, 0, 0, 0, 0, 0, 203)
22 (1, 4, 0, 12, 0, 0, 0, 0, 0, 0, 0, 23)
23 (1, 4, 0, 0, 0, 0, 0, 0, 0, 0, 0, 126)
24 (1, 4, 0, 0, 0, 0, 0, 0, 0, 0, 0, 126)
25 (1, 4, 0, 4, 0, 0, 0, 0, 0, 0, 0, 164)
26 (1, 4, 0, 3, 0, 0, 0, 0, 0, 0, 0, 166)
27 (1, 4, 0, 1, 0, 0, 0, 0, 0, 0, 0, 203)
28 (1, 4, 0, 0, 0, 0, 0, 0, 0, 0, 0, 126)
29 (1, 4, 0, 1, 0, 0, 0, 0, 0, 0, 0, 203)
30 (1, 4, 0, 0, 0, 0, 0, 0, 0, 0, 0, 126)
31 (1, 4, 0, 1, 0, 0, 0, 0, 0, 0, 0, 203)
0 (1, 4, 117, 570, 0, 0, 0, 0, 0, 0, 0, 86)
1 (1, 4, 325, 481, 0, 0, 0, 0, 0, 0, 0, 211)
2 (1, 4, 297, 399, 0, 0, 0, 0, 0, 0, 0, 144)
3 (1, 4, 339, 281, 0, 0, 0, 3, 0, 0, 0, 227)
4 (1, 4, 249, 173, 0, 20, 0, 34, 0, 0, 0, 55)
5 (1, 4, 56, 0, 0, 24, 0, 73, 0, 0, 0, 86)
6 (1, 4, 52, 0, 0, 26, 0, 108, 0, 0, 0, 43)
7 (1, 4, 0, 0, 0, 21, 0, 110, 0, 0, 0, 40)
8 (1, 4, 0, 0, 0, 11, 5, 78, 0, 0, 0, 94)
9 (1, 4, 0, 0, 0, 0, 31, 19, 0, 0, 0, 231)
10 (1, 4, 0, 0, 28, 0, 49, 0, 0, 0, 0, 18)
11 (1, 4, 0, 0, 158, 0, 0, 0, 0, 0, 0, 61)
12 (1, 4, 0, 26, 0, 147, 7, 0, 0, 0, 0, 210)
13 (1, 4, 30, 0, 112, 0, 0, 0, 0, 0, 0, 176)
14 (1, 4, 0, 0, 0, 31, 0, 0, 0, 0, 0, 44)
15 (1, 4, 6, 0, 0, 30, 0, 0, 0, 0, 0, 23)
16 (1, 4, 29, 27, 0, 21, 0, 0, 0, 0, 0, 70)
17 (1, 4, 0, 0, 0, 19, 0, 0, 0, 0, 0, 168)
18 (1, 4, 12, 26, 12, 18, 0, 0, 0, 0, 0, 162)
19 (1, 4, 4, 2, 0, 18, 0, 0, 0, 0, 0, 226)
20 (1, 4, 44, 10, 0, 27, 0, 0, 0, 0, 0, 1)
21 (1, 4, 12, 29, 0, 20, 0, 0, 0, 0, 0, 0)
22 (1, 4, 17, 18, 0, 23, 0, 0, 0, 0, 0, 54)
23 (1, 4, 26, 34, 0, 24, 0, 0, 0, 0, 0, 82)
24 (1, 4, 22, 32, 0, 23, 0, 0, 0, 0, 0, 210)
25 (1, 4, 116, 14, 11, 11, 0, 0, 0, 0, 0, 50)
26 (1, 4, 193, 146, 32, 0, 0, 0, 0, 0, 0, 31)
27 (1, 4, 115, 295, 0, 0, 1, 0, 0, 0, 0, 158)
28 (1, 4, 59, 433, 0, 0, 0, 0, 0, 0, 0, 201)
29 (1, 4, 0, 637, 12, 21, 24, 0, 0, 0, 0, 125)
30 (1, 4, 117, 123, 246, 65, 0, 93, 0, 0, 0, 75)
0 (1, 4, 367, 0, 275, 0, 0, 26, 0, 0, 0, 113)
1 (1, 4, 494, 0, 483, 0, 0, 0, 0, 0, 0, 97)
2 (1, 4, 499, 0, 630, 0, 0, 0, 1, 0, 0, 6)
3 (1, 4, 461, 0, 746, 0, 0, 23, 0, 0, 0, 187)
4 (1, 4, 384, 311, 567, 0, 0, 75, 0, 0, 0, 58)
5 (1, 4, 1, 348, 253, 0, 0, 75, 0, 0, 0, 42)
6 (1, 4, 0, 422, 131, 0, 0, 53, 1, 0, 0, 31)
7 (1, 4, 0, 301, 14, 0, 0, 19, 0, 0, 0, 253)
8 (1, 4, 0, 122, 0, 0, 0, 12, 0, 0, 0, 31)
9 (1, 4, 83, 0, 0, 0, 0, 0, 0, 0, 0, 5)
10 (1, 4, 103, 0, 0, 0, 14, 0, 0, 0, 0, 202)
11 (1, 4, 0, 29, 0, 0, 11, 0, 0, 0, 0, 137)
12 (1, 4, 0, 14, 0, 0, 0, 0, 0, 0, 0, 122)
13 (1, 4, 0, 27, 0, 0, 0, 0, 0, 0, 0, 116)
14 (1, 4, 2, 0, 0, 0, 0, 0, 0, 0, 0, 98)
15 (1, 4, 8, 3, 0, 0, 0, 0, 0, 0, 0, 214)
16 (1, 4, 0, 9, 0, 0, 0, 0, 0, 0, 0, 120)
17 (1, 4, 0, 7, 0, 0, 0, 0, 0, 0, 0, 124)
18 (1, 4, 0, 0, 0, 0, 0, 0, 0, 0, 0, 126)
19 (1, 4, 0, 0, 0, 0, 0, 0, 0, 0, 0, 126)
20 (1, 4, 0, 0, 0, 0, 0, 0, 0, 0, 0, 126)
21 (1, 4, 0, 5, 0, 0, 0, 0, 0, 0, 0, 17)
22 (1, 4, 0, 8, 0, 0, 0, 0, 0, 0, 0, 205)
23 (1, 4, 0, 0, 7, 0, 0, 0, 0, 0, 0, 155)
24 (1, 4, 0, 3, 0, 0, 0, 0, 0, 0, 0, 166)
25 (1, 4, 0, 2, 0, 0, 0, 0, 0, 0, 0, 19)
26 (1, 4, 0, 0, 0, 0, 0, 0, 0, 0, 0, 126)
27 (1, 4, 0, 0, 0, 0, 0, 0, 0, 0, 0, 126)
28 (1, 4, 0, 0, 0, 0, 0, 0, 0, 0, 0, 126)
29 (1, 4, 0, 0, 0, 0, 0, 0, 0, 0, 0, 126)
30 (1, 4, 0, 0, 0, 0, 0, 0, 0, 0, 0, 126)
31 (1, 4, 0, 2, 0, 0, 0, 0, 0, 0, 0, 19)

