0 (1, 4, 571, 433, 0, 0, 19, 7, 0, 0, 0, 208)
1 (1, 4, 147, 264, 0, 22, 15, 63, 0, 0, 0, 88)
2 (1, 4, 0, 222, 3, 27, 0, 84, 0, 0, 0, 239)
3 (1, 4, 0, 89, 3, 12, 0, 80, 0, 0, 0, 51)
4 (1, 4, 145, 42, 0, 10, 0, 78, 0, 0, 0, 60)
5 (1, 4, 236, 0, 67, 0, 82, 270, 0, 0, 0, 79)
6 (1, 4, 22, 0, 526, 0, 83, 192, 0, 0, 0, 22)
7 (1, 4, 394, 0, 562, 0, 0, 0, 0, 0, 0, 17)
8 (1, 4, 0, 279, 0, 0, 0, 0, 0, 0, 0, 248)
9 (1, 4, 10, 667, 0, 0, 116, 127, 0, 0, 0, 107)
10 (1, 4, 10, 29, 0, 0, 444, 583, 1, 0, 0, 68)
11 (1, 4, 2, 0, 681, 0, 177, 232, 0, 0, 0, 190)
12 (1, 4, 175, 0, 776, 0, 0, 0, 0, 0, 0, 173)
13 (1, 4, 0, 0, 0, 0, 0, 0, 0, 0, 0, 126)
14 (1, 4, 0, 0, 0, 0, 0, 2, 0, 0, 0, 199)
15 (1, 4, 0, 0, 0, 37, 15, 1, 0, 0, 0, 130)
16 (1, 4, 0, 0, 21, 59, 3, 0, 0, 0, 0, 135)
17 (1, 4, 0, 0, 167, 57, 0, 3, 0, 0, 0, 11)
18 (1, 4, 0, 0, 278, 15, 0, 0, 0, 0, 0, 136)
19 (1, 4, 0, 0, 591, 0, 0, 0, 1, 0, 0, 4)
20 (1, 4, 3, 0, 107, 0, 0, 0, 1, 0, 0, 12)
21 (1, 4, 279, 0, 0, 0, 0, 0, 0, 0, 0, 182)
22 (1, 4, 0, 48, 20, 0, 0, 0, 0, 0, 0, 252)
23 (1, 4, 0, 112, 0, 0, 0, 0, 0, 0, 0, 94)
24 (1, 4, 0, 26, 0, 0, 0, 0, 0, 0, 0, 193)
25 (1, 4, 0, 7, 0, 0, 0, 0, 0, 0, 0, 124)
26 (1, 4, 0, 46, 0, 0, 0, 0, 0, 0, 0, 184)
27 (1, 4, 0, 77, 28, 0, 0, 0, 0, 0, 0, 188)
28 (1, 4, 0, 42, 72, 0, 0, 0, 0, 0, 0, 37)
29 (1, 4, 33, 35, 88, 0, 0, 0, 0, 0, 0, 149)
0 (1, 4, 0, 0, 6, 0, 0, 0, 0, 0, 0, 15)
1 (1, 4, 0, 16, 9, 0, 0, 0, 0, 0, 0, 55)
2 (1, 4, 0, 18, 13, 0, 0, 0, 0, 0, 0, 4)
3 (1, 4, 0, 0, 0, 11, 0, 0, 0, 0, 0, 167)
4 (1, 4, 0, 0, 0, 10, 0, 0, 0, 0, 0, 184)
5 (1, 4, 0, 0, 0, 0, 15, 0, 0, 0, 0, 215)
6 (1, 4, 45, 66, 0, 0, 60, 0, 0, 0, 0, 187)
7 (1, 4, 198, 175, 0, 0, 61, 0, 0, 0, 0, 103)
8 (1, 4, 439, 213, 0, 0, 50, 0, 0, 0, 0, 146)
9 (1, 4, 572, 244, 49, 0, 3, 0, 0, 0, 0, 112)
10 (1, 4, 873, 334, 6, 0, 0, 0, 0, 0, 0, 91)
11 (1, 4, 873, 446, 0, 1, 0, 0, 0, 0, 0, 20)
12 (1, 4, 803, 551, 0, 0, 0, 32, 0, 0, 0, 1)
13 (1, 4, 278, 223, 0, 18, 5, 86, 0, 0, 0, 227)
14 (1, 4, 0, 183, 0, 38, 0, 88, 0, 0, 0, 9)
15 (1, 4, 0, 83, 0, 28, 0, 95, 0, 0, 0, 88)
16 (1, 4, 0, 31, 26, 29, 0, 76, 0, 0, 0, 244)
17 (1, 4, 6, 0, 0, 25, 0, 84, 0, 0, 0, 169)
18 (1, 4, 29, 13, 0, 29, 0, 117, 0, 0, 0, 245)
19 (1, 4, 388, 0, 103, 22, 39, 200, 0, 0, 0, 68)
20 (1, 4, 0, 0, 448, 0, 41, 154, 0, 0, 0, 150)
21 (1, 4, 291, 0, 394, 0, 0, 0, 0, 0, 0, 150)
22 (1, 4, 0, 15, 0, 0, 0, 0, 0, 0, 0, 207)
23 (1, 4, 0, 465, 0, 0, 0, 0, 0, 0, 0, 205)
24 (1, 4, 26, 372, 0, 0, 126, 309, 1, 1, 0, 87)
25 (1, 4, 0, 0, 78, 0, 414, 459, 1, 1, 0, 89)
26 (1, 4, 103, 0, 713, 0, 102, 141, 0, 0, 0, 78)
27 (1, 4, 736, 0, 647, 0, 0, 0, 0, 0, 0, 143)
28 (1, 4, 0, 51, 0, 0, 0, 0, 0, 0, 0, 5)
29 (1, 4, 0, 4, 0, 2, 0, 32, 0, 0, 0, 59)
30 (1, 4, 0, 25, 0, 11, 0, 27, 0, 0, 0, 159)
31 (1, 4, 0, 120, 0, 26, 0, 25, 0, 0, 0, 58)
0 (1, 4, 0, 0, 1, 30, 1, 0, 1, 1, 0, 215)
1 (1, 4, 0, 0, 7, 22, 2, 0, 1, 1, 0, 213)
2 (1, 4, 0, 0, 37, 23, 13, 0, 1, 1, 0, 178)
3 (1, 4, 45, 0, 54, 15, 19, 0, 1, 1, 0, 173)
4 (1, 4, 174, 0, 71, 7, 19, 0, 1, 1, 0, 188)
5 (1, 4, 356, 0, 59, 0, 0, 0, 1, 1, 0, 133)
6 (1, 4, 722, 91, 0, 0, 0, 0, 1, 1, 0, 154)
7 (1, 4, 873, 192, 0, 0, 0, 0, 0, 0, 0, 202)
8 (1, 4, 873, 332, 0, 10, 0, 0, 0, 0, 0, 129)
9 (1, 4, 752, 342, 0, 37, 26, 15, 0, 0, 0, 180)
10 (1, 4, 0, 265, 12, 26, 0, 82, 0, 0, 0, 97)
11 (1, 4, 2, 98, 0, 22, 0, 76, 0, 0, 0, 33)
12 (1, 4, 0, 81, 17, 18, 0, 59, 0, 0, 0, 245)
13 (1, 4, 0, 133, 29, 28, 2, 105, 0, 0, 0, 73)
14 (1, 4, 132, 0, 157, 0, 66, 232, 0, 0, 0, 199)
15 (1, 4, 128, 0, 532, 0, 74, 235, 0, 0, 0, 59)
16 (1, 4, 159, 0, 684, 0, 0, 99, 0, 0, 0, 4)
17 (1, 4, 0, 0, 399, 0, 0, 0, 0, 0, 0, 139)
18 (1, 4, 46, 77, 0, 0, 0, 0, 0, 0, 0, 178)
19 (1, 4, 0, 464, 0, 0, 0, 0, 0, 0, 0, 120)
20 (1, 4, 95, 446, 0, 0, 0, 156, 0, 0, 0, 200)
21 (1, 4, 0, 254, 0, 0, 140, 297, 0, 0, 0, 240)
22 (1, 4, 0, 0, 0, 0, 173, 315, 0, 0, 0, 203)
23 (1, 4, 0, 0, 294, 0, 135, 162, 0, 0, 0, 98)
24 (1, 4, 311, 0, 613, 0, 10, 162, 0, 0, 0, 165)
25 (1, 4, 132, 0, 690, 0, 0, 76, 0, 0, 0, 108)
26 (1, 4, 160, 0, 369, 0, 0, 0, 0, 0, 0, 31)
27 (1, 4, 0, 0, 0, 0, 0, 0, 0, 0, 0, 126)
28 (1, 4, 0, 0, 0, 0, 0, 0, 0, 0, 0, 126)
29 (1, 4, 0, 0, 0, 19, 0, 0, 0, 0, 0, 168)
30 (1, 4, 0, 52, 0, 40, 0, 0, 0, 0, 0, 22)
31 (1, 4, 0, 312, 156, 67, 0, 0, 0, 0, 0, 19)
0 (1, 4, 423, 0, 0, 25, 0, 0, 1, 1, 0, 157)
1 (1, 4, 604, 94, 0, 26, 0, 0, 0, 0, 0, 140)
2 (1, 4, 706, 261, 0, 38, 0, 0, 0, 0, 0, 219)
3 (1, 4, 434, 195, 0, 20, 0, 34, 0, 0, 0, 155)
4 (1, 4, 212, 112, 0, 26, 0, 39, 0, 0, 0, 153)
5 (1, 4, 124, 89, 0, 22, 0, 64, 0, 0, 0, 140)
6 (1, 4, 77, 48, 0, 22, 0, 85, 0, 0, 0, 155)
7 (1, 4, 190, 0, 81, 0, 20, 200, 0, 0, 0, 75)
8 (1, 4, 374, 0, 341, 0, 77, 213, 0, 0, 0, 18)
9 (1, 4, 178, 0, 543, 0, 0, 170, 0, 0, 0, 180)
10 (1, 4, 475, 0, 570, 0, 0, 74, 0, 0, 0, 220)
11 (1, 4, 0, 0, 558, 0, 0, 0, 0, 0, 0, 247)
12 (1, 4, 0, 0, 0, 0, 0, 0, 0, 0, 0, 126)
13 (1, 4, 0, 237, 0, 0, 0, 0, 0, 0, 0, 226)
14 (1, 4, 0, 515, 0, 0, 0, 9, 0, 0, 0, 94)
15 (1, 4, 126, 655, 0, 0, 0, 143, 0, 0, 0, 138)
16 (1, 4, 0, 171, 0, 0, 297, 312, 0, 0, 0, 193)
17 (1, 4, 250, 0, 208, 0, 249, 361, 0, 0, 0, 58)
18 (1, 4, 80, 0, 613, 0, 84, 178, 0, 0, 0, 95)
19 (1, 4, 481, 0, 781, 0, 0, 81, 0, 0, 0, 241)
20 (1, 4, 0, 0, 410, 0, 0, 0, 0, 0, 0, 62)
21 (1, 4, 0, 0, 0, 0, 0, 0, 0, 0, 0, 126)
22 (1, 4, 0, 0, 0, 0, 0, 0, 0, 0, 0, 126)
23 (1, 4, 0, 0, 154, 0, 0, 0, 0, 0, 0, 99)
24 (1, 4, 0, 270, 17, 26, 0, 0, 0, 0, 0, 69)
25 (1, 4, 0, 717, 0, 38, 0, 0, 0, 0, 0, 70)
26 (1, 4, 0, 564, 0, 24, 0, 3, 0, 0, 0, 163)
27 (1, 4, 0, 297, 4, 0, 0, 0, 0, 0, 0, 1)
28 (1, 4, 8, 386, 281, 0, 0, 25, 1, 0, 0, 9)
29 (1, 4, 0, 113, 130, 0, 0, 0, 0, 0, 0, 53)
30 (1, 4, 0, 37, 110, 18, 0, 0, 0, 0, 0, 210)
31 (1, 4, 0, 46, 95, 20, 0, 0, 0, 0, 0, 238)
0 (1, 4, 496, 260, 395, 0, 76, 0, 0, 0, 0, 107)
1 (1, 4, 771, 519, 373, 0, 0, 0, 0, 0, 0, 72)
2 (1, 4, 864, 604, 134, 0, 0, 0, 0, 0, 0, 240)
3 (1, 4, 477, 646, 0, 0, 0, 37, 0, 0, 0, 54)
4 (1, 4, 400, 496, 0, 15, 65, 110, 0, 0, 0, 73)
5 (1, 4, 453, 133, 140, 0, 94, 255, 0, 0, 0, 160)
6 (1, 4, 580, 0, 432, 0, 44, 209, 0, 0, 0, 10)
7 (1, 4, 215, 0, 647, 0, 0, 123, 0, 0, 0, 61)
8 (1, 4, 0, 0, 160, 0, 0, 0, 0, 0, 0, 113)
9 (1, 4, 0, 12, 0, 0, 0, 0, 0, 0, 0, 23)
10 (1, 4, 0, 406, 0, 0, 0, 0, 0, 0, 0, 76)
11 (1, 4, 0, 603, 0, 0, 0, 0, 0, 0, 0, 58)
12 (1, 4, 64, 772, 0, 0, 0, 141, 0, 0, 0, 207)
13 (1, 4, 140, 501, 0, 0, 0, 206, 0, 0, 0, 97)
14 (1, 4, 149, 220, 0, 0, 70, 246, 0, 0, 0, 77)
15 (1, 4, 268, 16, 146, 0, 114, 243, 0, 0, 0, 79)
16 (1, 4, 211, 0, 561, 0, 59, 202, 0, 0, 0, 225)
17 (1, 4, 267, 0, 714, 0, 0, 126, 0, 0, 0, 44)
18 (1, 4, 0, 0, 575, 0, 0, 0, 0, 0, 0, 28)
19 (1, 4, 0, 0, 0, 0, 0, 0, 0, 0, 0, 126)
20 (1, 4, 0, 15, 0, 0, 0, 0, 0, 0, 0, 207)
21 (1, 4, 0, 135, 0, 0, 0, 0, 0, 0, 0, 125)
22 (1, 4, 0, 204, 0, 19, 0, 20, 0, 0, 0, 229)
23 (1, 4, 0, 174, 6, 34, 0, 96, 0, 0, 0, 251)
24 (1, 4, 0, 0, 0, 50, 0, 29, 0, 0, 0, 205)
25 (1, 4, 0, 0, 102, 50, 0, 8, 0, 0, 0, 192)
26 (1, 4, 0, 0, 35, 18, 0, 0, 0, 0, 0, 242)
27 (1, 4, 0, 0, 18, 17, 0, 0, 1, 0, 0, 164)
28 (1, 4, 0, 0, 28, 9, 0, 0, 0, 0, 0, 4)
29 (1, 4, 0, 0, 0, 1, 0, 0, 0, 0, 0, 97)
30 (1, 4, 0, 0, 0, 3, 0, 0, 0, 0, 0, 95)
31 (1, 4, 0, 0, 0, 0, 0, 0, 0, 0, 0, 126)
0 (1, 4, 634, 0, 365, 0, 114, 111, 0, 0, 0, 235)
1 (1, 4, 207, 0, 629, 0, 0, 163, 0, 0, 0, 255)
2 (1, 4, 157, 0, 703, 0, 0, 45, 0, 0, 0, 191)
3 (1, 4, 36, 0, 382, 0, 0, 0, 0, 0, 0, 107)
4 (1, 4, 0, 18, 44, 0, 0, 0, 0, 0, 0, 110)
5 (1, 4, 0, 339, 0, 0, 0, 0, 0, 0, 0, 161)
6 (1, 4, 0, 658, 0, 0, 0, 0, 0, 0, 0, 190)
7 (1, 4, 124, 828, 0, 0, 0, 213, 0, 0, 0, 204)
8 (1, 4, 0, 160, 0, 0, 101, 273, 0, 0, 0, 21)
9 (1, 4, 217, 0, 220, 0, 129, 215, 0, 0, 0, 169)
10 (1, 4, 100, 0, 470, 0, 37, 166, 0, 0, 0, 33)
11 (1, 4, 90, 0, 671, 0, 0, 75, 0, 0, 0, 223)
12 (1, 4, 645, 0, 591, 0, 0, 0, 0, 0, 0, 65)
13 (1, 4, 0, 0, 76, 0, 0, 0, 0, 0, 0, 103)
14 (1, 4, 0, 0, 0, 0, 0, 0, 0, 0, 0, 126)
15 (1, 4, 0, 0, 0, 0, 0, 0, 0, 0, 0, 126)
16 (1, 4, 0, 221, 110, 16, 0, 0, 0, 0, 0, 126)
17 (1, 4, 0, 422, 308, 2, 0, 0, 0, 0, 0, 83)
18 (1, 4, 0, 483, 399, 0, 0, 0, 0, 0, 0, 246)
19 (1, 4, 0, 482, 370, 0, 0, 0, 0, 0, 0, 190)
20 (1, 4, 196, 579, 407, 0, 0, 0, 0, 0, 0, 122)
21 (1, 4, 81, 418, 252, 0, 0, 0, 0, 0, 0, 59)
22 (1, 4, 0, 354, 296, 0, 0, 0, 0, 0, 0, 168)
23 (1, 4, 0, 315, 263, 0, 0, 0, 0, 0, 0, 235)
24 (1, 4, 0, 240, 221, 0, 0, 0, 0, 0, 0, 92)
25 (1, 4, 0, 132, 148, 0, 0, 0, 0, 0, 0, 117)
26 (1, 4, 80, 59, 99, 0, 0, 0, 0, 0, 0, 97)
27 (1, 4, 55, 91, 118, 0, 0, 0, 0, 0, 0, 241)
28 (1, 4, 0, 137, 135, 0, 0, 0, 0, 0, 0, 109)
29 (1, 4, 5, 107, 112, 0, 0, 0, 0, 0, 0, 24)
30 (1, 4, 26, 87, 59, 0, 0, 0, 0, 0, 0, 148)
31 (1, 4, 34, 42, 7, 0, 0, 0, 0, 0, 0, 92)
0 (1, 4, 0, 0, 0, 0, 43, 0, 1, 0, 0, 91)
1 (1, 4, 270, 0, 169, 7, 102, 0, 1, 0, 0, 54)
2 (1, 4, 427, 422, 551, 0, 54, 0, 0, 0, 0, 101)
3 (1, 4, 606, 557, 418, 0, 0, 0, 0, 0, 0, 233)
4 (1, 4, 873, 616, 182, 0, 0, 0, 0, 0, 0, 118)
5 (1, 4, 873, 376, 2, 29, 0, 75, 0, 0, 0, 180)
6 (1, 4, 591, 298, 93, 41, 122, 160, 0, 0, 0, 38)
7 (1, 4, 371, 4, 386, 0, 25, 189, 0, 0, 0, 28)
8 (1, 4, 94, 0, 687, 0, 0, 135, 0, 0, 0, 54)
9 (1, 4, 276, 0, 385, 0, 0, 29, 0, 0, 0, 15)
10 (1, 4, 0, 0, 0, 0, 0, 0, 0, 0, 0, 126)
11 (1, 4, 0, 50, 0, 0, 0, 0, 0, 0, 0, 176)
12 (1, 4, 0, 386, 0, 0, 0, 0, 0, 0, 0, 247)
13 (1, 4, 5, 406, 0, 0, 0, 144, 0, 0, 0, 35)
14 (1, 4, 0, 72, 0, 40, 17, 176, 0, 0, 0, 91)
15 (1, 4, 0, 0, 18, 21, 0, 106, 0, 0, 0, 13)
16 (1, 4, 0, 0, 0, 12, 0, 13, 0, 0, 0, 186)
17 (1, 4, 0, 117, 0, 24, 0, 24, 0, 0, 0, 7)
18 (1, 4, 0, 190, 0, 26, 0, 89, 0, 0, 0, 74)
19 (1, 4, 80, 57, 70, 14, 1, 164, 0, 0, 0, 165)
20 (1, 4, 278, 0, 238, 0, 0, 172, 0, 0, 0, 53)
21 (1, 4, 460, 0, 334, 0, 0, 163, 0, 0, 0, 142)
22 (1, 4, 492, 0, 457, 0, 0, 107, 0, 0, 0, 120)
23 (1, 4, 192, 0, 430, 0, 0, 3, 0, 0, 0, 27)
24 (1, 4, 0, 0, 0, 0, 0, 0, 0, 0, 0, 126)
25 (1, 4, 0, 0, 0, 0, 0, 5, 0, 0, 0, 212)
26 (1, 4, 0, 6, 0, 6, 0, 26, 0, 0, 0, 11)
27 (1, 4, 0, 91, 0, 16, 0, 28, 0, 0, 0, 76)
28 (1, 4, 0, 156, 41, 12, 0, 13, 0, 0, 0, 101)
29 (1, 4, 0, 184, 61, 13, 0, 0, 0, 0, 0, 3)
30 (1, 4, 0, 279, 97, 24, 0, 0, 0, 0, 0, 102)
31 (1, 4, 0, 257, 84, 25, 0, 0, 0, 0, 0, 228)
0 (1, 4, 17, 0, 0, 14, 0, 0, 0, 0, 0, 42)
1 (1, 4, 9, 0, 0, 15, 0, 0, 0, 0, 0, 165)
2 (1, 4, 28, 0, 0, 15, 0, 0, 0, 0, 0, 115)
3 (1, 4, 14, 0, 0, 15, 0, 0, 0, 0, 0, 143)
4 (1, 4, 19, 0, 0, 11, 0, 0, 0, 0, 0, 85)
5 (1, 4, 43, 0, 0, 11, 0, 0, 0, 0, 0, 2)
6 (1, 4, 218, 0, 0, 5, 0, 0, 0, 0, 0, 13)
7 (1, 4, 399, 0, 0, 0, 0, 0, 0, 0, 0, 51)
8 (1, 4, 758, 0, 0, 20, 0, 0, 0, 0, 0, 110)
9 (1, 4, 638, 152, 0, 29, 0, 15, 0, 0, 0, 198)
10 (1, 4, 798, 103, 0, 36, 14, 104, 0, 0, 0, 196)
11 (1, 4, 465, 80, 157, 0, 204, 223, 0, 0, 0, 253)
12 (1, 4, 271, 0, 717, 0, 114, 196, 0, 0, 0, 58)
13 (1, 4, 0, 0, 873, 0, 0, 98, 0, 0, 0, 233)
14 (1, 4, 0, 0, 107, 0, 0, 0, 0, 0, 0, 124)
15 (1, 4, 0, 141, 0, 0, 0, 0, 0, 0, 0, 163)
16 (1, 4, 0, 387, 0, 0, 0, 11, 0, 0, 0, 206)
17 (1, 4, 182, 473, 0, 0, 81, 261, 0, 0, 0, 13)
18 (1, 4, 0, 0, 0, 0, 243, 399, 1, 1, 0, 0)
19 (1, 4, 233, 0, 464, 0, 128, 201, 0, 0, 0, 189)
20 (1, 4, 77, 0, 644, 0, 17, 112, 0, 0, 0, 111)
21 (1, 4, 335, 0, 771, 0, 0, 21, 0, 0, 0, 138)
22 (1, 4, 0, 0, 25, 0, 0, 0, 0, 0, 0, 41)
23 (1, 4, 0, 0, 0, 0, 0, 0, 0, 0, 0, 126)
24 (1, 4, 0, 0, 0, 5, 0, 0, 0, 0, 0, 29)
25 (1, 4, 0, 58, 90, 25, 0, 0, 0, 0, 0, 4)
26 (1, 4, 0, 248, 188, 43, 0, 0, 0, 0, 0, 78)
27 (1, 4, 0, 193, 130, 41, 0, 0, 0, 0, 0, 153)
28 (1, 4, 0, 82, 77, 33, 0, 0, 0, 0, 0, 138)
29 (1, 4, 206, 75, 241, 3, 0, 0, 1, 0, 0, 2)
0 (1, 4, 0, 0, 0, 0, 15, 0, 1, 0, 0, 181)
1 (1, 4, 303, 114, 0, 0, 31, 0, 0, 0, 0, 128)
2 (1, 4, 804, 323, 0, 0, 0, 0, 0, 0, 0, 57)
3 (1, 4, 873, 429, 0, 0, 0, 0, 0, 0, 0, 178)
4 (1, 4, 873, 469, 0, 17, 0, 0, 0, 0, 0, 201)
5 (1, 4, 473, 294, 0, 37, 0, 42, 0, 0, 0, 150)
6 (1, 4, 65, 202, 0, 41, 0, 70, 0, 0, 0, 34)
7 (1, 4, 323, 133, 74, 32, 17, 174, 0, 0, 0, 249)
8 (1, 4, 356, 0, 268, 0, 116, 253, 0, 0, 0, 57)
9 (1, 4, 133, 0, 732, 0, 83, 171, 0, 0, 0, 195)
10 (1, 4, 117, 0, 709, 0, 0, 7, 0, 0, 0, 143)
11 (1, 4, 0, 0, 103, 0, 0, 0, 0, 0, 0, 158)
12 (1, 4, 0, 175, 0, 0, 0, 0, 0, 0, 0, 12)
13 (1, 4, 0, 552, 0, 0, 0, 0, 0, 0, 0, 194)
14 (1, 4, 28, 601, 0, 0, 0, 194, 0, 0, 0, 137)
15 (1, 4, 0, 324, 0, 0, 109, 285, 0, 0, 0, 52)
16 (1, 4, 67, 0, 90, 0, 113, 296, 0, 0, 0, 123)
17 (1, 4, 127, 0, 344, 0, 46, 196, 0, 0, 0, 136)
18 (1, 4, 118, 0, 493, 0, 0, 141, 0, 0, 0, 225)
19 (1, 4, 330, 0, 560, 0, 0, 9, 0, 0, 0, 151)
20 (1, 4, 8, 0, 205, 0, 0, 0, 0, 0, 0, 114)
21 (1, 4, 0, 0, 0, 0, 0, 0, 0, 0, 0, 126)
22 (1, 4, 0, 0, 0, 0, 0, 0, 0, 0, 0, 126)
23 (1, 4, 0, 58, 25, 0, 0, 0, 0, 0, 0, 84)
24 (1, 4, 0, 211, 151, 4, 0, 0, 0, 0, 0, 82)
25 (1, 4, 0, 307, 223, 10, 0, 0, 0, 0, 0, 10)
26 (1, 4, 0, 247, 220, 1, 0, 0, 0, 0, 0, 213)
27 (1, 4, 0, 152, 230, 0, 0, 0, 1, 0, 0, 74)
28 (1, 4, 0, 165, 198, 0, 0, 0, 1, 1, 0, 160)
29 (1, 4, 0, 162, 189, 0, 0, 0, 1, 1, 0, 223)
0 (1, 4, 0, 14, 217, 23, 4, 0, 1, 1, 0, 103)
1 (1, 4, 0, 0, 137, 0, 28, 0, 1, 1, 0, 9)
2 (1, 4, 325, 0, 0, 0, 92, 0, 2, 1, 0, 209)
3 (1, 4, 588, 312, 290, 0, 60, 0, 1, 1, 0, 97)
4 (1, 4, 873, 498, 31, 0, 0, 0, 0, 0, 0, 199)
5 (1, 4, 873, 292, 0, 0, 0, 0, 0, 0, 0, 181)
6 (1, 4, 778, 324, 0, 38, 288, 57, 0, 0, 0, 90)
7 (1, 4, 0, 260, 431, 5, 157, 236, 0, 0, 0, 50)
8 (1, 4, 172, 0, 678, 0, 41, 180, 0, 0, 0, 24)
9 (1, 4, 177, 0, 755, 0, 0, 34, 0, 0, 0, 208)
10 (1, 4, 0, 0, 108, 0, 0, 0, 0, 0, 0, 153)
11 (1, 4, 0, 28, 0, 0, 0, 0, 0, 0, 0, 118)
12 (1, 4, 0, 470, 0, 0, 0, 0, 0, 0, 0, 207)
13 (1, 4, 0, 706, 0, 0, 0, 150, 0, 0, 0, 201)
14 (1, 4, 132, 304, 0, 23, 104, 339, 0, 0, 0, 176)
15 (1, 4, 0, 0, 17, 0, 79, 332, 0, 0, 0, 213)
16 (1, 4, 222, 0, 311, 0, 34, 149, 0, 0, 0, 99)
17 (1, 4, 439, 0, 521, 0, 0, 112, 0, 0, 0, 193)
18 (1, 4, 9, 0, 818, 0, 0, 42, 0, 0, 0, 187)
19 (1, 4, 0, 0, 0, 0, 0, 0, 0, 0, 0, 126)
20 (1, 4, 0, 13, 0, 0, 0, 0, 0, 0, 0, 162)
21 (1, 4, 0, 88, 0, 0, 0, 0, 0, 0, 0, 47)
22 (1, 4, 0, 224, 0, 4, 0, 0, 0, 0, 0, 66)
23 (1, 4, 0, 177, 10, 32, 0, 0, 0, 0, 0, 19)
24 (1, 4, 0, 497, 8, 46, 0, 0, 0, 0, 0, 224)
25 (1, 4, 0, 477, 0, 21, 0, 7, 0, 0, 0, 35)
26 (1, 4, 0, 108, 17, 14, 0, 17, 0, 0, 0, 11)
27 (1, 4, 0, 0, 37, 24, 0, 0, 1, 0, 0, 39)
28 (1, 4, 0, 0, 25, 19, 0, 0, 0, 0, 0, 255)
29 (1, 4, 56, 0, 0, 27, 0, 0, 0, 0, 0, 7)
30 (1, 4, 7, 0, 0, 28, 0, 0, 0, 0, 0, 39)
31 (1, 4, 0, 0, 0, 30, 0, 0, 0, 0, 0, 51)
0 (1, 4, 169, 93, 111, 29, 0, 0, 0, 0, 0, 220)
1 (1, 4, 151, 146, 104, 32, 0, 0, 0, 0, 0, 252)
2 (1, 4, 91, 211, 123, 29, 0, 0, 0, 0, 0, 95)
3 (1, 4, 33, 233, 107, 24, 0, 0, 0, 0, 0, 252)
4 (1, 4, 17, 216, 67, 21, 0, 0, 0, 0, 0, 20)
5 (1, 4, 47, 233, 60, 22, 0, 0, 0, 0, 0, 115)
6 (1, 4, 14, 262, 54, 22, 0, 0, 0, 0, 0, 61)
7 (1, 4, 4, 241, 59, 26, 0, 0, 0, 0, 0, 101)
8 (1, 4, 99, 217, 41, 32, 0, 0, 0, 0, 0, 248)
9 (1, 4, 129, 167, 0, 38, 0, 5, 0, 0, 0, 165)
10 (1, 4, 676, 234, 0, 66, 0, 127, 0, 0, 0, 43)
11 (1, 4, 873, 0, 82, 73, 83, 155, 0, 0, 0, 16)
12 (1, 4, 0, 0, 402, 8, 82, 81, 0, 0, 0, 94)
13 (1, 4, 261, 0, 513, 0, 0, 38, 0, 0, 0, 9)
14 (1, 4, 337, 222, 352, 0, 0, 21, 0, 0, 0, 221)
15 (1, 4, 0, 74, 0, 0, 0, 0, 0, 0, 0, 35)
16 (1, 4, 0, 455, 0, 0, 0, 13, 0, 0, 0, 91)
17 (1, 4, 137, 505, 0, 0, 0, 191, 0, 0, 0, 214)
18 (1, 4, 0, 34, 0, 0, 208, 237, 0, 0, 0, 84)
19 (1, 4, 42, 0, 0, 0, 235, 264, 0, 0, 0, 127)
20 (1, 4, 258, 0, 380, 0, 183, 148, 0, 0, 0, 93)
21 (1, 4, 181, 0, 599, 0, 0, 91, 0, 0, 0, 187)
22 (1, 4, 211, 94, 643, 0, 0, 55, 0, 0, 0, 103)
23 (1, 4, 0, 0, 0, 0, 0, 0, 0, 0, 0, 126)
24 (1, 4, 0, 0, 0, 2, 0, 21, 0, 0, 0, 57)
25 (1, 4, 0, 0, 0, 15, 0, 25, 0, 0, 0, 61)
26 (1, 4, 0, 69, 45, 40, 0, 1, 0, 0, 0, 212)
27 (1, 4, 0, 193, 76, 33, 0, 22, 0, 0, 0, 185)
28 (1, 4, 0, 124, 40, 38, 0, 39, 0, 0, 0, 108)
29 (1, 4, 0, 158, 150, 31, 0, 51, 0, 0, 0, 163)
30 (1, 4, 0, 47, 156, 11, 0, 5, 0, 0, 0, 18)
31 (1, 4, 0, 5, 17, 0, 0, 0, 1, 0, 0, 152)
0 (1, 4, 1, 0, 0, 6, 0, 0, 0, 0, 0, 50)
1 (1, 4, 0, 0, 0, 3, 0, 0, 0, 0, 0, 95)
2 (1, 4, 2, 0, 0, 0, 0, 0, 0, 0, 0, 98)
3 (1, 4, 134, 0, 0, 0, 0, 0, 0, 0, 0, 79)
4 (1, 4, 498, 0, 0, 0, 0, 0, 0, 0, 0, 219)
5 (1, 4, 873, 0, 0, 0, 0, 0, 0, 0, 0, 72)
6 (1, 4, 873, 0, 0, 27, 21, 0, 0, 0, 0, 121)
7 (1, 4, 211, 77, 0, 61, 33, 18, 0, 0, 0, 212)
8 (1, 4, 0, 144, 41, 27, 0, 70, 0, 0, 0, 111)
9 (1, 4, 0, 20, 0, 32, 0, 74, 0, 0, 0, 58)
10 (1, 4, 0, 71, 20, 48, 32, 125, 0, 0, 0, 186)
11 (1, 4, 159, 0, 261, 0, 152, 229, 0, 0, 0, 242)
12 (1, 4, 388, 0, 690, 0, 140, 162, 0, 0, 0, 48)
13 (1, 4, 0, 0, 820, 0, 0, 87, 0, 0, 0, 195)
14 (1, 4, 92, 0, 510, 0, 0, 0, 0, 0, 0, 68)
15 (1, 4, 0, 17, 0, 0, 0, 0, 0, 0, 0, 170)
16 (1, 4, 0, 372, 0, 0, 0, 0, 0, 0, 0, 97)
17 (1, 4, 0, 530, 0, 0, 0, 99, 0, 0, 0, 61)
18 (1, 4, 164, 452, 0, 0, 122, 299, 0, 0, 0, 140)
19 (1, 4, 0, 0, 0, 0, 183, 352, 0, 0, 0, 103)
20 (1, 4, 161, 0, 266, 0, 143, 204, 0, 0, 0, 161)
21 (1, 4, 255, 0, 540, 0, 32, 161, 0, 0, 0, 65)
22 (1, 4, 389, 0, 668, 0, 0, 68, 0, 0, 0, 185)
23 (1, 4, 0, 0, 165, 0, 0, 0, 0, 0, 0, 187)
24 (1, 4, 3, 0, 0, 0, 0, 0, 0, 0, 0, 108)
25 (1, 4, 0, 0, 0, 0, 0, 16, 0, 0, 0, 173)
26 (1, 4, 0, 25, 22, 6, 0, 21, 0, 0, 0, 44)
27 (1, 4, 0, 140, 157, 0, 0, 0, 0, 0, 0, 238)
28 (1, 4, 0, 333, 195, 6, 0, 0, 0, 0, 0, 55)
29 (1, 4, 0, 410, 242, 34, 0, 0, 1, 0, 0, 52)
30 (1, 4, 0, 236, 115, 25, 0, 0, 1, 0, 0, 228)
31 (1, 4, 2, 191, 70, 9, 0, 0, 1, 0, 0, 126)
0 (1, 4, 49, 0, 0, 0, 0, 0, 1, 1, 0, 94)
1 (1, 4, 50, 0, 0, 0, 0, 0, 1, 1, 0, 76)
2 (1, 4, 436, 0, 0, 0, 0, 0, 0, 0, 0, 118)
3 (1, 4, 559, 0, 0, 5, 0, 0, 0, 0, 0, 132)
4 (1, 4, 873, 97, 0, 25, 0, 24, 0, 0, 0, 149)
5 (1, 4, 873, 0, 0, 43, 22, 61, 0, 0, 0, 222)
6 (1, 4, 244, 0, 69, 60, 171, 90, 0, 0, 0, 224)
7 (1, 4, 407, 141, 514, 11, 81, 160, 0, 0, 0, 255)
8 (1, 4, 33, 0, 647, 0, 53, 126, 0, 0, 0, 26)
9 (1, 4, 245, 53, 850, 0, 0, 113, 0, 0, 0, 155)
10 (1, 4, 0, 0, 57, 0, 0, 4, 0, 0, 0, 162)
11 (1, 4, 0, 0, 0, 0, 0, 0, 0, 0, 0, 126)
12 (1, 4, 0, 189, 0, 0, 0, 0, 0, 0, 0, 0)
13 (1, 4, 0, 303, 0, 0, 0, 24, 0, 0, 0, 209)
14 (1, 4, 0, 463, 0, 0, 0, 106, 0, 0, 0, 31)
15 (1, 4, 38, 418, 0, 0, 30, 282, 0, 0, 0, 42)
16 (1, 4, 62, 0, 0, 0, 113, 279, 0, 0, 0, 15)
17 (1, 4, 352, 0, 152, 7, 110, 189, 0, 0, 0, 34)
18 (1, 4, 295, 0, 375, 0, 74, 131, 0, 0, 0, 150)
19 (1, 4, 39, 0, 612, 0, 0, 99, 0, 0, 0, 240)
20 (1, 4, 569, 0, 557, 0, 0, 73, 0, 0, 0, 97)
21 (1, 4, 0, 0, 66, 0, 0, 28, 0, 0, 0, 230)
22 (1, 4, 0, 0, 0, 0, 0, 23, 0, 0, 0, 190)
23 (1, 4, 0, 0, 0, 0, 0, 14, 0, 0, 0, 88)
24 (1, 4, 0, 120, 0, 6, 0, 28, 0, 0, 0, 227)
25 (1, 4, 0, 173, 5, 5, 0, 0, 0, 0, 0, 200)
26 (1, 4, 0, 349, 102, 14, 0, 0, 0, 0, 0, 107)
27 (1, 4, 0, 376, 66, 5, 0, 51, 1, 0, 0, 201)
28 (1, 4, 0, 170, 23, 12, 0, 24, 1, 0, 0, 38)
29 (1, 4, 62, 123, 17, 0, 0, 46, 0, 0, 0, 42)
30 (1, 4, 0, 0, 0, 2, 0, 10, 0, 0, 0, 19)
31 (1, 4, 0, 50, 24, 5, 0, 0, 0, 0, 0, 16)
0 (1, 4, 618, 169, 321, 0, 43, 0, 1, 1, 0, 225)
1 (1, 4, 873, 368, 194, 0, 0, 0, 1, 1, 0, 161)
2 (1, 4, 873, 251, 0, 0, 0, 0, 0, 0, 0, 2)
3 (1, 4, 772, 427, 0, 0, 76, 0, 0, 0, 0, 53)
4 (1, 4, 0, 326, 0, 28, 0, 45, 0, 0, 0, 61)
5 (1, 4, 0, 336, 2, 29, 0, 80, 0, 0, 0, 172)
6 (1, 4, 126, 203, 0, 61, 25, 149, 0, 0, 0, 38)
7 (1, 4, 221, 0, 163, 38, 69, 206, 0, 0, 0, 50)
8 (1, 4, 211, 0, 305, 0, 2, 166, 0, 0, 0, 77)
9 (1, 4, 556, 0, 323, 0, 0, 74, 0, 0, 0, 254)
10 (1, 4, 41, 0, 181, 0, 0, 5, 0, 0, 0, 215)
11 (1, 4, 0, 69, 0, 0, 0, 0, 0, 0, 0, 146)
12 (1, 4, 0, 352, 0, 0, 0, 0, 0, 0, 0, 218)
13 (1, 4, 0, 438, 0, 6, 0, 91, 0, 0, 0, 214)
14 (1, 4, 136, 422, 0, 0, 35, 237, 0, 0, 0, 34)
15 (1, 4, 0, 45, 0, 27, 112, 302, 0, 0, 0, 114)
16 (1, 4, 132, 0, 332, 0, 109, 238, 0, 0, 0, 19)
17 (1, 4, 226, 0, 558, 0, 0, 196, 0, 0, 0, 10)
18 (1, 4, 434, 0, 617, 0, 0, 0, 0, 0, 0, 197)
19 (1, 4, 0, 0, 0, 0, 0, 0, 0, 0, 0, 126)
20 (1, 4, 0, 0, 0, 0, 0, 0, 0, 0, 0, 126)
21 (1, 4, 0, 37, 0, 5, 0, 0, 0, 0, 0, 176)
22 (1, 4, 0, 136, 153, 10, 0, 0, 0, 0, 0, 172)
23 (1, 4, 0, 197, 207, 2, 0, 0, 0, 0, 0, 254)
24 (1, 4, 0, 188, 169, 3, 0, 0, 0, 0, 0, 179)
25 (1, 4, 0, 177, 15, 11, 0, 27, 0, 0, 0, 182)
26 (1, 4, 147, 46, 0, 12, 0, 57, 0, 0, 0, 156)
27 (1, 4, 0, 0, 0, 12, 0, 17, 0, 0, 0, 246)
28 (1, 4, 0, 0, 0, 6, 0, 0, 0, 0, 0, 60)
29 (1, 4, 0, 0, 0, 5, 0, 0, 0, 0, 0, 29)
30 (1, 4, 0, 0, 0, 8, 0, 0, 0, 0, 0, 134)
31 (1, 4, 0, 0, 0, 10, 0, 0, 0, 0, 0, 184)
0 (1, 4, 0, 0, 29, 7, 7, 0, 0, 0, 0, 66)
1 (1, 4, 0, 0, 53, 0, 16, 0, 0, 0, 0, 176)
2 (1, 4, 353, 0, 0, 14, 0, 0, 0, 0, 0, 134)
3 (1, 4, 873, 94, 0, 0, 0, 0, 0, 0, 0, 174)
4 (1, 4, 873, 0, 0, 0, 0, 0, 0, 0, 0, 72)
5 (1, 4, 873, 0, 0, 13, 0, 0, 0, 0, 0, 211)
6 (1, 4, 279, 214, 0, 64, 54, 0, 0, 0, 0, 174)
7 (1, 4, 0, 261, 7, 51, 0, 95, 0, 0, 0, 65)
8 (1, 4, 343, 0, 0, 51, 98, 175, 0, 0, 0, 55)
9 (1, 4, 173, 0, 330, 0, 239, 153, 0, 0, 0, 57)
10 (1, 4, 0, 0, 873, 0, 54, 130, 0, 0, 0, 30)
11 (1, 4, 0, 0, 820, 0, 0, 0, 0, 0, 0, 70)
12 (1, 4, 0, 0, 32, 0, 0, 0, 0, 0, 0, 128)
13 (1, 4, 0, 422, 0, 0, 0, 0, 0, 0, 0, 239)
14 (1, 4, 61, 597, 0, 0, 0, 0, 0, 0, 0, 95)
15 (1, 4, 22, 692, 0, 0, 0, 136, 0, 0, 0, 111)
16 (1, 4, 0, 267, 0, 0, 133, 298, 0, 0, 0, 133)
17 (1, 4, 66, 0, 64, 0, 133, 352, 0, 0, 0, 115)
18 (1, 4, 79, 0, 379, 0, 68, 206, 0, 0, 0, 157)
19 (1, 4, 127, 0, 594, 0, 0, 119, 0, 0, 0, 191)
20 (1, 4, 602, 0, 664, 0, 0, 0, 0, 0, 0, 247)
21 (1, 4, 0, 0, 5, 0, 0, 0, 0, 0, 0, 180)
22 (1, 4, 64, 0, 0, 0, 0, 0, 0, 0, 0, 247)
23 (1, 4, 0, 78, 0, 0, 0, 0, 0, 0, 0, 249)
24 (1, 4, 0, 202, 37, 0, 0, 0, 0, 0, 0, 22)
25 (1, 4, 0, 397, 269, 0, 0, 0, 0, 0, 0, 109)
26 (1, 4, 0, 443, 345, 0, 0, 0, 0, 0, 0, 163)
27 (1, 4, 0, 391, 460, 0, 0, 0, 0, 0, 0, 45)
28 (1, 4, 0, 356, 477, 0, 0, 0, 1, 0, 0, 60)
29 (1, 4, 0, 190, 194, 0, 0, 0, 1, 0, 0, 159)
30 (1, 4, 84, 0, 10, 0, 0, 0, 1, 0, 0, 222)
31 (1, 4, 150, 0, 0, 0, 0, 0, 0, 0, 0, 175)
0 (1, 4, 873, 0, 0, 0, 0, 0, 1, 1, 0, 65)
1 (1, 4, 801, 0, 0, 28, 78, 0, 0, 1, 0, 99)
2 (1, 4, 0, 147, 0, 52, 0, 75, 0, 0, 0, 109)
3 (1, 4, 61, 48, 0, 53, 0, 64, 1, 1, 0, 141)
4 (1, 4, 0, 45, 0, 62, 0, 54, 1, 1, 0, 115)
5 (1, 4, 0, 66, 0, 58, 0, 52, 1, 1, 0, 70)
6 (1, 4, 0, 72, 0, 55, 0, 49, 1, 0, 0, 194)
7 (1, 4, 0, 192, 0, 69, 0, 81, 1, 0, 0, 97)
8 (1, 4, 469, 224, 0, 43, 173, 231, 0, 0, 0, 89)
9 (1, 4, 0, 0, 642, 0, 153, 157, 1, 0, 0, 104)
10 (1, 4, 130, 0, 768, 0, 0, 74, 0, 0, 0, 134)
11 (1, 4, 0, 0, 340, 0, 0, 0, 0, 0, 0, 249)
12 (1, 4, 0, 78, 0, 0, 0, 0, 0, 0, 0, 249)
13 (1, 4, 0, 642, 0, 0, 0, 0, 0, 0, 0, 223)
14 (1, 4, 217, 552, 0, 0, 0, 190, 0, 0, 0, 30)
15 (1, 4, 0, 152, 0, 1, 162, 296, 0, 0, 0, 27)
16 (1, 4, 88, 0, 0, 2, 159, 238, 0, 0, 0, 9)
17 (1, 4, 253, 0, 427, 0, 101, 179, 0, 0, 0, 197)
18 (1, 4, 95, 0, 608, 0, 6, 102, 0, 0, 0, 203)
19 (1, 4, 473, 0, 701, 0, 0, 54, 0, 0, 0, 124)
20 (1, 4, 0, 0, 0, 0, 0, 0, 0, 0, 0, 126)
21 (1, 4, 0, 0, 0, 0, 0, 0, 0, 0, 0, 126)
22 (1, 4, 0, 44, 0, 21, 0, 0, 0, 0, 0, 65)
23 (1, 4, 0, 120, 0, 47, 0, 11, 0, 0, 0, 45)
24 (1, 4, 0, 231, 65, 59, 0, 59, 0, 0, 0, 106)
25 (1, 4, 0, 28, 0, 48, 0, 25, 0, 0, 0, 142)
26 (1, 4, 0, 24, 0, 41, 0, 0, 0, 0, 0, 162)
27 (1, 4, 0, 138, 94, 22, 0, 0, 0, 0, 0, 93)
28 (1, 4, 50, 130, 181, 6, 0, 0, 0, 0, 0, 209)
29 (1, 4, 12, 0, 75, 13, 0, 0, 0, 0, 0, 81)
0 (1, 4, 564, 0, 298, 0, 0, 0, 0, 0, 0, 85)
1 (1, 4, 0, 0, 0, 0, 0, 0, 0, 0, 0, 126)
2 (1, 4, 0, 360, 0, 0, 0, 0, 0, 0, 0, 105)
3 (1, 4, 0, 523, 0, 0, 0, 33, 0, 0, 0, 166)
4 (1, 4, 0, 613, 0, 0, 0, 185, 0, 0, 0, 80)
5 (1, 4, 111, 192, 0, 0, 34, 356, 0, 0, 0, 175)
6 (1, 4, 55, 0, 157, 0, 120, 270, 0, 0, 0, 215)
7 (1, 4, 209, 0, 512, 0, 37, 209, 0, 0, 0, 226)
8 (1, 4, 297, 0, 576, 0, 0, 77, 0, 0, 0, 129)
9 (1, 4, 179, 0, 343, 0, 0, 0, 0, 0, 0, 98)
10 (1, 4, 0, 0, 0, 0, 0, 0, 0, 0, 0, 126)
11 (1, 4, 0, 0, 0, 0, 0, 0, 0, 0, 0, 126)
12 (1, 4, 0, 56, 0, 0, 0, 0, 0, 0, 0, 110)
13 (1, 4, 0, 218, 0, 19, 0, 0, 0, 0, 0, 149)
14 (1, 4, 0, 267, 13, 25, 0, 0, 0, 0, 0, 150)
15 (1, 4, 0, 341, 62, 30, 0, 0, 0, 0, 0, 23)
16 (1, 4, 0, 294, 70, 4, 0, 0, 0, 0, 0, 24)
17 (1, 4, 0, 318, 267, 0, 0, 0, 0, 0, 0, 102)
18 (1, 4, 0, 233, 336, 0, 0, 0, 0, 0, 0, 225)
19 (1, 4, 26, 75, 184, 2, 0, 0, 0, 0, 0, 232)
20 (1, 4, 28, 51, 212, 8, 0, 0, 0, 0, 0, 126)
21 (1, 4, 11, 42, 123, 7, 0, 0, 0, 0, 0, 32)
22 (1, 4, 43, 0, 36, 13, 0, 0, 0, 0, 0, 224)
23 (1, 4, 0, 0, 0, 11, 0, 0, 0, 0, 0, 167)
24 (1, 4, 0, 5, 0, 14, 0, 0, 0, 0, 0, 171)
25 (1, 4, 0, 10, 0, 14, 0, 0, 0, 0, 0, 26)
26 (1, 4, 0, 0, 0, 12, 0, 0, 0, 0, 0, 250)
27 (1, 4, 0, 0, 0, 11, 0, 0, 0, 0, 0, 167)
28 (1, 4, 0, 0, 0, 8, 0, 0, 0, 0, 0, 134)
29 (1, 4, 0, 0, 19, 8, 0, 0, 0, 0, 0, 66)
0 (1, 4, 3, 0, 172, 0, 12, 0, 1, 1, 0, 170)
1 (1, 4, 84, 9, 137, 0, 8, 0, 1, 1, 0, 56)
2 (1, 4, 183, 44, 134, 0, 11, 0, 1, 1, 0, 14)
3 (1, 4, 334, 138, 172, 0, 0, 0, 1, 0, 0, 241)
4 (1, 4, 536, 201, 108, 0, 0, 0, 0, 0, 0, 137)
5 (1, 4, 624, 316, 78, 0, 0, 0, 0, 0, 0, 205)
6 (1, 4, 458, 403, 24, 2, 0, 0, 0, 0, 0, 44)
7 (1, 4, 298, 539, 41, 5, 0, 0, 0, 0, 0, 165)
8 (1, 4, 486, 427, 0, 12, 0, 58, 0, 0, 0, 235)
9 (1, 4, 583, 294, 0, 31, 0, 106, 0, 0, 0, 172)
10 (1, 4, 873, 141, 0, 48, 77, 176, 0, 0, 0, 50)
11 (1, 4, 284, 0, 19, 40, 147, 181, 0, 0, 0, 105)
12 (1, 4, 236, 0, 516, 0, 0, 170, 0, 0, 0, 241)
13 (1, 4, 0, 0, 610, 0, 0, 40, 0, 0, 0, 165)
14 (1, 4, 0, 0, 0, 0, 0, 0, 0, 0, 0, 126)
15 (1, 4, 0, 302, 205, 0, 0, 0, 0, 0, 0, 33)
16 (1, 4, 0, 873, 0, 0, 0, 1, 0, 0, 0, 206)
17 (1, 4, 0, 858, 0, 0, 1, 278, 0, 0, 0, 37)
18 (1, 4, 0, 166, 0, 0, 119, 475, 1, 0, 0, 43)
19 (1, 4, 142, 0, 219, 0, 130, 261, 0, 0, 0, 8)
20 (1, 4, 141, 0, 449, 0, 2, 132, 0, 0, 0, 227)
21 (1, 4, 190, 0, 581, 0, 0, 23, 0, 0, 0, 83)
22 (1, 4, 251, 0, 256, 0, 0, 30, 0, 0, 0, 15)
23 (1, 4, 0, 0, 0, 0, 0, 0, 0, 0, 0, 126)
24 (1, 4, 0, 0, 0, 0, 0, 0, 0, 0, 0, 126)
25 (1, 4, 0, 82, 0, 27, 0, 0, 0, 0, 0, 223)
26 (1, 4, 0, 280, 60, 39, 0, 0, 0, 0, 0, 158)
27 (1, 4, 0, 363, 283, 29, 0, 0, 0, 0, 0, 248)
28 (1, 4, 0, 282, 286, 0, 0, 0, 0, 0, 0, 203)
29 (1, 4, 0, 244, 394, 0, 0, 0, 0, 0, 0, 186)
30 (1, 4, 0, 378, 596, 0, 0, 0, 1, 0, 0, 103)
31 (1, 4, 255, 260, 325, 0, 0, 0, 0, 0, 0, 204)
0 (1, 4, 345, 0, 587, 0, 0, 115, 0, 0, 0, 124)
1 (1, 4, 0, 0, 102, 0, 0, 0, 0, 0, 0, 10)
2 (1, 4, 0, 0, 0, 0, 0, 0, 0, 0, 0, 126)
3 (1, 4, 0, 194, 0, 0, 0, 0, 0, 0, 0, 145)
4 (1, 4, 0, 400, 0, 12, 0, 57, 0, 0, 0, 56)
5 (1, 4, 0, 357, 0, 20, 0, 172, 0, 0, 0, 138)
6 (1, 4, 0, 173, 0, 20, 0, 252, 0, 0, 0, 200)
7 (1, 4, 266, 0, 34, 24, 24, 231, 0, 0, 0, 247)
8 (1, 4, 261, 0, 205, 48, 56, 162, 0, 0, 0, 243)
9 (1, 4, 285, 0, 438, 0, 10, 121, 0, 0, 0, 183)
10 (1, 4, 473, 0, 636, 0, 0, 51, 0, 0, 0, 72)
11 (1, 4, 0, 0, 151, 0, 0, 6, 0, 0, 0, 217)
12 (1, 4, 0, 0, 0, 0, 0, 8, 0, 0, 0, 148)
13 (1, 4, 0, 0, 0, 0, 0, 12, 0, 0, 0, 225)
14 (1, 4, 0, 77, 0, 18, 0, 20, 0, 0, 0, 78)
15 (1, 4, 0, 156, 72, 18, 0, 16, 0, 0, 0, 42)
16 (1, 4, 0, 196, 99, 13, 0, 11, 0, 0, 0, 143)
17 (1, 4, 0, 182, 111, 35, 0, 0, 0, 0, 0, 255)
18 (1, 4, 0, 239, 74, 19, 0, 0, 0, 0, 0, 49)
19 (1, 4, 0, 148, 84, 17, 0, 0, 0, 0, 0, 246)
20 (1, 4, 0, 59, 135, 6, 0, 0, 0, 0, 0, 224)
21 (1, 4, 196, 0, 74, 17, 0, 0, 0, 0, 0, 90)
22 (1, 4, 106, 0, 50, 13, 0, 0, 0, 0, 0, 105)
23 (1, 4, 101, 6, 56, 6, 0, 0, 0, 0, 0, 206)
24 (1, 4, 67, 6, 22, 1, 0, 0, 0, 0, 0, 67)
25 (1, 4, 44, 0, 0, 2, 0, 0, 0, 0, 0, 207)
26 (1, 4, 0, 0, 0, 8, 0, 0, 0, 0, 0, 134)
27 (1, 4, 0, 4, 0, 7, 0, 0, 0, 0, 0, 249)
28 (1, 4, 0, 20, 0, 13, 0, 0, 0, 0, 0, 94)
29 (1, 4, 0, 8, 11, 2, 0, 0, 0, 0, 0, 244)
30 (1, 4, 0, 11, 34, 0, 0, 0, 0, 0, 0, 196)
0 (1, 4, 0, 0, 0, 0, 0, 0, 0, 0, 0, 126)
1 (1, 4, 822, 0, 56, 35, 62, 0, 1, 1, 0, 223)
2 (1, 4, 414, 397, 479, 0, 0, 0, 0, 0, 0, 148)
3 (1, 4, 873, 0, 0, 0, 0, 27, 0, 0, 0, 23)
4 (1, 4, 873, 34, 0, 42, 0, 0, 0, 0, 0, 200)
5 (1, 4, 632, 0, 191, 0, 121, 200, 0, 0, 0, 130)
6 (1, 4, 827, 4, 571, 0, 0, 236, 0, 0, 0, 42)
7 (1, 4, 246, 0, 550, 0, 0, 108, 0, 0, 0, 175)
8 (1, 4, 0, 0, 458, 0, 0, 0, 0, 0, 0, 186)
9 (1, 4, 0, 0, 0, 0, 0, 0, 0, 0, 0, 126)
10 (1, 4, 0, 156, 0, 0, 0, 0, 0, 0, 0, 119)
11 (1, 4, 0, 438, 0, 0, 0, 13, 0, 0, 0, 206)
12 (1, 4, 0, 572, 0, 0, 0, 101, 0, 0, 0, 55)
13 (1, 4, 0, 597, 0, 0, 0, 82, 0, 0, 0, 17)
14 (1, 4, 0, 864, 0, 0, 0, 0, 0, 0, 0, 23)
15 (1, 4, 0, 547, 53, 0, 0, 16, 1, 0, 0, 83)
16 (1, 4, 397, 0, 0, 0, 0, 27, 0, 0, 0, 112)
17 (1, 4, 873, 0, 27, 0, 0, 7, 0, 0, 0, 35)
18 (1, 4, 873, 0, 525, 0, 0, 0, 0, 0, 0, 132)
19 (1, 4, 873, 0, 186, 0, 146, 93, 0, 0, 0, 62)
20 (1, 4, 680, 145, 741, 0, 0, 220, 0, 0, 0, 10)
21 (1, 4, 0, 0, 325, 0, 0, 0, 0, 0, 0, 18)
22 (1, 4, 0, 0, 0, 0, 0, 1, 0, 0, 0, 161)
23 (1, 4, 0, 0, 0, 0, 0, 0, 0, 0, 0, 126)
24 (1, 4, 0, 0, 0, 0, 0, 6, 0, 0, 0, 178)
25 (1, 4, 0, 286, 0, 14, 0, 0, 0, 0, 0, 68)
26 (1, 4, 0, 411, 35, 34, 0, 71, 0, 0, 0, 84)
27 (1, 4, 0, 216, 0, 45, 0, 72, 0, 0, 0, 243)
28 (1, 4, 0, 141, 0, 42, 0, 53, 1, 0, 0, 54)
29 (1, 4, 0, 83, 37, 26, 0, 0, 1, 0, 0, 35)

