0 (1, 4, 0, 64, 542, 0, 57, 0, 0, 1, 0, 174)
1 (1, 4, 234, 577, 759, 0, 43, 0, 0, 0, 0, 33)
2 (1, 4, 572, 873, 873, 0, 33, 37, 0, 0, 0, 207)
3 (1, 4, 522, 873, 626, 0, 65, 178, 0, 0, 0, 180)
4 (1, 4, 164, 160, 293, 0, 0, 179, 0, 0, 0, 160)
5 (1, 4, 67, 167, 0, 42, 0, 175, 0, 0, 0, 217)
6 (1, 4, 0, 0, 0, 41, 0, 131, 0, 0, 0, 156)
7 (1, 4, 0, 0, 0, 43, 0, 80, 0, 0, 0, 216)
8 (1, 4, 0, 24, 0, 43, 0, 92, 0, 0, 0, 149)
9 (1, 4, 53, 0, 0, 47, 0, 71, 0, 0, 0, 117)
10 (1, 4, 0, 0, 0, 54, 0, 51, 0, 0, 0, 54)
11 (1, 4, 17, 0, 0, 51, 0, 60, 0, 0, 0, 66)
12 (1, 4, 11, 0, 0, 58, 0, 53, 0, 0, 0, 28)
13 (1, 4, 0, 4, 0, 57, 0, 69, 0, 0, 0, 178)
14 (1, 4, 13, 0, 0, 61, 0, 62, 0, 0, 0, 233)
15 (1, 4, 17, 2, 4, 62, 0, 65, 0, 0, 0, 157)
16 (1, 4, 11, 0, 2, 60, 0, 65, 0, 0, 0, 51)
17 (1, 4, 12, 7, 11, 60, 0, 69, 0, 0, 0, 70)
18 (1, 4, 20, 0, 5, 58, 0, 72, 0, 0, 0, 27)
19 (1, 4, 0, 0, 0, 60, 0, 64, 0, 0, 0, 161)
20 (1, 4, 28, 0, 6, 61, 0, 67, 0, 0, 0, 1)
21 (1, 4, 0, 0, 8, 60, 0, 68, 0, 0, 0, 104)
22 (1, 4, 0, 0, 0, 60, 0, 64, 0, 0, 0, 161)
23 (1, 4, 4, 1, 6, 59, 0, 63, 0, 0, 0, 206)
24 (1, 4, 6, 0, 4, 59, 0, 64, 0, 0, 0, 134)
25 (1, 4, 18, 3, 4, 61, 0, 66, 0, 0, 0, 125)
26 (1, 4, 0, 0, 4, 61, 0, 67, 0, 0, 0, 134)
27 (1, 4, 19, 0, 0, 61, 0, 65, 0, 0, 0, 147)
28 (1, 4, 5, 3, 1, 59, 0, 68, 0, 0, 0, 243)
29 (1, 4, 16, 0, 0, 60, 0, 68, 0, 0, 0, 52)
30 (1, 4, 3, 0, 2, 58, 0, 68, 0, 0, 0, 171)
31 (1, 4, 20, 0, 0, 62, 0, 68, 0, 0, 0, 50)
0 (1, 4, 0, 0, 0, 17, 30, 0, 0, 1, 0, 168)
1 (1, 4, 0, 303, 418, 28, 34, 0, 0, 0, 0, 25)
2 (1, 4, 127, 832, 665, 0, 19, 10, 0, 0, 0, 96)
3 (1, 4, 197, 873, 873, 0, 25, 49, 0, 0, 0, 225)
4 (1, 4, 162, 742, 595, 0, 0, 218, 0, 0, 0, 64)
5 (1, 4, 532, 0, 185, 0, 0, 157, 0, 0, 0, 227)
6 (1, 4, 0, 149, 51, 32, 0, 127, 0, 0, 0, 108)
7 (1, 4, 60, 0, 11, 7, 0, 132, 0, 0, 0, 180)
8 (1, 4, 84, 0, 0, 26, 0, 97, 0, 0, 0, 37)
9 (1, 4, 0, 0, 0, 20, 0, 102, 0, 0, 0, 221)
10 (1, 4, 0, 0, 0, 30, 0, 83, 0, 0, 0, 195)
11 (1, 4, 14, 0, 0, 37, 0, 71, 0, 0, 0, 246)
12 (1, 4, 5, 0, 0, 40, 0, 69, 0, 0, 0, 182)
13 (1, 4, 33, 0, 0, 43, 0, 69, 0, 0, 0, 104)
14 (1, 4, 0, 0, 1, 46, 0, 62, 0, 0, 0, 237)
15 (1, 4, 0, 7, 12, 42, 0, 70, 0, 0, 0, 56)
16 (1, 4, 39, 0, 0, 43, 0, 76, 0, 0, 0, 121)
17 (1, 4, 13, 2, 3, 45, 0, 76, 0, 0, 0, 70)
18 (1, 4, 8, 3, 4, 45, 0, 81, 0, 0, 0, 179)
19 (1, 4, 0, 0, 0, 43, 0, 81, 0, 0, 0, 7)
20 (1, 4, 8, 0, 0, 43, 0, 80, 0, 0, 0, 168)
21 (1, 4, 0, 0, 0, 44, 0, 76, 0, 0, 0, 201)
22 (1, 4, 0, 1, 1, 43, 0, 77, 0, 0, 0, 106)
23 (1, 4, 0, 4, 4, 42, 0, 74, 0, 0, 0, 195)
24 (1, 4, 0, 8, 11, 44, 0, 76, 0, 0, 0, 125)
25 (1, 4, 0, 2, 16, 42, 0, 74, 0, 0, 0, 85)
26 (1, 4, 0, 4, 11, 38, 0, 80, 0, 0, 0, 158)
27 (1, 4, 14, 0, 1, 39, 0, 78, 0, 0, 0, 105)
28 (1, 4, 55, 0, 0, 39, 0, 87, 0, 0, 0, 66)
29 (1, 4, 6, 0, 0, 42, 0, 80, 0, 0, 0, 227)
30 (1, 4, 18, 0, 0, 42, 0, 80, 0, 0, 0, 59)
31 (1, 4, 29, 0, 0, 46, 0, 78, 0, 0, 0, 232)
0 (1, 4, 0, 5, 0, 0, 0, 29, 0, 0, 0, 130)
1 (1, 4, 0, 0, 0, 0, 0, 14, 1, 1, 0, 81)
2 (1, 4, 0, 0, 0, 17, 35, 0, 1, 1, 0, 25)
3 (1, 4, 0, 0, 304, 25, 46, 11, 2, 2, 0, 241)
4 (1, 4, 118, 0, 596, 0, 48, 111, 3, 2, 0, 113)
5 (1, 4, 148, 0, 873, 0, 0, 260, 5, 2, 0, 30)
6 (1, 4, 0, 0, 873, 0, 0, 278, 1, 3, 0, 93)
7 (1, 4, 0, 0, 516, 0, 0, 155, 0, 1, 0, 36)
8 (1, 4, 0, 0, 0, 0, 0, 0, 1, 2, 0, 202)
9 (1, 4, 0, 0, 0, 0, 0, 0, 2, 3, 0, 7)
10 (1, 4, 0, 198, 0, 0, 0, 0, 2, 2, 0, 89)
11 (1, 4, 0, 155, 0, 0, 18, 0, 3, 3, 0, 25)
12 (1, 4, 0, 162, 296, 0, 0, 0, 1, 1, 0, 198)
13 (1, 4, 0, 502, 555, 0, 0, 0, 0, 1, 0, 37)
14 (1, 4, 448, 873, 873, 0, 5, 27, 0, 0, 0, 128)
15 (1, 4, 873, 873, 774, 0, 19, 360, 1, 0, 0, 250)
16 (1, 4, 0, 0, 0, 33, 0, 153, 0, 0, 0, 228)
17 (1, 4, 26, 21, 0, 21, 0, 165, 0, 0, 0, 233)
18 (1, 4, 10, 0, 0, 80, 0, 103, 0, 0, 0, 199)
19 (1, 4, 29, 60, 51, 58, 0, 112, 0, 0, 0, 199)
20 (1, 4, 0, 0, 12, 51, 0, 91, 0, 0, 0, 185)
21 (1, 4, 11, 0, 0, 51, 0, 71, 0, 0, 0, 117)
22 (1, 4, 0, 0, 1, 57, 0, 60, 0, 0, 0, 254)
23 (1, 4, 7, 0, 0, 59, 0, 64, 0, 0, 0, 214)
24 (1, 4, 43, 0, 1, 58, 0, 60, 0, 0, 0, 122)
25 (1, 4, 30, 0, 0, 57, 0, 66, 0, 0, 0, 207)
26 (1, 4, 15, 0, 0, 59, 0, 64, 0, 0, 0, 166)
27 (1, 4, 30, 0, 0, 62, 0, 64, 0, 0, 0, 43)
28 (1, 4, 38, 0, 0, 66, 0, 66, 0, 0, 0, 138)
29 (1, 4, 11, 0, 0, 71, 0, 64, 0, 0, 0, 209)
30 (1, 4, 18, 0, 0, 67, 0, 65, 0, 0, 0, 236)
31 (1, 4, 0, 0, 0, 69, 0, 61, 0, 0, 0, 250)
0 (1, 4, 0, 0, 0, 0, 0, 10, 2, 2, 0, 63)
1 (1, 4, 0, 0, 0, 0, 0, 3, 2, 2, 0, 10)
2 (1, 4, 0, 0, 0, 0, 0, 1, 2, 2, 0, 179)
3 (1, 4, 0, 0, 0, 0, 0, 0, 1, 2, 0, 202)
4 (1, 4, 0, 0, 0, 0, 0, 0, 2, 2, 0, 108)
5 (1, 4, 0, 0, 0, 20, 0, 0, 1, 2, 0, 65)
6 (1, 4, 0, 0, 0, 29, 0, 0, 1, 2, 0, 166)
7 (1, 4, 0, 0, 0, 43, 0, 0, 2, 1, 0, 225)
8 (1, 4, 0, 0, 0, 45, 0, 0, 2, 1, 0, 163)
9 (1, 4, 0, 0, 0, 42, 3, 0, 1, 1, 0, 211)
10 (1, 4, 0, 0, 0, 0, 92, 0, 1, 1, 0, 202)
11 (1, 4, 0, 0, 149, 16, 133, 0, 0, 1, 0, 8)
12 (1, 4, 0, 43, 494, 0, 127, 0, 1, 1, 0, 129)
13 (1, 4, 349, 584, 873, 0, 89, 0, 0, 0, 0, 67)
14 (1, 4, 277, 873, 873, 0, 58, 112, 0, 1, 0, 232)
15 (1, 4, 10, 0, 509, 0, 0, 331, 0, 0, 0, 82)
16 (1, 4, 0, 0, 0, 41, 0, 179, 0, 0, 0, 238)
17 (1, 4, 0, 0, 0, 13, 0, 134, 0, 0, 0, 163)
18 (1, 4, 110, 0, 0, 57, 0, 82, 0, 0, 0, 178)
19 (1, 4, 0, 41, 32, 42, 0, 85, 0, 0, 0, 87)
20 (1, 4, 0, 0, 0, 34, 0, 90, 0, 0, 0, 108)
21 (1, 4, 12, 0, 0, 44, 0, 70, 0, 0, 0, 210)
22 (1, 4, 185, 0, 0, 51, 0, 60, 0, 0, 0, 224)
23 (1, 4, 69, 0, 0, 61, 0, 51, 0, 0, 0, 80)
24 (1, 4, 6, 0, 0, 61, 0, 48, 0, 0, 0, 173)
25 (1, 4, 0, 0, 0, 74, 0, 44, 0, 0, 0, 83)
26 (1, 4, 0, 2, 0, 64, 0, 50, 0, 0, 0, 13)
27 (1, 4, 0, 0, 0, 67, 0, 52, 0, 0, 0, 141)
28 (1, 4, 39, 0, 0, 74, 0, 56, 0, 0, 0, 24)
29 (1, 4, 18, 0, 0, 83, 0, 52, 0, 0, 0, 134)
30 (1, 4, 184, 0, 0, 79, 0, 62, 0, 0, 0, 24)
31 (1, 4, 167, 0, 0, 84, 4, 43, 0, 0, 0, 22)
0 (1, 4, 0, 0, 0, 67, 0, 0, 1, 1, 0, 131)
1 (1, 4, 0, 0, 0, 65, 0, 0, 2, 2, 0, 166)
2 (1, 4, 0, 0, 0, 46, 0, 0, 2, 2, 0, 63)
3 (1, 4, 0, 0, 0, 45, 0, 0, 2, 2, 0, 30)
4 (1, 4, 0, 41, 0, 46, 0, 0, 2, 2, 0, 251)
5 (1, 4, 0, 44, 0, 44, 0, 0, 1, 1, 0, 177)
6 (1, 4, 0, 34, 0, 43, 0, 0, 1, 1, 0, 232)
7 (1, 4, 0, 0, 0, 54, 3, 0, 1, 1, 0, 160)
8 (1, 4, 0, 0, 0, 59, 14, 0, 1, 1, 0, 96)
9 (1, 4, 0, 0, 0, 60, 45, 0, 0, 0, 0, 178)
10 (1, 4, 0, 0, 19, 40, 91, 0, 0, 0, 0, 126)
11 (1, 4, 0, 0, 266, 12, 85, 0, 0, 0, 0, 49)
12 (1, 4, 0, 127, 489, 0, 65, 0, 0, 0, 0, 13)
13 (1, 4, 343, 589, 764, 0, 0, 0, 0, 0, 0, 126)
14 (1, 4, 530, 873, 873, 0, 36, 110, 0, 0, 0, 15)
15 (1, 4, 751, 595, 422, 0, 0, 363, 0, 0, 0, 238)
16 (1, 4, 0, 131, 49, 62, 0, 169, 0, 0, 0, 8)
17 (1, 4, 0, 0, 0, 19, 0, 122, 0, 0, 0, 204)
18 (1, 4, 14, 0, 0, 33, 0, 66, 0, 0, 0, 32)
19 (1, 4, 0, 0, 0, 39, 0, 53, 0, 0, 0, 18)
20 (1, 4, 54, 0, 0, 52, 0, 50, 0, 0, 0, 212)
21 (1, 4, 64, 0, 0, 56, 0, 48, 0, 0, 0, 99)
22 (1, 4, 17, 0, 0, 53, 0, 56, 0, 0, 0, 117)
23 (1, 4, 0, 17, 0, 62, 0, 52, 0, 0, 0, 9)
24 (1, 4, 0, 13, 11, 51, 0, 57, 0, 0, 0, 221)
25 (1, 4, 0, 4, 0, 51, 0, 59, 0, 0, 0, 101)
26 (1, 4, 0, 0, 0, 51, 0, 66, 0, 0, 0, 189)
0 (1, 4, 0, 0, 0, 87, 0, 0, 1, 1, 0, 8)
1 (1, 4, 0, 0, 0, 87, 0, 0, 1, 1, 0, 8)
2 (1, 4, 0, 0, 0, 89, 0, 0, 1, 1, 0, 178)
3 (1, 4, 0, 0, 0, 93, 0, 0, 1, 1, 0, 206)
4 (1, 4, 0, 0, 0, 87, 10, 0, 1, 1, 0, 59)
5 (1, 4, 0, 0, 0, 67, 39, 0, 1, 1, 0, 230)
6 (1, 4, 0, 0, 0, 46, 71, 0, 0, 1, 0, 52)
7 (1, 4, 0, 0, 0, 18, 113, 0, 0, 1, 0, 55)
8 (1, 4, 0, 0, 331, 0, 118, 0, 0, 0, 0, 92)
9 (1, 4, 94, 187, 664, 0, 46, 0, 0, 0, 0, 223)
10 (1, 4, 407, 810, 873, 0, 4, 0, 0, 0, 0, 190)
11 (1, 4, 637, 873, 873, 0, 27, 105, 0, 0, 0, 41)
12 (1, 4, 290, 0, 183, 0, 0, 298, 0, 0, 0, 233)
13 (1, 4, 0, 124, 45, 108, 0, 164, 0, 0, 0, 89)
14 (1, 4, 24, 82, 0, 18, 0, 127, 0, 0, 0, 102)
15 (1, 4, 0, 0, 0, 43, 0, 71, 0, 0, 0, 24)
16 (1, 4, 0, 37, 0, 32, 0, 74, 0, 0, 0, 44)
17 (1, 4, 71, 0, 0, 46, 0, 70, 0, 0, 0, 7)
18 (1, 4, 31, 0, 0, 48, 0, 64, 0, 0, 0, 159)
19 (1, 4, 20, 4, 0, 53, 0, 73, 0, 0, 0, 113)
20 (1, 4, 49, 0, 0, 53, 0, 69, 0, 0, 0, 197)
21 (1, 4, 2, 0, 0, 55, 0, 66, 0, 0, 0, 221)
22 (1, 4, 11, 0, 0, 56, 0, 63, 0, 0, 0, 113)
23 (1, 4, 0, 0, 0, 56, 0, 64, 0, 0, 0, 221)
24 (1, 4, 8, 0, 3, 55, 0, 64, 0, 0, 0, 179)
25 (1, 4, 6, 14, 6, 51, 0, 69, 0, 0, 0, 255)
26 (1, 4, 10, 0, 0, 51, 0, 72, 0, 0, 0, 130)
27 (1, 4, 11, 0, 0, 52, 0, 72, 0, 0, 0, 209)
28 (1, 4, 17, 0, 0, 56, 0, 72, 0, 0, 0, 217)
29 (1, 4, 19, 7, 0, 56, 0, 74, 0, 0, 0, 126)
30 (1, 4, 3, 0, 0, 56, 0, 76, 0, 0, 0, 80)
31 (1, 4, 3, 0, 1, 55, 0, 72, 0, 0, 0, 20)
0 (1, 4, 0, 0, 0, 67, 45, 0, 1, 1, 0, 213)
1 (1, 4, 0, 0, 0, 58, 56, 0, 1, 1, 0, 230)
2 (1, 4, 0, 0, 0, 49, 70, 0, 1, 1, 0, 125)
3 (1, 4, 0, 0, 0, 36, 92, 0, 0, 1, 0, 61)
4 (1, 4, 0, 0, 77, 23, 114, 0, 0, 1, 0, 82)
5 (1, 4, 0, 41, 342, 4, 97, 0, 0, 1, 0, 107)
6 (1, 4, 179, 205, 429, 22, 54, 0, 0, 1, 0, 99)
7 (1, 4, 452, 679, 702, 0, 15, 0, 0, 0, 0, 122)
8 (1, 4, 559, 873, 873, 0, 18, 31, 0, 0, 0, 31)
9 (1, 4, 340, 74, 237, 0, 0, 276, 0, 0, 0, 125)
10 (1, 4, 4, 0, 0, 124, 0, 132, 0, 0, 0, 246)
11 (1, 4, 110, 40, 0, 31, 0, 109, 0, 0, 0, 227)
12 (1, 4, 0, 0, 0, 62, 0, 64, 0, 0, 0, 159)
13 (1, 4, 0, 44, 26, 52, 0, 76, 0, 0, 0, 129)
14 (1, 4, 69, 0, 0, 50, 0, 64, 0, 0, 0, 164)
15 (1, 4, 0, 0, 0, 61, 0, 44, 0, 0, 0, 197)
16 (1, 4, 26, 0, 0, 62, 0, 54, 0, 0, 0, 232)
17 (1, 4, 22, 0, 0, 67, 0, 55, 0, 0, 0, 47)
18 (1, 4, 0, 0, 5, 72, 0, 46, 0, 0, 0, 30)
19 (1, 4, 9, 0, 0, 72, 0, 43, 0, 0, 0, 0)
20 (1, 4, 11, 0, 12, 75, 0, 46, 0, 0, 0, 117)
21 (1, 4, 0, 30, 1, 66, 0, 46, 0, 0, 0, 227)
22 (1, 4, 7, 0, 2, 70, 0, 48, 0, 0, 0, 158)
23 (1, 4, 0, 1, 0, 72, 0, 43, 0, 0, 0, 203)
24 (1, 4, 21, 7, 0, 70, 0, 48, 0, 0, 0, 79)
25 (1, 4, 2, 5, 3, 69, 0, 49, 0, 0, 0, 173)
26 (1, 4, 1, 9, 7, 66, 0, 54, 0, 0, 0, 198)
27 (1, 4, 11, 0, 3, 70, 0, 55, 0, 0, 0, 81)
28 (1, 4, 0, 2, 0, 69, 0, 53, 0, 0, 0, 125)
29 (1, 4, 17, 0, 0, 69, 0, 52, 0, 0, 0, 33)
30 (1, 4, 0, 2, 0, 64, 0, 54, 0, 0, 0, 120)
31 (1, 4, 0, 0, 0, 73, 0, 48, 0, 0, 0, 62)
0 (1, 4, 87, 187, 514, 13, 58, 0, 0, 1, 0, 42)
1 (1, 4, 135, 594, 701, 0, 10, 0, 0, 0, 0, 140)
2 (1, 4, 293, 816, 873, 0, 22, 46, 0, 0, 0, 223)
3 (1, 4, 719, 617, 626, 0, 0, 332, 0, 0, 0, 42)
4 (1, 4, 0, 0, 0, 1, 0, 135, 0, 0, 0, 248)
5 (1, 4, 22, 59, 0, 26, 0, 134, 0, 0, 0, 5)
6 (1, 4, 0, 0, 0, 45, 0, 103, 0, 0, 0, 251)
7 (1, 4, 0, 0, 0, 39, 0, 71, 0, 0, 0, 156)
8 (1, 4, 0, 0, 0, 42, 0, 65, 0, 0, 0, 203)
9 (1, 4, 11, 0, 0, 56, 0, 64, 0, 0, 0, 191)
10 (1, 4, 29, 0, 0, 55, 0, 64, 0, 0, 0, 222)
11 (1, 4, 0, 0, 0, 60, 0, 58, 0, 0, 0, 197)
12 (1, 4, 20, 0, 0, 60, 0, 58, 0, 0, 0, 29)
13 (1, 4, 0, 0, 0, 63, 0, 53, 0, 0, 0, 29)
14 (1, 4, 7, 0, 0, 62, 0, 53, 0, 0, 0, 40)
15 (1, 4, 28, 0, 0, 70, 0, 53, 0, 0, 0, 153)
16 (1, 4, 36, 3, 0, 71, 0, 58, 0, 0, 0, 240)
17 (1, 4, 18, 0, 0, 70, 0, 62, 0, 0, 0, 65)
18 (1, 4, 0, 0, 0, 69, 0, 54, 0, 0, 0, 118)
19 (1, 4, 0, 0, 0, 71, 0, 50, 0, 0, 0, 61)
20 (1, 4, 6, 0, 0, 69, 0, 50, 0, 0, 0, 39)
21 (1, 4, 5, 0, 0, 71, 0, 49, 0, 0, 0, 109)
22 (1, 4, 2, 0, 0, 70, 0, 52, 0, 0, 0, 242)
23 (1, 4, 16, 0, 0, 74, 0, 49, 0, 0, 0, 32)
24 (1, 4, 22, 0, 0, 77, 0, 53, 0, 0, 0, 44)
25 (1, 4, 15, 0, 0, 78, 0, 53, 0, 0, 0, 147)
26 (1, 4, 12, 2, 0, 77, 0, 57, 0, 0, 0, 82)
27 (1, 4, 9, 0, 6, 75, 0, 55, 0, 0, 0, 28)
28 (1, 4, 0, 0, 9, 73, 0, 54, 0, 0, 0, 218)
29 (1, 4, 0, 0, 4, 73, 0, 51, 0, 0, 0, 6)
30 (1, 4, 7, 0, 0, 71, 0, 50, 0, 0, 0, 23)
31 (1, 4, 7, 0, 0, 72, 0, 52, 0, 0, 0, 126)
0 (1, 4, 0, 12, 232, 0, 101, 0, 0, 1, 0, 185)
1 (1, 4, 44, 301, 586, 0, 47, 0, 0, 0, 0, 124)
2 (1, 4, 250, 670, 722, 0, 20, 0, 0, 0, 0, 134)
3 (1, 4, 411, 873, 873, 0, 17, 77, 0, 0, 0, 183)
4 (1, 4, 467, 703, 650, 0, 0, 347, 0, 0, 0, 39)
5 (1, 4, 0, 0, 159, 0, 0, 152, 0, 0, 0, 26)
6 (1, 4, 0, 99, 23, 17, 0, 152, 0, 0, 0, 38)
7 (1, 4, 36, 0, 0, 27, 0, 108, 0, 0, 0, 212)
8 (1, 4, 0, 0, 0, 41, 0, 68, 0, 0, 0, 64)
9 (1, 4, 0, 0, 0, 32, 0, 75, 0, 0, 0, 94)
10 (1, 4, 20, 0, 0, 42, 0, 55, 0, 0, 0, 232)
11 (1, 4, 9, 0, 0, 52, 0, 58, 0, 0, 0, 67)
12 (1, 4, 54, 0, 0, 55, 0, 67, 0, 0, 0, 29)
13 (1, 4, 0, 0, 0, 57, 0, 57, 0, 0, 0, 192)
14 (1, 4, 0, 0, 2, 56, 0, 53, 0, 0, 0, 111)
15 (1, 4, 0, 0, 0, 55, 0, 53, 0, 0, 0, 229)
16 (1, 4, 17, 0, 0, 59, 0, 56, 0, 0, 0, 207)
17 (1, 4, 16, 0, 0, 64, 0, 51, 0, 0, 0, 95)
18 (1, 4, 8, 0, 0, 69, 0, 46, 0, 0, 0, 63)
19 (1, 4, 11, 0, 9, 63, 0, 52, 0, 0, 0, 136)
20 (1, 4, 2, 0, 0, 66, 0, 47, 0, 0, 0, 209)
21 (1, 4, 0, 0, 0, 67, 0, 50, 0, 0, 0, 65)
22 (1, 4, 23, 0, 0, 66, 0, 50, 0, 0, 0, 148)
23 (1, 4, 9, 0, 0, 66, 0, 52, 0, 0, 0, 236)
24 (1, 4, 20, 0, 0, 64, 0, 54, 0, 0, 0, 205)
25 (1, 4, 12, 0, 0, 66, 0, 51, 0, 0, 0, 201)
26 (1, 4, 24, 0, 0, 66, 0, 54, 0, 0, 0, 187)
27 (1, 4, 23, 0, 0, 66, 0, 53, 0, 0, 0, 135)
28 (1, 4, 12, 6, 0, 68, 0, 57, 0, 0, 0, 111)
29 (1, 4, 10, 2, 2, 66, 0, 59, 0, 0, 0, 69)
30 (1, 4, 0, 0, 0, 68, 0, 58, 0, 0, 0, 246)
31 (1, 4, 19, 1, 0, 67, 0, 60, 0, 0, 0, 32)
0 (1, 4, 0, 0, 0, 39, 2, 0, 1, 2, 0, 140)
1 (1, 4, 0, 0, 0, 33, 34, 0, 1, 1, 0, 126)
2 (1, 4, 0, 0, 0, 22, 68, 0, 1, 2, 0, 134)
3 (1, 4, 0, 14, 190, 7, 81, 0, 1, 1, 0, 117)
4 (1, 4, 0, 298, 522, 0, 44, 0, 1, 1, 0, 136)
5 (1, 4, 310, 535, 705, 0, 0, 6, 0, 0, 0, 57)
6 (1, 4, 437, 770, 814, 0, 0, 56, 0, 0, 0, 113)
7 (1, 4, 517, 873, 830, 0, 0, 135, 0, 0, 0, 17)
8 (1, 4, 0, 0, 144, 0, 0, 202, 0, 0, 0, 108)
9 (1, 4, 102, 56, 0, 44, 0, 103, 0, 0, 0, 158)
10 (1, 4, 11, 33, 0, 16, 0, 122, 0, 0, 0, 248)
11 (1, 4, 0, 0, 0, 29, 0, 85, 0, 0, 0, 46)
12 (1, 4, 12, 23, 0, 29, 0, 88, 0, 0, 0, 69)
13 (1, 4, 23, 0, 0, 32, 0, 79, 0, 0, 0, 225)
14 (1, 4, 0, 0, 0, 44, 0, 69, 0, 0, 0, 252)
15 (1, 4, 14, 0, 0, 46, 0, 71, 0, 0, 0, 47)
16 (1, 4, 0, 0, 0, 52, 0, 68, 0, 0, 0, 44)
17 (1, 4, 2, 0, 0, 52, 0, 67, 0, 0, 0, 35)
18 (1, 4, 44, 0, 14, 55, 0, 62, 0, 0, 0, 43)
19 (1, 4, 56, 0, 30, 53, 0, 66, 0, 0, 0, 26)
20 (1, 4, 48, 0, 38, 48, 0, 67, 0, 0, 0, 235)
21 (1, 4, 0, 0, 13, 45, 0, 69, 0, 0, 0, 149)
22 (1, 4, 30, 0, 0, 50, 0, 68, 0, 0, 0, 218)
23 (1, 4, 0, 0, 0, 49, 0, 72, 0, 0, 0, 208)
24 (1, 4, 0, 0, 0, 54, 0, 65, 0, 0, 0, 184)
25 (1, 4, 0, 0, 0, 63, 0, 48, 0, 0, 0, 183)
26 (1, 4, 0, 0, 0, 69, 0, 46, 0, 0, 0, 79)
27 (1, 4, 0, 57, 46, 61, 0, 46, 0, 0, 0, 234)
28 (1, 4, 0, 73, 43, 50, 0, 57, 0, 0, 0, 101)
29 (1, 4, 0, 14, 0, 51, 0, 58, 0, 0, 0, 100)
30 (1, 4, 43, 11, 0, 59, 0, 61, 0, 0, 0, 69)
31 (1, 4, 62, 0, 0, 65, 0, 70, 0, 0, 0, 78)
0 (1, 4, 0, 0, 0, 18, 0, 0, 2, 2, 0, 165)
1 (1, 4, 0, 0, 0, 37, 0, 0, 1, 2, 0, 64)
2 (1, 4, 0, 0, 0, 45, 0, 0, 2, 2, 0, 30)
3 (1, 4, 0, 0, 0, 51, 0, 0, 2, 2, 0, 83)
4 (1, 4, 0, 0, 0, 50, 0, 0, 2, 2, 0, 76)
5 (1, 4, 0, 0, 0, 54, 0, 0, 2, 2, 0, 48)
6 (1, 4, 0, 0, 0, 48, 0, 0, 1, 2, 0, 212)
7 (1, 4, 0, 0, 0, 46, 5, 0, 1, 2, 0, 3)
8 (1, 4, 0, 0, 55, 35, 20, 0, 1, 1, 0, 189)
9 (1, 4, 0, 0, 158, 17, 37, 0, 1, 1, 0, 75)
10 (1, 4, 0, 0, 183, 9, 65, 0, 1, 1, 0, 102)
11 (1, 4, 0, 158, 388, 0, 67, 0, 1, 1, 0, 112)
12 (1, 4, 201, 556, 527, 0, 36, 0, 0, 1, 0, 156)
13 (1, 4, 406, 873, 873, 0, 24, 38, 0, 0, 0, 33)
14 (1, 4, 776, 873, 873, 0, 0, 108, 0, 1, 0, 189)
15 (1, 4, 334, 0, 198, 0, 0, 265, 0, 0, 0, 198)
16 (1, 4, 25, 71, 0, 41, 0, 118, 0, 0, 0, 148)
17 (1, 4, 0, 0, 0, 37, 0, 117, 0, 0, 0, 105)
18 (1, 4, 72, 0, 28, 40, 0, 101, 0, 0, 0, 69)
19 (1, 4, 0, 0, 6, 36, 0, 90, 0, 0, 0, 95)
20 (1, 4, 0, 0, 4, 41, 0, 64, 0, 0, 0, 107)
21 (1, 4, 0, 0, 2, 49, 0, 57, 0, 0, 0, 23)
22 (1, 4, 7, 0, 0, 50, 0, 55, 0, 0, 0, 21)
23 (1, 4, 0, 0, 0, 55, 0, 48, 0, 0, 0, 79)
24 (1, 4, 0, 11, 1, 55, 0, 55, 0, 0, 0, 163)
25 (1, 4, 0, 0, 0, 57, 0, 62, 0, 0, 0, 211)
26 (1, 4, 31, 0, 0, 59, 0, 58, 0, 0, 0, 34)
27 (1, 4, 0, 2, 0, 60, 0, 60, 0, 0, 0, 100)
28 (1, 4, 9, 0, 0, 59, 0, 63, 0, 0, 0, 76)
29 (1, 4, 10, 0, 0, 58, 0, 61, 0, 0, 0, 248)
30 (1, 4, 0, 0, 9, 59, 0, 62, 0, 0, 0, 197)
31 (1, 4, 0, 0, 6, 58, 0, 61, 0, 0, 0, 229)
0 (1, 4, 0, 0, 0, 0, 0, 0, 1, 2, 0, 202)
1 (1, 4, 0, 0, 0, 8, 0, 0, 1, 2, 0, 50)
2 (1, 4, 0, 0, 0, 19, 0, 0, 2, 2, 0, 186)
3 (1, 4, 0, 0, 0, 27, 0, 0, 2, 2, 0, 66)
4 (1, 4, 0, 0, 0, 24, 0, 0, 2, 2, 0, 99)
5 (1, 4, 0, 14, 0, 25, 0, 0, 2, 2, 0, 120)
6 (1, 4, 0, 15, 0, 24, 0, 0, 2, 2, 0, 210)
7 (1, 4, 0, 0, 0, 34, 0, 0, 2, 2, 0, 187)
8 (1, 4, 0, 0, 0, 42, 1, 0, 1, 1, 0, 33)
9 (1, 4, 0, 0, 0, 27, 65, 0, 0, 1, 0, 88)
10 (1, 4, 0, 0, 136, 10, 89, 0, 1, 1, 0, 219)
11 (1, 4, 0, 142, 387, 7, 54, 0, 0, 1, 0, 195)
12 (1, 4, 146, 415, 512, 7, 31, 0, 0, 0, 0, 104)
13 (1, 4, 282, 873, 873, 0, 13, 18, 0, 0, 0, 100)
14 (1, 4, 427, 873, 873, 0, 0, 189, 0, 0, 0, 209)
15 (1, 4, 279, 233, 106, 0, 0, 193, 0, 0, 0, 118)
16 (1, 4, 0, 0, 0, 50, 0, 122, 0, 0, 0, 58)
17 (1, 4, 12, 0, 0, 69, 0, 88, 0, 0, 0, 252)
18 (1, 4, 0, 33, 0, 62, 0, 80, 0, 0, 0, 59)
19 (1, 4, 0, 0, 0, 51, 0, 71, 0, 0, 0, 23)
20 (1, 4, 0, 0, 0, 65, 0, 58, 0, 0, 0, 149)
21 (1, 4, 16, 0, 0, 66, 0, 60, 0, 0, 0, 152)
22 (1, 4, 0, 0, 0, 73, 0, 61, 0, 0, 0, 126)
23 (1, 4, 0, 0, 4, 67, 0, 57, 0, 0, 0, 147)
24 (1, 4, 0, 0, 25, 70, 0, 49, 0, 0, 0, 19)
25 (1, 4, 0, 16, 26, 65, 0, 53, 0, 0, 0, 225)
26 (1, 4, 0, 7, 8, 68, 0, 51, 0, 0, 0, 125)
27 (1, 4, 22, 15, 0, 69, 0, 59, 0, 0, 0, 67)
28 (1, 4, 30, 0, 0, 73, 0, 60, 0, 0, 0, 21)
29 (1, 4, 1, 0, 0, 74, 0, 52, 0, 0, 0, 100)
30 (1, 4, 5, 0, 2, 75, 0, 48, 0, 0, 0, 25)
31 (1, 4, 30, 0, 23, 73, 0, 50, 0, 0, 0, 169)
0 (1, 4, 0, 0, 0, 59, 35, 0, 1, 1, 0, 54)
1 (1, 4, 0, 0, 0, 52, 63, 0, 0, 1, 0, 86)
2 (1, 4, 0, 0, 20, 30, 89, 0, 0, 1, 0, 94)
3 (1, 4, 0, 62, 208, 22, 103, 0, 0, 1, 0, 13)
4 (1, 4, 70, 425, 439, 0, 86, 0, 0, 0, 0, 181)
5 (1, 4, 339, 858, 831, 0, 24, 4, 0, 0, 0, 29)
6 (1, 4, 520, 873, 873, 0, 8, 185, 0, 0, 0, 163)
7 (1, 4, 447, 251, 227, 0, 0, 248, 0, 0, 0, 70)
8 (1, 4, 0, 14, 66, 58, 0, 138, 0, 0, 0, 175)
9 (1, 4, 87, 0, 0, 36, 0, 109, 0, 0, 0, 12)
10 (1, 4, 103, 0, 0, 58, 0, 84, 0, 0, 0, 33)
11 (1, 4, 0, 2, 52, 46, 0, 96, 0, 0, 0, 123)
12 (1, 4, 0, 0, 0, 45, 0, 66, 0, 0, 0, 240)
13 (1, 4, 0, 0, 0, 51, 0, 61, 0, 0, 0, 115)
14 (1, 4, 0, 0, 0, 56, 0, 61, 0, 0, 0, 170)
15 (1, 4, 0, 0, 0, 59, 0, 59, 0, 0, 0, 71)
16 (1, 4, 0, 0, 0, 62, 0, 60, 0, 0, 0, 55)
17 (1, 4, 0, 0, 0, 64, 0, 57, 0, 0, 0, 236)
18 (1, 4, 0, 2, 0, 63, 0, 63, 0, 0, 0, 35)
19 (1, 4, 14, 0, 0, 63, 0, 61, 0, 0, 0, 163)
20 (1, 4, 0, 0, 0, 63, 0, 58, 0, 0, 0, 228)
21 (1, 4, 61, 0, 0, 66, 0, 55, 0, 0, 0, 149)
22 (1, 4, 53, 0, 0, 67, 0, 49, 0, 0, 0, 54)
23 (1, 4, 7, 21, 0, 70, 0, 57, 0, 0, 0, 138)
24 (1, 4, 60, 18, 0, 73, 0, 69, 0, 0, 0, 192)
25 (1, 4, 53, 0, 0, 73, 0, 69, 0, 0, 0, 178)
26 (1, 4, 0, 0, 0, 74, 0, 62, 0, 0, 0, 57)
27 (1, 4, 0, 0, 3, 73, 0, 60, 0, 0, 0, 26)
28 (1, 4, 6, 0, 0, 70, 0, 59, 0, 0, 0, 51)
29 (1, 4, 8, 4, 0, 75, 0, 68, 0, 0, 0, 232)
30 (1, 4, 40, 0, 0, 70, 0, 68, 0, 0, 0, 110)
0 (1, 4, 0, 0, 0, 72, 0, 0, 1, 2, 0, 231)
1 (1, 4, 0, 0, 5, 61, 53, 0, 0, 2, 0, 245)
2 (1, 4, 0, 0, 67, 38, 119, 0, 1, 2, 0, 219)
3 (1, 4, 164, 217, 563, 0, 87, 0, 1, 1, 0, 15)
4 (1, 4, 138, 774, 873, 0, 27, 18, 0, 0, 0, 247)
5 (1, 4, 581, 873, 873, 0, 0, 130, 0, 0, 0, 83)
6 (1, 4, 768, 287, 301, 0, 0, 284, 0, 0, 0, 253)
7 (1, 4, 0, 0, 152, 31, 0, 130, 0, 0, 0, 45)
8 (1, 4, 11, 60, 0, 0, 0, 116, 0, 0, 0, 148)
9 (1, 4, 83, 0, 0, 24, 0, 97, 0, 0, 0, 49)
10 (1, 4, 0, 27, 18, 24, 0, 89, 0, 0, 0, 136)
11 (1, 4, 49, 0, 0, 18, 0, 89, 0, 0, 0, 61)
12 (1, 4, 0, 0, 0, 33, 0, 71, 0, 0, 0, 222)
13 (1, 4, 0, 0, 0, 44, 0, 61, 0, 0, 0, 33)
14 (1, 4, 0, 0, 0, 51, 0, 61, 0, 0, 0, 115)
15 (1, 4, 18, 0, 0, 51, 0, 64, 0, 0, 0, 248)
16 (1, 4, 0, 0, 0, 52, 0, 58, 0, 0, 0, 61)
17 (1, 4, 0, 0, 0, 57, 0, 57, 0, 0, 0, 192)
18 (1, 4, 0, 0, 0, 56, 0, 58, 0, 0, 0, 185)
19 (1, 4, 0, 0, 13, 55, 0, 54, 0, 0, 0, 245)
20 (1, 4, 0, 0, 38, 58, 0, 48, 0, 0, 0, 91)
21 (1, 4, 0, 5, 20, 52, 0, 45, 0, 0, 0, 179)
22 (1, 4, 0, 8, 1, 51, 0, 42, 0, 0, 0, 148)
23 (1, 4, 0, 12, 0, 54, 0, 47, 0, 0, 0, 19)
24 (1, 4, 0, 3, 0, 54, 0, 48, 0, 0, 0, 136)
25 (1, 4, 1, 0, 0, 53, 0, 43, 0, 0, 0, 32)
26 (1, 4, 10, 10, 0, 51, 0, 46, 0, 0, 0, 116)
27 (1, 4, 13, 8, 0, 50, 0, 47, 0, 0, 0, 243)
28 (1, 4, 0, 9, 0, 50, 0, 47, 0, 0, 0, 0)
0 (1, 4, 0, 0, 204, 9, 56, 0, 1, 2, 0, 140)
1 (1, 4, 0, 0, 276, 0, 51, 0, 1, 2, 0, 181)
2 (1, 4, 121, 483, 487, 0, 74, 0, 1, 1, 0, 191)
3 (1, 4, 213, 873, 873, 0, 17, 14, 0, 0, 0, 75)
4 (1, 4, 300, 873, 823, 0, 0, 353, 0, 0, 0, 13)
5 (1, 4, 716, 0, 10, 0, 0, 214, 0, 0, 0, 237)
6 (1, 4, 0, 124, 84, 57, 0, 146, 0, 0, 0, 244)
7 (1, 4, 50, 0, 0, 38, 0, 89, 0, 0, 0, 77)
8 (1, 4, 0, 0, 12, 52, 0, 61, 0, 0, 0, 204)
9 (1, 4, 0, 49, 50, 50, 0, 71, 0, 0, 0, 176)
10 (1, 4, 37, 18, 2, 44, 0, 73, 0, 0, 0, 177)
11 (1, 4, 20, 5, 22, 47, 0, 57, 0, 0, 0, 204)
12 (1, 4, 0, 0, 0, 52, 0, 64, 0, 0, 0, 89)
13 (1, 4, 30, 0, 0, 59, 0, 52, 0, 0, 0, 10)
14 (1, 4, 13, 31, 0, 60, 0, 67, 0, 0, 0, 81)
15 (1, 4, 0, 5, 0, 57, 0, 64, 0, 0, 0, 173)
16 (1, 4, 0, 5, 0, 57, 0, 64, 0, 0, 0, 173)
17 (1, 4, 0, 0, 0, 61, 0, 58, 0, 0, 0, 218)
18 (1, 4, 11, 0, 0, 70, 0, 51, 0, 0, 0, 159)
19 (1, 4, 17, 0, 0, 75, 0, 55, 0, 0, 0, 253)
20 (1, 4, 0, 0, 5, 62, 0, 57, 0, 0, 0, 87)
21 (1, 4, 0, 0, 8, 60, 0, 46, 0, 0, 0, 223)
22 (1, 4, 0, 0, 0, 59, 0, 55, 0, 0, 0, 216)
23 (1, 4, 0, 0, 0, 66, 0, 49, 0, 0, 0, 56)
24 (1, 4, 51, 0, 0, 70, 0, 53, 0, 0, 0, 4)
25 (1, 4, 10, 18, 6, 66, 0, 58, 0, 0, 0, 165)
26 (1, 4, 0, 8, 16, 59, 0, 55, 0, 0, 0, 20)
27 (1, 4, 0, 13, 15, 58, 0, 52, 0, 0, 0, 36)
28 (1, 4, 14, 23, 0, 59, 0, 56, 0, 0, 0, 22)
29 (1, 4, 23, 35, 3, 59, 0, 65, 0, 0, 0, 72)
0 (1, 4, 0, 0, 0, 36, 0, 0, 2, 2, 0, 249)
1 (1, 4, 0, 0, 0, 46, 0, 0, 1, 2, 0, 153)
2 (1, 4, 0, 0, 0, 58, 0, 0, 1, 2, 0, 18)
3 (1, 4, 0, 0, 0, 56, 0, 0, 2, 2, 0, 138)
4 (1, 4, 0, 0, 0, 56, 0, 0, 2, 2, 0, 138)
5 (1, 4, 0, 0, 0, 65, 10, 0, 2, 2, 0, 149)
6 (1, 4, 0, 0, 0, 56, 28, 0, 1, 2, 0, 139)
7 (1, 4, 0, 0, 15, 40, 25, 0, 1, 1, 0, 2)
8 (1, 4, 0, 0, 67, 40, 55, 0, 1, 1, 0, 198)
9 (1, 4, 0, 0, 211, 24, 56, 0, 1, 2, 0, 66)
10 (1, 4, 0, 7, 296, 6, 71, 0, 1, 1, 0, 90)
11 (1, 4, 97, 416, 507, 0, 58, 0, 0, 1, 0, 25)
12 (1, 4, 343, 873, 873, 0, 26, 28, 0, 0, 0, 96)
13 (1, 4, 336, 873, 873, 0, 11, 84, 0, 0, 0, 25)
14 (1, 4, 655, 321, 294, 0, 0, 323, 0, 0, 0, 62)
15 (1, 4, 0, 0, 108, 42, 0, 162, 0, 0, 0, 36)
16 (1, 4, 0, 0, 0, 0, 0, 104, 0, 0, 0, 112)
17 (1, 4, 0, 0, 0, 43, 0, 45, 0, 0, 0, 175)
18 (1, 4, 0, 31, 0, 26, 0, 53, 0, 0, 0, 71)
19 (1, 4, 47, 0, 0, 31, 0, 70, 0, 0, 0, 56)
20 (1, 4, 0, 0, 0, 46, 0, 57, 0, 0, 0, 106)
21 (1, 4, 0, 0, 0, 50, 0, 55, 0, 0, 0, 63)
22 (1, 4, 0, 4, 0, 60, 0, 64, 0, 0, 0, 123)
23 (1, 4, 44, 7, 15, 55, 0, 74, 0, 0, 0, 255)
24 (1, 4, 20, 7, 19, 45, 0, 75, 0, 0, 0, 219)
25 (1, 4, 0, 9, 15, 40, 0, 73, 0, 0, 0, 64)
26 (1, 4, 0, 0, 0, 44, 0, 60, 0, 0, 0, 254)
27 (1, 4, 0, 0, 0, 51, 0, 54, 0, 0, 0, 255)
28 (1, 4, 54, 26, 0, 47, 0, 64, 0, 0, 0, 203)
29 (1, 4, 0, 23, 0, 45, 0, 75, 0, 0, 0, 166)
30 (1, 4, 0, 0, 0, 48, 0, 66, 0, 0, 0, 156)
31 (1, 4, 0, 10, 0, 48, 0, 61, 0, 0, 0, 140)
0 (1, 4, 0, 0, 156, 37, 55, 0, 1, 1, 0, 113)
1 (1, 4, 0, 79, 256, 36, 52, 0, 0, 1, 0, 132)
2 (1, 4, 32, 329, 520, 28, 44, 0, 0, 0, 0, 131)
3 (1, 4, 335, 873, 873, 0, 28, 15, 0, 0, 0, 84)
4 (1, 4, 823, 836, 748, 0, 0, 384, 0, 0, 0, 11)
5 (1, 4, 49, 158, 38, 0, 0, 125, 1, 0, 0, 169)
6 (1, 4, 40, 0, 0, 34, 0, 133, 0, 0, 0, 62)
7 (1, 4, 43, 0, 0, 44, 0, 107, 0, 0, 0, 222)
8 (1, 4, 0, 0, 0, 55, 0, 70, 0, 0, 0, 180)
9 (1, 4, 0, 0, 0, 57, 0, 67, 0, 0, 0, 164)
10 (1, 4, 0, 0, 0, 64, 0, 46, 0, 0, 0, 44)
11 (1, 4, 48, 0, 0, 72, 0, 53, 0, 0, 0, 172)
12 (1, 4, 63, 0, 0, 68, 0, 61, 0, 0, 0, 152)
13 (1, 4, 0, 0, 32, 69, 0, 46, 0, 0, 0, 177)
14 (1, 4, 0, 0, 52, 72, 0, 45, 0, 0, 0, 109)
15 (1, 4, 25, 0, 31, 69, 0, 48, 0, 0, 0, 2)
16 (1, 4, 29, 34, 16, 71, 0, 51, 0, 0, 0, 148)
17 (1, 4, 43, 18, 7, 67, 0, 62, 0, 0, 0, 146)
18 (1, 4, 10, 9, 3, 68, 0, 56, 0, 0, 0, 158)
19 (1, 4, 3, 10, 0, 66, 0, 59, 0, 0, 0, 167)
20 (1, 4, 30, 10, 0, 61, 0, 62, 0, 0, 0, 197)
21 (1, 4, 17, 11, 0, 57, 0, 66, 0, 0, 0, 254)
22 (1, 4, 0, 0, 0, 59, 0, 63, 0, 0, 0, 50)
23 (1, 4, 36, 0, 0, 71, 0, 65, 0, 0, 0, 147)
24 (1, 4, 125, 15, 0, 67, 0, 73, 0, 0, 0, 163)
25 (1, 4, 10, 14, 7, 63, 0, 72, 0, 0, 0, 231)
26 (1, 4, 0, 0, 2, 64, 0, 71, 0, 0, 0, 210)
27 (1, 4, 27, 0, 7, 66, 0, 64, 0, 0, 0, 183)
28 (1, 4, 5, 4, 18, 64, 0, 66, 0, 0, 0, 235)
29 (1, 4, 14, 5, 16, 57, 0, 68, 0, 0, 0, 243)
30 (1, 4, 0, 0, 3, 52, 0, 68, 0, 0, 0, 151)
31 (1, 4, 0, 0, 0, 47, 0, 62, 0, 0, 0, 102)
0 (1, 4, 0, 0, 0, 56, 0, 0, 2, 2, 0, 138)
1 (1, 4, 0, 0, 0, 62, 0, 0, 1, 2, 0, 110)
2 (1, 4, 0, 0, 0, 60, 0, 0, 1, 2, 0, 80)
3 (1, 4, 0, 0, 0, 64, 0, 0, 2, 2, 0, 185)
4 (1, 4, 0, 0, 0, 50, 0, 0, 1, 2, 0, 234)
5 (1, 4, 0, 0, 0, 59, 0, 0, 1, 2, 0, 13)
6 (1, 4, 0, 0, 0, 54, 0, 0, 1, 2, 0, 150)
7 (1, 4, 0, 0, 0, 33, 34, 0, 1, 2, 0, 195)
8 (1, 4, 0, 0, 19, 0, 73, 0, 1, 1, 0, 17)
9 (1, 4, 0, 0, 252, 0, 87, 0, 4, 5, 0, 175)
10 (1, 4, 0, 177, 484, 0, 68, 0, 1, 1, 0, 110)
11 (1, 4, 313, 467, 644, 0, 38, 0, 0, 1, 0, 153)
12 (1, 4, 413, 873, 873, 0, 18, 30, 0, 0, 0, 232)
13 (1, 4, 400, 873, 873, 0, 0, 203, 3, 4, 0, 98)
14 (1, 4, 455, 1, 37, 0, 0, 176, 1, 1, 0, 186)
15 (1, 4, 0, 228, 0, 61, 0, 153, 0, 0, 0, 13)
16 (1, 4, 0, 0, 0, 49, 0, 101, 0, 0, 0, 49)
17 (1, 4, 0, 23, 40, 36, 0, 77, 0, 0, 0, 207)
18 (1, 4, 0, 0, 0, 31, 0, 79, 0, 0, 0, 144)
19 (1, 4, 34, 0, 0, 43, 0, 68, 0, 0, 0, 165)
20 (1, 4, 19, 0, 0, 55, 0, 67, 0, 0, 0, 236)
21 (1, 4, 37, 0, 0, 60, 0, 67, 0, 0, 0, 54)
22 (1, 4, 80, 0, 0, 64, 0, 62, 0, 0, 0, 150)
23 (1, 4, 0, 0, 0, 66, 0, 53, 0, 0, 0, 77)
24 (1, 4, 0, 0, 0, 68, 0, 47, 0, 0, 0, 143)
25 (1, 4, 8, 0, 0, 76, 0, 40, 0, 0, 0, 20)
26 (1, 4, 0, 0, 0, 87, 0, 27, 0, 0, 0, 94)
27 (1, 4, 66, 0, 0, 91, 0, 34, 0, 0, 0, 8)
28 (1, 4, 46, 0, 0, 86, 0, 37, 0, 0, 0, 134)
29 (1, 4, 1, 0, 0, 79, 0, 45, 0, 0, 0, 225)
30 (1, 4, 0, 0, 3, 76, 0, 44, 0, 0, 0, 170)
31 (1, 4, 0, 0, 2, 87, 0, 24, 0, 0, 0, 23)
0 (1, 4, 0, 0, 0, 46, 24, 0, 2, 2, 0, 123)
1 (1, 4, 0, 0, 0, 44, 28, 0, 2, 2, 0, 166)
2 (1, 4, 0, 0, 55, 35, 33, 0, 1, 2, 0, 18)
3 (1, 4, 0, 0, 108, 16, 59, 0, 1, 2, 0, 24)
4 (1, 4, 0, 0, 252, 0, 77, 0, 3, 5, 0, 48)
5 (1, 4, 0, 0, 370, 0, 83, 0, 5, 6, 0, 242)
6 (1, 4, 117, 281, 570, 0, 77, 0, 2, 2, 0, 159)
7 (1, 4, 317, 873, 873, 0, 29, 0, 0, 1, 0, 13)
8 (1, 4, 514, 873, 873, 0, 0, 270, 2, 1, 0, 99)
9 (1, 4, 145, 141, 141, 0, 0, 243, 0, 0, 0, 4)
10 (1, 4, 0, 121, 93, 51, 0, 170, 0, 0, 0, 237)
11 (1, 4, 106, 0, 0, 25, 0, 129, 0, 0, 0, 25)
12 (1, 4, 0, 0, 62, 34, 0, 82, 0, 0, 0, 202)
13 (1, 4, 0, 0, 0, 34, 0, 88, 0, 0, 0, 213)
14 (1, 4, 47, 0, 0, 42, 0, 71, 0, 0, 0, 154)
15 (1, 4, 0, 0, 0, 49, 0, 67, 0, 0, 0, 92)
16 (1, 4, 0, 0, 0, 55, 0, 61, 0, 0, 0, 15)
17 (1, 4, 0, 0, 0, 64, 0, 57, 0, 0, 0, 236)
18 (1, 4, 29, 0, 0, 63, 0, 62, 0, 0, 0, 55)
19 (1, 4, 6, 20, 0, 67, 0, 65, 0, 0, 0, 143)
20 (1, 4, 0, 7, 12, 56, 0, 71, 0, 0, 0, 46)
21 (1, 4, 0, 0, 0, 59, 0, 62, 0, 0, 0, 237)
22 (1, 4, 0, 0, 0, 69, 0, 50, 0, 0, 0, 3)
23 (1, 4, 0, 0, 0, 64, 0, 48, 0, 0, 0, 217)
24 (1, 4, 8, 6, 0, 63, 0, 50, 0, 0, 0, 201)
25 (1, 4, 1, 21, 4, 65, 0, 57, 0, 0, 0, 173)
26 (1, 4, 4, 9, 27, 59, 0, 60, 0, 0, 0, 18)
27 (1, 4, 0, 25, 17, 57, 0, 59, 0, 0, 0, 245)
28 (1, 4, 21, 6, 0, 61, 0, 70, 0, 0, 0, 19)
29 (1, 4, 68, 20, 0, 67, 0, 72, 0, 0, 0, 47)
30 (1, 4, 17, 3, 0, 61, 0, 74, 0, 0, 0, 219)
31 (1, 4, 17, 0, 0, 63, 0, 66, 0, 0, 0, 215)
0 (1, 4, 0, 0, 0, 53, 52, 0, 2, 2, 0, 122)
1 (1, 4, 0, 0, 0, 41, 73, 0, 1, 2, 0, 102)
2 (1, 4, 0, 0, 48, 30, 88, 0, 1, 2, 0, 88)
3 (1, 4, 0, 0, 195, 21, 100, 0, 3, 3, 0, 180)
4 (1, 4, 0, 0, 393, 14, 87, 0, 3, 3, 0, 172)
5 (1, 4, 44, 125, 425, 33, 65, 0, 2, 2, 0, 240)
6 (1, 4, 330, 585, 622, 0, 47, 0, 0, 1, 0, 108)
7 (1, 4, 257, 873, 873, 0, 0, 54, 0, 0, 0, 105)
8 (1, 4, 791, 240, 321, 0, 0, 258, 0, 0, 0, 49)
9 (1, 4, 127, 32, 77, 40, 0, 132, 1, 0, 0, 73)
10 (1, 4, 0, 72, 23, 46, 0, 119, 0, 0, 0, 163)
11 (1, 4, 5, 0, 0, 54, 0, 89, 0, 0, 0, 183)
12 (1, 4, 0, 20, 41, 55, 0, 66, 0, 0, 0, 172)
13 (1, 4, 32, 15, 0, 44, 0, 79, 0, 0, 0, 217)
14 (1, 4, 69, 0, 0, 56, 0, 72, 0, 0, 0, 136)
15 (1, 4, 0, 0, 0, 64, 0, 69, 0, 0, 0, 68)
16 (1, 4, 38, 0, 0, 69, 0, 71, 0, 0, 0, 125)
17 (1, 4, 0, 0, 13, 66, 0, 62, 0, 0, 0, 183)
18 (1, 4, 0, 0, 20, 66, 0, 62, 0, 0, 0, 224)
19 (1, 4, 14, 0, 11, 65, 0, 59, 0, 0, 0, 25)
20 (1, 4, 0, 0, 2, 66, 0, 58, 0, 0, 0, 155)
21 (1, 4, 0, 0, 3, 62, 0, 57, 0, 0, 0, 38)
22 (1, 4, 0, 0, 3, 66, 0, 52, 1, 0, 0, 75)
23 (1, 4, 2, 0, 0, 63, 0, 53, 0, 0, 0, 1)
24 (1, 4, 16, 0, 0, 68, 0, 50, 0, 0, 0, 252)
25 (1, 4, 49, 3, 0, 68, 0, 54, 0, 0, 0, 152)
26 (1, 4, 22, 4, 0, 67, 0, 58, 1, 0, 0, 215)
27 (1, 4, 0, 0, 0, 70, 0, 55, 0, 0, 0, 136)
28 (1, 4, 14, 4, 0, 69, 0, 56, 0, 0, 0, 222)
29 (1, 4, 0, 0, 0, 66, 0, 57, 1, 0, 0, 176)
30 (1, 4, 0, 5, 0, 67, 0, 57, 0, 0, 0, 162)
31 (1, 4, 11, 6, 0, 67, 0, 62, 0, 0, 0, 11)
GLOVE DISCONNECTED
GLOVE CONNECTED
0 (1, 4, 38, 0, 0, 31, 0, 0, 2, 3, 0, 182)
1 (1, 4, 0, 0, 0, 38, 0, 0, 2, 2, 0, 199)
2 (1, 4, 0, 0, 0, 44, 0, 0, 2, 2, 0, 1)
3 (1, 4, 0, 0, 0, 53, 0, 0, 2, 2, 0, 17)
4 (1, 4, 0, 0, 0, 52, 0, 0, 2, 2, 0, 14)
5 (1, 4, 0, 0, 0, 63, 0, 0, 2, 2, 0, 215)
6 (1, 4, 0, 0, 0, 59, 0, 0, 3, 2, 0, 201)
7 (1, 4, 0, 0, 0, 66, 0, 0, 2, 2, 0, 135)
8 (1, 4, 0, 0, 0, 59, 1, 0, 1, 2, 0, 116)
9 (1, 4, 0, 0, 25, 39, 42, 0, 1, 2, 0, 23)
10 (1, 4, 0, 0, 208, 15, 55, 0, 2, 4, 0, 33)
11 (1, 4, 0, 126, 353, 0, 44, 0, 2, 3, 0, 192)
12 (1, 4, 211, 730, 492, 0, 35, 0, 2, 3, 0, 84)
13 (1, 4, 373, 873, 782, 0, 5, 33, 0, 0, 0, 69)
14 (1, 4, 543, 873, 643, 0, 0, 179, 1, 0, 0, 163)
15 (1, 4, 354, 213, 146, 0, 0, 213, 0, 0, 0, 181)
16 (1, 4, 0, 96, 66, 22, 0, 166, 0, 0, 0, 185)
17 (1, 4, 17, 0, 0, 34, 0, 122, 0, 0, 0, 35)
18 (1, 4, 0, 0, 0, 46, 0, 98, 0, 0, 0, 112)
19 (1, 4, 6, 0, 0, 42, 0, 86, 0, 0, 0, 47)
20 (1, 4, 0, 0, 0, 48, 0, 69, 0, 0, 0, 143)
21 (1, 4, 0, 0, 0, 52, 0, 58, 0, 0, 0, 61)
22 (1, 4, 0, 0, 0, 59, 0, 56, 0, 0, 0, 33)
23 (1, 4, 6, 0, 0, 58, 0, 58, 0, 0, 0, 163)
24 (1, 4, 0, 0, 0, 62, 0, 60, 0, 0, 0, 55)
25 (1, 4, 0, 0, 0, 64, 0, 59, 0, 0, 0, 85)
26 (1, 4, 37, 0, 0, 64, 0, 63, 0, 0, 0, 209)
27 (1, 4, 3, 0, 7, 64, 0, 65, 0, 0, 0, 198)
28 (1, 4, 0, 0, 0, 63, 0, 67, 0, 0, 0, 230)
29 (1, 4, 19, 0, 0, 64, 0, 64, 0, 0, 0, 28)
30 (1, 4, 4, 0, 5, 64, 0, 65, 0, 0, 0, 195)
31 (1, 4, 10, 0, 0, 64, 0, 65, 0, 0, 0, 93)
0 (1, 4, 0, 0, 407, 0, 64, 0, 2, 2, 0, 64)
1 (1, 4, 88, 346, 555, 0, 27, 0, 0, 1, 0, 89)
2 (1, 4, 184, 729, 790, 0, 15, 24, 0, 0, 0, 109)
3 (1, 4, 143, 827, 873, 0, 0, 95, 1, 1, 0, 125)
4 (1, 4, 873, 423, 292, 0, 0, 224, 0, 0, 0, 255)
5 (1, 4, 152, 118, 122, 35, 0, 169, 0, 0, 0, 83)
6 (1, 4, 0, 0, 89, 49, 0, 142, 0, 0, 0, 127)
7 (1, 4, 96, 0, 0, 50, 0, 98, 0, 0, 0, 77)
8 (1, 4, 0, 11, 6, 48, 0, 88, 0, 0, 0, 6)
9 (1, 4, 0, 0, 0, 50, 0, 80, 0, 0, 0, 200)
10 (1, 4, 40, 0, 0, 58, 0, 65, 0, 0, 0, 139)
11 (1, 4, 15, 0, 0, 65, 0, 55, 0, 0, 0, 143)
12 (1, 4, 7, 0, 0, 69, 0, 50, 0, 0, 0, 41)
13 (1, 4, 4, 0, 0, 73, 0, 50, 0, 0, 0, 191)
14 (1, 4, 0, 0, 7, 74, 0, 47, 0, 0, 0, 208)
15 (1, 4, 14, 0, 9, 67, 0, 48, 0, 0, 0, 132)
16 (1, 4, 19, 0, 5, 68, 0, 51, 0, 0, 0, 251)
17 (1, 4, 10, 0, 0, 67, 0, 52, 0, 0, 0, 225)
18 (1, 4, 17, 0, 0, 70, 0, 54, 0, 0, 0, 185)
19 (1, 4, 30, 0, 0, 69, 0, 56, 0, 0, 0, 228)
20 (1, 4, 32, 0, 0, 72, 0, 53, 0, 0, 0, 76)
21 (1, 4, 14, 0, 0, 72, 0, 56, 0, 0, 0, 159)
22 (1, 4, 24, 0, 0, 73, 0, 56, 0, 0, 0, 68)
23 (1, 4, 18, 0, 0, 76, 0, 57, 0, 0, 0, 148)
24 (1, 4, 14, 1, 0, 78, 0, 57, 1, 0, 0, 213)
25 (1, 4, 14, 5, 4, 78, 0, 61, 0, 0, 0, 70)
26 (1, 4, 0, 0, 12, 75, 0, 59, 0, 0, 0, 110)
27 (1, 4, 0, 0, 12, 73, 0, 59, 0, 0, 0, 80)
28 (1, 4, 0, 0, 7, 73, 0, 54, 0, 0, 0, 23)
29 (1, 4, 0, 1, 8, 71, 0, 52, 0, 0, 0, 248)
30 (1, 4, 0, 4, 9, 70, 0, 55, 0, 0, 0, 122)
31 (1, 4, 1, 5, 0, 69, 0, 58, 0, 0, 0, 136)
0 (1, 4, 0, 0, 0, 48, 34, 0, 2, 2, 0, 141)
1 (1, 4, 0, 0, 0, 31, 63, 0, 3, 3, 0, 22)
2 (1, 4, 0, 0, 116, 1, 93, 0, 3, 3, 0, 154)
3 (1, 4, 0, 301, 395, 0, 82, 0, 3, 4, 0, 78)
4 (1, 4, 188, 638, 662, 0, 42, 0, 1, 1, 0, 159)
5 (1, 4, 304, 856, 868, 0, 13, 35, 1, 1, 0, 11)
6 (1, 4, 490, 702, 720, 0, 0, 175, 0, 1, 0, 86)
7 (1, 4, 415, 151, 201, 0, 0, 223, 0, 0, 0, 118)
8 (1, 4, 0, 56, 111, 80, 0, 132, 0, 0, 0, 239)
9 (1, 4, 100, 0, 0, 32, 0, 126, 0, 0, 0, 240)
10 (1, 4, 65, 0, 24, 50, 0, 80, 0, 0, 0, 140)
11 (1, 4, 0, 19, 85, 46, 0, 81, 0, 0, 0, 147)
12 (1, 4, 0, 0, 12, 47, 0, 68, 0, 0, 0, 224)
13 (1, 4, 4, 0, 0, 53, 0, 57, 1, 0, 0, 30)
14 (1, 4, 16, 0, 0, 53, 0, 59, 0, 0, 0, 29)
15 (1, 4, 0, 0, 0, 51, 0, 56, 0, 0, 0, 217)
16 (1, 4, 0, 0, 0, 51, 0, 57, 0, 0, 0, 6)
17 (1, 4, 14, 0, 0, 58, 0, 59, 0, 0, 0, 12)
18 (1, 4, 0, 0, 0, 62, 0, 58, 0, 0, 0, 251)
19 (1, 4, 0, 0, 0, 66, 0, 60, 0, 0, 0, 120)
20 (1, 4, 7, 0, 0, 63, 0, 64, 0, 0, 0, 170)
21 (1, 4, 0, 0, 0, 63, 0, 55, 1, 0, 0, 198)
22 (1, 4, 0, 0, 0, 63, 0, 55, 0, 0, 0, 164)
23 (1, 4, 27, 0, 0, 66, 0, 59, 0, 0, 0, 233)
24 (1, 4, 3, 0, 0, 65, 0, 59, 1, 0, 0, 58)
25 (1, 4, 6, 0, 13, 65, 0, 58, 1, 0, 0, 165)
26 (1, 4, 0, 0, 8, 63, 0, 58, 1, 0, 0, 58)
27 (1, 4, 14, 2, 7, 64, 0, 58, 1, 0, 0, 52)
28 (1, 4, 0, 0, 1, 63, 0, 60, 1, 0, 0, 222)
29 (1, 4, 0, 0, 0, 64, 0, 57, 1, 0, 0, 142)
30 (1, 4, 6, 5, 0, 62, 0, 59, 1, 0, 0, 13)
31 (1, 4, 13, 5, 0, 63, 0, 62, 1, 0, 0, 218)
0 (1, 4, 0, 0, 0, 40, 0, 0, 2, 2, 0, 125)
1 (1, 4, 0, 0, 0, 39, 0, 0, 2, 2, 0, 216)
2 (1, 4, 0, 0, 0, 33, 0, 0, 2, 2, 0, 154)
3 (1, 4, 0, 0, 0, 45, 0, 0, 2, 2, 0, 30)
4 (1, 4, 0, 0, 0, 39, 0, 0, 2, 2, 0, 216)
5 (1, 4, 0, 0, 0, 47, 17, 0, 2, 2, 0, 220)
6 (1, 4, 0, 0, 37, 30, 35, 0, 1, 1, 0, 136)
7 (1, 4, 0, 0, 119, 10, 75, 0, 1, 1, 0, 126)
8 (1, 4, 0, 139, 360, 0, 79, 0, 1, 1, 0, 74)
9 (1, 4, 198, 424, 689, 0, 43, 0, 0, 1, 0, 33)
10 (1, 4, 425, 873, 873, 0, 9, 36, 0, 0, 0, 25)
11 (1, 4, 459, 873, 822, 0, 0, 231, 1, 0, 0, 229)
12 (1, 4, 786, 176, 217, 0, 0, 230, 0, 0, 0, 217)
13 (1, 4, 0, 92, 67, 77, 0, 137, 1, 0, 0, 38)
14 (1, 4, 49, 0, 0, 29, 0, 145, 1, 0, 0, 223)
15 (1, 4, 73, 0, 0, 51, 0, 91, 1, 0, 0, 206)
16 (1, 4, 0, 0, 14, 47, 0, 91, 1, 0, 0, 135)
17 (1, 4, 0, 0, 0, 44, 0, 84, 1, 0, 0, 146)
18 (1, 4, 0, 0, 0, 53, 0, 56, 1, 0, 0, 249)
19 (1, 4, 0, 0, 0, 59, 0, 44, 1, 0, 0, 229)
20 (1, 4, 0, 0, 0, 64, 0, 41, 1, 0, 0, 93)
21 (1, 4, 22, 0, 0, 67, 0, 48, 1, 0, 0, 94)
22 (1, 4, 0, 0, 2, 66, 0, 47, 1, 0, 0, 128)
23 (1, 4, 21, 0, 5, 68, 0, 57, 1, 0, 0, 238)
24 (1, 4, 0, 0, 2, 69, 0, 56, 1, 0, 0, 29)
25 (1, 4, 0, 0, 11, 73, 0, 51, 1, 0, 0, 61)
26 (1, 4, 39, 0, 3, 72, 0, 55, 1, 0, 0, 6)
27 (1, 4, 39, 4, 4, 72, 0, 60, 1, 0, 0, 181)
28 (1, 4, 20, 0, 1, 68, 0, 64, 1, 0, 0, 188)
29 (1, 4, 0, 0, 5, 62, 0, 59, 1, 0, 0, 140)
30 (1, 4, 0, 0, 0, 50, 0, 62, 1, 0, 0, 104)
31 (1, 4, 0, 0, 0, 61, 0, 52, 1, 0, 0, 158)
0 (1, 4, 0, 0, 0, 22, 8, 0, 2, 2, 0, 24)
1 (1, 4, 0, 6, 0, 17, 5, 0, 2, 2, 0, 169)
2 (1, 4, 0, 0, 26, 31, 21, 0, 2, 2, 0, 205)
3 (1, 4, 0, 0, 57, 30, 36, 0, 2, 2, 0, 102)
4 (1, 4, 0, 0, 159, 37, 61, 0, 1, 2, 0, 68)
5 (1, 4, 0, 1, 302, 30, 55, 0, 1, 1, 0, 1)
6 (1, 4, 0, 203, 459, 31, 32, 0, 1, 1, 0, 145)
7 (1, 4, 418, 598, 546, 44, 0, 0, 3, 3, 0, 55)
8 (1, 4, 396, 840, 721, 0, 0, 25, 1, 1, 0, 141)
9 (1, 4, 602, 825, 616, 0, 0, 222, 0, 0, 0, 203)
10 (1, 4, 670, 182, 111, 0, 0, 225, 0, 0, 0, 35)
11 (1, 4, 0, 0, 33, 58, 0, 148, 0, 0, 0, 224)
12 (1, 4, 0, 0, 0, 32, 0, 134, 0, 0, 0, 209)
13 (1, 4, 24, 0, 0, 52, 0, 80, 0, 0, 0, 26)
14 (1, 4, 0, 0, 2, 47, 0, 72, 1, 0, 0, 208)
15 (1, 4, 0, 0, 0, 46, 0, 65, 0, 0, 0, 183)
16 (1, 4, 0, 0, 0, 59, 0, 47, 1, 0, 0, 131)
17 (1, 4, 0, 0, 0, 56, 0, 56, 1, 0, 0, 98)
18 (1, 4, 19, 0, 0, 65, 0, 63, 1, 0, 0, 175)
19 (1, 4, 6, 0, 0, 66, 0, 63, 1, 0, 0, 88)
20 (1, 4, 0, 0, 0, 65, 0, 60, 0, 0, 0, 89)
21 (1, 4, 16, 0, 0, 71, 0, 62, 1, 0, 0, 32)
22 (1, 4, 0, 0, 10, 71, 0, 59, 1, 0, 0, 249)
23 (1, 4, 0, 2, 24, 64, 0, 59, 1, 0, 0, 153)
24 (1, 4, 0, 0, 15, 60, 0, 61, 1, 0, 0, 237)
25 (1, 4, 0, 1, 0, 61, 0, 60, 1, 0, 0, 193)
26 (1, 4, 0, 0, 0, 65, 0, 57, 1, 0, 0, 145)
27 (1, 4, 21, 21, 0, 63, 0, 62, 1, 0, 0, 43)
28 (1, 4, 6, 0, 0, 65, 0, 63, 1, 0, 0, 121)
29 (1, 4, 4, 12, 0, 72, 0, 59, 1, 0, 0, 158)
30 (1, 4, 0, 10, 0, 71, 0, 61, 1, 0, 0, 120)
31 (1, 4, 12, 22, 0, 65, 0, 67, 1, 0, 0, 107)
0 (1, 4, 0, 0, 0, 20, 14, 0, 2, 2, 0, 55)
1 (1, 4, 0, 0, 30, 14, 53, 0, 1, 2, 0, 208)
2 (1, 4, 0, 0, 105, 0, 112, 0, 2, 2, 0, 211)
3 (1, 4, 0, 314, 525, 0, 74, 0, 1, 1, 0, 10)
4 (1, 4, 255, 645, 651, 0, 40, 0, 8, 12, 0, 95)
5 (1, 4, 408, 873, 847, 0, 23, 45, 0, 0, 0, 223)
6 (1, 4, 245, 806, 716, 0, 0, 248, 0, 0, 0, 171)
7 (1, 4, 566, 0, 38, 0, 0, 210, 0, 0, 0, 83)
8 (1, 4, 0, 59, 39, 73, 0, 126, 1, 0, 0, 236)
9 (1, 4, 153, 0, 0, 51, 0, 96, 0, 0, 0, 46)
10 (1, 4, 72, 0, 0, 63, 0, 75, 0, 0, 0, 245)
11 (1, 4, 0, 0, 0, 59, 0, 75, 0, 0, 0, 112)
12 (1, 4, 2, 0, 0, 70, 0, 68, 1, 0, 0, 167)
13 (1, 4, 18, 0, 0, 70, 0, 58, 0, 0, 0, 52)
14 (1, 4, 0, 0, 0, 72, 0, 59, 1, 0, 0, 207)
15 (1, 4, 0, 0, 0, 76, 0, 53, 1, 0, 0, 149)
16 (1, 4, 0, 0, 7, 74, 0, 51, 1, 0, 0, 254)
17 (1, 4, 0, 0, 11, 73, 0, 49, 1, 0, 0, 132)
18 (1, 4, 12, 0, 9, 75, 0, 51, 1, 0, 0, 100)
19 (1, 4, 0, 0, 7, 71, 0, 54, 1, 0, 0, 207)
20 (1, 4, 0, 0, 5, 73, 0, 50, 1, 0, 0, 47)
21 (1, 4, 0, 0, 3, 74, 0, 48, 1, 0, 0, 198)
22 (1, 4, 15, 0, 0, 76, 0, 51, 1, 0, 0, 3)
23 (1, 4, 10, 9, 0, 75, 0, 53, 1, 0, 0, 162)
24 (1, 4, 8, 0, 0, 77, 0, 55, 1, 0, 0, 67)
25 (1, 4, 20, 0, 0, 78, 0, 53, 1, 0, 0, 115)
26 (1, 4, 0, 0, 4, 77, 0, 55, 1, 0, 0, 109)
27 (1, 4, 1, 0, 7, 74, 0, 51, 1, 0, 0, 240)
28 (1, 4, 0, 0, 8, 74, 0, 49, 1, 0, 0, 30)
29 (1, 4, 10, 0, 0, 74, 0, 50, 1, 0, 0, 168)
30 (1, 4, 17, 2, 0, 75, 0, 52, 1, 0, 0, 148)
31 (1, 4, 0, 0, 0, 74, 0, 51, 1, 0, 0, 27)
0 (1, 4, 0, 0, 0, 36, 65, 0, 1, 2, 0, 60)
1 (1, 4, 0, 0, 98, 18, 105, 0, 2, 3, 0, 75)
2 (1, 4, 0, 74, 397, 0, 79, 0, 1, 1, 0, 67)
3 (1, 4, 206, 574, 579, 0, 39, 0, 1, 1, 0, 74)
4 (1, 4, 231, 854, 873, 0, 7, 32, 0, 0, 0, 113)
5 (1, 4, 366, 873, 873, 0, 0, 135, 1, 0, 0, 56)
6 (1, 4, 649, 359, 305, 0, 0, 269, 1, 0, 0, 244)
7 (1, 4, 67, 27, 79, 82, 0, 146, 2, 1, 0, 30)
8 (1, 4, 58, 43, 0, 23, 0, 149, 1, 1, 0, 204)
9 (1, 4, 145, 0, 0, 52, 0, 103, 1, 1, 0, 25)
10 (1, 4, 12, 0, 6, 47, 0, 102, 1, 1, 0, 42)
11 (1, 4, 0, 0, 0, 41, 0, 82, 1, 1, 0, 86)
12 (1, 4, 0, 0, 0, 52, 0, 55, 1, 1, 0, 116)
13 (1, 4, 0, 0, 0, 53, 0, 48, 1, 1, 0, 120)
14 (1, 4, 0, 0, 0, 60, 0, 44, 1, 1, 0, 211)
15 (1, 4, 0, 0, 0, 61, 0, 44, 1, 1, 0, 204)
16 (1, 4, 0, 0, 0, 66, 0, 48, 1, 1, 0, 238)
17 (1, 4, 0, 0, 0, 70, 0, 50, 1, 1, 0, 43)
18 (1, 4, 8, 0, 0, 73, 0, 50, 1, 1, 0, 254)
19 (1, 4, 10, 0, 0, 72, 0, 55, 1, 1, 0, 87)
20 (1, 4, 0, 0, 0, 72, 0, 55, 1, 1, 0, 59)
21 (1, 4, 3, 0, 0, 72, 0, 50, 1, 1, 0, 131)
22 (1, 4, 0, 0, 0, 73, 0, 46, 1, 1, 0, 194)
23 (1, 4, 0, 4, 0, 72, 0, 48, 1, 1, 0, 242)
24 (1, 4, 16, 0, 0, 73, 0, 49, 1, 1, 0, 8)
25 (1, 4, 0, 12, 0, 74, 0, 50, 1, 1, 0, 198)
26 (1, 4, 29, 15, 0, 72, 0, 58, 1, 1, 0, 108)
27 (1, 4, 19, 9, 0, 72, 0, 58, 1, 1, 0, 143)
28 (1, 4, 12, 7, 0, 72, 0, 59, 1, 1, 0, 238)
29 (1, 4, 48, 2, 0, 72, 0, 61, 1, 1, 0, 34)
0 (1, 4, 0, 166, 249, 0, 60, 0, 1, 1, 0, 10)
1 (1, 4, 284, 384, 469, 0, 69, 0, 1, 1, 0, 91)
2 (1, 4, 472, 873, 873, 0, 7, 28, 0, 0, 0, 241)
3 (1, 4, 873, 873, 775, 0, 0, 480, 2, 2, 0, 112)
4 (1, 4, 0, 0, 223, 0, 0, 160, 1, 1, 0, 112)
5 (1, 4, 0, 85, 0, 57, 0, 132, 1, 1, 0, 252)
6 (1, 4, 201, 0, 0, 41, 0, 121, 1, 1, 0, 153)
7 (1, 4, 7, 0, 0, 56, 0, 85, 1, 1, 0, 135)
8 (1, 4, 42, 0, 0, 51, 0, 93, 1, 1, 0, 53)
9 (1, 4, 35, 0, 0, 60, 0, 57, 1, 1, 0, 127)
10 (1, 4, 0, 0, 0, 68, 0, 44, 1, 1, 0, 224)
11 (1, 4, 49, 0, 0, 78, 0, 51, 1, 1, 0, 37)
12 (1, 4, 25, 0, 0, 73, 0, 41, 1, 1, 0, 79)
13 (1, 4, 0, 0, 26, 71, 0, 44, 1, 1, 0, 45)
14 (1, 4, 0, 0, 22, 71, 0, 45, 1, 1, 0, 16)
15 (1, 4, 14, 0, 0, 68, 0, 46, 1, 1, 0, 13)
16 (1, 4, 3, 12, 5, 72, 0, 50, 1, 1, 0, 32)
17 (1, 4, 0, 9, 0, 71, 0, 55, 1, 1, 0, 152)
18 (1, 4, 0, 6, 0, 74, 0, 54, 1, 1, 0, 109)
19 (1, 4, 0, 11, 0, 72, 0, 59, 1, 1, 0, 207)
20 (1, 4, 0, 0, 0, 71, 0, 55, 1, 1, 0, 158)
21 (1, 4, 0, 21, 4, 70, 0, 58, 1, 1, 0, 145)
22 (1, 4, 0, 2, 0, 67, 0, 62, 1, 1, 0, 186)
23 (1, 4, 0, 0, 0, 67, 0, 57, 1, 1, 0, 196)
24 (1, 4, 0, 0, 0, 64, 0, 58, 1, 1, 0, 131)
25 (1, 4, 0, 0, 0, 63, 0, 54, 1, 1, 0, 114)
26 (1, 4, 8, 8, 0, 64, 0, 64, 1, 1, 0, 36)
27 (1, 4, 0, 24, 0, 57, 0, 69, 1, 1, 0, 179)
28 (1, 4, 0, 20, 0, 44, 0, 72, 1, 1, 0, 14)
29 (1, 4, 0, 17, 0, 36, 0, 67, 1, 1, 0, 21)
30 (1, 4, 0, 10, 0, 55, 0, 66, 1, 1, 0, 22)
31 (1, 4, 90, 0, 0, 68, 0, 69, 2, 1, 0, 146)
0 (1, 4, 0, 0, 0, 74, 19, 56, 1, 1, 0, 242)
1 (1, 4, 0, 0, 10, 71, 4, 57, 1, 0, 0, 163)
2 (1, 4, 0, 0, 6, 62, 0, 51, 1, 0, 0, 221)
3 (1, 4, 0, 0, 0, 67, 0, 43, 1, 0, 0, 197)
4 (1, 4, 0, 9, 0, 77, 0, 28, 1, 0, 0, 24)
5 (1, 4, 0, 80, 0, 92, 0, 33, 1, 0, 0, 38)
6 (1, 4, 52, 102, 0, 81, 0, 52, 1, 0, 0, 207)
7 (1, 4, 182, 103, 0, 92, 0, 46, 1, 0, 0, 104)
8 (1, 4, 235, 92, 0, 77, 33, 42, 1, 0, 0, 102)
9 (1, 4, 127, 76, 0, 95, 49, 47, 1, 0, 0, 44)
10 (1, 4, 0, 91, 105, 88, 56, 43, 1, 0, 0, 6)
11 (1, 4, 0, 54, 271, 86, 20, 52, 1, 0, 0, 13)
12 (1, 4, 0, 5, 234, 86, 1, 67, 2, 1, 0, 227)
13 (1, 4, 77, 0, 255, 83, 0, 60, 2, 1, 0, 34)
14 (1, 4, 76, 0, 223, 91, 0, 40, 1, 1, 0, 42)
15 (1, 4, 21, 0, 178, 100, 0, 59, 1, 1, 0, 64)
16 (1, 4, 0, 0, 180, 92, 0, 55, 1, 1, 0, 158)
17 (1, 4, 0, 0, 107, 99, 0, 53, 1, 1, 0, 176)
18 (1, 4, 26, 0, 37, 90, 0, 46, 1, 1, 0, 172)
19 (1, 4, 0, 0, 8, 86, 0, 48, 1, 1, 0, 217)
20 (1, 4, 8, 0, 0, 81, 0, 48, 1, 1, 0, 72)
21 (1, 4, 0, 0, 21, 80, 0, 52, 1, 1, 0, 231)
22 (1, 4, 0, 0, 37, 75, 0, 57, 1, 1, 0, 8)
23 (1, 4, 0, 0, 114, 73, 0, 48, 2, 3, 0, 18)
24 (1, 4, 0, 0, 187, 79, 0, 31, 2, 3, 0, 42)
25 (1, 4, 0, 0, 199, 64, 0, 0, 2, 3, 0, 61)
26 (1, 4, 0, 0, 90, 69, 0, 0, 2, 3, 0, 166)
27 (1, 4, 35, 0, 0, 74, 0, 0, 2, 3, 0, 193)
28 (1, 4, 0, 0, 0, 77, 0, 0, 2, 2, 0, 34)
29 (1, 4, 0, 0, 0, 74, 0, 0, 2, 2, 0, 127)
30 (1, 4, 0, 0, 0, 71, 0, 0, 2, 2, 0, 228)
31 (1, 4, 0, 0, 0, 50, 0, 0, 3, 2, 0, 46)
0 (1, 4, 0, 0, 121, 25, 84, 0, 1, 3, 0, 159)
1 (1, 4, 0, 27, 320, 5, 72, 0, 1, 2, 0, 222)
2 (1, 4, 61, 376, 464, 5, 39, 0, 1, 1, 0, 78)
3 (1, 4, 285, 788, 703, 0, 15, 0, 0, 1, 0, 24)
4 (1, 4, 606, 873, 873, 0, 5, 113, 1, 1, 0, 153)
5 (1, 4, 499, 78, 267, 0, 0, 286, 1, 1, 0, 221)
6 (1, 4, 0, 0, 43, 71, 0, 88, 1, 1, 0, 122)
7 (1, 4, 105, 95, 0, 30, 0, 122, 1, 1, 0, 61)
8 (1, 4, 125, 0, 0, 54, 0, 91, 1, 1, 0, 217)
9 (1, 4, 0, 65, 22, 53, 0, 103, 1, 1, 0, 197)
10 (1, 4, 35, 0, 0, 41, 0, 96, 1, 1, 0, 72)
11 (1, 4, 0, 0, 0, 57, 0, 72, 1, 1, 0, 33)
12 (1, 4, 11, 0, 0, 59, 0, 76, 1, 1, 0, 8)
13 (1, 4, 38, 0, 0, 60, 0, 68, 1, 1, 0, 62)
14 (1, 4, 0, 0, 10, 60, 0, 60, 1, 1, 0, 147)
15 (1, 4, 0, 0, 9, 58, 0, 58, 1, 1, 0, 166)
16 (1, 4, 2, 0, 1, 59, 0, 57, 1, 1, 0, 127)
17 (1, 4, 0, 0, 0, 62, 0, 61, 1, 1, 0, 225)
18 (1, 4, 11, 0, 0, 65, 0, 65, 1, 1, 0, 69)
19 (1, 4, 5, 0, 0, 66, 0, 68, 1, 1, 0, 154)
20 (1, 4, 1, 0, 0, 66, 0, 69, 1, 1, 0, 125)
21 (1, 4, 0, 0, 0, 66, 0, 65, 1, 1, 0, 6)
22 (1, 4, 1, 0, 0, 67, 0, 64, 1, 1, 0, 200)
23 (1, 4, 15, 0, 0, 66, 0, 63, 1, 1, 0, 77)
24 (1, 4, 0, 0, 0, 67, 0, 59, 1, 1, 0, 125)
25 (1, 4, 0, 0, 0, 66, 0, 56, 1, 1, 0, 4)
26 (1, 4, 0, 0, 0, 67, 0, 55, 1, 1, 0, 226)
27 (1, 4, 0, 1, 0, 65, 0, 56, 1, 1, 0, 144)
28 (1, 4, 0, 5, 0, 68, 0, 57, 1, 1, 0, 246)
29 (1, 4, 10, 8, 0, 70, 0, 59, 1, 1, 0, 193)
30 (1, 4, 14, 17, 0, 68, 0, 66, 1, 1, 0, 162)
31 (1, 4, 20, 8, 0, 67, 0, 66, 1, 1, 0, 20)
0 (1, 4, 0, 0, 0, 77, 0, 0, 2, 2, 0, 34)
1 (1, 4, 0, 0, 0, 67, 0, 0, 2, 2, 0, 152)
2 (1, 4, 0, 0, 0, 53, 0, 0, 2, 2, 0, 17)
3 (1, 4, 0, 0, 0, 42, 0, 0, 3, 2, 0, 33)
4 (1, 4, 0, 0, 0, 29, 0, 0, 3, 2, 0, 98)
5 (1, 4, 0, 0, 0, 19, 30, 0, 2, 2, 0, 239)
6 (1, 4, 0, 0, 0, 11, 48, 0, 2, 2, 0, 61)
7 (1, 4, 0, 0, 32, 0, 77, 0, 1, 3, 0, 30)
8 (1, 4, 0, 0, 165, 0, 102, 0, 3, 4, 0, 176)
9 (1, 4, 0, 0, 412, 0, 90, 0, 1, 2, 0, 87)
10 (1, 4, 72, 195, 546, 0, 61, 0, 5, 5, 0, 72)
11 (1, 4, 398, 606, 750, 0, 45, 0, 2, 2, 0, 209)
12 (1, 4, 356, 873, 873, 0, 14, 48, 1, 1, 0, 4)
13 (1, 4, 873, 201, 472, 0, 0, 326, 1, 0, 0, 154)
14 (1, 4, 27, 0, 92, 56, 0, 168, 1, 0, 0, 223)
15 (1, 4, 64, 10, 0, 42, 0, 156, 1, 0, 0, 162)
16 (1, 4, 10, 0, 0, 58, 0, 88, 1, 0, 0, 212)
17 (1, 4, 3, 0, 0, 48, 0, 79, 1, 0, 0, 172)
18 (1, 4, 0, 0, 0, 44, 0, 69, 1, 0, 0, 158)
19 (1, 4, 37, 0, 0, 53, 0, 58, 1, 0, 0, 177)
20 (1, 4, 0, 0, 0, 63, 0, 37, 1, 1, 0, 199)
21 (1, 4, 0, 0, 8, 67, 0, 41, 1, 0, 0, 192)
22 (1, 4, 0, 0, 8, 71, 0, 38, 1, 0, 0, 69)
23 (1, 4, 17, 0, 0, 66, 0, 41, 1, 0, 0, 141)
24 (1, 4, 5, 0, 0, 70, 0, 39, 1, 1, 0, 100)
25 (1, 4, 0, 0, 0, 71, 0, 36, 1, 1, 0, 43)
26 (1, 4, 0, 0, 0, 76, 0, 32, 1, 1, 0, 135)
27 (1, 4, 42, 0, 0, 74, 0, 36, 1, 1, 0, 27)
28 (1, 4, 48, 0, 0, 76, 0, 39, 1, 1, 0, 179)
29 (1, 4, 10, 8, 0, 72, 0, 42, 1, 1, 0, 119)
30 (1, 4, 8, 0, 0, 72, 0, 43, 1, 1, 0, 7)
31 (1, 4, 0, 3, 0, 73, 0, 40, 1, 1, 0, 214)
0 (1, 4, 0, 0, 149, 89, 0, 62, 2, 1, 0, 4)
1 (1, 4, 4, 0, 119, 86, 0, 72, 1, 0, 0, 116)
2 (1, 4, 0, 0, 223, 92, 0, 63, 1, 0, 0, 29)
3 (1, 4, 0, 0, 265, 70, 0, 83, 0, 1, 0, 7)
4 (1, 4, 0, 0, 191, 58, 0, 63, 1, 1, 0, 13)
5 (1, 4, 0, 0, 189, 56, 0, 16, 2, 2, 0, 95)
6 (1, 4, 0, 0, 196, 53, 0, 10, 2, 2, 0, 22)
7 (1, 4, 293, 0, 99, 63, 0, 9, 2, 2, 0, 175)
8 (1, 4, 312, 0, 0, 73, 0, 18, 2, 2, 0, 97)
9 (1, 4, 162, 0, 0, 73, 0, 17, 2, 2, 0, 156)
10 (1, 4, 0, 0, 0, 65, 0, 1, 2, 2, 0, 121)
11 (1, 4, 0, 0, 0, 59, 0, 0, 1, 2, 0, 13)
12 (1, 4, 0, 0, 0, 36, 0, 0, 2, 2, 0, 249)
13 (1, 4, 0, 0, 0, 15, 0, 0, 2, 2, 0, 201)
14 (1, 4, 0, 0, 0, 25, 0, 0, 2, 1, 0, 193)
15 (1, 4, 0, 0, 0, 25, 0, 0, 2, 1, 0, 193)
16 (1, 4, 0, 0, 0, 37, 0, 0, 2, 1, 0, 91)
17 (1, 4, 0, 0, 0, 41, 3, 0, 1, 1, 0, 242)
18 (1, 4, 0, 0, 0, 33, 40, 0, 1, 1, 0, 77)
19 (1, 4, 0, 0, 0, 13, 85, 0, 2, 4, 0, 143)
20 (1, 4, 0, 0, 144, 6, 121, 0, 3, 4, 0, 149)
21 (1, 4, 104, 323, 490, 0, 110, 0, 0, 1, 0, 104)
22 (1, 4, 286, 636, 873, 0, 28, 0, 0, 1, 0, 74)
23 (1, 4, 286, 802, 873, 0, 0, 108, 2, 1, 0, 81)
24 (1, 4, 629, 202, 448, 0, 0, 305, 0, 0, 0, 109)
25 (1, 4, 556, 0, 75, 47, 0, 156, 1, 0, 0, 225)
26 (1, 4, 0, 131, 190, 49, 0, 184, 1, 0, 0, 107)
27 (1, 4, 216, 0, 0, 29, 0, 138, 1, 0, 0, 165)
28 (1, 4, 36, 0, 0, 36, 0, 98, 1, 0, 0, 43)
29 (1, 4, 0, 0, 0, 27, 0, 77, 1, 0, 0, 55)
30 (1, 4, 46, 0, 0, 41, 0, 68, 1, 0, 0, 177)
31 (1, 4, 51, 0, 0, 49, 0, 65, 1, 0, 0, 178)
0 (1, 4, 0, 0, 0, 75, 0, 0, 2, 2, 0, 96)
1 (1, 4, 0, 0, 0, 65, 0, 0, 2, 2, 0, 166)
2 (1, 4, 0, 0, 0, 68, 0, 0, 1, 2, 0, 99)
3 (1, 4, 0, 0, 0, 61, 0, 0, 1, 1, 0, 242)
4 (1, 4, 0, 0, 0, 45, 0, 0, 2, 1, 0, 163)
5 (1, 4, 0, 0, 0, 42, 9, 0, 2, 1, 0, 70)
6 (1, 4, 0, 0, 0, 56, 20, 0, 1, 1, 0, 247)
7 (1, 4, 0, 0, 22, 49, 50, 0, 1, 1, 0, 2)
8 (1, 4, 0, 0, 135, 48, 67, 0, 1, 1, 0, 236)
9 (1, 4, 0, 0, 292, 33, 68, 0, 1, 1, 0, 133)
10 (1, 4, 11, 150, 511, 11, 34, 0, 0, 1, 0, 9)
11 (1, 4, 324, 512, 703, 0, 12, 0, 0, 1, 0, 218)
12 (1, 4, 134, 757, 873, 0, 0, 132, 0, 0, 0, 249)
13 (1, 4, 509, 421, 535, 0, 0, 241, 0, 0, 0, 138)
14 (1, 4, 480, 191, 166, 38, 0, 159, 1, 0, 0, 35)
15 (1, 4, 0, 53, 44, 48, 0, 213, 0, 0, 0, 6)
16 (1, 4, 66, 0, 0, 70, 0, 86, 1, 0, 0, 68)
17 (1, 4, 0, 0, 0, 39, 0, 94, 1, 0, 0, 24)
18 (1, 4, 22, 0, 0, 50, 0, 61, 0, 0, 0, 168)
19 (1, 4, 0, 0, 0, 51, 0, 59, 0, 0, 0, 191)
20 (1, 4, 17, 0, 0, 63, 0, 55, 0, 0, 0, 74)
21 (1, 4, 71, 0, 0, 65, 0, 60, 0, 0, 0, 250)
22 (1, 4, 33, 0, 0, 63, 0, 59, 0, 0, 0, 242)
23 (1, 4, 0, 0, 7, 70, 0, 60, 1, 0, 0, 131)
24 (1, 4, 14, 0, 0, 67, 0, 58, 0, 0, 0, 255)
25 (1, 4, 21, 10, 0, 68, 0, 61, 0, 0, 0, 237)
26 (1, 4, 16, 13, 0, 70, 0, 68, 1, 0, 0, 135)
27 (1, 4, 0, 0, 2, 72, 0, 69, 0, 0, 0, 147)
28 (1, 4, 0, 0, 4, 65, 0, 65, 0, 0, 0, 112)
29 (1, 4, 0, 0, 1, 67, 0, 59, 1, 0, 0, 130)
30 (1, 4, 6, 0, 0, 66, 0, 58, 0, 0, 0, 144)
31 (1, 4, 13, 0, 0, 64, 0, 61, 0, 0, 0, 223)
0 (1, 4, 2, 0, 0, 76, 0, 0, 2, 2, 0, 33)
1 (1, 4, 0, 0, 0, 79, 0, 0, 2, 2, 0, 28)
2 (1, 4, 0, 0, 0, 71, 0, 0, 2, 2, 0, 228)
3 (1, 4, 0, 0, 0, 65, 0, 0, 2, 2, 0, 166)
4 (1, 4, 0, 0, 0, 57, 0, 0, 2, 2, 0, 149)
5 (1, 4, 0, 0, 0, 62, 1, 0, 2, 2, 0, 177)
6 (1, 4, 0, 0, 0, 61, 19, 0, 2, 2, 0, 231)
7 (1, 4, 0, 0, 22, 49, 54, 0, 1, 2, 0, 92)
8 (1, 4, 0, 0, 120, 25, 66, 0, 1, 2, 0, 244)
9 (1, 4, 0, 0, 311, 17, 65, 0, 1, 2, 0, 120)
10 (1, 4, 21, 81, 477, 0, 24, 0, 1, 1, 0, 236)
11 (1, 4, 221, 598, 474, 0, 23, 0, 1, 1, 0, 131)
12 (1, 4, 366, 873, 873, 0, 28, 88, 0, 0, 0, 24)
13 (1, 4, 351, 704, 590, 0, 0, 258, 1, 1, 0, 21)
14 (1, 4, 346, 73, 256, 0, 0, 184, 0, 0, 0, 179)
15 (1, 4, 0, 70, 138, 45, 0, 151, 1, 1, 0, 25)
16 (1, 4, 175, 0, 0, 40, 0, 114, 1, 1, 0, 96)
17 (1, 4, 0, 0, 0, 52, 0, 74, 1, 1, 0, 3)
18 (1, 4, 53, 0, 0, 47, 0, 78, 1, 0, 0, 34)
19 (1, 4, 0, 0, 0, 54, 0, 70, 1, 0, 0, 201)
20 (1, 4, 0, 0, 0, 50, 0, 55, 1, 0, 0, 93)
21 (1, 4, 0, 0, 0, 55, 0, 41, 1, 0, 0, 203)
22 (1, 4, 0, 0, 0, 63, 0, 39, 1, 0, 0, 21)
23 (1, 4, 0, 0, 0, 63, 0, 41, 1, 0, 0, 51)
24 (1, 4, 31, 13, 0, 67, 0, 45, 1, 0, 0, 111)
25 (1, 4, 17, 0, 0, 66, 0, 52, 1, 0, 0, 30)
26 (1, 4, 0, 0, 0, 67, 0, 44, 1, 0, 0, 214)
27 (1, 4, 6, 0, 0, 68, 0, 47, 1, 0, 0, 201)
28 (1, 4, 17, 0, 0, 71, 0, 48, 1, 0, 0, 8)
29 (1, 4, 20, 0, 0, 71, 0, 51, 1, 0, 0, 88)
30 (1, 4, 9, 0, 0, 71, 0, 52, 1, 0, 0, 237)
31 (1, 4, 24, 0, 0, 73, 0, 52, 1, 0, 0, 185)
GLOVE DISCONNECTED
GLOVE CONNECTED
GLOVE DISCONNECTED
GLOVE CONNECTED
GLOVE DISCONNECTED
GLOVE CONNECTED
0 (1, 4, 101, 0, 0, 88, 0, 0, 1, 2, 0, 104)
1 (1, 4, 65, 0, 0, 73, 0, 0, 1, 2, 0, 127)
2 (1, 4, 0, 0, 0, 72, 0, 0, 2, 2, 0, 65)
3 (1, 4, 0, 0, 0, 67, 0, 0, 2, 2, 0, 152)
4 (1, 4, 0, 0, 0, 63, 0, 0, 2, 2, 0, 215)
5 (1, 4, 0, 0, 0, 61, 0, 0, 3, 2, 0, 139)
6 (1, 4, 0, 0, 0, 60, 0, 0, 3, 1, 0, 41)
7 (1, 4, 0, 0, 0, 55, 0, 0, 2, 2, 0, 47)
8 (1, 4, 0, 0, 0, 66, 9, 0, 1, 2, 0, 153)
9 (1, 4, 0, 0, 0, 64, 35, 0, 3, 5, 0, 75)
10 (1, 4, 0, 0, 5, 59, 71, 0, 2, 3, 0, 120)
11 (1, 4, 0, 0, 135, 59, 91, 0, 0, 1, 0, 19)
12 (1, 4, 51, 121, 406, 18, 89, 0, 0, 1, 0, 74)
13 (1, 4, 184, 442, 691, 0, 27, 0, 1, 1, 0, 18)
14 (1, 4, 212, 660, 839, 0, 0, 30, 1, 1, 0, 72)
15 (1, 4, 355, 706, 783, 0, 0, 147, 0, 1, 0, 232)
16 (1, 4, 378, 232, 378, 0, 0, 220, 1, 1, 0, 115)
17 (1, 4, 0, 0, 0, 39, 0, 159, 1, 1, 0, 99)
18 (1, 4, 288, 0, 0, 39, 0, 98, 1, 0, 0, 48)
19 (1, 4, 7, 21, 0, 48, 0, 120, 1, 0, 0, 251)
20 (1, 4, 4, 0, 0, 46, 0, 91, 0, 0, 0, 15)
21 (1, 4, 0, 0, 0, 41, 0, 55, 1, 0, 0, 115)
22 (1, 4, 0, 0, 0, 44, 0, 52, 1, 0, 0, 118)
23 (1, 4, 0, 0, 21, 49, 0, 55, 0, 0, 0, 171)
24 (1, 4, 0, 0, 17, 48, 0, 66, 1, 0, 0, 21)
25 (1, 4, 0, 3, 1, 49, 0, 68, 1, 0, 0, 97)
26 (1, 4, 40, 21, 0, 45, 0, 80, 1, 0, 0, 65)
27 (1, 4, 0, 0, 0, 44, 0, 83, 1, 0, 0, 129)
28 (1, 4, 0, 1, 0, 46, 0, 82, 1, 0, 0, 213)
29 (1, 4, 0, 0, 9, 48, 0, 92, 1, 0, 0, 35)
0 (1, 4, 38, 51, 260, 0, 154, 0, 0, 1, 0, 12)
1 (1, 4, 277, 401, 516, 0, 95, 0, 0, 1, 0, 35)
2 (1, 4, 230, 583, 632, 0, 27, 0, 0, 1, 0, 149)
3 (1, 4, 454, 773, 853, 0, 7, 64, 0, 0, 0, 7)
4 (1, 4, 220, 873, 873, 0, 0, 181, 6, 6, 0, 139)
5 (1, 4, 284, 0, 247, 0, 0, 154, 1, 0, 0, 210)
6 (1, 4, 189, 15, 0, 32, 0, 148, 0, 0, 0, 126)
7 (1, 4, 0, 0, 0, 30, 0, 117, 0, 0, 0, 174)
8 (1, 4, 15, 37, 56, 48, 0, 105, 0, 0, 0, 123)
9 (1, 4, 11, 0, 0, 24, 0, 109, 0, 0, 0, 183)
10 (1, 4, 0, 0, 0, 38, 0, 57, 0, 0, 0, 146)
11 (1, 4, 0, 0, 0, 47, 0, 57, 0, 0, 0, 117)
12 (1, 4, 25, 0, 0, 54, 0, 63, 1, 0, 0, 85)
13 (1, 4, 0, 0, 0, 61, 0, 53, 0, 0, 0, 35)
14 (1, 4, 0, 0, 4, 51, 0, 49, 0, 0, 0, 178)
15 (1, 4, 0, 0, 0, 50, 0, 35, 0, 0, 0, 153)
16 (1, 4, 20, 0, 0, 69, 0, 23, 0, 0, 0, 208)
17 (1, 4, 58, 39, 0, 74, 0, 43, 1, 0, 0, 169)
18 (1, 4, 20, 69, 23, 72, 0, 44, 0, 0, 0, 195)
19 (1, 4, 18, 53, 71, 64, 0, 51, 1, 0, 0, 243)
20 (1, 4, 0, 33, 43, 61, 0, 47, 1, 0, 0, 79)
21 (1, 4, 7, 0, 0, 57, 0, 51, 0, 0, 0, 185)
22 (1, 4, 17, 0, 0, 59, 0, 45, 0, 0, 0, 182)
23 (1, 4, 45, 0, 0, 63, 0, 47, 0, 0, 0, 28)
24 (1, 4, 67, 0, 0, 66, 0, 45, 0, 0, 0, 239)
25 (1, 4, 125, 3, 36, 67, 0, 43, 0, 0, 0, 55)
26 (1, 4, 74, 37, 58, 65, 0, 55, 0, 0, 0, 143)
27 (1, 4, 47, 16, 41, 60, 0, 60, 1, 0, 0, 65)
28 (1, 4, 10, 3, 0, 59, 0, 58, 0, 0, 0, 44)
29 (1, 4, 23, 0, 0, 59, 0, 57, 1, 0, 0, 86)
30 (1, 4, 33, 21, 0, 60, 0, 52, 1, 0, 0, 70)
31 (1, 4, 73, 50, 17, 54, 0, 61, 2, 1, 0, 109)
0 (1, 4, 0, 98, 450, 0, 100, 0, 1, 1, 0, 215)
1 (1, 4, 274, 621, 641, 0, 44, 0, 11, 14, 0, 179)
2 (1, 4, 405, 873, 835, 0, 2, 66, 1, 1, 0, 112)
3 (1, 4, 507, 873, 873, 0, 26, 133, 1, 2, 0, 34)
4 (1, 4, 582, 511, 381, 0, 0, 320, 1, 0, 0, 253)
5 (1, 4, 0, 77, 224, 20, 0, 175, 1, 1, 0, 133)
6 (1, 4, 0, 0, 0, 0, 0, 143, 1, 0, 0, 111)
7 (1, 4, 13, 0, 0, 20, 0, 105, 1, 0, 0, 0)
8 (1, 4, 0, 11, 0, 18, 0, 105, 1, 0, 0, 111)
9 (1, 4, 0, 0, 0, 20, 0, 88, 1, 0, 0, 235)
10 (1, 4, 0, 0, 0, 37, 0, 66, 1, 1, 0, 1)
11 (1, 4, 12, 0, 0, 43, 0, 75, 1, 1, 0, 198)
12 (1, 4, 22, 0, 0, 42, 0, 68, 1, 1, 0, 172)
13 (1, 4, 3, 0, 0, 48, 0, 66, 1, 0, 0, 236)
14 (1, 4, 0, 0, 0, 52, 0, 66, 1, 0, 0, 130)
15 (1, 4, 0, 0, 10, 50, 0, 68, 1, 0, 0, 159)
16 (1, 4, 0, 5, 8, 45, 0, 72, 1, 0, 0, 18)
17 (1, 4, 2, 2, 0, 45, 0, 76, 1, 0, 0, 197)
18 (1, 4, 0, 0, 0, 45, 0, 75, 1, 0, 0, 167)
19 (1, 4, 2, 0, 0, 46, 0, 80, 1, 0, 0, 197)
20 (1, 4, 0, 0, 0, 48, 0, 76, 1, 0, 0, 216)
21 (1, 4, 23, 0, 0, 50, 0, 80, 1, 0, 0, 96)
22 (1, 4, 36, 0, 0, 52, 0, 76, 1, 0, 0, 91)
23 (1, 4, 30, 0, 0, 52, 0, 78, 1, 0, 0, 169)
24 (1, 4, 27, 0, 0, 54, 0, 76, 1, 0, 0, 24)
25 (1, 4, 9, 0, 0, 54, 0, 74, 1, 0, 0, 40)
26 (1, 4, 9, 0, 0, 52, 0, 74, 1, 0, 0, 22)
27 (1, 4, 0, 0, 0, 51, 0, 70, 1, 0, 0, 170)
28 (1, 4, 0, 0, 0, 47, 0, 72, 1, 0, 0, 255)
29 (1, 4, 0, 0, 0, 45, 0, 67, 1, 0, 0, 77)
30 (1, 4, 0, 0, 0, 39, 0, 67, 1, 0, 0, 139)
31 (1, 4, 0, 0, 0, 37, 0, 68, 1, 0, 0, 166)
0 (1, 4, 0, 0, 117, 0, 83, 0, 1, 2, 0, 110)
1 (1, 4, 0, 0, 185, 0, 104, 0, 1, 2, 0, 68)
2 (1, 4, 116, 186, 459, 0, 99, 0, 1, 1, 0, 81)
3 (1, 4, 469, 686, 744, 0, 51, 0, 2, 3, 0, 180)
4 (1, 4, 507, 873, 873, 0, 29, 64, 1, 1, 0, 146)
5 (1, 4, 642, 873, 805, 0, 0, 248, 2, 1, 0, 55)
6 (1, 4, 0, 0, 320, 0, 0, 177, 1, 0, 0, 157)
7 (1, 4, 5, 103, 0, 0, 0, 213, 0, 0, 0, 189)
8 (1, 4, 38, 0, 0, 15, 0, 136, 0, 0, 0, 88)
9 (1, 4, 0, 0, 0, 26, 0, 96, 0, 0, 0, 171)
10 (1, 4, 81, 0, 0, 23, 0, 92, 0, 0, 0, 186)
11 (1, 4, 23, 0, 0, 37, 0, 67, 0, 0, 0, 29)
12 (1, 4, 0, 0, 0, 42, 0, 58, 0, 0, 0, 112)
13 (1, 4, 39, 0, 0, 46, 0, 57, 1, 0, 0, 229)
14 (1, 4, 25, 0, 0, 48, 0, 60, 0, 0, 0, 19)
15 (1, 4, 27, 3, 6, 47, 0, 59, 1, 0, 0, 133)
16 (1, 4, 25, 21, 5, 45, 0, 75, 1, 0, 0, 253)
17 (1, 4, 8, 14, 13, 47, 0, 73, 1, 0, 0, 34)
18 (1, 4, 18, 23, 17, 45, 0, 77, 1, 0, 0, 31)
19 (1, 4, 37, 5, 0, 45, 0, 79, 1, 0, 0, 76)
20 (1, 4, 37, 4, 0, 45, 0, 80, 1, 0, 0, 211)
21 (1, 4, 19, 0, 0, 45, 0, 83, 1, 0, 0, 108)
22 (1, 4, 25, 0, 1, 45, 0, 78, 1, 0, 0, 7)
23 (1, 4, 0, 0, 11, 45, 0, 79, 1, 0, 0, 213)
24 (1, 4, 5, 0, 4, 44, 0, 81, 1, 0, 0, 80)
25 (1, 4, 16, 0, 0, 46, 0, 74, 1, 0, 0, 185)
26 (1, 4, 11, 0, 0, 46, 0, 74, 1, 0, 0, 59)
27 (1, 4, 3, 0, 0, 45, 0, 74, 1, 0, 0, 106)
28 (1, 4, 5, 3, 0, 46, 0, 77, 1, 0, 0, 164)
29 (1, 4, 1, 5, 0, 44, 0, 80, 1, 0, 0, 134)
30 (1, 4, 5, 0, 0, 45, 0, 79, 1, 0, 0, 228)
31 (1, 4, 8, 6, 1, 42, 0, 82, 1, 0, 0, 79)
GLOVE DISCONNECTED
GLOVE CONNECTED
0 (1, 4, 0, 0, 0, 70, 0, 0, 2, 2, 0, 251)
1 (1, 4, 0, 0, 0, 61, 0, 0, 2, 2, 0, 233)
2 (1, 4, 0, 0, 0, 61, 0, 0, 2, 2, 0, 233)
3 (1, 4, 0, 0, 0, 48, 3, 0, 2, 2, 0, 249)
4 (1, 4, 0, 0, 0, 37, 17, 0, 2, 2, 0, 26)
5 (1, 4, 0, 0, 41, 28, 33, 0, 1, 1, 0, 166)
6 (1, 4, 0, 0, 32, 21, 55, 0, 0, 1, 0, 159)
7 (1, 4, 0, 0, 39, 15, 85, 0, 1, 1, 0, 204)
8 (1, 4, 0, 0, 165, 0, 121, 0, 0, 1, 0, 250)
9 (1, 4, 105, 172, 365, 5, 97, 0, 0, 1, 0, 172)
10 (1, 4, 457, 627, 687, 0, 41, 0, 1, 1, 0, 251)
11 (1, 4, 448, 873, 873, 0, 22, 62, 0, 0, 0, 133)
12 (1, 4, 797, 873, 586, 0, 0, 425, 4, 4, 0, 112)
13 (1, 4, 0, 0, 236, 25, 0, 156, 1, 1, 0, 183)
14 (1, 4, 0, 17, 0, 49, 0, 137, 1, 0, 0, 118)
15 (1, 4, 99, 0, 0, 41, 0, 83, 1, 0, 0, 190)
16 (1, 4, 0, 30, 35, 57, 0, 69, 1, 0, 0, 42)
17 (1, 4, 9, 0, 0, 50, 0, 69, 1, 0, 0, 173)
18 (1, 4, 4, 0, 0, 56, 0, 56, 1, 0, 0, 90)
19 (1, 4, 36, 0, 0, 68, 0, 59, 1, 0, 0, 180)
20 (1, 4, 0, 0, 0, 67, 0, 53, 1, 0, 0, 48)
21 (1, 4, 0, 11, 25, 69, 0, 58, 1, 0, 0, 183)
22 (1, 4, 0, 0, 22, 60, 0, 59, 1, 0, 0, 118)
23 (1, 4, 0, 1, 20, 67, 0, 55, 1, 0, 0, 29)
24 (1, 4, 1, 0, 0, 64, 0, 63, 1, 0, 0, 76)
25 (1, 4, 3, 0, 0, 66, 0, 60, 1, 0, 0, 8)
26 (1, 4, 0, 0, 0, 64, 0, 63, 1, 0, 0, 66)
27 (1, 4, 1, 0, 0, 65, 0, 60, 1, 0, 0, 53)
28 (1, 4, 4, 1, 0, 68, 0, 55, 1, 0, 0, 89)
29 (1, 4, 42, 0, 0, 72, 0, 56, 1, 0, 0, 2)
0 (1, 4, 0, 0, 0, 42, 45, 0, 2, 2, 0, 21)
1 (1, 4, 0, 0, 27, 29, 38, 0, 3, 3, 0, 109)
2 (1, 4, 0, 0, 151, 13, 35, 0, 6, 8, 0, 18)
3 (1, 4, 0, 0, 163, 0, 55, 0, 4, 6, 0, 216)
4 (1, 4, 0, 0, 334, 0, 96, 0, 3, 4, 0, 15)
5 (1, 4, 0, 243, 573, 0, 82, 0, 2, 3, 0, 222)
6 (1, 4, 389, 748, 676, 0, 70, 0, 0, 1, 0, 48)
7 (1, 4, 520, 873, 873, 0, 27, 67, 2, 2, 0, 81)
8 (1, 4, 562, 735, 545, 0, 0, 363, 2, 1, 0, 224)
9 (1, 4, 0, 0, 106, 19, 0, 170, 1, 0, 0, 36)
10 (1, 4, 141, 56, 0, 19, 0, 150, 1, 0, 0, 28)
11 (1, 4, 4, 0, 0, 45, 0, 113, 1, 0, 0, 190)
12 (1, 4, 0, 3, 1, 32, 0, 106, 1, 0, 0, 14)
13 (1, 4, 5, 0, 0, 38, 0, 83, 1, 0, 0, 113)
14 (1, 4, 0, 0, 0, 35, 0, 62, 1, 0, 0, 128)
15 (1, 4, 0, 0, 0, 48, 0, 62, 1, 0, 0, 86)
16 (1, 4, 0, 0, 0, 54, 0, 62, 1, 0, 0, 20)
17 (1, 4, 0, 0, 0, 54, 0, 67, 1, 0, 0, 99)
18 (1, 4, 33, 0, 0, 54, 0, 57, 1, 0, 0, 206)
19 (1, 4, 0, 0, 11, 56, 0, 56, 1, 0, 0, 101)
20 (1, 4, 0, 0, 0, 60, 0, 67, 1, 0, 0, 165)
21 (1, 4, 28, 1, 0, 60, 0, 67, 1, 1, 0, 211)
22 (1, 4, 0, 0, 9, 54, 0, 59, 1, 0, 0, 150)
23 (1, 4, 0, 0, 13, 55, 0, 49, 1, 0, 0, 132)
24 (1, 4, 0, 2, 7, 63, 0, 53, 1, 0, 0, 247)
25 (1, 4, 33, 10, 11, 60, 0, 59, 1, 0, 0, 104)
26 (1, 4, 4, 10, 8, 61, 0, 64, 1, 0, 0, 134)
27 (1, 4, 14, 0, 4, 60, 0, 64, 1, 0, 0, 201)
28 (1, 4, 0, 0, 7, 61, 0, 57, 1, 0, 0, 59)
29 (1, 4, 0, 0, 1, 60, 0, 58, 1, 0, 0, 51)
30 (1, 4, 11, 0, 0, 61, 0, 59, 1, 0, 0, 5)
31 (1, 4, 0, 0, 0, 57, 0, 61, 1, 0, 0, 215)
GLOVE DISCONNECTED
GLOVE CONNECTED
GLOVE DISCONNECTED
GLOVE CONNECTED
0 (1, 4, 0, 0, 0, 67, 0, 0, 1, 2, 0, 62)
1 (1, 4, 0, 0, 0, 62, 0, 0, 2, 2, 0, 200)
2 (1, 4, 0, 0, 0, 45, 0, 0, 2, 2, 0, 30)
3 (1, 4, 0, 0, 0, 30, 0, 0, 2, 2, 0, 33)
4 (1, 4, 0, 0, 0, 41, 7, 0, 2, 2, 0, 10)
5 (1, 4, 0, 0, 0, 26, 50, 0, 3, 2, 0, 69)
6 (1, 4, 0, 0, 0, 27, 49, 0, 2, 2, 0, 179)
7 (1, 4, 0, 0, 0, 17, 51, 0, 2, 2, 0, 135)
8 (1, 4, 0, 0, 134, 0, 43, 0, 2, 1, 0, 22)
9 (1, 4, 0, 0, 97, 0, 79, 0, 1, 2, 0, 232)
10 (1, 4, 0, 0, 273, 0, 144, 0, 4, 9, 0, 204)
11 (1, 4, 36, 117, 651, 0, 147, 0, 3, 4, 0, 181)
12 (1, 4, 683, 836, 873, 0, 98, 0, 1, 1, 0, 157)
13 (1, 4, 639, 873, 873, 0, 0, 163, 12, 13, 0, 97)
14 (1, 4, 873, 422, 257, 0, 0, 448, 0, 0, 0, 246)
15 (1, 4, 0, 30, 311, 38, 0, 229, 0, 0, 0, 77)
16 (1, 4, 197, 0, 0, 0, 0, 154, 0, 0, 0, 222)
17 (1, 4, 0, 0, 0, 35, 0, 92, 0, 0, 0, 191)
18 (1, 4, 0, 0, 0, 13, 0, 88, 0, 0, 0, 153)
19 (1, 4, 0, 0, 0, 30, 0, 77, 0, 0, 0, 54)
20 (1, 4, 0, 0, 0, 43, 0, 62, 0, 0, 0, 26)
21 (1, 4, 0, 0, 0, 49, 0, 62, 0, 0, 0, 43)
22 (1, 4, 17, 0, 0, 56, 0, 59, 0, 0, 0, 136)
23 (1, 4, 11, 0, 0, 62, 0, 60, 0, 0, 0, 85)
24 (1, 4, 0, 5, 0, 60, 0, 66, 0, 0, 0, 119)
25 (1, 4, 0, 0, 0, 55, 0, 65, 0, 0, 0, 167)
26 (1, 4, 0, 0, 0, 58, 0, 64, 0, 0, 0, 227)
27 (1, 4, 16, 0, 0, 55, 0, 69, 0, 0, 0, 50)
28 (1, 4, 25, 0, 0, 82, 0, 45, 0, 0, 0, 29)
29 (1, 4, 54, 30, 0, 77, 0, 60, 0, 0, 0, 187)
0 (1, 4, 0, 0, 122, 40, 53, 0, 1, 1, 0, 157)
1 (1, 4, 0, 0, 261, 28, 40, 0, 1, 1, 0, 95)
2 (1, 4, 0, 88, 301, 37, 9, 0, 1, 1, 0, 193)
3 (1, 4, 246, 428, 172, 50, 0, 0, 1, 1, 0, 106)
4 (1, 4, 0, 655, 378, 0, 8, 0, 0, 0, 0, 118)
5 (1, 4, 218, 712, 520, 0, 0, 88, 0, 0, 0, 232)
6 (1, 4, 488, 409, 209, 0, 0, 67, 1, 0, 0, 116)
7 (1, 4, 349, 618, 205, 0, 0, 112, 1, 0, 0, 40)
8 (1, 4, 208, 212, 41, 0, 0, 148, 1, 0, 0, 163)
9 (1, 4, 93, 88, 0, 0, 14, 153, 1, 0, 0, 222)
10 (1, 4, 141, 0, 0, 0, 30, 142, 1, 0, 0, 182)
11 (1, 4, 10, 0, 0, 9, 32, 121, 1, 0, 0, 152)
12 (1, 4, 0, 0, 0, 10, 17, 120, 1, 0, 0, 251)
13 (1, 4, 77, 0, 0, 40, 2, 122, 1, 0, 0, 84)
14 (1, 4, 90, 0, 24, 52, 16, 94, 1, 0, 0, 141)
15 (1, 4, 0, 3, 81, 48, 0, 87, 1, 1, 0, 36)
16 (1, 4, 0, 0, 75, 23, 0, 96, 1, 0, 0, 174)
17 (1, 4, 0, 0, 36, 22, 0, 91, 1, 0, 0, 19)
18 (1, 4, 0, 0, 0, 38, 0, 92, 1, 0, 0, 190)
19 (1, 4, 5, 0, 0, 66, 0, 84, 1, 1, 0, 73)
20 (1, 4, 31, 0, 0, 72, 1, 79, 1, 1, 0, 37)
21 (1, 4, 0, 0, 0, 65, 0, 78, 1, 1, 0, 222)
22 (1, 4, 0, 0, 0, 52, 0, 80, 1, 1, 0, 131)
23 (1, 4, 27, 0, 0, 42, 7, 84, 1, 1, 0, 81)
24 (1, 4, 0, 0, 6, 43, 11, 82, 1, 1, 0, 83)
25 (1, 4, 7, 0, 23, 41, 9, 85, 1, 1, 0, 77)
26 (1, 4, 33, 0, 16, 46, 4, 89, 1, 0, 0, 185)
27 (1, 4, 92, 0, 29, 42, 11, 91, 1, 1, 0, 32)
28 (1, 4, 36, 0, 56, 47, 11, 85, 1, 1, 0, 143)
29 (1, 4, 82, 0, 92, 55, 7, 84, 1, 1, 0, 172)
30 (1, 4, 98, 0, 92, 69, 0, 85, 1, 1, 0, 201)
31 (1, 4, 189, 0, 97, 81, 1, 82, 1, 1, 0, 249)

