0 (1, 4, 0, 0, 0, 0, 0, 105, 1, 1, 0, 166)
1 (1, 4, 0, 0, 0, 0, 0, 77, 2, 2, 0, 105)
2 (1, 4, 0, 0, 0, 0, 0, 91, 2, 2, 0, 118)
3 (1, 4, 35, 0, 0, 0, 0, 34, 3, 2, 0, 195)
4 (1, 4, 415, 0, 0, 0, 0, 0, 4, 3, 0, 225)
5 (1, 4, 0, 0, 0, 0, 5, 0, 3, 2, 0, 148)
6 (1, 4, 0, 0, 0, 0, 59, 0, 3, 2, 0, 204)
7 (1, 4, 0, 0, 0, 0, 153, 0, 2, 2, 0, 101)
8 (1, 4, 0, 0, 6, 0, 156, 0, 2, 2, 0, 142)
9 (1, 4, 0, 0, 425, 0, 119, 0, 2, 1, 0, 81)
10 (1, 4, 0, 0, 452, 0, 122, 0, 1, 1, 0, 223)
11 (1, 4, 392, 315, 859, 0, 90, 0, 1, 1, 0, 245)
12 (1, 4, 849, 873, 873, 0, 74, 38, 0, 1, 0, 149)
13 (1, 4, 357, 578, 633, 0, 0, 241, 1, 0, 0, 207)
14 (1, 4, 0, 7, 0, 0, 0, 102, 0, 0, 0, 84)
15 (1, 4, 9, 0, 0, 27, 0, 70, 0, 0, 0, 167)
16 (1, 4, 0, 0, 0, 39, 0, 19, 0, 0, 0, 127)
17 (1, 4, 0, 0, 0, 26, 0, 10, 0, 0, 0, 28)
18 (1, 4, 0, 102, 43, 18, 0, 0, 0, 0, 0, 184)
19 (1, 4, 0, 165, 65, 0, 0, 0, 0, 0, 0, 189)
20 (1, 4, 0, 307, 107, 43, 0, 12, 0, 0, 0, 77)
21 (1, 4, 0, 335, 263, 6, 4, 13, 1, 0, 0, 146)
22 (1, 4, 0, 475, 491, 0, 0, 53, 0, 0, 0, 101)
23 (1, 4, 0, 481, 667, 0, 0, 97, 0, 0, 0, 102)
24 (1, 4, 0, 277, 600, 0, 0, 108, 0, 0, 0, 108)
25 (1, 4, 134, 180, 478, 0, 0, 134, 0, 0, 0, 148)
26 (1, 4, 245, 34, 224, 0, 0, 84, 0, 0, 0, 75)
27 (1, 4, 57, 215, 288, 0, 0, 81, 0, 0, 0, 44)
28 (1, 4, 0, 98, 277, 0, 0, 87, 0, 0, 0, 63)
29 (1, 4, 0, 0, 117, 0, 0, 34, 0, 0, 0, 214)
30 (1, 4, 0, 28, 38, 0, 0, 29, 0, 0, 0, 106)
31 (1, 4, 0, 20, 18, 0, 0, 29, 0, 0, 0, 6)
0 (1, 4, 0, 0, 0, 0, 0, 39, 8, 6, 0, 168)
1 (1, 4, 0, 0, 0, 0, 0, 41, 7, 5, 0, 3)
2 (1, 4, 256, 0, 0, 0, 0, 0, 5, 3, 0, 44)
3 (1, 4, 124, 0, 0, 0, 0, 0, 4, 3, 0, 170)
4 (1, 4, 0, 0, 0, 0, 39, 0, 3, 2, 0, 107)
5 (1, 4, 0, 0, 0, 0, 63, 0, 2, 2, 0, 77)
6 (1, 4, 0, 0, 0, 0, 143, 0, 2, 2, 0, 241)
7 (1, 4, 0, 0, 16, 0, 194, 0, 2, 2, 0, 207)
8 (1, 4, 0, 0, 493, 0, 187, 0, 2, 1, 0, 248)
9 (1, 4, 249, 272, 820, 0, 162, 0, 1, 1, 0, 197)
10 (1, 4, 679, 873, 873, 0, 38, 0, 0, 1, 0, 80)
11 (1, 4, 873, 873, 632, 0, 66, 291, 2, 0, 0, 153)
12 (1, 4, 0, 0, 129, 0, 0, 95, 0, 0, 0, 116)
13 (1, 4, 82, 217, 29, 0, 0, 96, 0, 0, 0, 3)
14 (1, 4, 0, 0, 0, 20, 0, 99, 0, 0, 0, 119)
15 (1, 4, 0, 0, 0, 39, 0, 48, 0, 0, 0, 184)
16 (1, 4, 47, 36, 0, 29, 0, 45, 0, 0, 0, 118)
17 (1, 4, 0, 0, 48, 4, 0, 16, 0, 0, 0, 80)
18 (1, 4, 148, 97, 0, 25, 0, 37, 0, 0, 0, 92)
19 (1, 4, 0, 26, 127, 0, 1, 14, 0, 0, 0, 189)
20 (1, 4, 0, 93, 229, 0, 0, 0, 0, 0, 0, 126)
21 (1, 4, 0, 235, 379, 0, 0, 22, 0, 0, 0, 106)
22 (1, 4, 57, 214, 514, 0, 0, 62, 0, 0, 0, 178)
23 (1, 4, 159, 198, 564, 0, 0, 108, 0, 0, 0, 250)
24 (1, 4, 0, 177, 458, 0, 0, 108, 0, 0, 0, 214)
25 (1, 4, 79, 94, 348, 0, 0, 85, 0, 0, 0, 76)
26 (1, 4, 0, 143, 379, 0, 0, 58, 0, 0, 0, 207)
27 (1, 4, 0, 95, 320, 0, 0, 54, 0, 0, 0, 53)
28 (1, 4, 0, 84, 272, 0, 0, 30, 0, 0, 0, 145)
29 (1, 4, 0, 85, 184, 0, 0, 17, 0, 0, 0, 51)
30 (1, 4, 0, 48, 69, 0, 0, 11, 0, 0, 0, 96)
31 (1, 4, 0, 8, 27, 0, 0, 8, 0, 0, 0, 95)
0 (1, 4, 0, 0, 0, 0, 0, 0, 8, 5, 0, 167)
1 (1, 4, 0, 0, 0, 0, 0, 0, 4, 2, 0, 39)
2 (1, 4, 408, 0, 0, 0, 88, 0, 3, 2, 0, 215)
3 (1, 4, 0, 0, 0, 0, 84, 0, 2, 1, 0, 173)
4 (1, 4, 0, 0, 0, 0, 126, 0, 2, 2, 0, 46)
5 (1, 4, 0, 0, 144, 0, 184, 0, 2, 1, 0, 34)
6 (1, 4, 0, 0, 648, 0, 132, 0, 2, 1, 0, 241)
7 (1, 4, 66, 225, 839, 0, 71, 0, 2, 2, 0, 135)
8 (1, 4, 846, 873, 873, 0, 47, 0, 0, 0, 0, 164)
9 (1, 4, 755, 873, 873, 0, 0, 208, 1, 0, 0, 8)
10 (1, 4, 419, 0, 59, 0, 0, 246, 0, 1, 0, 32)
11 (1, 4, 0, 6, 0, 5, 0, 101, 0, 0, 0, 228)
12 (1, 4, 0, 0, 0, 26, 0, 101, 0, 0, 0, 1)
13 (1, 4, 4, 0, 0, 60, 0, 54, 0, 0, 0, 98)
14 (1, 4, 13, 0, 4, 53, 0, 44, 0, 0, 0, 37)
15 (1, 4, 23, 0, 0, 38, 0, 50, 0, 0, 0, 212)
16 (1, 4, 46, 0, 0, 48, 0, 39, 1, 0, 0, 35)
17 (1, 4, 0, 0, 0, 51, 0, 33, 0, 0, 0, 63)
18 (1, 4, 0, 0, 28, 49, 0, 30, 0, 0, 0, 23)
19 (1, 4, 0, 45, 63, 47, 0, 38, 0, 0, 0, 153)
20 (1, 4, 0, 30, 117, 42, 0, 27, 0, 0, 0, 219)
21 (1, 4, 0, 58, 159, 41, 0, 20, 0, 0, 0, 124)
22 (1, 4, 0, 89, 292, 32, 0, 37, 0, 0, 0, 133)
23 (1, 4, 0, 33, 392, 29, 0, 48, 0, 0, 0, 7)
24 (1, 4, 71, 0, 492, 0, 0, 83, 0, 0, 0, 102)
25 (1, 4, 0, 0, 507, 0, 0, 94, 0, 0, 0, 31)
26 (1, 4, 131, 0, 467, 0, 0, 91, 0, 0, 0, 240)
27 (1, 4, 35, 0, 499, 0, 0, 65, 1, 0, 0, 62)
28 (1, 4, 56, 21, 527, 0, 0, 54, 1, 0, 0, 24)
29 (1, 4, 0, 140, 570, 0, 0, 54, 0, 0, 0, 0)
0 (1, 4, 0, 0, 0, 0, 0, 15, 2, 2, 0, 149)
1 (1, 4, 0, 0, 0, 0, 0, 2, 2, 2, 0, 213)
2 (1, 4, 0, 0, 0, 0, 37, 0, 1, 1, 0, 224)
3 (1, 4, 0, 0, 0, 0, 75, 0, 1, 1, 0, 39)
4 (1, 4, 0, 0, 0, 0, 98, 0, 1, 1, 0, 146)
5 (1, 4, 0, 0, 0, 0, 165, 0, 2, 1, 0, 114)
6 (1, 4, 0, 0, 260, 0, 183, 0, 1, 1, 0, 160)
7 (1, 4, 0, 0, 552, 0, 193, 0, 1, 1, 0, 216)
8 (1, 4, 738, 873, 873, 0, 85, 0, 0, 1, 0, 246)
9 (1, 4, 838, 873, 873, 0, 22, 172, 1, 0, 0, 50)
10 (1, 4, 201, 0, 183, 0, 0, 232, 0, 0, 0, 141)
11 (1, 4, 0, 50, 0, 32, 0, 79, 0, 0, 0, 229)
12 (1, 4, 11, 0, 0, 17, 0, 73, 0, 0, 0, 132)
13 (1, 4, 0, 0, 0, 55, 0, 50, 0, 0, 0, 246)
14 (1, 4, 0, 0, 0, 47, 0, 27, 0, 0, 0, 109)
15 (1, 4, 0, 0, 0, 26, 0, 24, 1, 0, 0, 20)
16 (1, 4, 0, 33, 0, 29, 0, 26, 0, 0, 0, 229)
17 (1, 4, 0, 0, 36, 32, 0, 0, 0, 0, 0, 55)
18 (1, 4, 0, 52, 8, 34, 0, 0, 0, 0, 0, 108)
19 (1, 4, 0, 135, 231, 46, 7, 0, 0, 0, 0, 87)
20 (1, 4, 0, 243, 534, 37, 0, 29, 0, 0, 0, 42)
21 (1, 4, 19, 169, 676, 0, 0, 66, 0, 0, 0, 94)
22 (1, 4, 188, 228, 558, 0, 0, 104, 0, 0, 0, 25)
23 (1, 4, 287, 189, 534, 0, 0, 127, 0, 0, 0, 194)
24 (1, 4, 53, 150, 420, 0, 0, 80, 0, 0, 0, 34)
25 (1, 4, 121, 188, 508, 0, 0, 81, 0, 0, 0, 24)
26 (1, 4, 0, 232, 540, 0, 0, 50, 0, 0, 0, 97)
27 (1, 4, 0, 252, 564, 0, 0, 47, 0, 0, 0, 11)
28 (1, 4, 0, 75, 272, 0, 0, 17, 0, 0, 0, 184)
29 (1, 4, 0, 2, 0, 0, 0, 15, 0, 0, 0, 234)
0 (1, 4, 171, 26, 8, 0, 0, 37, 0, 0, 0, 198)
1 (1, 4, 207, 17, 0, 0, 0, 41, 0, 0, 0, 248)
2 (1, 4, 146, 0, 0, 0, 0, 52, 1, 1, 0, 153)
3 (1, 4, 0, 0, 0, 0, 13, 52, 2, 2, 0, 48)
4 (1, 4, 0, 166, 0, 0, 0, 12, 6, 4, 0, 117)
5 (1, 4, 0, 0, 0, 0, 0, 10, 4, 3, 0, 31)
6 (1, 4, 0, 0, 0, 0, 0, 6, 3, 2, 0, 194)
7 (1, 4, 44, 0, 0, 0, 0, 0, 3, 2, 0, 129)
8 (1, 4, 24, 0, 0, 0, 77, 0, 2, 1, 0, 0)
9 (1, 4, 0, 0, 0, 0, 77, 0, 1, 1, 0, 54)
10 (1, 4, 0, 0, 0, 0, 131, 0, 2, 2, 0, 211)
11 (1, 4, 0, 0, 0, 0, 207, 0, 2, 1, 0, 86)
12 (1, 4, 0, 0, 304, 0, 197, 0, 2, 1, 0, 185)
13 (1, 4, 61, 0, 475, 0, 268, 0, 2, 1, 0, 174)
14 (1, 4, 594, 873, 873, 0, 102, 0, 0, 1, 0, 199)
15 (1, 4, 873, 873, 873, 0, 0, 239, 2, 0, 0, 190)
16 (1, 4, 0, 11, 87, 0, 0, 1, 0, 0, 0, 171)
17 (1, 4, 84, 87, 0, 0, 0, 94, 0, 0, 0, 127)
18 (1, 4, 0, 0, 0, 10, 0, 53, 0, 0, 0, 96)
19 (1, 4, 0, 0, 0, 29, 0, 19, 0, 0, 0, 167)
20 (1, 4, 0, 35, 0, 9, 14, 0, 0, 0, 0, 83)
21 (1, 4, 0, 78, 101, 22, 3, 0, 0, 0, 0, 8)
22 (1, 4, 0, 297, 267, 24, 9, 33, 0, 0, 0, 204)
23 (1, 4, 0, 139, 557, 0, 0, 48, 1, 0, 0, 54)
24 (1, 4, 143, 186, 748, 0, 0, 89, 0, 0, 0, 66)
25 (1, 4, 105, 155, 820, 0, 0, 129, 0, 0, 0, 40)
26 (1, 4, 0, 36, 773, 0, 0, 86, 0, 0, 0, 17)
27 (1, 4, 0, 102, 873, 0, 0, 29, 0, 0, 0, 209)
28 (1, 4, 0, 0, 652, 0, 0, 15, 0, 0, 0, 46)
29 (1, 4, 0, 0, 139, 0, 0, 0, 1, 0, 0, 234)
0 (1, 4, 36, 0, 0, 0, 0, 0, 2, 2, 0, 147)
1 (1, 4, 489, 0, 0, 0, 0, 0, 3, 2, 0, 41)
2 (1, 4, 0, 0, 0, 0, 70, 0, 2, 1, 0, 218)
3 (1, 4, 0, 0, 0, 3, 49, 0, 2, 3, 0, 215)
4 (1, 4, 0, 0, 0, 0, 136, 0, 2, 2, 0, 153)
5 (1, 4, 0, 0, 0, 0, 187, 0, 2, 2, 0, 154)
6 (1, 4, 0, 0, 219, 0, 230, 0, 2, 1, 0, 145)
7 (1, 4, 114, 0, 707, 0, 168, 0, 1, 1, 0, 54)
8 (1, 4, 414, 457, 873, 0, 64, 0, 0, 1, 0, 7)
9 (1, 4, 678, 873, 873, 0, 62, 30, 0, 1, 0, 239)
10 (1, 4, 873, 676, 668, 0, 0, 532, 2, 2, 0, 172)
11 (1, 4, 120, 0, 0, 118, 0, 72, 0, 0, 0, 134)
12 (1, 4, 81, 30, 0, 0, 0, 149, 0, 0, 0, 143)
13 (1, 4, 0, 0, 0, 45, 0, 87, 0, 0, 0, 137)
14 (1, 4, 0, 13, 0, 39, 0, 57, 0, 0, 0, 81)
15 (1, 4, 0, 0, 0, 29, 0, 53, 0, 0, 0, 202)
16 (1, 4, 13, 0, 0, 25, 0, 38, 0, 0, 0, 69)
17 (1, 4, 0, 0, 0, 24, 0, 30, 1, 1, 0, 141)
18 (1, 4, 0, 0, 0, 50, 0, 14, 1, 0, 0, 26)
19 (1, 4, 0, 39, 0, 58, 0, 20, 1, 0, 0, 162)
20 (1, 4, 0, 0, 32, 68, 0, 0, 1, 0, 0, 75)
21 (1, 4, 0, 84, 97, 87, 0, 0, 0, 0, 0, 168)
22 (1, 4, 0, 5, 292, 81, 0, 0, 0, 0, 0, 209)
23 (1, 4, 0, 32, 423, 57, 0, 0, 0, 0, 0, 242)
24 (1, 4, 0, 51, 646, 42, 0, 0, 1, 0, 0, 114)
25 (1, 4, 59, 108, 649, 0, 0, 16, 0, 0, 0, 163)
26 (1, 4, 473, 104, 411, 0, 0, 93, 0, 0, 0, 142)
27 (1, 4, 372, 208, 542, 0, 0, 100, 0, 0, 0, 144)
28 (1, 4, 152, 54, 310, 0, 0, 76, 0, 0, 0, 152)
29 (1, 4, 92, 117, 403, 0, 0, 52, 0, 0, 0, 127)
30 (1, 4, 0, 218, 459, 0, 0, 37, 0, 0, 0, 24)
0 (1, 4, 0, 0, 0, 11, 94, 0, 1, 1, 0, 225)
1 (1, 4, 0, 0, 118, 0, 77, 0, 1, 1, 0, 61)
2 (1, 4, 0, 0, 176, 0, 115, 0, 1, 1, 0, 30)
3 (1, 4, 0, 0, 470, 0, 131, 0, 1, 1, 0, 145)
4 (1, 4, 139, 174, 788, 0, 105, 0, 1, 1, 0, 174)
5 (1, 4, 334, 592, 873, 0, 6, 0, 0, 1, 0, 62)
6 (1, 4, 773, 873, 873, 0, 56, 0, 0, 0, 0, 162)
7 (1, 4, 814, 873, 633, 0, 0, 421, 1, 1, 0, 205)
8 (1, 4, 215, 199, 100, 0, 0, 190, 0, 0, 0, 45)
9 (1, 4, 102, 394, 0, 0, 0, 159, 0, 0, 0, 142)
10 (1, 4, 0, 31, 0, 0, 0, 129, 0, 0, 0, 251)
11 (1, 4, 15, 0, 0, 0, 0, 81, 0, 0, 0, 109)
12 (1, 4, 0, 0, 0, 0, 0, 37, 0, 0, 0, 117)
13 (1, 4, 0, 0, 0, 0, 0, 42, 0, 0, 0, 140)
14 (1, 4, 0, 0, 0, 1, 0, 33, 0, 0, 0, 31)
15 (1, 4, 0, 0, 0, 24, 0, 12, 0, 0, 0, 238)
16 (1, 4, 0, 1, 27, 29, 0, 10, 0, 0, 0, 140)
17 (1, 4, 0, 37, 247, 35, 0, 18, 0, 0, 0, 31)
18 (1, 4, 0, 0, 387, 6, 0, 43, 0, 0, 0, 6)
19 (1, 4, 249, 0, 510, 0, 0, 91, 0, 0, 0, 186)
20 (1, 4, 244, 3, 521, 0, 0, 87, 0, 0, 0, 50)
21 (1, 4, 0, 0, 505, 0, 0, 89, 0, 0, 0, 35)
22 (1, 4, 71, 0, 545, 0, 0, 45, 0, 0, 0, 236)
23 (1, 4, 0, 76, 739, 0, 0, 28, 0, 0, 0, 45)
24 (1, 4, 0, 41, 727, 0, 0, 25, 0, 0, 0, 118)
25 (1, 4, 0, 0, 221, 0, 0, 0, 0, 0, 0, 125)
26 (1, 4, 0, 1, 0, 0, 0, 0, 0, 0, 0, 203)
27 (1, 4, 156, 47, 0, 0, 0, 10, 0, 0, 0, 227)
28 (1, 4, 140, 9, 0, 0, 0, 20, 0, 0, 0, 131)
29 (1, 4, 13, 0, 0, 0, 1, 15, 0, 0, 0, 184)
30 (1, 4, 0, 27, 41, 0, 0, 16, 0, 0, 0, 113)
31 (1, 4, 0, 41, 26, 0, 0, 19, 0, 0, 0, 227)
0 (1, 4, 0, 0, 133, 0, 237, 0, 2, 1, 0, 146)
1 (1, 4, 232, 0, 627, 0, 251, 0, 1, 1, 0, 203)
2 (1, 4, 466, 502, 873, 0, 112, 0, 0, 1, 0, 92)
3 (1, 4, 767, 873, 873, 0, 0, 240, 0, 0, 0, 131)
4 (1, 4, 634, 0, 92, 0, 0, 275, 0, 0, 0, 66)
5 (1, 4, 0, 272, 6, 162, 0, 97, 0, 0, 0, 202)
6 (1, 4, 311, 8, 0, 33, 0, 113, 0, 0, 0, 220)
7 (1, 4, 35, 0, 0, 110, 9, 58, 2, 2, 0, 166)
8 (1, 4, 112, 61, 0, 88, 0, 62, 2, 2, 0, 51)
9 (1, 4, 201, 0, 0, 77, 0, 60, 1, 0, 0, 93)
10 (1, 4, 91, 0, 0, 76, 4, 41, 1, 0, 0, 49)
11 (1, 4, 0, 0, 0, 80, 0, 30, 1, 0, 0, 203)
12 (1, 4, 66, 0, 0, 80, 0, 36, 0, 0, 0, 29)
13 (1, 4, 87, 0, 0, 70, 10, 39, 0, 0, 0, 43)
14 (1, 4, 0, 0, 41, 58, 16, 31, 0, 0, 0, 223)
15 (1, 4, 0, 0, 81, 55, 0, 17, 0, 0, 0, 33)
16 (1, 4, 0, 13, 55, 58, 0, 25, 0, 0, 0, 248)
17 (1, 4, 0, 13, 112, 52, 0, 19, 0, 0, 0, 15)
18 (1, 4, 0, 0, 165, 66, 0, 6, 0, 0, 0, 156)
19 (1, 4, 0, 0, 199, 73, 0, 0, 0, 0, 0, 163)
20 (1, 4, 0, 1, 277, 74, 0, 10, 0, 0, 0, 99)
21 (1, 4, 0, 3, 485, 75, 0, 4, 1, 0, 0, 222)
22 (1, 4, 0, 183, 692, 9, 0, 61, 1, 0, 0, 253)
23 (1, 4, 175, 21, 480, 0, 0, 96, 0, 0, 0, 181)
24 (1, 4, 177, 0, 511, 0, 0, 63, 0, 0, 0, 70)
25 (1, 4, 192, 62, 576, 0, 0, 51, 0, 0, 0, 16)
26 (1, 4, 0, 111, 659, 0, 0, 44, 0, 0, 0, 63)
27 (1, 4, 0, 69, 756, 0, 9, 25, 0, 0, 0, 163)
28 (1, 4, 0, 172, 866, 0, 0, 9, 0, 0, 0, 44)
29 (1, 4, 0, 39, 513, 0, 0, 0, 0, 0, 0, 144)
0 (1, 4, 0, 0, 0, 0, 0, 5, 1, 0, 0, 182)
1 (1, 4, 0, 69, 0, 0, 0, 1, 1, 1, 0, 68)
2 (1, 4, 0, 72, 0, 0, 0, 0, 1, 1, 0, 71)
3 (1, 4, 0, 82, 0, 0, 0, 0, 1, 1, 0, 248)
4 (1, 4, 0, 109, 0, 0, 0, 0, 1, 1, 0, 234)
5 (1, 4, 0, 139, 0, 0, 0, 0, 1, 1, 0, 29)
6 (1, 4, 0, 153, 0, 0, 0, 0, 2, 1, 0, 183)
7 (1, 4, 0, 43, 0, 0, 0, 0, 2, 2, 0, 197)
8 (1, 4, 0, 265, 0, 0, 0, 0, 3, 2, 0, 237)
9 (1, 4, 39, 300, 0, 0, 0, 0, 3, 2, 0, 173)
10 (1, 4, 406, 219, 0, 0, 0, 0, 3, 2, 0, 85)
11 (1, 4, 340, 0, 0, 0, 0, 24, 2, 2, 0, 6)
12 (1, 4, 97, 0, 0, 0, 17, 6, 2, 2, 0, 28)
13 (1, 4, 0, 0, 0, 0, 45, 2, 2, 2, 0, 131)
14 (1, 4, 0, 0, 7, 0, 59, 0, 2, 2, 0, 75)
15 (1, 4, 0, 0, 141, 0, 64, 0, 2, 2, 0, 241)
16 (1, 4, 0, 0, 271, 0, 8, 0, 2, 2, 0, 169)
17 (1, 4, 0, 0, 100, 0, 0, 0, 2, 2, 0, 55)
18 (1, 4, 0, 0, 0, 0, 0, 0, 2, 2, 0, 108)
19 (1, 4, 86, 55, 0, 0, 0, 0, 2, 2, 0, 128)
20 (1, 4, 60, 244, 0, 0, 0, 0, 2, 2, 0, 248)
21 (1, 4, 424, 267, 0, 0, 0, 0, 2, 2, 0, 66)
22 (1, 4, 681, 0, 0, 0, 0, 0, 2, 2, 0, 196)
23 (1, 4, 740, 0, 0, 0, 0, 0, 2, 2, 0, 11)
24 (1, 4, 21, 0, 0, 0, 0, 0, 2, 2, 0, 186)
25 (1, 4, 0, 0, 0, 0, 0, 0, 2, 2, 0, 108)
26 (1, 4, 0, 0, 0, 0, 140, 0, 1, 1, 0, 97)
27 (1, 4, 0, 0, 0, 0, 135, 0, 1, 1, 0, 43)
28 (1, 4, 0, 0, 0, 0, 285, 0, 2, 2, 0, 161)
29 (1, 4, 0, 0, 438, 0, 343, 0, 2, 2, 0, 212)
0 (1, 4, 0, 0, 0, 0, 39, 0, 2, 1, 0, 180)
1 (1, 4, 0, 0, 0, 8, 93, 0, 1, 1, 0, 75)
2 (1, 4, 0, 0, 0, 0, 178, 0, 1, 1, 0, 57)
3 (1, 4, 0, 0, 104, 0, 281, 0, 2, 1, 0, 70)
4 (1, 4, 385, 570, 872, 0, 221, 0, 1, 1, 0, 112)
5 (1, 4, 873, 873, 873, 0, 91, 42, 0, 0, 0, 202)
6 (1, 4, 411, 873, 718, 0, 59, 333, 0, 0, 0, 23)
7 (1, 4, 107, 0, 67, 0, 0, 91, 0, 0, 0, 8)
8 (1, 4, 0, 0, 0, 0, 0, 103, 0, 0, 0, 137)
9 (1, 4, 0, 0, 0, 8, 0, 28, 0, 0, 0, 202)
10 (1, 4, 0, 0, 0, 31, 0, 18, 0, 0, 0, 70)
11 (1, 4, 0, 45, 31, 37, 0, 15, 0, 0, 0, 53)
12 (1, 4, 0, 87, 0, 13, 0, 13, 0, 0, 0, 69)
13 (1, 4, 0, 165, 113, 37, 0, 3, 0, 0, 0, 208)
14 (1, 4, 0, 191, 258, 51, 0, 0, 0, 0, 0, 32)
15 (1, 4, 0, 289, 402, 18, 0, 11, 1, 0, 0, 55)
16 (1, 4, 36, 294, 569, 0, 0, 103, 0, 0, 0, 245)
17 (1, 4, 44, 105, 442, 0, 0, 72, 0, 0, 0, 167)
18 (1, 4, 137, 175, 524, 0, 0, 102, 0, 0, 0, 23)
19 (1, 4, 62, 150, 482, 0, 0, 77, 0, 0, 0, 89)
20 (1, 4, 107, 177, 527, 0, 0, 93, 0, 0, 0, 112)
21 (1, 4, 0, 235, 699, 0, 0, 77, 0, 0, 0, 157)
22 (1, 4, 0, 159, 602, 0, 0, 35, 0, 0, 0, 197)
23 (1, 4, 0, 47, 110, 0, 0, 10, 0, 0, 0, 150)
24 (1, 4, 125, 0, 0, 0, 0, 10, 0, 0, 0, 197)
25 (1, 4, 245, 0, 0, 0, 7, 5, 0, 0, 0, 49)
26 (1, 4, 174, 0, 0, 0, 1, 12, 0, 0, 0, 30)
27 (1, 4, 131, 0, 0, 0, 0, 19, 0, 0, 0, 204)
28 (1, 4, 125, 0, 0, 0, 0, 18, 0, 0, 0, 252)
29 (1, 4, 97, 0, 0, 0, 0, 19, 0, 0, 0, 139)
30 (1, 4, 0, 11, 0, 0, 0, 17, 0, 0, 0, 25)
31 (1, 4, 0, 59, 0, 0, 8, 20, 0, 0, 0, 209)
0 (1, 4, 249, 206, 644, 0, 169, 0, 1, 0, 0, 203)
1 (1, 4, 521, 753, 873, 0, 78, 0, 0, 0, 0, 93)
2 (1, 4, 825, 873, 873, 0, 0, 116, 0, 0, 0, 198)
3 (1, 4, 230, 0, 33, 0, 0, 241, 0, 0, 0, 9)
4 (1, 4, 3, 177, 0, 80, 0, 125, 0, 0, 0, 46)
5 (1, 4, 0, 0, 0, 26, 0, 74, 0, 0, 0, 89)
6 (1, 4, 0, 0, 0, 55, 0, 26, 0, 0, 0, 189)
7 (1, 4, 0, 2, 0, 48, 0, 30, 0, 0, 0, 248)
8 (1, 4, 27, 0, 0, 53, 0, 32, 0, 0, 0, 32)
9 (1, 4, 19, 0, 0, 44, 0, 31, 0, 0, 0, 203)
10 (1, 4, 0, 0, 0, 44, 0, 23, 0, 0, 0, 211)
11 (1, 4, 0, 0, 0, 54, 0, 21, 0, 0, 0, 91)
12 (1, 4, 0, 0, 0, 36, 0, 19, 1, 0, 0, 60)
13 (1, 4, 0, 0, 21, 43, 0, 0, 1, 0, 0, 153)
14 (1, 4, 0, 0, 118, 66, 0, 0, 1, 0, 0, 252)
15 (1, 4, 0, 0, 247, 44, 0, 0, 1, 0, 0, 31)
16 (1, 4, 187, 124, 623, 0, 0, 22, 1, 0, 0, 252)
17 (1, 4, 415, 239, 873, 0, 0, 103, 1, 0, 0, 125)
18 (1, 4, 208, 214, 626, 0, 0, 119, 0, 0, 0, 157)
19 (1, 4, 334, 303, 634, 0, 0, 130, 0, 0, 0, 87)
20 (1, 4, 152, 313, 791, 0, 0, 104, 1, 0, 0, 170)
21 (1, 4, 304, 332, 800, 0, 0, 169, 0, 0, 0, 83)
22 (1, 4, 132, 0, 286, 0, 0, 20, 0, 0, 0, 26)
23 (1, 4, 0, 116, 0, 0, 0, 13, 0, 0, 0, 196)
24 (1, 4, 0, 197, 0, 0, 0, 42, 0, 0, 0, 97)
25 (1, 4, 35, 0, 0, 0, 0, 36, 0, 0, 0, 127)
26 (1, 4, 16, 0, 0, 0, 0, 19, 0, 0, 0, 43)
27 (1, 4, 13, 0, 0, 0, 0, 31, 0, 0, 0, 18)
28 (1, 4, 24, 0, 0, 0, 0, 33, 0, 0, 0, 144)
29 (1, 4, 0, 0, 0, 0, 0, 32, 0, 0, 0, 223)
0 (1, 4, 0, 0, 217, 0, 191, 0, 2, 1, 0, 153)
1 (1, 4, 284, 177, 748, 0, 166, 0, 1, 1, 0, 78)
2 (1, 4, 590, 873, 873, 0, 35, 0, 0, 1, 0, 239)
3 (1, 4, 873, 873, 873, 0, 27, 157, 0, 0, 0, 59)
4 (1, 4, 0, 61, 427, 0, 0, 250, 0, 0, 0, 186)
5 (1, 4, 0, 86, 0, 48, 0, 114, 0, 0, 0, 187)
6 (1, 4, 44, 0, 0, 23, 0, 56, 0, 0, 0, 195)
7 (1, 4, 0, 0, 0, 70, 0, 23, 0, 0, 0, 41)
8 (1, 4, 28, 7, 0, 43, 0, 49, 0, 0, 0, 73)
9 (1, 4, 19, 0, 0, 58, 0, 43, 0, 0, 0, 121)
10 (1, 4, 0, 0, 0, 49, 0, 38, 0, 0, 0, 18)
11 (1, 4, 0, 0, 0, 46, 0, 29, 0, 0, 0, 190)
12 (1, 4, 0, 0, 0, 69, 0, 12, 0, 0, 0, 87)
13 (1, 4, 0, 0, 0, 89, 0, 0, 1, 0, 0, 217)
14 (1, 4, 0, 20, 0, 107, 0, 7, 1, 0, 0, 81)
15 (1, 4, 0, 4, 0, 115, 0, 16, 1, 0, 0, 255)
16 (1, 4, 0, 0, 0, 118, 8, 9, 1, 0, 0, 97)
17 (1, 4, 0, 0, 0, 130, 7, 21, 1, 0, 0, 158)
18 (1, 4, 0, 0, 0, 109, 41, 0, 1, 0, 0, 14)
19 (1, 4, 0, 0, 34, 107, 25, 7, 1, 0, 0, 6)
20 (1, 4, 0, 0, 149, 101, 14, 0, 1, 0, 0, 215)
21 (1, 4, 0, 0, 203, 77, 0, 0, 1, 0, 0, 95)
22 (1, 4, 0, 56, 119, 113, 0, 6, 1, 0, 0, 139)
23 (1, 4, 0, 69, 50, 110, 0, 17, 1, 0, 0, 212)
24 (1, 4, 9, 52, 58, 103, 0, 18, 1, 0, 0, 2)
25 (1, 4, 0, 90, 61, 96, 0, 35, 1, 0, 0, 44)
26 (1, 4, 5, 0, 13, 87, 0, 25, 1, 0, 0, 197)
27 (1, 4, 0, 9, 43, 100, 0, 11, 1, 0, 0, 47)
28 (1, 4, 0, 13, 59, 87, 0, 13, 1, 0, 0, 121)
29 (1, 4, 33, 13, 45, 88, 0, 17, 1, 0, 0, 87)
30 (1, 4, 0, 0, 33, 85, 0, 21, 1, 0, 0, 78)
0 (1, 4, 141, 0, 0, 0, 0, 0, 2, 2, 0, 63)
1 (1, 4, 95, 0, 0, 0, 0, 0, 2, 2, 0, 95)
2 (1, 4, 45, 0, 0, 0, 0, 0, 2, 1, 0, 80)
3 (1, 4, 0, 0, 0, 10, 0, 0, 1, 1, 0, 177)
4 (1, 4, 0, 0, 0, 30, 1, 0, 1, 1, 0, 67)
5 (1, 4, 0, 0, 0, 44, 20, 0, 1, 1, 0, 124)
6 (1, 4, 0, 0, 0, 42, 43, 0, 1, 1, 0, 31)
7 (1, 4, 0, 0, 0, 11, 84, 0, 1, 1, 0, 210)
8 (1, 4, 0, 0, 41, 0, 120, 0, 1, 1, 0, 242)
9 (1, 4, 0, 0, 240, 0, 130, 0, 1, 1, 0, 58)
10 (1, 4, 0, 0, 406, 0, 137, 0, 1, 1, 0, 89)
11 (1, 4, 568, 636, 873, 0, 76, 0, 0, 1, 0, 48)
12 (1, 4, 581, 873, 873, 0, 67, 113, 0, 0, 0, 25)
13 (1, 4, 873, 385, 433, 0, 0, 504, 1, 2, 0, 106)
14 (1, 4, 0, 0, 0, 4, 0, 118, 0, 0, 0, 249)
15 (1, 4, 105, 37, 0, 0, 0, 145, 0, 0, 0, 101)
16 (1, 4, 0, 0, 0, 55, 0, 72, 0, 0, 0, 146)
17 (1, 4, 0, 20, 0, 59, 0, 63, 0, 0, 0, 137)
18 (1, 4, 49, 0, 0, 56, 0, 65, 0, 0, 0, 43)
19 (1, 4, 38, 0, 0, 61, 0, 64, 0, 0, 0, 93)
20 (1, 4, 0, 0, 0, 68, 0, 52, 0, 0, 0, 208)
21 (1, 4, 0, 0, 0, 82, 0, 52, 1, 0, 0, 7)
22 (1, 4, 46, 0, 0, 100, 0, 48, 1, 0, 0, 189)
23 (1, 4, 53, 0, 0, 92, 0, 44, 1, 0, 0, 149)
24 (1, 4, 23, 0, 7, 82, 0, 50, 1, 0, 0, 228)
25 (1, 4, 0, 0, 0, 78, 0, 43, 1, 0, 0, 94)
26 (1, 4, 0, 0, 0, 79, 0, 40, 1, 0, 0, 39)
27 (1, 4, 0, 0, 0, 76, 0, 40, 1, 0, 0, 6)
28 (1, 4, 0, 0, 0, 67, 0, 34, 1, 1, 0, 155)
29 (1, 4, 0, 0, 0, 80, 0, 24, 1, 0, 0, 7)
0 (1, 4, 0, 0, 0, 0, 0, 30, 3, 2, 0, 251)
1 (1, 4, 0, 0, 0, 0, 0, 0, 3, 2, 0, 14)
2 (1, 4, 0, 0, 0, 0, 0, 0, 2, 2, 0, 108)
3 (1, 4, 23, 0, 0, 0, 0, 0, 2, 2, 0, 166)
4 (1, 4, 0, 0, 0, 0, 0, 0, 2, 1, 0, 209)
5 (1, 4, 0, 0, 0, 24, 0, 0, 1, 1, 0, 120)
6 (1, 4, 0, 0, 0, 41, 24, 0, 1, 1, 0, 61)
7 (1, 4, 0, 0, 0, 41, 41, 0, 1, 1, 0, 204)
8 (1, 4, 0, 0, 0, 17, 61, 0, 1, 1, 0, 76)
9 (1, 4, 0, 0, 4, 0, 72, 0, 1, 1, 0, 242)
10 (1, 4, 0, 0, 193, 0, 78, 0, 1, 1, 0, 35)
11 (1, 4, 0, 0, 277, 0, 90, 0, 1, 1, 0, 51)
12 (1, 4, 0, 0, 481, 0, 73, 0, 1, 1, 0, 232)
13 (1, 4, 170, 388, 748, 0, 35, 0, 1, 1, 0, 221)
14 (1, 4, 601, 873, 873, 0, 37, 0, 0, 0, 0, 95)
15 (1, 4, 699, 873, 855, 0, 0, 276, 0, 0, 0, 76)
16 (1, 4, 0, 50, 135, 67, 0, 143, 0, 0, 0, 35)
17 (1, 4, 0, 30, 0, 13, 0, 114, 0, 0, 0, 14)
18 (1, 4, 0, 0, 0, 56, 0, 71, 0, 0, 0, 206)
19 (1, 4, 0, 27, 0, 54, 0, 71, 0, 0, 0, 126)
20 (1, 4, 48, 0, 0, 46, 0, 74, 0, 0, 0, 28)
21 (1, 4, 21, 0, 0, 54, 0, 59, 0, 0, 0, 10)
22 (1, 4, 0, 0, 0, 40, 0, 66, 0, 0, 0, 147)
23 (1, 4, 0, 0, 0, 39, 0, 51, 0, 0, 0, 222)
24 (1, 4, 0, 0, 0, 33, 0, 55, 0, 0, 0, 233)
25 (1, 4, 0, 0, 0, 35, 0, 38, 0, 0, 0, 219)
26 (1, 4, 0, 0, 0, 41, 0, 24, 0, 0, 0, 73)
27 (1, 4, 0, 0, 0, 45, 0, 2, 0, 0, 0, 181)
28 (1, 4, 0, 0, 45, 65, 0, 0, 1, 0, 0, 94)
29 (1, 4, 0, 0, 222, 70, 0, 0, 1, 0, 0, 51)
30 (1, 4, 0, 0, 434, 61, 0, 0, 1, 0, 0, 155)
31 (1, 4, 0, 0, 549, 73, 0, 0, 1, 0, 0, 160)
0 (1, 4, 510, 518, 873, 0, 63, 0, 0, 0, 0, 2)
1 (1, 4, 602, 873, 873, 0, 47, 48, 0, 0, 0, 12)
2 (1, 4, 873, 873, 570, 0, 0, 584, 1, 2, 0, 198)
3 (1, 4, 0, 0, 261, 15, 0, 122, 0, 0, 0, 40)
4 (1, 4, 374, 168, 0, 0, 0, 163, 0, 0, 0, 203)
5 (1, 4, 0, 19, 0, 0, 0, 139, 0, 0, 0, 193)
6 (1, 4, 0, 0, 0, 0, 0, 64, 0, 0, 0, 59)
7 (1, 4, 0, 0, 0, 0, 0, 52, 0, 0, 0, 121)
8 (1, 4, 59, 0, 0, 7, 0, 31, 0, 0, 0, 76)
9 (1, 4, 0, 0, 0, 25, 0, 11, 0, 0, 0, 226)
10 (1, 4, 53, 12, 0, 43, 0, 24, 0, 0, 0, 15)
11 (1, 4, 23, 0, 0, 49, 0, 26, 0, 0, 0, 53)
12 (1, 4, 0, 0, 0, 59, 0, 9, 0, 0, 0, 140)
13 (1, 4, 0, 11, 39, 84, 0, 3, 0, 0, 0, 54)
14 (1, 4, 0, 0, 179, 70, 3, 0, 1, 0, 0, 203)
15 (1, 4, 0, 0, 470, 46, 13, 0, 1, 0, 0, 77)
16 (1, 4, 6, 0, 818, 0, 0, 9, 1, 0, 0, 68)
17 (1, 4, 32, 268, 853, 0, 0, 55, 0, 0, 0, 253)
18 (1, 4, 271, 129, 652, 0, 0, 119, 0, 0, 0, 31)
19 (1, 4, 330, 17, 493, 0, 0, 47, 0, 0, 0, 202)
20 (1, 4, 0, 188, 640, 0, 0, 62, 0, 0, 0, 170)
21 (1, 4, 30, 67, 763, 0, 0, 86, 0, 0, 0, 253)
22 (1, 4, 0, 0, 474, 0, 0, 0, 0, 0, 0, 197)
23 (1, 4, 0, 112, 0, 0, 0, 0, 0, 0, 0, 94)
24 (1, 4, 0, 302, 0, 0, 0, 23, 0, 0, 0, 157)
25 (1, 4, 32, 35, 0, 0, 0, 42, 0, 0, 0, 81)
26 (1, 4, 158, 0, 0, 0, 11, 22, 0, 0, 0, 138)
27 (1, 4, 24, 0, 65, 0, 21, 19, 0, 0, 0, 43)
28 (1, 4, 0, 0, 199, 0, 0, 32, 0, 0, 0, 48)
29 (1, 4, 0, 0, 157, 0, 0, 31, 0, 0, 0, 172)
0 (1, 4, 0, 0, 302, 0, 98, 0, 1, 1, 0, 252)
1 (1, 4, 0, 0, 280, 0, 74, 0, 1, 1, 0, 192)
2 (1, 4, 0, 0, 363, 0, 99, 0, 1, 1, 0, 180)
3 (1, 4, 144, 0, 582, 0, 141, 0, 1, 0, 0, 182)
4 (1, 4, 490, 403, 873, 0, 93, 0, 1, 1, 0, 17)
5 (1, 4, 873, 873, 873, 0, 5, 221, 0, 0, 0, 43)
6 (1, 4, 599, 0, 217, 0, 0, 525, 0, 0, 0, 118)
7 (1, 4, 0, 0, 0, 168, 0, 138, 0, 0, 0, 27)
8 (1, 4, 94, 0, 0, 37, 0, 68, 0, 0, 0, 249)
9 (1, 4, 0, 0, 0, 60, 0, 30, 0, 0, 0, 17)
10 (1, 4, 0, 53, 0, 24, 0, 35, 0, 0, 0, 122)
11 (1, 4, 0, 0, 0, 13, 0, 29, 0, 0, 0, 118)
12 (1, 4, 0, 58, 0, 15, 0, 23, 0, 0, 0, 102)
13 (1, 4, 0, 0, 46, 0, 4, 7, 0, 0, 0, 189)
14 (1, 4, 0, 79, 208, 26, 0, 2, 0, 0, 0, 177)
15 (1, 4, 0, 116, 397, 21, 0, 5, 1, 0, 0, 2)
16 (1, 4, 4, 169, 550, 0, 0, 34, 0, 0, 0, 174)
17 (1, 4, 299, 276, 679, 0, 0, 111, 0, 0, 0, 202)
18 (1, 4, 84, 189, 578, 0, 0, 104, 0, 0, 0, 49)
19 (1, 4, 119, 206, 697, 0, 0, 115, 0, 0, 0, 207)
20 (1, 4, 0, 64, 795, 0, 0, 66, 0, 0, 0, 158)
21 (1, 4, 0, 118, 873, 0, 0, 52, 0, 0, 0, 36)
22 (1, 4, 0, 0, 580, 0, 0, 0, 0, 0, 0, 97)
23 (1, 4, 0, 291, 0, 0, 0, 0, 0, 0, 0, 129)
24 (1, 4, 0, 343, 0, 0, 0, 21, 0, 0, 0, 2)
25 (1, 4, 0, 32, 0, 0, 25, 21, 0, 0, 0, 248)
26 (1, 4, 0, 0, 0, 0, 16, 4, 0, 0, 0, 142)
27 (1, 4, 0, 0, 54, 0, 26, 0, 0, 0, 0, 56)
28 (1, 4, 0, 0, 201, 0, 13, 0, 0, 0, 0, 7)
0 (1, 4, 0, 0, 339, 0, 322, 0, 1, 0, 0, 133)
1 (1, 4, 291, 249, 873, 0, 175, 0, 1, 0, 0, 182)
2 (1, 4, 727, 873, 873, 0, 75, 0, 0, 1, 0, 178)
3 (1, 4, 873, 873, 873, 0, 39, 495, 1, 0, 0, 84)
4 (1, 4, 0, 0, 0, 0, 0, 21, 0, 0, 0, 7)
5 (1, 4, 37, 79, 0, 0, 0, 132, 0, 0, 0, 66)
6 (1, 4, 0, 0, 0, 10, 0, 72, 0, 0, 0, 23)
7 (1, 4, 0, 0, 0, 50, 0, 48, 0, 0, 0, 44)
8 (1, 4, 85, 0, 0, 62, 0, 57, 0, 0, 0, 194)
9 (1, 4, 32, 0, 0, 101, 0, 41, 0, 0, 0, 114)
10 (1, 4, 26, 0, 0, 100, 0, 36, 0, 0, 0, 102)
11 (1, 4, 56, 0, 0, 94, 0, 28, 0, 0, 0, 253)
12 (1, 4, 48, 0, 0, 88, 0, 32, 0, 0, 0, 34)
13 (1, 4, 29, 0, 9, 83, 0, 34, 0, 0, 0, 235)
14 (1, 4, 0, 0, 10, 80, 0, 24, 0, 0, 0, 246)
15 (1, 4, 7, 2, 30, 74, 0, 36, 0, 0, 0, 76)
16 (1, 4, 0, 0, 8, 79, 0, 24, 0, 0, 0, 139)
17 (1, 4, 33, 0, 0, 80, 0, 28, 0, 0, 0, 217)
18 (1, 4, 2, 22, 0, 85, 0, 39, 0, 0, 0, 71)
19 (1, 4, 11, 0, 0, 82, 0, 46, 0, 0, 0, 135)
20 (1, 4, 0, 0, 4, 82, 0, 34, 0, 0, 0, 36)
21 (1, 4, 4, 0, 0, 79, 0, 34, 0, 0, 0, 46)
22 (1, 4, 0, 0, 0, 78, 0, 29, 0, 0, 0, 130)
23 (1, 4, 13, 0, 1, 80, 0, 32, 0, 0, 0, 47)
24 (1, 4, 0, 0, 7, 79, 0, 33, 0, 0, 0, 149)
25 (1, 4, 0, 0, 8, 72, 0, 35, 0, 0, 0, 40)
26 (1, 4, 0, 0, 0, 70, 0, 30, 0, 0, 0, 28)
27 (1, 4, 0, 0, 0, 73, 0, 31, 0, 0, 0, 102)
28 (1, 4, 0, 0, 0, 85, 0, 28, 0, 0, 0, 115)
29 (1, 4, 0, 7, 0, 93, 0, 32, 0, 0, 0, 100)
30 (1, 4, 18, 6, 0, 94, 0, 30, 0, 0, 0, 88)
31 (1, 4, 9, 7, 0, 90, 0, 29, 0, 0, 0, 117)
0 (1, 4, 58, 0, 0, 0, 0, 0, 1, 1, 0, 60)
1 (1, 4, 0, 0, 0, 0, 26, 0, 1, 1, 0, 193)
2 (1, 4, 0, 0, 0, 8, 89, 0, 1, 1, 0, 168)
3 (1, 4, 0, 0, 0, 11, 108, 0, 1, 1, 0, 155)
4 (1, 4, 0, 0, 0, 0, 133, 0, 2, 1, 0, 127)
5 (1, 4, 0, 0, 0, 0, 201, 0, 2, 1, 0, 71)
6 (1, 4, 0, 0, 300, 0, 301, 0, 1, 1, 0, 115)
7 (1, 4, 499, 308, 873, 0, 155, 0, 1, 1, 0, 113)
8 (1, 4, 725, 873, 873, 0, 18, 49, 0, 1, 0, 36)
9 (1, 4, 873, 873, 873, 0, 88, 190, 1, 0, 0, 15)
10 (1, 4, 0, 0, 79, 30, 0, 0, 0, 1, 0, 250)
11 (1, 4, 290, 322, 0, 0, 0, 130, 0, 0, 0, 159)
12 (1, 4, 90, 297, 0, 16, 0, 75, 0, 0, 0, 100)
13 (1, 4, 104, 113, 0, 0, 0, 112, 0, 0, 0, 226)
14 (1, 4, 117, 0, 0, 6, 0, 76, 0, 0, 0, 126)
15 (1, 4, 65, 0, 0, 7, 0, 64, 0, 0, 0, 225)
16 (1, 4, 0, 0, 0, 8, 0, 49, 0, 0, 0, 43)
17 (1, 4, 0, 0, 0, 16, 0, 40, 0, 0, 0, 194)
18 (1, 4, 0, 0, 0, 39, 0, 38, 0, 0, 0, 167)
19 (1, 4, 0, 0, 79, 42, 0, 26, 0, 0, 0, 115)
20 (1, 4, 0, 0, 193, 36, 0, 0, 0, 0, 0, 117)
21 (1, 4, 0, 70, 351, 35, 0, 13, 0, 0, 0, 66)
22 (1, 4, 0, 0, 526, 0, 0, 48, 0, 0, 0, 123)
23 (1, 4, 0, 0, 636, 0, 0, 35, 0, 0, 0, 155)
24 (1, 4, 67, 100, 428, 0, 0, 72, 0, 0, 0, 97)
25 (1, 4, 336, 0, 207, 0, 0, 77, 0, 0, 0, 67)
26 (1, 4, 173, 0, 74, 0, 0, 59, 0, 0, 0, 124)
27 (1, 4, 0, 75, 63, 0, 0, 50, 0, 0, 0, 133)
28 (1, 4, 0, 22, 49, 0, 0, 41, 0, 0, 0, 41)
29 (1, 4, 0, 0, 0, 0, 0, 29, 0, 0, 0, 237)
30 (1, 4, 30, 0, 0, 0, 0, 29, 0, 0, 0, 89)
31 (1, 4, 0, 0, 0, 0, 0, 26, 0, 0, 0, 254)
0 (1, 4, 0, 0, 0, 6, 0, 0, 2, 2, 0, 46)
1 (1, 4, 0, 0, 0, 27, 40, 0, 2, 1, 0, 51)
2 (1, 4, 0, 0, 0, 36, 99, 0, 2, 1, 0, 216)
3 (1, 4, 0, 0, 0, 28, 188, 0, 2, 1, 0, 60)
4 (1, 4, 0, 0, 233, 0, 235, 0, 1, 1, 0, 194)
5 (1, 4, 444, 703, 817, 1, 101, 0, 1, 1, 0, 177)
6 (1, 4, 727, 873, 873, 0, 45, 166, 0, 0, 0, 56)
7 (1, 4, 213, 659, 610, 0, 0, 442, 0, 0, 0, 83)
8 (1, 4, 0, 0, 352, 55, 0, 9, 0, 0, 0, 80)
9 (1, 4, 172, 105, 0, 24, 0, 105, 0, 0, 0, 125)
10 (1, 4, 103, 0, 0, 59, 0, 49, 0, 0, 0, 112)
11 (1, 4, 0, 110, 3, 70, 0, 69, 0, 0, 0, 248)
12 (1, 4, 63, 0, 0, 51, 0, 60, 0, 0, 0, 209)
13 (1, 4, 0, 0, 0, 65, 0, 37, 0, 0, 0, 191)
14 (1, 4, 0, 0, 0, 67, 0, 50, 0, 0, 0, 65)
15 (1, 4, 0, 0, 0, 82, 0, 28, 0, 0, 0, 46)
16 (1, 4, 31, 12, 0, 79, 0, 41, 0, 0, 0, 73)
17 (1, 4, 27, 7, 0, 76, 0, 46, 0, 0, 0, 40)
18 (1, 4, 18, 12, 0, 70, 0, 50, 0, 0, 0, 183)
19 (1, 4, 0, 0, 0, 76, 0, 44, 0, 0, 0, 17)
20 (1, 4, 0, 10, 0, 73, 0, 42, 0, 0, 0, 96)
21 (1, 4, 0, 7, 1, 76, 0, 37, 0, 0, 0, 178)
22 (1, 4, 0, 26, 9, 70, 0, 39, 0, 0, 0, 204)
23 (1, 4, 0, 36, 22, 75, 0, 35, 0, 0, 0, 163)
24 (1, 4, 0, 19, 7, 71, 0, 49, 0, 0, 0, 7)
25 (1, 4, 0, 18, 0, 94, 0, 42, 0, 0, 0, 24)
26 (1, 4, 0, 0, 0, 84, 0, 44, 0, 0, 0, 30)
27 (1, 4, 0, 0, 0, 92, 0, 34, 0, 0, 0, 192)
28 (1, 4, 11, 0, 0, 63, 0, 41, 0, 0, 0, 51)
29 (1, 4, 0, 2, 0, 65, 0, 32, 0, 0, 0, 120)
30 (1, 4, 21, 0, 0, 70, 0, 40, 0, 0, 0, 116)
31 (1, 4, 31, 0, 0, 82, 0, 26, 0, 0, 0, 88)
0 (1, 4, 0, 15, 172, 0, 0, 0, 2, 2, 0, 48)
1 (1, 4, 0, 0, 2, 0, 0, 0, 2, 2, 0, 67)
2 (1, 4, 0, 0, 0, 0, 0, 0, 2, 2, 0, 108)
3 (1, 4, 0, 0, 20, 0, 0, 0, 2, 2, 0, 77)
4 (1, 4, 39, 0, 52, 0, 0, 0, 2, 2, 0, 94)
5 (1, 4, 87, 0, 200, 0, 0, 21, 2, 2, 0, 224)
6 (1, 4, 270, 0, 0, 0, 0, 57, 2, 2, 0, 125)
7 (1, 4, 0, 0, 0, 0, 0, 0, 2, 2, 0, 108)
8 (1, 4, 0, 0, 0, 0, 0, 0, 2, 2, 0, 108)
9 (1, 4, 326, 0, 0, 0, 62, 0, 2, 2, 0, 155)
10 (1, 4, 0, 0, 0, 0, 52, 0, 2, 2, 0, 7)
11 (1, 4, 0, 0, 0, 0, 108, 0, 2, 2, 0, 89)
12 (1, 4, 0, 0, 0, 0, 169, 0, 2, 1, 0, 80)
13 (1, 4, 0, 0, 119, 0, 200, 0, 1, 1, 0, 7)
14 (1, 4, 0, 757, 474, 0, 127, 0, 2, 2, 0, 111)
15 (1, 4, 335, 569, 785, 38, 96, 0, 1, 1, 0, 126)
16 (1, 4, 788, 873, 873, 0, 33, 71, 0, 0, 0, 39)
17 (1, 4, 153, 452, 308, 0, 0, 99, 1, 0, 0, 42)
18 (1, 4, 29, 0, 106, 0, 0, 69, 0, 0, 0, 161)
19 (1, 4, 8, 26, 0, 28, 0, 93, 0, 0, 0, 20)
20 (1, 4, 32, 0, 19, 52, 0, 48, 0, 0, 0, 109)
21 (1, 4, 106, 26, 2, 26, 0, 94, 0, 0, 0, 77)
22 (1, 4, 88, 0, 0, 50, 0, 70, 0, 0, 0, 206)
23 (1, 4, 37, 0, 0, 57, 0, 71, 0, 0, 0, 32)
24 (1, 4, 52, 0, 0, 65, 0, 67, 0, 0, 0, 136)
25 (1, 4, 27, 0, 0, 59, 0, 69, 0, 0, 0, 212)
26 (1, 4, 0, 0, 0, 60, 0, 65, 0, 0, 0, 126)
27 (1, 4, 0, 0, 0, 59, 0, 54, 0, 0, 0, 7)
28 (1, 4, 0, 0, 0, 64, 0, 52, 0, 0, 0, 172)
29 (1, 4, 0, 0, 0, 58, 0, 61, 0, 0, 0, 148)
30 (1, 4, 0, 0, 0, 58, 0, 52, 0, 0, 0, 161)
31 (1, 4, 0, 0, 0, 58, 0, 57, 0, 0, 0, 225)
0 (1, 4, 0, 0, 338, 0, 0, 0, 4, 2, 0, 209)
1 (1, 4, 0, 0, 346, 0, 0, 0, 3, 2, 0, 68)
2 (1, 4, 0, 0, 0, 0, 0, 0, 3, 2, 0, 14)
3 (1, 4, 0, 0, 0, 0, 0, 0, 2, 2, 0, 108)
4 (1, 4, 511, 0, 0, 0, 0, 0, 2, 2, 0, 143)
5 (1, 4, 435, 0, 0, 0, 0, 0, 2, 2, 0, 78)
6 (1, 4, 243, 0, 0, 0, 46, 0, 2, 2, 0, 24)
7 (1, 4, 0, 0, 0, 0, 145, 0, 1, 1, 0, 191)
8 (1, 4, 0, 0, 0, 0, 227, 0, 3, 2, 0, 166)
9 (1, 4, 0, 569, 54, 58, 230, 0, 3, 2, 0, 124)
10 (1, 4, 0, 0, 499, 0, 188, 0, 2, 1, 0, 34)
11 (1, 4, 524, 705, 873, 0, 71, 0, 0, 1, 0, 27)
12 (1, 4, 406, 873, 873, 0, 0, 181, 0, 0, 0, 90)
13 (1, 4, 495, 574, 338, 0, 0, 243, 0, 0, 0, 58)
14 (1, 4, 150, 77, 209, 0, 0, 105, 0, 0, 0, 192)
15 (1, 4, 84, 81, 0, 16, 0, 114, 0, 0, 0, 1)
16 (1, 4, 0, 0, 0, 37, 0, 74, 0, 0, 0, 226)
17 (1, 4, 29, 0, 0, 49, 0, 60, 0, 0, 0, 52)
18 (1, 4, 63, 26, 0, 48, 0, 83, 0, 0, 0, 82)
19 (1, 4, 24, 0, 0, 48, 0, 69, 0, 0, 0, 31)
20 (1, 4, 20, 0, 0, 57, 0, 56, 1, 0, 0, 165)
21 (1, 4, 55, 11, 0, 65, 0, 57, 1, 0, 0, 247)
22 (1, 4, 38, 24, 0, 66, 0, 66, 0, 0, 0, 88)
23 (1, 4, 67, 8, 0, 60, 0, 71, 0, 0, 0, 154)
24 (1, 4, 30, 0, 14, 58, 0, 68, 0, 0, 0, 239)
25 (1, 4, 16, 0, 0, 60, 0, 64, 0, 0, 0, 65)
26 (1, 4, 56, 2, 0, 68, 0, 64, 0, 0, 0, 168)
27 (1, 4, 13, 0, 2, 66, 0, 64, 0, 0, 0, 185)
28 (1, 4, 60, 4, 0, 72, 0, 68, 0, 0, 0, 214)
29 (1, 4, 6, 0, 16, 70, 0, 66, 0, 0, 0, 78)
0 (1, 4, 0, 0, 182, 0, 0, 55, 11, 6, 0, 220)
1 (1, 4, 176, 0, 0, 22, 0, 2, 5, 3, 0, 16)
2 (1, 4, 296, 0, 0, 35, 0, 0, 3, 2, 0, 115)
3 (1, 4, 328, 0, 0, 0, 0, 0, 3, 2, 0, 245)
4 (1, 4, 72, 0, 0, 0, 24, 0, 1, 1, 0, 202)
5 (1, 4, 0, 0, 0, 5, 66, 0, 1, 1, 0, 252)
6 (1, 4, 0, 0, 0, 57, 66, 0, 1, 1, 0, 102)
7 (1, 4, 0, 0, 0, 72, 65, 0, 2, 1, 0, 159)
8 (1, 4, 0, 0, 316, 37, 64, 0, 1, 1, 0, 217)
9 (1, 4, 0, 144, 452, 0, 10, 0, 1, 1, 0, 45)
10 (1, 4, 327, 663, 738, 0, 0, 0, 0, 1, 0, 122)
11 (1, 4, 557, 873, 873, 0, 0, 108, 0, 0, 0, 37)
12 (1, 4, 371, 688, 292, 0, 0, 227, 0, 0, 0, 90)
13 (1, 4, 184, 0, 0, 22, 0, 98, 0, 0, 0, 212)
14 (1, 4, 29, 97, 0, 36, 0, 113, 0, 0, 0, 81)
15 (1, 4, 55, 5, 0, 49, 0, 89, 0, 0, 0, 190)
16 (1, 4, 31, 53, 0, 42, 0, 112, 0, 0, 0, 16)
17 (1, 4, 6, 0, 0, 45, 0, 96, 0, 0, 0, 204)
18 (1, 4, 0, 0, 0, 55, 0, 79, 0, 0, 0, 129)
19 (1, 4, 0, 0, 0, 56, 0, 70, 0, 0, 0, 17)
20 (1, 4, 28, 0, 0, 56, 0, 67, 0, 0, 0, 19)
21 (1, 4, 19, 0, 0, 52, 0, 68, 0, 0, 0, 222)
22 (1, 4, 0, 0, 0, 60, 0, 64, 0, 0, 0, 161)
23 (1, 4, 24, 0, 0, 66, 0, 64, 0, 0, 0, 64)
24 (1, 4, 41, 0, 0, 67, 0, 68, 0, 0, 0, 3)
25 (1, 4, 23, 5, 6, 66, 0, 73, 0, 0, 0, 49)
26 (1, 4, 6, 0, 5, 65, 0, 68, 0, 0, 0, 106)
27 (1, 4, 6, 0, 6, 65, 0, 69, 0, 0, 0, 14)
28 (1, 4, 10, 1, 12, 64, 0, 70, 0, 0, 0, 25)
29 (1, 4, 3, 0, 7, 60, 0, 72, 0, 0, 0, 188)
0 (1, 4, 0, 0, 0, 41, 92, 0, 1, 1, 0, 196)
1 (1, 4, 0, 0, 41, 24, 111, 0, 2, 1, 0, 182)
2 (1, 4, 0, 0, 321, 0, 79, 0, 2, 1, 0, 80)
3 (1, 4, 0, 0, 501, 0, 83, 0, 2, 1, 0, 217)
4 (1, 4, 256, 452, 856, 1, 29, 0, 1, 1, 0, 214)
5 (1, 4, 533, 873, 873, 0, 21, 1, 0, 0, 0, 201)
6 (1, 4, 536, 873, 581, 0, 0, 345, 0, 0, 0, 132)
7 (1, 4, 0, 0, 212, 0, 0, 126, 0, 0, 0, 68)
8 (1, 4, 0, 109, 0, 7, 0, 148, 0, 0, 0, 146)
9 (1, 4, 64, 0, 0, 49, 0, 100, 0, 0, 0, 103)
10 (1, 4, 0, 41, 0, 39, 0, 82, 0, 0, 0, 33)
11 (1, 4, 58, 0, 0, 42, 0, 83, 0, 0, 0, 234)
12 (1, 4, 0, 0, 0, 56, 0, 50, 0, 0, 0, 83)
13 (1, 4, 0, 0, 0, 65, 0, 45, 0, 0, 0, 85)
14 (1, 4, 73, 0, 0, 71, 0, 41, 0, 0, 0, 149)
15 (1, 4, 48, 0, 0, 70, 0, 53, 0, 0, 0, 22)
16 (1, 4, 0, 0, 0, 73, 0, 33, 0, 0, 0, 50)
17 (1, 4, 9, 0, 0, 86, 0, 31, 0, 0, 0, 74)
18 (1, 4, 47, 0, 0, 87, 0, 37, 0, 0, 0, 151)
19 (1, 4, 65, 0, 0, 77, 0, 44, 0, 0, 0, 137)
20 (1, 4, 0, 0, 0, 77, 0, 38, 0, 0, 0, 93)
21 (1, 4, 0, 0, 0, 81, 0, 34, 0, 0, 0, 91)
22 (1, 4, 0, 0, 0, 84, 0, 30, 0, 0, 0, 213)
23 (1, 4, 0, 0, 0, 82, 0, 32, 0, 0, 0, 195)
24 (1, 4, 0, 0, 0, 87, 0, 34, 0, 0, 0, 25)
25 (1, 4, 0, 0, 0, 92, 0, 32, 0, 0, 0, 121)
26 (1, 4, 12, 13, 0, 88, 0, 42, 0, 0, 0, 194)
27 (1, 4, 16, 2, 0, 87, 0, 44, 0, 0, 0, 178)
28 (1, 4, 6, 0, 5, 81, 0, 41, 0, 0, 0, 57)
29 (1, 4, 2, 0, 0, 83, 0, 37, 0, 0, 0, 106)
0 (1, 4, 0, 0, 0, 23, 119, 0, 1, 1, 0, 39)
1 (1, 4, 0, 0, 0, 0, 127, 0, 1, 1, 0, 76)
2 (1, 4, 0, 0, 164, 0, 102, 0, 2, 1, 0, 134)
3 (1, 4, 0, 0, 177, 0, 160, 0, 2, 1, 0, 12)
4 (1, 4, 0, 0, 575, 0, 137, 0, 2, 1, 0, 63)
5 (1, 4, 231, 238, 873, 0, 74, 0, 1, 1, 0, 161)
6 (1, 4, 565, 873, 873, 0, 31, 7, 0, 0, 0, 241)
7 (1, 4, 873, 873, 873, 0, 0, 429, 0, 0, 0, 175)
8 (1, 4, 0, 0, 408, 0, 0, 12, 0, 0, 0, 142)
9 (1, 4, 329, 215, 0, 0, 0, 189, 0, 0, 0, 210)
10 (1, 4, 0, 0, 0, 37, 0, 122, 0, 0, 0, 144)
11 (1, 4, 0, 53, 13, 51, 0, 85, 0, 0, 0, 199)
12 (1, 4, 16, 0, 0, 31, 0, 88, 0, 0, 0, 176)
13 (1, 4, 36, 0, 0, 45, 0, 56, 0, 0, 0, 107)
14 (1, 4, 0, 0, 0, 50, 0, 61, 0, 0, 0, 108)
15 (1, 4, 5, 0, 0, 71, 0, 48, 0, 0, 0, 178)
16 (1, 4, 35, 0, 0, 77, 0, 44, 0, 0, 0, 219)
17 (1, 4, 4, 0, 0, 74, 0, 53, 0, 0, 0, 141)
18 (1, 4, 0, 0, 0, 73, 0, 57, 0, 0, 0, 11)
19 (1, 4, 0, 0, 0, 76, 0, 42, 0, 0, 0, 221)
20 (1, 4, 0, 0, 0, 76, 0, 44, 0, 0, 0, 17)
21 (1, 4, 6, 0, 0, 79, 0, 45, 0, 0, 0, 203)
22 (1, 4, 4, 5, 0, 80, 0, 52, 0, 0, 0, 12)
23 (1, 4, 0, 0, 11, 78, 0, 54, 0, 0, 0, 168)
24 (1, 4, 0, 12, 17, 79, 0, 55, 0, 0, 0, 237)
25 (1, 4, 0, 4, 25, 81, 0, 53, 0, 0, 0, 22)
26 (1, 4, 0, 11, 38, 66, 0, 54, 0, 0, 0, 207)
27 (1, 4, 0, 8, 27, 69, 0, 58, 0, 0, 0, 34)
28 (1, 4, 0, 0, 0, 66, 0, 48, 0, 0, 0, 231)
29 (1, 4, 0, 2, 0, 68, 0, 41, 0, 0, 0, 46)
0 (1, 4, 126, 0, 0, 0, 0, 0, 2, 2, 0, 150)
1 (1, 4, 354, 0, 0, 6, 0, 0, 2, 2, 0, 126)
2 (1, 4, 217, 0, 0, 47, 0, 0, 2, 2, 0, 34)
3 (1, 4, 265, 0, 0, 60, 0, 0, 2, 2, 0, 138)
4 (1, 4, 204, 0, 0, 81, 0, 0, 2, 2, 0, 133)
5 (1, 4, 91, 0, 0, 83, 0, 0, 2, 2, 0, 100)
6 (1, 4, 87, 0, 0, 82, 1, 0, 1, 1, 0, 81)
7 (1, 4, 5, 0, 0, 74, 11, 0, 1, 1, 0, 24)
8 (1, 4, 0, 0, 0, 82, 30, 0, 1, 1, 0, 62)
9 (1, 4, 0, 0, 0, 67, 46, 0, 1, 1, 0, 94)
10 (1, 4, 0, 0, 0, 43, 85, 0, 1, 1, 0, 66)
11 (1, 4, 0, 0, 0, 3, 100, 0, 2, 2, 0, 185)
12 (1, 4, 0, 0, 193, 0, 111, 0, 2, 1, 0, 241)
13 (1, 4, 0, 0, 423, 0, 100, 0, 1, 1, 0, 52)
14 (1, 4, 45, 204, 722, 0, 62, 0, 1, 1, 0, 165)
15 (1, 4, 349, 836, 873, 0, 0, 7, 0, 1, 0, 144)
16 (1, 4, 368, 833, 571, 0, 0, 433, 0, 0, 0, 254)
17 (1, 4, 0, 114, 221, 60, 0, 108, 0, 0, 0, 209)
18 (1, 4, 142, 125, 0, 0, 0, 165, 0, 0, 0, 66)
19 (1, 4, 50, 0, 0, 29, 0, 98, 0, 0, 0, 116)
20 (1, 4, 0, 52, 0, 33, 0, 92, 0, 0, 0, 248)
21 (1, 4, 83, 0, 0, 34, 0, 79, 0, 0, 0, 110)
22 (1, 4, 57, 0, 0, 48, 0, 56, 0, 0, 0, 161)
23 (1, 4, 81, 0, 0, 55, 0, 67, 0, 0, 0, 121)
24 (1, 4, 42, 0, 0, 67, 0, 47, 0, 0, 0, 121)
25 (1, 4, 61, 0, 0, 63, 0, 50, 0, 0, 0, 111)
26 (1, 4, 12, 0, 2, 71, 0, 45, 0, 0, 0, 112)
27 (1, 4, 65, 0, 11, 74, 0, 44, 0, 0, 0, 211)
28 (1, 4, 52, 0, 45, 70, 0, 48, 0, 0, 0, 12)
29 (1, 4, 0, 0, 30, 71, 0, 44, 0, 0, 0, 122)
30 (1, 4, 5, 0, 22, 73, 0, 38, 0, 0, 0, 25)
31 (1, 4, 37, 3, 11, 70, 0, 49, 0, 0, 0, 106)
0 (1, 4, 0, 102, 0, 10, 0, 15, 0, 0, 0, 183)
1 (1, 4, 0, 123, 0, 9, 0, 2, 1, 0, 0, 9)
2 (1, 4, 0, 103, 75, 22, 0, 0, 1, 1, 0, 125)
3 (1, 4, 0, 40, 194, 25, 0, 103, 1, 1, 0, 196)
4 (1, 4, 136, 0, 437, 0, 21, 120, 3, 4, 0, 51)
5 (1, 4, 0, 0, 857, 0, 0, 148, 4, 3, 0, 43)
6 (1, 4, 0, 0, 564, 0, 0, 74, 6, 5, 0, 134)
7 (1, 4, 152, 0, 303, 0, 0, 25, 5, 2, 0, 220)
8 (1, 4, 530, 0, 534, 0, 0, 0, 4, 2, 0, 107)
9 (1, 4, 284, 0, 674, 0, 0, 0, 2, 2, 0, 92)
10 (1, 4, 0, 0, 308, 0, 0, 0, 2, 2, 0, 238)
11 (1, 4, 0, 0, 195, 0, 0, 0, 2, 2, 0, 221)
12 (1, 4, 0, 0, 47, 0, 0, 0, 2, 2, 0, 203)
13 (1, 4, 31, 0, 0, 0, 0, 0, 2, 2, 0, 214)
14 (1, 4, 58, 0, 0, 0, 0, 0, 2, 2, 0, 39)
15 (1, 4, 25, 0, 0, 0, 0, 0, 2, 1, 0, 79)
16 (1, 4, 0, 0, 0, 0, 5, 0, 2, 1, 0, 75)
17 (1, 4, 91, 0, 0, 0, 72, 0, 2, 2, 0, 188)
18 (1, 4, 0, 0, 0, 0, 113, 0, 2, 1, 0, 58)
19 (1, 4, 0, 0, 0, 0, 146, 0, 1, 1, 0, 52)
20 (1, 4, 0, 0, 0, 0, 240, 0, 1, 1, 0, 209)
21 (1, 4, 0, 0, 458, 0, 218, 0, 1, 1, 0, 43)
22 (1, 4, 0, 0, 668, 0, 122, 0, 1, 1, 0, 0)
23 (1, 4, 490, 423, 829, 9, 49, 0, 1, 1, 0, 96)
24 (1, 4, 516, 873, 873, 0, 0, 102, 0, 1, 0, 164)
25 (1, 4, 355, 736, 365, 0, 0, 246, 0, 0, 0, 242)
26 (1, 4, 0, 333, 421, 0, 0, 120, 0, 0, 0, 129)
27 (1, 4, 366, 0, 0, 47, 0, 207, 0, 0, 0, 28)
28 (1, 4, 0, 49, 0, 55, 0, 101, 0, 0, 0, 101)
29 (1, 4, 107, 12, 0, 45, 0, 63, 0, 0, 0, 194)
30 (1, 4, 0, 38, 0, 47, 0, 62, 0, 0, 0, 19)
31 (1, 4, 0, 45, 0, 57, 0, 47, 0, 0, 0, 193)
0 (1, 4, 53, 0, 459, 0, 0, 6, 6, 5, 0, 120)
1 (1, 4, 0, 0, 190, 0, 0, 0, 5, 3, 0, 147)
2 (1, 4, 0, 0, 0, 0, 0, 0, 4, 2, 0, 39)
3 (1, 4, 0, 0, 0, 0, 0, 0, 3, 2, 0, 14)
4 (1, 4, 0, 0, 0, 0, 0, 0, 2, 2, 0, 108)
5 (1, 4, 0, 0, 0, 0, 0, 0, 1, 2, 0, 202)
6 (1, 4, 0, 0, 0, 0, 0, 0, 1, 1, 0, 119)
7 (1, 4, 0, 0, 0, 0, 30, 0, 1, 1, 0, 34)
8 (1, 4, 0, 0, 0, 39, 35, 0, 2, 1, 0, 227)
9 (1, 4, 0, 0, 0, 39, 28, 0, 1, 1, 0, 100)
10 (1, 4, 0, 0, 35, 17, 18, 0, 1, 0, 0, 198)
11 (1, 4, 0, 0, 0, 15, 2, 0, 1, 0, 0, 75)
12 (1, 4, 0, 0, 195, 1, 4, 0, 1, 0, 0, 81)
13 (1, 4, 0, 0, 379, 17, 0, 0, 1, 1, 0, 191)
14 (1, 4, 0, 0, 518, 1, 3, 0, 1, 1, 0, 40)
15 (1, 4, 0, 164, 765, 3, 0, 0, 1, 1, 0, 8)
16 (1, 4, 0, 573, 561, 0, 0, 97, 0, 1, 0, 51)
17 (1, 4, 416, 454, 229, 0, 0, 167, 0, 0, 0, 120)
18 (1, 4, 873, 0, 0, 0, 0, 531, 0, 0, 0, 175)
19 (1, 4, 0, 0, 0, 75, 0, 0, 1, 0, 0, 16)
20 (1, 4, 322, 125, 3, 122, 6, 0, 1, 0, 0, 208)
21 (1, 4, 0, 125, 0, 67, 0, 35, 0, 0, 0, 177)
22 (1, 4, 87, 0, 0, 98, 0, 23, 0, 0, 0, 255)
23 (1, 4, 0, 11, 6, 96, 0, 10, 0, 0, 0, 11)
24 (1, 4, 0, 0, 0, 97, 0, 20, 0, 0, 0, 251)
25 (1, 4, 0, 2, 17, 89, 0, 5, 0, 0, 0, 151)
26 (1, 4, 20, 0, 0, 94, 0, 17, 0, 0, 0, 50)
27 (1, 4, 0, 0, 2, 97, 0, 22, 0, 0, 0, 109)
28 (1, 4, 0, 0, 0, 98, 0, 4, 0, 0, 0, 9)
29 (1, 4, 0, 0, 0, 94, 0, 7, 0, 0, 0, 245)
0 (1, 4, 0, 0, 0, 83, 0, 0, 0, 0, 0, 125)
1 (1, 4, 0, 0, 0, 79, 0, 0, 0, 0, 0, 14)
2 (1, 4, 0, 0, 2, 83, 0, 0, 0, 0, 0, 82)
3 (1, 4, 0, 44, 0, 83, 0, 0, 0, 0, 0, 214)
4 (1, 4, 0, 37, 0, 85, 0, 0, 0, 0, 0, 146)
5 (1, 4, 0, 37, 0, 87, 0, 0, 0, 0, 0, 172)
6 (1, 4, 0, 21, 0, 87, 0, 0, 0, 0, 0, 15)
7 (1, 4, 0, 0, 0, 119, 0, 3, 0, 0, 0, 142)
8 (1, 4, 0, 0, 24, 107, 5, 0, 0, 0, 0, 194)
9 (1, 4, 0, 0, 0, 108, 0, 0, 0, 0, 0, 198)
10 (1, 4, 0, 0, 0, 130, 14, 11, 0, 0, 0, 177)
11 (1, 4, 0, 0, 0, 116, 73, 10, 0, 0, 0, 56)
12 (1, 4, 0, 0, 65, 101, 51, 0, 0, 0, 0, 77)
13 (1, 4, 0, 0, 58, 91, 26, 0, 0, 0, 0, 33)
14 (1, 4, 0, 7, 76, 87, 32, 0, 0, 0, 0, 23)
15 (1, 4, 0, 15, 124, 87, 12, 0, 0, 0, 0, 10)
16 (1, 4, 0, 14, 77, 100, 1, 0, 0, 0, 0, 206)
17 (1, 4, 0, 0, 14, 109, 9, 6, 0, 0, 0, 96)
18 (1, 4, 0, 0, 28, 100, 23, 0, 0, 0, 0, 78)
19 (1, 4, 0, 0, 31, 101, 13, 0, 0, 0, 0, 92)
20 (1, 4, 0, 21, 28, 101, 12, 0, 0, 0, 0, 144)
21 (1, 4, 0, 18, 0, 105, 8, 0, 0, 0, 0, 104)
22 (1, 4, 0, 14, 1, 109, 13, 0, 0, 0, 0, 18)
23 (1, 4, 0, 16, 15, 100, 9, 0, 0, 0, 0, 190)
24 (1, 4, 0, 17, 31, 92, 1, 0, 0, 0, 0, 83)
25 (1, 4, 0, 15, 1, 86, 0, 2, 0, 0, 0, 130)
26 (1, 4, 0, 0, 0, 88, 7, 1, 0, 0, 0, 19)
27 (1, 4, 0, 0, 0, 91, 11, 0, 0, 0, 0, 207)
28 (1, 4, 0, 0, 0, 104, 8, 0, 0, 0, 0, 123)
29 (1, 4, 0, 30, 52, 118, 13, 0, 0, 0, 0, 22)
30 (1, 4, 0, 68, 75, 118, 9, 0, 0, 0, 0, 234)
31 (1, 4, 0, 0, 35, 94, 10, 0, 0, 0, 0, 144)
