0 (1, 4, 0, 0, 0, 0, 103, 0, 6, 2, 0, 156)
1 (1, 4, 199, 0, 0, 9, 0, 0, 2, 1, 0, 128)
2 (1, 4, 0, 308, 92, 0, 0, 0, 2, 1, 0, 43)
3 (1, 4, 234, 0, 0, 0, 0, 0, 1, 1, 0, 64)
4 (1, 4, 110, 254, 0, 4, 0, 0, 1, 1, 0, 52)
5 (1, 4, 0, 597, 286, 0, 0, 0, 1, 1, 0, 216)
6 (1, 4, 0, 864, 445, 0, 0, 0, 1, 0, 0, 46)
7 (1, 4, 166, 844, 440, 0, 0, 0, 0, 0, 0, 219)
8 (1, 4, 140, 488, 219, 0, 0, 30, 0, 0, 0, 178)
9 (1, 4, 0, 216, 21, 0, 0, 26, 0, 0, 0, 27)
10 (1, 4, 0, 69, 7, 0, 0, 0, 0, 0, 0, 119)
11 (1, 4, 0, 29, 23, 0, 0, 0, 0, 0, 0, 89)
12 (1, 4, 0, 26, 5, 0, 0, 0, 0, 0, 0, 11)
13 (1, 4, 0, 0, 0, 0, 0, 0, 0, 0, 0, 126)
14 (1, 4, 0, 0, 0, 0, 0, 0, 0, 0, 0, 126)
15 (1, 4, 0, 0, 0, 0, 0, 0, 0, 0, 0, 126)
16 (1, 4, 0, 0, 0, 0, 0, 0, 0, 0, 0, 126)
17 (1, 4, 0, 0, 0, 0, 0, 0, 0, 0, 0, 126)
18 (1, 4, 0, 0, 0, 0, 0, 0, 0, 0, 0, 126)
19 (1, 4, 0, 0, 0, 0, 0, 0, 0, 0, 0, 126)
20 (1, 4, 0, 0, 0, 0, 0, 0, 0, 0, 0, 126)
21 (1, 4, 0, 0, 0, 0, 0, 0, 0, 0, 0, 126)
22 (1, 4, 0, 0, 0, 0, 0, 0, 0, 0, 0, 126)
23 (1, 4, 0, 0, 0, 0, 0, 0, 0, 0, 0, 126)
24 (1, 4, 1, 0, 2, 0, 0, 0, 0, 0, 0, 95)
25 (1, 4, 0, 10, 0, 0, 0, 0, 0, 0, 0, 160)
26 (1, 4, 0, 14, 0, 0, 0, 0, 0, 0, 0, 122)
27 (1, 4, 0, 0, 0, 0, 0, 0, 0, 0, 0, 126)
28 (1, 4, 0, 3, 0, 0, 0, 0, 0, 0, 0, 166)
29 (1, 4, 0, 0, 0, 0, 0, 0, 0, 0, 0, 126)
30 (1, 4, 0, 0, 0, 0, 0, 0, 0, 0, 0, 126)
31 (1, 4, 0, 6, 0, 0, 0, 0, 0, 0, 0, 201)
0 (1, 4, 0, 13, 1, 1, 0, 0, 3, 3, 0, 50)
1 (1, 4, 24, 19, 31, 0, 0, 0, 1, 1, 0, 120)
2 (1, 4, 167, 14, 99, 0, 0, 0, 1, 0, 0, 94)
3 (1, 4, 350, 0, 0, 0, 0, 100, 0, 0, 0, 208)
4 (1, 4, 346, 0, 0, 0, 0, 21, 2, 1, 0, 175)
5 (1, 4, 0, 0, 0, 0, 0, 0, 2, 2, 0, 108)
6 (1, 4, 10, 24, 0, 0, 0, 0, 2, 1, 0, 111)
7 (1, 4, 16, 295, 81, 0, 0, 0, 2, 2, 0, 185)
8 (1, 4, 0, 495, 245, 0, 0, 0, 2, 5, 0, 47)
9 (1, 4, 0, 700, 381, 0, 0, 0, 1, 0, 0, 75)
10 (1, 4, 48, 631, 322, 0, 0, 0, 4, 4, 0, 27)
11 (1, 4, 130, 486, 279, 0, 0, 0, 1, 1, 0, 171)
12 (1, 4, 140, 415, 245, 0, 0, 0, 1, 0, 0, 52)
13 (1, 4, 132, 329, 192, 0, 0, 3, 0, 0, 0, 95)
14 (1, 4, 24, 211, 65, 0, 0, 10, 0, 0, 0, 233)
15 (1, 4, 0, 83, 0, 0, 0, 9, 0, 0, 0, 113)
16 (1, 4, 0, 0, 0, 0, 0, 0, 0, 0, 0, 126)
17 (1, 4, 0, 0, 0, 0, 0, 0, 0, 0, 0, 126)
18 (1, 4, 0, 0, 0, 0, 0, 0, 0, 0, 0, 126)
19 (1, 4, 0, 0, 0, 0, 0, 0, 0, 0, 0, 126)
20 (1, 4, 0, 0, 0, 0, 0, 0, 0, 0, 0, 126)
21 (1, 4, 0, 0, 0, 0, 0, 0, 0, 0, 0, 126)
22 (1, 4, 0, 4, 0, 0, 0, 0, 0, 0, 0, 164)
23 (1, 4, 0, 0, 0, 0, 0, 0, 0, 0, 0, 126)
24 (1, 4, 0, 0, 0, 0, 0, 0, 0, 0, 0, 126)
25 (1, 4, 0, 0, 0, 0, 0, 0, 0, 0, 0, 126)
26 (1, 4, 0, 0, 0, 0, 0, 0, 0, 0, 0, 126)
27 (1, 4, 0, 0, 0, 0, 0, 0, 0, 0, 0, 126)
28 (1, 4, 0, 0, 0, 0, 0, 0, 0, 0, 0, 126)
29 (1, 4, 0, 3, 0, 0, 0, 0, 0, 0, 0, 166)
30 (1, 4, 0, 5, 0, 0, 0, 0, 0, 0, 0, 17)
31 (1, 4, 0, 0, 0, 0, 0, 0, 0, 0, 0, 126)
0 (1, 4, 5, 221, 31, 0, 0, 0, 1, 0, 0, 51)
1 (1, 4, 110, 647, 390, 0, 0, 0, 1, 0, 0, 21)
2 (1, 4, 53, 873, 623, 0, 0, 0, 0, 0, 0, 230)
3 (1, 4, 372, 873, 512, 0, 0, 0, 1, 2, 0, 139)
4 (1, 4, 306, 724, 160, 0, 0, 25, 1, 1, 0, 83)
5 (1, 4, 0, 399, 0, 0, 0, 73, 0, 0, 0, 91)
6 (1, 4, 0, 12, 0, 0, 0, 35, 0, 0, 0, 208)
7 (1, 4, 0, 0, 0, 0, 0, 3, 0, 0, 0, 24)
8 (1, 4, 0, 0, 0, 0, 0, 0, 0, 0, 0, 126)
9 (1, 4, 0, 0, 0, 0, 0, 0, 0, 0, 0, 126)
10 (1, 4, 0, 0, 1, 0, 0, 0, 0, 0, 0, 234)
11 (1, 4, 31, 0, 0, 0, 0, 0, 2, 1, 0, 107)
12 (1, 4, 0, 0, 0, 0, 0, 0, 1, 0, 0, 28)
13 (1, 4, 0, 0, 0, 0, 0, 0, 0, 0, 0, 126)
14 (1, 4, 0, 0, 0, 0, 0, 0, 0, 0, 0, 126)
15 (1, 4, 0, 0, 0, 0, 0, 0, 0, 0, 0, 126)
16 (1, 4, 0, 1, 0, 0, 0, 0, 0, 0, 0, 203)
17 (1, 4, 0, 7, 0, 0, 0, 0, 0, 0, 0, 124)
18 (1, 4, 0, 18, 0, 0, 0, 0, 0, 0, 0, 114)
19 (1, 4, 0, 13, 0, 0, 0, 0, 0, 0, 0, 162)
20 (1, 4, 0, 0, 0, 0, 0, 0, 0, 0, 0, 126)
21 (1, 4, 0, 8, 0, 0, 0, 0, 0, 0, 0, 205)
22 (1, 4, 1, 0, 0, 0, 0, 0, 0, 0, 0, 112)
23 (1, 4, 0, 5, 0, 0, 0, 0, 0, 0, 0, 17)
24 (1, 4, 0, 0, 0, 0, 0, 0, 0, 0, 0, 126)
25 (1, 4, 0, 0, 0, 0, 0, 0, 0, 0, 0, 126)
26 (1, 4, 0, 0, 1, 0, 0, 0, 0, 0, 0, 234)
27 (1, 4, 0, 0, 0, 0, 0, 0, 0, 0, 0, 126)
28 (1, 4, 0, 7, 0, 0, 0, 0, 0, 0, 0, 124)
29 (1, 4, 0, 2, 0, 0, 0, 0, 0, 0, 0, 19)
0 (1, 4, 0, 0, 0, 0, 0, 0, 0, 0, 0, 126)
1 (1, 4, 0, 0, 0, 0, 0, 0, 0, 0, 0, 126)
2 (1, 4, 0, 12, 0, 0, 0, 0, 0, 0, 0, 23)
3 (1, 4, 0, 76, 36, 0, 0, 0, 0, 0, 0, 52)
4 (1, 4, 6, 84, 54, 0, 0, 0, 3, 4, 0, 159)
5 (1, 4, 15, 144, 57, 0, 0, 0, 2, 2, 0, 255)
6 (1, 4, 75, 350, 152, 0, 0, 0, 2, 1, 0, 11)
7 (1, 4, 335, 520, 208, 0, 0, 48, 1, 1, 0, 223)
8 (1, 4, 0, 0, 0, 0, 0, 166, 1, 0, 0, 251)
9 (1, 4, 0, 0, 0, 0, 0, 0, 1, 1, 0, 119)
10 (1, 4, 0, 0, 0, 0, 0, 0, 1, 0, 0, 28)
11 (1, 4, 0, 0, 0, 0, 0, 0, 1, 0, 0, 28)
12 (1, 4, 18, 138, 0, 0, 0, 0, 1, 1, 0, 84)
13 (1, 4, 28, 413, 133, 0, 0, 0, 1, 1, 0, 189)
14 (1, 4, 0, 873, 637, 0, 0, 0, 1, 0, 0, 197)
15 (1, 4, 0, 873, 824, 0, 0, 0, 0, 0, 0, 203)
16 (1, 4, 392, 780, 476, 0, 0, 13, 2, 1, 0, 125)
17 (1, 4, 23, 224, 138, 0, 0, 46, 1, 0, 0, 115)
18 (1, 4, 0, 0, 0, 0, 0, 6, 0, 0, 0, 178)
19 (1, 4, 0, 0, 0, 0, 0, 0, 0, 0, 0, 126)
20 (1, 4, 0, 0, 0, 0, 0, 0, 0, 0, 0, 126)
21 (1, 4, 0, 0, 5, 0, 0, 0, 0, 0, 0, 180)
22 (1, 4, 0, 0, 0, 0, 0, 0, 0, 0, 0, 126)
23 (1, 4, 0, 0, 0, 0, 0, 0, 0, 0, 0, 126)
24 (1, 4, 0, 0, 0, 0, 0, 0, 0, 0, 0, 126)
25 (1, 4, 0, 0, 0, 0, 0, 0, 0, 0, 0, 126)
26 (1, 4, 0, 0, 0, 0, 0, 0, 0, 0, 0, 126)
27 (1, 4, 17, 0, 2, 0, 0, 0, 0, 0, 0, 191)
28 (1, 4, 0, 0, 0, 0, 0, 0, 0, 0, 0, 126)
29 (1, 4, 0, 0, 0, 0, 0, 0, 0, 0, 0, 126)
0 (1, 4, 40, 41, 33, 0, 0, 0, 1, 1, 0, 110)
1 (1, 4, 44, 119, 58, 0, 0, 0, 3, 2, 0, 177)
2 (1, 4, 93, 286, 155, 0, 0, 0, 1, 1, 0, 81)
3 (1, 4, 357, 408, 222, 0, 0, 27, 1, 0, 0, 183)
4 (1, 4, 0, 0, 0, 0, 0, 95, 1, 0, 0, 115)
5 (1, 4, 0, 0, 0, 0, 0, 17, 1, 0, 0, 16)
6 (1, 4, 0, 0, 0, 0, 58, 0, 1, 1, 0, 204)
7 (1, 4, 0, 0, 0, 0, 47, 0, 0, 0, 0, 218)
8 (1, 4, 145, 267, 0, 0, 21, 0, 0, 0, 0, 20)
9 (1, 4, 119, 569, 285, 0, 0, 0, 0, 0, 0, 198)
10 (1, 4, 161, 873, 560, 0, 0, 0, 0, 0, 0, 246)
11 (1, 4, 0, 873, 621, 0, 0, 0, 0, 0, 0, 216)
12 (1, 4, 127, 802, 317, 0, 0, 27, 1, 2, 0, 76)
13 (1, 4, 0, 307, 154, 0, 0, 87, 0, 0, 0, 120)
14 (1, 4, 0, 72, 0, 0, 0, 24, 0, 0, 0, 119)
15 (1, 4, 0, 0, 0, 0, 0, 4, 1, 1, 0, 2)
16 (1, 4, 0, 0, 0, 0, 0, 0, 1, 1, 0, 119)
17 (1, 4, 0, 0, 0, 0, 0, 0, 1, 1, 0, 119)
18 (1, 4, 4, 0, 0, 0, 0, 0, 1, 0, 0, 36)
19 (1, 4, 0, 0, 0, 0, 0, 0, 1, 0, 0, 28)
20 (1, 4, 2, 0, 0, 0, 0, 0, 1, 0, 0, 0)
21 (1, 4, 0, 0, 0, 0, 0, 0, 0, 0, 0, 126)
22 (1, 4, 0, 0, 0, 1, 0, 0, 1, 0, 0, 3)
23 (1, 4, 0, 0, 0, 0, 0, 0, 0, 0, 0, 126)
24 (1, 4, 0, 0, 0, 0, 0, 0, 0, 0, 0, 126)
25 (1, 4, 0, 4, 0, 0, 0, 0, 0, 0, 0, 164)
26 (1, 4, 1, 0, 7, 0, 0, 0, 0, 0, 0, 149)
27 (1, 4, 0, 2, 0, 0, 0, 0, 0, 0, 0, 19)
28 (1, 4, 0, 0, 0, 0, 0, 0, 0, 0, 0, 126)
0 (1, 4, 0, 3, 0, 0, 0, 0, 0, 0, 0, 166)
1 (1, 4, 14, 12, 0, 0, 0, 0, 0, 0, 0, 67)
2 (1, 4, 14, 29, 0, 0, 0, 0, 0, 0, 0, 151)
3 (1, 4, 29, 21, 3, 0, 0, 0, 0, 0, 0, 109)
4 (1, 4, 15, 43, 9, 0, 0, 0, 0, 0, 0, 165)
5 (1, 4, 0, 188, 58, 0, 0, 0, 1, 1, 0, 174)
6 (1, 4, 0, 395, 226, 0, 0, 1, 1, 1, 0, 252)
7 (1, 4, 829, 97, 226, 0, 0, 66, 1, 1, 0, 195)
8 (1, 4, 0, 0, 0, 0, 0, 35, 1, 0, 0, 219)
9 (1, 4, 0, 0, 0, 0, 0, 0, 2, 2, 0, 108)
10 (1, 4, 0, 0, 0, 0, 62, 0, 1, 0, 0, 68)
11 (1, 4, 100, 111, 0, 0, 16, 0, 0, 0, 0, 125)
12 (1, 4, 142, 614, 206, 0, 42, 0, 0, 0, 0, 253)
13 (1, 4, 55, 873, 786, 0, 0, 0, 0, 0, 0, 171)
14 (1, 4, 0, 873, 801, 0, 0, 7, 0, 0, 0, 143)
15 (1, 4, 579, 811, 311, 0, 0, 26, 1, 1, 0, 208)
16 (1, 4, 0, 106, 0, 0, 0, 66, 1, 0, 0, 127)
17 (1, 4, 0, 0, 0, 0, 0, 6, 1, 1, 0, 187)
18 (1, 4, 34, 0, 0, 0, 0, 0, 2, 1, 0, 10)
19 (1, 4, 14, 0, 0, 2, 0, 0, 0, 1, 0, 127)
20 (1, 4, 0, 0, 0, 2, 0, 0, 0, 0, 0, 64)
21 (1, 4, 22, 0, 7, 0, 0, 0, 1, 0, 0, 61)
22 (1, 4, 36, 0, 14, 0, 0, 0, 0, 0, 0, 76)
23 (1, 4, 0, 0, 0, 0, 0, 0, 0, 0, 0, 126)
24 (1, 4, 0, 0, 0, 0, 0, 0, 1, 0, 0, 28)
25 (1, 4, 0, 0, 0, 1, 0, 0, 0, 0, 0, 97)
26 (1, 4, 0, 0, 0, 0, 0, 0, 0, 0, 0, 126)
27 (1, 4, 0, 0, 0, 0, 0, 0, 0, 0, 0, 126)
28 (1, 4, 0, 0, 0, 0, 0, 0, 0, 0, 0, 126)
29 (1, 4, 0, 0, 0, 0, 0, 0, 0, 0, 0, 126)
0 (1, 4, 27, 0, 0, 0, 0, 0, 1, 1, 0, 245)
1 (1, 4, 36, 1, 0, 0, 0, 0, 1, 1, 0, 61)
2 (1, 4, 43, 73, 24, 2, 0, 0, 1, 1, 0, 170)
3 (1, 4, 119, 328, 151, 0, 0, 0, 1, 1, 0, 77)
4 (1, 4, 0, 728, 299, 0, 0, 0, 1, 1, 0, 78)
5 (1, 4, 140, 370, 197, 0, 0, 95, 0, 0, 0, 36)
6 (1, 4, 91, 0, 0, 0, 0, 124, 1, 0, 0, 191)
7 (1, 4, 0, 0, 0, 0, 0, 11, 1, 1, 0, 251)
8 (1, 4, 0, 0, 0, 0, 21, 0, 2, 2, 0, 115)
9 (1, 4, 0, 0, 0, 0, 0, 0, 0, 0, 0, 126)
10 (1, 4, 69, 346, 0, 0, 0, 0, 0, 0, 0, 24)
11 (1, 4, 194, 834, 192, 0, 0, 0, 1, 1, 0, 59)
12 (1, 4, 52, 873, 490, 0, 0, 0, 1, 1, 0, 61)
13 (1, 4, 0, 803, 306, 0, 0, 30, 2, 4, 0, 37)
14 (1, 4, 215, 346, 118, 0, 0, 65, 0, 0, 0, 96)
15 (1, 4, 0, 0, 0, 0, 0, 40, 0, 0, 0, 53)
16 (1, 4, 0, 0, 0, 0, 0, 0, 0, 0, 0, 126)
17 (1, 4, 0, 0, 0, 4, 0, 0, 0, 0, 0, 2)
18 (1, 4, 0, 0, 0, 7, 0, 0, 0, 0, 0, 35)
19 (1, 4, 0, 0, 0, 8, 0, 0, 0, 0, 0, 134)
20 (1, 4, 0, 0, 0, 7, 0, 0, 0, 0, 0, 35)
21 (1, 4, 0, 0, 0, 3, 0, 0, 0, 0, 0, 95)
22 (1, 4, 0, 0, 0, 4, 0, 0, 0, 0, 0, 2)
23 (1, 4, 0, 0, 0, 5, 0, 0, 0, 0, 0, 29)
24 (1, 4, 0, 0, 0, 7, 0, 0, 0, 0, 0, 35)
25 (1, 4, 0, 0, 0, 9, 0, 0, 0, 0, 0, 153)
26 (1, 4, 0, 0, 0, 1, 0, 0, 0, 0, 0, 97)
27 (1, 4, 0, 0, 0, 1, 0, 0, 0, 0, 0, 97)
28 (1, 4, 0, 0, 0, 4, 0, 0, 0, 0, 0, 2)
29 (1, 4, 0, 0, 1, 5, 0, 0, 0, 0, 0, 137)
30 (1, 4, 0, 0, 0, 2, 0, 0, 0, 0, 0, 64)
31 (1, 4, 0, 0, 0, 3, 0, 0, 0, 0, 0, 95)
0 (1, 4, 50, 0, 29, 0, 0, 0, 0, 0, 0, 76)
1 (1, 4, 133, 160, 93, 0, 0, 0, 0, 0, 0, 108)
2 (1, 4, 108, 543, 295, 0, 0, 0, 0, 0, 0, 35)
3 (1, 4, 452, 423, 158, 0, 0, 95, 0, 0, 0, 208)
4 (1, 4, 0, 0, 0, 0, 0, 92, 0, 0, 0, 119)
5 (1, 4, 0, 0, 0, 0, 0, 0, 1, 1, 0, 119)
6 (1, 4, 0, 0, 0, 0, 81, 0, 1, 1, 0, 145)
7 (1, 4, 0, 0, 0, 0, 75, 0, 1, 0, 0, 76)
8 (1, 4, 271, 738, 73, 0, 21, 0, 0, 0, 0, 10)
9 (1, 4, 380, 873, 524, 0, 2, 0, 0, 0, 0, 95)
10 (1, 4, 324, 873, 600, 0, 0, 0, 0, 0, 0, 32)
11 (1, 4, 821, 873, 315, 0, 0, 127, 1, 1, 0, 26)
12 (1, 4, 0, 215, 0, 0, 0, 114, 0, 0, 0, 17)
13 (1, 4, 0, 0, 0, 0, 0, 30, 0, 0, 0, 139)
14 (1, 4, 0, 0, 0, 0, 0, 0, 0, 0, 0, 126)
15 (1, 4, 0, 0, 0, 0, 0, 0, 0, 0, 0, 126)
16 (1, 4, 0, 0, 0, 3, 0, 0, 0, 0, 0, 95)
17 (1, 4, 0, 0, 0, 0, 0, 0, 0, 0, 0, 126)
18 (1, 4, 0, 0, 5, 2, 0, 0, 0, 0, 0, 138)
19 (1, 4, 0, 0, 32, 0, 0, 0, 0, 0, 0, 128)
20 (1, 4, 0, 0, 11, 0, 0, 0, 0, 0, 0, 121)
21 (1, 4, 0, 0, 0, 0, 0, 0, 0, 0, 0, 126)
22 (1, 4, 0, 0, 0, 0, 0, 0, 0, 0, 0, 126)
23 (1, 4, 0, 0, 0, 0, 0, 0, 0, 0, 0, 126)
24 (1, 4, 0, 0, 0, 0, 0, 0, 0, 0, 0, 126)
25 (1, 4, 0, 0, 0, 0, 0, 0, 0, 0, 0, 126)
26 (1, 4, 0, 0, 0, 0, 0, 0, 0, 0, 0, 126)
27 (1, 4, 0, 0, 0, 0, 0, 0, 0, 0, 0, 126)
28 (1, 4, 0, 0, 0, 0, 0, 0, 0, 0, 0, 126)
29 (1, 4, 0, 0, 0, 0, 0, 0, 0, 0, 0, 126)
30 (1, 4, 0, 0, 0, 0, 0, 0, 0, 0, 0, 126)
31 (1, 4, 0, 0, 0, 0, 0, 0, 0, 0, 0, 126)
0 (1, 4, 202, 452, 140, 0, 0, 0, 1, 0, 0, 66)
1 (1, 4, 105, 533, 238, 0, 0, 0, 0, 0, 0, 180)
2 (1, 4, 78, 375, 170, 0, 0, 9, 1, 0, 0, 175)
3 (1, 4, 132, 50, 148, 0, 0, 43, 1, 0, 0, 2)
4 (1, 4, 0, 0, 0, 0, 0, 43, 0, 0, 0, 83)
5 (1, 4, 0, 0, 0, 0, 0, 0, 1, 1, 0, 119)
6 (1, 4, 0, 0, 0, 0, 16, 0, 1, 1, 0, 242)
7 (1, 4, 0, 0, 0, 0, 0, 0, 0, 0, 0, 126)
8 (1, 4, 61, 205, 0, 0, 0, 0, 0, 0, 0, 65)
9 (1, 4, 79, 572, 222, 0, 0, 0, 0, 0, 0, 18)
10 (1, 4, 69, 873, 525, 0, 0, 0, 0, 0, 0, 98)
11 (1, 4, 27, 873, 549, 0, 0, 12, 0, 0, 0, 130)
12 (1, 4, 44, 452, 92, 0, 0, 50, 4, 2, 0, 184)
13 (1, 4, 0, 16, 71, 0, 0, 53, 1, 1, 0, 208)
14 (1, 4, 0, 0, 0, 0, 0, 0, 1, 1, 0, 119)
15 (1, 4, 0, 0, 0, 2, 0, 0, 0, 0, 0, 64)
16 (1, 4, 0, 0, 0, 9, 0, 0, 0, 0, 0, 153)
17 (1, 4, 0, 0, 0, 5, 0, 0, 0, 0, 0, 29)
18 (1, 4, 0, 0, 0, 6, 0, 0, 0, 0, 0, 60)
19 (1, 4, 0, 0, 0, 1, 0, 0, 0, 0, 0, 97)
20 (1, 4, 0, 0, 17, 3, 0, 0, 0, 0, 0, 180)
21 (1, 4, 0, 0, 16, 4, 0, 0, 0, 0, 0, 125)
22 (1, 4, 0, 0, 0, 9, 0, 0, 0, 0, 0, 153)
23 (1, 4, 0, 0, 0, 1, 0, 0, 0, 0, 0, 97)
24 (1, 4, 0, 0, 0, 0, 0, 0, 0, 0, 0, 126)
25 (1, 4, 0, 0, 0, 0, 0, 0, 0, 0, 0, 126)
26 (1, 4, 0, 0, 0, 0, 0, 0, 0, 0, 0, 126)
27 (1, 4, 0, 0, 0, 7, 0, 0, 1, 0, 0, 65)
28 (1, 4, 0, 0, 0, 2, 0, 0, 0, 0, 0, 64)
29 (1, 4, 0, 0, 0, 0, 0, 0, 1, 0, 0, 28)
0 (1, 4, 6, 0, 0, 2, 0, 0, 1, 0, 0, 6)
1 (1, 4, 3, 13, 10, 1, 0, 0, 1, 0, 0, 94)
2 (1, 4, 2, 17, 8, 0, 0, 0, 1, 0, 0, 104)
3 (1, 4, 19, 11, 0, 1, 0, 0, 1, 0, 0, 154)
4 (1, 4, 6, 18, 9, 0, 0, 0, 1, 0, 0, 28)
5 (1, 4, 18, 23, 12, 0, 0, 0, 1, 0, 0, 97)
6 (1, 4, 12, 64, 47, 3, 0, 0, 1, 0, 0, 81)
7 (1, 4, 0, 128, 93, 3, 0, 0, 1, 0, 0, 206)
8 (1, 4, 0, 180, 133, 0, 0, 0, 1, 1, 0, 52)
9 (1, 4, 0, 199, 162, 0, 0, 0, 1, 0, 0, 188)
10 (1, 4, 168, 316, 202, 0, 0, 0, 0, 0, 0, 106)
11 (1, 4, 312, 0, 0, 0, 0, 44, 0, 0, 0, 21)
12 (1, 4, 0, 0, 0, 0, 0, 0, 0, 0, 0, 126)
13 (1, 4, 0, 0, 0, 0, 0, 0, 1, 1, 0, 119)
14 (1, 4, 0, 0, 0, 0, 0, 0, 1, 1, 0, 119)
15 (1, 4, 0, 0, 0, 0, 0, 0, 0, 0, 0, 126)
16 (1, 4, 142, 328, 72, 0, 0, 0, 0, 0, 0, 173)
17 (1, 4, 150, 639, 444, 0, 0, 0, 0, 0, 0, 60)
18 (1, 4, 209, 873, 647, 0, 0, 0, 0, 0, 0, 205)
19 (1, 4, 0, 873, 403, 0, 0, 33, 1, 1, 0, 14)
20 (1, 4, 297, 242, 101, 0, 0, 46, 1, 1, 0, 200)
21 (1, 4, 0, 147, 115, 0, 0, 38, 1, 1, 0, 99)
22 (1, 4, 0, 0, 0, 0, 0, 2, 0, 0, 0, 199)
23 (1, 4, 0, 0, 0, 0, 0, 0, 0, 0, 0, 126)
24 (1, 4, 0, 0, 0, 0, 0, 0, 0, 0, 0, 126)
25 (1, 4, 0, 0, 0, 0, 0, 0, 0, 0, 0, 126)
26 (1, 4, 0, 0, 0, 0, 0, 0, 0, 0, 0, 126)
27 (1, 4, 0, 0, 0, 0, 0, 0, 0, 0, 0, 126)
28 (1, 4, 0, 0, 0, 0, 0, 0, 0, 0, 0, 126)
29 (1, 4, 0, 0, 0, 0, 0, 0, 0, 0, 0, 126)
30 (1, 4, 0, 0, 0, 0, 0, 0, 0, 0, 0, 126)
31 (1, 4, 0, 0, 0, 0, 0, 0, 0, 0, 0, 126)
0 (1, 4, 1, 25, 5, 1, 0, 0, 1, 0, 0, 160)
1 (1, 4, 0, 66, 37, 2, 0, 0, 1, 0, 0, 248)
2 (1, 4, 0, 173, 96, 3, 0, 0, 1, 0, 0, 39)
3 (1, 4, 35, 277, 173, 0, 0, 0, 1, 0, 0, 91)
4 (1, 4, 76, 351, 207, 0, 0, 0, 1, 0, 0, 56)
5 (1, 4, 106, 398, 260, 0, 0, 0, 1, 0, 0, 221)
6 (1, 4, 384, 339, 362, 0, 0, 54, 1, 1, 0, 202)
7 (1, 4, 0, 0, 0, 0, 0, 48, 1, 0, 0, 110)
8 (1, 4, 0, 0, 0, 0, 0, 0, 0, 0, 0, 126)
9 (1, 4, 0, 0, 0, 0, 49, 0, 2, 2, 0, 157)
10 (1, 4, 0, 0, 0, 0, 47, 0, 1, 1, 0, 211)
11 (1, 4, 0, 144, 0, 0, 0, 0, 0, 0, 0, 30)
12 (1, 4, 271, 630, 335, 0, 6, 0, 0, 0, 0, 146)
13 (1, 4, 272, 873, 604, 0, 0, 0, 1, 1, 0, 38)
14 (1, 4, 0, 873, 640, 0, 0, 24, 0, 0, 0, 99)
15 (1, 4, 151, 358, 234, 0, 0, 64, 0, 0, 0, 144)
16 (1, 4, 17, 217, 178, 0, 0, 36, 1, 1, 0, 247)
17 (1, 4, 0, 7, 0, 0, 0, 10, 1, 1, 0, 38)
18 (1, 4, 0, 0, 0, 0, 0, 0, 1, 1, 0, 119)
19 (1, 4, 0, 0, 0, 0, 0, 0, 1, 1, 0, 119)
20 (1, 4, 0, 0, 0, 1, 0, 0, 0, 0, 0, 97)
21 (1, 4, 0, 0, 0, 0, 0, 0, 0, 0, 0, 126)
22 (1, 4, 0, 0, 0, 0, 0, 0, 0, 0, 0, 126)
23 (1, 4, 0, 0, 0, 0, 0, 0, 0, 0, 0, 126)
24 (1, 4, 0, 0, 0, 0, 0, 0, 0, 0, 0, 126)
25 (1, 4, 0, 0, 0, 0, 0, 0, 0, 0, 0, 126)
26 (1, 4, 0, 0, 0, 0, 0, 0, 0, 0, 0, 126)
27 (1, 4, 0, 0, 0, 0, 0, 0, 0, 0, 0, 126)
28 (1, 4, 0, 1, 0, 0, 0, 0, 0, 0, 0, 203)
29 (1, 4, 0, 5, 3, 0, 0, 0, 0, 0, 0, 170)
30 (1, 4, 0, 17, 0, 0, 0, 0, 0, 0, 0, 170)
31 (1, 4, 12, 15, 0, 0, 0, 0, 0, 0, 0, 135)
0 (1, 4, 0, 0, 57, 0, 0, 78, 1, 0, 0, 214)
1 (1, 4, 0, 0, 0, 0, 0, 0, 0, 0, 0, 126)
2 (1, 4, 0, 0, 0, 0, 34, 0, 1, 0, 0, 227)
3 (1, 4, 0, 0, 0, 0, 218, 0, 4, 2, 0, 191)
4 (1, 4, 146, 227, 0, 0, 59, 0, 0, 1, 0, 166)
5 (1, 4, 357, 832, 450, 0, 74, 0, 0, 0, 0, 254)
6 (1, 4, 414, 873, 459, 0, 0, 0, 0, 0, 0, 226)
7 (1, 4, 378, 873, 615, 0, 0, 0, 1, 1, 0, 130)
8 (1, 4, 0, 657, 289, 0, 0, 96, 1, 2, 0, 1)
9 (1, 4, 75, 67, 113, 0, 0, 54, 2, 2, 0, 140)
10 (1, 4, 0, 14, 24, 0, 0, 0, 2, 2, 0, 171)
11 (1, 4, 0, 20, 57, 9, 0, 0, 5, 4, 0, 205)
12 (1, 4, 9, 0, 98, 11, 0, 0, 1, 1, 0, 250)
13 (1, 4, 4, 0, 63, 3, 0, 0, 2, 1, 0, 16)
14 (1, 4, 0, 36, 86, 0, 0, 0, 1, 1, 0, 154)
15 (1, 4, 66, 0, 46, 0, 0, 0, 0, 0, 0, 216)
16 (1, 4, 0, 0, 0, 0, 0, 0, 0, 0, 0, 126)
17 (1, 4, 47, 0, 0, 0, 0, 0, 0, 0, 0, 227)
18 (1, 4, 0, 64, 0, 0, 0, 0, 0, 0, 0, 253)
19 (1, 4, 0, 30, 0, 0, 0, 0, 0, 0, 0, 27)
20 (1, 4, 0, 0, 0, 0, 0, 0, 0, 0, 0, 126)
21 (1, 4, 24, 0, 17, 0, 0, 0, 0, 0, 0, 5)
22 (1, 4, 0, 26, 0, 0, 0, 0, 0, 0, 0, 193)
23 (1, 4, 0, 44, 0, 0, 0, 0, 0, 0, 0, 213)
24 (1, 4, 0, 76, 0, 1, 0, 0, 0, 0, 0, 139)
25 (1, 4, 31, 0, 47, 0, 0, 0, 0, 0, 0, 99)
26 (1, 4, 68, 0, 0, 0, 0, 0, 0, 0, 0, 207)
27 (1, 4, 0, 24, 10, 0, 0, 0, 0, 0, 0, 63)
28 (1, 4, 21, 0, 0, 0, 0, 0, 0, 0, 0, 168)
29 (1, 4, 0, 0, 14, 0, 0, 0, 0, 0, 0, 179)
30 (1, 4, 54, 0, 0, 0, 0, 0, 0, 0, 0, 125)
31 (1, 4, 0, 16, 0, 0, 0, 0, 0, 0, 0, 31)
0 (1, 4, 68, 194, 34, 6, 0, 0, 0, 0, 0, 179)
1 (1, 4, 98, 256, 130, 7, 0, 0, 0, 0, 0, 74)
2 (1, 4, 100, 364, 168, 0, 0, 0, 1, 1, 0, 127)
3 (1, 4, 49, 451, 206, 0, 0, 62, 1, 0, 0, 25)
4 (1, 4, 102, 0, 0, 0, 0, 80, 0, 0, 0, 130)
5 (1, 4, 0, 0, 0, 0, 0, 20, 0, 0, 0, 216)
6 (1, 4, 83, 0, 0, 0, 7, 0, 1, 1, 0, 100)
7 (1, 4, 0, 0, 0, 0, 35, 0, 0, 0, 0, 248)
8 (1, 4, 44, 175, 0, 0, 0, 0, 0, 0, 0, 131)
9 (1, 4, 274, 689, 166, 0, 13, 0, 0, 0, 0, 127)
10 (1, 4, 259, 873, 691, 0, 0, 0, 0, 0, 0, 112)
11 (1, 4, 256, 873, 379, 0, 0, 58, 0, 0, 0, 18)
12 (1, 4, 83, 124, 48, 0, 0, 110, 0, 0, 0, 15)
13 (1, 4, 81, 70, 91, 0, 0, 35, 1, 0, 0, 11)
14 (1, 4, 0, 0, 0, 0, 0, 0, 0, 0, 0, 126)
15 (1, 4, 0, 0, 0, 0, 0, 0, 0, 0, 0, 126)
16 (1, 4, 0, 0, 0, 4, 0, 0, 0, 0, 0, 2)
17 (1, 4, 0, 0, 0, 3, 0, 0, 0, 0, 0, 95)
18 (1, 4, 0, 0, 0, 12, 0, 0, 0, 0, 0, 250)
19 (1, 4, 0, 0, 0, 18, 0, 0, 0, 0, 0, 183)
20 (1, 4, 0, 0, 0, 14, 0, 0, 0, 0, 0, 196)
21 (1, 4, 17, 0, 4, 13, 0, 0, 0, 0, 0, 85)
22 (1, 4, 0, 0, 0, 11, 0, 0, 0, 0, 0, 167)
23 (1, 4, 0, 0, 0, 11, 0, 0, 0, 0, 0, 167)
24 (1, 4, 0, 0, 0, 14, 0, 0, 0, 0, 0, 196)
25 (1, 4, 0, 0, 0, 13, 0, 0, 0, 0, 0, 229)
26 (1, 4, 0, 0, 0, 12, 0, 0, 0, 0, 0, 250)
27 (1, 4, 0, 0, 0, 12, 0, 0, 0, 0, 0, 250)
28 (1, 4, 0, 0, 4, 13, 0, 0, 0, 0, 0, 187)
29 (1, 4, 0, 0, 14, 13, 0, 0, 0, 0, 0, 40)
0 (1, 4, 0, 146, 64, 3, 0, 0, 0, 0, 0, 169)
1 (1, 4, 0, 227, 107, 0, 0, 0, 0, 0, 0, 228)
2 (1, 4, 236, 326, 175, 0, 0, 49, 1, 1, 0, 78)
3 (1, 4, 0, 0, 0, 0, 0, 103, 0, 0, 0, 137)
4 (1, 4, 0, 0, 0, 0, 0, 0, 1, 1, 0, 119)
5 (1, 4, 0, 0, 0, 0, 6, 0, 2, 1, 0, 192)
6 (1, 4, 0, 0, 0, 0, 0, 0, 1, 1, 0, 119)
7 (1, 4, 230, 393, 276, 0, 0, 0, 0, 0, 0, 159)
8 (1, 4, 305, 836, 424, 0, 0, 0, 0, 0, 0, 202)
9 (1, 4, 308, 873, 649, 0, 0, 0, 0, 0, 0, 111)
10 (1, 4, 53, 689, 158, 0, 0, 40, 2, 2, 0, 175)
11 (1, 4, 11, 148, 26, 0, 0, 60, 3, 3, 0, 188)
12 (1, 4, 0, 0, 0, 0, 0, 2, 1, 1, 0, 206)
13 (1, 4, 0, 0, 0, 0, 0, 0, 0, 0, 0, 126)
14 (1, 4, 0, 0, 0, 0, 0, 0, 0, 0, 0, 126)
15 (1, 4, 0, 0, 0, 6, 0, 0, 0, 0, 0, 60)
16 (1, 4, 0, 0, 5, 2, 0, 0, 0, 0, 0, 138)
17 (1, 4, 23, 0, 2, 1, 0, 0, 0, 0, 0, 132)
18 (1, 4, 0, 0, 0, 1, 0, 0, 0, 0, 0, 97)
19 (1, 4, 0, 0, 0, 3, 0, 0, 0, 0, 0, 95)
20 (1, 4, 0, 8, 4, 2, 0, 0, 0, 0, 0, 173)
21 (1, 4, 11, 0, 0, 0, 0, 0, 0, 0, 0, 28)
22 (1, 4, 0, 0, 0, 1, 0, 0, 0, 0, 0, 97)
23 (1, 4, 0, 1, 0, 1, 0, 0, 0, 0, 0, 212)
24 (1, 4, 7, 1, 7, 0, 0, 0, 0, 0, 0, 4)
25 (1, 4, 0, 0, 0, 0, 0, 0, 0, 0, 0, 126)
26 (1, 4, 0, 0, 0, 0, 0, 0, 0, 0, 0, 126)
27 (1, 4, 0, 10, 0, 1, 0, 0, 0, 0, 0, 191)
28 (1, 4, 1, 0, 0, 0, 0, 0, 0, 0, 0, 112)
29 (1, 4, 0, 0, 0, 0, 0, 0, 0, 0, 0, 126)
30 (1, 4, 0, 4, 0, 2, 0, 0, 0, 0, 0, 154)
31 (1, 4, 2, 18, 3, 0, 0, 0, 0, 0, 0, 213)
0 (1, 4, 0, 8, 4, 1, 0, 0, 0, 0, 0, 140)
1 (1, 4, 0, 9, 0, 3, 0, 0, 0, 0, 0, 89)
2 (1, 4, 0, 15, 0, 1, 0, 0, 0, 0, 0, 208)
3 (1, 4, 0, 3, 1, 1, 0, 0, 0, 0, 0, 45)
4 (1, 4, 0, 0, 0, 2, 0, 0, 0, 0, 0, 64)
5 (1, 4, 0, 16, 7, 1, 0, 0, 0, 0, 0, 229)
6 (1, 4, 0, 65, 33, 0, 0, 0, 0, 0, 0, 34)
7 (1, 4, 84, 182, 133, 0, 0, 0, 0, 0, 0, 1)
8 (1, 4, 294, 162, 50, 0, 0, 69, 1, 1, 0, 121)
9 (1, 4, 0, 0, 0, 0, 0, 81, 0, 0, 0, 55)
10 (1, 4, 0, 0, 0, 0, 0, 0, 0, 0, 0, 126)
11 (1, 4, 0, 0, 0, 0, 26, 0, 1, 1, 0, 193)
12 (1, 4, 14, 83, 3, 0, 0, 0, 0, 0, 0, 171)
13 (1, 4, 165, 416, 176, 0, 0, 0, 0, 0, 0, 204)
14 (1, 4, 271, 873, 486, 0, 0, 0, 0, 0, 0, 145)
15 (1, 4, 200, 873, 706, 0, 0, 0, 0, 1, 0, 9)
16 (1, 4, 301, 683, 254, 0, 0, 59, 2, 1, 0, 143)
17 (1, 4, 0, 118, 18, 0, 0, 74, 1, 1, 0, 166)
18 (1, 4, 0, 0, 0, 0, 0, 12, 0, 0, 0, 225)
19 (1, 4, 0, 0, 0, 0, 0, 0, 0, 0, 0, 126)
20 (1, 4, 0, 0, 0, 0, 0, 0, 0, 0, 0, 126)
21 (1, 4, 0, 0, 0, 4, 0, 0, 0, 0, 0, 2)
22 (1, 4, 0, 0, 0, 3, 0, 0, 0, 0, 0, 95)
23 (1, 4, 0, 0, 0, 3, 0, 0, 0, 0, 0, 95)
24 (1, 4, 0, 0, 0, 0, 0, 0, 0, 0, 0, 126)
25 (1, 4, 1, 0, 0, 0, 0, 0, 0, 0, 0, 112)
26 (1, 4, 0, 0, 0, 1, 0, 0, 0, 0, 0, 97)
27 (1, 4, 0, 0, 0, 0, 0, 0, 0, 0, 0, 126)
28 (1, 4, 0, 0, 0, 0, 0, 0, 0, 0, 0, 126)
29 (1, 4, 0, 0, 0, 0, 0, 0, 0, 0, 0, 126)
30 (1, 4, 0, 0, 0, 0, 0, 0, 0, 0, 0, 126)
31 (1, 4, 0, 0, 0, 0, 0, 0, 0, 0, 0, 126)
0 (1, 4, 158, 0, 0, 0, 0, 44, 0, 0, 0, 225)
1 (1, 4, 0, 0, 0, 0, 0, 17, 0, 0, 0, 114)
2 (1, 4, 0, 0, 0, 0, 0, 0, 1, 0, 0, 28)
3 (1, 4, 0, 0, 0, 0, 24, 0, 2, 2, 0, 40)
4 (1, 4, 0, 0, 0, 0, 0, 0, 1, 1, 0, 119)
5 (1, 4, 209, 561, 123, 0, 0, 0, 0, 0, 0, 170)
6 (1, 4, 323, 873, 518, 0, 0, 0, 1, 1, 0, 74)
7 (1, 4, 140, 873, 762, 0, 0, 0, 1, 1, 0, 231)
8 (1, 4, 153, 563, 262, 0, 0, 81, 1, 1, 0, 47)
9 (1, 4, 71, 77, 91, 0, 0, 67, 1, 1, 0, 43)
10 (1, 4, 0, 0, 0, 0, 0, 17, 1, 1, 0, 123)
11 (1, 4, 0, 0, 0, 0, 0, 0, 0, 0, 0, 126)
12 (1, 4, 0, 0, 0, 0, 0, 0, 0, 0, 0, 126)
13 (1, 4, 0, 0, 0, 0, 0, 0, 0, 0, 0, 126)
14 (1, 4, 0, 0, 0, 0, 0, 0, 0, 0, 0, 126)
15 (1, 4, 0, 0, 0, 0, 0, 0, 0, 0, 0, 126)
16 (1, 4, 0, 0, 0, 0, 0, 0, 0, 0, 0, 126)
17 (1, 4, 0, 0, 0, 0, 0, 0, 0, 0, 0, 126)
18 (1, 4, 0, 0, 0, 0, 0, 0, 0, 0, 0, 126)
19 (1, 4, 0, 0, 0, 0, 0, 0, 0, 0, 0, 126)
20 (1, 4, 0, 1, 0, 0, 0, 0, 0, 0, 0, 203)
21 (1, 4, 0, 0, 0, 0, 0, 0, 0, 0, 0, 126)
22 (1, 4, 0, 0, 0, 0, 0, 0, 0, 0, 0, 126)
23 (1, 4, 0, 0, 0, 0, 0, 0, 0, 0, 0, 126)
24 (1, 4, 0, 0, 0, 0, 0, 0, 0, 0, 0, 126)
25 (1, 4, 0, 0, 0, 0, 0, 0, 0, 0, 0, 126)
26 (1, 4, 1, 0, 0, 0, 0, 0, 0, 0, 0, 112)
27 (1, 4, 0, 2, 0, 0, 0, 0, 0, 0, 0, 19)
28 (1, 4, 0, 0, 0, 0, 0, 0, 0, 0, 0, 126)
29 (1, 4, 0, 0, 0, 0, 0, 0, 0, 0, 0, 126)
30 (1, 4, 0, 0, 0, 0, 0, 0, 0, 0, 0, 126)
31 (1, 4, 0, 0, 0, 0, 0, 0, 0, 0, 0, 126)
0 (1, 4, 0, 0, 1, 0, 0, 0, 0, 0, 0, 234)
1 (1, 4, 9, 39, 9, 0, 0, 0, 0, 0, 0, 232)
2 (1, 4, 0, 298, 133, 0, 0, 0, 0, 0, 0, 188)
3 (1, 4, 133, 543, 282, 0, 0, 15, 0, 0, 0, 8)
4 (1, 4, 272, 178, 189, 0, 0, 82, 0, 0, 0, 122)
5 (1, 4, 0, 0, 0, 0, 0, 32, 0, 0, 0, 223)
6 (1, 4, 0, 0, 0, 0, 0, 0, 1, 1, 0, 119)
7 (1, 4, 0, 0, 0, 0, 27, 0, 2, 1, 0, 30)
8 (1, 4, 0, 248, 0, 0, 0, 0, 0, 0, 0, 236)
9 (1, 4, 182, 446, 202, 0, 0, 0, 0, 0, 0, 178)
10 (1, 4, 247, 873, 480, 0, 0, 0, 0, 0, 0, 41)
11 (1, 4, 170, 873, 666, 0, 0, 0, 0, 0, 0, 8)
12 (1, 4, 96, 684, 282, 0, 0, 64, 0, 0, 0, 163)
13 (1, 4, 66, 62, 68, 0, 0, 55, 0, 0, 0, 136)
14 (1, 4, 0, 3, 0, 0, 0, 8, 0, 0, 0, 76)
15 (1, 4, 0, 0, 0, 0, 0, 0, 0, 0, 0, 126)
16 (1, 4, 0, 0, 0, 0, 0, 0, 0, 0, 0, 126)
17 (1, 4, 0, 0, 0, 1, 0, 0, 0, 0, 0, 97)
18 (1, 4, 0, 0, 0, 1, 0, 0, 0, 0, 0, 97)
19 (1, 4, 0, 0, 0, 0, 0, 0, 0, 0, 0, 126)
20 (1, 4, 0, 0, 0, 1, 0, 0, 0, 0, 0, 97)
21 (1, 4, 0, 0, 0, 3, 0, 0, 0, 0, 0, 95)
22 (1, 4, 0, 0, 0, 1, 0, 0, 0, 0, 0, 97)
23 (1, 4, 0, 0, 0, 0, 0, 0, 0, 0, 0, 126)
24 (1, 4, 0, 0, 0, 0, 0, 0, 0, 0, 0, 126)
25 (1, 4, 3, 0, 0, 0, 0, 0, 0, 0, 0, 108)
26 (1, 4, 0, 0, 0, 0, 0, 0, 0, 0, 0, 126)
27 (1, 4, 2, 0, 0, 0, 0, 0, 0, 0, 0, 98)
28 (1, 4, 0, 0, 0, 1, 0, 0, 0, 0, 0, 97)
29 (1, 4, 0, 0, 0, 0, 0, 0, 0, 0, 0, 126)
30 (1, 4, 0, 0, 0, 2, 0, 0, 0, 0, 0, 64)
31 (1, 4, 0, 7, 0, 2, 0, 0, 0, 0, 0, 66)
0 (1, 4, 0, 257, 0, 0, 0, 0, 0, 0, 0, 46)
1 (1, 4, 220, 529, 212, 0, 0, 0, 0, 0, 0, 120)
2 (1, 4, 219, 737, 408, 0, 0, 0, 0, 0, 0, 55)
3 (1, 4, 140, 873, 539, 0, 0, 0, 1, 0, 0, 236)
4 (1, 4, 93, 619, 291, 0, 0, 68, 0, 0, 0, 158)
5 (1, 4, 0, 102, 0, 0, 0, 35, 1, 1, 0, 70)
6 (1, 4, 0, 0, 0, 0, 0, 5, 0, 0, 0, 212)
7 (1, 4, 0, 0, 0, 0, 0, 0, 0, 0, 0, 126)
8 (1, 4, 0, 0, 0, 7, 0, 0, 0, 0, 0, 35)
9 (1, 4, 0, 0, 0, 0, 0, 0, 0, 0, 0, 126)
10 (1, 4, 0, 0, 0, 0, 0, 0, 0, 0, 0, 126)
11 (1, 4, 0, 0, 0, 0, 0, 0, 0, 0, 0, 126)
12 (1, 4, 0, 0, 0, 1, 0, 0, 0, 0, 0, 97)
13 (1, 4, 0, 0, 0, 2, 0, 0, 0, 0, 0, 64)
14 (1, 4, 0, 0, 0, 0, 0, 0, 0, 0, 0, 126)
15 (1, 4, 0, 8, 9, 0, 0, 0, 0, 0, 0, 229)
16 (1, 4, 0, 1, 7, 0, 0, 0, 0, 0, 0, 46)
17 (1, 4, 0, 0, 0, 0, 0, 0, 0, 0, 0, 126)
18 (1, 4, 0, 2, 0, 0, 0, 0, 0, 0, 0, 19)
19 (1, 4, 0, 2, 0, 0, 0, 0, 0, 0, 0, 19)
20 (1, 4, 0, 0, 0, 0, 0, 0, 0, 0, 0, 126)
21 (1, 4, 0, 3, 0, 0, 0, 0, 0, 0, 0, 166)
22 (1, 4, 0, 0, 0, 0, 0, 0, 0, 0, 0, 126)
23 (1, 4, 0, 0, 0, 0, 0, 0, 0, 0, 0, 126)
24 (1, 4, 0, 0, 0, 0, 0, 0, 0, 0, 0, 126)
25 (1, 4, 2, 2, 3, 0, 0, 0, 0, 0, 0, 180)
26 (1, 4, 2, 0, 0, 0, 0, 0, 0, 0, 0, 98)
27 (1, 4, 0, 5, 0, 0, 0, 0, 0, 0, 0, 17)
28 (1, 4, 0, 3, 0, 0, 0, 0, 0, 0, 0, 166)
29 (1, 4, 0, 0, 0, 0, 0, 0, 0, 0, 0, 126)
30 (1, 4, 0, 0, 0, 0, 0, 0, 0, 0, 0, 126)
31 (1, 4, 0, 3, 0, 0, 0, 0, 0, 0, 0, 166)
0 (1, 4, 0, 229, 67, 0, 0, 0, 3, 7, 0, 161)
1 (1, 4, 290, 363, 228, 0, 0, 42, 1, 0, 0, 82)
2 (1, 4, 0, 0, 0, 0, 0, 101, 0, 0, 0, 48)
3 (1, 4, 0, 0, 0, 0, 0, 0, 1, 1, 0, 119)
4 (1, 4, 0, 0, 0, 0, 25, 0, 1, 0, 0, 33)
5 (1, 4, 0, 0, 0, 0, 0, 0, 3, 2, 0, 14)
6 (1, 4, 176, 423, 159, 0, 0, 0, 1, 1, 0, 182)
7 (1, 4, 387, 873, 479, 0, 0, 0, 1, 1, 0, 108)
8 (1, 4, 85, 873, 548, 0, 0, 0, 1, 0, 0, 54)
9 (1, 4, 7, 369, 55, 0, 0, 89, 1, 1, 0, 234)
10 (1, 4, 133, 15, 77, 0, 0, 44, 2, 5, 0, 91)
11 (1, 4, 0, 0, 0, 0, 0, 0, 2, 2, 0, 108)
12 (1, 4, 0, 0, 0, 0, 0, 0, 1, 1, 0, 119)
13 (1, 4, 2, 0, 0, 6, 0, 0, 1, 1, 0, 41)
14 (1, 4, 0, 0, 0, 5, 0, 0, 0, 0, 0, 29)
15 (1, 4, 0, 0, 0, 1, 0, 0, 0, 0, 0, 97)
16 (1, 4, 0, 0, 6, 5, 0, 0, 0, 0, 0, 108)
17 (1, 4, 0, 0, 0, 2, 0, 0, 0, 0, 0, 64)
18 (1, 4, 0, 0, 0, 3, 0, 0, 0, 0, 0, 95)
19 (1, 4, 0, 0, 0, 3, 0, 0, 0, 0, 0, 95)
20 (1, 4, 0, 0, 0, 5, 0, 0, 0, 0, 0, 29)
21 (1, 4, 0, 8, 1, 4, 0, 0, 0, 0, 0, 37)
22 (1, 4, 0, 0, 4, 3, 0, 0, 0, 0, 0, 1)
23 (1, 4, 0, 4, 0, 2, 0, 0, 0, 0, 0, 154)
24 (1, 4, 0, 0, 0, 2, 0, 0, 0, 0, 0, 64)
25 (1, 4, 0, 4, 0, 3, 0, 0, 0, 0, 0, 133)
26 (1, 4, 0, 0, 0, 2, 0, 0, 0, 0, 0, 64)
27 (1, 4, 0, 3, 0, 3, 0, 0, 0, 0, 0, 135)
28 (1, 4, 0, 21, 0, 3, 0, 0, 0, 0, 0, 81)
29 (1, 4, 5, 0, 0, 2, 0, 0, 0, 0, 0, 118)
30 (1, 4, 0, 0, 0, 5, 0, 0, 0, 0, 0, 29)
31 (1, 4, 0, 0, 0, 2, 0, 0, 0, 0, 0, 64)
0 (1, 4, 4, 0, 0, 5, 0, 0, 0, 0, 0, 37)
1 (1, 4, 0, 18, 1, 6, 0, 0, 0, 0, 0, 164)
2 (1, 4, 0, 121, 29, 13, 0, 0, 0, 0, 0, 202)
3 (1, 4, 0, 330, 119, 8, 0, 0, 1, 1, 0, 168)
4 (1, 4, 0, 593, 234, 0, 0, 0, 2, 3, 0, 250)
5 (1, 4, 225, 481, 344, 0, 0, 80, 1, 2, 0, 124)
6 (1, 4, 175, 0, 130, 0, 0, 85, 0, 0, 0, 20)
7 (1, 4, 0, 0, 0, 0, 0, 29, 0, 0, 0, 237)
8 (1, 4, 0, 0, 0, 0, 25, 0, 1, 0, 0, 33)
9 (1, 4, 0, 0, 0, 0, 0, 0, 1, 0, 0, 28)
10 (1, 4, 0, 473, 0, 0, 0, 0, 1, 1, 0, 119)
11 (1, 4, 306, 873, 301, 0, 0, 0, 0, 0, 0, 253)
12 (1, 4, 330, 873, 507, 0, 0, 0, 0, 0, 0, 39)
13 (1, 4, 175, 873, 465, 0, 0, 56, 2, 1, 0, 18)
14 (1, 4, 101, 337, 160, 0, 0, 112, 0, 0, 0, 140)
15 (1, 4, 30, 0, 0, 0, 0, 48, 0, 0, 0, 184)
16 (1, 4, 0, 0, 0, 0, 0, 0, 1, 0, 0, 28)
17 (1, 4, 0, 0, 0, 0, 0, 0, 0, 0, 0, 126)
18 (1, 4, 0, 0, 0, 0, 0, 0, 1, 0, 0, 28)
19 (1, 4, 0, 0, 0, 0, 0, 0, 1, 0, 0, 28)
20 (1, 4, 0, 0, 0, 3, 0, 0, 1, 0, 0, 61)
21 (1, 4, 0, 0, 0, 7, 0, 0, 0, 0, 0, 35)
22 (1, 4, 0, 0, 0, 3, 0, 0, 0, 0, 0, 95)
23 (1, 4, 9, 0, 0, 7, 0, 0, 0, 0, 0, 93)
24 (1, 4, 0, 12, 0, 7, 0, 0, 0, 0, 0, 74)
25 (1, 4, 0, 0, 0, 1, 0, 0, 0, 0, 0, 97)
26 (1, 4, 0, 0, 0, 2, 0, 0, 0, 0, 0, 64)
27 (1, 4, 0, 0, 0, 4, 0, 0, 0, 0, 0, 2)
28 (1, 4, 0, 0, 0, 3, 0, 0, 0, 0, 0, 95)
29 (1, 4, 2, 0, 0, 0, 0, 0, 0, 0, 0, 98)
30 (1, 4, 0, 0, 0, 4, 0, 0, 0, 0, 0, 2)
31 (1, 4, 0, 0, 0, 2, 0, 0, 0, 0, 0, 64)
0 (1, 4, 0, 0, 0, 6, 0, 0, 0, 0, 0, 60)
1 (1, 4, 25, 43, 53, 3, 0, 0, 0, 0, 0, 35)
2 (1, 4, 147, 305, 175, 1, 0, 0, 0, 0, 0, 35)
3 (1, 4, 89, 521, 281, 0, 0, 0, 2, 2, 0, 186)
4 (1, 4, 107, 457, 200, 0, 0, 0, 1, 0, 0, 231)
5 (1, 4, 150, 334, 184, 0, 0, 25, 1, 0, 0, 133)
6 (1, 4, 0, 152, 41, 0, 0, 68, 0, 0, 0, 75)
7 (1, 4, 0, 0, 0, 0, 0, 40, 0, 0, 0, 53)
8 (1, 4, 0, 0, 0, 0, 0, 0, 0, 0, 0, 126)
9 (1, 4, 0, 0, 0, 0, 45, 0, 0, 0, 0, 40)
10 (1, 4, 0, 128, 0, 0, 0, 0, 1, 1, 0, 118)
11 (1, 4, 192, 498, 164, 0, 0, 0, 1, 1, 0, 19)
12 (1, 4, 288, 851, 353, 0, 0, 0, 1, 1, 0, 108)
13 (1, 4, 201, 873, 562, 0, 0, 0, 1, 1, 0, 238)
14 (1, 4, 269, 873, 429, 0, 0, 46, 1, 1, 0, 255)
15 (1, 4, 0, 95, 0, 0, 0, 71, 1, 0, 0, 25)
16 (1, 4, 0, 0, 0, 0, 0, 0, 1, 0, 0, 28)
17 (1, 4, 0, 0, 0, 0, 0, 0, 0, 0, 0, 126)
18 (1, 4, 0, 0, 0, 0, 0, 0, 1, 1, 0, 119)
19 (1, 4, 0, 0, 0, 0, 0, 0, 1, 0, 0, 28)
20 (1, 4, 0, 0, 0, 19, 0, 0, 1, 0, 0, 202)
21 (1, 4, 0, 0, 0, 0, 0, 0, 1, 0, 0, 28)
22 (1, 4, 0, 0, 0, 0, 0, 0, 1, 0, 0, 28)
23 (1, 4, 0, 13, 14, 0, 0, 0, 1, 1, 0, 102)
24 (1, 4, 0, 8, 26, 0, 0, 0, 1, 0, 0, 67)
25 (1, 4, 0, 6, 0, 0, 0, 0, 1, 0, 0, 171)
26 (1, 4, 8, 0, 0, 0, 0, 0, 1, 0, 0, 108)
27 (1, 4, 0, 0, 0, 0, 0, 0, 1, 0, 0, 28)
28 (1, 4, 5, 0, 0, 0, 0, 0, 1, 0, 0, 42)
29 (1, 4, 0, 0, 0, 0, 0, 0, 1, 0, 0, 28)
30 (1, 4, 0, 5, 0, 0, 0, 0, 1, 0, 0, 115)
31 (1, 4, 4, 0, 0, 0, 0, 0, 1, 0, 0, 36)
0 (1, 4, 60, 160, 107, 0, 0, 0, 3, 3, 0, 203)
1 (1, 4, 275, 477, 271, 0, 0, 18, 1, 1, 0, 51)
2 (1, 4, 133, 0, 0, 0, 0, 101, 1, 1, 0, 26)
3 (1, 4, 0, 0, 0, 0, 0, 4, 2, 2, 0, 25)
4 (1, 4, 0, 0, 0, 0, 0, 0, 1, 1, 0, 119)
5 (1, 4, 0, 0, 0, 0, 0, 0, 1, 0, 0, 28)
6 (1, 4, 0, 0, 0, 0, 0, 0, 0, 0, 0, 126)
7 (1, 4, 18, 44, 0, 0, 0, 0, 0, 0, 0, 41)
8 (1, 4, 154, 389, 154, 0, 0, 0, 0, 0, 0, 113)
9 (1, 4, 245, 767, 502, 0, 0, 0, 0, 0, 0, 9)
10 (1, 4, 273, 873, 773, 0, 0, 0, 0, 0, 0, 208)
11 (1, 4, 397, 873, 318, 0, 0, 58, 0, 0, 0, 112)
12 (1, 4, 0, 0, 0, 0, 0, 70, 0, 0, 0, 247)
13 (1, 4, 0, 17, 40, 0, 0, 0, 0, 0, 0, 232)
14 (1, 4, 0, 0, 0, 0, 0, 0, 0, 0, 0, 126)
15 (1, 4, 32, 0, 0, 0, 0, 0, 0, 0, 0, 185)
16 (1, 4, 1, 0, 0, 4, 0, 0, 0, 0, 0, 12)
17 (1, 4, 0, 0, 4, 0, 0, 0, 0, 0, 0, 32)
18 (1, 4, 0, 0, 0, 3, 0, 0, 0, 0, 0, 95)
19 (1, 4, 0, 0, 0, 0, 0, 0, 0, 0, 0, 126)
20 (1, 4, 0, 0, 0, 0, 0, 0, 0, 0, 0, 126)
21 (1, 4, 0, 0, 0, 0, 0, 0, 0, 0, 0, 126)
22 (1, 4, 0, 0, 0, 2, 0, 0, 0, 0, 0, 64)
23 (1, 4, 0, 0, 0, 0, 0, 0, 0, 0, 0, 126)
24 (1, 4, 0, 0, 0, 0, 0, 0, 0, 0, 0, 126)
25 (1, 4, 0, 0, 0, 0, 0, 0, 0, 0, 0, 126)
26 (1, 4, 1, 0, 0, 0, 0, 0, 0, 0, 0, 112)
27 (1, 4, 0, 4, 4, 0, 0, 0, 0, 0, 0, 250)
28 (1, 4, 0, 3, 2, 0, 0, 0, 0, 0, 0, 137)
29 (1, 4, 0, 5, 0, 0, 0, 0, 0, 0, 0, 17)
30 (1, 4, 12, 0, 0, 0, 0, 0, 0, 0, 0, 54)
31 (1, 4, 5, 0, 0, 0, 0, 0, 0, 0, 0, 72)
0 (1, 4, 0, 13, 3, 0, 0, 0, 0, 0, 0, 25)
1 (1, 4, 9, 57, 24, 1, 0, 0, 0, 0, 0, 121)
2 (1, 4, 13, 161, 116, 3, 0, 0, 0, 0, 0, 75)
3 (1, 4, 0, 310, 168, 0, 0, 0, 1, 0, 0, 94)
4 (1, 4, 249, 374, 227, 0, 0, 22, 1, 1, 0, 144)
5 (1, 4, 178, 0, 0, 0, 0, 145, 0, 0, 0, 214)
6 (1, 4, 0, 0, 0, 0, 0, 29, 1, 0, 0, 143)
7 (1, 4, 0, 0, 0, 0, 23, 0, 1, 1, 0, 154)
8 (1, 4, 0, 0, 0, 0, 27, 0, 0, 0, 0, 177)
9 (1, 4, 158, 406, 62, 0, 0, 0, 0, 0, 0, 161)
10 (1, 4, 247, 556, 209, 0, 0, 0, 0, 0, 0, 104)
11 (1, 4, 196, 846, 446, 0, 0, 0, 0, 0, 0, 149)
12 (1, 4, 185, 873, 621, 0, 0, 13, 0, 0, 0, 212)
13 (1, 4, 0, 239, 35, 0, 0, 106, 1, 1, 0, 116)
14 (1, 4, 27, 0, 10, 0, 0, 43, 0, 0, 0, 66)
15 (1, 4, 0, 0, 0, 0, 0, 0, 0, 0, 0, 126)
16 (1, 4, 0, 0, 0, 0, 0, 0, 0, 0, 0, 126)
17 (1, 4, 0, 0, 0, 5, 0, 0, 0, 0, 0, 29)
18 (1, 4, 0, 0, 20, 0, 0, 0, 0, 0, 0, 95)
19 (1, 4, 0, 0, 26, 0, 0, 0, 0, 0, 0, 146)
20 (1, 4, 0, 0, 25, 1, 0, 0, 0, 0, 0, 54)
21 (1, 4, 12, 9, 7, 0, 0, 0, 0, 0, 0, 213)
22 (1, 4, 0, 8, 0, 0, 0, 0, 0, 0, 0, 205)
23 (1, 4, 0, 6, 0, 0, 0, 0, 0, 0, 0, 201)
24 (1, 4, 0, 1, 0, 0, 0, 0, 0, 0, 0, 203)
25 (1, 4, 0, 0, 8, 0, 0, 0, 0, 0, 0, 194)
26 (1, 4, 0, 0, 3, 0, 0, 0, 0, 0, 0, 197)
27 (1, 4, 0, 0, 0, 0, 0, 0, 0, 0, 0, 126)
28 (1, 4, 0, 7, 0, 0, 0, 0, 0, 0, 0, 124)
29 (1, 4, 2, 2, 0, 0, 0, 0, 0, 0, 0, 15)
30 (1, 4, 0, 1, 0, 0, 0, 0, 0, 0, 0, 203)
31 (1, 4, 0, 3, 0, 0, 0, 0, 0, 0, 0, 166)
0 (1, 4, 0, 0, 0, 0, 15, 0, 1, 1, 0, 222)
1 (1, 4, 27, 201, 0, 0, 0, 0, 0, 0, 0, 120)
2 (1, 4, 161, 365, 135, 0, 0, 0, 0, 0, 0, 206)
3 (1, 4, 92, 707, 424, 0, 0, 0, 1, 1, 0, 47)
4 (1, 4, 0, 855, 674, 0, 0, 0, 0, 0, 0, 44)
5 (1, 4, 39, 806, 592, 0, 0, 0, 0, 0, 0, 240)
6 (1, 4, 107, 191, 53, 0, 0, 10, 1, 1, 0, 80)
7 (1, 4, 0, 0, 92, 0, 0, 2, 0, 0, 0, 161)
8 (1, 4, 0, 0, 37, 0, 0, 0, 0, 0, 0, 74)
9 (1, 4, 40, 0, 0, 0, 0, 0, 0, 0, 0, 201)
10 (1, 4, 0, 0, 0, 0, 0, 0, 0, 0, 0, 126)
11 (1, 4, 0, 0, 0, 0, 0, 0, 0, 0, 0, 126)
12 (1, 4, 10, 0, 0, 0, 0, 0, 0, 0, 0, 18)
13 (1, 4, 0, 0, 0, 0, 0, 0, 0, 0, 0, 126)
14 (1, 4, 0, 0, 0, 0, 0, 0, 0, 0, 0, 126)
15 (1, 4, 0, 0, 0, 0, 0, 0, 0, 0, 0, 126)
16 (1, 4, 0, 19, 6, 0, 0, 0, 0, 0, 0, 182)
17 (1, 4, 0, 57, 34, 0, 0, 0, 0, 0, 0, 10)
18 (1, 4, 0, 64, 38, 0, 0, 0, 0, 0, 0, 114)
19 (1, 4, 5, 28, 17, 0, 0, 0, 0, 0, 0, 171)
20 (1, 4, 0, 31, 7, 0, 0, 0, 0, 0, 0, 75)
21 (1, 4, 0, 25, 0, 0, 0, 0, 0, 0, 0, 25)
22 (1, 4, 7, 8, 8, 0, 0, 0, 0, 0, 0, 91)
23 (1, 4, 0, 0, 0, 0, 0, 0, 0, 0, 0, 126)
24 (1, 4, 0, 0, 0, 0, 0, 0, 0, 0, 0, 126)
25 (1, 4, 0, 0, 3, 0, 0, 0, 0, 0, 0, 197)
26 (1, 4, 3, 0, 0, 0, 0, 0, 0, 0, 0, 108)
27 (1, 4, 0, 1, 0, 0, 0, 0, 0, 0, 0, 203)
28 (1, 4, 0, 0, 0, 0, 0, 0, 0, 0, 0, 126)
29 (1, 4, 0, 7, 9, 0, 0, 0, 0, 0, 0, 84)
0 (1, 4, 7, 3, 5, 0, 0, 0, 1, 0, 0, 36)
1 (1, 4, 0, 3, 2, 0, 0, 0, 1, 0, 0, 235)
2 (1, 4, 0, 13, 0, 0, 0, 0, 1, 1, 0, 171)
3 (1, 4, 14, 13, 8, 0, 0, 0, 0, 0, 0, 74)
4 (1, 4, 17, 16, 23, 0, 0, 0, 1, 1, 0, 98)
5 (1, 4, 10, 33, 16, 0, 0, 0, 1, 1, 0, 19)
6 (1, 4, 0, 66, 33, 0, 0, 0, 1, 1, 0, 243)
7 (1, 4, 0, 81, 58, 0, 0, 0, 1, 1, 0, 50)
8 (1, 4, 42, 109, 80, 0, 0, 0, 1, 1, 0, 197)
9 (1, 4, 314, 284, 190, 0, 0, 0, 1, 1, 0, 110)
10 (1, 4, 296, 0, 0, 0, 0, 53, 1, 0, 0, 113)
11 (1, 4, 0, 0, 0, 0, 0, 7, 0, 0, 0, 109)
12 (1, 4, 0, 0, 0, 0, 0, 0, 0, 0, 0, 126)
13 (1, 4, 0, 0, 0, 0, 16, 0, 0, 0, 0, 251)
14 (1, 4, 40, 5, 0, 0, 0, 0, 0, 0, 0, 166)
15 (1, 4, 46, 214, 69, 0, 0, 0, 0, 0, 0, 136)
16 (1, 4, 219, 548, 424, 0, 0, 0, 0, 0, 0, 91)
17 (1, 4, 114, 832, 723, 0, 0, 0, 0, 0, 0, 19)
18 (1, 4, 149, 873, 872, 0, 0, 0, 1, 0, 0, 238)
19 (1, 4, 545, 556, 114, 0, 0, 5, 1, 1, 0, 35)
20 (1, 4, 0, 84, 48, 0, 0, 38, 1, 1, 0, 163)
21 (1, 4, 0, 0, 0, 0, 0, 0, 1, 0, 0, 28)
22 (1, 4, 0, 0, 0, 0, 0, 0, 2, 1, 0, 209)
23 (1, 4, 0, 0, 44, 0, 0, 0, 1, 1, 0, 107)
24 (1, 4, 27, 0, 8, 0, 0, 0, 1, 0, 0, 34)
25 (1, 4, 0, 0, 0, 0, 0, 0, 1, 1, 0, 119)
26 (1, 4, 0, 0, 0, 0, 0, 0, 1, 0, 0, 28)
27 (1, 4, 0, 0, 0, 0, 0, 0, 1, 0, 0, 28)
28 (1, 4, 0, 0, 0, 0, 0, 0, 1, 0, 0, 28)
29 (1, 4, 0, 0, 0, 0, 0, 0, 0, 0, 0, 126)
30 (1, 4, 0, 0, 0, 0, 0, 0, 1, 0, 0, 28)
31 (1, 4, 0, 0, 0, 0, 0, 0, 1, 0, 0, 28)
0 (1, 4, 0, 0, 0, 0, 0, 0, 1, 0, 0, 28)
1 (1, 4, 0, 11, 0, 0, 0, 0, 0, 0, 0, 21)
2 (1, 4, 0, 19, 0, 0, 0, 0, 0, 0, 0, 199)
3 (1, 4, 0, 10, 0, 0, 0, 0, 0, 0, 0, 160)
4 (1, 4, 0, 5, 0, 0, 0, 0, 0, 0, 0, 17)
5 (1, 4, 3, 46, 7, 0, 0, 0, 1, 0, 0, 45)
6 (1, 4, 66, 224, 88, 5, 0, 0, 2, 2, 0, 226)
7 (1, 4, 0, 556, 230, 0, 0, 0, 1, 1, 0, 148)
8 (1, 4, 412, 873, 349, 0, 0, 35, 1, 1, 0, 207)
9 (1, 4, 0, 0, 0, 0, 0, 128, 1, 0, 0, 150)
10 (1, 4, 0, 0, 0, 0, 0, 0, 1, 0, 0, 28)
11 (1, 4, 0, 0, 0, 0, 137, 0, 1, 1, 0, 251)
12 (1, 4, 0, 0, 0, 0, 75, 0, 0, 0, 0, 46)
13 (1, 4, 113, 419, 0, 0, 13, 0, 0, 0, 0, 123)
14 (1, 4, 373, 831, 304, 0, 34, 0, 0, 0, 0, 253)
15 (1, 4, 303, 873, 469, 0, 0, 0, 0, 0, 0, 108)
16 (1, 4, 339, 873, 679, 0, 0, 3, 0, 0, 0, 94)
17 (1, 4, 164, 733, 282, 0, 0, 44, 0, 0, 0, 233)
18 (1, 4, 0, 200, 97, 0, 0, 79, 0, 0, 0, 98)
19 (1, 4, 0, 0, 0, 0, 0, 16, 0, 0, 0, 173)
20 (1, 4, 0, 0, 0, 0, 0, 0, 0, 0, 0, 126)
21 (1, 4, 0, 0, 0, 0, 0, 0, 0, 0, 0, 126)
22 (1, 4, 0, 0, 0, 0, 0, 0, 0, 0, 0, 126)
23 (1, 4, 0, 0, 0, 0, 0, 0, 0, 0, 0, 126)
24 (1, 4, 0, 0, 4, 1, 0, 0, 0, 0, 0, 63)
25 (1, 4, 0, 0, 15, 3, 0, 0, 0, 0, 0, 6)
26 (1, 4, 18, 0, 9, 0, 0, 0, 0, 0, 0, 170)
27 (1, 4, 4, 0, 11, 0, 0, 0, 0, 0, 0, 65)
28 (1, 4, 0, 35, 10, 0, 0, 0, 0, 0, 0, 247)
29 (1, 4, 1, 17, 8, 0, 0, 0, 0, 0, 0, 24)
30 (1, 4, 0, 19, 5, 0, 0, 0, 0, 0, 0, 13)
31 (1, 4, 0, 6, 0, 0, 0, 0, 0, 0, 0, 201)
0 (1, 4, 0, 31, 8, 0, 0, 0, 0, 0, 0, 18)
1 (1, 4, 9, 25, 28, 0, 0, 0, 0, 0, 0, 250)
2 (1, 4, 0, 35, 41, 0, 0, 0, 0, 0, 0, 178)
3 (1, 4, 0, 12, 59, 0, 0, 0, 0, 0, 0, 145)
4 (1, 4, 192, 49, 101, 0, 0, 0, 0, 0, 0, 59)
5 (1, 4, 325, 323, 232, 0, 0, 0, 1, 1, 0, 60)
6 (1, 4, 367, 625, 320, 0, 0, 0, 1, 1, 0, 159)
7 (1, 4, 587, 239, 0, 0, 0, 103, 0, 0, 0, 151)
8 (1, 4, 0, 0, 0, 0, 0, 66, 0, 0, 0, 130)
9 (1, 4, 0, 0, 0, 0, 7, 0, 0, 0, 0, 22)
10 (1, 4, 0, 0, 0, 0, 59, 0, 1, 0, 0, 222)
11 (1, 4, 0, 324, 0, 0, 0, 0, 0, 0, 0, 194)
12 (1, 4, 406, 496, 40, 0, 34, 0, 0, 0, 0, 212)
13 (1, 4, 254, 778, 414, 0, 21, 0, 0, 0, 0, 102)
14 (1, 4, 53, 873, 728, 0, 0, 0, 1, 1, 0, 122)
15 (1, 4, 149, 873, 368, 0, 0, 14, 0, 0, 0, 211)
16 (1, 4, 0, 140, 66, 0, 0, 65, 0, 0, 0, 88)
17 (1, 4, 64, 0, 22, 0, 0, 21, 1, 0, 0, 226)
18 (1, 4, 0, 0, 0, 0, 0, 0, 1, 0, 0, 28)
19 (1, 4, 0, 0, 0, 2, 0, 0, 0, 0, 0, 64)
20 (1, 4, 0, 0, 0, 7, 0, 0, 0, 0, 0, 35)
21 (1, 4, 29, 0, 20, 6, 0, 0, 0, 0, 0, 187)
22 (1, 4, 41, 7, 33, 8, 0, 0, 0, 0, 0, 87)
23 (1, 4, 0, 12, 0, 4, 0, 0, 0, 0, 0, 107)
24 (1, 4, 0, 0, 0, 1, 0, 0, 0, 0, 0, 97)
25 (1, 4, 0, 0, 10, 3, 0, 0, 0, 0, 0, 204)
26 (1, 4, 0, 0, 8, 0, 0, 0, 0, 0, 0, 194)
27 (1, 4, 0, 0, 0, 1, 0, 0, 0, 0, 0, 97)
28 (1, 4, 2, 0, 2, 0, 0, 0, 0, 0, 0, 77)
29 (1, 4, 2, 0, 0, 1, 0, 0, 0, 0, 0, 125)
30 (1, 4, 0, 4, 0, 2, 0, 0, 0, 0, 0, 154)
31 (1, 4, 0, 0, 0, 0, 0, 0, 0, 0, 0, 126)
0 (1, 4, 0, 0, 0, 0, 71, 0, 1, 2, 0, 184)
1 (1, 4, 0, 0, 0, 0, 69, 0, 0, 0, 0, 254)
2 (1, 4, 0, 386, 12, 0, 0, 0, 0, 0, 0, 21)
3 (1, 4, 421, 752, 294, 0, 27, 0, 0, 0, 0, 105)
4 (1, 4, 330, 873, 521, 0, 0, 0, 1, 1, 0, 109)
5 (1, 4, 228, 873, 736, 0, 0, 0, 0, 0, 0, 60)
6 (1, 4, 227, 783, 276, 0, 0, 52, 0, 0, 0, 213)
7 (1, 4, 0, 70, 0, 0, 0, 74, 0, 0, 0, 92)
8 (1, 4, 0, 0, 0, 0, 0, 9, 0, 0, 0, 75)
9 (1, 4, 0, 0, 0, 0, 0, 0, 0, 0, 0, 126)
10 (1, 4, 0, 0, 0, 1, 0, 0, 0, 0, 0, 97)
11 (1, 4, 0, 0, 0, 3, 0, 0, 0, 0, 0, 95)
12 (1, 4, 33, 0, 0, 0, 0, 0, 0, 0, 0, 183)
13 (1, 4, 10, 0, 0, 0, 0, 0, 0, 0, 0, 18)
14 (1, 4, 0, 0, 0, 0, 0, 0, 0, 0, 0, 126)
15 (1, 4, 0, 0, 0, 0, 0, 0, 0, 0, 0, 126)
16 (1, 4, 0, 0, 0, 2, 0, 0, 0, 0, 0, 64)
17 (1, 4, 0, 0, 0, 3, 0, 0, 0, 0, 0, 95)
18 (1, 4, 0, 0, 0, 2, 0, 0, 0, 0, 0, 64)
19 (1, 4, 0, 0, 0, 4, 0, 0, 0, 0, 0, 2)
20 (1, 4, 0, 0, 0, 0, 0, 0, 0, 0, 0, 126)
21 (1, 4, 0, 14, 3, 0, 0, 0, 0, 0, 0, 193)
22 (1, 4, 0, 5, 0, 0, 0, 0, 0, 0, 0, 17)
23 (1, 4, 0, 1, 0, 4, 0, 0, 0, 0, 0, 183)
24 (1, 4, 0, 0, 0, 4, 0, 0, 0, 0, 0, 2)
25 (1, 4, 0, 0, 0, 5, 0, 0, 0, 0, 0, 29)
26 (1, 4, 0, 0, 10, 2, 0, 0, 0, 0, 0, 211)
27 (1, 4, 0, 0, 10, 0, 0, 0, 0, 0, 0, 237)
28 (1, 4, 0, 2, 1, 0, 0, 0, 0, 0, 0, 135)
29 (1, 4, 2, 0, 0, 0, 0, 0, 0, 0, 0, 98)
0 (1, 4, 0, 0, 0, 1, 0, 0, 0, 0, 0, 97)
1 (1, 4, 0, 0, 5, 0, 0, 0, 0, 0, 0, 180)
2 (1, 4, 2, 0, 6, 0, 0, 0, 0, 0, 0, 19)
3 (1, 4, 0, 1, 0, 0, 0, 0, 0, 0, 0, 203)
4 (1, 4, 4, 0, 0, 0, 0, 0, 0, 0, 0, 70)
5 (1, 4, 12, 0, 0, 1, 0, 0, 0, 0, 0, 41)
6 (1, 4, 38, 2, 12, 5, 0, 0, 0, 0, 0, 113)
7 (1, 4, 84, 132, 87, 4, 0, 0, 0, 0, 0, 233)
8 (1, 4, 15, 498, 213, 0, 0, 0, 0, 0, 0, 50)
9 (1, 4, 206, 353, 102, 0, 0, 67, 0, 0, 0, 240)
10 (1, 4, 0, 0, 0, 0, 0, 70, 0, 0, 0, 247)
11 (1, 4, 0, 0, 0, 0, 0, 0, 0, 0, 0, 126)
12 (1, 4, 0, 0, 0, 0, 62, 0, 1, 1, 0, 47)
13 (1, 4, 0, 0, 0, 0, 65, 0, 0, 0, 0, 29)
14 (1, 4, 248, 604, 143, 0, 14, 0, 0, 0, 0, 139)
15 (1, 4, 371, 873, 534, 0, 24, 0, 0, 0, 0, 95)
16 (1, 4, 211, 873, 783, 0, 0, 0, 0, 0, 0, 193)
17 (1, 4, 302, 675, 127, 0, 0, 40, 0, 0, 0, 81)
18 (1, 4, 0, 84, 103, 0, 0, 77, 1, 0, 0, 193)
19 (1, 4, 7, 0, 49, 0, 0, 17, 1, 1, 0, 68)
20 (1, 4, 0, 0, 0, 0, 0, 0, 0, 0, 0, 126)
21 (1, 4, 0, 0, 0, 0, 0, 0, 0, 0, 0, 126)
22 (1, 4, 0, 0, 0, 0, 0, 0, 0, 0, 0, 126)
23 (1, 4, 0, 0, 0, 0, 0, 0, 0, 0, 0, 126)
24 (1, 4, 0, 0, 0, 0, 0, 0, 0, 0, 0, 126)
25 (1, 4, 0, 0, 0, 0, 0, 0, 0, 0, 0, 126)
26 (1, 4, 0, 0, 0, 0, 0, 0, 0, 0, 0, 126)
27 (1, 4, 0, 0, 0, 0, 0, 0, 0, 0, 0, 126)
28 (1, 4, 0, 0, 0, 0, 0, 0, 0, 0, 0, 126)
29 (1, 4, 0, 0, 0, 0, 0, 0, 0, 0, 0, 126)
30 (1, 4, 0, 0, 0, 0, 0, 0, 0, 0, 0, 126)
31 (1, 4, 0, 0, 0, 0, 0, 0, 0, 0, 0, 126)
0 (1, 4, 73, 4, 0, 0, 0, 0, 0, 0, 0, 83)
1 (1, 4, 143, 17, 8, 0, 0, 0, 0, 0, 0, 89)
2 (1, 4, 183, 38, 33, 0, 0, 0, 0, 0, 0, 121)
3 (1, 4, 137, 32, 57, 0, 0, 0, 0, 0, 0, 126)
4 (1, 4, 163, 32, 56, 0, 0, 0, 0, 0, 0, 65)
5 (1, 4, 46, 140, 55, 0, 0, 0, 0, 0, 0, 225)
6 (1, 4, 3, 278, 67, 0, 0, 0, 0, 0, 0, 31)
7 (1, 4, 0, 456, 54, 0, 0, 0, 0, 0, 0, 90)
8 (1, 4, 193, 555, 139, 0, 0, 52, 1, 1, 0, 112)
9 (1, 4, 0, 0, 0, 0, 0, 96, 0, 0, 0, 154)
10 (1, 4, 0, 0, 0, 0, 0, 19, 0, 0, 0, 203)
11 (1, 4, 0, 0, 0, 0, 10, 0, 0, 0, 0, 77)
12 (1, 4, 0, 0, 0, 0, 70, 0, 1, 1, 0, 124)
13 (1, 4, 0, 247, 0, 0, 0, 0, 0, 0, 0, 93)
14 (1, 4, 357, 580, 185, 0, 20, 0, 0, 0, 0, 174)
15 (1, 4, 370, 873, 558, 0, 0, 0, 0, 0, 0, 40)
16 (1, 4, 292, 873, 716, 0, 0, 0, 0, 0, 0, 190)
17 (1, 4, 114, 514, 121, 0, 0, 82, 0, 0, 0, 17)
18 (1, 4, 0, 0, 31, 0, 0, 49, 0, 0, 0, 245)
19 (1, 4, 0, 0, 0, 0, 0, 7, 0, 0, 0, 109)
20 (1, 4, 0, 0, 0, 0, 0, 0, 0, 0, 0, 126)
21 (1, 4, 0, 0, 0, 0, 0, 0, 0, 0, 0, 126)
22 (1, 4, 0, 0, 0, 0, 0, 0, 0, 0, 0, 126)
23 (1, 4, 0, 0, 0, 0, 0, 0, 0, 0, 0, 126)
24 (1, 4, 0, 0, 0, 0, 0, 0, 0, 0, 0, 126)
25 (1, 4, 0, 0, 0, 0, 0, 0, 0, 0, 0, 126)
26 (1, 4, 0, 0, 0, 0, 0, 0, 0, 0, 0, 126)
27 (1, 4, 0, 0, 0, 0, 0, 0, 0, 0, 0, 126)
28 (1, 4, 0, 0, 0, 0, 0, 0, 0, 0, 0, 126)
29 (1, 4, 0, 0, 0, 0, 0, 0, 0, 0, 0, 126)
0 (1, 4, 19, 224, 109, 0, 0, 0, 1, 1, 0, 182)
1 (1, 4, 71, 270, 101, 0, 0, 0, 1, 1, 0, 250)
2 (1, 4, 58, 144, 44, 0, 0, 4, 1, 1, 0, 53)
3 (1, 4, 60, 0, 0, 0, 0, 17, 0, 0, 0, 29)
4 (1, 4, 0, 0, 0, 0, 0, 3, 0, 0, 0, 24)
5 (1, 4, 0, 0, 0, 0, 0, 0, 1, 1, 0, 119)
6 (1, 4, 0, 0, 0, 0, 8, 0, 1, 1, 0, 182)
7 (1, 4, 0, 0, 0, 0, 20, 0, 0, 0, 0, 24)
8 (1, 4, 77, 245, 0, 0, 17, 0, 0, 0, 0, 3)
9 (1, 4, 181, 496, 331, 0, 0, 0, 0, 0, 0, 31)
10 (1, 4, 390, 873, 719, 0, 0, 0, 0, 0, 0, 203)
11 (1, 4, 356, 873, 873, 0, 0, 0, 0, 0, 0, 175)
12 (1, 4, 648, 827, 488, 0, 0, 55, 3, 2, 0, 251)
13 (1, 4, 127, 403, 129, 0, 0, 83, 1, 1, 0, 75)
14 (1, 4, 0, 0, 0, 0, 0, 47, 0, 0, 0, 38)
15 (1, 4, 0, 0, 0, 0, 0, 2, 0, 0, 0, 199)
16 (1, 4, 0, 0, 0, 0, 0, 0, 0, 0, 0, 126)
17 (1, 4, 0, 0, 0, 0, 0, 0, 1, 0, 0, 28)
18 (1, 4, 0, 0, 11, 0, 0, 0, 0, 0, 0, 121)
19 (1, 4, 54, 0, 24, 0, 0, 0, 0, 0, 0, 190)
20 (1, 4, 86, 24, 53, 0, 0, 0, 0, 0, 0, 170)
21 (1, 4, 0, 90, 50, 0, 0, 0, 0, 0, 0, 236)
22 (1, 4, 8, 35, 26, 0, 0, 0, 1, 1, 0, 241)
23 (1, 4, 0, 5, 8, 0, 0, 0, 1, 1, 0, 164)
24 (1, 4, 0, 14, 0, 0, 0, 0, 1, 1, 0, 115)
25 (1, 4, 0, 17, 0, 0, 0, 0, 0, 0, 0, 170)
26 (1, 4, 0, 70, 0, 18, 0, 0, 0, 0, 0, 131)
27 (1, 4, 0, 0, 0, 0, 0, 0, 0, 0, 0, 126)
28 (1, 4, 0, 0, 0, 0, 0, 0, 0, 0, 0, 126)
29 (1, 4, 0, 0, 0, 0, 0, 0, 0, 0, 0, 126)
30 (1, 4, 0, 1, 0, 0, 0, 0, 0, 0, 0, 203)
31 (1, 4, 14, 40, 0, 0, 0, 0, 0, 0, 0, 91)
0 (1, 4, 7, 4, 0, 0, 0, 0, 0, 0, 0, 142)
1 (1, 4, 34, 10, 7, 0, 0, 0, 0, 0, 0, 158)
2 (1, 4, 60, 24, 25, 0, 0, 0, 0, 0, 0, 148)
3 (1, 4, 65, 19, 33, 0, 0, 0, 0, 0, 0, 42)
4 (1, 4, 86, 9, 58, 0, 0, 0, 0, 0, 0, 39)
5 (1, 4, 96, 0, 118, 0, 0, 0, 0, 0, 0, 59)
6 (1, 4, 161, 170, 200, 0, 0, 0, 1, 1, 0, 0)
7 (1, 4, 8, 666, 220, 0, 0, 0, 1, 1, 0, 227)
8 (1, 4, 396, 833, 238, 0, 0, 46, 1, 1, 0, 136)
9 (1, 4, 281, 43, 0, 0, 0, 95, 1, 0, 0, 70)
10 (1, 4, 0, 0, 0, 0, 0, 29, 0, 0, 0, 237)
11 (1, 4, 0, 0, 0, 0, 82, 0, 1, 1, 0, 26)
12 (1, 4, 0, 0, 0, 0, 65, 0, 1, 1, 0, 20)
13 (1, 4, 0, 385, 0, 0, 0, 0, 1, 1, 0, 38)
14 (1, 4, 448, 594, 138, 0, 35, 0, 0, 0, 0, 70)
15 (1, 4, 388, 815, 490, 0, 0, 0, 0, 0, 0, 48)
16 (1, 4, 270, 873, 771, 0, 0, 0, 0, 0, 0, 27)
17 (1, 4, 352, 873, 454, 0, 0, 82, 1, 1, 0, 93)
18 (1, 4, 110, 188, 49, 0, 0, 63, 1, 0, 0, 83)
19 (1, 4, 0, 10, 0, 0, 0, 37, 1, 1, 0, 162)
20 (1, 4, 0, 0, 0, 0, 0, 0, 0, 0, 0, 126)
21 (1, 4, 0, 0, 0, 0, 0, 0, 0, 0, 0, 126)
22 (1, 4, 0, 0, 0, 0, 0, 0, 0, 0, 0, 126)
23 (1, 4, 0, 0, 0, 0, 0, 0, 0, 0, 0, 126)
24 (1, 4, 0, 0, 0, 0, 0, 0, 0, 0, 0, 126)
25 (1, 4, 0, 0, 0, 0, 0, 0, 0, 0, 0, 126)
26 (1, 4, 0, 0, 31, 0, 0, 0, 0, 0, 0, 88)
27 (1, 4, 0, 5, 42, 0, 0, 0, 0, 0, 0, 124)
28 (1, 4, 0, 4, 8, 0, 0, 0, 0, 0, 0, 24)
29 (1, 4, 0, 22, 2, 0, 0, 0, 0, 0, 0, 135)
30 (1, 4, 0, 19, 0, 0, 0, 0, 0, 0, 0, 199)
31 (1, 4, 0, 23, 0, 0, 0, 0, 0, 0, 0, 29)
0 (1, 4, 160, 384, 151, 0, 0, 105, 1, 0, 0, 144)
1 (1, 4, 0, 0, 0, 0, 0, 30, 1, 0, 0, 233)
2 (1, 4, 0, 0, 0, 0, 0, 0, 0, 0, 0, 126)
3 (1, 4, 0, 0, 0, 0, 46, 0, 2, 2, 0, 177)
4 (1, 4, 0, 0, 0, 0, 63, 0, 1, 0, 0, 61)
5 (1, 4, 0, 244, 0, 0, 0, 0, 1, 1, 0, 140)
6 (1, 4, 479, 618, 368, 0, 16, 0, 0, 0, 0, 170)
7 (1, 4, 288, 873, 677, 0, 0, 0, 1, 0, 0, 201)
8 (1, 4, 242, 873, 798, 0, 0, 1, 1, 1, 0, 53)
9 (1, 4, 476, 624, 214, 0, 0, 29, 1, 0, 0, 80)
10 (1, 4, 208, 298, 206, 0, 0, 41, 0, 0, 0, 168)
11 (1, 4, 20, 75, 66, 0, 0, 23, 0, 0, 0, 90)
12 (1, 4, 0, 0, 0, 0, 0, 13, 0, 0, 0, 62)
13 (1, 4, 0, 0, 0, 0, 0, 0, 1, 0, 0, 28)
14 (1, 4, 0, 0, 0, 0, 0, 0, 0, 0, 0, 126)
15 (1, 4, 0, 0, 0, 0, 0, 0, 0, 0, 0, 126)
16 (1, 4, 0, 0, 0, 0, 0, 0, 0, 0, 0, 126)
17 (1, 4, 0, 0, 0, 0, 0, 0, 0, 0, 0, 126)
18 (1, 4, 0, 0, 6, 0, 0, 0, 0, 0, 0, 15)
19 (1, 4, 0, 0, 0, 0, 0, 0, 0, 0, 0, 126)
20 (1, 4, 0, 0, 0, 0, 0, 0, 0, 0, 0, 126)
21 (1, 4, 0, 0, 0, 0, 0, 0, 0, 0, 0, 126)
22 (1, 4, 0, 0, 0, 0, 0, 0, 0, 0, 0, 126)
23 (1, 4, 0, 0, 0, 0, 0, 0, 0, 0, 0, 126)
24 (1, 4, 0, 0, 0, 0, 0, 0, 0, 0, 0, 126)
25 (1, 4, 0, 0, 2, 0, 0, 0, 0, 0, 0, 81)
26 (1, 4, 0, 0, 0, 0, 0, 0, 0, 0, 0, 126)
27 (1, 4, 0, 0, 0, 0, 0, 0, 0, 0, 0, 126)
28 (1, 4, 0, 7, 0, 0, 0, 0, 0, 0, 0, 124)
29 (1, 4, 0, 0, 0, 0, 0, 0, 0, 0, 0, 126)
30 (1, 4, 0, 0, 0, 0, 0, 0, 0, 0, 0, 126)
31 (1, 4, 0, 4, 0, 0, 0, 0, 0, 0, 0, 164)
0 (1, 4, 51, 57, 22, 0, 0, 0, 0, 0, 0, 224)
1 (1, 4, 55, 57, 22, 0, 0, 0, 0, 0, 0, 216)
2 (1, 4, 88, 76, 26, 0, 0, 0, 0, 0, 0, 97)
3 (1, 4, 62, 80, 23, 0, 0, 0, 0, 0, 0, 117)
4 (1, 4, 51, 46, 26, 0, 0, 0, 0, 0, 0, 97)
5 (1, 4, 86, 36, 20, 0, 0, 0, 0, 0, 0, 10)
6 (1, 4, 47, 93, 49, 0, 0, 0, 0, 0, 0, 200)
7 (1, 4, 39, 136, 51, 0, 0, 0, 0, 0, 0, 27)
8 (1, 4, 327, 418, 84, 0, 0, 63, 0, 0, 0, 197)
9 (1, 4, 145, 0, 0, 0, 0, 98, 0, 0, 0, 216)
10 (1, 4, 0, 0, 0, 0, 0, 22, 0, 0, 0, 97)
11 (1, 4, 0, 0, 0, 0, 54, 0, 1, 0, 0, 133)
12 (1, 4, 0, 0, 0, 0, 12, 0, 0, 0, 0, 92)
13 (1, 4, 39, 220, 65, 0, 0, 0, 0, 0, 0, 118)
14 (1, 4, 287, 416, 198, 0, 0, 0, 0, 0, 0, 155)
15 (1, 4, 215, 698, 411, 0, 0, 0, 0, 0, 0, 77)
16 (1, 4, 166, 873, 693, 0, 0, 0, 0, 0, 0, 231)
17 (1, 4, 499, 871, 480, 0, 0, 11, 2, 1, 0, 52)
18 (1, 4, 387, 433, 76, 0, 0, 43, 0, 0, 0, 189)
19 (1, 4, 0, 223, 104, 0, 0, 49, 0, 0, 0, 56)
20 (1, 4, 36, 0, 0, 0, 0, 27, 0, 0, 0, 222)
21 (1, 4, 0, 0, 0, 0, 0, 9, 0, 0, 0, 75)
22 (1, 4, 0, 0, 0, 0, 0, 0, 0, 0, 0, 126)
23 (1, 4, 0, 0, 0, 0, 0, 0, 0, 0, 0, 126)
24 (1, 4, 0, 0, 0, 0, 0, 0, 0, 0, 0, 126)
25 (1, 4, 0, 0, 0, 0, 0, 0, 0, 0, 0, 126)
26 (1, 4, 0, 0, 0, 0, 0, 0, 0, 0, 0, 126)
27 (1, 4, 0, 0, 0, 0, 0, 0, 0, 0, 0, 126)
28 (1, 4, 0, 0, 0, 0, 0, 0, 0, 0, 0, 126)
29 (1, 4, 0, 0, 0, 0, 0, 0, 0, 0, 0, 126)
30 (1, 4, 0, 0, 0, 0, 0, 0, 0, 0, 0, 126)
31 (1, 4, 0, 14, 0, 0, 0, 0, 0, 0, 0, 122)
0 (1, 4, 0, 38, 2, 0, 0, 0, 0, 0, 0, 36)
1 (1, 4, 0, 54, 12, 0, 0, 0, 0, 0, 0, 136)
2 (1, 4, 15, 50, 29, 0, 0, 0, 0, 0, 0, 227)
3 (1, 4, 10, 47, 25, 0, 0, 0, 0, 0, 0, 54)
4 (1, 4, 0, 28, 20, 0, 0, 0, 0, 0, 0, 87)
5 (1, 4, 0, 0, 10, 0, 0, 0, 0, 0, 0, 237)
6 (1, 4, 0, 17, 14, 0, 0, 0, 0, 0, 0, 103)
7 (1, 4, 0, 40, 0, 0, 0, 0, 0, 0, 0, 15)
8 (1, 4, 0, 77, 0, 0, 0, 0, 0, 0, 0, 33)
9 (1, 4, 0, 289, 15, 0, 0, 0, 0, 0, 0, 181)
10 (1, 4, 270, 230, 32, 0, 0, 63, 0, 0, 0, 170)
11 (1, 4, 0, 0, 0, 0, 0, 62, 1, 0, 0, 72)
12 (1, 4, 0, 0, 0, 0, 0, 0, 0, 0, 0, 126)
13 (1, 4, 0, 0, 0, 0, 33, 0, 1, 0, 0, 104)
14 (1, 4, 0, 0, 0, 0, 0, 0, 0, 0, 0, 126)
15 (1, 4, 43, 251, 108, 0, 0, 0, 0, 0, 0, 118)
16 (1, 4, 277, 488, 248, 0, 0, 0, 0, 0, 0, 139)
17 (1, 4, 276, 822, 435, 0, 0, 0, 0, 0, 0, 14)
18 (1, 4, 231, 873, 746, 0, 0, 0, 0, 0, 0, 189)
19 (1, 4, 683, 873, 503, 0, 0, 12, 0, 0, 0, 9)
20 (1, 4, 204, 417, 91, 0, 0, 86, 0, 0, 0, 224)
21 (1, 4, 0, 0, 0, 0, 0, 41, 0, 0, 0, 234)
22 (1, 4, 0, 0, 0, 0, 0, 14, 0, 0, 0, 88)
23 (1, 4, 0, 0, 0, 0, 0, 0, 0, 0, 0, 126)
24 (1, 4, 0, 0, 0, 0, 0, 0, 0, 0, 0, 126)
25 (1, 4, 0, 0, 9, 0, 0, 0, 0, 0, 0, 86)
26 (1, 4, 0, 0, 24, 0, 0, 0, 0, 0, 0, 189)
27 (1, 4, 0, 0, 17, 0, 0, 0, 0, 0, 0, 149)
28 (1, 4, 0, 0, 6, 0, 0, 0, 0, 0, 0, 15)
29 (1, 4, 0, 0, 0, 0, 0, 0, 0, 0, 0, 126)
0 (1, 4, 52, 265, 81, 11, 0, 0, 1, 1, 0, 66)
1 (1, 4, 188, 582, 335, 0, 0, 0, 0, 0, 0, 2)
2 (1, 4, 497, 862, 468, 0, 0, 19, 1, 0, 0, 166)
3 (1, 4, 74, 177, 92, 0, 0, 111, 0, 0, 0, 247)
4 (1, 4, 0, 0, 0, 0, 0, 75, 0, 0, 0, 183)
5 (1, 4, 0, 0, 0, 0, 0, 20, 2, 1, 0, 119)
6 (1, 4, 0, 0, 0, 0, 41, 0, 1, 1, 0, 194)
7 (1, 4, 0, 0, 0, 0, 0, 0, 1, 1, 0, 119)
8 (1, 4, 55, 333, 0, 0, 0, 0, 1, 1, 0, 192)
9 (1, 4, 182, 409, 41, 0, 0, 0, 1, 1, 0, 52)
10 (1, 4, 164, 667, 317, 21, 0, 0, 1, 1, 0, 101)
11 (1, 4, 138, 748, 490, 11, 0, 0, 1, 1, 0, 9)
12 (1, 4, 347, 873, 635, 0, 0, 0, 0, 0, 0, 223)
13 (1, 4, 337, 684, 283, 0, 0, 73, 1, 0, 0, 75)
14 (1, 4, 0, 328, 96, 0, 0, 51, 0, 0, 0, 186)
15 (1, 4, 0, 0, 0, 0, 0, 55, 0, 0, 0, 31)
16 (1, 4, 0, 0, 0, 0, 0, 25, 0, 0, 0, 152)
17 (1, 4, 0, 0, 0, 0, 0, 7, 0, 0, 0, 109)
18 (1, 4, 0, 0, 0, 6, 0, 0, 0, 0, 0, 60)
19 (1, 4, 0, 0, 0, 11, 0, 0, 0, 0, 0, 167)
20 (1, 4, 0, 0, 8, 12, 0, 0, 0, 0, 0, 70)
21 (1, 4, 0, 0, 1, 12, 0, 0, 0, 0, 0, 110)
22 (1, 4, 0, 2, 10, 9, 0, 0, 0, 0, 0, 103)
23 (1, 4, 5, 13, 30, 3, 0, 0, 0, 0, 0, 7)
24 (1, 4, 0, 15, 24, 0, 0, 0, 0, 0, 0, 12)
25 (1, 4, 0, 0, 6, 0, 0, 0, 0, 0, 0, 15)
26 (1, 4, 0, 0, 0, 0, 0, 0, 0, 0, 0, 126)
27 (1, 4, 0, 0, 0, 3, 0, 0, 0, 0, 0, 95)
28 (1, 4, 0, 12, 0, 4, 0, 0, 0, 0, 0, 107)
29 (1, 4, 0, 0, 0, 3, 0, 0, 0, 0, 0, 95)
30 (1, 4, 0, 0, 0, 4, 0, 0, 0, 0, 0, 2)
31 (1, 4, 0, 0, 0, 1, 0, 0, 0, 0, 0, 97)
0 (1, 4, 0, 0, 0, 0, 0, 40, 0, 0, 0, 53)
1 (1, 4, 0, 0, 0, 0, 41, 0, 0, 0, 0, 203)
2 (1, 4, 0, 0, 0, 0, 178, 0, 1, 1, 0, 57)
3 (1, 4, 0, 0, 0, 0, 44, 0, 0, 0, 0, 81)
4 (1, 4, 276, 647, 204, 0, 13, 0, 0, 0, 0, 217)
5 (1, 4, 515, 860, 426, 0, 0, 0, 0, 0, 0, 10)
6 (1, 4, 330, 873, 552, 0, 0, 0, 0, 0, 0, 14)
7 (1, 4, 244, 740, 253, 0, 0, 6, 0, 0, 0, 155)
8 (1, 4, 118, 440, 204, 0, 0, 36, 1, 0, 0, 94)
9 (1, 4, 72, 35, 20, 0, 0, 13, 0, 0, 0, 252)
10 (1, 4, 0, 0, 0, 0, 0, 0, 1, 0, 0, 28)
11 (1, 4, 0, 0, 0, 0, 0, 0, 0, 0, 0, 126)
12 (1, 4, 0, 0, 0, 0, 0, 0, 0, 0, 0, 126)
13 (1, 4, 9, 0, 0, 0, 0, 0, 0, 0, 0, 0)
14 (1, 4, 0, 0, 0, 0, 0, 0, 0, 0, 0, 126)
15 (1, 4, 0, 0, 0, 0, 0, 0, 0, 0, 0, 126)
16 (1, 4, 0, 15, 0, 0, 0, 0, 0, 0, 0, 207)
17 (1, 4, 0, 5, 0, 0, 0, 0, 0, 0, 0, 17)
18 (1, 4, 0, 5, 0, 0, 0, 0, 0, 0, 0, 17)
19 (1, 4, 0, 7, 4, 0, 0, 0, 0, 0, 0, 34)
20 (1, 4, 6, 0, 0, 0, 0, 0, 0, 0, 0, 90)
21 (1, 4, 0, 8, 0, 0, 0, 0, 0, 0, 0, 205)
22 (1, 4, 0, 0, 0, 0, 0, 0, 0, 0, 0, 126)
23 (1, 4, 4, 5, 0, 0, 0, 0, 0, 0, 0, 41)
24 (1, 4, 0, 0, 3, 0, 0, 0, 0, 0, 0, 197)
25 (1, 4, 0, 0, 4, 0, 0, 0, 0, 0, 0, 32)
26 (1, 4, 1, 0, 3, 0, 0, 0, 0, 0, 0, 203)
27 (1, 4, 0, 0, 14, 0, 0, 0, 0, 0, 0, 179)
28 (1, 4, 6, 0, 0, 0, 0, 0, 0, 0, 0, 90)
29 (1, 4, 0, 0, 0, 0, 0, 0, 0, 0, 0, 126)
30 (1, 4, 9, 0, 0, 0, 0, 0, 0, 0, 0, 0)
31 (1, 4, 4, 4, 0, 0, 0, 0, 0, 0, 0, 156)
0 (1, 4, 0, 0, 0, 0, 8, 6, 0, 0, 0, 115)
1 (1, 4, 0, 0, 0, 0, 112, 0, 1, 1, 0, 229)
2 (1, 4, 0, 0, 185, 0, 74, 0, 1, 1, 0, 6)
3 (1, 4, 432, 873, 137, 0, 2, 0, 0, 0, 0, 10)
4 (1, 4, 388, 873, 474, 0, 37, 0, 0, 0, 0, 18)
5 (1, 4, 0, 873, 608, 0, 0, 91, 0, 0, 0, 180)
6 (1, 4, 0, 386, 305, 0, 0, 76, 0, 0, 0, 101)
7 (1, 4, 0, 324, 184, 0, 0, 69, 0, 0, 0, 225)
8 (1, 4, 0, 129, 36, 0, 0, 69, 1, 0, 0, 231)
9 (1, 4, 0, 3, 0, 0, 0, 38, 1, 1, 0, 194)
10 (1, 4, 0, 0, 0, 0, 0, 14, 1, 0, 0, 58)
11 (1, 4, 0, 0, 0, 0, 0, 0, 0, 0, 0, 126)
12 (1, 4, 0, 0, 0, 0, 0, 0, 0, 0, 0, 126)
13 (1, 4, 0, 0, 0, 2, 0, 0, 0, 0, 0, 64)
14 (1, 4, 0, 0, 0, 12, 0, 0, 0, 0, 0, 250)
15 (1, 4, 0, 0, 0, 20, 0, 0, 2, 1, 0, 90)
16 (1, 4, 0, 0, 0, 31, 0, 0, 1, 1, 0, 37)
17 (1, 4, 0, 0, 0, 50, 0, 0, 1, 0, 0, 60)
18 (1, 4, 0, 0, 0, 57, 0, 0, 1, 1, 0, 142)
19 (1, 4, 0, 0, 0, 51, 0, 0, 0, 0, 0, 65)
20 (1, 4, 0, 0, 0, 45, 0, 0, 0, 0, 0, 12)
21 (1, 4, 0, 0, 67, 30, 0, 0, 0, 0, 0, 115)
22 (1, 4, 41, 0, 34, 20, 0, 0, 0, 0, 0, 157)
23 (1, 4, 37, 0, 24, 16, 0, 0, 0, 0, 0, 187)
24 (1, 4, 0, 0, 73, 15, 0, 0, 0, 0, 0, 8)
25 (1, 4, 0, 0, 31, 43, 0, 0, 0, 0, 0, 104)
26 (1, 4, 9, 8, 0, 12, 0, 0, 0, 0, 0, 55)
27 (1, 4, 0, 1, 0, 12, 0, 0, 0, 0, 0, 79)
28 (1, 4, 0, 0, 0, 13, 0, 0, 0, 0, 0, 229)
29 (1, 4, 21, 0, 0, 13, 0, 0, 0, 0, 0, 51)
30 (1, 4, 0, 0, 0, 12, 0, 0, 0, 0, 0, 250)
31 (1, 4, 21, 0, 0, 15, 0, 0, 0, 0, 0, 13)
0 (1, 4, 0, 0, 0, 0, 93, 0, 1, 1, 0, 179)
1 (1, 4, 0, 0, 0, 0, 49, 0, 1, 1, 0, 134)
2 (1, 4, 178, 496, 0, 0, 74, 0, 5, 6, 0, 45)
3 (1, 4, 364, 858, 125, 0, 46, 0, 1, 1, 0, 182)
4 (1, 4, 374, 873, 785, 0, 35, 0, 0, 0, 0, 19)
5 (1, 4, 294, 873, 873, 0, 0, 0, 2, 1, 0, 149)
6 (1, 4, 423, 519, 472, 0, 0, 57, 1, 1, 0, 145)
7 (1, 4, 0, 0, 0, 0, 0, 10, 1, 0, 0, 79)
8 (1, 4, 0, 0, 0, 0, 0, 0, 1, 1, 0, 119)
9 (1, 4, 0, 0, 0, 0, 0, 0, 0, 0, 0, 126)
10 (1, 4, 0, 0, 0, 0, 0, 0, 0, 0, 0, 126)
11 (1, 4, 0, 0, 0, 0, 0, 0, 0, 0, 0, 126)
12 (1, 4, 0, 0, 0, 0, 0, 0, 0, 0, 0, 126)
13 (1, 4, 0, 0, 0, 0, 0, 0, 0, 0, 0, 126)
14 (1, 4, 0, 0, 0, 0, 0, 0, 0, 0, 0, 126)
15 (1, 4, 0, 0, 0, 0, 0, 0, 0, 0, 0, 126)
16 (1, 4, 0, 0, 0, 0, 0, 0, 0, 0, 0, 126)
17 (1, 4, 0, 0, 0, 0, 0, 0, 0, 0, 0, 126)
18 (1, 4, 0, 9, 0, 0, 0, 0, 0, 0, 0, 120)
19 (1, 4, 13, 1, 0, 0, 0, 0, 0, 0, 0, 141)
20 (1, 4, 0, 0, 0, 0, 0, 0, 0, 0, 0, 126)
21 (1, 4, 0, 0, 0, 0, 0, 0, 0, 0, 0, 126)
22 (1, 4, 0, 0, 0, 0, 0, 0, 0, 0, 0, 126)
23 (1, 4, 0, 0, 0, 0, 0, 0, 0, 0, 0, 126)
24 (1, 4, 0, 0, 0, 0, 0, 0, 0, 0, 0, 126)
25 (1, 4, 0, 0, 0, 0, 0, 0, 0, 0, 0, 126)
26 (1, 4, 0, 0, 0, 0, 0, 0, 0, 0, 0, 126)
27 (1, 4, 0, 0, 0, 0, 0, 0, 0, 0, 0, 126)
28 (1, 4, 0, 0, 1, 0, 0, 0, 0, 0, 0, 234)
29 (1, 4, 0, 0, 1, 0, 0, 0, 0, 0, 0, 234)
30 (1, 4, 0, 0, 0, 0, 0, 0, 0, 0, 0, 126)
31 (1, 4, 0, 0, 0, 0, 0, 0, 0, 0, 0, 126)
0 (1, 4, 0, 19, 9, 0, 0, 0, 0, 0, 0, 239)
1 (1, 4, 0, 23, 1, 0, 0, 0, 0, 0, 0, 137)
2 (1, 4, 0, 14, 0, 0, 0, 0, 0, 0, 0, 122)
3 (1, 4, 0, 0, 0, 0, 0, 0, 0, 0, 0, 126)
4 (1, 4, 0, 0, 0, 0, 0, 0, 0, 0, 0, 126)
5 (1, 4, 0, 0, 0, 0, 0, 0, 0, 0, 0, 126)
6 (1, 4, 73, 0, 92, 0, 0, 0, 0, 0, 0, 239)
7 (1, 4, 189, 232, 217, 0, 0, 0, 0, 1, 0, 207)
8 (1, 4, 310, 481, 284, 0, 0, 0, 0, 0, 0, 175)
9 (1, 4, 361, 587, 258, 0, 0, 0, 0, 0, 0, 27)
10 (1, 4, 155, 636, 260, 0, 0, 0, 1, 1, 0, 103)
11 (1, 4, 68, 658, 358, 0, 0, 17, 0, 0, 0, 42)
12 (1, 4, 102, 663, 423, 0, 0, 78, 1, 0, 0, 13)
13 (1, 4, 0, 0, 0, 0, 0, 134, 1, 1, 0, 49)
14 (1, 4, 0, 0, 0, 0, 47, 26, 0, 0, 0, 90)
15 (1, 4, 145, 0, 0, 0, 52, 0, 1, 1, 0, 231)
16 (1, 4, 171, 863, 379, 0, 61, 0, 0, 0, 0, 70)
17 (1, 4, 573, 873, 588, 0, 10, 0, 4, 12, 0, 145)
18 (1, 4, 262, 873, 487, 0, 0, 0, 1, 0, 0, 25)
19 (1, 4, 188, 665, 296, 0, 0, 87, 0, 0, 0, 53)
20 (1, 4, 22, 0, 6, 0, 0, 70, 1, 1, 0, 75)
21 (1, 4, 0, 0, 0, 0, 0, 0, 1, 0, 0, 28)
22 (1, 4, 0, 0, 0, 0, 0, 0, 0, 0, 0, 126)
23 (1, 4, 0, 0, 0, 0, 0, 0, 0, 0, 0, 126)
24 (1, 4, 0, 0, 0, 6, 0, 0, 0, 0, 0, 60)
25 (1, 4, 0, 0, 0, 8, 0, 0, 1, 1, 0, 143)
26 (1, 4, 0, 0, 0, 8, 0, 0, 1, 1, 0, 143)
27 (1, 4, 0, 0, 0, 8, 0, 0, 1, 1, 0, 143)
28 (1, 4, 0, 0, 0, 2, 0, 0, 1, 0, 0, 34)
29 (1, 4, 0, 0, 0, 2, 0, 0, 0, 0, 0, 64)
30 (1, 4, 0, 0, 0, 3, 0, 0, 0, 0, 0, 95)
31 (1, 4, 0, 0, 0, 7, 0, 0, 1, 0, 0, 65)
0 (1, 4, 0, 0, 0, 8, 0, 0, 0, 0, 0, 134)
1 (1, 4, 38, 0, 0, 0, 0, 0, 0, 0, 0, 157)
2 (1, 4, 60, 136, 52, 0, 0, 0, 0, 0, 0, 124)
3 (1, 4, 9, 345, 159, 0, 0, 0, 2, 2, 0, 196)
4 (1, 4, 88, 511, 256, 0, 0, 0, 0, 0, 0, 79)
5 (1, 4, 188, 350, 312, 0, 0, 64, 1, 0, 0, 64)
6 (1, 4, 0, 0, 0, 0, 0, 0, 1, 0, 0, 28)
7 (1, 4, 0, 0, 0, 0, 7, 0, 1, 1, 0, 31)
8 (1, 4, 0, 0, 0, 0, 126, 0, 1, 0, 0, 94)
9 (1, 4, 0, 239, 0, 0, 45, 0, 0, 0, 0, 217)
10 (1, 4, 285, 727, 254, 0, 50, 0, 0, 0, 0, 202)
11 (1, 4, 401, 873, 579, 0, 0, 0, 0, 0, 0, 18)
12 (1, 4, 483, 873, 663, 0, 0, 0, 1, 1, 0, 130)
13 (1, 4, 397, 706, 307, 0, 0, 0, 1, 1, 0, 99)
14 (1, 4, 0, 239, 88, 0, 0, 57, 0, 0, 0, 240)
15 (1, 4, 0, 0, 0, 0, 0, 0, 1, 0, 0, 28)
16 (1, 4, 0, 0, 0, 0, 0, 0, 0, 0, 0, 126)
17 (1, 4, 0, 0, 0, 0, 0, 0, 0, 0, 0, 126)
18 (1, 4, 90, 0, 0, 0, 0, 0, 0, 0, 0, 123)
19 (1, 4, 0, 0, 0, 0, 0, 0, 0, 0, 0, 126)
20 (1, 4, 0, 0, 0, 0, 0, 0, 0, 0, 0, 126)
21 (1, 4, 0, 0, 0, 0, 0, 0, 0, 0, 0, 126)
22 (1, 4, 69, 0, 0, 0, 0, 0, 0, 0, 0, 193)
23 (1, 4, 0, 0, 39, 0, 0, 0, 0, 0, 0, 101)
24 (1, 4, 0, 0, 5, 0, 0, 0, 1, 1, 0, 189)
25 (1, 4, 0, 12, 0, 0, 0, 0, 1, 0, 0, 117)
26 (1, 4, 0, 0, 14, 0, 0, 0, 2, 2, 0, 161)
27 (1, 4, 42, 0, 0, 0, 0, 0, 2, 2, 0, 199)
28 (1, 4, 32, 9, 2, 0, 0, 0, 1, 1, 0, 153)
29 (1, 4, 0, 2, 0, 0, 0, 0, 1, 1, 0, 26)
30 (1, 4, 0, 9, 12, 0, 0, 0, 1, 1, 0, 147)
31 (1, 4, 0, 4, 9, 0, 0, 0, 1, 1, 0, 133)
0 (1, 4, 227, 316, 301, 0, 0, 0, 0, 0, 0, 205)
1 (1, 4, 255, 408, 332, 0, 0, 0, 1, 1, 0, 228)
2 (1, 4, 146, 555, 171, 0, 0, 0, 0, 0, 0, 251)
3 (1, 4, 0, 430, 92, 0, 0, 64, 0, 0, 0, 127)
4 (1, 4, 17, 0, 0, 0, 0, 64, 1, 1, 0, 220)
5 (1, 4, 0, 0, 0, 0, 0, 4, 1, 0, 0, 105)
6 (1, 4, 0, 0, 0, 0, 122, 0, 1, 0, 0, 189)
7 (1, 4, 0, 103, 0, 0, 21, 0, 0, 0, 0, 34)
8 (1, 4, 292, 643, 365, 0, 46, 0, 0, 0, 0, 100)
9 (1, 4, 229, 688, 634, 0, 0, 0, 0, 0, 0, 47)
10 (1, 4, 418, 873, 727, 0, 0, 0, 0, 0, 0, 247)
11 (1, 4, 304, 853, 379, 0, 0, 0, 1, 1, 0, 215)
12 (1, 4, 153, 334, 79, 0, 0, 13, 1, 1, 0, 124)
13 (1, 4, 0, 116, 48, 0, 0, 7, 0, 0, 0, 22)
14 (1, 4, 0, 0, 0, 0, 0, 0, 1, 0, 0, 28)
15 (1, 4, 0, 0, 1, 0, 0, 0, 0, 0, 0, 234)
16 (1, 4, 1, 0, 8, 0, 0, 0, 1, 1, 0, 197)
17 (1, 4, 0, 0, 0, 0, 0, 0, 0, 0, 0, 126)
18 (1, 4, 0, 0, 0, 0, 0, 0, 0, 0, 0, 126)
19 (1, 4, 0, 0, 0, 0, 0, 0, 0, 0, 0, 126)
20 (1, 4, 0, 0, 0, 0, 0, 0, 0, 0, 0, 126)
21 (1, 4, 0, 0, 0, 0, 0, 0, 0, 0, 0, 126)
22 (1, 4, 0, 0, 0, 0, 0, 0, 0, 0, 0, 126)
23 (1, 4, 0, 0, 0, 0, 0, 0, 0, 0, 0, 126)
24 (1, 4, 0, 0, 0, 0, 0, 0, 0, 0, 0, 126)
25 (1, 4, 0, 0, 0, 0, 0, 0, 0, 0, 0, 126)
26 (1, 4, 0, 0, 0, 0, 0, 0, 0, 0, 0, 126)
27 (1, 4, 0, 0, 0, 0, 0, 0, 0, 0, 0, 126)
28 (1, 4, 0, 0, 0, 0, 0, 0, 0, 0, 0, 126)
29 (1, 4, 0, 0, 0, 0, 0, 0, 0, 0, 0, 126)
30 (1, 4, 0, 0, 0, 0, 0, 0, 0, 0, 0, 126)
31 (1, 4, 0, 0, 0, 0, 0, 0, 0, 0, 0, 126)
0 (1, 4, 154, 423, 120, 0, 0, 0, 1, 0, 0, 103)
1 (1, 4, 239, 188, 95, 0, 0, 32, 1, 0, 0, 170)
2 (1, 4, 106, 0, 0, 0, 0, 37, 0, 0, 0, 87)
3 (1, 4, 0, 0, 0, 0, 0, 34, 0, 0, 0, 102)
4 (1, 4, 0, 0, 0, 0, 0, 2, 1, 0, 0, 165)
5 (1, 4, 0, 0, 0, 0, 10, 0, 0, 0, 0, 77)
6 (1, 4, 0, 0, 0, 0, 84, 0, 0, 0, 0, 2)
7 (1, 4, 15, 134, 0, 0, 2, 0, 0, 0, 0, 96)
8 (1, 4, 182, 480, 272, 0, 0, 0, 0, 0, 0, 239)
9 (1, 4, 304, 873, 664, 0, 0, 0, 1, 0, 0, 222)
10 (1, 4, 54, 873, 793, 0, 0, 0, 1, 0, 0, 192)
11 (1, 4, 74, 532, 361, 0, 0, 46, 0, 0, 0, 26)
12 (1, 4, 37, 70, 71, 0, 0, 25, 1, 1, 0, 74)
13 (1, 4, 0, 11, 68, 0, 0, 0, 1, 1, 0, 185)
14 (1, 4, 0, 0, 17, 0, 0, 0, 0, 0, 0, 149)
15 (1, 4, 0, 0, 0, 0, 0, 0, 0, 0, 0, 126)
16 (1, 4, 0, 0, 0, 0, 0, 0, 0, 0, 0, 126)
17 (1, 4, 0, 0, 0, 0, 0, 0, 0, 0, 0, 126)
18 (1, 4, 0, 0, 0, 0, 0, 0, 0, 0, 0, 126)
19 (1, 4, 0, 0, 0, 0, 0, 0, 0, 0, 0, 126)
20 (1, 4, 0, 0, 0, 0, 0, 0, 0, 0, 0, 126)
21 (1, 4, 0, 0, 0, 0, 0, 0, 0, 0, 0, 126)
22 (1, 4, 0, 0, 0, 0, 0, 0, 0, 0, 0, 126)
23 (1, 4, 0, 0, 0, 0, 0, 0, 0, 0, 0, 126)
24 (1, 4, 0, 0, 0, 0, 0, 0, 0, 0, 0, 126)
25 (1, 4, 0, 0, 0, 0, 0, 0, 0, 0, 0, 126)
26 (1, 4, 0, 0, 11, 0, 0, 0, 0, 0, 0, 121)
27 (1, 4, 18, 0, 0, 0, 0, 0, 0, 0, 0, 130)
28 (1, 4, 53, 34, 5, 0, 0, 0, 0, 0, 0, 10)
29 (1, 4, 7, 69, 0, 0, 0, 0, 0, 0, 0, 184)
30 (1, 4, 0, 0, 0, 0, 0, 0, 0, 0, 0, 126)
31 (1, 4, 0, 0, 0, 0, 0, 0, 0, 0, 0, 126)
0 (1, 4, 0, 8, 9, 0, 0, 0, 0, 0, 0, 229)
1 (1, 4, 0, 0, 38, 0, 0, 0, 0, 0, 0, 241)
2 (1, 4, 0, 29, 32, 0, 0, 0, 0, 0, 0, 61)
3 (1, 4, 68, 76, 14, 0, 0, 0, 0, 0, 0, 232)
4 (1, 4, 156, 84, 12, 0, 0, 0, 0, 0, 0, 25)
5 (1, 4, 162, 52, 14, 0, 0, 0, 0, 0, 0, 4)
6 (1, 4, 139, 13, 4, 0, 0, 0, 0, 0, 0, 139)
7 (1, 4, 145, 83, 53, 0, 0, 0, 0, 0, 0, 244)
8 (1, 4, 828, 161, 128, 0, 0, 64, 1, 1, 0, 220)
9 (1, 4, 108, 0, 0, 0, 0, 120, 0, 0, 0, 165)
10 (1, 4, 0, 0, 0, 0, 0, 48, 1, 0, 0, 110)
11 (1, 4, 0, 0, 0, 0, 13, 0, 0, 0, 0, 37)
12 (1, 4, 0, 0, 0, 0, 56, 0, 0, 0, 0, 55)
13 (1, 4, 0, 405, 76, 0, 0, 0, 0, 0, 0, 141)
14 (1, 4, 259, 531, 353, 0, 3, 0, 0, 0, 0, 93)
15 (1, 4, 144, 638, 557, 0, 0, 0, 1, 0, 0, 50)
16 (1, 4, 230, 873, 833, 0, 0, 0, 0, 0, 0, 230)
17 (1, 4, 340, 873, 391, 0, 0, 39, 0, 0, 0, 185)
18 (1, 4, 0, 56, 0, 0, 0, 48, 1, 1, 0, 21)
19 (1, 4, 0, 0, 5, 0, 0, 6, 1, 1, 0, 113)
20 (1, 4, 0, 0, 0, 0, 0, 0, 1, 1, 0, 119)
21 (1, 4, 0, 0, 0, 0, 0, 0, 1, 1, 0, 119)
22 (1, 4, 0, 0, 18, 0, 0, 0, 1, 1, 0, 39)
23 (1, 4, 0, 0, 20, 0, 0, 0, 1, 1, 0, 86)
24 (1, 4, 0, 0, 24, 0, 0, 0, 1, 1, 0, 180)
25 (1, 4, 0, 0, 0, 0, 0, 0, 1, 1, 0, 119)
26 (1, 4, 0, 0, 0, 0, 0, 0, 1, 1, 0, 119)
27 (1, 4, 0, 0, 0, 0, 0, 0, 1, 1, 0, 119)
28 (1, 4, 0, 0, 0, 0, 0, 0, 1, 1, 0, 119)
29 (1, 4, 0, 0, 0, 0, 0, 0, 1, 1, 0, 119)
30 (1, 4, 0, 0, 0, 0, 0, 0, 1, 1, 0, 119)
31 (1, 4, 0, 0, 0, 0, 0, 0, 1, 0, 0, 28)
0 (1, 4, 26, 51, 8, 0, 0, 0, 0, 0, 0, 53)
1 (1, 4, 56, 74, 25, 0, 0, 0, 0, 0, 0, 35)
2 (1, 4, 114, 138, 61, 0, 0, 0, 0, 0, 0, 228)
3 (1, 4, 150, 243, 139, 2, 0, 0, 0, 0, 0, 158)
4 (1, 4, 68, 491, 156, 4, 0, 0, 0, 0, 0, 17)
5 (1, 4, 108, 585, 203, 9, 0, 0, 1, 1, 0, 211)
6 (1, 4, 0, 658, 225, 0, 0, 0, 1, 0, 0, 188)
7 (1, 4, 278, 0, 81, 0, 0, 98, 0, 0, 0, 245)
8 (1, 4, 0, 0, 0, 0, 0, 26, 2, 2, 0, 236)
9 (1, 4, 0, 0, 0, 0, 41, 0, 1, 1, 0, 194)
10 (1, 4, 0, 0, 0, 0, 5, 0, 0, 0, 0, 228)
11 (1, 4, 71, 62, 0, 0, 10, 0, 0, 0, 0, 73)
12 (1, 4, 82, 399, 212, 0, 0, 0, 0, 0, 0, 117)
13 (1, 4, 296, 770, 518, 0, 0, 0, 0, 0, 0, 69)
14 (1, 4, 210, 873, 692, 0, 0, 0, 0, 0, 0, 229)
15 (1, 4, 293, 781, 455, 0, 0, 6, 0, 0, 0, 7)
16 (1, 4, 160, 137, 96, 0, 0, 51, 2, 2, 0, 168)
17 (1, 4, 29, 0, 74, 0, 0, 6, 2, 3, 0, 5)
18 (1, 4, 0, 0, 0, 0, 0, 0, 2, 1, 0, 209)
19 (1, 4, 0, 0, 0, 0, 0, 0, 0, 0, 0, 126)
20 (1, 4, 0, 0, 0, 0, 0, 0, 0, 0, 0, 126)
21 (1, 4, 0, 0, 0, 0, 0, 0, 0, 0, 0, 126)
22 (1, 4, 0, 0, 0, 0, 0, 0, 0, 0, 0, 126)
23 (1, 4, 0, 0, 0, 0, 0, 0, 0, 0, 0, 126)
24 (1, 4, 0, 0, 0, 0, 0, 0, 0, 0, 0, 126)
25 (1, 4, 0, 0, 0, 0, 0, 0, 0, 0, 0, 126)
26 (1, 4, 0, 0, 0, 0, 0, 0, 0, 0, 0, 126)
27 (1, 4, 0, 19, 24, 0, 0, 0, 0, 0, 0, 4)
28 (1, 4, 0, 0, 6, 0, 0, 0, 0, 0, 0, 15)
29 (1, 4, 0, 0, 0, 0, 0, 0, 0, 0, 0, 126)
0 (1, 4, 41, 37, 3, 0, 0, 0, 0, 0, 0, 209)
1 (1, 4, 128, 82, 23, 0, 0, 0, 0, 0, 0, 126)
2 (1, 4, 232, 138, 58, 0, 0, 0, 0, 0, 0, 152)
3 (1, 4, 186, 191, 122, 0, 0, 0, 0, 0, 0, 218)
4 (1, 4, 103, 193, 137, 0, 0, 0, 0, 0, 0, 244)
5 (1, 4, 112, 84, 84, 0, 0, 0, 0, 0, 0, 50)
6 (1, 4, 135, 164, 73, 1, 0, 0, 0, 0, 0, 148)
7 (1, 4, 446, 697, 196, 0, 0, 30, 1, 1, 0, 219)
8 (1, 4, 302, 0, 0, 0, 0, 183, 1, 1, 0, 13)
9 (1, 4, 0, 0, 0, 0, 48, 0, 1, 0, 0, 148)
10 (1, 4, 0, 0, 0, 0, 122, 0, 1, 1, 0, 214)
11 (1, 4, 0, 25, 0, 0, 0, 0, 0, 0, 0, 25)
12 (1, 4, 365, 291, 136, 0, 40, 0, 1, 0, 0, 104)
13 (1, 4, 229, 752, 434, 0, 0, 0, 1, 0, 0, 159)
14 (1, 4, 170, 873, 770, 0, 0, 0, 0, 0, 0, 103)
15 (1, 4, 0, 873, 367, 0, 0, 11, 1, 1, 0, 149)
16 (1, 4, 25, 139, 291, 0, 0, 39, 1, 1, 0, 41)
17 (1, 4, 33, 34, 123, 0, 0, 0, 1, 1, 0, 108)
18 (1, 4, 0, 110, 48, 0, 0, 0, 1, 0, 0, 216)
19 (1, 4, 0, 28, 0, 0, 0, 0, 1, 0, 0, 20)
20 (1, 4, 0, 0, 0, 0, 0, 0, 1, 0, 0, 28)
21 (1, 4, 41, 0, 25, 0, 0, 0, 1, 0, 0, 242)
22 (1, 4, 0, 0, 18, 0, 0, 0, 1, 0, 0, 76)
23 (1, 4, 0, 0, 91, 0, 0, 0, 1, 0, 0, 159)
24 (1, 4, 0, 0, 98, 0, 0, 0, 1, 0, 0, 54)
25 (1, 4, 82, 0, 216, 0, 0, 0, 1, 0, 0, 160)
26 (1, 4, 127, 0, 181, 0, 0, 0, 1, 0, 0, 82)
27 (1, 4, 0, 0, 120, 0, 0, 0, 1, 0, 0, 218)
28 (1, 4, 0, 56, 26, 0, 0, 0, 1, 0, 0, 224)
29 (1, 4, 0, 0, 29, 0, 0, 0, 0, 0, 0, 119)
30 (1, 4, 0, 56, 0, 0, 0, 0, 0, 0, 0, 110)
31 (1, 4, 67, 57, 0, 0, 0, 0, 0, 0, 0, 64)
0 (1, 4, 3, 45, 39, 0, 0, 0, 0, 0, 0, 105)
1 (1, 4, 17, 45, 87, 0, 0, 0, 0, 0, 0, 239)
2 (1, 4, 150, 47, 23, 0, 0, 0, 0, 0, 0, 70)
3 (1, 4, 42, 73, 152, 0, 0, 0, 1, 0, 0, 0)
4 (1, 4, 218, 277, 306, 0, 0, 0, 0, 0, 0, 118)
5 (1, 4, 443, 458, 293, 0, 0, 0, 0, 0, 0, 252)
6 (1, 4, 360, 741, 394, 0, 0, 11, 1, 1, 0, 26)
7 (1, 4, 113, 480, 144, 0, 0, 151, 1, 0, 0, 221)
8 (1, 4, 0, 0, 0, 0, 0, 79, 1, 1, 0, 203)
9 (1, 4, 0, 0, 0, 0, 126, 0, 2, 2, 0, 46)
10 (1, 4, 0, 0, 0, 10, 161, 0, 1, 0, 0, 154)
11 (1, 4, 215, 585, 103, 0, 0, 0, 1, 1, 0, 137)
12 (1, 4, 422, 520, 214, 0, 0, 0, 1, 0, 0, 146)
13 (1, 4, 221, 821, 572, 0, 0, 0, 1, 0, 0, 27)
14 (1, 4, 105, 873, 764, 0, 0, 0, 1, 0, 0, 144)
15 (1, 4, 0, 329, 357, 0, 0, 0, 1, 0, 0, 238)
16 (1, 4, 0, 0, 193, 0, 0, 0, 0, 0, 0, 224)
17 (1, 4, 0, 5, 97, 0, 0, 0, 2, 1, 0, 47)
18 (1, 4, 0, 35, 0, 0, 0, 0, 1, 1, 0, 109)
19 (1, 4, 0, 0, 0, 0, 0, 0, 1, 1, 0, 119)
20 (1, 4, 0, 0, 0, 0, 0, 0, 1, 0, 0, 28)
21 (1, 4, 0, 0, 0, 0, 0, 0, 0, 0, 0, 126)
22 (1, 4, 0, 0, 0, 0, 0, 0, 1, 1, 0, 119)
23 (1, 4, 37, 0, 0, 0, 0, 0, 1, 1, 0, 134)
24 (1, 4, 0, 0, 0, 0, 0, 0, 1, 1, 0, 119)
25 (1, 4, 118, 44, 0, 0, 0, 0, 1, 0, 0, 61)
26 (1, 4, 0, 28, 0, 0, 0, 0, 1, 0, 0, 20)
27 (1, 4, 72, 11, 0, 0, 0, 0, 1, 0, 0, 142)
28 (1, 4, 89, 0, 0, 0, 0, 0, 1, 0, 0, 11)
29 (1, 4, 19, 0, 0, 0, 0, 0, 1, 1, 0, 133)
30 (1, 4, 0, 0, 0, 0, 0, 0, 1, 0, 0, 28)
31 (1, 4, 159, 0, 18, 0, 0, 0, 1, 1, 0, 136)
0 (1, 4, 33, 179, 0, 0, 0, 11, 1, 2, 0, 245)
1 (1, 4, 103, 240, 0, 0, 0, 68, 1, 0, 0, 105)
2 (1, 4, 0, 0, 0, 0, 0, 69, 0, 0, 0, 145)
3 (1, 4, 0, 0, 0, 0, 0, 12, 0, 0, 0, 225)
4 (1, 4, 0, 0, 0, 0, 128, 0, 0, 0, 0, 74)
5 (1, 4, 0, 296, 0, 0, 50, 0, 0, 0, 0, 144)
6 (1, 4, 353, 738, 205, 0, 28, 0, 0, 0, 0, 7)
7 (1, 4, 223, 818, 535, 0, 0, 0, 0, 0, 0, 158)
8 (1, 4, 169, 790, 392, 0, 0, 0, 0, 0, 0, 60)
9 (1, 4, 0, 434, 89, 0, 0, 16, 0, 0, 0, 43)
10 (1, 4, 252, 113, 161, 5, 0, 3, 0, 0, 0, 134)
11 (1, 4, 3, 24, 0, 0, 0, 0, 0, 0, 0, 190)
12 (1, 4, 0, 48, 83, 0, 0, 0, 0, 0, 0, 226)
13 (1, 4, 0, 43, 50, 0, 0, 0, 0, 0, 0, 121)
14 (1, 4, 65, 63, 1, 0, 0, 0, 0, 0, 0, 127)
15 (1, 4, 59, 25, 0, 0, 0, 0, 0, 0, 0, 92)
16 (1, 4, 0, 11, 0, 0, 0, 0, 0, 0, 0, 21)
17 (1, 4, 0, 0, 0, 0, 0, 0, 0, 0, 0, 126)
18 (1, 4, 0, 0, 0, 0, 0, 0, 0, 0, 0, 126)
19 (1, 4, 0, 0, 0, 2, 0, 0, 0, 0, 0, 64)
20 (1, 4, 0, 0, 23, 10, 0, 0, 0, 0, 0, 34)
21 (1, 4, 0, 0, 65, 0, 0, 0, 0, 0, 0, 17)
22 (1, 4, 3, 0, 48, 0, 0, 0, 0, 0, 0, 237)
23 (1, 4, 20, 16, 16, 0, 0, 0, 0, 0, 0, 184)
24 (1, 4, 42, 0, 0, 0, 0, 0, 0, 0, 0, 213)
25 (1, 4, 65, 0, 6, 0, 0, 0, 0, 0, 0, 136)
26 (1, 4, 87, 0, 18, 0, 0, 0, 0, 0, 0, 109)
27 (1, 4, 0, 0, 8, 0, 0, 0, 0, 0, 0, 194)
28 (1, 4, 0, 0, 23, 0, 0, 0, 0, 0, 0, 228)
29 (1, 4, 0, 0, 7, 0, 0, 0, 0, 0, 0, 155)
30 (1, 4, 0, 11, 12, 0, 0, 0, 0, 0, 0, 247)
31 (1, 4, 0, 11, 11, 0, 0, 0, 0, 0, 0, 18)
0 (1, 4, 0, 0, 0, 0, 64, 0, 2, 1, 0, 203)
1 (1, 4, 0, 152, 0, 0, 0, 0, 0, 0, 0, 173)
2 (1, 4, 357, 516, 100, 0, 14, 0, 0, 0, 0, 152)
3 (1, 4, 245, 862, 481, 0, 0, 0, 0, 0, 0, 0)
4 (1, 4, 12, 873, 724, 0, 0, 0, 0, 0, 0, 200)
5 (1, 4, 128, 392, 121, 0, 0, 2, 1, 0, 0, 181)
6 (1, 4, 0, 0, 0, 0, 0, 0, 0, 0, 0, 126)
7 (1, 4, 0, 0, 0, 0, 0, 0, 1, 0, 0, 28)
8 (1, 4, 89, 0, 0, 0, 0, 0, 1, 0, 0, 11)
9 (1, 4, 70, 0, 16, 0, 0, 0, 1, 0, 0, 206)
10 (1, 4, 31, 0, 0, 0, 0, 0, 1, 0, 0, 166)
11 (1, 4, 0, 24, 0, 0, 0, 0, 1, 0, 0, 206)
12 (1, 4, 0, 3, 0, 0, 0, 0, 1, 0, 0, 196)
13 (1, 4, 0, 0, 0, 0, 0, 0, 1, 0, 0, 28)
14 (1, 4, 0, 0, 0, 0, 0, 0, 1, 0, 0, 28)
15 (1, 4, 0, 0, 0, 5, 0, 0, 1, 0, 0, 127)
16 (1, 4, 0, 0, 0, 3, 0, 0, 1, 0, 0, 61)
17 (1, 4, 0, 0, 0, 3, 0, 0, 1, 0, 0, 61)
18 (1, 4, 0, 9, 0, 0, 0, 0, 1, 0, 0, 26)
19 (1, 4, 0, 0, 0, 1, 0, 0, 0, 0, 0, 97)
20 (1, 4, 0, 0, 0, 0, 0, 0, 0, 0, 0, 126)
21 (1, 4, 0, 4, 12, 0, 0, 0, 0, 0, 0, 70)
22 (1, 4, 0, 8, 21, 0, 0, 0, 0, 0, 0, 120)
23 (1, 4, 0, 0, 6, 0, 0, 0, 0, 0, 0, 15)
24 (1, 4, 4, 7, 0, 1, 0, 0, 0, 0, 0, 91)
25 (1, 4, 1, 3, 0, 0, 0, 0, 0, 0, 0, 168)
26 (1, 4, 3, 0, 0, 3, 0, 0, 0, 0, 0, 77)
27 (1, 4, 0, 1, 0, 0, 0, 0, 0, 0, 0, 203)
28 (1, 4, 0, 0, 0, 1, 0, 0, 0, 0, 0, 97)
29 (1, 4, 0, 4, 0, 0, 0, 0, 1, 0, 0, 198)
30 (1, 4, 0, 2, 9, 0, 0, 0, 0, 0, 0, 59)
31 (1, 4, 0, 3, 0, 1, 0, 0, 0, 0, 0, 185)
0 (1, 4, 285, 39, 157, 0, 0, 13, 0, 0, 0, 162)
1 (1, 4, 0, 0, 0, 0, 0, 16, 1, 1, 0, 164)
2 (1, 4, 0, 0, 0, 0, 0, 0, 2, 2, 0, 108)
3 (1, 4, 0, 0, 0, 0, 62, 0, 0, 0, 0, 38)
4 (1, 4, 11, 317, 0, 0, 0, 0, 0, 0, 0, 134)
5 (1, 4, 156, 485, 358, 0, 0, 0, 0, 0, 0, 32)
6 (1, 4, 99, 872, 847, 0, 0, 0, 0, 0, 0, 189)
7 (1, 4, 114, 873, 835, 0, 0, 0, 0, 0, 0, 4)
8 (1, 4, 478, 229, 159, 0, 0, 0, 1, 1, 0, 165)
9 (1, 4, 0, 30, 0, 0, 0, 0, 0, 0, 0, 27)
10 (1, 4, 0, 0, 14, 0, 0, 0, 0, 0, 0, 179)
11 (1, 4, 0, 0, 13, 0, 0, 0, 0, 0, 0, 8)
12 (1, 4, 19, 0, 0, 0, 0, 0, 0, 0, 0, 140)
13 (1, 4, 0, 0, 0, 0, 0, 0, 0, 0, 0, 126)
14 (1, 4, 0, 0, 0, 0, 0, 0, 0, 0, 0, 126)
15 (1, 4, 0, 0, 0, 0, 0, 0, 0, 0, 0, 126)
16 (1, 4, 0, 0, 0, 0, 0, 0, 0, 0, 0, 126)
17 (1, 4, 0, 0, 0, 0, 0, 0, 0, 0, 0, 126)
18 (1, 4, 0, 0, 0, 0, 0, 0, 0, 0, 0, 126)
19 (1, 4, 0, 0, 0, 0, 0, 0, 0, 0, 0, 126)
20 (1, 4, 0, 0, 0, 0, 0, 0, 0, 0, 0, 126)
21 (1, 4, 14, 5, 0, 0, 0, 0, 0, 0, 0, 69)
22 (1, 4, 18, 29, 11, 0, 0, 0, 0, 0, 0, 56)
23 (1, 4, 0, 24, 18, 0, 0, 0, 0, 0, 0, 252)
24 (1, 4, 1, 0, 0, 0, 0, 0, 0, 0, 0, 112)
25 (1, 4, 0, 0, 0, 0, 0, 0, 0, 0, 0, 126)
26 (1, 4, 0, 0, 0, 0, 0, 0, 0, 0, 0, 126)
27 (1, 4, 0, 0, 0, 0, 0, 0, 0, 0, 0, 126)
28 (1, 4, 0, 0, 0, 0, 0, 0, 0, 0, 0, 126)
29 (1, 4, 0, 0, 0, 0, 0, 0, 0, 0, 0, 126)
30 (1, 4, 0, 0, 0, 0, 0, 0, 0, 0, 0, 126)
0 (1, 4, 152, 8, 0, 0, 0, 0, 0, 0, 0, 72)
1 (1, 4, 104, 71, 32, 0, 0, 0, 0, 0, 0, 63)
2 (1, 4, 0, 180, 83, 0, 0, 0, 0, 0, 0, 57)
3 (1, 4, 0, 233, 87, 0, 0, 0, 0, 0, 0, 89)
4 (1, 4, 0, 198, 103, 0, 0, 0, 0, 0, 0, 171)
5 (1, 4, 47, 0, 0, 0, 0, 45, 1, 1, 0, 11)
6 (1, 4, 0, 0, 0, 0, 0, 53, 0, 0, 0, 166)
7 (1, 4, 0, 0, 0, 0, 97, 0, 0, 0, 0, 16)
8 (1, 4, 49, 387, 37, 0, 0, 0, 1, 1, 0, 86)
9 (1, 4, 181, 570, 350, 0, 0, 0, 0, 0, 0, 222)
10 (1, 4, 167, 873, 758, 0, 0, 0, 0, 0, 0, 169)
11 (1, 4, 284, 873, 802, 0, 0, 0, 0, 0, 0, 141)
12 (1, 4, 622, 543, 323, 0, 0, 0, 1, 0, 0, 2)
13 (1, 4, 125, 316, 106, 0, 0, 13, 1, 1, 0, 102)
14 (1, 4, 0, 53, 0, 0, 0, 8, 1, 0, 0, 58)
15 (1, 4, 0, 0, 0, 0, 0, 0, 1, 0, 0, 28)
16 (1, 4, 0, 0, 0, 0, 0, 0, 1, 1, 0, 119)
17 (1, 4, 0, 0, 0, 0, 0, 0, 1, 0, 0, 28)
18 (1, 4, 0, 0, 0, 0, 0, 0, 1, 1, 0, 119)
19 (1, 4, 0, 0, 0, 0, 0, 0, 1, 1, 0, 119)
20 (1, 4, 0, 0, 0, 0, 0, 0, 1, 1, 0, 119)
21 (1, 4, 0, 0, 0, 0, 0, 0, 1, 1, 0, 119)
22 (1, 4, 0, 5, 0, 0, 0, 0, 1, 1, 0, 24)
23 (1, 4, 0, 0, 0, 0, 0, 0, 1, 1, 0, 119)
24 (1, 4, 0, 0, 0, 0, 0, 0, 1, 0, 0, 28)
25 (1, 4, 0, 0, 0, 0, 0, 0, 0, 0, 0, 126)
26 (1, 4, 0, 0, 0, 0, 0, 0, 0, 0, 0, 126)
27 (1, 4, 0, 0, 0, 0, 0, 0, 1, 0, 0, 28)
28 (1, 4, 0, 0, 0, 0, 0, 0, 1, 0, 0, 28)
29 (1, 4, 0, 0, 0, 0, 0, 0, 1, 1, 0, 119)
30 (1, 4, 0, 0, 0, 0, 0, 0, 1, 1, 0, 119)
31 (1, 4, 0, 0, 0, 0, 0, 0, 1, 1, 0, 119)
0 (1, 4, 223, 194, 109, 0, 0, 0, 0, 0, 0, 196)
1 (1, 4, 225, 327, 242, 0, 0, 0, 0, 0, 0, 235)
2 (1, 4, 66, 480, 338, 0, 0, 0, 1, 1, 0, 177)
3 (1, 4, 340, 300, 235, 0, 0, 0, 1, 1, 0, 153)
4 (1, 4, 0, 0, 0, 0, 0, 56, 1, 1, 0, 239)
5 (1, 4, 0, 0, 0, 0, 36, 0, 1, 1, 0, 153)
6 (1, 4, 0, 0, 0, 0, 23, 0, 2, 2, 0, 129)
7 (1, 4, 49, 260, 0, 0, 18, 0, 0, 1, 0, 116)
8 (1, 4, 68, 189, 22, 0, 30, 0, 0, 0, 0, 234)
9 (1, 4, 266, 586, 542, 0, 0, 0, 0, 0, 0, 136)
10 (1, 4, 408, 873, 873, 0, 0, 0, 0, 0, 0, 92)
11 (1, 4, 401, 873, 721, 0, 0, 0, 1, 1, 0, 186)
12 (1, 4, 521, 198, 3, 0, 0, 0, 2, 2, 0, 152)
13 (1, 4, 0, 0, 0, 0, 0, 2, 2, 2, 0, 213)
14 (1, 4, 0, 0, 0, 0, 0, 0, 0, 0, 0, 126)
15 (1, 4, 0, 0, 0, 0, 0, 0, 0, 0, 0, 126)
16 (1, 4, 0, 0, 0, 0, 0, 0, 0, 0, 0, 126)
17 (1, 4, 0, 0, 0, 0, 0, 0, 0, 0, 0, 126)
18 (1, 4, 0, 0, 0, 0, 0, 0, 0, 0, 0, 126)
19 (1, 4, 0, 0, 0, 0, 0, 0, 0, 0, 0, 126)
20 (1, 4, 0, 0, 0, 0, 0, 0, 1, 1, 0, 119)
21 (1, 4, 0, 0, 0, 0, 0, 0, 1, 1, 0, 119)
22 (1, 4, 0, 9, 0, 0, 0, 0, 1, 1, 0, 113)
23 (1, 4, 0, 17, 0, 0, 0, 0, 1, 1, 0, 163)
24 (1, 4, 0, 5, 0, 0, 0, 0, 1, 1, 0, 24)
25 (1, 4, 1, 6, 0, 0, 0, 0, 1, 1, 0, 206)
26 (1, 4, 0, 1, 0, 0, 0, 0, 1, 1, 0, 194)
27 (1, 4, 0, 0, 0, 0, 0, 0, 1, 1, 0, 119)
28 (1, 4, 0, 0, 0, 0, 0, 0, 1, 1, 0, 119)
29 (1, 4, 0, 0, 0, 0, 0, 0, 1, 1, 0, 119)
30 (1, 4, 0, 0, 0, 0, 0, 0, 1, 1, 0, 119)
0 (1, 4, 38, 99, 62, 0, 0, 0, 0, 0, 0, 72)
1 (1, 4, 0, 213, 106, 0, 0, 0, 0, 0, 0, 100)
2 (1, 4, 0, 317, 120, 0, 0, 0, 0, 0, 0, 34)
3 (1, 4, 93, 186, 0, 0, 0, 3, 2, 2, 0, 89)
4 (1, 4, 0, 0, 0, 0, 0, 0, 0, 0, 0, 126)
5 (1, 4, 0, 0, 0, 0, 0, 13, 1, 1, 0, 55)
6 (1, 4, 0, 0, 0, 0, 50, 0, 1, 1, 0, 13)
7 (1, 4, 0, 71, 0, 0, 4, 0, 1, 1, 0, 21)
8 (1, 4, 62, 226, 15, 0, 41, 0, 1, 1, 0, 197)
9 (1, 4, 270, 675, 600, 0, 0, 0, 1, 1, 0, 117)
10 (1, 4, 233, 873, 873, 0, 0, 0, 0, 0, 0, 254)
11 (1, 4, 330, 873, 670, 0, 0, 24, 2, 2, 0, 36)
12 (1, 4, 367, 282, 72, 0, 0, 4, 2, 2, 0, 18)
13 (1, 4, 0, 0, 77, 0, 0, 2, 1, 1, 0, 67)
14 (1, 4, 0, 0, 0, 0, 0, 0, 1, 1, 0, 119)
15 (1, 4, 0, 0, 0, 0, 0, 0, 1, 1, 0, 119)
16 (1, 4, 0, 0, 0, 0, 0, 0, 1, 1, 0, 119)
17 (1, 4, 0, 0, 0, 0, 0, 0, 1, 1, 0, 119)
18 (1, 4, 0, 0, 0, 0, 0, 0, 1, 1, 0, 119)
19 (1, 4, 0, 0, 0, 0, 0, 0, 1, 1, 0, 119)
20 (1, 4, 0, 0, 0, 0, 0, 0, 1, 1, 0, 119)
21 (1, 4, 0, 0, 0, 0, 0, 0, 1, 1, 0, 119)
22 (1, 4, 0, 15, 9, 0, 0, 0, 1, 1, 0, 238)
23 (1, 4, 6, 23, 10, 0, 0, 0, 1, 1, 0, 163)
24 (1, 4, 9, 25, 13, 0, 0, 0, 1, 1, 0, 24)
25 (1, 4, 0, 20, 10, 0, 0, 0, 1, 2, 0, 226)
26 (1, 4, 1, 2, 0, 0, 0, 0, 1, 1, 0, 20)
27 (1, 4, 0, 0, 0, 0, 0, 0, 1, 1, 0, 119)
28 (1, 4, 0, 0, 0, 0, 0, 0, 1, 1, 0, 119)
29 (1, 4, 0, 0, 5, 0, 0, 0, 1, 1, 0, 189)
0 (1, 4, 14, 49, 27, 0, 0, 0, 1, 1, 0, 77)
1 (1, 4, 33, 57, 22, 0, 0, 0, 1, 1, 0, 21)
2 (1, 4, 341, 216, 22, 0, 0, 0, 1, 1, 0, 116)
3 (1, 4, 17, 494, 223, 0, 0, 0, 1, 0, 0, 127)
4 (1, 4, 150, 659, 304, 0, 0, 5, 2, 4, 0, 195)
5 (1, 4, 201, 0, 0, 0, 0, 87, 2, 2, 0, 11)
6 (1, 4, 0, 0, 0, 0, 0, 15, 2, 2, 0, 149)
7 (1, 4, 0, 0, 0, 0, 9, 0, 1, 1, 0, 207)
8 (1, 4, 29, 248, 0, 0, 0, 0, 0, 1, 0, 33)
9 (1, 4, 194, 383, 53, 0, 11, 0, 1, 1, 0, 130)
10 (1, 4, 236, 701, 447, 0, 0, 0, 1, 1, 0, 163)
11 (1, 4, 96, 873, 769, 0, 0, 0, 0, 0, 0, 44)
12 (1, 4, 288, 804, 464, 0, 0, 0, 1, 1, 0, 170)
13 (1, 4, 309, 221, 115, 0, 0, 0, 1, 1, 0, 154)
14 (1, 4, 0, 0, 71, 0, 0, 0, 1, 1, 0, 105)
15 (1, 4, 0, 0, 0, 0, 0, 0, 1, 1, 0, 119)
16 (1, 4, 0, 0, 0, 0, 0, 0, 0, 0, 0, 126)
17 (1, 4, 0, 0, 0, 0, 0, 0, 0, 0, 0, 126)
18 (1, 4, 32, 0, 0, 0, 0, 0, 0, 0, 0, 185)
19 (1, 4, 36, 0, 0, 0, 0, 0, 0, 0, 0, 129)
20 (1, 4, 0, 22, 0, 0, 0, 0, 0, 0, 0, 168)
21 (1, 4, 0, 46, 0, 0, 0, 0, 0, 0, 0, 184)
22 (1, 4, 0, 3, 0, 0, 0, 0, 0, 0, 0, 166)
23 (1, 4, 0, 0, 0, 0, 0, 0, 0, 0, 0, 126)
24 (1, 4, 14, 0, 0, 0, 0, 0, 0, 0, 0, 42)
25 (1, 4, 41, 0, 0, 0, 0, 0, 0, 0, 0, 199)
26 (1, 4, 24, 0, 12, 0, 0, 0, 0, 0, 0, 12)
27 (1, 4, 0, 0, 0, 0, 0, 0, 0, 0, 0, 126)
28 (1, 4, 0, 0, 0, 0, 0, 0, 0, 0, 0, 126)
29 (1, 4, 0, 4, 0, 0, 0, 0, 0, 0, 0, 164)
30 (1, 4, 0, 9, 0, 0, 0, 0, 0, 0, 0, 120)
31 (1, 4, 0, 45, 0, 0, 0, 0, 0, 0, 0, 96)
0 (1, 4, 0, 0, 0, 0, 41, 0, 1, 1, 0, 194)
1 (1, 4, 57, 269, 0, 0, 0, 0, 1, 1, 0, 23)
2 (1, 4, 121, 319, 228, 0, 0, 0, 1, 1, 0, 250)
3 (1, 4, 241, 856, 614, 0, 0, 0, 1, 0, 0, 30)
4 (1, 4, 92, 873, 873, 0, 0, 0, 0, 0, 0, 250)
5 (1, 4, 254, 309, 64, 0, 0, 0, 1, 1, 0, 74)
6 (1, 4, 44, 39, 83, 0, 0, 0, 0, 0, 0, 14)
7 (1, 4, 0, 0, 0, 0, 0, 0, 0, 0, 0, 126)
8 (1, 4, 0, 0, 0, 0, 0, 0, 0, 0, 0, 126)
9 (1, 4, 0, 0, 0, 0, 0, 0, 0, 0, 0, 126)
10 (1, 4, 0, 0, 0, 0, 0, 0, 0, 0, 0, 126)
11 (1, 4, 0, 0, 0, 0, 0, 0, 0, 0, 0, 126)
12 (1, 4, 0, 0, 0, 0, 0, 0, 0, 0, 0, 126)
13 (1, 4, 0, 0, 0, 0, 0, 0, 0, 0, 0, 126)
14 (1, 4, 0, 0, 0, 0, 0, 0, 0, 0, 0, 126)
15 (1, 4, 0, 0, 0, 0, 0, 0, 0, 0, 0, 126)
16 (1, 4, 0, 0, 0, 0, 0, 0, 0, 0, 0, 126)
17 (1, 4, 0, 0, 0, 0, 0, 0, 0, 0, 0, 126)
18 (1, 4, 0, 0, 0, 0, 0, 0, 0, 0, 0, 126)
19 (1, 4, 0, 3, 0, 0, 0, 0, 0, 0, 0, 166)
20 (1, 4, 0, 0, 0, 0, 0, 0, 0, 0, 0, 126)
21 (1, 4, 0, 0, 0, 0, 0, 0, 0, 0, 0, 126)
22 (1, 4, 0, 0, 0, 0, 0, 0, 0, 0, 0, 126)
23 (1, 4, 0, 0, 0, 0, 0, 0, 0, 0, 0, 126)
24 (1, 4, 0, 0, 0, 0, 0, 0, 0, 0, 0, 126)
25 (1, 4, 0, 0, 0, 0, 0, 0, 0, 0, 0, 126)
26 (1, 4, 0, 1, 0, 0, 0, 0, 0, 0, 0, 203)
27 (1, 4, 0, 3, 0, 0, 0, 0, 0, 0, 0, 166)
28 (1, 4, 0, 0, 0, 0, 0, 0, 0, 0, 0, 126)
29 (1, 4, 0, 3, 0, 0, 0, 0, 0, 0, 0, 166)
30 (1, 4, 0, 0, 0, 0, 0, 0, 0, 0, 0, 126)
31 (1, 4, 0, 4, 0, 0, 0, 0, 0, 0, 0, 164)
0 (1, 4, 0, 146, 136, 0, 0, 0, 0, 0, 0, 62)
1 (1, 4, 28, 158, 140, 0, 0, 0, 0, 0, 0, 161)
2 (1, 4, 0, 170, 158, 0, 0, 0, 1, 1, 0, 41)
3 (1, 4, 77, 0, 0, 0, 0, 6, 1, 1, 0, 116)
4 (1, 4, 0, 0, 0, 0, 0, 9, 1, 1, 0, 66)
5 (1, 4, 0, 0, 0, 0, 0, 0, 2, 2, 0, 108)
6 (1, 4, 0, 0, 0, 0, 35, 0, 2, 2, 0, 234)
7 (1, 4, 92, 157, 0, 0, 20, 0, 2, 2, 0, 151)
8 (1, 4, 202, 490, 273, 0, 19, 0, 1, 1, 0, 68)
9 (1, 4, 370, 873, 778, 0, 0, 0, 1, 1, 0, 220)
10 (1, 4, 234, 873, 762, 0, 0, 1, 1, 1, 0, 82)
11 (1, 4, 146, 327, 51, 0, 0, 5, 2, 3, 0, 26)
12 (1, 4, 0, 0, 51, 0, 0, 0, 1, 1, 0, 77)
13 (1, 4, 45, 0, 0, 0, 0, 0, 1, 1, 0, 246)
14 (1, 4, 0, 0, 0, 0, 0, 0, 1, 1, 0, 119)
15 (1, 4, 0, 0, 0, 0, 0, 0, 1, 1, 0, 119)
16 (1, 4, 0, 0, 0, 0, 0, 0, 1, 1, 0, 119)
17 (1, 4, 0, 0, 0, 0, 0, 0, 1, 0, 0, 28)
18 (1, 4, 0, 0, 0, 0, 0, 0, 1, 1, 0, 119)
19 (1, 4, 0, 0, 0, 0, 0, 0, 1, 1, 0, 119)
20 (1, 4, 0, 0, 13, 0, 0, 0, 2, 2, 0, 26)
21 (1, 4, 0, 27, 36, 0, 0, 0, 2, 2, 0, 198)
22 (1, 4, 0, 27, 18, 0, 0, 0, 1, 1, 0, 45)
23 (1, 4, 14, 23, 5, 0, 0, 0, 1, 1, 0, 138)
24 (1, 4, 0, 8, 2, 0, 0, 0, 1, 1, 0, 235)
25 (1, 4, 0, 7, 0, 0, 0, 0, 1, 1, 0, 117)
26 (1, 4, 0, 23, 11, 0, 0, 0, 1, 1, 0, 19)
27 (1, 4, 0, 3, 2, 0, 0, 0, 1, 1, 0, 128)
28 (1, 4, 0, 0, 8, 0, 0, 0, 1, 1, 0, 203)
29 (1, 4, 0, 2, 0, 0, 0, 0, 1, 1, 0, 26)
30 (1, 4, 2, 2, 0, 0, 0, 0, 1, 1, 0, 6)
31 (1, 4, 0, 2, 0, 0, 0, 0, 1, 1, 0, 26)
0 (1, 4, 0, 0, 0, 0, 0, 0, 2, 2, 0, 108)
1 (1, 4, 0, 0, 0, 0, 77, 0, 1, 1, 0, 54)
2 (1, 4, 38, 61, 0, 0, 0, 0, 1, 1, 0, 235)
3 (1, 4, 89, 295, 132, 0, 4, 0, 1, 1, 0, 9)
4 (1, 4, 203, 767, 500, 0, 0, 0, 0, 0, 0, 85)
5 (1, 4, 195, 873, 763, 0, 0, 0, 0, 0, 0, 169)
6 (1, 4, 510, 787, 472, 0, 0, 0, 2, 2, 0, 132)
7 (1, 4, 291, 238, 218, 0, 0, 0, 0, 0, 0, 11)
8 (1, 4, 0, 11, 87, 0, 0, 4, 0, 0, 0, 1)
9 (1, 4, 0, 0, 0, 0, 0, 0, 1, 1, 0, 119)
10 (1, 4, 0, 0, 0, 0, 0, 0, 1, 1, 0, 119)
11 (1, 4, 0, 0, 0, 0, 0, 0, 1, 0, 0, 28)
12 (1, 4, 0, 0, 0, 0, 0, 0, 0, 0, 0, 126)
13 (1, 4, 0, 0, 0, 0, 0, 0, 0, 0, 0, 126)
14 (1, 4, 0, 0, 0, 0, 0, 0, 0, 0, 0, 126)
15 (1, 4, 0, 0, 6, 0, 0, 0, 0, 0, 0, 15)
16 (1, 4, 0, 0, 0, 0, 0, 0, 1, 0, 0, 28)
17 (1, 4, 0, 0, 0, 0, 0, 0, 1, 1, 0, 119)
18 (1, 4, 0, 0, 0, 0, 0, 0, 1, 1, 0, 119)
19 (1, 4, 0, 0, 0, 0, 0, 0, 1, 1, 0, 119)
20 (1, 4, 0, 0, 0, 0, 0, 0, 1, 1, 0, 119)
21 (1, 4, 0, 0, 0, 0, 0, 0, 1, 1, 0, 119)
22 (1, 4, 0, 8, 0, 0, 0, 0, 1, 1, 0, 196)
23 (1, 4, 4, 0, 0, 0, 0, 0, 1, 1, 0, 79)
24 (1, 4, 0, 9, 5, 0, 0, 0, 1, 1, 0, 187)
25 (1, 4, 0, 0, 2, 0, 0, 0, 1, 1, 0, 88)
26 (1, 4, 1, 2, 2, 0, 0, 0, 1, 1, 0, 59)
27 (1, 4, 0, 0, 7, 0, 0, 0, 1, 1, 0, 146)
28 (1, 4, 0, 2, 0, 0, 0, 0, 1, 1, 0, 26)
29 (1, 4, 0, 4, 9, 0, 0, 0, 1, 1, 0, 133)
0 (1, 4, 0, 37, 17, 0, 0, 0, 0, 0, 0, 56)
1 (1, 4, 0, 58, 28, 0, 0, 0, 0, 0, 0, 158)
2 (1, 4, 21, 74, 48, 0, 0, 0, 0, 0, 0, 116)
3 (1, 4, 124, 136, 136, 0, 0, 0, 0, 0, 0, 103)
4 (1, 4, 161, 284, 153, 0, 0, 0, 0, 0, 0, 233)
5 (1, 4, 0, 0, 0, 0, 0, 78, 1, 1, 0, 20)
6 (1, 4, 0, 0, 0, 0, 0, 63, 3, 2, 0, 133)
7 (1, 4, 0, 0, 0, 0, 14, 0, 1, 1, 0, 167)
8 (1, 4, 60, 1, 0, 0, 0, 0, 1, 1, 0, 173)
9 (1, 4, 37, 47, 32, 0, 0, 0, 1, 1, 0, 11)
10 (1, 4, 115, 250, 224, 0, 0, 0, 2, 2, 0, 219)
11 (1, 4, 205, 607, 453, 0, 0, 0, 2, 1, 0, 8)
12 (1, 4, 144, 765, 635, 0, 0, 0, 1, 0, 0, 30)
13 (1, 4, 347, 598, 366, 0, 0, 0, 0, 0, 0, 122)
14 (1, 4, 169, 24, 61, 0, 0, 2, 1, 1, 0, 71)
15 (1, 4, 0, 0, 19, 0, 0, 0, 1, 1, 0, 179)
16 (1, 4, 0, 0, 0, 0, 0, 0, 1, 0, 0, 28)
17 (1, 4, 0, 0, 0, 0, 0, 0, 0, 0, 0, 126)
18 (1, 4, 0, 0, 0, 0, 0, 0, 0, 0, 0, 126)
19 (1, 4, 0, 0, 0, 0, 0, 0, 0, 0, 0, 126)
20 (1, 4, 0, 0, 0, 0, 0, 0, 0, 0, 0, 126)
21 (1, 4, 0, 0, 0, 0, 0, 0, 0, 0, 0, 126)
22 (1, 4, 0, 0, 0, 0, 0, 0, 0, 0, 0, 126)
23 (1, 4, 0, 0, 0, 0, 0, 0, 0, 0, 0, 126)
24 (1, 4, 0, 0, 0, 0, 0, 0, 0, 0, 0, 126)
25 (1, 4, 0, 0, 0, 0, 0, 0, 0, 0, 0, 126)
26 (1, 4, 0, 0, 4, 0, 0, 0, 0, 0, 0, 32)
27 (1, 4, 0, 0, 0, 0, 0, 0, 0, 0, 0, 126)
28 (1, 4, 0, 0, 0, 0, 0, 0, 0, 0, 0, 126)
29 (1, 4, 0, 0, 4, 0, 0, 0, 0, 0, 0, 32)
0 (1, 4, 33, 50, 21, 0, 0, 0, 0, 0, 0, 204)
1 (1, 4, 47, 81, 65, 0, 0, 0, 0, 0, 0, 219)
2 (1, 4, 0, 166, 98, 0, 0, 0, 0, 0, 0, 32)
3 (1, 4, 0, 264, 116, 0, 0, 0, 1, 1, 0, 5)
4 (1, 4, 0, 378, 8, 0, 0, 0, 1, 1, 0, 208)
5 (1, 4, 0, 7, 0, 0, 0, 4, 1, 1, 0, 0)
6 (1, 4, 0, 0, 0, 0, 0, 52, 2, 1, 0, 214)
7 (1, 4, 0, 0, 0, 0, 0, 0, 1, 1, 0, 119)
8 (1, 4, 0, 0, 0, 0, 0, 0, 1, 1, 0, 119)
9 (1, 4, 61, 0, 0, 0, 0, 0, 1, 1, 0, 22)
10 (1, 4, 104, 185, 18, 0, 0, 0, 1, 1, 0, 189)
11 (1, 4, 181, 564, 336, 0, 0, 0, 1, 1, 0, 30)
12 (1, 4, 306, 873, 619, 0, 0, 0, 1, 1, 0, 153)
13 (1, 4, 280, 873, 661, 0, 0, 0, 0, 0, 0, 125)
14 (1, 4, 275, 427, 216, 0, 0, 4, 1, 1, 0, 118)
15 (1, 4, 10, 144, 110, 0, 0, 11, 1, 1, 0, 63)
16 (1, 4, 0, 0, 0, 0, 0, 0, 0, 0, 0, 126)
17 (1, 4, 0, 0, 0, 0, 0, 0, 0, 0, 0, 126)
18 (1, 4, 0, 0, 0, 0, 0, 0, 0, 0, 0, 126)
19 (1, 4, 0, 0, 0, 0, 0, 0, 0, 0, 0, 126)
20 (1, 4, 0, 0, 0, 0, 0, 0, 0, 0, 0, 126)
21 (1, 4, 0, 0, 0, 0, 0, 0, 0, 0, 0, 126)
22 (1, 4, 0, 0, 0, 0, 0, 0, 0, 0, 0, 126)
23 (1, 4, 1, 0, 0, 0, 0, 0, 0, 0, 0, 112)
24 (1, 4, 8, 0, 0, 0, 0, 0, 0, 0, 0, 14)
25 (1, 4, 6, 0, 0, 0, 0, 0, 0, 0, 0, 90)
26 (1, 4, 0, 1, 0, 0, 0, 0, 0, 0, 0, 203)
27 (1, 4, 0, 0, 0, 0, 0, 0, 0, 0, 0, 126)
28 (1, 4, 0, 0, 1, 0, 0, 0, 0, 0, 0, 234)
29 (1, 4, 0, 0, 1, 0, 0, 0, 0, 0, 0, 234)
0 (1, 4, 0, 0, 0, 0, 0, 95, 1, 1, 0, 24)
1 (1, 4, 0, 0, 0, 0, 0, 42, 2, 2, 0, 158)
2 (1, 4, 0, 0, 0, 0, 0, 0, 1, 1, 0, 119)
3 (1, 4, 47, 0, 0, 0, 0, 0, 1, 1, 0, 234)
4 (1, 4, 135, 140, 0, 0, 0, 0, 1, 1, 0, 32)
5 (1, 4, 212, 484, 300, 0, 0, 0, 2, 1, 0, 171)
6 (1, 4, 239, 806, 576, 0, 0, 0, 1, 1, 0, 106)
7 (1, 4, 81, 662, 559, 0, 0, 0, 0, 0, 0, 30)
8 (1, 4, 237, 543, 345, 0, 0, 0, 0, 0, 0, 143)
9 (1, 4, 315, 230, 158, 0, 0, 6, 1, 0, 0, 35)
10 (1, 4, 8, 24, 18, 0, 0, 1, 0, 0, 0, 83)
11 (1, 4, 0, 0, 0, 0, 0, 0, 0, 0, 0, 126)
12 (1, 4, 0, 0, 0, 0, 0, 0, 0, 0, 0, 126)
13 (1, 4, 0, 0, 0, 0, 0, 0, 0, 0, 0, 126)
14 (1, 4, 0, 0, 0, 0, 0, 0, 0, 0, 0, 126)
15 (1, 4, 0, 0, 0, 0, 0, 0, 0, 0, 0, 126)
16 (1, 4, 0, 0, 0, 0, 0, 0, 0, 0, 0, 126)
17 (1, 4, 0, 0, 0, 0, 0, 0, 0, 0, 0, 126)
18 (1, 4, 0, 0, 0, 0, 0, 0, 0, 0, 0, 126)
19 (1, 4, 0, 0, 0, 0, 0, 0, 0, 0, 0, 126)
20 (1, 4, 0, 0, 0, 0, 0, 0, 0, 0, 0, 126)
21 (1, 4, 0, 0, 0, 0, 0, 0, 0, 0, 0, 126)
22 (1, 4, 0, 0, 0, 0, 0, 0, 0, 0, 0, 126)
23 (1, 4, 0, 0, 0, 0, 0, 0, 0, 0, 0, 126)
24 (1, 4, 0, 4, 0, 0, 0, 0, 0, 0, 0, 164)
25 (1, 4, 0, 0, 0, 0, 0, 0, 0, 0, 0, 126)
26 (1, 4, 0, 0, 0, 0, 0, 0, 0, 0, 0, 126)
27 (1, 4, 0, 0, 0, 0, 0, 0, 0, 0, 0, 126)
28 (1, 4, 0, 0, 0, 0, 0, 0, 0, 0, 0, 126)
29 (1, 4, 0, 0, 1, 0, 0, 0, 0, 0, 0, 234)
0 (1, 4, 9, 0, 1, 0, 0, 0, 0, 0, 0, 148)
1 (1, 4, 9, 0, 0, 0, 0, 0, 0, 0, 0, 0)
2 (1, 4, 27, 0, 0, 0, 0, 0, 0, 0, 0, 252)
3 (1, 4, 34, 7, 0, 0, 0, 0, 0, 0, 0, 167)
4 (1, 4, 34, 10, 0, 0, 0, 0, 0, 0, 0, 123)
5 (1, 4, 45, 38, 8, 0, 0, 0, 0, 0, 0, 54)
6 (1, 4, 77, 131, 70, 0, 0, 0, 0, 0, 0, 226)
7 (1, 4, 183, 228, 161, 0, 0, 0, 0, 0, 0, 103)
8 (1, 4, 176, 318, 201, 0, 0, 0, 2, 2, 0, 62)
9 (1, 4, 68, 389, 157, 0, 0, 0, 2, 1, 0, 19)
10 (1, 4, 88, 171, 0, 0, 0, 39, 2, 1, 0, 210)
11 (1, 4, 0, 0, 0, 0, 0, 53, 1, 0, 0, 196)
12 (1, 4, 0, 0, 0, 0, 0, 34, 1, 1, 0, 111)
13 (1, 4, 0, 0, 0, 0, 0, 0, 2, 1, 0, 209)
14 (1, 4, 0, 0, 0, 0, 0, 0, 1, 1, 0, 119)
15 (1, 4, 92, 42, 0, 0, 0, 0, 1, 1, 0, 74)
16 (1, 4, 194, 343, 202, 0, 0, 0, 2, 2, 0, 112)
17 (1, 4, 246, 662, 444, 0, 0, 0, 1, 1, 0, 61)
18 (1, 4, 149, 653, 549, 0, 0, 0, 2, 1, 0, 140)
19 (1, 4, 309, 605, 434, 0, 0, 0, 0, 0, 0, 156)
20 (1, 4, 429, 273, 190, 0, 0, 0, 3, 3, 0, 127)
21 (1, 4, 50, 76, 84, 0, 0, 0, 1, 0, 0, 23)
22 (1, 4, 0, 0, 0, 0, 0, 0, 2, 1, 0, 209)
23 (1, 4, 0, 0, 0, 0, 0, 0, 1, 0, 0, 28)
24 (1, 4, 0, 0, 0, 0, 0, 0, 1, 0, 0, 28)
25 (1, 4, 0, 0, 0, 0, 0, 0, 1, 1, 0, 119)
26 (1, 4, 0, 0, 0, 0, 0, 0, 1, 1, 0, 119)
27 (1, 4, 0, 0, 0, 0, 0, 0, 1, 1, 0, 119)
28 (1, 4, 0, 0, 0, 0, 0, 0, 1, 1, 0, 119)
29 (1, 4, 0, 0, 0, 0, 0, 0, 1, 1, 0, 119)
30 (1, 4, 0, 0, 0, 0, 0, 0, 1, 1, 0, 119)
31 (1, 4, 0, 0, 0, 0, 0, 0, 1, 1, 0, 119)
0 (1, 4, 0, 34, 22, 0, 0, 0, 1, 1, 0, 214)
1 (1, 4, 7, 49, 34, 0, 0, 0, 1, 1, 0, 154)
2 (1, 4, 17, 51, 36, 0, 0, 0, 1, 1, 0, 66)
3 (1, 4, 36, 69, 39, 0, 0, 0, 2, 1, 0, 217)
4 (1, 4, 145, 141, 80, 0, 0, 0, 1, 1, 0, 213)
5 (1, 4, 238, 364, 197, 0, 0, 0, 1, 0, 0, 30)
6 (1, 4, 32, 557, 125, 0, 0, 0, 0, 0, 0, 102)
7 (1, 4, 36, 473, 0, 0, 0, 13, 2, 1, 0, 110)
8 (1, 4, 0, 0, 0, 0, 0, 61, 0, 0, 0, 76)
9 (1, 4, 0, 0, 0, 0, 0, 49, 1, 1, 0, 218)
10 (1, 4, 0, 0, 0, 40, 86, 0, 1, 1, 0, 232)
11 (1, 4, 68, 332, 181, 0, 0, 0, 1, 1, 0, 115)
12 (1, 4, 166, 220, 188, 0, 0, 0, 1, 1, 0, 153)
13 (1, 4, 178, 360, 241, 0, 0, 0, 1, 1, 0, 81)
14 (1, 4, 247, 588, 380, 0, 0, 0, 2, 1, 0, 162)
15 (1, 4, 297, 674, 499, 0, 0, 0, 1, 1, 0, 194)
16 (1, 4, 366, 276, 134, 0, 0, 0, 3, 2, 0, 200)
17 (1, 4, 100, 95, 94, 0, 0, 2, 1, 1, 0, 162)
18 (1, 4, 0, 0, 0, 0, 0, 0, 1, 0, 0, 28)
19 (1, 4, 0, 0, 0, 0, 0, 0, 3, 2, 0, 14)
20 (1, 4, 0, 0, 0, 0, 0, 0, 1, 1, 0, 119)
21 (1, 4, 0, 0, 0, 0, 0, 0, 1, 1, 0, 119)
22 (1, 4, 0, 0, 0, 0, 0, 0, 2, 2, 0, 108)
23 (1, 4, 0, 0, 0, 0, 0, 0, 2, 2, 0, 108)
24 (1, 4, 0, 0, 0, 0, 0, 0, 1, 1, 0, 119)
25 (1, 4, 0, 0, 0, 0, 0, 0, 1, 1, 0, 119)
26 (1, 4, 0, 0, 0, 0, 0, 0, 1, 1, 0, 119)
27 (1, 4, 0, 5, 0, 0, 0, 0, 1, 1, 0, 24)
28 (1, 4, 9, 0, 0, 0, 0, 0, 1, 1, 0, 9)
29 (1, 4, 0, 0, 0, 0, 0, 0, 1, 1, 0, 119)
30 (1, 4, 2, 0, 0, 0, 0, 0, 1, 1, 0, 107)

