0 (1, 4, 0, 152, 0, 98, 0, 5, 3, 5, 0, 99)
1 (1, 4, 0, 152, 0, 125, 0, 0, 2, 4, 0, 146)
2 (1, 4, 0, 206, 0, 195, 0, 0, 2, 3, 0, 216)
3 (1, 4, 0, 230, 0, 219, 0, 0, 2, 3, 0, 166)
4 (1, 4, 19, 82, 337, 96, 39, 1, 1, 2, 0, 124)
5 (1, 4, 238, 86, 614, 0, 85, 34, 2, 3, 0, 142)
6 (1, 4, 128, 94, 698, 0, 0, 191, 2, 3, 0, 172)
7 (1, 4, 0, 0, 85, 0, 0, 46, 2, 2, 0, 165)
8 (1, 4, 0, 0, 0, 0, 0, 35, 1, 2, 0, 13)
9 (1, 4, 88, 7, 53, 0, 0, 48, 1, 2, 0, 232)
10 (1, 4, 0, 18, 0, 0, 0, 49, 1, 2, 0, 107)
11 (1, 4, 0, 0, 0, 0, 0, 40, 1, 2, 0, 129)
12 (1, 4, 4, 54, 0, 0, 0, 52, 1, 2, 0, 225)
13 (1, 4, 43, 0, 0, 0, 0, 60, 1, 2, 0, 130)
14 (1, 4, 0, 0, 0, 0, 0, 50, 1, 1, 0, 188)
15 (1, 4, 159, 0, 0, 0, 0, 40, 1, 1, 0, 147)
16 (1, 4, 0, 22, 0, 0, 0, 22, 1, 1, 0, 190)
17 (1, 4, 0, 33, 0, 13, 0, 11, 1, 1, 0, 23)
18 (1, 4, 0, 6, 0, 48, 0, 0, 1, 1, 0, 222)
19 (1, 4, 0, 43, 88, 77, 0, 6, 0, 1, 0, 6)
20 (1, 4, 0, 33, 273, 61, 0, 0, 0, 0, 0, 58)
21 (1, 4, 0, 105, 302, 40, 0, 41, 0, 0, 0, 210)
22 (1, 4, 110, 0, 203, 11, 0, 34, 0, 0, 0, 168)
23 (1, 4, 0, 37, 33, 1, 0, 30, 0, 0, 0, 83)
24 (1, 4, 0, 59, 0, 6, 0, 24, 0, 0, 0, 205)
25 (1, 4, 0, 61, 0, 0, 0, 20, 1, 2, 0, 19)
26 (1, 4, 61, 32, 0, 0, 0, 13, 2, 2, 0, 143)
27 (1, 4, 0, 33, 0, 0, 0, 8, 2, 2, 0, 241)
28 (1, 4, 0, 31, 0, 0, 0, 12, 2, 3, 0, 72)
29 (1, 4, 0, 0, 0, 0, 0, 0, 2, 3, 0, 7)
0 (1, 4, 0, 196, 17, 67, 0, 0, 3, 4, 0, 52)
1 (1, 4, 0, 275, 31, 72, 0, 0, 3, 4, 0, 36)
2 (1, 4, 0, 304, 98, 78, 0, 0, 3, 4, 0, 112)
3 (1, 4, 0, 285, 68, 107, 0, 0, 3, 4, 0, 107)
4 (1, 4, 0, 162, 99, 137, 0, 0, 3, 4, 0, 41)
5 (1, 4, 224, 7, 138, 87, 0, 0, 3, 4, 0, 55)
6 (1, 4, 0, 23, 294, 0, 0, 33, 2, 4, 0, 222)
7 (1, 4, 401, 0, 516, 0, 82, 21, 3, 4, 0, 122)
8 (1, 4, 0, 0, 365, 0, 0, 31, 3, 4, 0, 119)
9 (1, 4, 0, 82, 0, 0, 0, 18, 3, 4, 0, 150)
10 (1, 4, 51, 50, 0, 0, 0, 64, 3, 4, 0, 205)
11 (1, 4, 0, 63, 0, 0, 0, 19, 2, 3, 0, 160)
12 (1, 4, 34, 152, 0, 0, 0, 0, 2, 2, 0, 100)
13 (1, 4, 89, 108, 0, 0, 0, 0, 2, 2, 0, 83)
14 (1, 4, 62, 126, 0, 0, 0, 7, 2, 2, 0, 40)
15 (1, 4, 0, 0, 0, 48, 0, 0, 2, 2, 0, 114)
16 (1, 4, 0, 0, 0, 78, 0, 0, 2, 2, 0, 3)
17 (1, 4, 0, 0, 0, 84, 0, 0, 2, 2, 0, 50)
18 (1, 4, 0, 0, 0, 66, 0, 0, 2, 2, 0, 135)
19 (1, 4, 0, 0, 0, 77, 0, 0, 1, 2, 0, 132)
20 (1, 4, 0, 0, 0, 57, 0, 0, 1, 2, 0, 51)
21 (1, 4, 26, 0, 0, 54, 0, 0, 2, 2, 0, 188)
22 (1, 4, 27, 0, 0, 46, 0, 0, 1, 2, 0, 27)
23 (1, 4, 90, 0, 0, 49, 0, 0, 1, 2, 0, 206)
24 (1, 4, 93, 0, 0, 45, 0, 0, 2, 2, 0, 49)
25 (1, 4, 41, 0, 0, 48, 0, 0, 1, 2, 0, 109)
26 (1, 4, 0, 0, 42, 50, 0, 0, 1, 2, 0, 135)
27 (1, 4, 0, 0, 0, 48, 0, 0, 1, 2, 0, 212)
28 (1, 4, 0, 0, 0, 46, 0, 0, 1, 2, 0, 153)
29 (1, 4, 42, 0, 0, 44, 0, 0, 1, 2, 0, 12)
30 (1, 4, 30, 5, 0, 44, 0, 0, 1, 2, 0, 124)
31 (1, 4, 44, 22, 0, 46, 0, 0, 1, 2, 0, 192)
0 (1, 4, 78, 203, 0, 87, 0, 5, 3, 4, 0, 146)
1 (1, 4, 0, 247, 0, 99, 0, 9, 3, 4, 0, 120)
2 (1, 4, 44, 235, 0, 101, 0, 23, 3, 4, 0, 72)
3 (1, 4, 135, 155, 26, 109, 0, 28, 3, 4, 0, 64)
4 (1, 4, 0, 230, 221, 59, 0, 45, 3, 4, 0, 161)
5 (1, 4, 361, 28, 266, 0, 0, 54, 2, 3, 0, 77)
6 (1, 4, 185, 133, 326, 0, 0, 129, 2, 3, 0, 167)
7 (1, 4, 269, 91, 381, 0, 52, 110, 2, 3, 0, 50)
8 (1, 4, 0, 21, 233, 0, 0, 48, 2, 3, 0, 167)
9 (1, 4, 254, 0, 7, 0, 6, 132, 2, 3, 0, 227)
10 (1, 4, 0, 0, 0, 0, 23, 80, 2, 2, 0, 23)
11 (1, 4, 0, 0, 0, 0, 0, 139, 2, 2, 0, 106)
12 (1, 4, 0, 0, 0, 0, 0, 136, 1, 2, 0, 170)
13 (1, 4, 0, 0, 0, 0, 0, 134, 1, 2, 0, 140)
14 (1, 4, 0, 0, 0, 0, 0, 91, 1, 1, 0, 109)
15 (1, 4, 0, 0, 0, 0, 0, 78, 1, 2, 0, 169)
16 (1, 4, 0, 0, 0, 17, 0, 46, 2, 2, 0, 3)
17 (1, 4, 0, 0, 0, 55, 0, 44, 2, 2, 0, 17)
18 (1, 4, 0, 0, 6, 108, 0, 1, 2, 3, 0, 17)
19 (1, 4, 0, 0, 58, 137, 0, 0, 2, 2, 0, 52)
20 (1, 4, 0, 0, 70, 131, 0, 0, 2, 2, 0, 106)
21 (1, 4, 46, 0, 16, 101, 0, 6, 1, 1, 0, 8)
22 (1, 4, 0, 0, 0, 81, 0, 3, 1, 1, 0, 44)
23 (1, 4, 0, 0, 0, 67, 0, 7, 1, 1, 0, 144)
24 (1, 4, 6, 0, 0, 72, 0, 0, 1, 1, 0, 126)
25 (1, 4, 0, 0, 0, 69, 0, 0, 1, 1, 0, 193)
26 (1, 4, 82, 0, 0, 63, 0, 0, 1, 2, 0, 4)
27 (1, 4, 62, 0, 0, 68, 0, 0, 1, 2, 0, 16)
28 (1, 4, 96, 0, 1, 66, 0, 0, 2, 3, 0, 54)
29 (1, 4, 115, 0, 7, 72, 0, 0, 2, 2, 0, 24)
30 (1, 4, 130, 0, 10, 71, 0, 0, 2, 2, 0, 126)
31 (1, 4, 117, 0, 16, 77, 0, 0, 2, 2, 0, 197)
0 (1, 4, 0, 234, 0, 113, 0, 0, 2, 3, 0, 77)
1 (1, 4, 0, 235, 10, 127, 0, 0, 2, 2, 0, 186)
2 (1, 4, 5, 166, 76, 108, 0, 0, 2, 2, 0, 143)
3 (1, 4, 0, 130, 268, 43, 0, 17, 2, 2, 0, 131)
4 (1, 4, 224, 63, 369, 0, 47, 28, 2, 3, 0, 21)
5 (1, 4, 139, 232, 649, 0, 13, 118, 2, 2, 0, 43)
6 (1, 4, 0, 0, 167, 0, 0, 84, 2, 3, 0, 14)
7 (1, 4, 169, 0, 0, 0, 21, 148, 2, 3, 0, 152)
8 (1, 4, 0, 81, 100, 0, 0, 72, 2, 2, 0, 207)
9 (1, 4, 0, 30, 0, 0, 0, 125, 2, 2, 0, 126)
10 (1, 4, 0, 9, 0, 0, 0, 73, 2, 2, 0, 26)
11 (1, 4, 0, 66, 0, 0, 0, 83, 1, 2, 0, 212)
12 (1, 4, 67, 78, 0, 0, 0, 68, 1, 2, 0, 230)
13 (1, 4, 144, 113, 0, 0, 0, 74, 1, 1, 0, 1)
14 (1, 4, 118, 0, 0, 0, 0, 66, 1, 1, 0, 1)
15 (1, 4, 54, 0, 0, 0, 0, 55, 1, 1, 0, 21)
16 (1, 4, 0, 0, 0, 2, 0, 55, 1, 1, 0, 40)
17 (1, 4, 0, 0, 0, 32, 0, 45, 1, 1, 0, 127)
18 (1, 4, 0, 17, 0, 48, 0, 27, 2, 2, 0, 249)
19 (1, 4, 0, 0, 0, 75, 0, 6, 2, 2, 0, 172)
20 (1, 4, 0, 0, 30, 74, 0, 0, 2, 2, 0, 205)
21 (1, 4, 0, 0, 31, 80, 0, 7, 1, 1, 0, 96)
22 (1, 4, 0, 0, 23, 86, 0, 0, 1, 2, 0, 48)
23 (1, 4, 0, 0, 50, 84, 0, 0, 1, 2, 0, 58)
24 (1, 4, 0, 0, 76, 69, 0, 0, 2, 2, 0, 195)
25 (1, 4, 0, 0, 76, 57, 0, 0, 2, 2, 0, 140)
26 (1, 4, 0, 14, 14, 49, 0, 0, 2, 2, 0, 164)
27 (1, 4, 22, 15, 0, 51, 0, 0, 2, 3, 0, 77)
28 (1, 4, 88, 0, 0, 44, 0, 0, 3, 4, 0, 7)
29 (1, 4, 61, 0, 0, 45, 0, 0, 3, 6, 0, 182)
30 (1, 4, 68, 0, 0, 40, 0, 0, 3, 5, 0, 184)
31 (1, 4, 34, 0, 0, 42, 0, 0, 3, 4, 0, 135)
0 (1, 4, 0, 163, 0, 68, 0, 19, 2, 3, 0, 0)
1 (1, 4, 0, 181, 0, 66, 0, 23, 2, 3, 0, 225)
2 (1, 4, 0, 165, 0, 69, 0, 13, 2, 3, 0, 93)
3 (1, 4, 0, 195, 0, 66, 0, 18, 2, 3, 0, 220)
4 (1, 4, 0, 192, 0, 71, 0, 12, 2, 3, 0, 146)
5 (1, 4, 0, 238, 0, 73, 0, 17, 2, 3, 0, 125)
6 (1, 4, 0, 210, 0, 87, 0, 14, 2, 3, 0, 208)
7 (1, 4, 0, 274, 0, 115, 0, 7, 2, 2, 0, 124)
8 (1, 4, 0, 254, 11, 156, 0, 3, 4, 4, 0, 192)
9 (1, 4, 0, 285, 98, 156, 0, 0, 3, 4, 0, 223)
10 (1, 4, 39, 52, 189, 49, 0, 12, 4, 3, 0, 64)
11 (1, 4, 257, 133, 431, 0, 120, 57, 4, 5, 0, 76)
12 (1, 4, 138, 139, 603, 0, 0, 123, 3, 4, 0, 226)
13 (1, 4, 89, 0, 184, 0, 0, 124, 2, 3, 0, 116)
14 (1, 4, 23, 0, 0, 0, 0, 92, 2, 3, 0, 196)
15 (1, 4, 0, 23, 0, 0, 0, 69, 3, 3, 0, 233)
16 (1, 4, 0, 26, 0, 0, 0, 95, 2, 3, 0, 215)
17 (1, 4, 0, 39, 0, 0, 0, 69, 2, 3, 0, 40)
18 (1, 4, 0, 47, 0, 0, 0, 88, 3, 3, 0, 106)
19 (1, 4, 0, 11, 0, 0, 0, 74, 2, 3, 0, 122)
20 (1, 4, 0, 97, 0, 0, 0, 65, 2, 2, 0, 2)
21 (1, 4, 50, 95, 0, 0, 0, 80, 2, 2, 0, 146)
22 (1, 4, 17, 0, 0, 0, 0, 78, 1, 1, 0, 250)
23 (1, 4, 0, 0, 0, 0, 0, 57, 2, 2, 0, 43)
24 (1, 4, 0, 0, 0, 0, 0, 39, 2, 2, 0, 222)
25 (1, 4, 0, 0, 0, 34, 0, 40, 1, 1, 0, 235)
26 (1, 4, 0, 0, 0, 43, 0, 25, 1, 1, 0, 161)
27 (1, 4, 0, 0, 0, 50, 0, 33, 1, 1, 0, 41)
28 (1, 4, 0, 0, 0, 67, 0, 24, 4, 4, 0, 151)
29 (1, 4, 0, 0, 0, 81, 0, 0, 2, 2, 0, 81)
30 (1, 4, 0, 0, 42, 101, 0, 0, 2, 2, 0, 94)
31 (1, 4, 0, 0, 33, 89, 0, 0, 2, 2, 0, 195)
0 (1, 4, 7, 118, 0, 111, 0, 1, 3, 5, 0, 227)
1 (1, 4, 0, 151, 0, 131, 0, 0, 4, 5, 0, 223)
2 (1, 4, 0, 174, 0, 170, 0, 0, 4, 5, 0, 116)
3 (1, 4, 0, 195, 0, 170, 0, 0, 4, 5, 0, 233)
4 (1, 4, 73, 145, 134, 72, 0, 0, 3, 4, 0, 252)
5 (1, 4, 188, 259, 362, 0, 117, 17, 4, 4, 0, 210)
6 (1, 4, 0, 252, 631, 0, 0, 202, 3, 3, 0, 148)
7 (1, 4, 6, 0, 21, 0, 0, 17, 2, 3, 0, 154)
8 (1, 4, 0, 54, 0, 0, 0, 73, 2, 3, 0, 99)
9 (1, 4, 74, 59, 0, 0, 0, 58, 2, 3, 0, 11)
10 (1, 4, 0, 40, 0, 0, 0, 72, 2, 3, 0, 217)
11 (1, 4, 0, 68, 0, 0, 0, 62, 2, 2, 0, 97)
12 (1, 4, 7, 79, 0, 0, 0, 43, 2, 2, 0, 89)
13 (1, 4, 0, 22, 0, 0, 0, 39, 2, 2, 0, 8)
14 (1, 4, 0, 0, 0, 36, 0, 28, 2, 2, 0, 181)
15 (1, 4, 14, 2, 0, 88, 0, 30, 2, 2, 0, 122)
16 (1, 4, 0, 0, 0, 64, 0, 32, 2, 3, 0, 115)
17 (1, 4, 0, 0, 0, 49, 0, 31, 2, 2, 0, 71)
18 (1, 4, 0, 0, 0, 49, 0, 23, 2, 2, 0, 173)
19 (1, 4, 89, 12, 0, 34, 0, 42, 2, 2, 0, 55)
20 (1, 4, 0, 0, 0, 33, 0, 37, 1, 2, 0, 55)
21 (1, 4, 24, 10, 0, 31, 0, 40, 2, 2, 0, 59)
22 (1, 4, 0, 0, 0, 37, 0, 32, 2, 2, 0, 71)
23 (1, 4, 0, 0, 0, 35, 0, 37, 1, 2, 0, 9)
24 (1, 4, 0, 0, 0, 36, 0, 29, 2, 2, 0, 106)
25 (1, 4, 0, 18, 0, 37, 0, 32, 2, 2, 0, 75)
26 (1, 4, 0, 0, 0, 41, 0, 33, 1, 2, 0, 186)
27 (1, 4, 3, 0, 0, 43, 0, 25, 2, 2, 0, 168)
28 (1, 4, 0, 16, 5, 35, 0, 30, 2, 2, 0, 250)
29 (1, 4, 0, 8, 2, 34, 0, 29, 2, 2, 0, 180)
0 (1, 4, 129, 0, 0, 78, 0, 0, 3, 4, 0, 7)
1 (1, 4, 48, 31, 0, 72, 0, 0, 3, 4, 0, 169)
2 (1, 4, 0, 105, 0, 78, 0, 0, 3, 4, 0, 91)
3 (1, 4, 0, 184, 0, 75, 0, 0, 3, 3, 0, 120)
4 (1, 4, 0, 189, 0, 83, 0, 0, 2, 3, 0, 122)
5 (1, 4, 0, 254, 0, 97, 0, 0, 3, 3, 0, 99)
6 (1, 4, 0, 186, 0, 123, 0, 0, 3, 3, 0, 11)
7 (1, 4, 13, 211, 34, 167, 0, 0, 2, 3, 0, 178)
8 (1, 4, 93, 145, 93, 138, 0, 6, 2, 2, 0, 195)
9 (1, 4, 389, 130, 376, 0, 21, 46, 2, 2, 0, 34)
10 (1, 4, 443, 224, 604, 0, 124, 130, 2, 3, 0, 74)
11 (1, 4, 0, 0, 377, 0, 0, 64, 2, 3, 0, 77)
12 (1, 4, 199, 0, 0, 0, 0, 134, 3, 4, 0, 131)
13 (1, 4, 0, 23, 0, 0, 0, 59, 3, 3, 0, 248)
14 (1, 4, 0, 42, 0, 0, 0, 115, 2, 3, 0, 74)
15 (1, 4, 0, 4, 0, 0, 0, 82, 3, 3, 0, 144)
16 (1, 4, 0, 14, 0, 0, 0, 91, 3, 3, 0, 123)
17 (1, 4, 0, 0, 0, 0, 0, 85, 2, 3, 0, 59)
18 (1, 4, 0, 6, 0, 0, 0, 83, 2, 3, 0, 64)
19 (1, 4, 5, 22, 0, 0, 0, 81, 2, 2, 0, 197)
20 (1, 4, 0, 25, 0, 0, 0, 91, 2, 2, 0, 17)
21 (1, 4, 0, 0, 0, 0, 0, 77, 1, 2, 0, 207)
22 (1, 4, 0, 0, 0, 0, 0, 82, 1, 1, 0, 88)
23 (1, 4, 0, 0, 0, 0, 0, 74, 1, 1, 0, 97)
24 (1, 4, 0, 0, 0, 13, 0, 50, 1, 1, 0, 39)
25 (1, 4, 0, 0, 0, 52, 0, 32, 2, 2, 0, 175)
26 (1, 4, 0, 0, 0, 92, 0, 0, 2, 2, 0, 202)
27 (1, 4, 0, 0, 0, 128, 0, 0, 4, 5, 0, 156)
28 (1, 4, 0, 0, 0, 114, 0, 0, 3, 4, 0, 134)
29 (1, 4, 0, 0, 43, 99, 0, 0, 4, 4, 0, 190)
0 (1, 4, 142, 124, 187, 14, 16, 2, 3, 4, 0, 138)
1 (1, 4, 275, 384, 525, 0, 156, 86, 3, 4, 0, 98)
2 (1, 4, 152, 10, 440, 0, 0, 181, 5, 6, 0, 118)
3 (1, 4, 0, 70, 0, 0, 0, 153, 3, 4, 0, 43)
4 (1, 4, 0, 0, 0, 0, 29, 81, 2, 3, 0, 144)
5 (1, 4, 0, 0, 0, 0, 0, 90, 2, 3, 0, 194)
6 (1, 4, 0, 0, 0, 0, 0, 59, 2, 3, 0, 249)
7 (1, 4, 0, 0, 0, 82, 0, 33, 2, 3, 0, 101)
8 (1, 4, 0, 41, 31, 110, 0, 38, 4, 4, 0, 83)
9 (1, 4, 0, 0, 42, 135, 0, 22, 3, 3, 0, 231)
10 (1, 4, 0, 0, 24, 119, 0, 47, 2, 3, 0, 10)
11 (1, 4, 0, 0, 25, 97, 0, 20, 3, 3, 0, 183)
12 (1, 4, 0, 0, 50, 66, 0, 9, 4, 5, 0, 65)
13 (1, 4, 0, 0, 0, 63, 0, 10, 4, 5, 0, 217)
14 (1, 4, 0, 0, 0, 60, 0, 9, 4, 5, 0, 158)
15 (1, 4, 0, 10, 0, 51, 0, 13, 5, 5, 0, 242)
16 (1, 4, 0, 0, 13, 51, 0, 5, 4, 5, 0, 210)
17 (1, 4, 0, 0, 0, 49, 0, 0, 4, 5, 0, 48)
18 (1, 4, 0, 0, 1, 51, 0, 0, 5, 5, 0, 248)
19 (1, 4, 0, 0, 0, 49, 0, 0, 4, 5, 0, 48)
20 (1, 4, 0, 0, 8, 50, 0, 0, 4, 5, 0, 173)
21 (1, 4, 0, 6, 0, 48, 0, 0, 5, 5, 0, 250)
22 (1, 4, 5, 17, 3, 48, 0, 0, 4, 5, 0, 118)
23 (1, 4, 1, 17, 0, 45, 0, 0, 3, 5, 0, 176)
24 (1, 4, 5, 16, 0, 46, 0, 0, 4, 5, 0, 53)
25 (1, 4, 0, 7, 0, 47, 0, 0, 4, 5, 0, 127)
26 (1, 4, 0, 2, 8, 50, 0, 0, 3, 4, 0, 130)
27 (1, 4, 0, 7, 14, 46, 0, 0, 4, 4, 0, 198)
28 (1, 4, 0, 6, 0, 48, 0, 0, 4, 4, 0, 243)
29 (1, 4, 0, 13, 0, 50, 0, 0, 3, 4, 0, 143)
30 (1, 4, 0, 20, 5, 47, 0, 0, 4, 4, 0, 103)
31 (1, 4, 1, 10, 0, 46, 0, 0, 4, 4, 0, 217)
0 (1, 4, 30, 242, 0, 119, 0, 0, 2, 2, 0, 2)
1 (1, 4, 171, 311, 0, 193, 0, 0, 7, 9, 0, 254)
2 (1, 4, 139, 0, 0, 143, 0, 11, 4, 4, 0, 169)
3 (1, 4, 328, 155, 336, 0, 63, 32, 2, 3, 0, 174)
4 (1, 4, 356, 296, 667, 0, 107, 148, 4, 5, 0, 147)
5 (1, 4, 0, 0, 133, 0, 0, 0, 3, 4, 0, 72)
6 (1, 4, 0, 100, 0, 0, 0, 165, 1, 2, 0, 208)
7 (1, 4, 0, 0, 0, 0, 55, 38, 2, 2, 0, 225)
8 (1, 4, 0, 0, 0, 0, 0, 52, 2, 2, 0, 107)
9 (1, 4, 0, 0, 0, 125, 0, 16, 3, 4, 0, 240)
10 (1, 4, 0, 0, 0, 169, 0, 36, 4, 5, 0, 70)
11 (1, 4, 0, 0, 0, 132, 0, 0, 3, 4, 0, 162)
12 (1, 4, 0, 0, 0, 92, 0, 22, 2, 3, 0, 190)
13 (1, 4, 9, 0, 0, 73, 0, 14, 2, 3, 0, 109)
14 (1, 4, 0, 12, 0, 68, 0, 10, 2, 2, 0, 255)
15 (1, 4, 0, 7, 0, 60, 0, 14, 2, 2, 0, 210)
16 (1, 4, 0, 0, 0, 53, 0, 4, 2, 2, 0, 100)
17 (1, 4, 0, 0, 0, 59, 0, 1, 1, 2, 0, 210)
18 (1, 4, 0, 4, 16, 69, 0, 2, 1, 2, 0, 96)
19 (1, 4, 0, 7, 10, 66, 0, 10, 1, 2, 0, 227)
20 (1, 4, 0, 0, 0, 60, 0, 2, 1, 2, 0, 233)
21 (1, 4, 0, 0, 0, 60, 0, 0, 1, 2, 0, 80)
22 (1, 4, 0, 0, 0, 61, 0, 0, 1, 2, 0, 79)
23 (1, 4, 0, 0, 0, 62, 0, 0, 1, 2, 0, 110)
24 (1, 4, 0, 0, 0, 63, 0, 0, 1, 2, 0, 113)
25 (1, 4, 0, 0, 0, 62, 0, 0, 1, 2, 0, 110)
26 (1, 4, 0, 0, 0, 64, 0, 0, 2, 2, 0, 185)
27 (1, 4, 1, 0, 0, 64, 0, 0, 2, 2, 0, 183)
28 (1, 4, 0, 0, 3, 64, 0, 0, 2, 2, 0, 2)
29 (1, 4, 0, 0, 0, 65, 0, 0, 2, 2, 0, 166)
0 (1, 4, 14, 129, 0, 53, 0, 0, 2, 2, 0, 241)
1 (1, 4, 0, 173, 0, 59, 0, 0, 2, 2, 0, 180)
2 (1, 4, 0, 196, 0, 68, 0, 0, 2, 2, 0, 157)
3 (1, 4, 0, 218, 0, 86, 0, 0, 2, 2, 0, 49)
4 (1, 4, 0, 245, 0, 124, 0, 0, 2, 2, 0, 109)
5 (1, 4, 0, 159, 0, 175, 0, 0, 2, 2, 0, 92)
6 (1, 4, 134, 0, 81, 87, 0, 0, 2, 2, 0, 50)
7 (1, 4, 251, 139, 387, 0, 36, 65, 1, 2, 0, 26)
8 (1, 4, 255, 253, 683, 0, 46, 115, 1, 2, 0, 232)
9 (1, 4, 0, 36, 126, 0, 0, 98, 2, 2, 0, 158)
10 (1, 4, 0, 43, 0, 0, 0, 104, 2, 2, 0, 203)
11 (1, 4, 0, 119, 0, 0, 0, 76, 1, 2, 0, 50)
12 (1, 4, 0, 51, 0, 0, 0, 36, 2, 2, 0, 195)
13 (1, 4, 0, 12, 0, 26, 0, 22, 2, 2, 0, 43)
14 (1, 4, 0, 0, 0, 112, 0, 2, 2, 2, 0, 30)
15 (1, 4, 0, 0, 0, 135, 0, 0, 2, 2, 0, 156)
16 (1, 4, 0, 0, 0, 117, 0, 0, 2, 2, 0, 196)
17 (1, 4, 121, 0, 0, 84, 0, 0, 2, 2, 0, 226)
18 (1, 4, 20, 0, 0, 63, 0, 0, 2, 2, 0, 15)
19 (1, 4, 39, 0, 0, 57, 0, 0, 2, 2, 0, 120)
20 (1, 4, 0, 0, 0, 62, 0, 0, 1, 2, 0, 110)
21 (1, 4, 0, 0, 0, 68, 0, 0, 2, 2, 0, 197)
22 (1, 4, 0, 0, 2, 68, 0, 0, 2, 2, 0, 234)
23 (1, 4, 0, 0, 19, 74, 0, 0, 1, 2, 0, 29)
24 (1, 4, 0, 0, 42, 71, 0, 0, 1, 2, 0, 47)
25 (1, 4, 0, 30, 28, 67, 0, 0, 2, 2, 0, 96)
26 (1, 4, 0, 48, 0, 62, 0, 0, 2, 2, 0, 107)
27 (1, 4, 0, 79, 0, 58, 0, 0, 1, 2, 0, 32)
28 (1, 4, 0, 97, 0, 56, 0, 0, 2, 2, 0, 126)
29 (1, 4, 0, 97, 0, 53, 0, 0, 2, 2, 0, 229)
0 (1, 4, 0, 167, 0, 122, 0, 59, 3, 3, 0, 87)
1 (1, 4, 0, 159, 0, 112, 0, 40, 3, 3, 0, 52)
2 (1, 4, 0, 171, 90, 54, 0, 37, 3, 3, 0, 141)
3 (1, 4, 101, 130, 237, 0, 0, 49, 3, 3, 0, 94)
4 (1, 4, 239, 34, 311, 0, 38, 79, 3, 3, 0, 82)
5 (1, 4, 123, 35, 399, 0, 54, 50, 4, 4, 0, 43)
6 (1, 4, 169, 153, 235, 0, 0, 153, 2, 2, 0, 57)
7 (1, 4, 0, 0, 0, 0, 123, 141, 3, 3, 0, 119)
8 (1, 4, 198, 12, 0, 0, 3, 83, 2, 2, 0, 198)
9 (1, 4, 0, 0, 0, 0, 0, 136, 2, 2, 0, 12)
10 (1, 4, 0, 0, 0, 7, 0, 104, 2, 3, 0, 84)
11 (1, 4, 0, 0, 0, 3, 0, 105, 2, 2, 0, 156)
12 (1, 4, 0, 0, 0, 11, 0, 85, 2, 2, 0, 137)
13 (1, 4, 0, 1, 0, 0, 0, 90, 1, 2, 0, 186)
14 (1, 4, 0, 15, 0, 0, 0, 83, 2, 2, 0, 45)
15 (1, 4, 0, 0, 0, 0, 0, 92, 2, 2, 0, 101)
16 (1, 4, 0, 0, 0, 0, 1, 67, 1, 2, 0, 144)
17 (1, 4, 0, 0, 0, 0, 0, 52, 1, 1, 0, 112)
18 (1, 4, 0, 0, 0, 63, 0, 27, 2, 2, 0, 136)
19 (1, 4, 0, 0, 0, 140, 0, 0, 2, 2, 0, 69)
20 (1, 4, 0, 0, 0, 210, 12, 0, 1, 2, 0, 89)
21 (1, 4, 0, 0, 87, 177, 0, 0, 1, 2, 0, 7)
22 (1, 4, 0, 0, 32, 120, 0, 0, 2, 2, 0, 161)
23 (1, 4, 169, 14, 0, 77, 0, 0, 2, 2, 0, 138)
24 (1, 4, 169, 0, 0, 72, 0, 0, 2, 2, 0, 237)
25 (1, 4, 62, 0, 49, 86, 0, 0, 2, 2, 0, 106)
26 (1, 4, 21, 0, 81, 78, 0, 0, 2, 2, 0, 197)
27 (1, 4, 0, 0, 80, 69, 0, 0, 2, 2, 0, 94)
28 (1, 4, 0, 0, 60, 75, 0, 0, 2, 2, 0, 3)
29 (1, 4, 0, 0, 63, 74, 0, 0, 2, 2, 0, 167)
30 (1, 4, 18, 0, 47, 72, 0, 0, 1, 2, 0, 188)
31 (1, 4, 0, 21, 55, 63, 0, 0, 2, 2, 0, 189)
0 (1, 4, 98, 83, 0, 51, 0, 0, 3, 4, 0, 36)
1 (1, 4, 75, 93, 0, 50, 0, 0, 3, 4, 0, 134)
2 (1, 4, 57, 107, 0, 54, 0, 0, 2, 3, 0, 40)
3 (1, 4, 55, 120, 0, 58, 0, 0, 3, 3, 0, 35)
4 (1, 4, 0, 143, 0, 66, 0, 0, 3, 3, 0, 62)
5 (1, 4, 0, 163, 0, 73, 0, 0, 2, 3, 0, 46)
6 (1, 4, 0, 213, 0, 81, 0, 0, 3, 3, 0, 212)
7 (1, 4, 0, 251, 38, 111, 0, 0, 3, 3, 0, 57)
8 (1, 4, 0, 353, 49, 198, 0, 0, 2, 2, 0, 82)
9 (1, 4, 15, 241, 33, 181, 0, 0, 2, 2, 0, 24)
10 (1, 4, 458, 0, 208, 0, 32, 6, 2, 2, 0, 42)
11 (1, 4, 339, 350, 662, 0, 261, 153, 2, 2, 0, 182)
12 (1, 4, 136, 0, 284, 0, 0, 89, 2, 2, 0, 106)
13 (1, 4, 0, 94, 0, 0, 29, 108, 1, 2, 0, 137)
14 (1, 4, 0, 0, 0, 0, 35, 22, 2, 2, 0, 245)
15 (1, 4, 0, 0, 0, 55, 0, 31, 2, 2, 0, 5)
16 (1, 4, 0, 0, 0, 140, 0, 0, 2, 2, 0, 69)
17 (1, 4, 0, 0, 0, 128, 0, 4, 1, 2, 0, 18)
18 (1, 4, 0, 0, 0, 86, 0, 10, 2, 2, 0, 95)
19 (1, 4, 0, 0, 0, 68, 0, 6, 1, 2, 0, 175)
20 (1, 4, 0, 11, 0, 59, 0, 15, 1, 2, 0, 159)
21 (1, 4, 0, 25, 0, 46, 0, 23, 1, 2, 0, 62)
22 (1, 4, 32, 0, 0, 52, 0, 11, 1, 2, 0, 227)
23 (1, 4, 0, 0, 0, 55, 0, 4, 1, 2, 0, 252)
24 (1, 4, 0, 0, 0, 50, 0, 0, 1, 2, 0, 234)
25 (1, 4, 27, 0, 0, 55, 0, 0, 1, 2, 0, 11)
26 (1, 4, 0, 0, 0, 58, 0, 0, 1, 2, 0, 18)
27 (1, 4, 0, 0, 20, 67, 0, 0, 1, 2, 0, 31)
28 (1, 4, 10, 0, 1, 75, 0, 0, 1, 2, 0, 62)
29 (1, 4, 35, 0, 0, 68, 0, 0, 1, 2, 0, 182)
30 (1, 4, 14, 0, 0, 59, 0, 0, 1, 2, 0, 89)
31 (1, 4, 12, 0, 0, 62, 0, 0, 1, 2, 0, 38)
0 (1, 4, 58, 0, 0, 56, 0, 0, 2, 2, 0, 193)
1 (1, 4, 62, 12, 0, 62, 0, 0, 3, 2, 0, 176)
2 (1, 4, 23, 41, 0, 64, 0, 0, 2, 2, 0, 183)
3 (1, 4, 8, 68, 0, 63, 0, 0, 2, 2, 0, 254)
4 (1, 4, 0, 102, 0, 64, 0, 0, 2, 2, 0, 79)
5 (1, 4, 0, 113, 0, 70, 0, 0, 2, 2, 0, 110)
6 (1, 4, 0, 138, 37, 81, 0, 0, 2, 2, 0, 186)
7 (1, 4, 0, 187, 62, 95, 0, 0, 3, 2, 0, 12)
8 (1, 4, 3, 248, 104, 109, 0, 0, 2, 2, 0, 242)
9 (1, 4, 15, 219, 167, 148, 0, 0, 1, 2, 0, 212)
10 (1, 4, 144, 22, 178, 107, 0, 0, 2, 2, 0, 245)
11 (1, 4, 181, 125, 410, 0, 0, 62, 2, 2, 0, 128)
12 (1, 4, 518, 19, 420, 0, 29, 104, 1, 2, 0, 143)
13 (1, 4, 0, 0, 316, 0, 0, 46, 2, 2, 0, 213)
14 (1, 4, 0, 55, 0, 0, 0, 92, 2, 2, 0, 196)
15 (1, 4, 0, 94, 0, 0, 0, 33, 1, 2, 0, 82)
16 (1, 4, 55, 20, 0, 68, 0, 11, 2, 2, 0, 255)
17 (1, 4, 0, 0, 0, 188, 0, 0, 2, 2, 0, 91)
18 (1, 4, 141, 0, 0, 196, 0, 0, 1, 2, 0, 157)
19 (1, 4, 60, 0, 0, 135, 14, 0, 1, 2, 0, 133)
20 (1, 4, 0, 0, 0, 76, 0, 0, 2, 2, 0, 61)
21 (1, 4, 0, 0, 0, 57, 0, 0, 1, 2, 0, 51)
22 (1, 4, 0, 0, 17, 57, 0, 0, 1, 1, 0, 101)
23 (1, 4, 0, 1, 40, 57, 0, 0, 2, 1, 0, 223)
24 (1, 4, 0, 39, 35, 58, 0, 0, 1, 1, 0, 42)
25 (1, 4, 0, 63, 11, 56, 0, 0, 1, 1, 0, 132)
26 (1, 4, 12, 84, 0, 55, 0, 0, 2, 1, 0, 226)
27 (1, 4, 3, 86, 0, 56, 0, 0, 1, 1, 0, 214)
28 (1, 4, 0, 77, 0, 55, 0, 0, 1, 1, 0, 107)
29 (1, 4, 0, 30, 0, 58, 0, 0, 1, 1, 0, 202)
0 (1, 4, 0, 146, 0, 76, 0, 0, 1, 1, 0, 43)
1 (1, 4, 0, 192, 0, 76, 0, 0, 1, 1, 0, 164)
2 (1, 4, 0, 224, 11, 77, 0, 0, 1, 1, 0, 126)
3 (1, 4, 0, 253, 35, 82, 0, 0, 1, 1, 0, 211)
4 (1, 4, 0, 231, 93, 91, 0, 0, 1, 1, 0, 60)
5 (1, 4, 24, 282, 83, 122, 0, 0, 1, 2, 0, 50)
6 (1, 4, 0, 96, 58, 152, 0, 0, 1, 2, 0, 59)
7 (1, 4, 279, 0, 155, 34, 0, 29, 2, 1, 0, 212)
8 (1, 4, 348, 73, 348, 0, 55, 66, 1, 2, 0, 75)
9 (1, 4, 145, 177, 533, 0, 0, 153, 1, 2, 0, 69)
10 (1, 4, 0, 0, 0, 0, 0, 64, 2, 2, 0, 41)
11 (1, 4, 0, 45, 0, 0, 0, 97, 1, 2, 0, 239)
12 (1, 4, 0, 26, 0, 0, 0, 40, 1, 2, 0, 62)
13 (1, 4, 0, 0, 0, 65, 0, 29, 2, 2, 0, 53)
14 (1, 4, 0, 0, 0, 154, 0, 7, 1, 2, 0, 69)
15 (1, 4, 0, 0, 0, 166, 0, 0, 1, 2, 0, 204)
16 (1, 4, 0, 0, 0, 112, 0, 0, 1, 1, 0, 188)
17 (1, 4, 0, 0, 0, 77, 0, 0, 1, 1, 0, 57)
18 (1, 4, 0, 0, 0, 54, 0, 0, 1, 1, 0, 43)
19 (1, 4, 0, 18, 0, 53, 0, 0, 1, 1, 0, 6)
20 (1, 4, 0, 32, 0, 48, 0, 0, 1, 1, 0, 171)
21 (1, 4, 0, 31, 0, 51, 0, 0, 1, 1, 0, 152)
22 (1, 4, 0, 52, 44, 48, 0, 0, 1, 1, 0, 12)
23 (1, 4, 0, 21, 19, 54, 0, 0, 1, 1, 0, 225)
24 (1, 4, 0, 10, 24, 57, 0, 0, 1, 1, 0, 147)
25 (1, 4, 0, 0, 6, 54, 0, 0, 1, 1, 0, 90)
26 (1, 4, 0, 5, 0, 51, 0, 0, 1, 1, 0, 39)
27 (1, 4, 21, 9, 0, 49, 0, 0, 1, 1, 0, 166)
28 (1, 4, 3, 10, 0, 49, 0, 0, 1, 1, 0, 186)
0 (1, 4, 0, 131, 13, 80, 0, 0, 1, 1, 0, 250)
1 (1, 4, 0, 126, 0, 87, 0, 0, 1, 1, 0, 44)
2 (1, 4, 0, 143, 4, 103, 0, 0, 1, 1, 0, 248)
3 (1, 4, 0, 192, 0, 114, 0, 0, 1, 1, 0, 0)
4 (1, 4, 8, 163, 11, 144, 0, 0, 1, 1, 0, 65)
5 (1, 4, 16, 133, 116, 161, 0, 0, 1, 2, 0, 59)
6 (1, 4, 27, 84, 313, 34, 0, 5, 1, 1, 0, 68)
7 (1, 4, 432, 106, 505, 0, 43, 96, 1, 1, 0, 133)
8 (1, 4, 25, 127, 517, 0, 0, 98, 1, 1, 0, 85)
9 (1, 4, 0, 0, 0, 0, 0, 90, 1, 1, 0, 178)
10 (1, 4, 0, 52, 0, 0, 0, 63, 1, 1, 0, 133)
11 (1, 4, 0, 40, 0, 0, 0, 61, 1, 1, 0, 52)
12 (1, 4, 0, 0, 0, 89, 0, 1, 1, 1, 0, 109)
13 (1, 4, 0, 0, 0, 182, 0, 0, 1, 2, 0, 59)
14 (1, 4, 0, 0, 0, 159, 0, 0, 1, 1, 0, 136)
15 (1, 4, 4, 0, 0, 123, 7, 0, 1, 1, 0, 53)
16 (1, 4, 20, 0, 0, 84, 0, 0, 1, 1, 0, 241)
17 (1, 4, 0, 0, 20, 62, 0, 0, 1, 1, 0, 242)
18 (1, 4, 0, 0, 10, 58, 0, 0, 1, 1, 0, 60)
19 (1, 4, 0, 19, 40, 59, 0, 0, 2, 3, 0, 59)
20 (1, 4, 0, 32, 48, 60, 0, 0, 2, 3, 0, 222)
21 (1, 4, 0, 39, 60, 61, 0, 0, 2, 2, 0, 74)
22 (1, 4, 0, 79, 58, 60, 0, 0, 1, 2, 0, 112)
23 (1, 4, 0, 64, 35, 57, 0, 0, 1, 2, 0, 245)
24 (1, 4, 0, 65, 13, 51, 0, 0, 2, 2, 0, 19)
25 (1, 4, 0, 70, 6, 48, 0, 0, 2, 2, 0, 55)
26 (1, 4, 0, 57, 0, 48, 0, 0, 2, 2, 0, 215)
0 (1, 4, 125, 64, 23, 64, 0, 0, 1, 2, 0, 238)
1 (1, 4, 84, 74, 25, 63, 0, 0, 1, 2, 0, 42)
2 (1, 4, 25, 86, 9, 65, 0, 0, 1, 1, 0, 94)
3 (1, 4, 2, 106, 14, 67, 0, 0, 1, 1, 0, 205)
4 (1, 4, 0, 120, 25, 68, 0, 0, 1, 1, 0, 26)
5 (1, 4, 24, 165, 56, 76, 0, 0, 1, 1, 0, 39)
6 (1, 4, 0, 161, 31, 106, 0, 0, 1, 2, 0, 96)
7 (1, 4, 151, 189, 128, 133, 0, 0, 2, 2, 0, 242)
8 (1, 4, 0, 200, 135, 169, 0, 0, 2, 2, 0, 234)
9 (1, 4, 371, 0, 165, 45, 0, 19, 1, 2, 0, 118)
10 (1, 4, 246, 163, 399, 0, 78, 85, 2, 2, 0, 235)
11 (1, 4, 212, 128, 655, 0, 0, 143, 2, 2, 0, 72)
12 (1, 4, 0, 0, 0, 0, 0, 76, 2, 2, 0, 182)
13 (1, 4, 0, 0, 0, 0, 23, 105, 2, 2, 0, 80)
14 (1, 4, 0, 0, 0, 0, 0, 33, 2, 2, 0, 18)
15 (1, 4, 0, 0, 0, 14, 0, 26, 1, 2, 0, 240)
16 (1, 4, 0, 0, 0, 161, 0, 8, 2, 2, 0, 221)
17 (1, 4, 0, 0, 0, 187, 0, 0, 2, 2, 0, 6)
18 (1, 4, 0, 0, 0, 110, 0, 0, 2, 2, 0, 234)
19 (1, 4, 0, 0, 0, 76, 0, 0, 1, 1, 0, 38)
20 (1, 4, 0, 9, 0, 63, 0, 0, 1, 1, 0, 202)
21 (1, 4, 0, 47, 0, 56, 0, 0, 2, 1, 0, 68)
22 (1, 4, 0, 60, 0, 59, 0, 0, 1, 1, 0, 122)
23 (1, 4, 0, 52, 3, 58, 0, 0, 2, 2, 0, 118)
24 (1, 4, 0, 82, 13, 54, 0, 0, 2, 2, 0, 201)
25 (1, 4, 0, 57, 37, 55, 0, 0, 2, 3, 0, 213)
26 (1, 4, 0, 39, 33, 56, 0, 0, 2, 2, 0, 32)
27 (1, 4, 0, 27, 31, 51, 0, 0, 2, 2, 0, 127)
28 (1, 4, 0, 25, 0, 50, 0, 0, 2, 2, 0, 43)
29 (1, 4, 4, 32, 8, 50, 0, 0, 2, 2, 0, 10)
0 (1, 4, 0, 136, 42, 104, 0, 0, 1, 1, 0, 108)
1 (1, 4, 8, 222, 106, 123, 0, 0, 1, 1, 0, 100)
2 (1, 4, 50, 54, 61, 169, 0, 0, 1, 2, 0, 177)
3 (1, 4, 127, 0, 229, 97, 0, 0, 1, 1, 0, 158)
4 (1, 4, 421, 41, 412, 0, 43, 83, 1, 1, 0, 211)
5 (1, 4, 250, 215, 702, 0, 0, 149, 1, 1, 0, 181)
6 (1, 4, 0, 0, 0, 0, 0, 82, 1, 1, 0, 88)
7 (1, 4, 0, 29, 0, 0, 0, 99, 1, 1, 0, 72)
8 (1, 4, 0, 14, 0, 0, 9, 44, 1, 1, 0, 245)
9 (1, 4, 0, 0, 0, 33, 0, 26, 1, 1, 0, 1)
10 (1, 4, 0, 0, 0, 177, 0, 0, 1, 2, 0, 102)
11 (1, 4, 0, 0, 0, 187, 0, 0, 1, 2, 0, 160)
12 (1, 4, 0, 0, 0, 126, 0, 0, 1, 1, 0, 6)
13 (1, 4, 98, 0, 0, 91, 0, 0, 1, 1, 0, 222)
14 (1, 4, 4, 0, 0, 71, 0, 0, 1, 1, 0, 199)
15 (1, 4, 0, 0, 0, 71, 0, 0, 1, 1, 0, 255)
16 (1, 4, 0, 0, 30, 77, 0, 0, 1, 1, 0, 139)
17 (1, 4, 0, 0, 14, 77, 0, 0, 1, 1, 0, 244)
18 (1, 4, 0, 0, 5, 75, 0, 0, 1, 1, 0, 177)
19 (1, 4, 0, 21, 0, 72, 0, 0, 1, 1, 0, 84)
20 (1, 4, 0, 45, 1, 72, 0, 0, 1, 1, 0, 208)
21 (1, 4, 0, 51, 0, 75, 0, 0, 1, 1, 0, 0)
22 (1, 4, 0, 69, 2, 72, 0, 0, 1, 1, 0, 153)
23 (1, 4, 0, 65, 0, 70, 0, 0, 1, 1, 0, 214)
24 (1, 4, 0, 74, 0, 70, 0, 0, 1, 1, 0, 189)
25 (1, 4, 0, 70, 8, 70, 0, 0, 1, 1, 0, 104)
26 (1, 4, 0, 55, 13, 69, 0, 0, 1, 1, 0, 22)
27 (1, 4, 0, 37, 5, 71, 0, 0, 1, 1, 0, 152)
28 (1, 4, 0, 35, 14, 72, 0, 0, 1, 1, 0, 141)
29 (1, 4, 0, 26, 6, 71, 0, 0, 1, 1, 0, 49)
0 (1, 4, 41, 74, 0, 65, 0, 0, 1, 1, 0, 89)
1 (1, 4, 37, 118, 23, 72, 0, 0, 1, 1, 0, 166)
2 (1, 4, 0, 111, 0, 72, 0, 15, 1, 1, 0, 83)
3 (1, 4, 0, 134, 27, 79, 0, 11, 1, 1, 0, 69)
4 (1, 4, 0, 150, 17, 86, 0, 15, 1, 1, 0, 210)
5 (1, 4, 0, 173, 62, 103, 0, 10, 1, 1, 0, 22)
6 (1, 4, 0, 170, 44, 136, 0, 11, 1, 1, 0, 175)
7 (1, 4, 65, 89, 113, 164, 0, 1, 1, 1, 0, 29)
8 (1, 4, 72, 0, 190, 12, 0, 23, 1, 1, 0, 119)
9 (1, 4, 411, 93, 460, 0, 91, 97, 1, 1, 0, 135)
10 (1, 4, 313, 91, 475, 0, 0, 128, 1, 1, 0, 0)
11 (1, 4, 0, 9, 0, 0, 0, 122, 1, 1, 0, 21)
12 (1, 4, 0, 0, 0, 0, 51, 83, 1, 1, 0, 132)
13 (1, 4, 0, 2, 0, 0, 0, 62, 1, 1, 0, 78)
14 (1, 4, 0, 0, 0, 85, 0, 38, 1, 1, 0, 91)
15 (1, 4, 0, 0, 0, 174, 0, 0, 1, 1, 0, 137)
16 (1, 4, 0, 0, 0, 140, 0, 0, 1, 1, 0, 94)
17 (1, 4, 0, 0, 0, 91, 0, 0, 1, 1, 0, 140)
18 (1, 4, 0, 0, 0, 80, 0, 0, 1, 1, 0, 85)
19 (1, 4, 0, 0, 0, 65, 0, 0, 1, 1, 0, 189)
20 (1, 4, 0, 0, 0, 61, 0, 0, 1, 1, 0, 242)
21 (1, 4, 0, 25, 24, 57, 0, 0, 1, 1, 0, 42)
22 (1, 4, 0, 55, 50, 57, 0, 0, 1, 1, 0, 129)
23 (1, 4, 0, 69, 43, 59, 0, 0, 1, 1, 0, 165)
24 (1, 4, 0, 66, 28, 58, 0, 0, 1, 1, 0, 220)
25 (1, 4, 0, 57, 12, 58, 0, 0, 1, 1, 0, 232)
26 (1, 4, 0, 50, 0, 55, 0, 0, 1, 1, 0, 250)
27 (1, 4, 0, 40, 0, 52, 0, 0, 1, 1, 0, 100)
28 (1, 4, 0, 38, 0, 51, 0, 0, 1, 1, 0, 61)
29 (1, 4, 0, 20, 0, 53, 0, 0, 1, 1, 0, 177)
0 (1, 4, 32, 189, 20, 82, 0, 0, 1, 1, 0, 243)
1 (1, 4, 0, 259, 23, 92, 0, 5, 1, 1, 0, 220)
2 (1, 4, 7, 270, 0, 122, 0, 12, 1, 1, 0, 46)
3 (1, 4, 191, 278, 0, 160, 0, 0, 1, 1, 0, 104)
4 (1, 4, 76, 157, 0, 162, 0, 14, 1, 1, 0, 86)
5 (1, 4, 252, 64, 238, 0, 13, 77, 1, 1, 0, 96)
6 (1, 4, 0, 198, 703, 0, 182, 90, 1, 1, 0, 185)
7 (1, 4, 0, 0, 227, 0, 0, 33, 1, 2, 0, 251)
8 (1, 4, 0, 1, 0, 0, 0, 144, 1, 1, 0, 155)
9 (1, 4, 0, 3, 0, 0, 0, 80, 1, 1, 0, 57)
10 (1, 4, 42, 0, 0, 0, 11, 8, 1, 1, 0, 124)
11 (1, 4, 0, 0, 0, 158, 0, 0, 2, 2, 0, 140)
12 (1, 4, 0, 0, 218, 185, 0, 0, 1, 2, 0, 120)
13 (1, 4, 0, 0, 0, 158, 0, 0, 1, 2, 0, 42)
14 (1, 4, 27, 0, 0, 105, 0, 0, 2, 2, 0, 53)
15 (1, 4, 0, 8, 0, 57, 0, 0, 1, 2, 0, 128)
16 (1, 4, 0, 118, 23, 42, 0, 0, 1, 2, 0, 232)
17 (1, 4, 0, 36, 31, 41, 0, 0, 2, 2, 0, 92)
18 (1, 4, 0, 32, 15, 41, 0, 0, 1, 2, 0, 95)
19 (1, 4, 0, 0, 0, 28, 0, 0, 1, 2, 0, 185)
20 (1, 4, 17, 0, 0, 28, 0, 0, 1, 2, 0, 87)
21 (1, 4, 105, 0, 0, 29, 0, 0, 1, 2, 0, 150)
22 (1, 4, 94, 0, 0, 32, 0, 0, 1, 2, 0, 30)
23 (1, 4, 91, 0, 0, 30, 0, 0, 1, 1, 0, 49)
24 (1, 4, 80, 0, 22, 32, 0, 0, 1, 1, 0, 249)
25 (1, 4, 74, 0, 52, 27, 0, 0, 1, 2, 0, 222)
26 (1, 4, 26, 0, 122, 25, 0, 0, 1, 1, 0, 2)
27 (1, 4, 0, 0, 172, 45, 0, 0, 1, 1, 0, 232)
28 (1, 4, 0, 0, 138, 42, 0, 0, 1, 2, 0, 135)
29 (1, 4, 188, 0, 41, 40, 0, 0, 1, 1, 0, 202)
0 (1, 4, 0, 249, 196, 116, 0, 0, 1, 1, 0, 179)
1 (1, 4, 158, 220, 156, 174, 0, 0, 1, 1, 0, 206)
2 (1, 4, 0, 0, 0, 165, 0, 0, 1, 1, 0, 80)
3 (1, 4, 178, 0, 288, 23, 20, 14, 1, 1, 0, 16)
4 (1, 4, 133, 312, 438, 0, 113, 105, 1, 1, 0, 199)
5 (1, 4, 416, 0, 468, 0, 0, 146, 1, 1, 0, 49)
6 (1, 4, 0, 108, 0, 0, 0, 64, 1, 1, 0, 26)
7 (1, 4, 0, 107, 0, 0, 0, 115, 1, 1, 0, 12)
8 (1, 4, 0, 23, 0, 0, 0, 40, 1, 1, 0, 95)
9 (1, 4, 0, 0, 0, 115, 0, 0, 1, 1, 0, 157)
10 (1, 4, 33, 0, 0, 206, 0, 0, 1, 1, 0, 124)
11 (1, 4, 0, 0, 36, 132, 0, 0, 1, 1, 0, 6)
12 (1, 4, 0, 0, 0, 114, 0, 0, 1, 1, 0, 130)
13 (1, 4, 12, 0, 2, 59, 0, 0, 1, 1, 0, 215)
14 (1, 4, 0, 35, 0, 37, 0, 0, 1, 1, 0, 231)
15 (1, 4, 0, 44, 0, 33, 0, 0, 1, 1, 0, 42)
16 (1, 4, 0, 31, 0, 28, 0, 0, 1, 1, 0, 212)
17 (1, 4, 45, 0, 0, 32, 0, 0, 1, 1, 0, 31)
18 (1, 4, 0, 0, 4, 20, 0, 0, 1, 1, 0, 162)
19 (1, 4, 0, 0, 45, 22, 0, 0, 1, 1, 0, 74)
20 (1, 4, 0, 0, 23, 36, 0, 0, 1, 1, 0, 120)
21 (1, 4, 37, 0, 70, 63, 0, 0, 1, 1, 0, 183)
22 (1, 4, 81, 0, 81, 47, 0, 0, 1, 1, 0, 76)
23 (1, 4, 0, 0, 113, 36, 0, 0, 1, 1, 0, 12)
24 (1, 4, 0, 0, 48, 32, 0, 0, 1, 1, 0, 31)
25 (1, 4, 76, 0, 0, 34, 0, 0, 1, 1, 0, 97)
26 (1, 4, 0, 5, 0, 38, 0, 0, 1, 1, 0, 179)
27 (1, 4, 0, 23, 0, 38, 0, 0, 1, 1, 0, 191)
28 (1, 4, 0, 49, 0, 32, 0, 0, 1, 1, 0, 136)
0 (1, 4, 248, 207, 0, 29, 0, 0, 1, 1, 0, 227)
1 (1, 4, 246, 134, 0, 40, 0, 0, 1, 1, 0, 79)
2 (1, 4, 174, 68, 0, 46, 0, 0, 1, 1, 0, 251)
3 (1, 4, 31, 59, 0, 57, 0, 0, 1, 1, 0, 252)
4 (1, 4, 0, 96, 0, 62, 0, 0, 1, 1, 0, 146)
5 (1, 4, 0, 65, 0, 68, 0, 0, 1, 1, 0, 232)
6 (1, 4, 0, 104, 9, 79, 0, 0, 1, 1, 0, 221)
7 (1, 4, 0, 67, 37, 77, 0, 0, 1, 1, 0, 86)
8 (1, 4, 0, 121, 92, 111, 0, 0, 1, 1, 0, 174)
9 (1, 4, 25, 185, 208, 131, 0, 0, 1, 1, 0, 180)
10 (1, 4, 27, 271, 167, 154, 0, 0, 1, 1, 0, 215)
11 (1, 4, 259, 0, 231, 82, 0, 23, 1, 1, 0, 170)
12 (1, 4, 0, 0, 501, 0, 45, 64, 1, 1, 0, 120)
13 (1, 4, 422, 0, 679, 0, 0, 104, 1, 1, 0, 221)
14 (1, 4, 0, 0, 0, 0, 0, 0, 1, 1, 0, 119)
15 (1, 4, 0, 252, 0, 0, 0, 75, 1, 1, 0, 246)
16 (1, 4, 0, 89, 0, 0, 0, 18, 1, 1, 0, 249)
17 (1, 4, 0, 43, 0, 114, 0, 0, 1, 1, 0, 43)
18 (1, 4, 0, 0, 0, 193, 0, 0, 1, 1, 0, 16)
19 (1, 4, 43, 0, 0, 185, 0, 0, 1, 1, 0, 134)
20 (1, 4, 37, 1, 0, 98, 0, 0, 1, 1, 0, 49)
21 (1, 4, 0, 0, 0, 68, 0, 0, 1, 1, 0, 222)
22 (1, 4, 0, 24, 53, 46, 0, 0, 1, 1, 0, 189)
23 (1, 4, 37, 0, 0, 44, 0, 0, 1, 1, 0, 235)
24 (1, 4, 0, 0, 0, 49, 0, 0, 1, 1, 0, 118)
25 (1, 4, 0, 0, 0, 53, 0, 0, 1, 1, 0, 10)
26 (1, 4, 0, 0, 8, 53, 0, 0, 1, 1, 0, 182)
27 (1, 4, 0, 0, 4, 53, 0, 0, 1, 1, 0, 84)
28 (1, 4, 75, 0, 0, 53, 0, 0, 1, 1, 0, 225)
29 (1, 4, 70, 0, 34, 50, 0, 0, 1, 1, 0, 43)
30 (1, 4, 28, 0, 53, 46, 0, 0, 1, 1, 0, 199)
31 (1, 4, 0, 0, 87, 54, 0, 0, 1, 1, 0, 74)
0 (1, 4, 0, 108, 0, 74, 0, 0, 1, 1, 0, 76)
1 (1, 4, 162, 329, 66, 66, 0, 0, 1, 1, 0, 230)
2 (1, 4, 163, 438, 158, 57, 0, 0, 1, 1, 0, 253)
3 (1, 4, 76, 321, 124, 72, 0, 0, 1, 1, 0, 208)
4 (1, 4, 0, 267, 85, 122, 0, 0, 1, 1, 0, 186)
5 (1, 4, 0, 313, 34, 188, 0, 0, 1, 1, 0, 209)
6 (1, 4, 0, 220, 64, 161, 0, 0, 1, 1, 0, 93)
7 (1, 4, 222, 0, 248, 0, 0, 12, 1, 1, 0, 247)
8 (1, 4, 220, 180, 463, 0, 103, 111, 1, 1, 0, 87)
9 (1, 4, 0, 0, 422, 0, 0, 32, 1, 1, 0, 245)
10 (1, 4, 0, 172, 0, 0, 0, 85, 1, 1, 0, 225)
11 (1, 4, 0, 131, 0, 0, 3, 56, 1, 1, 0, 189)
12 (1, 4, 0, 5, 0, 0, 0, 36, 1, 1, 0, 204)
13 (1, 4, 0, 0, 0, 186, 0, 0, 1, 1, 0, 2)
14 (1, 4, 0, 0, 109, 167, 0, 0, 1, 1, 0, 29)
15 (1, 4, 0, 0, 0, 139, 0, 0, 1, 2, 0, 190)
16 (1, 4, 75, 0, 0, 72, 0, 0, 1, 2, 0, 12)
17 (1, 4, 28, 67, 0, 37, 0, 0, 1, 2, 0, 179)
18 (1, 4, 0, 156, 0, 33, 0, 0, 1, 2, 0, 53)
19 (1, 4, 0, 128, 0, 24, 0, 0, 1, 1, 0, 121)
20 (1, 4, 0, 103, 0, 29, 0, 0, 1, 1, 0, 88)
21 (1, 4, 0, 75, 33, 18, 0, 0, 1, 1, 0, 60)
22 (1, 4, 0, 17, 69, 24, 0, 1, 1, 1, 0, 66)
23 (1, 4, 0, 0, 109, 55, 0, 0, 1, 1, 0, 71)
24 (1, 4, 17, 0, 161, 64, 0, 0, 1, 1, 0, 215)
25 (1, 4, 0, 0, 189, 40, 0, 0, 1, 1, 0, 96)
26 (1, 4, 0, 0, 194, 34, 0, 0, 1, 1, 0, 133)
27 (1, 4, 0, 0, 77, 29, 0, 0, 1, 1, 0, 150)
28 (1, 4, 0, 0, 0, 37, 0, 0, 1, 1, 0, 253)
29 (1, 4, 67, 0, 0, 37, 0, 0, 2, 2, 0, 125)
0 (1, 4, 34, 125, 0, 86, 0, 0, 1, 1, 0, 48)
1 (1, 4, 0, 150, 45, 83, 0, 4, 1, 1, 0, 94)
2 (1, 4, 0, 102, 0, 85, 0, 0, 1, 1, 0, 192)
3 (1, 4, 20, 177, 24, 116, 0, 6, 1, 1, 0, 0)
4 (1, 4, 53, 118, 0, 142, 0, 22, 1, 1, 0, 249)
5 (1, 4, 93, 176, 83, 167, 0, 4, 1, 1, 0, 169)
6 (1, 4, 10, 0, 51, 98, 0, 29, 1, 2, 0, 13)
7 (1, 4, 75, 91, 371, 0, 37, 49, 1, 1, 0, 179)
8 (1, 4, 208, 82, 689, 0, 28, 117, 1, 1, 0, 224)
9 (1, 4, 0, 0, 33, 0, 0, 61, 1, 1, 0, 47)
10 (1, 4, 0, 36, 0, 0, 0, 126, 1, 1, 0, 126)
11 (1, 4, 0, 34, 0, 0, 0, 82, 1, 1, 0, 247)
12 (1, 4, 0, 0, 0, 4, 0, 21, 1, 1, 0, 114)
13 (1, 4, 0, 0, 0, 160, 0, 0, 1, 1, 0, 51)
14 (1, 4, 0, 0, 99, 205, 0, 0, 1, 1, 0, 42)
15 (1, 4, 0, 0, 0, 126, 0, 0, 1, 1, 0, 6)
16 (1, 4, 0, 0, 29, 78, 0, 0, 1, 1, 0, 17)
17 (1, 4, 0, 0, 0, 47, 0, 0, 1, 1, 0, 59)
18 (1, 4, 0, 0, 0, 47, 0, 0, 1, 1, 0, 59)
19 (1, 4, 0, 3, 0, 42, 0, 0, 1, 1, 0, 128)
20 (1, 4, 0, 0, 5, 42, 0, 0, 1, 1, 0, 146)
21 (1, 4, 0, 52, 88, 41, 0, 0, 1, 1, 0, 56)
22 (1, 4, 0, 12, 126, 29, 0, 0, 1, 1, 0, 197)
23 (1, 4, 0, 6, 105, 25, 0, 0, 2, 1, 0, 91)
24 (1, 4, 0, 0, 49, 36, 0, 0, 1, 1, 0, 247)
25 (1, 4, 5, 0, 28, 57, 0, 0, 1, 1, 0, 37)
26 (1, 4, 167, 0, 21, 48, 0, 0, 1, 1, 0, 36)
27 (1, 4, 0, 0, 38, 32, 0, 0, 1, 1, 0, 17)
28 (1, 4, 0, 0, 0, 35, 0, 0, 1, 1, 0, 191)
29 (1, 4, 6, 0, 0, 35, 0, 0, 1, 1, 0, 155)
0 (1, 4, 91, 310, 87, 101, 0, 0, 1, 1, 0, 179)
1 (1, 4, 114, 269, 30, 145, 0, 0, 1, 1, 0, 11)
2 (1, 4, 207, 275, 98, 171, 0, 0, 1, 1, 0, 90)
3 (1, 4, 87, 168, 258, 72, 0, 24, 1, 1, 0, 34)
4 (1, 4, 249, 0, 384, 0, 48, 69, 1, 1, 0, 121)
5 (1, 4, 144, 6, 731, 0, 0, 133, 1, 1, 0, 221)
6 (1, 4, 0, 0, 0, 0, 0, 17, 2, 2, 0, 96)
7 (1, 4, 0, 69, 0, 0, 0, 117, 1, 1, 0, 6)
8 (1, 4, 0, 69, 0, 0, 31, 37, 1, 1, 0, 188)
9 (1, 4, 0, 60, 0, 0, 0, 46, 1, 1, 0, 58)
10 (1, 4, 0, 37, 0, 145, 0, 36, 1, 1, 0, 75)
11 (1, 4, 0, 0, 53, 150, 0, 20, 1, 1, 0, 130)
12 (1, 4, 0, 0, 0, 121, 0, 0, 1, 1, 0, 91)
13 (1, 4, 0, 0, 0, 99, 0, 0, 1, 1, 0, 106)
14 (1, 4, 0, 0, 83, 63, 0, 0, 1, 1, 0, 243)
15 (1, 4, 14, 36, 101, 52, 0, 0, 2, 3, 0, 230)
16 (1, 4, 57, 104, 53, 35, 0, 0, 2, 2, 0, 68)
17 (1, 4, 2, 106, 47, 29, 0, 0, 2, 2, 0, 36)
18 (1, 4, 0, 101, 40, 19, 0, 0, 2, 2, 0, 214)
19 (1, 4, 0, 40, 55, 49, 0, 0, 2, 2, 0, 120)
20 (1, 4, 0, 0, 69, 69, 0, 0, 2, 2, 0, 235)
21 (1, 4, 0, 0, 62, 38, 0, 0, 2, 4, 0, 246)
22 (1, 4, 0, 0, 0, 29, 0, 0, 2, 3, 0, 107)
23 (1, 4, 0, 0, 0, 32, 0, 0, 2, 2, 0, 133)
24 (1, 4, 76, 56, 0, 27, 0, 0, 2, 2, 0, 147)
25 (1, 4, 72, 43, 0, 40, 0, 0, 2, 2, 0, 45)
26 (1, 4, 62, 30, 0, 51, 0, 0, 2, 2, 0, 69)
27 (1, 4, 57, 0, 0, 42, 0, 0, 2, 2, 0, 26)
28 (1, 4, 0, 0, 0, 35, 0, 0, 2, 2, 0, 164)
29 (1, 4, 0, 0, 0, 34, 0, 0, 2, 2, 0, 187)
0 (1, 4, 0, 84, 0, 56, 0, 7, 1, 1, 0, 186)
1 (1, 4, 0, 101, 0, 62, 0, 0, 1, 1, 0, 253)
2 (1, 4, 0, 132, 0, 61, 0, 0, 1, 1, 0, 41)
3 (1, 4, 0, 168, 0, 62, 0, 0, 1, 1, 0, 163)
4 (1, 4, 28, 182, 35, 62, 0, 0, 1, 1, 0, 43)
5 (1, 4, 0, 155, 40, 77, 0, 3, 1, 1, 0, 22)
6 (1, 4, 87, 188, 73, 113, 0, 0, 1, 1, 0, 248)
7 (1, 4, 0, 170, 121, 122, 0, 0, 1, 1, 0, 53)
8 (1, 4, 85, 162, 212, 146, 0, 30, 1, 1, 0, 60)
9 (1, 4, 0, 52, 312, 48, 0, 9, 1, 1, 0, 69)
10 (1, 4, 266, 9, 379, 0, 0, 115, 1, 1, 0, 110)
11 (1, 4, 486, 0, 536, 0, 0, 137, 1, 1, 0, 204)
12 (1, 4, 0, 5, 0, 0, 0, 77, 1, 1, 0, 29)
13 (1, 4, 0, 0, 0, 0, 0, 100, 1, 1, 0, 230)
14 (1, 4, 0, 80, 0, 0, 13, 48, 1, 1, 0, 188)
15 (1, 4, 0, 0, 0, 0, 0, 49, 1, 1, 0, 218)
16 (1, 4, 0, 0, 0, 133, 0, 49, 1, 1, 0, 20)
17 (1, 4, 0, 0, 0, 164, 0, 0, 1, 1, 0, 79)
18 (1, 4, 0, 0, 0, 123, 0, 0, 1, 1, 0, 101)
19 (1, 4, 0, 0, 0, 99, 0, 0, 1, 1, 0, 106)
20 (1, 4, 0, 0, 0, 76, 0, 0, 1, 2, 0, 155)
21 (1, 4, 0, 0, 27, 62, 0, 0, 2, 2, 0, 176)
22 (1, 4, 0, 25, 89, 63, 0, 0, 1, 2, 0, 186)
23 (1, 4, 0, 51, 82, 67, 0, 0, 1, 2, 0, 238)
24 (1, 4, 0, 39, 51, 62, 0, 0, 2, 2, 0, 50)
25 (1, 4, 31, 71, 8, 61, 0, 0, 2, 2, 0, 110)
26 (1, 4, 105, 26, 0, 53, 0, 0, 2, 2, 0, 158)
27 (1, 4, 46, 2, 0, 52, 0, 0, 2, 2, 0, 240)
28 (1, 4, 69, 0, 0, 55, 0, 0, 2, 2, 0, 144)
29 (1, 4, 48, 0, 21, 54, 0, 0, 2, 2, 0, 162)
0 (1, 4, 17, 47, 0, 67, 0, 6, 2, 2, 0, 201)
1 (1, 4, 0, 90, 0, 62, 0, 13, 2, 2, 0, 180)
2 (1, 4, 0, 64, 6, 72, 0, 2, 2, 2, 0, 10)
3 (1, 4, 0, 152, 28, 82, 0, 0, 2, 2, 0, 62)
4 (1, 4, 0, 92, 0, 95, 0, 1, 1, 2, 0, 25)
5 (1, 4, 0, 175, 38, 118, 0, 11, 2, 2, 0, 148)
6 (1, 4, 33, 20, 0, 174, 0, 20, 1, 2, 0, 224)
7 (1, 4, 0, 130, 19, 205, 0, 0, 2, 2, 0, 39)
8 (1, 4, 324, 0, 150, 56, 0, 0, 2, 2, 0, 198)
9 (1, 4, 124, 203, 493, 0, 91, 71, 1, 2, 0, 153)
10 (1, 4, 478, 69, 462, 0, 0, 211, 1, 2, 0, 236)
11 (1, 4, 0, 0, 0, 0, 0, 38, 2, 2, 0, 1)
12 (1, 4, 0, 0, 0, 0, 6, 107, 1, 2, 0, 179)
13 (1, 4, 0, 0, 0, 0, 23, 40, 1, 2, 0, 108)
14 (1, 4, 0, 0, 0, 47, 0, 30, 2, 2, 0, 213)
15 (1, 4, 0, 0, 0, 190, 0, 0, 2, 2, 0, 101)
16 (1, 4, 0, 0, 0, 169, 0, 0, 2, 2, 0, 207)
17 (1, 4, 0, 0, 0, 150, 0, 0, 2, 2, 0, 116)
18 (1, 4, 0, 0, 0, 87, 0, 0, 1, 2, 0, 181)
19 (1, 4, 0, 0, 0, 63, 0, 0, 2, 2, 0, 215)
20 (1, 4, 0, 66, 31, 55, 0, 0, 1, 2, 0, 65)
21 (1, 4, 0, 81, 41, 55, 0, 0, 1, 2, 0, 8)
22 (1, 4, 0, 60, 88, 58, 0, 0, 1, 2, 0, 224)
23 (1, 4, 0, 29, 71, 57, 0, 0, 1, 2, 0, 144)
24 (1, 4, 0, 1, 87, 54, 0, 0, 1, 2, 0, 66)
25 (1, 4, 12, 0, 0, 44, 0, 0, 1, 2, 0, 239)
26 (1, 4, 38, 0, 0, 54, 0, 0, 1, 2, 0, 117)
27 (1, 4, 9, 0, 0, 48, 0, 0, 1, 2, 0, 170)
28 (1, 4, 0, 0, 0, 50, 0, 0, 2, 2, 0, 76)
29 (1, 4, 17, 0, 0, 42, 0, 0, 1, 2, 0, 11)
30 (1, 4, 40, 0, 0, 48, 0, 0, 1, 2, 0, 99)
31 (1, 4, 28, 0, 0, 46, 0, 0, 2, 2, 0, 151)
0 (1, 4, 0, 12, 0, 0, 0, 104, 1, 1, 0, 16)
1 (1, 4, 0, 0, 0, 0, 0, 84, 1, 1, 0, 148)
2 (1, 4, 0, 28, 0, 0, 0, 81, 1, 1, 0, 54)
3 (1, 4, 0, 27, 0, 0, 0, 27, 1, 1, 0, 34)
4 (1, 4, 0, 0, 0, 88, 0, 11, 1, 1, 0, 33)
5 (1, 4, 0, 0, 0, 149, 0, 0, 1, 2, 0, 243)
6 (1, 4, 0, 0, 0, 157, 0, 0, 1, 1, 0, 182)
7 (1, 4, 0, 0, 0, 169, 15, 0, 5, 5, 0, 89)
8 (1, 4, 231, 147, 0, 97, 22, 0, 4, 4, 0, 36)
9 (1, 4, 119, 119, 39, 76, 0, 0, 4, 4, 0, 182)
10 (1, 4, 57, 103, 138, 48, 0, 0, 5, 5, 0, 53)
11 (1, 4, 0, 60, 250, 32, 0, 0, 4, 4, 0, 97)
12 (1, 4, 0, 0, 247, 45, 0, 0, 5, 8, 0, 222)
13 (1, 4, 0, 0, 201, 55, 0, 0, 5, 7, 0, 228)
14 (1, 4, 0, 0, 251, 49, 0, 0, 4, 6, 0, 1)
15 (1, 4, 0, 100, 243, 35, 0, 0, 4, 4, 0, 57)
16 (1, 4, 0, 63, 61, 23, 0, 0, 3, 3, 0, 42)
17 (1, 4, 27, 173, 101, 26, 0, 0, 3, 3, 0, 6)
18 (1, 4, 53, 193, 73, 17, 0, 0, 3, 3, 0, 120)
19 (1, 4, 0, 184, 50, 21, 0, 0, 3, 3, 0, 78)
20 (1, 4, 0, 166, 18, 30, 0, 0, 2, 3, 0, 110)
21 (1, 4, 0, 65, 0, 41, 0, 0, 3, 3, 0, 93)
22 (1, 4, 0, 0, 0, 31, 0, 0, 3, 3, 0, 55)
23 (1, 4, 0, 0, 0, 30, 0, 0, 2, 3, 0, 74)
24 (1, 4, 0, 17, 0, 34, 0, 0, 3, 3, 0, 102)
25 (1, 4, 21, 81, 0, 39, 0, 0, 2, 3, 0, 50)
26 (1, 4, 32, 61, 0, 37, 0, 0, 2, 2, 0, 94)
27 (1, 4, 58, 33, 6, 52, 0, 0, 2, 2, 0, 67)
28 (1, 4, 31, 0, 35, 41, 0, 0, 2, 2, 0, 157)
29 (1, 4, 30, 0, 0, 34, 0, 0, 3, 3, 0, 6)
30 (1, 4, 50, 0, 0, 32, 0, 0, 3, 4, 0, 161)
0 (1, 4, 43, 183, 14, 177, 0, 12, 2, 2, 0, 151)
1 (1, 4, 0, 78, 57, 113, 0, 25, 2, 2, 0, 112)
2 (1, 4, 129, 110, 366, 0, 28, 30, 2, 2, 0, 245)
3 (1, 4, 129, 278, 597, 0, 112, 93, 1, 2, 0, 82)
4 (1, 4, 244, 0, 369, 0, 0, 127, 2, 2, 0, 146)
5 (1, 4, 0, 22, 0, 0, 0, 126, 1, 2, 0, 13)
6 (1, 4, 0, 0, 0, 0, 27, 101, 1, 2, 0, 75)
7 (1, 4, 0, 17, 0, 0, 0, 113, 1, 2, 0, 246)
8 (1, 4, 0, 0, 0, 16, 0, 71, 1, 1, 0, 214)
9 (1, 4, 0, 0, 0, 123, 0, 19, 1, 1, 0, 208)
10 (1, 4, 0, 0, 105, 119, 0, 0, 1, 1, 0, 204)
11 (1, 4, 0, 0, 193, 127, 0, 0, 2, 1, 0, 33)
12 (1, 4, 0, 0, 332, 92, 0, 0, 1, 2, 0, 40)
13 (1, 4, 0, 61, 292, 36, 0, 0, 1, 2, 0, 221)
14 (1, 4, 0, 79, 111, 7, 0, 0, 2, 1, 0, 226)
15 (1, 4, 52, 68, 23, 0, 0, 0, 1, 1, 0, 171)
16 (1, 4, 34, 87, 0, 0, 0, 0, 1, 2, 0, 241)
17 (1, 4, 18, 41, 0, 8, 0, 0, 2, 2, 0, 172)
18 (1, 4, 0, 0, 0, 34, 0, 0, 1, 1, 0, 160)
19 (1, 4, 0, 0, 53, 35, 0, 0, 1, 2, 0, 73)
20 (1, 4, 0, 0, 62, 47, 0, 0, 1, 1, 0, 119)
21 (1, 4, 0, 0, 103, 12, 0, 0, 2, 2, 0, 8)
22 (1, 4, 0, 0, 0, 0, 0, 0, 2, 3, 0, 7)
23 (1, 4, 3, 146, 0, 3, 0, 0, 2, 3, 0, 57)
24 (1, 4, 157, 98, 0, 11, 0, 0, 2, 3, 0, 65)
25 (1, 4, 120, 21, 0, 28, 0, 0, 2, 3, 0, 164)
26 (1, 4, 67, 0, 0, 15, 0, 0, 2, 3, 0, 57)
27 (1, 4, 72, 0, 0, 10, 0, 0, 2, 2, 0, 83)
28 (1, 4, 0, 9, 0, 8, 0, 0, 2, 2, 0, 146)
29 (1, 4, 0, 7, 0, 22, 0, 0, 2, 3, 0, 176)
30 (1, 4, 0, 0, 0, 28, 0, 0, 2, 4, 0, 98)
31 (1, 4, 0, 0, 0, 5, 0, 0, 2, 4, 0, 114)
0 (1, 4, 0, 176, 0, 123, 0, 0, 2, 2, 0, 220)
1 (1, 4, 17, 246, 0, 174, 0, 0, 2, 2, 0, 234)
2 (1, 4, 0, 219, 40, 187, 0, 0, 2, 2, 0, 204)
3 (1, 4, 51, 159, 221, 83, 0, 0, 2, 2, 0, 136)
4 (1, 4, 247, 143, 349, 0, 62, 54, 2, 2, 0, 4)
5 (1, 4, 273, 204, 873, 0, 0, 166, 2, 2, 0, 70)
6 (1, 4, 67, 0, 0, 0, 0, 68, 2, 2, 0, 199)
7 (1, 4, 0, 0, 0, 0, 8, 79, 1, 2, 0, 183)
8 (1, 4, 0, 26, 0, 0, 18, 41, 1, 2, 0, 150)
9 (1, 4, 0, 0, 0, 91, 0, 0, 2, 2, 0, 151)
10 (1, 4, 0, 0, 0, 175, 0, 0, 2, 2, 0, 141)
11 (1, 4, 0, 0, 0, 181, 0, 0, 1, 2, 0, 26)
12 (1, 4, 0, 0, 0, 135, 0, 0, 2, 2, 0, 156)
13 (1, 4, 0, 0, 10, 97, 0, 0, 2, 2, 0, 220)
14 (1, 4, 0, 60, 108, 58, 0, 0, 1, 1, 0, 130)
15 (1, 4, 0, 88, 76, 45, 0, 0, 1, 1, 0, 77)
16 (1, 4, 0, 103, 115, 53, 0, 0, 2, 1, 0, 46)
17 (1, 4, 0, 83, 77, 48, 0, 0, 1, 2, 0, 99)
18 (1, 4, 0, 63, 20, 43, 0, 0, 1, 2, 0, 201)
19 (1, 4, 0, 68, 17, 45, 0, 0, 2, 2, 0, 172)
20 (1, 4, 23, 58, 0, 41, 0, 0, 1, 2, 0, 115)
21 (1, 4, 66, 13, 0, 42, 0, 0, 2, 2, 0, 10)
22 (1, 4, 47, 0, 0, 43, 0, 0, 2, 2, 0, 193)
23 (1, 4, 0, 0, 0, 44, 0, 0, 1, 2, 0, 167)
24 (1, 4, 21, 0, 0, 43, 0, 0, 1, 2, 0, 44)
25 (1, 4, 22, 0, 0, 42, 0, 0, 2, 2, 0, 135)
26 (1, 4, 17, 0, 0, 44, 0, 0, 1, 2, 0, 73)
27 (1, 4, 37, 0, 0, 41, 0, 0, 1, 2, 0, 53)
28 (1, 4, 38, 0, 0, 40, 0, 0, 2, 2, 0, 158)
29 (1, 4, 50, 0, 0, 41, 0, 0, 2, 2, 0, 89)
0 (1, 4, 32, 251, 0, 80, 0, 0, 2, 2, 0, 195)
1 (1, 4, 129, 276, 23, 86, 0, 0, 2, 2, 0, 211)
2 (1, 4, 121, 65, 0, 94, 0, 0, 2, 2, 0, 18)
3 (1, 4, 144, 76, 14, 118, 0, 0, 1, 2, 0, 145)
4 (1, 4, 468, 0, 18, 0, 0, 78, 2, 2, 0, 25)
5 (1, 4, 783, 324, 377, 0, 63, 135, 5, 5, 0, 4)
6 (1, 4, 449, 128, 569, 0, 0, 262, 2, 2, 0, 11)
7 (1, 4, 0, 0, 0, 0, 0, 40, 2, 2, 0, 39)
8 (1, 4, 114, 0, 0, 0, 21, 118, 2, 2, 0, 58)
9 (1, 4, 221, 28, 0, 0, 19, 93, 2, 2, 0, 134)
10 (1, 4, 0, 37, 0, 0, 0, 139, 2, 2, 0, 199)
11 (1, 4, 38, 3, 0, 0, 5, 108, 2, 2, 0, 182)
12 (1, 4, 0, 14, 0, 0, 0, 95, 2, 2, 0, 7)
13 (1, 4, 0, 36, 0, 0, 0, 99, 1, 2, 0, 80)
14 (1, 4, 0, 0, 0, 0, 0, 64, 2, 2, 0, 41)
15 (1, 4, 0, 0, 20, 16, 0, 60, 1, 1, 0, 76)
16 (1, 4, 0, 0, 180, 41, 0, 0, 1, 1, 0, 87)
17 (1, 4, 0, 0, 245, 41, 0, 0, 1, 1, 0, 56)
18 (1, 4, 0, 0, 146, 52, 0, 0, 5, 4, 0, 251)
19 (1, 4, 0, 0, 0, 57, 0, 0, 3, 2, 0, 247)
20 (1, 4, 83, 0, 0, 107, 0, 0, 2, 3, 0, 153)
21 (1, 4, 0, 0, 127, 57, 0, 0, 2, 2, 0, 182)
22 (1, 4, 127, 0, 0, 14, 0, 0, 1, 2, 0, 132)
23 (1, 4, 208, 0, 0, 16, 0, 0, 2, 2, 0, 231)
24 (1, 4, 2, 28, 0, 17, 0, 0, 3, 3, 0, 153)
25 (1, 4, 0, 109, 26, 52, 0, 0, 3, 3, 0, 118)
26 (1, 4, 0, 89, 101, 49, 0, 0, 3, 3, 0, 79)
27 (1, 4, 0, 53, 82, 2, 0, 0, 3, 3, 0, 60)
28 (1, 4, 0, 88, 0, 15, 0, 0, 2, 2, 0, 152)
29 (1, 4, 137, 24, 0, 16, 0, 0, 2, 3, 0, 73)
30 (1, 4, 49, 43, 0, 24, 0, 0, 2, 2, 0, 227)
0 (1, 4, 63, 159, 46, 65, 0, 0, 3, 3, 0, 48)
1 (1, 4, 90, 164, 14, 75, 0, 0, 3, 3, 0, 184)
2 (1, 4, 131, 202, 3, 82, 0, 0, 3, 3, 0, 153)
3 (1, 4, 99, 256, 24, 101, 0, 0, 3, 3, 0, 64)
4 (1, 4, 208, 172, 0, 99, 0, 0, 1, 2, 0, 1)
5 (1, 4, 222, 185, 209, 84, 0, 0, 2, 2, 0, 95)
6 (1, 4, 373, 66, 320, 0, 0, 65, 2, 2, 0, 36)
7 (1, 4, 414, 134, 525, 0, 99, 94, 1, 2, 0, 63)
8 (1, 4, 296, 0, 553, 0, 0, 109, 2, 2, 0, 17)
9 (1, 4, 0, 19, 0, 0, 0, 64, 2, 2, 0, 144)
10 (1, 4, 0, 0, 0, 0, 0, 106, 1, 2, 0, 125)
11 (1, 4, 0, 0, 0, 0, 36, 57, 1, 1, 0, 222)
12 (1, 4, 0, 0, 0, 0, 0, 80, 2, 1, 0, 71)
13 (1, 4, 0, 0, 0, 0, 0, 41, 1, 1, 0, 227)
14 (1, 4, 0, 0, 147, 48, 0, 0, 1, 1, 0, 92)
15 (1, 4, 0, 0, 370, 12, 0, 0, 2, 1, 0, 93)
16 (1, 4, 0, 0, 75, 13, 0, 0, 3, 3, 0, 2)
17 (1, 4, 0, 0, 46, 46, 0, 0, 2, 2, 0, 12)
18 (1, 4, 0, 106, 227, 47, 0, 0, 2, 2, 0, 240)
19 (1, 4, 101, 379, 188, 0, 0, 0, 2, 2, 0, 40)
20 (1, 4, 84, 430, 14, 0, 0, 0, 2, 2, 0, 210)
21 (1, 4, 95, 338, 0, 0, 0, 0, 2, 2, 0, 53)
22 (1, 4, 83, 157, 0, 0, 0, 0, 2, 1, 0, 22)
23 (1, 4, 14, 154, 117, 0, 0, 0, 2, 1, 0, 139)
24 (1, 4, 0, 137, 65, 0, 0, 0, 2, 2, 0, 4)
25 (1, 4, 0, 0, 55, 0, 0, 0, 1, 1, 0, 19)
26 (1, 4, 0, 0, 95, 0, 0, 0, 1, 1, 0, 170)
27 (1, 4, 0, 0, 54, 0, 0, 0, 1, 1, 0, 135)
28 (1, 4, 0, 0, 0, 0, 0, 0, 2, 1, 0, 209)
29 (1, 4, 0, 0, 0, 16, 0, 0, 2, 2, 0, 155)
30 (1, 4, 0, 0, 0, 13, 0, 0, 2, 2, 0, 247)
31 (1, 4, 0, 0, 0, 3, 0, 0, 2, 2, 0, 77)
0 (1, 4, 150, 17, 210, 0, 0, 0, 2, 2, 0, 51)
1 (1, 4, 158, 110, 153, 3, 0, 0, 2, 2, 0, 15)
2 (1, 4, 222, 175, 90, 12, 0, 0, 2, 2, 0, 165)
3 (1, 4, 121, 195, 22, 34, 0, 0, 2, 2, 0, 63)
4 (1, 4, 261, 231, 0, 46, 0, 0, 2, 2, 0, 73)
5 (1, 4, 188, 136, 0, 81, 0, 0, 2, 2, 0, 153)
6 (1, 4, 140, 105, 0, 158, 0, 0, 2, 2, 0, 150)
7 (1, 4, 164, 0, 0, 95, 0, 0, 2, 2, 0, 1)
8 (1, 4, 350, 0, 221, 0, 15, 48, 1, 2, 0, 45)
9 (1, 4, 401, 30, 485, 0, 66, 81, 2, 2, 0, 50)
10 (1, 4, 100, 0, 371, 0, 0, 67, 2, 2, 0, 165)
11 (1, 4, 0, 0, 0, 0, 0, 0, 1, 2, 0, 202)
12 (1, 4, 0, 236, 0, 0, 0, 49, 2, 2, 0, 232)
13 (1, 4, 0, 98, 0, 0, 0, 43, 2, 2, 0, 109)
14 (1, 4, 0, 0, 0, 101, 0, 0, 1, 2, 0, 149)
15 (1, 4, 0, 0, 0, 143, 0, 0, 2, 2, 0, 100)
16 (1, 4, 0, 0, 0, 105, 0, 0, 1, 2, 0, 17)
17 (1, 4, 2, 0, 0, 79, 0, 0, 2, 1, 0, 189)
18 (1, 4, 0, 17, 50, 56, 0, 0, 1, 1, 0, 235)
19 (1, 4, 0, 0, 0, 32, 0, 0, 1, 1, 0, 158)
20 (1, 4, 0, 0, 0, 30, 0, 0, 2, 1, 0, 156)
21 (1, 4, 0, 0, 0, 33, 0, 0, 1, 1, 0, 129)
22 (1, 4, 0, 0, 0, 37, 0, 0, 1, 1, 0, 253)
23 (1, 4, 0, 0, 28, 15, 0, 0, 2, 2, 0, 84)
24 (1, 4, 0, 106, 25, 23, 0, 2, 2, 2, 0, 183)
25 (1, 4, 56, 37, 0, 28, 0, 0, 1, 1, 0, 254)
26 (1, 4, 10, 56, 3, 47, 0, 0, 2, 1, 0, 90)
27 (1, 4, 0, 82, 47, 38, 0, 0, 2, 2, 0, 239)
28 (1, 4, 0, 56, 4, 38, 0, 0, 1, 2, 0, 47)
29 (1, 4, 0, 25, 39, 38, 0, 0, 2, 3, 0, 208)
30 (1, 4, 0, 87, 42, 19, 0, 0, 2, 3, 0, 92)
31 (1, 4, 14, 60, 0, 26, 0, 0, 1, 2, 0, 101)
0 (1, 4, 127, 50, 0, 62, 0, 0, 2, 2, 0, 242)
1 (1, 4, 176, 97, 40, 73, 0, 10, 2, 2, 0, 137)
2 (1, 4, 32, 94, 59, 84, 0, 25, 2, 2, 0, 115)
3 (1, 4, 0, 101, 95, 89, 0, 45, 2, 2, 0, 187)
4 (1, 4, 0, 76, 44, 96, 0, 45, 2, 2, 0, 71)
5 (1, 4, 38, 66, 0, 108, 0, 42, 2, 2, 0, 43)
6 (1, 4, 36, 65, 0, 127, 0, 13, 2, 2, 0, 139)
7 (1, 4, 67, 47, 6, 138, 0, 36, 2, 2, 0, 74)
8 (1, 4, 308, 0, 76, 85, 0, 13, 2, 2, 0, 105)
9 (1, 4, 401, 92, 277, 0, 53, 67, 2, 2, 0, 199)
10 (1, 4, 363, 290, 411, 0, 90, 112, 2, 2, 0, 71)
11 (1, 4, 0, 114, 218, 0, 0, 84, 2, 2, 0, 36)
12 (1, 4, 73, 0, 0, 0, 0, 139, 2, 2, 0, 157)
13 (1, 4, 0, 0, 0, 0, 13, 99, 2, 2, 0, 181)
14 (1, 4, 63, 0, 0, 0, 1, 157, 2, 2, 0, 113)
15 (1, 4, 0, 0, 0, 0, 13, 59, 2, 2, 0, 201)
16 (1, 4, 0, 0, 0, 23, 0, 37, 2, 2, 0, 205)
17 (1, 4, 0, 0, 0, 100, 0, 7, 2, 2, 0, 63)
18 (1, 4, 0, 0, 0, 146, 0, 0, 2, 2, 0, 8)
19 (1, 4, 0, 0, 0, 156, 0, 0, 1, 2, 0, 20)
20 (1, 4, 0, 0, 0, 135, 0, 0, 2, 2, 0, 156)
21 (1, 4, 71, 0, 0, 98, 0, 0, 2, 2, 0, 205)
22 (1, 4, 94, 113, 119, 69, 0, 0, 2, 2, 0, 237)
23 (1, 4, 0, 75, 81, 54, 0, 0, 2, 2, 0, 200)
24 (1, 4, 9, 16, 47, 73, 0, 0, 2, 2, 0, 230)
25 (1, 4, 0, 3, 12, 63, 0, 0, 2, 2, 0, 237)
26 (1, 4, 0, 0, 0, 62, 0, 0, 2, 3, 0, 163)
27 (1, 4, 0, 0, 0, 70, 0, 0, 2, 3, 0, 144)
28 (1, 4, 0, 70, 28, 71, 0, 0, 2, 2, 0, 77)
29 (1, 4, 0, 76, 18, 67, 0, 0, 2, 2, 0, 34)
30 (1, 4, 0, 86, 1, 65, 0, 0, 2, 2, 0, 103)
31 (1, 4, 0, 67, 0, 65, 0, 0, 2, 2, 0, 253)
0 (1, 4, 158, 106, 0, 44, 0, 0, 2, 2, 0, 63)
1 (1, 4, 192, 159, 0, 60, 0, 0, 2, 2, 0, 187)
2 (1, 4, 120, 141, 0, 67, 0, 6, 1, 2, 0, 241)
3 (1, 4, 34, 160, 0, 76, 0, 0, 2, 2, 0, 37)
4 (1, 4, 61, 161, 0, 85, 0, 0, 2, 2, 0, 58)
5 (1, 4, 3, 74, 93, 86, 0, 0, 2, 2, 0, 177)
6 (1, 4, 153, 0, 152, 35, 0, 61, 1, 2, 0, 137)
7 (1, 4, 391, 0, 288, 0, 59, 46, 2, 2, 0, 183)
8 (1, 4, 164, 160, 671, 0, 47, 86, 1, 2, 0, 112)
9 (1, 4, 0, 0, 229, 0, 0, 75, 2, 2, 0, 155)
10 (1, 4, 262, 0, 0, 0, 0, 134, 2, 2, 0, 12)
11 (1, 4, 0, 0, 0, 0, 7, 60, 2, 2, 0, 233)
12 (1, 4, 25, 104, 0, 0, 0, 118, 1, 2, 0, 93)
13 (1, 4, 0, 0, 0, 0, 0, 105, 2, 2, 0, 189)
14 (1, 4, 0, 6, 0, 0, 0, 79, 2, 2, 0, 103)
15 (1, 4, 0, 0, 0, 0, 0, 62, 1, 1, 0, 35)
16 (1, 4, 0, 0, 0, 0, 0, 12, 1, 2, 0, 85)
17 (1, 4, 0, 0, 0, 60, 0, 0, 2, 2, 0, 246)
18 (1, 4, 0, 0, 0, 94, 0, 0, 2, 2, 0, 244)
19 (1, 4, 0, 0, 0, 118, 0, 0, 1, 2, 0, 67)
20 (1, 4, 0, 0, 0, 116, 0, 0, 1, 2, 0, 125)
21 (1, 4, 17, 0, 0, 88, 0, 0, 1, 2, 0, 254)
22 (1, 4, 0, 0, 8, 69, 0, 0, 1, 2, 0, 192)
23 (1, 4, 0, 0, 2, 46, 0, 0, 1, 1, 0, 11)
24 (1, 4, 81, 24, 27, 52, 0, 0, 1, 1, 0, 216)
25 (1, 4, 0, 56, 53, 50, 0, 0, 1, 1, 0, 12)
26 (1, 4, 0, 65, 145, 42, 0, 0, 2, 2, 0, 111)
27 (1, 4, 0, 81, 98, 38, 0, 0, 2, 2, 0, 186)
28 (1, 4, 0, 88, 75, 40, 0, 0, 2, 2, 0, 208)
29 (1, 4, 10, 109, 20, 34, 0, 0, 2, 2, 0, 107)
0 (1, 4, 0, 0, 292, 0, 34, 46, 2, 2, 0, 233)
1 (1, 4, 272, 58, 696, 0, 97, 156, 2, 2, 0, 45)
2 (1, 4, 0, 0, 246, 0, 0, 18, 2, 2, 0, 252)
3 (1, 4, 0, 282, 0, 0, 0, 118, 1, 2, 0, 107)
4 (1, 4, 0, 76, 0, 0, 39, 91, 2, 2, 0, 249)
5 (1, 4, 0, 65, 0, 0, 0, 45, 2, 2, 0, 187)
6 (1, 4, 0, 0, 0, 98, 0, 0, 1, 2, 0, 200)
7 (1, 4, 0, 0, 0, 129, 0, 7, 2, 2, 0, 205)
8 (1, 4, 0, 0, 21, 134, 0, 0, 2, 2, 0, 54)
9 (1, 4, 90, 0, 0, 79, 0, 43, 1, 2, 0, 146)
10 (1, 4, 0, 0, 0, 73, 0, 0, 2, 2, 0, 94)
11 (1, 4, 0, 0, 0, 65, 0, 0, 2, 2, 0, 166)
12 (1, 4, 0, 0, 0, 69, 0, 0, 2, 2, 0, 218)
13 (1, 4, 0, 0, 0, 50, 0, 0, 2, 2, 0, 76)
14 (1, 4, 72, 0, 0, 60, 0, 0, 2, 2, 0, 15)
15 (1, 4, 74, 0, 0, 59, 0, 0, 2, 2, 0, 78)
16 (1, 4, 82, 0, 0, 62, 0, 0, 2, 2, 0, 189)
17 (1, 4, 67, 0, 0, 57, 0, 0, 1, 2, 0, 168)
18 (1, 4, 39, 0, 0, 57, 0, 0, 2, 2, 0, 120)
19 (1, 4, 0, 0, 8, 58, 0, 0, 2, 2, 0, 8)
20 (1, 4, 0, 0, 0, 60, 0, 0, 2, 2, 0, 246)
21 (1, 4, 0, 0, 0, 60, 0, 0, 2, 2, 0, 246)
22 (1, 4, 0, 0, 0, 65, 0, 0, 2, 2, 0, 166)
23 (1, 4, 0, 0, 0, 73, 0, 0, 2, 2, 0, 94)
24 (1, 4, 0, 0, 19, 69, 0, 0, 2, 2, 0, 30)
25 (1, 4, 0, 0, 14, 61, 0, 0, 2, 2, 0, 36)
26 (1, 4, 0, 32, 6, 62, 0, 0, 2, 2, 0, 123)
27 (1, 4, 0, 10, 0, 63, 0, 0, 2, 2, 0, 9)
28 (1, 4, 0, 24, 0, 63, 0, 0, 2, 2, 0, 5)
29 (1, 4, 0, 13, 0, 58, 0, 0, 2, 2, 0, 104)
0 (1, 4, 80, 526, 91, 173, 0, 0, 2, 2, 0, 144)
1 (1, 4, 106, 164, 99, 109, 0, 22, 2, 2, 0, 81)
2 (1, 4, 303, 0, 440, 0, 48, 87, 1, 2, 0, 201)
3 (1, 4, 0, 103, 795, 0, 184, 0, 2, 3, 0, 166)
4 (1, 4, 188, 103, 0, 0, 0, 143, 1, 2, 0, 128)
5 (1, 4, 0, 0, 0, 0, 69, 60, 2, 2, 0, 1)
6 (1, 4, 0, 0, 0, 191, 0, 0, 2, 3, 0, 17)
7 (1, 4, 125, 0, 0, 198, 0, 0, 3, 3, 0, 183)
8 (1, 4, 0, 0, 0, 128, 0, 4, 3, 3, 0, 189)
9 (1, 4, 0, 0, 0, 78, 0, 0, 2, 2, 0, 3)
10 (1, 4, 0, 0, 0, 57, 0, 34, 2, 2, 0, 141)
11 (1, 4, 0, 0, 0, 30, 0, 37, 2, 2, 0, 42)
12 (1, 4, 0, 0, 17, 51, 0, 5, 2, 2, 0, 18)
13 (1, 4, 0, 0, 0, 46, 0, 13, 2, 2, 0, 127)
14 (1, 4, 27, 0, 15, 52, 0, 8, 2, 2, 0, 63)
15 (1, 4, 0, 0, 12, 70, 0, 3, 2, 2, 0, 127)
16 (1, 4, 54, 0, 39, 83, 0, 0, 2, 2, 0, 119)
17 (1, 4, 91, 0, 0, 80, 0, 0, 1, 2, 0, 227)
18 (1, 4, 0, 0, 0, 52, 0, 0, 2, 2, 0, 14)
19 (1, 4, 41, 0, 0, 46, 0, 0, 2, 2, 0, 134)
20 (1, 4, 82, 0, 0, 50, 0, 0, 1, 2, 0, 159)
21 (1, 4, 63, 0, 49, 56, 0, 0, 2, 2, 0, 226)
22 (1, 4, 41, 0, 116, 46, 0, 0, 2, 2, 0, 162)
23 (1, 4, 37, 0, 147, 40, 0, 0, 1, 2, 0, 31)
24 (1, 4, 0, 0, 179, 38, 0, 0, 2, 2, 0, 12)
25 (1, 4, 0, 0, 173, 42, 0, 0, 2, 2, 0, 58)
26 (1, 4, 0, 0, 127, 49, 0, 0, 1, 2, 0, 232)
27 (1, 4, 0, 0, 71, 51, 0, 0, 2, 2, 0, 77)
28 (1, 4, 0, 0, 68, 43, 0, 0, 2, 2, 0, 249)
29 (1, 4, 0, 130, 30, 34, 0, 0, 1, 2, 0, 195)
0 (1, 4, 104, 307, 41, 26, 0, 0, 2, 2, 0, 43)
1 (1, 4, 156, 403, 51, 38, 0, 0, 2, 2, 0, 29)
2 (1, 4, 257, 267, 0, 74, 0, 0, 2, 2, 0, 253)
3 (1, 4, 99, 209, 58, 85, 0, 0, 2, 2, 0, 53)
4 (1, 4, 348, 0, 52, 53, 0, 0, 1, 2, 0, 75)
5 (1, 4, 0, 54, 358, 0, 0, 20, 2, 2, 0, 247)
6 (1, 4, 597, 0, 234, 0, 34, 0, 2, 2, 0, 175)
7 (1, 4, 0, 0, 303, 0, 0, 26, 1, 2, 0, 176)
8 (1, 4, 0, 0, 0, 0, 0, 0, 2, 2, 0, 108)
9 (1, 4, 135, 55, 0, 0, 0, 32, 2, 2, 0, 83)
10 (1, 4, 105, 71, 0, 0, 0, 47, 1, 2, 0, 35)
11 (1, 4, 60, 154, 0, 0, 0, 21, 2, 2, 0, 196)
12 (1, 4, 343, 126, 0, 0, 0, 0, 2, 2, 0, 9)
13 (1, 4, 157, 28, 0, 0, 0, 0, 1, 2, 0, 113)
14 (1, 4, 66, 0, 0, 26, 0, 0, 2, 2, 0, 200)
15 (1, 4, 144, 0, 0, 65, 0, 12, 2, 2, 0, 204)
16 (1, 4, 0, 0, 0, 107, 0, 0, 2, 2, 0, 137)
17 (1, 4, 0, 0, 0, 103, 3, 0, 2, 2, 0, 134)
18 (1, 4, 0, 0, 16, 80, 0, 0, 1, 2, 0, 151)
19 (1, 4, 0, 0, 133, 65, 0, 0, 2, 2, 0, 157)
20 (1, 4, 0, 0, 92, 56, 0, 0, 2, 2, 0, 236)
21 (1, 4, 0, 0, 109, 51, 0, 0, 2, 2, 0, 32)
22 (1, 4, 75, 62, 73, 22, 0, 0, 2, 2, 0, 70)
23 (1, 4, 77, 56, 5, 18, 0, 0, 2, 2, 0, 176)
24 (1, 4, 106, 0, 0, 31, 0, 0, 1, 1, 0, 7)
25 (1, 4, 133, 0, 0, 38, 0, 0, 1, 1, 0, 255)
26 (1, 4, 74, 0, 11, 23, 0, 0, 2, 1, 0, 153)
27 (1, 4, 129, 0, 0, 13, 0, 0, 1, 1, 0, 247)
28 (1, 4, 93, 0, 0, 24, 0, 0, 1, 1, 0, 87)
29 (1, 4, 62, 0, 0, 38, 0, 0, 2, 2, 0, 180)
30 (1, 4, 62, 0, 0, 34, 0, 0, 1, 2, 0, 110)
31 (1, 4, 6, 0, 0, 27, 0, 0, 1, 2, 0, 192)
0 (1, 4, 131, 54, 32, 61, 0, 0, 1, 2, 0, 162)
1 (1, 4, 38, 36, 0, 72, 0, 0, 2, 2, 0, 186)
2 (1, 4, 0, 52, 0, 71, 0, 0, 1, 2, 0, 59)
3 (1, 4, 1, 94, 0, 79, 0, 0, 2, 2, 0, 244)
4 (1, 4, 63, 145, 0, 97, 0, 0, 2, 2, 0, 231)
5 (1, 4, 162, 228, 0, 100, 0, 9, 2, 2, 0, 77)
6 (1, 4, 65, 215, 20, 129, 0, 14, 2, 2, 0, 191)
7 (1, 4, 175, 182, 185, 124, 0, 2, 2, 2, 0, 95)
8 (1, 4, 85, 206, 328, 0, 0, 98, 2, 1, 0, 79)
9 (1, 4, 470, 0, 438, 0, 73, 85, 1, 1, 0, 239)
10 (1, 4, 491, 79, 494, 0, 0, 128, 1, 1, 0, 144)
11 (1, 4, 111, 0, 0, 0, 0, 109, 1, 1, 0, 199)
12 (1, 4, 0, 0, 0, 0, 26, 88, 1, 1, 0, 189)
13 (1, 4, 37, 0, 0, 0, 50, 71, 1, 1, 0, 170)
14 (1, 4, 240, 0, 0, 0, 0, 98, 1, 1, 0, 145)
15 (1, 4, 0, 0, 0, 2, 20, 66, 1, 1, 0, 211)
16 (1, 4, 0, 0, 0, 107, 0, 62, 1, 1, 0, 198)
17 (1, 4, 0, 0, 45, 134, 0, 38, 2, 2, 0, 102)
18 (1, 4, 0, 0, 0, 127, 0, 0, 1, 1, 0, 25)
19 (1, 4, 0, 0, 0, 126, 0, 0, 1, 1, 0, 6)
20 (1, 4, 0, 0, 0, 101, 0, 0, 1, 1, 0, 40)
21 (1, 4, 0, 0, 31, 73, 0, 0, 1, 1, 0, 99)
22 (1, 4, 0, 0, 108, 69, 0, 0, 1, 1, 0, 38)
23 (1, 4, 0, 3, 133, 54, 0, 0, 2, 2, 0, 211)
24 (1, 4, 0, 57, 170, 63, 0, 0, 4, 4, 0, 216)
25 (1, 4, 0, 87, 123, 56, 0, 5, 4, 5, 0, 224)
26 (1, 4, 0, 72, 36, 60, 0, 0, 2, 3, 0, 13)
27 (1, 4, 0, 118, 83, 50, 0, 0, 2, 3, 0, 143)
28 (1, 4, 0, 102, 53, 41, 0, 0, 3, 4, 0, 192)
29 (1, 4, 0, 86, 39, 39, 0, 0, 2, 3, 0, 253)
30 (1, 4, 10, 82, 7, 41, 0, 0, 2, 3, 0, 15)
31 (1, 4, 0, 60, 0, 39, 0, 0, 3, 3, 0, 27)
0 (1, 4, 0, 124, 0, 65, 0, 39, 1, 1, 0, 70)
1 (1, 4, 0, 169, 0, 72, 0, 36, 1, 1, 0, 75)
2 (1, 4, 0, 190, 0, 63, 0, 41, 1, 1, 0, 254)
3 (1, 4, 0, 160, 0, 61, 0, 37, 1, 1, 0, 58)
4 (1, 4, 0, 168, 0, 77, 0, 44, 1, 1, 0, 119)
5 (1, 4, 123, 65, 0, 111, 0, 44, 1, 1, 0, 42)
6 (1, 4, 122, 127, 0, 147, 0, 65, 1, 1, 0, 197)
7 (1, 4, 377, 0, 25, 51, 0, 68, 1, 1, 0, 253)
8 (1, 4, 204, 0, 230, 0, 73, 35, 1, 1, 0, 67)
9 (1, 4, 265, 418, 495, 0, 17, 151, 1, 1, 0, 6)
10 (1, 4, 0, 3, 17, 0, 0, 165, 1, 1, 0, 197)
11 (1, 4, 0, 0, 0, 0, 0, 115, 1, 1, 0, 38)
12 (1, 4, 0, 0, 0, 0, 14, 74, 1, 1, 0, 177)
13 (1, 4, 91, 43, 0, 0, 0, 81, 1, 1, 0, 156)
14 (1, 4, 0, 41, 0, 0, 23, 84, 1, 1, 0, 189)
15 (1, 4, 0, 111, 196, 61, 0, 93, 1, 1, 0, 128)
16 (1, 4, 0, 0, 182, 94, 0, 45, 1, 1, 0, 15)
17 (1, 4, 0, 0, 0, 112, 0, 16, 1, 1, 0, 111)
18 (1, 4, 0, 0, 0, 93, 0, 0, 1, 1, 0, 206)
19 (1, 4, 0, 0, 0, 83, 0, 0, 1, 1, 0, 116)
20 (1, 4, 0, 0, 0, 70, 0, 0, 1, 1, 0, 224)
21 (1, 4, 0, 31, 8, 47, 0, 0, 1, 1, 0, 87)
22 (1, 4, 0, 108, 22, 33, 0, 0, 1, 1, 0, 167)
23 (1, 4, 17, 93, 33, 42, 0, 0, 1, 1, 0, 226)
24 (1, 4, 0, 80, 67, 41, 0, 1, 1, 1, 0, 4)
25 (1, 4, 42, 29, 43, 39, 0, 0, 1, 1, 0, 44)
26 (1, 4, 0, 0, 45, 42, 0, 0, 1, 1, 0, 208)
27 (1, 4, 0, 0, 56, 52, 0, 0, 2, 2, 0, 51)
28 (1, 4, 0, 0, 70, 54, 0, 0, 2, 2, 0, 186)
29 (1, 4, 0, 0, 79, 39, 0, 0, 2, 2, 0, 122)
0 (1, 4, 186, 0, 0, 50, 0, 11, 2, 2, 0, 158)
1 (1, 4, 106, 0, 0, 51, 0, 11, 1, 2, 0, 91)
2 (1, 4, 0, 79, 0, 69, 0, 9, 2, 2, 0, 221)
3 (1, 4, 0, 77, 0, 73, 0, 20, 2, 2, 0, 167)
4 (1, 4, 0, 111, 0, 94, 0, 4, 1, 2, 0, 215)
5 (1, 4, 0, 201, 0, 92, 0, 0, 2, 2, 0, 78)
6 (1, 4, 0, 218, 0, 152, 0, 0, 2, 2, 0, 243)
7 (1, 4, 36, 320, 66, 183, 0, 0, 2, 2, 0, 207)
8 (1, 4, 133, 76, 89, 89, 0, 25, 2, 2, 0, 42)
9 (1, 4, 121, 217, 423, 0, 14, 83, 2, 2, 0, 206)
10 (1, 4, 427, 64, 509, 0, 32, 161, 1, 1, 0, 31)
11 (1, 4, 0, 0, 237, 0, 0, 69, 1, 1, 0, 26)
12 (1, 4, 0, 93, 0, 0, 0, 117, 2, 1, 0, 114)
13 (1, 4, 100, 0, 0, 0, 46, 51, 1, 1, 0, 200)
14 (1, 4, 0, 0, 0, 0, 15, 66, 1, 1, 0, 34)
15 (1, 4, 0, 0, 0, 47, 0, 49, 2, 1, 0, 48)
16 (1, 4, 0, 0, 0, 99, 0, 54, 2, 1, 0, 114)
17 (1, 4, 0, 0, 0, 125, 0, 22, 1, 1, 0, 56)
18 (1, 4, 0, 0, 0, 101, 0, 1, 1, 1, 0, 247)
19 (1, 4, 12, 0, 0, 119, 0, 0, 2, 1, 0, 15)
20 (1, 4, 0, 0, 0, 88, 0, 0, 1, 1, 0, 173)
21 (1, 4, 0, 0, 9, 84, 0, 0, 1, 1, 0, 1)
22 (1, 4, 0, 0, 0, 76, 0, 0, 2, 1, 0, 128)
23 (1, 4, 0, 47, 51, 65, 0, 0, 1, 1, 0, 244)
24 (1, 4, 0, 59, 63, 55, 0, 0, 1, 1, 0, 36)
25 (1, 4, 0, 95, 107, 54, 0, 0, 2, 1, 0, 220)
26 (1, 4, 0, 73, 83, 44, 0, 0, 2, 1, 0, 6)
27 (1, 4, 0, 71, 67, 47, 0, 0, 1, 1, 0, 250)
28 (1, 4, 0, 45, 13, 45, 0, 0, 1, 1, 0, 109)
29 (1, 4, 0, 33, 31, 48, 0, 0, 2, 1, 0, 158)
30 (1, 4, 0, 51, 6, 43, 0, 0, 1, 1, 0, 77)
0 (1, 4, 0, 129, 0, 67, 0, 30, 1, 2, 0, 127)
1 (1, 4, 0, 206, 0, 109, 0, 3, 1, 2, 0, 141)
2 (1, 4, 0, 273, 0, 170, 0, 0, 2, 2, 0, 223)
3 (1, 4, 0, 304, 0, 198, 0, 0, 2, 2, 0, 16)
4 (1, 4, 0, 136, 176, 80, 0, 29, 1, 2, 0, 185)
5 (1, 4, 187, 61, 439, 0, 67, 48, 2, 2, 0, 104)
6 (1, 4, 290, 0, 750, 0, 0, 154, 1, 1, 0, 39)
7 (1, 4, 0, 0, 0, 0, 0, 1, 1, 1, 0, 168)
8 (1, 4, 0, 101, 0, 0, 0, 102, 1, 1, 0, 113)
9 (1, 4, 0, 126, 0, 0, 44, 70, 1, 1, 0, 245)
10 (1, 4, 0, 88, 0, 0, 0, 75, 1, 1, 0, 239)
11 (1, 4, 0, 0, 0, 56, 0, 29, 1, 1, 0, 2)
12 (1, 4, 0, 0, 0, 97, 0, 32, 2, 2, 0, 238)
13 (1, 4, 0, 0, 23, 113, 0, 0, 1, 2, 0, 132)
14 (1, 4, 0, 0, 0, 122, 0, 0, 1, 2, 0, 199)
15 (1, 4, 0, 0, 0, 99, 0, 0, 2, 2, 0, 113)
16 (1, 4, 0, 0, 0, 57, 0, 0, 2, 2, 0, 149)
17 (1, 4, 0, 27, 0, 56, 0, 0, 2, 2, 0, 128)
18 (1, 4, 0, 146, 68, 43, 0, 0, 1, 2, 0, 82)
19 (1, 4, 0, 131, 128, 45, 0, 0, 2, 2, 0, 54)
20 (1, 4, 0, 130, 202, 29, 0, 0, 2, 2, 0, 245)
21 (1, 4, 0, 44, 38, 7, 0, 0, 1, 2, 0, 179)
22 (1, 4, 50, 51, 0, 9, 0, 0, 2, 2, 0, 203)
23 (1, 4, 184, 0, 0, 14, 0, 0, 2, 2, 0, 148)
24 (1, 4, 19, 0, 0, 23, 0, 0, 1, 2, 0, 146)
25 (1, 4, 0, 0, 0, 31, 0, 0, 2, 2, 0, 62)
26 (1, 4, 0, 0, 19, 41, 0, 0, 2, 2, 0, 166)
27 (1, 4, 0, 0, 28, 35, 0, 0, 1, 2, 0, 159)
28 (1, 4, 0, 0, 35, 46, 0, 0, 2, 2, 0, 122)
29 (1, 4, 0, 0, 8, 53, 0, 0, 2, 2, 0, 173)
0 (1, 4, 0, 0, 61, 67, 0, 0, 1, 1, 0, 116)
1 (1, 4, 0, 5, 83, 76, 0, 0, 1, 1, 0, 118)
2 (1, 4, 44, 97, 37, 84, 0, 0, 2, 1, 0, 192)
3 (1, 4, 239, 161, 0, 83, 0, 0, 1, 1, 0, 3)
4 (1, 4, 286, 164, 0, 82, 0, 0, 1, 1, 0, 196)
5 (1, 4, 37, 188, 0, 85, 0, 0, 1, 1, 0, 12)
6 (1, 4, 0, 268, 58, 78, 0, 0, 1, 1, 0, 134)
7 (1, 4, 0, 239, 0, 111, 0, 0, 1, 1, 0, 31)
8 (1, 4, 79, 211, 3, 160, 0, 27, 1, 1, 0, 63)
9 (1, 4, 93, 107, 0, 163, 0, 19, 1, 1, 0, 162)
10 (1, 4, 0, 50, 180, 52, 0, 40, 1, 1, 0, 190)
11 (1, 4, 275, 18, 334, 0, 39, 87, 1, 1, 0, 0)
12 (1, 4, 62, 0, 655, 0, 47, 65, 1, 1, 0, 40)
13 (1, 4, 0, 12, 44, 0, 0, 35, 1, 1, 0, 197)
14 (1, 4, 0, 11, 0, 0, 0, 63, 1, 1, 0, 151)
15 (1, 4, 0, 217, 0, 0, 0, 87, 1, 1, 0, 23)
16 (1, 4, 0, 21, 0, 35, 0, 15, 2, 1, 0, 238)
17 (1, 4, 0, 0, 0, 140, 0, 0, 1, 1, 0, 94)
18 (1, 4, 0, 0, 0, 121, 0, 0, 1, 1, 0, 91)
19 (1, 4, 0, 0, 0, 126, 0, 0, 1, 1, 0, 6)
20 (1, 4, 0, 0, 30, 89, 0, 0, 1, 1, 0, 0)
21 (1, 4, 0, 37, 153, 54, 0, 0, 1, 1, 0, 32)
22 (1, 4, 0, 106, 55, 25, 0, 0, 1, 1, 0, 156)
23 (1, 4, 64, 108, 0, 26, 0, 0, 1, 2, 0, 90)
24 (1, 4, 0, 85, 0, 16, 0, 0, 1, 2, 0, 176)
25 (1, 4, 0, 118, 51, 15, 0, 0, 2, 2, 0, 100)
26 (1, 4, 0, 75, 0, 30, 0, 0, 2, 2, 0, 201)
27 (1, 4, 0, 0, 0, 49, 0, 0, 2, 3, 0, 6)
28 (1, 4, 0, 0, 0, 49, 0, 0, 2, 4, 0, 16)
29 (1, 4, 0, 0, 0, 50, 0, 0, 2, 3, 0, 39)
30 (1, 4, 0, 0, 15, 37, 0, 0, 2, 3, 0, 212)
31 (1, 4, 1, 0, 12, 41, 0, 0, 2, 3, 0, 229)

