0 (1, 4, 0, 0, 31, 0, 2, 0, 0, 0, 0, 170)
1 (1, 4, 0, 0, 0, 0, 0, 0, 0, 0, 0, 126)
2 (1, 4, 0, 0, 0, 0, 0, 0, 1, 0, 0, 28)
3 (1, 4, 0, 13, 0, 0, 0, 0, 1, 1, 0, 171)
4 (1, 4, 575, 0, 0, 0, 0, 0, 1, 1, 0, 14)
5 (1, 4, 737, 23, 0, 0, 0, 0, 1, 1, 0, 69)
6 (1, 4, 458, 512, 0, 0, 55, 11, 1, 1, 0, 36)
7 (1, 4, 349, 0, 0, 0, 140, 83, 1, 1, 0, 188)
8 (1, 4, 155, 0, 52, 0, 0, 30, 2, 1, 0, 108)
9 (1, 4, 4, 224, 0, 0, 0, 72, 2, 1, 0, 6)
10 (1, 4, 0, 134, 0, 0, 78, 56, 2, 2, 0, 136)
11 (1, 4, 0, 41, 0, 26, 151, 120, 2, 2, 0, 157)
12 (1, 4, 42, 0, 65, 62, 226, 117, 2, 2, 0, 64)
13 (1, 4, 103, 0, 435, 0, 113, 159, 2, 2, 0, 213)
14 (1, 4, 47, 0, 682, 0, 0, 70, 2, 1, 0, 227)
15 (1, 4, 0, 0, 0, 0, 0, 0, 1, 1, 0, 119)
16 (1, 4, 0, 34, 0, 5, 0, 75, 1, 1, 0, 114)
17 (1, 4, 0, 31, 34, 14, 0, 40, 1, 1, 0, 135)
18 (1, 4, 0, 112, 87, 11, 0, 51, 1, 1, 0, 251)
19 (1, 4, 0, 53, 151, 0, 0, 40, 1, 0, 0, 240)
20 (1, 4, 0, 0, 243, 0, 0, 23, 1, 0, 0, 236)
21 (1, 4, 0, 0, 319, 0, 0, 16, 1, 0, 0, 74)
22 (1, 4, 0, 0, 431, 0, 0, 6, 0, 0, 0, 185)
23 (1, 4, 0, 0, 428, 0, 0, 0, 0, 0, 0, 206)
24 (1, 4, 0, 0, 420, 0, 0, 0, 0, 0, 0, 114)
25 (1, 4, 207, 0, 290, 0, 0, 0, 0, 0, 0, 52)
26 (1, 4, 157, 0, 357, 0, 19, 12, 0, 0, 0, 206)
27 (1, 4, 0, 493, 212, 0, 0, 0, 0, 0, 0, 44)
28 (1, 4, 0, 0, 190, 0, 0, 0, 0, 0, 0, 195)
29 (1, 4, 315, 114, 0, 0, 0, 0, 0, 0, 0, 116)
30 (1, 4, 159, 19, 0, 0, 20, 16, 0, 0, 0, 221)
31 (1, 4, 22, 47, 1, 0, 8, 0, 0, 0, 0, 156)
0 (1, 4, 0, 70, 0, 0, 15, 0, 0, 0, 0, 227)
1 (1, 4, 0, 47, 0, 0, 11, 0, 0, 0, 0, 71)
2 (1, 4, 0, 42, 42, 0, 2, 0, 0, 0, 0, 253)
3 (1, 4, 0, 66, 34, 0, 0, 0, 0, 0, 0, 65)
4 (1, 4, 32, 0, 0, 0, 0, 0, 0, 0, 0, 185)
5 (1, 4, 873, 0, 0, 0, 0, 0, 0, 0, 0, 72)
6 (1, 4, 693, 0, 0, 0, 0, 0, 0, 0, 0, 126)
7 (1, 4, 0, 44, 0, 0, 0, 9, 0, 0, 0, 224)
8 (1, 4, 55, 36, 0, 0, 0, 31, 0, 0, 0, 65)
9 (1, 4, 99, 0, 0, 0, 0, 25, 0, 0, 0, 196)
10 (1, 4, 143, 0, 0, 0, 0, 21, 1, 1, 0, 65)
11 (1, 4, 116, 0, 0, 0, 0, 0, 1, 1, 0, 225)
12 (1, 4, 276, 304, 0, 0, 0, 30, 2, 1, 0, 184)
13 (1, 4, 0, 245, 0, 0, 192, 142, 2, 2, 0, 160)
14 (1, 4, 0, 0, 0, 108, 345, 208, 2, 2, 0, 252)
15 (1, 4, 29, 0, 544, 0, 209, 126, 2, 1, 0, 240)
16 (1, 4, 138, 0, 649, 0, 0, 89, 1, 1, 0, 206)
17 (1, 4, 0, 0, 95, 0, 0, 0, 1, 1, 0, 170)
18 (1, 4, 0, 62, 0, 0, 0, 11, 1, 1, 0, 92)
19 (1, 4, 0, 74, 0, 7, 0, 8, 1, 1, 0, 157)
20 (1, 4, 0, 122, 0, 0, 0, 37, 1, 0, 0, 233)
21 (1, 4, 0, 48, 21, 0, 0, 35, 1, 0, 0, 205)
22 (1, 4, 0, 105, 76, 0, 0, 24, 1, 1, 0, 16)
23 (1, 4, 0, 206, 259, 0, 0, 0, 1, 0, 0, 124)
24 (1, 4, 0, 304, 299, 0, 0, 0, 1, 0, 0, 254)
25 (1, 4, 0, 81, 117, 0, 0, 0, 1, 0, 0, 251)
26 (1, 4, 29, 0, 0, 0, 0, 0, 1, 0, 0, 186)
27 (1, 4, 146, 0, 0, 0, 0, 0, 1, 0, 0, 245)
28 (1, 4, 44, 0, 0, 0, 0, 0, 0, 0, 0, 241)
29 (1, 4, 162, 0, 0, 0, 0, 0, 0, 0, 0, 176)
30 (1, 4, 113, 0, 26, 0, 0, 0, 0, 0, 0, 50)
31 (1, 4, 111, 0, 91, 0, 0, 0, 0, 0, 0, 233)
0 (1, 4, 0, 31, 16, 0, 9, 1, 0, 0, 0, 182)
1 (1, 4, 0, 34, 17, 0, 11, 2, 0, 0, 0, 201)
2 (1, 4, 0, 19, 16, 0, 8, 4, 0, 0, 0, 12)
3 (1, 4, 0, 13, 6, 0, 10, 3, 0, 0, 0, 134)
4 (1, 4, 0, 13, 6, 0, 10, 3, 0, 0, 0, 134)
5 (1, 4, 0, 15, 18, 0, 11, 0, 0, 0, 0, 213)
6 (1, 4, 0, 51, 35, 0, 0, 0, 0, 0, 0, 64)
7 (1, 4, 0, 0, 0, 0, 0, 0, 0, 0, 0, 126)
8 (1, 4, 421, 0, 0, 0, 0, 0, 1, 0, 0, 250)
9 (1, 4, 614, 0, 0, 0, 0, 0, 1, 1, 0, 25)
10 (1, 4, 404, 75, 0, 0, 0, 0, 1, 1, 0, 80)
11 (1, 4, 265, 12, 0, 0, 0, 39, 1, 1, 0, 208)
12 (1, 4, 0, 0, 0, 0, 0, 21, 1, 1, 0, 14)
13 (1, 4, 0, 0, 0, 0, 0, 6, 1, 1, 0, 187)
14 (1, 4, 0, 150, 0, 0, 0, 0, 1, 1, 0, 160)
15 (1, 4, 194, 340, 0, 0, 0, 0, 1, 1, 0, 42)
16 (1, 4, 0, 488, 0, 0, 193, 21, 2, 1, 0, 233)
17 (1, 4, 0, 202, 0, 78, 354, 213, 2, 2, 0, 31)
18 (1, 4, 147, 0, 465, 0, 198, 218, 2, 1, 0, 250)
19 (1, 4, 0, 0, 728, 0, 0, 110, 1, 1, 0, 198)
20 (1, 4, 263, 0, 279, 0, 0, 0, 1, 1, 0, 152)
21 (1, 4, 0, 0, 0, 0, 0, 0, 1, 1, 0, 119)
22 (1, 4, 0, 39, 0, 31, 0, 26, 1, 1, 0, 101)
23 (1, 4, 0, 148, 51, 32, 0, 24, 1, 0, 0, 76)
24 (1, 4, 0, 228, 118, 18, 0, 18, 1, 0, 0, 46)
25 (1, 4, 0, 164, 168, 0, 0, 29, 0, 0, 0, 71)
26 (1, 4, 0, 0, 145, 0, 0, 11, 0, 0, 0, 232)
27 (1, 4, 0, 0, 137, 0, 0, 12, 0, 0, 0, 56)
28 (1, 4, 0, 0, 253, 0, 0, 18, 0, 0, 0, 233)
29 (1, 4, 22, 0, 304, 0, 0, 0, 0, 0, 0, 102)
30 (1, 4, 0, 0, 402, 0, 0, 0, 0, 0, 0, 130)
31 (1, 4, 0, 0, 467, 0, 0, 5, 0, 0, 0, 71)
0 (1, 4, 618, 432, 0, 0, 0, 0, 0, 0, 0, 31)
1 (1, 4, 873, 279, 0, 0, 0, 25, 0, 0, 0, 40)
2 (1, 4, 873, 0, 0, 0, 0, 35, 1, 1, 0, 134)
3 (1, 4, 191, 0, 0, 0, 34, 80, 1, 1, 0, 118)
4 (1, 4, 172, 0, 3, 0, 0, 104, 1, 1, 0, 88)
5 (1, 4, 0, 0, 98, 0, 0, 0, 1, 1, 0, 93)
6 (1, 4, 508, 227, 0, 0, 0, 21, 1, 1, 0, 103)
7 (1, 4, 0, 101, 0, 14, 281, 212, 2, 1, 0, 2)
8 (1, 4, 0, 0, 99, 89, 410, 195, 2, 2, 0, 47)
9 (1, 4, 44, 0, 626, 0, 88, 59, 1, 1, 0, 183)
10 (1, 4, 47, 0, 321, 0, 0, 51, 1, 0, 0, 167)
11 (1, 4, 0, 0, 0, 0, 0, 15, 1, 0, 0, 229)
12 (1, 4, 0, 28, 8, 22, 0, 32, 0, 0, 0, 222)
13 (1, 4, 0, 24, 53, 22, 0, 24, 0, 0, 0, 107)
14 (1, 4, 0, 92, 151, 22, 0, 23, 0, 0, 0, 235)
15 (1, 4, 0, 67, 284, 0, 0, 18, 0, 0, 0, 143)
16 (1, 4, 0, 14, 325, 0, 0, 1, 0, 0, 0, 201)
17 (1, 4, 0, 0, 383, 0, 0, 3, 0, 0, 0, 102)
18 (1, 4, 34, 0, 323, 0, 0, 0, 0, 0, 0, 184)
19 (1, 4, 155, 0, 352, 0, 0, 0, 0, 0, 0, 177)
20 (1, 4, 14, 0, 397, 0, 0, 0, 0, 0, 0, 240)
21 (1, 4, 0, 0, 356, 0, 0, 0, 0, 0, 0, 120)
22 (1, 4, 0, 79, 463, 0, 3, 0, 0, 0, 0, 201)
23 (1, 4, 0, 224, 422, 0, 0, 0, 0, 0, 0, 29)
24 (1, 4, 0, 0, 308, 0, 0, 6, 0, 0, 0, 48)
25 (1, 4, 135, 0, 26, 0, 0, 0, 0, 0, 0, 173)
26 (1, 4, 92, 32, 0, 0, 0, 0, 0, 0, 0, 157)
27 (1, 4, 106, 144, 0, 0, 3, 3, 0, 0, 0, 209)
28 (1, 4, 145, 96, 0, 0, 7, 9, 0, 0, 0, 153)
29 (1, 4, 140, 0, 0, 0, 3, 7, 0, 0, 0, 187)
30 (1, 4, 91, 0, 0, 0, 16, 0, 0, 0, 0, 240)
31 (1, 4, 0, 0, 0, 0, 6, 0, 0, 0, 0, 111)
0 (1, 4, 0, 44, 88, 0, 0, 0, 0, 0, 0, 237)
1 (1, 4, 0, 102, 0, 0, 0, 0, 0, 0, 0, 136)
2 (1, 4, 0, 322, 0, 0, 20, 0, 0, 0, 0, 19)
3 (1, 4, 0, 499, 0, 0, 22, 0, 1, 0, 0, 148)
4 (1, 4, 0, 513, 131, 0, 46, 0, 1, 1, 0, 152)
5 (1, 4, 462, 548, 220, 0, 123, 0, 1, 1, 0, 39)
6 (1, 4, 732, 350, 873, 0, 77, 23, 1, 1, 0, 15)
7 (1, 4, 873, 0, 787, 0, 0, 0, 1, 0, 0, 9)
8 (1, 4, 873, 0, 222, 0, 0, 0, 1, 1, 0, 249)
9 (1, 4, 873, 0, 0, 0, 0, 0, 1, 1, 0, 65)
10 (1, 4, 0, 0, 0, 0, 0, 17, 1, 1, 0, 123)
11 (1, 4, 34, 0, 0, 0, 203, 9, 2, 2, 0, 230)
12 (1, 4, 0, 31, 0, 151, 460, 155, 2, 2, 0, 113)
13 (1, 4, 72, 0, 538, 57, 341, 165, 1, 1, 0, 182)
14 (1, 4, 125, 0, 823, 0, 0, 123, 1, 1, 0, 167)
15 (1, 4, 0, 0, 55, 0, 0, 39, 1, 1, 0, 161)
16 (1, 4, 0, 37, 0, 21, 0, 0, 0, 0, 0, 71)
17 (1, 4, 0, 261, 46, 12, 0, 21, 0, 0, 0, 58)
18 (1, 4, 0, 135, 82, 0, 0, 8, 0, 0, 0, 60)
19 (1, 4, 0, 141, 197, 0, 0, 0, 0, 0, 0, 99)
20 (1, 4, 0, 80, 138, 0, 0, 0, 0, 0, 0, 254)
21 (1, 4, 0, 0, 38, 0, 0, 0, 0, 0, 0, 241)
22 (1, 4, 151, 0, 20, 0, 0, 0, 0, 0, 0, 128)
23 (1, 4, 334, 0, 148, 0, 0, 0, 0, 0, 0, 113)
24 (1, 4, 135, 0, 345, 0, 6, 0, 0, 0, 0, 161)
25 (1, 4, 0, 0, 552, 0, 18, 2, 0, 0, 0, 72)
26 (1, 4, 0, 69, 745, 0, 18, 0, 0, 0, 0, 131)
27 (1, 4, 0, 0, 509, 0, 0, 0, 0, 0, 0, 222)
28 (1, 4, 0, 0, 24, 0, 0, 0, 0, 0, 0, 189)
29 (1, 4, 0, 235, 22, 0, 0, 0, 0, 0, 0, 91)
30 (1, 4, 41, 376, 101, 0, 0, 12, 0, 0, 0, 225)
31 (1, 4, 214, 67, 0, 0, 0, 12, 0, 0, 0, 226)
0 (1, 4, 367, 210, 0, 0, 0, 0, 0, 0, 0, 230)
1 (1, 4, 661, 299, 0, 0, 0, 0, 0, 0, 0, 245)
2 (1, 4, 286, 303, 0, 0, 0, 54, 1, 1, 0, 233)
3 (1, 4, 662, 0, 0, 0, 0, 0, 1, 1, 0, 162)
4 (1, 4, 0, 787, 0, 0, 0, 0, 1, 1, 0, 230)
5 (1, 4, 244, 494, 0, 0, 139, 37, 2, 1, 0, 134)
6 (1, 4, 0, 432, 0, 0, 163, 215, 1, 1, 0, 141)
7 (1, 4, 0, 0, 0, 46, 375, 230, 2, 2, 0, 116)
8 (1, 4, 63, 0, 479, 0, 102, 186, 1, 1, 0, 214)
9 (1, 4, 0, 24, 520, 0, 0, 15, 1, 0, 0, 49)
10 (1, 4, 0, 16, 0, 0, 0, 0, 0, 0, 0, 31)
11 (1, 4, 0, 131, 0, 17, 0, 3, 0, 0, 0, 41)
12 (1, 4, 0, 68, 114, 11, 0, 6, 0, 0, 0, 103)
13 (1, 4, 0, 0, 225, 0, 6, 0, 0, 0, 0, 15)
14 (1, 4, 0, 0, 421, 0, 0, 0, 0, 0, 0, 230)
15 (1, 4, 0, 0, 600, 0, 0, 0, 0, 0, 0, 252)
16 (1, 4, 858, 0, 435, 0, 0, 59, 0, 0, 0, 21)
17 (1, 4, 343, 0, 664, 0, 29, 41, 0, 0, 0, 253)
18 (1, 4, 0, 0, 652, 0, 0, 20, 0, 0, 0, 113)
19 (1, 4, 0, 42, 301, 0, 0, 7, 0, 0, 0, 164)
20 (1, 4, 102, 87, 0, 0, 0, 5, 0, 0, 0, 94)
21 (1, 4, 124, 0, 0, 0, 23, 7, 0, 0, 0, 102)
22 (1, 4, 36, 0, 35, 0, 10, 5, 0, 0, 0, 93)
23 (1, 4, 45, 0, 41, 0, 7, 5, 0, 0, 0, 235)
24 (1, 4, 2, 0, 68, 0, 4, 5, 0, 0, 0, 142)
25 (1, 4, 0, 0, 33, 0, 0, 2, 0, 0, 0, 173)
26 (1, 4, 0, 10, 0, 0, 0, 0, 0, 0, 0, 160)
27 (1, 4, 0, 53, 0, 0, 9, 4, 0, 0, 0, 127)
28 (1, 4, 0, 73, 0, 0, 13, 10, 0, 0, 0, 243)
29 (1, 4, 15, 75, 0, 0, 15, 13, 0, 0, 0, 37)
0 (1, 4, 0, 270, 0, 0, 0, 0, 2, 2, 0, 141)
1 (1, 4, 192, 498, 0, 0, 0, 0, 2, 1, 0, 228)
2 (1, 4, 0, 354, 0, 0, 136, 230, 2, 2, 0, 242)
3 (1, 4, 29, 0, 0, 49, 260, 248, 2, 1, 0, 209)
4 (1, 4, 0, 0, 293, 3, 268, 236, 2, 1, 0, 89)
5 (1, 4, 101, 0, 634, 0, 108, 134, 1, 1, 0, 47)
6 (1, 4, 64, 0, 602, 0, 0, 48, 1, 1, 0, 33)
7 (1, 4, 0, 0, 0, 0, 0, 0, 1, 1, 0, 119)
8 (1, 4, 0, 115, 0, 11, 0, 0, 1, 1, 0, 86)
9 (1, 4, 0, 113, 99, 10, 0, 2, 1, 0, 0, 72)
10 (1, 4, 0, 160, 222, 0, 0, 1, 1, 0, 0, 184)
11 (1, 4, 0, 54, 266, 0, 0, 13, 0, 0, 0, 228)
12 (1, 4, 0, 0, 244, 0, 0, 0, 0, 0, 0, 171)
13 (1, 4, 0, 0, 322, 0, 0, 0, 0, 0, 0, 247)
14 (1, 4, 0, 17, 473, 0, 0, 0, 0, 0, 0, 170)
15 (1, 4, 0, 0, 586, 0, 0, 8, 0, 0, 0, 70)
16 (1, 4, 160, 0, 437, 0, 0, 1, 0, 0, 0, 148)
17 (1, 4, 244, 0, 419, 0, 0, 7, 0, 0, 0, 7)
18 (1, 4, 353, 0, 296, 0, 0, 0, 0, 0, 0, 35)
19 (1, 4, 205, 0, 0, 0, 0, 0, 0, 0, 0, 164)
20 (1, 4, 0, 51, 0, 0, 10, 11, 0, 0, 0, 186)
21 (1, 4, 0, 97, 0, 0, 13, 26, 0, 0, 0, 81)
22 (1, 4, 43, 0, 0, 0, 11, 24, 0, 0, 0, 168)
23 (1, 4, 17, 0, 0, 0, 15, 14, 0, 0, 0, 31)
24 (1, 4, 6, 0, 0, 0, 16, 10, 0, 0, 0, 140)
25 (1, 4, 0, 0, 1, 0, 14, 9, 0, 0, 0, 15)
26 (1, 4, 0, 0, 15, 0, 9, 11, 0, 0, 0, 19)
27 (1, 4, 0, 0, 6, 0, 8, 8, 0, 0, 0, 36)
28 (1, 4, 0, 0, 0, 0, 9, 5, 0, 0, 0, 108)
29 (1, 4, 0, 0, 0, 0, 10, 5, 0, 0, 0, 231)
0 (1, 4, 0, 24, 44, 0, 13, 0, 0, 0, 0, 235)
1 (1, 4, 0, 143, 8, 0, 0, 5, 0, 0, 0, 216)
2 (1, 4, 0, 34, 0, 0, 0, 0, 0, 0, 0, 209)
3 (1, 4, 0, 116, 0, 0, 0, 0, 0, 0, 0, 132)
4 (1, 4, 82, 54, 0, 0, 0, 0, 0, 0, 0, 31)
5 (1, 4, 95, 117, 0, 0, 0, 0, 1, 0, 0, 96)
6 (1, 4, 149, 163, 0, 0, 0, 0, 1, 1, 0, 175)
7 (1, 4, 247, 128, 0, 0, 0, 0, 1, 1, 0, 231)
8 (1, 4, 345, 100, 0, 0, 0, 0, 1, 1, 0, 249)
9 (1, 4, 473, 110, 0, 0, 0, 0, 1, 1, 0, 50)
10 (1, 4, 89, 169, 0, 0, 0, 0, 1, 1, 0, 165)
11 (1, 4, 186, 109, 0, 25, 0, 0, 1, 1, 0, 164)
12 (1, 4, 0, 218, 0, 21, 0, 0, 1, 1, 0, 222)
13 (1, 4, 184, 278, 0, 34, 0, 44, 1, 1, 0, 239)
14 (1, 4, 51, 0, 0, 50, 0, 35, 1, 1, 0, 165)
15 (1, 4, 386, 0, 0, 0, 0, 6, 1, 1, 0, 176)
16 (1, 4, 0, 430, 0, 0, 0, 0, 1, 1, 0, 85)
17 (1, 4, 0, 294, 0, 0, 332, 77, 2, 1, 0, 111)
18 (1, 4, 13, 29, 0, 100, 552, 337, 3, 4, 0, 66)
19 (1, 4, 107, 0, 427, 3, 125, 143, 1, 1, 0, 149)
20 (1, 4, 419, 81, 334, 0, 0, 120, 1, 0, 0, 63)
21 (1, 4, 0, 0, 0, 1, 0, 35, 1, 0, 0, 196)
22 (1, 4, 65, 0, 0, 41, 45, 30, 1, 0, 0, 54)
23 (1, 4, 0, 11, 0, 48, 46, 52, 1, 0, 0, 179)
24 (1, 4, 0, 0, 106, 35, 44, 46, 1, 0, 0, 234)
25 (1, 4, 0, 0, 208, 18, 29, 12, 0, 0, 0, 131)
26 (1, 4, 0, 0, 311, 3, 4, 0, 0, 0, 0, 133)
27 (1, 4, 0, 0, 467, 0, 0, 0, 0, 0, 0, 237)
28 (1, 4, 0, 0, 619, 0, 0, 8, 0, 0, 0, 44)
29 (1, 4, 0, 0, 670, 0, 0, 0, 0, 0, 0, 135)
30 (1, 4, 234, 0, 785, 0, 0, 63, 0, 0, 0, 206)
31 (1, 4, 802, 0, 467, 0, 0, 20, 0, 0, 0, 150)
0 (1, 4, 146, 124, 0, 0, 0, 0, 1, 1, 0, 215)
1 (1, 4, 244, 336, 0, 0, 0, 0, 1, 1, 0, 243)
2 (1, 4, 525, 174, 0, 0, 0, 43, 1, 1, 0, 223)
3 (1, 4, 773, 0, 0, 0, 0, 79, 1, 1, 0, 251)
4 (1, 4, 560, 0, 0, 8, 40, 59, 2, 1, 0, 56)
5 (1, 4, 180, 0, 75, 15, 52, 40, 2, 2, 0, 31)
6 (1, 4, 0, 0, 273, 0, 8, 20, 2, 2, 0, 189)
7 (1, 4, 91, 0, 345, 0, 0, 0, 2, 1, 0, 43)
8 (1, 4, 0, 296, 0, 0, 0, 0, 2, 1, 0, 69)
9 (1, 4, 184, 547, 0, 0, 0, 0, 2, 1, 0, 68)
10 (1, 4, 0, 471, 0, 0, 267, 465, 2, 2, 0, 219)
11 (1, 4, 0, 0, 285, 59, 435, 331, 3, 3, 0, 50)
12 (1, 4, 55, 0, 493, 0, 0, 0, 1, 0, 0, 206)
13 (1, 4, 0, 0, 278, 0, 0, 0, 0, 0, 0, 45)
14 (1, 4, 164, 0, 0, 1, 0, 2, 0, 0, 0, 50)
15 (1, 4, 0, 0, 0, 21, 0, 29, 0, 0, 0, 121)
16 (1, 4, 31, 0, 1, 12, 0, 36, 0, 0, 0, 0)
17 (1, 4, 0, 20, 11, 13, 0, 43, 0, 0, 0, 116)
18 (1, 4, 0, 29, 36, 10, 0, 58, 0, 0, 0, 132)
19 (1, 4, 13, 0, 12, 13, 0, 57, 0, 0, 0, 6)
20 (1, 4, 0, 0, 22, 14, 0, 59, 0, 0, 0, 52)
21 (1, 4, 0, 0, 2, 15, 0, 52, 0, 0, 0, 243)
22 (1, 4, 0, 0, 8, 15, 0, 48, 0, 0, 0, 21)
23 (1, 4, 0, 0, 0, 13, 0, 49, 0, 0, 0, 72)
24 (1, 4, 38, 0, 0, 10, 0, 52, 0, 0, 0, 92)
25 (1, 4, 43, 0, 0, 15, 0, 44, 0, 0, 0, 64)
26 (1, 4, 0, 13, 4, 14, 0, 48, 0, 0, 0, 52)
27 (1, 4, 25, 5, 0, 8, 0, 54, 0, 0, 0, 201)
28 (1, 4, 0, 5, 0, 10, 0, 54, 0, 0, 0, 105)
29 (1, 4, 8, 0, 0, 11, 0, 50, 0, 0, 0, 28)
30 (1, 4, 0, 0, 0, 14, 0, 47, 0, 0, 0, 156)
31 (1, 4, 0, 0, 14, 12, 0, 48, 0, 0, 0, 69)
0 (1, 4, 0, 88, 0, 0, 0, 0, 0, 0, 0, 47)
1 (1, 4, 0, 104, 0, 0, 0, 0, 0, 0, 0, 140)
2 (1, 4, 87, 43, 0, 0, 0, 0, 1, 1, 0, 157)
3 (1, 4, 454, 59, 0, 0, 0, 0, 1, 1, 0, 5)
4 (1, 4, 404, 259, 0, 0, 0, 29, 1, 1, 0, 22)
5 (1, 4, 229, 0, 0, 0, 0, 64, 1, 1, 0, 95)
6 (1, 4, 35, 0, 0, 0, 0, 40, 2, 1, 0, 79)
7 (1, 4, 45, 0, 0, 0, 0, 0, 2, 1, 0, 80)
8 (1, 4, 339, 374, 0, 0, 0, 0, 1, 1, 0, 124)
9 (1, 4, 0, 339, 0, 0, 266, 314, 1, 1, 0, 128)
10 (1, 4, 61, 0, 341, 83, 741, 311, 1, 1, 0, 209)
11 (1, 4, 231, 0, 660, 0, 0, 0, 1, 1, 0, 108)
12 (1, 4, 23, 0, 0, 0, 0, 0, 1, 1, 0, 189)
13 (1, 4, 54, 0, 0, 43, 0, 16, 1, 1, 0, 151)
14 (1, 4, 0, 0, 28, 24, 0, 31, 1, 1, 0, 207)
15 (1, 4, 0, 20, 71, 1, 0, 52, 1, 1, 0, 202)
16 (1, 4, 0, 14, 27, 2, 0, 45, 1, 1, 0, 212)
17 (1, 4, 0, 28, 46, 6, 0, 55, 1, 0, 0, 4)
18 (1, 4, 0, 0, 48, 5, 0, 57, 1, 0, 0, 185)
19 (1, 4, 0, 0, 68, 0, 0, 57, 1, 0, 0, 254)
20 (1, 4, 0, 0, 29, 3, 0, 48, 1, 0, 0, 70)
21 (1, 4, 0, 0, 14, 7, 0, 37, 1, 0, 0, 135)
22 (1, 4, 0, 0, 18, 4, 0, 25, 0, 0, 0, 180)
23 (1, 4, 0, 12, 18, 1, 0, 24, 0, 0, 0, 97)
24 (1, 4, 0, 15, 33, 0, 0, 23, 0, 0, 0, 101)
25 (1, 4, 0, 23, 11, 0, 0, 34, 0, 0, 0, 2)
26 (1, 4, 0, 6, 0, 0, 0, 33, 0, 0, 0, 183)
27 (1, 4, 0, 0, 0, 0, 0, 28, 0, 0, 0, 50)
28 (1, 4, 0, 0, 0, 1, 0, 23, 0, 0, 0, 161)
29 (1, 4, 9, 0, 0, 1, 0, 13, 0, 0, 0, 95)
30 (1, 4, 0, 31, 19, 0, 0, 15, 0, 0, 0, 147)
31 (1, 4, 0, 42, 0, 4, 0, 17, 0, 0, 0, 18)
0 (1, 4, 0, 0, 81, 0, 0, 0, 1, 1, 0, 103)
1 (1, 4, 0, 0, 87, 0, 0, 0, 1, 1, 0, 22)
2 (1, 4, 0, 0, 54, 0, 0, 0, 1, 1, 0, 135)
3 (1, 4, 0, 0, 33, 0, 0, 0, 1, 1, 0, 29)
4 (1, 4, 0, 15, 73, 0, 0, 0, 1, 1, 0, 21)
5 (1, 4, 0, 49, 88, 0, 0, 0, 1, 1, 0, 89)
6 (1, 4, 166, 80, 7, 0, 0, 0, 1, 1, 0, 134)
7 (1, 4, 873, 0, 0, 0, 0, 0, 2, 1, 0, 231)
8 (1, 4, 819, 0, 0, 0, 25, 0, 2, 2, 0, 98)
9 (1, 4, 0, 0, 0, 7, 0, 85, 2, 2, 0, 13)
10 (1, 4, 217, 0, 0, 15, 0, 49, 2, 1, 0, 219)
11 (1, 4, 0, 3, 19, 15, 0, 64, 2, 1, 0, 45)
12 (1, 4, 45, 0, 0, 19, 0, 59, 2, 1, 0, 120)
13 (1, 4, 0, 0, 59, 8, 0, 61, 2, 1, 0, 157)
14 (1, 4, 0, 7, 46, 0, 0, 0, 1, 1, 0, 70)
15 (1, 4, 0, 267, 0, 0, 0, 0, 1, 1, 0, 249)
16 (1, 4, 0, 320, 0, 0, 0, 81, 1, 1, 0, 88)
17 (1, 4, 0, 229, 0, 6, 13, 123, 1, 1, 0, 250)
18 (1, 4, 0, 132, 0, 15, 33, 110, 1, 1, 0, 191)
19 (1, 4, 35, 44, 0, 14, 14, 152, 1, 1, 0, 208)
20 (1, 4, 51, 0, 136, 21, 59, 152, 1, 1, 0, 234)
21 (1, 4, 51, 0, 282, 1, 0, 147, 1, 1, 0, 211)
22 (1, 4, 4, 0, 508, 0, 0, 65, 1, 1, 0, 225)
23 (1, 4, 332, 0, 294, 0, 0, 13, 1, 1, 0, 38)
24 (1, 4, 0, 0, 214, 0, 0, 11, 1, 1, 0, 255)
25 (1, 4, 172, 0, 46, 0, 0, 9, 1, 1, 0, 235)
26 (1, 4, 0, 0, 0, 0, 0, 36, 1, 1, 0, 163)
27 (1, 4, 0, 0, 0, 5, 0, 29, 1, 1, 0, 135)
28 (1, 4, 0, 26, 10, 2, 0, 44, 1, 1, 0, 91)
29 (1, 4, 0, 0, 0, 5, 0, 45, 1, 1, 0, 245)
30 (1, 4, 0, 12, 6, 1, 0, 49, 1, 1, 0, 221)
31 (1, 4, 0, 17, 26, 0, 0, 48, 1, 1, 0, 61)
0 (1, 4, 155, 28, 0, 0, 0, 0, 1, 0, 0, 131)
1 (1, 4, 324, 218, 0, 6, 0, 0, 1, 1, 0, 187)
2 (1, 4, 274, 426, 0, 0, 0, 0, 1, 0, 0, 26)
3 (1, 4, 269, 291, 0, 0, 0, 0, 1, 0, 0, 167)
4 (1, 4, 178, 277, 0, 0, 0, 14, 1, 0, 0, 255)
5 (1, 4, 204, 216, 0, 0, 0, 36, 1, 1, 0, 39)
6 (1, 4, 139, 122, 0, 0, 0, 56, 1, 1, 0, 102)
7 (1, 4, 52, 0, 0, 0, 0, 1, 1, 1, 0, 183)
8 (1, 4, 0, 207, 0, 0, 0, 0, 1, 1, 0, 68)
9 (1, 4, 107, 367, 0, 0, 0, 63, 1, 1, 0, 197)
10 (1, 4, 0, 68, 0, 62, 83, 167, 1, 1, 0, 166)
11 (1, 4, 0, 16, 0, 38, 0, 128, 1, 1, 0, 55)
12 (1, 4, 0, 0, 6, 33, 0, 89, 1, 1, 0, 83)
13 (1, 4, 63, 0, 107, 53, 13, 158, 1, 1, 0, 81)
14 (1, 4, 0, 0, 282, 32, 63, 127, 1, 0, 0, 171)
15 (1, 4, 175, 0, 473, 0, 0, 11, 1, 0, 0, 24)
16 (1, 4, 0, 0, 172, 0, 0, 0, 1, 0, 0, 241)
17 (1, 4, 0, 0, 0, 0, 0, 6, 1, 0, 0, 208)
18 (1, 4, 0, 0, 0, 0, 0, 4, 0, 0, 0, 11)
19 (1, 4, 0, 0, 0, 0, 0, 21, 0, 0, 0, 7)
20 (1, 4, 0, 0, 0, 12, 0, 27, 0, 0, 0, 165)
21 (1, 4, 0, 0, 24, 14, 0, 22, 0, 0, 0, 24)
22 (1, 4, 0, 0, 44, 7, 0, 15, 0, 0, 0, 198)
23 (1, 4, 0, 0, 34, 12, 0, 0, 0, 0, 0, 43)
24 (1, 4, 0, 26, 26, 9, 0, 0, 0, 0, 0, 202)
25 (1, 4, 0, 32, 33, 8, 0, 0, 0, 0, 0, 46)
26 (1, 4, 0, 0, 37, 0, 0, 0, 0, 0, 0, 74)
27 (1, 4, 0, 0, 6, 0, 0, 0, 0, 0, 0, 15)
28 (1, 4, 0, 0, 0, 0, 0, 0, 0, 0, 0, 126)
29 (1, 4, 0, 21, 0, 0, 0, 0, 0, 0, 0, 112)
0 (1, 4, 0, 41, 34, 0, 0, 0, 0, 0, 0, 107)
1 (1, 4, 4, 41, 31, 0, 0, 0, 0, 0, 0, 164)
2 (1, 4, 35, 39, 41, 0, 0, 0, 0, 0, 0, 189)
3 (1, 4, 39, 18, 146, 0, 0, 0, 1, 0, 0, 92)
4 (1, 4, 0, 0, 321, 0, 0, 0, 1, 0, 0, 46)
5 (1, 4, 26, 0, 374, 0, 0, 0, 1, 0, 0, 198)
6 (1, 4, 241, 0, 223, 0, 0, 0, 0, 0, 0, 231)
7 (1, 4, 783, 0, 0, 0, 0, 0, 0, 0, 0, 34)
8 (1, 4, 873, 0, 0, 0, 0, 0, 1, 1, 0, 65)
9 (1, 4, 383, 0, 0, 0, 6, 33, 1, 1, 0, 238)
10 (1, 4, 0, 0, 0, 0, 0, 84, 1, 1, 0, 148)
11 (1, 4, 0, 0, 0, 0, 0, 36, 1, 1, 0, 163)
12 (1, 4, 0, 116, 0, 0, 0, 0, 1, 1, 0, 141)
13 (1, 4, 0, 206, 0, 0, 60, 96, 1, 1, 0, 191)
14 (1, 4, 0, 77, 0, 65, 169, 209, 1, 1, 0, 160)
15 (1, 4, 0, 0, 43, 75, 98, 105, 1, 1, 0, 182)
16 (1, 4, 55, 0, 115, 0, 0, 65, 1, 1, 0, 33)
17 (1, 4, 31, 19, 92, 18, 0, 75, 1, 1, 0, 18)
18 (1, 4, 31, 42, 288, 9, 0, 118, 1, 1, 0, 110)
19 (1, 4, 0, 0, 278, 7, 8, 97, 1, 1, 0, 131)
20 (1, 4, 0, 0, 435, 0, 0, 38, 1, 0, 0, 231)
21 (1, 4, 185, 0, 255, 0, 0, 0, 1, 0, 0, 130)
22 (1, 4, 0, 24, 0, 0, 0, 0, 1, 0, 0, 206)
23 (1, 4, 61, 0, 0, 0, 0, 8, 1, 0, 0, 151)
24 (1, 4, 0, 34, 139, 0, 0, 16, 1, 0, 0, 150)
25 (1, 4, 0, 86, 177, 0, 0, 13, 1, 0, 0, 237)
26 (1, 4, 0, 114, 125, 0, 0, 4, 1, 0, 0, 40)
27 (1, 4, 0, 121, 93, 0, 0, 0, 0, 0, 0, 170)
28 (1, 4, 0, 143, 80, 0, 0, 0, 0, 0, 0, 74)
29 (1, 4, 0, 97, 65, 0, 0, 0, 1, 0, 0, 135)
30 (1, 4, 0, 81, 79, 0, 0, 0, 1, 0, 0, 233)
31 (1, 4, 0, 0, 21, 0, 0, 0, 1, 0, 0, 169)
0 (1, 4, 22, 0, 61, 0, 0, 0, 0, 0, 0, 77)
1 (1, 4, 101, 0, 80, 0, 0, 0, 0, 0, 0, 130)
2 (1, 4, 204, 0, 72, 0, 0, 0, 0, 0, 0, 237)
3 (1, 4, 412, 30, 2, 0, 0, 0, 0, 0, 0, 139)
4 (1, 4, 520, 145, 0, 0, 0, 0, 1, 1, 0, 214)
5 (1, 4, 873, 121, 0, 0, 0, 0, 1, 1, 0, 103)
6 (1, 4, 873, 408, 0, 0, 0, 0, 1, 1, 0, 119)
7 (1, 4, 623, 259, 0, 0, 0, 27, 1, 1, 0, 5)
8 (1, 4, 220, 152, 0, 0, 0, 79, 1, 1, 0, 44)
9 (1, 4, 0, 0, 0, 0, 0, 45, 1, 1, 0, 150)
10 (1, 4, 28, 99, 0, 0, 0, 0, 1, 1, 0, 70)
11 (1, 4, 0, 292, 0, 0, 0, 41, 1, 1, 0, 30)
12 (1, 4, 0, 159, 0, 25, 100, 160, 1, 1, 0, 105)
13 (1, 4, 0, 16, 0, 71, 92, 178, 1, 1, 0, 98)
14 (1, 4, 0, 0, 68, 27, 0, 123, 1, 1, 0, 71)
15 (1, 4, 25, 0, 46, 31, 0, 68, 1, 1, 0, 184)
16 (1, 4, 189, 23, 16, 52, 0, 127, 1, 1, 0, 179)
17 (1, 4, 89, 0, 237, 48, 54, 138, 1, 1, 0, 188)
18 (1, 4, 0, 0, 445, 0, 0, 63, 1, 1, 0, 167)
19 (1, 4, 0, 0, 319, 0, 0, 0, 1, 0, 0, 153)
20 (1, 4, 131, 0, 78, 0, 0, 0, 1, 0, 0, 45)
21 (1, 4, 0, 12, 99, 0, 0, 10, 1, 0, 0, 152)
22 (1, 4, 0, 28, 48, 0, 0, 29, 1, 0, 0, 6)
23 (1, 4, 0, 15, 111, 0, 0, 19, 0, 0, 0, 38)
24 (1, 4, 0, 82, 262, 0, 0, 23, 0, 0, 0, 29)
25 (1, 4, 0, 155, 489, 0, 0, 0, 0, 0, 0, 244)
26 (1, 4, 0, 258, 294, 0, 0, 0, 1, 0, 0, 70)
27 (1, 4, 0, 81, 0, 0, 0, 0, 0, 0, 0, 41)
28 (1, 4, 0, 0, 0, 0, 0, 0, 1, 0, 0, 28)
29 (1, 4, 0, 0, 0, 0, 0, 0, 1, 1, 0, 119)
30 (1, 4, 0, 0, 0, 0, 0, 0, 1, 1, 0, 119)
31 (1, 4, 0, 24, 0, 0, 0, 0, 1, 0, 0, 206)
0 (1, 4, 83, 0, 0, 0, 0, 0, 0, 0, 0, 5)
1 (1, 4, 148, 0, 0, 0, 0, 0, 0, 0, 0, 179)
2 (1, 4, 182, 0, 0, 0, 0, 10, 0, 0, 0, 59)
3 (1, 4, 132, 0, 21, 0, 0, 15, 0, 0, 0, 31)
4 (1, 4, 0, 0, 74, 0, 0, 13, 0, 0, 0, 86)
5 (1, 4, 0, 0, 142, 0, 0, 17, 0, 0, 0, 78)
6 (1, 4, 0, 0, 251, 0, 0, 27, 0, 0, 0, 173)
7 (1, 4, 29, 0, 283, 0, 0, 0, 0, 0, 0, 253)
8 (1, 4, 0, 7, 0, 0, 0, 0, 1, 0, 0, 30)
9 (1, 4, 367, 375, 0, 0, 0, 0, 0, 0, 0, 175)
10 (1, 4, 151, 373, 0, 0, 108, 70, 0, 0, 0, 183)
11 (1, 4, 143, 176, 0, 36, 179, 139, 0, 0, 0, 55)
12 (1, 4, 0, 122, 153, 8, 72, 151, 0, 0, 0, 79)
13 (1, 4, 0, 0, 172, 0, 0, 139, 0, 0, 0, 149)
14 (1, 4, 320, 0, 222, 0, 3, 192, 0, 0, 0, 9)
15 (1, 4, 0, 0, 551, 0, 0, 39, 0, 0, 0, 109)
16 (1, 4, 219, 0, 115, 0, 0, 0, 0, 0, 0, 161)
17 (1, 4, 0, 11, 0, 0, 0, 3, 0, 0, 0, 115)
18 (1, 4, 0, 0, 0, 0, 0, 25, 0, 0, 0, 152)
19 (1, 4, 0, 31, 16, 0, 0, 17, 0, 0, 0, 221)
20 (1, 4, 0, 51, 50, 0, 0, 27, 0, 0, 0, 244)
21 (1, 4, 0, 11, 43, 0, 0, 31, 0, 0, 0, 198)
22 (1, 4, 0, 0, 72, 0, 0, 21, 1, 0, 0, 34)
23 (1, 4, 0, 0, 64, 0, 0, 14, 1, 1, 0, 170)
24 (1, 4, 0, 18, 73, 0, 0, 16, 1, 1, 0, 123)
25 (1, 4, 35, 4, 10, 0, 0, 18, 1, 1, 0, 129)
26 (1, 4, 57, 23, 0, 0, 0, 19, 1, 1, 0, 248)
27 (1, 4, 30, 17, 0, 0, 0, 20, 1, 1, 0, 177)
28 (1, 4, 37, 0, 0, 0, 0, 21, 1, 1, 0, 255)
29 (1, 4, 0, 0, 0, 0, 0, 14, 1, 1, 0, 81)
0 (1, 4, 313, 200, 0, 0, 0, 0, 1, 1, 0, 29)
1 (1, 4, 37, 206, 0, 0, 0, 0, 1, 1, 0, 0)
2 (1, 4, 287, 51, 0, 0, 0, 0, 1, 1, 0, 180)
3 (1, 4, 32, 113, 0, 0, 0, 0, 1, 1, 0, 37)
4 (1, 4, 164, 130, 0, 0, 0, 2, 1, 1, 0, 72)
5 (1, 4, 158, 78, 0, 0, 0, 15, 1, 1, 0, 168)
6 (1, 4, 48, 28, 76, 0, 0, 23, 1, 1, 0, 129)
7 (1, 4, 0, 0, 75, 0, 0, 0, 1, 1, 0, 139)
8 (1, 4, 244, 466, 0, 0, 0, 0, 1, 1, 0, 159)
9 (1, 4, 79, 597, 0, 0, 33, 96, 1, 1, 0, 116)
10 (1, 4, 98, 210, 0, 25, 110, 192, 1, 1, 0, 179)
11 (1, 4, 0, 88, 2, 30, 0, 144, 1, 1, 0, 29)
12 (1, 4, 85, 0, 31, 14, 0, 100, 1, 1, 0, 37)
13 (1, 4, 181, 0, 98, 26, 10, 133, 1, 1, 0, 123)
14 (1, 4, 70, 0, 316, 0, 27, 93, 1, 1, 0, 253)
15 (1, 4, 0, 0, 474, 0, 0, 3, 1, 1, 0, 170)
16 (1, 4, 0, 0, 97, 0, 0, 0, 1, 0, 0, 141)
17 (1, 4, 0, 0, 58, 0, 0, 0, 1, 0, 0, 14)
18 (1, 4, 0, 0, 62, 0, 0, 0, 1, 0, 0, 80)
19 (1, 4, 0, 0, 70, 0, 0, 0, 1, 0, 0, 150)
20 (1, 4, 0, 9, 114, 0, 0, 0, 1, 0, 0, 79)
21 (1, 4, 0, 0, 146, 0, 0, 0, 0, 0, 0, 223)
22 (1, 4, 0, 0, 208, 0, 0, 0, 0, 0, 0, 11)
23 (1, 4, 0, 79, 46, 0, 0, 0, 0, 0, 0, 127)
24 (1, 4, 101, 25, 0, 0, 0, 0, 0, 0, 0, 97)
25 (1, 4, 181, 0, 0, 0, 0, 0, 0, 0, 0, 122)
26 (1, 4, 100, 13, 0, 0, 0, 0, 0, 0, 0, 212)
27 (1, 4, 46, 0, 0, 0, 0, 0, 0, 0, 0, 237)
28 (1, 4, 0, 0, 0, 0, 0, 0, 0, 0, 0, 126)
29 (1, 4, 0, 0, 13, 0, 0, 0, 0, 0, 0, 8)
30 (1, 4, 11, 0, 0, 0, 0, 0, 0, 0, 0, 28)
31 (1, 4, 22, 2, 0, 0, 0, 0, 0, 0, 0, 215)
0 (1, 4, 297, 0, 0, 0, 0, 43, 1, 1, 0, 225)
1 (1, 4, 87, 0, 80, 0, 0, 29, 2, 2, 0, 56)
2 (1, 4, 7, 0, 111, 0, 0, 4, 2, 2, 0, 111)
3 (1, 4, 0, 0, 140, 0, 0, 0, 2, 2, 0, 127)
4 (1, 4, 0, 0, 101, 0, 0, 0, 2, 1, 0, 30)
5 (1, 4, 0, 0, 237, 0, 0, 0, 2, 1, 0, 83)
6 (1, 4, 92, 552, 0, 0, 0, 0, 1, 1, 0, 234)
7 (1, 4, 335, 540, 0, 0, 61, 167, 1, 1, 0, 136)
8 (1, 4, 111, 196, 0, 1, 169, 217, 1, 1, 0, 140)
9 (1, 4, 12, 97, 27, 0, 111, 125, 1, 1, 0, 122)
10 (1, 4, 184, 0, 237, 0, 40, 158, 1, 1, 0, 4)
11 (1, 4, 0, 0, 618, 0, 0, 60, 1, 1, 0, 182)
12 (1, 4, 733, 0, 281, 0, 0, 11, 1, 0, 0, 164)
13 (1, 4, 0, 0, 111, 0, 0, 34, 1, 1, 0, 51)
14 (1, 4, 9, 0, 0, 0, 0, 26, 1, 1, 0, 137)
15 (1, 4, 0, 0, 0, 0, 0, 19, 1, 1, 0, 194)
16 (1, 4, 0, 37, 67, 0, 0, 23, 1, 1, 0, 90)
17 (1, 4, 0, 36, 80, 0, 0, 24, 1, 1, 0, 210)
18 (1, 4, 0, 69, 54, 0, 0, 34, 1, 1, 0, 115)
19 (1, 4, 0, 81, 21, 0, 0, 44, 1, 1, 0, 171)
20 (1, 4, 51, 67, 0, 0, 0, 57, 1, 1, 0, 94)
21 (1, 4, 35, 65, 0, 0, 0, 52, 1, 1, 0, 147)
22 (1, 4, 43, 53, 0, 0, 0, 50, 1, 1, 0, 213)
23 (1, 4, 69, 54, 0, 0, 0, 52, 1, 0, 0, 176)
24 (1, 4, 18, 29, 0, 0, 0, 46, 1, 0, 0, 218)
25 (1, 4, 13, 12, 0, 0, 0, 40, 1, 0, 0, 120)
26 (1, 4, 0, 0, 0, 0, 0, 33, 1, 0, 0, 98)
27 (1, 4, 0, 0, 6, 0, 0, 29, 1, 0, 0, 254)
28 (1, 4, 0, 0, 14, 0, 0, 23, 1, 1, 0, 122)
29 (1, 4, 0, 0, 31, 0, 0, 20, 1, 0, 0, 156)
30 (1, 4, 0, 0, 45, 0, 0, 17, 1, 0, 0, 152)
31 (1, 4, 0, 9, 61, 0, 0, 12, 1, 0, 0, 114)
0 (1, 4, 169, 0, 0, 0, 0, 0, 1, 1, 0, 219)
1 (1, 4, 16, 38, 0, 0, 0, 44, 1, 1, 0, 220)
2 (1, 4, 162, 0, 0, 0, 0, 36, 1, 1, 0, 109)
3 (1, 4, 29, 10, 71, 0, 0, 0, 1, 1, 0, 17)
4 (1, 4, 11, 199, 0, 0, 0, 0, 1, 1, 0, 149)
5 (1, 4, 163, 193, 0, 39, 124, 69, 1, 1, 0, 107)
6 (1, 4, 0, 190, 0, 75, 105, 174, 1, 1, 0, 127)
7 (1, 4, 85, 0, 127, 47, 80, 185, 1, 1, 0, 21)
8 (1, 4, 0, 0, 276, 0, 67, 109, 1, 1, 0, 62)
9 (1, 4, 0, 0, 523, 0, 0, 0, 1, 0, 0, 161)
10 (1, 4, 525, 0, 182, 0, 0, 0, 1, 0, 0, 95)
11 (1, 4, 0, 82, 36, 0, 0, 6, 0, 0, 0, 157)
12 (1, 4, 0, 174, 48, 0, 0, 27, 0, 0, 0, 103)
13 (1, 4, 0, 26, 0, 0, 0, 28, 0, 0, 0, 141)
14 (1, 4, 0, 51, 8, 0, 0, 29, 0, 0, 0, 42)
15 (1, 4, 0, 64, 19, 0, 0, 28, 0, 0, 0, 117)
16 (1, 4, 0, 53, 0, 0, 0, 23, 0, 0, 0, 114)
17 (1, 4, 0, 20, 0, 0, 0, 20, 0, 0, 0, 99)
18 (1, 4, 0, 0, 0, 0, 0, 11, 1, 0, 0, 144)
19 (1, 4, 0, 5, 0, 0, 0, 4, 0, 0, 0, 100)
20 (1, 4, 0, 0, 0, 0, 0, 0, 0, 0, 0, 126)
21 (1, 4, 0, 0, 0, 0, 0, 0, 0, 0, 0, 126)
22 (1, 4, 0, 16, 0, 0, 0, 0, 0, 0, 0, 31)
23 (1, 4, 0, 59, 13, 0, 0, 0, 0, 0, 0, 192)
24 (1, 4, 0, 44, 29, 0, 0, 0, 0, 0, 0, 220)
25 (1, 4, 0, 49, 51, 0, 0, 0, 0, 0, 0, 82)
26 (1, 4, 0, 30, 48, 0, 0, 0, 0, 0, 0, 154)
27 (1, 4, 0, 3, 53, 0, 0, 0, 0, 0, 0, 237)
28 (1, 4, 0, 0, 38, 0, 0, 0, 1, 0, 0, 147)
29 (1, 4, 0, 0, 12, 0, 0, 0, 1, 0, 0, 254)
30 (1, 4, 0, 0, 0, 0, 0, 0, 1, 0, 0, 28)
31 (1, 4, 0, 9, 0, 0, 0, 0, 1, 0, 0, 26)
0 (1, 4, 873, 146, 0, 0, 0, 0, 1, 2, 0, 241)
1 (1, 4, 136, 729, 0, 0, 0, 74, 1, 1, 0, 44)
2 (1, 4, 353, 70, 0, 0, 0, 46, 1, 1, 0, 134)
3 (1, 4, 0, 0, 0, 0, 0, 32, 2, 1, 0, 112)
4 (1, 4, 0, 141, 0, 0, 0, 0, 2, 1, 0, 12)
5 (1, 4, 165, 211, 0, 0, 12, 36, 2, 1, 0, 248)
6 (1, 4, 0, 270, 0, 47, 145, 169, 1, 1, 0, 12)
7 (1, 4, 24, 0, 0, 19, 20, 165, 1, 1, 0, 214)
8 (1, 4, 2, 0, 22, 0, 0, 62, 1, 1, 0, 49)
9 (1, 4, 0, 0, 92, 29, 27, 123, 1, 1, 0, 9)
10 (1, 4, 78, 0, 328, 0, 32, 118, 1, 1, 0, 70)
11 (1, 4, 0, 0, 434, 0, 0, 0, 1, 0, 0, 30)
12 (1, 4, 20, 0, 1, 0, 0, 0, 1, 0, 0, 80)
13 (1, 4, 34, 18, 0, 0, 0, 0, 1, 0, 0, 203)
14 (1, 4, 50, 58, 7, 0, 0, 35, 0, 0, 0, 26)
15 (1, 4, 0, 19, 81, 0, 0, 43, 0, 0, 0, 250)
16 (1, 4, 0, 11, 126, 0, 0, 22, 0, 0, 0, 189)
17 (1, 4, 0, 0, 255, 0, 0, 0, 0, 0, 0, 172)
18 (1, 4, 0, 182, 334, 0, 0, 0, 0, 0, 0, 0)
19 (1, 4, 0, 0, 50, 0, 0, 0, 1, 0, 0, 178)
20 (1, 4, 197, 0, 0, 0, 0, 0, 1, 0, 0, 182)
21 (1, 4, 57, 0, 0, 0, 7, 0, 1, 1, 0, 70)
22 (1, 4, 0, 64, 27, 0, 0, 0, 1, 0, 0, 231)
23 (1, 4, 135, 0, 0, 0, 0, 0, 0, 0, 0, 65)
24 (1, 4, 81, 5, 0, 0, 0, 0, 0, 0, 0, 118)
25 (1, 4, 10, 38, 0, 0, 0, 0, 0, 0, 0, 103)
26 (1, 4, 16, 33, 0, 0, 0, 0, 0, 0, 0, 233)
27 (1, 4, 25, 17, 0, 0, 0, 0, 0, 0, 0, 52)
28 (1, 4, 8, 0, 0, 0, 0, 0, 0, 0, 0, 14)
29 (1, 4, 0, 0, 10, 0, 0, 0, 0, 0, 0, 237)
30 (1, 4, 0, 9, 18, 0, 0, 0, 0, 0, 0, 40)
31 (1, 4, 0, 0, 14, 0, 0, 0, 0, 0, 0, 179)
0 (1, 4, 0, 0, 0, 0, 0, 0, 1, 0, 0, 28)
1 (1, 4, 0, 0, 0, 0, 0, 0, 0, 0, 0, 126)
2 (1, 4, 0, 0, 0, 0, 0, 0, 0, 0, 0, 126)
3 (1, 4, 1, 0, 0, 0, 0, 0, 0, 0, 0, 112)
4 (1, 4, 46, 0, 0, 0, 0, 0, 0, 0, 0, 237)
5 (1, 4, 125, 0, 0, 0, 0, 0, 1, 0, 0, 244)
6 (1, 4, 219, 0, 0, 0, 0, 0, 0, 0, 0, 96)
7 (1, 4, 287, 0, 0, 0, 0, 0, 1, 1, 0, 207)
8 (1, 4, 460, 0, 0, 0, 0, 0, 1, 1, 0, 161)
9 (1, 4, 103, 0, 0, 0, 0, 0, 1, 1, 0, 19)
10 (1, 4, 0, 0, 38, 0, 0, 0, 1, 1, 0, 248)
11 (1, 4, 0, 0, 53, 0, 0, 5, 1, 1, 0, 150)
12 (1, 4, 27, 0, 40, 0, 0, 24, 1, 1, 0, 142)
13 (1, 4, 111, 56, 0, 0, 0, 61, 1, 1, 0, 65)
14 (1, 4, 243, 0, 5, 0, 0, 102, 1, 0, 0, 87)
15 (1, 4, 30, 0, 92, 0, 0, 73, 1, 0, 0, 190)
16 (1, 4, 5, 0, 66, 0, 0, 42, 1, 1, 0, 103)
17 (1, 4, 0, 0, 0, 0, 0, 0, 1, 1, 0, 119)
18 (1, 4, 0, 0, 0, 0, 0, 0, 2, 1, 0, 209)
19 (1, 4, 0, 248, 0, 0, 0, 0, 1, 1, 0, 229)
20 (1, 4, 0, 315, 0, 0, 0, 0, 1, 1, 0, 90)
21 (1, 4, 23, 350, 0, 0, 0, 42, 1, 1, 0, 76)
22 (1, 4, 6, 326, 0, 0, 0, 83, 1, 1, 0, 114)
23 (1, 4, 4, 283, 0, 0, 0, 87, 1, 1, 0, 37)
24 (1, 4, 82, 174, 0, 3, 57, 135, 1, 1, 0, 77)
25 (1, 4, 14, 86, 0, 2, 0, 101, 1, 1, 0, 6)
26 (1, 4, 18, 0, 48, 6, 0, 74, 1, 1, 0, 94)
27 (1, 4, 0, 0, 147, 5, 0, 92, 1, 1, 0, 40)
28 (1, 4, 35, 0, 225, 10, 0, 87, 1, 1, 0, 129)
29 (1, 4, 0, 0, 324, 0, 0, 87, 1, 1, 0, 10)
30 (1, 4, 200, 0, 294, 0, 0, 65, 1, 1, 0, 211)
31 (1, 4, 62, 0, 328, 0, 0, 72, 1, 1, 0, 177)

