0 (1, 4, 0, 0, 6, 4, 0, 17, 0, 1, 0, 20)
1 (1, 4, 0, 0, 15, 12, 0, 33, 1, 1, 0, 212)
2 (1, 4, 0, 54, 121, 9, 0, 35, 1, 1, 0, 17)
3 (1, 4, 0, 15, 119, 0, 0, 37, 1, 0, 0, 57)
4 (1, 4, 0, 0, 122, 0, 0, 10, 1, 0, 0, 166)
5 (1, 4, 0, 4, 96, 0, 0, 0, 0, 0, 0, 161)
6 (1, 4, 0, 38, 85, 0, 0, 0, 0, 0, 0, 69)
7 (1, 4, 24, 76, 54, 0, 0, 4, 1, 0, 0, 227)
8 (1, 4, 281, 55, 0, 0, 0, 0, 0, 0, 0, 67)
9 (1, 4, 41, 107, 7, 0, 0, 18, 0, 0, 0, 98)
10 (1, 4, 52, 26, 8, 0, 0, 22, 1, 0, 0, 31)
11 (1, 4, 0, 11, 0, 0, 0, 10, 0, 0, 0, 70)
12 (1, 4, 0, 0, 4, 0, 0, 9, 0, 0, 0, 21)
13 (1, 4, 0, 0, 0, 0, 0, 9, 1, 0, 0, 41)
14 (1, 4, 0, 0, 0, 0, 0, 8, 0, 0, 0, 148)
15 (1, 4, 0, 0, 0, 0, 0, 4, 0, 0, 0, 11)
16 (1, 4, 0, 0, 0, 0, 0, 3, 0, 0, 0, 24)
17 (1, 4, 0, 0, 0, 0, 0, 1, 1, 0, 0, 195)
18 (1, 4, 0, 0, 0, 0, 0, 0, 0, 0, 0, 126)
19 (1, 4, 0, 0, 0, 0, 0, 1, 0, 0, 0, 161)
20 (1, 4, 0, 0, 7, 0, 0, 0, 0, 0, 0, 155)
21 (1, 4, 0, 0, 9, 0, 0, 0, 0, 0, 0, 86)
22 (1, 4, 0, 0, 15, 0, 0, 0, 0, 0, 0, 39)
23 (1, 4, 0, 0, 14, 0, 0, 0, 0, 0, 0, 179)
24 (1, 4, 0, 7, 15, 0, 0, 0, 0, 0, 0, 37)
25 (1, 4, 0, 7, 14, 0, 0, 0, 0, 0, 0, 177)
26 (1, 4, 0, 13, 14, 0, 0, 0, 0, 0, 0, 111)
27 (1, 4, 0, 8, 21, 0, 0, 0, 0, 0, 0, 120)
28 (1, 4, 0, 11, 44, 0, 0, 0, 0, 0, 0, 9)
29 (1, 4, 0, 4, 79, 0, 0, 0, 0, 0, 0, 6)
30 (1, 4, 0, 0, 64, 0, 0, 0, 1, 0, 0, 231)
31 (1, 4, 0, 0, 52, 0, 0, 0, 0, 0, 0, 161)
GLOVE DISCONNECTED
GLOVE CONNECTED
0 (1, 4, 0, 139, 0, 19, 72, 123, 0, 2, 0, 116)
1 (1, 4, 107, 62, 0, 0, 213, 218, 1, 1, 0, 130)
2 (1, 4, 162, 0, 305, 0, 124, 138, 1, 1, 0, 152)
3 (1, 4, 73, 0, 541, 0, 34, 87, 1, 1, 0, 73)
4 (1, 4, 159, 0, 501, 0, 0, 93, 1, 1, 0, 18)
5 (1, 4, 0, 0, 157, 0, 0, 39, 1, 1, 0, 61)
6 (1, 4, 0, 0, 76, 0, 0, 12, 1, 1, 0, 241)
7 (1, 4, 0, 289, 243, 0, 0, 0, 1, 1, 0, 213)
8 (1, 4, 0, 448, 294, 0, 0, 0, 0, 1, 0, 160)
9 (1, 4, 0, 286, 222, 0, 0, 2, 1, 1, 0, 246)
10 (1, 4, 0, 0, 67, 0, 0, 0, 1, 1, 0, 55)
11 (1, 4, 0, 0, 54, 0, 0, 0, 0, 0, 0, 142)
12 (1, 4, 0, 0, 125, 0, 0, 0, 1, 0, 0, 16)
13 (1, 4, 24, 0, 145, 0, 0, 0, 1, 0, 0, 150)
14 (1, 4, 165, 0, 215, 0, 14, 0, 0, 0, 0, 218)
15 (1, 4, 68, 0, 232, 0, 7, 0, 1, 0, 0, 141)
16 (1, 4, 0, 0, 147, 0, 1, 0, 0, 0, 0, 50)
17 (1, 4, 0, 0, 98, 0, 0, 0, 1, 1, 0, 93)
18 (1, 4, 0, 64, 18, 0, 0, 0, 1, 1, 0, 164)
19 (1, 4, 0, 74, 0, 0, 0, 0, 1, 1, 0, 42)
20 (1, 4, 0, 78, 0, 0, 4, 0, 1, 1, 0, 19)
21 (1, 4, 0, 78, 0, 0, 10, 0, 1, 1, 0, 195)
22 (1, 4, 32, 82, 0, 0, 9, 1, 1, 1, 0, 88)
23 (1, 4, 36, 94, 0, 0, 15, 0, 1, 1, 0, 199)
24 (1, 4, 56, 83, 0, 0, 15, 3, 1, 1, 0, 213)
25 (1, 4, 56, 81, 0, 0, 17, 3, 1, 1, 0, 237)
26 (1, 4, 60, 63, 0, 0, 16, 5, 0, 1, 0, 71)
27 (1, 4, 49, 55, 0, 0, 16, 4, 1, 1, 0, 15)
28 (1, 4, 30, 43, 6, 0, 12, 7, 1, 1, 0, 42)
29 (1, 4, 28, 18, 18, 0, 11, 8, 0, 1, 0, 65)
30 (1, 4, 27, 0, 35, 0, 8, 8, 1, 1, 0, 155)
31 (1, 4, 0, 0, 39, 0, 7, 6, 1, 1, 0, 200)
0 (1, 4, 0, 18, 0, 0, 0, 0, 0, 0, 0, 114)
1 (1, 4, 7, 19, 0, 0, 0, 0, 1, 0, 0, 143)
2 (1, 4, 22, 11, 0, 0, 0, 1, 0, 0, 0, 14)
3 (1, 4, 35, 6, 0, 0, 0, 0, 0, 0, 0, 28)
4 (1, 4, 399, 0, 0, 0, 0, 10, 1, 0, 0, 2)
5 (1, 4, 873, 0, 0, 0, 0, 0, 0, 0, 0, 72)
6 (1, 4, 188, 9, 0, 0, 0, 110, 0, 0, 0, 192)
7 (1, 4, 205, 0, 0, 0, 0, 96, 1, 1, 0, 73)
8 (1, 4, 265, 0, 0, 0, 7, 45, 1, 1, 0, 130)
9 (1, 4, 0, 0, 0, 0, 0, 0, 1, 1, 0, 119)
10 (1, 4, 0, 200, 0, 0, 0, 0, 1, 1, 0, 70)
11 (1, 4, 0, 366, 0, 0, 58, 114, 1, 1, 0, 226)
12 (1, 4, 56, 82, 0, 52, 261, 287, 1, 1, 0, 71)
13 (1, 4, 55, 0, 301, 36, 160, 211, 0, 1, 0, 27)
14 (1, 4, 264, 0, 424, 0, 28, 94, 0, 1, 0, 158)
15 (1, 4, 484, 0, 365, 0, 0, 34, 0, 1, 0, 66)
16 (1, 4, 10, 45, 0, 0, 0, 0, 0, 1, 0, 103)
17 (1, 4, 0, 263, 0, 0, 0, 0, 1, 1, 0, 144)
18 (1, 4, 0, 350, 0, 0, 0, 160, 1, 1, 0, 95)
19 (1, 4, 0, 73, 0, 52, 251, 356, 1, 1, 0, 196)
20 (1, 4, 99, 0, 278, 23, 217, 229, 1, 1, 0, 5)
21 (1, 4, 294, 0, 469, 0, 18, 120, 1, 1, 0, 222)
22 (1, 4, 427, 0, 425, 0, 0, 26, 0, 1, 0, 93)
23 (1, 4, 0, 0, 0, 0, 0, 0, 1, 1, 0, 119)
24 (1, 4, 0, 199, 0, 0, 0, 0, 1, 1, 0, 247)
25 (1, 4, 0, 264, 0, 0, 0, 141, 0, 0, 0, 226)
26 (1, 4, 0, 136, 0, 35, 200, 374, 1, 1, 0, 48)
27 (1, 4, 1, 0, 203, 62, 263, 281, 1, 0, 0, 15)
28 (1, 4, 286, 0, 393, 0, 23, 149, 0, 0, 0, 82)
29 (1, 4, 445, 0, 410, 0, 0, 22, 0, 0, 0, 87)
0 (1, 4, 0, 0, 138, 0, 0, 0, 0, 1, 0, 119)
1 (1, 4, 0, 0, 269, 0, 0, 0, 1, 1, 0, 92)
2 (1, 4, 158, 0, 328, 0, 0, 0, 0, 0, 0, 197)
3 (1, 4, 109, 0, 403, 0, 0, 0, 1, 1, 0, 23)
4 (1, 4, 467, 0, 494, 0, 0, 58, 1, 1, 0, 94)
GLOVE DISCONNECTED
GLOVE CONNECTED
GLOVE DISCONNECTED
GLOVE CONNECTED
0 (1, 4, 0, 267, 0, 10, 64, 103, 0, 1, 0, 176)
1 (1, 4, 0, 128, 0, 41, 111, 139, 0, 1, 0, 162)
2 (1, 4, 0, 120, 0, 22, 67, 178, 0, 1, 0, 227)
3 (1, 4, 235, 0, 118, 24, 80, 200, 0, 1, 0, 146)
4 (1, 4, 110, 0, 475, 0, 44, 157, 0, 1, 0, 22)
5 (1, 4, 173, 0, 494, 0, 0, 37, 0, 0, 0, 133)
6 (1, 4, 0, 0, 134, 0, 0, 0, 0, 0, 0, 254)
7 (1, 4, 56, 0, 0, 1, 0, 15, 0, 0, 0, 207)
8 (1, 4, 0, 8, 0, 20, 0, 65, 0, 0, 0, 220)
9 (1, 4, 0, 0, 53, 23, 0, 65, 1, 0, 0, 103)
10 (1, 4, 0, 24, 109, 17, 0, 48, 0, 0, 0, 69)
11 (1, 4, 0, 72, 212, 0, 0, 27, 1, 0, 0, 88)
12 (1, 4, 0, 86, 254, 0, 0, 1, 1, 0, 0, 208)
13 (1, 4, 0, 92, 311, 0, 0, 0, 0, 0, 0, 204)
14 (1, 4, 0, 58, 261, 0, 0, 0, 1, 0, 0, 246)
15 (1, 4, 0, 0, 232, 0, 0, 0, 1, 0, 0, 84)
16 (1, 4, 70, 0, 216, 0, 0, 0, 0, 0, 0, 26)
17 (1, 4, 0, 0, 261, 0, 0, 0, 1, 1, 0, 224)
18 (1, 4, 217, 0, 100, 0, 0, 0, 1, 0, 0, 69)
19 (1, 4, 469, 0, 141, 0, 0, 0, 1, 0, 0, 211)
20 (1, 4, 577, 0, 257, 0, 0, 0, 1, 1, 0, 61)
21 (1, 4, 174, 138, 0, 0, 0, 0, 1, 1, 0, 46)
22 (1, 4, 0, 55, 0, 0, 0, 4, 1, 1, 0, 163)
23 (1, 4, 0, 17, 0, 0, 0, 2, 1, 1, 0, 26)
24 (1, 4, 71, 14, 2, 0, 0, 8, 1, 1, 0, 21)
25 (1, 4, 80, 0, 16, 0, 7, 3, 1, 1, 0, 111)
26 (1, 4, 0, 0, 27, 0, 0, 0, 1, 1, 0, 15)
27 (1, 4, 0, 7, 29, 0, 0, 0, 1, 1, 0, 124)
28 (1, 4, 0, 23, 5, 0, 0, 0, 1, 1, 0, 222)
29 (1, 4, 0, 18, 0, 0, 0, 0, 1, 1, 0, 123)
30 (1, 4, 0, 6, 0, 0, 0, 0, 1, 1, 0, 192)
0 (1, 4, 0, 119, 0, 0, 0, 45, 0, 2, 0, 107)
1 (1, 4, 0, 232, 0, 0, 0, 65, 2, 2, 0, 5)
2 (1, 4, 0, 199, 0, 0, 15, 116, 2, 2, 0, 7)
3 (1, 4, 0, 225, 0, 27, 55, 144, 1, 1, 0, 21)
4 (1, 4, 0, 94, 0, 25, 36, 140, 1, 1, 0, 122)
5 (1, 4, 75, 13, 54, 2, 0, 104, 2, 2, 0, 155)
6 (1, 4, 26, 0, 28, 18, 0, 65, 2, 2, 0, 46)
7 (1, 4, 74, 0, 43, 22, 0, 111, 2, 2, 0, 216)
8 (1, 4, 100, 0, 111, 32, 52, 141, 1, 1, 0, 21)
9 (1, 4, 113, 0, 259, 0, 55, 155, 1, 1, 0, 4)
10 (1, 4, 117, 0, 399, 0, 0, 80, 1, 1, 0, 140)
11 (1, 4, 0, 0, 328, 0, 0, 31, 1, 1, 0, 71)
12 (1, 4, 32, 0, 0, 0, 0, 0, 1, 1, 0, 176)
13 (1, 4, 0, 2, 0, 0, 0, 56, 1, 1, 0, 130)
14 (1, 4, 0, 0, 7, 0, 0, 60, 1, 1, 0, 127)
15 (1, 4, 0, 30, 131, 1, 0, 42, 1, 1, 0, 181)
16 (1, 4, 0, 16, 163, 0, 0, 6, 1, 0, 0, 5)
17 (1, 4, 0, 55, 223, 0, 0, 0, 0, 0, 0, 243)
18 (1, 4, 0, 32, 228, 0, 0, 0, 1, 0, 0, 116)
19 (1, 4, 0, 0, 201, 0, 0, 0, 1, 0, 0, 62)
20 (1, 4, 0, 0, 132, 0, 0, 0, 0, 0, 0, 209)
21 (1, 4, 0, 0, 113, 0, 0, 0, 1, 0, 0, 242)
22 (1, 4, 0, 0, 155, 0, 0, 0, 1, 0, 0, 149)
23 (1, 4, 0, 0, 150, 0, 0, 0, 0, 0, 0, 129)
24 (1, 4, 16, 0, 155, 0, 0, 0, 0, 0, 0, 23)
25 (1, 4, 27, 0, 138, 0, 0, 0, 1, 0, 0, 252)
26 (1, 4, 101, 0, 129, 0, 0, 0, 0, 0, 0, 99)
27 (1, 4, 128, 0, 136, 0, 0, 0, 0, 0, 0, 38)
28 (1, 4, 170, 5, 96, 0, 0, 0, 1, 1, 0, 163)
29 (1, 4, 106, 0, 0, 0, 0, 0, 1, 1, 0, 85)
0 (1, 4, 0, 20, 96, 16, 0, 32, 0, 1, 0, 253)
1 (1, 4, 0, 115, 224, 1, 0, 26, 1, 1, 0, 228)
2 (1, 4, 0, 101, 325, 0, 0, 2, 1, 0, 0, 231)
3 (1, 4, 0, 66, 363, 0, 0, 0, 1, 1, 0, 198)
4 (1, 4, 0, 0, 399, 0, 0, 0, 1, 0, 0, 233)
5 (1, 4, 0, 0, 342, 0, 0, 0, 0, 0, 0, 214)
6 (1, 4, 0, 0, 256, 0, 0, 0, 1, 1, 0, 42)
7 (1, 4, 0, 0, 109, 0, 0, 0, 2, 2, 0, 31)
8 (1, 4, 217, 0, 24, 0, 0, 0, 1, 1, 0, 182)
9 (1, 4, 407, 0, 0, 0, 13, 0, 1, 1, 0, 241)
10 (1, 4, 38, 0, 71, 0, 0, 0, 1, 1, 0, 138)
11 (1, 4, 0, 0, 13, 0, 0, 0, 1, 2, 0, 188)
12 (1, 4, 0, 158, 39, 0, 0, 0, 1, 1, 0, 8)
13 (1, 4, 0, 129, 23, 0, 0, 0, 1, 1, 0, 89)
14 (1, 4, 168, 0, 0, 0, 0, 0, 1, 1, 0, 213)
15 (1, 4, 156, 0, 0, 0, 17, 0, 1, 1, 0, 54)
16 (1, 4, 3, 46, 0, 0, 8, 0, 1, 1, 0, 98)
17 (1, 4, 29, 33, 0, 0, 4, 0, 1, 1, 0, 69)
18 (1, 4, 49, 21, 0, 0, 9, 0, 1, 1, 0, 232)
19 (1, 4, 15, 42, 0, 0, 10, 0, 0, 1, 0, 96)
20 (1, 4, 25, 33, 1, 0, 5, 0, 1, 1, 0, 144)
21 (1, 4, 32, 16, 7, 0, 7, 0, 1, 1, 0, 92)
22 (1, 4, 0, 15, 17, 0, 4, 1, 0, 1, 0, 115)
23 (1, 4, 0, 0, 19, 0, 3, 1, 1, 1, 0, 231)
24 (1, 4, 0, 0, 19, 0, 3, 0, 1, 1, 0, 56)
25 (1, 4, 0, 0, 16, 0, 2, 0, 0, 1, 0, 152)
GLOVE DISCONNECTED
GLOVE CONNECTED
GLOVE DISCONNECTED
GLOVE CONNECTED
GLOVE DISCONNECTED
GLOVE CONNECTED
GLOVE DISCONNECTED
GLOVE CONNECTED
GLOVE DISCONNECTED
GLOVE CONNECTED
0 (1, 4, 0, 0, 9, 7, 0, 84, 0, 0, 0, 232)
1 (1, 4, 0, 0, 0, 7, 0, 82, 0, 0, 0, 12)
2 (1, 4, 0, 28, 0, 8, 0, 77, 0, 0, 0, 139)
3 (1, 4, 0, 41, 6, 4, 0, 77, 0, 0, 0, 178)
4 (1, 4, 0, 36, 13, 2, 0, 74, 0, 0, 0, 56)
5 (1, 4, 0, 57, 34, 0, 0, 65, 0, 0, 0, 144)
6 (1, 4, 0, 143, 64, 0, 0, 45, 0, 0, 0, 212)
7 (1, 4, 0, 241, 101, 0, 0, 8, 0, 0, 0, 207)
8 (1, 4, 0, 305, 148, 0, 0, 0, 1, 1, 0, 84)
9 (1, 4, 0, 426, 244, 0, 0, 0, 1, 1, 0, 90)
10 (1, 4, 0, 270, 355, 0, 0, 0, 1, 2, 0, 200)
11 (1, 4, 833, 0, 229, 0, 0, 0, 2, 1, 0, 110)
12 (1, 4, 873, 0, 176, 0, 0, 0, 2, 1, 0, 151)
13 (1, 4, 873, 0, 106, 0, 0, 5, 1, 1, 0, 125)
14 (1, 4, 529, 0, 0, 0, 0, 0, 2, 2, 0, 134)
15 (1, 4, 0, 45, 0, 0, 0, 117, 1, 1, 0, 244)
16 (1, 4, 0, 118, 0, 0, 0, 83, 1, 1, 0, 16)
17 (1, 4, 0, 25, 0, 0, 6, 123, 1, 1, 0, 186)
18 (1, 4, 0, 111, 0, 18, 81, 69, 2, 1, 0, 225)
19 (1, 4, 15, 40, 0, 35, 90, 117, 1, 1, 0, 165)
20 (1, 4, 25, 9, 105, 38, 118, 106, 1, 1, 0, 93)
21 (1, 4, 154, 0, 269, 0, 98, 131, 1, 1, 0, 204)
22 (1, 4, 216, 0, 449, 0, 35, 127, 2, 2, 0, 235)
23 (1, 4, 58, 0, 460, 0, 0, 134, 1, 2, 0, 114)
24 (1, 4, 0, 0, 182, 0, 0, 78, 2, 1, 0, 179)
25 (1, 4, 0, 0, 40, 12, 0, 32, 2, 1, 0, 182)
26 (1, 4, 0, 9, 0, 8, 0, 67, 1, 1, 0, 170)
27 (1, 4, 0, 69, 16, 16, 0, 59, 1, 1, 0, 237)
28 (1, 4, 0, 162, 91, 8, 0, 57, 1, 1, 0, 229)
29 (1, 4, 0, 147, 154, 0, 0, 44, 1, 1, 0, 236)
30 (1, 4, 0, 145, 172, 0, 0, 34, 1, 1, 0, 87)
31 (1, 4, 0, 134, 135, 0, 0, 28, 1, 1, 0, 153)
0 (1, 4, 0, 92, 0, 0, 0, 0, 1, 1, 0, 252)
1 (1, 4, 0, 105, 0, 0, 0, 0, 1, 1, 0, 48)
2 (1, 4, 0, 57, 0, 0, 0, 0, 1, 1, 0, 210)
3 (1, 4, 0, 87, 0, 0, 0, 0, 1, 1, 0, 151)
4 (1, 4, 0, 147, 13, 0, 0, 0, 1, 1, 0, 185)
5 (1, 4, 0, 0, 0, 0, 0, 0, 2, 2, 0, 108)
6 (1, 4, 347, 0, 0, 0, 3, 0, 2, 2, 0, 238)
7 (1, 4, 344, 279, 0, 0, 29, 0, 1, 1, 0, 52)
8 (1, 4, 417, 419, 132, 0, 6, 0, 1, 1, 0, 233)
9 (1, 4, 491, 220, 191, 0, 0, 0, 2, 1, 0, 73)
10 (1, 4, 873, 0, 0, 0, 0, 0, 2, 2, 0, 90)
11 (1, 4, 873, 0, 0, 0, 0, 0, 1, 2, 0, 252)
12 (1, 4, 0, 0, 0, 0, 0, 36, 4, 3, 0, 152)
13 (1, 4, 362, 0, 0, 0, 0, 0, 2, 3, 0, 39)
14 (1, 4, 16, 195, 0, 0, 0, 55, 2, 2, 0, 183)
15 (1, 4, 0, 228, 0, 0, 0, 84, 2, 2, 0, 21)
16 (1, 4, 0, 140, 0, 0, 39, 129, 2, 2, 0, 52)
17 (1, 4, 0, 50, 0, 13, 130, 163, 2, 1, 0, 15)
18 (1, 4, 83, 0, 26, 41, 205, 152, 1, 2, 0, 149)
19 (1, 4, 95, 0, 287, 8, 119, 122, 2, 1, 0, 255)
20 (1, 4, 126, 0, 524, 0, 0, 124, 1, 1, 0, 125)
21 (1, 4, 13, 0, 344, 0, 0, 92, 1, 1, 0, 93)
22 (1, 4, 40, 0, 12, 0, 0, 26, 2, 1, 0, 4)
23 (1, 4, 11, 0, 0, 17, 0, 60, 2, 1, 0, 182)
24 (1, 4, 0, 25, 29, 22, 0, 71, 1, 1, 0, 250)
25 (1, 4, 0, 0, 37, 23, 0, 72, 1, 1, 0, 70)
26 (1, 4, 0, 32, 59, 22, 0, 70, 1, 1, 0, 15)
27 (1, 4, 0, 45, 75, 16, 0, 72, 1, 1, 0, 205)
28 (1, 4, 0, 134, 139, 6, 0, 64, 1, 1, 0, 48)
29 (1, 4, 0, 172, 213, 0, 0, 42, 1, 1, 0, 144)
30 (1, 4, 0, 230, 244, 0, 0, 12, 1, 1, 0, 202)
31 (1, 4, 0, 119, 181, 0, 0, 1, 1, 1, 0, 48)
0 (1, 4, 0, 59, 41, 0, 0, 0, 1, 1, 0, 105)
1 (1, 4, 0, 137, 74, 0, 0, 0, 1, 1, 0, 24)
2 (1, 4, 0, 237, 145, 0, 0, 0, 1, 1, 0, 241)
3 (1, 4, 0, 230, 140, 0, 0, 0, 2, 1, 0, 53)
4 (1, 4, 62, 41, 82, 0, 0, 0, 1, 2, 0, 214)
5 (1, 4, 341, 0, 10, 0, 0, 0, 1, 1, 0, 185)
6 (1, 4, 446, 0, 0, 0, 0, 0, 2, 1, 0, 181)
7 (1, 4, 337, 0, 0, 0, 0, 0, 1, 1, 0, 18)
8 (1, 4, 230, 0, 0, 0, 0, 0, 1, 2, 0, 181)
9 (1, 4, 628, 0, 0, 0, 0, 0, 2, 2, 0, 254)
10 (1, 4, 873, 0, 0, 0, 0, 0, 2, 2, 0, 90)
11 (1, 4, 767, 0, 0, 0, 0, 2, 1, 2, 0, 150)
12 (1, 4, 24, 0, 0, 0, 0, 48, 2, 1, 0, 51)
13 (1, 4, 97, 0, 0, 0, 0, 36, 1, 1, 0, 227)
14 (1, 4, 10, 112, 0, 0, 0, 55, 1, 1, 0, 90)
15 (1, 4, 0, 93, 0, 0, 0, 84, 2, 1, 0, 12)
16 (1, 4, 58, 130, 0, 0, 19, 129, 2, 2, 0, 16)
17 (1, 4, 0, 9, 0, 0, 73, 135, 2, 2, 0, 81)
18 (1, 4, 34, 0, 0, 29, 113, 87, 1, 2, 0, 19)
19 (1, 4, 34, 10, 124, 27, 139, 94, 1, 1, 0, 10)
20 (1, 4, 96, 0, 304, 0, 128, 105, 2, 1, 0, 166)
21 (1, 4, 48, 0, 454, 0, 63, 114, 1, 1, 0, 217)
22 (1, 4, 69, 0, 449, 0, 0, 112, 1, 1, 0, 60)
23 (1, 4, 0, 12, 276, 0, 0, 111, 2, 1, 0, 217)
24 (1, 4, 0, 0, 132, 0, 0, 84, 1, 1, 0, 59)
25 (1, 4, 0, 24, 30, 0, 0, 61, 1, 1, 0, 37)
26 (1, 4, 0, 185, 104, 0, 0, 51, 1, 1, 0, 126)
27 (1, 4, 0, 404, 197, 0, 0, 24, 1, 1, 0, 209)
28 (1, 4, 0, 514, 190, 0, 0, 0, 1, 1, 0, 106)
29 (1, 4, 0, 338, 108, 0, 0, 0, 1, 1, 0, 250)
30 (1, 4, 0, 0, 9, 0, 0, 0, 1, 1, 0, 95)
0 (1, 4, 0, 211, 0, 0, 0, 46, 0, 1, 0, 169)
1 (1, 4, 0, 276, 0, 0, 0, 90, 1, 1, 0, 236)
2 (1, 4, 0, 259, 0, 0, 0, 126, 1, 1, 0, 91)
3 (1, 4, 0, 213, 0, 0, 24, 146, 1, 1, 0, 95)
4 (1, 4, 29, 38, 0, 15, 64, 155, 1, 1, 0, 206)
5 (1, 4, 27, 0, 37, 21, 62, 125, 1, 1, 0, 122)
6 (1, 4, 61, 0, 201, 0, 27, 138, 1, 1, 0, 34)
7 (1, 4, 233, 0, 232, 0, 16, 152, 1, 1, 0, 44)
8 (1, 4, 159, 0, 314, 0, 0, 148, 1, 1, 0, 187)
9 (1, 4, 81, 0, 389, 0, 0, 85, 1, 1, 0, 74)
10 (1, 4, 40, 0, 164, 0, 0, 23, 1, 1, 0, 81)
11 (1, 4, 20, 0, 38, 0, 0, 23, 1, 1, 0, 224)
12 (1, 4, 0, 0, 0, 20, 0, 34, 1, 1, 0, 228)
13 (1, 4, 0, 29, 27, 32, 0, 45, 1, 1, 0, 186)
14 (1, 4, 0, 99, 126, 24, 0, 56, 1, 1, 0, 206)
15 (1, 4, 0, 140, 293, 7, 0, 40, 1, 1, 0, 96)
16 (1, 4, 0, 230, 319, 0, 0, 35, 1, 0, 0, 169)
17 (1, 4, 0, 98, 202, 0, 0, 32, 1, 0, 0, 8)
18 (1, 4, 0, 20, 152, 0, 0, 23, 0, 0, 0, 55)
19 (1, 4, 0, 51, 200, 0, 0, 8, 0, 0, 0, 89)
20 (1, 4, 0, 55, 227, 0, 0, 5, 1, 0, 0, 88)
21 (1, 4, 0, 24, 209, 0, 0, 0, 0, 0, 0, 77)
22 (1, 4, 0, 24, 202, 0, 0, 0, 0, 0, 0, 53)
23 (1, 4, 0, 21, 182, 0, 0, 0, 1, 0, 0, 19)
24 (1, 4, 0, 6, 133, 0, 0, 0, 0, 0, 0, 242)
25 (1, 4, 0, 0, 98, 0, 0, 0, 0, 0, 0, 84)
26 (1, 4, 21, 0, 117, 0, 0, 0, 1, 0, 0, 122)
27 (1, 4, 137, 34, 153, 0, 0, 0, 0, 0, 0, 28)
28 (1, 4, 14, 0, 62, 0, 0, 0, 0, 0, 0, 102)
29 (1, 4, 9, 9, 55, 0, 0, 0, 1, 0, 0, 0)
0 (1, 4, 0, 270, 0, 0, 0, 68, 0, 1, 0, 196)
1 (1, 4, 0, 216, 0, 0, 0, 132, 1, 1, 0, 216)
2 (1, 4, 0, 204, 0, 0, 61, 164, 1, 1, 0, 17)
3 (1, 4, 113, 0, 0, 22, 119, 151, 1, 1, 0, 210)
4 (1, 4, 18, 0, 144, 0, 82, 138, 1, 1, 0, 177)
5 (1, 4, 98, 0, 264, 0, 31, 154, 1, 1, 0, 226)
6 (1, 4, 154, 0, 353, 0, 8, 148, 1, 1, 0, 207)
7 (1, 4, 86, 0, 435, 0, 0, 98, 1, 1, 0, 241)
8 (1, 4, 55, 0, 202, 0, 0, 44, 1, 1, 0, 221)
9 (1, 4, 1, 0, 41, 0, 0, 28, 1, 1, 0, 227)
10 (1, 4, 0, 1, 0, 11, 0, 20, 1, 1, 0, 189)
11 (1, 4, 0, 156, 98, 11, 0, 19, 1, 1, 0, 56)
12 (1, 4, 0, 295, 299, 0, 0, 20, 1, 1, 0, 80)
13 (1, 4, 0, 373, 452, 0, 0, 23, 1, 1, 0, 20)
14 (1, 4, 0, 185, 321, 0, 0, 28, 1, 1, 0, 173)
15 (1, 4, 0, 23, 317, 0, 0, 7, 1, 1, 0, 173)
16 (1, 4, 0, 0, 278, 0, 0, 0, 1, 1, 0, 36)
17 (1, 4, 0, 0, 163, 0, 0, 11, 1, 1, 0, 79)
18 (1, 4, 244, 0, 122, 0, 0, 32, 1, 1, 0, 188)
19 (1, 4, 228, 0, 80, 0, 0, 29, 1, 1, 0, 3)
20 (1, 4, 0, 0, 178, 0, 0, 17, 1, 1, 0, 36)
21 (1, 4, 0, 0, 165, 0, 0, 11, 1, 1, 0, 62)
22 (1, 4, 0, 0, 51, 0, 0, 5, 0, 1, 0, 133)
23 (1, 4, 0, 7, 0, 0, 0, 12, 1, 1, 0, 234)
24 (1, 4, 9, 9, 0, 0, 0, 15, 1, 1, 0, 246)
25 (1, 4, 0, 11, 0, 0, 0, 20, 0, 1, 0, 216)
26 (1, 4, 0, 15, 26, 0, 0, 24, 1, 1, 0, 19)
27 (1, 4, 13, 7, 28, 0, 0, 27, 1, 1, 0, 241)
28 (1, 4, 44, 31, 9, 0, 0, 36, 0, 1, 0, 182)
29 (1, 4, 116, 19, 0, 0, 0, 44, 1, 1, 0, 102)
30 (1, 4, 76, 15, 0, 0, 0, 36, 1, 1, 0, 211)
GLOVE DISCONNECTED
GLOVE DISCONNECTED
GLOVE DISCONNECTED
GLOVE CONNECTED
GLOVE DISCONNECTED
GLOVE CONNECTED
0 (1, 4, 0, 10, 117, 0, 0, 44, 1, 1, 0, 39)
1 (1, 4, 0, 59, 184, 0, 0, 27, 1, 1, 0, 44)
2 (1, 4, 0, 143, 257, 0, 0, 0, 1, 2, 0, 179)
3 (1, 4, 0, 109, 154, 0, 0, 0, 2, 2, 0, 236)
4 (1, 4, 227, 0, 0, 0, 0, 0, 2, 2, 0, 37)
5 (1, 4, 873, 0, 0, 0, 0, 0, 2, 2, 0, 90)
6 (1, 4, 873, 0, 0, 0, 0, 1, 2, 3, 0, 238)
7 (1, 4, 73, 0, 0, 13, 36, 71, 3, 3, 0, 177)
8 (1, 4, 138, 0, 18, 18, 0, 62, 2, 3, 0, 179)
9 (1, 4, 0, 26, 2, 0, 0, 64, 2, 2, 0, 185)
10 (1, 4, 0, 153, 0, 0, 0, 82, 2, 2, 0, 37)
11 (1, 4, 0, 171, 0, 0, 0, 112, 2, 3, 0, 152)
12 (1, 4, 0, 202, 0, 0, 2, 124, 2, 2, 0, 106)
13 (1, 4, 0, 124, 0, 0, 75, 148, 2, 2, 0, 89)
14 (1, 4, 104, 22, 0, 0, 190, 128, 2, 2, 0, 98)
15 (1, 4, 52, 13, 263, 0, 161, 127, 2, 2, 0, 153)
16 (1, 4, 233, 0, 463, 0, 61, 115, 2, 2, 0, 197)
17 (1, 4, 130, 0, 556, 0, 0, 142, 2, 2, 0, 111)
18 (1, 4, 0, 0, 274, 0, 0, 79, 2, 2, 0, 221)
19 (1, 4, 0, 0, 46, 0, 0, 52, 1, 2, 0, 254)
20 (1, 4, 0, 0, 25, 6, 0, 54, 2, 2, 0, 199)
21 (1, 4, 0, 65, 72, 0, 0, 60, 2, 2, 0, 240)
22 (1, 4, 0, 60, 115, 0, 0, 72, 1, 1, 0, 211)
23 (1, 4, 0, 23, 106, 0, 0, 62, 1, 1, 0, 214)
24 (1, 4, 0, 5, 82, 0, 0, 56, 1, 1, 0, 43)
25 (1, 4, 0, 0, 42, 0, 0, 46, 1, 1, 0, 157)
26 (1, 4, 0, 15, 41, 0, 0, 40, 1, 1, 0, 91)
27 (1, 4, 0, 20, 37, 0, 0, 37, 1, 1, 0, 243)
28 (1, 4, 0, 21, 22, 0, 0, 34, 1, 1, 0, 111)
29 (1, 4, 0, 21, 24, 0, 0, 35, 1, 1, 0, 125)
30 (1, 4, 0, 16, 8, 0, 0, 33, 1, 1, 0, 212)
31 (1, 4, 0, 0, 0, 0, 0, 31, 1, 1, 0, 93)
0 (1, 4, 0, 0, 0, 0, 0, 27, 1, 2, 0, 149)
1 (1, 4, 35, 75, 0, 0, 0, 79, 1, 2, 0, 75)
2 (1, 4, 0, 194, 0, 0, 0, 79, 2, 2, 0, 63)
3 (1, 4, 0, 215, 0, 0, 0, 129, 1, 1, 0, 195)
4 (1, 4, 19, 121, 0, 0, 143, 127, 1, 2, 0, 77)
5 (1, 4, 90, 16, 0, 0, 146, 133, 1, 1, 0, 112)
6 (1, 4, 13, 0, 318, 0, 101, 126, 1, 1, 0, 188)
7 (1, 4, 339, 0, 434, 0, 0, 137, 1, 1, 0, 179)
8 (1, 4, 0, 0, 497, 0, 0, 116, 2, 1, 0, 209)
9 (1, 4, 20, 0, 289, 0, 0, 45, 1, 1, 0, 121)
10 (1, 4, 0, 0, 63, 0, 0, 67, 1, 1, 0, 140)
11 (1, 4, 0, 0, 0, 0, 0, 60, 1, 1, 0, 154)
12 (1, 4, 0, 0, 0, 0, 0, 72, 1, 1, 0, 216)
13 (1, 4, 0, 20, 0, 0, 0, 83, 1, 1, 0, 60)
14 (1, 4, 0, 28, 19, 0, 0, 86, 1, 1, 0, 225)
15 (1, 4, 0, 79, 67, 0, 0, 65, 1, 1, 0, 159)
16 (1, 4, 0, 168, 151, 0, 0, 38, 1, 1, 0, 1)
17 (1, 4, 0, 180, 115, 0, 0, 44, 0, 0, 0, 249)
18 (1, 4, 0, 30, 44, 0, 0, 34, 0, 0, 0, 31)
19 (1, 4, 0, 14, 33, 0, 0, 22, 1, 0, 0, 109)
20 (1, 4, 0, 16, 44, 0, 0, 21, 0, 0, 0, 122)
21 (1, 4, 0, 22, 26, 0, 0, 22, 0, 0, 0, 91)
22 (1, 4, 0, 4, 16, 0, 0, 21, 1, 0, 0, 192)
23 (1, 4, 0, 18, 10, 0, 0, 20, 0, 0, 0, 71)
24 (1, 4, 0, 11, 5, 0, 0, 24, 0, 0, 0, 230)
25 (1, 4, 3, 6, 0, 0, 0, 23, 1, 0, 0, 121)
26 (1, 4, 1, 0, 0, 0, 0, 23, 0, 0, 0, 176)
27 (1, 4, 0, 0, 0, 0, 0, 18, 0, 0, 0, 20)
28 (1, 4, 0, 0, 0, 0, 0, 19, 1, 0, 0, 169)
29 (1, 4, 0, 0, 0, 0, 0, 15, 0, 0, 0, 135)
30 (1, 4, 0, 0, 9, 0, 0, 13, 0, 0, 0, 22)
31 (1, 4, 0, 0, 0, 0, 0, 12, 1, 0, 0, 131)
0 (1, 4, 0, 15, 11, 0, 0, 1, 1, 0, 0, 117)
1 (1, 4, 0, 0, 0, 0, 0, 0, 0, 0, 0, 126)
2 (1, 4, 0, 15, 31, 0, 0, 0, 0, 0, 0, 233)
3 (1, 4, 0, 70, 101, 0, 0, 0, 1, 1, 0, 140)
4 (1, 4, 0, 221, 287, 0, 0, 0, 2, 2, 0, 40)
5 (1, 4, 831, 0, 184, 0, 0, 0, 2, 2, 0, 219)
6 (1, 4, 873, 0, 0, 0, 0, 0, 2, 2, 0, 90)
7 (1, 4, 772, 0, 0, 0, 0, 0, 2, 3, 0, 57)
8 (1, 4, 0, 0, 0, 0, 0, 58, 2, 2, 0, 77)
9 (1, 4, 0, 232, 0, 0, 0, 93, 2, 2, 0, 73)
10 (1, 4, 0, 124, 0, 0, 0, 81, 2, 2, 0, 108)
11 (1, 4, 0, 181, 0, 0, 69, 94, 2, 2, 0, 145)
12 (1, 4, 42, 57, 0, 0, 179, 141, 2, 2, 0, 159)
13 (1, 4, 56, 0, 147, 7, 204, 136, 1, 2, 0, 153)
14 (1, 4, 217, 0, 459, 0, 98, 129, 1, 2, 0, 40)
15 (1, 4, 229, 0, 523, 0, 0, 162, 1, 2, 0, 136)
16 (1, 4, 0, 0, 352, 0, 0, 91, 2, 2, 0, 46)
17 (1, 4, 0, 0, 24, 0, 0, 58, 2, 2, 0, 142)
18 (1, 4, 0, 0, 0, 0, 0, 54, 1, 2, 0, 116)
19 (1, 4, 0, 2, 0, 0, 0, 64, 1, 2, 0, 226)
20 (1, 4, 0, 31, 68, 0, 0, 80, 2, 2, 0, 143)
21 (1, 4, 0, 81, 131, 0, 0, 69, 1, 1, 0, 133)
22 (1, 4, 0, 52, 149, 0, 0, 58, 1, 1, 0, 107)
23 (1, 4, 0, 37, 134, 0, 0, 39, 1, 1, 0, 232)
24 (1, 4, 0, 34, 95, 0, 0, 29, 1, 1, 0, 150)
25 (1, 4, 0, 69, 86, 0, 0, 31, 1, 1, 0, 68)
26 (1, 4, 0, 45, 31, 0, 0, 34, 1, 1, 0, 87)
27 (1, 4, 0, 8, 25, 0, 0, 26, 1, 1, 0, 19)
28 (1, 4, 0, 23, 18, 0, 0, 22, 0, 1, 0, 57)
29 (1, 4, 0, 0, 6, 0, 0, 21, 1, 1, 0, 127)
0 (1, 4, 873, 0, 0, 0, 0, 0, 1, 1, 0, 65)
1 (1, 4, 123, 0, 0, 0, 0, 10, 2, 1, 0, 78)
2 (1, 4, 0, 52, 0, 0, 0, 51, 1, 1, 0, 26)
3 (1, 4, 0, 224, 0, 0, 0, 81, 1, 1, 0, 126)
4 (1, 4, 0, 216, 0, 0, 4, 117, 1, 1, 0, 89)
5 (1, 4, 122, 148, 0, 0, 82, 132, 1, 1, 0, 157)
6 (1, 4, 245, 0, 0, 0, 198, 126, 1, 1, 0, 212)
7 (1, 4, 0, 0, 255, 0, 137, 114, 1, 1, 0, 167)
8 (1, 4, 114, 0, 450, 0, 93, 97, 1, 1, 0, 66)
9 (1, 4, 109, 0, 606, 0, 0, 143, 1, 1, 0, 255)
10 (1, 4, 0, 0, 363, 0, 0, 94, 1, 1, 0, 152)
11 (1, 4, 60, 0, 66, 0, 0, 66, 1, 1, 0, 48)
12 (1, 4, 0, 28, 2, 0, 0, 66, 1, 1, 0, 172)
13 (1, 4, 0, 70, 59, 0, 0, 55, 1, 1, 0, 164)
14 (1, 4, 0, 188, 139, 0, 0, 56, 1, 1, 0, 210)
15 (1, 4, 0, 153, 118, 0, 0, 51, 1, 1, 0, 14)
16 (1, 4, 0, 54, 82, 0, 0, 47, 0, 1, 0, 242)
17 (1, 4, 0, 0, 60, 0, 0, 25, 1, 1, 0, 242)
18 (1, 4, 0, 92, 106, 0, 0, 15, 1, 1, 0, 147)
19 (1, 4, 0, 37, 80, 0, 0, 17, 0, 1, 0, 48)
20 (1, 4, 0, 0, 45, 0, 0, 0, 1, 1, 0, 255)
21 (1, 4, 0, 71, 63, 0, 0, 0, 1, 1, 0, 46)
22 (1, 4, 0, 0, 2, 0, 0, 0, 1, 1, 0, 88)
23 (1, 4, 32, 0, 0, 0, 0, 0, 1, 1, 0, 176)
24 (1, 4, 0, 7, 0, 0, 0, 0, 1, 1, 0, 117)
25 (1, 4, 2, 0, 0, 0, 0, 0, 1, 1, 0, 107)
26 (1, 4, 0, 0, 0, 0, 0, 0, 1, 1, 0, 119)
27 (1, 4, 0, 0, 0, 0, 0, 0, 1, 1, 0, 119)
28 (1, 4, 0, 0, 0, 0, 0, 0, 1, 1, 0, 119)
0 (1, 4, 0, 11, 25, 0, 0, 0, 0, 1, 0, 41)
1 (1, 4, 0, 24, 26, 0, 0, 0, 1, 1, 0, 73)
2 (1, 4, 0, 19, 8, 0, 0, 0, 1, 1, 0, 114)
3 (1, 4, 8, 15, 0, 0, 0, 0, 0, 1, 0, 212)
4 (1, 4, 9, 15, 0, 0, 0, 0, 1, 1, 0, 184)
5 (1, 4, 0, 30, 0, 0, 0, 0, 1, 1, 0, 18)
6 (1, 4, 0, 104, 41, 0, 0, 0, 1, 1, 0, 83)
7 (1, 4, 0, 165, 80, 0, 0, 1, 1, 1, 0, 128)
8 (1, 4, 873, 0, 0, 0, 0, 2, 2, 1, 0, 94)
9 (1, 4, 873, 0, 0, 0, 0, 0, 1, 1, 0, 65)
10 (1, 4, 0, 108, 93, 0, 0, 30, 2, 2, 0, 67)
11 (1, 4, 114, 142, 0, 0, 0, 47, 3, 2, 0, 225)
12 (1, 4, 0, 272, 0, 0, 0, 92, 1, 1, 0, 250)
13 (1, 4, 0, 218, 0, 0, 0, 109, 1, 1, 0, 238)
14 (1, 4, 0, 166, 0, 0, 32, 110, 1, 1, 0, 204)
15 (1, 4, 13, 88, 0, 0, 88, 126, 1, 1, 0, 47)
16 (1, 4, 75, 0, 99, 0, 98, 119, 1, 1, 0, 227)
17 (1, 4, 66, 0, 323, 0, 77, 129, 1, 1, 0, 235)
18 (1, 4, 330, 0, 459, 0, 0, 152, 1, 1, 0, 115)
19 (1, 4, 113, 0, 517, 0, 0, 94, 1, 1, 0, 23)
20 (1, 4, 0, 0, 292, 0, 0, 51, 1, 1, 0, 158)
21 (1, 4, 0, 0, 0, 0, 0, 27, 1, 1, 0, 40)
22 (1, 4, 0, 140, 51, 0, 0, 28, 1, 1, 0, 105)
23 (1, 4, 0, 288, 92, 0, 0, 39, 0, 0, 0, 141)
24 (1, 4, 0, 159, 53, 0, 0, 33, 0, 0, 0, 154)
25 (1, 4, 0, 50, 16, 0, 0, 17, 1, 0, 0, 161)
26 (1, 4, 0, 25, 1, 0, 0, 4, 0, 0, 0, 248)
27 (1, 4, 0, 8, 4, 0, 0, 0, 0, 0, 0, 147)
28 (1, 4, 0, 0, 13, 0, 0, 0, 1, 0, 0, 106)
29 (1, 4, 0, 0, 32, 0, 0, 0, 0, 0, 0, 128)
30 (1, 4, 0, 24, 29, 0, 0, 0, 0, 0, 0, 165)
31 (1, 4, 13, 0, 10, 0, 0, 0, 1, 0, 0, 201)
0 (1, 4, 0, 31, 53, 0, 0, 0, 0, 0, 0, 229)
1 (1, 4, 0, 43, 60, 0, 0, 0, 0, 0, 0, 180)
2 (1, 4, 0, 43, 69, 0, 0, 0, 1, 1, 0, 239)
3 (1, 4, 0, 44, 73, 0, 0, 0, 1, 1, 0, 15)
4 (1, 4, 346, 0, 0, 0, 0, 0, 1, 1, 0, 112)
5 (1, 4, 873, 0, 0, 0, 0, 0, 1, 1, 0, 65)
6 (1, 4, 873, 0, 0, 0, 0, 0, 2, 2, 0, 90)
7 (1, 4, 0, 169, 37, 0, 0, 53, 1, 1, 0, 94)
8 (1, 4, 0, 316, 0, 0, 0, 29, 2, 2, 0, 208)
9 (1, 4, 0, 461, 0, 0, 0, 96, 1, 1, 0, 40)
10 (1, 4, 0, 203, 0, 0, 17, 106, 1, 2, 0, 104)
11 (1, 4, 0, 245, 0, 0, 86, 152, 1, 2, 0, 185)
12 (1, 4, 111, 0, 13, 0, 135, 154, 1, 1, 0, 67)
13 (1, 4, 0, 0, 376, 0, 85, 166, 1, 1, 0, 14)
14 (1, 4, 198, 0, 477, 0, 0, 119, 1, 1, 0, 181)
15 (1, 4, 154, 0, 468, 0, 0, 58, 2, 2, 0, 162)
16 (1, 4, 0, 0, 90, 0, 0, 0, 2, 2, 0, 123)
17 (1, 4, 0, 0, 0, 0, 0, 12, 1, 1, 0, 232)
18 (1, 4, 0, 64, 0, 0, 0, 30, 1, 1, 0, 1)
19 (1, 4, 0, 171, 106, 0, 0, 10, 1, 1, 0, 26)
20 (1, 4, 0, 239, 180, 0, 0, 0, 1, 1, 0, 168)
21 (1, 4, 0, 106, 74, 0, 0, 0, 1, 1, 0, 128)
22 (1, 4, 0, 0, 23, 0, 0, 0, 1, 1, 0, 237)
23 (1, 4, 0, 0, 41, 0, 0, 0, 1, 1, 0, 161)
24 (1, 4, 0, 24, 110, 0, 0, 0, 1, 1, 0, 109)
25 (1, 4, 0, 20, 79, 0, 0, 0, 1, 1, 0, 110)
26 (1, 4, 0, 12, 26, 0, 0, 0, 1, 1, 0, 242)
27 (1, 4, 0, 12, 0, 0, 0, 0, 1, 1, 0, 30)
28 (1, 4, 24, 0, 0, 0, 0, 0, 1, 1, 0, 231)
29 (1, 4, 0, 0, 0, 0, 0, 0, 1, 1, 0, 119)
0 (1, 4, 0, 0, 0, 0, 0, 0, 1, 1, 0, 119)
1 (1, 4, 0, 3, 0, 0, 0, 0, 1, 1, 0, 175)
2 (1, 4, 0, 1, 0, 0, 0, 0, 1, 1, 0, 194)
3 (1, 4, 0, 6, 0, 0, 0, 0, 1, 1, 0, 192)
4 (1, 4, 0, 3, 0, 0, 0, 0, 1, 1, 0, 175)
5 (1, 4, 0, 7, 10, 0, 0, 0, 1, 1, 0, 230)
6 (1, 4, 27, 8, 35, 0, 0, 0, 1, 1, 0, 3)
7 (1, 4, 287, 0, 7, 0, 0, 0, 1, 2, 0, 151)
8 (1, 4, 418, 0, 0, 0, 0, 0, 1, 2, 0, 6)
9 (1, 4, 770, 0, 0, 0, 0, 0, 2, 2, 0, 118)
10 (1, 4, 873, 0, 0, 0, 0, 0, 2, 2, 0, 90)
11 (1, 4, 432, 0, 0, 28, 56, 0, 1, 2, 0, 192)
12 (1, 4, 0, 53, 122, 0, 0, 66, 1, 1, 0, 174)
13 (1, 4, 0, 45, 0, 0, 0, 9, 2, 2, 0, 71)
14 (1, 4, 0, 332, 0, 0, 0, 49, 2, 2, 0, 206)
15 (1, 4, 0, 276, 0, 0, 0, 108, 1, 2, 0, 239)
16 (1, 4, 0, 339, 0, 0, 0, 108, 1, 2, 0, 110)
17 (1, 4, 0, 272, 0, 0, 78, 153, 1, 1, 0, 85)
18 (1, 4, 112, 51, 0, 0, 166, 181, 2, 2, 0, 195)
19 (1, 4, 6, 0, 243, 0, 123, 127, 1, 1, 0, 117)
20 (1, 4, 112, 0, 458, 0, 56, 104, 1, 1, 0, 90)
21 (1, 4, 205, 0, 573, 0, 0, 117, 1, 1, 0, 125)
22 (1, 4, 15, 0, 310, 0, 0, 71, 1, 1, 0, 214)
23 (1, 4, 0, 0, 77, 0, 0, 20, 1, 1, 0, 92)
24 (1, 4, 0, 0, 6, 0, 0, 0, 1, 1, 0, 6)
25 (1, 4, 0, 49, 26, 4, 0, 33, 1, 1, 0, 143)
26 (1, 4, 0, 74, 40, 2, 0, 36, 1, 1, 0, 130)
27 (1, 4, 0, 149, 126, 0, 0, 31, 1, 1, 0, 229)
28 (1, 4, 0, 264, 199, 0, 0, 0, 1, 1, 0, 206)
29 (1, 4, 0, 149, 156, 0, 0, 0, 1, 1, 0, 20)
30 (1, 4, 109, 0, 0, 0, 0, 0, 1, 1, 0, 127)
0 (1, 4, 471, 0, 0, 8, 9, 0, 1, 2, 0, 222)
1 (1, 4, 0, 193, 0, 0, 0, 39, 1, 1, 0, 242)
2 (1, 4, 0, 264, 0, 0, 0, 47, 1, 1, 0, 121)
3 (1, 4, 0, 481, 0, 0, 0, 104, 1, 1, 0, 105)
4 (1, 4, 0, 355, 0, 0, 41, 133, 2, 1, 0, 56)
5 (1, 4, 8, 137, 0, 0, 176, 179, 2, 2, 0, 57)
6 (1, 4, 3, 0, 237, 0, 141, 171, 1, 1, 0, 47)
7 (1, 4, 158, 0, 442, 0, 50, 157, 1, 1, 0, 11)
8 (1, 4, 351, 0, 506, 0, 0, 133, 1, 1, 0, 35)
9 (1, 4, 0, 0, 432, 0, 0, 73, 1, 1, 0, 42)
10 (1, 4, 0, 0, 0, 0, 0, 0, 1, 1, 0, 119)
11 (1, 4, 0, 22, 0, 0, 0, 30, 1, 1, 0, 84)
12 (1, 4, 0, 74, 28, 0, 0, 33, 1, 1, 0, 201)
13 (1, 4, 0, 187, 135, 0, 0, 37, 1, 1, 0, 161)
14 (1, 4, 0, 129, 132, 0, 0, 26, 1, 1, 0, 236)
15 (1, 4, 0, 71, 148, 0, 0, 0, 0, 1, 0, 68)
16 (1, 4, 0, 50, 166, 0, 0, 0, 1, 1, 0, 199)
17 (1, 4, 0, 28, 138, 0, 0, 0, 1, 1, 0, 29)
18 (1, 4, 7, 23, 51, 0, 0, 0, 1, 1, 0, 4)
19 (1, 4, 0, 19, 40, 0, 0, 0, 0, 1, 0, 238)
20 (1, 4, 0, 22, 3, 0, 0, 0, 1, 1, 0, 26)
21 (1, 4, 0, 11, 0, 0, 0, 0, 1, 1, 0, 28)
22 (1, 4, 0, 0, 0, 0, 0, 0, 0, 1, 0, 21)
23 (1, 4, 0, 0, 0, 0, 0, 0, 0, 1, 0, 21)
24 (1, 4, 0, 0, 0, 0, 0, 0, 1, 1, 0, 119)
25 (1, 4, 0, 0, 0, 0, 0, 0, 0, 1, 0, 21)
26 (1, 4, 0, 0, 0, 0, 0, 0, 0, 1, 0, 21)
27 (1, 4, 0, 0, 0, 0, 0, 0, 1, 1, 0, 119)
28 (1, 4, 0, 0, 0, 0, 0, 0, 0, 1, 0, 21)
29 (1, 4, 0, 0, 11, 0, 0, 0, 0, 1, 0, 18)
30 (1, 4, 0, 2, 19, 0, 0, 0, 1, 1, 0, 222)
31 (1, 4, 0, 0, 4, 0, 0, 0, 0, 1, 0, 75)
0 (1, 4, 0, 28, 27, 0, 0, 0, 0, 1, 0, 101)
1 (1, 4, 0, 46, 40, 0, 0, 0, 0, 1, 0, 145)
2 (1, 4, 0, 81, 90, 0, 0, 0, 1, 1, 0, 55)
3 (1, 4, 0, 111, 156, 0, 0, 0, 1, 1, 0, 235)
4 (1, 4, 4, 16, 104, 0, 0, 0, 1, 1, 0, 151)
5 (1, 4, 254, 0, 0, 0, 0, 0, 1, 1, 0, 152)
6 (1, 4, 383, 0, 0, 0, 0, 0, 1, 1, 0, 129)
7 (1, 4, 519, 0, 0, 0, 0, 0, 1, 1, 0, 89)
8 (1, 4, 676, 0, 0, 0, 0, 0, 2, 1, 0, 63)
9 (1, 4, 873, 0, 0, 0, 0, 4, 1, 1, 0, 52)
10 (1, 4, 620, 0, 0, 0, 0, 15, 1, 1, 0, 140)
11 (1, 4, 0, 0, 0, 8, 0, 49, 1, 1, 0, 34)
12 (1, 4, 0, 78, 40, 0, 0, 16, 1, 1, 0, 97)
13 (1, 4, 0, 274, 0, 0, 0, 57, 1, 1, 0, 217)
14 (1, 4, 0, 324, 0, 0, 0, 124, 1, 1, 0, 99)
15 (1, 4, 0, 192, 0, 0, 18, 129, 2, 2, 0, 204)
16 (1, 4, 0, 158, 0, 0, 134, 166, 1, 2, 0, 108)
17 (1, 4, 0, 0, 105, 9, 155, 151, 2, 2, 0, 23)
18 (1, 4, 166, 0, 411, 0, 99, 106, 1, 1, 0, 126)
19 (1, 4, 196, 0, 535, 0, 0, 126, 1, 1, 0, 226)
20 (1, 4, 0, 0, 458, 0, 0, 51, 1, 1, 0, 167)
21 (1, 4, 0, 0, 2, 0, 0, 12, 1, 1, 0, 199)
22 (1, 4, 0, 96, 0, 0, 0, 0, 1, 1, 0, 54)
23 (1, 4, 0, 185, 154, 0, 0, 0, 1, 1, 0, 206)
24 (1, 4, 0, 153, 239, 0, 0, 0, 0, 1, 0, 222)
25 (1, 4, 0, 59, 223, 0, 0, 0, 1, 1, 0, 147)
26 (1, 4, 0, 45, 225, 0, 0, 0, 1, 1, 0, 9)
27 (1, 4, 0, 0, 186, 0, 0, 0, 0, 1, 0, 246)
28 (1, 4, 0, 0, 97, 0, 0, 0, 1, 1, 0, 230)
29 (1, 4, 28, 0, 35, 0, 0, 0, 0, 1, 0, 248)
30 (1, 4, 0, 0, 3, 0, 0, 0, 0, 1, 0, 174)
31 (1, 4, 0, 0, 0, 0, 0, 0, 1, 1, 0, 119)
0 (1, 4, 873, 0, 0, 0, 0, 0, 1, 1, 0, 65)
1 (1, 4, 873, 0, 0, 0, 0, 0, 1, 1, 0, 65)
2 (1, 4, 0, 208, 43, 13, 13, 0, 1, 1, 0, 173)
3 (1, 4, 110, 0, 0, 0, 0, 52, 1, 1, 0, 106)
4 (1, 4, 0, 250, 0, 0, 0, 46, 1, 1, 0, 15)
5 (1, 4, 0, 279, 0, 0, 0, 101, 1, 1, 0, 191)
6 (1, 4, 0, 243, 0, 0, 0, 92, 1, 1, 0, 135)
7 (1, 4, 0, 317, 0, 0, 51, 105, 1, 1, 0, 63)
8 (1, 4, 148, 100, 0, 0, 100, 162, 1, 1, 0, 71)
9 (1, 4, 27, 0, 122, 0, 122, 125, 1, 1, 0, 202)
10 (1, 4, 35, 0, 362, 0, 44, 106, 1, 1, 0, 241)
11 (1, 4, 285, 0, 458, 0, 0, 130, 1, 1, 0, 36)
12 (1, 4, 0, 0, 420, 0, 0, 65, 1, 1, 0, 225)
13 (1, 4, 0, 0, 149, 0, 0, 45, 1, 1, 0, 210)
14 (1, 4, 0, 0, 65, 0, 0, 8, 0, 1, 0, 144)
15 (1, 4, 0, 79, 117, 0, 0, 0, 1, 1, 0, 245)
16 (1, 4, 0, 290, 248, 0, 0, 0, 1, 1, 0, 10)
17 (1, 4, 0, 198, 258, 0, 0, 0, 0, 1, 0, 82)
18 (1, 4, 0, 0, 166, 0, 0, 0, 1, 1, 0, 9)
19 (1, 4, 0, 0, 88, 0, 0, 0, 1, 1, 0, 79)
20 (1, 4, 0, 0, 95, 0, 0, 0, 1, 1, 0, 170)
21 (1, 4, 14, 0, 77, 0, 0, 0, 1, 1, 0, 174)
22 (1, 4, 75, 0, 7, 0, 0, 0, 1, 1, 0, 121)
23 (1, 4, 22, 19, 0, 0, 0, 0, 1, 1, 0, 10)
24 (1, 4, 13, 3, 0, 0, 0, 0, 1, 1, 0, 233)
25 (1, 4, 0, 11, 0, 0, 0, 0, 1, 1, 0, 28)
26 (1, 4, 0, 1, 0, 0, 0, 0, 1, 1, 0, 194)
27 (1, 4, 0, 0, 0, 0, 0, 0, 0, 1, 0, 21)
28 (1, 4, 0, 0, 0, 0, 0, 0, 1, 1, 0, 119)
29 (1, 4, 0, 0, 0, 0, 0, 0, 1, 1, 0, 119)
0 (1, 4, 58, 2, 32, 0, 0, 0, 1, 1, 0, 175)
1 (1, 4, 265, 0, 0, 0, 0, 0, 0, 1, 0, 105)
2 (1, 4, 873, 0, 0, 0, 0, 0, 0, 1, 0, 35)
3 (1, 4, 873, 0, 0, 0, 0, 0, 1, 1, 0, 65)
4 (1, 4, 873, 0, 0, 0, 0, 0, 1, 1, 0, 65)
5 (1, 4, 0, 76, 0, 0, 0, 63, 1, 1, 0, 22)
6 (1, 4, 104, 17, 0, 2, 0, 39, 1, 1, 0, 17)
7 (1, 4, 0, 229, 0, 0, 0, 41, 1, 1, 0, 204)
8 (1, 4, 0, 318, 0, 0, 0, 81, 1, 1, 0, 124)
9 (1, 4, 0, 292, 0, 0, 0, 89, 1, 1, 0, 41)
10 (1, 4, 0, 304, 0, 0, 39, 110, 1, 1, 0, 150)
11 (1, 4, 39, 174, 0, 0, 106, 149, 1, 1, 0, 138)
12 (1, 4, 0, 0, 135, 0, 87, 114, 1, 1, 0, 26)
13 (1, 4, 9, 0, 306, 0, 32, 94, 1, 1, 0, 71)
14 (1, 4, 170, 0, 386, 0, 0, 112, 0, 1, 0, 31)
15 (1, 4, 38, 0, 441, 0, 0, 64, 1, 1, 0, 212)
16 (1, 4, 0, 0, 176, 0, 0, 29, 1, 1, 0, 148)
17 (1, 4, 0, 0, 42, 0, 0, 3, 1, 1, 0, 124)
18 (1, 4, 0, 66, 66, 0, 0, 0, 0, 1, 0, 47)
19 (1, 4, 0, 98, 101, 0, 0, 0, 0, 1, 0, 246)
20 (1, 4, 0, 173, 204, 0, 0, 0, 1, 1, 0, 128)
21 (1, 4, 0, 161, 248, 0, 0, 0, 0, 1, 0, 84)
22 (1, 4, 0, 0, 244, 0, 0, 0, 0, 1, 0, 192)
23 (1, 4, 0, 0, 127, 0, 0, 0, 1, 1, 0, 84)
24 (1, 4, 72, 0, 36, 0, 0, 0, 1, 1, 0, 46)
25 (1, 4, 44, 10, 0, 0, 0, 0, 1, 1, 0, 38)
26 (1, 4, 15, 17, 0, 0, 0, 0, 1, 1, 0, 249)
27 (1, 4, 19, 9, 0, 0, 0, 0, 1, 1, 0, 131)
28 (1, 4, 35, 0, 0, 0, 0, 0, 1, 1, 0, 162)
29 (1, 4, 19, 11, 0, 0, 0, 0, 1, 1, 0, 238)
30 (1, 4, 15, 3, 0, 0, 0, 0, 1, 1, 0, 245)
0 (1, 4, 842, 0, 0, 0, 0, 0, 1, 1, 0, 148)
1 (1, 4, 873, 0, 0, 0, 0, 0, 1, 1, 0, 65)
2 (1, 4, 361, 0, 0, 44, 168, 0, 1, 1, 0, 208)
3 (1, 4, 0, 194, 207, 0, 0, 63, 1, 1, 0, 64)
4 (1, 4, 251, 124, 0, 0, 0, 13, 1, 2, 0, 26)
5 (1, 4, 0, 441, 0, 0, 0, 53, 1, 1, 0, 238)
6 (1, 4, 0, 371, 0, 0, 0, 85, 1, 1, 0, 86)
7 (1, 4, 34, 257, 0, 0, 45, 97, 1, 1, 0, 145)
8 (1, 4, 28, 166, 0, 0, 97, 157, 1, 1, 0, 220)
9 (1, 4, 31, 0, 147, 0, 89, 131, 1, 1, 0, 51)
10 (1, 4, 30, 0, 348, 0, 31, 120, 1, 1, 0, 9)
11 (1, 4, 271, 0, 471, 0, 0, 131, 1, 1, 0, 14)
12 (1, 4, 243, 0, 468, 0, 0, 92, 1, 1, 0, 161)
13 (1, 4, 0, 0, 432, 0, 0, 16, 1, 1, 0, 137)
14 (1, 4, 0, 0, 78, 0, 0, 9, 1, 1, 0, 116)
15 (1, 4, 0, 0, 4, 0, 0, 8, 1, 1, 0, 195)
16 (1, 4, 0, 312, 159, 0, 0, 0, 1, 1, 0, 85)
17 (1, 4, 0, 390, 258, 0, 0, 0, 0, 1, 0, 52)
18 (1, 4, 0, 153, 230, 0, 0, 0, 0, 1, 0, 246)
19 (1, 4, 0, 0, 126, 0, 0, 0, 1, 1, 0, 192)
20 (1, 4, 0, 0, 119, 0, 0, 0, 1, 1, 0, 232)
21 (1, 4, 231, 0, 62, 0, 0, 0, 1, 1, 0, 74)
22 (1, 4, 140, 1, 44, 0, 0, 0, 1, 1, 0, 131)
23 (1, 4, 33, 33, 65, 0, 0, 0, 1, 1, 0, 166)
24 (1, 4, 0, 17, 15, 0, 0, 0, 1, 1, 0, 250)
25 (1, 4, 0, 0, 0, 0, 0, 0, 1, 1, 0, 119)
26 (1, 4, 0, 0, 0, 0, 0, 0, 1, 1, 0, 119)
27 (1, 4, 2, 4, 0, 0, 0, 0, 1, 1, 0, 177)
28 (1, 4, 0, 2, 0, 0, 0, 0, 1, 1, 0, 26)
29 (1, 4, 3, 4, 0, 0, 0, 0, 1, 1, 0, 191)
30 (1, 4, 22, 4, 0, 0, 0, 0, 1, 1, 0, 105)
31 (1, 4, 6, 4, 0, 0, 0, 0, 1, 1, 0, 137)
0 (1, 4, 6, 3, 10, 0, 0, 0, 1, 1, 0, 24)
1 (1, 4, 0, 3, 15, 0, 0, 0, 1, 1, 0, 246)
2 (1, 4, 4, 12, 11, 0, 0, 0, 1, 1, 0, 33)
3 (1, 4, 5, 3, 0, 0, 0, 0, 1, 1, 0, 153)
4 (1, 4, 0, 0, 0, 0, 0, 0, 1, 1, 0, 119)
5 (1, 4, 0, 0, 0, 0, 0, 0, 1, 1, 0, 119)
6 (1, 4, 4, 0, 0, 0, 0, 0, 1, 1, 0, 79)
7 (1, 4, 0, 0, 9, 0, 0, 0, 1, 1, 0, 95)
8 (1, 4, 0, 25, 72, 0, 0, 0, 1, 1, 0, 87)
9 (1, 4, 0, 17, 154, 0, 0, 0, 1, 1, 0, 190)
10 (1, 4, 410, 0, 0, 0, 0, 0, 1, 1, 0, 236)
11 (1, 4, 873, 0, 0, 0, 0, 0, 1, 1, 0, 65)
12 (1, 4, 873, 0, 0, 0, 0, 0, 0, 1, 0, 35)
13 (1, 4, 614, 0, 0, 2, 112, 0, 2, 2, 0, 174)
14 (1, 4, 0, 366, 89, 0, 0, 66, 1, 1, 0, 135)
15 (1, 4, 318, 18, 0, 0, 0, 52, 1, 1, 0, 13)
16 (1, 4, 0, 360, 0, 0, 0, 73, 2, 3, 0, 96)
17 (1, 4, 0, 475, 0, 0, 0, 93, 2, 2, 0, 215)
18 (1, 4, 0, 297, 0, 0, 18, 132, 2, 3, 0, 174)
19 (1, 4, 49, 194, 0, 0, 107, 172, 1, 2, 0, 229)
20 (1, 4, 78, 0, 153, 0, 104, 136, 1, 2, 0, 7)
21 (1, 4, 42, 0, 356, 0, 58, 104, 1, 1, 0, 111)
22 (1, 4, 224, 0, 493, 0, 0, 95, 1, 1, 0, 156)
23 (1, 4, 0, 0, 440, 0, 0, 82, 1, 1, 0, 201)
24 (1, 4, 0, 0, 79, 0, 0, 20, 2, 1, 0, 213)
25 (1, 4, 0, 0, 0, 0, 0, 0, 1, 1, 0, 119)
26 (1, 4, 0, 306, 36, 0, 0, 0, 1, 1, 0, 252)
27 (1, 4, 0, 605, 156, 0, 0, 0, 1, 1, 0, 232)
28 (1, 4, 0, 271, 99, 0, 0, 0, 1, 1, 0, 157)
29 (1, 4, 0, 0, 0, 0, 0, 0, 1, 1, 0, 119)
30 (1, 4, 156, 0, 10, 0, 0, 0, 1, 1, 0, 89)
31 (1, 4, 97, 0, 92, 0, 0, 0, 1, 2, 0, 236)
0 (1, 4, 0, 7, 26, 0, 0, 0, 3, 1, 0, 93)
1 (1, 4, 0, 247, 226, 0, 44, 0, 2, 2, 0, 187)
2 (1, 4, 0, 248, 272, 0, 0, 0, 1, 1, 0, 199)
3 (1, 4, 333, 0, 0, 0, 0, 0, 1, 1, 0, 186)
4 (1, 4, 873, 0, 0, 0, 0, 0, 1, 1, 0, 65)
5 (1, 4, 873, 0, 0, 0, 0, 0, 1, 1, 0, 65)
6 (1, 4, 873, 0, 0, 0, 0, 0, 1, 1, 0, 65)
7 (1, 4, 0, 115, 0, 11, 73, 2, 1, 1, 0, 77)
8 (1, 4, 0, 25, 49, 0, 0, 101, 1, 1, 0, 75)
9 (1, 4, 34, 9, 0, 0, 0, 37, 1, 1, 0, 161)
10 (1, 4, 0, 256, 0, 0, 0, 47, 1, 1, 0, 202)
11 (1, 4, 0, 325, 0, 0, 0, 69, 1, 1, 0, 145)
12 (1, 4, 0, 264, 0, 0, 0, 68, 1, 1, 0, 17)
13 (1, 4, 0, 306, 0, 0, 0, 80, 1, 1, 0, 202)
14 (1, 4, 107, 204, 0, 0, 37, 133, 1, 1, 0, 7)
15 (1, 4, 98, 0, 51, 0, 76, 144, 1, 1, 0, 126)
16 (1, 4, 0, 0, 220, 0, 16, 128, 1, 1, 0, 239)
17 (1, 4, 88, 0, 296, 0, 0, 99, 1, 1, 0, 243)
18 (1, 4, 25, 0, 335, 0, 0, 36, 1, 1, 0, 194)
19 (1, 4, 0, 0, 200, 0, 0, 2, 1, 1, 0, 120)
20 (1, 4, 0, 0, 13, 0, 0, 0, 1, 1, 0, 1)
21 (1, 4, 0, 85, 174, 0, 0, 0, 1, 1, 0, 56)
22 (1, 4, 0, 248, 357, 0, 0, 0, 1, 1, 0, 119)
23 (1, 4, 0, 193, 293, 0, 0, 0, 1, 1, 0, 41)
24 (1, 4, 0, 5, 155, 0, 0, 0, 1, 1, 0, 145)
25 (1, 4, 0, 0, 37, 0, 0, 0, 1, 1, 0, 67)
26 (1, 4, 0, 0, 38, 0, 0, 0, 1, 1, 0, 248)
27 (1, 4, 0, 20, 74, 0, 0, 0, 0, 1, 0, 198)
28 (1, 4, 22, 1, 10, 0, 0, 0, 1, 1, 0, 149)
29 (1, 4, 15, 18, 13, 0, 0, 0, 1, 1, 0, 87)
30 (1, 4, 0, 11, 0, 0, 0, 0, 0, 1, 0, 126)
31 (1, 4, 7, 14, 0, 0, 0, 0, 1, 1, 0, 89)
0 (1, 4, 873, 0, 0, 0, 0, 0, 1, 1, 0, 65)
1 (1, 4, 0, 57, 0, 0, 0, 106, 1, 1, 0, 101)
2 (1, 4, 125, 0, 0, 0, 0, 64, 1, 2, 0, 103)
3 (1, 4, 0, 96, 29, 0, 0, 87, 1, 2, 0, 7)
4 (1, 4, 0, 137, 0, 0, 0, 100, 1, 2, 0, 92)
5 (1, 4, 0, 196, 0, 0, 0, 88, 1, 2, 0, 238)
6 (1, 4, 35, 68, 0, 0, 0, 111, 1, 1, 0, 230)
7 (1, 4, 23, 20, 0, 0, 29, 75, 1, 2, 0, 172)
8 (1, 4, 0, 36, 0, 0, 83, 74, 1, 2, 0, 208)
9 (1, 4, 83, 16, 21, 0, 122, 96, 1, 2, 0, 32)
10 (1, 4, 0, 0, 242, 0, 76, 113, 1, 2, 0, 190)
11 (1, 4, 66, 0, 373, 0, 36, 116, 1, 2, 0, 30)
12 (1, 4, 33, 0, 465, 0, 0, 112, 1, 1, 0, 53)
13 (1, 4, 0, 0, 308, 0, 0, 82, 1, 1, 0, 218)
14 (1, 4, 0, 0, 89, 0, 0, 80, 1, 1, 0, 77)
15 (1, 4, 0, 0, 69, 0, 0, 41, 1, 1, 0, 210)
16 (1, 4, 0, 263, 159, 0, 0, 19, 1, 1, 0, 242)
17 (1, 4, 0, 277, 177, 0, 0, 20, 0, 1, 0, 188)
18 (1, 4, 0, 134, 105, 0, 0, 7, 0, 0, 0, 246)
19 (1, 4, 0, 22, 82, 0, 0, 0, 1, 0, 0, 97)
20 (1, 4, 0, 82, 90, 0, 0, 0, 0, 0, 0, 230)
21 (1, 4, 0, 153, 164, 0, 0, 0, 0, 0, 0, 73)
22 (1, 4, 0, 145, 206, 0, 0, 0, 1, 0, 0, 14)
23 (1, 4, 0, 28, 153, 0, 0, 0, 0, 1, 0, 187)
24 (1, 4, 0, 0, 79, 0, 0, 0, 0, 1, 0, 183)
25 (1, 4, 48, 0, 38, 0, 0, 0, 1, 1, 0, 223)
26 (1, 4, 58, 9, 3, 0, 0, 0, 0, 1, 0, 227)
27 (1, 4, 70, 0, 0, 0, 0, 0, 0, 1, 0, 184)
28 (1, 4, 33, 0, 0, 0, 0, 0, 1, 1, 0, 190)
29 (1, 4, 0, 9, 0, 0, 0, 0, 0, 1, 0, 19)
30 (1, 4, 0, 4, 0, 0, 0, 0, 0, 1, 0, 207)
31 (1, 4, 0, 0, 0, 0, 0, 0, 1, 1, 0, 119)
0 (1, 4, 0, 31, 45, 0, 0, 0, 1, 1, 0, 47)
1 (1, 4, 0, 9, 20, 0, 0, 0, 0, 1, 0, 50)
2 (1, 4, 0, 0, 0, 0, 2, 0, 0, 1, 0, 231)
3 (1, 4, 0, 15, 0, 0, 3, 0, 1, 1, 0, 77)
4 (1, 4, 0, 2, 0, 0, 6, 0, 0, 1, 0, 105)
5 (1, 4, 0, 15, 0, 0, 12, 0, 0, 1, 0, 134)
6 (1, 4, 0, 5, 24, 0, 19, 0, 1, 1, 0, 213)
7 (1, 4, 0, 40, 89, 0, 21, 0, 1, 1, 0, 181)
8 (1, 4, 0, 19, 63, 0, 0, 0, 1, 1, 0, 22)
9 (1, 4, 262, 0, 0, 0, 0, 0, 1, 1, 0, 81)
10 (1, 4, 873, 0, 0, 0, 0, 0, 1, 1, 0, 65)
11 (1, 4, 873, 0, 0, 0, 0, 0, 1, 1, 0, 65)
12 (1, 4, 873, 0, 0, 0, 23, 0, 3, 3, 0, 190)
13 (1, 4, 0, 118, 0, 0, 0, 58, 2, 2, 0, 218)
14 (1, 4, 371, 0, 0, 0, 0, 78, 1, 1, 0, 170)
15 (1, 4, 9, 72, 0, 0, 0, 85, 5, 5, 0, 33)
16 (1, 4, 0, 106, 0, 0, 0, 113, 3, 3, 0, 18)
17 (1, 4, 0, 0, 0, 0, 23, 87, 4, 3, 0, 36)
18 (1, 4, 0, 0, 0, 0, 71, 70, 2, 2, 0, 151)
19 (1, 4, 0, 102, 0, 0, 111, 78, 1, 2, 0, 225)
20 (1, 4, 54, 23, 128, 0, 76, 80, 2, 2, 0, 83)
21 (1, 4, 0, 0, 320, 0, 65, 82, 2, 2, 0, 134)
22 (1, 4, 0, 0, 408, 0, 16, 92, 1, 1, 0, 148)
23 (1, 4, 0, 0, 521, 0, 0, 81, 1, 1, 0, 172)
24 (1, 4, 21, 0, 362, 0, 0, 57, 1, 1, 0, 45)
25 (1, 4, 0, 27, 119, 0, 0, 39, 1, 1, 0, 80)
26 (1, 4, 0, 200, 15, 0, 0, 26, 1, 1, 0, 159)
27 (1, 4, 0, 285, 17, 0, 0, 0, 1, 1, 0, 196)
28 (1, 4, 0, 366, 45, 0, 0, 0, 1, 1, 0, 95)
29 (1, 4, 0, 208, 72, 0, 0, 0, 1, 1, 0, 211)
30 (1, 4, 0, 0, 35, 0, 0, 0, 1, 1, 0, 50)
31 (1, 4, 49, 0, 0, 0, 0, 0, 1, 1, 0, 94)
0 (1, 4, 711, 0, 0, 0, 0, 0, 1, 2, 0, 120)
1 (1, 4, 873, 0, 0, 0, 0, 0, 2, 2, 0, 90)
2 (1, 4, 829, 0, 0, 10, 195, 0, 2, 2, 0, 104)
3 (1, 4, 0, 114, 189, 13, 0, 81, 1, 2, 0, 83)
4 (1, 4, 222, 56, 0, 0, 0, 2, 2, 2, 0, 237)
5 (1, 4, 0, 290, 0, 0, 0, 78, 1, 2, 0, 227)
6 (1, 4, 0, 233, 0, 0, 0, 114, 1, 2, 0, 2)
7 (1, 4, 0, 146, 0, 0, 3, 91, 2, 2, 0, 240)
8 (1, 4, 0, 191, 0, 0, 60, 87, 1, 2, 0, 246)
9 (1, 4, 52, 90, 0, 0, 91, 108, 1, 2, 0, 71)
10 (1, 4, 9, 0, 175, 0, 70, 101, 1, 2, 0, 167)
11 (1, 4, 56, 0, 373, 0, 43, 113, 1, 2, 0, 223)
12 (1, 4, 0, 0, 450, 0, 0, 127, 1, 2, 0, 124)
13 (1, 4, 88, 0, 473, 0, 0, 73, 1, 2, 0, 163)
14 (1, 4, 0, 0, 367, 0, 0, 13, 2, 2, 0, 45)
15 (1, 4, 59, 0, 48, 0, 0, 57, 1, 2, 0, 73)
16 (1, 4, 0, 7, 7, 0, 0, 34, 1, 2, 0, 53)
17 (1, 4, 0, 157, 43, 0, 0, 24, 1, 1, 0, 11)
18 (1, 4, 0, 196, 132, 0, 0, 11, 1, 1, 0, 12)
19 (1, 4, 0, 211, 225, 0, 0, 0, 1, 1, 0, 44)
20 (1, 4, 0, 160, 249, 0, 0, 0, 1, 1, 0, 23)
21 (1, 4, 0, 0, 315, 0, 0, 0, 1, 1, 0, 172)
22 (1, 4, 0, 0, 251, 0, 0, 0, 1, 1, 0, 251)
23 (1, 4, 0, 0, 129, 0, 0, 0, 1, 1, 0, 18)
24 (1, 4, 12, 0, 12, 0, 0, 0, 1, 1, 0, 221)
25 (1, 4, 44, 7, 0, 0, 0, 0, 1, 1, 0, 250)
26 (1, 4, 5, 49, 0, 0, 0, 0, 1, 1, 0, 87)
27 (1, 4, 25, 37, 0, 0, 3, 0, 1, 1, 0, 207)
28 (1, 4, 16, 40, 0, 0, 2, 0, 1, 1, 0, 20)
29 (1, 4, 23, 24, 0, 0, 4, 0, 1, 1, 0, 140)
30 (1, 4, 0, 20, 0, 0, 4, 0, 1, 1, 0, 47)
31 (1, 4, 0, 1, 0, 0, 4, 0, 1, 1, 0, 33)
0 (1, 4, 0, 0, 53, 0, 5, 0, 1, 1, 0, 166)
1 (1, 4, 0, 0, 40, 0, 3, 0, 1, 1, 0, 190)
2 (1, 4, 7, 0, 18, 0, 4, 0, 1, 1, 0, 238)
3 (1, 4, 10, 2, 11, 0, 6, 0, 1, 1, 0, 96)
4 (1, 4, 9, 15, 11, 0, 9, 0, 1, 1, 0, 7)
5 (1, 4, 1, 8, 18, 0, 11, 0, 1, 1, 0, 208)
6 (1, 4, 75, 3, 12, 0, 0, 0, 1, 1, 0, 166)
7 (1, 4, 646, 0, 0, 0, 0, 0, 1, 1, 0, 66)
8 (1, 4, 873, 0, 0, 0, 0, 0, 1, 1, 0, 65)
9 (1, 4, 873, 0, 0, 0, 0, 0, 1, 1, 0, 65)
10 (1, 4, 702, 0, 0, 0, 69, 0, 1, 1, 0, 149)
11 (1, 4, 0, 0, 0, 0, 0, 18, 2, 2, 0, 6)
12 (1, 4, 93, 200, 0, 14, 0, 0, 1, 2, 0, 110)
13 (1, 4, 0, 300, 0, 0, 0, 93, 2, 2, 0, 244)
14 (1, 4, 0, 371, 0, 0, 0, 105, 2, 2, 0, 160)
15 (1, 4, 0, 196, 0, 0, 0, 151, 2, 2, 0, 126)
16 (1, 4, 12, 42, 0, 0, 136, 119, 2, 2, 0, 233)
17 (1, 4, 0, 5, 42, 0, 142, 102, 1, 2, 0, 4)
18 (1, 4, 30, 0, 321, 0, 97, 97, 1, 2, 0, 25)
19 (1, 4, 297, 0, 444, 0, 0, 142, 1, 1, 0, 175)
20 (1, 4, 68, 0, 525, 0, 0, 125, 1, 1, 0, 125)
21 (1, 4, 0, 0, 230, 0, 0, 54, 1, 1, 0, 76)
22 (1, 4, 0, 0, 31, 0, 0, 17, 1, 1, 0, 93)
23 (1, 4, 0, 161, 124, 0, 0, 0, 1, 1, 0, 153)
24 (1, 4, 0, 313, 312, 0, 0, 0, 1, 1, 0, 87)
25 (1, 4, 0, 314, 377, 0, 0, 0, 1, 1, 0, 224)
26 (1, 4, 0, 165, 304, 0, 0, 0, 1, 1, 0, 7)
27 (1, 4, 0, 0, 194, 0, 0, 0, 1, 1, 0, 82)
28 (1, 4, 0, 0, 130, 0, 0, 0, 1, 1, 0, 169)
29 (1, 4, 0, 0, 81, 0, 3, 0, 1, 1, 0, 236)
30 (1, 4, 0, 0, 85, 0, 2, 0, 1, 1, 0, 203)
31 (1, 4, 0, 0, 31, 0, 0, 0, 1, 1, 0, 81)
0 (1, 4, 873, 0, 0, 0, 0, 0, 2, 2, 0, 90)
1 (1, 4, 873, 0, 0, 0, 0, 0, 1, 1, 0, 65)
2 (1, 4, 182, 350, 0, 0, 85, 0, 1, 1, 0, 103)
3 (1, 4, 24, 0, 0, 0, 0, 65, 1, 1, 0, 125)
4 (1, 4, 0, 199, 35, 0, 0, 7, 1, 1, 0, 161)
5 (1, 4, 0, 164, 0, 0, 0, 51, 1, 1, 0, 122)
6 (1, 4, 0, 243, 0, 4, 27, 104, 1, 1, 0, 51)
7 (1, 4, 15, 236, 0, 45, 115, 228, 1, 1, 0, 116)
8 (1, 4, 93, 0, 102, 48, 181, 212, 1, 1, 0, 125)
9 (1, 4, 162, 0, 339, 0, 46, 171, 1, 1, 0, 161)
10 (1, 4, 109, 0, 484, 0, 0, 147, 1, 1, 0, 183)
11 (1, 4, 0, 0, 99, 0, 0, 0, 1, 1, 0, 201)
12 (1, 4, 0, 76, 54, 10, 0, 3, 1, 1, 0, 205)
13 (1, 4, 0, 184, 248, 0, 0, 7, 1, 1, 0, 66)
14 (1, 4, 0, 267, 292, 0, 0, 0, 1, 1, 0, 4)
15 (1, 4, 0, 231, 263, 0, 0, 0, 1, 1, 0, 141)
16 (1, 4, 0, 0, 58, 0, 0, 0, 1, 1, 0, 101)
17 (1, 4, 0, 0, 0, 0, 0, 0, 1, 1, 0, 119)
18 (1, 4, 0, 0, 92, 0, 0, 0, 1, 1, 0, 17)
19 (1, 4, 0, 0, 76, 0, 0, 0, 1, 1, 0, 110)
20 (1, 4, 47, 0, 100, 0, 0, 0, 1, 1, 0, 177)
21 (1, 4, 69, 26, 0, 0, 0, 0, 1, 1, 0, 119)
22 (1, 4, 116, 18, 0, 0, 0, 0, 1, 1, 0, 237)
23 (1, 4, 34, 35, 0, 0, 8, 0, 1, 1, 0, 119)
24 (1, 4, 19, 15, 10, 0, 1, 0, 1, 1, 0, 222)
25 (1, 4, 54, 11, 15, 0, 0, 0, 1, 1, 0, 70)
26 (1, 4, 9, 17, 41, 0, 0, 0, 1, 1, 0, 11)
27 (1, 4, 0, 24, 30, 0, 0, 0, 1, 1, 0, 23)
28 (1, 4, 0, 0, 21, 0, 0, 0, 1, 1, 0, 194)
29 (1, 4, 0, 0, 9, 0, 0, 0, 1, 1, 0, 95)
30 (1, 4, 0, 4, 5, 0, 0, 0, 0, 1, 0, 5)
0 (1, 4, 24, 0, 18, 0, 0, 0, 1, 1, 0, 183)
1 (1, 4, 379, 0, 79, 0, 0, 0, 1, 1, 0, 27)
2 (1, 4, 873, 0, 0, 0, 0, 0, 1, 1, 0, 65)
3 (1, 4, 873, 0, 0, 0, 0, 0, 1, 1, 0, 65)
4 (1, 4, 873, 0, 0, 0, 0, 0, 1, 1, 0, 65)
5 (1, 4, 0, 0, 16, 0, 0, 2, 1, 1, 0, 177)
6 (1, 4, 0, 149, 0, 0, 0, 34, 1, 1, 0, 96)
7 (1, 4, 0, 335, 0, 0, 0, 70, 1, 1, 0, 41)
8 (1, 4, 0, 230, 0, 5, 140, 131, 1, 1, 0, 25)
9 (1, 4, 0, 79, 0, 90, 246, 228, 1, 1, 0, 13)
10 (1, 4, 41, 0, 291, 13, 135, 165, 1, 1, 0, 144)
11 (1, 4, 38, 0, 457, 0, 0, 83, 1, 1, 0, 27)
12 (1, 4, 92, 0, 52, 0, 0, 0, 1, 1, 0, 137)
13 (1, 4, 0, 199, 77, 0, 0, 0, 1, 1, 0, 122)
14 (1, 4, 0, 279, 272, 0, 0, 0, 1, 1, 0, 211)
15 (1, 4, 0, 198, 180, 0, 0, 0, 1, 0, 0, 7)
16 (1, 4, 0, 92, 102, 0, 0, 0, 0, 0, 0, 129)
17 (1, 4, 0, 0, 38, 0, 0, 0, 1, 0, 0, 147)
18 (1, 4, 0, 0, 39, 0, 0, 0, 0, 0, 0, 101)
19 (1, 4, 0, 0, 77, 0, 0, 0, 0, 0, 0, 243)
20 (1, 4, 0, 33, 73, 0, 0, 0, 1, 0, 0, 184)
21 (1, 4, 7, 58, 70, 0, 0, 0, 0, 0, 0, 163)
22 (1, 4, 1, 58, 63, 0, 0, 0, 0, 0, 0, 213)
23 (1, 4, 20, 38, 71, 0, 0, 0, 1, 0, 0, 175)
24 (1, 4, 108, 37, 29, 0, 0, 0, 0, 0, 0, 220)
25 (1, 4, 76, 69, 60, 0, 0, 0, 0, 0, 0, 48)
26 (1, 4, 81, 62, 70, 0, 0, 0, 1, 0, 0, 86)
27 (1, 4, 112, 22, 122, 0, 0, 0, 0, 0, 0, 239)
28 (1, 4, 87, 61, 84, 0, 0, 0, 0, 0, 0, 152)
29 (1, 4, 113, 76, 91, 0, 0, 0, 1, 0, 0, 213)
30 (1, 4, 42, 57, 81, 0, 0, 0, 0, 0, 0, 96)
31 (1, 4, 98, 58, 59, 0, 0, 0, 0, 0, 0, 215)
0 (1, 4, 873, 0, 0, 0, 0, 0, 1, 1, 0, 65)
1 (1, 4, 861, 0, 0, 0, 0, 0, 1, 1, 0, 94)
2 (1, 4, 53, 0, 3, 0, 0, 0, 1, 1, 0, 221)
3 (1, 4, 0, 419, 0, 0, 0, 0, 1, 1, 0, 137)
4 (1, 4, 0, 532, 0, 0, 0, 71, 1, 1, 0, 87)
5 (1, 4, 0, 612, 0, 0, 0, 136, 1, 1, 0, 65)
6 (1, 4, 0, 466, 0, 0, 138, 251, 1, 1, 0, 42)
7 (1, 4, 311, 0, 41, 0, 128, 247, 1, 1, 0, 52)
8 (1, 4, 111, 0, 415, 0, 11, 170, 1, 1, 0, 219)
9 (1, 4, 87, 0, 432, 0, 0, 37, 1, 1, 0, 18)
10 (1, 4, 0, 0, 155, 0, 0, 10, 1, 1, 0, 173)
11 (1, 4, 0, 0, 39, 0, 0, 0, 1, 1, 0, 108)
12 (1, 4, 0, 155, 204, 0, 0, 0, 1, 1, 0, 148)
13 (1, 4, 0, 307, 306, 0, 0, 0, 1, 1, 0, 26)
14 (1, 4, 0, 218, 238, 0, 0, 0, 1, 1, 0, 115)
15 (1, 4, 0, 25, 130, 0, 0, 0, 0, 1, 0, 172)
16 (1, 4, 0, 0, 115, 0, 0, 0, 1, 1, 0, 182)
17 (1, 4, 0, 0, 176, 0, 0, 0, 1, 1, 0, 7)
18 (1, 4, 0, 0, 186, 0, 0, 0, 1, 1, 0, 148)
19 (1, 4, 34, 0, 138, 0, 0, 0, 1, 1, 0, 206)
20 (1, 4, 161, 0, 94, 0, 0, 0, 1, 1, 0, 226)
21 (1, 4, 95, 0, 40, 0, 0, 0, 1, 1, 0, 6)
22 (1, 4, 17, 13, 0, 0, 0, 0, 1, 1, 0, 69)
23 (1, 4, 5, 13, 0, 0, 0, 0, 1, 1, 0, 157)
24 (1, 4, 0, 35, 0, 0, 0, 0, 1, 1, 0, 109)
25 (1, 4, 0, 38, 0, 0, 2, 0, 1, 1, 0, 240)
26 (1, 4, 0, 22, 0, 0, 3, 0, 0, 1, 0, 72)
27 (1, 4, 0, 20, 0, 0, 4, 0, 1, 1, 0, 47)
28 (1, 4, 0, 22, 0, 0, 4, 0, 1, 1, 0, 66)
29 (1, 4, 8, 28, 0, 0, 4, 0, 0, 1, 0, 142)
30 (1, 4, 3, 21, 0, 0, 4, 0, 1, 1, 0, 136)
31 (1, 4, 0, 14, 0, 0, 2, 0, 1, 1, 0, 129)
0 (1, 4, 0, 62, 31, 0, 0, 11, 1, 1, 0, 122)
1 (1, 4, 0, 159, 0, 0, 0, 31, 1, 1, 0, 140)
2 (1, 4, 0, 359, 0, 0, 0, 59, 1, 1, 0, 47)
3 (1, 4, 0, 325, 0, 0, 0, 197, 1, 1, 0, 27)
4 (1, 4, 56, 10, 0, 26, 167, 250, 1, 1, 0, 112)
5 (1, 4, 97, 0, 216, 34, 159, 182, 1, 1, 0, 5)
6 (1, 4, 247, 0, 431, 0, 44, 124, 1, 1, 0, 106)
7 (1, 4, 341, 0, 443, 0, 0, 121, 1, 1, 0, 2)
8 (1, 4, 35, 0, 187, 0, 0, 24, 1, 1, 0, 236)
9 (1, 4, 0, 3, 15, 0, 0, 0, 1, 1, 0, 246)
10 (1, 4, 0, 175, 110, 0, 0, 10, 1, 1, 0, 158)
11 (1, 4, 0, 195, 238, 0, 0, 8, 1, 1, 0, 254)
12 (1, 4, 0, 198, 361, 0, 0, 0, 1, 1, 0, 50)
13 (1, 4, 0, 148, 393, 0, 0, 0, 1, 1, 0, 73)
14 (1, 4, 0, 1, 298, 0, 0, 0, 1, 1, 0, 242)
15 (1, 4, 0, 0, 213, 0, 0, 0, 1, 1, 0, 200)
16 (1, 4, 130, 2, 172, 0, 0, 0, 1, 1, 0, 254)
17 (1, 4, 90, 47, 60, 0, 0, 0, 1, 1, 0, 98)
18 (1, 4, 101, 0, 0, 0, 0, 0, 0, 1, 0, 109)
19 (1, 4, 0, 0, 0, 0, 0, 0, 1, 1, 0, 119)
20 (1, 4, 0, 0, 0, 0, 0, 0, 1, 1, 0, 119)
21 (1, 4, 0, 0, 0, 0, 0, 0, 0, 1, 0, 21)
22 (1, 4, 0, 9, 0, 0, 0, 0, 1, 1, 0, 113)
23 (1, 4, 0, 15, 0, 0, 0, 0, 1, 1, 0, 198)
24 (1, 4, 0, 13, 0, 0, 0, 0, 0, 1, 0, 201)
25 (1, 4, 0, 4, 0, 0, 0, 0, 1, 1, 0, 173)
26 (1, 4, 0, 0, 4, 0, 0, 0, 1, 1, 0, 41)
27 (1, 4, 0, 0, 13, 0, 0, 0, 0, 1, 0, 99)
28 (1, 4, 0, 0, 13, 0, 0, 0, 1, 1, 0, 1)
29 (1, 4, 0, 0, 8, 0, 0, 0, 1, 1, 0, 203)
30 (1, 4, 0, 0, 8, 0, 0, 0, 0, 1, 0, 169)
31 (1, 4, 0, 0, 6, 0, 0, 0, 1, 1, 0, 6)
0 (1, 4, 0, 0, 4, 0, 0, 0, 1, 1, 0, 41)
1 (1, 4, 0, 11, 8, 0, 0, 0, 1, 1, 0, 160)
2 (1, 4, 8, 3, 12, 0, 0, 0, 0, 1, 0, 95)
3 (1, 4, 0, 0, 14, 0, 0, 0, 1, 1, 0, 186)
4 (1, 4, 0, 0, 14, 0, 0, 0, 1, 1, 0, 186)
5 (1, 4, 0, 0, 1, 0, 0, 0, 0, 1, 0, 129)
6 (1, 4, 0, 0, 0, 0, 0, 0, 1, 1, 0, 119)
7 (1, 4, 0, 0, 0, 0, 0, 0, 1, 1, 0, 119)
8 (1, 4, 0, 0, 12, 0, 0, 0, 0, 1, 0, 247)
9 (1, 4, 0, 0, 47, 0, 0, 0, 1, 1, 0, 208)
10 (1, 4, 0, 0, 109, 0, 0, 0, 1, 1, 0, 4)
11 (1, 4, 228, 0, 125, 0, 0, 0, 1, 1, 0, 24)
12 (1, 4, 873, 0, 0, 0, 0, 0, 1, 1, 0, 65)
13 (1, 4, 873, 0, 0, 0, 0, 0, 1, 1, 0, 65)
14 (1, 4, 103, 0, 0, 0, 0, 0, 1, 1, 0, 19)
15 (1, 4, 0, 186, 0, 0, 0, 0, 2, 2, 0, 16)
16 (1, 4, 90, 448, 0, 0, 0, 100, 1, 1, 0, 132)
17 (1, 4, 0, 259, 0, 6, 99, 213, 1, 1, 0, 34)
18 (1, 4, 102, 0, 0, 27, 206, 219, 1, 1, 0, 93)
19 (1, 4, 30, 0, 292, 19, 138, 123, 1, 1, 0, 84)
20 (1, 4, 99, 0, 489, 0, 0, 115, 1, 1, 0, 251)
21 (1, 4, 0, 0, 359, 0, 0, 17, 1, 1, 0, 198)
22 (1, 4, 0, 67, 259, 0, 0, 0, 1, 1, 0, 202)
23 (1, 4, 0, 259, 335, 0, 0, 0, 1, 1, 0, 181)
24 (1, 4, 0, 305, 427, 0, 0, 0, 1, 1, 0, 209)
25 (1, 4, 0, 174, 384, 0, 0, 0, 0, 1, 0, 126)
26 (1, 4, 0, 0, 200, 0, 0, 0, 1, 1, 0, 193)
27 (1, 4, 0, 0, 56, 0, 0, 0, 1, 1, 0, 74)
28 (1, 4, 0, 0, 26, 0, 16, 0, 1, 1, 0, 30)
29 (1, 4, 52, 0, 138, 0, 13, 0, 1, 1, 0, 81)
30 (1, 4, 0, 0, 104, 0, 0, 0, 1, 1, 0, 206)
31 (1, 4, 97, 0, 24, 0, 0, 0, 1, 1, 0, 244)
0 (1, 4, 32, 48, 0, 0, 16, 0, 0, 1, 0, 244)
1 (1, 4, 19, 43, 0, 0, 12, 0, 1, 1, 0, 14)
2 (1, 4, 17, 12, 0, 0, 11, 0, 1, 1, 0, 186)
3 (1, 4, 0, 0, 0, 0, 12, 0, 1, 1, 0, 85)
4 (1, 4, 0, 0, 41, 0, 10, 0, 1, 1, 0, 146)
5 (1, 4, 0, 0, 64, 0, 8, 0, 1, 1, 0, 77)
6 (1, 4, 0, 0, 86, 0, 7, 0, 1, 1, 0, 234)
7 (1, 4, 0, 0, 140, 0, 13, 0, 0, 1, 0, 93)
8 (1, 4, 0, 0, 115, 0, 0, 0, 1, 1, 0, 182)
9 (1, 4, 683, 0, 0, 0, 0, 0, 1, 1, 0, 195)
10 (1, 4, 873, 0, 0, 0, 0, 0, 0, 1, 0, 35)
11 (1, 4, 873, 0, 0, 0, 0, 0, 1, 1, 0, 65)
12 (1, 4, 0, 0, 0, 0, 58, 0, 1, 1, 0, 204)
13 (1, 4, 52, 0, 0, 0, 0, 30, 1, 1, 0, 157)
14 (1, 4, 0, 207, 0, 0, 0, 0, 1, 1, 0, 68)
15 (1, 4, 0, 269, 0, 0, 0, 62, 1, 1, 0, 26)
16 (1, 4, 0, 385, 0, 0, 0, 151, 1, 1, 0, 108)
17 (1, 4, 88, 22, 0, 14, 166, 222, 1, 1, 0, 16)
18 (1, 4, 22, 0, 175, 20, 201, 162, 1, 1, 0, 106)
19 (1, 4, 72, 0, 415, 0, 58, 124, 1, 1, 0, 23)
20 (1, 4, 288, 0, 459, 0, 0, 74, 1, 1, 0, 244)
21 (1, 4, 0, 0, 187, 0, 0, 43, 1, 1, 0, 45)
22 (1, 4, 0, 0, 60, 0, 0, 0, 1, 1, 0, 20)
23 (1, 4, 0, 132, 188, 0, 0, 0, 1, 1, 0, 62)
24 (1, 4, 0, 213, 348, 0, 0, 0, 1, 1, 0, 192)
25 (1, 4, 0, 172, 398, 0, 0, 0, 1, 1, 0, 188)
26 (1, 4, 0, 0, 279, 0, 0, 0, 1, 1, 0, 176)
27 (1, 4, 0, 0, 152, 0, 0, 0, 1, 1, 0, 69)
28 (1, 4, 185, 0, 131, 0, 0, 0, 1, 1, 0, 113)
29 (1, 4, 73, 36, 118, 0, 12, 0, 1, 1, 0, 177)
30 (1, 4, 14, 52, 93, 0, 0, 0, 0, 1, 0, 202)
31 (1, 4, 91, 0, 0, 0, 0, 0, 1, 1, 0, 124)
0 (1, 4, 0, 269, 0, 0, 0, 3, 1, 1, 0, 40)
1 (1, 4, 0, 460, 0, 0, 0, 88, 1, 1, 0, 5)
2 (1, 4, 0, 316, 0, 0, 0, 147, 1, 1, 0, 103)
3 (1, 4, 0, 186, 0, 12, 49, 171, 1, 1, 0, 217)
4 (1, 4, 167, 0, 0, 32, 175, 149, 1, 1, 0, 5)
5 (1, 4, 0, 0, 255, 27, 113, 99, 1, 1, 0, 226)
6 (1, 4, 192, 0, 388, 0, 0, 114, 1, 1, 0, 151)
7 (1, 4, 21, 0, 403, 0, 0, 91, 1, 1, 0, 211)
8 (1, 4, 47, 0, 188, 0, 0, 37, 1, 1, 0, 115)
9 (1, 4, 0, 83, 187, 0, 0, 0, 1, 1, 0, 58)
10 (1, 4, 0, 175, 236, 0, 0, 0, 1, 1, 0, 19)
11 (1, 4, 0, 210, 320, 0, 0, 0, 0, 1, 0, 61)
12 (1, 4, 0, 123, 370, 0, 0, 0, 1, 0, 0, 95)
13 (1, 4, 0, 0, 373, 0, 0, 0, 1, 1, 0, 154)
14 (1, 4, 0, 0, 255, 0, 0, 0, 0, 1, 0, 199)
15 (1, 4, 0, 0, 182, 0, 0, 0, 1, 1, 0, 118)
16 (1, 4, 104, 0, 32, 0, 0, 0, 1, 1, 0, 183)
17 (1, 4, 77, 88, 0, 0, 2, 0, 1, 1, 0, 27)
18 (1, 4, 108, 96, 0, 0, 4, 0, 1, 1, 0, 211)
19 (1, 4, 109, 103, 0, 0, 7, 0, 1, 1, 0, 84)
20 (1, 4, 70, 103, 0, 0, 11, 0, 1, 1, 0, 211)
21 (1, 4, 11, 109, 0, 0, 10, 0, 0, 1, 0, 217)
22 (1, 4, 18, 82, 0, 0, 11, 0, 1, 1, 0, 78)
23 (1, 4, 0, 57, 0, 0, 13, 0, 1, 1, 0, 137)
24 (1, 4, 0, 31, 0, 0, 11, 0, 0, 1, 0, 143)
25 (1, 4, 0, 9, 0, 0, 8, 0, 1, 1, 0, 176)
26 (1, 4, 0, 0, 9, 0, 7, 0, 1, 1, 0, 55)
27 (1, 4, 0, 0, 14, 0, 6, 0, 0, 1, 0, 201)
28 (1, 4, 0, 0, 29, 0, 4, 0, 1, 1, 0, 157)
29 (1, 4, 0, 0, 13, 0, 3, 0, 1, 1, 0, 138)
30 (1, 4, 0, 0, 23, 0, 7, 0, 0, 1, 0, 231)
31 (1, 4, 0, 0, 19, 0, 4, 0, 1, 1, 0, 80)
0 (1, 4, 6, 4, 0, 0, 6, 0, 1, 1, 0, 152)
1 (1, 4, 0, 9, 0, 0, 8, 0, 1, 1, 0, 176)
2 (1, 4, 4, 4, 0, 0, 6, 0, 0, 1, 0, 230)
3 (1, 4, 0, 1, 0, 0, 8, 0, 1, 1, 0, 3)
4 (1, 4, 0, 0, 0, 0, 7, 0, 1, 1, 0, 31)
5 (1, 4, 0, 0, 9, 0, 7, 0, 0, 1, 0, 85)
6 (1, 4, 185, 0, 0, 0, 0, 0, 1, 1, 0, 59)
7 (1, 4, 873, 0, 0, 0, 0, 0, 2, 2, 0, 90)
8 (1, 4, 873, 0, 0, 0, 0, 0, 0, 1, 0, 35)
9 (1, 4, 873, 0, 0, 0, 57, 0, 1, 1, 0, 113)
10 (1, 4, 0, 0, 93, 0, 0, 81, 1, 1, 0, 204)
11 (1, 4, 0, 174, 0, 0, 0, 0, 1, 1, 0, 176)
12 (1, 4, 0, 243, 0, 0, 0, 70, 1, 1, 0, 7)
13 (1, 4, 0, 239, 0, 0, 43, 131, 1, 1, 0, 45)
14 (1, 4, 64, 57, 0, 10, 164, 204, 1, 1, 0, 23)
15 (1, 4, 101, 0, 77, 37, 196, 130, 1, 1, 0, 246)
16 (1, 4, 140, 0, 424, 0, 56, 105, 1, 1, 0, 92)
17 (1, 4, 212, 0, 545, 0, 0, 84, 1, 1, 0, 0)
18 (1, 4, 0, 0, 94, 0, 0, 40, 1, 1, 0, 117)
19 (1, 4, 0, 133, 0, 0, 0, 0, 1, 1, 0, 25)
20 (1, 4, 0, 342, 196, 0, 0, 0, 1, 1, 0, 147)
21 (1, 4, 0, 376, 339, 0, 0, 0, 1, 1, 0, 99)
22 (1, 4, 0, 234, 426, 0, 0, 0, 0, 1, 0, 74)
23 (1, 4, 0, 0, 348, 0, 0, 0, 1, 1, 0, 76)
24 (1, 4, 0, 0, 155, 0, 0, 0, 1, 1, 0, 254)
25 (1, 4, 150, 0, 104, 0, 0, 0, 0, 1, 0, 125)
26 (1, 4, 81, 32, 139, 0, 0, 0, 1, 1, 0, 36)
27 (1, 4, 14, 70, 14, 0, 0, 0, 1, 1, 0, 218)
28 (1, 4, 100, 0, 0, 0, 0, 0, 0, 1, 0, 99)
29 (1, 4, 60, 16, 0, 0, 7, 0, 1, 1, 0, 17)
30 (1, 4, 0, 79, 0, 0, 8, 0, 1, 1, 0, 132)
31 (1, 4, 0, 60, 0, 0, 6, 0, 0, 1, 0, 206)
0 (1, 4, 0, 0, 47, 0, 7, 0, 0, 1, 0, 218)
1 (1, 4, 0, 0, 65, 0, 7, 0, 1, 1, 0, 112)
2 (1, 4, 0, 0, 81, 0, 2, 0, 1, 1, 0, 149)
3 (1, 4, 0, 5, 87, 0, 0, 0, 0, 1, 0, 27)
4 (1, 4, 0, 21, 68, 0, 0, 0, 0, 1, 0, 190)
5 (1, 4, 0, 57, 36, 0, 0, 0, 1, 1, 0, 114)
6 (1, 4, 0, 71, 31, 0, 0, 0, 1, 1, 0, 208)
7 (1, 4, 322, 0, 0, 0, 0, 0, 0, 1, 0, 130)
8 (1, 4, 873, 0, 0, 0, 0, 0, 1, 1, 0, 65)
9 (1, 4, 873, 0, 0, 0, 0, 0, 1, 1, 0, 65)
10 (1, 4, 392, 0, 0, 0, 6, 0, 1, 1, 0, 1)
11 (1, 4, 0, 25, 0, 0, 0, 49, 1, 1, 0, 189)
12 (1, 4, 0, 149, 0, 0, 0, 9, 1, 1, 0, 77)
13 (1, 4, 0, 268, 0, 0, 0, 69, 1, 1, 0, 20)
14 (1, 4, 0, 356, 0, 0, 1, 136, 1, 1, 0, 16)
15 (1, 4, 2, 0, 0, 49, 217, 257, 1, 1, 0, 143)
16 (1, 4, 83, 0, 216, 67, 204, 138, 1, 1, 0, 228)
17 (1, 4, 0, 0, 533, 0, 0, 116, 1, 1, 0, 58)
18 (1, 4, 0, 0, 433, 0, 0, 53, 1, 1, 0, 22)
19 (1, 4, 0, 114, 365, 0, 0, 0, 1, 1, 0, 20)
20 (1, 4, 0, 137, 270, 0, 0, 0, 0, 1, 0, 130)
21 (1, 4, 0, 45, 316, 0, 0, 0, 1, 1, 0, 87)
22 (1, 4, 0, 0, 262, 0, 12, 0, 1, 1, 0, 121)
23 (1, 4, 0, 0, 213, 0, 2, 0, 0, 1, 0, 88)
24 (1, 4, 98, 0, 106, 0, 8, 0, 1, 1, 0, 114)
25 (1, 4, 52, 0, 94, 0, 16, 0, 1, 1, 0, 164)
26 (1, 4, 0, 0, 132, 0, 0, 0, 0, 1, 0, 186)
27 (1, 4, 22, 0, 66, 0, 0, 0, 0, 1, 0, 5)
28 (1, 4, 51, 31, 0, 0, 0, 0, 1, 1, 0, 146)
29 (1, 4, 74, 54, 0, 0, 3, 0, 0, 1, 0, 111)
30 (1, 4, 80, 86, 0, 0, 6, 0, 0, 1, 0, 56)
31 (1, 4, 69, 87, 0, 0, 9, 0, 1, 1, 0, 144)
0 (1, 4, 0, 0, 41, 0, 7, 0, 1, 1, 0, 201)
1 (1, 4, 0, 0, 51, 0, 4, 0, 0, 1, 0, 204)
2 (1, 4, 0, 7, 86, 0, 0, 0, 0, 1, 0, 226)
3 (1, 4, 0, 3, 95, 0, 0, 0, 1, 1, 0, 114)
4 (1, 4, 0, 0, 81, 0, 0, 0, 0, 1, 0, 5)
5 (1, 4, 557, 0, 0, 0, 0, 0, 0, 0, 0, 251)
6 (1, 4, 873, 0, 0, 0, 0, 0, 1, 1, 0, 65)
7 (1, 4, 873, 0, 0, 0, 0, 0, 1, 1, 0, 65)
8 (1, 4, 518, 0, 0, 0, 0, 0, 1, 1, 0, 87)
9 (1, 4, 42, 0, 0, 2, 0, 0, 1, 1, 0, 226)
10 (1, 4, 0, 119, 0, 0, 0, 0, 1, 1, 0, 85)
11 (1, 4, 0, 282, 0, 0, 0, 58, 1, 1, 0, 12)
12 (1, 4, 0, 191, 0, 11, 0, 64, 1, 1, 0, 248)
13 (1, 4, 0, 211, 0, 17, 0, 137, 1, 1, 0, 27)
14 (1, 4, 6, 47, 0, 50, 83, 178, 1, 1, 0, 85)
15 (1, 4, 70, 0, 60, 51, 146, 135, 1, 1, 0, 92)
16 (1, 4, 276, 0, 292, 17, 2, 143, 1, 1, 0, 57)
17 (1, 4, 250, 0, 405, 0, 0, 98, 1, 1, 0, 228)
18 (1, 4, 82, 0, 125, 1, 0, 0, 1, 1, 0, 17)
19 (1, 4, 0, 16, 36, 11, 0, 0, 1, 1, 0, 111)
20 (1, 4, 0, 58, 257, 8, 0, 18, 1, 1, 0, 81)
21 (1, 4, 0, 56, 478, 0, 0, 0, 1, 1, 0, 130)
22 (1, 4, 0, 85, 665, 0, 0, 0, 1, 1, 0, 230)
23 (1, 4, 0, 0, 683, 0, 0, 0, 1, 1, 0, 197)
24 (1, 4, 0, 0, 496, 0, 0, 0, 1, 1, 0, 161)
25 (1, 4, 0, 0, 254, 0, 0, 0, 0, 1, 0, 83)
26 (1, 4, 0, 0, 215, 0, 0, 0, 1, 1, 0, 231)
27 (1, 4, 0, 14, 165, 0, 0, 0, 1, 1, 0, 182)
28 (1, 4, 29, 43, 24, 0, 0, 0, 0, 1, 0, 217)
29 (1, 4, 88, 42, 0, 0, 0, 0, 1, 1, 0, 114)
30 (1, 4, 79, 71, 0, 0, 3, 0, 1, 1, 0, 174)
31 (1, 4, 43, 87, 0, 0, 12, 0, 0, 1, 0, 114)
0 (1, 4, 0, 0, 27, 0, 11, 0, 0, 1, 0, 39)
1 (1, 4, 0, 0, 56, 0, 12, 0, 1, 1, 0, 104)
2 (1, 4, 0, 0, 76, 0, 13, 0, 1, 1, 0, 53)
3 (1, 4, 0, 0, 123, 0, 23, 0, 0, 1, 0, 133)
4 (1, 4, 0, 0, 253, 0, 20, 0, 1, 1, 0, 236)
5 (1, 4, 0, 0, 142, 0, 0, 0, 0, 0, 0, 66)
6 (1, 4, 52, 0, 0, 0, 0, 0, 0, 0, 0, 97)
7 (1, 4, 404, 0, 0, 0, 0, 0, 0, 0, 0, 177)
8 (1, 4, 873, 0, 0, 0, 0, 0, 0, 0, 0, 72)
9 (1, 4, 822, 175, 0, 0, 0, 0, 1, 0, 0, 107)
10 (1, 4, 342, 134, 0, 0, 1, 0, 1, 1, 0, 247)
11 (1, 4, 0, 198, 0, 0, 0, 5, 1, 1, 0, 232)
12 (1, 4, 0, 234, 0, 0, 0, 47, 1, 1, 0, 177)
13 (1, 4, 0, 283, 0, 0, 0, 106, 1, 1, 0, 47)
14 (1, 4, 0, 31, 0, 46, 130, 226, 1, 1, 0, 229)
15 (1, 4, 84, 0, 217, 66, 206, 178, 1, 1, 0, 47)
16 (1, 4, 311, 0, 394, 2, 0, 120, 1, 1, 0, 164)
17 (1, 4, 194, 0, 302, 0, 0, 65, 1, 1, 0, 3)
18 (1, 4, 14, 0, 20, 0, 0, 0, 1, 1, 0, 2)
19 (1, 4, 0, 204, 157, 18, 0, 9, 1, 1, 0, 152)
20 (1, 4, 0, 197, 459, 0, 0, 19, 0, 1, 0, 29)
21 (1, 4, 0, 47, 497, 0, 0, 4, 1, 0, 0, 88)
22 (1, 4, 0, 0, 430, 0, 0, 0, 0, 0, 0, 225)
23 (1, 4, 0, 0, 373, 0, 0, 1, 0, 0, 0, 76)
24 (1, 4, 0, 0, 406, 0, 0, 0, 1, 0, 0, 190)
25 (1, 4, 0, 0, 559, 0, 0, 0, 0, 0, 0, 99)
26 (1, 4, 0, 0, 481, 0, 0, 0, 0, 0, 0, 67)
27 (1, 4, 0, 0, 29, 0, 0, 0, 0, 0, 0, 119)
28 (1, 4, 117, 0, 0, 0, 0, 0, 0, 0, 0, 230)
29 (1, 4, 33, 95, 0, 0, 10, 0, 0, 0, 0, 215)
30 (1, 4, 0, 160, 0, 0, 0, 0, 0, 0, 0, 189)
31 (1, 4, 54, 126, 0, 0, 0, 0, 0, 0, 0, 89)
0 (1, 4, 0, 25, 32, 0, 8, 0, 0, 0, 0, 38)
1 (1, 4, 0, 29, 25, 0, 6, 0, 0, 0, 0, 133)
2 (1, 4, 0, 41, 23, 0, 10, 0, 0, 0, 0, 19)
3 (1, 4, 0, 33, 19, 0, 12, 0, 0, 0, 0, 239)
4 (1, 4, 0, 76, 15, 0, 19, 0, 0, 0, 0, 195)
5 (1, 4, 0, 170, 11, 0, 12, 0, 0, 0, 0, 70)
6 (1, 4, 0, 213, 0, 0, 0, 0, 0, 0, 0, 242)
7 (1, 4, 57, 0, 0, 0, 0, 0, 0, 0, 0, 39)
8 (1, 4, 873, 0, 0, 0, 0, 0, 1, 0, 0, 42)
9 (1, 4, 873, 436, 0, 0, 0, 0, 1, 1, 0, 220)
10 (1, 4, 738, 569, 0, 0, 0, 0, 1, 1, 0, 92)
11 (1, 4, 0, 0, 0, 0, 198, 49, 1, 1, 0, 229)
12 (1, 4, 136, 0, 58, 9, 0, 0, 1, 1, 0, 231)
13 (1, 4, 0, 50, 0, 0, 0, 0, 1, 1, 0, 185)
14 (1, 4, 0, 239, 0, 0, 0, 36, 1, 1, 0, 82)
15 (1, 4, 0, 199, 0, 10, 20, 180, 1, 1, 0, 218)
16 (1, 4, 31, 0, 0, 82, 281, 225, 1, 1, 0, 78)
17 (1, 4, 163, 0, 414, 36, 101, 160, 1, 1, 0, 154)
18 (1, 4, 322, 0, 442, 0, 0, 78, 1, 1, 0, 61)
19 (1, 4, 18, 0, 177, 0, 0, 26, 1, 1, 0, 239)
20 (1, 4, 0, 101, 31, 11, 0, 0, 1, 1, 0, 166)
21 (1, 4, 0, 108, 214, 0, 0, 29, 0, 1, 0, 170)
22 (1, 4, 0, 89, 384, 5, 0, 15, 1, 0, 0, 206)
23 (1, 4, 0, 164, 526, 0, 0, 7, 0, 0, 0, 3)
24 (1, 4, 0, 13, 647, 0, 0, 0, 0, 0, 0, 12)
25 (1, 4, 0, 0, 679, 0, 0, 0, 0, 0, 0, 46)
26 (1, 4, 0, 0, 415, 0, 0, 0, 1, 0, 0, 150)
27 (1, 4, 0, 0, 133, 0, 3, 0, 0, 0, 0, 206)
28 (1, 4, 0, 0, 111, 0, 0, 0, 0, 0, 0, 34)
29 (1, 4, 67, 37, 80, 0, 18, 0, 1, 0, 0, 217)
30 (1, 4, 42, 121, 32, 0, 0, 0, 0, 0, 0, 13)
31 (1, 4, 78, 94, 0, 0, 11, 0, 0, 0, 0, 15)
0 (1, 4, 0, 0, 0, 0, 0, 0, 2, 3, 0, 7)
1 (1, 4, 0, 321, 0, 0, 0, 75, 3, 3, 0, 127)
2 (1, 4, 0, 300, 0, 0, 0, 83, 2, 3, 0, 185)
3 (1, 4, 0, 164, 0, 49, 133, 219, 4, 5, 0, 23)
4 (1, 4, 88, 0, 0, 126, 284, 179, 2, 3, 0, 69)
5 (1, 4, 126, 0, 485, 19, 119, 146, 2, 3, 0, 82)
6 (1, 4, 290, 0, 601, 0, 0, 97, 1, 1, 0, 131)
7 (1, 4, 0, 65, 446, 0, 0, 10, 1, 1, 0, 242)
8 (1, 4, 0, 278, 311, 0, 0, 0, 1, 2, 0, 192)
9 (1, 4, 0, 442, 421, 0, 0, 0, 1, 1, 0, 118)
10 (1, 4, 0, 268, 352, 0, 0, 0, 2, 1, 0, 5)
11 (1, 4, 0, 0, 150, 0, 0, 0, 1, 1, 0, 136)
12 (1, 4, 0, 0, 7, 0, 11, 0, 1, 1, 0, 216)
13 (1, 4, 0, 0, 45, 0, 34, 0, 2, 1, 0, 166)
14 (1, 4, 0, 0, 130, 0, 33, 0, 4, 4, 0, 240)
15 (1, 4, 0, 0, 165, 0, 14, 0, 2, 3, 0, 18)
16 (1, 4, 46, 0, 62, 0, 10, 0, 2, 2, 0, 128)
17 (1, 4, 28, 5, 0, 0, 3, 0, 2, 2, 0, 32)
18 (1, 4, 63, 52, 0, 0, 10, 0, 2, 2, 0, 91)
19 (1, 4, 60, 69, 0, 0, 14, 0, 2, 2, 0, 63)
20 (1, 4, 57, 72, 0, 0, 20, 0, 1, 2, 0, 197)
21 (1, 4, 42, 71, 0, 0, 26, 0, 2, 2, 0, 240)
22 (1, 4, 13, 61, 0, 0, 30, 0, 2, 2, 0, 0)
23 (1, 4, 1, 39, 0, 0, 27, 0, 1, 1, 0, 118)
24 (1, 4, 0, 24, 0, 0, 27, 0, 1, 1, 0, 106)
25 (1, 4, 0, 12, 7, 0, 28, 0, 2, 1, 0, 250)
26 (1, 4, 0, 0, 21, 0, 22, 0, 1, 1, 0, 86)
27 (1, 4, 0, 0, 26, 0, 23, 0, 1, 1, 0, 118)
28 (1, 4, 0, 0, 28, 0, 18, 0, 2, 1, 0, 59)
29 (1, 4, 0, 0, 34, 0, 20, 0, 1, 1, 0, 192)
30 (1, 4, 0, 0, 28, 0, 13, 0, 1, 1, 0, 177)
31 (1, 4, 0, 0, 11, 0, 17, 0, 2, 1, 0, 42)
0 (1, 4, 3, 11, 0, 0, 21, 0, 1, 1, 0, 17)
1 (1, 4, 0, 5, 0, 0, 22, 0, 1, 1, 0, 140)
2 (1, 4, 0, 9, 0, 0, 24, 0, 1, 1, 0, 53)
3 (1, 4, 0, 6, 0, 0, 24, 0, 1, 1, 0, 132)
4 (1, 4, 0, 9, 5, 0, 22, 0, 1, 1, 0, 47)
5 (1, 4, 0, 3, 15, 0, 17, 0, 1, 1, 0, 10)
6 (1, 4, 0, 0, 25, 0, 9, 0, 1, 1, 0, 152)
7 (1, 4, 217, 0, 0, 0, 0, 0, 1, 2, 0, 200)
8 (1, 4, 249, 149, 0, 0, 0, 0, 1, 1, 0, 189)
9 (1, 4, 7, 457, 0, 0, 5, 0, 1, 1, 0, 166)
10 (1, 4, 411, 266, 66, 0, 0, 27, 1, 1, 0, 82)
11 (1, 4, 873, 0, 0, 0, 0, 0, 2, 3, 0, 49)
12 (1, 4, 873, 0, 0, 0, 0, 0, 4, 3, 0, 122)
13 (1, 4, 199, 261, 0, 0, 0, 0, 2, 2, 0, 80)
14 (1, 4, 140, 303, 0, 0, 10, 58, 2, 2, 0, 181)
15 (1, 4, 44, 156, 0, 61, 192, 261, 2, 2, 0, 194)
16 (1, 4, 170, 0, 0, 146, 258, 157, 2, 2, 0, 78)
17 (1, 4, 75, 0, 512, 3, 94, 121, 2, 2, 0, 81)
18 (1, 4, 66, 0, 577, 0, 0, 86, 1, 1, 0, 109)
19 (1, 4, 0, 76, 459, 0, 0, 0, 1, 1, 0, 205)
20 (1, 4, 0, 224, 351, 0, 0, 0, 2, 1, 0, 17)
21 (1, 4, 0, 334, 414, 0, 0, 0, 2, 2, 0, 16)
22 (1, 4, 0, 246, 397, 0, 0, 0, 1, 1, 0, 59)
23 (1, 4, 0, 0, 200, 0, 0, 0, 2, 1, 0, 103)
24 (1, 4, 0, 0, 0, 0, 9, 0, 1, 1, 0, 207)
25 (1, 4, 0, 0, 50, 0, 28, 0, 5, 6, 0, 231)
26 (1, 4, 0, 0, 205, 0, 31, 0, 2, 2, 0, 60)
27 (1, 4, 0, 0, 166, 0, 4, 0, 2, 2, 0, 241)
28 (1, 4, 66, 0, 83, 0, 12, 0, 2, 2, 0, 228)
29 (1, 4, 58, 0, 5, 0, 10, 0, 2, 2, 0, 222)
30 (1, 4, 144, 25, 0, 0, 9, 0, 2, 1, 0, 251)
31 (1, 4, 100, 56, 0, 0, 11, 0, 1, 1, 0, 91)
0 (1, 4, 16, 10, 0, 0, 23, 0, 1, 1, 0, 164)
1 (1, 4, 0, 4, 11, 0, 20, 0, 1, 1, 0, 204)
2 (1, 4, 0, 0, 15, 0, 16, 0, 1, 1, 0, 171)
3 (1, 4, 0, 0, 21, 0, 17, 0, 1, 1, 0, 62)
4 (1, 4, 0, 0, 28, 0, 17, 0, 1, 1, 0, 22)
5 (1, 4, 0, 0, 28, 0, 14, 0, 1, 1, 0, 58)
6 (1, 4, 0, 0, 21, 0, 13, 0, 2, 1, 0, 63)
7 (1, 4, 0, 0, 15, 0, 12, 0, 1, 1, 0, 12)
8 (1, 4, 0, 0, 0, 0, 10, 0, 1, 1, 0, 68)
9 (1, 4, 51, 8, 0, 0, 0, 0, 1, 1, 0, 241)
10 (1, 4, 364, 0, 0, 0, 0, 0, 1, 1, 0, 115)
11 (1, 4, 718, 0, 0, 0, 0, 0, 2, 1, 0, 29)
12 (1, 4, 204, 36, 0, 0, 0, 0, 1, 1, 0, 187)
13 (1, 4, 453, 0, 0, 0, 0, 12, 1, 1, 0, 64)
14 (1, 4, 873, 0, 0, 0, 0, 0, 2, 1, 0, 231)
15 (1, 4, 678, 0, 0, 0, 0, 0, 1, 1, 0, 133)
16 (1, 4, 0, 111, 0, 0, 0, 60, 1, 1, 0, 106)
17 (1, 4, 0, 211, 0, 0, 0, 69, 2, 2, 0, 184)
18 (1, 4, 0, 237, 0, 0, 13, 120, 2, 2, 0, 118)
19 (1, 4, 7, 0, 0, 43, 164, 193, 2, 3, 0, 215)
20 (1, 4, 73, 0, 33, 65, 184, 132, 2, 2, 0, 185)
21 (1, 4, 135, 0, 382, 5, 82, 106, 2, 2, 0, 0)
22 (1, 4, 146, 0, 483, 0, 0, 102, 1, 1, 0, 164)
23 (1, 4, 10, 0, 148, 0, 0, 31, 1, 1, 0, 225)
24 (1, 4, 0, 92, 0, 0, 0, 11, 1, 1, 0, 112)
25 (1, 4, 0, 178, 160, 0, 0, 17, 1, 1, 0, 187)
26 (1, 4, 0, 216, 479, 0, 0, 0, 1, 1, 0, 86)
27 (1, 4, 0, 261, 699, 0, 0, 0, 1, 1, 0, 48)
28 (1, 4, 0, 115, 707, 0, 0, 0, 1, 1, 0, 132)
29 (1, 4, 0, 0, 277, 0, 0, 0, 1, 1, 0, 159)
30 (1, 4, 5, 0, 0, 0, 0, 0, 2, 2, 0, 90)
31 (1, 4, 159, 0, 0, 0, 44, 0, 1, 1, 0, 247)
0 (1, 4, 873, 0, 0, 0, 0, 0, 1, 2, 0, 252)
1 (1, 4, 336, 15, 0, 0, 41, 0, 1, 1, 0, 24)
2 (1, 4, 0, 0, 0, 27, 0, 41, 1, 2, 0, 112)
3 (1, 4, 0, 62, 56, 7, 0, 20, 1, 1, 0, 22)
4 (1, 4, 0, 147, 59, 19, 0, 0, 1, 2, 0, 34)
5 (1, 4, 0, 291, 0, 0, 0, 57, 1, 1, 0, 207)
6 (1, 4, 0, 283, 0, 26, 0, 88, 1, 1, 0, 213)
7 (1, 4, 13, 189, 0, 61, 49, 201, 0, 1, 0, 163)
8 (1, 4, 123, 0, 0, 84, 178, 143, 1, 1, 0, 216)
9 (1, 4, 94, 0, 353, 26, 26, 138, 1, 1, 0, 216)
10 (1, 4, 273, 0, 356, 5, 0, 94, 0, 1, 0, 44)
11 (1, 4, 111, 0, 213, 0, 0, 37, 0, 1, 0, 181)
12 (1, 4, 64, 0, 42, 1, 0, 0, 1, 1, 0, 140)
13 (1, 4, 0, 81, 199, 1, 0, 2, 1, 1, 0, 105)
14 (1, 4, 0, 130, 458, 0, 0, 1, 0, 1, 0, 98)
15 (1, 4, 0, 198, 766, 0, 0, 0, 1, 1, 0, 190)
16 (1, 4, 0, 153, 873, 0, 0, 0, 1, 1, 0, 219)
17 (1, 4, 0, 0, 444, 0, 0, 0, 0, 0, 0, 177)
18 (1, 4, 96, 0, 0, 0, 0, 0, 1, 1, 0, 57)
19 (1, 4, 132, 0, 0, 0, 24, 0, 1, 1, 0, 30)
20 (1, 4, 0, 60, 35, 0, 0, 0, 0, 1, 0, 154)
21 (1, 4, 72, 26, 0, 0, 0, 0, 1, 1, 0, 49)
22 (1, 4, 123, 16, 0, 0, 6, 0, 1, 1, 0, 203)
23 (1, 4, 76, 48, 0, 0, 12, 0, 0, 1, 0, 85)
24 (1, 4, 34, 54, 0, 0, 6, 0, 1, 1, 0, 169)
25 (1, 4, 21, 36, 0, 0, 10, 0, 1, 1, 0, 138)
26 (1, 4, 7, 27, 0, 0, 14, 0, 1, 1, 0, 135)
27 (1, 4, 0, 27, 0, 0, 14, 0, 0, 1, 0, 207)
28 (1, 4, 0, 21, 0, 0, 11, 0, 1, 1, 0, 51)
29 (1, 4, 0, 6, 0, 0, 10, 0, 1, 1, 0, 243)
30 (1, 4, 0, 0, 11, 0, 11, 0, 0, 1, 0, 88)
31 (1, 4, 0, 0, 24, 0, 8, 0, 1, 1, 0, 117)
0 (1, 4, 873, 0, 0, 0, 0, 0, 1, 1, 0, 65)
1 (1, 4, 756, 0, 0, 0, 0, 0, 1, 1, 0, 240)
2 (1, 4, 601, 0, 0, 0, 0, 0, 1, 1, 0, 100)
3 (1, 4, 0, 118, 0, 13, 0, 0, 1, 1, 0, 123)
4 (1, 4, 0, 164, 0, 0, 0, 44, 1, 1, 0, 80)
5 (1, 4, 0, 279, 0, 0, 0, 55, 1, 1, 0, 144)
6 (1, 4, 0, 269, 0, 0, 0, 99, 1, 1, 0, 204)
7 (1, 4, 0, 184, 0, 16, 28, 155, 1, 1, 0, 227)
8 (1, 4, 62, 0, 0, 49, 153, 171, 0, 1, 0, 201)
9 (1, 4, 111, 0, 120, 45, 141, 116, 1, 1, 0, 250)
10 (1, 4, 140, 0, 401, 0, 13, 108, 1, 1, 0, 77)
11 (1, 4, 201, 0, 419, 0, 0, 80, 0, 1, 0, 136)
12 (1, 4, 0, 0, 165, 0, 0, 24, 1, 1, 0, 139)
13 (1, 4, 0, 85, 139, 0, 0, 2, 1, 1, 0, 181)
14 (1, 4, 0, 175, 394, 0, 0, 0, 0, 1, 0, 88)
15 (1, 4, 0, 260, 591, 0, 0, 0, 0, 1, 0, 50)
16 (1, 4, 0, 2, 488, 0, 0, 0, 1, 1, 0, 15)
17 (1, 4, 0, 0, 154, 0, 0, 0, 0, 1, 0, 8)
18 (1, 4, 169, 0, 0, 0, 15, 0, 1, 1, 0, 114)
19 (1, 4, 0, 1, 80, 0, 27, 0, 1, 1, 0, 137)
20 (1, 4, 7, 11, 95, 0, 0, 0, 0, 1, 0, 137)
21 (1, 4, 92, 0, 0, 0, 6, 0, 0, 1, 0, 37)
22 (1, 4, 54, 0, 0, 0, 9, 0, 1, 1, 0, 204)
23 (1, 4, 26, 19, 0, 0, 8, 0, 1, 1, 0, 131)
24 (1, 4, 39, 14, 0, 0, 8, 0, 0, 1, 0, 61)
25 (1, 4, 34, 18, 0, 0, 13, 0, 1, 1, 0, 251)
26 (1, 4, 15, 39, 0, 0, 14, 0, 1, 1, 0, 61)
27 (1, 4, 8, 37, 0, 0, 14, 0, 0, 1, 0, 24)
28 (1, 4, 0, 24, 0, 0, 16, 0, 1, 1, 0, 32)
0 (1, 4, 0, 25, 32, 0, 26, 0, 1, 1, 0, 88)
1 (1, 4, 0, 132, 112, 0, 22, 0, 1, 1, 0, 66)
2 (1, 4, 3, 72, 83, 0, 0, 0, 0, 1, 0, 8)
3 (1, 4, 291, 0, 99, 0, 0, 0, 1, 1, 0, 30)
4 (1, 4, 873, 0, 0, 0, 0, 0, 2, 2, 0, 90)
5 (1, 4, 873, 0, 0, 0, 0, 0, 2, 2, 0, 90)
6 (1, 4, 513, 0, 0, 0, 0, 0, 2, 2, 0, 102)
7 (1, 4, 0, 0, 0, 0, 15, 0, 2, 2, 0, 197)
8 (1, 4, 0, 210, 76, 0, 0, 23, 1, 2, 0, 157)
9 (1, 4, 0, 254, 0, 0, 0, 40, 3, 3, 0, 11)
10 (1, 4, 0, 410, 0, 0, 0, 64, 1, 1, 0, 105)
11 (1, 4, 0, 383, 0, 0, 0, 106, 1, 1, 0, 180)
12 (1, 4, 26, 168, 0, 50, 98, 210, 1, 1, 0, 235)
13 (1, 4, 191, 0, 11, 83, 119, 176, 1, 1, 0, 25)
14 (1, 4, 61, 0, 361, 13, 50, 121, 1, 1, 0, 133)
15 (1, 4, 183, 0, 461, 0, 0, 100, 1, 1, 0, 223)
16 (1, 4, 0, 0, 154, 0, 0, 18, 1, 1, 0, 0)
17 (1, 4, 0, 37, 12, 0, 0, 0, 1, 1, 0, 56)
18 (1, 4, 0, 223, 196, 0, 0, 7, 1, 1, 0, 98)
19 (1, 4, 0, 291, 372, 0, 0, 0, 0, 1, 0, 147)
20 (1, 4, 0, 327, 424, 0, 0, 0, 1, 1, 0, 253)
21 (1, 4, 0, 215, 358, 0, 0, 0, 1, 1, 0, 191)
22 (1, 4, 0, 32, 228, 0, 0, 0, 0, 1, 0, 125)
23 (1, 4, 0, 0, 141, 0, 0, 0, 1, 1, 0, 240)
24 (1, 4, 0, 0, 135, 0, 0, 0, 2, 2, 0, 120)
25 (1, 4, 0, 0, 99, 0, 0, 0, 1, 2, 0, 116)
26 (1, 4, 58, 15, 9, 0, 0, 0, 2, 2, 0, 190)
27 (1, 4, 76, 0, 0, 0, 0, 0, 2, 2, 0, 173)
28 (1, 4, 50, 12, 0, 0, 4, 0, 1, 2, 0, 123)
29 (1, 4, 18, 26, 0, 0, 6, 0, 1, 1, 0, 37)
0 (1, 4, 0, 39, 1, 0, 0, 0, 1, 2, 0, 158)
1 (1, 4, 123, 0, 0, 0, 0, 0, 2, 2, 0, 160)
2 (1, 4, 826, 0, 0, 0, 0, 0, 2, 2, 0, 33)
3 (1, 4, 873, 0, 0, 0, 0, 0, 1, 1, 0, 65)
4 (1, 4, 873, 0, 0, 0, 0, 0, 2, 2, 0, 90)
5 (1, 4, 0, 0, 0, 2, 68, 7, 2, 2, 0, 184)
6 (1, 4, 0, 0, 0, 39, 0, 36, 1, 1, 0, 23)
7 (1, 4, 0, 124, 109, 0, 0, 31, 1, 1, 0, 103)
8 (1, 4, 0, 256, 20, 0, 0, 37, 1, 1, 0, 184)
9 (1, 4, 0, 365, 0, 0, 0, 72, 1, 1, 0, 160)
10 (1, 4, 0, 286, 0, 12, 0, 136, 1, 1, 0, 19)
11 (1, 4, 187, 7, 0, 39, 133, 190, 1, 1, 0, 225)
12 (1, 4, 103, 0, 176, 47, 119, 124, 1, 1, 0, 125)
13 (1, 4, 137, 0, 399, 0, 0, 109, 1, 1, 0, 77)
14 (1, 4, 147, 0, 409, 0, 0, 96, 1, 1, 0, 143)
15 (1, 4, 41, 0, 95, 0, 0, 38, 1, 1, 0, 126)
16 (1, 4, 65, 48, 47, 0, 0, 20, 1, 1, 0, 82)
17 (1, 4, 0, 189, 209, 0, 0, 23, 1, 1, 0, 40)
18 (1, 4, 0, 285, 399, 0, 0, 0, 1, 1, 0, 218)
19 (1, 4, 0, 389, 579, 0, 0, 0, 1, 1, 0, 6)
20 (1, 4, 0, 234, 601, 0, 0, 0, 0, 1, 0, 157)
21 (1, 4, 0, 0, 336, 0, 0, 0, 1, 1, 0, 174)
22 (1, 4, 0, 0, 61, 0, 0, 0, 1, 1, 0, 128)
23 (1, 4, 135, 0, 0, 0, 16, 0, 1, 2, 0, 112)
24 (1, 4, 0, 31, 37, 0, 9, 0, 1, 1, 0, 43)
25 (1, 4, 34, 6, 16, 0, 0, 0, 1, 1, 0, 100)
26 (1, 4, 60, 0, 0, 0, 6, 0, 1, 1, 0, 9)
27 (1, 4, 19, 1, 0, 0, 10, 0, 1, 1, 0, 3)
28 (1, 4, 12, 26, 0, 0, 9, 0, 1, 1, 0, 56)
29 (1, 4, 12, 24, 0, 0, 11, 0, 1, 1, 0, 167)
30 (1, 4, 11, 25, 0, 0, 12, 0, 1, 1, 0, 80)
31 (1, 4, 0, 17, 0, 0, 15, 0, 1, 1, 0, 10)
0 (1, 4, 873, 0, 0, 0, 0, 0, 2, 1, 0, 231)
1 (1, 4, 873, 0, 0, 0, 0, 0, 1, 1, 0, 65)
2 (1, 4, 0, 0, 0, 14, 110, 0, 1, 1, 0, 10)
3 (1, 4, 0, 0, 0, 9, 0, 19, 1, 1, 0, 37)
4 (1, 4, 0, 37, 0, 0, 0, 27, 1, 1, 0, 133)
5 (1, 4, 0, 154, 56, 0, 0, 35, 1, 1, 0, 51)
6 (1, 4, 0, 322, 0, 0, 0, 63, 1, 1, 0, 247)
7 (1, 4, 0, 346, 0, 0, 0, 87, 1, 1, 0, 43)
8 (1, 4, 45, 226, 0, 7, 32, 183, 0, 1, 0, 2)
9 (1, 4, 110, 0, 0, 67, 155, 186, 1, 1, 0, 201)
10 (1, 4, 58, 0, 255, 40, 95, 115, 1, 1, 0, 152)
11 (1, 4, 61, 0, 417, 0, 0, 103, 0, 1, 0, 69)
12 (1, 4, 93, 0, 312, 0, 0, 56, 0, 1, 0, 194)
13 (1, 4, 0, 0, 138, 0, 0, 23, 1, 1, 0, 213)
14 (1, 4, 0, 52, 221, 0, 0, 1, 0, 1, 0, 176)
15 (1, 4, 0, 272, 574, 0, 0, 0, 1, 1, 0, 5)
16 (1, 4, 0, 406, 788, 0, 0, 0, 2, 2, 0, 152)
17 (1, 4, 0, 108, 397, 0, 0, 0, 1, 1, 0, 133)
18 (1, 4, 0, 0, 0, 0, 0, 0, 1, 1, 0, 119)
19 (1, 4, 138, 0, 4, 0, 29, 0, 1, 1, 0, 142)
20 (1, 4, 0, 30, 127, 0, 11, 0, 1, 1, 0, 123)
21 (1, 4, 48, 0, 63, 0, 0, 0, 1, 1, 0, 136)
22 (1, 4, 66, 0, 0, 0, 8, 0, 1, 1, 0, 35)
23 (1, 4, 47, 1, 7, 0, 9, 0, 1, 1, 0, 2)
24 (1, 4, 9, 18, 0, 0, 7, 0, 1, 1, 0, 109)
25 (1, 4, 29, 26, 0, 0, 6, 0, 1, 1, 0, 127)
26 (1, 4, 17, 25, 0, 0, 15, 0, 1, 1, 0, 87)
27 (1, 4, 5, 28, 0, 0, 16, 0, 1, 1, 0, 204)
28 (1, 4, 0, 23, 0, 0, 19, 0, 1, 1, 0, 26)
29 (1, 4, 0, 11, 0, 0, 20, 0, 1, 1, 0, 122)
30 (1, 4, 0, 10, 0, 0, 21, 0, 0, 1, 0, 212)
31 (1, 4, 0, 0, 0, 0, 19, 0, 1, 1, 0, 121)
0 (1, 4, 0, 0, 1, 0, 12, 0, 1, 1, 0, 193)
1 (1, 4, 0, 4, 0, 0, 13, 0, 1, 1, 0, 246)
2 (1, 4, 0, 3, 0, 0, 13, 0, 0, 1, 0, 150)
3 (1, 4, 0, 7, 0, 0, 14, 0, 1, 1, 0, 165)
4 (1, 4, 0, 3, 0, 0, 14, 0, 1, 1, 0, 127)
5 (1, 4, 0, 4, 0, 0, 15, 0, 0, 1, 0, 102)
6 (1, 4, 0, 3, 0, 0, 14, 0, 1, 1, 0, 127)
7 (1, 4, 164, 0, 0, 0, 0, 0, 1, 1, 0, 157)
8 (1, 4, 723, 0, 0, 0, 0, 0, 1, 1, 0, 29)
9 (1, 4, 873, 0, 0, 0, 0, 0, 1, 1, 0, 65)
10 (1, 4, 292, 0, 0, 0, 0, 0, 1, 1, 0, 138)
11 (1, 4, 539, 0, 0, 0, 0, 19, 1, 1, 0, 68)
12 (1, 4, 854, 0, 0, 0, 0, 0, 1, 1, 0, 60)
13 (1, 4, 27, 38, 0, 0, 20, 26, 1, 1, 0, 102)
14 (1, 4, 21, 0, 0, 0, 0, 70, 1, 1, 0, 40)
15 (1, 4, 0, 119, 0, 0, 0, 47, 1, 1, 0, 13)
16 (1, 4, 0, 227, 0, 0, 0, 71, 1, 1, 0, 185)
17 (1, 4, 0, 308, 0, 0, 0, 102, 1, 1, 0, 195)
18 (1, 4, 0, 150, 0, 20, 67, 204, 1, 1, 0, 234)
19 (1, 4, 130, 0, 0, 61, 152, 179, 1, 1, 0, 21)
20 (1, 4, 72, 0, 331, 20, 76, 114, 1, 1, 0, 18)
21 (1, 4, 152, 0, 483, 0, 0, 89, 1, 1, 0, 67)
22 (1, 4, 48, 0, 313, 0, 0, 28, 1, 1, 0, 232)
23 (1, 4, 0, 145, 224, 0, 0, 13, 1, 1, 0, 22)
24 (1, 4, 0, 275, 300, 0, 0, 0, 1, 1, 0, 106)
25 (1, 4, 0, 426, 472, 0, 0, 0, 1, 1, 0, 27)
26 (1, 4, 0, 310, 514, 0, 0, 0, 1, 1, 0, 19)
27 (1, 4, 0, 39, 325, 0, 0, 0, 1, 1, 0, 219)
28 (1, 4, 0, 0, 63, 0, 0, 0, 2, 3, 0, 223)
29 (1, 4, 128, 0, 6, 0, 19, 0, 4, 4, 0, 48)
30 (1, 4, 0, 37, 101, 0, 9, 0, 3, 3, 0, 191)
31 (1, 4, 26, 26, 64, 0, 0, 0, 2, 4, 0, 217)
0 (1, 4, 0, 73, 217, 0, 0, 0, 1, 1, 0, 175)
1 (1, 4, 585, 0, 0, 0, 0, 0, 1, 1, 0, 132)
2 (1, 4, 785, 0, 0, 0, 0, 0, 2, 1, 0, 57)
3 (1, 4, 873, 0, 0, 0, 0, 0, 1, 1, 0, 65)
4 (1, 4, 816, 0, 0, 0, 0, 0, 1, 1, 0, 86)
5 (1, 4, 0, 24, 0, 36, 50, 0, 1, 1, 0, 74)
6 (1, 4, 0, 52, 104, 24, 0, 51, 1, 1, 0, 172)
7 (1, 4, 0, 179, 178, 0, 0, 17, 1, 2, 0, 227)
8 (1, 4, 0, 316, 0, 0, 0, 41, 1, 1, 0, 204)
9 (1, 4, 0, 366, 0, 0, 0, 49, 1, 1, 0, 122)
10 (1, 4, 0, 260, 0, 29, 0, 130, 1, 1, 0, 23)
11 (1, 4, 124, 38, 0, 64, 66, 165, 1, 1, 0, 88)
12 (1, 4, 104, 0, 129, 49, 49, 135, 1, 1, 0, 69)
13 (1, 4, 70, 0, 314, 8, 0, 91, 1, 1, 0, 119)
14 (1, 4, 170, 0, 390, 0, 0, 67, 1, 1, 0, 55)
15 (1, 4, 0, 0, 194, 0, 0, 13, 1, 1, 0, 18)
16 (1, 4, 0, 79, 213, 0, 0, 0, 1, 1, 0, 250)
17 (1, 4, 0, 234, 479, 0, 0, 0, 1, 1, 0, 152)
18 (1, 4, 0, 268, 635, 0, 0, 0, 1, 1, 0, 60)
19 (1, 4, 0, 69, 568, 0, 0, 0, 1, 1, 0, 28)
20 (1, 4, 0, 0, 270, 0, 0, 0, 0, 1, 0, 133)
21 (1, 4, 27, 0, 62, 0, 6, 0, 1, 1, 0, 168)
22 (1, 4, 68, 0, 77, 0, 22, 0, 2, 2, 0, 196)
23 (1, 4, 36, 44, 95, 0, 0, 0, 1, 2, 0, 67)
24 (1, 4, 86, 4, 11, 0, 6, 0, 1, 1, 0, 246)
25 (1, 4, 40, 0, 0, 0, 6, 0, 2, 1, 0, 119)
26 (1, 4, 45, 8, 0, 0, 10, 0, 1, 1, 0, 118)
27 (1, 4, 14, 17, 0, 0, 11, 0, 2, 2, 0, 166)
28 (1, 4, 23, 22, 0, 0, 9, 0, 2, 1, 0, 117)
29 (1, 4, 7, 16, 0, 0, 15, 0, 1, 1, 0, 149)
30 (1, 4, 0, 19, 0, 0, 16, 0, 1, 1, 0, 75)
31 (1, 4, 0, 18, 0, 0, 16, 0, 2, 1, 0, 88)
0 (1, 4, 94, 0, 0, 0, 0, 0, 2, 1, 0, 236)
1 (1, 4, 400, 0, 0, 0, 0, 0, 1, 1, 0, 128)
2 (1, 4, 873, 0, 0, 0, 0, 0, 1, 1, 0, 65)
3 (1, 4, 873, 0, 0, 0, 0, 0, 2, 4, 0, 39)
4 (1, 4, 648, 0, 0, 0, 93, 0, 1, 1, 0, 210)
5 (1, 4, 0, 124, 155, 3, 0, 58, 1, 1, 0, 183)
6 (1, 4, 56, 0, 0, 49, 0, 43, 1, 1, 0, 12)
7 (1, 4, 0, 103, 226, 1, 0, 36, 1, 1, 0, 36)
8 (1, 4, 0, 247, 0, 18, 0, 25, 1, 1, 0, 123)
9 (1, 4, 0, 349, 0, 0, 0, 69, 1, 1, 0, 67)
10 (1, 4, 0, 259, 0, 27, 0, 168, 1, 1, 0, 165)
11 (1, 4, 373, 0, 0, 45, 144, 191, 1, 1, 0, 47)
12 (1, 4, 225, 0, 78, 62, 152, 92, 1, 1, 0, 201)
13 (1, 4, 147, 0, 503, 13, 0, 114, 1, 1, 0, 182)
14 (1, 4, 84, 0, 396, 0, 0, 55, 1, 1, 0, 9)
15 (1, 4, 0, 0, 295, 1, 0, 5, 1, 1, 0, 132)
16 (1, 4, 0, 167, 391, 0, 0, 0, 1, 1, 0, 255)
17 (1, 4, 0, 314, 673, 0, 0, 0, 1, 1, 0, 206)
18 (1, 4, 0, 308, 796, 0, 0, 0, 1, 1, 0, 145)
19 (1, 4, 0, 0, 582, 0, 0, 0, 1, 1, 0, 71)
20 (1, 4, 0, 0, 128, 0, 0, 0, 1, 1, 0, 134)
21 (1, 4, 240, 0, 0, 0, 29, 0, 1, 1, 0, 18)
22 (1, 4, 48, 12, 122, 0, 24, 0, 1, 1, 0, 148)
23 (1, 4, 47, 64, 176, 0, 0, 0, 1, 1, 0, 25)
24 (1, 4, 109, 5, 43, 0, 0, 0, 1, 1, 0, 233)
25 (1, 4, 107, 0, 0, 0, 0, 0, 1, 1, 0, 91)
26 (1, 4, 47, 40, 0, 0, 5, 0, 1, 1, 0, 1)
27 (1, 4, 3, 58, 0, 0, 2, 0, 1, 1, 0, 234)
28 (1, 4, 2, 42, 0, 0, 7, 0, 0, 1, 0, 125)
29 (1, 4, 0, 32, 0, 0, 12, 0, 1, 1, 0, 151)
0 (1, 4, 5, 8, 0, 0, 1, 0, 1, 1, 0, 139)
1 (1, 4, 0, 22, 0, 0, 1, 0, 1, 1, 0, 216)
2 (1, 4, 0, 80, 44, 0, 53, 0, 1, 1, 0, 155)
3 (1, 4, 0, 178, 158, 0, 1, 0, 1, 1, 0, 130)
4 (1, 4, 168, 151, 0, 0, 25, 0, 1, 1, 0, 138)
5 (1, 4, 139, 233, 0, 0, 40, 0, 1, 1, 0, 138)
6 (1, 4, 873, 0, 0, 0, 0, 0, 1, 1, 0, 65)
7 (1, 4, 873, 0, 0, 0, 0, 0, 5, 2, 0, 115)
8 (1, 4, 582, 139, 0, 0, 0, 0, 1, 1, 0, 180)
9 (1, 4, 0, 549, 0, 0, 0, 103, 1, 1, 0, 224)
10 (1, 4, 0, 97, 0, 12, 0, 76, 1, 1, 0, 221)
11 (1, 4, 0, 239, 0, 45, 26, 160, 1, 1, 0, 105)
12 (1, 4, 280, 0, 0, 23, 170, 210, 1, 1, 0, 224)
13 (1, 4, 138, 0, 416, 5, 132, 125, 1, 1, 0, 159)
14 (1, 4, 11, 0, 685, 0, 0, 77, 1, 1, 0, 211)
15 (1, 4, 0, 0, 315, 0, 0, 0, 1, 1, 0, 172)
16 (1, 4, 0, 5, 143, 0, 0, 0, 1, 1, 0, 176)
17 (1, 4, 0, 131, 360, 0, 0, 0, 1, 1, 0, 74)
18 (1, 4, 0, 139, 526, 0, 0, 0, 1, 1, 0, 106)
19 (1, 4, 0, 0, 553, 0, 0, 0, 1, 1, 0, 27)
20 (1, 4, 0, 0, 349, 0, 0, 0, 1, 1, 0, 216)
21 (1, 4, 0, 0, 216, 0, 0, 0, 1, 1, 0, 190)
22 (1, 4, 233, 0, 227, 0, 0, 0, 2, 3, 0, 109)
23 (1, 4, 142, 34, 72, 0, 0, 0, 1, 1, 0, 222)
24 (1, 4, 230, 44, 0, 0, 0, 0, 1, 1, 0, 163)
25 (1, 4, 136, 23, 0, 0, 10, 0, 1, 1, 0, 66)
26 (1, 4, 11, 19, 0, 0, 15, 0, 0, 1, 0, 103)
27 (1, 4, 0, 15, 0, 0, 11, 0, 1, 1, 0, 140)
28 (1, 4, 0, 1, 0, 0, 15, 0, 1, 1, 0, 107)
29 (1, 4, 0, 0, 5, 0, 14, 0, 0, 1, 0, 15)
0 (1, 4, 597, 0, 0, 0, 0, 0, 1, 1, 0, 44)
1 (1, 4, 799, 0, 0, 0, 0, 0, 1, 1, 0, 203)
2 (1, 4, 781, 0, 0, 0, 0, 0, 1, 1, 0, 55)
3 (1, 4, 599, 0, 0, 0, 0, 0, 1, 1, 0, 48)
4 (1, 4, 0, 515, 0, 0, 0, 0, 1, 1, 0, 98)
5 (1, 4, 0, 479, 0, 0, 0, 67, 1, 1, 0, 227)
6 (1, 4, 0, 306, 0, 47, 33, 188, 1, 1, 0, 3)
7 (1, 4, 147, 0, 0, 111, 167, 249, 1, 1, 0, 208)
8 (1, 4, 89, 0, 229, 72, 86, 142, 1, 1, 0, 81)
9 (1, 4, 0, 0, 531, 0, 0, 109, 1, 1, 0, 173)
10 (1, 4, 0, 0, 581, 0, 0, 11, 0, 1, 0, 18)
11 (1, 4, 0, 0, 603, 0, 0, 0, 0, 0, 0, 71)
12 (1, 4, 0, 0, 402, 0, 0, 0, 1, 0, 0, 224)
13 (1, 4, 0, 170, 95, 0, 0, 0, 0, 0, 0, 190)
14 (1, 4, 0, 197, 178, 0, 0, 0, 0, 0, 0, 204)
15 (1, 4, 0, 20, 225, 0, 2, 0, 1, 1, 0, 94)
16 (1, 4, 0, 0, 185, 0, 10, 0, 0, 1, 0, 126)
17 (1, 4, 0, 0, 297, 0, 21, 0, 1, 1, 0, 227)
18 (1, 4, 0, 0, 410, 0, 14, 0, 0, 1, 0, 133)
19 (1, 4, 0, 0, 353, 0, 6, 0, 0, 1, 0, 200)
20 (1, 4, 87, 0, 233, 0, 6, 0, 1, 1, 0, 249)
21 (1, 4, 119, 0, 138, 0, 7, 0, 1, 1, 0, 249)
22 (1, 4, 137, 57, 88, 0, 0, 0, 0, 1, 0, 227)
23 (1, 4, 160, 59, 0, 0, 4, 0, 1, 1, 0, 142)
24 (1, 4, 168, 15, 0, 0, 25, 0, 1, 1, 0, 89)
25 (1, 4, 73, 0, 6, 0, 18, 0, 0, 1, 0, 228)
26 (1, 4, 65, 15, 0, 0, 10, 0, 1, 1, 0, 114)
27 (1, 4, 61, 0, 0, 0, 11, 0, 1, 0, 0, 55)
28 (1, 4, 0, 0, 0, 0, 17, 0, 0, 1, 0, 233)
29 (1, 4, 0, 0, 0, 0, 23, 0, 1, 1, 0, 154)
30 (1, 4, 0, 0, 0, 0, 34, 0, 1, 1, 0, 136)
31 (1, 4, 0, 0, 0, 0, 35, 0, 0, 1, 0, 147)
0 (1, 4, 235, 196, 0, 0, 21, 14, 1, 1, 0, 47)
1 (1, 4, 0, 0, 0, 24, 15, 37, 1, 1, 0, 218)
2 (1, 4, 0, 0, 0, 2, 25, 44, 1, 1, 0, 74)
3 (1, 4, 0, 0, 232, 13, 0, 8, 1, 1, 0, 78)
4 (1, 4, 0, 81, 116, 13, 0, 0, 1, 2, 0, 34)
5 (1, 4, 0, 274, 49, 11, 0, 20, 1, 1, 0, 244)
6 (1, 4, 0, 264, 0, 24, 0, 63, 1, 1, 0, 165)
7 (1, 4, 34, 252, 0, 55, 0, 222, 0, 1, 0, 255)
8 (1, 4, 194, 0, 0, 87, 160, 180, 1, 1, 0, 60)
9 (1, 4, 126, 0, 360, 28, 0, 141, 0, 1, 0, 178)
10 (1, 4, 262, 0, 133, 0, 0, 22, 0, 1, 0, 23)
11 (1, 4, 130, 0, 111, 0, 0, 0, 1, 1, 0, 34)
12 (1, 4, 163, 83, 68, 0, 0, 0, 0, 1, 0, 74)
13 (1, 4, 0, 206, 341, 0, 1, 0, 1, 1, 0, 155)
14 (1, 4, 0, 243, 671, 0, 1, 0, 1, 1, 0, 154)
15 (1, 4, 0, 105, 784, 0, 0, 0, 1, 1, 0, 168)
16 (1, 4, 0, 0, 537, 0, 0, 0, 1, 1, 0, 154)
17 (1, 4, 0, 0, 293, 0, 0, 0, 1, 1, 0, 30)
18 (1, 4, 0, 0, 161, 0, 0, 0, 1, 1, 0, 236)
19 (1, 4, 0, 0, 101, 0, 14, 0, 1, 1, 0, 104)
20 (1, 4, 0, 0, 126, 0, 13, 0, 1, 1, 0, 155)
21 (1, 4, 0, 0, 7, 0, 0, 0, 2, 3, 0, 226)
22 (1, 4, 0, 15, 0, 0, 6, 0, 1, 3, 0, 1)
23 (1, 4, 0, 115, 38, 0, 6, 0, 1, 2, 0, 172)
24 (1, 4, 85, 129, 11, 0, 6, 0, 2, 2, 0, 145)
25 (1, 4, 32, 70, 0, 0, 16, 0, 1, 2, 0, 188)
26 (1, 4, 0, 30, 0, 0, 6, 0, 1, 2, 0, 190)
27 (1, 4, 7, 1, 0, 0, 18, 0, 1, 2, 0, 34)
28 (1, 4, 29, 6, 0, 0, 14, 0, 1, 1, 0, 182)
29 (1, 4, 23, 19, 0, 0, 23, 0, 1, 1, 0, 233)
30 (1, 4, 7, 59, 0, 0, 19, 0, 1, 1, 0, 155)
31 (1, 4, 0, 58, 0, 0, 22, 0, 1, 1, 0, 158)
0 (1, 4, 581, 0, 0, 0, 0, 0, 1, 2, 0, 113)
1 (1, 4, 535, 0, 0, 0, 0, 0, 2, 3, 0, 201)
2 (1, 4, 106, 211, 0, 0, 0, 9, 4, 4, 0, 118)
3 (1, 4, 0, 242, 0, 0, 0, 47, 2, 3, 0, 19)
4 (1, 4, 0, 302, 0, 26, 0, 86, 4, 5, 0, 121)
5 (1, 4, 24, 56, 0, 61, 86, 187, 4, 5, 0, 206)
6 (1, 4, 118, 0, 7, 95, 154, 103, 2, 3, 0, 154)
7 (1, 4, 188, 0, 428, 32, 39, 96, 4, 5, 0, 147)
8 (1, 4, 109, 0, 488, 0, 0, 93, 1, 2, 0, 1)
9 (1, 4, 0, 0, 356, 0, 0, 4, 1, 2, 0, 185)
10 (1, 4, 0, 32, 270, 0, 0, 0, 1, 2, 0, 152)
11 (1, 4, 0, 134, 323, 0, 0, 0, 1, 1, 0, 220)
12 (1, 4, 0, 188, 469, 0, 0, 0, 1, 1, 0, 94)
13 (1, 4, 0, 103, 617, 0, 0, 0, 1, 1, 0, 163)
14 (1, 4, 0, 0, 457, 0, 0, 0, 1, 1, 0, 8)
15 (1, 4, 0, 0, 217, 0, 0, 0, 1, 1, 0, 42)
16 (1, 4, 0, 0, 167, 0, 0, 0, 1, 2, 0, 32)
17 (1, 4, 80, 0, 75, 0, 9, 0, 1, 2, 0, 231)
18 (1, 4, 111, 27, 79, 0, 0, 0, 2, 1, 0, 109)
19 (1, 4, 79, 57, 57, 0, 0, 0, 1, 1, 0, 168)
20 (1, 4, 48, 30, 0, 0, 0, 0, 1, 1, 0, 53)
21 (1, 4, 72, 20, 0, 0, 3, 0, 1, 1, 0, 190)
22 (1, 4, 57, 10, 0, 0, 14, 0, 1, 1, 0, 32)
23 (1, 4, 6, 24, 0, 0, 15, 0, 1, 1, 0, 40)
24 (1, 4, 0, 16, 0, 0, 15, 0, 1, 1, 0, 191)
25 (1, 4, 0, 9, 0, 0, 9, 0, 1, 1, 0, 201)
26 (1, 4, 0, 13, 0, 0, 8, 0, 1, 1, 0, 106)
27 (1, 4, 0, 0, 0, 0, 2, 0, 1, 1, 0, 133)
28 (1, 4, 0, 0, 0, 0, 5, 0, 1, 1, 0, 237)
29 (1, 4, 0, 0, 0, 0, 7, 0, 1, 1, 0, 31)
0 (1, 4, 0, 15, 46, 0, 7, 0, 1, 1, 0, 157)
1 (1, 4, 130, 0, 64, 0, 0, 0, 1, 1, 0, 133)
2 (1, 4, 831, 0, 0, 0, 0, 0, 1, 1, 0, 12)
3 (1, 4, 873, 0, 0, 0, 0, 0, 1, 1, 0, 65)
4 (1, 4, 778, 0, 0, 0, 22, 0, 1, 2, 0, 52)
5 (1, 4, 0, 153, 0, 0, 1, 50, 1, 2, 0, 30)
6 (1, 4, 0, 174, 0, 0, 0, 19, 4, 5, 0, 67)
7 (1, 4, 0, 386, 0, 0, 0, 54, 2, 3, 0, 48)
8 (1, 4, 0, 309, 0, 8, 0, 102, 2, 2, 0, 149)
9 (1, 4, 35, 135, 0, 62, 62, 246, 2, 2, 0, 55)
10 (1, 4, 232, 0, 0, 85, 188, 140, 1, 2, 0, 43)
11 (1, 4, 43, 0, 469, 7, 0, 119, 1, 2, 0, 244)
12 (1, 4, 143, 0, 241, 0, 0, 75, 1, 1, 0, 238)
13 (1, 4, 59, 0, 68, 0, 0, 54, 1, 1, 0, 41)
14 (1, 4, 0, 0, 218, 0, 0, 12, 1, 1, 0, 14)
15 (1, 4, 0, 0, 564, 0, 0, 0, 1, 1, 0, 18)
16 (1, 4, 0, 70, 730, 0, 0, 0, 1, 1, 0, 31)
17 (1, 4, 0, 0, 606, 0, 0, 0, 1, 1, 0, 132)
18 (1, 4, 0, 0, 310, 0, 0, 0, 2, 2, 0, 193)
19 (1, 4, 0, 41, 162, 0, 0, 0, 2, 2, 0, 136)
20 (1, 4, 0, 34, 135, 0, 9, 0, 2, 2, 0, 111)
21 (1, 4, 0, 0, 72, 0, 8, 0, 1, 2, 0, 76)
22 (1, 4, 2, 0, 80, 0, 8, 0, 2, 2, 0, 53)
23 (1, 4, 21, 0, 83, 0, 3, 0, 1, 1, 0, 21)
24 (1, 4, 21, 23, 57, 0, 1, 0, 1, 1, 0, 18)
25 (1, 4, 43, 38, 21, 0, 1, 0, 1, 1, 0, 107)
26 (1, 4, 48, 32, 0, 0, 6, 0, 1, 1, 0, 131)
27 (1, 4, 72, 50, 0, 0, 9, 0, 1, 2, 0, 69)
28 (1, 4, 47, 51, 0, 0, 15, 0, 1, 1, 0, 56)
29 (1, 4, 7, 11, 0, 0, 19, 0, 1, 1, 0, 56)
0 (1, 4, 558, 0, 0, 0, 0, 0, 1, 1, 0, 224)
1 (1, 4, 873, 0, 0, 0, 0, 0, 1, 2, 0, 252)
2 (1, 4, 873, 0, 0, 0, 0, 0, 2, 2, 0, 90)
3 (1, 4, 8, 142, 0, 0, 114, 2, 1, 2, 0, 102)
4 (1, 4, 0, 0, 0, 23, 0, 64, 1, 1, 0, 152)
5 (1, 4, 0, 33, 0, 2, 0, 34, 1, 1, 0, 38)
6 (1, 4, 0, 26, 42, 9, 0, 38, 1, 1, 0, 47)
7 (1, 4, 0, 149, 0, 0, 0, 19, 1, 1, 0, 205)
8 (1, 4, 0, 321, 0, 1, 0, 48, 1, 1, 0, 201)
9 (1, 4, 0, 336, 0, 17, 0, 79, 1, 1, 0, 36)
10 (1, 4, 250, 171, 0, 43, 29, 243, 1, 1, 0, 61)
11 (1, 4, 181, 0, 87, 92, 164, 155, 1, 1, 0, 187)
12 (1, 4, 157, 0, 413, 0, 0, 168, 1, 1, 0, 160)
13 (1, 4, 89, 0, 404, 0, 0, 49, 1, 1, 0, 64)
14 (1, 4, 38, 0, 368, 0, 0, 0, 1, 1, 0, 179)
15 (1, 4, 0, 227, 346, 0, 0, 0, 1, 1, 0, 165)
16 (1, 4, 0, 467, 537, 0, 0, 0, 1, 1, 0, 68)
17 (1, 4, 0, 250, 382, 0, 0, 0, 1, 1, 0, 98)
18 (1, 4, 0, 139, 169, 0, 0, 0, 1, 2, 0, 135)
19 (1, 4, 0, 0, 137, 0, 0, 0, 1, 1, 0, 174)
20 (1, 4, 36, 0, 37, 0, 1, 0, 2, 2, 0, 222)
21 (1, 4, 67, 0, 22, 0, 27, 0, 1, 1, 0, 45)
22 (1, 4, 0, 72, 80, 0, 9, 0, 1, 1, 0, 123)
23 (1, 4, 25, 38, 8, 0, 4, 0, 1, 1, 0, 195)
24 (1, 4, 70, 21, 0, 0, 14, 0, 1, 1, 0, 4)
25 (1, 4, 53, 35, 0, 0, 17, 0, 1, 1, 0, 128)
26 (1, 4, 11, 38, 0, 0, 22, 0, 2, 2, 0, 239)
27 (1, 4, 10, 38, 0, 0, 19, 0, 1, 1, 0, 96)
28 (1, 4, 7, 37, 0, 0, 20, 0, 1, 1, 0, 150)
29 (1, 4, 0, 37, 0, 0, 21, 0, 1, 1, 0, 197)
30 (1, 4, 0, 23, 0, 0, 18, 0, 1, 1, 0, 99)
0 (1, 4, 0, 49, 69, 0, 0, 0, 1, 1, 0, 80)
1 (1, 4, 174, 8, 0, 0, 0, 0, 1, 1, 0, 66)
2 (1, 4, 873, 0, 0, 0, 0, 0, 1, 2, 0, 252)
3 (1, 4, 873, 0, 0, 0, 0, 0, 1, 2, 0, 252)
4 (1, 4, 873, 0, 0, 0, 0, 0, 1, 2, 0, 252)
5 (1, 4, 195, 0, 0, 18, 48, 16, 1, 2, 0, 214)
6 (1, 4, 10, 0, 0, 26, 0, 36, 1, 2, 0, 67)
7 (1, 4, 0, 0, 26, 26, 0, 10, 1, 2, 0, 68)
8 (1, 4, 0, 91, 42, 14, 0, 13, 1, 2, 0, 212)
9 (1, 4, 0, 251, 109, 8, 0, 17, 1, 2, 0, 7)
10 (1, 4, 0, 362, 0, 10, 0, 97, 1, 1, 0, 240)
11 (1, 4, 0, 455, 0, 47, 0, 237, 1, 1, 0, 112)
12 (1, 4, 0, 0, 71, 24, 24, 182, 1, 1, 0, 22)
13 (1, 4, 176, 0, 111, 23, 0, 130, 1, 1, 0, 128)
14 (1, 4, 191, 0, 181, 0, 0, 83, 1, 1, 0, 85)
15 (1, 4, 290, 0, 123, 0, 0, 23, 1, 1, 0, 19)
16 (1, 4, 0, 0, 180, 0, 0, 0, 1, 2, 0, 228)
17 (1, 4, 0, 70, 299, 0, 0, 0, 1, 1, 0, 231)
18 (1, 4, 0, 273, 585, 0, 0, 0, 2, 2, 0, 52)
19 (1, 4, 0, 373, 631, 0, 0, 0, 1, 1, 0, 248)
20 (1, 4, 0, 117, 375, 0, 0, 0, 1, 2, 0, 71)
21 (1, 4, 0, 0, 3, 0, 0, 0, 1, 1, 0, 204)
22 (1, 4, 49, 0, 0, 0, 0, 0, 12, 4, 0, 106)
23 (1, 4, 0, 65, 88, 0, 1, 0, 3, 3, 0, 18)
24 (1, 4, 101, 11, 79, 0, 0, 0, 2, 2, 0, 221)
25 (1, 4, 88, 0, 0, 0, 0, 0, 3, 3, 0, 124)
26 (1, 4, 56, 0, 0, 0, 0, 0, 2, 3, 0, 80)
27 (1, 4, 18, 3, 0, 0, 2, 0, 3, 4, 0, 165)
28 (1, 4, 38, 14, 8, 0, 2, 0, 4, 4, 0, 243)
29 (1, 4, 14, 23, 26, 0, 5, 0, 2, 2, 0, 45)
30 (1, 4, 23, 12, 32, 0, 0, 0, 2, 2, 0, 49)
31 (1, 4, 27, 21, 32, 0, 1, 0, 2, 2, 0, 103)
0 (1, 4, 0, 82, 3, 0, 20, 0, 1, 1, 0, 37)
1 (1, 4, 0, 77, 0, 0, 33, 0, 1, 1, 0, 92)
2 (1, 4, 0, 74, 0, 0, 27, 0, 1, 1, 0, 229)
3 (1, 4, 243, 151, 6, 0, 11, 0, 2, 2, 0, 156)
4 (1, 4, 550, 179, 0, 0, 0, 0, 2, 4, 0, 140)
5 (1, 4, 873, 39, 0, 0, 0, 0, 2, 2, 0, 154)
6 (1, 4, 873, 0, 0, 0, 0, 0, 2, 2, 0, 90)
7 (1, 4, 745, 0, 0, 0, 0, 0, 2, 2, 0, 77)
8 (1, 4, 810, 0, 0, 0, 0, 10, 1, 2, 0, 52)
9 (1, 4, 520, 0, 0, 10, 0, 23, 1, 1, 0, 5)
10 (1, 4, 0, 0, 0, 0, 0, 56, 1, 1, 0, 239)
11 (1, 4, 0, 0, 142, 0, 0, 0, 3, 4, 0, 79)
12 (1, 4, 0, 297, 0, 0, 0, 0, 2, 2, 0, 77)
13 (1, 4, 0, 501, 0, 0, 0, 57, 1, 2, 0, 38)
14 (1, 4, 0, 382, 0, 0, 0, 203, 1, 1, 0, 245)
15 (1, 4, 236, 41, 0, 46, 123, 264, 1, 1, 0, 232)
16 (1, 4, 0, 0, 252, 23, 88, 140, 1, 1, 0, 255)
17 (1, 4, 20, 0, 456, 0, 0, 13, 1, 1, 0, 4)
18 (1, 4, 0, 0, 415, 0, 0, 0, 1, 1, 0, 253)
19 (1, 4, 0, 207, 253, 0, 0, 0, 1, 1, 0, 185)
20 (1, 4, 0, 431, 441, 0, 0, 0, 1, 1, 0, 229)
21 (1, 4, 0, 332, 518, 0, 0, 0, 1, 1, 0, 179)
22 (1, 4, 0, 0, 294, 0, 0, 0, 1, 1, 0, 165)
23 (1, 4, 0, 0, 14, 0, 0, 0, 1, 1, 0, 186)
24 (1, 4, 0, 0, 13, 0, 47, 0, 8, 14, 0, 153)
25 (1, 4, 0, 0, 127, 0, 13, 0, 1, 2, 0, 178)
26 (1, 4, 83, 23, 76, 0, 0, 0, 2, 2, 0, 109)
27 (1, 4, 146, 21, 0, 0, 16, 0, 2, 2, 0, 14)
28 (1, 4, 68, 39, 0, 0, 40, 0, 1, 2, 0, 119)
29 (1, 4, 0, 77, 0, 0, 39, 0, 1, 2, 0, 240)
30 (1, 4, 0, 70, 0, 0, 30, 0, 1, 2, 0, 171)
31 (1, 4, 0, 34, 0, 0, 39, 0, 2, 2, 0, 166)

