0 (1, 4, 0, 133, 162, 0, 0, 8, 1, 1, 0, 211)
1 (1, 4, 0, 0, 79, 0, 0, 0, 1, 1, 0, 213)
2 (1, 4, 0, 0, 0, 0, 0, 0, 2, 2, 0, 108)
3 (1, 4, 0, 42, 0, 0, 0, 0, 2, 2, 0, 112)
4 (1, 4, 177, 507, 0, 0, 56, 0, 2, 2, 0, 182)
5 (1, 4, 272, 873, 0, 0, 33, 0, 2, 1, 0, 40)
6 (1, 4, 540, 873, 0, 0, 58, 0, 2, 2, 0, 20)
7 (1, 4, 580, 873, 0, 0, 34, 94, 2, 2, 0, 249)
8 (1, 4, 440, 579, 0, 0, 134, 144, 4, 4, 0, 240)
9 (1, 4, 0, 413, 143, 8, 0, 277, 4, 4, 0, 3)
10 (1, 4, 87, 9, 0, 84, 0, 0, 4, 4, 0, 65)
11 (1, 4, 54, 118, 0, 38, 0, 62, 4, 5, 0, 90)
12 (1, 4, 26, 0, 0, 70, 0, 0, 4, 3, 0, 87)
13 (1, 4, 0, 47, 21, 75, 0, 0, 4, 3, 0, 134)
14 (1, 4, 0, 51, 45, 53, 0, 21, 3, 3, 0, 146)
15 (1, 4, 42, 10, 0, 56, 0, 0, 3, 3, 0, 246)
16 (1, 4, 0, 38, 25, 60, 0, 0, 3, 3, 0, 221)
17 (1, 4, 0, 56, 12, 48, 0, 1, 2, 2, 0, 95)
18 (1, 4, 23, 16, 0, 47, 0, 12, 3, 2, 0, 118)
19 (1, 4, 0, 21, 0, 50, 0, 0, 2, 2, 0, 66)
20 (1, 4, 0, 0, 0, 49, 0, 8, 2, 2, 0, 135)
21 (1, 4, 0, 0, 0, 52, 0, 2, 2, 2, 0, 183)
22 (1, 4, 0, 0, 20, 51, 0, 1, 2, 2, 0, 173)
23 (1, 4, 0, 0, 6, 50, 0, 0, 2, 2, 0, 61)
24 (1, 4, 18, 0, 1, 52, 0, 0, 2, 2, 0, 102)
25 (1, 4, 16, 0, 0, 53, 0, 0, 2, 2, 0, 241)
26 (1, 4, 7, 0, 1, 52, 0, 0, 2, 2, 0, 176)
27 (1, 4, 0, 0, 5, 53, 0, 0, 2, 2, 0, 219)
28 (1, 4, 0, 0, 1, 54, 0, 1, 2, 2, 0, 123)
29 (1, 4, 0, 0, 0, 52, 0, 0, 2, 2, 0, 14)
30 (1, 4, 0, 0, 0, 51, 0, 1, 2, 2, 0, 140)
31 (1, 4, 0, 0, 0, 53, 0, 0, 2, 2, 0, 17)
0 (1, 4, 0, 87, 0, 0, 23, 0, 0, 0, 0, 115)
1 (1, 4, 0, 91, 71, 0, 0, 0, 0, 0, 0, 233)
2 (1, 4, 0, 120, 0, 0, 0, 0, 0, 0, 0, 237)
3 (1, 4, 0, 0, 0, 0, 0, 0, 1, 1, 0, 119)
4 (1, 4, 0, 785, 0, 0, 19, 0, 2, 1, 0, 35)
5 (1, 4, 405, 873, 185, 0, 113, 0, 1, 1, 0, 106)
6 (1, 4, 873, 873, 0, 0, 77, 0, 1, 1, 0, 111)
7 (1, 4, 50, 848, 0, 0, 315, 144, 2, 2, 0, 21)
8 (1, 4, 301, 243, 0, 0, 72, 193, 2, 2, 0, 221)
9 (1, 4, 0, 0, 68, 68, 0, 30, 2, 2, 0, 149)
10 (1, 4, 273, 48, 0, 28, 0, 18, 2, 2, 0, 58)
11 (1, 4, 5, 2, 0, 65, 0, 36, 2, 1, 0, 148)
12 (1, 4, 0, 0, 0, 55, 0, 11, 2, 1, 0, 30)
13 (1, 4, 0, 0, 0, 58, 0, 5, 1, 1, 0, 5)
14 (1, 4, 0, 0, 29, 60, 0, 0, 1, 1, 0, 228)
15 (1, 4, 0, 0, 27, 54, 0, 0, 1, 1, 0, 83)
16 (1, 4, 0, 0, 6, 67, 0, 0, 1, 1, 0, 242)
17 (1, 4, 0, 19, 34, 48, 0, 0, 1, 1, 0, 1)
18 (1, 4, 0, 20, 5, 55, 0, 0, 1, 1, 0, 69)
19 (1, 4, 0, 51, 33, 52, 0, 5, 1, 1, 0, 174)
20 (1, 4, 0, 0, 0, 56, 0, 6, 1, 1, 0, 93)
21 (1, 4, 0, 8, 40, 53, 0, 0, 1, 1, 0, 251)
22 (1, 4, 0, 0, 28, 53, 0, 0, 1, 1, 0, 151)
23 (1, 4, 0, 13, 25, 50, 0, 0, 2, 1, 0, 122)
24 (1, 4, 0, 7, 4, 52, 0, 0, 2, 1, 0, 239)
25 (1, 4, 0, 38, 6, 46, 0, 0, 2, 1, 0, 134)
26 (1, 4, 0, 10, 4, 46, 0, 0, 1, 1, 0, 164)
27 (1, 4, 0, 12, 8, 46, 0, 0, 1, 1, 0, 241)
28 (1, 4, 4, 9, 5, 47, 0, 0, 1, 1, 0, 207)
29 (1, 4, 8, 25, 1, 52, 0, 0, 1, 1, 0, 150)
0 (1, 4, 0, 0, 873, 0, 55, 19, 0, 0, 0, 225)
1 (1, 4, 0, 18, 873, 0, 0, 7, 1, 0, 0, 201)
2 (1, 4, 0, 0, 850, 0, 0, 0, 0, 0, 0, 50)
3 (1, 4, 0, 122, 202, 0, 0, 0, 0, 0, 0, 25)
4 (1, 4, 401, 0, 0, 0, 0, 3, 0, 0, 0, 225)
5 (1, 4, 402, 0, 0, 0, 31, 0, 0, 0, 0, 185)
6 (1, 4, 41, 0, 70, 0, 25, 0, 0, 0, 0, 112)
7 (1, 4, 0, 114, 124, 0, 0, 3, 0, 0, 0, 205)
8 (1, 4, 0, 104, 95, 0, 0, 16, 0, 0, 0, 130)
9 (1, 4, 0, 132, 57, 0, 0, 21, 0, 0, 0, 117)
10 (1, 4, 0, 196, 0, 0, 0, 42, 0, 0, 0, 212)
11 (1, 4, 0, 125, 0, 0, 0, 57, 0, 0, 0, 197)
12 (1, 4, 15, 52, 0, 0, 0, 43, 0, 0, 0, 112)
13 (1, 4, 0, 17, 0, 0, 0, 27, 0, 0, 0, 245)
14 (1, 4, 0, 29, 0, 0, 6, 12, 0, 0, 0, 77)
15 (1, 4, 0, 59, 0, 0, 0, 4, 0, 0, 0, 195)
16 (1, 4, 0, 170, 0, 0, 8, 0, 1, 0, 0, 192)
17 (1, 4, 0, 216, 0, 0, 0, 0, 1, 1, 0, 39)
18 (1, 4, 258, 0, 0, 0, 45, 0, 3, 2, 0, 70)
19 (1, 4, 346, 873, 188, 0, 180, 0, 3, 2, 0, 171)
20 (1, 4, 873, 873, 0, 0, 88, 0, 3, 2, 0, 9)
21 (1, 4, 667, 873, 0, 0, 68, 173, 2, 3, 0, 105)
22 (1, 4, 70, 538, 0, 0, 37, 280, 4, 5, 0, 105)
23 (1, 4, 228, 5, 0, 0, 10, 176, 5, 5, 0, 148)
24 (1, 4, 0, 0, 56, 57, 0, 0, 3, 2, 0, 202)
25 (1, 4, 135, 0, 0, 44, 0, 0, 2, 2, 0, 62)
26 (1, 4, 0, 16, 0, 54, 0, 0, 2, 2, 0, 81)
27 (1, 4, 0, 0, 0, 43, 0, 0, 2, 2, 0, 92)
28 (1, 4, 0, 22, 0, 63, 0, 0, 2, 1, 0, 188)
29 (1, 4, 1, 0, 0, 61, 0, 0, 2, 1, 0, 90)
30 (1, 4, 13, 0, 0, 95, 0, 0, 2, 1, 0, 16)
31 (1, 4, 0, 0, 20, 51, 0, 0, 2, 1, 0, 207)
0 (1, 4, 0, 3, 24, 0, 0, 0, 0, 0, 0, 101)
1 (1, 4, 0, 52, 0, 0, 0, 0, 1, 0, 0, 101)
2 (1, 4, 0, 45, 0, 0, 0, 0, 1, 1, 0, 105)
3 (1, 4, 0, 216, 0, 0, 0, 0, 1, 1, 0, 39)
4 (1, 4, 0, 269, 0, 0, 5, 0, 1, 1, 0, 212)
5 (1, 4, 0, 365, 0, 0, 49, 0, 1, 1, 0, 254)
6 (1, 4, 237, 512, 0, 0, 44, 0, 1, 1, 0, 136)
7 (1, 4, 453, 873, 48, 0, 70, 0, 1, 1, 0, 58)
8 (1, 4, 873, 873, 0, 0, 48, 0, 1, 1, 0, 166)
9 (1, 4, 228, 469, 0, 0, 274, 227, 1, 2, 0, 172)
10 (1, 4, 105, 195, 65, 0, 85, 244, 1, 1, 0, 191)
11 (1, 4, 0, 0, 100, 51, 0, 0, 2, 2, 0, 8)
12 (1, 4, 21, 46, 0, 41, 0, 0, 2, 2, 0, 114)
13 (1, 4, 1, 34, 0, 66, 0, 2, 2, 2, 0, 159)
14 (1, 4, 0, 0, 0, 62, 0, 12, 2, 2, 0, 87)
15 (1, 4, 0, 0, 24, 61, 0, 7, 2, 1, 0, 132)
16 (1, 4, 0, 0, 36, 56, 0, 0, 2, 1, 0, 151)
17 (1, 4, 0, 0, 37, 61, 0, 0, 1, 1, 0, 198)
18 (1, 4, 0, 0, 6, 55, 0, 0, 1, 1, 0, 69)
19 (1, 4, 7, 1, 0, 58, 0, 0, 1, 1, 0, 48)
20 (1, 4, 0, 0, 0, 58, 0, 0, 1, 1, 0, 175)
21 (1, 4, 0, 0, 0, 61, 0, 0, 1, 1, 0, 242)
22 (1, 4, 3, 0, 1, 58, 0, 0, 1, 1, 0, 41)
23 (1, 4, 0, 7, 0, 61, 0, 0, 1, 1, 0, 240)
24 (1, 4, 0, 10, 0, 60, 0, 0, 1, 1, 0, 51)
25 (1, 4, 0, 14, 0, 59, 0, 0, 1, 1, 0, 180)
26 (1, 4, 0, 0, 0, 59, 0, 0, 1, 1, 0, 176)
27 (1, 4, 10, 17, 0, 62, 0, 0, 1, 1, 0, 107)
28 (1, 4, 13, 13, 0, 62, 0, 0, 1, 1, 0, 73)
29 (1, 4, 4, 0, 0, 57, 0, 0, 1, 1, 0, 182)
30 (1, 4, 11, 0, 0, 60, 0, 0, 1, 1, 0, 143)
31 (1, 4, 12, 0, 0, 62, 0, 0, 1, 1, 0, 155)
0 (1, 4, 0, 0, 141, 3, 0, 12, 1, 1, 0, 78)
1 (1, 4, 146, 0, 250, 0, 0, 1, 1, 1, 0, 89)
2 (1, 4, 218, 0, 325, 0, 0, 0, 1, 1, 0, 11)
3 (1, 4, 0, 0, 450, 0, 0, 0, 1, 0, 0, 100)
4 (1, 4, 61, 0, 387, 0, 0, 6, 1, 0, 0, 166)
5 (1, 4, 371, 0, 408, 0, 0, 16, 0, 0, 0, 124)
6 (1, 4, 215, 0, 620, 0, 0, 19, 0, 0, 0, 192)
7 (1, 4, 0, 0, 768, 0, 25, 17, 0, 0, 0, 168)
8 (1, 4, 0, 45, 853, 0, 0, 0, 0, 0, 0, 201)
9 (1, 4, 0, 15, 376, 0, 0, 0, 0, 0, 0, 84)
10 (1, 4, 107, 0, 0, 0, 0, 0, 0, 0, 0, 82)
11 (1, 4, 196, 0, 0, 0, 3, 0, 0, 0, 0, 81)
12 (1, 4, 0, 64, 0, 0, 8, 21, 0, 0, 0, 69)
13 (1, 4, 0, 0, 0, 0, 0, 36, 1, 1, 0, 163)
14 (1, 4, 0, 0, 0, 0, 0, 37, 2, 2, 0, 103)
15 (1, 4, 0, 48, 0, 0, 0, 30, 3, 3, 0, 51)
16 (1, 4, 0, 25, 0, 0, 0, 22, 4, 2, 0, 95)
17 (1, 4, 0, 77, 0, 0, 0, 2, 4, 2, 0, 193)
18 (1, 4, 0, 105, 0, 0, 0, 13, 3, 2, 0, 9)
19 (1, 4, 0, 144, 0, 0, 0, 0, 3, 3, 0, 5)
20 (1, 4, 0, 228, 0, 0, 0, 0, 3, 3, 0, 255)
21 (1, 4, 0, 273, 0, 0, 0, 0, 3, 3, 0, 84)
22 (1, 4, 80, 549, 0, 0, 39, 0, 3, 3, 0, 9)
23 (1, 4, 348, 873, 33, 0, 114, 0, 3, 3, 0, 35)
24 (1, 4, 673, 873, 44, 0, 62, 0, 3, 2, 0, 253)
25 (1, 4, 872, 873, 0, 0, 111, 25, 3, 3, 0, 106)
26 (1, 4, 263, 694, 0, 0, 175, 315, 5, 5, 0, 228)
27 (1, 4, 233, 61, 66, 0, 67, 206, 6, 7, 0, 213)
28 (1, 4, 52, 0, 77, 19, 0, 0, 3, 3, 0, 33)
29 (1, 4, 46, 0, 0, 48, 0, 0, 3, 3, 0, 232)
30 (1, 4, 0, 0, 0, 59, 0, 14, 3, 3, 0, 132)
31 (1, 4, 1, 0, 0, 53, 0, 12, 3, 2, 0, 226)
0 (1, 4, 47, 0, 416, 0, 0, 10, 0, 0, 0, 226)
1 (1, 4, 181, 0, 544, 0, 0, 26, 0, 0, 0, 190)
2 (1, 4, 608, 0, 669, 0, 0, 49, 0, 0, 0, 219)
3 (1, 4, 101, 0, 648, 0, 58, 0, 0, 0, 0, 74)
4 (1, 4, 0, 154, 873, 0, 25, 23, 0, 0, 0, 247)
5 (1, 4, 0, 92, 847, 0, 4, 0, 0, 0, 0, 83)
6 (1, 4, 0, 287, 544, 0, 0, 3, 0, 0, 0, 105)
7 (1, 4, 50, 0, 0, 0, 0, 0, 0, 0, 0, 69)
8 (1, 4, 43, 0, 0, 0, 12, 0, 0, 0, 0, 249)
9 (1, 4, 0, 69, 0, 0, 8, 0, 0, 0, 0, 83)
10 (1, 4, 0, 146, 0, 0, 0, 19, 0, 0, 0, 198)
11 (1, 4, 0, 42, 0, 0, 0, 26, 0, 0, 0, 226)
12 (1, 4, 0, 54, 0, 0, 0, 25, 0, 0, 0, 140)
13 (1, 4, 0, 44, 0, 0, 0, 33, 1, 1, 0, 162)
14 (1, 4, 0, 6, 0, 0, 0, 27, 1, 1, 0, 159)
15 (1, 4, 0, 7, 28, 0, 0, 23, 1, 1, 0, 40)
16 (1, 4, 17, 3, 18, 0, 0, 24, 1, 1, 0, 40)
17 (1, 4, 0, 22, 31, 0, 0, 11, 1, 1, 0, 11)
18 (1, 4, 0, 67, 0, 0, 0, 0, 1, 1, 0, 44)
19 (1, 4, 0, 136, 0, 0, 0, 0, 1, 1, 0, 197)
20 (1, 4, 0, 221, 0, 0, 0, 0, 2, 1, 0, 238)
21 (1, 4, 90, 255, 0, 0, 4, 0, 2, 2, 0, 26)
22 (1, 4, 66, 309, 59, 0, 38, 0, 3, 2, 0, 40)
23 (1, 4, 64, 559, 157, 0, 29, 0, 4, 2, 0, 54)
24 (1, 4, 377, 873, 144, 0, 0, 0, 3, 2, 0, 61)
25 (1, 4, 734, 873, 0, 0, 0, 0, 3, 2, 0, 77)
26 (1, 4, 873, 566, 0, 0, 79, 86, 2, 2, 0, 106)
27 (1, 4, 268, 211, 0, 0, 59, 218, 4, 4, 0, 166)
28 (1, 4, 484, 0, 0, 56, 76, 44, 3, 2, 0, 143)
29 (1, 4, 293, 0, 89, 33, 0, 0, 2, 2, 0, 197)
30 (1, 4, 243, 0, 61, 67, 0, 0, 2, 2, 0, 198)
31 (1, 4, 88, 0, 116, 91, 0, 1, 1, 2, 0, 211)
0 (1, 4, 0, 0, 433, 0, 20, 21, 1, 1, 0, 209)
1 (1, 4, 0, 0, 558, 0, 0, 30, 1, 0, 0, 96)
2 (1, 4, 266, 0, 541, 0, 0, 34, 1, 0, 0, 217)
3 (1, 4, 231, 0, 846, 0, 89, 12, 1, 1, 0, 111)
4 (1, 4, 0, 17, 873, 0, 0, 49, 1, 1, 0, 196)
5 (1, 4, 0, 0, 227, 0, 0, 0, 1, 1, 0, 56)
6 (1, 4, 0, 188, 0, 0, 0, 7, 2, 1, 0, 9)
7 (1, 4, 0, 0, 0, 0, 0, 0, 2, 2, 0, 108)
8 (1, 4, 0, 0, 0, 0, 0, 0, 3, 2, 0, 14)
9 (1, 4, 147, 115, 0, 0, 0, 0, 2, 2, 0, 115)
10 (1, 4, 212, 173, 0, 0, 1, 0, 2, 2, 0, 78)
11 (1, 4, 333, 294, 0, 0, 51, 0, 2, 2, 0, 50)
12 (1, 4, 341, 645, 0, 0, 96, 0, 3, 2, 0, 231)
13 (1, 4, 848, 873, 0, 0, 229, 0, 3, 2, 0, 183)
14 (1, 4, 873, 873, 0, 0, 290, 0, 2, 1, 0, 100)
15 (1, 4, 354, 794, 0, 0, 420, 284, 3, 4, 0, 24)
16 (1, 4, 32, 0, 0, 75, 0, 24, 1, 2, 0, 56)
17 (1, 4, 0, 124, 2, 0, 0, 0, 1, 1, 0, 17)
18 (1, 4, 0, 178, 0, 23, 0, 1, 1, 1, 0, 205)
19 (1, 4, 0, 61, 0, 27, 0, 3, 1, 1, 0, 64)
20 (1, 4, 0, 63, 0, 43, 0, 17, 1, 0, 0, 50)
21 (1, 4, 0, 0, 0, 40, 0, 16, 1, 0, 0, 222)
22 (1, 4, 0, 0, 0, 34, 0, 5, 1, 0, 0, 97)
23 (1, 4, 28, 0, 25, 28, 0, 0, 1, 0, 0, 144)
24 (1, 4, 41, 0, 0, 27, 0, 0, 1, 0, 0, 139)
25 (1, 4, 59, 0, 0, 49, 0, 0, 1, 0, 0, 88)
26 (1, 4, 9, 0, 0, 64, 0, 0, 1, 0, 0, 183)
27 (1, 4, 44, 0, 0, 68, 0, 0, 1, 0, 0, 58)
28 (1, 4, 29, 0, 0, 60, 0, 0, 1, 0, 0, 32)
29 (1, 4, 41, 0, 8, 49, 0, 0, 0, 0, 0, 122)
30 (1, 4, 58, 0, 0, 71, 0, 0, 0, 0, 0, 189)
31 (1, 4, 53, 0, 0, 70, 0, 0, 0, 0, 0, 248)
0 (1, 4, 0, 0, 517, 0, 0, 11, 0, 0, 0, 130)
1 (1, 4, 0, 0, 307, 0, 0, 0, 1, 0, 0, 123)
2 (1, 4, 0, 156, 132, 0, 0, 0, 0, 0, 0, 216)
3 (1, 4, 0, 355, 0, 0, 0, 0, 1, 1, 0, 11)
4 (1, 4, 0, 0, 0, 0, 0, 0, 2, 2, 0, 108)
5 (1, 4, 0, 414, 0, 0, 59, 0, 4, 2, 0, 100)
6 (1, 4, 461, 619, 0, 0, 113, 0, 3, 2, 0, 218)
7 (1, 4, 525, 873, 237, 0, 190, 0, 3, 2, 0, 205)
8 (1, 4, 873, 873, 0, 0, 145, 0, 2, 2, 0, 253)
9 (1, 4, 548, 696, 0, 0, 432, 225, 2, 2, 0, 85)
10 (1, 4, 193, 438, 0, 0, 166, 209, 1, 2, 0, 67)
11 (1, 4, 0, 30, 101, 64, 0, 41, 1, 1, 0, 156)
12 (1, 4, 61, 73, 14, 18, 0, 25, 1, 1, 0, 113)
13 (1, 4, 0, 19, 0, 49, 0, 1, 1, 1, 0, 16)
14 (1, 4, 0, 24, 0, 42, 0, 31, 1, 1, 0, 160)
15 (1, 4, 0, 0, 0, 47, 0, 28, 1, 1, 0, 119)
16 (1, 4, 0, 0, 12, 49, 0, 8, 1, 1, 0, 126)
17 (1, 4, 5, 0, 3, 52, 0, 5, 1, 1, 0, 50)
18 (1, 4, 1, 0, 3, 48, 0, 5, 1, 1, 0, 118)
19 (1, 4, 15, 0, 0, 46, 0, 1, 1, 1, 0, 161)
20 (1, 4, 25, 0, 0, 53, 0, 0, 1, 1, 0, 148)
21 (1, 4, 32, 0, 0, 52, 0, 1, 1, 1, 0, 13)
22 (1, 4, 32, 0, 0, 54, 0, 0, 1, 1, 0, 236)
23 (1, 4, 30, 0, 0, 61, 0, 2, 1, 1, 0, 255)
24 (1, 4, 17, 0, 0, 63, 0, 0, 1, 1, 0, 34)
25 (1, 4, 1, 0, 0, 55, 0, 0, 1, 1, 0, 58)
26 (1, 4, 0, 16, 0, 54, 0, 0, 1, 1, 0, 74)
27 (1, 4, 0, 19, 0, 54, 0, 1, 1, 1, 0, 77)
28 (1, 4, 0, 7, 0, 53, 0, 0, 1, 1, 0, 8)
29 (1, 4, 0, 13, 0, 54, 0, 0, 1, 1, 0, 247)
0 (1, 4, 65, 596, 0, 0, 97, 0, 2, 1, 0, 205)
1 (1, 4, 659, 873, 0, 0, 137, 0, 2, 1, 0, 209)
2 (1, 4, 873, 873, 0, 0, 124, 0, 1, 1, 0, 158)
3 (1, 4, 381, 492, 0, 0, 400, 261, 1, 2, 0, 205)
4 (1, 4, 205, 344, 0, 7, 148, 207, 1, 2, 0, 157)
5 (1, 4, 39, 33, 103, 45, 0, 47, 2, 2, 0, 60)
6 (1, 4, 7, 0, 14, 35, 0, 0, 1, 1, 0, 88)
7 (1, 4, 45, 6, 0, 56, 0, 0, 1, 1, 0, 167)
8 (1, 4, 0, 102, 0, 44, 0, 1, 1, 1, 0, 51)
9 (1, 4, 4, 41, 0, 40, 0, 12, 1, 1, 0, 5)
10 (1, 4, 3, 14, 9, 48, 0, 18, 1, 1, 0, 61)
11 (1, 4, 43, 0, 0, 43, 0, 35, 1, 1, 0, 37)
12 (1, 4, 41, 0, 0, 55, 0, 22, 1, 1, 0, 146)
13 (1, 4, 0, 0, 0, 49, 0, 12, 1, 1, 0, 233)
14 (1, 4, 0, 0, 0, 63, 0, 0, 2, 1, 0, 106)
15 (1, 4, 0, 0, 0, 62, 0, 0, 2, 2, 0, 200)
16 (1, 4, 0, 0, 8, 53, 0, 0, 2, 1, 0, 16)
17 (1, 4, 0, 0, 2, 54, 0, 0, 2, 1, 0, 162)
18 (1, 4, 0, 0, 2, 55, 0, 0, 2, 1, 0, 189)
19 (1, 4, 0, 0, 0, 51, 0, 0, 2, 1, 0, 238)
20 (1, 4, 0, 0, 0, 53, 0, 0, 2, 1, 0, 172)
21 (1, 4, 25, 0, 0, 66, 0, 0, 2, 1, 0, 164)
22 (1, 4, 15, 0, 0, 75, 0, 0, 2, 1, 0, 135)
23 (1, 4, 0, 0, 3, 62, 0, 0, 2, 1, 0, 206)
24 (1, 4, 0, 0, 4, 55, 0, 0, 2, 1, 0, 204)
25 (1, 4, 0, 0, 1, 60, 0, 0, 2, 1, 0, 223)
26 (1, 4, 48, 0, 17, 48, 0, 0, 1, 1, 0, 165)
27 (1, 4, 9, 0, 0, 55, 0, 0, 1, 1, 0, 74)
28 (1, 4, 4, 0, 0, 64, 0, 0, 1, 1, 0, 154)
29 (1, 4, 0, 2, 9, 61, 0, 0, 1, 1, 0, 183)
0 (1, 4, 0, 129, 0, 0, 0, 0, 0, 0, 0, 202)
1 (1, 4, 0, 145, 0, 0, 0, 0, 0, 0, 0, 171)
2 (1, 4, 0, 231, 8, 0, 9, 0, 1, 1, 0, 49)
3 (1, 4, 0, 0, 0, 0, 75, 0, 2, 2, 0, 60)
4 (1, 4, 448, 666, 334, 0, 265, 0, 3, 2, 0, 35)
5 (1, 4, 740, 873, 873, 0, 197, 0, 2, 1, 0, 167)
6 (1, 4, 873, 873, 511, 0, 123, 2, 1, 1, 0, 192)
7 (1, 4, 695, 574, 0, 0, 118, 261, 3, 4, 0, 5)
8 (1, 4, 478, 36, 0, 0, 0, 269, 4, 5, 0, 106)
9 (1, 4, 0, 16, 62, 37, 0, 4, 3, 2, 0, 220)
10 (1, 4, 276, 0, 0, 62, 0, 0, 2, 2, 0, 18)
11 (1, 4, 0, 0, 0, 57, 0, 0, 2, 2, 0, 149)
12 (1, 4, 0, 0, 0, 53, 0, 10, 2, 2, 0, 66)
13 (1, 4, 23, 0, 11, 57, 0, 5, 2, 2, 0, 242)
14 (1, 4, 0, 0, 17, 61, 0, 1, 2, 2, 0, 221)
15 (1, 4, 23, 0, 0, 67, 0, 0, 2, 2, 0, 82)
16 (1, 4, 9, 0, 0, 76, 0, 0, 2, 2, 0, 67)
17 (1, 4, 4, 0, 3, 70, 0, 0, 2, 2, 0, 120)
18 (1, 4, 0, 0, 11, 61, 0, 0, 2, 2, 0, 238)
19 (1, 4, 27, 0, 3, 61, 0, 0, 2, 2, 0, 208)
20 (1, 4, 24, 0, 0, 62, 0, 0, 2, 2, 0, 88)
21 (1, 4, 25, 0, 0, 63, 0, 0, 2, 2, 0, 73)
22 (1, 4, 0, 0, 0, 63, 0, 0, 2, 2, 0, 215)
23 (1, 4, 0, 0, 0, 66, 0, 0, 2, 2, 0, 135)
24 (1, 4, 0, 0, 0, 66, 0, 0, 2, 2, 0, 135)
25 (1, 4, 2, 0, 0, 64, 0, 0, 2, 1, 0, 24)
26 (1, 4, 0, 0, 0, 65, 0, 0, 2, 1, 0, 27)
27 (1, 4, 0, 5, 0, 62, 0, 0, 2, 1, 0, 26)
28 (1, 4, 0, 1, 0, 65, 0, 0, 2, 1, 0, 174)
29 (1, 4, 0, 0, 0, 68, 0, 0, 2, 1, 0, 120)
0 (1, 4, 4, 0, 1, 46, 0, 3, 2, 2, 0, 245)
1 (1, 4, 2, 0, 25, 32, 0, 7, 1, 1, 0, 198)
2 (1, 4, 0, 42, 83, 11, 0, 20, 1, 1, 0, 43)
3 (1, 4, 0, 0, 131, 9, 0, 42, 1, 1, 0, 40)
4 (1, 4, 32, 0, 193, 0, 11, 47, 1, 0, 0, 87)
5 (1, 4, 0, 0, 397, 0, 36, 19, 1, 0, 0, 157)
6 (1, 4, 0, 0, 707, 0, 2, 0, 0, 0, 0, 135)
7 (1, 4, 61, 0, 656, 0, 0, 0, 0, 0, 0, 43)
8 (1, 4, 0, 0, 812, 0, 0, 0, 1, 0, 0, 231)
9 (1, 4, 0, 0, 591, 0, 0, 0, 1, 1, 0, 111)
10 (1, 4, 0, 0, 508, 0, 0, 0, 1, 1, 0, 67)
11 (1, 4, 0, 93, 196, 0, 0, 0, 1, 0, 0, 118)
12 (1, 4, 0, 6, 0, 0, 0, 0, 0, 0, 0, 201)
13 (1, 4, 0, 74, 0, 0, 7, 0, 0, 0, 0, 75)
14 (1, 4, 0, 81, 0, 0, 0, 0, 1, 0, 0, 75)
15 (1, 4, 0, 91, 0, 0, 0, 0, 1, 1, 0, 254)
16 (1, 4, 0, 106, 0, 0, 0, 0, 1, 1, 0, 232)
17 (1, 4, 87, 129, 0, 0, 2, 0, 2, 2, 0, 105)
18 (1, 4, 147, 109, 0, 0, 7, 0, 2, 2, 0, 126)
19 (1, 4, 0, 90, 0, 0, 14, 0, 2, 2, 0, 128)
20 (1, 4, 0, 102, 0, 0, 7, 0, 2, 2, 0, 242)
21 (1, 4, 87, 154, 0, 0, 23, 0, 3, 2, 0, 30)
22 (1, 4, 23, 334, 49, 0, 71, 0, 4, 2, 0, 232)
23 (1, 4, 712, 873, 20, 0, 92, 0, 3, 2, 0, 21)
24 (1, 4, 873, 873, 0, 0, 104, 0, 2, 2, 0, 227)
25 (1, 4, 368, 647, 0, 0, 446, 354, 3, 6, 0, 204)
26 (1, 4, 359, 178, 0, 46, 88, 231, 2, 2, 0, 181)
27 (1, 4, 0, 127, 86, 27, 0, 0, 2, 2, 0, 38)
28 (1, 4, 124, 0, 0, 46, 0, 0, 2, 1, 0, 100)
29 (1, 4, 0, 77, 0, 50, 0, 0, 1, 1, 0, 8)
30 (1, 4, 0, 96, 0, 43, 0, 8, 1, 1, 0, 236)
31 (1, 4, 0, 16, 0, 44, 0, 17, 1, 1, 0, 119)
0 (1, 4, 0, 7, 0, 0, 0, 0, 0, 0, 0, 124)
1 (1, 4, 0, 50, 0, 0, 17, 7, 0, 0, 0, 95)
2 (1, 4, 0, 0, 0, 0, 12, 0, 1, 0, 0, 62)
3 (1, 4, 0, 35, 43, 0, 16, 0, 1, 1, 0, 17)
4 (1, 4, 0, 0, 10, 0, 0, 0, 1, 1, 0, 228)
5 (1, 4, 203, 0, 0, 0, 6, 0, 2, 2, 0, 131)
6 (1, 4, 104, 434, 6, 0, 23, 0, 2, 2, 0, 228)
7 (1, 4, 131, 544, 37, 0, 33, 0, 3, 2, 0, 70)
8 (1, 4, 308, 664, 92, 0, 33, 0, 5, 3, 0, 63)
9 (1, 4, 382, 873, 141, 0, 76, 0, 4, 3, 0, 100)
10 (1, 4, 530, 873, 211, 0, 66, 0, 4, 2, 0, 150)
11 (1, 4, 696, 873, 85, 0, 56, 0, 3, 2, 0, 32)
12 (1, 4, 669, 731, 0, 0, 110, 86, 3, 2, 0, 97)
13 (1, 4, 501, 93, 176, 42, 210, 152, 6, 12, 0, 203)
14 (1, 4, 0, 126, 0, 36, 0, 0, 4, 4, 0, 235)
15 (1, 4, 159, 65, 7, 8, 0, 33, 4, 5, 0, 203)
16 (1, 4, 0, 0, 0, 53, 0, 27, 4, 4, 0, 120)
17 (1, 4, 0, 10, 5, 45, 0, 16, 4, 4, 0, 239)
18 (1, 4, 0, 6, 0, 48, 0, 3, 4, 4, 0, 149)
19 (1, 4, 0, 16, 1, 47, 0, 9, 4, 4, 0, 214)
20 (1, 4, 0, 54, 7, 49, 0, 6, 4, 4, 0, 102)
21 (1, 4, 0, 68, 1, 44, 0, 13, 4, 4, 0, 186)
22 (1, 4, 9, 79, 0, 44, 0, 12, 4, 4, 0, 228)
23 (1, 4, 13, 73, 0, 40, 0, 20, 4, 4, 0, 46)
24 (1, 4, 0, 68, 0, 36, 0, 24, 4, 4, 0, 175)
25 (1, 4, 0, 48, 0, 34, 0, 23, 4, 4, 0, 238)
26 (1, 4, 0, 21, 0, 37, 0, 22, 4, 4, 0, 193)
27 (1, 4, 0, 10, 0, 38, 0, 20, 4, 4, 0, 137)
28 (1, 4, 0, 0, 0, 40, 0, 21, 4, 4, 0, 50)
29 (1, 4, 0, 0, 0, 40, 0, 15, 4, 3, 0, 164)
30 (1, 4, 0, 0, 0, 41, 0, 14, 4, 3, 0, 100)
31 (1, 4, 2, 0, 0, 42, 0, 13, 4, 3, 0, 63)
0 (1, 4, 0, 73, 0, 0, 0, 0, 0, 0, 0, 251)
1 (1, 4, 0, 31, 0, 0, 0, 0, 0, 0, 0, 174)
2 (1, 4, 0, 147, 0, 0, 3, 0, 0, 0, 0, 77)
3 (1, 4, 153, 321, 0, 0, 14, 0, 0, 0, 0, 246)
4 (1, 4, 384, 646, 0, 0, 24, 0, 0, 0, 0, 86)
5 (1, 4, 417, 873, 0, 0, 11, 0, 0, 0, 0, 133)
6 (1, 4, 707, 873, 0, 0, 13, 0, 0, 0, 0, 192)
7 (1, 4, 435, 703, 0, 0, 33, 20, 0, 0, 0, 80)
8 (1, 4, 173, 521, 0, 0, 0, 41, 0, 0, 0, 181)
9 (1, 4, 75, 365, 0, 0, 0, 39, 0, 0, 0, 95)
10 (1, 4, 63, 262, 0, 19, 0, 30, 0, 0, 0, 114)
11 (1, 4, 273, 0, 17, 33, 0, 97, 0, 0, 0, 180)
12 (1, 4, 0, 26, 0, 59, 0, 0, 0, 0, 0, 6)
13 (1, 4, 21, 26, 25, 44, 0, 1, 0, 0, 0, 242)
14 (1, 4, 0, 0, 0, 46, 0, 14, 0, 0, 0, 11)
15 (1, 4, 0, 19, 2, 49, 0, 6, 0, 0, 0, 37)
16 (1, 4, 0, 27, 0, 50, 0, 11, 0, 0, 0, 216)
17 (1, 4, 0, 29, 0, 50, 0, 8, 0, 0, 0, 9)
18 (1, 4, 0, 48, 0, 49, 0, 7, 0, 0, 0, 207)
19 (1, 4, 0, 53, 0, 47, 0, 12, 0, 0, 0, 97)
20 (1, 4, 0, 44, 0, 45, 0, 12, 0, 0, 0, 56)
21 (1, 4, 0, 37, 0, 43, 0, 11, 0, 0, 0, 111)
22 (1, 4, 0, 33, 0, 46, 0, 10, 0, 0, 0, 9)
23 (1, 4, 0, 24, 0, 46, 0, 11, 0, 0, 0, 115)
24 (1, 4, 0, 20, 0, 44, 0, 10, 0, 0, 0, 251)
25 (1, 4, 0, 11, 0, 45, 0, 9, 0, 0, 0, 82)
26 (1, 4, 0, 3, 0, 46, 0, 10, 0, 0, 0, 166)
27 (1, 4, 0, 0, 0, 47, 0, 8, 0, 0, 0, 216)
28 (1, 4, 0, 0, 0, 47, 0, 7, 0, 0, 0, 33)
29 (1, 4, 0, 0, 0, 51, 0, 8, 0, 0, 0, 171)
0 (1, 4, 29, 107, 0, 0, 0, 0, 3, 2, 0, 130)
1 (1, 4, 0, 224, 0, 0, 0, 0, 3, 2, 0, 78)
2 (1, 4, 206, 251, 0, 0, 0, 0, 3, 2, 0, 140)
3 (1, 4, 63, 422, 0, 0, 0, 0, 3, 2, 0, 226)
4 (1, 4, 139, 606, 0, 0, 0, 0, 3, 2, 0, 82)
5 (1, 4, 527, 873, 0, 0, 0, 0, 3, 2, 0, 63)
6 (1, 4, 457, 758, 0, 0, 81, 2, 2, 2, 0, 136)
7 (1, 4, 216, 577, 0, 0, 120, 67, 2, 2, 0, 235)
8 (1, 4, 806, 0, 0, 0, 85, 224, 3, 3, 0, 235)
9 (1, 4, 0, 93, 88, 67, 0, 34, 2, 3, 0, 237)
10 (1, 4, 183, 0, 7, 23, 0, 0, 2, 3, 0, 80)
11 (1, 4, 16, 15, 0, 39, 0, 23, 3, 3, 0, 64)
12 (1, 4, 0, 0, 0, 55, 0, 29, 3, 3, 0, 181)
13 (1, 4, 0, 21, 7, 45, 0, 6, 3, 3, 0, 48)
14 (1, 4, 0, 28, 5, 44, 0, 6, 3, 3, 0, 6)
15 (1, 4, 0, 31, 0, 47, 0, 16, 3, 3, 0, 42)
16 (1, 4, 0, 48, 0, 48, 0, 6, 3, 3, 0, 20)
17 (1, 4, 0, 58, 0, 47, 0, 10, 3, 3, 0, 7)
18 (1, 4, 0, 65, 0, 44, 0, 13, 3, 3, 0, 126)
19 (1, 4, 0, 62, 0, 46, 0, 13, 3, 3, 0, 209)
20 (1, 4, 0, 64, 0, 43, 0, 11, 3, 3, 0, 90)
21 (1, 4, 0, 65, 0, 44, 0, 13, 3, 3, 0, 126)
22 (1, 4, 0, 58, 0, 47, 0, 11, 3, 3, 0, 216)
23 (1, 4, 0, 62, 0, 44, 0, 12, 3, 3, 0, 48)
24 (1, 4, 0, 55, 0, 44, 0, 10, 3, 3, 0, 250)
25 (1, 4, 0, 51, 0, 43, 0, 11, 3, 3, 0, 162)
26 (1, 4, 0, 44, 0, 45, 0, 10, 3, 3, 0, 239)
27 (1, 4, 0, 38, 0, 42, 0, 12, 3, 3, 0, 160)
28 (1, 4, 0, 24, 0, 43, 0, 13, 3, 3, 0, 199)
29 (1, 4, 0, 14, 0, 44, 0, 12, 3, 3, 0, 147)
30 (1, 4, 0, 3, 0, 44, 0, 11, 3, 3, 0, 92)
31 (1, 4, 0, 0, 0, 45, 0, 11, 3, 3, 0, 155)
0 (1, 4, 0, 55, 0, 0, 0, 0, 0, 0, 0, 223)
1 (1, 4, 0, 70, 0, 0, 0, 0, 1, 1, 0, 67)
2 (1, 4, 0, 99, 0, 0, 0, 0, 1, 1, 0, 238)
3 (1, 4, 0, 73, 0, 0, 0, 0, 2, 2, 0, 233)
4 (1, 4, 0, 117, 0, 0, 0, 0, 3, 2, 0, 65)
5 (1, 4, 0, 206, 0, 0, 0, 0, 4, 2, 0, 161)
6 (1, 4, 117, 248, 0, 0, 0, 0, 4, 2, 0, 45)
7 (1, 4, 77, 331, 0, 0, 0, 0, 3, 2, 0, 204)
8 (1, 4, 137, 394, 0, 0, 0, 0, 3, 2, 0, 95)
9 (1, 4, 164, 514, 6, 0, 0, 0, 3, 2, 0, 53)
10 (1, 4, 112, 618, 22, 0, 0, 0, 3, 2, 0, 252)
11 (1, 4, 666, 762, 0, 0, 0, 0, 2, 2, 0, 195)
12 (1, 4, 731, 621, 0, 0, 105, 23, 2, 2, 0, 73)
13 (1, 4, 254, 452, 0, 0, 46, 146, 2, 4, 0, 126)
14 (1, 4, 43, 0, 0, 95, 84, 70, 4, 6, 0, 91)
15 (1, 4, 135, 0, 36, 23, 0, 0, 3, 2, 0, 59)
16 (1, 4, 24, 35, 0, 49, 0, 23, 3, 3, 0, 46)
17 (1, 4, 0, 0, 0, 51, 0, 18, 3, 3, 0, 48)
18 (1, 4, 4, 0, 10, 49, 0, 0, 3, 3, 0, 207)
19 (1, 4, 0, 8, 4, 51, 0, 11, 3, 3, 0, 59)
20 (1, 4, 0, 11, 7, 52, 0, 17, 3, 3, 0, 133)
21 (1, 4, 0, 16, 0, 47, 0, 4, 3, 3, 0, 61)
22 (1, 4, 0, 31, 1, 47, 0, 7, 3, 3, 0, 126)
23 (1, 4, 0, 13, 0, 48, 0, 14, 3, 3, 0, 129)
24 (1, 4, 0, 18, 1, 50, 0, 9, 3, 3, 0, 232)
25 (1, 4, 0, 8, 0, 46, 0, 10, 3, 3, 0, 214)
26 (1, 4, 0, 11, 0, 50, 0, 10, 3, 3, 0, 125)
27 (1, 4, 0, 9, 1, 48, 0, 8, 3, 3, 0, 3)
28 (1, 4, 0, 5, 0, 47, 0, 7, 3, 3, 0, 85)
29 (1, 4, 0, 8, 0, 47, 0, 7, 3, 3, 0, 137)
30 (1, 4, 0, 0, 0, 49, 0, 9, 3, 3, 0, 81)
31 (1, 4, 0, 4, 0, 48, 0, 7, 3, 2, 0, 217)
0 (1, 4, 657, 873, 0, 0, 0, 0, 3, 2, 0, 158)
1 (1, 4, 723, 750, 0, 0, 213, 7, 2, 2, 0, 173)
2 (1, 4, 189, 406, 0, 0, 261, 160, 2, 2, 0, 136)
3 (1, 4, 50, 78, 0, 0, 101, 68, 1, 2, 0, 203)
4 (1, 4, 0, 38, 0, 30, 0, 29, 1, 2, 0, 97)
5 (1, 4, 39, 0, 0, 44, 0, 32, 1, 1, 0, 86)
6 (1, 4, 0, 0, 0, 48, 0, 7, 1, 1, 0, 122)
7 (1, 4, 0, 0, 0, 41, 0, 2, 1, 1, 0, 192)
8 (1, 4, 0, 9, 0, 49, 0, 0, 1, 1, 0, 112)
9 (1, 4, 0, 42, 0, 51, 0, 0, 1, 1, 0, 84)
10 (1, 4, 0, 55, 6, 45, 0, 2, 1, 1, 0, 108)
11 (1, 4, 0, 30, 5, 42, 0, 5, 1, 1, 0, 93)
12 (1, 4, 0, 30, 12, 48, 0, 7, 1, 1, 0, 253)
13 (1, 4, 1, 13, 1, 44, 0, 7, 1, 1, 0, 79)
14 (1, 4, 0, 10, 0, 47, 0, 6, 1, 1, 0, 41)
15 (1, 4, 0, 11, 0, 43, 0, 5, 1, 1, 0, 134)
16 (1, 4, 5, 9, 0, 46, 0, 5, 1, 1, 0, 190)
17 (1, 4, 2, 14, 0, 49, 0, 4, 1, 1, 0, 27)
18 (1, 4, 0, 11, 0, 46, 0, 3, 1, 1, 0, 41)
19 (1, 4, 3, 15, 0, 47, 0, 3, 1, 1, 0, 254)
20 (1, 4, 7, 19, 0, 45, 0, 7, 1, 1, 0, 133)
21 (1, 4, 5, 8, 0, 46, 0, 7, 1, 1, 0, 178)
22 (1, 4, 2, 0, 0, 48, 0, 5, 1, 1, 0, 223)
23 (1, 4, 7, 0, 0, 46, 0, 6, 1, 1, 0, 194)
24 (1, 4, 0, 0, 0, 47, 0, 5, 1, 1, 0, 145)
25 (1, 4, 0, 0, 0, 48, 0, 0, 1, 1, 0, 105)
26 (1, 4, 0, 0, 0, 50, 0, 0, 1, 1, 0, 87)
27 (1, 4, 0, 0, 0, 51, 0, 0, 1, 1, 0, 72)
28 (1, 4, 0, 0, 0, 50, 0, 0, 1, 1, 0, 87)
0 (1, 4, 0, 79, 0, 0, 0, 5, 0, 0, 0, 230)
1 (1, 4, 2, 66, 0, 0, 6, 7, 1, 0, 0, 236)
2 (1, 4, 9, 20, 0, 0, 3, 14, 1, 1, 0, 31)
3 (1, 4, 0, 6, 5, 0, 1, 0, 1, 1, 0, 115)
4 (1, 4, 34, 0, 3, 0, 0, 0, 2, 2, 0, 12)
5 (1, 4, 24, 0, 0, 0, 0, 0, 3, 2, 0, 158)
6 (1, 4, 0, 139, 0, 0, 0, 0, 3, 2, 0, 100)
7 (1, 4, 61, 238, 0, 0, 0, 0, 4, 2, 0, 2)
8 (1, 4, 170, 527, 0, 0, 19, 0, 4, 2, 0, 235)
9 (1, 4, 282, 788, 0, 0, 0, 0, 3, 2, 0, 19)
10 (1, 4, 723, 873, 0, 0, 90, 0, 3, 2, 0, 167)
11 (1, 4, 621, 835, 0, 0, 39, 0, 2, 2, 0, 118)
12 (1, 4, 471, 475, 0, 0, 51, 43, 2, 2, 0, 123)
13 (1, 4, 149, 414, 0, 0, 28, 66, 2, 2, 0, 117)
14 (1, 4, 135, 235, 0, 11, 0, 90, 1, 2, 0, 194)
15 (1, 4, 79, 20, 0, 45, 0, 69, 2, 3, 0, 242)
16 (1, 4, 35, 0, 2, 60, 0, 25, 3, 3, 0, 227)
17 (1, 4, 0, 26, 20, 51, 0, 14, 2, 2, 0, 235)
18 (1, 4, 0, 23, 0, 48, 0, 9, 2, 2, 0, 36)
19 (1, 4, 0, 18, 0, 50, 0, 16, 3, 3, 0, 154)
20 (1, 4, 1, 19, 0, 48, 0, 22, 3, 3, 0, 211)
21 (1, 4, 0, 11, 4, 50, 0, 18, 3, 3, 0, 26)
22 (1, 4, 0, 13, 0, 51, 0, 14, 3, 2, 0, 203)
23 (1, 4, 0, 18, 0, 47, 0, 14, 3, 2, 0, 104)
24 (1, 4, 0, 19, 0, 47, 0, 16, 3, 2, 0, 40)
25 (1, 4, 0, 13, 0, 49, 0, 16, 3, 2, 0, 0)
26 (1, 4, 0, 15, 0, 50, 0, 15, 3, 2, 0, 102)
27 (1, 4, 0, 12, 0, 50, 0, 13, 3, 2, 0, 7)
28 (1, 4, 0, 20, 0, 50, 0, 13, 3, 2, 0, 213)
29 (1, 4, 0, 19, 0, 48, 0, 16, 3, 2, 0, 122)
0 (1, 4, 0, 0, 23, 0, 0, 0, 1, 1, 0, 237)
1 (1, 4, 0, 14, 12, 0, 0, 0, 1, 1, 0, 145)
2 (1, 4, 0, 65, 22, 0, 4, 0, 1, 1, 0, 172)
3 (1, 4, 0, 81, 45, 0, 0, 0, 2, 1, 0, 14)
4 (1, 4, 0, 168, 0, 0, 0, 0, 2, 2, 0, 28)
5 (1, 4, 116, 381, 0, 0, 0, 0, 3, 2, 0, 129)
6 (1, 4, 153, 475, 0, 0, 9, 0, 4, 2, 0, 121)
7 (1, 4, 242, 604, 6, 0, 14, 0, 3, 2, 0, 78)
8 (1, 4, 708, 749, 0, 0, 42, 0, 3, 2, 0, 193)
9 (1, 4, 815, 873, 0, 0, 70, 0, 2, 1, 0, 46)
10 (1, 4, 791, 558, 0, 0, 87, 23, 1, 1, 0, 135)
11 (1, 4, 233, 461, 0, 0, 66, 48, 1, 1, 0, 115)
12 (1, 4, 119, 248, 0, 0, 0, 73, 2, 2, 0, 10)
13 (1, 4, 121, 40, 0, 26, 0, 57, 2, 2, 0, 187)
14 (1, 4, 6, 0, 5, 40, 0, 40, 2, 2, 0, 216)
15 (1, 4, 0, 0, 5, 46, 0, 8, 2, 2, 0, 31)
16 (1, 4, 0, 0, 0, 43, 0, 0, 2, 2, 0, 92)
17 (1, 4, 0, 34, 0, 38, 0, 0, 2, 1, 0, 213)
18 (1, 4, 0, 47, 0, 39, 0, 0, 2, 1, 0, 22)
19 (1, 4, 0, 60, 1, 43, 0, 0, 2, 1, 0, 191)
20 (1, 4, 0, 56, 0, 44, 0, 4, 2, 1, 0, 217)
21 (1, 4, 0, 47, 8, 41, 0, 0, 2, 1, 0, 16)
22 (1, 4, 0, 44, 0, 35, 0, 0, 2, 1, 0, 178)
23 (1, 4, 0, 29, 0, 37, 0, 4, 2, 1, 0, 147)
24 (1, 4, 0, 22, 0, 40, 0, 9, 2, 1, 0, 35)
25 (1, 4, 0, 0, 0, 42, 0, 7, 2, 1, 0, 237)
26 (1, 4, 0, 0, 1, 39, 0, 2, 2, 1, 0, 72)
27 (1, 4, 0, 0, 1, 39, 0, 0, 2, 1, 0, 241)
28 (1, 4, 0, 0, 0, 40, 0, 0, 2, 1, 0, 192)
29 (1, 4, 5, 0, 0, 41, 0, 0, 2, 1, 0, 233)
0 (1, 4, 0, 37, 291, 0, 0, 0, 1, 1, 0, 194)
1 (1, 4, 0, 0, 164, 0, 0, 2, 1, 1, 0, 159)
2 (1, 4, 69, 0, 27, 0, 0, 0, 1, 1, 0, 176)
3 (1, 4, 0, 16, 0, 0, 0, 0, 1, 1, 0, 22)
4 (1, 4, 0, 81, 0, 0, 0, 0, 1, 1, 0, 32)
5 (1, 4, 0, 185, 0, 0, 0, 0, 2, 1, 0, 117)
6 (1, 4, 22, 449, 0, 0, 0, 0, 2, 2, 0, 122)
7 (1, 4, 295, 873, 0, 0, 52, 0, 2, 1, 0, 58)
8 (1, 4, 734, 873, 0, 0, 76, 0, 2, 1, 0, 170)
9 (1, 4, 873, 696, 0, 0, 210, 9, 2, 2, 0, 234)
10 (1, 4, 0, 558, 0, 0, 150, 103, 2, 2, 0, 48)
11 (1, 4, 567, 0, 0, 0, 49, 126, 4, 5, 0, 216)
12 (1, 4, 0, 146, 49, 54, 0, 22, 4, 4, 0, 1)
13 (1, 4, 118, 0, 0, 30, 0, 0, 3, 2, 0, 201)
14 (1, 4, 0, 71, 0, 67, 0, 0, 3, 2, 0, 123)
15 (1, 4, 0, 64, 0, 47, 0, 22, 3, 3, 0, 181)
16 (1, 4, 14, 19, 0, 56, 0, 16, 3, 3, 0, 189)
17 (1, 4, 0, 39, 16, 47, 0, 15, 3, 3, 0, 111)
18 (1, 4, 21, 10, 0, 50, 0, 5, 3, 2, 0, 140)
19 (1, 4, 0, 20, 3, 53, 0, 7, 3, 3, 0, 11)
20 (1, 4, 0, 25, 1, 48, 0, 12, 3, 3, 0, 23)
21 (1, 4, 1, 7, 0, 46, 0, 14, 3, 3, 0, 28)
22 (1, 4, 3, 4, 0, 48, 0, 9, 3, 3, 0, 134)
23 (1, 4, 0, 0, 1, 49, 0, 12, 3, 3, 0, 111)
24 (1, 4, 0, 0, 0, 50, 0, 13, 3, 3, 0, 5)
25 (1, 4, 0, 0, 0, 51, 0, 10, 3, 3, 0, 9)
26 (1, 4, 0, 0, 0, 53, 0, 9, 3, 3, 0, 45)
27 (1, 4, 0, 0, 0, 51, 0, 9, 3, 3, 0, 111)
28 (1, 4, 0, 0, 4, 50, 0, 7, 3, 3, 0, 8)
29 (1, 4, 0, 0, 1, 51, 0, 8, 3, 3, 0, 36)
0 (1, 4, 0, 0, 10, 42, 0, 15, 1, 1, 0, 50)
1 (1, 4, 0, 0, 33, 33, 0, 14, 1, 1, 0, 205)
2 (1, 4, 0, 0, 82, 30, 0, 12, 1, 1, 0, 14)
3 (1, 4, 70, 0, 127, 20, 0, 7, 1, 1, 0, 97)
4 (1, 4, 84, 0, 250, 16, 0, 0, 1, 1, 0, 201)
5 (1, 4, 45, 0, 320, 0, 0, 1, 1, 1, 0, 143)
6 (1, 4, 59, 0, 362, 0, 0, 0, 1, 1, 0, 249)
7 (1, 4, 94, 0, 419, 0, 0, 2, 1, 1, 0, 26)
8 (1, 4, 179, 0, 382, 0, 0, 12, 1, 1, 0, 34)
9 (1, 4, 350, 0, 366, 0, 0, 32, 1, 1, 0, 124)
10 (1, 4, 0, 0, 441, 0, 0, 17, 1, 1, 0, 126)
11 (1, 4, 0, 50, 499, 0, 0, 30, 1, 1, 0, 33)
12 (1, 4, 0, 4, 583, 0, 7, 13, 1, 1, 0, 33)
13 (1, 4, 0, 18, 627, 0, 0, 11, 1, 1, 0, 140)
14 (1, 4, 0, 0, 384, 0, 0, 0, 1, 1, 0, 219)
15 (1, 4, 0, 0, 46, 0, 0, 0, 1, 1, 0, 68)
16 (1, 4, 30, 11, 0, 0, 12, 19, 1, 1, 0, 63)
17 (1, 4, 38, 0, 0, 0, 22, 9, 1, 1, 0, 53)
18 (1, 4, 0, 25, 24, 0, 7, 9, 1, 1, 0, 142)
19 (1, 4, 0, 34, 0, 0, 0, 14, 1, 1, 0, 254)
20 (1, 4, 0, 58, 0, 0, 2, 3, 1, 1, 0, 158)
21 (1, 4, 0, 132, 0, 0, 0, 3, 2, 1, 0, 108)
22 (1, 4, 0, 150, 0, 0, 0, 0, 2, 2, 0, 187)
23 (1, 4, 0, 243, 0, 0, 0, 0, 3, 2, 0, 247)
24 (1, 4, 14, 347, 0, 0, 19, 0, 3, 2, 0, 56)
25 (1, 4, 153, 411, 0, 0, 51, 0, 3, 2, 0, 104)
26 (1, 4, 393, 630, 0, 0, 8, 0, 2, 2, 0, 158)
27 (1, 4, 617, 873, 0, 0, 88, 0, 2, 1, 0, 212)
28 (1, 4, 873, 873, 0, 0, 108, 89, 2, 1, 0, 30)
29 (1, 4, 548, 0, 0, 30, 387, 515, 4, 12, 0, 37)

