0 (1, 4, 0, 57, 0, 0, 0, 32, 0, 0, 0, 122)
1 (1, 4, 0, 190, 0, 0, 0, 0, 0, 0, 0, 216)
2 (1, 4, 0, 387, 0, 0, 0, 0, 0, 0, 0, 66)
3 (1, 4, 0, 873, 54, 0, 1, 0, 0, 0, 0, 152)
4 (1, 4, 0, 873, 285, 0, 22, 0, 0, 0, 0, 209)
5 (1, 4, 383, 559, 393, 92, 0, 0, 0, 0, 0, 20)
6 (1, 4, 0, 604, 409, 173, 2, 0, 0, 0, 0, 238)
7 (1, 4, 242, 0, 340, 62, 0, 60, 0, 0, 0, 23)
8 (1, 4, 0, 0, 288, 0, 133, 42, 0, 0, 0, 129)
9 (1, 4, 0, 0, 0, 0, 28, 0, 0, 0, 0, 217)
10 (1, 4, 150, 71, 0, 0, 24, 0, 0, 0, 0, 106)
11 (1, 4, 0, 381, 0, 0, 0, 16, 0, 0, 0, 180)
12 (1, 4, 18, 77, 0, 0, 0, 0, 0, 0, 0, 221)
13 (1, 4, 0, 33, 41, 0, 0, 0, 0, 0, 0, 223)
14 (1, 4, 64, 32, 0, 0, 0, 0, 0, 0, 0, 53)
15 (1, 4, 0, 0, 0, 0, 0, 0, 0, 0, 0, 126)
16 (1, 4, 27, 0, 0, 0, 0, 0, 0, 0, 0, 252)
17 (1, 4, 51, 0, 0, 0, 0, 0, 0, 0, 0, 75)
18 (1, 4, 39, 0, 0, 0, 0, 0, 0, 0, 0, 147)
19 (1, 4, 91, 0, 0, 0, 0, 0, 0, 0, 0, 117)
20 (1, 4, 80, 0, 4, 0, 0, 0, 0, 0, 0, 73)
21 (1, 4, 11, 0, 2, 0, 0, 0, 0, 0, 0, 51)
22 (1, 4, 0, 0, 0, 0, 0, 0, 0, 0, 0, 126)
23 (1, 4, 0, 0, 0, 0, 0, 0, 0, 0, 0, 126)
24 (1, 4, 0, 17, 11, 0, 0, 0, 0, 0, 0, 173)
25 (1, 4, 0, 15, 2, 0, 0, 0, 0, 0, 0, 224)
26 (1, 4, 0, 2, 0, 0, 0, 0, 0, 0, 0, 19)
27 (1, 4, 0, 0, 0, 0, 0, 0, 0, 0, 0, 126)
28 (1, 4, 0, 18, 0, 0, 0, 0, 0, 0, 0, 114)
29 (1, 4, 14, 14, 0, 0, 0, 0, 0, 0, 0, 46)
30 (1, 4, 0, 8, 0, 0, 0, 0, 0, 0, 0, 205)
31 (1, 4, 0, 1, 0, 0, 0, 0, 0, 0, 0, 203)
0 (1, 4, 45, 149, 0, 0, 0, 0, 0, 0, 0, 240)
1 (1, 4, 69, 154, 0, 0, 0, 0, 0, 0, 0, 127)
2 (1, 4, 15, 160, 0, 0, 0, 0, 1, 1, 0, 238)
3 (1, 4, 77, 154, 0, 0, 0, 0, 1, 1, 0, 6)
4 (1, 4, 53, 249, 0, 0, 0, 0, 1, 1, 0, 65)
5 (1, 4, 204, 396, 0, 0, 0, 0, 1, 1, 0, 46)
6 (1, 4, 223, 539, 0, 0, 0, 0, 1, 1, 0, 150)
7 (1, 4, 331, 686, 0, 0, 0, 0, 1, 1, 0, 148)
8 (1, 4, 424, 868, 0, 0, 70, 0, 1, 1, 0, 111)
9 (1, 4, 171, 873, 176, 0, 87, 150, 1, 1, 0, 186)
10 (1, 4, 0, 0, 0, 0, 22, 501, 2, 2, 0, 198)
11 (1, 4, 0, 0, 0, 0, 192, 105, 2, 1, 0, 46)
12 (1, 4, 0, 0, 0, 0, 336, 0, 4, 0, 0, 125)
13 (1, 4, 780, 0, 0, 0, 0, 0, 2, 0, 0, 244)
14 (1, 4, 0, 0, 0, 0, 0, 0, 0, 1, 0, 21)
15 (1, 4, 26, 181, 28, 0, 6, 0, 0, 0, 0, 179)
16 (1, 4, 0, 91, 0, 0, 0, 0, 0, 0, 0, 247)
17 (1, 4, 31, 110, 11, 0, 1, 0, 0, 0, 0, 255)
18 (1, 4, 0, 73, 0, 3, 0, 0, 0, 0, 0, 218)
19 (1, 4, 22, 37, 14, 0, 0, 0, 1, 0, 0, 184)
20 (1, 4, 0, 53, 2, 0, 0, 0, 1, 0, 0, 255)
21 (1, 4, 44, 39, 17, 10, 0, 0, 0, 0, 0, 28)
22 (1, 4, 40, 14, 1, 11, 0, 0, 0, 0, 0, 128)
23 (1, 4, 0, 7, 0, 19, 0, 0, 0, 0, 0, 170)
24 (1, 4, 14, 25, 20, 16, 0, 0, 1, 0, 0, 249)
25 (1, 4, 0, 0, 0, 18, 0, 0, 0, 0, 0, 183)
26 (1, 4, 10, 0, 0, 14, 0, 0, 1, 0, 0, 202)
27 (1, 4, 0, 14, 0, 9, 0, 0, 0, 0, 0, 157)
28 (1, 4, 14, 6, 0, 8, 4, 0, 1, 0, 0, 228)
29 (1, 4, 9, 10, 0, 6, 0, 0, 0, 0, 0, 156)
30 (1, 4, 12, 27, 0, 17, 0, 0, 0, 0, 0, 212)
31 (1, 4, 12, 14, 0, 19, 0, 0, 0, 0, 0, 228)
0 (1, 4, 412, 0, 0, 0, 0, 0, 0, 0, 0, 193)
1 (1, 4, 0, 0, 0, 0, 0, 0, 0, 0, 0, 126)
2 (1, 4, 0, 0, 0, 0, 0, 0, 0, 0, 0, 126)
3 (1, 4, 0, 280, 0, 10, 17, 0, 1, 0, 0, 17)
4 (1, 4, 0, 558, 0, 21, 30, 48, 0, 0, 0, 198)
5 (1, 4, 268, 276, 7, 74, 290, 409, 1, 2, 0, 129)
6 (1, 4, 0, 0, 48, 0, 231, 443, 1, 0, 0, 139)
7 (1, 4, 0, 0, 512, 0, 289, 0, 3, 0, 0, 5)
8 (1, 4, 0, 0, 0, 0, 71, 0, 0, 0, 0, 12)
9 (1, 4, 158, 51, 69, 0, 0, 0, 0, 0, 0, 149)
10 (1, 4, 0, 24, 0, 0, 0, 0, 0, 0, 0, 172)
11 (1, 4, 40, 17, 0, 0, 0, 0, 0, 0, 0, 29)
12 (1, 4, 44, 37, 0, 0, 0, 0, 0, 0, 0, 92)
13 (1, 4, 21, 19, 13, 0, 0, 0, 0, 0, 0, 103)
14 (1, 4, 14, 0, 0, 0, 0, 0, 0, 0, 0, 42)
15 (1, 4, 0, 27, 0, 0, 1, 0, 0, 0, 0, 13)
16 (1, 4, 0, 32, 0, 0, 0, 0, 0, 0, 0, 188)
17 (1, 4, 0, 41, 0, 0, 0, 0, 0, 0, 0, 186)
18 (1, 4, 0, 2, 0, 1, 0, 0, 0, 0, 0, 12)
19 (1, 4, 21, 28, 0, 0, 0, 0, 0, 0, 0, 160)
20 (1, 4, 0, 0, 0, 0, 3, 0, 0, 0, 0, 245)
21 (1, 4, 0, 0, 5, 0, 0, 0, 0, 0, 0, 180)
22 (1, 4, 56, 0, 0, 0, 0, 0, 0, 0, 0, 41)
23 (1, 4, 26, 18, 0, 0, 0, 0, 0, 0, 0, 254)
24 (1, 4, 0, 0, 0, 0, 0, 0, 0, 0, 0, 126)
25 (1, 4, 10, 0, 0, 0, 0, 0, 0, 0, 0, 18)
26 (1, 4, 0, 0, 0, 0, 0, 0, 0, 0, 0, 126)
27 (1, 4, 0, 0, 0, 0, 0, 0, 0, 0, 0, 126)
28 (1, 4, 0, 13, 0, 0, 0, 0, 0, 0, 0, 162)
29 (1, 4, 4, 0, 0, 0, 0, 0, 0, 0, 0, 70)
30 (1, 4, 12, 1, 0, 0, 0, 0, 0, 0, 0, 131)
31 (1, 4, 19, 0, 0, 0, 0, 0, 0, 0, 0, 140)
0 (1, 4, 566, 102, 0, 0, 0, 0, 0, 0, 0, 143)
1 (1, 4, 653, 224, 0, 0, 0, 0, 0, 1, 0, 2)
2 (1, 4, 639, 245, 0, 0, 0, 0, 0, 1, 0, 171)
3 (1, 4, 540, 217, 0, 0, 19, 0, 0, 0, 0, 57)
4 (1, 4, 252, 0, 0, 0, 0, 66, 0, 0, 0, 113)
5 (1, 4, 182, 0, 0, 0, 0, 0, 0, 0, 0, 104)
6 (1, 4, 0, 0, 0, 0, 90, 0, 4, 1, 0, 54)
7 (1, 4, 0, 0, 0, 0, 62, 0, 1, 1, 0, 47)
8 (1, 4, 428, 0, 0, 0, 225, 0, 3, 0, 0, 26)
9 (1, 4, 157, 0, 0, 0, 101, 0, 1, 0, 0, 34)
10 (1, 4, 0, 95, 74, 0, 0, 0, 0, 0, 0, 69)
11 (1, 4, 0, 92, 0, 0, 12, 0, 0, 0, 0, 215)
12 (1, 4, 98, 103, 32, 0, 0, 0, 0, 0, 0, 145)
13 (1, 4, 92, 0, 0, 0, 0, 0, 0, 0, 0, 95)
14 (1, 4, 113, 0, 0, 0, 0, 0, 0, 0, 0, 222)
15 (1, 4, 50, 0, 0, 0, 0, 0, 0, 0, 0, 69)
16 (1, 4, 17, 0, 0, 0, 0, 0, 1, 0, 0, 242)
17 (1, 4, 8, 0, 0, 0, 0, 0, 1, 0, 0, 108)
18 (1, 4, 0, 0, 7, 0, 0, 0, 1, 0, 0, 249)
19 (1, 4, 0, 0, 5, 0, 0, 0, 0, 0, 0, 180)
20 (1, 4, 0, 0, 30, 0, 0, 0, 0, 0, 0, 204)
21 (1, 4, 0, 24, 27, 0, 0, 0, 0, 0, 0, 212)
22 (1, 4, 0, 35, 21, 0, 0, 0, 0, 0, 0, 209)
23 (1, 4, 0, 0, 3, 0, 0, 0, 0, 0, 0, 197)
24 (1, 4, 0, 0, 0, 0, 0, 0, 0, 0, 0, 126)
25 (1, 4, 0, 0, 0, 0, 0, 0, 0, 0, 0, 126)
26 (1, 4, 15, 0, 0, 0, 0, 0, 0, 0, 0, 36)
27 (1, 4, 5, 0, 0, 0, 0, 0, 0, 0, 0, 72)
28 (1, 4, 0, 12, 16, 0, 0, 0, 0, 0, 0, 104)
29 (1, 4, 0, 63, 59, 0, 0, 0, 0, 0, 0, 234)
30 (1, 4, 0, 79, 65, 0, 0, 0, 0, 0, 0, 35)
31 (1, 4, 0, 85, 57, 0, 0, 0, 0, 0, 0, 90)
0 (1, 4, 0, 0, 0, 0, 0, 0, 1, 0, 0, 28)
1 (1, 4, 13, 0, 0, 0, 0, 0, 0, 0, 0, 56)
2 (1, 4, 13, 0, 4, 0, 0, 0, 0, 0, 0, 102)
3 (1, 4, 41, 0, 0, 0, 0, 0, 0, 0, 0, 199)
4 (1, 4, 14, 0, 0, 0, 0, 0, 0, 0, 0, 42)
5 (1, 4, 207, 0, 0, 0, 0, 0, 0, 0, 0, 184)
6 (1, 4, 234, 0, 48, 0, 0, 0, 1, 0, 0, 170)
7 (1, 4, 268, 58, 86, 0, 0, 0, 1, 0, 0, 222)
8 (1, 4, 367, 291, 0, 0, 22, 0, 1, 0, 0, 97)
9 (1, 4, 424, 208, 19, 0, 0, 0, 1, 0, 0, 155)
10 (1, 4, 448, 245, 328, 0, 0, 0, 1, 1, 0, 189)
11 (1, 4, 873, 873, 342, 0, 0, 0, 0, 0, 0, 143)
12 (1, 4, 873, 873, 0, 0, 0, 0, 0, 0, 0, 39)
13 (1, 4, 487, 873, 0, 0, 18, 8, 0, 0, 0, 255)
14 (1, 4, 339, 733, 0, 0, 0, 53, 0, 0, 0, 45)
15 (1, 4, 349, 491, 0, 0, 0, 35, 0, 0, 0, 90)
16 (1, 4, 180, 378, 0, 0, 0, 35, 0, 0, 0, 168)
17 (1, 4, 0, 588, 0, 0, 0, 55, 1, 0, 0, 90)
18 (1, 4, 0, 788, 0, 12, 60, 100, 0, 0, 0, 82)
19 (1, 4, 0, 529, 0, 0, 78, 305, 1, 1, 0, 32)
20 (1, 4, 0, 0, 0, 0, 276, 242, 1, 1, 0, 6)
21 (1, 4, 0, 0, 0, 0, 302, 0, 2, 0, 0, 116)
22 (1, 4, 225, 0, 721, 0, 59, 0, 3, 0, 0, 20)
23 (1, 4, 0, 0, 0, 0, 62, 0, 0, 0, 0, 38)
24 (1, 4, 202, 0, 254, 0, 0, 0, 0, 0, 0, 200)
25 (1, 4, 43, 215, 83, 0, 0, 0, 0, 0, 0, 5)
26 (1, 4, 123, 117, 0, 0, 0, 0, 0, 0, 0, 253)
27 (1, 4, 34, 94, 0, 0, 2, 0, 0, 0, 0, 177)
28 (1, 4, 0, 72, 0, 0, 0, 0, 0, 0, 0, 78)
29 (1, 4, 0, 18, 0, 0, 17, 0, 0, 0, 0, 142)
30 (1, 4, 0, 0, 0, 0, 5, 0, 0, 0, 0, 228)
31 (1, 4, 0, 0, 0, 0, 10, 0, 0, 0, 0, 77)
0 (1, 4, 0, 19, 0, 0, 0, 0, 0, 0, 0, 199)
1 (1, 4, 0, 0, 0, 0, 0, 0, 0, 0, 0, 126)
2 (1, 4, 0, 0, 0, 0, 0, 0, 0, 0, 0, 126)
3 (1, 4, 28, 0, 0, 0, 0, 0, 0, 0, 0, 214)
4 (1, 4, 114, 0, 0, 0, 0, 0, 0, 0, 0, 204)
5 (1, 4, 219, 105, 0, 0, 0, 0, 0, 0, 0, 39)
6 (1, 4, 407, 94, 0, 0, 0, 0, 0, 0, 0, 69)
7 (1, 4, 516, 0, 0, 0, 0, 2, 0, 0, 0, 251)
8 (1, 4, 406, 0, 72, 0, 0, 0, 0, 0, 0, 234)
9 (1, 4, 143, 0, 0, 0, 0, 0, 0, 0, 0, 49)
10 (1, 4, 0, 0, 0, 0, 0, 0, 0, 0, 0, 126)
11 (1, 4, 0, 0, 0, 0, 0, 29, 0, 0, 0, 237)
12 (1, 4, 15, 0, 0, 0, 0, 7, 1, 0, 0, 85)
13 (1, 4, 0, 0, 0, 0, 276, 0, 3, 1, 0, 198)
14 (1, 4, 369, 0, 0, 0, 121, 0, 2, 1, 0, 89)
15 (1, 4, 0, 329, 50, 0, 92, 0, 1, 1, 0, 4)
16 (1, 4, 42, 149, 0, 0, 43, 0, 0, 1, 0, 246)
17 (1, 4, 0, 139, 44, 0, 15, 0, 0, 1, 0, 202)
18 (1, 4, 0, 2, 0, 0, 0, 0, 0, 0, 0, 19)
19 (1, 4, 0, 50, 19, 0, 17, 0, 1, 1, 0, 129)
20 (1, 4, 0, 83, 17, 0, 3, 0, 1, 0, 0, 70)
21 (1, 4, 0, 34, 66, 0, 35, 0, 1, 0, 0, 225)
22 (1, 4, 0, 28, 24, 0, 8, 0, 1, 0, 0, 22)
23 (1, 4, 8, 28, 30, 0, 11, 0, 0, 0, 0, 254)
24 (1, 4, 51, 33, 38, 0, 6, 0, 0, 0, 0, 162)
25 (1, 4, 26, 44, 71, 0, 5, 0, 1, 0, 0, 191)
26 (1, 4, 0, 16, 48, 0, 16, 0, 1, 0, 0, 121)
27 (1, 4, 0, 0, 41, 0, 15, 0, 1, 0, 0, 99)
28 (1, 4, 53, 0, 53, 0, 8, 0, 1, 0, 0, 135)
29 (1, 4, 39, 0, 27, 0, 2, 0, 1, 0, 0, 123)
30 (1, 4, 39, 0, 0, 0, 1, 0, 1, 0, 0, 136)
31 (1, 4, 6, 1, 0, 0, 10, 0, 1, 0, 0, 190)
0 (1, 4, 6, 0, 26, 0, 13, 0, 1, 0, 0, 143)
1 (1, 4, 0, 0, 35, 0, 16, 0, 1, 0, 0, 220)
2 (1, 4, 0, 0, 29, 0, 14, 0, 1, 0, 0, 197)
3 (1, 4, 18, 0, 32, 0, 13, 0, 1, 0, 0, 69)
4 (1, 4, 20, 1, 42, 0, 6, 0, 0, 0, 0, 111)
5 (1, 4, 33, 0, 25, 0, 6, 0, 0, 0, 0, 241)
6 (1, 4, 56, 0, 29, 0, 18, 0, 0, 0, 0, 87)
7 (1, 4, 170, 0, 63, 0, 20, 0, 1, 0, 0, 28)
8 (1, 4, 401, 0, 70, 0, 4, 0, 0, 0, 0, 238)
9 (1, 4, 730, 0, 98, 0, 4, 0, 0, 0, 0, 163)
10 (1, 4, 338, 0, 482, 0, 68, 0, 1, 0, 0, 20)
11 (1, 4, 227, 0, 590, 0, 0, 0, 1, 0, 0, 217)
12 (1, 4, 622, 296, 0, 0, 0, 0, 1, 1, 0, 253)
13 (1, 4, 608, 873, 193, 0, 27, 0, 1, 1, 0, 3)
14 (1, 4, 819, 873, 61, 0, 0, 0, 1, 0, 0, 183)
15 (1, 4, 679, 772, 0, 0, 0, 0, 0, 1, 0, 27)
16 (1, 4, 343, 873, 0, 0, 2, 0, 0, 0, 0, 162)
17 (1, 4, 80, 873, 0, 0, 0, 0, 0, 0, 0, 120)
18 (1, 4, 26, 873, 136, 0, 29, 114, 0, 1, 0, 235)
19 (1, 4, 0, 0, 0, 0, 14, 292, 0, 0, 0, 83)
20 (1, 4, 0, 0, 0, 0, 134, 141, 1, 0, 0, 243)
21 (1, 4, 0, 0, 0, 0, 214, 0, 4, 2, 0, 157)
22 (1, 4, 0, 0, 34, 0, 201, 0, 6, 1, 0, 25)
23 (1, 4, 214, 0, 0, 0, 55, 0, 0, 2, 0, 16)
24 (1, 4, 0, 0, 66, 0, 0, 0, 1, 1, 0, 163)
25 (1, 4, 0, 94, 81, 0, 22, 0, 2, 1, 0, 179)
26 (1, 4, 45, 23, 55, 0, 20, 0, 1, 1, 0, 151)
27 (1, 4, 116, 72, 88, 0, 1, 0, 1, 1, 0, 144)
28 (1, 4, 23, 36, 31, 0, 2, 0, 1, 1, 0, 113)
29 (1, 4, 0, 0, 9, 0, 4, 0, 1, 1, 0, 188)
30 (1, 4, 0, 0, 0, 0, 0, 0, 1, 1, 0, 119)
31 (1, 4, 0, 0, 0, 0, 29, 0, 1, 1, 0, 169)
0 (1, 4, 370, 339, 40, 0, 19, 0, 1, 1, 0, 84)
1 (1, 4, 555, 502, 0, 0, 7, 0, 1, 1, 0, 205)
2 (1, 4, 679, 668, 0, 0, 1, 0, 0, 1, 0, 84)
3 (1, 4, 462, 804, 0, 0, 9, 0, 0, 1, 0, 87)
4 (1, 4, 445, 813, 0, 0, 0, 0, 0, 1, 0, 85)
5 (1, 4, 338, 824, 0, 0, 18, 0, 0, 1, 0, 45)
6 (1, 4, 194, 845, 0, 0, 0, 31, 0, 0, 0, 163)
7 (1, 4, 159, 768, 6, 0, 0, 94, 0, 0, 0, 56)
8 (1, 4, 0, 568, 0, 0, 0, 161, 0, 0, 0, 87)
9 (1, 4, 0, 0, 0, 0, 80, 270, 1, 0, 0, 140)
10 (1, 4, 0, 0, 0, 0, 171, 163, 1, 1, 0, 73)
11 (1, 4, 0, 0, 0, 0, 316, 0, 7, 2, 0, 56)
12 (1, 4, 0, 0, 0, 0, 72, 0, 2, 2, 0, 183)
13 (1, 4, 59, 35, 90, 37, 0, 0, 0, 1, 0, 215)
14 (1, 4, 0, 0, 32, 0, 0, 0, 1, 1, 0, 137)
15 (1, 4, 0, 0, 22, 0, 0, 0, 1, 1, 0, 121)
16 (1, 4, 36, 7, 18, 0, 0, 0, 1, 1, 0, 218)
17 (1, 4, 0, 44, 0, 0, 2, 0, 1, 1, 0, 46)
18 (1, 4, 0, 51, 0, 0, 4, 0, 1, 1, 0, 239)
19 (1, 4, 0, 56, 0, 0, 0, 0, 1, 1, 0, 103)
20 (1, 4, 0, 20, 0, 0, 4, 0, 1, 1, 0, 47)
21 (1, 4, 0, 11, 0, 0, 9, 0, 1, 1, 0, 164)
22 (1, 4, 0, 0, 0, 0, 12, 0, 1, 1, 0, 85)
23 (1, 4, 0, 0, 4, 4, 0, 0, 1, 1, 0, 85)
24 (1, 4, 0, 0, 0, 4, 0, 0, 1, 1, 0, 11)
25 (1, 4, 0, 0, 0, 0, 0, 0, 1, 1, 0, 119)
26 (1, 4, 0, 0, 0, 0, 5, 0, 1, 1, 0, 237)
27 (1, 4, 29, 1, 0, 0, 1, 0, 1, 1, 0, 29)
28 (1, 4, 0, 11, 0, 0, 3, 0, 1, 1, 0, 151)
29 (1, 4, 4, 10, 0, 0, 6, 0, 1, 1, 0, 128)
30 (1, 4, 1, 9, 0, 0, 10, 0, 1, 1, 0, 76)
31 (1, 4, 0, 12, 0, 0, 7, 0, 1, 1, 0, 118)
0 (1, 4, 593, 0, 252, 0, 0, 0, 1, 0, 0, 22)
1 (1, 4, 555, 0, 418, 0, 0, 0, 0, 0, 0, 162)
2 (1, 4, 732, 0, 524, 0, 0, 0, 0, 0, 0, 22)
3 (1, 4, 752, 139, 274, 0, 0, 0, 0, 0, 0, 166)
4 (1, 4, 652, 271, 0, 0, 0, 0, 0, 0, 0, 115)
5 (1, 4, 224, 201, 0, 0, 0, 27, 0, 0, 0, 254)
6 (1, 4, 102, 0, 0, 0, 0, 20, 0, 0, 0, 178)
7 (1, 4, 90, 0, 0, 0, 0, 8, 0, 0, 0, 145)
8 (1, 4, 0, 0, 0, 0, 0, 8, 0, 0, 0, 148)
9 (1, 4, 0, 220, 0, 0, 32, 73, 0, 0, 0, 137)
10 (1, 4, 34, 0, 0, 0, 14, 402, 1, 0, 0, 222)
11 (1, 4, 0, 0, 0, 0, 308, 0, 2, 0, 0, 194)
12 (1, 4, 0, 0, 0, 0, 200, 0, 1, 0, 0, 243)
13 (1, 4, 0, 0, 0, 0, 200, 0, 0, 0, 0, 145)
14 (1, 4, 57, 305, 81, 0, 67, 0, 0, 0, 0, 85)
15 (1, 4, 0, 123, 111, 0, 0, 0, 0, 0, 0, 105)
16 (1, 4, 0, 9, 55, 0, 24, 0, 0, 0, 0, 88)
17 (1, 4, 78, 31, 11, 0, 16, 0, 0, 0, 0, 241)
18 (1, 4, 66, 57, 57, 0, 4, 0, 0, 0, 0, 4)
19 (1, 4, 90, 55, 46, 0, 18, 0, 0, 0, 0, 158)
20 (1, 4, 49, 42, 58, 0, 11, 0, 0, 0, 0, 19)
21 (1, 4, 3, 0, 0, 0, 5, 0, 0, 0, 0, 246)
22 (1, 4, 0, 0, 14, 0, 6, 0, 0, 0, 0, 162)
23 (1, 4, 0, 0, 17, 0, 15, 0, 0, 0, 0, 60)
24 (1, 4, 11, 0, 57, 0, 3, 0, 0, 0, 0, 62)
25 (1, 4, 5, 0, 36, 0, 13, 0, 0, 0, 0, 179)
26 (1, 4, 2, 0, 39, 0, 0, 0, 0, 0, 0, 121)
27 (1, 4, 0, 0, 1, 0, 8, 0, 0, 0, 0, 43)
28 (1, 4, 0, 0, 2, 0, 11, 0, 0, 0, 0, 27)
29 (1, 4, 0, 0, 4, 0, 5, 0, 0, 0, 0, 186)
30 (1, 4, 0, 0, 0, 0, 8, 0, 0, 0, 0, 191)
31 (1, 4, 54, 2, 0, 0, 18, 0, 0, 0, 0, 103)
0 (1, 4, 155, 324, 0, 2, 0, 33, 0, 0, 0, 21)
1 (1, 4, 217, 0, 0, 0, 22, 151, 0, 0, 0, 162)
2 (1, 4, 0, 0, 0, 0, 0, 249, 0, 0, 0, 246)
3 (1, 4, 0, 0, 0, 0, 64, 100, 0, 0, 0, 245)
4 (1, 4, 0, 0, 0, 0, 116, 0, 0, 0, 0, 15)
5 (1, 4, 0, 0, 0, 0, 502, 0, 1, 0, 0, 184)
6 (1, 4, 692, 145, 0, 0, 262, 0, 0, 0, 0, 167)
7 (1, 4, 0, 13, 0, 0, 3, 0, 0, 0, 0, 41)
8 (1, 4, 0, 85, 0, 0, 33, 0, 0, 0, 0, 135)
9 (1, 4, 0, 95, 0, 0, 46, 0, 0, 0, 0, 240)
10 (1, 4, 46, 79, 0, 0, 60, 0, 0, 0, 0, 117)
11 (1, 4, 27, 84, 0, 0, 33, 0, 0, 0, 0, 176)
12 (1, 4, 54, 50, 0, 0, 31, 0, 0, 0, 0, 159)
13 (1, 4, 0, 41, 0, 0, 13, 0, 0, 0, 0, 225)
14 (1, 4, 0, 10, 0, 0, 33, 0, 0, 0, 0, 212)
15 (1, 4, 0, 0, 0, 0, 33, 0, 0, 0, 0, 10)
16 (1, 4, 19, 0, 6, 0, 33, 0, 0, 0, 0, 137)
17 (1, 4, 40, 0, 0, 0, 28, 0, 0, 0, 0, 110)
18 (1, 4, 0, 0, 0, 0, 34, 0, 0, 0, 0, 129)
19 (1, 4, 11, 0, 7, 0, 31, 0, 0, 0, 0, 213)
20 (1, 4, 0, 0, 18, 0, 24, 0, 0, 0, 0, 106)
21 (1, 4, 0, 0, 13, 0, 28, 0, 0, 0, 0, 175)
22 (1, 4, 0, 19, 29, 0, 32, 0, 0, 0, 0, 195)
23 (1, 4, 0, 27, 30, 0, 23, 0, 0, 0, 0, 43)
24 (1, 4, 43, 30, 23, 0, 27, 0, 0, 0, 0, 235)
25 (1, 4, 36, 35, 25, 0, 27, 0, 0, 0, 0, 3)
26 (1, 4, 49, 40, 36, 0, 27, 0, 0, 0, 0, 73)
27 (1, 4, 11, 32, 34, 0, 26, 0, 0, 0, 0, 185)
28 (1, 4, 0, 29, 19, 0, 20, 0, 0, 0, 0, 97)
29 (1, 4, 0, 29, 15, 0, 26, 0, 0, 0, 0, 44)
30 (1, 4, 0, 34, 14, 0, 20, 0, 0, 0, 0, 122)
0 (1, 4, 745, 0, 104, 0, 11, 0, 0, 0, 0, 172)
1 (1, 4, 873, 0, 396, 0, 0, 0, 1, 0, 0, 100)
2 (1, 4, 873, 242, 365, 0, 0, 0, 0, 0, 0, 42)
3 (1, 4, 873, 873, 0, 0, 16, 0, 0, 0, 0, 162)
4 (1, 4, 127, 468, 0, 0, 0, 99, 0, 0, 0, 212)
5 (1, 4, 51, 0, 0, 0, 1, 26, 0, 0, 0, 178)
6 (1, 4, 0, 0, 0, 0, 114, 0, 1, 0, 0, 124)
7 (1, 4, 93, 243, 0, 0, 63, 116, 0, 0, 0, 203)
8 (1, 4, 693, 0, 0, 0, 93, 55, 0, 0, 0, 219)
9 (1, 4, 0, 0, 0, 0, 123, 0, 1, 0, 0, 196)
10 (1, 4, 0, 0, 0, 0, 416, 0, 1, 0, 0, 54)
11 (1, 4, 319, 0, 0, 0, 210, 0, 0, 0, 0, 88)
12 (1, 4, 15, 0, 57, 37, 143, 0, 0, 0, 0, 154)
13 (1, 4, 0, 101, 82, 4, 0, 0, 0, 0, 0, 135)
14 (1, 4, 0, 51, 0, 0, 24, 0, 0, 0, 0, 65)
15 (1, 4, 74, 163, 2, 0, 34, 0, 0, 0, 0, 80)
16 (1, 4, 0, 134, 46, 0, 18, 0, 0, 0, 0, 140)
17 (1, 4, 72, 101, 22, 0, 15, 0, 0, 0, 0, 14)
18 (1, 4, 0, 68, 38, 0, 16, 0, 0, 0, 0, 45)
19 (1, 4, 24, 45, 9, 0, 12, 0, 0, 0, 0, 250)
20 (1, 4, 0, 39, 12, 0, 18, 0, 0, 0, 0, 43)
21 (1, 4, 6, 8, 0, 0, 16, 0, 0, 0, 0, 108)
22 (1, 4, 0, 28, 7, 0, 17, 0, 0, 0, 0, 111)
23 (1, 4, 23, 4, 0, 0, 23, 0, 0, 0, 0, 131)
24 (1, 4, 0, 0, 12, 0, 18, 0, 0, 0, 0, 235)
25 (1, 4, 2, 0, 7, 0, 18, 0, 0, 0, 0, 240)
26 (1, 4, 0, 0, 11, 0, 20, 0, 0, 0, 0, 31)
27 (1, 4, 6, 0, 20, 0, 17, 0, 0, 0, 0, 135)
28 (1, 4, 0, 0, 26, 0, 21, 0, 0, 0, 0, 141)
29 (1, 4, 31, 0, 47, 0, 31, 0, 0, 0, 0, 79)
30 (1, 4, 2, 0, 104, 0, 37, 0, 0, 0, 0, 76)
31 (1, 4, 61, 0, 141, 0, 47, 0, 0, 0, 0, 60)
0 (1, 4, 42, 0, 68, 0, 15, 0, 0, 0, 0, 217)
1 (1, 4, 80, 0, 36, 0, 13, 0, 0, 0, 0, 236)
2 (1, 4, 66, 0, 15, 0, 27, 0, 0, 0, 0, 125)
3 (1, 4, 27, 0, 9, 0, 26, 0, 0, 0, 0, 98)
4 (1, 4, 18, 0, 7, 0, 32, 0, 0, 0, 0, 106)
5 (1, 4, 37, 10, 42, 0, 47, 0, 0, 0, 0, 152)
6 (1, 4, 0, 7, 83, 0, 38, 0, 0, 0, 0, 95)
7 (1, 4, 147, 0, 68, 0, 44, 0, 0, 0, 0, 19)
8 (1, 4, 72, 23, 108, 0, 20, 0, 0, 0, 0, 101)
9 (1, 4, 51, 35, 47, 0, 0, 0, 0, 0, 0, 246)
10 (1, 4, 13, 47, 13, 0, 2, 0, 0, 0, 0, 207)
11 (1, 4, 0, 6, 2, 0, 8, 0, 0, 0, 0, 39)
12 (1, 4, 45, 0, 0, 0, 19, 0, 0, 0, 0, 241)
13 (1, 4, 58, 0, 0, 0, 24, 0, 0, 0, 0, 113)
14 (1, 4, 231, 0, 33, 0, 38, 0, 0, 0, 0, 121)
15 (1, 4, 425, 0, 164, 0, 31, 0, 0, 0, 0, 173)
16 (1, 4, 850, 0, 343, 0, 0, 0, 1, 0, 0, 83)
17 (1, 4, 873, 262, 123, 0, 0, 0, 0, 0, 0, 103)
18 (1, 4, 668, 564, 0, 0, 0, 0, 0, 0, 0, 115)
19 (1, 4, 462, 680, 0, 0, 0, 0, 0, 0, 0, 9)
20 (1, 4, 299, 759, 0, 0, 0, 0, 0, 0, 0, 55)
21 (1, 4, 126, 873, 0, 0, 0, 0, 0, 0, 0, 235)
22 (1, 4, 24, 873, 0, 0, 0, 0, 0, 0, 0, 129)
23 (1, 4, 92, 873, 0, 0, 0, 41, 0, 0, 0, 164)
24 (1, 4, 0, 847, 0, 0, 0, 150, 0, 0, 0, 241)
25 (1, 4, 0, 93, 0, 0, 26, 212, 0, 0, 0, 159)
26 (1, 4, 0, 0, 0, 0, 81, 206, 0, 0, 0, 113)
27 (1, 4, 0, 0, 0, 0, 312, 0, 3, 0, 0, 130)
28 (1, 4, 0, 0, 0, 0, 138, 0, 1, 0, 0, 27)
29 (1, 4, 233, 0, 93, 6, 0, 0, 0, 0, 0, 235)
30 (1, 4, 0, 0, 0, 2, 0, 0, 0, 0, 0, 64)
31 (1, 4, 0, 0, 0, 0, 17, 0, 0, 0, 0, 130)
0 (1, 4, 10, 873, 0, 0, 0, 10, 0, 0, 0, 46)
1 (1, 4, 32, 873, 0, 0, 0, 62, 0, 0, 0, 130)
2 (1, 4, 39, 682, 0, 0, 0, 119, 0, 0, 0, 103)
3 (1, 4, 0, 346, 0, 0, 51, 196, 0, 0, 0, 30)
4 (1, 4, 0, 0, 0, 0, 127, 172, 0, 0, 0, 241)
5 (1, 4, 0, 0, 0, 0, 139, 162, 1, 0, 0, 240)
6 (1, 4, 796, 0, 19, 0, 289, 0, 3, 0, 0, 213)
7 (1, 4, 0, 0, 31, 0, 29, 0, 0, 0, 0, 134)
8 (1, 4, 0, 93, 119, 5, 0, 0, 0, 0, 0, 188)
9 (1, 4, 0, 0, 82, 0, 0, 0, 0, 0, 0, 213)
10 (1, 4, 59, 0, 75, 0, 0, 0, 0, 0, 0, 199)
11 (1, 4, 58, 9, 46, 0, 0, 0, 0, 0, 0, 0)
12 (1, 4, 0, 46, 0, 0, 22, 0, 0, 0, 0, 44)
13 (1, 4, 0, 35, 0, 0, 25, 0, 0, 0, 0, 89)
14 (1, 4, 0, 37, 0, 0, 20, 0, 0, 0, 0, 181)
15 (1, 4, 28, 9, 0, 9, 5, 0, 0, 0, 0, 173)
16 (1, 4, 0, 35, 0, 12, 11, 0, 0, 0, 0, 170)
17 (1, 4, 0, 36, 0, 12, 11, 0, 0, 0, 0, 168)
18 (1, 4, 0, 25, 0, 13, 18, 0, 0, 0, 0, 245)
19 (1, 4, 34, 22, 7, 11, 10, 0, 0, 0, 0, 124)
20 (1, 4, 32, 0, 13, 13, 10, 0, 0, 0, 0, 103)
21 (1, 4, 14, 0, 1, 9, 7, 0, 0, 0, 0, 49)
22 (1, 4, 17, 10, 0, 8, 5, 0, 0, 0, 0, 44)
23 (1, 4, 12, 19, 0, 11, 5, 0, 0, 0, 0, 204)
24 (1, 4, 6, 18, 0, 8, 6, 0, 0, 0, 0, 191)
25 (1, 4, 0, 13, 0, 2, 10, 0, 0, 0, 0, 175)
26 (1, 4, 10, 16, 0, 0, 7, 0, 0, 0, 0, 27)
27 (1, 4, 0, 13, 0, 0, 8, 0, 0, 0, 0, 99)
28 (1, 4, 0, 5, 0, 10, 8, 0, 0, 0, 0, 22)
29 (1, 4, 0, 0, 0, 16, 13, 0, 0, 0, 0, 210)
0 (1, 4, 371, 0, 51, 0, 0, 0, 0, 0, 0, 250)
1 (1, 4, 649, 0, 50, 0, 0, 0, 1, 0, 0, 221)
2 (1, 4, 308, 230, 7, 0, 0, 0, 1, 1, 0, 120)
3 (1, 4, 24, 424, 42, 0, 0, 0, 1, 1, 0, 31)
4 (1, 4, 0, 376, 0, 0, 0, 0, 2, 1, 0, 167)
5 (1, 4, 0, 423, 0, 17, 0, 0, 2, 1, 0, 29)
6 (1, 4, 0, 624, 0, 36, 0, 0, 1, 1, 0, 15)
7 (1, 4, 0, 654, 122, 38, 0, 0, 1, 1, 0, 253)
8 (1, 4, 0, 544, 177, 48, 0, 0, 0, 1, 0, 224)
9 (1, 4, 0, 349, 75, 78, 0, 0, 1, 1, 0, 63)
10 (1, 4, 0, 521, 81, 41, 0, 14, 1, 1, 0, 132)
11 (1, 4, 0, 873, 320, 0, 29, 176, 0, 1, 0, 250)
12 (1, 4, 0, 0, 0, 0, 4, 324, 1, 0, 0, 230)
13 (1, 4, 0, 0, 0, 0, 399, 0, 4, 0, 0, 127)
14 (1, 4, 365, 0, 158, 0, 227, 0, 1, 0, 0, 253)
15 (1, 4, 0, 0, 146, 0, 0, 0, 0, 0, 0, 223)
16 (1, 4, 0, 11, 65, 0, 0, 0, 0, 0, 0, 122)
17 (1, 4, 42, 41, 87, 0, 0, 0, 0, 0, 0, 112)
18 (1, 4, 15, 19, 61, 0, 1, 0, 0, 0, 0, 19)
19 (1, 4, 0, 0, 21, 0, 20, 0, 0, 0, 0, 173)
20 (1, 4, 0, 0, 0, 0, 27, 0, 0, 0, 0, 177)
21 (1, 4, 37, 0, 0, 0, 19, 0, 0, 0, 0, 129)
22 (1, 4, 0, 4, 0, 0, 15, 0, 0, 0, 0, 13)
23 (1, 4, 0, 0, 0, 0, 17, 0, 0, 0, 0, 130)
24 (1, 4, 0, 0, 0, 0, 21, 0, 0, 0, 0, 97)
25 (1, 4, 0, 0, 0, 0, 23, 0, 0, 0, 0, 147)
26 (1, 4, 0, 38, 0, 0, 22, 0, 0, 0, 0, 159)
27 (1, 4, 0, 58, 0, 0, 21, 0, 0, 0, 0, 28)
28 (1, 4, 0, 63, 0, 0, 34, 0, 0, 0, 0, 147)
29 (1, 4, 0, 110, 0, 0, 37, 0, 0, 0, 0, 172)
30 (1, 4, 0, 95, 0, 0, 35, 0, 0, 0, 0, 171)
31 (1, 4, 12, 89, 0, 0, 39, 0, 0, 0, 0, 183)
0 (1, 4, 276, 375, 0, 0, 0, 0, 0, 0, 0, 99)
1 (1, 4, 138, 511, 0, 16, 0, 0, 0, 0, 0, 133)
2 (1, 4, 98, 700, 0, 15, 0, 0, 0, 0, 0, 143)
3 (1, 4, 211, 862, 14, 0, 14, 48, 0, 0, 0, 177)
4 (1, 4, 293, 769, 252, 0, 0, 116, 0, 0, 0, 59)
5 (1, 4, 247, 266, 147, 0, 0, 166, 0, 0, 0, 6)
6 (1, 4, 21, 0, 0, 0, 0, 144, 0, 0, 0, 241)
7 (1, 4, 0, 0, 0, 0, 41, 258, 0, 0, 0, 91)
8 (1, 4, 0, 0, 0, 0, 157, 143, 1, 0, 0, 133)
9 (1, 4, 0, 0, 0, 0, 317, 0, 2, 0, 0, 122)
10 (1, 4, 315, 0, 0, 36, 124, 0, 0, 0, 0, 28)
11 (1, 4, 0, 52, 0, 0, 0, 0, 0, 0, 0, 7)
12 (1, 4, 0, 27, 29, 20, 0, 0, 0, 0, 0, 246)
13 (1, 4, 0, 31, 16, 26, 3, 0, 0, 0, 0, 107)
14 (1, 4, 0, 81, 40, 9, 5, 0, 0, 0, 0, 22)
15 (1, 4, 0, 61, 23, 35, 3, 0, 0, 0, 0, 216)
16 (1, 4, 38, 41, 41, 25, 0, 0, 0, 0, 0, 159)
17 (1, 4, 44, 3, 29, 26, 0, 0, 0, 0, 0, 17)
18 (1, 4, 0, 0, 35, 22, 0, 0, 0, 0, 0, 142)
19 (1, 4, 13, 0, 7, 7, 0, 0, 0, 0, 0, 128)
20 (1, 4, 0, 0, 2, 16, 0, 0, 0, 0, 0, 166)
21 (1, 4, 0, 0, 10, 16, 0, 0, 0, 0, 0, 26)
22 (1, 4, 0, 0, 0, 14, 0, 0, 0, 0, 0, 196)
23 (1, 4, 0, 0, 0, 16, 0, 0, 0, 0, 0, 137)
24 (1, 4, 0, 0, 0, 2, 0, 0, 0, 0, 0, 64)
25 (1, 4, 0, 0, 0, 8, 7, 0, 0, 0, 0, 238)
26 (1, 4, 0, 0, 0, 3, 0, 0, 0, 0, 0, 95)
27 (1, 4, 0, 8, 0, 4, 13, 0, 0, 0, 0, 234)
28 (1, 4, 5, 7, 0, 0, 4, 0, 0, 0, 0, 169)
29 (1, 4, 28, 13, 0, 0, 3, 0, 0, 0, 0, 129)
30 (1, 4, 4, 11, 0, 2, 0, 0, 0, 0, 0, 19)
31 (1, 4, 0, 17, 0, 3, 8, 0, 0, 0, 0, 74)
0 (1, 4, 64, 31, 0, 8, 25, 0, 0, 0, 0, 226)
1 (1, 4, 14, 28, 0, 7, 24, 0, 0, 0, 0, 59)
2 (1, 4, 59, 30, 5, 0, 23, 0, 0, 0, 0, 121)
3 (1, 4, 50, 17, 0, 3, 17, 0, 0, 0, 0, 76)
4 (1, 4, 164, 0, 0, 2, 20, 0, 0, 0, 0, 204)
5 (1, 4, 314, 0, 32, 0, 14, 0, 0, 0, 0, 25)
6 (1, 4, 536, 0, 179, 0, 0, 0, 0, 0, 0, 33)
7 (1, 4, 654, 0, 450, 0, 2, 0, 0, 0, 0, 177)
8 (1, 4, 399, 0, 844, 0, 0, 0, 1, 0, 0, 175)
9 (1, 4, 0, 0, 597, 0, 0, 0, 1, 0, 0, 232)
10 (1, 4, 0, 25, 132, 0, 0, 0, 1, 0, 0, 212)
11 (1, 4, 0, 223, 0, 0, 0, 0, 1, 1, 0, 37)
12 (1, 4, 0, 202, 0, 0, 0, 0, 1, 1, 0, 43)
13 (1, 4, 116, 57, 0, 0, 0, 0, 1, 1, 0, 68)
14 (1, 4, 144, 79, 0, 0, 0, 0, 2, 1, 0, 22)
15 (1, 4, 43, 125, 0, 0, 0, 0, 2, 1, 0, 136)
16 (1, 4, 274, 132, 0, 0, 0, 0, 2, 1, 0, 244)
17 (1, 4, 124, 89, 0, 0, 0, 0, 1, 1, 0, 117)
18 (1, 4, 0, 133, 0, 0, 0, 0, 1, 1, 0, 25)
19 (1, 4, 0, 302, 0, 4, 0, 0, 1, 1, 0, 40)
20 (1, 4, 86, 381, 0, 35, 0, 0, 1, 1, 0, 235)
21 (1, 4, 225, 545, 0, 76, 0, 0, 0, 1, 0, 171)
22 (1, 4, 140, 825, 0, 52, 2, 19, 0, 0, 0, 139)
23 (1, 4, 24, 873, 84, 0, 34, 147, 0, 0, 0, 155)
24 (1, 4, 0, 0, 0, 0, 0, 473, 1, 0, 0, 28)
25 (1, 4, 0, 0, 0, 0, 210, 135, 1, 0, 0, 220)
26 (1, 4, 0, 0, 0, 0, 477, 0, 2, 0, 0, 89)
27 (1, 4, 0, 20, 0, 0, 158, 0, 0, 0, 0, 164)
28 (1, 4, 179, 0, 59, 18, 0, 0, 0, 0, 0, 17)
29 (1, 4, 0, 0, 0, 0, 5, 0, 0, 0, 0, 228)
30 (1, 4, 0, 83, 0, 0, 27, 0, 0, 0, 0, 139)
31 (1, 4, 0, 48, 0, 0, 31, 0, 0, 0, 0, 241)
0 (1, 4, 112, 0, 0, 0, 20, 0, 0, 0, 0, 182)
1 (1, 4, 193, 0, 0, 0, 13, 0, 0, 0, 0, 183)
2 (1, 4, 500, 0, 0, 0, 0, 0, 0, 0, 0, 255)
3 (1, 4, 873, 0, 0, 0, 0, 0, 0, 0, 0, 72)
4 (1, 4, 873, 0, 43, 0, 0, 0, 1, 0, 0, 211)
5 (1, 4, 873, 138, 99, 0, 0, 0, 0, 0, 0, 41)
6 (1, 4, 324, 873, 225, 0, 16, 66, 0, 0, 0, 187)
7 (1, 4, 0, 266, 0, 0, 0, 94, 0, 0, 0, 245)
8 (1, 4, 0, 0, 0, 0, 0, 46, 0, 0, 0, 249)
9 (1, 4, 0, 167, 0, 0, 0, 20, 0, 0, 0, 25)
10 (1, 4, 0, 186, 0, 0, 0, 8, 0, 0, 0, 232)
11 (1, 4, 0, 220, 0, 0, 0, 4, 0, 0, 0, 129)
12 (1, 4, 0, 155, 0, 0, 0, 0, 0, 0, 0, 117)
13 (1, 4, 0, 105, 0, 0, 0, 0, 1, 0, 0, 91)
14 (1, 4, 0, 317, 0, 0, 0, 0, 0, 0, 0, 228)
15 (1, 4, 25, 409, 0, 0, 0, 0, 0, 0, 0, 99)
16 (1, 4, 52, 518, 0, 24, 0, 0, 0, 0, 0, 20)
17 (1, 4, 92, 555, 0, 32, 0, 17, 0, 0, 0, 222)
18 (1, 4, 167, 336, 2, 36, 0, 68, 0, 0, 0, 11)
19 (1, 4, 121, 262, 134, 8, 0, 112, 0, 0, 0, 179)
20 (1, 4, 4, 0, 9, 0, 0, 157, 0, 0, 0, 119)
21 (1, 4, 0, 0, 0, 0, 0, 89, 0, 0, 0, 221)
22 (1, 4, 0, 0, 0, 0, 0, 42, 0, 0, 0, 140)
23 (1, 4, 0, 0, 0, 0, 86, 0, 0, 0, 0, 240)
24 (1, 4, 0, 0, 0, 0, 155, 0, 0, 0, 0, 133)
25 (1, 4, 179, 0, 0, 0, 53, 0, 0, 0, 0, 76)
26 (1, 4, 0, 0, 0, 0, 145, 0, 0, 0, 0, 182)
27 (1, 4, 273, 115, 130, 0, 57, 0, 0, 0, 0, 132)
28 (1, 4, 0, 62, 11, 0, 31, 0, 0, 0, 0, 242)
29 (1, 4, 51, 99, 51, 0, 30, 0, 0, 0, 0, 189)
30 (1, 4, 0, 115, 20, 0, 26, 0, 0, 0, 0, 17)
31 (1, 4, 10, 133, 39, 0, 31, 0, 0, 0, 0, 75)
0 (1, 4, 616, 76, 57, 0, 0, 0, 1, 0, 0, 101)
1 (1, 4, 657, 474, 74, 0, 0, 0, 1, 0, 0, 83)
2 (1, 4, 738, 538, 0, 0, 0, 0, 0, 0, 0, 79)
3 (1, 4, 873, 420, 0, 0, 0, 0, 0, 0, 0, 180)
4 (1, 4, 328, 273, 0, 0, 0, 9, 0, 0, 0, 129)
5 (1, 4, 208, 322, 0, 0, 0, 18, 0, 0, 0, 99)
6 (1, 4, 189, 451, 0, 0, 0, 18, 0, 0, 0, 223)
7 (1, 4, 149, 607, 0, 0, 0, 46, 0, 0, 0, 164)
8 (1, 4, 196, 553, 0, 0, 0, 78, 0, 0, 0, 176)
9 (1, 4, 72, 234, 0, 0, 0, 111, 0, 0, 0, 4)
10 (1, 4, 0, 0, 0, 0, 0, 118, 0, 0, 0, 133)
11 (1, 4, 0, 0, 0, 0, 11, 65, 0, 0, 0, 174)
12 (1, 4, 0, 0, 0, 0, 8, 14, 0, 0, 0, 153)
13 (1, 4, 0, 0, 0, 0, 41, 0, 0, 0, 0, 203)
14 (1, 4, 0, 0, 0, 0, 75, 0, 0, 0, 0, 46)
15 (1, 4, 0, 0, 0, 0, 81, 0, 0, 0, 0, 152)
16 (1, 4, 0, 0, 0, 0, 131, 0, 1, 0, 0, 163)
17 (1, 4, 0, 0, 131, 0, 116, 0, 0, 0, 0, 69)
18 (1, 4, 0, 0, 0, 0, 99, 0, 0, 0, 0, 226)
19 (1, 4, 71, 92, 37, 0, 43, 0, 0, 0, 0, 37)
20 (1, 4, 81, 144, 19, 0, 33, 0, 0, 0, 0, 201)
21 (1, 4, 53, 132, 36, 0, 28, 0, 0, 0, 0, 179)
22 (1, 4, 19, 67, 0, 0, 15, 0, 0, 0, 0, 126)
23 (1, 4, 5, 10, 0, 0, 38, 0, 0, 0, 0, 138)
24 (1, 4, 0, 0, 0, 0, 27, 0, 0, 0, 0, 177)
25 (1, 4, 0, 0, 0, 0, 27, 0, 0, 0, 0, 177)
26 (1, 4, 0, 0, 0, 0, 31, 0, 0, 0, 0, 82)
27 (1, 4, 0, 0, 0, 0, 32, 0, 0, 0, 0, 115)
28 (1, 4, 0, 0, 0, 0, 29, 0, 0, 0, 0, 160)
29 (1, 4, 0, 11, 0, 0, 28, 0, 0, 0, 0, 178)
30 (1, 4, 0, 33, 0, 0, 25, 0, 0, 0, 0, 52)
31 (1, 4, 0, 36, 0, 0, 16, 0, 0, 0, 0, 227)
0 (1, 4, 0, 37, 0, 0, 40, 0, 0, 0, 0, 31)
1 (1, 4, 0, 41, 0, 0, 48, 0, 0, 0, 0, 50)
2 (1, 4, 0, 39, 0, 0, 43, 0, 0, 0, 0, 249)
3 (1, 4, 6, 45, 0, 0, 33, 0, 0, 0, 0, 48)
4 (1, 4, 74, 0, 0, 0, 28, 0, 0, 0, 0, 60)
5 (1, 4, 349, 0, 0, 0, 25, 0, 0, 0, 0, 110)
6 (1, 4, 441, 0, 0, 0, 37, 0, 0, 0, 0, 167)
7 (1, 4, 312, 0, 67, 0, 47, 0, 0, 0, 0, 207)
8 (1, 4, 183, 0, 111, 0, 64, 0, 1, 0, 0, 66)
9 (1, 4, 0, 0, 202, 0, 57, 0, 1, 0, 0, 181)
10 (1, 4, 495, 0, 100, 0, 0, 0, 1, 0, 0, 68)
11 (1, 4, 778, 566, 74, 0, 0, 0, 1, 1, 0, 172)
12 (1, 4, 873, 873, 368, 0, 0, 0, 0, 0, 0, 0)
13 (1, 4, 873, 745, 0, 0, 0, 0, 0, 0, 0, 195)
14 (1, 4, 739, 570, 0, 0, 0, 0, 0, 0, 0, 131)
15 (1, 4, 322, 296, 0, 0, 0, 4, 0, 0, 0, 8)
16 (1, 4, 230, 258, 0, 0, 0, 4, 0, 0, 0, 252)
17 (1, 4, 236, 184, 0, 11, 0, 2, 0, 0, 0, 28)
18 (1, 4, 204, 148, 0, 25, 0, 15, 0, 0, 0, 249)
19 (1, 4, 148, 145, 37, 28, 0, 31, 0, 0, 0, 11)
20 (1, 4, 130, 105, 71, 22, 0, 39, 0, 0, 0, 41)
21 (1, 4, 149, 44, 137, 0, 0, 52, 0, 0, 0, 200)
22 (1, 4, 135, 4, 158, 0, 0, 61, 0, 0, 0, 234)
23 (1, 4, 55, 0, 78, 0, 0, 73, 0, 0, 0, 53)
24 (1, 4, 0, 0, 0, 0, 0, 52, 0, 0, 0, 121)
25 (1, 4, 0, 0, 0, 0, 0, 50, 0, 0, 0, 181)
26 (1, 4, 0, 0, 0, 0, 0, 20, 0, 0, 0, 216)
27 (1, 4, 0, 0, 0, 0, 0, 0, 0, 0, 0, 126)
28 (1, 4, 0, 0, 0, 0, 9, 0, 0, 0, 0, 198)
29 (1, 4, 0, 0, 0, 0, 60, 0, 0, 0, 0, 212)
30 (1, 4, 0, 0, 0, 0, 75, 0, 0, 0, 0, 46)
31 (1, 4, 0, 0, 0, 0, 80, 0, 0, 0, 0, 225)
0 (1, 4, 520, 0, 0, 0, 0, 0, 0, 0, 0, 10)
1 (1, 4, 434, 0, 0, 0, 38, 0, 0, 0, 0, 78)
2 (1, 4, 391, 0, 0, 0, 0, 0, 0, 0, 0, 67)
3 (1, 4, 553, 7, 0, 0, 45, 0, 1, 1, 0, 158)
4 (1, 4, 377, 295, 97, 0, 72, 0, 1, 1, 0, 202)
5 (1, 4, 534, 644, 600, 0, 0, 0, 2, 1, 0, 133)
6 (1, 4, 873, 873, 402, 0, 0, 0, 1, 0, 0, 185)
7 (1, 4, 873, 873, 0, 0, 0, 0, 0, 0, 0, 39)
8 (1, 4, 568, 873, 0, 0, 0, 0, 0, 0, 0, 66)
9 (1, 4, 473, 873, 0, 0, 0, 0, 0, 0, 0, 17)
10 (1, 4, 176, 873, 0, 0, 0, 5, 0, 0, 0, 137)
11 (1, 4, 77, 588, 0, 0, 0, 70, 0, 0, 0, 31)
12 (1, 4, 9, 311, 0, 0, 0, 69, 0, 0, 0, 171)
13 (1, 4, 0, 94, 0, 4, 0, 77, 0, 0, 0, 225)
14 (1, 4, 0, 0, 0, 30, 0, 47, 0, 0, 0, 107)
15 (1, 4, 0, 0, 0, 45, 0, 44, 0, 0, 0, 50)
16 (1, 4, 0, 0, 0, 67, 0, 27, 0, 0, 0, 213)
17 (1, 4, 0, 0, 0, 60, 0, 46, 0, 0, 0, 99)
18 (1, 4, 0, 0, 0, 35, 0, 106, 0, 0, 0, 1)
19 (1, 4, 0, 0, 0, 0, 20, 147, 0, 0, 0, 39)
20 (1, 4, 0, 0, 0, 0, 59, 85, 0, 0, 0, 128)
21 (1, 4, 0, 0, 0, 0, 85, 0, 0, 0, 0, 123)
22 (1, 4, 0, 0, 0, 0, 142, 0, 1, 0, 0, 248)
23 (1, 4, 144, 0, 0, 0, 26, 0, 0, 0, 0, 61)
24 (1, 4, 0, 0, 0, 0, 0, 0, 0, 0, 0, 126)
25 (1, 4, 0, 0, 0, 0, 19, 0, 0, 0, 0, 112)
26 (1, 4, 0, 93, 7, 0, 24, 0, 0, 0, 0, 225)
27 (1, 4, 16, 139, 0, 0, 21, 0, 0, 0, 0, 235)
28 (1, 4, 8, 169, 39, 0, 27, 0, 0, 0, 0, 31)
29 (1, 4, 0, 147, 48, 0, 12, 0, 0, 0, 0, 101)
30 (1, 4, 0, 70, 24, 0, 24, 0, 0, 0, 0, 205)
31 (1, 4, 0, 40, 29, 0, 20, 0, 0, 0, 0, 96)

