1 (1, 4, 0, 0, 0, 0, 0, 51, 2, 2, 0, 120)
2 (1, 4, 0, 0, 0, 0, 0, 0, 2, 2, 0, 108)
3 (1, 4, 0, 0, 0, 0, 0, 0, 2, 3, 0, 7)
4 (1, 4, 0, 27, 0, 0, 0, 0, 2, 2, 0, 102)
5 (1, 4, 0, 254, 0, 0, 35, 6, 1, 2, 0, 165)
6 (1, 4, 0, 362, 0, 0, 84, 78, 1, 2, 0, 175)
7 (1, 4, 0, 317, 0, 20, 146, 130, 1, 2, 0, 171)
8 (1, 4, 0, 0, 130, 93, 226, 255, 1, 2, 0, 56)
9 (1, 4, 193, 0, 437, 210, 14, 194, 1, 2, 0, 168)
10 (1, 4, 361, 0, 373, 214, 0, 130, 1, 2, 0, 235)
11 (1, 4, 39, 0, 154, 64, 0, 0, 1, 2, 0, 239)
12 (1, 4, 0, 0, 0, 0, 0, 0, 1, 2, 0, 202)
13 (1, 4, 0, 163, 0, 0, 0, 0, 1, 1, 0, 108)
14 (1, 4, 0, 5, 0, 0, 83, 0, 1, 1, 0, 12)
15 (1, 4, 0, 132, 0, 0, 72, 14, 2, 1, 0, 247)
16 (1, 4, 0, 142, 102, 19, 50, 0, 2, 1, 0, 12)
17 (1, 4, 0, 333, 287, 16, 12, 0, 2, 1, 0, 197)
18 (1, 4, 39, 543, 415, 1, 21, 35, 2, 1, 0, 108)
19 (1, 4, 0, 611, 551, 0, 37, 55, 2, 1, 0, 210)
20 (1, 4, 68, 603, 725, 0, 14, 95, 2, 1, 0, 158)
21 (1, 4, 0, 554, 745, 0, 0, 105, 2, 0, 0, 220)
22 (1, 4, 0, 289, 715, 0, 12, 74, 2, 0, 0, 171)
23 (1, 4, 0, 298, 871, 0, 0, 116, 2, 0, 0, 6)
24 (1, 4, 0, 0, 379, 0, 0, 25, 2, 0, 0, 124)
25 (1, 4, 0, 40, 0, 0, 0, 7, 2, 0, 0, 216)
26 (1, 4, 0, 142, 0, 0, 0, 19, 2, 0, 0, 10)
27 (1, 4, 122, 91, 0, 0, 0, 27, 2, 0, 0, 174)
28 (1, 4, 105, 14, 0, 0, 0, 32, 2, 0, 0, 47)
29 (1, 4, 7, 10, 49, 0, 0, 38, 2, 0, 0, 54)
30 (1, 4, 94, 12, 56, 0, 0, 47, 2, 0, 0, 139)
31 (1, 4, 103, 0, 0, 0, 0, 39, 2, 0, 0, 108)
32 (1, 4, 67, 0, 0, 0, 0, 26, 2, 0, 0, 161)
1 (1, 4, 0, 0, 0, 0, 0, 61, 1, 1, 0, 69)
2 (1, 4, 0, 0, 0, 0, 0, 71, 1, 1, 0, 33)
3 (1, 4, 0, 0, 0, 0, 0, 12, 1, 2, 0, 85)
4 (1, 4, 145, 0, 0, 0, 0, 18, 2, 2, 0, 253)
5 (1, 4, 0, 0, 0, 0, 0, 13, 1, 1, 0, 55)
6 (1, 4, 0, 0, 0, 0, 0, 16, 2, 2, 0, 191)
7 (1, 4, 0, 0, 0, 0, 0, 0, 2, 1, 0, 209)
8 (1, 4, 0, 128, 0, 0, 48, 0, 2, 2, 0, 229)
9 (1, 4, 0, 308, 0, 0, 74, 32, 2, 2, 0, 120)
10 (1, 4, 93, 169, 0, 34, 260, 180, 2, 2, 0, 44)
11 (1, 4, 38, 63, 453, 161, 187, 121, 2, 2, 0, 175)
12 (1, 4, 358, 0, 593, 208, 0, 126, 2, 2, 0, 48)
13 (1, 4, 71, 0, 543, 108, 0, 19, 1, 1, 0, 69)
14 (1, 4, 0, 0, 0, 3, 0, 0, 2, 1, 0, 240)
15 (1, 4, 0, 0, 0, 0, 0, 0, 2, 1, 0, 209)
16 (1, 4, 0, 76, 0, 0, 8, 0, 1, 1, 0, 92)
17 (1, 4, 0, 134, 0, 19, 65, 27, 2, 1, 0, 141)
18 (1, 4, 0, 48, 108, 28, 75, 0, 2, 1, 0, 182)
19 (1, 4, 0, 220, 344, 31, 33, 1, 2, 1, 0, 199)
20 (1, 4, 0, 287, 500, 3, 0, 24, 2, 1, 0, 116)
21 (1, 4, 0, 374, 529, 0, 0, 48, 2, 1, 0, 128)
22 (1, 4, 263, 620, 657, 0, 0, 90, 1, 1, 0, 223)
23 (1, 4, 276, 508, 658, 0, 18, 114, 1, 1, 0, 226)
24 (1, 4, 108, 648, 873, 0, 17, 104, 2, 1, 0, 144)
25 (1, 4, 0, 421, 564, 0, 56, 30, 2, 1, 0, 65)
26 (1, 4, 0, 408, 623, 0, 0, 36, 2, 0, 0, 190)
27 (1, 4, 50, 0, 324, 0, 0, 3, 2, 1, 0, 116)
28 (1, 4, 286, 0, 0, 0, 0, 0, 2, 1, 0, 103)
29 (1, 4, 0, 20, 0, 0, 25, 3, 2, 1, 0, 49)
30 (1, 4, 0, 155, 0, 0, 18, 19, 2, 0, 0, 115)
31 (1, 4, 0, 84, 0, 0, 7, 31, 1, 0, 0, 102)
32 (1, 4, 14, 0, 0, 0, 0, 32, 2, 1, 0, 36)
1 (1, 4, 0, 0, 0, 0, 8, 27, 1, 2, 0, 84)
2 (1, 4, 0, 0, 0, 0, 7, 40, 1, 2, 0, 233)
3 (1, 4, 0, 0, 0, 0, 0, 33, 1, 2, 0, 180)
4 (1, 4, 0, 0, 0, 0, 0, 39, 2, 2, 0, 222)
5 (1, 4, 0, 104, 0, 0, 0, 39, 2, 2, 0, 44)
6 (1, 4, 0, 205, 0, 0, 0, 77, 1, 2, 0, 145)
7 (1, 4, 0, 0, 0, 0, 0, 43, 1, 2, 0, 231)
8 (1, 4, 0, 0, 0, 0, 0, 4, 2, 2, 0, 25)
9 (1, 4, 0, 0, 0, 0, 0, 1, 2, 2, 0, 179)
10 (1, 4, 0, 0, 0, 0, 0, 0, 2, 2, 0, 108)
11 (1, 4, 0, 19, 0, 0, 14, 0, 2, 2, 0, 5)
12 (1, 4, 0, 233, 0, 0, 33, 25, 1, 2, 0, 30)
13 (1, 4, 0, 365, 0, 0, 104, 75, 1, 2, 0, 173)
14 (1, 4, 49, 105, 0, 67, 296, 125, 1, 2, 0, 248)
15 (1, 4, 32, 0, 569, 287, 156, 34, 1, 2, 0, 175)
16 (1, 4, 0, 0, 850, 112, 0, 97, 1, 2, 0, 118)
17 (1, 4, 0, 0, 0, 3, 0, 0, 1, 1, 0, 86)
18 (1, 4, 67, 129, 0, 0, 0, 0, 1, 2, 0, 229)
19 (1, 4, 0, 80, 0, 16, 55, 0, 2, 1, 0, 36)
20 (1, 4, 0, 150, 0, 50, 45, 15, 1, 1, 0, 47)
21 (1, 4, 0, 82, 24, 49, 31, 27, 1, 1, 0, 73)
22 (1, 4, 0, 62, 119, 69, 14, 26, 2, 1, 0, 15)
23 (1, 4, 0, 140, 245, 50, 27, 11, 2, 1, 0, 155)
24 (1, 4, 0, 300, 439, 27, 11, 10, 2, 1, 0, 96)
25 (1, 4, 47, 436, 581, 0, 10, 30, 2, 1, 0, 156)
26 (1, 4, 0, 454, 683, 0, 0, 65, 2, 1, 0, 41)
27 (1, 4, 4, 261, 687, 0, 0, 82, 1, 1, 0, 6)
28 (1, 4, 0, 262, 775, 0, 0, 77, 1, 1, 0, 34)
29 (1, 4, 0, 253, 751, 0, 38, 49, 2, 1, 0, 138)
30 (1, 4, 0, 329, 873, 0, 0, 68, 2, 1, 0, 75)
31 (1, 4, 0, 0, 429, 0, 0, 2, 2, 1, 0, 76)
32 (1, 4, 130, 0, 0, 0, 0, 0, 2, 1, 0, 216)
1 (1, 4, 0, 57, 56, 0, 0, 15, 2, 1, 0, 176)
2 (1, 4, 0, 97, 0, 0, 0, 5, 1, 1, 0, 41)
3 (1, 4, 0, 0, 0, 0, 0, 34, 1, 1, 0, 111)
4 (1, 4, 0, 78, 0, 0, 0, 49, 1, 2, 0, 224)
5 (1, 4, 327, 0, 0, 0, 0, 63, 1, 2, 0, 224)
6 (1, 4, 105, 0, 0, 0, 59, 75, 1, 2, 0, 241)
7 (1, 4, 0, 0, 0, 0, 27, 0, 1, 2, 0, 5)
8 (1, 4, 0, 0, 0, 0, 0, 0, 1, 2, 0, 202)
9 (1, 4, 0, 143, 0, 0, 6, 7, 1, 2, 0, 120)
10 (1, 4, 0, 312, 0, 0, 121, 48, 1, 2, 0, 103)
11 (1, 4, 0, 257, 130, 78, 245, 61, 1, 2, 0, 37)
12 (1, 4, 0, 156, 666, 189, 11, 183, 1, 2, 0, 237)
13 (1, 4, 1, 0, 265, 170, 0, 95, 1, 2, 0, 92)
14 (1, 4, 0, 0, 0, 33, 0, 0, 1, 1, 0, 129)
15 (1, 4, 0, 239, 0, 0, 0, 0, 1, 1, 0, 134)
16 (1, 4, 0, 479, 0, 17, 52, 0, 1, 1, 0, 67)
17 (1, 4, 0, 128, 130, 32, 0, 54, 1, 1, 0, 255)
18 (1, 4, 0, 56, 138, 66, 0, 45, 1, 1, 0, 15)
19 (1, 4, 64, 0, 151, 47, 0, 44, 1, 1, 0, 231)
20 (1, 4, 123, 0, 176, 64, 0, 44, 1, 1, 0, 32)
21 (1, 4, 179, 0, 165, 52, 0, 42, 1, 1, 0, 2)
22 (1, 4, 182, 5, 218, 45, 0, 24, 1, 1, 0, 163)
23 (1, 4, 157, 63, 288, 23, 0, 31, 1, 1, 0, 245)
24 (1, 4, 0, 38, 320, 15, 0, 49, 1, 1, 0, 172)
25 (1, 4, 95, 0, 193, 18, 0, 52, 1, 1, 0, 20)
26 (1, 4, 0, 0, 76, 25, 0, 40, 1, 1, 0, 53)
27 (1, 4, 0, 0, 44, 27, 0, 25, 1, 1, 0, 163)
28 (1, 4, 0, 0, 0, 15, 0, 29, 1, 1, 0, 65)
29 (1, 4, 0, 0, 0, 19, 0, 25, 1, 1, 0, 71)
30 (1, 4, 0, 0, 0, 10, 0, 32, 1, 1, 0, 16)
31 (1, 4, 34, 0, 0, 13, 0, 29, 1, 1, 0, 164)
32 (1, 4, 31, 16, 0, 9, 0, 34, 1, 1, 0, 83)
1 (1, 4, 0, 8, 99, 0, 0, 39, 1, 1, 0, 200)
2 (1, 4, 0, 33, 222, 0, 0, 32, 1, 1, 0, 25)
3 (1, 4, 0, 0, 175, 0, 0, 60, 1, 1, 0, 204)
4 (1, 4, 0, 0, 41, 0, 0, 106, 1, 1, 0, 22)
5 (1, 4, 0, 0, 0, 0, 0, 81, 1, 2, 0, 131)
6 (1, 4, 318, 0, 0, 0, 0, 0, 1, 2, 0, 187)
7 (1, 4, 0, 0, 0, 0, 0, 0, 2, 2, 0, 108)
8 (1, 4, 0, 0, 0, 0, 0, 0, 1, 1, 0, 119)
9 (1, 4, 0, 197, 0, 0, 59, 0, 1, 1, 0, 88)
10 (1, 4, 0, 364, 0, 0, 145, 78, 1, 1, 0, 17)
11 (1, 4, 0, 317, 93, 62, 248, 108, 1, 2, 0, 26)
12 (1, 4, 0, 129, 627, 79, 0, 294, 1, 2, 0, 49)
13 (1, 4, 148, 0, 458, 160, 0, 171, 1, 1, 0, 157)
14 (1, 4, 124, 0, 0, 88, 0, 0, 1, 1, 0, 75)
15 (1, 4, 20, 0, 0, 26, 0, 0, 1, 1, 0, 158)
16 (1, 4, 27, 0, 0, 0, 0, 0, 1, 1, 0, 245)
17 (1, 4, 0, 10, 0, 19, 0, 0, 1, 1, 0, 127)
18 (1, 4, 0, 91, 0, 59, 0, 0, 1, 1, 0, 57)
19 (1, 4, 0, 98, 0, 84, 0, 6, 1, 1, 0, 201)
20 (1, 4, 0, 93, 0, 102, 0, 37, 1, 1, 0, 60)
21 (1, 4, 0, 28, 25, 100, 0, 31, 1, 1, 0, 66)
22 (1, 4, 0, 1, 18, 100, 0, 27, 1, 1, 0, 141)
23 (1, 4, 0, 0, 9, 96, 0, 22, 1, 1, 0, 124)
24 (1, 4, 0, 0, 8, 95, 0, 21, 1, 1, 0, 53)
25 (1, 4, 0, 0, 25, 92, 0, 17, 1, 1, 0, 138)
26 (1, 4, 0, 0, 26, 91, 0, 20, 1, 1, 0, 198)
27 (1, 4, 0, 0, 17, 91, 0, 18, 1, 1, 0, 13)
28 (1, 4, 0, 0, 18, 92, 0, 18, 1, 1, 0, 235)
29 (1, 4, 0, 0, 16, 91, 0, 15, 1, 1, 0, 10)
30 (1, 4, 0, 5, 15, 91, 0, 15, 1, 1, 0, 67)
31 (1, 4, 0, 3, 4, 88, 0, 15, 1, 1, 0, 210)
32 (1, 4, 0, 12, 14, 92, 0, 14, 1, 1, 0, 83)
1 (1, 4, 346, 0, 37, 39, 32, 108, 1, 1, 0, 134)
2 (1, 4, 237, 0, 416, 80, 0, 178, 1, 1, 0, 91)
3 (1, 4, 42, 0, 662, 97, 0, 176, 1, 1, 0, 66)
4 (1, 4, 0, 0, 400, 4, 0, 0, 1, 1, 0, 216)
5 (1, 4, 0, 0, 0, 0, 0, 0, 2, 1, 0, 209)
6 (1, 4, 0, 40, 0, 0, 0, 0, 2, 1, 0, 160)
7 (1, 4, 0, 310, 0, 0, 58, 0, 2, 1, 0, 155)
8 (1, 4, 299, 205, 0, 0, 156, 164, 1, 1, 0, 67)
9 (1, 4, 0, 113, 223, 119, 293, 30, 2, 2, 0, 50)
10 (1, 4, 61, 214, 752, 140, 1, 126, 2, 1, 0, 148)
11 (1, 4, 75, 0, 411, 148, 0, 48, 1, 1, 0, 28)
12 (1, 4, 0, 0, 191, 72, 0, 0, 1, 1, 0, 115)
13 (1, 4, 0, 0, 11, 10, 0, 0, 1, 1, 0, 182)
14 (1, 4, 0, 0, 0, 6, 0, 0, 1, 1, 0, 53)
15 (1, 4, 0, 58, 0, 21, 0, 0, 1, 1, 0, 158)
16 (1, 4, 0, 201, 118, 30, 0, 0, 1, 1, 0, 181)
17 (1, 4, 0, 168, 245, 13, 0, 0, 1, 1, 0, 221)
18 (1, 4, 0, 204, 419, 11, 0, 0, 1, 1, 0, 172)
19 (1, 4, 0, 239, 504, 0, 0, 0, 1, 1, 0, 236)
20 (1, 4, 179, 241, 453, 0, 0, 32, 1, 1, 0, 255)
21 (1, 4, 317, 265, 421, 0, 0, 74, 1, 1, 0, 121)
22 (1, 4, 511, 259, 383, 0, 0, 88, 1, 1, 0, 171)
23 (1, 4, 627, 290, 389, 0, 0, 129, 1, 1, 0, 182)
24 (1, 4, 355, 524, 694, 0, 1, 178, 1, 1, 0, 14)
25 (1, 4, 0, 155, 719, 0, 0, 93, 2, 1, 0, 229)
26 (1, 4, 0, 81, 424, 0, 0, 21, 1, 1, 0, 183)
27 (1, 4, 47, 163, 0, 0, 0, 14, 1, 1, 0, 215)
28 (1, 4, 405, 0, 0, 0, 2, 20, 1, 1, 0, 226)
29 (1, 4, 315, 0, 0, 0, 19, 3, 1, 1, 0, 88)
30 (1, 4, 131, 9, 0, 0, 16, 11, 1, 1, 0, 127)
31 (1, 4, 58, 70, 21, 0, 8, 18, 1, 1, 0, 22)
32 (1, 4, 50, 46, 22, 0, 2, 14, 1, 1, 0, 80)
1 (1, 4, 0, 172, 0, 0, 0, 19, 1, 1, 0, 104)
2 (1, 4, 0, 223, 0, 0, 15, 47, 1, 1, 0, 212)
3 (1, 4, 0, 248, 0, 0, 156, 70, 1, 1, 0, 255)
4 (1, 4, 18, 351, 275, 31, 272, 73, 2, 1, 0, 182)
5 (1, 4, 0, 202, 873, 171, 0, 235, 1, 1, 0, 158)
6 (1, 4, 58, 0, 532, 187, 0, 156, 1, 1, 0, 11)
7 (1, 4, 15, 0, 0, 69, 0, 0, 1, 1, 0, 155)
8 (1, 4, 0, 0, 0, 0, 0, 0, 1, 1, 0, 119)
9 (1, 4, 0, 42, 0, 0, 0, 0, 1, 1, 0, 107)
10 (1, 4, 0, 95, 0, 4, 11, 4, 1, 1, 0, 103)
11 (1, 4, 0, 67, 0, 36, 7, 16, 2, 1, 0, 164)
12 (1, 4, 0, 0, 49, 79, 3, 10, 2, 1, 0, 108)
13 (1, 4, 0, 47, 125, 108, 0, 6, 1, 1, 0, 124)
14 (1, 4, 0, 81, 79, 100, 0, 19, 1, 1, 0, 119)
15 (1, 4, 0, 39, 63, 97, 0, 23, 1, 1, 0, 140)
16 (1, 4, 0, 55, 84, 86, 0, 24, 1, 1, 0, 85)
17 (1, 4, 0, 5, 93, 80, 0, 18, 1, 1, 0, 162)
18 (1, 4, 0, 7, 132, 88, 0, 13, 1, 1, 0, 64)
19 (1, 4, 0, 0, 158, 84, 0, 14, 1, 1, 0, 76)
20 (1, 4, 1, 0, 123, 83, 0, 20, 1, 1, 0, 161)
21 (1, 4, 18, 0, 82, 87, 0, 15, 1, 1, 0, 166)
22 (1, 4, 27, 0, 37, 78, 0, 22, 1, 1, 0, 177)
23 (1, 4, 33, 0, 0, 71, 0, 21, 1, 1, 0, 79)
24 (1, 4, 24, 0, 0, 70, 0, 15, 1, 1, 0, 137)
25 (1, 4, 17, 0, 0, 67, 0, 12, 1, 1, 0, 242)
26 (1, 4, 0, 0, 0, 67, 0, 9, 1, 1, 0, 182)
27 (1, 4, 6, 0, 6, 68, 0, 9, 1, 1, 0, 190)
28 (1, 4, 0, 0, 11, 65, 0, 5, 1, 1, 0, 16)
29 (1, 4, 0, 0, 23, 68, 0, 2, 1, 1, 0, 253)
30 (1, 4, 0, 1, 9, 68, 0, 5, 1, 1, 0, 233)
31 (1, 4, 0, 21, 0, 67, 0, 9, 1, 1, 0, 184)
32 (1, 4, 0, 21, 0, 71, 0, 6, 1, 1, 0, 61)
1 (1, 4, 95, 0, 0, 35, 0, 19, 2, 1, 0, 159)
2 (1, 4, 210, 0, 10, 31, 0, 79, 2, 1, 0, 204)
3 (1, 4, 285, 0, 182, 1, 0, 115, 2, 2, 0, 135)
4 (1, 4, 120, 0, 281, 0, 0, 175, 1, 1, 0, 113)
5 (1, 4, 21, 0, 0, 0, 0, 0, 2, 2, 0, 186)
6 (1, 4, 385, 0, 0, 0, 0, 0, 1, 1, 0, 110)
7 (1, 4, 48, 0, 0, 0, 0, 0, 1, 1, 0, 80)
8 (1, 4, 0, 95, 0, 0, 109, 0, 1, 1, 0, 104)
9 (1, 4, 26, 558, 0, 0, 172, 79, 1, 1, 0, 87)
10 (1, 4, 51, 343, 227, 66, 370, 75, 1, 2, 0, 228)
11 (1, 4, 247, 256, 794, 171, 0, 296, 1, 1, 0, 247)
12 (1, 4, 212, 0, 404, 167, 0, 154, 1, 1, 0, 173)
13 (1, 4, 0, 0, 0, 12, 0, 0, 1, 1, 0, 243)
14 (1, 4, 0, 0, 0, 0, 0, 0, 1, 1, 0, 119)
15 (1, 4, 0, 0, 0, 12, 49, 3, 1, 1, 0, 100)
16 (1, 4, 0, 0, 0, 58, 56, 0, 1, 1, 0, 230)
17 (1, 4, 0, 0, 89, 86, 31, 0, 1, 1, 0, 151)
18 (1, 4, 0, 15, 93, 92, 0, 0, 1, 1, 0, 146)
19 (1, 4, 0, 23, 35, 108, 0, 0, 1, 1, 0, 233)
20 (1, 4, 0, 36, 35, 106, 0, 0, 1, 1, 0, 208)
21 (1, 4, 0, 15, 4, 106, 0, 0, 2, 1, 0, 196)
22 (1, 4, 0, 20, 14, 103, 0, 0, 2, 1, 0, 198)
23 (1, 4, 0, 12, 25, 99, 0, 0, 2, 2, 0, 79)
24 (1, 4, 0, 2, 8, 102, 0, 0, 2, 2, 0, 195)
25 (1, 4, 0, 12, 4, 102, 0, 0, 2, 2, 0, 37)
26 (1, 4, 0, 3, 0, 99, 0, 0, 2, 1, 0, 20)
27 (1, 4, 0, 0, 5, 97, 0, 0, 2, 1, 0, 56)
28 (1, 4, 0, 2, 0, 96, 0, 0, 2, 1, 0, 128)
29 (1, 4, 0, 9, 7, 97, 0, 0, 2, 1, 0, 17)
30 (1, 4, 0, 30, 15, 98, 0, 0, 2, 1, 0, 239)
31 (1, 4, 0, 29, 6, 95, 0, 0, 2, 1, 0, 154)
32 (1, 4, 0, 26, 18, 98, 0, 0, 2, 1, 0, 60)
1 (1, 4, 0, 2, 3, 96, 0, 8, 1, 1, 0, 119)
2 (1, 4, 0, 3, 15, 97, 0, 1, 1, 1, 0, 10)
3 (1, 4, 0, 17, 30, 91, 0, 0, 1, 1, 0, 234)
4 (1, 4, 0, 55, 88, 78, 0, 0, 1, 1, 0, 129)
5 (1, 4, 0, 155, 172, 63, 0, 0, 1, 1, 0, 42)
6 (1, 4, 0, 302, 265, 44, 0, 0, 2, 1, 0, 234)
7 (1, 4, 0, 428, 367, 3, 0, 0, 2, 1, 0, 190)
8 (1, 4, 0, 478, 468, 0, 0, 0, 2, 1, 0, 165)
9 (1, 4, 225, 699, 562, 0, 0, 44, 2, 1, 0, 170)
10 (1, 4, 483, 384, 482, 0, 7, 130, 2, 1, 0, 163)
11 (1, 4, 73, 149, 543, 0, 84, 89, 2, 2, 0, 215)
12 (1, 4, 0, 248, 873, 0, 62, 70, 2, 1, 0, 88)
13 (1, 4, 0, 154, 873, 0, 0, 115, 2, 1, 0, 244)
14 (1, 4, 0, 0, 347, 0, 0, 0, 2, 1, 0, 15)
15 (1, 4, 58, 41, 0, 0, 0, 4, 2, 1, 0, 43)
16 (1, 4, 522, 313, 0, 0, 8, 4, 2, 1, 0, 77)
17 (1, 4, 147, 130, 0, 0, 8, 71, 1, 1, 0, 107)
18 (1, 4, 0, 0, 99, 0, 4, 27, 2, 1, 0, 211)
19 (1, 4, 0, 87, 101, 0, 0, 26, 2, 1, 0, 126)
20 (1, 4, 80, 109, 119, 0, 0, 32, 2, 1, 0, 27)
21 (1, 4, 0, 167, 131, 0, 12, 23, 1, 1, 0, 30)
22 (1, 4, 0, 462, 147, 0, 0, 0, 2, 1, 0, 135)
23 (1, 4, 0, 678, 0, 0, 0, 0, 2, 2, 0, 213)
24 (1, 4, 0, 146, 0, 0, 0, 0, 2, 3, 0, 10)
25 (1, 4, 342, 531, 0, 0, 0, 0, 2, 2, 0, 87)
26 (1, 4, 673, 554, 0, 0, 0, 36, 1, 1, 0, 170)
27 (1, 4, 658, 21, 0, 0, 149, 24, 2, 2, 0, 157)
28 (1, 4, 150, 0, 0, 0, 285, 42, 2, 2, 0, 130)
29 (1, 4, 285, 136, 0, 119, 421, 0, 2, 2, 0, 92)
30 (1, 4, 28, 358, 873, 239, 0, 42, 1, 2, 0, 125)
31 (1, 4, 0, 0, 234, 0, 0, 0, 1, 1, 0, 16)
32 (1, 4, 17, 0, 0, 0, 0, 0, 1, 1, 0, 153)
1 (1, 4, 83, 0, 0, 0, 0, 30, 1, 1, 0, 249)
2 (1, 4, 0, 23, 0, 0, 0, 43, 1, 1, 0, 57)
3 (1, 4, 0, 0, 0, 0, 0, 37, 1, 1, 0, 124)
4 (1, 4, 0, 0, 0, 0, 9, 33, 1, 1, 0, 177)
5 (1, 4, 0, 4, 0, 0, 5, 37, 1, 1, 0, 60)
6 (1, 4, 0, 0, 0, 0, 0, 37, 1, 1, 0, 124)
7 (1, 4, 0, 0, 0, 0, 0, 34, 1, 1, 0, 111)
8 (1, 4, 96, 0, 0, 0, 0, 39, 2, 1, 0, 45)
9 (1, 4, 0, 0, 0, 0, 0, 103, 1, 1, 0, 128)
10 (1, 4, 0, 0, 0, 0, 0, 156, 2, 2, 0, 170)
11 (1, 4, 0, 0, 0, 0, 0, 60, 2, 2, 0, 129)
12 (1, 4, 0, 0, 0, 0, 0, 25, 1, 2, 0, 44)
13 (1, 4, 0, 0, 0, 0, 7, 0, 1, 1, 0, 31)
14 (1, 4, 0, 151, 0, 0, 52, 8, 1, 1, 0, 148)
15 (1, 4, 0, 293, 0, 0, 177, 45, 1, 1, 0, 27)
16 (1, 4, 120, 124, 160, 108, 522, 18, 2, 2, 0, 51)
17 (1, 4, 0, 0, 873, 0, 0, 243, 1, 1, 0, 102)
18 (1, 4, 216, 0, 0, 92, 0, 0, 1, 1, 0, 221)
19 (1, 4, 0, 19, 0, 0, 0, 0, 1, 1, 0, 206)
20 (1, 4, 0, 0, 0, 4, 21, 0, 1, 1, 0, 20)
21 (1, 4, 0, 34, 0, 17, 47, 5, 1, 1, 0, 62)
22 (1, 4, 0, 91, 58, 42, 57, 0, 1, 1, 0, 243)
23 (1, 4, 0, 217, 276, 33, 23, 0, 1, 1, 0, 245)
24 (1, 4, 8, 291, 367, 27, 0, 5, 1, 1, 0, 125)
25 (1, 4, 69, 429, 381, 8, 0, 39, 1, 1, 0, 41)
26 (1, 4, 108, 228, 429, 6, 0, 116, 1, 1, 0, 207)
27 (1, 4, 231, 304, 466, 32, 0, 103, 1, 1, 0, 89)
28 (1, 4, 91, 191, 334, 0, 0, 120, 1, 1, 0, 217)
29 (1, 4, 246, 296, 466, 0, 0, 114, 1, 1, 0, 245)
30 (1, 4, 0, 272, 446, 0, 0, 85, 1, 1, 0, 47)
31 (1, 4, 0, 461, 737, 0, 0, 55, 1, 1, 0, 119)
32 (1, 4, 0, 335, 717, 0, 0, 76, 1, 1, 0, 188)
1 (1, 4, 0, 25, 0, 0, 0, 22, 1, 1, 0, 15)
2 (1, 4, 0, 0, 0, 0, 0, 15, 1, 1, 0, 142)
3 (1, 4, 0, 0, 0, 0, 0, 21, 1, 1, 0, 14)
4 (1, 4, 0, 0, 0, 0, 0, 50, 1, 1, 0, 188)
5 (1, 4, 11, 0, 0, 0, 0, 80, 1, 1, 0, 131)
6 (1, 4, 0, 0, 0, 0, 0, 77, 1, 1, 0, 114)
7 (1, 4, 0, 0, 0, 0, 0, 12, 1, 1, 0, 232)
8 (1, 4, 0, 0, 0, 0, 0, 0, 2, 1, 0, 209)
9 (1, 4, 0, 195, 0, 0, 22, 20, 2, 1, 0, 185)
10 (1, 4, 0, 283, 0, 0, 71, 32, 1, 1, 0, 75)
11 (1, 4, 142, 281, 0, 31, 237, 113, 2, 2, 0, 109)
12 (1, 4, 0, 332, 715, 261, 182, 148, 2, 2, 0, 94)
13 (1, 4, 101, 0, 729, 143, 0, 221, 1, 2, 0, 1)
14 (1, 4, 0, 0, 25, 42, 0, 0, 1, 1, 0, 15)
15 (1, 4, 0, 0, 0, 0, 0, 0, 1, 1, 0, 119)
16 (1, 4, 0, 0, 0, 0, 0, 0, 1, 1, 0, 119)
17 (1, 4, 0, 88, 0, 20, 33, 18, 2, 1, 0, 21)
18 (1, 4, 0, 21, 22, 69, 38, 20, 2, 1, 0, 221)
19 (1, 4, 0, 35, 102, 108, 0, 20, 1, 1, 0, 7)
20 (1, 4, 0, 46, 113, 111, 0, 15, 1, 1, 0, 63)
21 (1, 4, 0, 65, 91, 106, 0, 20, 1, 1, 0, 158)
22 (1, 4, 9, 74, 60, 87, 0, 22, 1, 1, 0, 87)
23 (1, 4, 0, 58, 75, 91, 0, 31, 1, 1, 0, 39)
24 (1, 4, 14, 8, 88, 97, 0, 28, 2, 2, 0, 220)
25 (1, 4, 21, 0, 70, 96, 0, 24, 2, 2, 0, 53)
26 (1, 4, 16, 0, 31, 90, 0, 28, 2, 2, 0, 2)
27 (1, 4, 8, 0, 16, 85, 0, 22, 2, 2, 0, 61)
28 (1, 4, 6, 0, 23, 85, 0, 18, 2, 1, 0, 68)
29 (1, 4, 0, 0, 30, 81, 0, 16, 2, 1, 0, 141)
30 (1, 4, 0, 0, 33, 83, 0, 12, 2, 1, 0, 39)
31 (1, 4, 0, 4, 46, 82, 0, 13, 2, 1, 0, 100)
32 (1, 4, 0, 10, 51, 80, 0, 19, 2, 1, 0, 162)
1 (1, 4, 54, 0, 0, 79, 0, 21, 2, 1, 0, 219)
2 (1, 4, 73, 0, 0, 60, 0, 30, 2, 2, 0, 244)
3 (1, 4, 288, 0, 0, 111, 0, 22, 2, 2, 0, 47)
4 (1, 4, 476, 0, 0, 163, 0, 60, 2, 2, 0, 210)
5 (1, 4, 4, 0, 294, 161, 0, 3, 2, 2, 0, 187)
6 (1, 4, 0, 0, 213, 0, 0, 0, 1, 2, 0, 117)
7 (1, 4, 0, 132, 0, 0, 0, 0, 1, 1, 0, 172)
8 (1, 4, 0, 312, 0, 0, 0, 12, 1, 1, 0, 29)
9 (1, 4, 0, 384, 0, 0, 76, 43, 1, 1, 0, 134)
10 (1, 4, 53, 211, 0, 29, 218, 121, 1, 1, 0, 171)
11 (1, 4, 0, 316, 646, 209, 159, 166, 1, 2, 0, 176)
12 (1, 4, 111, 0, 734, 173, 0, 254, 1, 2, 0, 152)
13 (1, 4, 74, 0, 46, 98, 0, 36, 1, 1, 0, 119)
14 (1, 4, 0, 0, 0, 2, 0, 0, 1, 1, 0, 73)
15 (1, 4, 0, 0, 0, 0, 0, 0, 1, 1, 0, 119)
16 (1, 4, 0, 22, 0, 14, 13, 10, 1, 1, 0, 19)
17 (1, 4, 0, 23, 0, 55, 0, 1, 1, 1, 0, 136)
18 (1, 4, 0, 19, 0, 73, 0, 5, 1, 1, 0, 86)
19 (1, 4, 0, 0, 0, 95, 4, 0, 3, 2, 0, 106)
20 (1, 4, 0, 65, 8, 105, 0, 3, 3, 2, 0, 57)
21 (1, 4, 0, 46, 21, 104, 0, 7, 2, 1, 0, 117)
22 (1, 4, 0, 30, 44, 102, 0, 7, 2, 1, 0, 197)
23 (1, 4, 0, 26, 60, 102, 0, 1, 2, 1, 0, 172)
24 (1, 4, 0, 19, 51, 96, 0, 0, 2, 1, 0, 110)
25 (1, 4, 0, 26, 52, 97, 0, 0, 3, 2, 0, 77)
26 (1, 4, 0, 24, 39, 92, 0, 0, 2, 2, 0, 3)
27 (1, 4, 0, 29, 37, 92, 0, 5, 2, 2, 0, 233)
28 (1, 4, 0, 34, 40, 88, 0, 9, 2, 1, 0, 211)
29 (1, 4, 0, 23, 38, 93, 0, 8, 2, 1, 0, 110)
30 (1, 4, 0, 32, 41, 92, 0, 9, 2, 1, 0, 86) [FRAGMENTED]
31 (1, 4, 38, 174, 241, 28, 12, 0, 1, 1, 0, 29)
32 (1, 4, 91, 255, 379, 0, 18, 18, 2, 1, 0, 119)
1 (1, 4, 80, 308, 510, 0, 6, 55, 2, 1, 0, 79)
2 (1, 4, 68, 122, 725, 0, 0, 101, 1, 1, 0, 115)
3 (1, 4, 0, 13, 846, 0, 0, 98, 1, 1, 0, 39)
4 (1, 4, 0, 0, 871, 0, 0, 0, 2, 1, 0, 214)
5 (1, 4, 109, 0, 113, 0, 0, 0, 1, 1, 0, 145)
6 (1, 4, 0, 101, 0, 0, 0, 0, 2, 1, 0, 255)
7 (1, 4, 0, 286, 0, 0, 0, 6, 1, 1, 0, 59)
8 (1, 4, 0, 122, 0, 0, 0, 0, 1, 1, 0, 137)
9 (1, 4, 0, 107, 0, 0, 0, 0, 2, 1, 0, 251)
10 (1, 4, 0, 206, 0, 0, 0, 9, 2, 1, 0, 98)
11 (1, 4, 53, 268, 0, 0, 98, 66, 1, 1, 0, 243)
12 (1, 4, 18, 86, 0, 0, 313, 65, 2, 2, 0, 124)
13 (1, 4, 117, 408, 165, 123, 405, 44, 2, 2, 0, 19)
14 (1, 4, 0, 125, 873, 158, 0, 308, 3, 3, 0, 157)
15 (1, 4, 0, 0, 0, 13, 0, 0, 1, 1, 0, 236)
16 (1, 4, 0, 0, 0, 0, 0, 0, 1, 1, 0, 119)
17 (1, 4, 0, 0, 0, 0, 5, 0, 1, 1, 0, 237)
18 (1, 4, 0, 64, 0, 26, 14, 0, 1, 1, 0, 21)
19 (1, 4, 0, 139, 0, 57, 21, 12, 1, 1, 0, 100)
20 (1, 4, 0, 112, 28, 85, 19, 18, 1, 1, 0, 239)
21 (1, 4, 0, 80, 126, 99, 0, 27, 1, 1, 0, 96)
22 (1, 4, 0, 67, 119, 101, 0, 29, 1, 1, 0, 127)
23 (1, 4, 0, 42, 90, 98, 0, 35, 1, 1, 0, 185)
24 (1, 4, 0, 0, 86, 94, 0, 31, 1, 1, 0, 48)
25 (1, 4, 0, 0, 102, 94, 0, 27, 1, 1, 0, 196)
26 (1, 4, 12, 0, 83, 85, 0, 28, 1, 1, 0, 13)
27 (1, 4, 20, 0, 78, 86, 0, 19, 1, 1, 0, 76)
28 (1, 4, 16, 0, 78, 83, 0, 15, 1, 1, 0, 91)
29 (1, 4, 25, 0, 58, 80, 0, 14, 1, 1, 0, 255)
30 (1, 4, 57, 0, 7, 75, 0, 19, 1, 1, 0, 114)
31 (1, 4, 12, 1, 0, 74, 0, 24, 1, 1, 0, 160)
32 (1, 4, 0, 0, 19, 71, 0, 18, 1, 1, 0, 81)
1 (1, 4, 0, 0, 63, 64, 0, 6, 1, 1, 0, 182)
2 (1, 4, 0, 28, 19, 68, 0, 3, 1, 1, 0, 116)
3 (1, 4, 40, 18, 0, 67, 0, 9, 1, 1, 0, 13)
4 (1, 4, 9, 18, 0, 67, 0, 12, 1, 1, 0, 110)
5 (1, 4, 0, 13, 2, 63, 0, 8, 1, 1, 0, 213)
6 (1, 4, 0, 33, 15, 40, 0, 0, 1, 1, 0, 72)
7 (1, 4, 58, 89, 82, 16, 2, 0, 1, 1, 0, 118)
8 (1, 4, 115, 284, 227, 0, 17, 6, 1, 1, 0, 89)
9 (1, 4, 237, 354, 301, 0, 0, 86, 1, 1, 0, 44)
10 (1, 4, 58, 211, 445, 0, 0, 103, 1, 1, 0, 171)
11 (1, 4, 263, 172, 588, 0, 0, 127, 1, 1, 0, 152)
12 (1, 4, 0, 42, 465, 0, 0, 191, 2, 1, 0, 112)
13 (1, 4, 0, 0, 75, 0, 0, 99, 2, 1, 0, 175)
14 (1, 4, 0, 0, 0, 0, 0, 61, 1, 1, 0, 69)
15 (1, 4, 0, 0, 0, 0, 0, 35, 1, 1, 0, 176)
16 (1, 4, 0, 13, 0, 0, 0, 0, 1, 1, 0, 171)
17 (1, 4, 0, 310, 0, 0, 0, 19, 1, 1, 0, 51)
18 (1, 4, 95, 224, 0, 0, 106, 16, 1, 1, 0, 243)
19 (1, 4, 78, 346, 0, 0, 209, 96, 2, 1, 0, 227)
20 (1, 4, 47, 387, 290, 99, 354, 144, 2, 2, 0, 243)
21 (1, 4, 0, 0, 873, 324, 0, 332, 2, 3, 0, 255)
22 (1, 4, 0, 0, 9, 91, 0, 0, 1, 1, 0, 164)
23 (1, 4, 0, 0, 0, 0, 0, 2, 1, 1, 0, 206)
24 (1, 4, 0, 9, 0, 0, 41, 2, 1, 1, 0, 125)
25 (1, 4, 0, 0, 0, 5, 88, 4, 1, 1, 0, 63)
26 (1, 4, 0, 47, 20, 58, 66, 21, 2, 1, 0, 202)
27 (1, 4, 0, 50, 175, 111, 14, 25, 2, 1, 0, 230)
28 (1, 4, 0, 68, 153, 123, 0, 40, 2, 1, 0, 119)
29 (1, 4, 59, 13, 48, 105, 0, 47, 2, 1, 0, 74)
30 (1, 4, 48, 1, 37, 87, 0, 40, 2, 1, 0, 67)
31 (1, 4, 87, 0, 0, 84, 0, 30, 1, 1, 0, 159)
32 (1, 4, 85, 0, 0, 84, 0, 33, 1, 1, 0, 8)
1 (1, 4, 263, 0, 0, 103, 0, 45, 2, 2, 0, 196)
2 (1, 4, 222, 0, 66, 113, 0, 19, 2, 2, 0, 241)
3 (1, 4, 72, 0, 157, 79, 0, 0, 2, 2, 0, 29)
4 (1, 4, 0, 0, 0, 0, 0, 0, 2, 2, 0, 108)
5 (1, 4, 0, 256, 0, 0, 0, 0, 2, 1, 0, 52)
6 (1, 4, 0, 633, 0, 0, 29, 0, 2, 1, 0, 228)
7 (1, 4, 0, 703, 27, 0, 67, 86, 1, 1, 0, 26)
8 (1, 4, 362, 304, 0, 4, 221, 256, 1, 1, 0, 180)
9 (1, 4, 0, 73, 827, 90, 0, 448, 1, 2, 0, 44)
10 (1, 4, 343, 0, 241, 168, 0, 213, 1, 2, 0, 158)
11 (1, 4, 0, 0, 340, 36, 0, 0, 1, 2, 0, 216)
12 (1, 4, 0, 0, 0, 0, 0, 0, 1, 2, 0, 202)
13 (1, 4, 0, 0, 0, 0, 0, 1, 1, 2, 0, 21)
14 (1, 4, 0, 0, 0, 0, 64, 34, 1, 2, 0, 200)
15 (1, 4, 0, 0, 8, 60, 94, 0, 1, 2, 0, 163)
16 (1, 4, 0, 78, 110, 87, 20, 11, 1, 1, 0, 173)
17 (1, 4, 0, 21, 144, 92, 0, 0, 2, 1, 0, 247)
18 (1, 4, 30, 87, 73, 104, 0, 12, 2, 1, 0, 13)
19 (1, 4, 14, 50, 35, 103, 0, 10, 2, 1, 0, 60)
20 (1, 4, 8, 37, 14, 106, 0, 17, 2, 2, 0, 138)
21 (1, 4, 13, 4, 0, 97, 0, 17, 2, 2, 0, 223)
22 (1, 4, 1, 0, 1, 101, 0, 7, 2, 2, 0, 186)
23 (1, 4, 18, 0, 6, 92, 0, 7, 2, 2, 0, 84)
24 (1, 4, 0, 0, 4, 91, 0, 8, 2, 2, 0, 35)
25 (1, 4, 0, 0, 0, 95, 0, 8, 2, 2, 0, 1)
26 (1, 4, 0, 0, 3, 96, 0, 9, 2, 2, 0, 222)
27 (1, 4, 0, 0, 4, 96, 0, 11, 2, 2, 0, 130)
28 (1, 4, 0, 0, 0, 94, 0, 12, 2, 2, 0, 107)
29 (1, 4, 0, 0, 1, 95, 0, 12, 2, 2, 0, 224)
30 (1, 4, 0, 0, 0, 94, 0, 10, 2, 2, 0, 167)
31 (1, 4, 0, 462, 432, 20, 0, 33, 2, 1, 0, 106)
32 (1, 4, 415, 762, 706, 0, 0, 60, 1, 1, 0, 154)
1 (1, 4, 657, 511, 274, 0, 0, 145, 1, 0, 0, 29)
2 (1, 4, 0, 0, 0, 0, 0, 103, 1, 0, 0, 235)
3 (1, 4, 0, 0, 0, 0, 0, 75, 2, 1, 0, 24)
4 (1, 4, 0, 0, 0, 0, 0, 43, 2, 1, 0, 252)
5 (1, 4, 0, 106, 0, 0, 0, 61, 2, 1, 0, 124)
6 (1, 4, 0, 74, 0, 0, 0, 84, 1, 1, 0, 201)
7 (1, 4, 0, 0, 0, 0, 0, 99, 2, 1, 0, 83)
8 (1, 4, 0, 0, 0, 0, 0, 74, 2, 2, 0, 122)
9 (1, 4, 0, 0, 0, 0, 0, 0, 2, 2, 0, 108)
10 (1, 4, 228, 0, 0, 0, 0, 0, 2, 1, 0, 178)
11 (1, 4, 177, 318, 0, 0, 90, 0, 2, 2, 0, 190)
12 (1, 4, 0, 316, 0, 0, 304, 59, 2, 2, 0, 38)
13 (1, 4, 308, 264, 294, 119, 256, 174, 2, 2, 0, 125)
14 (1, 4, 0, 144, 873, 197, 0, 247, 1, 2, 0, 213)
15 (1, 4, 0, 0, 0, 0, 0, 31, 1, 1, 0, 93)
16 (1, 4, 29, 0, 0, 0, 0, 8, 1, 1, 0, 59)
17 (1, 4, 0, 0, 0, 3, 45, 0, 1, 1, 0, 0)
18 (1, 4, 0, 0, 0, 42, 70, 0, 1, 1, 0, 83)
19 (1, 4, 0, 12, 43, 109, 37, 0, 1, 2, 0, 106)
20 (1, 4, 0, 24, 82, 105, 0, 25, 1, 1, 0, 51)
21 (1, 4, 40, 25, 25, 110, 0, 7, 1, 1, 0, 101)
22 (1, 4, 0, 41, 0, 86, 0, 14, 1, 1, 0, 245)
23 (1, 4, 0, 0, 2, 90, 0, 14, 1, 1, 0, 154)
24 (1, 4, 0, 0, 36, 89, 0, 9, 1, 1, 0, 39)
25 (1, 4, 0, 0, 47, 107, 0, 2, 1, 1, 0, 140)
26 (1, 4, 0, 4, 52, 100, 0, 5, 1, 1, 0, 152)
27 (1, 4, 0, 22, 20, 88, 0, 12, 1, 1, 0, 197)
28 (1, 4, 0, 38, 10, 85, 0, 19, 1, 1, 0, 101)
29 (1, 4, 0, 52, 30, 90, 0, 21, 1, 1, 0, 33)
30 (1, 4, 0, 41, 26, 93, 0, 30, 1, 1, 0, 19)
31 (1, 4, 45, 13, 23, 93, 0, 23, 1, 1, 0, 201)
32 (1, 4, 22, 0, 30, 91, 0, 20, 1, 1, 0, 92)
1 (1, 4, 7, 6, 28, 74, 0, 16, 1, 1, 0, 183)
2 (1, 4, 3, 42, 50, 58, 0, 5, 1, 1, 0, 165)
3 (1, 4, 0, 135, 119, 44, 0, 0, 1, 1, 0, 134)
4 (1, 4, 0, 265, 197, 34, 0, 0, 1, 1, 0, 131)
5 (1, 4, 0, 420, 308, 16, 1, 0, 1, 1, 0, 135)
6 (1, 4, 25, 543, 451, 0, 0, 83, 1, 1, 0, 232)
7 (1, 4, 220, 316, 395, 0, 0, 104, 1, 1, 0, 201)
8 (1, 4, 162, 153, 504, 0, 0, 123, 1, 1, 0, 14)
9 (1, 4, 0, 168, 505, 0, 0, 141, 1, 1, 0, 51)
10 (1, 4, 0, 151, 619, 0, 0, 82, 1, 1, 0, 130)
11 (1, 4, 0, 282, 742, 0, 0, 67, 1, 1, 0, 49)
12 (1, 4, 0, 241, 587, 0, 0, 35, 1, 1, 0, 98)
13 (1, 4, 43, 68, 178, 0, 0, 14, 1, 1, 0, 242)
14 (1, 4, 188, 0, 0, 0, 0, 12, 1, 1, 0, 146)
15 (1, 4, 72, 25, 0, 0, 8, 17, 1, 1, 0, 36)
16 (1, 4, 0, 31, 0, 0, 1, 22, 1, 1, 0, 193)
17 (1, 4, 42, 5, 0, 0, 0, 19, 1, 1, 0, 6)
18 (1, 4, 67, 4, 0, 0, 0, 19, 1, 1, 0, 131)
19 (1, 4, 62, 23, 0, 0, 2, 23, 1, 1, 0, 85)
20 (1, 4, 5, 45, 0, 0, 0, 39, 2, 1, 0, 75)
21 (1, 4, 0, 70, 0, 0, 0, 53, 1, 1, 0, 155)
22 (1, 4, 0, 0, 0, 0, 0, 92, 2, 1, 0, 216)
23 (1, 4, 0, 0, 0, 0, 0, 141, 2, 2, 0, 166)
24 (1, 4, 64, 0, 0, 0, 1, 74, 2, 2, 0, 138)
25 (1, 4, 0, 0, 0, 0, 0, 47, 2, 1, 0, 137)
26 (1, 4, 147, 0, 0, 0, 0, 0, 2, 1, 0, 54)
27 (1, 4, 0, 0, 0, 0, 0, 0, 2, 1, 0, 209)
28 (1, 4, 0, 85, 0, 0, 66, 0, 1, 1, 0, 18)
29 (1, 4, 407, 327, 0, 0, 366, 34, 1, 1, 0, 2)
30 (1, 4, 0, 626, 873, 160, 218, 182, 2, 2, 0, 206)
31 (1, 4, 0, 48, 32, 48, 0, 55, 1, 1, 0, 85)
32 (1, 4, 0, 78, 41, 53, 0, 37, 1, 1, 0, 80)
1 (1, 4, 0, 189, 180, 32, 0, 14, 1, 1, 0, 232)
2 (1, 4, 0, 329, 398, 24, 0, 1, 2, 1, 0, 0)
3 (1, 4, 0, 612, 701, 0, 0, 0, 2, 1, 0, 59)
4 (1, 4, 0, 365, 474, 0, 0, 65, 2, 1, 0, 136)
5 (1, 4, 35, 2, 0, 0, 0, 76, 1, 1, 0, 21)
6 (1, 4, 319, 0, 0, 0, 0, 26, 2, 1, 0, 46)
7 (1, 4, 0, 0, 0, 0, 0, 39, 2, 1, 0, 99)
8 (1, 4, 0, 0, 0, 0, 63, 30, 2, 1, 0, 5)
9 (1, 4, 0, 0, 0, 0, 224, 16, 2, 1, 0, 33)
10 (1, 4, 212, 426, 0, 22, 310, 28, 2, 2, 0, 163)
11 (1, 4, 0, 323, 873, 42, 0, 405, 1, 1, 0, 246)
12 (1, 4, 0, 0, 628, 79, 0, 191, 1, 1, 0, 152)
13 (1, 4, 0, 0, 0, 0, 0, 0, 1, 1, 0, 119)
14 (1, 4, 0, 23, 0, 0, 0, 36, 1, 1, 0, 192)
15 (1, 4, 21, 0, 0, 0, 110, 33, 2, 1, 0, 190)
16 (1, 4, 0, 0, 0, 38, 110, 9, 2, 1, 0, 136)
17 (1, 4, 0, 47, 119, 121, 39, 0, 2, 1, 0, 116)
18 (1, 4, 0, 61, 197, 98, 0, 46, 2, 1, 0, 235)
19 (1, 4, 69, 36, 62, 87, 0, 37, 2, 1, 0, 78)
20 (1, 4, 9, 25, 35, 70, 0, 28, 2, 1, 0, 86)
21 (1, 4, 26, 30, 33, 75, 0, 25, 2, 1, 0, 184)
22 (1, 4, 9, 26, 35, 77, 0, 33, 2, 1, 0, 101)
23 (1, 4, 11, 23, 35, 82, 0, 36, 2, 1, 0, 93)
24 (1, 4, 0, 4, 29, 80, 0, 40, 2, 1, 0, 107)
25 (1, 4, 0, 0, 12, 81, 0, 35, 2, 1, 0, 201)
26 (1, 4, 0, 0, 11, 77, 0, 30, 2, 1, 0, 109)
27 (1, 4, 0, 0, 4, 73, 0, 30, 2, 1, 0, 72)
28 (1, 4, 0, 10, 10, 73, 0, 30, 2, 1, 0, 91)
29 (1, 4, 0, 22, 12, 75, 0, 37, 2, 1, 0, 226)
30 (1, 4, 0, 18, 9, 76, 0, 36, 2, 1, 0, 112)
31 (1, 4, 82, 0, 0, 0, 0, 46, 1, 1, 0, 133)
32 (1, 4, 0, 30, 0, 0, 0, 64, 1, 1, 0, 87)
1 (1, 4, 0, 0, 0, 0, 0, 79, 1, 1, 0, 203)
2 (1, 4, 0, 0, 0, 0, 0, 102, 1, 1, 0, 95)
3 (1, 4, 0, 0, 0, 0, 0, 149, 1, 1, 0, 132)
4 (1, 4, 0, 0, 0, 0, 0, 145, 2, 1, 0, 87)
5 (1, 4, 0, 0, 0, 0, 0, 161, 2, 1, 0, 37)
6 (1, 4, 0, 0, 0, 0, 0, 127, 2, 2, 0, 162)
7 (1, 4, 0, 0, 0, 0, 0, 37, 2, 1, 0, 218)
8 (1, 4, 91, 0, 0, 0, 0, 0, 2, 1, 0, 218)
9 (1, 4, 202, 0, 0, 0, 10, 0, 1, 1, 0, 180)
10 (1, 4, 0, 5, 0, 0, 134, 0, 1, 1, 0, 61)
11 (1, 4, 265, 398, 0, 0, 290, 26, 2, 1, 0, 33)
12 (1, 4, 189, 487, 264, 102, 370, 5, 2, 2, 0, 249)
13 (1, 4, 2, 425, 873, 103, 0, 284, 1, 1, 0, 133)
14 (1, 4, 149, 0, 448, 66, 0, 207, 1, 1, 0, 62)
15 (1, 4, 0, 0, 0, 0, 0, 0, 1, 1, 0, 119)
16 (1, 4, 0, 0, 0, 0, 9, 14, 1, 1, 0, 233)
17 (1, 4, 0, 0, 0, 8, 149, 0, 1, 1, 0, 164)
18 (1, 4, 0, 0, 41, 65, 111, 0, 1, 1, 0, 213)
19 (1, 4, 0, 0, 223, 74, 51, 0, 1, 1, 0, 75)
20 (1, 4, 0, 0, 195, 74, 6, 0, 1, 1, 0, 196)
21 (1, 4, 0, 63, 203, 71, 0, 0, 1, 1, 0, 224)
22 (1, 4, 0, 186, 187, 64, 0, 0, 1, 1, 0, 169)
23 (1, 4, 0, 319, 233, 37, 0, 0, 1, 1, 0, 214)
24 (1, 4, 0, 323, 360, 11, 0, 4, 1, 1, 0, 129)
25 (1, 4, 33, 423, 378, 0, 0, 49, 1, 1, 0, 131)
26 (1, 4, 113, 434, 425, 0, 0, 57, 1, 1, 0, 192)
27 (1, 4, 204, 405, 298, 0, 0, 111, 1, 1, 0, 100)
28 (1, 4, 268, 520, 361, 0, 0, 124, 1, 1, 0, 155) [FRAGMENTED]
29 (1, 4, 0, 0, 0, 0, 0, 37, 2, 1, 0, 218)
30 (1, 4, 0, 0, 0, 0, 0, 59, 2, 1, 0, 47)
31 (1, 4, 0, 0, 0, 0, 0, 88, 2, 1, 0, 173)
32 (1, 4, 0, 0, 0, 0, 0, 84, 1, 1, 0, 148)
1 (1, 4, 102, 0, 0, 0, 96, 47, 2, 1, 0, 244)
2 (1, 4, 0, 0, 0, 0, 57, 0, 2, 1, 0, 225)
3 (1, 4, 0, 0, 38, 0, 0, 0, 2, 2, 0, 227)
4 (1, 4, 0, 431, 0, 0, 0, 34, 2, 1, 0, 94)
5 (1, 4, 0, 340, 0, 0, 137, 34, 2, 1, 0, 152)
6 (1, 4, 111, 385, 0, 16, 233, 142, 2, 2, 0, 233)
7 (1, 4, 0, 441, 873, 159, 92, 293, 2, 2, 0, 135)
8 (1, 4, 92, 0, 644, 127, 0, 286, 1, 2, 0, 76)
9 (1, 4, 0, 0, 0, 49, 0, 0, 1, 2, 0, 203)
10 (1, 4, 0, 0, 0, 0, 0, 0, 1, 1, 0, 119)
11 (1, 4, 0, 5, 0, 0, 0, 27, 1, 1, 0, 71)
12 (1, 4, 0, 0, 0, 0, 73, 32, 1, 1, 0, 116)
13 (1, 4, 0, 0, 0, 62, 72, 7, 2, 1, 0, 189)
14 (1, 4, 0, 0, 143, 103, 10, 0, 2, 1, 0, 43)
15 (1, 4, 0, 28, 93, 116, 0, 0, 2, 1, 0, 156)
16 (1, 4, 36, 56, 0, 97, 0, 14, 2, 1, 0, 59)
17 (1, 4, 15, 39, 0, 99, 0, 17, 2, 1, 0, 90)
18 (1, 4, 0, 29, 13, 90, 0, 26, 2, 2, 0, 195)
19 (1, 4, 0, 0, 15, 95, 0, 19, 2, 2, 0, 7)
20 (1, 4, 24, 0, 36, 93, 0, 16, 2, 2, 0, 54)
21 (1, 4, 0, 0, 18, 96, 0, 10, 2, 2, 0, 83)
22 (1, 4, 9, 0, 0, 94, 0, 10, 2, 2, 0, 217)
23 (1, 4, 11, 12, 0, 93, 0, 14, 2, 2, 0, 248)
24 (1, 4, 0, 4, 0, 92, 0, 16, 2, 2, 0, 195)
25 (1, 4, 0, 3, 3, 91, 0, 16, 2, 2, 0, 39)
26 (1, 4, 0, 4, 11, 92, 0, 15, 2, 2, 0, 238)
27 (1, 4, 2, 11, 9, 92, 0, 15, 2, 2, 0, 108)
28 (1, 4, 9, 3, 0, 92, 0, 16, 2, 2, 0, 191)
29 (1, 4, 10, 281, 0, 0, 234, 3, 2, 1, 0, 73)
30 (1, 4, 85, 472, 201, 151, 416, 162, 2, 2, 0, 27)
31 (1, 4, 0, 0, 873, 229, 0, 326, 2, 2, 0, 244)
32 (1, 4, 0, 0, 145, 10, 0, 0, 2, 2, 0, 176)
1 (1, 4, 0, 0, 0, 0, 0, 7, 2, 1, 0, 194)
2 (1, 4, 0, 0, 0, 0, 71, 14, 2, 1, 0, 133)
3 (1, 4, 0, 0, 0, 37, 117, 0, 2, 2, 0, 238)
4 (1, 4, 0, 98, 110, 74, 32, 0, 2, 1, 0, 43)
5 (1, 4, 0, 41, 59, 93, 0, 12, 1, 1, 0, 19)
6 (1, 4, 4, 22, 3, 95, 0, 14, 1, 1, 0, 131)
7 (1, 4, 41, 28, 0, 105, 0, 14, 1, 1, 0, 59)
8 (1, 4, 30, 0, 0, 95, 0, 19, 2, 2, 0, 234)
9 (1, 4, 73, 13, 0, 94, 0, 15, 2, 2, 0, 38)
10 (1, 4, 40, 15, 9, 84, 0, 16, 2, 2, 0, 207)
11 (1, 4, 48, 7, 0, 97, 0, 11, 2, 2, 0, 230)
12 (1, 4, 44, 20, 16, 100, 0, 13, 2, 2, 0, 39)
13 (1, 4, 27, 1, 4, 101, 0, 13, 2, 2, 0, 26)
14 (1, 4, 5, 0, 8, 94, 0, 13, 1, 2, 0, 152)
15 (1, 4, 0, 0, 9, 93, 0, 12, 1, 2, 0, 196)
16 (1, 4, 3, 0, 6, 93, 0, 14, 2, 2, 0, 144)
17 (1, 4, 0, 0, 13, 96, 0, 16, 2, 2, 0, 245)
18 (1, 4, 0, 0, 11, 99, 0, 14, 2, 2, 0, 80)
19 (1, 4, 0, 0, 0, 98, 0, 15, 2, 2, 0, 151)
20 (1, 4, 0, 0, 0, 96, 0, 15, 2, 1, 0, 20)
21 (1, 4, 0, 0, 0, 95, 0, 13, 1, 1, 0, 176)
22 (1, 4, 0, 0, 0, 96, 0, 9, 1, 1, 0, 126)
23 (1, 4, 0, 0, 0, 93, 0, 7, 1, 1, 0, 221)
24 (1, 4, 0, 1, 1, 93, 0, 6, 1, 1, 0, 35)
25 (1, 4, 0, 18, 3, 92, 0, 9, 1, 1, 0, 83)
26 (1, 4, 0, 23, 7, 93, 0, 11, 1, 1, 0, 196) [FRAGMENTED]

