0 (1, 4, 4, 0, 0, 0, 0, 3, 1, 0, 0, 66)
1 (1, 4, 98, 0, 0, 0, 0, 0, 1, 0, 0, 78)
2 (1, 4, 127, 43, 0, 0, 0, 24, 1, 0, 0, 120)
3 (1, 4, 91, 78, 0, 0, 0, 40, 1, 0, 0, 219)
4 (1, 4, 116, 141, 0, 0, 93, 77, 1, 0, 0, 150)
5 (1, 4, 186, 43, 0, 0, 224, 131, 1, 0, 0, 36)
6 (1, 4, 0, 31, 212, 0, 218, 103, 1, 0, 0, 136)
7 (1, 4, 18, 2, 582, 0, 106, 106, 1, 0, 0, 46)
8 (1, 4, 81, 0, 732, 0, 74, 89, 1, 0, 0, 220)
9 (1, 4, 66, 0, 801, 0, 13, 81, 1, 0, 0, 22)
10 (1, 4, 0, 14, 653, 0, 0, 82, 1, 0, 0, 10)
11 (1, 4, 21, 75, 395, 0, 0, 86, 1, 0, 0, 211)
12 (1, 4, 10, 13, 46, 0, 0, 98, 1, 0, 0, 194)
13 (1, 4, 50, 0, 0, 0, 0, 88, 1, 0, 0, 91)
14 (1, 4, 38, 0, 0, 0, 0, 78, 1, 0, 0, 156)
15 (1, 4, 20, 23, 0, 0, 0, 85, 1, 0, 0, 155)
16 (1, 4, 15, 59, 0, 0, 105, 97, 1, 0, 0, 26)
17 (1, 4, 0, 57, 0, 0, 150, 121, 1, 0, 0, 27)
18 (1, 4, 0, 0, 0, 0, 132, 100, 1, 0, 0, 90)
19 (1, 4, 0, 0, 125, 2, 58, 90, 1, 0, 0, 80)
20 (1, 4, 0, 43, 219, 0, 0, 86, 1, 0, 0, 157)
21 (1, 4, 0, 0, 178, 0, 0, 88, 1, 0, 0, 63)
22 (1, 4, 0, 16, 132, 0, 0, 103, 1, 0, 0, 37)
23 (1, 4, 0, 0, 59, 0, 0, 118, 1, 0, 0, 97)
24 (1, 4, 9, 0, 13, 0, 0, 110, 1, 0, 0, 214)
25 (1, 4, 0, 0, 4, 4, 0, 101, 1, 0, 0, 112)
26 (1, 4, 0, 0, 16, 7, 0, 91, 1, 0, 0, 36)
27 (1, 4, 0, 0, 0, 8, 0, 87, 1, 0, 0, 97)
28 (1, 4, 0, 0, 0, 8, 0, 90, 1, 0, 0, 33)
29 (1, 4, 0, 0, 0, 8, 0, 97, 1, 0, 0, 223)
30 (1, 4, 0, 0, 0, 14, 0, 95, 1, 0, 0, 201)
31 (1, 4, 0, 0, 0, 13, 0, 96, 1, 0, 0, 99)
0 (1, 4, 0, 22, 0, 11, 0, 89, 1, 0, 0, 176)
1 (1, 4, 0, 46, 0, 11, 0, 86, 1, 0, 0, 89)
2 (1, 4, 0, 73, 0, 4, 0, 91, 1, 0, 0, 255)
3 (1, 4, 118, 61, 0, 0, 8, 118, 1, 0, 0, 211)
4 (1, 4, 304, 0, 79, 0, 127, 168, 1, 0, 0, 97)
5 (1, 4, 0, 0, 433, 0, 181, 129, 1, 0, 0, 214)
6 (1, 4, 147, 0, 779, 0, 87, 99, 1, 0, 0, 110)
7 (1, 4, 0, 0, 818, 0, 3, 72, 1, 0, 0, 113)
8 (1, 4, 0, 0, 690, 0, 0, 85, 1, 0, 0, 197)
9 (1, 4, 0, 0, 291, 0, 0, 49, 1, 0, 0, 169)
10 (1, 4, 0, 0, 0, 0, 0, 6, 1, 0, 0, 208)
11 (1, 4, 133, 174, 0, 0, 0, 32, 1, 0, 0, 89)
12 (1, 4, 100, 185, 0, 0, 0, 58, 1, 0, 0, 239)
13 (1, 4, 169, 179, 0, 0, 15, 105, 1, 0, 0, 178)
14 (1, 4, 41, 0, 0, 0, 161, 124, 1, 0, 0, 77)
15 (1, 4, 0, 0, 0, 0, 192, 121, 1, 0, 0, 48)
16 (1, 4, 0, 0, 107, 0, 105, 100, 1, 0, 0, 32)
17 (1, 4, 0, 0, 227, 1, 6, 99, 1, 0, 0, 223)
18 (1, 4, 28, 0, 187, 14, 0, 93, 1, 0, 0, 175)
19 (1, 4, 0, 0, 80, 21, 0, 91, 1, 0, 0, 22)
20 (1, 4, 0, 0, 0, 24, 0, 89, 1, 0, 0, 176)
21 (1, 4, 0, 14, 0, 25, 0, 92, 1, 0, 0, 1)
22 (1, 4, 0, 15, 0, 16, 1, 106, 1, 0, 0, 148)
23 (1, 4, 0, 0, 17, 17, 0, 104, 1, 0, 0, 17)
24 (1, 4, 0, 0, 19, 19, 0, 95, 1, 0, 0, 97)
25 (1, 4, 0, 0, 0, 20, 0, 92, 1, 0, 0, 158)
26 (1, 4, 0, 6, 0, 20, 0, 93, 1, 0, 0, 246)
27 (1, 4, 0, 13, 0, 19, 0, 94, 1, 0, 0, 166)
28 (1, 4, 0, 18, 0, 19, 0, 95, 1, 0, 0, 169)
29 (1, 4, 0, 23, 4, 16, 0, 98, 1, 0, 0, 139)
30 (1, 4, 0, 4, 2, 16, 0, 100, 1, 0, 0, 143)
31 (1, 4, 0, 2, 4, 16, 0, 100, 1, 0, 0, 73)
0 (1, 4, 0, 87, 43, 0, 0, 6, 1, 0, 0, 201)
1 (1, 4, 61, 20, 2, 0, 0, 12, 1, 0, 0, 118)
2 (1, 4, 224, 0, 0, 0, 0, 25, 1, 0, 0, 161)
3 (1, 4, 206, 0, 0, 0, 0, 37, 1, 0, 0, 223)
4 (1, 4, 326, 0, 0, 0, 0, 45, 1, 0, 0, 82)
5 (1, 4, 477, 0, 0, 0, 0, 42, 1, 0, 0, 214)
6 (1, 4, 385, 0, 0, 0, 0, 41, 1, 0, 0, 145)
7 (1, 4, 406, 0, 0, 0, 16, 57, 1, 0, 0, 13)
8 (1, 4, 307, 0, 0, 0, 89, 75, 1, 0, 0, 197)
9 (1, 4, 180, 0, 205, 0, 113, 74, 1, 0, 0, 151)
10 (1, 4, 164, 0, 518, 0, 90, 76, 1, 0, 0, 75)
11 (1, 4, 60, 0, 712, 0, 34, 63, 1, 0, 0, 11)
12 (1, 4, 40, 0, 772, 0, 0, 45, 1, 0, 0, 243)
13 (1, 4, 49, 0, 528, 0, 0, 27, 1, 0, 0, 175)
14 (1, 4, 28, 64, 11, 0, 0, 31, 1, 0, 0, 26)
15 (1, 4, 0, 113, 0, 0, 0, 34, 1, 0, 0, 145)
16 (1, 4, 60, 183, 0, 0, 0, 74, 1, 0, 0, 197)
17 (1, 4, 6, 202, 0, 0, 10, 93, 1, 0, 0, 129)
18 (1, 4, 20, 125, 0, 0, 114, 145, 1, 0, 0, 222)
19 (1, 4, 0, 22, 0, 0, 155, 153, 1, 0, 0, 93)
20 (1, 4, 0, 0, 0, 0, 114, 135, 1, 0, 0, 229)
21 (1, 4, 0, 0, 174, 0, 64, 115, 1, 0, 0, 149)
22 (1, 4, 0, 0, 275, 0, 6, 87, 1, 0, 0, 17)
23 (1, 4, 0, 0, 274, 8, 0, 63, 1, 0, 0, 98)
24 (1, 4, 31, 32, 144, 20, 0, 73, 1, 0, 0, 17)
25 (1, 4, 0, 48, 21, 22, 0, 93, 1, 0, 0, 105)
26 (1, 4, 0, 14, 0, 18, 0, 97, 1, 0, 0, 234)
27 (1, 4, 0, 8, 0, 11, 0, 98, 1, 0, 0, 43)
28 (1, 4, 0, 0, 0, 8, 0, 99, 1, 0, 0, 102)
29 (1, 4, 0, 0, 0, 7, 0, 98, 1, 0, 0, 28)
30 (1, 4, 0, 7, 3, 7, 0, 98, 1, 0, 0, 165)
31 (1, 4, 0, 1, 0, 6, 0, 98, 1, 0, 0, 182)
0 (1, 4, 0, 279, 206, 0, 0, 44, 1, 0, 0, 99)
1 (1, 4, 0, 152, 104, 0, 0, 28, 1, 0, 0, 58)
2 (1, 4, 0, 90, 69, 0, 0, 18, 1, 0, 0, 123)
3 (1, 4, 0, 93, 11, 0, 0, 18, 1, 0, 0, 79)
4 (1, 4, 5, 0, 0, 0, 0, 22, 1, 0, 0, 53)
5 (1, 4, 239, 0, 0, 0, 0, 43, 1, 0, 0, 48)
6 (1, 4, 224, 0, 0, 0, 0, 62, 1, 0, 0, 19)
7 (1, 4, 348, 0, 0, 0, 0, 78, 1, 0, 0, 92)
8 (1, 4, 393, 0, 0, 0, 2, 109, 1, 0, 0, 35)
9 (1, 4, 294, 0, 114, 0, 79, 101, 1, 0, 0, 85)
10 (1, 4, 140, 0, 368, 0, 78, 81, 1, 0, 0, 229)
11 (1, 4, 130, 0, 590, 0, 36, 54, 1, 0, 0, 201)
12 (1, 4, 64, 0, 677, 0, 0, 35, 1, 0, 0, 45)
13 (1, 4, 0, 0, 505, 0, 0, 32, 1, 0, 0, 67)
14 (1, 4, 0, 0, 221, 0, 0, 19, 1, 0, 0, 170)
15 (1, 4, 0, 0, 0, 0, 0, 0, 1, 0, 0, 28)
16 (1, 4, 0, 251, 0, 0, 0, 54, 1, 0, 0, 232)
17 (1, 4, 122, 213, 0, 0, 0, 113, 1, 0, 0, 186)
18 (1, 4, 71, 107, 0, 0, 82, 140, 1, 0, 0, 237)
19 (1, 4, 0, 35, 0, 0, 147, 143, 1, 0, 0, 79)
20 (1, 4, 0, 0, 0, 0, 109, 124, 1, 0, 0, 248)
21 (1, 4, 0, 0, 0, 0, 54, 95, 1, 0, 0, 234)
22 (1, 4, 0, 22, 0, 11, 16, 86, 1, 0, 0, 204)
23 (1, 4, 0, 85, 2, 15, 0, 81, 1, 0, 0, 82)
24 (1, 4, 15, 91, 23, 11, 0, 98, 1, 0, 0, 209)
25 (1, 4, 0, 28, 9, 8, 0, 109, 1, 0, 0, 96)
26 (1, 4, 0, 11, 29, 5, 0, 110, 1, 0, 0, 223)
27 (1, 4, 0, 3, 23, 2, 0, 100, 1, 0, 0, 241)
28 (1, 4, 0, 17, 25, 0, 0, 93, 1, 0, 0, 73)
29 (1, 4, 0, 0, 35, 0, 0, 95, 1, 0, 0, 54)
30 (1, 4, 0, 9, 32, 0, 0, 101, 1, 0, 0, 170)
31 (1, 4, 7, 0, 16, 2, 0, 102, 1, 0, 0, 95)
0 (1, 4, 132, 0, 31, 0, 0, 74, 1, 0, 0, 1)
1 (1, 4, 68, 0, 60, 0, 5, 80, 1, 0, 0, 194)
2 (1, 4, 0, 0, 91, 0, 0, 96, 2, 0, 0, 221)
3 (1, 4, 0, 0, 116, 0, 0, 89, 2, 0, 0, 61)
4 (1, 4, 0, 0, 52, 0, 0, 71, 1, 0, 0, 149)
5 (1, 4, 0, 0, 0, 0, 0, 45, 1, 0, 0, 253)
6 (1, 4, 0, 0, 0, 0, 0, 14, 1, 0, 0, 58)
7 (1, 4, 40, 0, 0, 0, 0, 10, 1, 0, 0, 248)
8 (1, 4, 121, 0, 0, 0, 0, 10, 1, 0, 0, 159)
9 (1, 4, 78, 15, 0, 0, 0, 21, 1, 0, 0, 9)
10 (1, 4, 0, 101, 0, 0, 51, 39, 1, 0, 0, 131)
11 (1, 4, 74, 158, 0, 0, 120, 84, 1, 0, 0, 45)
12 (1, 4, 0, 134, 0, 0, 211, 118, 1, 0, 0, 113)
13 (1, 4, 0, 22, 168, 0, 257, 134, 1, 0, 0, 85)
14 (1, 4, 142, 37, 649, 0, 139, 113, 1, 0, 0, 5)
15 (1, 4, 17, 0, 769, 0, 73, 89, 1, 0, 0, 128)
16 (1, 4, 0, 0, 666, 0, 0, 103, 1, 0, 0, 76)
17 (1, 4, 0, 39, 396, 0, 0, 85, 1, 0, 0, 174)
18 (1, 4, 0, 0, 115, 0, 0, 97, 1, 0, 0, 230)
19 (1, 4, 0, 0, 2, 8, 0, 84, 1, 0, 0, 40)
20 (1, 4, 0, 14, 0, 8, 0, 91, 1, 0, 0, 250)
21 (1, 4, 41, 0, 0, 12, 0, 94, 1, 0, 0, 145)
22 (1, 4, 10, 24, 0, 13, 0, 95, 1, 0, 0, 86)
23 (1, 4, 0, 21, 0, 9, 0, 100, 1, 0, 0, 100)
24 (1, 4, 0, 14, 0, 8, 0, 96, 1, 0, 0, 4)
25 (1, 4, 0, 13, 0, 4, 0, 95, 1, 0, 0, 211)
26 (1, 4, 21, 13, 0, 5, 0, 98, 1, 0, 0, 40)
27 (1, 4, 0, 15, 0, 5, 0, 98, 1, 0, 0, 147)
28 (1, 4, 0, 17, 0, 2, 0, 100, 1, 0, 0, 103)
29 (1, 4, 0, 6, 0, 5, 0, 98, 1, 0, 0, 149)
0 (1, 4, 163, 0, 0, 0, 0, 0, 1, 0, 0, 220)
1 (1, 4, 194, 66, 0, 0, 62, 28, 1, 0, 0, 102)
2 (1, 4, 286, 81, 0, 0, 159, 56, 1, 0, 0, 125)
3 (1, 4, 219, 12, 106, 4, 228, 87, 1, 0, 0, 196)
4 (1, 4, 218, 112, 571, 0, 172, 76, 1, 0, 0, 209)
5 (1, 4, 141, 149, 727, 0, 84, 76, 1, 0, 0, 204)
6 (1, 4, 40, 93, 750, 0, 1, 64, 1, 0, 0, 42)
7 (1, 4, 20, 80, 532, 0, 0, 78, 1, 0, 0, 222)
8 (1, 4, 0, 93, 121, 0, 0, 101, 1, 0, 0, 62)
9 (1, 4, 120, 0, 0, 0, 0, 89, 1, 0, 0, 97)
10 (1, 4, 48, 0, 0, 0, 0, 84, 1, 0, 0, 216)
11 (1, 4, 0, 0, 0, 0, 26, 92, 1, 0, 0, 163)
12 (1, 4, 0, 42, 0, 0, 107, 97, 1, 0, 0, 102)
13 (1, 4, 0, 81, 0, 0, 133, 118, 1, 0, 0, 30)
14 (1, 4, 0, 48, 0, 0, 170, 127, 1, 0, 0, 123)
15 (1, 4, 0, 0, 0, 0, 141, 117, 1, 0, 0, 238)
16 (1, 4, 2, 26, 170, 0, 9, 100, 1, 0, 0, 10)
17 (1, 4, 0, 0, 98, 0, 0, 93, 1, 0, 0, 224)
18 (1, 4, 17, 0, 60, 0, 0, 95, 1, 0, 0, 254)
19 (1, 4, 17, 0, 15, 0, 5, 95, 1, 0, 0, 94)
20 (1, 4, 0, 0, 0, 0, 12, 104, 1, 0, 0, 48)
21 (1, 4, 4, 0, 0, 0, 22, 103, 1, 0, 0, 71)
22 (1, 4, 0, 0, 27, 9, 24, 93, 1, 0, 0, 17)
23 (1, 4, 5, 0, 36, 3, 15, 95, 1, 0, 0, 109)
24 (1, 4, 24, 0, 36, 3, 19, 93, 1, 0, 0, 213)
25 (1, 4, 0, 17, 39, 8, 15, 95, 1, 0, 0, 237)
26 (1, 4, 8, 0, 22, 12, 13, 94, 1, 0, 0, 13)
27 (1, 4, 0, 0, 0, 12, 15, 96, 1, 0, 0, 213)
28 (1, 4, 0, 0, 2, 14, 14, 93, 1, 0, 0, 143)
29 (1, 4, 0, 0, 7, 11, 15, 95, 1, 0, 0, 230)
0 (1, 4, 325, 0, 240, 3, 132, 78, 1, 0, 0, 191)
1 (1, 4, 264, 0, 539, 0, 103, 78, 1, 0, 0, 176)
2 (1, 4, 243, 45, 716, 0, 47, 86, 1, 0, 0, 7)
3 (1, 4, 162, 73, 696, 0, 0, 113, 1, 0, 0, 201)
4 (1, 4, 15, 57, 566, 0, 0, 107, 1, 0, 0, 193)
5 (1, 4, 0, 59, 241, 0, 0, 100, 1, 0, 0, 90)
6 (1, 4, 0, 0, 0, 0, 0, 58, 1, 0, 0, 61)
7 (1, 4, 25, 104, 0, 0, 0, 50, 1, 0, 0, 187)
8 (1, 4, 0, 116, 0, 0, 0, 71, 1, 0, 0, 176)
9 (1, 4, 0, 144, 0, 0, 29, 108, 1, 0, 0, 217)
10 (1, 4, 0, 104, 0, 0, 114, 152, 1, 0, 0, 61)
11 (1, 4, 0, 0, 0, 0, 109, 124, 1, 0, 0, 248)
12 (1, 4, 0, 0, 0, 2, 57, 109, 1, 0, 0, 182)
13 (1, 4, 0, 0, 33, 17, 21, 93, 1, 0, 0, 87)
14 (1, 4, 0, 0, 86, 24, 0, 87, 1, 0, 0, 99)
15 (1, 4, 3, 16, 100, 27, 0, 86, 1, 0, 0, 64)
16 (1, 4, 0, 22, 69, 20, 0, 90, 1, 0, 0, 181)
17 (1, 4, 0, 1, 59, 14, 0, 96, 1, 0, 0, 113)
18 (1, 4, 0, 0, 97, 18, 0, 89, 1, 0, 0, 231)
19 (1, 4, 0, 0, 103, 21, 0, 88, 1, 0, 0, 20)
20 (1, 4, 18, 0, 86, 23, 0, 89, 1, 0, 0, 28)
21 (1, 4, 9, 3, 46, 21, 0, 96, 1, 0, 0, 249)
22 (1, 4, 19, 0, 22, 18, 0, 97, 1, 0, 0, 18)
23 (1, 4, 25, 0, 22, 15, 0, 98, 1, 0, 0, 116)
24 (1, 4, 0, 0, 34, 21, 0, 90, 1, 0, 0, 156)
25 (1, 4, 0, 0, 35, 23, 0, 86, 1, 0, 0, 169)
26 (1, 4, 18, 0, 26, 23, 0, 83, 1, 0, 0, 86)
27 (1, 4, 0, 10, 6, 22, 0, 87, 1, 0, 0, 131)
28 (1, 4, 2, 12, 4, 22, 0, 90, 1, 0, 0, 71)
29 (1, 4, 0, 7, 2, 21, 0, 90, 1, 0, 0, 96)
0 (1, 4, 130, 0, 0, 0, 265, 36, 1, 0, 0, 106)
1 (1, 4, 131, 140, 378, 0, 250, 60, 1, 0, 0, 191)
2 (1, 4, 119, 278, 682, 0, 154, 72, 1, 0, 0, 160)
3 (1, 4, 46, 135, 697, 0, 71, 90, 1, 0, 0, 217)
4 (1, 4, 62, 65, 626, 0, 13, 92, 1, 0, 0, 228)
5 (1, 4, 0, 113, 571, 0, 0, 79, 1, 0, 0, 9)
6 (1, 4, 0, 23, 116, 0, 0, 93, 1, 0, 0, 141)
7 (1, 4, 0, 0, 0, 5, 0, 72, 1, 0, 0, 208)
8 (1, 4, 0, 7, 0, 0, 0, 75, 1, 0, 0, 215)
9 (1, 4, 0, 38, 0, 0, 0, 80, 1, 0, 0, 255)
10 (1, 4, 84, 62, 0, 0, 69, 93, 1, 0, 0, 188)
11 (1, 4, 0, 37, 0, 0, 158, 107, 1, 0, 0, 184)
12 (1, 4, 0, 0, 0, 0, 157, 108, 1, 0, 0, 141)
13 (1, 4, 0, 0, 0, 3, 151, 98, 1, 0, 0, 185)
14 (1, 4, 0, 0, 93, 8, 86, 86, 1, 0, 0, 194)
15 (1, 4, 15, 16, 150, 8, 17, 85, 1, 0, 0, 224)
16 (1, 4, 11, 10, 42, 13, 17, 85, 1, 0, 0, 150)
17 (1, 4, 0, 19, 20, 12, 24, 92, 1, 0, 0, 77)
18 (1, 4, 8, 14, 10, 12, 35, 95, 1, 0, 0, 150)
19 (1, 4, 0, 16, 16, 13, 37, 95, 1, 0, 0, 97)
20 (1, 4, 0, 5, 19, 12, 31, 95, 1, 0, 0, 112)
21 (1, 4, 0, 3, 14, 13, 30, 91, 1, 0, 0, 221)
22 (1, 4, 0, 2, 8, 12, 29, 91, 1, 0, 0, 141)
23 (1, 4, 0, 3, 5, 12, 31, 92, 1, 0, 0, 175)
24 (1, 4, 0, 0, 0, 12, 33, 92, 1, 0, 0, 229)
25 (1, 4, 0, 2, 0, 12, 34, 93, 1, 0, 0, 220)
26 (1, 4, 0, 0, 0, 12, 35, 92, 1, 0, 0, 23)
27 (1, 4, 0, 7, 5, 12, 33, 90, 1, 0, 0, 225)
28 (1, 4, 1, 0, 6, 11, 31, 92, 1, 0, 0, 159)
0 (1, 4, 0, 115, 267, 0, 0, 60, 1, 0, 0, 83)
1 (1, 4, 0, 54, 314, 0, 0, 38, 1, 0, 0, 42)
2 (1, 4, 0, 79, 271, 0, 0, 35, 1, 0, 0, 237)
3 (1, 4, 0, 125, 339, 0, 0, 31, 1, 0, 0, 168)
4 (1, 4, 0, 109, 332, 0, 0, 28, 1, 0, 0, 137)
5 (1, 4, 0, 96, 333, 0, 0, 24, 1, 0, 0, 180)
6 (1, 4, 0, 192, 318, 0, 0, 43, 1, 0, 0, 162)
7 (1, 4, 197, 82, 232, 0, 0, 37, 1, 0, 0, 122)
8 (1, 4, 16, 0, 149, 0, 0, 21, 1, 0, 0, 193)
9 (1, 4, 0, 0, 19, 0, 0, 37, 1, 0, 0, 211)
10 (1, 4, 0, 0, 0, 0, 0, 55, 1, 0, 0, 125)
11 (1, 4, 0, 0, 0, 0, 0, 49, 1, 0, 0, 177)
12 (1, 4, 0, 0, 0, 0, 0, 33, 1, 0, 0, 98)
13 (1, 4, 129, 0, 0, 0, 0, 12, 1, 0, 0, 152)
14 (1, 4, 231, 165, 0, 0, 0, 22, 1, 0, 0, 222)
15 (1, 4, 873, 23, 0, 0, 0, 114, 1, 0, 0, 199)
16 (1, 4, 386, 0, 0, 0, 180, 17, 1, 0, 0, 68)
17 (1, 4, 0, 0, 175, 0, 97, 32, 1, 0, 0, 133)
18 (1, 4, 357, 0, 453, 0, 51, 36, 1, 0, 0, 44)
19 (1, 4, 311, 93, 596, 0, 53, 27, 1, 0, 0, 0)
20 (1, 4, 0, 183, 643, 0, 0, 62, 1, 0, 0, 24)
21 (1, 4, 0, 294, 524, 0, 0, 107, 1, 0, 0, 188)
22 (1, 4, 0, 0, 0, 0, 0, 74, 1, 0, 0, 10)
23 (1, 4, 52, 5, 0, 0, 0, 50, 1, 0, 0, 167)
24 (1, 4, 51, 20, 0, 0, 0, 71, 1, 0, 0, 196)
25 (1, 4, 27, 93, 0, 0, 0, 90, 1, 0, 0, 101)
26 (1, 4, 0, 98, 0, 0, 85, 110, 1, 0, 0, 247)
27 (1, 4, 0, 132, 0, 0, 140, 117, 1, 0, 0, 76)
28 (1, 4, 0, 0, 0, 12, 61, 117, 1, 0, 0, 214)
29 (1, 4, 0, 0, 103, 24, 10, 96, 1, 0, 0, 36)
30 (1, 4, 0, 61, 112, 15, 0, 115, 1, 0, 0, 237)
31 (1, 4, 54, 0, 91, 18, 0, 110, 1, 0, 0, 151)
0 (1, 4, 425, 0, 0, 0, 0, 15, 1, 0, 0, 75)
1 (1, 4, 306, 0, 0, 0, 28, 6, 1, 0, 0, 78)
2 (1, 4, 317, 0, 0, 0, 83, 36, 1, 0, 0, 191)
3 (1, 4, 288, 0, 0, 1, 186, 22, 1, 0, 0, 86)
4 (1, 4, 144, 89, 278, 6, 188, 43, 1, 0, 0, 175)
5 (1, 4, 234, 220, 559, 0, 115, 65, 1, 0, 0, 63)
6 (1, 4, 236, 236, 595, 0, 65, 88, 1, 0, 0, 188)
7 (1, 4, 0, 203, 574, 0, 8, 105, 1, 0, 0, 19)
8 (1, 4, 0, 198, 472, 0, 0, 127, 1, 0, 0, 115)
9 (1, 4, 0, 0, 0, 0, 0, 110, 1, 0, 0, 222)
10 (1, 4, 0, 0, 0, 0, 0, 65, 1, 0, 0, 134)
11 (1, 4, 0, 30, 0, 0, 0, 79, 1, 0, 0, 197)
12 (1, 4, 0, 88, 0, 0, 0, 103, 1, 0, 0, 186)
13 (1, 4, 107, 40, 0, 0, 45, 114, 1, 0, 0, 153)
14 (1, 4, 0, 0, 0, 0, 120, 118, 1, 0, 0, 180)
15 (1, 4, 0, 0, 0, 0, 127, 122, 1, 0, 0, 67)
16 (1, 4, 0, 0, 0, 18, 98, 91, 1, 0, 0, 42)
17 (1, 4, 0, 0, 99, 24, 35, 82, 1, 0, 0, 4)
18 (1, 4, 106, 69, 124, 20, 5, 89, 1, 0, 0, 248)
19 (1, 4, 95, 67, 73, 16, 5, 98, 1, 0, 0, 151)
20 (1, 4, 43, 39, 33, 12, 7, 95, 1, 0, 0, 144)
21 (1, 4, 23, 29, 10, 14, 17, 91, 1, 0, 0, 164)
22 (1, 4, 6, 24, 9, 13, 19, 95, 1, 0, 0, 56)
23 (1, 4, 5, 0, 4, 14, 25, 96, 1, 0, 0, 23)
24 (1, 4, 0, 0, 7, 15, 23, 95, 1, 0, 0, 222)
25 (1, 4, 0, 0, 0, 15, 25, 92, 1, 0, 0, 141)
26 (1, 4, 0, 12, 1, 13, 25, 96, 1, 0, 0, 163)
27 (1, 4, 3, 7, 1, 12, 26, 97, 1, 0, 0, 145)
28 (1, 4, 19, 15, 6, 8, 24, 98, 1, 0, 0, 207)
29 (1, 4, 0, 16, 2, 10, 28, 95, 1, 0, 0, 92)
0 (1, 4, 99, 0, 609, 0, 42, 41, 1, 0, 0, 193)
1 (1, 4, 47, 0, 613, 0, 0, 35, 1, 0, 0, 51)
2 (1, 4, 99, 148, 513, 0, 0, 81, 1, 0, 0, 157)
3 (1, 4, 0, 6, 62, 0, 0, 80, 1, 0, 0, 113)
4 (1, 4, 0, 0, 0, 0, 0, 51, 1, 0, 0, 8)
5 (1, 4, 0, 41, 0, 0, 0, 61, 1, 0, 0, 234)
6 (1, 4, 0, 111, 0, 0, 0, 76, 1, 0, 0, 54)
7 (1, 4, 0, 211, 0, 0, 0, 97, 1, 0, 0, 28)
8 (1, 4, 13, 115, 0, 0, 50, 125, 1, 0, 0, 175)
9 (1, 4, 0, 0, 0, 2, 90, 116, 1, 0, 0, 204)
10 (1, 4, 0, 0, 0, 27, 66, 110, 1, 0, 0, 24)
11 (1, 4, 0, 0, 27, 32, 7, 98, 1, 0, 0, 184)
12 (1, 4, 0, 40, 74, 23, 0, 97, 1, 0, 0, 148)
13 (1, 4, 22, 0, 58, 22, 0, 92, 1, 0, 0, 118)
14 (1, 4, 0, 4, 20, 23, 0, 87, 1, 0, 0, 200)
15 (1, 4, 0, 0, 0, 25, 0, 84, 1, 0, 0, 239)
16 (1, 4, 0, 0, 22, 24, 0, 87, 1, 0, 0, 152)
17 (1, 4, 0, 0, 28, 25, 0, 86, 1, 0, 0, 203)
18 (1, 4, 0, 0, 19, 26, 0, 88, 1, 0, 0, 149)
19 (1, 4, 3, 0, 18, 28, 0, 86, 1, 0, 0, 119)
20 (1, 4, 1, 11, 8, 28, 0, 86, 1, 0, 0, 236)
21 (1, 4, 23, 7, 7, 24, 0, 87, 1, 0, 0, 187)
22 (1, 4, 3, 5, 0, 23, 0, 86, 1, 0, 0, 145)
23 (1, 4, 0, 0, 0, 25, 0, 84, 1, 0, 0, 239)
24 (1, 4, 0, 2, 0, 25, 0, 83, 1, 0, 0, 145)
25 (1, 4, 0, 0, 1, 24, 0, 84, 1, 0, 0, 100)
26 (1, 4, 0, 9, 0, 24, 0, 86, 1, 0, 0, 79)
27 (1, 4, 0, 4, 0, 23, 0, 89, 1, 0, 0, 207)
28 (1, 4, 0, 2, 0, 24, 0, 87, 1, 0, 0, 251)
29 (1, 4, 0, 0, 0, 24, 0, 86, 1, 0, 0, 73)
0 (1, 4, 0, 142, 180, 0, 0, 49, 1, 0, 0, 154)
1 (1, 4, 0, 53, 62, 0, 0, 33, 1, 0, 0, 226)
2 (1, 4, 0, 0, 0, 0, 0, 37, 2, 0, 0, 177)
3 (1, 4, 86, 0, 0, 0, 0, 59, 1, 0, 0, 175)
4 (1, 4, 254, 0, 0, 0, 0, 68, 1, 0, 0, 195)
5 (1, 4, 350, 0, 0, 0, 0, 78, 1, 0, 0, 64)
6 (1, 4, 337, 0, 0, 0, 0, 86, 1, 0, 0, 35)
7 (1, 4, 191, 0, 0, 0, 0, 69, 2, 0, 0, 61)
8 (1, 4, 196, 0, 0, 0, 0, 19, 1, 0, 0, 13)
9 (1, 4, 189, 0, 0, 0, 29, 0, 1, 0, 0, 182)
10 (1, 4, 341, 0, 0, 0, 89, 20, 1, 0, 0, 192)
11 (1, 4, 438, 0, 0, 24, 183, 22, 1, 0, 0, 204)
12 (1, 4, 387, 154, 293, 26, 175, 53, 1, 0, 0, 183)
13 (1, 4, 247, 217, 521, 0, 144, 54, 1, 0, 0, 245)
14 (1, 4, 136, 219, 641, 0, 56, 74, 1, 0, 0, 113)
15 (1, 4, 28, 139, 558, 0, 0, 65, 1, 0, 0, 205)
16 (1, 4, 0, 172, 249, 0, 0, 99, 1, 0, 0, 151)
17 (1, 4, 22, 0, 0, 0, 0, 101, 1, 0, 0, 150)
18 (1, 4, 0, 0, 0, 0, 0, 80, 1, 0, 0, 138)
19 (1, 4, 0, 0, 0, 0, 0, 78, 1, 0, 0, 127)
20 (1, 4, 0, 41, 0, 0, 12, 90, 1, 0, 0, 63)
21 (1, 4, 0, 49, 0, 0, 91, 91, 1, 0, 0, 197)
22 (1, 4, 0, 38, 0, 0, 139, 115, 1, 0, 0, 70)
23 (1, 4, 0, 0, 0, 3, 131, 117, 1, 0, 0, 31)
24 (1, 4, 0, 0, 0, 12, 112, 105, 1, 0, 0, 219)
25 (1, 4, 0, 16, 82, 8, 57, 97, 1, 0, 0, 37)
26 (1, 4, 0, 59, 90, 0, 6, 103, 1, 0, 0, 37)
27 (1, 4, 0, 0, 27, 4, 0, 100, 1, 0, 0, 137)
28 (1, 4, 22, 0, 9, 10, 9, 95, 1, 0, 0, 225)
29 (1, 4, 0, 0, 7, 14, 19, 92, 1, 0, 0, 68)
0 (1, 4, 105, 0, 649, 0, 0, 42, 2, 0, 0, 27)
1 (1, 4, 0, 0, 507, 0, 0, 35, 2, 0, 0, 172)
2 (1, 4, 19, 48, 432, 0, 0, 54, 2, 0, 0, 120)
3 (1, 4, 0, 57, 104, 0, 0, 84, 2, 0, 0, 69)
4 (1, 4, 0, 0, 0, 0, 0, 58, 1, 0, 0, 61)
5 (1, 4, 12, 0, 0, 0, 0, 55, 1, 0, 0, 53)
6 (1, 4, 0, 45, 0, 0, 0, 74, 1, 0, 0, 20)
7 (1, 4, 53, 113, 0, 0, 0, 94, 1, 0, 0, 40)
8 (1, 4, 61, 113, 0, 0, 73, 117, 1, 0, 0, 215)
9 (1, 4, 0, 53, 0, 0, 120, 115, 1, 0, 0, 210)
10 (1, 4, 0, 0, 0, 23, 77, 108, 1, 0, 0, 140)
11 (1, 4, 0, 0, 12, 23, 16, 102, 1, 0, 0, 249)
12 (1, 4, 0, 0, 55, 28, 0, 97, 1, 0, 0, 48)
13 (1, 4, 0, 0, 56, 22, 0, 97, 1, 0, 0, 175)
14 (1, 4, 8, 2, 16, 18, 0, 98, 1, 0, 0, 234)
15 (1, 4, 39, 0, 8, 18, 0, 96, 1, 0, 0, 96)
16 (1, 4, 0, 0, 5, 18, 0, 96, 1, 0, 0, 251)
17 (1, 4, 0, 0, 13, 18, 0, 95, 1, 0, 0, 204)
18 (1, 4, 0, 0, 1, 21, 0, 92, 1, 0, 0, 21)
19 (1, 4, 1, 0, 8, 22, 0, 95, 1, 0, 0, 116)
20 (1, 4, 34, 0, 21, 22, 0, 97, 1, 0, 0, 252)
21 (1, 4, 22, 0, 17, 24, 0, 90, 1, 0, 0, 249)
22 (1, 4, 0, 6, 1, 21, 0, 94, 1, 0, 0, 27)
23 (1, 4, 0, 0, 0, 22, 0, 92, 1, 0, 0, 160)
24 (1, 4, 0, 3, 0, 23, 0, 91, 1, 0, 0, 116)
25 (1, 4, 0, 3, 0, 23, 0, 92, 1, 0, 0, 103)
26 (1, 4, 4, 4, 6, 23, 0, 93, 1, 0, 0, 243)
27 (1, 4, 0, 4, 2, 23, 0, 94, 1, 0, 0, 243)
28 (1, 4, 2, 0, 11, 21, 0, 94, 1, 0, 0, 35)
0 (1, 4, 0, 239, 223, 0, 0, 74, 1, 0, 0, 215)
1 (1, 4, 0, 82, 148, 0, 0, 57, 1, 0, 0, 4)
2 (1, 4, 0, 32, 132, 0, 0, 35, 1, 0, 0, 182)
3 (1, 4, 0, 97, 45, 0, 0, 42, 1, 0, 0, 146)
4 (1, 4, 189, 0, 0, 0, 0, 58, 1, 0, 0, 73)
5 (1, 4, 326, 0, 0, 0, 0, 74, 1, 0, 0, 165)
6 (1, 4, 340, 0, 0, 0, 0, 89, 1, 0, 0, 236)
7 (1, 4, 95, 0, 0, 0, 0, 85, 1, 0, 0, 19)
8 (1, 4, 267, 0, 0, 0, 0, 69, 1, 0, 0, 147)
9 (1, 4, 461, 0, 0, 0, 49, 68, 1, 0, 0, 5)
10 (1, 4, 558, 0, 0, 0, 71, 74, 1, 0, 0, 239)
11 (1, 4, 396, 0, 265, 19, 105, 41, 1, 0, 0, 219)
12 (1, 4, 272, 0, 447, 7, 72, 47, 1, 0, 0, 84)
13 (1, 4, 219, 41, 555, 0, 42, 32, 1, 0, 0, 26)
14 (1, 4, 0, 114, 519, 0, 0, 41, 1, 0, 0, 154)
15 (1, 4, 65, 195, 388, 0, 0, 72, 1, 0, 0, 156)
16 (1, 4, 0, 0, 0, 0, 0, 101, 1, 0, 0, 82)
17 (1, 4, 0, 0, 0, 0, 0, 79, 1, 0, 0, 160)
18 (1, 4, 0, 0, 0, 0, 0, 82, 1, 0, 0, 51)
19 (1, 4, 0, 25, 0, 0, 0, 97, 1, 0, 0, 64)
20 (1, 4, 10, 11, 0, 0, 53, 103, 1, 0, 0, 254)
21 (1, 4, 0, 10, 0, 0, 123, 100, 1, 0, 0, 139)
22 (1, 4, 0, 0, 0, 0, 114, 112, 1, 0, 0, 75)
23 (1, 4, 0, 0, 0, 11, 129, 98, 1, 0, 0, 213)
24 (1, 4, 0, 0, 11, 15, 94, 97, 1, 0, 0, 202)
25 (1, 4, 0, 15, 114, 13, 39, 91, 1, 0, 0, 28)
26 (1, 4, 10, 11, 93, 11, 0, 96, 1, 0, 0, 212)
27 (1, 4, 11, 3, 37, 17, 2, 91, 1, 0, 0, 146)
28 (1, 4, 10, 7, 0, 19, 8, 96, 1, 0, 0, 129)
29 (1, 4, 37, 0, 0, 18, 25, 96, 1, 0, 0, 253)
30 (1, 4, 18, 1, 0, 17, 34, 95, 1, 0, 0, 45)
31 (1, 4, 4, 0, 0, 17, 33, 91, 1, 0, 0, 162)
0 (1, 4, 0, 236, 389, 0, 0, 24, 1, 0, 0, 106)
1 (1, 4, 0, 156, 347, 0, 0, 25, 1, 0, 0, 45)
2 (1, 4, 0, 150, 162, 0, 0, 9, 1, 0, 0, 222)
3 (1, 4, 0, 41, 0, 0, 0, 99, 1, 0, 0, 90)
4 (1, 4, 125, 0, 0, 0, 0, 9, 1, 0, 0, 193)
5 (1, 4, 111, 0, 0, 0, 0, 35, 1, 0, 0, 207)
6 (1, 4, 378, 0, 0, 0, 0, 14, 1, 0, 0, 250)
7 (1, 4, 363, 0, 0, 0, 0, 34, 1, 0, 0, 42)
8 (1, 4, 305, 0, 0, 0, 0, 43, 1, 0, 0, 26)
9 (1, 4, 286, 0, 0, 0, 46, 52, 1, 0, 0, 112)
10 (1, 4, 332, 0, 0, 0, 83, 60, 1, 0, 0, 38)
11 (1, 4, 230, 0, 261, 0, 92, 51, 1, 0, 0, 93)
12 (1, 4, 99, 0, 463, 0, 65, 48, 1, 0, 0, 95)
13 (1, 4, 129, 0, 579, 0, 36, 47, 1, 0, 0, 75)
14 (1, 4, 5, 20, 670, 0, 2, 50, 1, 0, 0, 81)
15 (1, 4, 34, 188, 694, 0, 0, 72, 2, 0, 0, 190)
16 (1, 4, 0, 36, 148, 0, 0, 78, 1, 0, 0, 183)
17 (1, 4, 14, 17, 0, 0, 0, 73, 1, 0, 0, 236)
18 (1, 4, 86, 3, 0, 0, 0, 78, 1, 0, 0, 234)
19 (1, 4, 21, 7, 0, 0, 0, 80, 1, 0, 0, 94)
20 (1, 4, 0, 62, 0, 0, 0, 75, 1, 0, 0, 114)
21 (1, 4, 59, 59, 0, 0, 0, 93, 2, 0, 0, 225)
22 (1, 4, 1, 0, 0, 0, 72, 106, 2, 0, 0, 216)
23 (1, 4, 0, 0, 0, 0, 83, 108, 1, 0, 0, 115)
24 (1, 4, 0, 4, 0, 14, 53, 112, 1, 0, 0, 89)
25 (1, 4, 0, 34, 2, 17, 3, 109, 1, 0, 0, 91)
26 (1, 4, 0, 3, 30, 23, 0, 98, 1, 0, 0, 129)
27 (1, 4, 0, 0, 12, 29, 0, 85, 1, 0, 0, 174)
28 (1, 4, 0, 0, 11, 29, 0, 84, 1, 0, 0, 148)
0 (1, 4, 0, 96, 163, 0, 0, 14, 1, 0, 0, 207)
1 (1, 4, 0, 156, 93, 0, 0, 11, 1, 0, 0, 107)
2 (1, 4, 0, 0, 0, 0, 0, 37, 2, 0, 0, 177)
3 (1, 4, 69, 5, 0, 0, 0, 29, 1, 0, 0, 95)
4 (1, 4, 164, 0, 0, 0, 0, 43, 1, 0, 0, 219)
5 (1, 4, 303, 0, 0, 0, 0, 42, 1, 0, 0, 113)
6 (1, 4, 415, 0, 0, 0, 0, 53, 1, 0, 0, 105)
7 (1, 4, 444, 0, 0, 0, 0, 48, 2, 0, 0, 176)
8 (1, 4, 351, 0, 0, 0, 0, 37, 2, 0, 0, 128)
9 (1, 4, 299, 0, 0, 0, 39, 28, 1, 0, 0, 146)
10 (1, 4, 392, 0, 0, 10, 80, 51, 2, 0, 0, 144)
11 (1, 4, 369, 0, 200, 22, 129, 54, 1, 0, 0, 78)
12 (1, 4, 274, 68, 435, 11, 114, 75, 1, 0, 0, 93)
13 (1, 4, 232, 114, 584, 0, 85, 73, 1, 0, 0, 242)
14 (1, 4, 23, 154, 665, 0, 24, 61, 1, 0, 0, 2)
15 (1, 4, 0, 136, 538, 0, 0, 60, 1, 0, 0, 21)
16 (1, 4, 0, 110, 111, 0, 0, 95, 1, 0, 0, 106)
17 (1, 4, 36, 0, 0, 0, 0, 85, 1, 0, 0, 223)
18 (1, 4, 0, 0, 0, 0, 0, 87, 1, 0, 0, 153)
19 (1, 4, 0, 0, 0, 0, 0, 83, 1, 0, 0, 236)
20 (1, 4, 0, 54, 0, 0, 0, 98, 1, 0, 0, 85)
21 (1, 4, 0, 92, 0, 0, 72, 102, 1, 0, 0, 100)
22 (1, 4, 0, 125, 0, 4, 116, 126, 1, 0, 0, 252)
23 (1, 4, 0, 47, 0, 8, 90, 137, 1, 0, 0, 132)
24 (1, 4, 0, 0, 0, 15, 61, 109, 1, 0, 0, 206)
25 (1, 4, 0, 26, 19, 7, 9, 110, 1, 0, 0, 64)
26 (1, 4, 69, 0, 43, 10, 2, 100, 1, 0, 0, 255)
27 (1, 4, 0, 0, 21, 15, 0, 94, 1, 0, 0, 188)
28 (1, 4, 0, 0, 10, 14, 0, 96, 1, 0, 0, 209)
29 (1, 4, 22, 0, 12, 19, 4, 93, 1, 0, 0, 217)
30 (1, 4, 0, 13, 2, 18, 3, 100, 1, 0, 0, 60)
31 (1, 4, 13, 0, 14, 18, 5, 99, 1, 0, 0, 70)
0 (1, 4, 113, 106, 109, 0, 0, 19, 1, 0, 0, 229)
1 (1, 4, 0, 0, 0, 0, 0, 43, 2, 0, 0, 151)
2 (1, 4, 64, 0, 0, 0, 0, 0, 1, 0, 0, 149)
3 (1, 4, 143, 0, 0, 0, 0, 13, 1, 0, 0, 19)
4 (1, 4, 0, 0, 0, 0, 0, 22, 1, 0, 0, 3)
5 (1, 4, 0, 0, 0, 0, 0, 20, 1, 0, 0, 186)
6 (1, 4, 150, 0, 0, 0, 0, 11, 1, 0, 0, 65)
7 (1, 4, 150, 0, 0, 0, 0, 14, 1, 0, 0, 235)
8 (1, 4, 404, 0, 0, 0, 0, 41, 2, 0, 0, 225)
9 (1, 4, 453, 0, 0, 0, 40, 43, 2, 0, 0, 243)
10 (1, 4, 236, 0, 5, 0, 76, 52, 2, 0, 0, 92)
11 (1, 4, 75, 0, 299, 0, 69, 52, 1, 0, 0, 212)
12 (1, 4, 63, 0, 533, 0, 51, 46, 1, 0, 0, 234)
13 (1, 4, 14, 0, 726, 0, 23, 48, 1, 0, 0, 105)
14 (1, 4, 0, 0, 800, 0, 0, 54, 1, 0, 0, 187)
15 (1, 4, 65, 0, 674, 0, 0, 59, 1, 0, 0, 255)
16 (1, 4, 0, 0, 514, 0, 0, 54, 1, 0, 0, 55)
17 (1, 4, 0, 0, 261, 0, 0, 23, 1, 0, 0, 75)
18 (1, 4, 0, 88, 0, 0, 0, 23, 1, 0, 0, 141)
19 (1, 4, 148, 63, 0, 0, 0, 30, 1, 0, 0, 54)
20 (1, 4, 142, 87, 0, 0, 0, 45, 1, 0, 0, 92)
21 (1, 4, 164, 97, 0, 0, 0, 57, 1, 0, 0, 69)
22 (1, 4, 4, 258, 0, 0, 0, 70, 1, 0, 0, 37)
23 (1, 4, 0, 215, 0, 0, 0, 68, 1, 0, 0, 205)
24 (1, 4, 167, 83, 0, 0, 6, 77, 1, 0, 0, 202)
25 (1, 4, 89, 0, 0, 0, 50, 65, 1, 0, 0, 235)
26 (1, 4, 0, 74, 0, 10, 35, 67, 1, 0, 0, 34)
27 (1, 4, 0, 124, 0, 20, 0, 96, 1, 0, 0, 58)
28 (1, 4, 84, 11, 37, 29, 0, 82, 1, 0, 0, 81)
29 (1, 4, 0, 0, 34, 29, 0, 68, 1, 0, 0, 145)
30 (1, 4, 0, 0, 27, 28, 0, 62, 1, 0, 0, 67)
31 (1, 4, 6, 0, 5, 35, 0, 52, 1, 0, 0, 61)
0 (1, 4, 145, 0, 0, 0, 0, 51, 1, 0, 0, 243)
1 (1, 4, 347, 0, 0, 0, 0, 45, 1, 0, 0, 244)
2 (1, 4, 440, 0, 0, 0, 0, 43, 1, 0, 0, 113)
3 (1, 4, 448, 0, 0, 0, 0, 33, 1, 0, 0, 252)
4 (1, 4, 397, 0, 0, 0, 0, 11, 1, 0, 0, 193)
5 (1, 4, 234, 0, 0, 0, 38, 1, 1, 0, 0, 232)
6 (1, 4, 251, 0, 0, 10, 89, 29, 1, 0, 0, 183)
7 (1, 4, 300, 0, 0, 29, 172, 33, 1, 0, 0, 152)
8 (1, 4, 274, 116, 282, 20, 173, 48, 1, 0, 0, 50)
9 (1, 4, 258, 197, 484, 2, 138, 67, 1, 0, 0, 2)
10 (1, 4, 245, 227, 602, 0, 88, 82, 1, 0, 0, 213)
11 (1, 4, 123, 202, 628, 0, 26, 73, 1, 0, 0, 212)
12 (1, 4, 0, 159, 505, 0, 0, 59, 1, 0, 0, 205)
13 (1, 4, 21, 210, 338, 0, 0, 91, 1, 0, 0, 168)
14 (1, 4, 27, 14, 0, 1, 0, 99, 1, 0, 0, 7)
15 (1, 4, 0, 0, 0, 9, 0, 94, 1, 0, 0, 75)
16 (1, 4, 25, 0, 0, 0, 0, 79, 1, 0, 0, 62)
17 (1, 4, 0, 0, 0, 0, 0, 83, 1, 0, 0, 236)
18 (1, 4, 55, 0, 0, 0, 50, 99, 1, 0, 0, 233)
19 (1, 4, 0, 0, 0, 0, 139, 90, 1, 0, 0, 167)
20 (1, 4, 0, 0, 0, 0, 162, 98, 1, 0, 0, 138)
21 (1, 4, 0, 0, 0, 1, 148, 93, 1, 0, 0, 135)
22 (1, 4, 0, 0, 0, 11, 116, 77, 1, 0, 0, 177)
23 (1, 4, 0, 12, 88, 10, 57, 78, 1, 0, 0, 216)
24 (1, 4, 33, 41, 89, 9, 21, 84, 1, 0, 0, 166)
25 (1, 4, 53, 36, 38, 8, 20, 87, 1, 0, 0, 129)
26 (1, 4, 3, 38, 4, 7, 30, 91, 1, 0, 0, 55)
27 (1, 4, 9, 9, 0, 5, 38, 97, 1, 0, 0, 32)
28 (1, 4, 0, 0, 0, 9, 48, 91, 1, 0, 0, 105)
29 (1, 4, 0, 0, 0, 9, 48, 87, 1, 0, 0, 246)
0 (1, 4, 0, 436, 337, 0, 0, 16, 1, 0, 0, 31)
1 (1, 4, 0, 229, 266, 0, 0, 12, 1, 0, 0, 98)
2 (1, 4, 0, 136, 233, 0, 0, 12, 1, 0, 0, 237)
3 (1, 4, 0, 38, 183, 0, 0, 10, 1, 0, 0, 175)
4 (1, 4, 0, 133, 128, 0, 0, 9, 1, 0, 0, 182)
5 (1, 4, 0, 147, 80, 0, 0, 10, 1, 0, 0, 115)
6 (1, 4, 64, 0, 0, 0, 0, 36, 1, 0, 0, 65)
7 (1, 4, 48, 0, 0, 0, 0, 20, 1, 0, 0, 157)
8 (1, 4, 240, 0, 0, 0, 0, 27, 1, 0, 0, 248)
9 (1, 4, 377, 0, 0, 0, 0, 27, 1, 0, 0, 145)
10 (1, 4, 220, 0, 0, 0, 0, 52, 1, 0, 0, 47)
11 (1, 4, 171, 0, 0, 0, 40, 51, 1, 0, 0, 116)
12 (1, 4, 261, 0, 31, 0, 66, 64, 1, 0, 0, 163)
13 (1, 4, 244, 0, 268, 0, 80, 70, 1, 0, 0, 54)
14 (1, 4, 116, 0, 454, 0, 69, 60, 1, 0, 0, 193)
15 (1, 4, 0, 0, 647, 0, 44, 49, 1, 0, 0, 48)
16 (1, 4, 0, 11, 728, 0, 0, 53, 2, 0, 0, 122)
17 (1, 4, 19, 3, 464, 0, 0, 51, 2, 0, 0, 172)
18 (1, 4, 0, 0, 126, 0, 0, 55, 1, 0, 0, 202)
19 (1, 4, 0, 0, 0, 0, 0, 43, 1, 0, 0, 49)
20 (1, 4, 96, 28, 0, 0, 0, 55, 1, 0, 0, 59)
21 (1, 4, 60, 52, 0, 0, 0, 71, 1, 0, 0, 92)
22 (1, 4, 173, 37, 0, 0, 0, 86, 1, 0, 0, 127)
23 (1, 4, 217, 0, 0, 0, 4, 92, 2, 0, 0, 82)
24 (1, 4, 33, 19, 0, 0, 70, 88, 2, 0, 0, 189)
25 (1, 4, 0, 109, 0, 0, 90, 104, 2, 0, 0, 133)
26 (1, 4, 0, 58, 0, 0, 96, 107, 2, 0, 0, 184)
27 (1, 4, 0, 3, 0, 10, 71, 99, 1, 0, 0, 242)
28 (1, 4, 0, 36, 29, 14, 24, 97, 1, 0, 0, 200)
29 (1, 4, 0, 8, 66, 16, 0, 95, 1, 0, 0, 227)
30 (1, 4, 0, 0, 53, 16, 0, 94, 1, 0, 0, 16)
31 (1, 4, 0, 0, 53, 14, 0, 100, 1, 0, 0, 124)
0 (1, 4, 0, 0, 29, 0, 0, 25, 1, 0, 0, 243)
1 (1, 4, 0, 16, 41, 0, 0, 24, 1, 0, 0, 146)
2 (1, 4, 36, 18, 16, 0, 0, 28, 1, 0, 0, 220)
3 (1, 4, 79, 0, 0, 0, 0, 32, 1, 0, 0, 110)
4 (1, 4, 218, 0, 0, 0, 0, 43, 1, 0, 0, 33)
5 (1, 4, 175, 0, 0, 0, 0, 63, 1, 0, 0, 31)
6 (1, 4, 364, 0, 0, 0, 0, 72, 1, 0, 0, 183)
7 (1, 4, 342, 0, 0, 0, 0, 84, 1, 0, 0, 176)
8 (1, 4, 451, 0, 0, 0, 0, 90, 1, 0, 0, 85)
9 (1, 4, 441, 0, 0, 0, 28, 61, 1, 0, 0, 199)
10 (1, 4, 391, 0, 0, 0, 77, 68, 1, 0, 0, 80)
11 (1, 4, 514, 0, 161, 12, 117, 72, 1, 0, 0, 188)
12 (1, 4, 380, 0, 431, 13, 110, 75, 1, 0, 0, 102)
13 (1, 4, 304, 67, 570, 0, 77, 90, 1, 0, 0, 78)
14 (1, 4, 158, 44, 650, 0, 54, 73, 1, 0, 0, 39)
15 (1, 4, 191, 12, 658, 0, 9, 79, 1, 0, 0, 2)
16 (1, 4, 0, 91, 652, 0, 0, 71, 1, 0, 0, 106)
17 (1, 4, 0, 0, 272, 0, 0, 48, 1, 0, 0, 76)
18 (1, 4, 0, 0, 0, 21, 0, 27, 1, 0, 0, 215)
19 (1, 4, 8, 0, 0, 27, 0, 2, 1, 0, 0, 251)
20 (1, 4, 0, 119, 0, 35, 0, 13, 1, 0, 0, 182)
21 (1, 4, 120, 184, 0, 0, 0, 34, 1, 0, 0, 203)
22 (1, 4, 15, 200, 0, 0, 0, 54, 1, 0, 0, 201)
23 (1, 4, 0, 292, 0, 0, 0, 87, 1, 0, 0, 100)
24 (1, 4, 0, 272, 0, 0, 44, 126, 1, 0, 0, 166)
25 (1, 4, 0, 257, 0, 0, 129, 157, 1, 0, 0, 24)
26 (1, 4, 0, 205, 0, 0, 133, 189, 1, 0, 0, 84)
27 (1, 4, 0, 23, 0, 0, 96, 157, 1, 0, 0, 113)
28 (1, 4, 0, 0, 79, 0, 36, 125, 1, 0, 0, 39)
29 (1, 4, 0, 0, 117, 0, 0, 93, 1, 0, 0, 122)
30 (1, 4, 0, 0, 81, 0, 0, 83, 1, 0, 0, 252)
31 (1, 4, 0, 0, 39, 0, 0, 85, 1, 0, 0, 59)
0 (1, 4, 43, 15, 0, 0, 13, 115, 1, 0, 0, 2)
1 (1, 4, 27, 0, 0, 0, 37, 110, 1, 0, 0, 203)
2 (1, 4, 65, 0, 114, 0, 38, 112, 1, 0, 0, 229)
3 (1, 4, 39, 0, 215, 0, 77, 116, 1, 0, 0, 98)
4 (1, 4, 31, 0, 405, 0, 90, 117, 1, 0, 0, 142)
5 (1, 4, 0, 0, 555, 0, 69, 112, 1, 0, 0, 232)
6 (1, 4, 29, 0, 654, 0, 45, 98, 1, 0, 0, 55)
7 (1, 4, 70, 0, 710, 0, 7, 93, 1, 0, 0, 206)
8 (1, 4, 149, 0, 711, 0, 0, 83, 1, 0, 0, 122)
9 (1, 4, 0, 26, 685, 0, 0, 92, 1, 0, 0, 105)
10 (1, 4, 0, 0, 506, 0, 0, 62, 1, 0, 0, 13)
11 (1, 4, 0, 78, 54, 0, 0, 94, 1, 0, 0, 219)
12 (1, 4, 78, 22, 0, 0, 0, 88, 1, 0, 0, 107)
13 (1, 4, 0, 50, 0, 0, 0, 108, 1, 0, 0, 169)
14 (1, 4, 153, 0, 0, 0, 0, 88, 1, 0, 0, 235)
15 (1, 4, 161, 0, 0, 0, 0, 83, 1, 0, 0, 48)
16 (1, 4, 154, 101, 0, 0, 0, 75, 1, 0, 0, 98)
17 (1, 4, 139, 0, 0, 0, 33, 84, 1, 0, 0, 252)
18 (1, 4, 0, 0, 0, 0, 73, 76, 1, 0, 0, 100)
19 (1, 4, 0, 0, 0, 0, 114, 95, 1, 0, 0, 19)
20 (1, 4, 11, 0, 0, 0, 136, 100, 1, 0, 0, 26)
21 (1, 4, 0, 0, 0, 0, 118, 102, 1, 0, 0, 183)
22 (1, 4, 66, 0, 85, 11, 58, 76, 1, 0, 0, 127)
23 (1, 4, 0, 67, 137, 4, 0, 89, 1, 0, 0, 65)
24 (1, 4, 0, 11, 26, 4, 0, 102, 1, 0, 0, 207)
25 (1, 4, 0, 19, 0, 2, 4, 100, 1, 0, 0, 233)
26 (1, 4, 0, 0, 0, 0, 13, 102, 1, 0, 0, 111)
27 (1, 4, 4, 1, 5, 3, 19, 97, 1, 0, 0, 79)
28 (1, 4, 0, 0, 5, 3, 13, 100, 1, 0, 0, 61)
29 (1, 4, 11, 0, 12, 4, 10, 97, 1, 0, 0, 232)
30 (1, 4, 0, 0, 3, 3, 9, 96, 1, 0, 0, 218)
31 (1, 4, 21, 0, 0, 2, 8, 99, 1, 0, 0, 183)

