1 (1, 4, 0, 222, 66, 56, 0, 5, 1, 1, 0, 8)
2 (1, 4, 0, 553, 228, 3, 0, 0, 1, 1, 0, 245)
3 (1, 4, 0, 521, 206, 0, 0, 55, 1, 2, 0, 167)
4 (1, 4, 4, 171, 210, 0, 0, 73, 1, 1, 0, 205)
5 (1, 4, 128, 0, 0, 0, 0, 49, 1, 1, 0, 207)
6 (1, 4, 157, 0, 0, 0, 0, 15, 1, 1, 0, 61)
7 (1, 4, 428, 0, 0, 0, 0, 31, 1, 1, 0, 197)
8 (1, 4, 873, 0, 0, 0, 0, 0, 1, 1, 0, 65)
9 (1, 4, 539, 0, 0, 74, 0, 0, 1, 1, 0, 226)
10 (1, 4, 0, 0, 48, 62, 0, 0, 1, 1, 0, 82)
11 (1, 4, 0, 143, 70, 63, 0, 0, 1, 1, 0, 246)
12 (1, 4, 0, 194, 71, 68, 0, 0, 1, 1, 0, 47)
13 (1, 4, 0, 232, 116, 69, 0, 0, 1, 1, 0, 22)
14 (1, 4, 0, 315, 93, 73, 0, 0, 1, 1, 0, 154)
15 (1, 4, 0, 382, 144, 65, 0, 13, 1, 1, 0, 178)
16 (1, 4, 0, 423, 120, 48, 0, 24, 1, 1, 0, 178)
17 (1, 4, 0, 407, 128, 38, 0, 45, 1, 1, 0, 75)
18 (1, 4, 0, 374, 130, 24, 0, 51, 1, 1, 0, 192)
19 (1, 4, 0, 330, 177, 18, 0, 64, 1, 1, 0, 167)
20 (1, 4, 0, 145, 24, 20, 0, 56, 1, 1, 0, 114)
21 (1, 4, 0, 36, 0, 23, 0, 45, 1, 1, 0, 36)
22 (1, 4, 0, 38, 0, 28, 0, 36, 1, 1, 0, 165)
23 (1, 4, 0, 48, 0, 30, 0, 37, 1, 1, 0, 146)
24 (1, 4, 0, 36, 0, 30, 0, 39, 1, 1, 0, 144)
25 (1, 4, 0, 29, 0, 31, 0, 35, 1, 1, 0, 95)
26 (1, 4, 0, 25, 0, 32, 0, 33, 1, 1, 0, 135)
27 (1, 4, 0, 31, 0, 32, 0, 32, 1, 1, 0, 239)
28 (1, 4, 0, 28, 0, 33, 0, 31, 1, 1, 0, 163)
29 (1, 4, 0, 26, 0, 32, 0, 31, 1, 1, 0, 11)
30 (1, 4, 0, 18, 0, 31, 0, 31, 1, 1, 0, 3)
31 (1, 4, 0, 19, 0, 31, 0, 31, 1, 1, 0, 182)
32 (1, 4, 0, 14, 0, 31, 0, 33, 1, 1, 0, 95)
1 (1, 4, 128, 0, 36, 0, 0, 136, 1, 1, 0, 162)
2 (1, 4, 122, 0, 0, 0, 0, 104, 1, 1, 0, 187)
3 (1, 4, 392, 0, 0, 0, 0, 0, 1, 1, 0, 16)
4 (1, 4, 873, 0, 0, 0, 0, 0, 1, 1, 0, 65)
5 (1, 4, 533, 0, 0, 58, 0, 0, 0, 1, 0, 31)
6 (1, 4, 0, 121, 0, 45, 0, 0, 0, 0, 0, 42)
7 (1, 4, 0, 282, 58, 24, 0, 0, 0, 0, 0, 57)
8 (1, 4, 0, 204, 181, 55, 0, 0, 0, 1, 0, 7)
9 (1, 4, 0, 283, 214, 70, 0, 0, 1, 1, 0, 11)
10 (1, 4, 0, 386, 181, 55, 0, 0, 1, 1, 0, 7)
11 (1, 4, 0, 504, 255, 49, 0, 5, 0, 0, 0, 112)
12 (1, 4, 0, 651, 235, 9, 0, 17, 0, 0, 0, 193)
13 (1, 4, 0, 632, 207, 3, 0, 54, 0, 0, 0, 236)
14 (1, 4, 0, 487, 119, 0, 0, 63, 0, 0, 0, 205)
15 (1, 4, 0, 231, 46, 0, 0, 74, 0, 0, 0, 25)
16 (1, 4, 0, 23, 0, 8, 0, 63, 0, 0, 0, 110)
17 (1, 4, 47, 0, 0, 20, 0, 50, 0, 0, 0, 163)
18 (1, 4, 70, 0, 0, 30, 0, 40, 0, 0, 0, 213)
19 (1, 4, 0, 0, 0, 31, 0, 39, 0, 0, 0, 158)
20 (1, 4, 0, 0, 0, 32, 0, 40, 0, 0, 0, 220)
21 (1, 4, 3, 0, 0, 32, 0, 37, 0, 0, 0, 142)
22 (1, 4, 0, 13, 2, 34, 0, 38, 0, 0, 0, 55)
23 (1, 4, 0, 20, 5, 34, 0, 38, 0, 0, 0, 181)
24 (1, 4, 0, 21, 0, 33, 0, 40, 0, 0, 0, 205)
25 (1, 4, 0, 10, 0, 30, 0, 40, 0, 0, 0, 166)
26 (1, 4, 0, 6, 0, 31, 0, 37, 0, 0, 0, 144)
27 (1, 4, 0, 4, 0, 30, 0, 38, 0, 0, 0, 132)
28 (1, 4, 5, 0, 0, 31, 0, 36, 0, 0, 0, 206)
29 (1, 4, 0, 0, 0, 31, 0, 35, 0, 0, 0, 235)
30 (1, 4, 0, 0, 0, 32, 0, 33, 0, 0, 0, 233)
31 (1, 4, 0, 0, 0, 34, 0, 36, 0, 0, 0, 125)
32 (1, 4, 0, 2, 9, 35, 0, 38, 0, 0, 0, 158)
1 (1, 4, 0, 0, 2, 47, 0, 11, 0, 0, 0, 145)
2 (1, 4, 0, 11, 21, 48, 0, 0, 1, 1, 0, 183)
3 (1, 4, 0, 202, 97, 39, 0, 15, 1, 1, 0, 247)
4 (1, 4, 9, 269, 82, 18, 0, 38, 0, 0, 0, 54)
5 (1, 4, 0, 264, 57, 0, 0, 64, 0, 1, 0, 175)
6 (1, 4, 61, 257, 101, 0, 0, 85, 0, 0, 0, 188)
7 (1, 4, 30, 13, 33, 0, 0, 94, 1, 1, 0, 197)
8 (1, 4, 16, 0, 0, 0, 0, 94, 2, 2, 0, 60)
9 (1, 4, 259, 0, 0, 0, 0, 39, 0, 0, 0, 220)
10 (1, 4, 797, 0, 0, 0, 0, 0, 1, 1, 0, 215)
11 (1, 4, 75, 0, 0, 38, 0, 0, 1, 1, 0, 55)
12 (1, 4, 206, 0, 0, 12, 0, 0, 0, 1, 0, 89)
13 (1, 4, 0, 272, 36, 55, 0, 0, 0, 0, 0, 25)
14 (1, 4, 0, 307, 78, 50, 0, 0, 1, 0, 0, 148)
15 (1, 4, 0, 441, 135, 64, 0, 0, 1, 0, 0, 156)
16 (1, 4, 0, 699, 118, 24, 0, 0, 1, 0, 0, 28)
17 (1, 4, 0, 873, 279, 0, 0, 21, 0, 0, 0, 175)
18 (1, 4, 0, 568, 69, 0, 0, 70, 3, 2, 0, 107)
19 (1, 4, 0, 132, 69, 0, 0, 93, 3, 2, 0, 50)
20 (1, 4, 30, 0, 0, 6, 0, 52, 3, 2, 0, 255)
21 (1, 4, 0, 0, 0, 23, 0, 40, 1, 1, 0, 150)
22 (1, 4, 42, 0, 0, 28, 0, 26, 0, 1, 0, 77)
23 (1, 4, 0, 16, 11, 29, 0, 24, 0, 1, 0, 38)
24 (1, 4, 12, 35, 13, 26, 0, 28, 0, 1, 0, 76)
25 (1, 4, 0, 5, 0, 26, 0, 25, 0, 1, 0, 173)
26 (1, 4, 0, 2, 0, 26, 0, 24, 0, 0, 0, 27)
27 (1, 4, 0, 5, 0, 27, 0, 26, 0, 1, 0, 212)
28 (1, 4, 3, 16, 0, 30, 0, 26, 0, 1, 0, 171)
29 (1, 4, 7, 8, 0, 32, 0, 29, 0, 1, 0, 246)
30 (1, 4, 42, 0, 0, 30, 0, 27, 0, 1, 0, 172) [FRAGMENTED]
31 (1, 4, 0, 179, 31, 53, 0, 0, 1, 1, 0, 86)
32 (1, 4, 0, 262, 62, 34, 0, 0, 1, 1, 0, 190)
1 (1, 4, 0, 192, 148, 56, 0, 0, 1, 1, 0, 195)
2 (1, 4, 0, 293, 145, 63, 0, 0, 1, 1, 0, 158)
3 (1, 4, 0, 462, 147, 44, 0, 0, 1, 1, 0, 76)
4 (1, 4, 0, 564, 131, 17, 0, 0, 1, 1, 0, 97)
5 (1, 4, 0, 655, 171, 2, 0, 0, 1, 1, 0, 60)
6 (1, 4, 0, 819, 207, 0, 0, 22, 1, 1, 0, 104)
7 (1, 4, 6, 762, 102, 0, 0, 50, 0, 1, 0, 188)
8 (1, 4, 0, 452, 78, 0, 0, 84, 4, 4, 0, 50)
9 (1, 4, 29, 182, 21, 0, 0, 70, 5, 4, 0, 183)
10 (1, 4, 0, 2, 0, 0, 0, 59, 4, 4, 0, 201)
11 (1, 4, 0, 0, 0, 0, 0, 55, 1, 1, 0, 22)
12 (1, 4, 0, 0, 0, 4, 0, 47, 1, 1, 0, 83)
13 (1, 4, 0, 0, 0, 11, 0, 42, 1, 1, 0, 92)
14 (1, 4, 0, 0, 0, 16, 0, 39, 1, 1, 0, 50)
15 (1, 4, 0, 0, 0, 19, 0, 36, 1, 1, 0, 117)
16 (1, 4, 3, 0, 0, 21, 0, 32, 1, 1, 0, 80)
17 (1, 4, 0, 0, 0, 24, 0, 34, 1, 1, 0, 96)
18 (1, 4, 0, 0, 0, 26, 0, 33, 1, 1, 0, 56)
19 (1, 4, 5, 0, 0, 27, 0, 33, 1, 1, 0, 17)
20 (1, 4, 0, 0, 0, 28, 0, 31, 1, 1, 0, 46)
21 (1, 4, 0, 0, 0, 29, 0, 32, 1, 1, 0, 186)
22 (1, 4, 8, 0, 0, 29, 0, 31, 1, 1, 0, 65)
23 (1, 4, 0, 0, 0, 29, 0, 32, 1, 1, 0, 186)
24 (1, 4, 3, 3, 0, 28, 0, 32, 1, 1, 0, 111)
25 (1, 4, 0, 0, 0, 29, 0, 32, 1, 1, 0, 186)
26 (1, 4, 10, 6, 11, 28, 0, 33, 1, 1, 0, 166)
27 (1, 4, 10, 7, 10, 28, 0, 32, 1, 1, 0, 88)
28 (1, 4, 0, 5, 2, 28, 0, 33, 1, 1, 0, 58)
29 (1, 4, 0, 1, 0, 28, 0, 31, 1, 1, 0, 155)
30 (1, 4, 0, 10, 0, 27, 0, 32, 1, 1, 0, 38)
31 (1, 4, 4, 0, 0, 27, 0, 29, 1, 1, 0, 242)
32 (1, 4, 6, 3, 0, 28, 0, 29, 1, 1, 0, 107)
1 (1, 4, 0, 5, 0, 29, 0, 28, 1, 1, 0, 56)
2 (1, 4, 5, 14, 0, 29, 0, 28, 1, 1, 0, 101)
3 (1, 4, 0, 28, 0, 28, 0, 30, 1, 1, 0, 249)
4 (1, 4, 7, 36, 4, 25, 0, 37, 1, 1, 0, 0)
5 (1, 4, 0, 113, 50, 1, 0, 36, 1, 1, 0, 135)
6 (1, 4, 0, 361, 182, 0, 0, 53, 1, 1, 0, 12)
7 (1, 4, 0, 220, 290, 0, 0, 70, 0, 1, 0, 154)
8 (1, 4, 0, 0, 0, 0, 0, 82, 0, 1, 0, 58)
9 (1, 4, 366, 0, 0, 0, 0, 11, 1, 0, 0, 136)
10 (1, 4, 843, 0, 0, 0, 0, 0, 1, 1, 0, 154)
11 (1, 4, 61, 0, 0, 82, 0, 0, 1, 1, 0, 10)
12 (1, 4, 0, 169, 37, 45, 0, 0, 1, 1, 0, 244)
13 (1, 4, 0, 506, 282, 71, 0, 0, 1, 1, 0, 84)
14 (1, 4, 0, 622, 219, 37, 0, 2, 1, 1, 0, 190)
15 (1, 4, 0, 609, 196, 25, 0, 12, 1, 1, 0, 149)
16 (1, 4, 0, 529, 196, 2, 0, 30, 1, 1, 0, 241)
17 (1, 4, 0, 479, 159, 0, 0, 41, 1, 1, 0, 131)
18 (1, 4, 0, 281, 55, 0, 0, 53, 1, 1, 0, 73)
19 (1, 4, 0, 102, 0, 5, 0, 50, 1, 1, 0, 41)
20 (1, 4, 0, 49, 0, 12, 0, 43, 1, 1, 0, 200)
21 (1, 4, 0, 15, 0, 18, 0, 40, 1, 1, 0, 68)
22 (1, 4, 0, 0, 0, 26, 0, 39, 1, 1, 0, 244)
23 (1, 4, 0, 0, 0, 29, 0, 35, 1, 1, 0, 220)
24 (1, 4, 9, 0, 0, 33, 0, 28, 1, 1, 0, 179)
25 (1, 4, 0, 0, 0, 36, 0, 23, 1, 1, 0, 34)
26 (1, 4, 0, 0, 0, 37, 0, 22, 1, 1, 0, 226)
27 (1, 4, 3, 0, 0, 37, 0, 20, 1, 1, 0, 73)
28 (1, 4, 0, 0, 0, 37, 0, 20, 1, 1, 0, 91)
29 (1, 4, 4, 0, 0, 38, 0, 22, 1, 1, 0, 251)
30 (1, 4, 11, 0, 0, 38, 0, 22, 1, 1, 0, 161)
31 (1, 4, 23, 28, 12, 30, 0, 47, 1, 1, 0, 66)
32 (1, 4, 0, 54, 18, 9, 0, 57, 1, 1, 0, 147)
1 (1, 4, 0, 79, 47, 0, 0, 74, 1, 1, 0, 244)
2 (1, 4, 0, 34, 153, 0, 0, 94, 3, 2, 0, 183)
3 (1, 4, 107, 0, 108, 0, 0, 100, 2, 2, 0, 54)
4 (1, 4, 308, 0, 0, 0, 0, 0, 1, 1, 0, 106)
5 (1, 4, 169, 0, 0, 0, 0, 0, 1, 1, 0, 219)
6 (1, 4, 347, 0, 0, 0, 0, 0, 2, 2, 0, 101)
7 (1, 4, 0, 0, 0, 0, 0, 0, 2, 3, 0, 7)
8 (1, 4, 121, 0, 0, 21, 0, 0, 3, 3, 0, 33)
9 (1, 4, 0, 140, 123, 24, 0, 0, 3, 3, 0, 127)
10 (1, 4, 0, 260, 217, 37, 0, 0, 3, 2, 0, 230)
11 (1, 4, 0, 301, 177, 43, 0, 0, 2, 2, 0, 67)
12 (1, 4, 0, 346, 188, 17, 0, 0, 2, 2, 0, 207)
13 (1, 4, 0, 312, 105, 2, 0, 0, 2, 2, 0, 138)
14 (1, 4, 0, 440, 161, 0, 0, 0, 2, 2, 0, 3)
15 (1, 4, 0, 624, 168, 0, 0, 0, 2, 2, 0, 50)
16 (1, 4, 0, 802, 215, 0, 0, 28, 2, 2, 0, 55)
17 (1, 4, 251, 860, 115, 0, 0, 85, 1, 1, 0, 240)
18 (1, 4, 0, 358, 12, 0, 0, 86, 2, 3, 0, 172)
19 (1, 4, 0, 76, 0, 0, 0, 87, 2, 2, 0, 3)
20 (1, 4, 96, 0, 54, 5, 0, 61, 2, 2, 0, 131)
21 (1, 4, 6, 0, 8, 26, 0, 49, 1, 2, 0, 206)
22 (1, 4, 0, 0, 0, 30, 0, 43, 1, 1, 0, 23)
23 (1, 4, 0, 0, 0, 34, 0, 43, 1, 1, 0, 141)
24 (1, 4, 11, 0, 0, 38, 0, 44, 1, 1, 0, 128)
25 (1, 4, 0, 0, 0, 38, 0, 44, 1, 1, 0, 226)
26 (1, 4, 0, 0, 0, 38, 0, 41, 1, 1, 0, 72)
27 (1, 4, 0, 0, 0, 40, 0, 37, 1, 1, 0, 109)
28 (1, 4, 0, 0, 0, 41, 0, 35, 1, 1, 0, 190)
29 (1, 4, 0, 0, 0, 39, 0, 36, 1, 1, 0, 23)
30 (1, 4, 16, 23, 0, 0, 0, 19, 1, 1, 0, 65)
31 (1, 4, 80, 82, 0, 0, 0, 13, 1, 1, 0, 209)
32 (1, 4, 124, 160, 0, 0, 0, 13, 1, 1, 0, 18)
1 (1, 4, 152, 309, 0, 0, 0, 12, 1, 1, 0, 68)
2 (1, 4, 274, 328, 0, 0, 0, 7, 1, 1, 0, 79)
3 (1, 4, 267, 107, 0, 0, 0, 7, 1, 1, 0, 46)
4 (1, 4, 59, 0, 0, 0, 0, 19, 1, 1, 0, 135)
5 (1, 4, 37, 0, 0, 0, 0, 23, 1, 1, 0, 70)
6 (1, 4, 0, 0, 0, 0, 0, 21, 1, 1, 0, 14)
7 (1, 4, 19, 0, 0, 0, 0, 0, 1, 1, 0, 133)
8 (1, 4, 569, 0, 0, 0, 0, 0, 2, 2, 0, 49)
9 (1, 4, 427, 0, 434, 0, 0, 0, 2, 2, 0, 220)
10 (1, 4, 0, 0, 0, 0, 0, 0, 2, 2, 0, 108)
11 (1, 4, 0, 0, 0, 19, 0, 0, 2, 2, 0, 186)
12 (1, 4, 166, 120, 98, 0, 0, 0, 2, 2, 0, 35)
13 (1, 4, 0, 44, 0, 10, 0, 0, 2, 2, 0, 1)
14 (1, 4, 22, 261, 61, 33, 0, 0, 2, 2, 0, 35)
15 (1, 4, 0, 256, 80, 29, 0, 0, 2, 2, 0, 97)
16 (1, 4, 0, 375, 136, 18, 0, 0, 2, 2, 0, 47)
17 (1, 4, 0, 481, 151, 6, 0, 0, 2, 2, 0, 85)
18 (1, 4, 0, 626, 168, 0, 0, 0, 2, 2, 0, 95)
19 (1, 4, 0, 604, 122, 0, 0, 0, 2, 2, 0, 195)
20 (1, 4, 0, 687, 117, 0, 0, 3, 1, 1, 0, 30)
21 (1, 4, 0, 588, 66, 0, 0, 30, 1, 1, 0, 113)
22 (1, 4, 0, 468, 19, 0, 0, 40, 1, 1, 0, 36)
23 (1, 4, 0, 341, 2, 0, 0, 52, 1, 1, 0, 55)
24 (1, 4, 0, 248, 0, 0, 0, 58, 1, 1, 0, 196)
25 (1, 4, 0, 135, 0, 0, 0, 58, 1, 1, 0, 85)
26 (1, 4, 0, 63, 28, 0, 0, 52, 1, 1, 0, 255)
27 (1, 4, 0, 42, 46, 2, 0, 41, 1, 1, 0, 242)
28 (1, 4, 0, 25, 78, 4, 0, 38, 1, 1, 0, 55)
29 (1, 4, 0, 23, 89, 9, 0, 31, 1, 1, 0, 117)
30 (1, 4, 7, 44, 0, 0, 0, 11, 1, 1, 0, 122)
31 (1, 4, 93, 76, 2, 0, 0, 21, 1, 1, 0, 228)
32 (1, 4, 389, 181, 32, 6, 0, 44, 1, 1, 0, 25)
1 (1, 4, 744, 192, 77, 0, 0, 83, 1, 0, 0, 204)
2 (1, 4, 701, 125, 0, 0, 0, 143, 2, 1, 0, 46)
3 (1, 4, 593, 0, 0, 0, 0, 146, 1, 1, 0, 244)
4 (1, 4, 647, 0, 0, 0, 0, 118, 1, 1, 0, 183)
5 (1, 4, 700, 81, 0, 0, 15, 67, 1, 1, 0, 212)
6 (1, 4, 518, 221, 63, 0, 70, 42, 1, 1, 0, 73)
7 (1, 4, 402, 308, 288, 0, 142, 1, 1, 1, 0, 152)
8 (1, 4, 2, 372, 435, 0, 204, 0, 1, 1, 0, 238)
9 (1, 4, 0, 873, 873, 0, 94, 0, 1, 1, 0, 157)
10 (1, 4, 0, 873, 794, 0, 0, 0, 0, 0, 0, 26)
11 (1, 4, 0, 0, 255, 0, 0, 74, 1, 1, 0, 179)
12 (1, 4, 0, 0, 85, 4, 0, 81, 1, 0, 0, 103)
13 (1, 4, 0, 0, 0, 18, 0, 71, 1, 0, 0, 131)
14 (1, 4, 0, 21, 0, 33, 0, 61, 1, 1, 0, 189)
15 (1, 4, 0, 134, 0, 26, 0, 73, 1, 1, 0, 128)
16 (1, 4, 0, 188, 0, 6, 0, 70, 1, 1, 0, 119)
17 (1, 4, 0, 227, 0, 8, 0, 84, 1, 1, 0, 244)
18 (1, 4, 0, 297, 0, 0, 0, 92, 1, 1, 0, 95)
19 (1, 4, 0, 297, 0, 0, 0, 97, 1, 1, 0, 109)
20 (1, 4, 0, 308, 0, 0, 0, 110, 1, 1, 0, 41)
21 (1, 4, 0, 260, 0, 0, 0, 116, 1, 1, 0, 10)
22 (1, 4, 0, 213, 0, 0, 0, 107, 1, 1, 0, 147)
23 (1, 4, 0, 164, 0, 0, 0, 90, 1, 1, 0, 171)
24 (1, 4, 0, 200, 0, 0, 0, 84, 1, 1, 0, 165)
25 (1, 4, 0, 161, 0, 0, 0, 61, 0, 1, 0, 81)
26 (1, 4, 0, 191, 0, 0, 0, 55, 1, 1, 0, 5)
27 (1, 4, 0, 110, 0, 0, 0, 47, 1, 1, 0, 106)
28 (1, 4, 0, 114, 0, 0, 0, 43, 1, 1, 0, 23)
29 (1, 4, 0, 129, 11, 0, 0, 43, 1, 1, 0, 233)
30 (1, 4, 0, 147, 0, 48, 0, 0, 1, 0, 0, 186)
31 (1, 4, 0, 310, 0, 43, 0, 9, 1, 0, 0, 232)
32 (1, 4, 0, 371, 72, 21, 0, 15, 1, 0, 0, 43)
1 (1, 4, 0, 518, 196, 0, 0, 57, 0, 0, 0, 23)
2 (1, 4, 37, 355, 197, 0, 0, 73, 0, 0, 0, 67)
3 (1, 4, 67, 0, 131, 0, 0, 55, 0, 0, 0, 206)
4 (1, 4, 249, 0, 85, 0, 0, 15, 0, 0, 0, 12)
5 (1, 4, 171, 0, 0, 0, 0, 18, 0, 0, 0, 164)
6 (1, 4, 688, 0, 0, 0, 0, 0, 1, 0, 0, 42)
7 (1, 4, 873, 0, 259, 0, 0, 0, 1, 1, 0, 167)
8 (1, 4, 421, 0, 356, 0, 0, 0, 1, 1, 0, 151)
9 (1, 4, 0, 0, 260, 52, 0, 0, 1, 1, 0, 22)
10 (1, 4, 380, 79, 0, 43, 0, 0, 1, 1, 0, 145)
11 (1, 4, 0, 85, 0, 61, 0, 0, 1, 1, 0, 127)
12 (1, 4, 0, 246, 27, 72, 0, 0, 1, 1, 0, 180)
13 (1, 4, 0, 366, 79, 58, 0, 0, 1, 1, 0, 173)
14 (1, 4, 0, 345, 87, 48, 0, 7, 1, 1, 0, 26)
15 (1, 4, 0, 412, 69, 36, 0, 18, 1, 1, 0, 85)
16 (1, 4, 0, 368, 68, 34, 0, 32, 1, 1, 0, 97)
17 (1, 4, 0, 361, 87, 38, 0, 50, 1, 1, 0, 212)
18 (1, 4, 0, 299, 8, 26, 0, 50, 1, 1, 0, 125)
19 (1, 4, 0, 236, 13, 32, 0, 66, 1, 1, 0, 61)
20 (1, 4, 0, 168, 0, 27, 0, 60, 1, 1, 0, 196)
21 (1, 4, 0, 112, 0, 25, 0, 45, 1, 1, 0, 166)
22 (1, 4, 0, 125, 0, 22, 0, 39, 1, 1, 0, 140)
23 (1, 4, 0, 172, 12, 23, 0, 39, 1, 1, 0, 39)
24 (1, 4, 0, 137, 0, 19, 0, 38, 1, 1, 0, 203)
25 (1, 4, 0, 98, 0, 19, 0, 36, 1, 1, 0, 89)
26 (1, 4, 0, 59, 0, 23, 0, 31, 1, 1, 0, 63)
27 (1, 4, 0, 37, 4, 24, 0, 28, 1, 1, 0, 199)
28 (1, 4, 0, 43, 36, 24, 0, 23, 1, 1, 0, 177)
29 (1, 4, 0, 67, 43, 22, 0, 24, 1, 1, 0, 89)
30 (1, 4, 0, 203, 209, 22, 0, 27, 0, 0, 0, 156)
31 (1, 4, 0, 271, 211, 9, 0, 61, 0, 0, 0, 49)
32 (1, 4, 143, 0, 11, 0, 0, 97, 0, 0, 0, 13)
1 (1, 4, 416, 0, 0, 0, 0, 139, 1, 0, 0, 202)
2 (1, 4, 810, 0, 0, 0, 0, 0, 2, 2, 0, 193)
3 (1, 4, 318, 0, 0, 76, 0, 0, 1, 1, 0, 87)
4 (1, 4, 0, 33, 0, 66, 0, 0, 1, 1, 0, 235)
5 (1, 4, 0, 375, 62, 70, 0, 0, 1, 1, 0, 107)
6 (1, 4, 0, 271, 78, 59, 0, 18, 1, 1, 0, 184)
7 (1, 4, 0, 149, 85, 72, 0, 32, 1, 1, 0, 186)
8 (1, 4, 0, 150, 151, 95, 0, 24, 1, 1, 0, 117)
9 (1, 4, 0, 185, 169, 78, 0, 24, 1, 1, 0, 162)
10 (1, 4, 0, 230, 144, 65, 0, 30, 1, 1, 0, 49)
11 (1, 4, 0, 148, 104, 67, 0, 31, 1, 1, 0, 170)
12 (1, 4, 0, 98, 30, 60, 0, 35, 1, 1, 0, 180)
13 (1, 4, 0, 91, 24, 60, 0, 37, 1, 1, 0, 172)
14 (1, 4, 5, 46, 10, 62, 0, 39, 1, 1, 0, 2)
15 (1, 4, 0, 29, 2, 61, 0, 34, 1, 1, 0, 120)
16 (1, 4, 0, 17, 3, 61, 0, 33, 1, 1, 0, 227)
17 (1, 4, 0, 12, 0, 62, 0, 30, 1, 1, 0, 79)
18 (1, 4, 0, 20, 0, 61, 0, 30, 1, 1, 0, 188)
19 (1, 4, 0, 22, 0, 61, 0, 31, 1, 1, 0, 14)
20 (1, 4, 0, 11, 0, 62, 0, 31, 1, 1, 0, 146)
21 (1, 4, 2, 14, 0, 61, 0, 28, 1, 1, 0, 166)
22 (1, 4, 0, 8, 0, 59, 0, 26, 1, 1, 0, 131)
23 (1, 4, 0, 22, 0, 59, 0, 26, 1, 1, 0, 230)
24 (1, 4, 0, 26, 0, 58, 0, 28, 1, 1, 0, 92)
25 (1, 4, 0, 22, 0, 59, 0, 28, 1, 1, 0, 42)
26 (1, 4, 0, 19, 1, 58, 0, 30, 1, 1, 0, 119)
27 (1, 4, 0, 13, 2, 59, 0, 31, 1, 1, 0, 105)
28 (1, 4, 0, 6, 0, 60, 0, 30, 1, 1, 0, 175)
29 (1, 4, 1, 2, 0, 60, 0, 28, 1, 1, 0, 194)
30 (1, 4, 0, 9, 0, 57, 0, 31, 1, 1, 0, 162)
31 (1, 4, 0, 15, 1, 59, 0, 30, 1, 1, 0, 96)
32 (1, 4, 0, 34, 23, 60, 0, 31, 1, 1, 0, 242)
1 (1, 4, 0, 142, 116, 54, 0, 13, 1, 1, 0, 74)
2 (1, 4, 0, 293, 201, 37, 0, 25, 1, 1, 0, 113)
3 (1, 4, 83, 329, 188, 23, 0, 48, 1, 1, 0, 38)
4 (1, 4, 0, 191, 28, 0, 0, 81, 0, 1, 0, 210)
5 (1, 4, 27, 0, 0, 0, 0, 106, 1, 1, 0, 66)
6 (1, 4, 380, 0, 0, 0, 0, 80, 1, 1, 0, 5)
7 (1, 4, 791, 0, 0, 37, 0, 0, 2, 2, 0, 42)
8 (1, 4, 29, 59, 0, 114, 0, 0, 1, 1, 0, 236)
9 (1, 4, 0, 94, 0, 54, 0, 0, 1, 1, 0, 205)
10 (1, 4, 0, 219, 99, 87, 0, 2, 1, 1, 0, 135)
11 (1, 4, 0, 155, 137, 77, 0, 15, 1, 1, 0, 18)
12 (1, 4, 0, 93, 134, 77, 0, 14, 1, 1, 0, 161)
13 (1, 4, 0, 222, 153, 70, 0, 19, 1, 1, 0, 20)
14 (1, 4, 0, 188, 74, 58, 0, 31, 1, 1, 0, 38)
15 (1, 4, 12, 94, 10, 60, 0, 36, 1, 1, 0, 4)
16 (1, 4, 16, 74, 0, 59, 0, 40, 1, 1, 0, 70)
17 (1, 4, 47, 16, 0, 61, 0, 41, 1, 1, 0, 154)
18 (1, 4, 0, 28, 7, 62, 0, 38, 1, 1, 0, 83)
19 (1, 4, 2, 19, 6, 60, 0, 39, 1, 1, 0, 139)
20 (1, 4, 0, 7, 4, 62, 0, 34, 1, 1, 0, 151)
21 (1, 4, 0, 2, 0, 61, 0, 34, 1, 1, 0, 135)
22 (1, 4, 2, 1, 0, 63, 0, 32, 1, 1, 0, 196)
23 (1, 4, 0, 0, 0, 63, 0, 34, 1, 1, 0, 212)
24 (1, 4, 1, 2, 0, 63, 0, 32, 1, 1, 0, 14)
25 (1, 4, 0, 7, 0, 63, 0, 33, 1, 1, 0, 176)
26 (1, 4, 0, 10, 0, 63, 0, 33, 1, 1, 0, 108)
27 (1, 4, 0, 1, 0, 62, 0, 33, 1, 1, 0, 24)
28 (1, 4, 0, 2, 0, 64, 0, 33, 1, 1, 0, 177)
29 (1, 4, 0, 7, 0, 63, 0, 34, 1, 1, 0, 214)
30 (1, 4, 0, 39, 21, 64, 0, 29, 1, 1, 0, 68)
31 (1, 4, 0, 77, 67, 66, 0, 19, 1, 1, 0, 54)
32 (1, 4, 0, 142, 53, 55, 0, 27, 1, 1, 0, 37)
1 (1, 4, 0, 152, 69, 54, 0, 30, 1, 1, 0, 60)
2 (1, 4, 0, 152, 39, 48, 0, 32, 1, 1, 0, 0)
3 (1, 4, 0, 202, 71, 46, 0, 19, 1, 1, 0, 211)
4 (1, 4, 0, 365, 133, 34, 0, 7, 1, 2, 0, 77)
5 (1, 4, 0, 405, 131, 24, 0, 43, 1, 1, 0, 245)
6 (1, 4, 160, 0, 0, 0, 0, 117, 0, 1, 0, 90)
7 (1, 4, 873, 0, 0, 0, 0, 99, 1, 1, 0, 195)
8 (1, 4, 492, 0, 0, 96, 0, 0, 1, 1, 0, 90)
9 (1, 4, 59, 88, 0, 111, 0, 0, 0, 1, 0, 152)
10 (1, 4, 5, 156, 0, 81, 0, 0, 1, 1, 0, 117)
11 (1, 4, 0, 176, 92, 59, 0, 32, 1, 1, 0, 213)
12 (1, 4, 0, 0, 105, 81, 0, 40, 1, 1, 0, 44)
13 (1, 4, 0, 56, 97, 73, 0, 10, 1, 1, 0, 151)
14 (1, 4, 0, 115, 127, 84, 0, 23, 1, 1, 0, 50)
15 (1, 4, 0, 113, 60, 67, 0, 26, 1, 1, 0, 245)
16 (1, 4, 0, 74, 67, 70, 0, 20, 1, 1, 0, 91)
17 (1, 4, 0, 41, 0, 62, 0, 20, 1, 1, 0, 177)
18 (1, 4, 14, 26, 8, 66, 0, 22, 1, 1, 0, 212)
19 (1, 4, 0, 18, 7, 65, 0, 19, 1, 1, 0, 225)
20 (1, 4, 0, 29, 17, 65, 0, 17, 1, 1, 0, 231)
21 (1, 4, 0, 25, 20, 65, 0, 16, 1, 1, 0, 40)
22 (1, 4, 0, 13, 11, 64, 0, 17, 1, 1, 0, 117)
23 (1, 4, 18, 34, 5, 63, 0, 16, 1, 1, 0, 134)
24 (1, 4, 0, 14, 0, 62, 0, 15, 1, 1, 0, 46)
25 (1, 4, 0, 15, 0, 61, 0, 17, 1, 1, 0, 79)
26 (1, 4, 2, 19, 2, 61, 0, 17, 1, 1, 0, 116)
27 (1, 4, 0, 11, 0, 62, 0, 16, 1, 1, 0, 107) [FRAGMENTED]
28 (1, 4, 0, 9, 0, 62, 0, 16, 1, 1, 0, 6)
29 (1, 4, 0, 9, 0, 63, 0, 15, 1, 1, 0, 51)
30 (1, 4, 2, 17, 0, 64, 0, 16, 1, 1, 0, 185)
31 (1, 4, 0, 16, 0, 62, 0, 13, 1, 1, 0, 242)
32 (1, 4, 0, 30, 3, 64, 0, 11, 1, 1, 0, 240)
1 (1, 4, 0, 65, 19, 64, 0, 11, 1, 1, 0, 220)
2 (1, 4, 0, 142, 48, 67, 0, 4, 1, 1, 0, 114)
3 (1, 4, 0, 299, 135, 57, 0, 0, 1, 1, 0, 214)
4 (1, 4, 0, 540, 223, 26, 0, 0, 2, 2, 0, 180)
5 (1, 4, 0, 511, 245, 26, 0, 18, 2, 2, 0, 3)
6 (1, 4, 0, 307, 153, 20, 0, 51, 1, 1, 0, 208)
7 (1, 4, 0, 82, 36, 11, 0, 48, 0, 1, 0, 145)
8 (1, 4, 0, 0, 0, 11, 0, 40, 0, 1, 0, 135)
9 (1, 4, 219, 0, 0, 0, 0, 76, 1, 1, 0, 179)
10 (1, 4, 873, 0, 0, 0, 0, 92, 0, 1, 0, 42)
11 (1, 4, 853, 0, 0, 48, 0, 0, 1, 1, 0, 48)
12 (1, 4, 4, 0, 43, 91, 0, 0, 0, 1, 0, 47)
13 (1, 4, 0, 183, 63, 81, 0, 5, 0, 1, 0, 250)
14 (1, 4, 0, 72, 94, 56, 0, 49, 1, 1, 0, 69)
15 (1, 4, 0, 0, 110, 80, 0, 33, 1, 1, 0, 227)
16 (1, 4, 0, 89, 186, 82, 0, 0, 1, 1, 0, 108)
17 (1, 4, 0, 273, 268, 53, 0, 0, 1, 1, 0, 132)
18 (1, 4, 0, 444, 309, 35, 0, 0, 1, 1, 0, 135)
19 (1, 4, 100, 385, 178, 34, 0, 20, 1, 1, 0, 126)
20 (1, 4, 40, 258, 96, 28, 0, 45, 1, 1, 0, 223)
21 (1, 4, 0, 96, 13, 22, 0, 47, 1, 1, 0, 173)
22 (1, 4, 0, 8, 11, 26, 0, 45, 1, 1, 0, 19)
23 (1, 4, 16, 0, 0, 29, 0, 32, 1, 0, 0, 49)
24 (1, 4, 0, 0, 0, 33, 0, 30, 1, 0, 0, 31)
25 (1, 4, 0, 0, 0, 35, 0, 27, 1, 0, 0, 139) [FRAGMENTED]

