0 (1, 4, 0, 128, 69, 32, 0, 0, 1, 0, 0, 197)
1 (1, 4, 0, 197, 189, 31, 0, 0, 1, 0, 0, 165)
2 (1, 4, 26, 356, 267, 29, 0, 0, 1, 0, 0, 216)
3 (1, 4, 178, 573, 396, 0, 0, 0, 1, 0, 0, 206)
4 (1, 4, 241, 623, 286, 0, 0, 0, 1, 0, 0, 123)
5 (1, 4, 279, 312, 51, 0, 0, 3, 1, 0, 0, 125)
6 (1, 4, 110, 158, 31, 0, 0, 27, 1, 0, 0, 27)
7 (1, 4, 0, 44, 9, 0, 0, 22, 1, 0, 0, 128)
8 (1, 4, 0, 0, 0, 0, 0, 10, 1, 0, 0, 79)
9 (1, 4, 0, 0, 1, 0, 0, 0, 1, 0, 0, 136)
10 (1, 4, 0, 0, 0, 0, 0, 0, 1, 0, 0, 28)
11 (1, 4, 0, 17, 0, 0, 0, 0, 1, 0, 0, 200)
12 (1, 4, 0, 18, 0, 0, 0, 3, 2, 0, 0, 208)
13 (1, 4, 0, 4, 0, 0, 0, 2, 2, 0, 0, 217)
14 (1, 4, 0, 4, 0, 0, 0, 0, 2, 0, 0, 96)
15 (1, 4, 0, 4, 0, 0, 0, 0, 2, 0, 0, 96)
16 (1, 4, 0, 0, 0, 0, 0, 0, 2, 0, 0, 186)
17 (1, 4, 0, 0, 0, 0, 0, 0, 2, 0, 0, 186)
18 (1, 4, 0, 0, 0, 0, 0, 0, 2, 0, 0, 186)
19 (1, 4, 0, 0, 0, 0, 0, 0, 2, 0, 0, 186)
20 (1, 4, 0, 0, 0, 0, 0, 0, 2, 0, 0, 186)
21 (1, 4, 0, 0, 0, 0, 0, 0, 2, 0, 0, 186)
22 (1, 4, 0, 1, 0, 0, 0, 0, 2, 0, 0, 15)
23 (1, 4, 0, 0, 0, 0, 0, 0, 2, 0, 0, 186)
24 (1, 4, 0, 0, 0, 0, 0, 0, 2, 0, 0, 186)
25 (1, 4, 0, 0, 0, 0, 0, 0, 2, 0, 0, 186)
26 (1, 4, 0, 1, 0, 0, 0, 0, 2, 0, 0, 15)
27 (1, 4, 1, 4, 0, 0, 0, 0, 2, 0, 0, 110)
28 (1, 4, 0, 4, 0, 0, 0, 0, 2, 0, 0, 96)
29 (1, 4, 0, 6, 0, 0, 0, 0, 2, 0, 0, 13)
30 (1, 4, 3, 8, 0, 0, 0, 0, 2, 0, 0, 27)
31 (1, 4, 0, 12, 0, 0, 0, 0, 2, 0, 0, 211)
0 (1, 4, 71, 0, 19, 0, 0, 48, 1, 0, 0, 9)
1 (1, 4, 0, 0, 83, 0, 0, 37, 1, 0, 0, 40)
2 (1, 4, 0, 0, 41, 0, 0, 34, 1, 0, 0, 210)
3 (1, 4, 0, 0, 0, 0, 0, 0, 1, 0, 0, 28)
4 (1, 4, 0, 0, 0, 0, 0, 0, 1, 0, 0, 28)
5 (1, 4, 0, 0, 0, 0, 0, 0, 1, 0, 0, 28)
6 (1, 4, 8, 31, 0, 0, 0, 0, 1, 0, 0, 188)
7 (1, 4, 75, 190, 17, 0, 0, 0, 1, 0, 0, 186)
8 (1, 4, 7, 230, 131, 0, 0, 0, 1, 0, 0, 139)
9 (1, 4, 79, 405, 219, 9, 0, 0, 1, 0, 0, 176)
10 (1, 4, 293, 671, 273, 0, 0, 0, 1, 0, 0, 69)
11 (1, 4, 356, 656, 133, 0, 0, 0, 1, 0, 0, 254)
12 (1, 4, 257, 360, 0, 0, 0, 16, 1, 0, 0, 212)
13 (1, 4, 29, 208, 13, 0, 0, 33, 1, 0, 0, 81)
14 (1, 4, 21, 74, 0, 0, 0, 30, 1, 0, 0, 98)
15 (1, 4, 0, 28, 0, 0, 0, 19, 1, 0, 0, 161)
16 (1, 4, 0, 18, 6, 0, 0, 14, 1, 0, 0, 71)
17 (1, 4, 0, 1, 16, 0, 0, 10, 1, 0, 0, 133)
18 (1, 4, 0, 0, 11, 0, 0, 6, 1, 0, 0, 215)
19 (1, 4, 0, 0, 0, 0, 0, 5, 1, 0, 0, 182)
20 (1, 4, 0, 1, 0, 0, 0, 4, 1, 0, 0, 220)
21 (1, 4, 0, 0, 0, 0, 0, 5, 1, 0, 0, 182)
22 (1, 4, 6, 0, 0, 0, 0, 3, 1, 0, 0, 94)
23 (1, 4, 0, 0, 0, 0, 0, 2, 1, 0, 0, 165)
24 (1, 4, 2, 0, 0, 0, 0, 1, 1, 0, 0, 223)
25 (1, 4, 0, 0, 0, 0, 0, 2, 1, 0, 0, 165)
26 (1, 4, 0, 0, 0, 0, 0, 1, 1, 0, 0, 195)
27 (1, 4, 0, 0, 0, 0, 0, 1, 1, 0, 0, 195)
28 (1, 4, 0, 0, 0, 0, 0, 1, 1, 0, 0, 195)
29 (1, 4, 0, 0, 0, 0, 0, 1, 1, 0, 0, 195)
0 (1, 4, 0, 0, 0, 0, 0, 20, 2, 0, 0, 28)
1 (1, 4, 0, 0, 0, 0, 0, 0, 2, 0, 0, 186)
2 (1, 4, 0, 0, 0, 0, 0, 0, 2, 0, 0, 186)
3 (1, 4, 54, 90, 0, 0, 0, 0, 2, 0, 0, 133)
4 (1, 4, 83, 202, 33, 2, 0, 0, 2, 0, 0, 201)
5 (1, 4, 26, 148, 99, 15, 0, 0, 2, 0, 0, 151)
6 (1, 4, 1, 237, 225, 15, 0, 0, 2, 0, 0, 237)
7 (1, 4, 122, 479, 359, 6, 0, 0, 2, 0, 0, 48)
8 (1, 4, 246, 657, 413, 0, 0, 0, 2, 0, 0, 152)
9 (1, 4, 291, 582, 233, 0, 0, 0, 2, 0, 0, 72)
10 (1, 4, 292, 417, 76, 0, 0, 10, 2, 0, 0, 158)
11 (1, 4, 83, 318, 34, 0, 0, 30, 2, 0, 0, 167)
12 (1, 4, 5, 134, 0, 0, 0, 35, 2, 0, 0, 253)
13 (1, 4, 0, 24, 0, 0, 0, 26, 2, 0, 0, 232)
14 (1, 4, 0, 1, 3, 0, 0, 20, 2, 0, 0, 18)
15 (1, 4, 0, 0, 8, 0, 0, 10, 2, 0, 0, 85)
16 (1, 4, 0, 0, 5, 0, 0, 2, 2, 0, 0, 201)
17 (1, 4, 0, 0, 0, 0, 0, 0, 2, 0, 0, 186)
18 (1, 4, 0, 0, 0, 0, 0, 0, 2, 0, 0, 186)
19 (1, 4, 0, 0, 0, 0, 0, 1, 2, 0, 0, 101)
20 (1, 4, 0, 0, 0, 0, 0, 2, 2, 0, 0, 3)
21 (1, 4, 0, 0, 0, 0, 0, 4, 2, 0, 0, 207)
22 (1, 4, 0, 0, 0, 0, 0, 3, 2, 0, 0, 220)
23 (1, 4, 0, 0, 0, 0, 0, 1, 2, 0, 0, 101)
24 (1, 4, 0, 0, 0, 0, 0, 0, 2, 0, 0, 186)
25 (1, 4, 0, 0, 0, 0, 0, 0, 2, 0, 0, 186)
26 (1, 4, 0, 0, 6, 0, 0, 0, 2, 0, 0, 203)
27 (1, 4, 23, 9, 24, 0, 0, 0, 2, 0, 0, 181)
28 (1, 4, 15, 2, 10, 0, 0, 4, 2, 0, 0, 107)
29 (1, 4, 0, 0, 0, 0, 0, 3, 2, 0, 0, 220)
0 (1, 4, 76, 0, 0, 0, 6, 0, 2, 0, 0, 106)
1 (1, 4, 62, 184, 102, 0, 0, 0, 2, 0, 0, 172)
2 (1, 4, 133, 323, 213, 0, 0, 0, 2, 0, 0, 152)
3 (1, 4, 230, 600, 336, 0, 0, 0, 2, 0, 0, 128)
4 (1, 4, 297, 730, 352, 0, 0, 0, 2, 0, 0, 169)
5 (1, 4, 304, 657, 169, 0, 0, 0, 2, 0, 0, 160)
6 (1, 4, 258, 534, 58, 0, 0, 23, 2, 0, 0, 109)
7 (1, 4, 88, 332, 2, 0, 0, 45, 2, 0, 0, 98)
8 (1, 4, 12, 97, 0, 0, 0, 46, 2, 0, 0, 129)
9 (1, 4, 0, 0, 0, 0, 0, 33, 2, 0, 0, 196)
10 (1, 4, 0, 0, 0, 0, 0, 20, 2, 0, 0, 28)
11 (1, 4, 4, 0, 9, 0, 0, 10, 2, 0, 0, 249)
12 (1, 4, 0, 0, 0, 0, 0, 3, 2, 0, 0, 220)
13 (1, 4, 0, 0, 0, 0, 0, 0, 2, 0, 0, 186)
14 (1, 4, 0, 0, 0, 3, 0, 0, 2, 0, 0, 155)
15 (1, 4, 0, 0, 0, 0, 0, 0, 2, 0, 0, 186)
16 (1, 4, 0, 0, 0, 0, 0, 0, 2, 0, 0, 186)
17 (1, 4, 2, 14, 0, 0, 0, 0, 2, 0, 0, 162)
18 (1, 4, 24, 21, 7, 0, 0, 0, 2, 0, 0, 193)
19 (1, 4, 28, 8, 2, 0, 0, 0, 2, 0, 0, 142)
20 (1, 4, 0, 10, 0, 0, 0, 0, 2, 0, 0, 100)
21 (1, 4, 0, 7, 0, 0, 0, 0, 2, 0, 0, 184)
22 (1, 4, 0, 0, 0, 0, 0, 0, 2, 0, 0, 186)
23 (1, 4, 0, 0, 0, 0, 0, 0, 2, 0, 0, 186)
24 (1, 4, 0, 6, 6, 0, 0, 0, 2, 0, 0, 124)
25 (1, 4, 1, 1, 2, 0, 0, 0, 2, 0, 0, 46)
26 (1, 4, 0, 0, 0, 0, 0, 0, 2, 0, 0, 186)
27 (1, 4, 0, 0, 0, 0, 0, 0, 2, 0, 0, 186)
28 (1, 4, 0, 0, 0, 0, 0, 0, 2, 0, 0, 186)
29 (1, 4, 0, 0, 1, 0, 0, 0, 2, 0, 0, 46)
0 (1, 4, 123, 180, 112, 0, 0, 0, 2, 0, 0, 116)
1 (1, 4, 14, 264, 189, 2, 0, 0, 2, 0, 0, 128)
2 (1, 4, 69, 510, 310, 0, 0, 0, 2, 0, 0, 104)
3 (1, 4, 151, 645, 345, 0, 0, 0, 2, 0, 0, 55)
4 (1, 4, 288, 753, 365, 0, 0, 0, 2, 0, 0, 8)
5 (1, 4, 350, 761, 262, 0, 0, 7, 2, 0, 0, 80)
6 (1, 4, 194, 511, 71, 0, 0, 39, 2, 0, 0, 227)
7 (1, 4, 0, 149, 0, 0, 0, 52, 2, 0, 0, 178)
8 (1, 4, 0, 0, 0, 0, 0, 31, 2, 0, 0, 144)
9 (1, 4, 0, 0, 0, 0, 0, 13, 2, 0, 0, 250)
10 (1, 4, 0, 0, 0, 0, 0, 6, 2, 0, 0, 118)
11 (1, 4, 0, 0, 0, 0, 0, 0, 2, 0, 0, 186)
12 (1, 4, 0, 0, 0, 0, 0, 0, 2, 0, 0, 186)
13 (1, 4, 0, 0, 0, 0, 0, 0, 2, 0, 0, 186)
14 (1, 4, 0, 0, 0, 0, 0, 0, 2, 0, 0, 186)
15 (1, 4, 8, 0, 0, 0, 0, 0, 2, 0, 0, 202)
16 (1, 4, 0, 0, 0, 0, 0, 0, 2, 0, 0, 186)
17 (1, 4, 0, 0, 0, 0, 0, 0, 2, 0, 0, 186)
18 (1, 4, 6, 0, 0, 0, 0, 0, 2, 0, 0, 158)
19 (1, 4, 0, 0, 0, 0, 0, 0, 2, 0, 0, 186)
20 (1, 4, 0, 0, 0, 1, 0, 0, 2, 0, 0, 165)
21 (1, 4, 0, 0, 0, 4, 0, 0, 2, 0, 0, 198)
22 (1, 4, 0, 0, 0, 4, 0, 0, 2, 0, 0, 198)
23 (1, 4, 0, 0, 0, 3, 0, 0, 2, 0, 0, 155)
24 (1, 4, 0, 0, 0, 3, 0, 0, 2, 0, 0, 155)
25 (1, 4, 0, 0, 0, 5, 0, 0, 2, 0, 0, 217)
26 (1, 4, 0, 0, 0, 5, 0, 0, 2, 0, 0, 217)
27 (1, 4, 0, 0, 1, 4, 0, 0, 2, 0, 0, 82)
28 (1, 4, 4, 0, 0, 4, 0, 0, 2, 0, 0, 254)
29 (1, 4, 0, 0, 0, 5, 0, 0, 2, 0, 0, 217)
30 (1, 4, 0, 0, 0, 4, 0, 0, 2, 0, 0, 198)
31 (1, 4, 0, 0, 0, 6, 0, 0, 2, 0, 0, 248)
0 (1, 4, 0, 0, 0, 0, 30, 0, 2, 0, 0, 239)
1 (1, 4, 161, 28, 0, 0, 38, 0, 2, 0, 0, 114)
2 (1, 4, 203, 396, 189, 0, 0, 0, 2, 0, 0, 207)
3 (1, 4, 111, 361, 186, 0, 0, 0, 2, 0, 0, 239)
4 (1, 4, 0, 372, 116, 0, 0, 0, 2, 0, 0, 129)
5 (1, 4, 44, 547, 217, 0, 0, 0, 2, 0, 0, 191)
6 (1, 4, 173, 726, 318, 0, 0, 0, 2, 0, 0, 166)
7 (1, 4, 278, 753, 252, 0, 0, 0, 2, 0, 0, 76)
8 (1, 4, 142, 433, 46, 0, 0, 24, 2, 0, 0, 3)
9 (1, 4, 10, 176, 25, 0, 0, 36, 2, 0, 0, 247)
10 (1, 4, 0, 17, 0, 0, 0, 18, 2, 0, 0, 4)
11 (1, 4, 0, 0, 0, 0, 0, 11, 2, 0, 0, 54)
12 (1, 4, 0, 0, 0, 0, 0, 0, 2, 0, 0, 186)
13 (1, 4, 0, 0, 0, 0, 0, 0, 2, 0, 0, 186)
14 (1, 4, 0, 0, 0, 0, 0, 0, 2, 0, 0, 186)
15 (1, 4, 0, 0, 0, 0, 0, 0, 2, 0, 0, 186)
16 (1, 4, 0, 0, 0, 0, 0, 0, 2, 0, 0, 186)
17 (1, 4, 7, 0, 0, 0, 0, 0, 2, 0, 0, 144)
18 (1, 4, 0, 2, 0, 0, 0, 0, 2, 0, 0, 215)
19 (1, 4, 24, 0, 0, 0, 0, 0, 2, 0, 0, 42)
20 (1, 4, 0, 4, 4, 0, 0, 0, 2, 0, 0, 62)
21 (1, 4, 0, 10, 5, 0, 0, 0, 2, 0, 0, 174)
22 (1, 4, 2, 2, 5, 0, 0, 0, 2, 0, 0, 1)
23 (1, 4, 7, 1, 2, 0, 0, 0, 2, 0, 0, 10)
24 (1, 4, 0, 0, 0, 0, 0, 0, 2, 0, 0, 186)
25 (1, 4, 7, 0, 0, 0, 0, 0, 2, 0, 0, 144)
26 (1, 4, 8, 0, 0, 0, 0, 0, 2, 0, 0, 202)
27 (1, 4, 0, 0, 0, 0, 0, 0, 2, 0, 0, 186)
28 (1, 4, 0, 0, 0, 0, 0, 0, 2, 0, 0, 186)
29 (1, 4, 0, 0, 1, 0, 0, 0, 2, 0, 0, 46)
30 (1, 4, 0, 0, 0, 0, 0, 0, 2, 0, 0, 186)
31 (1, 4, 3, 11, 0, 0, 0, 0, 2, 0, 0, 195)
0 (1, 4, 3, 34, 28, 3, 0, 0, 2, 0, 0, 187)
1 (1, 4, 32, 84, 30, 0, 0, 0, 2, 0, 0, 247)
2 (1, 4, 75, 230, 52, 0, 0, 0, 2, 0, 0, 121)
3 (1, 4, 168, 600, 248, 0, 0, 0, 2, 0, 0, 179)
4 (1, 4, 196, 776, 309, 0, 0, 24, 2, 0, 0, 170)
5 (1, 4, 291, 365, 164, 0, 0, 71, 2, 0, 0, 18)
6 (1, 4, 0, 0, 0, 0, 0, 88, 2, 0, 0, 198)
7 (1, 4, 0, 0, 0, 0, 0, 43, 2, 0, 0, 151)
8 (1, 4, 0, 0, 0, 0, 0, 0, 2, 0, 0, 186)
9 (1, 4, 0, 0, 0, 0, 0, 0, 2, 0, 0, 186)
10 (1, 4, 0, 0, 0, 0, 9, 0, 2, 0, 0, 2)
11 (1, 4, 0, 0, 0, 0, 44, 0, 2, 0, 0, 149)
12 (1, 4, 205, 100, 0, 0, 28, 0, 2, 0, 0, 92)
13 (1, 4, 142, 295, 137, 0, 0, 0, 2, 0, 0, 7)
14 (1, 4, 81, 248, 154, 0, 0, 0, 2, 0, 0, 82)
15 (1, 4, 108, 458, 209, 0, 0, 0, 2, 0, 0, 228)
16 (1, 4, 253, 853, 333, 0, 0, 0, 2, 0, 0, 50)
17 (1, 4, 359, 873, 368, 0, 0, 0, 2, 0, 0, 148)
18 (1, 4, 263, 571, 19, 0, 0, 28, 2, 0, 0, 31)
19 (1, 4, 0, 248, 0, 0, 0, 46, 2, 0, 0, 175)
20 (1, 4, 0, 2, 0, 0, 0, 29, 2, 0, 0, 68)
21 (1, 4, 0, 0, 16, 0, 0, 14, 2, 0, 0, 227)
22 (1, 4, 0, 0, 21, 0, 0, 0, 2, 0, 0, 15)
23 (1, 4, 0, 0, 43, 0, 0, 0, 2, 0, 0, 67)
24 (1, 4, 0, 0, 23, 0, 0, 0, 2, 0, 0, 32)
25 (1, 4, 5, 0, 0, 0, 0, 0, 2, 0, 0, 140)
26 (1, 4, 0, 0, 0, 0, 0, 0, 2, 0, 0, 186)
27 (1, 4, 0, 0, 10, 0, 0, 0, 2, 0, 0, 41)
28 (1, 4, 19, 0, 19, 0, 0, 0, 2, 0, 0, 140)
29 (1, 4, 0, 0, 0, 0, 0, 0, 2, 0, 0, 186)
30 (1, 4, 1, 0, 0, 0, 0, 0, 2, 0, 0, 180)
31 (1, 4, 0, 0, 0, 0, 0, 0, 2, 0, 0, 186)
0 (1, 4, 0, 0, 0, 0, 0, 0, 2, 0, 0, 186)
1 (1, 4, 0, 0, 0, 0, 0, 0, 2, 0, 0, 186)
2 (1, 4, 0, 0, 0, 0, 11, 0, 2, 0, 0, 240)
3 (1, 4, 126, 217, 36, 0, 0, 0, 2, 0, 0, 5)
4 (1, 4, 233, 303, 197, 0, 0, 0, 2, 0, 0, 201)
5 (1, 4, 106, 308, 175, 3, 0, 0, 2, 0, 0, 115)
6 (1, 4, 114, 525, 297, 6, 0, 0, 2, 0, 0, 208)
7 (1, 4, 168, 641, 290, 0, 0, 0, 2, 0, 0, 237)
8 (1, 4, 211, 584, 152, 0, 0, 0, 2, 0, 0, 27)
9 (1, 4, 74, 344, 79, 0, 0, 16, 2, 0, 0, 154)
10 (1, 4, 36, 98, 33, 0, 0, 19, 2, 0, 0, 182)
11 (1, 4, 0, 6, 15, 0, 0, 0, 1, 0, 0, 242)
12 (1, 4, 0, 0, 45, 0, 0, 0, 1, 0, 0, 148)
13 (1, 4, 12, 0, 34, 0, 0, 0, 1, 0, 0, 133)
14 (1, 4, 20, 0, 30, 1, 0, 0, 1, 0, 0, 105)
15 (1, 4, 47, 0, 0, 0, 0, 0, 1, 0, 0, 129)
16 (1, 4, 0, 0, 0, 0, 0, 0, 1, 0, 0, 28)
17 (1, 4, 0, 0, 0, 3, 0, 0, 1, 0, 0, 61)
18 (1, 4, 0, 0, 0, 5, 0, 0, 1, 0, 0, 127)
19 (1, 4, 6, 0, 4, 2, 0, 0, 1, 0, 0, 88)
20 (1, 4, 0, 0, 6, 2, 0, 0, 1, 0, 0, 83)
21 (1, 4, 0, 0, 5, 5, 0, 0, 1, 0, 0, 181)
22 (1, 4, 38, 8, 12, 7, 0, 0, 1, 0, 0, 243)
23 (1, 4, 8, 0, 9, 3, 0, 0, 1, 0, 0, 101)
24 (1, 4, 0, 0, 7, 0, 0, 0, 1, 0, 0, 249)
25 (1, 4, 10, 0, 0, 0, 0, 0, 1, 0, 0, 112)
26 (1, 4, 35, 6, 0, 1, 0, 0, 1, 0, 0, 97)
27 (1, 4, 0, 0, 0, 3, 0, 0, 1, 0, 0, 61)
28 (1, 4, 0, 0, 0, 2, 0, 0, 1, 0, 0, 34)
29 (1, 4, 0, 0, 5, 2, 0, 0, 1, 0, 0, 232)
30 (1, 4, 0, 0, 8, 5, 0, 0, 1, 0, 0, 195)
31 (1, 4, 0, 8, 9, 5, 0, 0, 1, 0, 0, 228)
0 (1, 4, 131, 205, 0, 0, 0, 16, 2, 0, 0, 48)
1 (1, 4, 154, 242, 0, 0, 0, 24, 2, 0, 0, 86)
2 (1, 4, 141, 139, 11, 0, 0, 31, 2, 0, 0, 174)
3 (1, 4, 63, 0, 0, 0, 0, 43, 2, 0, 0, 234)
4 (1, 4, 0, 0, 0, 0, 0, 41, 2, 0, 0, 46)
5 (1, 4, 0, 0, 0, 0, 0, 23, 2, 0, 0, 122)
6 (1, 4, 0, 0, 0, 0, 11, 0, 2, 0, 0, 240)
7 (1, 4, 0, 0, 0, 0, 0, 0, 2, 0, 0, 186)
8 (1, 4, 105, 0, 0, 0, 30, 0, 2, 0, 0, 223)
9 (1, 4, 178, 283, 165, 0, 0, 0, 2, 0, 0, 190)
10 (1, 4, 72, 419, 273, 0, 0, 0, 2, 0, 0, 11)
11 (1, 4, 183, 678, 399, 0, 0, 0, 2, 0, 0, 238)
12 (1, 4, 243, 781, 321, 0, 0, 0, 2, 0, 0, 213)
13 (1, 4, 299, 681, 213, 0, 0, 0, 2, 0, 0, 170)
14 (1, 4, 219, 536, 65, 0, 0, 15, 2, 0, 0, 45)
15 (1, 4, 20, 361, 15, 0, 0, 35, 2, 0, 0, 94)
16 (1, 4, 26, 132, 9, 0, 0, 43, 2, 0, 0, 232)
17 (1, 4, 0, 19, 0, 0, 0, 25, 2, 0, 0, 229)
18 (1, 4, 0, 0, 0, 0, 0, 19, 2, 0, 0, 15)
19 (1, 4, 0, 0, 0, 4, 0, 10, 2, 0, 0, 149)
20 (1, 4, 0, 0, 33, 20, 0, 15, 2, 0, 0, 162)
21 (1, 4, 0, 5, 74, 9, 0, 22, 2, 0, 0, 69)
22 (1, 4, 53, 0, 80, 0, 0, 16, 2, 0, 0, 252)
23 (1, 4, 28, 0, 30, 1, 0, 6, 2, 0, 0, 115)
24 (1, 4, 12, 0, 7, 2, 0, 4, 2, 0, 0, 92)
25 (1, 4, 0, 0, 0, 5, 0, 0, 2, 0, 0, 217)
26 (1, 4, 0, 0, 0, 3, 0, 0, 2, 0, 0, 155)
27 (1, 4, 0, 0, 0, 1, 0, 0, 2, 0, 0, 165)
28 (1, 4, 10, 23, 6, 0, 0, 0, 2, 0, 0, 196)
29 (1, 4, 20, 19, 0, 0, 0, 0, 2, 0, 0, 219)
30 (1, 4, 20, 10, 1, 0, 0, 4, 2, 0, 0, 93)
31 (1, 4, 0, 7, 7, 0, 0, 7, 2, 0, 0, 78)
0 (1, 4, 144, 409, 212, 0, 0, 0, 2, 0, 0, 231)
1 (1, 4, 192, 602, 264, 0, 0, 0, 2, 0, 0, 54)
2 (1, 4, 235, 742, 394, 0, 0, 0, 2, 0, 0, 134)
3 (1, 4, 379, 718, 354, 0, 0, 0, 2, 0, 0, 72)
4 (1, 4, 487, 670, 288, 0, 0, 17, 2, 0, 0, 207)
5 (1, 4, 131, 346, 5, 0, 0, 38, 2, 0, 0, 195)
6 (1, 4, 0, 77, 0, 0, 0, 48, 2, 0, 0, 151)
7 (1, 4, 10, 0, 0, 0, 0, 43, 2, 0, 0, 251)
8 (1, 4, 0, 0, 0, 0, 0, 28, 2, 0, 0, 246)
9 (1, 4, 0, 0, 0, 0, 0, 27, 2, 0, 0, 229)
10 (1, 4, 0, 0, 0, 0, 0, 30, 2, 0, 0, 79)
11 (1, 4, 0, 0, 13, 0, 0, 16, 2, 0, 0, 31)
12 (1, 4, 0, 0, 13, 0, 0, 10, 2, 0, 0, 159)
13 (1, 4, 0, 0, 11, 0, 0, 8, 2, 0, 0, 87)
14 (1, 4, 0, 0, 16, 0, 0, 4, 2, 0, 0, 176)
15 (1, 4, 0, 0, 17, 0, 0, 4, 2, 0, 0, 36)
16 (1, 4, 0, 0, 18, 0, 0, 2, 2, 0, 0, 83)
17 (1, 4, 0, 0, 22, 0, 0, 0, 2, 0, 0, 180)
18 (1, 4, 0, 0, 43, 0, 0, 0, 2, 0, 0, 67)
19 (1, 4, 0, 1, 90, 0, 0, 0, 2, 0, 0, 24)
20 (1, 4, 11, 24, 161, 0, 0, 0, 2, 0, 0, 145)
21 (1, 4, 51, 63, 202, 0, 0, 0, 2, 0, 0, 4)
22 (1, 4, 49, 114, 251, 0, 0, 6, 2, 0, 0, 158)
23 (1, 4, 42, 84, 216, 0, 0, 6, 2, 0, 0, 44)
24 (1, 4, 44, 97, 225, 0, 0, 3, 2, 0, 0, 199)
25 (1, 4, 78, 93, 160, 0, 0, 13, 2, 0, 0, 22)
26 (1, 4, 53, 68, 116, 0, 0, 7, 2, 0, 0, 197)
27 (1, 4, 50, 77, 107, 0, 0, 2, 2, 0, 0, 101)
28 (1, 4, 58, 109, 102, 0, 0, 6, 2, 0, 0, 212)
29 (1, 4, 88, 64, 104, 0, 0, 0, 2, 0, 0, 153)
30 (1, 4, 28, 22, 63, 0, 0, 0, 2, 0, 0, 28)
0 (1, 4, 4, 8, 0, 0, 0, 8, 2, 0, 0, 219)
1 (1, 4, 0, 0, 0, 0, 0, 6, 2, 0, 0, 118)
2 (1, 4, 0, 4, 0, 0, 0, 4, 2, 0, 0, 21)
3 (1, 4, 5, 8, 0, 0, 0, 5, 2, 0, 0, 149)
4 (1, 4, 0, 7, 0, 0, 0, 6, 2, 0, 0, 116)
5 (1, 4, 0, 1, 0, 0, 0, 6, 2, 0, 0, 195)
6 (1, 4, 0, 3, 2, 0, 0, 4, 2, 0, 0, 56)
7 (1, 4, 0, 11, 1, 0, 0, 6, 2, 0, 0, 137)
8 (1, 4, 187, 96, 49, 0, 0, 36, 2, 0, 0, 106)
9 (1, 4, 256, 250, 54, 0, 0, 68, 2, 0, 0, 135)
10 (1, 4, 117, 172, 81, 0, 0, 84, 2, 0, 0, 123)
11 (1, 4, 49, 0, 140, 0, 0, 77, 2, 0, 0, 133)
12 (1, 4, 0, 0, 138, 0, 0, 73, 2, 0, 0, 168)
13 (1, 4, 0, 0, 68, 0, 0, 55, 2, 0, 0, 126)
14 (1, 4, 0, 0, 0, 0, 0, 28, 2, 0, 0, 246)
15 (1, 4, 0, 0, 0, 0, 37, 0, 2, 0, 0, 45)
16 (1, 4, 0, 0, 0, 0, 0, 0, 2, 0, 0, 186)
17 (1, 4, 0, 0, 0, 0, 21, 0, 2, 0, 0, 165)
18 (1, 4, 237, 58, 12, 0, 0, 0, 2, 0, 0, 56)
19 (1, 4, 110, 66, 25, 0, 0, 0, 2, 0, 0, 25)
20 (1, 4, 36, 92, 127, 0, 0, 0, 2, 0, 0, 237)
21 (1, 4, 1, 160, 193, 0, 0, 0, 2, 0, 0, 233)
22 (1, 4, 116, 215, 144, 0, 0, 0, 2, 0, 0, 67)
23 (1, 4, 166, 383, 131, 0, 0, 0, 2, 0, 0, 114)
24 (1, 4, 211, 408, 81, 0, 0, 0, 2, 0, 0, 242)
25 (1, 4, 182, 395, 68, 0, 0, 0, 2, 0, 0, 134)
26 (1, 4, 137, 377, 36, 0, 0, 0, 2, 0, 0, 178)
27 (1, 4, 126, 354, 40, 0, 0, 0, 2, 0, 0, 203)
28 (1, 4, 113, 334, 22, 0, 0, 0, 2, 0, 0, 118)
29 (1, 4, 82, 349, 13, 0, 0, 0, 2, 0, 0, 98)
0 (1, 4, 3, 5, 9, 0, 0, 0, 3, 0, 0, 141)
1 (1, 4, 1, 29, 14, 0, 0, 0, 3, 1, 0, 205)
2 (1, 4, 90, 55, 0, 0, 0, 14, 3, 1, 0, 49)
3 (1, 4, 3, 0, 0, 0, 0, 46, 2, 1, 0, 68)
4 (1, 4, 0, 0, 0, 0, 0, 42, 2, 1, 0, 35)
5 (1, 4, 0, 0, 0, 0, 0, 12, 2, 1, 0, 78)
6 (1, 4, 0, 0, 0, 0, 0, 0, 2, 1, 0, 209)
7 (1, 4, 0, 0, 0, 0, 0, 0, 2, 1, 0, 209)
8 (1, 4, 0, 25, 0, 0, 0, 0, 2, 1, 0, 182)
9 (1, 4, 0, 113, 0, 0, 0, 0, 2, 1, 0, 68)
10 (1, 4, 96, 250, 119, 5, 0, 0, 2, 1, 0, 156)
11 (1, 4, 249, 446, 284, 0, 0, 3, 2, 1, 0, 241)
12 (1, 4, 419, 216, 0, 0, 0, 77, 2, 0, 0, 45)
13 (1, 4, 0, 0, 0, 0, 0, 206, 1, 1, 0, 158)
14 (1, 4, 0, 0, 0, 0, 0, 121, 2, 0, 0, 184)
15 (1, 4, 0, 0, 0, 0, 0, 0, 2, 0, 0, 186)
16 (1, 4, 88, 374, 120, 0, 0, 0, 2, 0, 0, 23)
17 (1, 4, 183, 330, 0, 0, 0, 0, 2, 0, 0, 26)
18 (1, 4, 14, 509, 197, 24, 0, 0, 2, 0, 0, 57)
19 (1, 4, 34, 643, 366, 32, 0, 0, 2, 0, 0, 9)
20 (1, 4, 0, 494, 175, 6, 0, 2, 2, 0, 0, 182)
21 (1, 4, 142, 400, 236, 21, 0, 3, 2, 0, 0, 154)
22 (1, 4, 76, 186, 57, 15, 0, 20, 2, 0, 0, 173)
23 (1, 4, 7, 112, 68, 20, 0, 18, 2, 0, 0, 244)
24 (1, 4, 48, 8, 0, 10, 0, 26, 2, 0, 0, 104)
25 (1, 4, 0, 10, 0, 11, 0, 15, 2, 0, 0, 68)
26 (1, 4, 0, 0, 0, 16, 0, 10, 2, 0, 0, 30)
27 (1, 4, 0, 0, 0, 22, 0, 9, 2, 0, 0, 58)
28 (1, 4, 0, 0, 7, 23, 0, 9, 2, 0, 0, 192)
29 (1, 4, 0, 0, 20, 19, 0, 4, 2, 0, 0, 56)
30 (1, 4, 0, 0, 0, 20, 0, 0, 2, 0, 0, 49)
31 (1, 4, 0, 0, 19, 23, 0, 0, 2, 0, 0, 212)
0 (1, 4, 24, 215, 29, 17, 0, 0, 2, 0, 0, 42)
1 (1, 4, 0, 174, 126, 20, 0, 0, 2, 0, 0, 65)
2 (1, 4, 0, 231, 214, 18, 0, 0, 2, 0, 0, 53)
3 (1, 4, 71, 425, 260, 0, 0, 0, 2, 0, 0, 58)
4 (1, 4, 79, 627, 348, 0, 0, 0, 2, 0, 0, 103)
5 (1, 4, 44, 560, 173, 0, 0, 0, 2, 0, 0, 34)
6 (1, 4, 207, 426, 75, 0, 0, 18, 2, 0, 0, 18)
7 (1, 4, 86, 187, 0, 0, 0, 18, 2, 0, 0, 84)
8 (1, 4, 0, 94, 0, 5, 0, 16, 2, 0, 0, 236)
9 (1, 4, 0, 7, 0, 9, 0, 1, 2, 0, 0, 128)
10 (1, 4, 0, 0, 6, 7, 0, 0, 2, 0, 0, 150)
11 (1, 4, 4, 6, 15, 5, 0, 0, 2, 0, 0, 15)
12 (1, 4, 9, 13, 0, 4, 0, 0, 2, 0, 0, 100)
13 (1, 4, 0, 0, 0, 4, 0, 0, 2, 0, 0, 198)
14 (1, 4, 0, 1, 0, 9, 0, 0, 2, 0, 0, 232)
15 (1, 4, 0, 13, 0, 11, 0, 0, 2, 0, 0, 191)
16 (1, 4, 28, 0, 0, 12, 0, 0, 2, 0, 0, 150)
17 (1, 4, 0, 0, 0, 18, 0, 0, 2, 0, 0, 115)
18 (1, 4, 4, 0, 0, 16, 0, 0, 2, 0, 0, 117)
19 (1, 4, 0, 0, 1, 15, 0, 0, 2, 0, 0, 139)
20 (1, 4, 0, 0, 2, 16, 0, 0, 2, 0, 0, 98)
21 (1, 4, 10, 0, 15, 17, 0, 0, 2, 0, 0, 103)
22 (1, 4, 0, 0, 15, 15, 0, 0, 2, 0, 0, 70)
23 (1, 4, 0, 0, 11, 14, 0, 0, 2, 0, 0, 7)
24 (1, 4, 13, 15, 12, 13, 0, 0, 2, 0, 0, 52)
25 (1, 4, 15, 13, 9, 13, 0, 0, 2, 0, 0, 143)
26 (1, 4, 0, 4, 1, 12, 0, 0, 2, 0, 0, 112)
27 (1, 4, 5, 8, 1, 10, 0, 0, 2, 0, 0, 109)
28 (1, 4, 0, 5, 0, 10, 0, 0, 2, 0, 0, 19)
29 (1, 4, 0, 7, 0, 11, 0, 0, 2, 0, 0, 97)
30 (1, 4, 0, 8, 0, 12, 0, 0, 2, 0, 0, 141)
0 (1, 4, 0, 0, 147, 0, 0, 47, 2, 0, 0, 215)
1 (1, 4, 0, 0, 0, 0, 0, 7, 2, 0, 0, 169)
2 (1, 4, 0, 0, 0, 0, 0, 0, 2, 0, 0, 186)
3 (1, 4, 0, 0, 0, 0, 0, 0, 2, 0, 0, 186)
4 (1, 4, 73, 0, 0, 0, 32, 0, 2, 0, 0, 64)
5 (1, 4, 112, 496, 205, 0, 0, 0, 2, 0, 0, 172)
6 (1, 4, 114, 577, 398, 0, 0, 0, 2, 0, 0, 146)
7 (1, 4, 92, 620, 312, 0, 0, 0, 2, 0, 0, 30)
8 (1, 4, 251, 706, 288, 0, 0, 0, 2, 0, 0, 226)
9 (1, 4, 235, 580, 153, 0, 0, 8, 2, 0, 0, 91)
10 (1, 4, 173, 382, 108, 0, 0, 28, 2, 0, 0, 68)
11 (1, 4, 31, 117, 0, 0, 0, 26, 2, 0, 0, 207)
12 (1, 4, 0, 21, 0, 0, 0, 19, 2, 0, 0, 1)
13 (1, 4, 0, 0, 0, 0, 0, 8, 2, 0, 0, 80)
14 (1, 4, 0, 0, 0, 0, 0, 0, 2, 0, 0, 186)
15 (1, 4, 0, 0, 0, 0, 0, 0, 2, 0, 0, 186)
16 (1, 4, 0, 0, 0, 5, 0, 0, 2, 0, 0, 217)
17 (1, 4, 21, 0, 3, 7, 0, 0, 2, 0, 0, 138)
18 (1, 4, 53, 0, 0, 5, 0, 0, 2, 0, 0, 200)
19 (1, 4, 0, 0, 0, 3, 0, 0, 2, 0, 0, 155)
20 (1, 4, 0, 0, 0, 2, 0, 0, 2, 0, 0, 132)
21 (1, 4, 0, 0, 0, 0, 0, 0, 2, 0, 0, 186)
22 (1, 4, 17, 0, 0, 0, 0, 0, 2, 0, 0, 84)
23 (1, 4, 4, 3, 16, 2, 0, 0, 2, 0, 0, 27)
24 (1, 4, 0, 0, 16, 5, 0, 0, 2, 0, 0, 166)
25 (1, 4, 0, 0, 5, 7, 0, 0, 2, 0, 0, 45)
26 (1, 4, 1, 2, 1, 5, 0, 0, 2, 0, 0, 46)
27 (1, 4, 31, 6, 5, 3, 0, 0, 2, 0, 0, 92)
28 (1, 4, 0, 7, 0, 3, 0, 0, 2, 0, 0, 153)
29 (1, 4, 0, 4, 0, 2, 0, 0, 2, 0, 0, 94)
0 (1, 4, 0, 0, 0, 0, 0, 0, 2, 0, 0, 186)
1 (1, 4, 0, 0, 0, 0, 26, 0, 2, 0, 0, 12)
2 (1, 4, 33, 0, 0, 0, 79, 0, 2, 0, 0, 192)
3 (1, 4, 163, 379, 189, 0, 24, 0, 2, 0, 0, 150)
4 (1, 4, 188, 442, 381, 3, 0, 0, 2, 0, 0, 41)
5 (1, 4, 96, 420, 329, 0, 0, 0, 2, 0, 0, 134)
6 (1, 4, 92, 511, 297, 0, 0, 0, 2, 0, 0, 101)
7 (1, 4, 125, 556, 275, 0, 0, 0, 2, 0, 0, 173)
8 (1, 4, 260, 583, 266, 0, 0, 0, 2, 0, 0, 2)
9 (1, 4, 229, 402, 96, 0, 0, 9, 2, 0, 0, 15)
10 (1, 4, 28, 228, 28, 0, 0, 22, 2, 0, 0, 10)
11 (1, 4, 19, 62, 15, 0, 0, 25, 2, 0, 0, 80)
12 (1, 4, 0, 20, 11, 0, 0, 15, 2, 0, 0, 255)
13 (1, 4, 0, 0, 1, 0, 0, 6, 2, 0, 0, 226)
14 (1, 4, 0, 0, 0, 0, 0, 0, 2, 0, 0, 186)
15 (1, 4, 0, 0, 0, 0, 0, 0, 2, 0, 0, 186)
16 (1, 4, 0, 0, 0, 0, 0, 0, 2, 0, 0, 186)
17 (1, 4, 0, 16, 0, 0, 0, 0, 2, 0, 0, 219)
18 (1, 4, 19, 10, 5, 0, 0, 1, 2, 0, 0, 131)
19 (1, 4, 7, 0, 0, 0, 0, 2, 2, 0, 0, 41)
20 (1, 4, 0, 0, 0, 0, 0, 0, 2, 0, 0, 186)
21 (1, 4, 0, 0, 0, 0, 0, 0, 2, 0, 0, 186)
22 (1, 4, 0, 0, 0, 2, 0, 0, 2, 0, 0, 132)
23 (1, 4, 0, 0, 0, 6, 0, 0, 2, 0, 0, 248)
24 (1, 4, 12, 23, 19, 0, 0, 0, 2, 0, 0, 85)
25 (1, 4, 53, 40, 11, 0, 0, 2, 2, 0, 0, 100)
26 (1, 4, 0, 6, 7, 0, 0, 5, 2, 0, 0, 66)
27 (1, 4, 2, 0, 1, 0, 0, 0, 2, 0, 0, 50)
28 (1, 4, 0, 0, 0, 2, 0, 0, 2, 0, 0, 132)
29 (1, 4, 0, 0, 0, 2, 0, 0, 2, 0, 0, 132)
0 (1, 4, 0, 0, 0, 0, 0, 0, 2, 0, 0, 186)
1 (1, 4, 0, 0, 0, 0, 0, 0, 2, 0, 0, 186)
2 (1, 4, 0, 7, 0, 0, 0, 0, 2, 0, 0, 184)
3 (1, 4, 3, 27, 0, 1, 0, 0, 2, 0, 0, 189)
4 (1, 4, 35, 57, 7, 3, 0, 0, 2, 0, 0, 14)
5 (1, 4, 134, 162, 99, 0, 0, 29, 2, 0, 0, 8)
6 (1, 4, 311, 233, 184, 0, 0, 61, 2, 0, 0, 13)
7 (1, 4, 0, 114, 184, 0, 0, 67, 2, 0, 0, 24)
8 (1, 4, 0, 0, 14, 0, 0, 58, 2, 0, 0, 86)
9 (1, 4, 0, 0, 0, 0, 0, 19, 2, 0, 0, 15)
10 (1, 4, 0, 0, 0, 0, 0, 0, 2, 0, 0, 186)
11 (1, 4, 0, 0, 0, 0, 7, 0, 2, 0, 0, 210)
12 (1, 4, 0, 0, 0, 0, 22, 0, 2, 0, 0, 46)
13 (1, 4, 146, 323, 80, 0, 1, 0, 2, 0, 0, 16)
14 (1, 4, 114, 429, 284, 0, 0, 0, 2, 0, 0, 50)
15 (1, 4, 28, 360, 226, 0, 0, 0, 2, 0, 0, 222)
16 (1, 4, 63, 534, 278, 0, 0, 0, 2, 0, 0, 143)
17 (1, 4, 136, 636, 264, 0, 0, 0, 2, 0, 0, 186)
18 (1, 4, 270, 677, 214, 0, 0, 0, 2, 0, 0, 137)
19 (1, 4, 247, 571, 93, 0, 0, 21, 2, 0, 0, 165)
20 (1, 4, 53, 408, 50, 0, 0, 48, 2, 0, 0, 65)
21 (1, 4, 0, 112, 2, 0, 0, 43, 2, 0, 0, 152)
22 (1, 4, 0, 0, 26, 0, 0, 27, 2, 0, 0, 9)
23 (1, 4, 0, 0, 19, 0, 0, 11, 2, 0, 0, 242)
24 (1, 4, 0, 0, 0, 0, 0, 0, 2, 0, 0, 186)
25 (1, 4, 0, 0, 0, 0, 0, 0, 2, 0, 0, 186)
26 (1, 4, 0, 0, 0, 0, 0, 0, 2, 0, 0, 186)
27 (1, 4, 0, 0, 0, 0, 0, 0, 2, 0, 0, 186)
28 (1, 4, 3, 13, 0, 0, 0, 0, 2, 0, 0, 116)
29 (1, 4, 0, 19, 10, 0, 0, 0, 2, 0, 0, 144)
30 (1, 4, 0, 0, 0, 0, 0, 0, 2, 0, 0, 186)
0 (1, 4, 100, 0, 221, 0, 0, 43, 2, 0, 0, 226)
1 (1, 4, 0, 0, 96, 0, 0, 47, 2, 0, 0, 231)
2 (1, 4, 0, 0, 0, 0, 0, 15, 2, 0, 0, 67)
3 (1, 4, 0, 0, 0, 0, 0, 0, 2, 0, 0, 186)
4 (1, 4, 0, 0, 0, 0, 2, 0, 2, 0, 0, 72)
5 (1, 4, 0, 0, 0, 0, 99, 0, 2, 0, 0, 38)
6 (1, 4, 175, 390, 274, 0, 57, 0, 2, 0, 0, 92)
7 (1, 4, 437, 648, 502, 12, 0, 0, 2, 0, 0, 224)
8 (1, 4, 298, 773, 514, 0, 0, 0, 2, 0, 0, 193)
9 (1, 4, 96, 586, 247, 0, 0, 0, 2, 0, 0, 10)
10 (1, 4, 241, 630, 251, 0, 0, 14, 2, 0, 0, 255)
11 (1, 4, 183, 371, 38, 0, 0, 17, 2, 0, 0, 60)
12 (1, 4, 0, 222, 34, 0, 0, 18, 2, 0, 0, 230)
13 (1, 4, 3, 74, 19, 0, 0, 21, 2, 0, 0, 72)
14 (1, 4, 0, 0, 0, 0, 0, 0, 2, 0, 0, 186)
15 (1, 4, 0, 0, 21, 0, 0, 0, 2, 0, 0, 15)
16 (1, 4, 24, 17, 31, 0, 0, 2, 2, 0, 0, 97)
17 (1, 4, 0, 0, 0, 0, 0, 2, 2, 0, 0, 3)
18 (1, 4, 0, 0, 0, 0, 0, 0, 2, 0, 0, 186)
19 (1, 4, 0, 0, 0, 4, 0, 0, 2, 0, 0, 198)
20 (1, 4, 0, 0, 14, 3, 0, 0, 2, 0, 0, 86)
21 (1, 4, 5, 0, 1, 0, 0, 0, 2, 0, 0, 24)
22 (1, 4, 0, 2, 9, 0, 0, 0, 2, 0, 0, 255)
23 (1, 4, 0, 4, 0, 0, 0, 0, 2, 0, 0, 96)
24 (1, 4, 18, 17, 11, 0, 0, 0, 2, 0, 0, 149)
25 (1, 4, 64, 0, 0, 0, 0, 0, 2, 0, 0, 51)
26 (1, 4, 0, 0, 9, 0, 0, 0, 2, 0, 0, 146)
27 (1, 4, 0, 0, 6, 0, 0, 0, 2, 0, 0, 203)
28 (1, 4, 11, 0, 0, 0, 0, 0, 2, 0, 0, 216)
29 (1, 4, 0, 7, 0, 0, 0, 0, 2, 0, 0, 184)
30 (1, 4, 25, 7, 1, 0, 0, 0, 2, 0, 0, 178)
31 (1, 4, 9, 0, 0, 0, 0, 0, 2, 0, 0, 196)
0 (1, 4, 0, 0, 0, 0, 0, 0, 2, 0, 0, 186)
1 (1, 4, 88, 0, 0, 0, 46, 0, 2, 0, 0, 126)
2 (1, 4, 92, 436, 139, 0, 0, 0, 2, 0, 0, 240)
3 (1, 4, 76, 374, 293, 0, 0, 0, 2, 0, 0, 96)
4 (1, 4, 47, 552, 390, 0, 0, 0, 2, 0, 0, 70)
5 (1, 4, 138, 731, 375, 0, 0, 0, 2, 0, 0, 68)
6 (1, 4, 205, 782, 345, 0, 0, 0, 2, 0, 0, 189)
7 (1, 4, 305, 707, 247, 0, 0, 5, 2, 0, 0, 194)
8 (1, 4, 189, 583, 127, 0, 0, 25, 2, 0, 0, 71)
9 (1, 4, 17, 275, 31, 0, 0, 36, 2, 0, 0, 250)
10 (1, 4, 0, 74, 41, 0, 0, 38, 2, 0, 0, 92)
11 (1, 4, 0, 0, 10, 0, 0, 15, 2, 0, 0, 208)
12 (1, 4, 0, 4, 14, 0, 0, 5, 2, 0, 0, 7)
13 (1, 4, 0, 10, 24, 0, 0, 4, 2, 0, 0, 210)
14 (1, 4, 0, 0, 22, 0, 0, 0, 2, 0, 0, 180)
15 (1, 4, 0, 0, 11, 0, 0, 0, 2, 0, 0, 189)
16 (1, 4, 0, 0, 0, 0, 0, 0, 2, 0, 0, 186)
17 (1, 4, 0, 0, 0, 0, 0, 0, 2, 0, 0, 186)
18 (1, 4, 0, 0, 0, 0, 0, 0, 2, 0, 0, 186)
19 (1, 4, 0, 0, 0, 0, 0, 0, 2, 0, 0, 186)
20 (1, 4, 0, 0, 0, 0, 0, 0, 2, 0, 0, 186)
21 (1, 4, 0, 0, 0, 0, 0, 0, 2, 0, 0, 186)
22 (1, 4, 0, 0, 0, 0, 0, 0, 2, 0, 0, 186)
23 (1, 4, 0, 0, 0, 0, 0, 0, 2, 0, 0, 186)
24 (1, 4, 0, 0, 0, 0, 0, 0, 2, 0, 0, 186)
25 (1, 4, 0, 0, 0, 0, 0, 0, 2, 0, 0, 186)
26 (1, 4, 19, 0, 0, 0, 0, 0, 2, 0, 0, 72)
27 (1, 4, 6, 0, 0, 0, 0, 0, 2, 0, 0, 158)
28 (1, 4, 0, 0, 0, 0, 0, 0, 2, 0, 0, 186)
29 (1, 4, 0, 0, 3, 0, 0, 0, 2, 0, 0, 1)
30 (1, 4, 0, 0, 0, 0, 0, 0, 2, 0, 0, 186)
31 (1, 4, 0, 2, 0, 0, 0, 0, 2, 0, 0, 215)

