1 (1, 4, 119, 683, 323, 0, 0, 44, 18, 20, 0, 67)
2 (1, 4, 0, 280, 377, 0, 0, 130, 18, 20, 0, 138)
3 (1, 4, 0, 0, 0, 0, 0, 149, 9, 12, 0, 12)
4 (1, 4, 133, 0, 0, 0, 0, 87, 9, 12, 0, 89)
5 (1, 4, 0, 0, 0, 0, 0, 77, 10, 13, 0, 55)
6 (1, 4, 0, 0, 0, 23, 15, 96, 4, 5, 0, 214)
7 (1, 4, 0, 0, 0, 67, 39, 107, 3, 4, 0, 138)
8 (1, 4, 0, 0, 0, 105, 53, 107, 2, 3, 0, 166)
9 (1, 4, 0, 43, 0, 102, 33, 129, 4, 4, 0, 172)
10 (1, 4, 0, 128, 90, 55, 0, 129, 3, 4, 0, 115)
11 (1, 4, 0, 82, 128, 32, 0, 129, 2, 3, 0, 197)
12 (1, 4, 0, 12, 41, 24, 0, 119, 2, 3, 0, 147)
13 (1, 4, 0, 0, 0, 33, 0, 115, 2, 3, 0, 160)
14 (1, 4, 0, 0, 0, 41, 0, 107, 2, 3, 0, 97)
15 (1, 4, 0, 5, 0, 39, 0, 111, 2, 3, 0, 193)
16 (1, 4, 53, 37, 15, 32, 0, 110, 2, 3, 0, 201)
17 (1, 4, 0, 0, 0, 27, 0, 111, 2, 3, 0, 52)
18 (1, 4, 9, 0, 0, 30, 0, 104, 2, 3, 0, 58)
19 (1, 4, 0, 0, 0, 34, 0, 103, 2, 3, 0, 39)
20 (1, 4, 14, 3, 0, 35, 0, 104, 2, 3, 0, 77)
21 (1, 4, 6, 12, 4, 35, 0, 104, 2, 3, 0, 210)
22 (1, 4, 5, 7, 0, 35, 0, 106, 2, 3, 0, 76)
23 (1, 4, 8, 9, 1, 35, 0, 106, 2, 3, 0, 154)
24 (1, 4, 16, 4, 0, 33, 0, 104, 2, 3, 0, 197)
25 (1, 4, 0, 6, 0, 33, 0, 105, 2, 3, 0, 151)
26 (1, 4, 2, 0, 0, 33, 0, 106, 2, 3, 0, 90)
27 (1, 4, 0, 5, 0, 34, 0, 102, 2, 3, 0, 151)
28 (1, 4, 0, 13, 1, 35, 0, 106, 2, 3, 0, 48)
29 (1, 4, 3, 13, 5, 34, 0, 107, 2, 3, 0, 188)
30 (1, 4, 0, 8, 0, 33, 0, 109, 2, 3, 0, 230)
31 (1, 4, 9, 2, 0, 32, 0, 107, 2, 3, 0, 149)
32 (1, 4, 0, 0, 0, 32, 0, 104, 2, 3, 0, 224)
1 (1, 4, 170, 119, 10, 109, 74, 88, 7, 8, 0, 251)
2 (1, 4, 92, 294, 129, 62, 25, 88, 7, 8, 0, 55)
3 (1, 4, 106, 318, 163, 0, 38, 60, 7, 8, 0, 35)
4 (1, 4, 109, 628, 323, 0, 0, 47, 6, 7, 0, 89)
5 (1, 4, 0, 508, 389, 0, 38, 136, 6, 6, 0, 255)
6 (1, 4, 0, 0, 0, 0, 0, 139, 5, 6, 0, 232)
7 (1, 4, 184, 0, 0, 0, 0, 124, 5, 6, 0, 4)
8 (1, 4, 0, 0, 0, 0, 17, 86, 5, 6, 0, 72)
9 (1, 4, 0, 0, 0, 0, 0, 97, 5, 6, 0, 213)
10 (1, 4, 0, 0, 0, 26, 0, 89, 5, 6, 0, 124)
11 (1, 4, 0, 0, 0, 83, 30, 110, 4, 4, 0, 206)
12 (1, 4, 0, 0, 0, 99, 45, 114, 3, 4, 0, 182)
13 (1, 4, 0, 0, 29, 98, 44, 111, 3, 4, 0, 74)
14 (1, 4, 0, 16, 105, 92, 0, 138, 3, 3, 0, 86)
15 (1, 4, 55, 10, 82, 80, 0, 126, 3, 3, 0, 46)
16 (1, 4, 55, 0, 16, 72, 0, 107, 3, 3, 0, 82)
17 (1, 4, 28, 0, 0, 63, 0, 97, 2, 3, 0, 47)
18 (1, 4, 47, 5, 0, 55, 0, 97, 2, 3, 0, 141)
19 (1, 4, 0, 0, 0, 53, 0, 100, 2, 3, 0, 235)
20 (1, 4, 0, 0, 4, 58, 0, 99, 2, 3, 0, 3)
21 (1, 4, 0, 6, 0, 60, 0, 102, 2, 3, 0, 2)
22 (1, 4, 0, 9, 0, 61, 0, 103, 2, 3, 0, 115)
23 (1, 4, 0, 0, 0, 61, 0, 103, 2, 3, 0, 117)
24 (1, 4, 0, 0, 0, 62, 0, 102, 2, 3, 0, 139)
25 (1, 4, 8, 0, 0, 62, 0, 102, 2, 3, 0, 251)
26 (1, 4, 0, 0, 0, 61, 0, 98, 2, 3, 0, 223)
27 (1, 4, 0, 10, 0, 61, 0, 98, 2, 3, 0, 1)
28 (1, 4, 0, 21, 0, 61, 0, 100, 2, 3, 0, 29)
29 (1, 4, 0, 17, 0, 60, 0, 103, 2, 3, 0, 190)
30 (1, 4, 0, 12, 0, 59, 0, 103, 2, 3, 0, 94)
31 (1, 4, 0, 7, 0, 58, 0, 102, 2, 3, 0, 245)
32 (1, 4, 0, 3, 0, 59, 0, 101, 2, 3, 0, 86)
1 (1, 4, 58, 0, 0, 0, 0, 75, 5, 4, 0, 186)
2 (1, 4, 0, 0, 0, 54, 0, 32, 8, 7, 0, 140)
3 (1, 4, 0, 0, 0, 60, 0, 57, 8, 8, 0, 235)
4 (1, 4, 188, 82, 0, 79, 0, 58, 20, 18, 0, 19)
5 (1, 4, 328, 274, 0, 115, 44, 26, 15, 17, 0, 208)
6 (1, 4, 340, 358, 45, 105, 23, 37, 9, 12, 0, 10)
7 (1, 4, 522, 301, 157, 102, 66, 26, 6, 8, 0, 25)
8 (1, 4, 235, 418, 196, 48, 50, 39, 6, 7, 0, 211)
9 (1, 4, 130, 463, 238, 0, 14, 41, 5, 7, 0, 39)
10 (1, 4, 199, 612, 397, 0, 0, 78, 9, 9, 0, 102)
11 (1, 4, 132, 298, 302, 0, 13, 160, 7, 10, 0, 26)
12 (1, 4, 0, 0, 0, 0, 0, 130, 7, 9, 0, 94)
13 (1, 4, 0, 0, 0, 0, 0, 116, 7, 7, 0, 3)
14 (1, 4, 0, 0, 0, 0, 7, 89, 6, 7, 0, 232)
15 (1, 4, 0, 0, 0, 0, 0, 91, 4, 5, 0, 43)
16 (1, 4, 0, 0, 0, 37, 0, 74, 3, 4, 0, 239)
17 (1, 4, 0, 0, 0, 57, 0, 91, 3, 4, 0, 144)
18 (1, 4, 0, 0, 0, 54, 23, 86, 4, 4, 0, 177)
19 (1, 4, 0, 0, 176, 48, 57, 49, 4, 5, 0, 194)
20 (1, 4, 0, 0, 744, 28, 0, 11, 3, 4, 0, 126)
21 (1, 4, 67, 125, 735, 0, 0, 62, 2, 3, 0, 162)
22 (1, 4, 0, 38, 675, 0, 0, 32, 2, 2, 0, 182)
23 (1, 4, 0, 0, 300, 0, 0, 45, 1, 2, 0, 106)
24 (1, 4, 0, 0, 353, 0, 0, 20, 1, 2, 0, 160)
25 (1, 4, 54, 32, 247, 0, 0, 26, 1, 2, 0, 229)
26 (1, 4, 32, 60, 197, 0, 0, 25, 1, 2, 0, 225)
27 (1, 4, 60, 40, 113, 0, 0, 30, 1, 1, 0, 114)
28 (1, 4, 59, 26, 22, 0, 0, 26, 1, 1, 0, 3)
29 (1, 4, 29, 10, 1, 0, 0, 24, 1, 2, 0, 31)
30 (1, 4, 45, 21, 0, 0, 0, 25, 1, 1, 0, 30)
31 (1, 4, 66, 30, 0, 0, 0, 26, 1, 1, 0, 7)
32 (1, 4, 61, 45, 0, 0, 0, 28, 1, 2, 0, 249)
1 (1, 4, 209, 0, 0, 58, 0, 98, 7, 9, 0, 154)
2 (1, 4, 144, 28, 45, 112, 30, 69, 7, 9, 0, 105)
3 (1, 4, 207, 43, 0, 82, 0, 104, 7, 8, 0, 123)
4 (1, 4, 373, 236, 122, 59, 61, 27, 7, 8, 0, 23)
5 (1, 4, 0, 689, 400, 0, 0, 71, 7, 9, 0, 50)
6 (1, 4, 0, 340, 338, 0, 0, 152, 7, 8, 0, 158)
7 (1, 4, 0, 0, 0, 0, 0, 123, 7, 8, 0, 189)
8 (1, 4, 103, 0, 0, 0, 0, 56, 5, 7, 0, 121)
9 (1, 4, 0, 0, 0, 0, 13, 47, 3, 4, 0, 112)
10 (1, 4, 0, 0, 0, 52, 6, 90, 5, 5, 0, 229)
11 (1, 4, 0, 0, 0, 68, 2, 146, 5, 6, 0, 85)
12 (1, 4, 0, 0, 116, 90, 0, 126, 5, 5, 0, 130)
13 (1, 4, 0, 0, 99, 76, 0, 126, 4, 5, 0, 207)
14 (1, 4, 0, 0, 97, 64, 0, 91, 4, 5, 0, 111)
15 (1, 4, 0, 0, 41, 61, 0, 74, 4, 5, 0, 116)
16 (1, 4, 0, 0, 37, 48, 0, 62, 4, 4, 0, 36)
17 (1, 4, 1, 0, 25, 41, 0, 56, 4, 5, 0, 254)
18 (1, 4, 0, 13, 36, 40, 0, 57, 4, 5, 0, 27)
19 (1, 4, 0, 16, 8, 41, 0, 65, 4, 4, 0, 19)
20 (1, 4, 19, 26, 4, 39, 0, 67, 4, 4, 0, 222)
21 (1, 4, 1, 9, 0, 39, 0, 66, 4, 4, 0, 26)
22 (1, 4, 5, 15, 0, 38, 0, 64, 4, 4, 0, 51)
23 (1, 4, 13, 13, 0, 35, 0, 62, 4, 4, 0, 92)
24 (1, 4, 7, 14, 0, 34, 0, 63, 4, 4, 0, 40)
25 (1, 4, 0, 11, 0, 35, 0, 64, 4, 4, 0, 188)
26 (1, 4, 9, 15, 0, 35, 0, 66, 4, 5, 0, 202)
27 (1, 4, 1, 13, 0, 34, 0, 65, 4, 4, 0, 197)
28 (1, 4, 2, 12, 0, 35, 0, 67, 4, 4, 0, 196)
29 (1, 4, 0, 6, 0, 35, 0, 66, 4, 4, 0, 217)
30 (1, 4, 3, 4, 0, 36, 0, 67, 4, 4, 0, 36)
31 (1, 4, 7, 5, 0, 36, 0, 66, 4, 4, 0, 118)
32 (1, 4, 2, 3, 0, 36, 0, 64, 4, 4, 0, 78)
1 (1, 4, 690, 562, 232, 67, 51, 94, 15, 18, 0, 28)
2 (1, 4, 226, 227, 154, 53, 97, 142, 16, 20, 0, 56)
3 (1, 4, 261, 181, 244, 65, 57, 135, 15, 18, 0, 117)
4 (1, 4, 198, 273, 313, 28, 42, 77, 6, 7, 0, 22)
5 (1, 4, 90, 407, 265, 0, 16, 29, 7, 9, 0, 140)
6 (1, 4, 173, 580, 397, 0, 0, 107, 6, 8, 0, 214)
7 (1, 4, 0, 0, 75, 0, 0, 135, 5, 5, 0, 54)
8 (1, 4, 0, 0, 0, 0, 0, 141, 5, 5, 0, 153)
9 (1, 4, 0, 0, 0, 0, 17, 95, 11, 11, 0, 190)
10 (1, 4, 0, 0, 0, 0, 0, 109, 5, 6, 0, 74)
11 (1, 4, 0, 0, 0, 14, 19, 113, 5, 5, 0, 15)
12 (1, 4, 0, 0, 0, 47, 22, 100, 5, 5, 0, 26)
13 (1, 4, 0, 0, 0, 71, 20, 112, 5, 5, 0, 138)
14 (1, 4, 0, 0, 0, 91, 38, 104, 5, 5, 0, 186)
15 (1, 4, 0, 1, 0, 74, 0, 117, 5, 5, 0, 104)
16 (1, 4, 0, 39, 43, 59, 0, 115, 5, 5, 0, 252)
17 (1, 4, 0, 18, 43, 45, 0, 119, 5, 5, 0, 240)
18 (1, 4, 0, 0, 16, 46, 0, 111, 5, 5, 0, 98)
19 (1, 4, 0, 0, 0, 48, 0, 110, 5, 5, 0, 143)
20 (1, 4, 0, 0, 0, 48, 0, 112, 5, 5, 0, 122)
21 (1, 4, 0, 13, 4, 47, 0, 112, 5, 5, 0, 170)
22 (1, 4, 0, 15, 0, 46, 0, 114, 5, 5, 0, 63)
23 (1, 4, 0, 8, 0, 47, 0, 110, 5, 5, 0, 110)
24 (1, 4, 0, 11, 0, 47, 0, 111, 5, 5, 0, 105)
25 (1, 4, 0, 8, 0, 47, 0, 109, 5, 5, 0, 8)
26 (1, 4, 0, 13, 0, 45, 0, 112, 5, 5, 0, 202)
27 (1, 4, 9, 10, 0, 43, 0, 112, 5, 5, 0, 244)
28 (1, 4, 0, 6, 0, 42, 0, 112, 5, 5, 0, 252)
29 (1, 4, 2, 3, 0, 43, 0, 111, 5, 5, 0, 186)
30 (1, 4, 0, 4, 0, 43, 0, 110, 5, 5, 0, 123)
31 (1, 4, 0, 5, 0, 45, 0, 110, 5, 5, 0, 140)
32 (1, 4, 0, 7, 0, 46, 0, 111, 5, 5, 0, 31)
1 (1, 4, 0, 379, 163, 0, 0, 109, 5, 6, 0, 80)
2 (1, 4, 100, 209, 148, 0, 0, 127, 5, 5, 0, 109)
3 (1, 4, 0, 0, 0, 0, 0, 114, 5, 5, 0, 221)
4 (1, 4, 0, 0, 0, 0, 0, 106, 5, 6, 0, 89)
5 (1, 4, 46, 0, 0, 0, 0, 99, 5, 5, 0, 66)
6 (1, 4, 0, 0, 0, 4, 13, 106, 6, 6, 0, 216)
7 (1, 4, 0, 0, 0, 42, 18, 104, 5, 6, 0, 184)
8 (1, 4, 0, 0, 39, 115, 46, 103, 5, 6, 0, 53)
9 (1, 4, 0, 0, 115, 131, 18, 103, 5, 6, 0, 35)
10 (1, 4, 0, 0, 124, 127, 19, 95, 5, 6, 0, 121)
11 (1, 4, 39, 54, 97, 116, 0, 107, 5, 6, 0, 89)
12 (1, 4, 54, 30, 50, 86, 0, 95, 7, 7, 0, 134)
13 (1, 4, 15, 8, 11, 80, 0, 95, 6, 6, 0, 235)
14 (1, 4, 41, 2, 10, 71, 0, 91, 6, 6, 0, 157)
15 (1, 4, 0, 0, 10, 72, 0, 93, 5, 6, 0, 134)
16 (1, 4, 0, 9, 4, 69, 0, 91, 5, 6, 0, 26)
17 (1, 4, 18, 50, 24, 67, 0, 109, 5, 6, 0, 79)
18 (1, 4, 0, 0, 13, 73, 0, 104, 5, 6, 0, 164)
19 (1, 4, 0, 0, 0, 74, 0, 100, 5, 6, 0, 108)
20 (1, 4, 1, 0, 0, 71, 0, 97, 5, 6, 0, 83)
21 (1, 4, 10, 8, 0, 70, 0, 97, 5, 6, 0, 157)
22 (1, 4, 8, 4, 0, 70, 0, 98, 5, 6, 0, 142)
23 (1, 4, 0, 0, 0, 70, 0, 98, 5, 6, 0, 36)
24 (1, 4, 0, 0, 0, 71, 0, 97, 5, 6, 0, 93)
25 (1, 4, 0, 6, 0, 70, 0, 99, 5, 6, 0, 76)
26 (1, 4, 8, 11, 0, 69, 0, 100, 5, 6, 0, 210)
27 (1, 4, 0, 3, 0, 70, 0, 96, 5, 6, 0, 69)
28 (1, 4, 0, 8, 0, 70, 0, 97, 5, 5, 0, 76)
29 (1, 4, 0, 14, 0, 70, 0, 96, 5, 6, 0, 153)
30 (1, 4, 0, 10, 0, 71, 0, 98, 5, 6, 0, 229)
31 (1, 4, 0, 12, 0, 70, 0, 96, 5, 5, 0, 73)
32 (1, 4, 0, 10, 0, 72, 0, 92, 5, 6, 0, 20)
1 (1, 4, 107, 0, 0, 0, 0, 91, 7, 7, 0, 119)
2 (1, 4, 236, 0, 0, 0, 0, 105, 7, 8, 0, 196)
3 (1, 4, 186, 0, 0, 20, 0, 126, 7, 9, 0, 169)
4 (1, 4, 224, 0, 0, 49, 0, 148, 7, 9, 0, 27)
5 (1, 4, 311, 0, 0, 69, 0, 119, 7, 9, 0, 240)
6 (1, 4, 250, 0, 0, 100, 30, 58, 8, 10, 0, 3)
7 (1, 4, 260, 70, 68, 100, 59, 29, 7, 8, 0, 188)
8 (1, 4, 131, 348, 263, 8, 44, 25, 6, 8, 0, 132)
9 (1, 4, 43, 522, 340, 0, 0, 34, 13, 17, 0, 106)
10 (1, 4, 0, 366, 399, 0, 0, 166, 18, 18, 0, 78)
11 (1, 4, 0, 0, 0, 0, 0, 150, 6, 8, 0, 241)
12 (1, 4, 101, 0, 0, 0, 0, 108, 6, 8, 0, 103)
13 (1, 4, 0, 0, 0, 0, 0, 80, 6, 7, 0, 181)
14 (1, 4, 0, 0, 0, 45, 0, 99, 6, 7, 0, 211)
15 (1, 4, 0, 0, 0, 74, 8, 112, 6, 7, 0, 198)
16 (1, 4, 0, 0, 0, 89, 40, 122, 6, 7, 0, 78)
17 (1, 4, 0, 0, 2, 91, 8, 121, 5, 7, 0, 146)
18 (1, 4, 0, 16, 0, 70, 0, 117, 5, 6, 0, 133)
19 (1, 4, 36, 66, 31, 52, 0, 121, 5, 6, 0, 185)
20 (1, 4, 54, 2, 6, 33, 0, 120, 5, 7, 0, 177)
21 (1, 4, 0, 0, 0, 37, 0, 109, 5, 6, 0, 192)
22 (1, 4, 0, 0, 1, 43, 0, 106, 5, 6, 0, 253)
23 (1, 4, 0, 7, 7, 48, 0, 107, 5, 6, 0, 127)
24 (1, 4, 0, 6, 2, 50, 0, 107, 5, 6, 0, 62)
25 (1, 4, 0, 19, 3, 51, 0, 109, 5, 6, 0, 119)
26 (1, 4, 6, 12, 0, 48, 0, 110, 5, 6, 0, 127)
27 (1, 4, 0, 15, 0, 46, 0, 110, 5, 6, 0, 206)
28 (1, 4, 3, 11, 0, 43, 0, 110, 5, 6, 0, 101)
29 (1, 4, 0, 7, 0, 43, 0, 107, 5, 6, 0, 180)
30 (1, 4, 0, 16, 0, 43, 0, 109, 5, 6, 0, 27)
31 (1, 4, 0, 11, 0, 43, 0, 110, 5, 6, 0, 119)
32 (1, 4, 0, 16, 0, 46, 0, 108, 5, 6, 0, 167)
1 (1, 4, 0, 323, 393, 0, 0, 74, 0, 1, 0, 57)
2 (1, 4, 0, 0, 146, 0, 0, 75, 0, 1, 0, 125)
3 (1, 4, 54, 0, 0, 0, 0, 107, 0, 1, 0, 126)
4 (1, 4, 153, 0, 0, 0, 0, 81, 0, 1, 0, 215)
5 (1, 4, 0, 0, 0, 0, 0, 79, 1, 1, 0, 203)
6 (1, 4, 0, 0, 0, 82, 20, 111, 1, 2, 0, 173)
7 (1, 4, 0, 0, 0, 88, 20, 114, 2, 2, 0, 94)
8 (1, 4, 0, 0, 55, 118, 35, 124, 2, 2, 0, 175)
9 (1, 4, 0, 32, 66, 87, 0, 134, 1, 2, 0, 229)
10 (1, 4, 92, 35, 54, 71, 0, 118, 1, 2, 0, 114)
11 (1, 4, 12, 10, 16, 56, 0, 113, 1, 2, 0, 45)
12 (1, 4, 17, 0, 0, 50, 0, 110, 1, 2, 0, 198)
13 (1, 4, 0, 0, 0, 52, 0, 101, 1, 2, 0, 230)
14 (1, 4, 0, 0, 0, 47, 0, 108, 1, 2, 0, 253)
15 (1, 4, 0, 5, 0, 48, 0, 109, 1, 2, 0, 31)
16 (1, 4, 0, 8, 2, 46, 0, 111, 1, 2, 0, 24)
17 (1, 4, 0, 2, 0, 49, 0, 107, 1, 2, 0, 206)
18 (1, 4, 2, 4, 0, 49, 0, 107, 1, 2, 0, 101)
19 (1, 4, 0, 5, 0, 50, 0, 104, 1, 2, 0, 139)
20 (1, 4, 0, 11, 0, 48, 0, 108, 1, 2, 0, 196)
21 (1, 4, 0, 14, 0, 48, 0, 108, 1, 2, 0, 171)
22 (1, 4, 0, 8, 0, 47, 0, 109, 1, 2, 0, 145)
23 (1, 4, 4, 14, 0, 47, 0, 107, 1, 2, 0, 210)
24 (1, 4, 0, 9, 0, 47, 0, 106, 1, 2, 0, 55)
25 (1, 4, 1, 17, 0, 46, 0, 106, 1, 2, 0, 244)
26 (1, 4, 0, 8, 0, 45, 0, 109, 1, 2, 0, 175)
27 (1, 4, 0, 7, 0, 47, 0, 107, 1, 2, 0, 236)
28 (1, 4, 0, 6, 0, 47, 0, 106, 1, 2, 0, 134)
29 (1, 4, 0, 10, 0, 47, 0, 106, 1, 2, 0, 239)
30 (1, 4, 0, 5, 0, 46, 0, 107, 1, 2, 0, 158)
31 (1, 4, 0, 4, 0, 46, 0, 108, 1, 2, 0, 56)
32 (1, 4, 0, 0, 0, 48, 0, 107, 1, 2, 0, 188)
1 (1, 4, 0, 0, 0, 86, 0, 97, 8, 9, 0, 6)
2 (1, 4, 0, 0, 0, 150, 0, 117, 8, 9, 0, 216)
3 (1, 4, 257, 110, 0, 152, 0, 131, 8, 9, 0, 90)
4 (1, 4, 175, 91, 0, 146, 19, 104, 8, 9, 0, 56)
5 (1, 4, 174, 114, 0, 130, 28, 94, 8, 10, 0, 175)
6 (1, 4, 328, 163, 5, 99, 67, 65, 7, 9, 0, 81)
7 (1, 4, 166, 297, 216, 0, 54, 52, 7, 8, 0, 134)
8 (1, 4, 88, 460, 366, 0, 0, 53, 7, 8, 0, 92)
9 (1, 4, 143, 294, 304, 0, 0, 128, 6, 8, 0, 237)
10 (1, 4, 0, 0, 0, 0, 0, 108, 6, 7, 0, 88)
11 (1, 4, 17, 0, 0, 0, 0, 104, 6, 7, 0, 195)
12 (1, 4, 0, 0, 0, 0, 6, 84, 9, 10, 0, 112)
13 (1, 4, 0, 0, 0, 56, 28, 85, 7, 10, 0, 173)
14 (1, 4, 0, 0, 0, 138, 60, 79, 6, 9, 0, 114)
15 (1, 4, 0, 0, 0, 144, 86, 87, 6, 7, 0, 114)
16 (1, 4, 0, 0, 0, 128, 106, 60, 6, 7, 0, 71)
17 (1, 4, 0, 74, 60, 105, 31, 85, 6, 7, 0, 214)
18 (1, 4, 16, 128, 77, 80, 0, 95, 5, 6, 0, 207)
19 (1, 4, 0, 7, 25, 77, 0, 92, 5, 6, 0, 252)
20 (1, 4, 0, 0, 7, 80, 0, 96, 4, 5, 0, 18)
21 (1, 4, 0, 9, 8, 80, 0, 101, 4, 5, 0, 231)
22 (1, 4, 16, 11, 9, 73, 6, 104, 4, 5, 0, 191)
23 (1, 4, 0, 0, 11, 75, 2, 100, 4, 5, 0, 89)
24 (1, 4, 3, 0, 4, 78, 0, 92, 4, 5, 0, 27)
25 (1, 4, 5, 0, 21, 83, 6, 87, 4, 5, 0, 37)
26 (1, 4, 0, 4, 27, 84, 4, 83, 4, 5, 0, 222)
27 (1, 4, 0, 36, 28, 79, 1, 82, 4, 5, 0, 146)
28 (1, 4, 0, 55, 36, 76, 2, 79, 5, 6, 0, 240)
29 (1, 4, 0, 83, 55, 69, 0, 82, 4, 5, 0, 246)
30 (1, 4, 0, 86, 59, 72, 0, 101, 4, 5, 0, 129)
31 (1, 4, 0, 61, 30, 67, 0, 113, 4, 5, 0, 224)
32 (1, 4, 0, 56, 25, 68, 0, 128, 4, 5, 0, 85)
1 (1, 4, 0, 5, 0, 72, 0, 100, 4, 5, 0, 226)
2 (1, 4, 3, 7, 0, 71, 0, 100, 4, 5, 0, 56)
3 (1, 4, 0, 3, 0, 71, 0, 101, 4, 4, 0, 68)
4 (1, 4, 3, 4, 0, 71, 0, 97, 4, 4, 0, 33)
5 (1, 4, 0, 11, 0, 70, 0, 96, 4, 5, 0, 41)
6 (1, 4, 0, 20, 0, 70, 0, 87, 4, 5, 0, 152)
7 (1, 4, 0, 68, 25, 70, 0, 70, 4, 4, 0, 74)
8 (1, 4, 0, 183, 89, 82, 0, 76, 4, 5, 0, 251)
9 (1, 4, 32, 304, 80, 100, 21, 101, 4, 5, 0, 37)
10 (1, 4, 75, 263, 66, 88, 38, 138, 4, 4, 0, 157)
11 (1, 4, 64, 218, 115, 84, 45, 92, 4, 5, 0, 69)
12 (1, 4, 71, 361, 246, 0, 0, 61, 4, 5, 0, 248)
13 (1, 4, 7, 636, 331, 0, 0, 51, 4, 5, 0, 42)
14 (1, 4, 0, 356, 411, 0, 0, 179, 4, 5, 0, 5)
15 (1, 4, 0, 0, 0, 0, 0, 138, 4, 5, 0, 232)
16 (1, 4, 93, 0, 0, 0, 0, 116, 4, 5, 0, 92)
17 (1, 4, 0, 0, 0, 0, 0, 98, 4, 5, 0, 108)
18 (1, 4, 0, 0, 0, 43, 24, 104, 4, 5, 0, 75)
19 (1, 4, 0, 0, 0, 77, 14, 100, 4, 5, 0, 62)
20 (1, 4, 0, 0, 11, 84, 16, 111, 4, 5, 0, 240)
21 (1, 4, 0, 19, 34, 63, 0, 121, 3, 4, 0, 162)
22 (1, 4, 39, 27, 20, 61, 0, 109, 3, 4, 0, 148)
23 (1, 4, 24, 33, 17, 40, 0, 114, 3, 4, 0, 224)
24 (1, 4, 9, 0, 2, 23, 0, 118, 3, 4, 0, 115)
25 (1, 4, 19, 0, 0, 17, 0, 111, 3, 3, 0, 98)
26 (1, 4, 0, 0, 0, 18, 0, 109, 3, 3, 0, 8)
27 (1, 4, 8, 0, 18, 26, 0, 109, 3, 3, 0, 208)
28 (1, 4, 0, 0, 14, 30, 0, 110, 3, 3, 0, 39)
29 (1, 4, 0, 0, 10, 33, 0, 113, 2, 3, 0, 138)
30 (1, 4, 0, 3, 0, 33, 0, 114, 2, 3, 0, 167)
31 (1, 4, 0, 12, 0, 30, 0, 115, 2, 3, 0, 114)
32 (1, 4, 3, 7, 0, 29, 0, 114, 2, 3, 0, 245)

