0 (1, 4, 567, 287, 121, 0, 58, 102, 2, 1, 0, 44)
1 (1, 4, 24, 0, 179, 0, 82, 113, 2, 1, 0, 15)
2 (1, 4, 0, 0, 0, 0, 99, 40, 2, 0, 0, 109)
3 (1, 4, 0, 0, 0, 0, 69, 9, 2, 0, 0, 15)
4 (1, 4, 0, 0, 0, 0, 45, 0, 2, 0, 0, 236)
5 (1, 4, 0, 0, 0, 0, 38, 0, 2, 0, 0, 166)
6 (1, 4, 0, 0, 0, 0, 34, 0, 2, 0, 0, 69)
7 (1, 4, 0, 0, 0, 0, 4, 0, 2, 0, 0, 89)
8 (1, 4, 0, 0, 0, 0, 34, 0, 2, 0, 0, 69)
9 (1, 4, 0, 0, 0, 0, 58, 0, 2, 1, 0, 106)
10 (1, 4, 134, 0, 0, 18, 75, 0, 2, 1, 0, 121)
11 (1, 4, 108, 0, 0, 8, 128, 0, 3, 1, 0, 121)
12 (1, 4, 103, 346, 412, 0, 128, 0, 3, 1, 0, 11)
13 (1, 4, 221, 578, 873, 0, 62, 0, 2, 1, 0, 90)
14 (1, 4, 325, 873, 873, 0, 0, 70, 2, 0, 0, 43)
15 (1, 4, 571, 873, 873, 0, 0, 110, 2, 1, 0, 247)
16 (1, 4, 844, 578, 849, 0, 56, 19, 2, 0, 0, 85)
17 (1, 4, 777, 237, 377, 0, 38, 64, 2, 0, 0, 8)
18 (1, 4, 0, 92, 17, 0, 0, 11, 2, 0, 0, 86)
19 (1, 4, 613, 135, 0, 0, 24, 132, 4, 1, 0, 94)
20 (1, 4, 398, 0, 110, 0, 42, 93, 2, 0, 0, 217)
21 (1, 4, 589, 0, 0, 0, 29, 4, 2, 0, 0, 218)
22 (1, 4, 0, 0, 0, 0, 62, 5, 2, 0, 0, 72)
23 (1, 4, 0, 22, 0, 0, 0, 0, 2, 0, 0, 108)
24 (1, 4, 0, 0, 0, 0, 0, 0, 2, 0, 0, 186)
25 (1, 4, 0, 0, 0, 0, 0, 0, 2, 0, 0, 186)
26 (1, 4, 0, 0, 0, 0, 0, 0, 2, 0, 0, 186)
27 (1, 4, 71, 125, 0, 0, 0, 8, 2, 0, 0, 15)
28 (1, 4, 188, 139, 0, 0, 0, 18, 2, 0, 0, 192)
29 (1, 4, 206, 98, 30, 0, 7, 25, 2, 0, 0, 98)
30 (1, 4, 123, 66, 71, 0, 9, 25, 2, 0, 0, 216)
31 (1, 4, 98, 59, 66, 0, 3, 29, 2, 0, 0, 236)
0 (1, 4, 0, 26, 0, 0, 26, 17, 2, 0, 0, 191)
1 (1, 4, 0, 495, 0, 0, 31, 43, 2, 0, 0, 175)
2 (1, 4, 0, 850, 0, 0, 43, 74, 2, 0, 0, 76)
3 (1, 4, 0, 787, 0, 0, 36, 104, 2, 0, 0, 203)
4 (1, 4, 0, 178, 0, 0, 6, 113, 3, 1, 0, 133)
5 (1, 4, 0, 0, 0, 0, 0, 81, 2, 0, 0, 243)
6 (1, 4, 0, 0, 0, 0, 0, 30, 2, 0, 0, 79)
7 (1, 4, 0, 0, 0, 0, 0, 0, 2, 0, 0, 186)
8 (1, 4, 0, 0, 0, 0, 24, 0, 2, 0, 0, 254)
9 (1, 4, 0, 0, 0, 0, 34, 0, 2, 0, 0, 69)
10 (1, 4, 0, 0, 0, 0, 46, 0, 2, 0, 0, 103)
11 (1, 4, 190, 0, 0, 0, 33, 0, 2, 0, 0, 168)
12 (1, 4, 747, 0, 146, 0, 15, 0, 2, 0, 0, 143)
13 (1, 4, 873, 0, 543, 0, 0, 0, 2, 0, 0, 16)
14 (1, 4, 633, 0, 531, 0, 0, 0, 2, 0, 0, 16)
15 (1, 4, 102, 255, 356, 0, 0, 0, 2, 0, 0, 70)
16 (1, 4, 171, 270, 46, 0, 0, 27, 2, 0, 0, 135)
17 (1, 4, 195, 68, 0, 0, 0, 24, 2, 0, 0, 84)
18 (1, 4, 245, 0, 0, 0, 0, 13, 2, 0, 0, 119)
19 (1, 4, 552, 0, 0, 0, 0, 0, 2, 0, 0, 9)
20 (1, 4, 582, 0, 0, 0, 6, 0, 2, 0, 0, 2)
21 (1, 4, 134, 0, 0, 0, 30, 0, 2, 0, 0, 222)
22 (1, 4, 0, 0, 0, 0, 12, 2, 2, 0, 0, 33)
23 (1, 4, 0, 17, 0, 0, 0, 11, 2, 0, 0, 226)
24 (1, 4, 0, 0, 0, 0, 5, 12, 2, 0, 0, 191)
25 (1, 4, 34, 0, 0, 0, 12, 9, 2, 0, 0, 118)
26 (1, 4, 45, 43, 0, 0, 10, 15, 2, 0, 0, 88)
27 (1, 4, 64, 63, 42, 0, 7, 19, 2, 0, 0, 145)
28 (1, 4, 112, 70, 131, 0, 8, 23, 2, 0, 0, 107)
29 (1, 4, 95, 72, 192, 0, 4, 24, 2, 0, 0, 105)
0 (1, 4, 0, 0, 304, 0, 10, 32, 2, 0, 0, 244)
1 (1, 4, 24, 0, 417, 0, 8, 4, 2, 0, 0, 88)
2 (1, 4, 54, 0, 647, 0, 0, 0, 2, 0, 0, 23)
3 (1, 4, 82, 0, 858, 0, 0, 0, 2, 0, 0, 63)
4 (1, 4, 0, 0, 873, 0, 0, 0, 2, 0, 0, 112)
5 (1, 4, 0, 0, 630, 0, 0, 0, 2, 0, 0, 11)
6 (1, 4, 180, 0, 614, 0, 0, 23, 2, 0, 0, 190)
7 (1, 4, 348, 0, 653, 0, 0, 44, 2, 0, 0, 154)
8 (1, 4, 710, 143, 463, 0, 0, 47, 2, 0, 0, 224)
9 (1, 4, 0, 300, 6, 0, 3, 24, 2, 1, 0, 92)
10 (1, 4, 0, 82, 0, 0, 0, 59, 2, 1, 0, 160)
11 (1, 4, 185, 0, 0, 0, 0, 22, 2, 1, 0, 130)
12 (1, 4, 282, 0, 0, 0, 10, 11, 2, 0, 0, 139)
13 (1, 4, 295, 0, 0, 0, 15, 0, 2, 0, 0, 252)
14 (1, 4, 220, 0, 0, 0, 7, 4, 2, 0, 0, 147)
15 (1, 4, 0, 0, 0, 0, 13, 0, 2, 0, 0, 225)
16 (1, 4, 0, 19, 0, 0, 1, 3, 2, 0, 0, 28)
17 (1, 4, 0, 13, 0, 0, 0, 7, 2, 0, 0, 117)
18 (1, 4, 61, 0, 0, 0, 2, 10, 2, 0, 0, 122)
19 (1, 4, 74, 0, 0, 0, 7, 11, 2, 0, 0, 187)
20 (1, 4, 41, 15, 0, 0, 12, 18, 2, 0, 0, 250)
21 (1, 4, 9, 12, 23, 0, 8, 24, 2, 0, 0, 207)
22 (1, 4, 5, 0, 45, 0, 1, 18, 2, 0, 0, 23)
23 (1, 4, 47, 1, 60, 0, 0, 12, 2, 0, 0, 110)
24 (1, 4, 25, 7, 54, 0, 0, 13, 2, 0, 0, 150)
25 (1, 4, 7, 7, 32, 0, 0, 14, 2, 0, 0, 74)
26 (1, 4, 0, 8, 3, 0, 0, 13, 2, 0, 0, 242)
27 (1, 4, 0, 10, 0, 0, 0, 13, 2, 0, 0, 36)
28 (1, 4, 0, 11, 0, 0, 0, 14, 2, 0, 0, 247)
0 (1, 4, 0, 383, 0, 0, 0, 0, 2, 0, 0, 206)
1 (1, 4, 0, 527, 0, 0, 0, 0, 2, 1, 0, 173)
2 (1, 4, 93, 634, 0, 0, 0, 0, 3, 1, 0, 175)
3 (1, 4, 47, 794, 0, 0, 0, 0, 3, 1, 0, 185)
4 (1, 4, 0, 770, 0, 0, 0, 0, 3, 0, 0, 157)
5 (1, 4, 0, 464, 0, 0, 0, 54, 3, 0, 0, 96)
6 (1, 4, 0, 241, 37, 7, 0, 25, 2, 0, 0, 161)
7 (1, 4, 0, 226, 0, 11, 0, 13, 2, 0, 0, 14)
8 (1, 4, 2, 0, 0, 24, 0, 10, 2, 0, 0, 250)
9 (1, 4, 0, 0, 0, 35, 0, 0, 3, 0, 0, 16)
10 (1, 4, 0, 0, 6, 60, 0, 0, 4, 1, 0, 113)
11 (1, 4, 15, 25, 0, 46, 0, 0, 4, 1, 0, 244)
12 (1, 4, 40, 55, 0, 56, 0, 0, 3, 1, 0, 67)
13 (1, 4, 52, 131, 29, 56, 0, 0, 2, 0, 0, 147)
14 (1, 4, 140, 0, 56, 29, 0, 48, 2, 1, 0, 175)
15 (1, 4, 35, 0, 44, 30, 0, 0, 3, 1, 0, 55)
16 (1, 4, 288, 125, 0, 0, 0, 8, 4, 1, 0, 73)
17 (1, 4, 206, 0, 155, 0, 0, 59, 3, 1, 0, 12)
18 (1, 4, 0, 0, 69, 0, 0, 15, 2, 1, 0, 25)
19 (1, 4, 0, 0, 59, 0, 0, 0, 2, 1, 0, 87)
20 (1, 4, 0, 0, 34, 0, 0, 0, 2, 1, 0, 0)
21 (1, 4, 0, 0, 199, 0, 0, 0, 2, 1, 0, 62)
22 (1, 4, 0, 0, 233, 0, 0, 0, 2, 1, 0, 13)
23 (1, 4, 226, 0, 312, 0, 0, 0, 2, 1, 0, 246)
24 (1, 4, 570, 0, 447, 0, 0, 0, 2, 0, 0, 129)
25 (1, 4, 560, 0, 475, 0, 0, 0, 2, 0, 0, 182)
26 (1, 4, 461, 65, 200, 0, 0, 0, 2, 0, 0, 226)
27 (1, 4, 398, 298, 0, 0, 0, 27, 2, 0, 0, 95)
28 (1, 4, 178, 243, 0, 0, 0, 44, 2, 0, 0, 83)
0 (1, 4, 0, 0, 0, 0, 13, 0, 2, 0, 0, 225)
1 (1, 4, 0, 89, 0, 17, 0, 0, 2, 0, 0, 182)
2 (1, 4, 0, 455, 239, 38, 0, 0, 2, 0, 0, 217)
3 (1, 4, 0, 873, 412, 20, 0, 0, 2, 0, 0, 111)
4 (1, 4, 305, 873, 407, 0, 0, 22, 2, 0, 0, 215)
5 (1, 4, 747, 873, 344, 0, 0, 34, 2, 1, 0, 254)
6 (1, 4, 514, 707, 116, 0, 0, 52, 2, 0, 0, 22)
7 (1, 4, 299, 186, 0, 0, 0, 65, 2, 0, 0, 251)
8 (1, 4, 104, 0, 0, 0, 0, 42, 2, 0, 0, 118)
9 (1, 4, 0, 0, 0, 0, 0, 32, 2, 0, 0, 27)
10 (1, 4, 0, 0, 0, 0, 0, 23, 2, 0, 0, 122)
11 (1, 4, 151, 0, 0, 0, 0, 18, 2, 0, 0, 15)
12 (1, 4, 189, 0, 226, 0, 0, 17, 2, 0, 0, 25)
13 (1, 4, 0, 394, 440, 0, 0, 29, 2, 0, 0, 130)
14 (1, 4, 108, 717, 416, 0, 0, 38, 2, 0, 0, 16)
15 (1, 4, 469, 534, 266, 0, 0, 48, 2, 0, 0, 85)
16 (1, 4, 315, 0, 0, 0, 0, 50, 2, 0, 0, 54)
17 (1, 4, 99, 0, 0, 0, 0, 30, 2, 0, 0, 19)
18 (1, 4, 0, 0, 0, 0, 0, 14, 2, 0, 0, 156)
19 (1, 4, 0, 0, 0, 0, 0, 34, 2, 0, 0, 162)
20 (1, 4, 0, 0, 0, 0, 0, 45, 2, 0, 0, 91)
21 (1, 4, 130, 0, 0, 0, 0, 44, 2, 0, 0, 141)
22 (1, 4, 97, 0, 44, 16, 0, 22, 2, 0, 0, 14)
23 (1, 4, 0, 85, 162, 37, 0, 44, 2, 0, 0, 163)
24 (1, 4, 0, 397, 269, 19, 0, 31, 2, 0, 0, 85)
25 (1, 4, 0, 475, 168, 0, 0, 29, 2, 0, 0, 247)
26 (1, 4, 0, 327, 39, 0, 0, 26, 2, 0, 0, 69)
0 (1, 4, 0, 0, 100, 0, 0, 76, 2, 0, 0, 59)
1 (1, 4, 0, 0, 138, 0, 0, 55, 2, 0, 0, 185)
2 (1, 4, 0, 0, 92, 0, 0, 44, 2, 0, 0, 226)
3 (1, 4, 0, 0, 32, 0, 0, 56, 2, 0, 0, 220)
4 (1, 4, 0, 0, 0, 0, 0, 31, 2, 0, 0, 144)
5 (1, 4, 0, 0, 0, 0, 0, 22, 2, 0, 0, 165)
6 (1, 4, 0, 0, 0, 0, 0, 0, 2, 0, 0, 186)
7 (1, 4, 0, 254, 0, 11, 0, 0, 2, 0, 0, 70)
8 (1, 4, 63, 685, 209, 0, 0, 0, 2, 0, 0, 244)
9 (1, 4, 178, 750, 396, 0, 0, 22, 2, 0, 0, 76)
10 (1, 4, 427, 546, 447, 0, 0, 48, 2, 1, 0, 7)
11 (1, 4, 309, 316, 357, 0, 44, 59, 2, 1, 0, 174)
12 (1, 4, 0, 230, 392, 0, 32, 23, 2, 0, 0, 144)
13 (1, 4, 0, 251, 365, 0, 0, 57, 2, 1, 0, 242)
14 (1, 4, 466, 168, 181, 0, 0, 69, 2, 0, 0, 253)
15 (1, 4, 147, 12, 0, 0, 23, 47, 2, 0, 0, 129)
16 (1, 4, 0, 0, 0, 0, 3, 22, 2, 0, 0, 46)
17 (1, 4, 0, 0, 0, 0, 3, 4, 2, 0, 0, 68)
18 (1, 4, 0, 0, 0, 0, 1, 1, 2, 0, 0, 28)
19 (1, 4, 0, 44, 0, 0, 0, 6, 2, 0, 0, 221)
20 (1, 4, 19, 48, 0, 0, 0, 12, 2, 0, 0, 116)
21 (1, 4, 62, 0, 0, 0, 4, 10, 2, 0, 0, 121)
22 (1, 4, 60, 6, 0, 0, 7, 9, 2, 0, 0, 63)
23 (1, 4, 58, 61, 54, 0, 1, 16, 2, 0, 0, 212)
24 (1, 4, 116, 72, 116, 0, 0, 23, 2, 0, 0, 248)
25 (1, 4, 136, 63, 140, 0, 0, 24, 2, 0, 0, 231)
26 (1, 4, 108, 57, 122, 0, 0, 26, 2, 0, 0, 112)
27 (1, 4, 87, 52, 94, 0, 0, 29, 2, 0, 0, 90)
28 (1, 4, 24, 21, 67, 0, 0, 27, 2, 0, 0, 59)
29 (1, 4, 0, 0, 43, 0, 0, 24, 2, 0, 0, 122)
0 (1, 4, 140, 144, 20, 0, 0, 0, 2, 0, 0, 166)
1 (1, 4, 124, 7, 29, 0, 0, 0, 2, 0, 0, 87)
2 (1, 4, 231, 0, 96, 0, 0, 0, 2, 0, 0, 206)
3 (1, 4, 366, 0, 188, 0, 0, 0, 2, 0, 0, 48)
4 (1, 4, 653, 0, 294, 0, 0, 0, 2, 0, 0, 63)
5 (1, 4, 873, 0, 370, 0, 0, 0, 2, 0, 0, 132)
6 (1, 4, 573, 49, 203, 0, 17, 0, 2, 0, 0, 56)
7 (1, 4, 0, 153, 24, 0, 5, 16, 2, 0, 0, 86)
8 (1, 4, 0, 58, 0, 0, 0, 25, 2, 0, 0, 33)
9 (1, 4, 78, 0, 0, 0, 0, 23, 2, 0, 0, 167)
10 (1, 4, 165, 0, 0, 0, 4, 20, 2, 0, 0, 27)
11 (1, 4, 90, 14, 0, 0, 9, 23, 2, 0, 0, 195)
12 (1, 4, 0, 0, 0, 0, 6, 20, 2, 0, 0, 13)
13 (1, 4, 0, 0, 0, 0, 5, 14, 2, 0, 0, 6)
14 (1, 4, 0, 0, 0, 0, 4, 11, 2, 0, 0, 213)
15 (1, 4, 17, 0, 0, 0, 3, 12, 2, 0, 0, 64)
16 (1, 4, 11, 0, 0, 0, 5, 12, 2, 0, 0, 221)
17 (1, 4, 0, 0, 1, 0, 4, 13, 2, 0, 0, 141)
18 (1, 4, 0, 10, 0, 0, 4, 10, 2, 0, 0, 212)
19 (1, 4, 0, 18, 0, 0, 0, 13, 2, 0, 0, 246)
20 (1, 4, 0, 0, 0, 0, 0, 13, 2, 0, 0, 250)
21 (1, 4, 44, 0, 11, 0, 0, 14, 2, 0, 0, 20)
22 (1, 4, 0, 0, 0, 0, 0, 21, 2, 0, 0, 195)
23 (1, 4, 0, 0, 0, 0, 0, 50, 2, 0, 0, 113)
24 (1, 4, 0, 0, 0, 0, 0, 54, 2, 0, 0, 4)
25 (1, 4, 0, 0, 0, 0, 0, 62, 2, 0, 0, 238)
26 (1, 4, 0, 0, 0, 0, 0, 62, 2, 0, 0, 238)
27 (1, 4, 0, 0, 0, 0, 0, 41, 2, 0, 0, 46)
28 (1, 4, 0, 0, 0, 0, 0, 35, 2, 0, 0, 125)
29 (1, 4, 46, 0, 0, 0, 0, 38, 2, 0, 0, 68)
0 (1, 4, 146, 0, 0, 96, 0, 0, 7, 3, 0, 63)
1 (1, 4, 51, 10, 0, 67, 25, 0, 6, 3, 0, 170)
2 (1, 4, 77, 55, 0, 76, 19, 0, 5, 2, 0, 116)
3 (1, 4, 150, 166, 25, 86, 25, 0, 2, 1, 0, 126)
4 (1, 4, 66, 97, 19, 85, 12, 0, 1, 0, 0, 218)
5 (1, 4, 41, 27, 0, 90, 6, 0, 2, 0, 0, 252)
6 (1, 4, 0, 0, 0, 117, 0, 5, 5, 4, 0, 58)
7 (1, 4, 0, 56, 46, 74, 36, 0, 5, 4, 0, 230)
8 (1, 4, 46, 103, 57, 106, 20, 0, 4, 2, 0, 194)
9 (1, 4, 72, 180, 117, 103, 27, 2, 1, 0, 0, 58)
10 (1, 4, 46, 73, 52, 97, 5, 22, 1, 0, 0, 115)
11 (1, 4, 0, 0, 0, 67, 31, 0, 3, 1, 0, 107)
12 (1, 4, 80, 0, 26, 112, 1, 0, 4, 3, 0, 123)
13 (1, 4, 0, 181, 108, 67, 23, 1, 4, 2, 0, 203)
14 (1, 4, 114, 161, 108, 102, 18, 0, 3, 1, 0, 153)
15 (1, 4, 0, 282, 136, 75, 15, 0, 1, 1, 0, 197)
16 (1, 4, 0, 404, 208, 50, 17, 0, 2, 0, 0, 76)
17 (1, 4, 0, 479, 259, 22, 10, 0, 2, 0, 0, 109)
18 (1, 4, 0, 440, 337, 0, 0, 10, 2, 0, 0, 80)
19 (1, 4, 0, 384, 455, 0, 0, 13, 2, 0, 0, 172)
20 (1, 4, 0, 427, 577, 0, 0, 19, 2, 0, 0, 151)
21 (1, 4, 1, 501, 524, 0, 0, 24, 2, 0, 0, 126)
22 (1, 4, 155, 436, 410, 0, 0, 38, 2, 0, 0, 157)
23 (1, 4, 172, 340, 298, 0, 0, 47, 2, 0, 0, 149)
24 (1, 4, 0, 262, 201, 0, 26, 33, 2, 0, 0, 2)
25 (1, 4, 0, 249, 217, 0, 0, 37, 2, 0, 0, 203)
26 (1, 4, 107, 170, 223, 0, 0, 52, 2, 0, 0, 160)
27 (1, 4, 292, 43, 126, 0, 0, 42, 2, 0, 0, 171)
28 (1, 4, 22, 0, 0, 0, 2, 26, 2, 0, 0, 12)
29 (1, 4, 19, 0, 0, 0, 6, 13, 2, 0, 0, 25)
30 (1, 4, 0, 0, 0, 0, 18, 3, 2, 0, 0, 171)
31 (1, 4, 0, 0, 0, 0, 12, 2, 2, 0, 0, 33)
0 (1, 4, 0, 0, 0, 0, 0, 77, 2, 0, 0, 191)
1 (1, 4, 14, 0, 0, 0, 0, 76, 2, 0, 0, 52)
2 (1, 4, 0, 0, 0, 0, 0, 44, 2, 0, 0, 132)
3 (1, 4, 0, 0, 0, 0, 0, 36, 2, 0, 0, 110)
4 (1, 4, 0, 0, 0, 0, 0, 0, 2, 0, 0, 186)
5 (1, 4, 0, 0, 0, 0, 14, 0, 2, 0, 0, 106)
6 (1, 4, 0, 0, 0, 70, 0, 0, 2, 0, 0, 45)
7 (1, 4, 86, 325, 233, 66, 2, 0, 2, 0, 0, 59)
8 (1, 4, 0, 804, 516, 3, 0, 0, 2, 0, 0, 79)
9 (1, 4, 180, 873, 468, 0, 0, 29, 2, 0, 0, 58)
10 (1, 4, 304, 591, 410, 0, 0, 40, 2, 0, 0, 107)
11 (1, 4, 279, 255, 317, 0, 0, 49, 2, 0, 0, 229)
12 (1, 4, 166, 105, 83, 0, 13, 45, 2, 0, 0, 142)
13 (1, 4, 0, 174, 0, 0, 15, 29, 2, 0, 0, 71)
14 (1, 4, 0, 225, 13, 0, 10, 28, 2, 0, 0, 70)
15 (1, 4, 0, 199, 165, 0, 0, 37, 2, 0, 0, 244)
16 (1, 4, 387, 90, 318, 0, 0, 39, 2, 0, 0, 32)
17 (1, 4, 256, 118, 213, 0, 20, 41, 2, 0, 0, 98)
18 (1, 4, 0, 123, 2, 0, 0, 46, 2, 0, 0, 89)
19 (1, 4, 0, 0, 0, 0, 0, 29, 2, 0, 0, 41)
20 (1, 4, 0, 0, 0, 0, 7, 9, 2, 0, 0, 231)
21 (1, 4, 0, 0, 0, 0, 5, 2, 2, 0, 0, 153)
22 (1, 4, 0, 0, 0, 0, 2, 4, 2, 0, 0, 61)
23 (1, 4, 0, 34, 0, 0, 0, 10, 2, 0, 0, 70)
24 (1, 4, 72, 22, 0, 0, 2, 14, 2, 0, 0, 65)
25 (1, 4, 82, 21, 11, 0, 6, 15, 2, 0, 0, 46)
26 (1, 4, 45, 31, 22, 0, 7, 17, 2, 0, 0, 129)
27 (1, 4, 9, 26, 26, 0, 4, 19, 2, 0, 0, 193)
28 (1, 4, 9, 13, 26, 0, 4, 19, 2, 0, 0, 162)
29 (1, 4, 11, 14, 32, 0, 0, 19, 2, 0, 0, 151)
30 (1, 4, 14, 24, 21, 0, 0, 19, 2, 0, 0, 60)
31 (1, 4, 0, 8, 0, 0, 0, 19, 2, 0, 0, 188)
0 (1, 4, 0, 0, 517, 0, 0, 0, 2, 0, 0, 202)
1 (1, 4, 0, 0, 595, 0, 0, 0, 2, 0, 0, 63)
2 (1, 4, 478, 0, 713, 0, 0, 0, 2, 0, 0, 8)
3 (1, 4, 689, 0, 551, 0, 0, 0, 2, 0, 0, 35)
4 (1, 4, 485, 58, 142, 0, 0, 2, 2, 0, 0, 45)
5 (1, 4, 0, 143, 0, 0, 4, 24, 2, 0, 0, 208)
6 (1, 4, 0, 16, 0, 0, 2, 27, 2, 0, 0, 118)
7 (1, 4, 0, 0, 0, 0, 0, 19, 2, 0, 0, 15)
8 (1, 4, 0, 0, 0, 0, 2, 12, 2, 0, 0, 215)
9 (1, 4, 0, 0, 0, 0, 4, 9, 2, 0, 0, 108)
10 (1, 4, 11, 0, 0, 0, 4, 11, 2, 0, 0, 183)
11 (1, 4, 28, 0, 0, 0, 8, 10, 2, 0, 0, 128)
12 (1, 4, 16, 0, 0, 0, 12, 8, 2, 0, 0, 146)
13 (1, 4, 0, 0, 0, 0, 11, 8, 2, 0, 0, 26)
14 (1, 4, 0, 0, 0, 0, 10, 8, 2, 0, 0, 99)
15 (1, 4, 5, 4, 10, 0, 9, 9, 2, 0, 0, 72)
16 (1, 4, 0, 11, 55, 0, 7, 10, 2, 0, 0, 142)
17 (1, 4, 7, 21, 95, 0, 4, 11, 2, 0, 0, 44)
18 (1, 4, 28, 31, 135, 0, 1, 15, 2, 0, 0, 86)
19 (1, 4, 65, 39, 145, 0, 0, 18, 2, 0, 0, 141)
20 (1, 4, 87, 37, 103, 0, 0, 19, 2, 0, 0, 1)
21 (1, 4, 25, 19, 26, 0, 0, 19, 2, 0, 0, 196)
22 (1, 4, 0, 0, 0, 0, 0, 17, 2, 0, 0, 182)
23 (1, 4, 0, 0, 0, 0, 0, 12, 2, 0, 0, 37)
24 (1, 4, 0, 0, 0, 0, 2, 11, 2, 0, 0, 196)
25 (1, 4, 0, 0, 0, 0, 4, 10, 2, 0, 0, 10)
26 (1, 4, 0, 0, 0, 0, 5, 10, 2, 0, 0, 115)
27 (1, 4, 12, 0, 0, 0, 6, 11, 2, 0, 0, 111)
28 (1, 4, 26, 6, 0, 0, 6, 13, 2, 0, 0, 208)
29 (1, 4, 21, 2, 1, 0, 6, 14, 2, 0, 0, 162)
0 (1, 4, 619, 0, 38, 57, 0, 27, 5, 3, 0, 47)
1 (1, 4, 873, 0, 0, 67, 0, 0, 5, 3, 0, 236)
2 (1, 4, 873, 27, 39, 107, 76, 0, 5, 3, 0, 212)
3 (1, 4, 0, 401, 216, 73, 30, 49, 4, 2, 0, 20)
4 (1, 4, 384, 134, 189, 72, 0, 115, 4, 2, 0, 252)
5 (1, 4, 242, 233, 213, 111, 68, 45, 5, 2, 0, 154)
6 (1, 4, 146, 206, 210, 65, 30, 84, 5, 2, 0, 12)
7 (1, 4, 169, 187, 241, 14, 46, 60, 4, 2, 0, 215)
8 (1, 4, 136, 183, 226, 0, 19, 83, 4, 2, 0, 199)
9 (1, 4, 103, 222, 161, 0, 6, 119, 4, 2, 0, 10)
10 (1, 4, 0, 81, 23, 0, 0, 118, 4, 2, 0, 17)
11 (1, 4, 0, 0, 0, 0, 15, 105, 4, 2, 0, 95)
12 (1, 4, 0, 0, 0, 0, 5, 104, 4, 2, 0, 179)
13 (1, 4, 0, 69, 0, 0, 0, 70, 4, 2, 0, 66)
14 (1, 4, 0, 285, 0, 0, 0, 50, 4, 2, 0, 180)
15 (1, 4, 0, 319, 0, 28, 0, 61, 3, 1, 0, 5)
16 (1, 4, 0, 104, 0, 46, 0, 64, 2, 1, 0, 53)
17 (1, 4, 0, 0, 296, 6, 0, 30, 2, 1, 0, 121)
18 (1, 4, 0, 0, 531, 0, 0, 0, 2, 1, 0, 175)
19 (1, 4, 21, 0, 518, 0, 0, 0, 2, 0, 0, 167)
20 (1, 4, 24, 0, 491, 0, 0, 0, 2, 0, 0, 132)
21 (1, 4, 65, 0, 444, 0, 0, 0, 2, 0, 0, 242)
22 (1, 4, 127, 0, 308, 0, 0, 0, 2, 0, 0, 204)
23 (1, 4, 62, 0, 310, 0, 0, 0, 2, 0, 0, 100)
24 (1, 4, 111, 0, 272, 0, 0, 5, 2, 0, 0, 38)
25 (1, 4, 206, 0, 198, 0, 0, 15, 2, 0, 0, 240)
26 (1, 4, 160, 13, 74, 0, 0, 15, 2, 0, 0, 37)
27 (1, 4, 5, 0, 0, 0, 0, 14, 2, 0, 0, 170)
28 (1, 4, 0, 0, 0, 0, 0, 13, 2, 0, 0, 250)
29 (1, 4, 0, 0, 0, 0, 0, 11, 2, 0, 0, 54)
0 (1, 4, 0, 0, 0, 99, 0, 20, 6, 2, 0, 88)
1 (1, 4, 150, 0, 0, 84, 0, 0, 6, 2, 0, 108)
2 (1, 4, 246, 0, 0, 88, 0, 0, 6, 2, 0, 166)
3 (1, 4, 406, 0, 0, 83, 5, 0, 6, 2, 0, 169)
4 (1, 4, 538, 49, 24, 51, 26, 0, 6, 2, 0, 55)
5 (1, 4, 487, 174, 259, 22, 19, 5, 5, 2, 0, 6)
6 (1, 4, 318, 236, 191, 10, 0, 0, 4, 1, 0, 45)
7 (1, 4, 0, 124, 123, 62, 0, 0, 3, 1, 0, 35)
8 (1, 4, 0, 63, 0, 84, 0, 0, 2, 0, 0, 246)
9 (1, 4, 111, 44, 0, 88, 0, 0, 2, 0, 0, 223)
10 (1, 4, 111, 107, 5, 86, 0, 24, 1, 0, 0, 177)
11 (1, 4, 13, 109, 0, 70, 0, 39, 1, 0, 0, 226)
12 (1, 4, 0, 134, 0, 31, 0, 35, 1, 0, 0, 63)
13 (1, 4, 0, 49, 0, 0, 0, 54, 1, 0, 0, 180)
14 (1, 4, 0, 0, 0, 18, 0, 43, 2, 0, 0, 94)
15 (1, 4, 0, 0, 0, 49, 5, 27, 2, 0, 0, 126)
16 (1, 4, 0, 0, 0, 76, 5, 15, 2, 1, 0, 227)
17 (1, 4, 0, 3, 17, 98, 8, 9, 2, 1, 0, 20)
18 (1, 4, 0, 28, 89, 114, 19, 7, 2, 1, 0, 157)
19 (1, 4, 0, 43, 285, 91, 26, 0, 2, 1, 0, 97)
20 (1, 4, 0, 99, 740, 65, 0, 0, 2, 1, 0, 146)
21 (1, 4, 0, 482, 873, 0, 0, 64, 2, 1, 0, 150)
22 (1, 4, 102, 328, 751, 0, 0, 61, 2, 1, 0, 75)
23 (1, 4, 154, 270, 661, 0, 0, 47, 2, 0, 0, 100)
24 (1, 4, 0, 67, 408, 0, 0, 19, 2, 0, 0, 59)
25 (1, 4, 24, 69, 442, 0, 0, 41, 2, 0, 0, 236)
26 (1, 4, 124, 0, 441, 0, 0, 27, 2, 0, 0, 6)
27 (1, 4, 298, 38, 515, 0, 0, 53, 2, 0, 0, 191)
28 (1, 4, 313, 0, 171, 0, 0, 31, 2, 0, 0, 195)
29 (1, 4, 0, 67, 0, 0, 0, 35, 2, 0, 0, 38)
0 (1, 4, 149, 169, 0, 37, 0, 45, 7, 3, 0, 135)
1 (1, 4, 122, 139, 0, 40, 11, 44, 7, 3, 0, 39)
2 (1, 4, 7, 129, 0, 22, 4, 53, 7, 3, 0, 250)
3 (1, 4, 72, 142, 0, 6, 9, 53, 7, 3, 0, 52)
4 (1, 4, 115, 139, 48, 0, 2, 78, 7, 3, 0, 44)
5 (1, 4, 187, 98, 8, 0, 4, 100, 7, 3, 0, 88)
6 (1, 4, 0, 53, 0, 0, 17, 105, 7, 3, 0, 11)
7 (1, 4, 0, 23, 0, 8, 30, 106, 7, 3, 0, 147)
8 (1, 4, 0, 0, 15, 32, 41, 106, 7, 3, 0, 88)
9 (1, 4, 14, 0, 96, 33, 33, 105, 7, 2, 0, 131)
10 (1, 4, 0, 0, 120, 22, 1, 99, 5, 2, 0, 205)
11 (1, 4, 0, 68, 105, 18, 0, 63, 3, 1, 0, 133)
12 (1, 4, 0, 162, 51, 15, 0, 79, 2, 0, 0, 55)
13 (1, 4, 0, 108, 0, 13, 0, 49, 1, 0, 0, 2)
14 (1, 4, 0, 209, 0, 2, 0, 68, 1, 0, 0, 68)
15 (1, 4, 0, 444, 0, 0, 0, 104, 1, 0, 0, 60)
16 (1, 4, 0, 330, 0, 0, 84, 198, 2, 0, 0, 125)
17 (1, 4, 0, 0, 115, 0, 46, 177, 1, 0, 0, 39)
18 (1, 4, 0, 0, 196, 0, 0, 127, 1, 0, 0, 134)
19 (1, 4, 0, 0, 216, 0, 0, 114, 1, 0, 0, 91)
20 (1, 4, 0, 0, 145, 0, 0, 108, 1, 0, 0, 125)
21 (1, 4, 0, 0, 139, 0, 0, 67, 1, 0, 0, 201)
22 (1, 4, 0, 0, 86, 0, 0, 46, 1, 0, 0, 110)
23 (1, 4, 0, 0, 68, 0, 0, 17, 1, 0, 0, 181)
24 (1, 4, 0, 0, 83, 0, 0, 8, 1, 0, 0, 201)
25 (1, 4, 0, 0, 101, 0, 0, 0, 1, 0, 0, 211)
26 (1, 4, 24, 0, 58, 0, 0, 0, 1, 0, 0, 158)
27 (1, 4, 23, 0, 59, 0, 0, 0, 1, 0, 0, 80)
28 (1, 4, 26, 0, 28, 0, 0, 0, 2, 0, 0, 171)
29 (1, 4, 255, 0, 84, 0, 0, 0, 2, 0, 0, 129)
30 (1, 4, 498, 0, 191, 0, 0, 0, 2, 0, 0, 54)
31 (1, 4, 385, 0, 322, 0, 0, 0, 2, 0, 0, 42)
0 (1, 4, 91, 80, 198, 93, 0, 28, 1, 0, 0, 123)
1 (1, 4, 120, 25, 167, 93, 0, 29, 1, 0, 0, 101)
2 (1, 4, 133, 0, 115, 87, 0, 22, 1, 0, 0, 158)
3 (1, 4, 200, 0, 76, 75, 0, 27, 1, 0, 0, 186)
4 (1, 4, 295, 232, 254, 33, 6, 34, 1, 0, 0, 185)
5 (1, 4, 410, 433, 348, 0, 0, 114, 1, 0, 0, 192)
6 (1, 4, 0, 143, 181, 4, 0, 158, 1, 0, 0, 21)
7 (1, 4, 0, 0, 0, 46, 0, 86, 1, 0, 0, 21)
8 (1, 4, 28, 0, 0, 25, 0, 66, 1, 0, 0, 88)
9 (1, 4, 0, 0, 0, 34, 0, 84, 1, 0, 0, 40)
10 (1, 4, 0, 0, 0, 26, 0, 98, 1, 0, 0, 112)
11 (1, 4, 0, 0, 0, 33, 0, 90, 2, 0, 0, 137)
12 (1, 4, 0, 0, 0, 45, 0, 55, 1, 0, 0, 15)
13 (1, 4, 0, 13, 0, 75, 0, 47, 2, 0, 0, 50)
14 (1, 4, 0, 28, 0, 78, 0, 39, 2, 0, 0, 111)
15 (1, 4, 0, 40, 0, 82, 0, 17, 2, 0, 0, 219)
16 (1, 4, 0, 113, 0, 83, 0, 2, 2, 0, 0, 149)
17 (1, 4, 0, 150, 0, 73, 16, 0, 2, 0, 0, 218)
18 (1, 4, 0, 292, 48, 82, 15, 5, 2, 0, 0, 217)
19 (1, 4, 0, 391, 244, 57, 24, 3, 2, 0, 0, 82)
20 (1, 4, 0, 565, 417, 20, 0, 38, 2, 0, 0, 155)
21 (1, 4, 0, 633, 455, 0, 0, 83, 2, 0, 0, 19)
22 (1, 4, 0, 415, 240, 0, 0, 92, 2, 0, 0, 12)
23 (1, 4, 3, 254, 240, 0, 0, 101, 2, 0, 0, 72)
24 (1, 4, 0, 222, 218, 0, 0, 82, 1, 0, 0, 50)
25 (1, 4, 0, 153, 208, 0, 0, 53, 1, 0, 0, 215)
26 (1, 4, 14, 143, 235, 0, 0, 61, 2, 0, 0, 159)
27 (1, 4, 43, 117, 267, 0, 0, 49, 2, 0, 0, 167)
28 (1, 4, 120, 135, 285, 0, 0, 59, 2, 0, 0, 205)
29 (1, 4, 278, 98, 195, 0, 0, 61, 2, 0, 0, 211)
30 (1, 4, 231, 21, 1, 0, 0, 50, 2, 0, 0, 154)
31 (1, 4, 0, 0, 0, 0, 4, 41, 2, 0, 0, 205)
0 (1, 4, 167, 193, 522, 0, 0, 0, 2, 1, 0, 55)
1 (1, 4, 142, 191, 584, 0, 0, 0, 2, 0, 0, 21)
2 (1, 4, 143, 102, 635, 0, 0, 0, 1, 0, 0, 98)
3 (1, 4, 209, 0, 661, 0, 0, 0, 1, 0, 0, 144)
4 (1, 4, 93, 10, 422, 0, 21, 0, 1, 0, 0, 209)
5 (1, 4, 9, 66, 231, 0, 36, 0, 1, 0, 0, 115)
6 (1, 4, 0, 160, 29, 0, 45, 0, 1, 0, 0, 128)
7 (1, 4, 0, 0, 0, 0, 56, 0, 1, 0, 0, 85)
8 (1, 4, 0, 9, 0, 0, 54, 0, 1, 0, 0, 131)
9 (1, 4, 0, 0, 0, 0, 38, 0, 1, 0, 0, 0)
10 (1, 4, 0, 0, 0, 0, 5, 39, 1, 0, 0, 52)
11 (1, 4, 0, 0, 0, 0, 0, 26, 1, 0, 0, 156)
12 (1, 4, 0, 0, 0, 0, 0, 21, 1, 0, 0, 101)
13 (1, 4, 0, 183, 13, 0, 0, 49, 2, 0, 0, 193)
14 (1, 4, 0, 211, 60, 0, 0, 29, 2, 0, 0, 113)
15 (1, 4, 0, 270, 36, 0, 0, 39, 2, 0, 0, 73)
16 (1, 4, 260, 407, 193, 0, 0, 27, 2, 0, 0, 198)
17 (1, 4, 238, 251, 150, 0, 0, 34, 2, 0, 0, 24)
18 (1, 4, 192, 143, 169, 0, 0, 9, 2, 0, 0, 132)
19 (1, 4, 189, 76, 187, 0, 0, 0, 2, 1, 0, 56)
20 (1, 4, 110, 0, 206, 0, 25, 0, 2, 0, 0, 90)
21 (1, 4, 0, 0, 125, 0, 41, 0, 1, 0, 0, 165)
22 (1, 4, 0, 0, 55, 0, 68, 0, 1, 0, 0, 129)
23 (1, 4, 0, 0, 4, 0, 51, 0, 1, 0, 0, 65)
24 (1, 4, 0, 0, 24, 0, 18, 0, 2, 0, 0, 14)
25 (1, 4, 0, 0, 0, 0, 6, 0, 2, 0, 0, 171)
26 (1, 4, 0, 0, 0, 0, 7, 45, 2, 0, 0, 51)
27 (1, 4, 0, 0, 0, 0, 0, 21, 2, 0, 0, 195)
28 (1, 4, 0, 0, 0, 0, 0, 21, 2, 0, 0, 195)
29 (1, 4, 0, 89, 41, 0, 0, 67, 2, 0, 0, 171)
30 (1, 4, 169, 336, 111, 0, 0, 38, 2, 0, 0, 32)
0 (1, 4, 104, 80, 36, 0, 0, 42, 2, 0, 0, 52)
1 (1, 4, 136, 138, 66, 0, 0, 39, 2, 0, 0, 102)
2 (1, 4, 166, 275, 58, 0, 0, 21, 2, 0, 0, 123)
3 (1, 4, 203, 410, 56, 0, 0, 18, 2, 0, 0, 72)
4 (1, 4, 165, 345, 119, 0, 0, 26, 2, 0, 0, 64)
5 (1, 4, 196, 214, 0, 0, 0, 22, 2, 0, 0, 85)
6 (1, 4, 154, 223, 2, 0, 0, 14, 2, 1, 0, 19)
7 (1, 4, 0, 402, 16, 0, 0, 0, 2, 1, 0, 70)
8 (1, 4, 115, 347, 64, 0, 0, 0, 2, 1, 0, 250)
9 (1, 4, 74, 288, 63, 0, 0, 0, 2, 1, 0, 203)
10 (1, 4, 83, 347, 20, 0, 0, 0, 2, 1, 0, 231)
11 (1, 4, 90, 431, 0, 0, 0, 0, 2, 1, 0, 67)
12 (1, 4, 145, 521, 0, 0, 0, 0, 2, 1, 0, 225)
13 (1, 4, 175, 462, 0, 0, 0, 0, 2, 1, 0, 58)
14 (1, 4, 163, 359, 0, 0, 0, 0, 3, 1, 0, 213)
15 (1, 4, 113, 106, 23, 0, 0, 0, 3, 1, 0, 22)
16 (1, 4, 13, 0, 127, 0, 0, 0, 3, 1, 0, 214)
17 (1, 4, 0, 0, 115, 0, 0, 0, 3, 1, 0, 114)
18 (1, 4, 0, 0, 113, 0, 0, 0, 2, 1, 0, 63)
19 (1, 4, 0, 0, 118, 0, 0, 0, 2, 0, 0, 177)
20 (1, 4, 0, 0, 135, 0, 0, 0, 2, 0, 0, 174)
21 (1, 4, 0, 0, 63, 0, 0, 0, 2, 0, 0, 98)
22 (1, 4, 0, 0, 21, 0, 0, 0, 2, 0, 0, 15)
23 (1, 4, 0, 0, 3, 0, 0, 0, 2, 0, 0, 1)
24 (1, 4, 0, 0, 0, 0, 0, 0, 2, 0, 0, 186)
25 (1, 4, 0, 0, 0, 0, 0, 1, 2, 0, 0, 101)
26 (1, 4, 0, 0, 0, 0, 0, 16, 2, 0, 0, 105)
27 (1, 4, 0, 0, 0, 0, 0, 17, 2, 0, 0, 182)
28 (1, 4, 0, 0, 0, 0, 0, 26, 2, 0, 0, 58)
29 (1, 4, 0, 0, 0, 0, 0, 29, 2, 0, 0, 41)
30 (1, 4, 7, 0, 0, 0, 0, 23, 2, 0, 0, 80)
31 (1, 4, 0, 0, 0, 0, 2, 30, 2, 0, 0, 189)
0 (1, 4, 0, 0, 0, 19, 0, 0, 2, 0, 0, 108)
1 (1, 4, 0, 0, 0, 23, 28, 0, 2, 0, 0, 183)
2 (1, 4, 0, 0, 0, 21, 70, 0, 2, 1, 0, 78)
3 (1, 4, 0, 0, 0, 14, 97, 0, 2, 1, 0, 5)
4 (1, 4, 0, 0, 0, 15, 122, 0, 2, 1, 0, 213)
5 (1, 4, 0, 0, 64, 0, 145, 0, 2, 1, 0, 226)
6 (1, 4, 0, 94, 254, 0, 139, 0, 2, 1, 0, 15)
7 (1, 4, 57, 283, 490, 0, 107, 0, 2, 1, 0, 0)
8 (1, 4, 104, 422, 613, 0, 64, 0, 2, 1, 0, 17)
9 (1, 4, 404, 624, 637, 0, 19, 9, 2, 1, 0, 126)
10 (1, 4, 640, 817, 724, 0, 38, 27, 2, 0, 0, 71)
11 (1, 4, 354, 873, 682, 0, 23, 49, 2, 0, 0, 227)
12 (1, 4, 416, 873, 518, 0, 0, 60, 2, 0, 0, 35)
13 (1, 4, 487, 710, 324, 0, 44, 54, 2, 0, 0, 88)
14 (1, 4, 276, 559, 86, 0, 39, 54, 1, 0, 0, 86)
15 (1, 4, 29, 401, 0, 0, 81, 27, 1, 0, 0, 51)
16 (1, 4, 0, 339, 8, 0, 31, 36, 1, 0, 0, 135)
17 (1, 4, 0, 130, 45, 0, 20, 32, 1, 0, 0, 63)
18 (1, 4, 0, 0, 0, 0, 24, 26, 2, 0, 0, 126)
19 (1, 4, 0, 0, 0, 0, 20, 0, 2, 0, 0, 220)
20 (1, 4, 0, 0, 32, 0, 0, 16, 2, 0, 0, 151)
21 (1, 4, 0, 78, 207, 0, 0, 26, 2, 0, 0, 238)
22 (1, 4, 0, 230, 140, 0, 0, 27, 2, 0, 0, 1)
23 (1, 4, 0, 115, 0, 0, 0, 44, 2, 0, 0, 124)
24 (1, 4, 0, 0, 0, 0, 0, 21, 2, 0, 0, 195)
25 (1, 4, 42, 0, 0, 0, 3, 12, 2, 0, 0, 5)
26 (1, 4, 9, 0, 0, 0, 8, 9, 2, 0, 0, 48)
27 (1, 4, 0, 0, 0, 0, 9, 11, 2, 0, 0, 142)
28 (1, 4, 0, 0, 0, 0, 8, 15, 2, 0, 0, 130)
29 (1, 4, 0, 0, 0, 0, 13, 14, 2, 0, 0, 199)
0 (1, 4, 44, 0, 0, 0, 12, 47, 2, 0, 0, 79)
1 (1, 4, 5, 0, 46, 0, 12, 43, 2, 0, 0, 176)
2 (1, 4, 0, 0, 28, 0, 4, 37, 2, 0, 0, 207)
3 (1, 4, 0, 0, 0, 21, 6, 16, 2, 0, 0, 236)
4 (1, 4, 0, 0, 0, 49, 7, 0, 1, 0, 0, 117)
5 (1, 4, 0, 0, 0, 48, 1, 0, 1, 0, 0, 123)
6 (1, 4, 0, 0, 0, 51, 38, 0, 1, 0, 0, 63)
7 (1, 4, 0, 0, 0, 43, 58, 0, 1, 1, 0, 252)
8 (1, 4, 0, 0, 0, 49, 75, 0, 2, 1, 0, 128)
9 (1, 4, 0, 0, 0, 33, 80, 0, 2, 1, 0, 184)
10 (1, 4, 0, 0, 45, 28, 93, 0, 2, 1, 0, 238)
11 (1, 4, 0, 32, 200, 18, 86, 0, 2, 0, 0, 137)
12 (1, 4, 0, 103, 240, 24, 80, 0, 2, 0, 0, 226)
13 (1, 4, 62, 201, 269, 20, 71, 0, 2, 0, 0, 159)
14 (1, 4, 167, 337, 326, 16, 53, 0, 2, 0, 0, 194)
15 (1, 4, 277, 510, 370, 1, 36, 0, 2, 0, 0, 87)
16 (1, 4, 402, 702, 358, 0, 15, 0, 2, 0, 0, 186)
17 (1, 4, 383, 805, 343, 0, 18, 17, 2, 0, 0, 142)
18 (1, 4, 204, 873, 357, 0, 21, 30, 2, 0, 0, 121)
19 (1, 4, 51, 873, 337, 0, 9, 30, 2, 0, 0, 224)
20 (1, 4, 242, 873, 285, 0, 45, 29, 2, 0, 0, 227)
21 (1, 4, 97, 434, 103, 0, 60, 53, 2, 1, 0, 41)
22 (1, 4, 0, 317, 0, 0, 58, 0, 1, 0, 0, 61)
23 (1, 4, 0, 347, 24, 0, 31, 23, 1, 0, 0, 95)
24 (1, 4, 0, 8, 56, 0, 17, 31, 2, 0, 0, 226)
25 (1, 4, 0, 0, 179, 0, 0, 24, 2, 0, 0, 72)
26 (1, 4, 0, 15, 195, 0, 0, 17, 2, 0, 0, 182)
27 (1, 4, 10, 161, 167, 0, 0, 21, 2, 0, 0, 51)
28 (1, 4, 67, 124, 130, 0, 0, 29, 2, 0, 0, 37)
29 (1, 4, 43, 16, 20, 0, 0, 25, 2, 0, 0, 185)
0 (1, 4, 0, 40, 0, 0, 9, 19, 2, 0, 0, 198)
1 (1, 4, 0, 49, 0, 0, 6, 25, 2, 0, 0, 91)
2 (1, 4, 0, 0, 0, 0, 10, 23, 2, 0, 0, 73)
3 (1, 4, 0, 0, 0, 0, 4, 14, 2, 0, 0, 127)
4 (1, 4, 0, 0, 20, 0, 10, 0, 2, 0, 0, 168)
5 (1, 4, 0, 15, 65, 0, 2, 0, 2, 0, 0, 150)
6 (1, 4, 142, 209, 91, 0, 0, 0, 2, 0, 0, 46)
7 (1, 4, 333, 424, 120, 0, 0, 0, 2, 0, 0, 36)
8 (1, 4, 0, 0, 15, 0, 0, 315, 2, 1, 0, 95)
9 (1, 4, 277, 185, 0, 0, 0, 27, 2, 0, 0, 149)
10 (1, 4, 243, 44, 99, 0, 18, 24, 2, 0, 0, 72)
11 (1, 4, 0, 0, 0, 0, 7, 9, 2, 0, 0, 231)
12 (1, 4, 0, 0, 0, 0, 15, 0, 2, 0, 0, 19)
13 (1, 4, 0, 0, 0, 0, 20, 0, 2, 0, 0, 220)
14 (1, 4, 0, 0, 0, 0, 15, 0, 2, 0, 0, 19)
15 (1, 4, 0, 0, 0, 0, 14, 0, 2, 0, 0, 106)
16 (1, 4, 56, 85, 27, 0, 14, 0, 2, 0, 0, 200)
17 (1, 4, 33, 247, 93, 0, 10, 0, 2, 0, 0, 145)
18 (1, 4, 71, 286, 114, 0, 0, 0, 2, 0, 0, 204)
19 (1, 4, 87, 258, 83, 0, 13, 0, 2, 0, 0, 21)
20 (1, 4, 0, 0, 0, 0, 0, 291, 2, 0, 0, 84)
21 (1, 4, 101, 58, 67, 0, 0, 38, 2, 0, 0, 146)
22 (1, 4, 181, 33, 76, 0, 0, 30, 2, 0, 0, 37)
23 (1, 4, 0, 0, 0, 0, 8, 15, 2, 0, 0, 130)
24 (1, 4, 0, 0, 0, 0, 17, 0, 2, 0, 0, 70)
25 (1, 4, 0, 0, 0, 0, 5, 0, 2, 0, 0, 32)
26 (1, 4, 0, 0, 0, 0, 9, 0, 2, 0, 0, 2)
27 (1, 4, 0, 0, 0, 0, 7, 0, 2, 0, 0, 210)
28 (1, 4, 0, 10, 3, 0, 5, 0, 2, 0, 0, 69)
29 (1, 4, 38, 77, 14, 0, 8, 0, 2, 0, 0, 10)
30 (1, 4, 30, 156, 36, 0, 11, 0, 2, 0, 0, 237)
31 (1, 4, 73, 230, 62, 0, 9, 0, 2, 0, 0, 78)
0 (1, 4, 0, 0, 0, 0, 0, 4, 2, 0, 0, 207)
1 (1, 4, 0, 0, 0, 0, 11, 0, 2, 0, 0, 240)
2 (1, 4, 0, 0, 0, 0, 5, 0, 2, 0, 0, 32)
3 (1, 4, 0, 0, 0, 0, 0, 0, 2, 0, 0, 186)
4 (1, 4, 0, 0, 0, 0, 3, 0, 2, 0, 0, 49)
5 (1, 4, 0, 0, 11, 0, 10, 0, 2, 0, 0, 142)
6 (1, 4, 0, 34, 32, 0, 9, 0, 2, 0, 0, 83)
7 (1, 4, 4, 109, 70, 0, 4, 0, 2, 0, 0, 118)
8 (1, 4, 69, 224, 103, 0, 0, 0, 2, 0, 0, 165)
9 (1, 4, 126, 324, 120, 0, 0, 0, 2, 0, 0, 58)
10 (1, 4, 52, 427, 118, 0, 0, 120, 2, 0, 0, 62)
11 (1, 4, 0, 0, 0, 0, 0, 17, 2, 0, 0, 182)
12 (1, 4, 216, 79, 81, 0, 0, 0, 2, 0, 0, 148)
13 (1, 4, 18, 0, 24, 0, 0, 2, 2, 0, 0, 60)
14 (1, 4, 0, 0, 0, 0, 1, 6, 2, 0, 0, 15)
15 (1, 4, 0, 0, 0, 0, 14, 5, 2, 0, 0, 192)
16 (1, 4, 0, 0, 0, 0, 9, 0, 2, 0, 0, 2)
17 (1, 4, 0, 0, 0, 0, 3, 0, 2, 0, 0, 49)
18 (1, 4, 0, 0, 0, 0, 3, 0, 2, 0, 0, 49)
19 (1, 4, 0, 0, 12, 0, 2, 0, 2, 0, 0, 170)
20 (1, 4, 0, 26, 14, 0, 0, 0, 2, 0, 0, 200)
21 (1, 4, 0, 86, 37, 0, 0, 0, 2, 0, 0, 219)
22 (1, 4, 80, 169, 50, 0, 0, 0, 2, 0, 0, 184)
23 (1, 4, 164, 245, 70, 0, 2, 0, 2, 0, 0, 102)
24 (1, 4, 213, 343, 80, 0, 0, 0, 2, 0, 0, 113)
25 (1, 4, 0, 30, 0, 0, 0, 349, 2, 0, 0, 32)
26 (1, 4, 79, 146, 15, 0, 9, 24, 2, 0, 0, 188)
27 (1, 4, 153, 0, 110, 0, 0, 18, 2, 0, 0, 147)
28 (1, 4, 48, 0, 0, 0, 0, 12, 2, 0, 0, 2)
29 (1, 4, 0, 0, 0, 0, 0, 11, 2, 0, 0, 54)
30 (1, 4, 0, 0, 0, 0, 1, 12, 2, 0, 0, 92)
31 (1, 4, 0, 0, 0, 0, 6, 2, 2, 0, 0, 18)
0 (1, 4, 0, 0, 0, 0, 0, 16, 2, 0, 0, 105)
1 (1, 4, 0, 0, 0, 0, 4, 4, 2, 0, 0, 44)
2 (1, 4, 0, 0, 0, 0, 2, 0, 2, 0, 0, 72)
3 (1, 4, 0, 0, 0, 0, 2, 0, 2, 0, 0, 72)
4 (1, 4, 0, 0, 0, 0, 0, 0, 2, 0, 0, 186)
5 (1, 4, 8, 0, 5, 0, 0, 0, 2, 0, 0, 0)
6 (1, 4, 0, 0, 15, 0, 0, 0, 2, 0, 0, 227)
7 (1, 4, 0, 41, 16, 0, 0, 0, 2, 0, 0, 1)
8 (1, 4, 13, 81, 29, 0, 0, 0, 2, 0, 0, 162)
9 (1, 4, 99, 146, 56, 0, 0, 0, 2, 0, 0, 214)
10 (1, 4, 237, 257, 74, 0, 0, 0, 2, 0, 0, 159)
11 (1, 4, 412, 464, 114, 0, 10, 0, 2, 0, 0, 101)
12 (1, 4, 0, 0, 0, 0, 0, 288, 2, 0, 0, 50)
13 (1, 4, 146, 100, 24, 0, 4, 0, 2, 0, 0, 232)
14 (1, 4, 25, 0, 72, 0, 0, 6, 2, 0, 0, 175)
15 (1, 4, 0, 0, 0, 0, 0, 14, 2, 0, 0, 156)
16 (1, 4, 0, 0, 0, 0, 3, 2, 2, 0, 0, 136)
17 (1, 4, 0, 0, 0, 0, 0, 2, 2, 0, 0, 3)
18 (1, 4, 0, 0, 0, 0, 0, 0, 2, 0, 0, 186)
19 (1, 4, 0, 0, 0, 0, 0, 0, 2, 0, 0, 186)
20 (1, 4, 27, 0, 0, 0, 0, 0, 2, 0, 0, 56)
21 (1, 4, 35, 14, 18, 0, 0, 0, 2, 0, 0, 59)
22 (1, 4, 27, 80, 30, 0, 0, 0, 2, 0, 0, 104)
23 (1, 4, 48, 123, 44, 0, 0, 0, 2, 0, 0, 202)
24 (1, 4, 92, 172, 64, 0, 0, 0, 2, 0, 0, 202)
25 (1, 4, 142, 204, 73, 0, 0, 0, 2, 0, 0, 195)
26 (1, 4, 245, 282, 94, 0, 0, 0, 2, 0, 0, 36)
27 (1, 4, 90, 340, 76, 0, 36, 220, 2, 0, 0, 22)
28 (1, 4, 35, 0, 0, 0, 0, 29, 2, 0, 0, 252)
29 (1, 4, 128, 83, 49, 0, 0, 30, 2, 0, 0, 117)
30 (1, 4, 0, 0, 22, 0, 0, 24, 2, 0, 0, 141)
31 (1, 4, 0, 0, 0, 0, 2, 16, 2, 0, 0, 155)
0 (1, 4, 6, 56, 12, 0, 0, 0, 2, 0, 0, 108)
1 (1, 4, 27, 106, 25, 0, 0, 0, 2, 0, 0, 240)
2 (1, 4, 67, 161, 49, 0, 0, 0, 2, 0, 0, 66)
3 (1, 4, 132, 181, 78, 0, 0, 0, 2, 0, 0, 108)
4 (1, 4, 240, 276, 89, 0, 0, 0, 2, 0, 0, 243)
5 (1, 4, 364, 365, 74, 0, 0, 2, 2, 0, 0, 23)
6 (1, 4, 4, 0, 0, 0, 0, 82, 2, 0, 0, 173)
7 (1, 4, 115, 98, 50, 0, 0, 19, 2, 0, 0, 49)
8 (1, 4, 52, 0, 49, 0, 0, 28, 2, 0, 0, 252)
9 (1, 4, 0, 0, 0, 0, 5, 15, 2, 0, 0, 217)
10 (1, 4, 0, 0, 0, 0, 3, 6, 2, 0, 0, 253)
11 (1, 4, 0, 0, 0, 0, 0, 0, 2, 0, 0, 186)
12 (1, 4, 0, 0, 0, 0, 0, 0, 2, 0, 0, 186)
13 (1, 4, 0, 0, 0, 0, 0, 0, 2, 0, 0, 186)
14 (1, 4, 0, 0, 0, 0, 0, 0, 2, 0, 0, 186)
15 (1, 4, 0, 56, 5, 0, 0, 0, 2, 0, 0, 96)
16 (1, 4, 14, 113, 29, 0, 0, 0, 2, 0, 0, 114)
17 (1, 4, 74, 160, 52, 0, 0, 0, 2, 0, 0, 67)
18 (1, 4, 173, 213, 69, 0, 0, 0, 2, 0, 0, 147)
19 (1, 4, 251, 271, 75, 0, 0, 1, 2, 0, 0, 20)
20 (1, 4, 279, 294, 64, 0, 0, 20, 2, 0, 0, 191)
21 (1, 4, 68, 0, 0, 0, 0, 51, 2, 0, 0, 31)
22 (1, 4, 165, 174, 45, 0, 0, 1, 2, 0, 0, 206)
23 (1, 4, 165, 0, 157, 0, 6, 8, 2, 0, 0, 93)
24 (1, 4, 44, 0, 101, 0, 0, 7, 2, 0, 0, 233)
25 (1, 4, 68, 0, 7, 0, 0, 0, 2, 0, 0, 238)
26 (1, 4, 78, 0, 18, 0, 4, 0, 2, 0, 0, 212)
27 (1, 4, 0, 0, 1, 0, 3, 0, 2, 0, 0, 165)
28 (1, 4, 0, 29, 0, 0, 1, 2, 2, 0, 0, 199)
29 (1, 4, 0, 46, 0, 0, 0, 11, 2, 0, 0, 240)
30 (1, 4, 30, 49, 0, 0, 5, 15, 2, 0, 0, 123)
31 (1, 4, 14, 74, 0, 0, 8, 18, 2, 0, 0, 24)

