1 (1, 4, 660, 0, 140, 0, 0, 0, 1, 1, 0, 173)
2 (1, 4, 443, 0, 169, 0, 0, 0, 1, 1, 0, 2)
3 (1, 4, 102, 0, 0, 0, 0, 0, 1, 1, 0, 29)
4 (1, 4, 0, 0, 0, 0, 0, 0, 1, 1, 0, 119)
5 (1, 4, 0, 0, 0, 0, 0, 0, 1, 1, 0, 119)
6 (1, 4, 82, 0, 0, 0, 0, 0, 1, 1, 0, 2)
7 (1, 4, 310, 0, 0, 0, 48, 0, 1, 1, 0, 254)
8 (1, 4, 325, 0, 0, 0, 109, 0, 2, 2, 0, 157)
9 (1, 4, 10, 0, 0, 0, 148, 0, 2, 2, 0, 82)
10 (1, 4, 0, 47, 15, 0, 106, 0, 2, 2, 0, 98)
11 (1, 4, 0, 271, 205, 0, 83, 0, 2, 2, 0, 80)
12 (1, 4, 0, 333, 453, 0, 80, 0, 2, 2, 0, 212)
13 (1, 4, 0, 152, 750, 0, 18, 0, 1, 2, 0, 237)
14 (1, 4, 0, 47, 873, 0, 0, 0, 1, 1, 0, 206)
15 (1, 4, 0, 341, 873, 0, 0, 0, 1, 1, 0, 213)
16 (1, 4, 0, 814, 873, 0, 0, 0, 1, 2, 0, 238)
17 (1, 4, 0, 690, 873, 0, 0, 0, 1, 2, 0, 2)
18 (1, 4, 158, 762, 846, 0, 0, 0, 1, 1, 0, 53)
19 (1, 4, 193, 572, 450, 0, 0, 0, 1, 1, 0, 154)
20 (1, 4, 121, 482, 0, 0, 0, 0, 1, 1, 0, 111)
21 (1, 4, 0, 282, 0, 0, 0, 35, 1, 1, 0, 234)
22 (1, 4, 0, 181, 0, 0, 0, 52, 2, 2, 0, 166)
23 (1, 4, 10, 41, 84, 0, 0, 51, 2, 2, 0, 10)
24 (1, 4, 64, 0, 100, 0, 0, 41, 2, 2, 0, 42)
25 (1, 4, 111, 0, 17, 0, 0, 21, 1, 1, 0, 241)
26 (1, 4, 167, 0, 0, 0, 0, 0, 1, 1, 0, 143)
27 (1, 4, 80, 0, 0, 0, 0, 0, 1, 1, 0, 30)
28 (1, 4, 0, 0, 0, 0, 0, 0, 1, 1, 0, 119)
29 (1, 4, 0, 0, 0, 0, 0, 0, 1, 1, 0, 119)
30 (1, 4, 0, 0, 0, 0, 0, 0, 1, 1, 0, 119)
31 (1, 4, 90, 0, 0, 0, 0, 5, 1, 1, 0, 216)
32 (1, 4, 147, 0, 0, 0, 0, 10, 1, 1, 0, 195)
1 (1, 4, 276, 312, 0, 0, 54, 36, 1, 1, 0, 21)
2 (1, 4, 338, 279, 0, 0, 137, 50, 1, 1, 0, 193)
3 (1, 4, 0, 68, 52, 0, 101, 76, 1, 1, 0, 166)
4 (1, 4, 0, 0, 82, 10, 39, 110, 1, 1, 0, 189)
5 (1, 4, 0, 0, 70, 36, 31, 110, 1, 1, 0, 134)
6 (1, 4, 0, 0, 54, 54, 29, 107, 1, 1, 0, 109)
7 (1, 4, 0, 0, 34, 58, 28, 107, 2, 2, 0, 170)
8 (1, 4, 40, 57, 27, 47, 37, 106, 1, 2, 0, 204)
9 (1, 4, 0, 0, 6, 20, 66, 114, 1, 2, 0, 86)
10 (1, 4, 0, 0, 119, 6, 60, 104, 1, 1, 0, 14)
11 (1, 4, 0, 0, 194, 0, 55, 69, 1, 1, 0, 93)
12 (1, 4, 0, 0, 299, 0, 40, 41, 1, 2, 0, 54)
13 (1, 4, 0, 0, 431, 0, 9, 27, 1, 1, 0, 155)
14 (1, 4, 0, 0, 576, 0, 0, 0, 1, 1, 0, 54)
15 (1, 4, 0, 0, 815, 0, 0, 0, 1, 1, 0, 55)
16 (1, 4, 0, 0, 873, 0, 0, 0, 2, 2, 0, 166)
17 (1, 4, 0, 0, 585, 0, 0, 0, 1, 2, 0, 163)
18 (1, 4, 471, 143, 570, 0, 0, 0, 1, 2, 0, 134)
19 (1, 4, 372, 148, 527, 0, 0, 0, 1, 1, 0, 186)
20 (1, 4, 0, 132, 178, 0, 0, 13, 1, 1, 0, 179)
21 (1, 4, 0, 102, 63, 0, 0, 20, 1, 1, 0, 255)
22 (1, 4, 73, 74, 38, 0, 0, 15, 1, 1, 0, 171)
23 (1, 4, 107, 52, 20, 0, 0, 14, 1, 1, 0, 37)
24 (1, 4, 91, 1, 0, 0, 0, 9, 1, 1, 0, 252)
25 (1, 4, 58, 0, 0, 0, 0, 3, 1, 1, 0, 90)
26 (1, 4, 35, 0, 0, 0, 0, 0, 1, 1, 0, 162)
27 (1, 4, 45, 0, 0, 0, 0, 2, 1, 1, 0, 79)
28 (1, 4, 79, 11, 0, 0, 0, 0, 1, 1, 0, 207)
29 (1, 4, 10, 13, 0, 0, 0, 5, 1, 1, 0, 109)
30 (1, 4, 38, 24, 0, 0, 0, 9, 1, 1, 0, 115)
31 (1, 4, 17, 23, 0, 0, 0, 11, 1, 1, 0, 118)
32 (1, 4, 0, 16, 13, 0, 0, 13, 1, 1, 0, 32)
1 (1, 4, 379, 0, 0, 5, 0, 36, 4, 3, 0, 53)
2 (1, 4, 264, 0, 0, 13, 43, 31, 4, 3, 0, 200)
3 (1, 4, 129, 0, 0, 23, 49, 39, 3, 3, 0, 151)
4 (1, 4, 158, 57, 0, 30, 62, 42, 3, 3, 0, 134)
5 (1, 4, 117, 0, 0, 29, 86, 64, 4, 4, 0, 101)
6 (1, 4, 0, 0, 0, 63, 67, 57, 4, 4, 0, 55)
7 (1, 4, 28, 4, 9, 67, 63, 57, 4, 4, 0, 146)
8 (1, 4, 0, 0, 9, 71, 65, 55, 4, 4, 0, 248)
9 (1, 4, 10, 13, 0, 69, 65, 60, 3, 4, 0, 251)
10 (1, 4, 5, 0, 0, 30, 90, 54, 3, 3, 0, 12)
11 (1, 4, 24, 0, 52, 19, 129, 24, 3, 4, 0, 158)
12 (1, 4, 0, 24, 373, 23, 115, 0, 3, 4, 0, 255)
13 (1, 4, 0, 91, 610, 5, 55, 5, 3, 3, 0, 85)
14 (1, 4, 0, 176, 762, 0, 4, 19, 3, 3, 0, 51)
15 (1, 4, 0, 200, 873, 0, 0, 14, 2, 3, 0, 218)
16 (1, 4, 0, 240, 801, 0, 0, 0, 1, 3, 0, 13)
17 (1, 4, 192, 164, 707, 0, 0, 6, 1, 2, 0, 136)
18 (1, 4, 0, 84, 512, 0, 0, 0, 1, 2, 0, 72)
19 (1, 4, 0, 106, 340, 0, 0, 0, 1, 2, 0, 210)
20 (1, 4, 0, 225, 229, 0, 0, 14, 1, 2, 0, 39)
21 (1, 4, 68, 270, 210, 0, 0, 22, 1, 1, 0, 98)
22 (1, 4, 51, 191, 183, 0, 0, 28, 1, 1, 0, 136)
23 (1, 4, 0, 143, 59, 0, 0, 25, 1, 1, 0, 167)
24 (1, 4, 0, 2, 0, 0, 0, 43, 1, 1, 0, 55)
25 (1, 4, 321, 87, 153, 0, 0, 15, 1, 1, 0, 77)
26 (1, 4, 63, 0, 84, 0, 0, 17, 1, 1, 0, 220)
27 (1, 4, 37, 0, 0, 0, 0, 15, 1, 1, 0, 127)
28 (1, 4, 177, 0, 0, 0, 0, 0, 1, 1, 0, 75)
29 (1, 4, 92, 0, 0, 0, 0, 0, 1, 1, 0, 86)
30 (1, 4, 14, 0, 0, 0, 0, 0, 1, 1, 0, 35)
31 (1, 4, 32, 0, 0, 0, 0, 3, 1, 1, 0, 214)
32 (1, 4, 34, 0, 0, 0, 0, 5, 1, 1, 0, 6)
1 (1, 4, 644, 0, 0, 0, 0, 5, 1, 1, 0, 244)
2 (1, 4, 554, 0, 17, 0, 13, 4, 1, 1, 0, 29)
3 (1, 4, 124, 0, 0, 0, 55, 0, 1, 1, 0, 113)
4 (1, 4, 158, 0, 0, 15, 36, 12, 2, 2, 0, 25)
5 (1, 4, 398, 0, 0, 24, 46, 0, 2, 2, 0, 253)
6 (1, 4, 195, 0, 0, 38, 48, 0, 2, 2, 0, 193)
7 (1, 4, 0, 0, 21, 49, 43, 0, 2, 2, 0, 159)
8 (1, 4, 0, 0, 0, 38, 35, 0, 2, 2, 0, 65)
9 (1, 4, 0, 0, 0, 27, 60, 0, 2, 2, 0, 232)
10 (1, 4, 0, 0, 0, 12, 90, 0, 2, 2, 0, 68)
11 (1, 4, 0, 0, 215, 25, 47, 0, 2, 2, 0, 72)
12 (1, 4, 0, 267, 312, 0, 17, 0, 1, 1, 0, 101)
13 (1, 4, 0, 567, 514, 0, 0, 0, 1, 1, 0, 142)
14 (1, 4, 0, 644, 544, 0, 0, 0, 1, 1, 0, 37)
15 (1, 4, 0, 862, 811, 0, 0, 39, 1, 1, 0, 21)
16 (1, 4, 0, 797, 507, 0, 0, 42, 1, 1, 0, 193)
17 (1, 4, 0, 636, 395, 0, 0, 66, 1, 1, 0, 164)
18 (1, 4, 0, 351, 223, 0, 0, 15, 1, 1, 0, 20)
19 (1, 4, 0, 338, 329, 0, 0, 25, 1, 1, 0, 117)
20 (1, 4, 0, 305, 223, 0, 0, 31, 1, 1, 0, 130)
21 (1, 4, 0, 185, 196, 0, 0, 69, 1, 1, 0, 104)
22 (1, 4, 0, 225, 135, 0, 0, 87, 1, 1, 0, 19)
23 (1, 4, 0, 388, 37, 0, 0, 88, 1, 1, 0, 1)
24 (1, 4, 3, 133, 35, 0, 0, 86, 1, 2, 0, 169)
25 (1, 4, 340, 0, 0, 0, 0, 21, 1, 1, 0, 93)
26 (1, 4, 407, 0, 0, 0, 0, 0, 1, 1, 0, 170)
27 (1, 4, 155, 0, 0, 0, 0, 0, 1, 1, 0, 224)
28 (1, 4, 199, 0, 0, 0, 0, 0, 1, 1, 0, 193)
29 (1, 4, 432, 0, 0, 0, 0, 0, 1, 1, 0, 71)
30 (1, 4, 475, 0, 0, 0, 0, 0, 1, 1, 0, 107)
31 (1, 4, 406, 0, 0, 0, 0, 0, 1, 1, 0, 164)
32 (1, 4, 275, 0, 0, 0, 0, 0, 1, 1, 0, 135)
1 (1, 4, 0, 873, 694, 0, 0, 15, 1, 1, 0, 90)
2 (1, 4, 0, 873, 722, 0, 0, 1, 1, 1, 0, 39)
3 (1, 4, 0, 873, 772, 0, 0, 0, 1, 1, 0, 161)
4 (1, 4, 153, 873, 246, 0, 0, 0, 1, 1, 0, 105)
5 (1, 4, 321, 873, 322, 0, 0, 21, 2, 2, 0, 118)
6 (1, 4, 0, 395, 209, 0, 29, 6, 2, 2, 0, 16)
7 (1, 4, 5, 0, 0, 0, 0, 72, 1, 2, 0, 83)
8 (1, 4, 356, 0, 0, 0, 0, 1, 1, 1, 0, 220)
9 (1, 4, 368, 0, 185, 0, 0, 0, 1, 1, 0, 131)
10 (1, 4, 177, 0, 177, 0, 0, 0, 1, 1, 0, 175)
11 (1, 4, 35, 0, 143, 0, 0, 1, 1, 1, 0, 213)
12 (1, 4, 150, 0, 249, 0, 0, 0, 1, 1, 0, 5)
13 (1, 4, 87, 0, 85, 0, 0, 0, 1, 1, 0, 122)
14 (1, 4, 0, 0, 0, 0, 0, 0, 1, 1, 0, 119)
15 (1, 4, 0, 0, 0, 0, 0, 21, 0, 1, 0, 108)
16 (1, 4, 0, 0, 0, 0, 0, 0, 0, 1, 0, 21)
17 (1, 4, 565, 0, 0, 0, 0, 0, 0, 1, 0, 0)
18 (1, 4, 313, 281, 0, 0, 0, 0, 0, 1, 0, 204)
19 (1, 4, 873, 423, 0, 0, 0, 184, 0, 0, 0, 126)
20 (1, 4, 337, 0, 0, 0, 427, 0, 1, 1, 0, 114)
21 (1, 4, 0, 0, 766, 0, 122, 56, 1, 1, 0, 178)
22 (1, 4, 0, 0, 689, 0, 0, 0, 1, 1, 0, 41)
23 (1, 4, 0, 0, 0, 169, 0, 0, 1, 1, 0, 212)
24 (1, 4, 435, 552, 0, 109, 0, 0, 1, 1, 0, 78)
25 (1, 4, 0, 873, 0, 38, 0, 0, 1, 1, 0, 179)
26 (1, 4, 873, 757, 0, 0, 19, 172, 1, 1, 0, 120)
27 (1, 4, 218, 0, 0, 0, 370, 14, 1, 1, 0, 50)
28 (1, 4, 0, 0, 562, 0, 145, 63, 1, 1, 0, 32)
29 (1, 4, 0, 0, 658, 0, 37, 15, 1, 1, 0, 2)
30 (1, 4, 0, 0, 352, 9, 0, 0, 1, 1, 0, 200)
31 (1, 4, 180, 0, 222, 115, 0, 0, 1, 1, 0, 47)
32 (1, 4, 203, 627, 0, 120, 0, 0, 1, 1, 0, 143)
1 (1, 4, 0, 618, 650, 0, 0, 20, 1, 1, 0, 91)
2 (1, 4, 191, 690, 545, 0, 0, 0, 1, 1, 0, 205)
3 (1, 4, 171, 782, 431, 0, 0, 4, 1, 1, 0, 149)
4 (1, 4, 0, 417, 275, 0, 0, 6, 1, 1, 0, 177)
5 (1, 4, 272, 324, 87, 0, 0, 43, 1, 1, 0, 101)
6 (1, 4, 23, 65, 0, 0, 0, 39, 1, 1, 0, 57)
7 (1, 4, 33, 0, 0, 0, 0, 39, 1, 1, 0, 12)
8 (1, 4, 291, 0, 13, 0, 0, 10, 1, 1, 0, 133)
9 (1, 4, 189, 0, 0, 0, 0, 0, 1, 1, 0, 3)
10 (1, 4, 0, 0, 0, 0, 0, 0, 1, 1, 0, 119)
11 (1, 4, 0, 0, 0, 0, 0, 0, 1, 1, 0, 119)
12 (1, 4, 0, 0, 0, 0, 0, 0, 1, 1, 0, 119)
13 (1, 4, 0, 0, 0, 0, 0, 0, 1, 1, 0, 119)
14 (1, 4, 105, 20, 3, 0, 0, 0, 1, 1, 0, 71)
15 (1, 4, 117, 65, 41, 0, 0, 0, 1, 1, 0, 15)
16 (1, 4, 118, 116, 70, 0, 0, 0, 1, 1, 0, 141)
17 (1, 4, 125, 162, 105, 0, 0, 8, 1, 1, 0, 246)
18 (1, 4, 127, 168, 115, 0, 0, 12, 1, 1, 0, 173)
19 (1, 4, 109, 125, 108, 0, 0, 17, 1, 1, 0, 104)
20 (1, 4, 49, 17, 55, 0, 0, 12, 1, 1, 0, 113)
21 (1, 4, 7, 0, 0, 0, 0, 20, 1, 1, 0, 251)
22 (1, 4, 98, 0, 0, 0, 0, 35, 1, 1, 0, 226)
23 (1, 4, 208, 0, 0, 0, 0, 33, 1, 1, 0, 117)
24 (1, 4, 145, 0, 0, 0, 0, 23, 1, 1, 0, 76)
25 (1, 4, 45, 0, 0, 0, 0, 21, 1, 1, 0, 143)
26 (1, 4, 63, 0, 0, 0, 0, 25, 1, 1, 0, 236)
27 (1, 4, 99, 0, 0, 0, 0, 32, 1, 1, 0, 138)
28 (1, 4, 80, 0, 0, 0, 0, 38, 1, 1, 0, 115)
29 (1, 4, 63, 10, 0, 0, 0, 41, 1, 1, 0, 64)
30 (1, 4, 4, 16, 0, 0, 0, 40, 1, 1, 0, 101)
31 (1, 4, 0, 23, 28, 0, 0, 44, 1, 1, 0, 183)
32 (1, 4, 0, 23, 24, 0, 0, 47, 1, 1, 0, 143)
1 (1, 4, 19, 7, 0, 37, 0, 54, 1, 1, 0, 179)
2 (1, 4, 27, 11, 0, 39, 0, 53, 1, 1, 0, 242)
3 (1, 4, 34, 23, 0, 40, 0, 56, 1, 1, 0, 70)
4 (1, 4, 44, 38, 3, 41, 0, 58, 1, 1, 0, 25)
5 (1, 4, 41, 39, 8, 39, 0, 65, 1, 1, 0, 156)
6 (1, 4, 81, 37, 24, 40, 0, 77, 1, 1, 0, 106)
7 (1, 4, 182, 60, 69, 43, 0, 88, 1, 2, 0, 107)
8 (1, 4, 150, 66, 59, 46, 0, 94, 1, 1, 0, 45)
9 (1, 4, 222, 162, 107, 44, 0, 107, 1, 1, 0, 246)
10 (1, 4, 329, 218, 166, 31, 0, 115, 1, 1, 0, 194)
11 (1, 4, 148, 122, 116, 30, 0, 114, 1, 1, 0, 163)
12 (1, 4, 241, 199, 178, 23, 0, 127, 1, 1, 0, 121)
13 (1, 4, 150, 165, 182, 6, 0, 117, 0, 1, 0, 182)
14 (1, 4, 123, 210, 235, 0, 0, 91, 0, 1, 0, 190)
15 (1, 4, 15, 189, 271, 0, 0, 57, 0, 1, 0, 114)
16 (1, 4, 0, 106, 274, 0, 0, 49, 0, 1, 0, 42)
17 (1, 4, 0, 175, 0, 0, 0, 101, 0, 0, 0, 66)
18 (1, 4, 8, 0, 0, 0, 11, 71, 0, 1, 0, 121)
19 (1, 4, 0, 0, 0, 0, 0, 63, 1, 1, 0, 252)
20 (1, 4, 0, 0, 0, 0, 0, 28, 3, 2, 0, 66)
21 (1, 4, 0, 66, 0, 0, 0, 58, 5, 4, 0, 247)
22 (1, 4, 0, 28, 0, 0, 0, 59, 6, 5, 0, 3)
23 (1, 4, 0, 50, 0, 0, 0, 72, 6, 6, 0, 41)
24 (1, 4, 0, 58, 0, 0, 0, 114, 5, 6, 0, 29)
25 (1, 4, 0, 144, 0, 0, 0, 121, 5, 6, 0, 140)
26 (1, 4, 0, 135, 0, 0, 0, 111, 5, 6, 0, 240)
27 (1, 4, 0, 19, 0, 0, 0, 109, 5, 5, 0, 78)
28 (1, 4, 17, 85, 33, 0, 0, 101, 4, 4, 0, 29)
29 (1, 4, 0, 0, 94, 0, 0, 82, 3, 3, 0, 3)
30 (1, 4, 0, 0, 98, 0, 0, 77, 2, 3, 0, 40)
31 (1, 4, 0, 0, 120, 0, 0, 77, 1, 2, 0, 9)
32 (1, 4, 0, 0, 101, 0, 0, 64, 1, 2, 0, 64)
1 (1, 4, 0, 0, 0, 0, 0, 77, 1, 1, 0, 114)
2 (1, 4, 0, 0, 0, 0, 0, 80, 1, 1, 0, 225)
3 (1, 4, 114, 0, 0, 8, 0, 93, 1, 1, 0, 235)
4 (1, 4, 245, 0, 0, 34, 0, 103, 2, 2, 0, 193)
5 (1, 4, 375, 0, 0, 57, 0, 94, 4, 3, 0, 131)
6 (1, 4, 475, 0, 0, 65, 0, 92, 6, 5, 0, 42)
7 (1, 4, 483, 0, 0, 71, 0, 80, 6, 6, 0, 29)
8 (1, 4, 545, 0, 0, 88, 0, 71, 6, 6, 0, 9)
9 (1, 4, 585, 54, 0, 87, 35, 79, 5, 6, 0, 76)
10 (1, 4, 292, 10, 81, 98, 61, 54, 4, 5, 0, 109)
11 (1, 4, 103, 0, 51, 69, 31, 61, 4, 4, 0, 172)
12 (1, 4, 322, 60, 168, 34, 34, 46, 3, 4, 0, 50)
13 (1, 4, 255, 205, 286, 0, 28, 43, 3, 4, 0, 169)
14 (1, 4, 215, 175, 350, 0, 0, 67, 3, 3, 0, 118)
15 (1, 4, 37, 0, 148, 52, 0, 43, 3, 3, 0, 11)
16 (1, 4, 0, 0, 0, 95, 14, 0, 3, 3, 0, 50)
17 (1, 4, 0, 0, 0, 92, 27, 37, 3, 3, 0, 7)
18 (1, 4, 0, 252, 0, 75, 73, 50, 4, 4, 0, 119)
19 (1, 4, 0, 139, 0, 35, 12, 86, 2, 3, 0, 221)
20 (1, 4, 0, 0, 0, 65, 0, 88, 1, 1, 0, 193)
21 (1, 4, 0, 0, 0, 82, 0, 57, 0, 1, 0, 78)
22 (1, 4, 0, 0, 0, 71, 0, 49, 1, 1, 0, 82)
23 (1, 4, 30, 106, 0, 70, 61, 93, 1, 1, 0, 206)
24 (1, 4, 77, 50, 0, 92, 91, 123, 1, 1, 0, 190)
25 (1, 4, 7, 0, 0, 76, 105, 80, 1, 1, 0, 53)
26 (1, 4, 61, 0, 44, 96, 93, 52, 1, 1, 0, 245)
27 (1, 4, 59, 19, 111, 81, 70, 53, 1, 1, 0, 57)
28 (1, 4, 12, 44, 133, 84, 46, 50, 1, 1, 0, 231)
29 (1, 4, 13, 43, 65, 86, 26, 74, 1, 1, 0, 55)
30 (1, 4, 0, 2, 18, 84, 31, 70, 1, 1, 0, 177)
31 (1, 4, 0, 0, 0, 85, 27, 74, 1, 1, 0, 239)
32 (1, 4, 0, 0, 0, 81, 29, 62, 1, 1, 0, 192)
1 (1, 4, 0, 0, 0, 93, 6, 68, 3, 3, 0, 253)
2 (1, 4, 0, 0, 0, 93, 7, 67, 3, 3, 0, 151)
3 (1, 4, 0, 14, 0, 93, 9, 70, 3, 3, 0, 233)
4 (1, 4, 0, 7, 0, 91, 13, 74, 2, 3, 0, 179)
5 (1, 4, 0, 0, 0, 90, 12, 72, 2, 2, 0, 5)
6 (1, 4, 0, 0, 0, 95, 7, 71, 2, 2, 0, 213)
7 (1, 4, 2, 0, 0, 99, 0, 71, 2, 2, 0, 59)
8 (1, 4, 43, 16, 0, 100, 0, 71, 1, 2, 0, 24)
9 (1, 4, 0, 0, 0, 86, 5, 74, 1, 2, 0, 38)
10 (1, 4, 0, 0, 0, 78, 38, 71, 1, 2, 0, 239)
11 (1, 4, 0, 0, 0, 75, 65, 63, 1, 2, 0, 46)
12 (1, 4, 27, 0, 0, 80, 63, 54, 2, 2, 0, 83)
13 (1, 4, 29, 0, 46, 83, 60, 44, 2, 2, 0, 110)
14 (1, 4, 0, 0, 23, 86, 44, 43, 2, 2, 0, 148)
15 (1, 4, 0, 0, 0, 86, 40, 39, 1, 2, 0, 212)
16 (1, 4, 0, 8, 0, 78, 40, 33, 1, 2, 0, 164)
17 (1, 4, 0, 78, 0, 79, 51, 49, 1, 2, 0, 147)
18 (1, 4, 0, 148, 42, 57, 74, 67, 1, 1, 0, 83)
19 (1, 4, 0, 0, 124, 36, 83, 50, 1, 1, 0, 165)
20 (1, 4, 0, 0, 337, 53, 35, 28, 1, 1, 0, 141)
21 (1, 4, 0, 0, 435, 58, 2, 4, 1, 1, 0, 190)
22 (1, 4, 0, 80, 534, 66, 0, 8, 1, 1, 0, 32)
23 (1, 4, 0, 109, 260, 79, 0, 0, 1, 1, 0, 153)
24 (1, 4, 0, 0, 0, 118, 0, 0, 1, 1, 0, 254)
25 (1, 4, 0, 116, 0, 131, 0, 0, 1, 1, 0, 1)
26 (1, 4, 0, 243, 0, 90, 0, 8, 1, 1, 0, 128)
27 (1, 4, 0, 178, 0, 86, 0, 24, 1, 1, 0, 225)
28 (1, 4, 0, 13, 0, 77, 0, 41, 1, 1, 0, 113)
29 (1, 4, 10, 40, 0, 70, 0, 34, 1, 1, 0, 229)
30 (1, 4, 16, 0, 91, 67, 0, 62, 8, 5, 0, 100)
31 (1, 4, 0, 0, 0, 97, 0, 0, 8, 7, 0, 82)
32 (1, 4, 4, 78, 0, 105, 0, 0, 6, 7, 0, 71)
1 (1, 4, 0, 0, 0, 0, 0, 27, 1, 1, 0, 40)
2 (1, 4, 0, 0, 0, 0, 0, 34, 1, 1, 0, 111)
3 (1, 4, 23, 0, 0, 0, 0, 39, 1, 1, 0, 15)
4 (1, 4, 13, 0, 0, 0, 0, 40, 2, 2, 0, 97)
5 (1, 4, 73, 0, 0, 0, 0, 55, 2, 2, 0, 250)
6 (1, 4, 87, 0, 0, 0, 0, 74, 4, 3, 0, 25)
7 (1, 4, 221, 0, 0, 0, 0, 97, 4, 4, 0, 91)
8 (1, 4, 371, 0, 0, 1, 0, 62, 5, 4, 0, 205)
9 (1, 4, 568, 0, 0, 0, 0, 23, 4, 4, 0, 201)
10 (1, 4, 522, 0, 0, 37, 34, 13, 5, 4, 0, 101)
11 (1, 4, 402, 108, 0, 21, 105, 7, 5, 5, 0, 184)
12 (1, 4, 0, 112, 150, 14, 100, 14, 5, 5, 0, 228)
13 (1, 4, 0, 0, 195, 50, 0, 85, 4, 4, 0, 247)
14 (1, 4, 0, 0, 0, 99, 0, 83, 4, 4, 0, 183)
15 (1, 4, 12, 0, 0, 87, 0, 80, 4, 4, 0, 251)
16 (1, 4, 0, 0, 0, 70, 0, 88, 4, 4, 0, 177)
17 (1, 4, 123, 41, 0, 44, 85, 98, 4, 4, 0, 103)
18 (1, 4, 221, 8, 0, 0, 194, 111, 4, 5, 0, 121)
19 (1, 4, 39, 0, 115, 19, 205, 65, 4, 5, 0, 36)
20 (1, 4, 0, 40, 390, 27, 89, 73, 4, 4, 0, 143)
21 (1, 4, 0, 0, 371, 45, 0, 73, 4, 4, 0, 196)
22 (1, 4, 28, 0, 0, 170, 0, 0, 5, 4, 0, 18)
23 (1, 4, 26, 197, 0, 101, 0, 28, 4, 4, 0, 40)
24 (1, 4, 173, 145, 0, 14, 21, 70, 4, 4, 0, 55)
25 (1, 4, 293, 57, 0, 0, 209, 86, 4, 5, 0, 239)
26 (1, 4, 115, 0, 43, 0, 307, 41, 4, 5, 0, 240)
27 (1, 4, 0, 43, 438, 9, 123, 39, 4, 4, 0, 34)
28 (1, 4, 0, 0, 424, 38, 0, 55, 4, 4, 0, 126)
29 (1, 4, 0, 0, 93, 99, 0, 25, 4, 4, 0, 83)
30 (1, 4, 0, 81, 0, 153, 0, 37, 4, 4, 0, 187)
31 (1, 4, 128, 174, 0, 58, 0, 77, 4, 4, 0, 85)
32 (1, 4, 349, 171, 0, 0, 153, 92, 4, 4, 0, 223)
1 (1, 4, 346, 158, 0, 9, 58, 86, 4, 4, 0, 63)
2 (1, 4, 342, 0, 0, 0, 298, 38, 5, 5, 0, 92)
3 (1, 4, 0, 14, 381, 0, 230, 0, 5, 5, 0, 52)
4 (1, 4, 0, 134, 592, 0, 31, 18, 4, 4, 0, 148)
5 (1, 4, 0, 246, 553, 16, 0, 46, 4, 4, 0, 208)
6 (1, 4, 11, 375, 349, 22, 0, 69, 3, 3, 0, 53)
7 (1, 4, 0, 297, 281, 20, 0, 57, 2, 2, 0, 139)
8 (1, 4, 0, 331, 251, 17, 0, 78, 1, 1, 0, 125)
9 (1, 4, 0, 346, 215, 3, 0, 77, 1, 1, 0, 26)
10 (1, 4, 0, 339, 159, 0, 0, 80, 0, 1, 0, 139)
11 (1, 4, 0, 339, 97, 0, 0, 84, 0, 1, 0, 184)
12 (1, 4, 0, 244, 0, 0, 0, 84, 0, 1, 0, 13)
13 (1, 4, 0, 121, 0, 0, 0, 81, 0, 1, 0, 122)
14 (1, 4, 0, 19, 0, 0, 0, 64, 0, 1, 0, 233)
15 (1, 4, 0, 22, 0, 0, 0, 61, 0, 1, 0, 241)
16 (1, 4, 0, 32, 0, 0, 0, 51, 0, 1, 0, 195)
17 (1, 4, 0, 58, 24, 0, 0, 54, 0, 1, 0, 21)
18 (1, 4, 0, 0, 13, 0, 0, 45, 0, 1, 0, 130)
19 (1, 4, 0, 0, 10, 0, 0, 36, 1, 1, 0, 48)
20 (1, 4, 10, 0, 10, 0, 0, 36, 1, 1, 0, 92)
21 (1, 4, 0, 0, 0, 0, 0, 41, 1, 1, 0, 227)
22 (1, 4, 64, 0, 0, 0, 0, 43, 2, 1, 0, 117)
23 (1, 4, 195, 0, 0, 0, 0, 73, 3, 2, 0, 240)
24 (1, 4, 387, 0, 0, 0, 0, 94, 5, 3, 0, 155)
25 (1, 4, 413, 0, 0, 42, 0, 100, 5, 4, 0, 55)
26 (1, 4, 394, 0, 0, 55, 0, 106, 5, 4, 0, 183)
27 (1, 4, 507, 0, 0, 83, 0, 82, 5, 4, 0, 207)
28 (1, 4, 593, 0, 0, 60, 0, 58, 5, 5, 0, 139)
29 (1, 4, 641, 0, 0, 63, 26, 10, 10, 9, 0, 216)
30 (1, 4, 674, 0, 0, 45, 133, 0, 14, 14, 0, 22)
31 (1, 4, 358, 192, 69, 62, 191, 0, 13, 14, 0, 204)
32 (1, 4, 0, 340, 319, 0, 52, 20, 8, 10, 0, 117)
1 (1, 4, 127, 7, 0, 137, 299, 0, 9, 10, 0, 106)
2 (1, 4, 0, 201, 238, 79, 168, 0, 11, 12, 0, 14)
3 (1, 4, 0, 378, 324, 0, 42, 2, 7, 8, 0, 98)
4 (1, 4, 42, 114, 143, 0, 0, 108, 5, 6, 0, 219)
5 (1, 4, 29, 34, 0, 0, 0, 104, 6, 6, 0, 79)
6 (1, 4, 0, 0, 0, 30, 0, 66, 5, 6, 0, 95)
7 (1, 4, 76, 0, 0, 70, 29, 65, 6, 6, 0, 90)
8 (1, 4, 330, 0, 0, 115, 177, 0, 7, 8, 0, 206)
9 (1, 4, 80, 0, 0, 153, 279, 0, 7, 8, 0, 44)
10 (1, 4, 0, 166, 228, 104, 161, 0, 8, 11, 0, 209)
11 (1, 4, 0, 284, 261, 55, 67, 0, 6, 7, 0, 139)
12 (1, 4, 0, 317, 201, 0, 0, 61, 5, 6, 0, 100)
13 (1, 4, 65, 265, 146, 7, 0, 54, 5, 5, 0, 117)
14 (1, 4, 0, 153, 41, 31, 0, 59, 5, 5, 0, 79)
15 (1, 4, 0, 105, 0, 49, 0, 66, 1, 2, 0, 112)
16 (1, 4, 143, 139, 0, 55, 1, 153, 0, 1, 0, 102)
17 (1, 4, 123, 0, 0, 64, 51, 93, 0, 0, 0, 178)
18 (1, 4, 0, 0, 0, 84, 59, 73, 0, 0, 0, 146)
19 (1, 4, 0, 0, 0, 78, 50, 59, 0, 0, 0, 149)
20 (1, 4, 0, 0, 0, 63, 45, 57, 1, 1, 0, 221)
21 (1, 4, 0, 0, 0, 77, 41, 64, 2, 2, 0, 210)
22 (1, 4, 0, 0, 0, 76, 23, 103, 4, 4, 0, 17)
23 (1, 4, 0, 0, 0, 73, 54, 78, 4, 4, 0, 146)
24 (1, 4, 0, 0, 0, 72, 75, 59, 15, 12, 0, 55)
25 (1, 4, 0, 0, 64, 79, 73, 36, 5, 5, 0, 174)
26 (1, 4, 0, 0, 413, 20, 1, 0, 3, 4, 0, 36)
27 (1, 4, 0, 0, 546, 22, 0, 0, 2, 2, 0, 178)
28 (1, 4, 200, 0, 508, 25, 0, 0, 1, 2, 0, 2)
29 (1, 4, 346, 0, 465, 48, 0, 0, 1, 2, 0, 111)
30 (1, 4, 371, 40, 494, 44, 0, 0, 1, 1, 0, 177)
31 (1, 4, 437, 89, 443, 14, 0, 0, 1, 1, 0, 5)
32 (1, 4, 342, 193, 430, 0, 0, 4, 1, 1, 0, 229)
1 (1, 4, 0, 0, 0, 0, 0, 0, 1, 1, 0, 119)
2 (1, 4, 0, 114, 0, 20, 0, 0, 1, 1, 0, 177)
3 (1, 4, 62, 470, 0, 0, 0, 0, 1, 1, 0, 181)
4 (1, 4, 226, 667, 0, 0, 0, 0, 1, 1, 0, 246)
5 (1, 4, 0, 631, 0, 0, 0, 0, 1, 1, 0, 152)
6 (1, 4, 139, 629, 0, 0, 3, 0, 0, 1, 0, 107)
7 (1, 4, 123, 490, 128, 0, 0, 32, 0, 0, 0, 153)
8 (1, 4, 0, 0, 0, 0, 0, 166, 2, 2, 0, 139)
9 (1, 4, 8, 0, 37, 83, 0, 90, 10, 7, 0, 55)
10 (1, 4, 138, 27, 0, 72, 0, 111, 9, 9, 0, 124)
11 (1, 4, 180, 94, 0, 53, 0, 73, 7, 8, 0, 231)
12 (1, 4, 0, 159, 4, 57, 0, 69, 1, 2, 0, 83)
13 (1, 4, 43, 0, 0, 0, 0, 181, 2, 3, 0, 240)
14 (1, 4, 31, 0, 0, 87, 0, 12, 9, 7, 0, 73)
15 (1, 4, 60, 22, 0, 58, 0, 91, 9, 9, 0, 68)
16 (1, 4, 0, 71, 0, 61, 0, 102, 7, 8, 0, 42)
17 (1, 4, 0, 8, 24, 40, 0, 101, 3, 4, 0, 92)
18 (1, 4, 0, 18, 2, 62, 0, 75, 2, 2, 0, 34)
19 (1, 4, 0, 0, 0, 43, 0, 137, 1, 2, 0, 69)
20 (1, 4, 121, 0, 49, 71, 0, 89, 8, 5, 0, 73)
21 (1, 4, 161, 19, 0, 73, 0, 66, 6, 6, 0, 227)
22 (1, 4, 58, 0, 0, 55, 0, 93, 4, 5, 0, 239)
23 (1, 4, 86, 48, 5, 68, 0, 70, 7, 6, 0, 46)
24 (1, 4, 0, 171, 71, 68, 0, 80, 1, 2, 0, 67)
25 (1, 4, 0, 0, 0, 0, 0, 183, 2, 2, 0, 135)
26 (1, 4, 0, 0, 0, 46, 0, 50, 9, 6, 0, 224)
27 (1, 4, 0, 34, 26, 37, 0, 83, 6, 6, 0, 113)
28 (1, 4, 9, 0, 0, 0, 0, 116, 2, 3, 0, 59)
29 (1, 4, 0, 0, 0, 27, 0, 78, 1, 2, 0, 135)
30 (1, 4, 0, 0, 0, 72, 0, 3, 1, 1, 0, 60)
31 (1, 4, 0, 0, 0, 103, 0, 0, 1, 2, 0, 171)
32 (1, 4, 0, 0, 0, 105, 0, 0, 1, 2, 0, 17)
1 (1, 4, 242, 0, 0, 23, 52, 0, 0, 0, 0, 24)
2 (1, 4, 120, 6, 0, 41, 88, 0, 0, 0, 0, 71)
3 (1, 4, 0, 67, 35, 47, 64, 0, 0, 0, 0, 54)
4 (1, 4, 0, 186, 201, 55, 49, 0, 0, 0, 0, 146)
5 (1, 4, 0, 258, 286, 35, 26, 0, 0, 0, 0, 103)
6 (1, 4, 0, 197, 400, 54, 0, 0, 1, 1, 0, 21)
7 (1, 4, 0, 238, 493, 42, 0, 0, 1, 1, 0, 195)
8 (1, 4, 393, 576, 723, 27, 0, 0, 1, 1, 0, 10)
9 (1, 4, 327, 808, 873, 0, 0, 4, 1, 1, 0, 48)
10 (1, 4, 357, 873, 873, 0, 0, 19, 0, 1, 0, 127)
11 (1, 4, 0, 556, 553, 0, 0, 39, 0, 1, 0, 173)
12 (1, 4, 0, 120, 187, 0, 0, 44, 0, 1, 0, 207)
13 (1, 4, 0, 0, 0, 0, 0, 4, 1, 1, 0, 2)
14 (1, 4, 0, 0, 0, 0, 0, 0, 1, 1, 0, 119)
15 (1, 4, 0, 0, 421, 0, 0, 7, 1, 1, 0, 252)
16 (1, 4, 344, 428, 504, 0, 0, 24, 0, 1, 0, 18)
17 (1, 4, 418, 226, 19, 0, 0, 11, 0, 1, 0, 188)
18 (1, 4, 0, 0, 0, 0, 0, 19, 0, 0, 0, 203)
19 (1, 4, 0, 0, 0, 0, 0, 13, 0, 1, 0, 85)
20 (1, 4, 0, 0, 0, 0, 0, 9, 0, 1, 0, 32)
21 (1, 4, 69, 0, 0, 0, 0, 4, 0, 1, 0, 223)
22 (1, 4, 94, 0, 0, 0, 0, 0, 0, 1, 0, 40)
23 (1, 4, 97, 0, 0, 0, 0, 4, 0, 1, 0, 32)
24 (1, 4, 84, 8, 0, 0, 0, 8, 0, 1, 0, 29)
25 (1, 4, 29, 12, 0, 0, 0, 13, 0, 0, 0, 241)
26 (1, 4, 8, 9, 0, 0, 0, 18, 0, 0, 0, 98)
27 (1, 4, 0, 4, 0, 0, 0, 21, 0, 0, 0, 221)
28 (1, 4, 0, 8, 0, 0, 0, 23, 0, 0, 0, 13)
29 (1, 4, 0, 0, 0, 0, 0, 23, 0, 0, 0, 190)
30 (1, 4, 0, 0, 0, 0, 0, 20, 0, 0, 0, 216)
31 (1, 4, 0, 0, 0, 0, 0, 17, 0, 0, 0, 114)
32 (1, 4, 0, 0, 0, 0, 0, 5, 0, 0, 0, 212)
1 (1, 4, 69, 535, 873, 0, 0, 44, 0, 1, 0, 240)
2 (1, 4, 0, 195, 317, 0, 0, 21, 0, 1, 0, 156)
3 (1, 4, 0, 0, 203, 0, 0, 0, 0, 1, 0, 24)
4 (1, 4, 0, 0, 0, 0, 0, 3, 0, 1, 0, 115)
5 (1, 4, 873, 352, 271, 0, 0, 0, 0, 1, 0, 131)
6 (1, 4, 538, 101, 135, 0, 0, 0, 0, 1, 0, 167)
7 (1, 4, 0, 0, 72, 0, 0, 1, 0, 1, 0, 141)
8 (1, 4, 0, 0, 83, 0, 0, 0, 0, 1, 0, 42)
9 (1, 4, 0, 0, 91, 0, 0, 0, 0, 1, 0, 150)
10 (1, 4, 0, 0, 15, 0, 0, 1, 0, 1, 0, 147)
11 (1, 4, 0, 92, 0, 0, 0, 16, 0, 0, 0, 38)
12 (1, 4, 59, 95, 0, 0, 0, 21, 0, 0, 0, 17)
13 (1, 4, 75, 25, 0, 0, 0, 21, 0, 0, 0, 139)
14 (1, 4, 1, 0, 10, 0, 0, 18, 0, 0, 0, 137)
15 (1, 4, 10, 12, 35, 0, 0, 15, 0, 0, 0, 199)
16 (1, 4, 27, 13, 22, 0, 0, 14, 0, 0, 0, 8)
17 (1, 4, 0, 0, 0, 0, 0, 12, 0, 0, 0, 225)
18 (1, 4, 0, 0, 0, 0, 0, 12, 0, 0, 0, 225)
19 (1, 4, 0, 0, 15, 0, 0, 11, 0, 0, 0, 171)
20 (1, 4, 0, 3, 3, 0, 0, 11, 0, 0, 0, 145)
21 (1, 4, 0, 6, 0, 0, 0, 11, 0, 0, 0, 69)
22 (1, 4, 13, 21, 0, 0, 0, 12, 0, 0, 0, 169)
23 (1, 4, 5, 14, 0, 0, 0, 13, 0, 0, 0, 12)
24 (1, 4, 12, 22, 0, 0, 0, 14, 0, 0, 0, 198)
25 (1, 4, 0, 9, 0, 0, 0, 14, 0, 0, 0, 94)
26 (1, 4, 0, 5, 0, 0, 0, 13, 0, 0, 0, 81)
27 (1, 4, 0, 0, 0, 0, 0, 14, 0, 0, 0, 88)
28 (1, 4, 0, 0, 0, 0, 0, 14, 0, 0, 0, 88)
29 (1, 4, 0, 0, 0, 0, 0, 12, 0, 0, 0, 225)
30 (1, 4, 0, 0, 0, 0, 0, 9, 0, 0, 0, 75)
31 (1, 4, 2, 0, 0, 0, 0, 11, 0, 0, 0, 238)
32 (1, 4, 54, 0, 0, 0, 0, 13, 0, 1, 0, 86)
1 (1, 4, 74, 51, 92, 77, 29, 0, 0, 0, 0, 22)
2 (1, 4, 0, 60, 258, 70, 31, 0, 1, 1, 0, 116)
3 (1, 4, 102, 212, 439, 58, 7, 0, 1, 1, 0, 92)
4 (1, 4, 280, 343, 516, 45, 0, 0, 1, 1, 0, 118)
5 (1, 4, 489, 497, 739, 55, 0, 10, 2, 2, 0, 223)
6 (1, 4, 278, 776, 873, 0, 0, 0, 1, 2, 0, 93)
7 (1, 4, 97, 873, 873, 0, 0, 47, 1, 1, 0, 202)
8 (1, 4, 11, 435, 542, 0, 0, 73, 1, 2, 0, 79)
9 (1, 4, 47, 62, 160, 0, 0, 58, 1, 1, 0, 99)
10 (1, 4, 0, 0, 0, 0, 0, 40, 1, 1, 0, 60)
11 (1, 4, 0, 0, 0, 0, 0, 45, 1, 1, 0, 150)
12 (1, 4, 0, 0, 0, 0, 0, 48, 1, 1, 0, 5)
13 (1, 4, 0, 0, 0, 0, 0, 43, 1, 1, 0, 90)
14 (1, 4, 0, 0, 0, 0, 0, 36, 1, 1, 0, 163)
15 (1, 4, 0, 0, 0, 0, 0, 4, 1, 1, 0, 2)
16 (1, 4, 0, 25, 0, 0, 0, 0, 1, 1, 0, 16)
17 (1, 4, 0, 158, 0, 68, 0, 12, 2, 2, 0, 62)
18 (1, 4, 392, 478, 0, 53, 0, 0, 3, 2, 0, 22)
19 (1, 4, 373, 651, 0, 0, 0, 0, 3, 3, 0, 88)
20 (1, 4, 106, 555, 0, 0, 0, 0, 4, 4, 0, 28)
21 (1, 4, 49, 325, 0, 0, 0, 53, 5, 4, 0, 192)
22 (1, 4, 249, 222, 199, 0, 15, 76, 7, 6, 0, 148)
23 (1, 4, 0, 127, 130, 0, 0, 84, 9, 8, 0, 248)
24 (1, 4, 0, 0, 0, 0, 0, 98, 9, 9, 0, 98)
25 (1, 4, 0, 0, 101, 4, 0, 64, 7, 7, 0, 183)
26 (1, 4, 0, 0, 0, 45, 0, 86, 4, 5, 0, 25)
27 (1, 4, 0, 0, 0, 62, 0, 59, 4, 4, 0, 0)
28 (1, 4, 119, 20, 132, 61, 0, 121, 4, 5, 0, 38)
29 (1, 4, 79, 0, 12, 36, 0, 84, 5, 5, 0, 20)
30 (1, 4, 127, 0, 7, 21, 0, 109, 5, 5, 0, 114) [FRAGMENTED]
31 (1, 4, 14, 0, 484, 0, 0, 0, 4, 5, 0, 146)
32 (1, 4, 13, 323, 873, 0, 0, 0, 4, 5, 0, 3)
1 (1, 4, 2, 641, 873, 0, 0, 36, 3, 4, 0, 8)
2 (1, 4, 0, 363, 445, 0, 0, 64, 3, 4, 0, 162)
3 (1, 4, 0, 0, 0, 0, 0, 260, 5, 5, 0, 15)
4 (1, 4, 188, 0, 0, 10, 0, 88, 10, 7, 0, 117)
5 (1, 4, 681, 116, 87, 0, 0, 86, 5, 5, 0, 58)
6 (1, 4, 428, 0, 127, 0, 0, 113, 5, 5, 0, 0)
7 (1, 4, 80, 0, 100, 0, 0, 77, 7, 7, 0, 118)
8 (1, 4, 82, 59, 32, 0, 0, 37, 7, 8, 0, 78)
9 (1, 4, 0, 577, 313, 0, 36, 0, 6, 11, 0, 56)
10 (1, 4, 0, 705, 10, 0, 0, 31, 4, 6, 0, 207)
11 (1, 4, 0, 342, 54, 0, 0, 67, 2, 3, 0, 100)
12 (1, 4, 224, 0, 182, 0, 0, 50, 2, 2, 0, 253)
13 (1, 4, 143, 0, 126, 0, 0, 9, 2, 1, 0, 28)
14 (1, 4, 0, 0, 0, 0, 0, 9, 2, 2, 0, 89)
15 (1, 4, 0, 0, 0, 0, 0, 6, 2, 2, 0, 160)
16 (1, 4, 88, 61, 171, 0, 0, 22, 1, 2, 0, 187)
17 (1, 4, 59, 124, 0, 0, 0, 20, 1, 2, 0, 96)
18 (1, 4, 0, 41, 0, 0, 0, 47, 1, 1, 0, 235)
19 (1, 4, 80, 0, 0, 0, 0, 28, 1, 1, 0, 82)
20 (1, 4, 44, 0, 0, 0, 0, 6, 1, 1, 0, 52)
21 (1, 4, 87, 240, 0, 0, 0, 0, 2, 2, 0, 14)
22 (1, 4, 0, 336, 0, 0, 0, 0, 3, 3, 0, 98)
23 (1, 4, 0, 450, 0, 0, 0, 0, 4, 4, 0, 80)
24 (1, 4, 194, 256, 199, 0, 74, 124, 6, 5, 0, 254)
25 (1, 4, 338, 27, 403, 0, 7, 25, 5, 5, 0, 200)
26 (1, 4, 41, 0, 395, 0, 0, 33, 6, 6, 0, 36)
27 (1, 4, 366, 226, 258, 0, 0, 61, 6, 7, 0, 86)
28 (1, 4, 60, 0, 0, 0, 0, 88, 7, 7, 0, 82)
29 (1, 4, 426, 0, 0, 0, 0, 165, 6, 6, 0, 117)
30 (1, 4, 637, 0, 336, 0, 23, 65, 5, 7, 0, 199)
31 (1, 4, 124, 0, 262, 0, 0, 50, 3, 2, 0, 15)
32 (1, 4, 0, 0, 23, 14, 0, 24, 2, 2, 0, 117)
1 (1, 4, 0, 0, 0, 31, 0, 0, 2, 2, 0, 62)
2 (1, 4, 0, 404, 0, 0, 0, 37, 2, 2, 0, 56)
3 (1, 4, 0, 640, 102, 0, 0, 53, 2, 2, 0, 12)
4 (1, 4, 0, 432, 185, 0, 1, 57, 1, 2, 0, 235)
5 (1, 4, 0, 109, 203, 0, 0, 47, 1, 1, 0, 191)
6 (1, 4, 0, 0, 216, 0, 0, 13, 1, 1, 0, 254)
7 (1, 4, 0, 0, 0, 0, 0, 68, 2, 2, 0, 92)
8 (1, 4, 23, 0, 133, 0, 0, 35, 1, 1, 0, 65)
9 (1, 4, 178, 202, 106, 0, 0, 22, 1, 1, 0, 140)
10 (1, 4, 120, 167, 11, 0, 0, 22, 1, 1, 0, 112)
11 (1, 4, 50, 0, 0, 0, 0, 13, 2, 2, 0, 23)
12 (1, 4, 374, 146, 242, 0, 0, 0, 2, 2, 0, 77)
13 (1, 4, 90, 398, 250, 0, 1, 0, 2, 2, 0, 232)
14 (1, 4, 0, 686, 30, 0, 0, 0, 1, 1, 0, 207)
15 (1, 4, 0, 225, 0, 0, 0, 48, 1, 1, 0, 240)
16 (1, 4, 465, 0, 0, 0, 0, 143, 1, 1, 0, 116)
17 (1, 4, 135, 0, 0, 0, 0, 0, 1, 1, 0, 72)
18 (1, 4, 61, 0, 0, 0, 0, 0, 1, 2, 0, 171)
19 (1, 4, 0, 0, 0, 0, 0, 22, 1, 1, 0, 104)
20 (1, 4, 0, 89, 31, 0, 0, 50, 1, 1, 0, 126)
21 (1, 4, 0, 0, 166, 0, 0, 37, 2, 2, 0, 25)
22 (1, 4, 0, 0, 100, 0, 0, 0, 2, 3, 0, 92)
23 (1, 4, 0, 250, 100, 0, 0, 4, 3, 3, 0, 180)
24 (1, 4, 0, 37, 0, 0, 0, 0, 2, 3, 0, 170)
25 (1, 4, 0, 39, 0, 0, 0, 0, 3, 3, 0, 165)
26 (1, 4, 0, 48, 0, 0, 0, 0, 3, 3, 0, 198)
27 (1, 4, 0, 46, 0, 0, 0, 0, 3, 3, 0, 163)
28 (1, 4, 1, 33, 0, 0, 0, 0, 3, 4, 0, 10)
29 (1, 4, 0, 40, 0, 0, 0, 0, 4, 4, 0, 43)
30 (1, 4, 0, 50, 0, 0, 0, 0, 7, 7, 0, 143)

