0 (1, 4, 41, 11, 0, 0, 0, 34, 0, 0, 0, 180)
1 (1, 4, 54, 41, 0, 0, 0, 36, 0, 0, 0, 109)
2 (1, 4, 25, 62, 19, 0, 0, 40, 0, 0, 0, 200)
3 (1, 4, 0, 67, 104, 0, 0, 43, 0, 0, 0, 177)
4 (1, 4, 0, 54, 161, 0, 0, 40, 0, 0, 0, 186)
5 (1, 4, 0, 59, 217, 0, 0, 56, 0, 0, 0, 115)
6 (1, 4, 405, 0, 423, 0, 0, 65, 0, 0, 0, 146)
7 (1, 4, 0, 0, 82, 0, 0, 0, 0, 0, 0, 213)
8 (1, 4, 0, 0, 0, 0, 0, 7, 20, 0, 0, 208)
9 (1, 4, 873, 0, 152, 0, 0, 0, 0, 0, 0, 122)
10 (1, 4, 507, 96, 115, 0, 84, 0, 0, 0, 0, 89)
11 (1, 4, 0, 7, 0, 0, 0, 22, 20, 0, 0, 222)
12 (1, 4, 64, 0, 0, 0, 0, 45, 20, 0, 0, 171)
13 (1, 4, 396, 23, 75, 0, 7, 1, 0, 0, 0, 9)
14 (1, 4, 0, 75, 0, 0, 0, 46, 20, 0, 0, 172)
15 (1, 4, 873, 78, 20, 0, 0, 42, 20, 0, 0, 161)
16 (1, 4, 0, 88, 0, 0, 119, 27, 20, 0, 0, 55)
17 (1, 4, 0, 0, 0, 0, 0, 72, 20, 0, 0, 108)
18 (1, 4, 516, 9, 0, 0, 0, 50, 0, 0, 0, 143)
19 (1, 4, 350, 124, 0, 0, 11, 31, 0, 0, 0, 104)
20 (1, 4, 0, 129, 0, 0, 0, 49, 0, 0, 0, 103)
21 (1, 4, 37, 98, 11, 0, 0, 60, 0, 0, 0, 73)
22 (1, 4, 146, 54, 28, 0, 0, 45, 0, 0, 0, 255)
23 (1, 4, 0, 41, 0, 0, 0, 45, 0, 0, 0, 91)
24 (1, 4, 0, 35, 0, 0, 0, 51, 0, 0, 0, 112)
25 (1, 4, 10, 31, 0, 0, 0, 51, 0, 0, 0, 214)
26 (1, 4, 30, 35, 2, 0, 0, 48, 0, 0, 0, 141)
27 (1, 4, 30, 29, 4, 0, 0, 49, 0, 0, 0, 132)
28 (1, 4, 25, 19, 3, 0, 0, 46, 0, 0, 0, 101)
29 (1, 4, 25, 25, 1, 0, 0, 44, 0, 0, 0, 45)
30 (1, 4, 33, 16, 0, 0, 0, 45, 0, 0, 0, 55)
31 (1, 4, 29, 2, 0, 0, 0, 43, 0, 0, 0, 152)
0 (1, 4, 232, 0, 0, 0, 0, 25, 20, 0, 0, 14)
1 (1, 4, 334, 0, 32, 0, 0, 17, 0, 0, 0, 83)
2 (1, 4, 160, 0, 34, 0, 0, 18, 0, 0, 0, 23)
3 (1, 4, 0, 0, 0, 0, 27, 0, 0, 0, 0, 177)
4 (1, 4, 0, 0, 0, 0, 0, 24, 0, 0, 0, 71)
5 (1, 4, 367, 0, 191, 0, 0, 33, 0, 0, 0, 63)
6 (1, 4, 749, 40, 341, 0, 0, 0, 0, 0, 0, 5)
7 (1, 4, 249, 296, 232, 0, 0, 23, 0, 0, 0, 167)
8 (1, 4, 0, 199, 51, 0, 0, 23, 0, 0, 0, 4)
9 (1, 4, 0, 9, 0, 0, 0, 32, 20, 0, 0, 100)
10 (1, 4, 32, 0, 0, 0, 0, 34, 0, 0, 0, 161)
11 (1, 4, 791, 0, 0, 0, 0, 7, 0, 0, 0, 161)
12 (1, 4, 616, 76, 0, 0, 20, 0, 0, 0, 0, 200)
13 (1, 4, 0, 100, 0, 0, 0, 0, 0, 0, 0, 229)
14 (1, 4, 0, 51, 0, 0, 0, 33, 20, 0, 0, 198)
15 (1, 4, 387, 0, 0, 0, 0, 29, 20, 0, 0, 85)
16 (1, 4, 873, 31, 99, 0, 0, 0, 0, 0, 0, 38)
17 (1, 4, 17, 245, 0, 0, 101, 0, 0, 0, 0, 83)
18 (1, 4, 0, 208, 0, 0, 0, 0, 20, 0, 0, 32)
19 (1, 4, 0, 0, 0, 0, 0, 64, 0, 0, 0, 59)
20 (1, 4, 873, 0, 388, 0, 0, 0, 20, 0, 0, 7)
21 (1, 4, 669, 184, 324, 0, 71, 0, 0, 0, 0, 82)
22 (1, 4, 0, 286, 0, 0, 0, 0, 0, 0, 0, 254)
23 (1, 4, 0, 0, 73, 0, 0, 56, 0, 0, 0, 53)
24 (1, 4, 873, 0, 266, 0, 0, 0, 20, 0, 0, 59)
25 (1, 4, 577, 41, 34, 0, 60, 0, 0, 0, 0, 66)
26 (1, 4, 0, 128, 0, 0, 0, 0, 0, 0, 0, 127)
27 (1, 4, 0, 48, 0, 0, 0, 44, 20, 0, 0, 94)
28 (1, 4, 873, 0, 83, 0, 0, 0, 20, 0, 0, 202)
29 (1, 4, 456, 41, 0, 0, 69, 0, 0, 0, 0, 212)
30 (1, 4, 0, 101, 0, 0, 0, 0, 0, 0, 0, 80)
31 (1, 4, 0, 59, 0, 0, 0, 42, 20, 0, 0, 249)
0 (1, 4, 0, 0, 0, 0, 84, 45, 0, 0, 0, 227)
1 (1, 4, 0, 0, 0, 0, 0, 33, 0, 0, 0, 0)
2 (1, 4, 0, 106, 0, 0, 0, 52, 20, 0, 0, 91)
3 (1, 4, 320, 199, 0, 0, 0, 38, 20, 0, 0, 165)
4 (1, 4, 126, 85, 10, 0, 0, 35, 20, 0, 0, 224)
5 (1, 4, 873, 0, 181, 0, 0, 14, 20, 0, 0, 105)
6 (1, 4, 873, 2, 7, 0, 31, 0, 0, 0, 0, 236)
7 (1, 4, 0, 38, 0, 0, 62, 0, 0, 0, 0, 83)
8 (1, 4, 0, 144, 0, 0, 0, 28, 20, 0, 0, 239)
9 (1, 4, 150, 11, 13, 0, 0, 57, 0, 0, 0, 245)
10 (1, 4, 241, 0, 25, 0, 36, 0, 0, 0, 0, 114)
11 (1, 4, 0, 58, 0, 0, 13, 0, 0, 0, 0, 88)
12 (1, 4, 0, 105, 0, 0, 0, 29, 20, 0, 0, 23)
13 (1, 4, 207, 0, 76, 0, 0, 25, 0, 0, 0, 71)
14 (1, 4, 392, 0, 208, 0, 23, 0, 0, 0, 0, 129)
15 (1, 4, 0, 204, 307, 0, 0, 0, 0, 0, 0, 242)
16 (1, 4, 0, 290, 207, 0, 0, 15, 20, 0, 0, 35)
17 (1, 4, 0, 126, 63, 0, 0, 31, 20, 0, 0, 21)
18 (1, 4, 10, 20, 60, 0, 0, 32, 20, 0, 0, 214)
19 (1, 4, 0, 13, 0, 0, 0, 35, 0, 0, 0, 101)
20 (1, 4, 0, 0, 0, 0, 0, 28, 0, 0, 0, 50)
21 (1, 4, 63, 0, 0, 0, 0, 20, 0, 0, 0, 165)
22 (1, 4, 52, 0, 0, 0, 0, 27, 0, 0, 0, 62)
23 (1, 4, 0, 0, 0, 0, 0, 32, 0, 0, 0, 223)
24 (1, 4, 37, 115, 0, 0, 0, 32, 0, 0, 0, 214)
25 (1, 4, 133, 160, 0, 0, 0, 31, 0, 0, 0, 180)
26 (1, 4, 229, 108, 0, 0, 0, 23, 0, 0, 0, 251)
27 (1, 4, 102, 36, 0, 0, 0, 21, 0, 0, 0, 117)
28 (1, 4, 0, 14, 0, 0, 0, 22, 0, 0, 0, 101)
29 (1, 4, 0, 35, 41, 0, 0, 26, 20, 0, 0, 143)
30 (1, 4, 0, 14, 136, 0, 0, 22, 20, 0, 0, 149)
31 (1, 4, 0, 0, 253, 0, 0, 2, 20, 0, 0, 135)
0 (1, 4, 421, 0, 64, 0, 0, 31, 0, 0, 0, 73)
1 (1, 4, 417, 0, 0, 0, 0, 17, 0, 0, 0, 172)
2 (1, 4, 136, 0, 0, 0, 0, 14, 20, 0, 0, 128)
3 (1, 4, 153, 0, 0, 0, 0, 9, 20, 0, 0, 125)
4 (1, 4, 28, 0, 0, 0, 0, 0, 0, 0, 0, 214)
5 (1, 4, 0, 0, 0, 0, 0, 0, 0, 0, 0, 126)
6 (1, 4, 0, 0, 0, 0, 0, 0, 0, 0, 0, 126)
7 (1, 4, 77, 87, 0, 0, 0, 9, 0, 0, 0, 100)
8 (1, 4, 256, 185, 0, 0, 0, 16, 0, 0, 0, 11)
9 (1, 4, 2, 210, 0, 0, 4, 17, 0, 0, 0, 3)
10 (1, 4, 0, 125, 0, 0, 0, 24, 0, 0, 0, 187)
11 (1, 4, 0, 45, 58, 0, 0, 35, 0, 0, 0, 181)
12 (1, 4, 0, 138, 183, 0, 0, 55, 0, 0, 0, 85)
13 (1, 4, 132, 96, 190, 0, 0, 63, 20, 0, 0, 153)
14 (1, 4, 20, 0, 162, 0, 0, 46, 20, 0, 0, 188)
15 (1, 4, 0, 0, 189, 0, 0, 13, 20, 0, 0, 133)
16 (1, 4, 0, 4, 158, 0, 0, 21, 0, 0, 0, 158)
17 (1, 4, 95, 166, 144, 0, 0, 22, 0, 0, 0, 168)
18 (1, 4, 155, 168, 88, 0, 0, 22, 0, 0, 0, 190)
19 (1, 4, 0, 88, 11, 0, 0, 24, 0, 0, 0, 17)
20 (1, 4, 0, 39, 0, 0, 0, 27, 0, 0, 0, 225)
21 (1, 4, 58, 43, 0, 0, 0, 28, 0, 0, 0, 208)
22 (1, 4, 161, 34, 0, 0, 0, 20, 0, 0, 0, 171)
23 (1, 4, 146, 0, 0, 0, 0, 15, 0, 0, 0, 110)
24 (1, 4, 213, 0, 0, 0, 0, 13, 20, 0, 0, 201)
25 (1, 4, 156, 0, 0, 0, 0, 9, 20, 0, 0, 75)
26 (1, 4, 257, 0, 0, 0, 0, 8, 20, 0, 0, 37)
27 (1, 4, 319, 0, 0, 0, 0, 0, 20, 0, 0, 188)
28 (1, 4, 83, 0, 0, 0, 0, 0, 20, 0, 0, 184)
0 (1, 4, 160, 0, 0, 0, 0, 10, 12, 0, 0, 105)
1 (1, 4, 14, 0, 0, 0, 0, 4, 20, 0, 0, 226)
2 (1, 4, 0, 0, 0, 0, 0, 9, 0, 0, 0, 75)
3 (1, 4, 15, 14, 0, 0, 0, 12, 0, 0, 0, 191)
4 (1, 4, 25, 49, 0, 0, 0, 16, 0, 0, 0, 37)
5 (1, 4, 56, 79, 13, 0, 0, 23, 0, 0, 0, 173)
6 (1, 4, 14, 58, 110, 0, 0, 19, 0, 0, 0, 42)
7 (1, 4, 0, 0, 156, 0, 0, 17, 0, 0, 0, 30)
8 (1, 4, 0, 69, 307, 0, 0, 34, 0, 0, 0, 237)
9 (1, 4, 195, 209, 246, 0, 0, 47, 20, 0, 0, 185)
10 (1, 4, 0, 38, 89, 0, 0, 37, 20, 0, 0, 17)
11 (1, 4, 0, 0, 103, 0, 0, 24, 0, 0, 0, 167)
12 (1, 4, 0, 0, 129, 0, 0, 27, 0, 0, 0, 68)
13 (1, 4, 0, 89, 144, 0, 0, 37, 0, 0, 0, 31)
14 (1, 4, 24, 112, 56, 0, 0, 49, 0, 0, 0, 94)
15 (1, 4, 0, 33, 0, 0, 0, 52, 0, 0, 0, 14)
16 (1, 4, 122, 51, 0, 0, 0, 52, 0, 0, 0, 192)
17 (1, 4, 161, 2, 0, 0, 0, 45, 0, 0, 0, 46)
18 (1, 4, 89, 0, 0, 0, 0, 33, 0, 0, 0, 23)
19 (1, 4, 106, 0, 0, 0, 0, 20, 0, 0, 0, 250)
20 (1, 4, 34, 0, 0, 0, 0, 9, 20, 0, 0, 45)
21 (1, 4, 54, 0, 0, 0, 0, 11, 20, 0, 0, 76)
22 (1, 4, 158, 0, 0, 0, 0, 6, 20, 0, 0, 174)
23 (1, 4, 49, 0, 0, 0, 0, 3, 20, 0, 0, 140)
24 (1, 4, 0, 0, 0, 0, 0, 8, 20, 0, 0, 41)
25 (1, 4, 0, 21, 0, 0, 0, 14, 0, 0, 0, 86)
26 (1, 4, 0, 57, 0, 0, 0, 20, 0, 0, 0, 125)
27 (1, 4, 36, 90, 0, 0, 0, 28, 0, 0, 0, 241)
28 (1, 4, 14, 84, 75, 0, 0, 36, 0, 0, 0, 58)
29 (1, 4, 0, 4, 155, 0, 0, 26, 0, 0, 0, 173)
0 (1, 4, 54, 212, 716, 0, 0, 27, 20, 0, 0, 244)
1 (1, 4, 16, 240, 657, 0, 0, 7, 20, 0, 0, 177)
2 (1, 4, 0, 140, 502, 0, 0, 0, 0, 0, 0, 177)
3 (1, 4, 0, 197, 465, 0, 0, 0, 0, 0, 0, 47)
4 (1, 4, 74, 302, 334, 0, 0, 0, 0, 0, 0, 211)
5 (1, 4, 0, 385, 193, 0, 0, 30, 0, 0, 0, 68)
6 (1, 4, 0, 369, 130, 0, 0, 103, 0, 0, 0, 39)
7 (1, 4, 77, 165, 19, 0, 0, 116, 0, 0, 0, 155)
8 (1, 4, 71, 0, 0, 0, 0, 88, 0, 0, 0, 161)
9 (1, 4, 59, 0, 0, 0, 0, 25, 0, 0, 0, 221)
10 (1, 4, 66, 0, 0, 0, 0, 0, 0, 0, 0, 235)
11 (1, 4, 237, 0, 0, 0, 0, 0, 20, 0, 0, 222)
12 (1, 4, 457, 0, 0, 0, 0, 0, 20, 0, 0, 35)
13 (1, 4, 55, 0, 0, 0, 0, 0, 15, 0, 0, 67)
14 (1, 4, 35, 0, 0, 0, 0, 0, 20, 0, 0, 22)
15 (1, 4, 3, 0, 0, 0, 0, 0, 0, 0, 0, 108)
16 (1, 4, 0, 57, 0, 0, 0, 6, 0, 0, 0, 23)
17 (1, 4, 101, 164, 0, 0, 0, 33, 0, 0, 0, 97)
18 (1, 4, 60, 5, 0, 0, 0, 42, 0, 0, 0, 140)
19 (1, 4, 143, 25, 0, 2, 6, 43, 0, 0, 0, 84)
20 (1, 4, 57, 64, 0, 10, 32, 42, 0, 0, 0, 157)
21 (1, 4, 0, 52, 126, 0, 25, 48, 0, 0, 0, 255)
22 (1, 4, 0, 35, 290, 0, 20, 29, 0, 0, 0, 29)
23 (1, 4, 0, 29, 417, 0, 11, 9, 0, 0, 0, 122)
24 (1, 4, 0, 23, 624, 0, 0, 1, 20, 0, 0, 191)
25 (1, 4, 0, 136, 873, 0, 0, 13, 20, 0, 0, 251)
26 (1, 4, 89, 200, 777, 0, 0, 0, 20, 0, 0, 42)
27 (1, 4, 0, 73, 566, 0, 0, 0, 20, 0, 0, 12)
0 (1, 4, 0, 177, 93, 0, 0, 97, 0, 0, 0, 160)
1 (1, 4, 1, 0, 26, 0, 0, 95, 0, 0, 0, 243)
2 (1, 4, 85, 0, 0, 0, 0, 63, 0, 0, 0, 170)
3 (1, 4, 118, 0, 0, 0, 0, 21, 0, 0, 0, 141)
4 (1, 4, 163, 0, 0, 0, 0, 0, 0, 0, 0, 190)
5 (1, 4, 390, 0, 0, 0, 0, 0, 0, 0, 0, 77)
6 (1, 4, 31, 0, 0, 0, 0, 0, 20, 0, 0, 121)
7 (1, 4, 0, 0, 0, 0, 0, 0, 20, 0, 0, 195)
8 (1, 4, 0, 57, 0, 0, 0, 0, 20, 0, 0, 102)
9 (1, 4, 18, 0, 0, 0, 0, 0, 20, 0, 0, 63)
10 (1, 4, 0, 123, 0, 0, 0, 4, 20, 0, 0, 253)
11 (1, 4, 0, 129, 0, 0, 0, 21, 0, 0, 0, 179)
12 (1, 4, 72, 141, 0, 0, 0, 29, 0, 0, 0, 201)
13 (1, 4, 142, 198, 0, 0, 36, 64, 0, 0, 0, 161)
14 (1, 4, 0, 25, 0, 0, 47, 69, 0, 0, 0, 82)
15 (1, 4, 37, 0, 68, 9, 17, 59, 0, 0, 0, 207)
16 (1, 4, 86, 72, 188, 0, 27, 39, 0, 0, 0, 236)
17 (1, 4, 0, 119, 286, 0, 8, 32, 0, 0, 0, 211)
18 (1, 4, 0, 146, 449, 0, 0, 36, 0, 0, 0, 100)
19 (1, 4, 11, 162, 614, 0, 0, 25, 0, 0, 0, 154)
20 (1, 4, 0, 74, 633, 0, 0, 0, 20, 0, 0, 118)
21 (1, 4, 0, 114, 656, 0, 0, 0, 20, 0, 0, 186)
22 (1, 4, 0, 141, 633, 0, 0, 0, 0, 0, 0, 75)
23 (1, 4, 0, 303, 544, 0, 0, 26, 0, 0, 0, 44)
24 (1, 4, 13, 343, 287, 0, 0, 21, 0, 0, 0, 63)
25 (1, 4, 0, 210, 204, 0, 0, 31, 0, 0, 0, 50)
26 (1, 4, 0, 43, 179, 0, 0, 41, 0, 0, 0, 136)
27 (1, 4, 0, 0, 158, 0, 0, 56, 20, 0, 0, 24)
28 (1, 4, 25, 0, 109, 0, 0, 65, 20, 0, 0, 180)
0 (1, 4, 123, 0, 0, 0, 0, 0, 20, 0, 0, 15)
1 (1, 4, 0, 0, 0, 0, 0, 0, 20, 0, 0, 195)
2 (1, 4, 0, 0, 0, 0, 0, 0, 20, 0, 0, 195)
3 (1, 4, 0, 161, 0, 0, 0, 14, 0, 0, 0, 46)
4 (1, 4, 203, 184, 0, 0, 0, 26, 0, 0, 0, 17)
5 (1, 4, 246, 86, 0, 0, 32, 55, 0, 0, 0, 216)
6 (1, 4, 124, 39, 0, 0, 61, 66, 0, 0, 0, 119)
7 (1, 4, 18, 13, 101, 0, 30, 56, 0, 0, 0, 92)
8 (1, 4, 0, 0, 162, 0, 29, 40, 0, 0, 0, 203)
9 (1, 4, 0, 0, 330, 0, 15, 23, 0, 0, 0, 34)
10 (1, 4, 0, 11, 537, 0, 0, 5, 20, 0, 0, 239)
11 (1, 4, 89, 159, 693, 0, 0, 2, 20, 0, 0, 188)
12 (1, 4, 146, 233, 655, 0, 0, 0, 20, 0, 0, 126)
13 (1, 4, 0, 146, 563, 0, 0, 0, 0, 0, 0, 243)
14 (1, 4, 0, 130, 577, 0, 0, 0, 0, 0, 0, 199)
15 (1, 4, 0, 189, 572, 0, 0, 0, 0, 0, 0, 217)
16 (1, 4, 0, 90, 383, 0, 0, 0, 0, 0, 0, 60)
17 (1, 4, 0, 37, 290, 0, 0, 0, 20, 0, 0, 226)
18 (1, 4, 0, 33, 143, 0, 0, 15, 20, 0, 0, 229)
19 (1, 4, 0, 65, 5, 0, 0, 26, 20, 0, 0, 191)
20 (1, 4, 135, 92, 0, 0, 0, 28, 0, 0, 0, 134)
21 (1, 4, 266, 74, 0, 0, 0, 23, 0, 0, 0, 141)
22 (1, 4, 319, 0, 0, 0, 0, 3, 0, 0, 0, 103)
23 (1, 4, 389, 0, 0, 0, 0, 0, 20, 0, 0, 226)
24 (1, 4, 388, 0, 0, 0, 0, 0, 20, 0, 0, 236)
25 (1, 4, 358, 0, 0, 0, 0, 0, 0, 0, 0, 22)
26 (1, 4, 95, 0, 0, 0, 0, 0, 20, 0, 0, 240)
27 (1, 4, 0, 0, 0, 0, 0, 0, 20, 0, 0, 195)
28 (1, 4, 0, 0, 0, 0, 0, 0, 0, 0, 0, 126)
29 (1, 4, 115, 156, 0, 0, 0, 14, 0, 0, 0, 237)
30 (1, 4, 256, 155, 0, 0, 0, 33, 0, 0, 0, 9)
31 (1, 4, 143, 36, 0, 0, 29, 58, 0, 0, 0, 214)
0 (1, 4, 185, 192, 0, 0, 0, 68, 20, 0, 0, 61)
1 (1, 4, 0, 79, 0, 0, 0, 35, 20, 0, 0, 54)
2 (1, 4, 26, 100, 0, 0, 0, 17, 20, 0, 0, 216)
3 (1, 4, 50, 115, 0, 0, 0, 18, 20, 0, 0, 106)
4 (1, 4, 118, 106, 0, 0, 0, 22, 0, 0, 0, 116)
5 (1, 4, 112, 99, 0, 0, 0, 17, 0, 0, 0, 69)
6 (1, 4, 153, 120, 0, 0, 0, 37, 0, 0, 0, 109)
7 (1, 4, 183, 137, 0, 10, 33, 56, 0, 0, 0, 75)
8 (1, 4, 16, 14, 130, 0, 40, 61, 0, 0, 0, 186)
9 (1, 4, 0, 0, 296, 0, 7, 44, 0, 0, 0, 55)
10 (1, 4, 0, 0, 445, 0, 0, 10, 0, 0, 0, 118)
11 (1, 4, 0, 0, 610, 0, 0, 0, 20, 0, 0, 83)
12 (1, 4, 0, 0, 839, 0, 0, 0, 20, 0, 0, 58)
13 (1, 4, 73, 33, 806, 0, 0, 8, 20, 0, 0, 193)
14 (1, 4, 0, 43, 557, 0, 0, 0, 0, 0, 0, 229)
15 (1, 4, 0, 88, 378, 0, 0, 0, 0, 0, 0, 155)
16 (1, 4, 0, 63, 322, 0, 0, 27, 0, 0, 0, 186)
17 (1, 4, 0, 64, 260, 0, 0, 51, 0, 0, 0, 234)
18 (1, 4, 39, 67, 127, 0, 0, 53, 0, 0, 0, 51)
19 (1, 4, 125, 110, 0, 0, 0, 55, 0, 0, 0, 178)
20 (1, 4, 164, 0, 0, 0, 0, 24, 0, 0, 0, 173)
21 (1, 4, 161, 0, 0, 0, 0, 0, 0, 0, 0, 162)
22 (1, 4, 205, 0, 0, 0, 0, 0, 0, 0, 0, 164)
23 (1, 4, 63, 0, 0, 0, 0, 0, 0, 0, 0, 3)
24 (1, 4, 0, 44, 0, 0, 0, 0, 0, 0, 0, 213)
25 (1, 4, 72, 132, 0, 0, 0, 0, 20, 0, 0, 225)
26 (1, 4, 21, 45, 0, 0, 0, 0, 20, 0, 0, 11)
27 (1, 4, 82, 118, 0, 0, 0, 0, 20, 0, 0, 33)
28 (1, 4, 160, 148, 0, 0, 0, 0, 20, 0, 0, 171)
29 (1, 4, 26, 97, 0, 0, 11, 30, 20, 0, 0, 4)
30 (1, 4, 35, 39, 0, 0, 39, 58, 0, 0, 0, 47)
31 (1, 4, 104, 22, 6, 3, 29, 59, 0, 0, 0, 230)
0 (1, 4, 0, 0, 761, 0, 0, 0, 20, 0, 0, 218)
1 (1, 4, 42, 14, 853, 0, 0, 0, 0, 0, 0, 120)
2 (1, 4, 0, 0, 628, 0, 0, 0, 0, 0, 0, 224)
3 (1, 4, 0, 176, 546, 0, 0, 0, 0, 0, 0, 183)
4 (1, 4, 0, 0, 421, 0, 0, 0, 0, 0, 0, 230)
5 (1, 4, 0, 0, 295, 0, 0, 0, 20, 0, 0, 133)
6 (1, 4, 0, 28, 0, 0, 0, 0, 20, 0, 0, 203)
7 (1, 4, 0, 228, 0, 0, 0, 0, 20, 0, 0, 89)
8 (1, 4, 103, 250, 0, 0, 0, 8, 0, 0, 0, 15)
9 (1, 4, 146, 42, 0, 0, 0, 0, 0, 0, 0, 139)
10 (1, 4, 0, 252, 0, 0, 0, 0, 0, 0, 0, 54)
11 (1, 4, 0, 587, 0, 0, 0, 0, 0, 0, 0, 91)
12 (1, 4, 374, 484, 0, 0, 0, 0, 0, 0, 0, 137)
13 (1, 4, 348, 298, 0, 0, 0, 2, 20, 0, 0, 160)
14 (1, 4, 129, 154, 0, 0, 0, 36, 20, 0, 0, 178)
15 (1, 4, 240, 6, 0, 0, 0, 60, 20, 0, 0, 34)
16 (1, 4, 141, 0, 0, 0, 45, 49, 0, 0, 0, 214)
17 (1, 4, 69, 0, 1, 5, 34, 31, 0, 0, 0, 227)
18 (1, 4, 0, 0, 170, 0, 22, 26, 0, 0, 0, 246)
19 (1, 4, 12, 24, 365, 0, 4, 27, 0, 0, 0, 118)
20 (1, 4, 28, 34, 566, 0, 0, 49, 20, 0, 0, 35)
21 (1, 4, 137, 0, 688, 0, 0, 59, 20, 0, 0, 156)
22 (1, 4, 58, 0, 840, 0, 0, 28, 20, 0, 0, 100)
23 (1, 4, 77, 87, 747, 0, 0, 20, 0, 0, 0, 190)
24 (1, 4, 0, 163, 569, 0, 0, 0, 0, 0, 0, 118)
25 (1, 4, 0, 268, 489, 0, 0, 0, 0, 0, 0, 115)
26 (1, 4, 0, 166, 455, 0, 0, 11, 0, 0, 0, 52)
27 (1, 4, 0, 49, 429, 0, 0, 14, 0, 0, 0, 106)
28 (1, 4, 0, 7, 289, 0, 0, 23, 0, 0, 0, 139)
29 (1, 4, 0, 8, 135, 0, 0, 31, 20, 0, 0, 78)
30 (1, 4, 0, 48, 0, 0, 0, 34, 0, 0, 0, 197)
31 (1, 4, 61, 110, 0, 0, 0, 36, 0, 0, 0, 142)
0 (1, 4, 0, 0, 281, 0, 0, 0, 20, 0, 0, 201)
1 (1, 4, 0, 0, 182, 0, 0, 0, 20, 0, 0, 194)
2 (1, 4, 0, 0, 29, 0, 0, 0, 0, 0, 0, 119)
3 (1, 4, 0, 19, 0, 0, 0, 0, 20, 0, 0, 122)
4 (1, 4, 0, 176, 0, 0, 0, 0, 20, 0, 0, 97)
5 (1, 4, 58, 392, 25, 0, 0, 0, 0, 0, 0, 53)
6 (1, 4, 376, 537, 0, 0, 0, 25, 0, 0, 0, 238)
7 (1, 4, 530, 503, 0, 0, 0, 29, 0, 0, 0, 211)
8 (1, 4, 524, 455, 0, 0, 0, 31, 0, 0, 0, 125)
9 (1, 4, 570, 350, 0, 0, 0, 0, 0, 0, 0, 50)
10 (1, 4, 557, 107, 0, 0, 0, 0, 0, 0, 0, 209)
11 (1, 4, 366, 104, 0, 0, 0, 0, 0, 0, 0, 148)
12 (1, 4, 211, 20, 0, 0, 0, 5, 0, 0, 0, 1)
13 (1, 4, 183, 0, 0, 0, 0, 12, 0, 0, 0, 249)
14 (1, 4, 124, 0, 0, 0, 12, 17, 0, 0, 0, 182)
15 (1, 4, 73, 0, 0, 0, 23, 24, 0, 0, 0, 93)
16 (1, 4, 0, 0, 144, 0, 23, 27, 0, 0, 0, 66)
17 (1, 4, 0, 0, 282, 0, 17, 22, 0, 0, 0, 44)
18 (1, 4, 0, 0, 466, 0, 2, 7, 0, 0, 0, 152)
19 (1, 4, 0, 0, 678, 0, 0, 0, 0, 0, 0, 186)
20 (1, 4, 0, 0, 794, 0, 0, 0, 0, 0, 0, 117)
21 (1, 4, 0, 0, 771, 0, 0, 0, 20, 0, 0, 159)
22 (1, 4, 0, 0, 625, 0, 0, 0, 20, 0, 0, 151)
23 (1, 4, 0, 0, 328, 0, 0, 0, 20, 0, 0, 217)
24 (1, 4, 0, 0, 130, 0, 0, 0, 20, 0, 0, 29)
25 (1, 4, 0, 0, 144, 0, 0, 0, 20, 0, 0, 77)
26 (1, 4, 0, 0, 198, 0, 0, 0, 0, 0, 0, 5)
27 (1, 4, 0, 0, 303, 0, 0, 0, 20, 0, 0, 57)
28 (1, 4, 0, 90, 381, 0, 0, 0, 0, 0, 0, 19)
29 (1, 4, 31, 249, 308, 0, 0, 4, 20, 0, 0, 169)
30 (1, 4, 172, 338, 31, 0, 0, 9, 20, 0, 0, 32)
31 (1, 4, 277, 452, 0, 0, 0, 25, 0, 0, 0, 241)
0 (1, 4, 0, 0, 64, 10, 17, 44, 0, 0, 0, 129)
1 (1, 4, 0, 0, 183, 0, 6, 39, 0, 0, 0, 72)
2 (1, 4, 0, 0, 306, 0, 3, 28, 0, 0, 0, 74)
3 (1, 4, 0, 0, 455, 0, 0, 19, 0, 0, 0, 121)
4 (1, 4, 0, 0, 646, 0, 0, 5, 0, 0, 0, 238)
5 (1, 4, 128, 66, 873, 0, 0, 5, 0, 0, 0, 229)
6 (1, 4, 204, 229, 857, 0, 0, 0, 20, 0, 0, 115)
7 (1, 4, 202, 251, 616, 0, 0, 0, 20, 0, 0, 122)
8 (1, 4, 9, 351, 296, 0, 0, 11, 0, 0, 0, 37)
9 (1, 4, 0, 302, 138, 0, 0, 24, 0, 0, 0, 6)
10 (1, 4, 0, 147, 38, 0, 0, 36, 0, 0, 0, 157)
11 (1, 4, 0, 75, 5, 0, 0, 52, 0, 0, 0, 91)
12 (1, 4, 0, 32, 0, 0, 0, 58, 20, 0, 0, 32)
13 (1, 4, 0, 0, 0, 0, 0, 56, 20, 0, 0, 91)
14 (1, 4, 112, 0, 0, 0, 0, 44, 0, 0, 0, 238)
15 (1, 4, 298, 0, 0, 0, 0, 22, 0, 0, 0, 200)
16 (1, 4, 277, 0, 0, 0, 0, 0, 0, 0, 0, 170)
17 (1, 4, 204, 0, 0, 0, 0, 0, 20, 0, 0, 23)
18 (1, 4, 26, 0, 0, 0, 0, 0, 20, 0, 0, 79)
19 (1, 4, 8, 0, 0, 0, 0, 0, 20, 0, 0, 179)
20 (1, 4, 0, 0, 0, 0, 0, 0, 20, 0, 0, 195)
21 (1, 4, 1, 0, 0, 0, 0, 0, 20, 0, 0, 205)
22 (1, 4, 3, 57, 0, 0, 0, 6, 0, 0, 0, 5)
23 (1, 4, 0, 108, 0, 0, 0, 27, 0, 0, 0, 9)
24 (1, 4, 25, 121, 0, 0, 0, 39, 0, 0, 0, 116)
25 (1, 4, 69, 114, 75, 0, 0, 46, 0, 0, 0, 247)
26 (1, 4, 17, 94, 212, 0, 0, 49, 0, 0, 0, 240)
27 (1, 4, 0, 15, 337, 0, 0, 31, 0, 0, 0, 168)
28 (1, 4, 0, 0, 538, 0, 0, 11, 0, 0, 0, 164)
29 (1, 4, 22, 91, 765, 0, 0, 21, 0, 0, 0, 13)
0 (1, 4, 425, 27, 0, 0, 0, 0, 0, 0, 0, 218)
1 (1, 4, 264, 30, 0, 0, 0, 0, 20, 0, 0, 212)
2 (1, 4, 0, 134, 0, 0, 0, 0, 20, 0, 0, 117)
3 (1, 4, 126, 32, 0, 0, 0, 0, 0, 0, 0, 70)
4 (1, 4, 447, 0, 0, 0, 0, 0, 0, 0, 0, 20)
5 (1, 4, 17, 76, 0, 0, 0, 0, 0, 0, 0, 122)
6 (1, 4, 0, 191, 0, 0, 0, 13, 0, 0, 0, 45)
7 (1, 4, 92, 205, 0, 0, 0, 36, 0, 0, 0, 213)
8 (1, 4, 282, 202, 0, 0, 14, 39, 0, 0, 0, 206)
9 (1, 4, 0, 163, 62, 0, 31, 45, 0, 0, 0, 228)
10 (1, 4, 0, 135, 193, 0, 3, 58, 0, 0, 0, 73)
11 (1, 4, 0, 34, 324, 0, 6, 48, 0, 0, 0, 74)
12 (1, 4, 0, 0, 490, 0, 0, 26, 0, 0, 0, 196)
13 (1, 4, 0, 0, 701, 0, 0, 18, 20, 0, 0, 21)
14 (1, 4, 252, 152, 830, 0, 0, 26, 20, 0, 0, 200)
15 (1, 4, 210, 130, 611, 0, 0, 0, 20, 0, 0, 203)
16 (1, 4, 0, 196, 399, 0, 0, 14, 0, 0, 0, 245)
17 (1, 4, 0, 334, 298, 0, 0, 50, 0, 0, 0, 231)
18 (1, 4, 136, 225, 207, 0, 0, 64, 0, 0, 0, 248)
19 (1, 4, 88, 149, 118, 0, 0, 82, 0, 0, 0, 76)
20 (1, 4, 94, 70, 18, 0, 0, 98, 0, 0, 0, 122)
21 (1, 4, 198, 0, 0, 0, 0, 81, 0, 0, 0, 143)
22 (1, 4, 193, 0, 0, 0, 0, 47, 0, 0, 0, 180)
23 (1, 4, 206, 0, 0, 0, 0, 17, 0, 0, 0, 186)
24 (1, 4, 71, 0, 0, 0, 0, 0, 20, 0, 0, 96)
25 (1, 4, 0, 0, 0, 0, 0, 0, 20, 0, 0, 195)
26 (1, 4, 0, 0, 0, 0, 0, 0, 20, 0, 0, 195)
27 (1, 4, 0, 0, 0, 0, 0, 0, 20, 0, 0, 195)
28 (1, 4, 0, 37, 0, 0, 0, 0, 20, 0, 0, 110)
29 (1, 4, 0, 173, 0, 0, 0, 3, 0, 0, 0, 7)
0 (1, 4, 67, 45, 0, 0, 0, 14, 0, 0, 0, 221)
1 (1, 4, 131, 72, 0, 0, 18, 35, 20, 0, 0, 68)
2 (1, 4, 83, 83, 0, 0, 46, 47, 0, 0, 0, 186)
3 (1, 4, 0, 49, 91, 0, 30, 50, 0, 0, 0, 117)
4 (1, 4, 0, 19, 197, 0, 23, 42, 0, 0, 0, 24)
5 (1, 4, 0, 0, 385, 0, 12, 20, 0, 0, 0, 194)
6 (1, 4, 0, 2, 580, 0, 0, 8, 20, 0, 0, 91)
7 (1, 4, 124, 110, 733, 0, 0, 28, 20, 0, 0, 149)
8 (1, 4, 279, 237, 640, 0, 0, 27, 20, 0, 0, 131)
9 (1, 4, 0, 201, 478, 0, 0, 28, 0, 0, 0, 83)
10 (1, 4, 0, 234, 435, 0, 0, 36, 0, 0, 0, 162)
11 (1, 4, 0, 113, 365, 0, 0, 33, 0, 0, 0, 187)
12 (1, 4, 0, 18, 355, 0, 0, 37, 0, 0, 0, 154)
13 (1, 4, 0, 0, 305, 0, 0, 52, 20, 0, 0, 140)
14 (1, 4, 0, 0, 170, 0, 0, 57, 20, 0, 0, 24)
15 (1, 4, 19, 0, 0, 0, 0, 56, 0, 0, 0, 20)
16 (1, 4, 325, 0, 0, 0, 0, 35, 0, 0, 0, 4)
17 (1, 4, 355, 0, 0, 0, 0, 15, 0, 0, 0, 217)
18 (1, 4, 154, 0, 0, 0, 0, 0, 20, 0, 0, 90)
19 (1, 4, 130, 0, 0, 0, 0, 0, 20, 0, 0, 202)
20 (1, 4, 70, 0, 0, 0, 0, 0, 20, 0, 0, 110)
21 (1, 4, 0, 0, 0, 0, 0, 0, 20, 0, 0, 195)
22 (1, 4, 0, 20, 0, 0, 0, 0, 20, 0, 0, 120)
23 (1, 4, 0, 172, 0, 0, 0, 0, 0, 0, 0, 212)
24 (1, 4, 144, 193, 0, 0, 0, 7, 0, 0, 0, 175)
25 (1, 4, 191, 210, 0, 0, 0, 21, 0, 0, 0, 225)
26 (1, 4, 75, 190, 0, 0, 21, 41, 0, 0, 0, 184)
27 (1, 4, 7, 136, 0, 0, 29, 54, 0, 0, 0, 134)
28 (1, 4, 0, 130, 107, 0, 21, 57, 0, 0, 0, 72)
29 (1, 4, 0, 142, 262, 0, 12, 51, 0, 0, 0, 97)
30 (1, 4, 0, 108, 430, 0, 0, 42, 0, 0, 0, 59)
31 (1, 4, 0, 94, 572, 0, 0, 29, 20, 0, 0, 111)
0 (1, 4, 16, 230, 0, 0, 0, 48, 0, 0, 0, 27)
1 (1, 4, 0, 241, 0, 0, 13, 67, 0, 0, 0, 146)
2 (1, 4, 0, 187, 69, 0, 27, 71, 0, 0, 0, 31)
3 (1, 4, 0, 154, 215, 0, 5, 66, 0, 0, 0, 54)
4 (1, 4, 0, 202, 386, 0, 0, 62, 20, 0, 0, 72)
5 (1, 4, 0, 234, 476, 0, 0, 59, 20, 0, 0, 105)
6 (1, 4, 0, 203, 543, 0, 0, 41, 20, 0, 0, 34)
7 (1, 4, 0, 194, 595, 0, 0, 29, 0, 0, 0, 135)
8 (1, 4, 147, 271, 524, 0, 0, 66, 0, 0, 0, 105)
9 (1, 4, 829, 483, 175, 0, 0, 75, 0, 0, 0, 251)
10 (1, 4, 646, 500, 0, 0, 0, 91, 0, 0, 0, 79)
11 (1, 4, 240, 302, 0, 0, 0, 130, 0, 0, 0, 213)
12 (1, 4, 337, 176, 0, 0, 48, 120, 0, 0, 0, 236)
13 (1, 4, 272, 58, 211, 0, 12, 102, 0, 0, 0, 37)
14 (1, 4, 329, 0, 368, 0, 0, 66, 0, 0, 0, 80)
15 (1, 4, 226, 0, 385, 0, 0, 41, 0, 0, 0, 149)
16 (1, 4, 0, 0, 309, 0, 0, 0, 20, 0, 0, 213)
17 (1, 4, 0, 0, 22, 0, 0, 0, 20, 0, 0, 205)
18 (1, 4, 0, 0, 0, 0, 0, 0, 20, 0, 0, 195)
19 (1, 4, 0, 0, 0, 0, 0, 0, 20, 0, 0, 195)
20 (1, 4, 207, 64, 0, 0, 0, 0, 20, 0, 0, 134)
21 (1, 4, 192, 142, 0, 0, 0, 0, 20, 0, 0, 90)
22 (1, 4, 265, 243, 0, 0, 0, 20, 20, 0, 0, 224)
23 (1, 4, 523, 216, 0, 0, 0, 41, 20, 0, 0, 97)
24 (1, 4, 499, 91, 0, 0, 0, 57, 20, 0, 0, 166)
25 (1, 4, 372, 144, 0, 0, 13, 36, 0, 0, 0, 5)
26 (1, 4, 305, 196, 0, 0, 32, 52, 0, 0, 0, 7)
27 (1, 4, 86, 105, 0, 0, 17, 66, 0, 0, 0, 116)
28 (1, 4, 121, 152, 0, 0, 7, 100, 0, 0, 0, 132)
29 (1, 4, 5, 67, 0, 0, 12, 116, 0, 0, 0, 115)
30 (1, 4, 0, 40, 0, 0, 2, 125, 0, 0, 0, 138)
31 (1, 4, 38, 0, 0, 0, 3, 127, 0, 0, 0, 216)
0 (1, 4, 8, 9, 161, 7, 0, 133, 0, 0, 0, 238)
1 (1, 4, 1, 0, 122, 4, 0, 137, 0, 0, 0, 90)
2 (1, 4, 0, 0, 109, 0, 0, 135, 0, 0, 0, 148)
3 (1, 4, 0, 0, 48, 1, 0, 113, 0, 0, 0, 8)
4 (1, 4, 0, 0, 0, 29, 0, 27, 0, 0, 0, 77)
5 (1, 4, 0, 0, 0, 6, 0, 116, 20, 0, 0, 195)
6 (1, 4, 873, 0, 546, 60, 0, 0, 0, 0, 0, 185)
7 (1, 4, 0, 0, 0, 69, 177, 0, 0, 0, 0, 13)
8 (1, 4, 0, 0, 0, 2, 0, 125, 0, 0, 0, 55)
9 (1, 4, 873, 0, 260, 34, 0, 46, 0, 0, 0, 27)
10 (1, 4, 0, 63, 0, 57, 23, 22, 0, 0, 0, 103)
11 (1, 4, 0, 0, 0, 0, 0, 153, 20, 0, 0, 175)
12 (1, 4, 873, 34, 206, 65, 39, 0, 0, 0, 0, 143)
13 (1, 4, 0, 136, 0, 21, 0, 37, 20, 0, 0, 238)
14 (1, 4, 873, 0, 159, 28, 0, 87, 20, 0, 0, 212)
15 (1, 4, 0, 105, 0, 70, 135, 5, 0, 0, 0, 88)
16 (1, 4, 0, 0, 2, 0, 0, 170, 20, 0, 0, 148)
17 (1, 4, 873, 35, 240, 61, 0, 0, 0, 0, 0, 92)
18 (1, 4, 0, 309, 0, 17, 0, 41, 20, 0, 0, 150)
19 (1, 4, 873, 0, 229, 35, 0, 116, 20, 0, 0, 65)
20 (1, 4, 0, 176, 0, 52, 108, 37, 0, 0, 0, 128)
21 (1, 4, 0, 0, 75, 0, 0, 206, 0, 0, 0, 107)
22 (1, 4, 622, 24, 94, 5, 35, 88, 0, 0, 0, 98)
23 (1, 4, 0, 47, 0, 0, 0, 116, 0, 0, 0, 79)
24 (1, 4, 873, 0, 237, 17, 0, 64, 0, 0, 0, 103)
25 (1, 4, 0, 92, 0, 7, 63, 71, 0, 0, 0, 223)
26 (1, 4, 0, 0, 8, 0, 0, 165, 20, 0, 0, 254)
27 (1, 4, 506, 0, 82, 3, 0, 82, 20, 0, 0, 179)
28 (1, 4, 0, 50, 0, 2, 0, 90, 20, 0, 0, 246)
29 (1, 4, 223, 0, 89, 0, 0, 141, 20, 0, 0, 131)
30 (1, 4, 0, 70, 0, 2, 0, 116, 0, 0, 0, 54)
0 (1, 4, 0, 0, 0, 0, 0, 150, 0, 0, 0, 235)
1 (1, 4, 415, 0, 52, 7, 0, 99, 0, 0, 0, 211)
2 (1, 4, 0, 89, 0, 7, 0, 94, 20, 0, 0, 202)
3 (1, 4, 217, 0, 46, 0, 0, 141, 20, 0, 0, 56)
4 (1, 4, 366, 0, 14, 16, 0, 69, 20, 0, 0, 14)
5 (1, 4, 0, 100, 0, 0, 0, 94, 20, 0, 0, 232)
6 (1, 4, 389, 0, 75, 2, 0, 118, 20, 0, 0, 219)
7 (1, 4, 24, 12, 0, 21, 8, 75, 0, 0, 0, 27)
8 (1, 4, 0, 78, 0, 0, 0, 126, 0, 0, 0, 232)
9 (1, 4, 499, 0, 120, 6, 0, 108, 0, 0, 0, 42)
10 (1, 4, 0, 24, 0, 10, 0, 85, 0, 0, 0, 86)
11 (1, 4, 0, 0, 0, 0, 0, 142, 0, 0, 0, 210)
12 (1, 4, 465, 0, 135, 7, 0, 96, 0, 0, 0, 163)
13 (1, 4, 0, 26, 0, 5, 0, 84, 0, 0, 0, 65)
14 (1, 4, 0, 0, 24, 0, 0, 133, 20, 0, 0, 32)
15 (1, 4, 618, 0, 153, 10, 0, 80, 0, 0, 0, 174)
16 (1, 4, 0, 8, 0, 11, 0, 72, 20, 0, 0, 6)
17 (1, 4, 0, 0, 66, 0, 0, 120, 20, 0, 0, 202)
18 (1, 4, 330, 0, 102, 15, 0, 78, 0, 0, 0, 43)
19 (1, 4, 0, 43, 82, 6, 14, 77, 0, 0, 0, 235)
20 (1, 4, 0, 18, 111, 0, 5, 56, 0, 0, 0, 44)
21 (1, 4, 0, 0, 209, 0, 1, 30, 20, 0, 0, 174)
22 (1, 4, 0, 0, 400, 0, 0, 0, 20, 0, 0, 16)
23 (1, 4, 0, 48, 665, 0, 0, 0, 20, 0, 0, 124)
24 (1, 4, 0, 109, 766, 0, 0, 0, 0, 0, 0, 31)
25 (1, 4, 140, 119, 728, 0, 0, 2, 20, 0, 0, 118)
26 (1, 4, 147, 94, 293, 0, 0, 0, 20, 0, 0, 171)
27 (1, 4, 60, 169, 78, 0, 0, 9, 20, 0, 0, 106)
28 (1, 4, 68, 168, 0, 0, 0, 30, 20, 0, 0, 247)
29 (1, 4, 182, 41, 8, 0, 0, 43, 20, 0, 0, 128)
30 (1, 4, 322, 0, 59, 0, 0, 33, 0, 0, 0, 17)
31 (1, 4, 270, 0, 0, 0, 0, 25, 0, 0, 0, 206)
0 (1, 4, 0, 56, 46, 0, 0, 27, 0, 0, 0, 2)
1 (1, 4, 26, 83, 65, 0, 0, 31, 0, 0, 0, 141)
2 (1, 4, 365, 0, 84, 0, 0, 50, 0, 0, 0, 101)
3 (1, 4, 873, 0, 254, 0, 0, 12, 0, 0, 0, 145)
4 (1, 4, 0, 0, 0, 0, 133, 0, 0, 0, 0, 208)
5 (1, 4, 0, 140, 0, 0, 0, 0, 0, 0, 0, 22)
6 (1, 4, 190, 15, 15, 0, 0, 70, 0, 0, 0, 121)
7 (1, 4, 873, 0, 111, 0, 0, 0, 0, 0, 0, 20)
8 (1, 4, 0, 88, 0, 0, 44, 1, 0, 0, 0, 223)
9 (1, 4, 0, 17, 0, 0, 0, 42, 20, 0, 0, 229)
10 (1, 4, 760, 0, 113, 0, 0, 36, 0, 0, 0, 139)
11 (1, 4, 322, 16, 0, 0, 58, 0, 0, 0, 0, 51)
12 (1, 4, 0, 61, 0, 0, 0, 26, 0, 0, 0, 129)
13 (1, 4, 242, 0, 86, 0, 0, 61, 20, 0, 0, 163)
14 (1, 4, 352, 13, 0, 0, 24, 3, 0, 0, 0, 204)
15 (1, 4, 0, 0, 0, 0, 0, 31, 0, 0, 0, 84)
16 (1, 4, 421, 0, 74, 0, 0, 46, 0, 0, 0, 119)
17 (1, 4, 0, 59, 0, 0, 36, 0, 0, 0, 0, 88)
18 (1, 4, 0, 0, 0, 0, 0, 44, 20, 0, 0, 253)
19 (1, 4, 604, 0, 75, 0, 0, 31, 0, 0, 0, 141)
20 (1, 4, 240, 31, 0, 0, 50, 0, 0, 0, 0, 111)
21 (1, 4, 0, 0, 0, 0, 0, 45, 0, 0, 0, 159)
22 (1, 4, 454, 7, 71, 0, 0, 31, 0, 0, 0, 242)
23 (1, 4, 0, 48, 0, 0, 32, 8, 0, 0, 0, 58)
24 (1, 4, 0, 0, 0, 0, 0, 50, 0, 0, 0, 181)
25 (1, 4, 432, 21, 62, 0, 0, 23, 0, 0, 0, 204)
26 (1, 4, 0, 58, 0, 0, 15, 16, 0, 0, 0, 121)
27 (1, 4, 0, 0, 13, 0, 0, 50, 0, 0, 0, 195)
28 (1, 4, 173, 5, 5, 0, 0, 21, 0, 0, 0, 54)
0 (1, 4, 363, 25, 28, 0, 1, 26, 0, 0, 0, 83)
1 (1, 4, 0, 58, 0, 0, 30, 16, 0, 0, 0, 133)
2 (1, 4, 0, 78, 0, 0, 0, 24, 0, 0, 0, 192)
3 (1, 4, 0, 0, 0, 0, 0, 69, 20, 0, 0, 44)
4 (1, 4, 873, 0, 129, 0, 0, 4, 0, 0, 0, 88)
5 (1, 4, 0, 66, 0, 0, 72, 0, 0, 0, 0, 75)
6 (1, 4, 0, 37, 0, 0, 0, 36, 20, 0, 0, 186)
7 (1, 4, 563, 0, 77, 0, 0, 45, 20, 0, 0, 158)
8 (1, 4, 535, 0, 42, 0, 58, 0, 0, 0, 0, 102)
9 (1, 4, 0, 67, 0, 0, 0, 4, 0, 0, 0, 80)
10 (1, 4, 223, 0, 71, 0, 0, 63, 20, 0, 0, 112)
11 (1, 4, 873, 0, 152, 0, 0, 0, 0, 0, 0, 122)
12 (1, 4, 0, 67, 0, 0, 49, 0, 0, 0, 0, 212)
13 (1, 4, 0, 0, 0, 0, 0, 69, 20, 0, 0, 44)
14 (1, 4, 873, 0, 178, 0, 0, 3, 0, 0, 0, 113)
15 (1, 4, 0, 64, 0, 0, 111, 0, 0, 0, 0, 67)
16 (1, 4, 0, 15, 0, 0, 0, 35, 20, 0, 0, 181)
17 (1, 4, 873, 0, 107, 0, 0, 36, 0, 0, 0, 158)
18 (1, 4, 239, 0, 0, 0, 93, 0, 0, 0, 0, 187)
19 (1, 4, 0, 56, 0, 0, 0, 8, 20, 0, 0, 57)
20 (1, 4, 296, 0, 65, 0, 0, 63, 20, 0, 0, 146)
21 (1, 4, 748, 0, 72, 0, 37, 0, 0, 0, 0, 185)
22 (1, 4, 0, 28, 0, 0, 24, 0, 0, 0, 0, 50)
23 (1, 4, 0, 0, 11, 0, 0, 67, 20, 0, 0, 231)
24 (1, 4, 873, 0, 192, 0, 0, 19, 0, 0, 0, 247)
25 (1, 4, 0, 42, 15, 0, 95, 0, 0, 0, 0, 13)
26 (1, 4, 0, 55, 0, 0, 0, 32, 20, 0, 0, 195)
27 (1, 4, 464, 0, 94, 0, 0, 63, 20, 0, 0, 127)
28 (1, 4, 546, 0, 110, 0, 59, 0, 0, 0, 0, 171)
29 (1, 4, 0, 72, 0, 0, 0, 1, 0, 0, 0, 145)
30 (1, 4, 0, 0, 3, 0, 0, 71, 20, 0, 0, 46)
31 (1, 4, 608, 0, 35, 0, 6, 9, 0, 0, 0, 85)
0 (1, 4, 787, 25, 86, 0, 0, 10, 0, 0, 0, 75)
1 (1, 4, 0, 70, 0, 0, 32, 15, 0, 0, 0, 190)
2 (1, 4, 0, 0, 0, 0, 0, 58, 20, 0, 0, 226)
3 (1, 4, 873, 0, 131, 0, 0, 16, 0, 0, 0, 209)
4 (1, 4, 63, 42, 0, 0, 72, 0, 0, 0, 0, 196)
5 (1, 4, 0, 76, 0, 0, 0, 38, 20, 0, 0, 68)
6 (1, 4, 682, 20, 111, 0, 0, 50, 0, 0, 0, 232)
7 (1, 4, 645, 0, 55, 0, 55, 0, 0, 0, 0, 221)
8 (1, 4, 0, 78, 0, 0, 0, 10, 0, 0, 0, 170)
9 (1, 4, 130, 0, 9, 0, 0, 62, 20, 0, 0, 182)
10 (1, 4, 873, 0, 75, 0, 0, 0, 0, 0, 0, 180)
11 (1, 4, 0, 19, 0, 0, 49, 3, 0, 0, 0, 80)
12 (1, 4, 0, 0, 0, 0, 0, 44, 20, 0, 0, 253)
13 (1, 4, 755, 0, 38, 0, 0, 20, 0, 0, 0, 250)
14 (1, 4, 69, 25, 0, 0, 60, 0, 0, 0, 0, 12)
15 (1, 4, 0, 65, 0, 0, 0, 25, 20, 0, 0, 19)
16 (1, 4, 618, 0, 61, 0, 0, 40, 0, 0, 0, 228)
17 (1, 4, 187, 8, 0, 0, 63, 0, 0, 0, 0, 188)
18 (1, 4, 0, 92, 0, 0, 0, 17, 20, 0, 0, 68)
19 (1, 4, 169, 64, 0, 0, 0, 64, 20, 0, 0, 169)
20 (1, 4, 698, 0, 32, 0, 3, 3, 0, 0, 0, 55)
21 (1, 4, 0, 0, 0, 0, 6, 14, 0, 0, 0, 73)
22 (1, 4, 0, 0, 17, 0, 0, 46, 20, 0, 0, 175)
23 (1, 4, 873, 90, 132, 0, 0, 12, 0, 0, 0, 68)
24 (1, 4, 869, 136, 45, 0, 30, 0, 0, 0, 0, 111)
25 (1, 4, 0, 103, 0, 0, 28, 29, 0, 0, 0, 9)
26 (1, 4, 0, 25, 0, 0, 0, 54, 20, 0, 0, 26)
27 (1, 4, 746, 0, 100, 0, 0, 33, 0, 0, 0, 104)
28 (1, 4, 721, 27, 37, 0, 41, 0, 0, 0, 0, 131)
29 (1, 4, 0, 116, 0, 0, 17, 0, 0, 0, 0, 120)
30 (1, 4, 0, 79, 0, 0, 0, 37, 20, 0, 0, 250)
31 (1, 4, 369, 8, 0, 0, 0, 23, 0, 0, 0, 175)
0 (1, 4, 0, 35, 0, 0, 0, 32, 20, 0, 0, 120)
1 (1, 4, 873, 0, 131, 0, 0, 0, 20, 0, 0, 191)
2 (1, 4, 813, 0, 101, 0, 26, 0, 0, 0, 0, 128)
3 (1, 4, 0, 112, 0, 0, 5, 0, 0, 0, 0, 196)
4 (1, 4, 0, 92, 0, 0, 0, 22, 20, 0, 0, 87)
5 (1, 4, 575, 27, 15, 0, 0, 16, 20, 0, 0, 58)
6 (1, 4, 236, 65, 0, 0, 28, 0, 0, 0, 0, 252)
7 (1, 4, 0, 64, 0, 0, 0, 7, 20, 0, 0, 83)
8 (1, 4, 388, 0, 109, 0, 0, 32, 20, 0, 0, 62)
9 (1, 4, 873, 119, 127, 0, 0, 0, 0, 0, 0, 73)
10 (1, 4, 0, 196, 0, 0, 23, 0, 0, 0, 0, 203)
11 (1, 4, 0, 17, 0, 0, 0, 32, 20, 0, 0, 182)
12 (1, 4, 746, 0, 65, 0, 0, 27, 0, 0, 0, 125)
13 (1, 4, 449, 0, 6, 0, 54, 0, 0, 0, 0, 6)
14 (1, 4, 0, 45, 0, 0, 0, 8, 20, 0, 0, 55)
15 (1, 4, 0, 0, 0, 0, 0, 55, 20, 0, 0, 162)
16 (1, 4, 563, 0, 0, 0, 28, 0, 20, 0, 0, 85)
17 (1, 4, 0, 15, 0, 0, 0, 0, 20, 0, 0, 114)
18 (1, 4, 0, 0, 0, 0, 0, 49, 20, 0, 0, 110)
19 (1, 4, 873, 30, 140, 0, 0, 0, 0, 0, 0, 62)
20 (1, 4, 0, 54, 0, 0, 33, 9, 0, 0, 0, 43)
21 (1, 4, 0, 0, 34, 0, 0, 47, 20, 0, 0, 74)
22 (1, 4, 636, 0, 175, 0, 0, 28, 20, 0, 0, 59)
23 (1, 4, 287, 37, 116, 0, 14, 9, 0, 0, 0, 170)
24 (1, 4, 0, 72, 108, 0, 0, 31, 0, 0, 0, 131)
25 (1, 4, 8, 89, 76, 0, 0, 34, 0, 0, 0, 235)
26 (1, 4, 76, 89, 0, 0, 0, 28, 0, 0, 0, 23)
27 (1, 4, 57, 47, 0, 0, 0, 31, 0, 0, 0, 126)
28 (1, 4, 219, 25, 0, 0, 0, 35, 0, 0, 0, 192)
29 (1, 4, 272, 0, 0, 0, 0, 32, 20, 0, 0, 128)
30 (1, 4, 21, 5, 0, 0, 0, 20, 20, 0, 0, 220)
31 (1, 4, 0, 57, 0, 0, 0, 14, 20, 0, 0, 64)
0 (1, 4, 112, 3, 0, 0, 0, 1, 0, 0, 0, 215)
1 (1, 4, 14, 0, 0, 0, 0, 0, 0, 0, 0, 42)
2 (1, 4, 0, 14, 0, 0, 0, 0, 0, 0, 0, 122)
3 (1, 4, 0, 63, 0, 0, 0, 0, 0, 0, 0, 108)
4 (1, 4, 0, 130, 0, 0, 0, 0, 0, 0, 0, 18)
5 (1, 4, 0, 176, 0, 0, 0, 0, 0, 0, 0, 220)
6 (1, 4, 0, 287, 0, 0, 0, 12, 0, 0, 0, 212)
7 (1, 4, 0, 0, 7, 6, 0, 72, 0, 0, 0, 118)
8 (1, 4, 324, 192, 90, 0, 0, 35, 0, 0, 0, 159)
9 (1, 4, 270, 153, 220, 0, 0, 34, 0, 0, 0, 193)
10 (1, 4, 31, 0, 212, 0, 0, 48, 0, 0, 0, 157)
11 (1, 4, 39, 0, 241, 0, 0, 34, 0, 0, 0, 148)
12 (1, 4, 18, 0, 311, 0, 0, 22, 0, 0, 0, 164)
13 (1, 4, 0, 0, 295, 0, 0, 3, 0, 0, 0, 94)
14 (1, 4, 0, 0, 265, 0, 0, 0, 0, 0, 0, 11)
15 (1, 4, 0, 0, 244, 0, 0, 0, 0, 0, 0, 171)
16 (1, 4, 0, 0, 206, 0, 0, 6, 0, 0, 0, 117)
17 (1, 4, 0, 0, 123, 0, 0, 12, 0, 0, 0, 156)
18 (1, 4, 0, 0, 45, 0, 0, 13, 0, 0, 0, 182)
19 (1, 4, 22, 0, 0, 0, 0, 13, 0, 0, 0, 250)
20 (1, 4, 167, 75, 0, 0, 0, 11, 0, 0, 0, 226)
21 (1, 4, 185, 89, 0, 0, 0, 0, 0, 0, 0, 214)
22 (1, 4, 63, 103, 0, 0, 0, 0, 0, 0, 0, 64)
23 (1, 4, 0, 121, 0, 0, 0, 0, 0, 0, 0, 88)
24 (1, 4, 0, 157, 0, 0, 0, 0, 0, 0, 0, 194)
25 (1, 4, 0, 202, 0, 0, 0, 0, 0, 0, 0, 34)
26 (1, 4, 0, 238, 0, 0, 0, 0, 0, 0, 0, 58)
27 (1, 4, 0, 299, 0, 0, 0, 0, 0, 0, 0, 50)
28 (1, 4, 104, 256, 0, 0, 0, 19, 0, 0, 0, 16)
0 (1, 4, 99, 28, 0, 0, 0, 63, 0, 0, 0, 161)
1 (1, 4, 873, 85, 48, 0, 0, 0, 0, 0, 0, 68)
2 (1, 4, 788, 115, 0, 0, 107, 25, 0, 0, 0, 227)
3 (1, 4, 0, 63, 0, 0, 0, 67, 0, 0, 0, 79)
4 (1, 4, 0, 102, 0, 0, 0, 65, 0, 0, 0, 18)
5 (1, 4, 210, 124, 0, 0, 0, 84, 0, 0, 0, 180)
6 (1, 4, 873, 0, 55, 0, 0, 9, 0, 0, 0, 25)
7 (1, 4, 0, 27, 0, 0, 100, 2, 0, 0, 0, 57)
8 (1, 4, 0, 15, 0, 0, 0, 23, 0, 0, 0, 15)
9 (1, 4, 28, 0, 6, 0, 0, 63, 0, 0, 0, 44)
10 (1, 4, 873, 42, 202, 0, 0, 10, 0, 0, 0, 158)
11 (1, 4, 784, 215, 178, 0, 9, 7, 0, 0, 0, 141)
12 (1, 4, 0, 262, 101, 0, 29, 25, 0, 0, 0, 219)
13 (1, 4, 0, 227, 75, 0, 0, 42, 0, 0, 0, 232)
14 (1, 4, 0, 90, 132, 0, 0, 78, 0, 0, 0, 142)
15 (1, 4, 873, 62, 447, 0, 0, 37, 0, 0, 0, 144)
16 (1, 4, 2, 60, 12, 0, 59, 35, 0, 0, 0, 79)
17 (1, 4, 0, 22, 0, 0, 0, 36, 0, 0, 0, 124)
18 (1, 4, 0, 6, 0, 0, 0, 63, 20, 0, 0, 255)
19 (1, 4, 624, 0, 43, 0, 0, 39, 20, 0, 0, 34)
20 (1, 4, 139, 0, 0, 0, 68, 0, 0, 0, 0, 240)
21 (1, 4, 0, 81, 0, 0, 0, 0, 0, 0, 0, 41)
22 (1, 4, 0, 166, 0, 0, 0, 32, 20, 0, 0, 22)
23 (1, 4, 524, 31, 0, 0, 0, 25, 0, 0, 0, 4)
24 (1, 4, 448, 0, 0, 0, 0, 0, 0, 0, 0, 224)
25 (1, 4, 0, 52, 0, 0, 0, 22, 0, 0, 0, 24)
26 (1, 4, 19, 18, 0, 0, 0, 41, 0, 0, 0, 20)
27 (1, 4, 622, 0, 127, 0, 0, 25, 0, 0, 0, 165)
28 (1, 4, 681, 31, 187, 0, 0, 9, 0, 0, 0, 68)
29 (1, 4, 135, 106, 119, 0, 25, 8, 0, 0, 0, 150)
30 (1, 4, 0, 150, 105, 0, 0, 14, 0, 0, 0, 162)
31 (1, 4, 0, 167, 224, 0, 0, 30, 0, 0, 0, 190)
0 (1, 4, 267, 50, 79, 0, 0, 6, 20, 0, 0, 3)
1 (1, 4, 0, 114, 0, 0, 0, 0, 20, 0, 0, 142)
2 (1, 4, 0, 15, 0, 0, 0, 0, 20, 0, 0, 114)
3 (1, 4, 138, 175, 0, 0, 0, 0, 20, 0, 0, 200)
4 (1, 4, 256, 141, 0, 0, 0, 0, 0, 0, 0, 161)
5 (1, 4, 35, 147, 0, 0, 0, 0, 0, 0, 0, 19)
6 (1, 4, 303, 139, 0, 0, 0, 9, 0, 0, 0, 190)
7 (1, 4, 857, 157, 82, 0, 0, 0, 0, 0, 0, 120)
8 (1, 4, 634, 117, 26, 0, 0, 1, 0, 0, 0, 196)
9 (1, 4, 153, 77, 40, 0, 12, 17, 0, 0, 0, 198)
10 (1, 4, 0, 53, 98, 0, 0, 20, 0, 0, 0, 62)
11 (1, 4, 0, 31, 215, 0, 0, 16, 0, 0, 0, 237)
12 (1, 4, 0, 61, 353, 0, 0, 11, 0, 0, 0, 65)
13 (1, 4, 0, 225, 438, 0, 0, 7, 0, 0, 0, 196)
14 (1, 4, 0, 371, 342, 0, 0, 20, 0, 0, 0, 109)
15 (1, 4, 0, 259, 81, 0, 0, 30, 0, 0, 0, 166)
16 (1, 4, 0, 32, 0, 0, 0, 39, 0, 0, 0, 14)
17 (1, 4, 0, 0, 0, 0, 0, 37, 0, 0, 0, 117)
18 (1, 4, 0, 0, 0, 0, 0, 24, 0, 0, 0, 71)
19 (1, 4, 0, 0, 0, 0, 0, 12, 0, 0, 0, 225)
20 (1, 4, 0, 0, 0, 0, 0, 11, 0, 0, 0, 242)
21 (1, 4, 299, 0, 0, 0, 0, 15, 0, 0, 0, 32)
22 (1, 4, 705, 0, 0, 0, 0, 0, 0, 0, 0, 232)
23 (1, 4, 249, 2, 0, 0, 28, 0, 0, 0, 0, 113)
24 (1, 4, 0, 69, 0, 0, 0, 0, 0, 0, 0, 146)
25 (1, 4, 0, 86, 0, 0, 0, 25, 20, 0, 0, 112)
26 (1, 4, 162, 0, 19, 0, 0, 49, 20, 0, 0, 100)
27 (1, 4, 873, 0, 289, 0, 0, 1, 0, 0, 0, 160)
28 (1, 4, 825, 142, 261, 0, 19, 0, 0, 0, 0, 189)
29 (1, 4, 0, 238, 113, 0, 38, 14, 0, 0, 0, 238)
30 (1, 4, 0, 192, 141, 0, 0, 28, 0, 0, 0, 55)
31 (1, 4, 0, 123, 195, 0, 0, 48, 20, 0, 0, 75)
0 (1, 4, 460, 0, 0, 0, 0, 18, 20, 0, 0, 127)
1 (1, 4, 519, 0, 0, 0, 0, 6, 0, 0, 0, 156)
2 (1, 4, 0, 20, 0, 0, 29, 1, 0, 0, 0, 196)
3 (1, 4, 0, 38, 0, 0, 0, 12, 20, 0, 0, 41)
4 (1, 4, 0, 49, 0, 0, 0, 36, 20, 0, 0, 1)
5 (1, 4, 791, 0, 136, 0, 0, 34, 0, 0, 0, 231)
6 (1, 4, 873, 87, 268, 0, 0, 0, 0, 0, 0, 23)
7 (1, 4, 0, 108, 51, 0, 57, 8, 0, 0, 0, 182)
8 (1, 4, 0, 25, 4, 0, 0, 28, 0, 0, 0, 11)
9 (1, 4, 0, 0, 167, 0, 0, 48, 0, 0, 0, 230)
10 (1, 4, 419, 32, 198, 0, 0, 21, 0, 0, 0, 124)
11 (1, 4, 0, 94, 28, 0, 18, 10, 0, 0, 0, 33)
12 (1, 4, 0, 21, 0, 0, 0, 21, 0, 0, 0, 9)
13 (1, 4, 0, 0, 0, 0, 0, 50, 20, 0, 0, 8)
14 (1, 4, 674, 0, 113, 0, 0, 12, 0, 0, 0, 197)
15 (1, 4, 0, 77, 0, 0, 50, 0, 0, 0, 0, 91)
16 (1, 4, 0, 74, 0, 0, 0, 25, 20, 0, 0, 120)
17 (1, 4, 267, 0, 14, 0, 0, 55, 20, 0, 0, 15)
18 (1, 4, 824, 0, 102, 0, 0, 0, 0, 0, 0, 91)
19 (1, 4, 0, 56, 0, 0, 24, 4, 0, 0, 0, 95)
20 (1, 4, 0, 0, 0, 0, 0, 54, 20, 0, 0, 125)
21 (1, 4, 756, 0, 129, 0, 0, 28, 0, 0, 0, 208)
22 (1, 4, 165, 19, 0, 0, 63, 0, 0, 0, 0, 2)
23 (1, 4, 0, 32, 0, 0, 0, 16, 0, 0, 0, 111)
24 (1, 4, 125, 0, 61, 0, 0, 58, 20, 0, 0, 253)
25 (1, 4, 760, 0, 135, 0, 0, 0, 0, 0, 0, 165)
26 (1, 4, 0, 56, 0, 0, 22, 6, 0, 0, 0, 54)
27 (1, 4, 0, 0, 0, 0, 0, 45, 20, 0, 0, 34)
28 (1, 4, 514, 0, 103, 0, 0, 36, 0, 0, 0, 82)
29 (1, 4, 200, 43, 4, 0, 37, 0, 0, 0, 0, 242)
30 (1, 4, 0, 47, 0, 0, 0, 19, 0, 0, 0, 184)
31 (1, 4, 0, 0, 0, 0, 0, 58, 20, 0, 0, 226)
0 (1, 4, 613, 31, 97, 0, 0, 2, 0, 0, 0, 250)
1 (1, 4, 14, 107, 0, 0, 7, 21, 0, 0, 0, 17)
2 (1, 4, 0, 61, 0, 0, 0, 35, 0, 0, 0, 198)
3 (1, 4, 0, 0, 0, 0, 0, 34, 0, 0, 0, 102)
4 (1, 4, 0, 23, 0, 0, 0, 19, 0, 0, 0, 168)
5 (1, 4, 0, 0, 0, 0, 0, 33, 20, 0, 0, 189)
6 (1, 4, 206, 0, 28, 0, 0, 46, 0, 0, 0, 172)
7 (1, 4, 873, 0, 243, 0, 0, 0, 0, 0, 0, 120)
8 (1, 4, 363, 152, 44, 0, 66, 0, 0, 0, 0, 119)
9 (1, 4, 0, 74, 0, 0, 0, 5, 0, 0, 0, 137)
10 (1, 4, 0, 0, 0, 0, 0, 33, 20, 0, 0, 189)
11 (1, 4, 599, 0, 21, 0, 0, 27, 0, 0, 0, 211)
12 (1, 4, 873, 39, 128, 0, 0, 0, 0, 0, 0, 121)
13 (1, 4, 0, 178, 0, 0, 62, 0, 0, 0, 0, 233)
14 (1, 4, 0, 127, 0, 0, 0, 16, 20, 0, 0, 129)
15 (1, 4, 0, 21, 0, 0, 0, 35, 20, 0, 0, 10)
16 (1, 4, 714, 0, 32, 0, 0, 15, 0, 0, 0, 141)
17 (1, 4, 873, 135, 171, 0, 0, 0, 0, 0, 0, 67)
18 (1, 4, 0, 106, 0, 0, 65, 10, 0, 0, 0, 209)
19 (1, 4, 0, 0, 0, 0, 0, 40, 20, 0, 0, 136)
20 (1, 4, 374, 0, 0, 0, 0, 44, 0, 0, 0, 200)
21 (1, 4, 873, 78, 139, 0, 0, 0, 0, 0, 0, 57)
22 (1, 4, 0, 133, 0, 0, 18, 16, 0, 0, 0, 180)
23 (1, 4, 0, 0, 0, 0, 0, 46, 20, 0, 0, 68)
24 (1, 4, 620, 0, 41, 0, 0, 30, 0, 0, 0, 95)
25 (1, 4, 873, 78, 175, 0, 3, 0, 0, 0, 0, 18)
26 (1, 4, 0, 223, 0, 0, 15, 6, 0, 0, 0, 73)
27 (1, 4, 0, 63, 0, 0, 0, 49, 20, 0, 0, 124)
28 (1, 4, 873, 0, 168, 0, 0, 28, 0, 0, 0, 183)
29 (1, 4, 873, 61, 162, 0, 41, 0, 0, 0, 0, 162)
30 (1, 4, 0, 116, 0, 0, 7, 9, 0, 0, 0, 217)
31 (1, 4, 0, 4, 0, 0, 0, 66, 20, 0, 0, 229)
0 (1, 4, 0, 34, 0, 0, 7, 12, 0, 0, 0, 38)
1 (1, 4, 0, 0, 0, 0, 0, 66, 20, 0, 0, 63)
2 (1, 4, 873, 0, 241, 0, 0, 24, 0, 0, 0, 110)
3 (1, 4, 798, 44, 194, 0, 49, 0, 0, 0, 0, 179)
4 (1, 4, 0, 73, 0, 0, 17, 0, 0, 0, 0, 7)
5 (1, 4, 0, 0, 0, 0, 0, 58, 20, 0, 0, 226)
6 (1, 4, 873, 0, 190, 0, 0, 32, 20, 0, 0, 233)
7 (1, 4, 554, 24, 119, 0, 92, 0, 0, 0, 0, 33)
8 (1, 4, 0, 107, 0, 0, 0, 0, 0, 0, 0, 84)
9 (1, 4, 0, 0, 0, 0, 0, 61, 20, 0, 0, 241)
10 (1, 4, 873, 0, 193, 0, 0, 8, 0, 0, 0, 60)
11 (1, 4, 0, 3, 0, 0, 99, 0, 0, 0, 0, 58)
12 (1, 4, 0, 67, 0, 0, 0, 8, 20, 0, 0, 114)
13 (1, 4, 430, 0, 53, 0, 0, 73, 0, 0, 0, 193)
14 (1, 4, 873, 0, 174, 0, 5, 0, 0, 0, 0, 16)
15 (1, 4, 0, 55, 0, 0, 33, 0, 0, 0, 0, 171)
16 (1, 4, 0, 6, 0, 0, 0, 50, 20, 0, 0, 191)
17 (1, 4, 873, 0, 181, 0, 0, 30, 0, 0, 0, 7)
18 (1, 4, 334, 12, 46, 0, 106, 0, 0, 0, 0, 223)
19 (1, 4, 0, 50, 0, 0, 0, 1, 0, 0, 0, 111)
20 (1, 4, 0, 0, 20, 0, 0, 72, 20, 0, 0, 77)
21 (1, 4, 873, 0, 252, 0, 0, 0, 0, 0, 0, 33)
22 (1, 4, 0, 52, 0, 0, 70, 0, 0, 0, 0, 12)
23 (1, 4, 0, 51, 0, 0, 0, 18, 20, 0, 0, 210)
24 (1, 4, 0, 0, 20, 0, 0, 57, 20, 0, 0, 165)
25 (1, 4, 873, 0, 202, 0, 0, 10, 0, 0, 0, 130)
26 (1, 4, 467, 59, 51, 0, 46, 0, 0, 0, 0, 61)
27 (1, 4, 0, 120, 0, 0, 0, 20, 0, 0, 0, 75)
28 (1, 4, 0, 56, 0, 0, 0, 57, 20, 0, 0, 148)
29 (1, 4, 538, 0, 50, 0, 0, 41, 0, 0, 0, 204)
30 (1, 4, 688, 0, 89, 0, 0, 17, 0, 0, 0, 232)
31 (1, 4, 0, 77, 0, 0, 47, 7, 0, 0, 0, 150)
0 (1, 4, 0, 59, 0, 0, 0, 37, 0, 0, 0, 189)
1 (1, 4, 0, 39, 0, 0, 0, 45, 0, 0, 0, 95)
2 (1, 4, 294, 26, 45, 0, 0, 35, 0, 0, 0, 111)
3 (1, 4, 245, 72, 52, 0, 0, 35, 0, 0, 0, 219)
4 (1, 4, 0, 82, 0, 0, 16, 32, 0, 0, 0, 213)
5 (1, 4, 0, 48, 0, 0, 0, 26, 0, 0, 0, 93)
6 (1, 4, 0, 0, 0, 0, 0, 44, 20, 0, 0, 253)
7 (1, 4, 368, 0, 70, 0, 0, 38, 0, 0, 0, 53)
8 (1, 4, 873, 0, 196, 0, 0, 0, 0, 0, 0, 28)
9 (1, 4, 0, 91, 0, 0, 62, 0, 0, 0, 0, 175)
10 (1, 4, 0, 55, 0, 0, 0, 5, 20, 0, 0, 200)
11 (1, 4, 0, 0, 0, 0, 0, 62, 20, 0, 0, 151)
12 (1, 4, 873, 0, 281, 0, 0, 0, 0, 0, 0, 66)
13 (1, 4, 873, 68, 0, 0, 66, 0, 0, 0, 0, 249)
14 (1, 4, 0, 134, 0, 0, 44, 0, 0, 0, 0, 231)
15 (1, 4, 0, 209, 0, 0, 0, 0, 20, 0, 0, 149)
16 (1, 4, 441, 0, 0, 0, 0, 53, 0, 0, 0, 232)
17 (1, 4, 873, 0, 306, 0, 0, 0, 0, 0, 0, 187)
18 (1, 4, 0, 170, 0, 0, 102, 0, 0, 0, 0, 101)
19 (1, 4, 0, 166, 0, 0, 0, 0, 20, 0, 0, 183)
20 (1, 4, 353, 0, 74, 0, 0, 63, 20, 0, 0, 98)
21 (1, 4, 873, 0, 334, 0, 0, 0, 0, 0, 0, 35)
22 (1, 4, 0, 22, 0, 0, 75, 0, 0, 0, 0, 248)
23 (1, 4, 0, 52, 0, 0, 0, 2, 20, 0, 0, 3)
24 (1, 4, 503, 0, 63, 0, 0, 56, 0, 0, 0, 173)
25 (1, 4, 873, 0, 221, 0, 0, 0, 0, 0, 0, 75)
26 (1, 4, 0, 69, 0, 0, 38, 0, 0, 0, 0, 142)
27 (1, 4, 0, 31, 0, 0, 0, 37, 20, 0, 0, 24)
28 (1, 4, 838, 0, 122, 0, 0, 37, 20, 0, 0, 138)
29 (1, 4, 873, 38, 181, 0, 0, 1, 0, 0, 0, 88)
30 (1, 4, 0, 91, 0, 0, 73, 12, 0, 0, 0, 202)
31 (1, 4, 0, 14, 0, 0, 0, 61, 20, 0, 0, 245)
0 (1, 4, 873, 42, 343, 0, 0, 0, 0, 0, 0, 104)
1 (1, 4, 0, 63, 0, 0, 47, 3, 0, 0, 0, 174)
2 (1, 4, 0, 30, 0, 0, 0, 0, 20, 0, 0, 166)
3 (1, 4, 36, 0, 0, 0, 0, 59, 20, 0, 0, 194)
4 (1, 4, 873, 0, 26, 0, 0, 0, 20, 0, 0, 25)
5 (1, 4, 0, 1, 0, 0, 94, 0, 0, 0, 0, 132)
6 (1, 4, 0, 198, 0, 0, 0, 0, 0, 0, 0, 75)
7 (1, 4, 391, 86, 44, 0, 0, 59, 0, 0, 0, 244)
8 (1, 4, 873, 51, 203, 0, 0, 0, 0, 0, 0, 62)
9 (1, 4, 719, 108, 97, 0, 69, 0, 0, 0, 0, 133)
10 (1, 4, 0, 108, 0, 0, 7, 0, 0, 0, 0, 62)
11 (1, 4, 0, 0, 0, 0, 0, 71, 20, 0, 0, 149)
12 (1, 4, 873, 0, 107, 0, 0, 0, 0, 0, 0, 74)
13 (1, 4, 676, 0, 0, 0, 88, 0, 0, 0, 0, 206)
14 (1, 4, 0, 62, 0, 0, 15, 0, 0, 0, 0, 112)
15 (1, 4, 0, 0, 0, 0, 0, 86, 0, 0, 0, 36)
16 (1, 4, 873, 0, 215, 0, 0, 0, 0, 0, 0, 216)
17 (1, 4, 105, 50, 0, 0, 81, 0, 0, 0, 0, 102)
18 (1, 4, 0, 137, 0, 0, 0, 22, 20, 0, 0, 219)
19 (1, 4, 454, 87, 54, 0, 0, 69, 20, 0, 0, 134)
20 (1, 4, 873, 0, 90, 0, 0, 0, 0, 0, 0, 95)
21 (1, 4, 0, 0, 0, 0, 74, 23, 0, 0, 0, 151)
22 (1, 4, 0, 0, 0, 0, 0, 112, 0, 0, 0, 73)
23 (1, 4, 609, 0, 0, 0, 9, 35, 0, 0, 0, 69)
24 (1, 4, 212, 272, 52, 0, 32, 22, 0, 0, 0, 115)
25 (1, 4, 0, 431, 176, 0, 0, 34, 0, 0, 0, 129)
26 (1, 4, 139, 296, 267, 0, 3, 39, 20, 0, 0, 67)
27 (1, 4, 0, 0, 0, 0, 0, 10, 20, 0, 0, 144)
28 (1, 4, 64, 42, 0, 0, 0, 26, 20, 0, 0, 214)
29 (1, 4, 873, 176, 171, 0, 0, 0, 20, 0, 0, 95)
30 (1, 4, 350, 186, 0, 0, 0, 0, 0, 0, 0, 61)
31 (1, 4, 0, 175, 0, 0, 0, 31, 0, 0, 0, 38)
0 (1, 4, 76, 36, 0, 0, 0, 44, 0, 0, 0, 153)
1 (1, 4, 43, 42, 0, 0, 0, 39, 0, 0, 0, 117)
2 (1, 4, 25, 46, 0, 0, 0, 34, 0, 0, 0, 62)
3 (1, 4, 32, 58, 0, 0, 0, 28, 0, 0, 0, 136)
4 (1, 4, 0, 86, 0, 0, 0, 28, 0, 0, 0, 103)
5 (1, 4, 0, 97, 61, 0, 2, 31, 0, 0, 0, 165)
6 (1, 4, 0, 102, 216, 0, 0, 25, 0, 0, 0, 167)
7 (1, 4, 0, 138, 311, 0, 0, 15, 0, 0, 0, 97)
8 (1, 4, 0, 166, 293, 0, 0, 0, 0, 0, 0, 99)
9 (1, 4, 193, 339, 280, 0, 0, 33, 0, 0, 0, 211)
10 (1, 4, 302, 316, 268, 0, 0, 40, 0, 0, 0, 52)
11 (1, 4, 245, 188, 209, 0, 0, 51, 0, 0, 0, 205)
12 (1, 4, 351, 77, 162, 0, 0, 45, 0, 0, 0, 209)
13 (1, 4, 266, 0, 111, 0, 0, 42, 0, 0, 0, 190)
14 (1, 4, 279, 0, 102, 0, 0, 35, 0, 0, 0, 5)
15 (1, 4, 107, 0, 37, 0, 0, 19, 0, 0, 0, 211)
16 (1, 4, 0, 0, 0, 0, 0, 0, 0, 0, 0, 126)
17 (1, 4, 0, 0, 0, 0, 0, 0, 20, 0, 0, 195)
18 (1, 4, 0, 0, 0, 0, 0, 5, 0, 0, 0, 212)
19 (1, 4, 0, 0, 0, 0, 0, 16, 0, 0, 0, 173)
20 (1, 4, 163, 0, 0, 0, 0, 32, 20, 0, 0, 162)
21 (1, 4, 175, 0, 0, 0, 0, 32, 20, 0, 0, 234)
22 (1, 4, 12, 0, 0, 0, 8, 25, 20, 0, 0, 172)
23 (1, 4, 0, 0, 0, 0, 7, 18, 20, 0, 0, 193)
24 (1, 4, 0, 0, 59, 0, 0, 19, 0, 0, 0, 77)
25 (1, 4, 0, 66, 166, 0, 0, 29, 0, 0, 0, 125)
26 (1, 4, 0, 137, 285, 0, 0, 27, 0, 0, 0, 114)
27 (1, 4, 0, 189, 385, 0, 0, 19, 0, 0, 0, 141)
28 (1, 4, 0, 268, 453, 0, 0, 21, 0, 0, 0, 22)
29 (1, 4, 72, 371, 422, 0, 0, 29, 0, 0, 0, 42)
30 (1, 4, 70, 373, 219, 0, 0, 30, 0, 0, 0, 254)
31 (1, 4, 0, 211, 20, 0, 0, 39, 0, 0, 0, 214)
0 (1, 4, 0, 0, 0, 0, 0, 79, 0, 0, 0, 194)
1 (1, 4, 170, 0, 0, 0, 0, 75, 0, 0, 0, 9)
2 (1, 4, 263, 0, 0, 8, 0, 82, 0, 0, 0, 129)
3 (1, 4, 270, 0, 0, 18, 0, 89, 0, 0, 0, 66)
4 (1, 4, 228, 0, 0, 22, 0, 93, 0, 0, 0, 126)
5 (1, 4, 209, 0, 0, 27, 0, 84, 0, 0, 0, 193)
6 (1, 4, 161, 0, 0, 33, 0, 89, 0, 0, 0, 247)
7 (1, 4, 61, 0, 0, 24, 0, 107, 0, 0, 0, 120)
8 (1, 4, 0, 17, 57, 23, 0, 82, 0, 0, 0, 134)
9 (1, 4, 0, 151, 183, 22, 0, 61, 0, 0, 0, 14)
10 (1, 4, 315, 260, 164, 0, 0, 243, 0, 0, 0, 140)
11 (1, 4, 62, 36, 23, 0, 0, 121, 0, 0, 0, 141)
12 (1, 4, 0, 0, 0, 5, 0, 111, 0, 0, 0, 0)
13 (1, 4, 0, 0, 0, 19, 0, 109, 0, 0, 0, 12)
14 (1, 4, 20, 11, 7, 13, 0, 113, 0, 0, 0, 91)
15 (1, 4, 2, 7, 0, 8, 0, 113, 0, 0, 0, 112)
16 (1, 4, 0, 7, 0, 14, 0, 113, 0, 0, 0, 46)
17 (1, 4, 0, 11, 0, 11, 0, 113, 0, 0, 0, 36)
18 (1, 4, 0, 8, 0, 11, 0, 113, 0, 0, 0, 252)
19 (1, 4, 0, 8, 0, 11, 0, 113, 0, 0, 0, 252)
20 (1, 4, 0, 8, 0, 11, 0, 113, 0, 0, 0, 252)
21 (1, 4, 0, 9, 0, 11, 0, 112, 0, 0, 0, 150)
22 (1, 4, 0, 11, 0, 11, 0, 112, 0, 0, 0, 251)
23 (1, 4, 0, 12, 0, 11, 0, 112, 0, 0, 0, 249)
24 (1, 4, 0, 11, 0, 10, 0, 112, 0, 0, 0, 228)
25 (1, 4, 0, 13, 0, 10, 0, 113, 0, 0, 0, 140)
26 (1, 4, 0, 15, 0, 5, 0, 116, 0, 0, 0, 238)
27 (1, 4, 0, 0, 223, 0, 0, 84, 0, 0, 0, 177)
28 (1, 4, 0, 0, 129, 4, 0, 0, 0, 0, 0, 103)
29 (1, 4, 0, 138, 0, 38, 0, 0, 20, 0, 0, 183)
0 (1, 4, 81, 0, 0, 19, 0, 0, 0, 0, 0, 207)
1 (1, 4, 0, 0, 0, 0, 0, 0, 0, 0, 0, 126)
2 (1, 4, 0, 0, 0, 0, 0, 0, 0, 0, 0, 126)
3 (1, 4, 42, 50, 0, 0, 0, 0, 0, 0, 0, 27)
4 (1, 4, 69, 79, 0, 1, 0, 0, 0, 0, 0, 236)
5 (1, 4, 2, 0, 0, 6, 0, 0, 0, 0, 0, 32)
6 (1, 4, 48, 5, 0, 4, 0, 0, 0, 0, 0, 74)
7 (1, 4, 83, 0, 0, 15, 0, 0, 0, 0, 0, 160)
8 (1, 4, 0, 0, 0, 34, 0, 0, 0, 0, 0, 169)
9 (1, 4, 221, 286, 0, 0, 0, 0, 0, 0, 0, 196)
10 (1, 4, 106, 105, 0, 0, 0, 0, 0, 0, 0, 27)
11 (1, 4, 0, 0, 198, 21, 0, 0, 0, 0, 0, 145)
12 (1, 4, 235, 83, 141, 6, 0, 0, 0, 0, 0, 184)
13 (1, 4, 459, 0, 50, 0, 0, 0, 0, 0, 0, 44)
14 (1, 4, 216, 0, 130, 14, 0, 0, 0, 0, 0, 22)
15 (1, 4, 476, 14, 154, 13, 0, 0, 0, 0, 0, 202)
16 (1, 4, 226, 0, 285, 0, 0, 20, 0, 0, 0, 203)
17 (1, 4, 285, 0, 234, 0, 0, 34, 0, 0, 0, 165)
18 (1, 4, 371, 0, 206, 0, 0, 12, 0, 0, 0, 152)
19 (1, 4, 182, 114, 187, 0, 0, 42, 0, 0, 0, 160)
20 (1, 4, 21, 68, 146, 0, 0, 76, 0, 0, 0, 138)
21 (1, 4, 207, 96, 173, 0, 0, 62, 0, 0, 0, 212)
22 (1, 4, 223, 176, 170, 0, 0, 67, 0, 0, 0, 69)
23 (1, 4, 217, 205, 148, 0, 0, 73, 0, 0, 0, 130)
24 (1, 4, 180, 183, 169, 0, 0, 72, 0, 0, 0, 92)
25 (1, 4, 88, 138, 145, 0, 0, 67, 0, 0, 0, 129)
26 (1, 4, 90, 38, 24, 0, 0, 59, 0, 0, 0, 51)
27 (1, 4, 43, 0, 0, 0, 0, 51, 0, 0, 0, 207)
28 (1, 4, 217, 0, 7, 0, 0, 68, 0, 0, 0, 169)
29 (1, 4, 14, 0, 0, 0, 0, 53, 0, 0, 0, 242)
30 (1, 4, 0, 0, 8, 0, 0, 54, 0, 0, 0, 124)
31 (1, 4, 0, 0, 0, 0, 0, 57, 0, 0, 0, 57)
0 (1, 4, 0, 0, 218, 0, 0, 0, 0, 0, 0, 152)
1 (1, 4, 0, 0, 0, 0, 0, 0, 20, 0, 0, 195)
2 (1, 4, 101, 265, 0, 0, 0, 0, 20, 0, 0, 88)
3 (1, 4, 17, 100, 0, 0, 0, 0, 20, 0, 0, 182)
4 (1, 4, 88, 156, 0, 0, 0, 0, 0, 0, 0, 110)
5 (1, 4, 873, 319, 69, 0, 0, 0, 0, 0, 0, 142)
6 (1, 4, 873, 342, 124, 0, 0, 0, 0, 0, 0, 96)
7 (1, 4, 873, 569, 140, 0, 0, 0, 0, 0, 0, 51)
8 (1, 4, 832, 150, 17, 0, 14, 52, 0, 0, 0, 26)
9 (1, 4, 221, 0, 0, 0, 36, 69, 0, 0, 0, 69)
10 (1, 4, 0, 0, 46, 0, 34, 88, 0, 0, 0, 206)
11 (1, 4, 0, 0, 248, 0, 43, 26, 0, 0, 0, 142)
12 (1, 4, 0, 0, 299, 0, 0, 0, 0, 0, 0, 218)
13 (1, 4, 0, 0, 223, 0, 0, 0, 20, 0, 0, 239)
14 (1, 4, 22, 193, 103, 0, 0, 34, 20, 0, 0, 200)
15 (1, 4, 663, 225, 0, 0, 0, 10, 0, 0, 0, 3)
16 (1, 4, 873, 193, 311, 0, 0, 0, 0, 0, 0, 70)
17 (1, 4, 873, 158, 399, 0, 10, 0, 0, 0, 0, 234)
18 (1, 4, 0, 76, 24, 0, 106, 26, 0, 0, 0, 243)
19 (1, 4, 0, 102, 0, 0, 25, 21, 0, 0, 0, 204)
20 (1, 4, 0, 89, 0, 0, 0, 1, 0, 0, 0, 69)
21 (1, 4, 0, 0, 0, 0, 0, 0, 20, 0, 0, 195)
22 (1, 4, 0, 35, 0, 0, 0, 0, 20, 0, 0, 217)
23 (1, 4, 0, 19, 0, 0, 0, 14, 0, 0, 0, 225)
24 (1, 4, 403, 0, 20, 0, 0, 16, 0, 0, 0, 105)
25 (1, 4, 873, 0, 103, 0, 0, 1, 0, 0, 0, 119)
26 (1, 4, 873, 0, 111, 0, 0, 0, 0, 0, 0, 20)
27 (1, 4, 495, 19, 36, 0, 86, 18, 0, 0, 0, 128)
28 (1, 4, 0, 0, 0, 0, 10, 63, 0, 0, 0, 198)
29 (1, 4, 0, 0, 0, 0, 0, 83, 0, 0, 0, 142)
0 (1, 4, 0, 70, 0, 0, 0, 64, 14, 7, 0, 75)
1 (1, 4, 0, 32, 0, 0, 0, 73, 11, 7, 0, 101)
2 (1, 4, 0, 3, 0, 0, 0, 71, 11, 8, 0, 30)
3 (1, 4, 0, 9, 0, 0, 0, 70, 11, 7, 0, 88)
4 (1, 4, 0, 36, 0, 0, 0, 70, 10, 7, 0, 36)
5 (1, 4, 0, 11, 0, 0, 0, 73, 9, 6, 0, 99)
6 (1, 4, 0, 0, 0, 0, 0, 54, 9, 7, 0, 173)
7 (1, 4, 112, 272, 0, 0, 0, 43, 8, 5, 0, 160)
8 (1, 4, 0, 443, 42, 0, 0, 48, 20, 0, 0, 240)
9 (1, 4, 0, 167, 10, 0, 0, 52, 0, 0, 0, 43)
10 (1, 4, 0, 39, 62, 0, 0, 41, 0, 0, 0, 102)
11 (1, 4, 20, 87, 151, 0, 0, 27, 0, 0, 0, 114)
12 (1, 4, 202, 64, 134, 0, 0, 44, 0, 0, 0, 179)
13 (1, 4, 142, 0, 123, 0, 0, 32, 0, 0, 0, 227)
14 (1, 4, 77, 0, 160, 0, 0, 40, 0, 0, 0, 245)
15 (1, 4, 22, 6, 196, 0, 0, 22, 0, 0, 0, 70)
16 (1, 4, 67, 0, 52, 0, 0, 41, 0, 0, 0, 174)
17 (1, 4, 0, 0, 0, 0, 0, 38, 0, 0, 0, 19)
18 (1, 4, 0, 28, 0, 0, 0, 20, 0, 0, 0, 208)
19 (1, 4, 0, 184, 0, 0, 0, 17, 0, 0, 0, 99)
20 (1, 4, 37, 204, 0, 0, 0, 15, 0, 0, 0, 157)
21 (1, 4, 16, 103, 0, 0, 0, 19, 0, 0, 0, 104)
22 (1, 4, 3, 133, 0, 0, 0, 12, 0, 0, 0, 157)
23 (1, 4, 56, 113, 0, 0, 0, 27, 0, 0, 0, 227)
24 (1, 4, 102, 34, 0, 0, 0, 21, 0, 0, 0, 194)
25 (1, 4, 9, 10, 0, 0, 0, 19, 0, 0, 0, 107)
26 (1, 4, 0, 0, 0, 0, 0, 22, 0, 0, 0, 97)
27 (1, 4, 0, 0, 26, 0, 0, 22, 0, 0, 0, 141)
28 (1, 4, 10, 0, 60, 0, 0, 23, 0, 0, 0, 177)
29 (1, 4, 0, 0, 72, 0, 0, 23, 0, 0, 0, 249)
30 (1, 4, 0, 0, 73, 0, 0, 23, 0, 0, 0, 109)
31 (1, 4, 0, 0, 56, 0, 0, 22, 0, 0, 0, 92)
0 (1, 4, 222, 67, 0, 0, 0, 65, 0, 0, 0, 151)
1 (1, 4, 179, 130, 0, 0, 0, 47, 0, 0, 0, 106)
2 (1, 4, 212, 112, 0, 0, 0, 64, 0, 0, 0, 95)
3 (1, 4, 144, 85, 0, 0, 0, 77, 0, 0, 0, 3)
4 (1, 4, 119, 85, 0, 0, 0, 79, 0, 0, 0, 203)
5 (1, 4, 1, 187, 0, 10, 0, 79, 0, 0, 0, 195)
6 (1, 4, 209, 167, 0, 8, 0, 69, 0, 0, 0, 218)
7 (1, 4, 133, 230, 0, 0, 0, 87, 0, 0, 0, 47)
8 (1, 4, 163, 288, 0, 0, 0, 82, 0, 0, 0, 182)
9 (1, 4, 0, 135, 0, 0, 28, 42, 0, 0, 0, 40)
10 (1, 4, 0, 40, 39, 0, 7, 41, 0, 0, 0, 232)
11 (1, 4, 0, 7, 368, 0, 0, 29, 20, 0, 0, 117)
12 (1, 4, 0, 0, 623, 0, 0, 0, 0, 0, 0, 152)
13 (1, 4, 0, 0, 588, 0, 0, 0, 0, 0, 0, 221)
14 (1, 4, 0, 109, 419, 0, 0, 8, 0, 0, 0, 224)
15 (1, 4, 5, 126, 263, 0, 0, 11, 0, 0, 0, 88)
16 (1, 4, 0, 126, 222, 0, 0, 25, 0, 0, 0, 4)
17 (1, 4, 0, 107, 180, 0, 0, 46, 0, 0, 0, 253)
18 (1, 4, 0, 58, 93, 0, 0, 72, 0, 0, 0, 94)
19 (1, 4, 102, 39, 0, 0, 0, 91, 0, 0, 0, 206)
20 (1, 4, 130, 0, 0, 0, 0, 92, 0, 0, 0, 126)
21 (1, 4, 87, 0, 0, 0, 0, 78, 0, 0, 0, 94)
22 (1, 4, 103, 0, 0, 0, 0, 65, 0, 0, 0, 128)
23 (1, 4, 133, 0, 0, 0, 0, 48, 0, 0, 0, 47)
24 (1, 4, 50, 0, 0, 0, 0, 34, 20, 0, 0, 224)
25 (1, 4, 0, 0, 0, 0, 0, 33, 20, 0, 0, 189)
26 (1, 4, 0, 0, 0, 0, 0, 32, 20, 0, 0, 98)
27 (1, 4, 23, 0, 0, 0, 0, 35, 0, 0, 0, 115)
28 (1, 4, 100, 0, 0, 0, 0, 43, 20, 0, 0, 152)
29 (1, 4, 139, 0, 0, 0, 0, 38, 0, 0, 0, 100)
30 (1, 4, 64, 41, 0, 0, 8, 40, 0, 0, 0, 185)
31 (1, 4, 0, 100, 75, 0, 12, 41, 0, 0, 0, 175)

