0 (1, 4, 0, 0, 0, 0, 0, 0, 3, 1, 0, 179)
1 (1, 4, 177, 228, 0, 0, 0, 28, 3, 1, 0, 89)
2 (1, 4, 106, 109, 0, 0, 54, 88, 3, 1, 0, 233)
3 (1, 4, 0, 38, 0, 0, 192, 77, 3, 1, 0, 237)
4 (1, 4, 60, 90, 64, 0, 152, 80, 3, 1, 0, 253)
5 (1, 4, 0, 51, 347, 0, 72, 93, 3, 1, 0, 27)
6 (1, 4, 44, 0, 487, 0, 0, 95, 3, 1, 0, 31)
7 (1, 4, 13, 0, 546, 0, 0, 81, 2, 1, 0, 181)
8 (1, 4, 0, 0, 258, 0, 0, 84, 3, 1, 0, 34)
9 (1, 4, 0, 0, 27, 28, 0, 48, 3, 1, 0, 202)
10 (1, 4, 0, 0, 0, 28, 0, 52, 3, 1, 0, 199)
11 (1, 4, 66, 0, 0, 18, 0, 59, 3, 1, 0, 17)
12 (1, 4, 36, 10, 0, 10, 0, 63, 2, 1, 0, 189)
13 (1, 4, 0, 33, 13, 7, 0, 62, 2, 1, 0, 217)
14 (1, 4, 0, 51, 16, 5, 0, 65, 2, 0, 0, 71)
15 (1, 4, 0, 71, 23, 3, 0, 60, 2, 0, 0, 109)
16 (1, 4, 0, 108, 38, 0, 0, 52, 2, 0, 0, 26)
17 (1, 4, 0, 137, 37, 0, 0, 37, 2, 0, 0, 130)
18 (1, 4, 0, 234, 69, 0, 0, 33, 2, 0, 0, 107)
19 (1, 4, 0, 380, 158, 0, 0, 49, 2, 0, 0, 248)
20 (1, 4, 31, 440, 260, 0, 0, 51, 1, 0, 0, 69)
21 (1, 4, 0, 291, 271, 0, 0, 54, 1, 0, 0, 89)
22 (1, 4, 5, 148, 238, 0, 0, 55, 1, 0, 0, 200)
23 (1, 4, 5, 64, 169, 0, 0, 43, 1, 0, 0, 163)
24 (1, 4, 0, 45, 140, 0, 0, 38, 1, 0, 0, 124)
25 (1, 4, 0, 9, 157, 0, 0, 32, 1, 0, 0, 67)
26 (1, 4, 25, 0, 126, 0, 0, 27, 1, 0, 0, 106)
27 (1, 4, 75, 34, 88, 0, 0, 26, 1, 0, 0, 224)
28 (1, 4, 40, 34, 53, 0, 0, 28, 1, 0, 0, 3)
29 (1, 4, 30, 8, 35, 0, 0, 26, 1, 0, 0, 222)
30 (1, 4, 7, 0, 14, 0, 0, 23, 1, 0, 0, 59)
31 (1, 4, 0, 0, 0, 0, 0, 20, 1, 0, 0, 186)
0 (1, 4, 41, 113, 0, 14, 0, 69, 3, 1, 0, 202)
1 (1, 4, 34, 113, 0, 0, 0, 80, 3, 1, 0, 107)
2 (1, 4, 0, 76, 0, 0, 0, 71, 3, 1, 0, 15)
3 (1, 4, 69, 50, 0, 0, 0, 62, 3, 1, 0, 150)
4 (1, 4, 81, 25, 0, 0, 150, 56, 3, 2, 0, 54)
5 (1, 4, 0, 70, 0, 0, 117, 127, 3, 2, 0, 252)
6 (1, 4, 0, 0, 219, 0, 127, 130, 3, 1, 0, 201)
7 (1, 4, 44, 0, 464, 0, 80, 103, 3, 1, 0, 124)
8 (1, 4, 76, 0, 556, 0, 0, 101, 3, 1, 0, 154)
9 (1, 4, 1, 0, 357, 0, 0, 96, 3, 1, 0, 203)
10 (1, 4, 34, 0, 98, 9, 0, 67, 3, 1, 0, 134)
11 (1, 4, 25, 2, 0, 21, 0, 65, 3, 1, 0, 78)
12 (1, 4, 0, 26, 0, 13, 0, 74, 3, 1, 0, 129)
13 (1, 4, 0, 50, 0, 2, 0, 80, 3, 1, 0, 213)
14 (1, 4, 0, 75, 0, 0, 0, 72, 3, 1, 0, 244)
15 (1, 4, 0, 105, 0, 0, 0, 55, 3, 0, 0, 254)
16 (1, 4, 0, 189, 18, 0, 0, 54, 2, 0, 0, 42)
17 (1, 4, 0, 275, 98, 0, 0, 74, 2, 0, 0, 218)
18 (1, 4, 0, 241, 130, 0, 0, 79, 2, 0, 0, 76)
19 (1, 4, 0, 191, 170, 0, 0, 90, 1, 0, 0, 86)
20 (1, 4, 0, 137, 220, 0, 0, 82, 1, 0, 0, 163)
21 (1, 4, 14, 113, 209, 0, 0, 69, 1, 0, 0, 211)
22 (1, 4, 18, 100, 234, 0, 0, 68, 1, 0, 0, 44)
23 (1, 4, 0, 66, 249, 0, 0, 53, 1, 0, 0, 137)
24 (1, 4, 0, 70, 288, 0, 0, 46, 1, 0, 0, 12)
25 (1, 4, 0, 102, 259, 0, 0, 47, 1, 0, 0, 84)
26 (1, 4, 56, 86, 152, 0, 0, 37, 1, 0, 0, 39)
27 (1, 4, 0, 80, 59, 0, 0, 32, 1, 0, 0, 217)
28 (1, 4, 0, 36, 0, 0, 0, 33, 1, 0, 0, 122)
29 (1, 4, 0, 0, 0, 0, 0, 29, 1, 0, 0, 143)
0 (1, 4, 0, 0, 0, 0, 0, 71, 1, 0, 0, 74)
1 (1, 4, 0, 0, 0, 1, 0, 63, 2, 0, 0, 46)
2 (1, 4, 37, 0, 0, 3, 0, 59, 2, 0, 0, 148)
3 (1, 4, 67, 0, 0, 0, 0, 58, 3, 1, 0, 9)
4 (1, 4, 85, 0, 0, 0, 0, 58, 3, 1, 0, 205)
5 (1, 4, 82, 0, 0, 2, 0, 58, 3, 1, 0, 217)
6 (1, 4, 50, 0, 0, 16, 0, 54, 4, 1, 0, 232)
7 (1, 4, 0, 23, 0, 23, 0, 70, 4, 1, 0, 218)
8 (1, 4, 0, 21, 0, 41, 0, 65, 4, 1, 0, 0)
9 (1, 4, 0, 92, 0, 39, 0, 50, 4, 1, 0, 110)
10 (1, 4, 3, 245, 0, 0, 0, 46, 4, 1, 0, 65)
11 (1, 4, 197, 117, 0, 0, 0, 118, 3, 1, 0, 173)
12 (1, 4, 0, 0, 0, 0, 172, 117, 3, 1, 0, 53)
13 (1, 4, 0, 0, 4, 0, 145, 105, 3, 1, 0, 244)
14 (1, 4, 85, 19, 237, 0, 69, 88, 3, 1, 0, 43)
15 (1, 4, 140, 24, 324, 3, 51, 83, 3, 1, 0, 22)
16 (1, 4, 117, 36, 407, 12, 0, 103, 3, 1, 0, 118)
17 (1, 4, 102, 99, 361, 4, 0, 125, 3, 1, 0, 59)
18 (1, 4, 0, 0, 101, 27, 0, 100, 3, 1, 0, 195)
19 (1, 4, 0, 0, 0, 42, 0, 68, 3, 1, 0, 172)
20 (1, 4, 0, 0, 0, 41, 0, 61, 3, 1, 0, 143)
21 (1, 4, 0, 0, 0, 40, 0, 69, 3, 1, 0, 77)
22 (1, 4, 0, 50, 0, 42, 0, 79, 3, 1, 0, 238)
23 (1, 4, 0, 50, 0, 40, 0, 85, 3, 1, 0, 80)
24 (1, 4, 0, 55, 0, 39, 0, 87, 3, 1, 0, 35)
25 (1, 4, 0, 63, 0, 38, 0, 88, 3, 0, 0, 29)
26 (1, 4, 0, 79, 0, 32, 0, 84, 3, 0, 0, 224)
27 (1, 4, 0, 123, 0, 25, 0, 60, 2, 0, 0, 12)
28 (1, 4, 0, 194, 0, 16, 0, 42, 2, 0, 0, 80)
29 (1, 4, 0, 261, 2, 14, 0, 52, 2, 0, 0, 162)
0 (1, 4, 0, 0, 273, 0, 0, 66, 2, 1, 0, 155)
1 (1, 4, 107, 0, 188, 0, 0, 78, 2, 1, 0, 12)
2 (1, 4, 89, 0, 60, 0, 0, 63, 2, 1, 0, 46)
3 (1, 4, 44, 0, 0, 0, 0, 43, 3, 1, 0, 17)
4 (1, 4, 0, 0, 0, 0, 0, 6, 3, 1, 0, 127)
5 (1, 4, 0, 137, 0, 0, 0, 0, 3, 1, 0, 180)
6 (1, 4, 0, 397, 0, 0, 0, 91, 3, 1, 0, 145)
7 (1, 4, 0, 119, 0, 0, 187, 80, 2, 1, 0, 147)
8 (1, 4, 85, 68, 8, 0, 106, 84, 2, 1, 0, 172)
9 (1, 4, 27, 11, 261, 0, 21, 78, 2, 1, 0, 211)
10 (1, 4, 140, 0, 380, 0, 0, 76, 2, 1, 0, 147)
11 (1, 4, 104, 0, 541, 0, 12, 63, 2, 1, 0, 245)
12 (1, 4, 0, 0, 724, 0, 0, 39, 2, 0, 0, 153)
13 (1, 4, 21, 0, 548, 0, 0, 52, 2, 0, 0, 113)
14 (1, 4, 0, 0, 112, 0, 0, 74, 2, 0, 0, 214)
15 (1, 4, 0, 0, 0, 0, 0, 57, 2, 0, 0, 253)
16 (1, 4, 0, 0, 0, 0, 0, 65, 2, 0, 0, 32)
17 (1, 4, 0, 0, 0, 0, 0, 63, 2, 0, 0, 49)
18 (1, 4, 0, 32, 0, 0, 0, 61, 2, 0, 0, 74)
19 (1, 4, 0, 92, 0, 0, 0, 48, 2, 0, 0, 67)
20 (1, 4, 0, 51, 0, 0, 0, 50, 2, 0, 0, 10)
21 (1, 4, 0, 64, 0, 0, 0, 40, 2, 0, 0, 114)
22 (1, 4, 0, 70, 0, 0, 0, 31, 2, 0, 0, 164)
23 (1, 4, 1, 103, 54, 0, 0, 42, 2, 0, 0, 245)
24 (1, 4, 55, 98, 60, 0, 0, 65, 2, 0, 0, 98)
25 (1, 4, 0, 49, 8, 0, 0, 74, 2, 0, 0, 6)
26 (1, 4, 0, 0, 0, 0, 0, 68, 2, 0, 0, 138)
27 (1, 4, 19, 0, 0, 0, 0, 56, 2, 0, 0, 208)
28 (1, 4, 36, 6, 0, 0, 0, 55, 2, 0, 0, 147)
29 (1, 4, 28, 15, 0, 0, 0, 50, 2, 0, 0, 104)
0 (1, 4, 44, 0, 0, 0, 0, 57, 2, 0, 0, 114)
1 (1, 4, 46, 0, 0, 0, 0, 55, 2, 0, 0, 72)
2 (1, 4, 58, 0, 0, 0, 0, 68, 2, 0, 0, 193)
3 (1, 4, 74, 0, 0, 0, 0, 80, 2, 0, 0, 201)
4 (1, 4, 173, 0, 0, 5, 0, 111, 2, 0, 0, 80)
5 (1, 4, 209, 0, 0, 11, 0, 126, 2, 0, 0, 0)
6 (1, 4, 238, 0, 0, 12, 0, 123, 2, 0, 0, 138)
7 (1, 4, 233, 0, 0, 25, 0, 111, 2, 0, 0, 146)
8 (1, 4, 273, 0, 0, 23, 0, 105, 2, 0, 0, 45)
9 (1, 4, 200, 0, 0, 0, 0, 92, 2, 0, 0, 95)
10 (1, 4, 176, 0, 0, 0, 0, 46, 2, 0, 0, 15)
11 (1, 4, 101, 0, 0, 0, 0, 0, 2, 0, 0, 194)
12 (1, 4, 42, 0, 0, 0, 38, 11, 2, 0, 0, 129)
13 (1, 4, 0, 86, 0, 0, 164, 42, 2, 0, 0, 199)
14 (1, 4, 92, 0, 0, 0, 224, 83, 2, 0, 0, 72)
15 (1, 4, 164, 58, 212, 25, 183, 73, 2, 0, 0, 178)
16 (1, 4, 256, 72, 375, 30, 110, 81, 2, 0, 0, 137)
17 (1, 4, 183, 122, 388, 7, 26, 90, 2, 0, 0, 128)
18 (1, 4, 77, 101, 230, 0, 0, 114, 2, 0, 0, 80)
19 (1, 4, 0, 0, 10, 31, 0, 74, 2, 0, 0, 109)
20 (1, 4, 0, 0, 0, 61, 46, 41, 2, 0, 0, 118)
21 (1, 4, 0, 15, 0, 57, 54, 49, 2, 0, 0, 198)
22 (1, 4, 0, 45, 0, 48, 37, 62, 2, 0, 0, 121)
23 (1, 4, 0, 103, 0, 38, 26, 61, 2, 0, 0, 214)
24 (1, 4, 0, 186, 0, 12, 21, 56, 2, 0, 0, 197)
25 (1, 4, 0, 171, 0, 18, 6, 63, 2, 0, 0, 65)
26 (1, 4, 0, 27, 0, 24, 0, 99, 2, 0, 0, 61)
27 (1, 4, 14, 0, 0, 42, 11, 119, 2, 0, 0, 175)
28 (1, 4, 0, 0, 21, 56, 27, 111, 2, 0, 0, 59)
29 (1, 4, 0, 0, 18, 48, 0, 111, 2, 0, 0, 233)
0 (1, 4, 165, 0, 153, 55, 0, 77, 2, 0, 0, 190)
1 (1, 4, 7, 26, 136, 44, 0, 60, 2, 0, 0, 226)
2 (1, 4, 119, 9, 9, 13, 0, 71, 2, 0, 0, 221)
3 (1, 4, 38, 0, 0, 0, 0, 48, 3, 0, 0, 73)
4 (1, 4, 56, 0, 0, 0, 0, 45, 3, 0, 0, 110)
5 (1, 4, 19, 0, 0, 0, 81, 75, 2, 0, 0, 103)
6 (1, 4, 0, 0, 0, 0, 273, 82, 2, 0, 0, 122)
7 (1, 4, 0, 0, 0, 27, 284, 56, 2, 0, 0, 184)
8 (1, 4, 117, 56, 358, 30, 213, 33, 2, 0, 0, 25)
9 (1, 4, 217, 138, 526, 26, 144, 40, 2, 0, 0, 219)
10 (1, 4, 162, 145, 526, 0, 30, 70, 2, 0, 0, 10)
11 (1, 4, 169, 240, 330, 0, 0, 135, 2, 0, 0, 155)
12 (1, 4, 0, 33, 47, 0, 0, 116, 2, 0, 0, 40)
13 (1, 4, 0, 0, 0, 42, 0, 74, 2, 0, 0, 131)
14 (1, 4, 0, 0, 0, 39, 15, 65, 2, 0, 0, 61)
15 (1, 4, 0, 9, 0, 42, 22, 54, 2, 0, 0, 185)
16 (1, 4, 0, 24, 0, 46, 29, 69, 2, 0, 0, 10)
17 (1, 4, 0, 0, 34, 56, 34, 81, 2, 0, 0, 59)
18 (1, 4, 0, 0, 100, 77, 16, 79, 2, 0, 0, 150)
19 (1, 4, 0, 57, 89, 84, 0, 87, 2, 0, 0, 104)
20 (1, 4, 0, 70, 43, 59, 0, 100, 2, 0, 0, 33)
21 (1, 4, 1, 95, 0, 48, 0, 106, 2, 0, 0, 78)
22 (1, 4, 0, 42, 0, 42, 0, 100, 2, 0, 0, 24)
23 (1, 4, 1, 24, 0, 41, 0, 96, 2, 0, 0, 140)
24 (1, 4, 0, 4, 0, 43, 0, 91, 2, 0, 0, 74)
25 (1, 4, 0, 7, 0, 42, 0, 88, 2, 0, 0, 235)
26 (1, 4, 0, 9, 1, 39, 0, 89, 2, 0, 0, 63)
27 (1, 4, 0, 1, 18, 36, 0, 86, 2, 0, 0, 144)
28 (1, 4, 0, 7, 22, 37, 0, 82, 2, 0, 0, 19)
29 (1, 4, 0, 20, 13, 41, 0, 82, 2, 0, 0, 86)
0 (1, 4, 138, 0, 0, 49, 0, 74, 2, 0, 0, 212)
1 (1, 4, 147, 0, 0, 50, 0, 62, 2, 0, 0, 41)
2 (1, 4, 121, 0, 0, 41, 1, 63, 2, 0, 0, 150)
3 (1, 4, 78, 0, 0, 30, 0, 64, 2, 0, 0, 111)
4 (1, 4, 48, 0, 0, 6, 0, 61, 2, 0, 0, 237)
5 (1, 4, 0, 0, 0, 1, 0, 31, 2, 0, 0, 143)
6 (1, 4, 0, 0, 0, 0, 31, 53, 2, 0, 0, 78)
7 (1, 4, 0, 0, 0, 0, 230, 68, 2, 0, 0, 184)
8 (1, 4, 0, 0, 0, 52, 318, 57, 2, 0, 0, 212)
9 (1, 4, 186, 124, 441, 28, 242, 40, 2, 0, 0, 196)
10 (1, 4, 232, 202, 536, 0, 115, 79, 2, 0, 0, 17)
11 (1, 4, 0, 185, 412, 0, 0, 121, 2, 0, 0, 45)
12 (1, 4, 61, 34, 162, 0, 0, 97, 2, 0, 0, 111)
13 (1, 4, 0, 0, 11, 39, 0, 60, 2, 0, 0, 228)
14 (1, 4, 0, 0, 0, 59, 24, 46, 2, 1, 0, 213)
15 (1, 4, 0, 1, 0, 63, 32, 55, 2, 0, 0, 216)
16 (1, 4, 0, 0, 0, 47, 39, 75, 2, 0, 0, 90)
17 (1, 4, 0, 27, 0, 38, 28, 78, 2, 0, 0, 223)
18 (1, 4, 0, 3, 0, 38, 35, 65, 2, 0, 0, 213)
19 (1, 4, 0, 26, 0, 46, 25, 64, 2, 0, 0, 46)
20 (1, 4, 0, 0, 36, 27, 27, 55, 2, 0, 0, 154)
21 (1, 4, 0, 3, 78, 59, 3, 56, 2, 0, 0, 128)
22 (1, 4, 0, 23, 118, 57, 0, 77, 2, 0, 0, 46)
23 (1, 4, 0, 0, 101, 58, 0, 91, 2, 0, 0, 183)
24 (1, 4, 0, 0, 128, 47, 0, 77, 2, 0, 0, 2)
25 (1, 4, 0, 27, 161, 38, 0, 59, 2, 0, 0, 126)
26 (1, 4, 0, 101, 198, 24, 0, 39, 2, 0, 0, 82)
27 (1, 4, 0, 157, 206, 11, 0, 56, 2, 0, 0, 128)
28 (1, 4, 32, 105, 203, 0, 0, 64, 2, 0, 0, 114)
29 (1, 4, 97, 88, 128, 0, 0, 77, 2, 0, 0, 95)
0 (1, 4, 202, 0, 0, 2, 0, 133, 2, 0, 0, 84)
1 (1, 4, 165, 0, 0, 0, 0, 105, 2, 0, 0, 143)
2 (1, 4, 169, 0, 0, 0, 0, 54, 2, 0, 0, 168)
3 (1, 4, 191, 0, 0, 0, 0, 12, 2, 0, 0, 77)
4 (1, 4, 203, 0, 0, 0, 0, 0, 3, 0, 0, 38)
5 (1, 4, 187, 0, 0, 0, 0, 0, 3, 0, 0, 136)
6 (1, 4, 112, 0, 0, 0, 111, 7, 3, 0, 0, 219)
7 (1, 4, 0, 2, 0, 25, 230, 23, 3, 0, 0, 87)
8 (1, 4, 144, 32, 58, 49, 254, 48, 2, 0, 0, 154)
9 (1, 4, 137, 86, 321, 53, 198, 32, 2, 0, 0, 85)
10 (1, 4, 182, 142, 411, 12, 96, 52, 2, 0, 0, 233)
11 (1, 4, 35, 110, 273, 0, 0, 120, 2, 0, 0, 65)
12 (1, 4, 0, 0, 41, 33, 0, 65, 2, 0, 0, 0)
13 (1, 4, 0, 0, 0, 59, 29, 25, 2, 0, 0, 69)
14 (1, 4, 0, 56, 0, 57, 55, 36, 2, 0, 0, 103)
15 (1, 4, 0, 85, 0, 43, 42, 52, 2, 0, 0, 62)
16 (1, 4, 0, 93, 0, 38, 41, 61, 2, 0, 0, 168)
17 (1, 4, 0, 63, 64, 35, 43, 57, 2, 0, 0, 155)
18 (1, 4, 0, 51, 75, 46, 14, 58, 2, 0, 0, 159)
19 (1, 4, 0, 69, 116, 53, 2, 66, 2, 0, 0, 1)
20 (1, 4, 0, 118, 126, 44, 0, 84, 2, 0, 0, 20)
21 (1, 4, 0, 95, 114, 37, 0, 73, 2, 0, 0, 70)
22 (1, 4, 0, 92, 139, 16, 0, 76, 2, 0, 0, 234)
23 (1, 4, 0, 76, 172, 17, 0, 51, 2, 0, 0, 65)
24 (1, 4, 0, 137, 209, 1, 0, 50, 2, 0, 0, 136)
25 (1, 4, 0, 134, 221, 0, 0, 51, 2, 0, 0, 27)
26 (1, 4, 0, 107, 219, 0, 0, 46, 2, 0, 0, 101)
27 (1, 4, 3, 103, 196, 0, 0, 47, 2, 0, 0, 231)
28 (1, 4, 53, 130, 161, 0, 0, 57, 2, 0, 0, 27)
29 (1, 4, 132, 85, 99, 0, 0, 65, 2, 0, 0, 62)
0 (1, 4, 151, 0, 0, 0, 0, 37, 2, 0, 0, 110)
1 (1, 4, 112, 0, 0, 0, 0, 1, 2, 0, 0, 203)
2 (1, 4, 146, 0, 0, 0, 0, 0, 2, 0, 0, 83)
3 (1, 4, 110, 0, 0, 0, 14, 11, 2, 0, 0, 252)
4 (1, 4, 16, 0, 0, 0, 212, 8, 2, 0, 0, 248)
5 (1, 4, 45, 0, 0, 35, 297, 23, 2, 0, 0, 149)
6 (1, 4, 133, 110, 269, 31, 233, 36, 2, 0, 0, 234)
7 (1, 4, 157, 141, 399, 17, 122, 61, 2, 0, 0, 90)
8 (1, 4, 113, 75, 400, 6, 30, 71, 2, 0, 0, 96)
9 (1, 4, 0, 88, 275, 9, 0, 88, 2, 0, 0, 233)
10 (1, 4, 0, 0, 35, 40, 0, 57, 2, 0, 0, 169)
11 (1, 4, 0, 0, 0, 63, 3, 44, 2, 0, 0, 180)
12 (1, 4, 0, 1, 0, 67, 43, 39, 2, 0, 0, 14)
13 (1, 4, 0, 80, 0, 66, 43, 59, 2, 0, 0, 10)
14 (1, 4, 0, 91, 0, 63, 44, 53, 2, 0, 0, 127)
15 (1, 4, 0, 199, 0, 39, 45, 49, 2, 0, 0, 117)
16 (1, 4, 0, 255, 17, 22, 15, 46, 2, 0, 0, 90)
17 (1, 4, 0, 50, 23, 39, 0, 46, 2, 0, 0, 221)
18 (1, 4, 0, 38, 155, 27, 0, 43, 2, 0, 0, 69)
19 (1, 4, 0, 87, 257, 9, 0, 44, 2, 0, 0, 74)
20 (1, 4, 0, 62, 299, 0, 0, 35, 2, 0, 0, 126)
21 (1, 4, 0, 119, 304, 0, 0, 35, 2, 0, 0, 131)
22 (1, 4, 0, 230, 315, 0, 0, 56, 2, 0, 0, 14)
23 (1, 4, 249, 219, 307, 0, 0, 59, 2, 0, 0, 110)
24 (1, 4, 194, 248, 213, 0, 0, 67, 2, 0, 0, 52)
25 (1, 4, 0, 210, 167, 0, 0, 72, 2, 0, 0, 113)
26 (1, 4, 29, 146, 149, 0, 0, 73, 2, 0, 0, 37)
27 (1, 4, 0, 59, 122, 0, 0, 48, 2, 0, 0, 233)
28 (1, 4, 0, 83, 102, 0, 0, 44, 2, 0, 0, 202)
29 (1, 4, 20, 80, 68, 0, 0, 39, 2, 0, 0, 151)
0 (1, 4, 0, 0, 0, 0, 0, 22, 2, 0, 0, 165)
1 (1, 4, 167, 0, 0, 0, 0, 0, 2, 0, 0, 66)
2 (1, 4, 251, 0, 0, 0, 0, 0, 2, 0, 0, 99)
3 (1, 4, 207, 46, 0, 0, 0, 1, 2, 0, 0, 101)
4 (1, 4, 155, 0, 0, 0, 94, 38, 2, 0, 0, 15)
5 (1, 4, 0, 0, 0, 0, 278, 13, 2, 0, 0, 125)
6 (1, 4, 0, 47, 83, 45, 271, 46, 2, 0, 0, 185)
7 (1, 4, 190, 113, 378, 33, 185, 47, 2, 0, 0, 87)
8 (1, 4, 213, 114, 448, 11, 55, 79, 2, 0, 0, 111)
9 (1, 4, 96, 79, 253, 0, 0, 147, 2, 0, 0, 4)
10 (1, 4, 0, 0, 0, 72, 0, 17, 2, 0, 0, 155)
11 (1, 4, 0, 11, 12, 70, 78, 9, 2, 0, 0, 91)
12 (1, 4, 0, 115, 91, 48, 63, 27, 2, 0, 0, 161)
13 (1, 4, 0, 159, 75, 37, 31, 40, 2, 0, 0, 122)
14 (1, 4, 0, 145, 118, 27, 29, 43, 2, 0, 0, 185)
15 (1, 4, 0, 98, 187, 23, 16, 27, 2, 0, 0, 145)
16 (1, 4, 0, 59, 213, 24, 0, 24, 2, 0, 0, 251)
17 (1, 4, 0, 64, 339, 16, 0, 0, 2, 0, 0, 172)
18 (1, 4, 0, 100, 536, 0, 0, 0, 2, 0, 0, 88)
19 (1, 4, 0, 19, 663, 0, 0, 0, 2, 0, 0, 210)
20 (1, 4, 284, 165, 574, 0, 0, 64, 2, 0, 0, 15)
21 (1, 4, 553, 133, 413, 0, 0, 62, 2, 0, 0, 152)
22 (1, 4, 141, 161, 398, 0, 0, 87, 1, 0, 0, 221)
23 (1, 4, 269, 61, 265, 0, 0, 91, 1, 0, 0, 72)
24 (1, 4, 128, 0, 99, 0, 0, 63, 1, 0, 0, 60)
25 (1, 4, 0, 0, 19, 0, 0, 56, 1, 0, 0, 64)
26 (1, 4, 0, 0, 2, 0, 0, 44, 1, 0, 0, 13)
27 (1, 4, 0, 0, 7, 0, 0, 40, 1, 0, 0, 178)
28 (1, 4, 0, 0, 12, 0, 0, 37, 1, 0, 0, 245)
29 (1, 4, 7, 0, 19, 0, 0, 42, 1, 0, 0, 0)
30 (1, 4, 25, 25, 17, 0, 0, 47, 1, 0, 0, 86)
0 (1, 4, 49, 0, 0, 0, 0, 20, 2, 0, 0, 53)
1 (1, 4, 72, 0, 0, 0, 0, 0, 2, 0, 0, 67)
2 (1, 4, 98, 93, 0, 0, 0, 3, 2, 0, 0, 176)
3 (1, 4, 139, 97, 0, 0, 40, 55, 2, 0, 0, 148)
4 (1, 4, 39, 0, 0, 0, 238, 56, 2, 0, 0, 60)
5 (1, 4, 0, 0, 0, 55, 304, 15, 2, 0, 0, 155)
6 (1, 4, 191, 178, 341, 31, 203, 39, 2, 0, 0, 138)
7 (1, 4, 194, 157, 429, 16, 109, 69, 2, 0, 0, 246)
8 (1, 4, 120, 85, 411, 7, 36, 79, 2, 0, 0, 50)
9 (1, 4, 21, 67, 302, 19, 0, 88, 2, 0, 0, 243)
10 (1, 4, 17, 0, 89, 38, 0, 73, 2, 0, 0, 35)
11 (1, 4, 0, 0, 0, 64, 1, 44, 2, 0, 0, 40)
12 (1, 4, 0, 0, 0, 74, 36, 39, 2, 0, 0, 245)
13 (1, 4, 0, 0, 14, 63, 51, 43, 2, 0, 0, 226)
14 (1, 4, 0, 43, 75, 56, 52, 43, 2, 0, 0, 79)
15 (1, 4, 0, 81, 178, 43, 36, 37, 2, 0, 0, 103)
16 (1, 4, 0, 15, 285, 36, 0, 12, 2, 0, 0, 85)
17 (1, 4, 0, 27, 342, 27, 0, 0, 2, 0, 0, 54)
18 (1, 4, 0, 5, 412, 9, 0, 0, 2, 1, 0, 104)
19 (1, 4, 0, 0, 452, 0, 0, 0, 2, 0, 0, 179)
20 (1, 4, 0, 0, 518, 0, 0, 0, 2, 0, 0, 113)
21 (1, 4, 137, 0, 468, 0, 0, 0, 2, 0, 0, 167)
22 (1, 4, 266, 25, 408, 0, 0, 7, 2, 0, 0, 207)
23 (1, 4, 213, 0, 290, 0, 0, 12, 2, 0, 0, 227)
24 (1, 4, 239, 23, 252, 0, 0, 21, 2, 0, 0, 200)
25 (1, 4, 221, 31, 218, 0, 0, 39, 2, 0, 0, 4)
26 (1, 4, 225, 0, 188, 0, 0, 44, 2, 0, 0, 67)
27 (1, 4, 179, 0, 155, 0, 0, 53, 2, 0, 0, 203)
28 (1, 4, 55, 0, 123, 0, 0, 48, 2, 0, 0, 184)
29 (1, 4, 43, 0, 80, 0, 0, 43, 2, 0, 0, 182)
30 (1, 4, 89, 10, 35, 0, 0, 41, 2, 0, 0, 162)
31 (1, 4, 16, 10, 5, 0, 0, 32, 2, 0, 0, 239)
0 (1, 4, 0, 0, 0, 0, 0, 87, 2, 0, 0, 63)
1 (1, 4, 0, 0, 0, 0, 0, 75, 3, 0, 0, 17)
2 (1, 4, 0, 35, 0, 0, 0, 45, 3, 0, 0, 35)
3 (1, 4, 0, 155, 0, 0, 0, 43, 2, 0, 0, 156)
4 (1, 4, 47, 82, 0, 0, 36, 75, 2, 0, 0, 143)
5 (1, 4, 30, 0, 0, 0, 151, 99, 2, 0, 0, 85)
6 (1, 4, 0, 0, 208, 11, 195, 63, 2, 0, 0, 56)
7 (1, 4, 81, 23, 563, 0, 76, 70, 2, 0, 0, 143)
8 (1, 4, 83, 110, 609, 0, 0, 119, 2, 0, 0, 139)
9 (1, 4, 82, 0, 162, 0, 0, 93, 2, 0, 0, 57)
10 (1, 4, 0, 0, 30, 22, 0, 52, 2, 0, 0, 186)
11 (1, 4, 0, 0, 8, 27, 0, 45, 2, 0, 0, 201)
12 (1, 4, 1, 12, 13, 23, 0, 61, 2, 0, 0, 51)
13 (1, 4, 0, 20, 35, 14, 0, 63, 2, 0, 0, 117)
14 (1, 4, 0, 81, 98, 6, 0, 51, 2, 0, 0, 145)
15 (1, 4, 0, 156, 220, 0, 0, 48, 2, 0, 0, 86)
16 (1, 4, 0, 264, 437, 0, 0, 53, 2, 0, 0, 211)
17 (1, 4, 15, 257, 378, 0, 0, 63, 2, 0, 0, 143)
18 (1, 4, 104, 202, 279, 0, 0, 65, 2, 0, 0, 133)
19 (1, 4, 104, 147, 253, 0, 0, 67, 2, 0, 0, 226)
20 (1, 4, 65, 120, 216, 0, 0, 62, 2, 0, 0, 51)
21 (1, 4, 16, 96, 179, 0, 0, 58, 2, 0, 0, 241)
22 (1, 4, 0, 61, 120, 0, 0, 50, 2, 0, 0, 200)
23 (1, 4, 0, 8, 42, 0, 0, 44, 2, 0, 0, 90)
24 (1, 4, 0, 0, 12, 0, 0, 37, 2, 0, 0, 83)
25 (1, 4, 0, 0, 0, 0, 0, 35, 2, 0, 0, 125)
26 (1, 4, 0, 0, 0, 0, 0, 33, 2, 0, 0, 196)
27 (1, 4, 0, 0, 0, 0, 0, 33, 2, 0, 0, 196)
28 (1, 4, 6, 2, 0, 0, 0, 34, 2, 0, 0, 235)
29 (1, 4, 11, 1, 0, 0, 0, 35, 2, 0, 0, 170)
0 (1, 4, 0, 0, 0, 0, 0, 50, 2, 0, 0, 113)
1 (1, 4, 27, 0, 0, 0, 0, 60, 2, 0, 0, 213)
2 (1, 4, 0, 0, 0, 0, 0, 69, 2, 0, 0, 85)
3 (1, 4, 0, 0, 0, 0, 0, 84, 2, 0, 0, 89)
4 (1, 4, 0, 0, 0, 0, 0, 79, 2, 0, 0, 6)
5 (1, 4, 0, 0, 0, 0, 0, 82, 2, 0, 0, 149)
6 (1, 4, 0, 0, 0, 0, 0, 72, 2, 0, 0, 21)
7 (1, 4, 0, 0, 0, 0, 0, 57, 2, 0, 0, 253)
8 (1, 4, 0, 168, 0, 0, 0, 15, 2, 0, 0, 51)
9 (1, 4, 69, 197, 0, 0, 0, 53, 1, 0, 0, 150)
10 (1, 4, 0, 0, 0, 0, 106, 109, 1, 0, 0, 156)
11 (1, 4, 0, 0, 0, 0, 139, 84, 1, 0, 0, 129)
12 (1, 4, 183, 0, 42, 0, 159, 45, 1, 0, 0, 144)
13 (1, 4, 314, 40, 337, 0, 102, 78, 1, 0, 0, 12)
14 (1, 4, 166, 93, 581, 0, 0, 97, 1, 0, 0, 100)
15 (1, 4, 235, 36, 309, 0, 0, 141, 1, 0, 0, 225)
16 (1, 4, 0, 0, 13, 24, 0, 76, 2, 0, 0, 25)
17 (1, 4, 0, 0, 0, 35, 0, 49, 2, 0, 0, 223)
18 (1, 4, 0, 25, 30, 19, 0, 61, 1, 0, 0, 45)
19 (1, 4, 0, 46, 90, 6, 0, 59, 1, 0, 0, 113)
20 (1, 4, 0, 92, 177, 0, 0, 45, 1, 0, 0, 146)
21 (1, 4, 0, 142, 307, 0, 0, 33, 1, 0, 0, 0)
22 (1, 4, 0, 284, 428, 0, 0, 46, 1, 0, 0, 198)
23 (1, 4, 0, 303, 392, 0, 0, 61, 1, 0, 0, 168)
24 (1, 4, 58, 129, 206, 0, 0, 77, 1, 0, 0, 33)
25 (1, 4, 66, 95, 222, 0, 0, 72, 1, 0, 0, 205)
26 (1, 4, 21, 102, 223, 0, 0, 61, 1, 0, 0, 34)
27 (1, 4, 0, 73, 194, 0, 0, 55, 1, 0, 0, 221)
28 (1, 4, 21, 61, 156, 0, 0, 48, 1, 0, 0, 171)
29 (1, 4, 7, 54, 112, 0, 0, 41, 1, 0, 0, 204)
30 (1, 4, 0, 64, 85, 0, 0, 37, 1, 0, 0, 218)
0 (1, 4, 0, 109, 0, 0, 146, 22, 2, 0, 0, 123)
1 (1, 4, 0, 0, 0, 0, 369, 98, 2, 0, 0, 31)
2 (1, 4, 217, 76, 104, 29, 338, 87, 2, 0, 0, 124)
3 (1, 4, 286, 109, 514, 0, 169, 93, 2, 0, 0, 83)
4 (1, 4, 266, 0, 547, 15, 58, 51, 2, 0, 0, 33)
5 (1, 4, 238, 0, 428, 10, 0, 25, 2, 0, 0, 37)
6 (1, 4, 159, 28, 235, 46, 0, 10, 2, 0, 0, 238)
7 (1, 4, 6, 0, 0, 69, 0, 0, 2, 0, 0, 40)
8 (1, 4, 0, 10, 0, 88, 1, 0, 2, 0, 0, 199)
9 (1, 4, 0, 86, 0, 82, 42, 0, 2, 0, 0, 205)
10 (1, 4, 0, 155, 30, 63, 36, 0, 2, 0, 0, 86)
11 (1, 4, 0, 296, 81, 39, 12, 8, 2, 0, 0, 66)
12 (1, 4, 0, 249, 28, 18, 0, 26, 2, 0, 0, 73)
13 (1, 4, 0, 31, 0, 43, 0, 16, 2, 0, 0, 137)
14 (1, 4, 0, 97, 63, 63, 0, 6, 2, 0, 0, 225)
15 (1, 4, 0, 227, 204, 71, 0, 21, 2, 0, 0, 59)
16 (1, 4, 0, 284, 374, 32, 0, 69, 2, 0, 0, 7)
17 (1, 4, 0, 253, 388, 3, 0, 96, 2, 0, 0, 112)
18 (1, 4, 0, 246, 357, 0, 0, 95, 1, 0, 0, 119)
19 (1, 4, 0, 376, 272, 0, 0, 172, 2, 0, 0, 90)
20 (1, 4, 122, 43, 112, 0, 0, 144, 2, 0, 0, 242)
21 (1, 4, 0, 0, 66, 0, 0, 73, 1, 0, 0, 184)
22 (1, 4, 30, 0, 51, 0, 0, 53, 1, 0, 0, 74)
23 (1, 4, 6, 4, 28, 0, 0, 49, 1, 0, 0, 210)
24 (1, 4, 31, 4, 6, 0, 0, 52, 1, 0, 0, 10)
25 (1, 4, 0, 14, 0, 0, 0, 57, 1, 0, 0, 95)
26 (1, 4, 0, 16, 0, 0, 0, 58, 1, 0, 0, 92)
27 (1, 4, 18, 41, 0, 0, 0, 64, 1, 0, 0, 97)
28 (1, 4, 58, 39, 0, 0, 0, 74, 2, 0, 0, 39)
29 (1, 4, 44, 26, 0, 0, 0, 72, 1, 0, 0, 131)
0 (1, 4, 7, 194, 0, 3, 0, 61, 2, 0, 0, 108)
1 (1, 4, 53, 136, 0, 0, 0, 76, 2, 0, 0, 195)
2 (1, 4, 73, 72, 0, 0, 0, 81, 2, 0, 0, 52)
3 (1, 4, 61, 18, 0, 0, 0, 71, 2, 0, 0, 129)
4 (1, 4, 91, 16, 0, 0, 0, 56, 2, 0, 0, 72)
5 (1, 4, 90, 62, 0, 0, 0, 44, 2, 0, 0, 38)
6 (1, 4, 35, 114, 0, 0, 0, 30, 2, 0, 0, 215)
7 (1, 4, 21, 272, 0, 0, 0, 34, 2, 0, 0, 240)
8 (1, 4, 241, 80, 0, 0, 144, 128, 2, 0, 0, 214)
9 (1, 4, 0, 0, 0, 13, 322, 92, 2, 0, 0, 211)
10 (1, 4, 211, 118, 365, 31, 226, 77, 2, 0, 0, 235)
11 (1, 4, 113, 120, 479, 0, 59, 97, 2, 0, 0, 1)
12 (1, 4, 168, 94, 322, 0, 0, 126, 2, 0, 0, 102)
13 (1, 4, 0, 0, 148, 0, 0, 120, 2, 0, 0, 183)
14 (1, 4, 0, 0, 13, 25, 0, 83, 2, 0, 0, 44)
15 (1, 4, 0, 0, 0, 34, 20, 81, 2, 0, 0, 66)
16 (1, 4, 0, 12, 6, 29, 21, 83, 2, 0, 0, 33)
17 (1, 4, 0, 51, 0, 26, 7, 82, 2, 0, 0, 183)
18 (1, 4, 0, 74, 8, 24, 11, 77, 2, 0, 0, 27)
19 (1, 4, 0, 94, 0, 18, 0, 81, 2, 0, 0, 220)
20 (1, 4, 0, 65, 6, 23, 0, 76, 2, 0, 0, 141)
21 (1, 4, 0, 48, 50, 16, 3, 74, 2, 0, 0, 221)
22 (1, 4, 0, 34, 67, 13, 0, 61, 1, 0, 0, 90)
23 (1, 4, 0, 13, 121, 23, 0, 59, 1, 0, 0, 198)
24 (1, 4, 0, 33, 183, 9, 0, 67, 1, 0, 0, 58)
25 (1, 4, 0, 80, 201, 18, 0, 86, 1, 0, 0, 79)
26 (1, 4, 62, 56, 176, 0, 0, 108, 1, 0, 0, 116)
27 (1, 4, 0, 4, 154, 0, 0, 95, 1, 0, 0, 180)
28 (1, 4, 0, 0, 111, 0, 0, 83, 1, 0, 0, 176)
29 (1, 4, 0, 0, 82, 0, 0, 70, 1, 0, 0, 62)
30 (1, 4, 0, 0, 72, 0, 0, 66, 1, 0, 0, 167)
31 (1, 4, 0, 0, 50, 0, 0, 64, 1, 0, 0, 247)
0 (1, 4, 0, 0, 88, 0, 0, 65, 2, 0, 0, 24)
1 (1, 4, 0, 0, 88, 0, 0, 35, 2, 1, 0, 46)
2 (1, 4, 0, 10, 0, 0, 0, 0, 3, 1, 0, 109)
3 (1, 4, 0, 161, 0, 0, 0, 0, 3, 1, 0, 197)
4 (1, 4, 109, 290, 0, 0, 0, 32, 2, 1, 0, 50)
5 (1, 4, 258, 94, 0, 0, 73, 125, 2, 0, 0, 151)
6 (1, 4, 131, 0, 0, 0, 270, 111, 2, 0, 0, 99)
7 (1, 4, 116, 37, 408, 0, 181, 85, 2, 0, 0, 244)
8 (1, 4, 71, 0, 584, 0, 14, 81, 2, 0, 0, 125)
9 (1, 4, 145, 43, 576, 0, 0, 83, 2, 0, 0, 89)
10 (1, 4, 0, 0, 315, 0, 0, 74, 2, 0, 0, 119)
11 (1, 4, 0, 0, 94, 0, 0, 63, 2, 0, 0, 120)
12 (1, 4, 0, 0, 17, 0, 0, 56, 2, 0, 0, 201)
13 (1, 4, 0, 12, 10, 2, 0, 69, 2, 0, 0, 145)
14 (1, 4, 0, 41, 39, 0, 0, 62, 2, 0, 0, 49)
15 (1, 4, 0, 78, 81, 0, 0, 66, 2, 0, 0, 209)
16 (1, 4, 0, 90, 88, 0, 0, 65, 2, 0, 0, 36)
17 (1, 4, 0, 104, 126, 0, 0, 64, 2, 0, 0, 186)
18 (1, 4, 0, 113, 166, 0, 0, 42, 2, 0, 0, 163)
19 (1, 4, 129, 206, 202, 0, 0, 66, 2, 0, 0, 66)
20 (1, 4, 153, 191, 177, 0, 0, 76, 2, 0, 0, 28)
21 (1, 4, 76, 159, 154, 0, 0, 82, 2, 0, 0, 152)
22 (1, 4, 3, 137, 143, 0, 0, 64, 2, 0, 0, 66)
23 (1, 4, 44, 151, 112, 0, 0, 62, 2, 0, 0, 121)
24 (1, 4, 65, 125, 84, 0, 0, 51, 2, 0, 0, 15)
25 (1, 4, 2, 88, 48, 0, 0, 46, 2, 0, 0, 241)
26 (1, 4, 0, 46, 27, 0, 0, 42, 2, 0, 0, 246)
27 (1, 4, 0, 4, 6, 0, 0, 36, 2, 0, 0, 197)
28 (1, 4, 0, 6, 10, 0, 0, 32, 2, 0, 0, 63)
29 (1, 4, 0, 17, 8, 0, 0, 34, 2, 0, 0, 202)
30 (1, 4, 17, 6, 0, 0, 0, 33, 2, 0, 0, 157)
31 (1, 4, 0, 0, 0, 0, 0, 32, 2, 0, 0, 27)
0 (1, 4, 0, 0, 0, 0, 0, 85, 2, 0, 0, 134)
1 (1, 4, 0, 0, 0, 0, 0, 31, 2, 0, 0, 144)
2 (1, 4, 25, 0, 0, 0, 0, 0, 2, 0, 0, 36)
3 (1, 4, 193, 204, 0, 0, 0, 0, 2, 0, 0, 195)
4 (1, 4, 149, 35, 0, 0, 152, 0, 2, 0, 0, 19)
5 (1, 4, 18, 100, 0, 0, 243, 57, 2, 0, 0, 183)
6 (1, 4, 88, 37, 38, 0, 265, 52, 2, 0, 0, 45)
7 (1, 4, 216, 101, 362, 3, 190, 52, 2, 0, 0, 25)
8 (1, 4, 134, 114, 494, 0, 79, 63, 2, 0, 0, 154)
9 (1, 4, 0, 95, 441, 0, 0, 54, 2, 0, 0, 82)
10 (1, 4, 88, 0, 87, 44, 0, 26, 2, 0, 0, 47)
11 (1, 4, 0, 35, 0, 49, 0, 30, 2, 0, 0, 84)
12 (1, 4, 0, 12, 0, 59, 28, 23, 2, 0, 0, 115)
13 (1, 4, 0, 104, 24, 43, 39, 24, 2, 0, 0, 231)
14 (1, 4, 0, 182, 43, 38, 44, 21, 2, 0, 0, 171)
15 (1, 4, 0, 256, 174, 27, 36, 8, 2, 0, 0, 183)
16 (1, 4, 0, 315, 395, 0, 1, 31, 2, 0, 0, 111)
17 (1, 4, 0, 264, 459, 0, 0, 54, 2, 0, 0, 2)
18 (1, 4, 0, 200, 462, 0, 0, 48, 2, 0, 0, 99)
19 (1, 4, 0, 256, 469, 0, 0, 64, 2, 0, 0, 248)
20 (1, 4, 68, 282, 400, 0, 0, 90, 1, 0, 0, 225)
21 (1, 4, 249, 242, 329, 0, 0, 98, 1, 0, 0, 70)
22 (1, 4, 0, 141, 319, 0, 0, 65, 1, 0, 0, 222)
23 (1, 4, 3, 146, 293, 0, 0, 70, 1, 0, 0, 227)
24 (1, 4, 168, 65, 212, 0, 0, 58, 1, 0, 0, 130)
25 (1, 4, 139, 24, 82, 0, 0, 43, 1, 0, 0, 63)
26 (1, 4, 0, 9, 0, 0, 0, 34, 1, 0, 0, 2)
27 (1, 4, 0, 0, 0, 0, 0, 31, 1, 0, 0, 54)
28 (1, 4, 0, 0, 0, 0, 0, 25, 1, 0, 0, 250)
29 (1, 4, 0, 0, 0, 0, 0, 22, 1, 0, 0, 3)
30 (1, 4, 37, 0, 0, 0, 0, 24, 1, 0, 0, 212)
31 (1, 4, 61, 7, 0, 0, 0, 25, 1, 0, 0, 153)
0 (1, 4, 261, 441, 0, 0, 0, 93, 2, 0, 0, 25)
1 (1, 4, 138, 0, 0, 0, 187, 132, 2, 0, 0, 202)
2 (1, 4, 0, 0, 93, 12, 166, 105, 2, 0, 0, 53)
3 (1, 4, 0, 0, 417, 0, 74, 81, 2, 0, 0, 28)
4 (1, 4, 46, 0, 509, 0, 8, 62, 2, 0, 0, 28)
5 (1, 4, 46, 0, 540, 0, 0, 64, 2, 0, 0, 75)
6 (1, 4, 179, 0, 298, 0, 0, 53, 2, 0, 0, 114)
7 (1, 4, 0, 68, 102, 0, 0, 54, 2, 0, 0, 41)
8 (1, 4, 0, 39, 33, 0, 0, 58, 2, 0, 0, 49)
9 (1, 4, 0, 79, 59, 0, 0, 54, 2, 0, 0, 176)
10 (1, 4, 0, 108, 105, 0, 0, 56, 2, 0, 0, 39)
11 (1, 4, 0, 148, 151, 0, 0, 55, 2, 0, 0, 10)
12 (1, 4, 30, 200, 166, 0, 0, 61, 2, 0, 0, 115)
13 (1, 4, 108, 222, 175, 0, 0, 57, 2, 0, 0, 74)
14 (1, 4, 83, 214, 192, 0, 0, 59, 2, 0, 0, 97)
15 (1, 4, 33, 178, 232, 0, 0, 59, 2, 0, 0, 10)
16 (1, 4, 39, 135, 208, 0, 0, 58, 2, 0, 0, 0)
17 (1, 4, 29, 66, 129, 0, 0, 53, 2, 0, 0, 79)
18 (1, 4, 0, 26, 50, 0, 0, 49, 2, 0, 0, 6)
19 (1, 4, 0, 0, 2, 0, 0, 45, 2, 0, 0, 116)
20 (1, 4, 0, 0, 0, 0, 0, 40, 2, 0, 0, 241)
21 (1, 4, 0, 0, 0, 0, 0, 36, 2, 0, 0, 110)
22 (1, 4, 0, 0, 0, 0, 0, 34, 2, 0, 0, 162)
23 (1, 4, 16, 6, 0, 0, 0, 37, 2, 0, 0, 230)
24 (1, 4, 71, 6, 0, 0, 0, 44, 2, 0, 0, 144)
25 (1, 4, 58, 0, 0, 0, 0, 42, 2, 0, 0, 3)
26 (1, 4, 0, 0, 0, 0, 0, 36, 2, 0, 0, 110)
27 (1, 4, 0, 0, 0, 0, 0, 31, 2, 0, 0, 144)
28 (1, 4, 0, 0, 0, 0, 0, 29, 2, 0, 0, 41)
29 (1, 4, 0, 0, 0, 0, 0, 28, 2, 0, 0, 246)
30 (1, 4, 14, 0, 0, 0, 0, 34, 2, 0, 0, 246)
31 (1, 4, 31, 6, 0, 0, 0, 37, 2, 0, 0, 188)
0 (1, 4, 90, 0, 0, 0, 0, 73, 2, 0, 0, 207)
1 (1, 4, 58, 0, 0, 0, 0, 27, 2, 0, 0, 174)
2 (1, 4, 70, 0, 0, 0, 0, 0, 2, 0, 0, 23)
3 (1, 4, 43, 134, 0, 0, 0, 0, 2, 0, 0, 169)
4 (1, 4, 161, 146, 0, 0, 62, 24, 2, 0, 0, 10)
5 (1, 4, 0, 0, 0, 0, 239, 67, 2, 0, 0, 19)
6 (1, 4, 2, 0, 0, 10, 289, 47, 2, 0, 0, 95)
7 (1, 4, 125, 84, 368, 2, 238, 49, 2, 0, 0, 45)
8 (1, 4, 176, 72, 543, 0, 146, 65, 2, 0, 0, 253)
9 (1, 4, 77, 95, 563, 0, 9, 58, 2, 0, 0, 63)
10 (1, 4, 30, 97, 192, 2, 0, 110, 2, 0, 0, 12)
11 (1, 4, 0, 0, 0, 66, 0, 42, 2, 0, 0, 163)
12 (1, 4, 0, 0, 0, 70, 80, 24, 2, 0, 0, 139)
13 (1, 4, 0, 13, 52, 50, 80, 27, 2, 0, 0, 89)
14 (1, 4, 0, 35, 131, 35, 51, 26, 2, 0, 0, 161)
15 (1, 4, 0, 56, 192, 32, 32, 14, 2, 0, 0, 98)
16 (1, 4, 0, 102, 320, 25, 0, 1, 2, 0, 0, 37)
17 (1, 4, 0, 222, 439, 1, 0, 3, 2, 0, 0, 236)
18 (1, 4, 0, 337, 487, 0, 0, 28, 2, 0, 0, 8)
19 (1, 4, 0, 352, 487, 0, 0, 48, 2, 0, 0, 32)
20 (1, 4, 0, 462, 465, 0, 0, 111, 2, 0, 0, 120)
21 (1, 4, 274, 328, 336, 0, 0, 116, 2, 0, 0, 10)
22 (1, 4, 273, 296, 306, 0, 0, 121, 2, 0, 0, 51)
23 (1, 4, 34, 199, 318, 0, 0, 89, 2, 0, 0, 83)
24 (1, 4, 0, 123, 273, 0, 0, 83, 2, 0, 0, 183)
25 (1, 4, 0, 43, 154, 0, 0, 67, 2, 0, 0, 45)
26 (1, 4, 0, 0, 24, 0, 0, 52, 2, 0, 0, 126)
27 (1, 4, 0, 0, 0, 0, 0, 42, 1, 0, 0, 238)
28 (1, 4, 0, 0, 0, 0, 0, 35, 1, 0, 0, 219)
29 (1, 4, 0, 0, 0, 0, 0, 30, 1, 0, 0, 233)
30 (1, 4, 0, 3, 0, 0, 0, 29, 1, 0, 0, 87)
31 (1, 4, 0, 19, 0, 0, 0, 30, 1, 0, 0, 80)
0 (1, 4, 0, 0, 0, 0, 0, 47, 1, 0, 0, 68)
1 (1, 4, 0, 0, 0, 0, 0, 53, 1, 0, 0, 196)
2 (1, 4, 7, 0, 0, 0, 0, 60, 1, 0, 0, 219)
3 (1, 4, 12, 0, 0, 0, 0, 69, 2, 0, 0, 29)
4 (1, 4, 0, 0, 0, 0, 0, 70, 2, 0, 0, 51)
5 (1, 4, 0, 0, 0, 0, 0, 86, 2, 0, 0, 224)
6 (1, 4, 0, 0, 0, 0, 0, 83, 2, 0, 0, 74)
7 (1, 4, 0, 0, 0, 0, 0, 68, 2, 0, 0, 138)
8 (1, 4, 0, 0, 0, 0, 0, 41, 2, 0, 0, 46)
9 (1, 4, 0, 258, 0, 0, 0, 0, 2, 0, 0, 50)
10 (1, 4, 302, 586, 0, 0, 0, 80, 2, 0, 0, 45)
11 (1, 4, 187, 9, 0, 0, 78, 114, 2, 0, 0, 168)
12 (1, 4, 0, 0, 0, 0, 73, 113, 2, 0, 0, 240)
13 (1, 4, 0, 0, 0, 18, 88, 73, 2, 0, 0, 93)
14 (1, 4, 39, 0, 142, 45, 97, 55, 2, 0, 0, 22)
15 (1, 4, 203, 0, 404, 20, 105, 52, 2, 0, 0, 234)
16 (1, 4, 232, 90, 698, 0, 26, 63, 2, 0, 0, 201)
17 (1, 4, 235, 113, 609, 0, 0, 126, 2, 0, 0, 44)
18 (1, 4, 60, 16, 150, 0, 0, 99, 2, 0, 0, 201)
19 (1, 4, 0, 0, 3, 0, 0, 71, 2, 0, 0, 87)
20 (1, 4, 0, 4, 0, 0, 0, 70, 2, 0, 0, 233)
21 (1, 4, 0, 23, 46, 0, 0, 66, 2, 0, 0, 22)
22 (1, 4, 0, 39, 123, 0, 0, 55, 2, 0, 0, 102)
23 (1, 4, 0, 86, 186, 0, 0, 56, 2, 0, 0, 148)
24 (1, 4, 0, 108, 238, 0, 0, 53, 2, 0, 0, 115)
25 (1, 4, 8, 178, 295, 0, 0, 64, 2, 0, 0, 6)
26 (1, 4, 147, 188, 317, 0, 0, 76, 2, 0, 0, 230)
27 (1, 4, 107, 210, 340, 0, 0, 85, 2, 0, 0, 163)
28 (1, 4, 29, 168, 253, 0, 0, 77, 2, 0, 0, 148)
29 (1, 4, 0, 111, 100, 0, 0, 68, 2, 0, 0, 33)
30 (1, 4, 0, 83, 0, 0, 0, 57, 2, 0, 0, 199)
31 (1, 4, 0, 44, 0, 0, 0, 51, 2, 0, 0, 5)

