0 (1, 4, 0, 0, 0, 13, 0, 0, 2, 0, 0, 33)
1 (1, 4, 0, 0, 0, 11, 0, 0, 2, 0, 0, 99)
2 (1, 4, 0, 324, 138, 27, 0, 0, 2, 0, 0, 74)
3 (1, 4, 0, 873, 510, 0, 0, 0, 2, 0, 0, 206)
4 (1, 4, 241, 873, 591, 0, 0, 0, 1, 0, 0, 222)
5 (1, 4, 309, 873, 433, 0, 0, 83, 1, 0, 0, 41)
6 (1, 4, 5, 0, 0, 0, 0, 71, 1, 0, 0, 124)
7 (1, 4, 0, 0, 0, 0, 0, 0, 1, 0, 0, 28)
8 (1, 4, 0, 0, 17, 0, 0, 0, 1, 0, 0, 247)
9 (1, 4, 0, 0, 0, 0, 0, 0, 1, 0, 0, 28)
10 (1, 4, 0, 0, 0, 0, 0, 4, 1, 0, 0, 105)
11 (1, 4, 0, 0, 0, 0, 0, 0, 1, 0, 0, 28)
12 (1, 4, 0, 0, 0, 0, 0, 0, 1, 0, 0, 28)
13 (1, 4, 0, 0, 0, 0, 0, 2, 2, 0, 0, 3)
14 (1, 4, 0, 0, 0, 0, 0, 1, 2, 0, 0, 101)
15 (1, 4, 0, 0, 0, 0, 0, 0, 2, 0, 0, 186)
16 (1, 4, 0, 0, 0, 0, 0, 0, 2, 0, 0, 186)
17 (1, 4, 9, 0, 0, 0, 0, 0, 2, 0, 0, 196)
18 (1, 4, 0, 0, 0, 4, 0, 0, 2, 0, 0, 198)
19 (1, 4, 16, 0, 0, 4, 0, 0, 2, 0, 0, 38)
20 (1, 4, 5, 0, 0, 4, 0, 0, 2, 0, 0, 240)
21 (1, 4, 4, 1, 0, 3, 0, 0, 2, 0, 0, 22)
22 (1, 4, 8, 0, 0, 4, 0, 0, 2, 0, 0, 182)
23 (1, 4, 0, 0, 0, 7, 0, 0, 2, 0, 0, 231)
24 (1, 4, 0, 0, 2, 6, 0, 0, 2, 0, 0, 215)
25 (1, 4, 0, 0, 0, 4, 0, 0, 2, 0, 0, 198)
26 (1, 4, 0, 0, 0, 5, 0, 0, 2, 0, 0, 217)
27 (1, 4, 0, 2, 0, 5, 0, 0, 2, 0, 0, 180)
28 (1, 4, 1, 2, 0, 5, 0, 0, 2, 0, 0, 186)
29 (1, 4, 3, 0, 0, 5, 0, 0, 2, 0, 0, 203)
30 (1, 4, 0, 0, 0, 6, 0, 0, 2, 0, 0, 248)
31 (1, 4, 1, 0, 0, 5, 0, 0, 2, 0, 0, 215)
0 (1, 4, 0, 0, 0, 5, 0, 0, 2, 0, 0, 217)
1 (1, 4, 0, 0, 0, 6, 0, 0, 2, 0, 0, 248)
2 (1, 4, 0, 0, 0, 1, 0, 0, 2, 0, 0, 165)
3 (1, 4, 168, 438, 82, 6, 0, 0, 2, 0, 0, 1)
4 (1, 4, 104, 873, 587, 0, 0, 0, 1, 0, 0, 11)
5 (1, 4, 364, 873, 795, 0, 0, 0, 1, 0, 0, 232)
6 (1, 4, 286, 616, 420, 0, 0, 94, 1, 0, 0, 41)
7 (1, 4, 0, 0, 0, 0, 0, 57, 1, 0, 0, 91)
8 (1, 4, 0, 0, 0, 0, 0, 26, 1, 0, 0, 156)
9 (1, 4, 0, 0, 0, 0, 0, 6, 1, 0, 0, 208)
10 (1, 4, 0, 0, 0, 0, 0, 0, 1, 0, 0, 28)
11 (1, 4, 0, 0, 0, 0, 0, 0, 2, 0, 0, 186)
12 (1, 4, 0, 0, 0, 0, 0, 0, 2, 0, 0, 186)
13 (1, 4, 0, 0, 0, 4, 0, 0, 2, 0, 0, 198)
14 (1, 4, 2, 0, 0, 0, 0, 0, 2, 0, 0, 166)
15 (1, 4, 12, 16, 0, 0, 0, 0, 2, 0, 0, 147)
16 (1, 4, 23, 37, 17, 3, 0, 0, 2, 0, 0, 23)
17 (1, 4, 26, 19, 0, 0, 0, 0, 2, 0, 0, 143)
18 (1, 4, 15, 8, 1, 2, 0, 0, 2, 0, 0, 249)
19 (1, 4, 0, 8, 10, 0, 0, 0, 2, 0, 0, 154)
20 (1, 4, 0, 4, 11, 0, 0, 0, 2, 0, 0, 103)
21 (1, 4, 0, 0, 0, 0, 0, 0, 2, 0, 0, 186)
22 (1, 4, 0, 6, 0, 0, 0, 0, 2, 0, 0, 13)
23 (1, 4, 0, 0, 0, 0, 0, 0, 2, 0, 0, 186)
24 (1, 4, 0, 6, 0, 0, 0, 0, 2, 0, 0, 13)
25 (1, 4, 0, 0, 0, 0, 0, 0, 2, 0, 0, 186)
26 (1, 4, 0, 0, 0, 0, 0, 0, 2, 0, 0, 186)
27 (1, 4, 0, 0, 0, 0, 0, 0, 2, 0, 0, 186)
28 (1, 4, 0, 0, 0, 0, 0, 0, 2, 0, 0, 186)
29 (1, 4, 0, 0, 0, 0, 0, 0, 2, 0, 0, 186)
0 (1, 4, 0, 6, 0, 0, 0, 0, 1, 0, 0, 171)
1 (1, 4, 0, 1, 0, 0, 0, 0, 1, 0, 0, 169)
2 (1, 4, 0, 0, 0, 0, 0, 0, 1, 0, 0, 28)
3 (1, 4, 0, 0, 0, 0, 0, 0, 1, 0, 0, 28)
4 (1, 4, 0, 0, 0, 0, 0, 0, 1, 0, 0, 28)
5 (1, 4, 0, 0, 0, 0, 0, 0, 1, 0, 0, 28)
6 (1, 4, 0, 0, 0, 0, 0, 0, 1, 0, 0, 28)
7 (1, 4, 0, 0, 0, 0, 0, 0, 1, 0, 0, 28)
8 (1, 4, 0, 0, 0, 3, 0, 0, 1, 0, 0, 61)
9 (1, 4, 0, 0, 0, 1, 0, 0, 1, 0, 0, 3)
10 (1, 4, 0, 0, 0, 0, 0, 0, 2, 0, 0, 186)
11 (1, 4, 182, 506, 57, 0, 0, 0, 2, 0, 0, 31)
12 (1, 4, 24, 873, 533, 0, 0, 0, 1, 0, 0, 236)
13 (1, 4, 449, 873, 821, 0, 0, 0, 1, 1, 0, 36)
14 (1, 4, 307, 385, 351, 0, 0, 133, 1, 0, 0, 218)
15 (1, 4, 10, 0, 0, 0, 0, 34, 1, 0, 0, 104)
16 (1, 4, 0, 0, 0, 0, 0, 28, 1, 0, 0, 80)
17 (1, 4, 0, 0, 0, 0, 0, 0, 1, 0, 0, 28)
18 (1, 4, 0, 0, 0, 0, 0, 0, 1, 0, 0, 28)
19 (1, 4, 0, 0, 0, 0, 0, 0, 1, 0, 0, 28)
20 (1, 4, 0, 0, 0, 0, 0, 0, 1, 0, 0, 28)
21 (1, 4, 0, 0, 0, 0, 0, 0, 2, 0, 0, 186)
22 (1, 4, 0, 0, 0, 0, 0, 0, 2, 0, 0, 186)
23 (1, 4, 0, 0, 0, 0, 0, 0, 2, 0, 0, 186)
24 (1, 4, 0, 0, 0, 0, 0, 0, 2, 0, 0, 186)
25 (1, 4, 0, 0, 0, 0, 0, 0, 2, 0, 0, 186)
26 (1, 4, 0, 0, 0, 0, 0, 0, 2, 0, 0, 186)
27 (1, 4, 0, 0, 0, 0, 0, 0, 2, 0, 0, 186)
28 (1, 4, 0, 0, 0, 0, 0, 0, 2, 0, 0, 186)
29 (1, 4, 0, 0, 0, 0, 0, 0, 2, 0, 0, 186)
0 (1, 4, 0, 0, 0, 4, 0, 0, 2, 0, 0, 198)
1 (1, 4, 0, 0, 0, 4, 0, 0, 2, 0, 0, 198)
2 (1, 4, 0, 0, 0, 3, 0, 0, 2, 0, 0, 155)
3 (1, 4, 0, 0, 0, 4, 0, 0, 2, 0, 0, 198)
4 (1, 4, 0, 0, 0, 5, 0, 0, 2, 0, 0, 217)
5 (1, 4, 0, 0, 0, 6, 0, 0, 2, 0, 0, 248)
6 (1, 4, 2, 0, 0, 8, 0, 0, 2, 0, 0, 94)
7 (1, 4, 0, 0, 0, 14, 0, 0, 2, 0, 0, 0)
8 (1, 4, 0, 0, 0, 8, 0, 0, 2, 0, 0, 66)
9 (1, 4, 0, 0, 0, 0, 0, 0, 2, 0, 0, 186)
10 (1, 4, 0, 39, 1, 2, 0, 0, 2, 0, 0, 208)
11 (1, 4, 200, 723, 207, 25, 0, 0, 2, 0, 0, 227)
12 (1, 4, 352, 873, 602, 0, 20, 0, 1, 0, 0, 244)
13 (1, 4, 555, 873, 616, 0, 0, 46, 1, 0, 0, 86)
14 (1, 4, 120, 211, 197, 0, 0, 105, 1, 0, 0, 232)
15 (1, 4, 0, 0, 0, 0, 0, 37, 1, 0, 0, 23)
16 (1, 4, 0, 0, 0, 0, 0, 20, 1, 0, 0, 186)
17 (1, 4, 0, 0, 0, 0, 0, 0, 1, 0, 0, 28)
18 (1, 4, 0, 0, 0, 0, 0, 0, 1, 0, 0, 28)
19 (1, 4, 0, 0, 0, 0, 0, 0, 1, 0, 0, 28)
20 (1, 4, 0, 0, 0, 0, 0, 0, 2, 0, 0, 186)
21 (1, 4, 0, 0, 0, 0, 0, 0, 2, 0, 0, 186)
22 (1, 4, 0, 0, 0, 0, 0, 0, 2, 0, 0, 186)
23 (1, 4, 0, 0, 0, 7, 0, 0, 2, 0, 0, 231)
24 (1, 4, 0, 0, 0, 8, 0, 0, 2, 0, 0, 66)
25 (1, 4, 5, 0, 0, 7, 0, 0, 2, 0, 0, 209)
26 (1, 4, 0, 5, 0, 3, 0, 0, 2, 0, 0, 244)
27 (1, 4, 15, 0, 0, 5, 0, 0, 2, 0, 0, 131)
28 (1, 4, 13, 5, 0, 6, 0, 0, 2, 0, 0, 209)
0 (1, 4, 0, 0, 0, 3, 0, 0, 2, 0, 0, 155)
1 (1, 4, 1, 7, 0, 5, 0, 0, 2, 0, 0, 213)
2 (1, 4, 0, 0, 0, 3, 0, 0, 2, 0, 0, 155)
3 (1, 4, 0, 0, 0, 3, 0, 0, 2, 0, 0, 155)
4 (1, 4, 0, 0, 0, 5, 0, 0, 2, 0, 0, 217)
5 (1, 4, 0, 0, 0, 7, 0, 0, 2, 0, 0, 231)
6 (1, 4, 0, 0, 12, 7, 0, 0, 2, 0, 0, 5)
7 (1, 4, 66, 230, 101, 0, 0, 0, 2, 0, 0, 23)
8 (1, 4, 294, 873, 506, 0, 0, 0, 1, 0, 0, 215)
9 (1, 4, 417, 873, 683, 0, 0, 0, 1, 0, 0, 31)
10 (1, 4, 386, 865, 415, 0, 0, 96, 1, 0, 0, 165)
11 (1, 4, 12, 0, 0, 0, 0, 73, 1, 0, 0, 36)
12 (1, 4, 0, 0, 0, 0, 0, 18, 1, 0, 0, 118)
13 (1, 4, 0, 0, 0, 0, 0, 0, 1, 0, 0, 28)
14 (1, 4, 0, 0, 0, 0, 0, 0, 1, 0, 0, 28)
15 (1, 4, 0, 0, 0, 0, 0, 0, 1, 0, 0, 28)
16 (1, 4, 0, 0, 0, 0, 0, 0, 2, 0, 0, 186)
17 (1, 4, 0, 0, 0, 0, 0, 0, 2, 0, 0, 186)
18 (1, 4, 0, 0, 0, 1, 0, 0, 2, 0, 0, 165)
19 (1, 4, 0, 0, 0, 2, 0, 0, 2, 0, 0, 132)
20 (1, 4, 0, 0, 0, 1, 0, 0, 2, 0, 0, 165)
21 (1, 4, 0, 0, 0, 3, 0, 0, 2, 0, 0, 155)
22 (1, 4, 10, 6, 0, 1, 0, 0, 2, 0, 0, 126)
23 (1, 4, 10, 5, 0, 3, 0, 0, 2, 0, 0, 152)
24 (1, 4, 3, 17, 11, 3, 0, 0, 2, 0, 0, 90)
25 (1, 4, 0, 16, 8, 1, 0, 0, 2, 0, 0, 120)
26 (1, 4, 1, 6, 9, 1, 0, 0, 2, 0, 0, 52)
27 (1, 4, 0, 9, 6, 1, 0, 0, 2, 0, 0, 210)
28 (1, 4, 5, 8, 3, 0, 0, 0, 2, 0, 0, 132)
0 (1, 4, 0, 24, 23, 0, 0, 0, 2, 0, 0, 242)
1 (1, 4, 20, 13, 12, 0, 0, 0, 2, 0, 0, 92)
2 (1, 4, 43, 34, 18, 4, 0, 0, 2, 0, 0, 156)
3 (1, 4, 31, 53, 66, 1, 0, 0, 2, 0, 0, 7)
4 (1, 4, 0, 33, 23, 0, 0, 0, 2, 0, 0, 87)
5 (1, 4, 0, 0, 0, 0, 0, 0, 2, 0, 0, 186)
6 (1, 4, 0, 0, 0, 0, 0, 0, 2, 0, 0, 186)
7 (1, 4, 0, 0, 0, 0, 0, 0, 2, 0, 0, 186)
8 (1, 4, 134, 416, 130, 15, 0, 0, 2, 0, 0, 214)
9 (1, 4, 407, 873, 443, 0, 0, 0, 2, 0, 0, 34)
10 (1, 4, 225, 873, 666, 0, 0, 0, 2, 0, 0, 39)
11 (1, 4, 427, 636, 477, 0, 0, 69, 1, 0, 0, 155)
12 (1, 4, 0, 0, 0, 0, 0, 72, 1, 0, 0, 179)
13 (1, 4, 0, 0, 0, 0, 0, 29, 1, 0, 0, 143)
14 (1, 4, 0, 0, 0, 0, 0, 11, 1, 0, 0, 144)
15 (1, 4, 0, 0, 0, 0, 0, 0, 1, 0, 0, 28)
16 (1, 4, 0, 0, 0, 0, 0, 0, 2, 0, 0, 186)
17 (1, 4, 0, 0, 0, 0, 0, 0, 2, 0, 0, 186)
18 (1, 4, 0, 0, 0, 0, 0, 0, 2, 0, 0, 186)
19 (1, 4, 0, 0, 0, 0, 0, 0, 2, 0, 0, 186)
20 (1, 4, 0, 0, 0, 0, 0, 0, 2, 0, 0, 186)
21 (1, 4, 24, 16, 1, 0, 0, 0, 2, 0, 0, 223)
22 (1, 4, 42, 29, 10, 0, 0, 0, 2, 0, 0, 63)
23 (1, 4, 40, 26, 0, 0, 0, 0, 2, 0, 0, 178)
24 (1, 4, 14, 7, 0, 0, 0, 0, 2, 0, 0, 236)
25 (1, 4, 5, 0, 0, 0, 0, 0, 2, 0, 0, 140)
26 (1, 4, 2, 0, 0, 0, 0, 0, 2, 0, 0, 166)
27 (1, 4, 8, 0, 0, 0, 0, 0, 2, 0, 0, 202)
28 (1, 4, 0, 18, 8, 0, 0, 0, 2, 0, 0, 10)
29 (1, 4, 0, 1, 2, 0, 0, 0, 2, 0, 0, 32)
0 (1, 4, 16, 0, 0, 4, 0, 0, 2, 0, 0, 38)
1 (1, 4, 0, 0, 0, 5, 0, 0, 2, 0, 0, 217)
2 (1, 4, 0, 0, 0, 6, 0, 0, 2, 0, 0, 248)
3 (1, 4, 0, 0, 0, 6, 0, 0, 2, 0, 0, 248)
4 (1, 4, 0, 0, 0, 2, 0, 0, 2, 0, 0, 132)
5 (1, 4, 0, 0, 0, 2, 0, 0, 2, 0, 0, 132)
6 (1, 4, 34, 253, 2, 5, 0, 0, 2, 0, 0, 208)
7 (1, 4, 129, 675, 220, 23, 0, 0, 2, 0, 0, 74)
8 (1, 4, 120, 873, 637, 0, 0, 0, 2, 0, 0, 189)
9 (1, 4, 464, 873, 662, 0, 0, 0, 1, 0, 0, 72)
10 (1, 4, 251, 542, 400, 0, 0, 64, 1, 0, 0, 251)
11 (1, 4, 12, 0, 0, 0, 0, 63, 1, 0, 0, 223)
12 (1, 4, 0, 0, 0, 0, 0, 34, 1, 0, 0, 4)
13 (1, 4, 0, 0, 0, 0, 0, 9, 1, 0, 0, 41)
14 (1, 4, 0, 0, 0, 0, 0, 0, 2, 0, 0, 186)
15 (1, 4, 0, 0, 0, 0, 0, 0, 2, 0, 0, 186)
16 (1, 4, 0, 0, 0, 0, 0, 0, 2, 0, 0, 186)
17 (1, 4, 0, 0, 0, 0, 0, 0, 2, 0, 0, 186)
18 (1, 4, 0, 0, 0, 4, 0, 0, 2, 0, 0, 198)
19 (1, 4, 0, 0, 0, 0, 0, 0, 2, 0, 0, 186)
20 (1, 4, 0, 0, 0, 3, 0, 0, 2, 0, 0, 155)
21 (1, 4, 8, 6, 0, 3, 0, 0, 2, 0, 0, 92)
22 (1, 4, 17, 7, 0, 5, 0, 0, 2, 0, 0, 53)
23 (1, 4, 0, 13, 0, 2, 0, 0, 2, 0, 0, 88)
24 (1, 4, 4, 0, 0, 4, 0, 0, 2, 0, 0, 254)
25 (1, 4, 6, 0, 0, 7, 0, 0, 2, 0, 0, 195)
26 (1, 4, 0, 20, 11, 5, 0, 0, 2, 0, 0, 101)
27 (1, 4, 6, 12, 10, 3, 0, 0, 2, 0, 0, 69)
28 (1, 4, 0, 11, 0, 2, 0, 0, 2, 0, 0, 239)
29 (1, 4, 2, 0, 0, 6, 0, 0, 2, 0, 0, 228)
30 (1, 4, 0, 7, 7, 6, 0, 0, 2, 0, 0, 31)
31 (1, 4, 2, 2, 0, 5, 0, 0, 2, 0, 0, 168)
0 (1, 4, 0, 0, 0, 5, 0, 0, 2, 0, 0, 217)
1 (1, 4, 0, 2, 3, 5, 0, 0, 2, 0, 0, 15)
2 (1, 4, 0, 0, 0, 4, 0, 0, 2, 0, 0, 198)
3 (1, 4, 0, 0, 0, 4, 0, 0, 2, 0, 0, 198)
4 (1, 4, 0, 0, 0, 3, 0, 0, 2, 0, 0, 155)
5 (1, 4, 0, 0, 0, 0, 0, 0, 2, 0, 0, 186)
6 (1, 4, 34, 77, 20, 0, 0, 0, 2, 0, 0, 31)
7 (1, 4, 179, 440, 140, 6, 0, 0, 2, 0, 0, 63)
8 (1, 4, 160, 873, 565, 0, 0, 0, 2, 0, 0, 246)
9 (1, 4, 341, 873, 699, 0, 0, 0, 1, 0, 0, 227)
10 (1, 4, 312, 660, 489, 0, 0, 72, 1, 0, 0, 16)
11 (1, 4, 25, 0, 0, 0, 0, 62, 1, 0, 0, 214)
12 (1, 4, 0, 0, 0, 0, 0, 26, 1, 0, 0, 156)
13 (1, 4, 0, 0, 0, 0, 0, 12, 1, 0, 0, 131)
14 (1, 4, 0, 0, 0, 0, 0, 0, 1, 0, 0, 28)
15 (1, 4, 0, 0, 0, 0, 0, 0, 2, 0, 0, 186)
16 (1, 4, 0, 0, 0, 0, 0, 0, 2, 0, 0, 186)
17 (1, 4, 0, 0, 0, 0, 0, 0, 2, 0, 0, 186)
18 (1, 4, 0, 0, 0, 1, 0, 0, 2, 0, 0, 165)
19 (1, 4, 0, 0, 0, 0, 0, 0, 2, 0, 0, 186)
20 (1, 4, 24, 5, 0, 3, 0, 0, 2, 0, 0, 100)
21 (1, 4, 13, 26, 9, 2, 0, 0, 2, 0, 0, 85)
22 (1, 4, 22, 14, 0, 0, 0, 0, 2, 0, 0, 122)
23 (1, 4, 17, 14, 0, 2, 0, 0, 2, 0, 0, 110)
24 (1, 4, 2, 0, 0, 0, 0, 0, 2, 0, 0, 166)
25 (1, 4, 0, 3, 0, 1, 0, 0, 2, 0, 0, 125)
26 (1, 4, 0, 0, 0, 0, 0, 0, 2, 0, 0, 186)
27 (1, 4, 0, 6, 0, 1, 0, 0, 2, 0, 0, 18)
28 (1, 4, 0, 6, 0, 0, 0, 0, 2, 0, 0, 13)
29 (1, 4, 0, 3, 0, 1, 0, 0, 2, 0, 0, 125)
30 (1, 4, 0, 3, 0, 0, 0, 0, 2, 0, 0, 98)
31 (1, 4, 0, 0, 0, 1, 0, 0, 2, 0, 0, 165)
0 (1, 4, 130, 271, 26, 0, 0, 0, 2, 0, 0, 11)
1 (1, 4, 258, 873, 297, 1, 0, 0, 2, 0, 0, 95)
2 (1, 4, 226, 873, 810, 0, 0, 0, 1, 0, 0, 190)
3 (1, 4, 477, 873, 655, 0, 0, 93, 1, 0, 0, 143)
4 (1, 4, 0, 0, 0, 0, 0, 81, 1, 0, 0, 85)
5 (1, 4, 0, 0, 0, 0, 0, 24, 1, 0, 0, 37)
6 (1, 4, 0, 0, 0, 0, 0, 0, 1, 0, 0, 28)
7 (1, 4, 0, 0, 0, 0, 0, 0, 1, 0, 0, 28)
8 (1, 4, 0, 0, 0, 0, 0, 0, 2, 0, 0, 186)
9 (1, 4, 0, 0, 0, 0, 0, 0, 2, 0, 0, 186)
10 (1, 4, 0, 0, 0, 0, 0, 0, 2, 0, 0, 186)
11 (1, 4, 9, 17, 0, 0, 0, 0, 2, 0, 0, 16)
12 (1, 4, 12, 14, 0, 0, 0, 0, 2, 0, 0, 246)
13 (1, 4, 9, 8, 1, 0, 0, 0, 2, 0, 0, 227)
14 (1, 4, 4, 16, 16, 0, 0, 0, 2, 0, 0, 156)
15 (1, 4, 10, 10, 12, 0, 0, 0, 2, 0, 0, 234)
16 (1, 4, 0, 9, 2, 0, 0, 0, 2, 0, 0, 147)
17 (1, 4, 0, 5, 4, 0, 0, 0, 2, 0, 0, 139)
18 (1, 4, 4, 1, 2, 0, 0, 0, 2, 0, 0, 24)
19 (1, 4, 0, 5, 1, 0, 0, 0, 2, 0, 0, 65)
20 (1, 4, 3, 15, 1, 0, 0, 0, 2, 0, 0, 141)
21 (1, 4, 8, 3, 0, 0, 0, 0, 2, 0, 0, 18)
22 (1, 4, 0, 1, 1, 0, 0, 0, 2, 0, 0, 155)
23 (1, 4, 0, 0, 0, 0, 0, 0, 2, 0, 0, 186)
24 (1, 4, 0, 0, 0, 0, 0, 0, 2, 0, 0, 186)
25 (1, 4, 0, 0, 0, 0, 0, 0, 2, 0, 0, 186)
26 (1, 4, 1, 5, 0, 0, 0, 0, 2, 0, 0, 219)
27 (1, 4, 3, 0, 0, 0, 0, 0, 2, 0, 0, 168)
28 (1, 4, 0, 0, 0, 0, 0, 0, 2, 0, 0, 186)
29 (1, 4, 0, 0, 0, 0, 0, 0, 2, 0, 0, 186)
0 (1, 4, 0, 0, 0, 0, 0, 0, 2, 0, 0, 186)
1 (1, 4, 0, 0, 0, 0, 0, 0, 2, 0, 0, 186)
2 (1, 4, 0, 0, 0, 0, 0, 0, 2, 0, 0, 186)
3 (1, 4, 0, 0, 0, 0, 0, 0, 2, 0, 0, 186)
4 (1, 4, 0, 0, 0, 0, 0, 0, 2, 0, 0, 186)
5 (1, 4, 0, 0, 0, 0, 0, 0, 2, 0, 0, 186)
6 (1, 4, 0, 0, 0, 0, 0, 0, 2, 0, 0, 186)
7 (1, 4, 0, 0, 0, 1, 0, 0, 2, 0, 0, 165)
8 (1, 4, 0, 0, 0, 0, 0, 0, 2, 0, 0, 186)
9 (1, 4, 0, 0, 0, 0, 0, 0, 2, 0, 0, 186)
10 (1, 4, 0, 16, 9, 0, 0, 0, 2, 0, 0, 243)
11 (1, 4, 197, 484, 136, 0, 0, 0, 2, 0, 0, 34)
12 (1, 4, 245, 873, 541, 0, 0, 0, 2, 0, 0, 235)
13 (1, 4, 367, 873, 821, 0, 0, 0, 1, 0, 0, 201)
14 (1, 4, 409, 778, 499, 0, 0, 56, 2, 0, 0, 48)
15 (1, 4, 7, 0, 0, 0, 0, 83, 1, 0, 0, 198)
16 (1, 4, 0, 0, 0, 0, 0, 14, 1, 0, 0, 58)
17 (1, 4, 0, 0, 0, 0, 0, 0, 1, 0, 0, 28)
18 (1, 4, 0, 0, 0, 0, 0, 0, 1, 0, 0, 28)
19 (1, 4, 0, 0, 0, 0, 0, 0, 1, 0, 0, 28)
20 (1, 4, 0, 0, 0, 0, 0, 0, 2, 0, 0, 186)
21 (1, 4, 0, 0, 0, 0, 0, 0, 2, 0, 0, 186)
22 (1, 4, 0, 0, 0, 0, 0, 0, 2, 0, 0, 186)
23 (1, 4, 0, 0, 0, 0, 0, 0, 2, 0, 0, 186)
24 (1, 4, 0, 0, 0, 0, 0, 0, 2, 0, 0, 186)
25 (1, 4, 3, 0, 0, 0, 0, 0, 2, 0, 0, 168)
26 (1, 4, 8, 18, 1, 0, 0, 0, 2, 0, 0, 82)
27 (1, 4, 2, 9, 0, 0, 0, 0, 2, 0, 0, 160)
28 (1, 4, 10, 16, 2, 0, 0, 0, 2, 0, 0, 152)
29 (1, 4, 5, 9, 3, 0, 0, 0, 2, 0, 0, 49)
30 (1, 4, 2, 3, 0, 0, 0, 0, 2, 0, 0, 126)
0 (1, 4, 12, 12, 0, 0, 0, 0, 2, 0, 0, 155)
1 (1, 4, 33, 26, 0, 0, 0, 0, 2, 0, 0, 204)
2 (1, 4, 0, 37, 0, 0, 0, 0, 2, 0, 0, 23)
3 (1, 4, 0, 0, 0, 0, 0, 0, 2, 0, 0, 186)
4 (1, 4, 0, 0, 0, 5, 0, 0, 2, 0, 0, 217)
5 (1, 4, 0, 0, 0, 7, 0, 0, 2, 0, 0, 231)
6 (1, 4, 0, 0, 0, 0, 0, 0, 2, 0, 0, 186)
7 (1, 4, 0, 0, 0, 0, 0, 0, 2, 0, 0, 186)
8 (1, 4, 31, 588, 154, 0, 0, 0, 2, 0, 0, 58)
9 (1, 4, 0, 873, 873, 0, 19, 0, 1, 0, 0, 183)
10 (1, 4, 525, 873, 873, 0, 0, 13, 2, 1, 0, 118)
11 (1, 4, 178, 310, 385, 0, 0, 117, 1, 0, 0, 102)
12 (1, 4, 0, 0, 0, 0, 0, 13, 1, 0, 0, 92)
13 (1, 4, 0, 0, 0, 0, 0, 1, 1, 0, 0, 195)
14 (1, 4, 0, 0, 0, 0, 0, 0, 1, 0, 0, 28)
15 (1, 4, 0, 0, 0, 0, 0, 0, 1, 0, 0, 28)
16 (1, 4, 0, 0, 0, 0, 0, 0, 2, 0, 0, 186)
17 (1, 4, 0, 0, 0, 0, 0, 0, 2, 0, 0, 186)
18 (1, 4, 0, 0, 0, 8, 0, 0, 2, 0, 0, 66)
19 (1, 4, 27, 0, 0, 9, 0, 0, 2, 0, 0, 223)
20 (1, 4, 53, 0, 0, 10, 0, 0, 2, 0, 0, 109)
21 (1, 4, 64, 16, 1, 10, 0, 0, 2, 0, 0, 0)
22 (1, 4, 55, 27, 0, 9, 0, 0, 2, 0, 0, 90)
23 (1, 4, 41, 9, 0, 9, 0, 0, 2, 0, 0, 226)
24 (1, 4, 22, 17, 11, 8, 0, 0, 2, 0, 0, 85)
25 (1, 4, 36, 9, 0, 7, 0, 0, 2, 0, 0, 30)
26 (1, 4, 22, 13, 2, 9, 0, 0, 2, 0, 0, 106)
27 (1, 4, 5, 5, 0, 8, 0, 0, 2, 0, 0, 27)
28 (1, 4, 2, 0, 0, 9, 0, 0, 2, 0, 0, 65)
29 (1, 4, 0, 3, 0, 8, 0, 0, 2, 0, 0, 154)
30 (1, 4, 0, 0, 0, 9, 0, 0, 2, 0, 0, 93)
0 (1, 4, 0, 0, 0, 12, 0, 0, 2, 0, 0, 62)
1 (1, 4, 0, 0, 0, 13, 0, 0, 2, 0, 0, 33)
2 (1, 4, 0, 0, 0, 11, 0, 0, 2, 0, 0, 99)
3 (1, 4, 0, 0, 0, 5, 0, 0, 2, 0, 0, 217)
4 (1, 4, 0, 0, 0, 0, 0, 0, 2, 0, 0, 186)
5 (1, 4, 128, 380, 114, 9, 0, 0, 2, 0, 0, 177)
6 (1, 4, 167, 873, 672, 0, 0, 0, 1, 0, 0, 62)
7 (1, 4, 529, 873, 726, 0, 0, 62, 1, 0, 0, 115)
8 (1, 4, 66, 337, 253, 0, 0, 123, 2, 1, 0, 176)
9 (1, 4, 0, 0, 0, 0, 0, 19, 2, 1, 0, 100)
10 (1, 4, 0, 0, 0, 0, 0, 18, 1, 0, 0, 118)
11 (1, 4, 0, 0, 0, 0, 0, 0, 1, 0, 0, 28)
12 (1, 4, 0, 0, 0, 0, 0, 0, 1, 0, 0, 28)
13 (1, 4, 0, 0, 0, 0, 0, 0, 2, 0, 0, 186)
14 (1, 4, 0, 0, 0, 0, 0, 0, 2, 0, 0, 186)
15 (1, 4, 0, 0, 0, 0, 0, 0, 2, 0, 0, 186)
16 (1, 4, 0, 0, 0, 13, 0, 0, 2, 0, 0, 33)
17 (1, 4, 0, 58, 0, 0, 0, 0, 2, 0, 0, 199)
18 (1, 4, 46, 21, 0, 9, 0, 0, 2, 0, 0, 192)
19 (1, 4, 19, 29, 0, 9, 0, 0, 2, 0, 0, 18)
20 (1, 4, 3, 7, 1, 10, 0, 0, 2, 0, 0, 248)
21 (1, 4, 0, 16, 14, 7, 0, 0, 2, 0, 0, 75)
22 (1, 4, 1, 6, 4, 8, 0, 0, 2, 0, 0, 165)
23 (1, 4, 0, 17, 3, 5, 0, 0, 2, 0, 0, 182)
24 (1, 4, 0, 0, 0, 6, 0, 0, 2, 0, 0, 248)
25 (1, 4, 0, 11, 0, 6, 0, 0, 2, 0, 0, 147)
26 (1, 4, 13, 0, 0, 6, 0, 0, 2, 0, 0, 190)
27 (1, 4, 12, 0, 0, 7, 0, 0, 2, 0, 0, 175)
28 (1, 4, 0, 0, 2, 7, 0, 0, 2, 0, 0, 200)
29 (1, 4, 0, 0, 1, 6, 0, 0, 2, 0, 0, 108)
30 (1, 4, 5, 7, 7, 7, 0, 0, 2, 0, 0, 54)
31 (1, 4, 0, 5, 0, 6, 0, 0, 2, 0, 0, 151)
0 (1, 4, 0, 0, 0, 6, 0, 0, 2, 0, 0, 248)
1 (1, 4, 0, 0, 0, 7, 0, 0, 2, 0, 0, 231)
2 (1, 4, 0, 0, 0, 7, 0, 0, 2, 0, 0, 231)
3 (1, 4, 0, 0, 0, 6, 0, 0, 2, 0, 0, 248)
4 (1, 4, 10, 0, 0, 0, 0, 0, 2, 0, 0, 214)
5 (1, 4, 116, 151, 6, 0, 0, 0, 2, 0, 0, 63)
6 (1, 4, 234, 697, 223, 14, 0, 0, 2, 1, 0, 25)
7 (1, 4, 144, 873, 746, 0, 0, 0, 2, 0, 0, 253)
8 (1, 4, 478, 873, 438, 0, 0, 30, 2, 1, 0, 61)
9 (1, 4, 0, 49, 86, 0, 0, 118, 2, 0, 0, 162)
10 (1, 4, 0, 0, 0, 0, 0, 25, 1, 0, 0, 250)
11 (1, 4, 0, 0, 0, 0, 0, 0, 1, 0, 0, 28)
12 (1, 4, 0, 0, 0, 0, 0, 0, 1, 0, 0, 28)
13 (1, 4, 0, 0, 0, 0, 0, 0, 2, 0, 0, 186)
14 (1, 4, 0, 0, 0, 0, 0, 0, 2, 0, 0, 186)
15 (1, 4, 0, 0, 0, 0, 0, 0, 2, 0, 0, 186)
16 (1, 4, 0, 0, 0, 0, 0, 0, 2, 0, 0, 186)
17 (1, 4, 0, 0, 0, 1, 0, 0, 2, 0, 0, 165)
18 (1, 4, 0, 0, 0, 2, 0, 0, 2, 0, 0, 132)
19 (1, 4, 0, 0, 0, 3, 0, 0, 2, 0, 0, 155)
20 (1, 4, 0, 0, 0, 2, 0, 0, 2, 0, 0, 132)
21 (1, 4, 0, 0, 0, 1, 0, 0, 2, 0, 0, 165)
22 (1, 4, 3, 0, 3, 2, 0, 0, 2, 0, 0, 45)
23 (1, 4, 4, 5, 7, 1, 0, 0, 2, 0, 0, 23)
24 (1, 4, 7, 5, 0, 0, 0, 0, 2, 0, 0, 255)
25 (1, 4, 2, 0, 0, 2, 0, 0, 2, 0, 0, 152)
26 (1, 4, 0, 1, 0, 0, 0, 0, 2, 0, 0, 15)
27 (1, 4, 0, 0, 0, 1, 0, 0, 2, 0, 0, 165)
28 (1, 4, 0, 0, 0, 0, 0, 0, 2, 0, 0, 186)
29 (1, 4, 0, 0, 1, 1, 0, 0, 2, 0, 0, 49)
30 (1, 4, 0, 0, 0, 0, 0, 0, 2, 0, 0, 186)
31 (1, 4, 0, 0, 0, 1, 0, 0, 2, 0, 0, 165)
0 (1, 4, 0, 0, 0, 6, 0, 0, 2, 0, 0, 248)
1 (1, 4, 0, 0, 0, 4, 0, 0, 2, 0, 0, 198)
2 (1, 4, 0, 0, 0, 0, 0, 0, 2, 0, 0, 186)
3 (1, 4, 8, 96, 71, 0, 0, 0, 2, 0, 0, 149)
4 (1, 4, 127, 452, 187, 0, 0, 0, 2, 0, 0, 132)
5 (1, 4, 28, 873, 529, 0, 0, 0, 2, 0, 0, 44)
6 (1, 4, 316, 873, 482, 0, 0, 18, 1, 0, 0, 242)
7 (1, 4, 69, 351, 307, 0, 0, 72, 2, 1, 0, 16)
8 (1, 4, 45, 0, 63, 0, 0, 41, 1, 0, 0, 209)
9 (1, 4, 0, 0, 0, 0, 0, 11, 1, 0, 0, 144)
10 (1, 4, 0, 0, 0, 0, 0, 0, 1, 0, 0, 28)
11 (1, 4, 0, 0, 0, 0, 0, 0, 2, 0, 0, 186)
12 (1, 4, 0, 0, 0, 0, 0, 0, 2, 0, 0, 186)
13 (1, 4, 0, 0, 0, 0, 0, 0, 2, 0, 0, 186)
14 (1, 4, 0, 0, 0, 0, 0, 0, 2, 0, 0, 186)
15 (1, 4, 8, 0, 0, 0, 0, 0, 2, 0, 0, 202)
16 (1, 4, 7, 0, 0, 9, 0, 0, 2, 0, 0, 119)
17 (1, 4, 0, 0, 0, 4, 0, 0, 2, 0, 0, 198)
18 (1, 4, 26, 0, 0, 1, 0, 0, 2, 0, 0, 41)
19 (1, 4, 19, 9, 7, 3, 0, 0, 2, 0, 0, 138)
20 (1, 4, 4, 9, 5, 2, 0, 0, 2, 0, 0, 112)
21 (1, 4, 6, 5, 3, 2, 0, 0, 2, 0, 0, 116)
22 (1, 4, 0, 7, 0, 1, 0, 0, 2, 0, 0, 167)
23 (1, 4, 0, 7, 5, 1, 0, 0, 2, 0, 0, 109)
24 (1, 4, 0, 17, 2, 0, 0, 0, 2, 0, 0, 65)
25 (1, 4, 1, 2, 0, 0, 0, 0, 2, 0, 0, 217)
0 (1, 4, 4, 1, 40, 1, 0, 0, 2, 0, 0, 106)
1 (1, 4, 0, 0, 13, 0, 0, 0, 2, 0, 0, 204)
2 (1, 4, 0, 0, 0, 0, 0, 0, 2, 0, 0, 186)
3 (1, 4, 0, 0, 0, 0, 0, 0, 2, 0, 0, 186)
4 (1, 4, 100, 329, 58, 12, 0, 0, 2, 0, 0, 58)
5 (1, 4, 250, 855, 324, 10, 0, 0, 2, 0, 0, 155)
6 (1, 4, 276, 873, 331, 0, 0, 0, 2, 1, 0, 197)
7 (1, 4, 236, 724, 313, 0, 0, 36, 1, 0, 0, 219)
8 (1, 4, 0, 249, 262, 0, 0, 76, 2, 1, 0, 0)
9 (1, 4, 0, 0, 25, 0, 0, 35, 1, 0, 0, 140)
10 (1, 4, 0, 0, 0, 0, 0, 8, 1, 0, 0, 246)
11 (1, 4, 0, 0, 0, 0, 0, 0, 2, 0, 0, 186)
12 (1, 4, 0, 0, 0, 0, 0, 0, 2, 0, 0, 186)
13 (1, 4, 0, 0, 0, 0, 0, 0, 2, 0, 0, 186)
14 (1, 4, 0, 0, 0, 0, 0, 0, 2, 0, 0, 186)
15 (1, 4, 44, 0, 0, 0, 0, 0, 2, 0, 0, 53)
16 (1, 4, 0, 0, 0, 0, 0, 0, 2, 0, 0, 186)
17 (1, 4, 53, 0, 0, 0, 0, 0, 2, 0, 0, 171)
18 (1, 4, 51, 24, 0, 2, 0, 0, 2, 0, 0, 99)
19 (1, 4, 2, 34, 0, 1, 0, 0, 2, 0, 0, 22)
20 (1, 4, 0, 0, 0, 3, 0, 0, 2, 0, 0, 155)
21 (1, 4, 0, 7, 0, 2, 0, 0, 2, 0, 0, 134)
22 (1, 4, 0, 0, 2, 1, 0, 0, 2, 0, 0, 138)
23 (1, 4, 0, 8, 8, 1, 0, 0, 2, 0, 0, 170)
24 (1, 4, 2, 3, 5, 0, 0, 0, 2, 0, 0, 180)
25 (1, 4, 18, 1, 8, 0, 0, 0, 2, 0, 0, 79)
26 (1, 4, 13, 0, 0, 0, 0, 0, 2, 0, 0, 252)
27 (1, 4, 0, 0, 0, 1, 0, 0, 2, 0, 0, 165)
28 (1, 4, 0, 0, 0, 1, 0, 0, 2, 0, 0, 165)
29 (1, 4, 0, 4, 0, 0, 0, 0, 2, 0, 0, 96)
30 (1, 4, 0, 10, 0, 0, 0, 0, 2, 0, 0, 100)
31 (1, 4, 1, 7, 4, 0, 0, 0, 2, 0, 0, 232)
0 (1, 4, 8, 0, 0, 5, 0, 0, 2, 0, 0, 169)
1 (1, 4, 17, 0, 9, 5, 0, 0, 2, 0, 0, 31)
2 (1, 4, 0, 0, 0, 1, 0, 0, 2, 0, 0, 165)
3 (1, 4, 0, 0, 0, 0, 0, 0, 2, 0, 0, 186)
4 (1, 4, 0, 0, 0, 0, 0, 0, 2, 0, 0, 186)
5 (1, 4, 0, 0, 0, 0, 0, 0, 2, 0, 0, 186)
6 (1, 4, 95, 284, 51, 8, 0, 0, 2, 0, 0, 166)
7 (1, 4, 239, 873, 501, 0, 0, 0, 1, 0, 0, 110)
8 (1, 4, 325, 873, 873, 0, 0, 0, 1, 1, 0, 111)
9 (1, 4, 264, 600, 574, 0, 0, 141, 2, 1, 0, 3)
10 (1, 4, 17, 0, 0, 0, 0, 27, 1, 0, 0, 173)
11 (1, 4, 0, 0, 0, 0, 0, 6, 1, 0, 0, 208)
12 (1, 4, 0, 0, 0, 0, 0, 8, 1, 0, 0, 246)
13 (1, 4, 0, 0, 0, 0, 0, 0, 1, 0, 0, 28)
14 (1, 4, 0, 0, 0, 0, 0, 0, 2, 0, 0, 186)
15 (1, 4, 0, 0, 0, 0, 0, 0, 2, 0, 0, 186)
16 (1, 4, 0, 0, 0, 0, 0, 0, 2, 0, 0, 186)
17 (1, 4, 0, 0, 0, 0, 0, 0, 2, 0, 0, 186)
18 (1, 4, 0, 0, 0, 0, 0, 0, 2, 0, 0, 186)
19 (1, 4, 0, 0, 0, 0, 0, 0, 2, 0, 0, 186)
20 (1, 4, 0, 0, 0, 2, 0, 0, 2, 0, 0, 132)
21 (1, 4, 0, 0, 0, 3, 0, 0, 2, 0, 0, 155)
22 (1, 4, 0, 0, 0, 4, 0, 0, 2, 0, 0, 198)
23 (1, 4, 9, 0, 0, 8, 0, 0, 2, 0, 0, 60)
24 (1, 4, 0, 4, 7, 4, 0, 0, 2, 0, 0, 249)
25 (1, 4, 0, 0, 1, 5, 0, 0, 2, 0, 0, 77)
26 (1, 4, 0, 4, 0, 3, 0, 0, 2, 0, 0, 65)
27 (1, 4, 3, 0, 0, 6, 0, 0, 2, 0, 0, 234)
28 (1, 4, 0, 5, 2, 4, 0, 0, 2, 0, 0, 134)
29 (1, 4, 2, 0, 0, 4, 0, 0, 2, 0, 0, 218)
0 (1, 4, 0, 0, 0, 26, 0, 0, 2, 0, 0, 139)
1 (1, 4, 0, 0, 0, 0, 0, 0, 2, 0, 0, 186)
2 (1, 4, 0, 515, 240, 0, 4, 0, 2, 0, 0, 199)
3 (1, 4, 338, 873, 873, 0, 31, 0, 1, 0, 0, 226)
4 (1, 4, 845, 873, 873, 0, 90, 0, 1, 0, 0, 220)
5 (1, 4, 411, 255, 478, 0, 0, 112, 1, 0, 0, 203)
6 (1, 4, 71, 0, 0, 0, 21, 10, 1, 0, 0, 243)
7 (1, 4, 0, 147, 0, 0, 0, 44, 1, 0, 0, 154)
8 (1, 4, 0, 0, 0, 0, 0, 30, 1, 0, 0, 233)
9 (1, 4, 0, 0, 0, 0, 0, 4, 1, 0, 0, 105)
10 (1, 4, 0, 0, 0, 0, 0, 0, 1, 0, 0, 28)
11 (1, 4, 0, 0, 0, 0, 0, 0, 1, 0, 0, 28)
12 (1, 4, 0, 0, 0, 0, 0, 0, 2, 0, 0, 186)
13 (1, 4, 0, 0, 0, 0, 0, 0, 2, 0, 0, 186)
14 (1, 4, 0, 0, 0, 0, 0, 0, 2, 0, 0, 186)
15 (1, 4, 0, 0, 0, 0, 0, 0, 2, 0, 0, 186)
16 (1, 4, 0, 0, 0, 0, 0, 0, 2, 0, 0, 186)
17 (1, 4, 0, 0, 0, 0, 0, 0, 2, 0, 0, 186)
18 (1, 4, 0, 0, 0, 0, 0, 0, 2, 0, 0, 186)
19 (1, 4, 0, 0, 0, 0, 0, 0, 2, 1, 0, 209)
20 (1, 4, 0, 0, 0, 0, 0, 0, 2, 1, 0, 209)
21 (1, 4, 0, 0, 0, 0, 0, 0, 2, 1, 0, 209)
22 (1, 4, 0, 0, 0, 0, 0, 0, 2, 0, 0, 186)
23 (1, 4, 14, 0, 0, 0, 0, 0, 2, 0, 0, 238)
24 (1, 4, 0, 0, 0, 0, 0, 0, 2, 0, 0, 186)
25 (1, 4, 0, 0, 14, 0, 0, 0, 2, 0, 0, 119)
26 (1, 4, 0, 1, 22, 0, 0, 0, 2, 0, 0, 1)
27 (1, 4, 0, 0, 8, 0, 0, 0, 2, 0, 0, 6)
28 (1, 4, 0, 0, 0, 0, 0, 0, 2, 0, 0, 186)
0 (1, 4, 47, 74, 61, 0, 0, 0, 2, 0, 0, 141)
1 (1, 4, 0, 0, 0, 0, 0, 0, 1, 0, 0, 28)
2 (1, 4, 0, 0, 0, 0, 0, 0, 1, 0, 0, 28)
3 (1, 4, 0, 0, 0, 0, 0, 0, 1, 0, 0, 28)
4 (1, 4, 0, 0, 0, 0, 0, 0, 1, 0, 0, 28)
5 (1, 4, 25, 701, 388, 0, 9, 0, 1, 0, 0, 123)
6 (1, 4, 412, 873, 873, 0, 73, 0, 1, 0, 0, 164)
7 (1, 4, 709, 873, 873, 0, 0, 14, 1, 1, 0, 90)
8 (1, 4, 286, 486, 531, 0, 0, 101, 1, 0, 0, 136)
9 (1, 4, 0, 0, 0, 0, 0, 65, 1, 0, 0, 134)
10 (1, 4, 0, 0, 0, 0, 0, 16, 1, 0, 0, 207)
11 (1, 4, 0, 0, 0, 0, 0, 0, 1, 0, 0, 28)
12 (1, 4, 0, 0, 23, 0, 0, 0, 1, 0, 0, 134)
13 (1, 4, 0, 0, 0, 0, 0, 0, 1, 0, 0, 28)
14 (1, 4, 0, 0, 0, 0, 0, 0, 1, 0, 0, 28)
15 (1, 4, 0, 0, 0, 0, 0, 0, 1, 0, 0, 28)
16 (1, 4, 0, 0, 0, 0, 0, 0, 1, 0, 0, 28)
17 (1, 4, 0, 0, 0, 0, 0, 0, 2, 0, 0, 186)
18 (1, 4, 0, 0, 0, 0, 0, 0, 2, 0, 0, 186)
19 (1, 4, 0, 0, 0, 0, 0, 0, 2, 0, 0, 186)
20 (1, 4, 0, 0, 0, 0, 0, 0, 2, 0, 0, 186)
21 (1, 4, 0, 0, 0, 0, 0, 0, 2, 0, 0, 186)
22 (1, 4, 0, 0, 0, 0, 0, 0, 2, 0, 0, 186)
23 (1, 4, 0, 0, 0, 0, 0, 0, 2, 0, 0, 186)
24 (1, 4, 0, 0, 0, 0, 0, 0, 2, 0, 0, 186)
25 (1, 4, 0, 0, 0, 0, 0, 0, 2, 0, 0, 186)
26 (1, 4, 0, 0, 0, 0, 0, 0, 2, 0, 0, 186)
27 (1, 4, 0, 0, 0, 1, 0, 0, 2, 0, 0, 165)
28 (1, 4, 0, 0, 0, 3, 0, 0, 2, 0, 0, 155)
29 (1, 4, 0, 0, 0, 0, 0, 0, 2, 0, 0, 186)
30 (1, 4, 0, 0, 23, 0, 0, 0, 2, 0, 0, 32)
31 (1, 4, 0, 0, 7, 1, 0, 0, 2, 0, 0, 64)
0 (1, 4, 0, 0, 0, 2, 0, 0, 2, 0, 0, 132)
1 (1, 4, 0, 0, 0, 2, 0, 0, 2, 0, 0, 132)
2 (1, 4, 0, 0, 0, 8, 0, 0, 2, 0, 0, 66)
3 (1, 4, 0, 0, 0, 9, 0, 0, 2, 0, 0, 93)
4 (1, 4, 0, 0, 0, 10, 0, 0, 2, 0, 0, 124)
5 (1, 4, 90, 40, 38, 3, 0, 0, 2, 0, 0, 96)
6 (1, 4, 33, 237, 183, 0, 0, 0, 2, 0, 0, 122)
7 (1, 4, 100, 389, 151, 0, 0, 0, 2, 0, 0, 44)
8 (1, 4, 386, 873, 498, 0, 0, 0, 1, 0, 0, 129)
9 (1, 4, 666, 873, 873, 0, 12, 0, 1, 0, 0, 6)
10 (1, 4, 222, 495, 272, 0, 0, 166, 2, 1, 0, 40)
11 (1, 4, 0, 0, 0, 0, 12, 0, 2, 1, 0, 243)
12 (1, 4, 0, 0, 0, 0, 0, 0, 1, 0, 0, 28)
13 (1, 4, 0, 0, 0, 0, 0, 0, 1, 0, 0, 28)
14 (1, 4, 0, 0, 0, 0, 0, 0, 1, 0, 0, 28)
15 (1, 4, 0, 0, 0, 0, 0, 0, 1, 0, 0, 28)
16 (1, 4, 0, 0, 0, 0, 0, 0, 2, 0, 0, 186)
17 (1, 4, 0, 0, 0, 0, 0, 0, 2, 0, 0, 186)
18 (1, 4, 0, 0, 0, 0, 0, 0, 2, 0, 0, 186)
19 (1, 4, 0, 0, 0, 0, 0, 0, 2, 0, 0, 186)
20 (1, 4, 0, 0, 0, 0, 0, 0, 2, 0, 0, 186)
21 (1, 4, 0, 0, 0, 0, 0, 0, 2, 0, 0, 186)
22 (1, 4, 10, 5, 0, 0, 0, 0, 2, 0, 0, 185)
23 (1, 4, 50, 28, 0, 0, 0, 0, 2, 0, 0, 137)
24 (1, 4, 72, 70, 7, 0, 0, 0, 2, 0, 0, 146)
25 (1, 4, 32, 13, 0, 0, 0, 0, 2, 0, 0, 161)
26 (1, 4, 3, 0, 0, 0, 0, 0, 2, 0, 0, 168)
27 (1, 4, 0, 0, 0, 0, 0, 0, 2, 0, 0, 186)
28 (1, 4, 4, 12, 5, 0, 0, 0, 2, 0, 0, 33)
29 (1, 4, 0, 19, 7, 0, 0, 0, 2, 0, 0, 230)
30 (1, 4, 2, 0, 1, 0, 0, 0, 2, 0, 0, 50)
31 (1, 4, 0, 0, 20, 0, 0, 0, 2, 0, 0, 155)
0 (1, 4, 0, 0, 0, 4, 0, 0, 2, 0, 0, 198)
1 (1, 4, 0, 0, 0, 4, 0, 0, 1, 0, 0, 96)
2 (1, 4, 0, 0, 0, 4, 0, 0, 2, 0, 0, 198)
3 (1, 4, 0, 0, 0, 5, 0, 0, 2, 0, 0, 217)
4 (1, 4, 0, 0, 0, 3, 0, 0, 2, 0, 0, 155)
5 (1, 4, 0, 0, 0, 10, 0, 0, 2, 0, 0, 124)
6 (1, 4, 0, 0, 0, 7, 0, 0, 2, 0, 0, 231)
7 (1, 4, 0, 0, 0, 9, 0, 0, 2, 0, 0, 93)
8 (1, 4, 0, 0, 0, 0, 0, 0, 2, 0, 0, 186)
9 (1, 4, 0, 43, 1, 0, 0, 0, 2, 0, 0, 135)
10 (1, 4, 0, 387, 173, 0, 0, 0, 2, 0, 0, 255)
11 (1, 4, 240, 873, 465, 0, 0, 0, 2, 0, 0, 210)
12 (1, 4, 554, 873, 721, 0, 23, 0, 1, 0, 0, 106)
13 (1, 4, 668, 873, 623, 0, 0, 12, 1, 0, 0, 179)
14 (1, 4, 400, 642, 312, 0, 0, 68, 2, 0, 0, 188)
15 (1, 4, 122, 37, 0, 0, 0, 76, 1, 0, 0, 169)
16 (1, 4, 0, 0, 0, 0, 0, 55, 1, 0, 0, 125)
17 (1, 4, 0, 0, 0, 0, 0, 32, 1, 0, 0, 189)
18 (1, 4, 0, 0, 0, 0, 0, 18, 1, 0, 0, 118)
19 (1, 4, 0, 0, 0, 0, 0, 12, 1, 0, 0, 131)
20 (1, 4, 0, 0, 0, 0, 0, 15, 1, 0, 0, 229)
21 (1, 4, 0, 0, 0, 0, 0, 17, 2, 0, 0, 182)
22 (1, 4, 0, 0, 0, 0, 0, 7, 2, 0, 0, 169)
23 (1, 4, 0, 0, 0, 0, 0, 0, 2, 0, 0, 186)
24 (1, 4, 0, 0, 0, 3, 0, 0, 2, 0, 0, 155)
25 (1, 4, 0, 0, 0, 7, 0, 0, 2, 0, 0, 231)
26 (1, 4, 34, 0, 0, 10, 0, 0, 2, 0, 0, 167)
27 (1, 4, 139, 0, 0, 11, 0, 0, 2, 0, 0, 20)
28 (1, 4, 0, 0, 0, 16, 0, 0, 2, 0, 0, 77)
29 (1, 4, 49, 0, 0, 11, 0, 0, 2, 0, 0, 74)
30 (1, 4, 16, 0, 0, 13, 0, 0, 2, 0, 0, 193)
31 (1, 4, 5, 0, 0, 13, 0, 0, 2, 0, 0, 23)
0 (1, 4, 93, 755, 36, 0, 0, 0, 2, 0, 0, 1)
1 (1, 4, 108, 873, 396, 0, 0, 0, 2, 0, 0, 157)
2 (1, 4, 399, 873, 772, 0, 31, 0, 1, 0, 0, 171)
3 (1, 4, 491, 873, 479, 0, 16, 54, 2, 1, 0, 207)
4 (1, 4, 91, 25, 0, 0, 0, 52, 2, 1, 0, 186)
5 (1, 4, 0, 0, 0, 0, 0, 7, 1, 0, 0, 15)
6 (1, 4, 0, 0, 0, 0, 0, 11, 1, 0, 0, 144)
7 (1, 4, 0, 0, 0, 0, 0, 0, 1, 0, 0, 28)
8 (1, 4, 0, 0, 0, 0, 0, 0, 1, 0, 0, 28)
9 (1, 4, 0, 0, 0, 0, 0, 0, 2, 0, 0, 186)
10 (1, 4, 0, 0, 0, 0, 0, 0, 2, 0, 0, 186)
11 (1, 4, 0, 0, 0, 0, 0, 0, 2, 0, 0, 186)
12 (1, 4, 0, 0, 0, 0, 0, 0, 2, 0, 0, 186)
13 (1, 4, 0, 0, 0, 0, 0, 0, 2, 0, 0, 186)
14 (1, 4, 0, 0, 0, 0, 0, 0, 2, 0, 0, 186)
15 (1, 4, 109, 0, 2, 0, 0, 0, 2, 0, 0, 157)
16 (1, 4, 0, 0, 0, 0, 0, 0, 2, 0, 0, 186)
17 (1, 4, 0, 0, 0, 0, 0, 0, 2, 0, 0, 186)
18 (1, 4, 0, 0, 0, 0, 0, 0, 2, 0, 0, 186)
19 (1, 4, 0, 0, 0, 0, 0, 0, 2, 0, 0, 186)
20 (1, 4, 0, 0, 0, 0, 0, 0, 2, 0, 0, 186)
21 (1, 4, 0, 0, 0, 0, 0, 0, 2, 0, 0, 186)
22 (1, 4, 0, 0, 0, 0, 0, 0, 2, 0, 0, 186)
23 (1, 4, 3, 0, 0, 0, 0, 0, 2, 0, 0, 168)
24 (1, 4, 12, 1, 6, 0, 0, 0, 2, 0, 0, 54)
25 (1, 4, 2, 0, 5, 0, 0, 0, 2, 0, 0, 108)
26 (1, 4, 32, 16, 41, 0, 0, 0, 2, 0, 0, 202)
27 (1, 4, 70, 0, 16, 0, 0, 0, 2, 0, 0, 104)
28 (1, 4, 30, 42, 0, 0, 0, 0, 2, 0, 0, 18)
29 (1, 4, 3, 22, 15, 0, 0, 0, 2, 0, 0, 39)
30 (1, 4, 6, 3, 13, 0, 0, 0, 2, 0, 0, 48)
31 (1, 4, 0, 0, 15, 0, 0, 0, 2, 0, 0, 227)
0 (1, 4, 0, 0, 0, 0, 0, 0, 1, 0, 0, 28)
1 (1, 4, 0, 0, 0, 11, 0, 0, 1, 0, 0, 197)
2 (1, 4, 0, 0, 0, 25, 0, 0, 1, 0, 0, 12)
3 (1, 4, 32, 0, 0, 25, 0, 0, 1, 0, 0, 203)
4 (1, 4, 0, 0, 0, 8, 0, 0, 1, 0, 0, 228)
5 (1, 4, 0, 0, 64, 0, 0, 0, 1, 0, 0, 231)
6 (1, 4, 0, 83, 245, 0, 0, 0, 1, 0, 0, 103)
7 (1, 4, 171, 431, 141, 0, 0, 0, 1, 0, 0, 188)
8 (1, 4, 271, 873, 290, 0, 0, 0, 1, 0, 0, 167)
9 (1, 4, 504, 873, 761, 0, 32, 0, 1, 0, 0, 174)
10 (1, 4, 601, 873, 509, 0, 0, 0, 2, 1, 0, 13)
11 (1, 4, 335, 450, 256, 0, 0, 8, 2, 0, 0, 214)
12 (1, 4, 275, 363, 113, 0, 0, 2, 1, 0, 0, 116)
13 (1, 4, 145, 357, 41, 0, 0, 25, 2, 1, 0, 209)
14 (1, 4, 69, 139, 24, 0, 0, 37, 1, 0, 0, 1)
15 (1, 4, 0, 0, 0, 0, 0, 21, 1, 0, 0, 101)
16 (1, 4, 0, 0, 0, 0, 0, 19, 1, 0, 0, 169)
17 (1, 4, 0, 0, 0, 0, 0, 13, 1, 0, 0, 92)
18 (1, 4, 0, 0, 0, 0, 0, 9, 1, 0, 0, 41)
19 (1, 4, 0, 0, 0, 0, 0, 4, 1, 0, 0, 105)
20 (1, 4, 0, 0, 0, 0, 0, 0, 2, 0, 0, 186)
21 (1, 4, 0, 0, 0, 0, 0, 0, 2, 0, 0, 186)
22 (1, 4, 0, 0, 0, 0, 0, 0, 2, 0, 0, 186)
23 (1, 4, 0, 0, 0, 0, 0, 0, 2, 0, 0, 186)
24 (1, 4, 0, 0, 0, 1, 0, 0, 2, 0, 0, 165)
25 (1, 4, 0, 0, 0, 7, 0, 0, 2, 0, 0, 231)

