0 (1, 4, 22, 165, 0, 0, 0, 0, 4, 3, 0, 36)
1 (1, 4, 124, 308, 0, 0, 0, 0, 6, 5, 0, 143)
2 (1, 4, 343, 481, 0, 0, 0, 0, 7, 7, 0, 16)
3 (1, 4, 89, 551, 0, 0, 0, 0, 6, 7, 0, 57)
4 (1, 4, 0, 687, 0, 0, 0, 0, 6, 7, 0, 156)
5 (1, 4, 98, 605, 0, 0, 0, 91, 6, 7, 0, 152)
6 (1, 4, 0, 95, 0, 0, 0, 117, 6, 7, 0, 237)
7 (1, 4, 0, 55, 0, 0, 0, 101, 6, 7, 0, 204)
8 (1, 4, 0, 10, 43, 39, 0, 100, 6, 7, 0, 33)
9 (1, 4, 0, 0, 24, 56, 0, 99, 6, 7, 0, 132)
10 (1, 4, 0, 0, 30, 43, 0, 122, 6, 7, 0, 197)
11 (1, 4, 38, 0, 118, 0, 0, 103, 6, 6, 0, 87)
12 (1, 4, 0, 0, 300, 0, 12, 87, 5, 6, 0, 8)
13 (1, 4, 0, 0, 431, 0, 0, 38, 5, 6, 0, 136)
14 (1, 4, 0, 0, 604, 0, 0, 0, 5, 6, 0, 50)
15 (1, 4, 0, 0, 724, 0, 0, 0, 5, 6, 0, 127)
16 (1, 4, 0, 0, 652, 0, 0, 0, 5, 6, 0, 71)
17 (1, 4, 0, 0, 533, 0, 0, 0, 4, 5, 0, 62)
18 (1, 4, 0, 0, 267, 0, 0, 0, 3, 4, 0, 41)
19 (1, 4, 0, 0, 199, 0, 0, 0, 2, 2, 0, 131)
20 (1, 4, 0, 0, 197, 0, 0, 1, 1, 1, 0, 104)
21 (1, 4, 0, 12, 209, 0, 0, 9, 0, 1, 0, 168)
22 (1, 4, 68, 57, 166, 0, 0, 4, 0, 0, 0, 97)
23 (1, 4, 150, 111, 0, 0, 0, 15, 0, 0, 0, 166)
24 (1, 4, 135, 28, 0, 0, 0, 16, 0, 0, 0, 154)
25 (1, 4, 0, 0, 0, 0, 0, 9, 0, 0, 0, 75)
26 (1, 4, 78, 0, 2, 0, 0, 12, 0, 0, 0, 19)
27 (1, 4, 76, 0, 0, 0, 0, 0, 0, 0, 0, 191)
28 (1, 4, 0, 0, 0, 0, 0, 5, 0, 0, 0, 212)
29 (1, 4, 18, 0, 14, 0, 0, 6, 0, 0, 0, 131)
30 (1, 4, 40, 39, 48, 0, 0, 4, 0, 0, 0, 253)
31 (1, 4, 23, 76, 46, 0, 0, 8, 0, 0, 0, 135)
0 (1, 4, 14, 7, 35, 0, 0, 27, 1, 1, 0, 59)
1 (1, 4, 0, 0, 0, 0, 0, 26, 1, 1, 0, 247)
2 (1, 4, 0, 0, 0, 0, 0, 25, 1, 1, 0, 145)
3 (1, 4, 0, 0, 0, 0, 0, 42, 2, 2, 0, 158)
4 (1, 4, 119, 0, 0, 0, 0, 50, 4, 4, 0, 21)
5 (1, 4, 0, 0, 0, 0, 0, 43, 6, 5, 0, 216)
6 (1, 4, 0, 0, 0, 0, 0, 61, 6, 7, 0, 17)
7 (1, 4, 0, 0, 0, 5, 0, 6, 6, 7, 0, 140)
8 (1, 4, 0, 122, 0, 34, 0, 0, 6, 7, 0, 10)
9 (1, 4, 37, 458, 0, 0, 0, 0, 6, 7, 0, 107)
10 (1, 4, 140, 628, 0, 0, 0, 0, 6, 7, 0, 73)
11 (1, 4, 48, 413, 0, 0, 0, 0, 6, 7, 0, 93)
12 (1, 4, 0, 384, 0, 0, 0, 17, 6, 7, 0, 203)
13 (1, 4, 0, 262, 0, 0, 0, 72, 5, 6, 0, 19)
14 (1, 4, 0, 153, 0, 0, 0, 112, 6, 7, 0, 114)
15 (1, 4, 0, 0, 0, 57, 0, 135, 6, 8, 0, 4)
16 (1, 4, 15, 0, 21, 42, 0, 107, 6, 8, 0, 204)
17 (1, 4, 69, 0, 46, 3, 0, 121, 6, 7, 0, 140)
18 (1, 4, 104, 0, 201, 0, 1, 107, 6, 7, 0, 46)
19 (1, 4, 1, 0, 400, 0, 0, 63, 5, 6, 0, 184)
20 (1, 4, 14, 0, 580, 0, 0, 21, 5, 6, 0, 220)
21 (1, 4, 0, 0, 750, 0, 0, 0, 4, 6, 0, 15)
22 (1, 4, 0, 0, 573, 0, 0, 0, 3, 4, 0, 62)
23 (1, 4, 0, 0, 536, 0, 0, 32, 2, 3, 0, 223)
24 (1, 4, 0, 4, 392, 0, 0, 36, 1, 1, 0, 105)
25 (1, 4, 0, 82, 348, 0, 0, 52, 0, 1, 0, 166)
26 (1, 4, 0, 26, 244, 0, 0, 36, 0, 1, 0, 171)
27 (1, 4, 0, 27, 193, 0, 0, 33, 0, 0, 0, 148)
28 (1, 4, 0, 47, 156, 0, 0, 29, 0, 0, 0, 242)
29 (1, 4, 0, 60, 110, 0, 0, 28, 0, 0, 0, 48)
0 (1, 4, 56, 0, 0, 0, 0, 53, 6, 5, 0, 122)
1 (1, 4, 11, 0, 0, 0, 0, 40, 6, 6, 0, 97)
2 (1, 4, 0, 0, 0, 0, 0, 51, 5, 6, 0, 250)
3 (1, 4, 17, 11, 0, 0, 0, 52, 5, 6, 0, 108)
4 (1, 4, 33, 15, 0, 0, 0, 55, 5, 5, 0, 74)
5 (1, 4, 52, 12, 0, 0, 0, 62, 5, 5, 0, 113)
6 (1, 4, 23, 0, 0, 0, 0, 65, 5, 5, 0, 3)
7 (1, 4, 73, 72, 0, 0, 0, 35, 5, 5, 0, 83)
8 (1, 4, 87, 200, 0, 0, 0, 7, 5, 5, 0, 50)
9 (1, 4, 0, 240, 0, 5, 0, 0, 5, 5, 0, 17)
10 (1, 4, 0, 460, 0, 60, 0, 0, 4, 5, 0, 165)
11 (1, 4, 72, 873, 0, 0, 0, 0, 4, 5, 0, 167)
12 (1, 4, 82, 302, 0, 0, 69, 70, 4, 5, 0, 110)
13 (1, 4, 0, 0, 32, 0, 0, 54, 4, 5, 0, 113)
14 (1, 4, 0, 0, 102, 24, 0, 109, 4, 5, 0, 238)
15 (1, 4, 0, 0, 53, 54, 0, 110, 4, 5, 0, 228)
16 (1, 4, 41, 0, 65, 39, 0, 114, 4, 5, 0, 221)
17 (1, 4, 47, 0, 118, 0, 0, 98, 4, 5, 0, 250)
18 (1, 4, 96, 0, 246, 0, 0, 74, 4, 5, 0, 147)
19 (1, 4, 0, 0, 426, 0, 0, 33, 4, 5, 0, 142)
20 (1, 4, 0, 0, 537, 0, 0, 0, 3, 4, 0, 158)
21 (1, 4, 0, 0, 542, 0, 0, 0, 2, 3, 0, 15)
22 (1, 4, 0, 0, 521, 12, 0, 0, 2, 2, 0, 122)
23 (1, 4, 0, 0, 579, 0, 0, 0, 1, 2, 0, 48)
24 (1, 4, 0, 0, 341, 0, 0, 2, 0, 1, 0, 191)
25 (1, 4, 0, 0, 293, 0, 0, 0, 0, 1, 0, 124)
26 (1, 4, 0, 0, 176, 0, 0, 0, 0, 1, 0, 101)
27 (1, 4, 0, 0, 103, 0, 0, 2, 0, 1, 0, 76)
28 (1, 4, 0, 0, 64, 0, 0, 7, 0, 1, 0, 253)
0 (1, 4, 170, 69, 0, 0, 0, 3, 0, 0, 0, 74)
1 (1, 4, 158, 142, 0, 10, 0, 0, 0, 0, 0, 28)
2 (1, 4, 137, 295, 0, 4, 0, 0, 0, 0, 0, 76)
3 (1, 4, 181, 451, 0, 0, 0, 0, 0, 0, 0, 197)
4 (1, 4, 138, 475, 0, 0, 0, 0, 0, 0, 0, 106)
5 (1, 4, 0, 375, 0, 0, 0, 5, 0, 0, 0, 19)
6 (1, 4, 0, 281, 0, 0, 0, 45, 1, 1, 0, 20)
7 (1, 4, 0, 152, 0, 0, 0, 68, 4, 3, 0, 175)
8 (1, 4, 44, 34, 0, 0, 0, 87, 6, 5, 0, 80)
9 (1, 4, 101, 0, 36, 0, 0, 71, 7, 6, 0, 164)
10 (1, 4, 0, 0, 111, 0, 0, 66, 6, 7, 0, 131)
11 (1, 4, 0, 0, 207, 4, 0, 58, 6, 7, 0, 45)
12 (1, 4, 0, 0, 306, 62, 0, 34, 6, 6, 0, 7)
13 (1, 4, 0, 0, 60, 283, 0, 0, 6, 7, 0, 6)
14 (1, 4, 0, 143, 0, 164, 0, 31, 5, 6, 0, 76)
15 (1, 4, 0, 188, 0, 54, 0, 78, 5, 6, 0, 26)
16 (1, 4, 0, 59, 0, 43, 0, 63, 5, 6, 0, 157)
17 (1, 4, 20, 27, 2, 56, 0, 46, 5, 6, 0, 114)
18 (1, 4, 3, 0, 0, 68, 0, 34, 5, 6, 0, 77)
19 (1, 4, 17, 0, 1, 74, 0, 36, 5, 6, 0, 83)
20 (1, 4, 53, 2, 3, 73, 0, 43, 5, 6, 0, 54)
21 (1, 4, 16, 0, 0, 71, 0, 46, 5, 6, 0, 1)
22 (1, 4, 15, 0, 0, 76, 0, 47, 5, 6, 0, 189)
23 (1, 4, 10, 0, 0, 77, 0, 42, 5, 6, 0, 62)
24 (1, 4, 16, 22, 10, 77, 0, 43, 5, 6, 0, 40)
25 (1, 4, 15, 21, 4, 72, 0, 47, 5, 6, 0, 145)
26 (1, 4, 5, 4, 0, 73, 0, 46, 5, 6, 0, 183)
0 (1, 4, 0, 843, 0, 0, 0, 0, 6, 6, 0, 136)
1 (1, 4, 0, 854, 0, 0, 0, 0, 6, 6, 0, 53)
2 (1, 4, 0, 664, 0, 0, 0, 11, 6, 6, 0, 218)
3 (1, 4, 0, 339, 0, 0, 0, 111, 6, 6, 0, 138)
4 (1, 4, 0, 68, 0, 0, 0, 101, 6, 6, 0, 95)
5 (1, 4, 0, 93, 9, 36, 0, 111, 6, 6, 0, 214)
6 (1, 4, 0, 0, 0, 43, 0, 123, 5, 6, 0, 101)
7 (1, 4, 6, 0, 0, 65, 0, 98, 5, 6, 0, 93)
8 (1, 4, 22, 0, 0, 79, 0, 87, 5, 6, 0, 223)
9 (1, 4, 16, 15, 0, 71, 0, 92, 5, 6, 0, 62)
10 (1, 4, 17, 12, 0, 64, 0, 94, 5, 6, 0, 12)
11 (1, 4, 4, 9, 3, 56, 0, 97, 5, 6, 0, 182)
12 (1, 4, 22, 0, 15, 51, 0, 101, 5, 6, 0, 2)
13 (1, 4, 41, 0, 43, 31, 0, 107, 5, 6, 0, 148)
14 (1, 4, 73, 0, 102, 8, 0, 100, 5, 6, 0, 4)
15 (1, 4, 54, 0, 154, 4, 0, 74, 5, 6, 0, 154)
16 (1, 4, 12, 0, 256, 34, 0, 35, 5, 6, 0, 235)
17 (1, 4, 57, 0, 278, 56, 0, 22, 5, 6, 0, 29)
18 (1, 4, 0, 0, 341, 48, 0, 10, 3, 4, 0, 45)
19 (1, 4, 0, 0, 321, 65, 0, 16, 1, 2, 0, 225)
20 (1, 4, 0, 0, 295, 36, 0, 31, 0, 1, 0, 236)
21 (1, 4, 0, 0, 251, 15, 0, 23, 0, 0, 0, 151)
22 (1, 4, 0, 0, 298, 0, 0, 10, 0, 0, 0, 29)
23 (1, 4, 0, 0, 321, 0, 0, 7, 0, 0, 0, 95)
24 (1, 4, 0, 0, 365, 0, 0, 0, 0, 0, 0, 80)
25 (1, 4, 0, 0, 438, 0, 0, 0, 0, 0, 0, 34)
26 (1, 4, 0, 0, 402, 0, 0, 0, 0, 0, 0, 130)
27 (1, 4, 0, 0, 259, 0, 0, 0, 0, 0, 0, 152)
28 (1, 4, 0, 4, 11, 0, 0, 6, 0, 0, 0, 111)
0 (1, 4, 0, 8, 0, 0, 0, 15, 0, 0, 0, 52)
1 (1, 4, 0, 3, 0, 0, 0, 14, 0, 0, 0, 128)
2 (1, 4, 0, 8, 0, 0, 0, 14, 0, 0, 0, 235)
3 (1, 4, 1, 9, 0, 0, 0, 14, 0, 0, 0, 80)
4 (1, 4, 0, 6, 0, 0, 0, 12, 0, 0, 0, 86)
5 (1, 4, 0, 11, 0, 0, 0, 12, 0, 1, 0, 225)
6 (1, 4, 30, 13, 0, 0, 0, 13, 1, 1, 0, 95)
7 (1, 4, 17, 36, 0, 0, 0, 0, 4, 3, 0, 186)
8 (1, 4, 101, 18, 0, 5, 0, 0, 6, 5, 0, 226)
9 (1, 4, 226, 10, 0, 9, 0, 0, 7, 6, 0, 84)
10 (1, 4, 0, 180, 0, 37, 0, 0, 6, 7, 0, 209)
11 (1, 4, 0, 467, 0, 37, 0, 0, 6, 6, 0, 28)
12 (1, 4, 0, 537, 0, 61, 0, 0, 6, 6, 0, 103)
13 (1, 4, 0, 601, 0, 0, 0, 0, 5, 6, 0, 199)
14 (1, 4, 0, 506, 0, 0, 0, 15, 5, 6, 0, 13)
15 (1, 4, 0, 313, 0, 0, 0, 60, 5, 6, 0, 67)
16 (1, 4, 37, 107, 0, 0, 0, 178, 5, 6, 0, 116)
17 (1, 4, 0, 0, 17, 56, 0, 88, 5, 6, 0, 159)
18 (1, 4, 3, 0, 0, 69, 0, 107, 5, 6, 0, 34)
19 (1, 4, 16, 0, 7, 67, 0, 108, 5, 6, 0, 100)
20 (1, 4, 27, 3, 0, 65, 0, 99, 5, 6, 0, 252)
21 (1, 4, 9, 0, 5, 56, 0, 98, 5, 6, 0, 225)
22 (1, 4, 3, 0, 9, 58, 0, 103, 5, 6, 0, 251)
23 (1, 4, 24, 0, 21, 50, 0, 110, 5, 6, 0, 41)
24 (1, 4, 0, 0, 54, 27, 0, 85, 6, 6, 0, 170)
25 (1, 4, 0, 0, 118, 8, 0, 99, 5, 6, 0, 159)
26 (1, 4, 44, 0, 242, 0, 0, 79, 3, 4, 0, 228)
27 (1, 4, 0, 0, 319, 0, 0, 38, 2, 3, 0, 239)
28 (1, 4, 6, 0, 430, 0, 0, 8, 1, 1, 0, 38)
29 (1, 4, 0, 0, 455, 0, 0, 0, 0, 1, 0, 167)
0 (1, 4, 0, 7, 21, 0, 0, 3, 0, 0, 0, 175)
1 (1, 4, 0, 4, 9, 0, 0, 3, 0, 0, 0, 234)
2 (1, 4, 2, 17, 4, 0, 0, 7, 0, 0, 0, 251)
3 (1, 4, 8, 14, 0, 0, 0, 6, 0, 0, 0, 198)
4 (1, 4, 2, 5, 0, 0, 0, 6, 0, 0, 0, 193)
5 (1, 4, 0, 0, 0, 0, 0, 14, 0, 1, 0, 51)
6 (1, 4, 0, 0, 0, 0, 0, 2, 4, 3, 0, 245)
7 (1, 4, 151, 0, 0, 0, 0, 7, 5, 5, 0, 159)
8 (1, 4, 67, 0, 0, 5, 0, 6, 6, 6, 0, 124)
9 (1, 4, 0, 45, 0, 43, 0, 0, 6, 7, 0, 13)
10 (1, 4, 0, 298, 0, 37, 0, 0, 6, 7, 0, 80)
11 (1, 4, 0, 470, 0, 26, 0, 0, 6, 6, 0, 200)
12 (1, 4, 0, 623, 0, 0, 0, 0, 6, 6, 0, 117)
13 (1, 4, 0, 548, 0, 0, 0, 0, 5, 6, 0, 59)
14 (1, 4, 0, 478, 0, 0, 0, 62, 5, 6, 0, 184)
15 (1, 4, 26, 353, 0, 0, 0, 127, 5, 6, 0, 189)
16 (1, 4, 0, 0, 0, 11, 0, 102, 5, 6, 0, 31)
17 (1, 4, 0, 26, 3, 47, 0, 104, 5, 6, 0, 168)
18 (1, 4, 0, 2, 13, 49, 0, 114, 5, 6, 0, 122)
19 (1, 4, 3, 0, 22, 42, 0, 126, 5, 6, 0, 204)
20 (1, 4, 4, 0, 59, 13, 0, 124, 5, 6, 0, 99)
21 (1, 4, 28, 0, 100, 0, 0, 109, 5, 6, 0, 185)
22 (1, 4, 0, 0, 256, 0, 0, 67, 5, 6, 0, 144)
23 (1, 4, 0, 0, 336, 0, 0, 32, 5, 5, 0, 43)
24 (1, 4, 0, 0, 393, 18, 0, 0, 4, 4, 0, 23)
25 (1, 4, 0, 0, 448, 31, 0, 0, 2, 3, 0, 2)
26 (1, 4, 0, 0, 440, 37, 0, 0, 1, 2, 0, 209)
27 (1, 4, 0, 0, 350, 26, 0, 0, 0, 1, 0, 48)
28 (1, 4, 0, 0, 367, 0, 0, 0, 0, 0, 0, 127)
29 (1, 4, 0, 0, 352, 0, 0, 0, 0, 0, 0, 38)
0 (1, 4, 0, 155, 0, 45, 0, 0, 7, 7, 0, 56)
1 (1, 4, 0, 349, 0, 38, 0, 0, 6, 7, 0, 83)
2 (1, 4, 0, 377, 0, 37, 0, 0, 6, 7, 0, 106)
3 (1, 4, 0, 672, 0, 0, 0, 0, 6, 7, 0, 45)
4 (1, 4, 0, 641, 0, 0, 0, 0, 6, 7, 0, 90)
5 (1, 4, 0, 741, 0, 0, 9, 138, 6, 7, 0, 160)
6 (1, 4, 0, 0, 39, 0, 0, 203, 6, 7, 0, 123)
7 (1, 4, 58, 0, 92, 71, 0, 109, 6, 7, 0, 34)
8 (1, 4, 56, 0, 41, 60, 0, 76, 6, 7, 0, 226)
9 (1, 4, 66, 0, 73, 45, 0, 67, 5, 7, 0, 146)
10 (1, 4, 0, 0, 148, 42, 0, 71, 5, 7, 0, 44)
11 (1, 4, 0, 0, 143, 41, 0, 80, 5, 6, 0, 222)
12 (1, 4, 0, 0, 226, 29, 0, 61, 5, 6, 0, 107)
13 (1, 4, 0, 0, 262, 0, 0, 64, 3, 5, 0, 113)
14 (1, 4, 0, 0, 326, 0, 0, 26, 3, 4, 0, 36)
15 (1, 4, 0, 0, 466, 0, 0, 0, 2, 3, 0, 0)
16 (1, 4, 0, 0, 642, 0, 0, 0, 2, 3, 0, 99)
17 (1, 4, 20, 0, 579, 0, 0, 19, 1, 2, 0, 93)
18 (1, 4, 0, 0, 244, 0, 0, 22, 1, 1, 0, 189)
19 (1, 4, 0, 0, 252, 0, 0, 19, 0, 1, 0, 201)
20 (1, 4, 0, 0, 252, 0, 0, 0, 0, 1, 0, 124)
21 (1, 4, 0, 0, 190, 0, 0, 3, 0, 1, 0, 206)
22 (1, 4, 0, 1, 91, 0, 0, 6, 0, 1, 0, 239)
23 (1, 4, 0, 44, 0, 0, 0, 9, 0, 1, 0, 139)
24 (1, 4, 0, 32, 0, 0, 0, 12, 0, 1, 0, 72)
25 (1, 4, 0, 14, 0, 0, 0, 15, 0, 1, 0, 232)
26 (1, 4, 0, 17, 0, 0, 0, 15, 0, 1, 0, 56)
27 (1, 4, 27, 48, 0, 0, 0, 17, 0, 1, 0, 56)
28 (1, 4, 53, 67, 0, 0, 0, 17, 0, 1, 0, 83)
29 (1, 4, 42, 66, 0, 0, 0, 20, 0, 1, 0, 246)
30 (1, 4, 45, 41, 0, 0, 0, 19, 0, 1, 0, 229)
31 (1, 4, 44, 26, 4, 0, 0, 15, 0, 1, 0, 130)
0 (1, 4, 65, 0, 0, 0, 0, 4, 6, 6, 0, 186)
1 (1, 4, 90, 73, 0, 0, 0, 7, 6, 6, 0, 219)
2 (1, 4, 87, 101, 0, 8, 0, 19, 5, 6, 0, 206)
3 (1, 4, 81, 132, 0, 19, 0, 17, 5, 6, 0, 136)
4 (1, 4, 30, 121, 0, 77, 0, 0, 5, 6, 0, 50)
5 (1, 4, 0, 187, 0, 257, 0, 0, 5, 6, 0, 80)
6 (1, 4, 0, 862, 0, 82, 0, 0, 5, 6, 0, 60)
7 (1, 4, 0, 722, 0, 0, 0, 5, 5, 6, 0, 7)
8 (1, 4, 0, 291, 0, 0, 0, 84, 5, 6, 0, 242)
9 (1, 4, 0, 133, 0, 0, 0, 63, 5, 6, 0, 11)
10 (1, 4, 0, 0, 48, 0, 0, 82, 5, 5, 0, 253)
11 (1, 4, 0, 0, 121, 39, 0, 102, 5, 5, 0, 157)
12 (1, 4, 0, 0, 108, 72, 0, 99, 5, 5, 0, 27)
13 (1, 4, 53, 0, 107, 56, 0, 103, 5, 5, 0, 81)
14 (1, 4, 0, 0, 148, 0, 0, 84, 5, 5, 0, 96)
15 (1, 4, 0, 0, 288, 0, 0, 67, 4, 5, 0, 177)
16 (1, 4, 0, 0, 503, 0, 0, 0, 2, 3, 0, 52)
17 (1, 4, 0, 0, 641, 0, 0, 0, 1, 2, 0, 21)
18 (1, 4, 0, 0, 642, 1, 0, 0, 0, 1, 0, 110)
19 (1, 4, 0, 0, 487, 0, 0, 0, 0, 0, 0, 50)
20 (1, 4, 0, 0, 562, 0, 0, 0, 0, 0, 0, 106)
21 (1, 4, 0, 0, 415, 0, 0, 0, 0, 0, 0, 244)
22 (1, 4, 0, 47, 407, 0, 0, 0, 0, 0, 0, 59)
23 (1, 4, 49, 86, 230, 0, 0, 0, 0, 0, 0, 135)
24 (1, 4, 27, 26, 0, 0, 0, 5, 0, 0, 0, 233)
25 (1, 4, 0, 0, 0, 0, 0, 3, 0, 0, 0, 24)
26 (1, 4, 0, 0, 0, 0, 0, 3, 0, 0, 0, 24)
27 (1, 4, 0, 0, 0, 0, 0, 0, 0, 0, 0, 126)
28 (1, 4, 0, 0, 0, 0, 0, 0, 0, 0, 0, 126)
29 (1, 4, 26, 13, 0, 0, 0, 0, 0, 0, 0, 46)
30 (1, 4, 84, 64, 0, 0, 0, 0, 0, 0, 0, 172)
31 (1, 4, 109, 66, 16, 0, 0, 1, 0, 0, 0, 56)
0 (1, 4, 0, 0, 0, 0, 0, 8, 0, 0, 0, 148)
1 (1, 4, 0, 0, 0, 0, 0, 12, 0, 0, 0, 225)
2 (1, 4, 0, 0, 0, 0, 0, 11, 0, 0, 0, 242)
3 (1, 4, 0, 0, 0, 0, 0, 3, 0, 0, 0, 24)
4 (1, 4, 107, 0, 0, 0, 0, 0, 0, 0, 0, 82)
5 (1, 4, 0, 38, 0, 0, 0, 0, 0, 0, 0, 11)
6 (1, 4, 77, 189, 0, 1, 0, 0, 0, 0, 0, 208)
7 (1, 4, 0, 230, 0, 20, 0, 0, 0, 0, 0, 2)
8 (1, 4, 66, 433, 0, 29, 0, 0, 1, 1, 0, 124)
9 (1, 4, 0, 578, 0, 20, 0, 0, 2, 2, 0, 196)
10 (1, 4, 0, 723, 0, 0, 0, 0, 4, 3, 0, 186)
11 (1, 4, 0, 576, 0, 0, 0, 1, 5, 5, 0, 194)
12 (1, 4, 209, 405, 0, 0, 0, 116, 7, 7, 0, 155)
13 (1, 4, 0, 0, 0, 0, 0, 150, 7, 7, 0, 212)
14 (1, 4, 0, 0, 108, 0, 0, 90, 6, 7, 0, 1)
15 (1, 4, 37, 0, 212, 6, 0, 47, 6, 7, 0, 227)
16 (1, 4, 0, 0, 218, 129, 0, 31, 6, 7, 0, 93)
17 (1, 4, 0, 0, 138, 211, 0, 32, 6, 7, 0, 78)
18 (1, 4, 49, 96, 54, 155, 0, 68, 6, 6, 0, 99)
19 (1, 4, 0, 38, 0, 82, 0, 88, 6, 6, 0, 93)
20 (1, 4, 3, 35, 0, 70, 0, 72, 6, 6, 0, 120)
21 (1, 4, 22, 16, 0, 67, 0, 60, 6, 6, 0, 244)
22 (1, 4, 6, 11, 0, 74, 0, 65, 6, 6, 0, 142)
23 (1, 4, 0, 0, 0, 78, 0, 63, 5, 6, 0, 10)
24 (1, 4, 0, 6, 0, 83, 0, 64, 5, 6, 0, 31)
25 (1, 4, 0, 0, 4, 85, 0, 67, 5, 6, 0, 210)
26 (1, 4, 14, 12, 1, 84, 0, 69, 5, 6, 0, 246)
27 (1, 4, 25, 0, 0, 76, 0, 70, 6, 6, 0, 14)
28 (1, 4, 17, 0, 0, 76, 0, 65, 5, 5, 0, 118)
29 (1, 4, 52, 39, 42, 79, 0, 64, 3, 4, 0, 244)
30 (1, 4, 0, 75, 76, 80, 0, 52, 1, 1, 0, 163)
31 (1, 4, 0, 116, 85, 58, 0, 74, 0, 0, 0, 4)
0 (1, 4, 0, 17, 0, 0, 0, 15, 0, 0, 0, 83)
1 (1, 4, 0, 3, 0, 0, 0, 19, 0, 0, 0, 19)
2 (1, 4, 4, 0, 0, 0, 0, 18, 0, 0, 0, 44)
3 (1, 4, 29, 0, 0, 0, 0, 9, 0, 1, 0, 134)
4 (1, 4, 19, 13, 0, 0, 0, 0, 1, 1, 0, 89)
5 (1, 4, 123, 125, 0, 14, 0, 0, 3, 3, 0, 239)
6 (1, 4, 16, 181, 0, 32, 0, 0, 5, 5, 0, 151)
7 (1, 4, 137, 280, 0, 37, 0, 0, 7, 6, 0, 252)
8 (1, 4, 0, 534, 0, 13, 0, 0, 6, 7, 0, 163)
9 (1, 4, 0, 583, 0, 0, 0, 0, 6, 7, 0, 111)
10 (1, 4, 0, 423, 0, 0, 0, 40, 6, 7, 0, 76)
11 (1, 4, 0, 291, 0, 0, 0, 57, 6, 6, 0, 240)
12 (1, 4, 100, 61, 66, 0, 0, 170, 6, 7, 0, 134)
13 (1, 4, 0, 0, 53, 78, 0, 85, 6, 7, 0, 59)
14 (1, 4, 3, 0, 12, 72, 0, 94, 7, 7, 0, 44)
15 (1, 4, 0, 3, 0, 77, 0, 101, 6, 7, 0, 251)
16 (1, 4, 21, 35, 0, 68, 0, 92, 6, 7, 0, 79)
17 (1, 4, 13, 21, 2, 59, 0, 95, 6, 7, 0, 236)
18 (1, 4, 43, 21, 5, 61, 0, 102, 6, 7, 0, 239)
19 (1, 4, 89, 28, 36, 30, 0, 102, 6, 7, 0, 249)
20 (1, 4, 93, 0, 70, 0, 0, 110, 5, 6, 0, 137)
21 (1, 4, 13, 0, 198, 0, 0, 86, 5, 6, 0, 137)
22 (1, 4, 49, 0, 376, 0, 0, 28, 5, 6, 0, 16)
23 (1, 4, 57, 0, 540, 0, 0, 0, 5, 6, 0, 144)
24 (1, 4, 0, 0, 633, 0, 0, 0, 5, 6, 0, 6)
25 (1, 4, 0, 0, 590, 0, 0, 0, 5, 6, 0, 98)
26 (1, 4, 0, 0, 655, 0, 0, 0, 4, 5, 0, 35)
27 (1, 4, 0, 2, 523, 0, 0, 0, 2, 3, 0, 215)
28 (1, 4, 0, 0, 374, 0, 0, 0, 0, 1, 0, 67)
29 (1, 4, 0, 0, 237, 0, 0, 0, 0, 1, 0, 151)
0 (1, 4, 0, 0, 0, 0, 0, 7, 2, 2, 0, 127)
1 (1, 4, 9, 0, 0, 0, 0, 3, 3, 3, 0, 125)
2 (1, 4, 1, 0, 0, 0, 0, 0, 4, 4, 0, 84)
3 (1, 4, 28, 35, 0, 0, 0, 0, 4, 4, 0, 232)
4 (1, 4, 83, 184, 0, 18, 0, 0, 5, 5, 0, 240)
5 (1, 4, 110, 359, 0, 43, 0, 0, 5, 5, 0, 223)
6 (1, 4, 220, 530, 0, 32, 0, 0, 6, 6, 0, 84)
7 (1, 4, 104, 725, 0, 0, 0, 0, 6, 7, 0, 92)
8 (1, 4, 0, 784, 0, 0, 0, 0, 6, 7, 0, 106)
9 (1, 4, 0, 368, 0, 0, 0, 89, 6, 7, 0, 69)
10 (1, 4, 0, 108, 0, 0, 0, 93, 6, 6, 0, 182)
11 (1, 4, 22, 0, 115, 0, 0, 101, 6, 6, 0, 3)
12 (1, 4, 22, 0, 97, 45, 0, 85, 5, 6, 0, 245)
13 (1, 4, 40, 0, 191, 10, 0, 81, 5, 6, 0, 255)
14 (1, 4, 0, 0, 293, 0, 0, 71, 5, 6, 0, 209)
15 (1, 4, 0, 0, 390, 0, 0, 25, 5, 6, 0, 213)
16 (1, 4, 0, 0, 509, 0, 0, 0, 4, 5, 0, 145)
17 (1, 4, 0, 0, 502, 0, 0, 0, 3, 4, 0, 212)
18 (1, 4, 0, 0, 489, 0, 0, 0, 1, 2, 0, 75)
19 (1, 4, 0, 0, 444, 0, 0, 0, 1, 1, 0, 184)
20 (1, 4, 0, 0, 383, 0, 0, 0, 0, 1, 0, 107)
21 (1, 4, 0, 0, 273, 0, 0, 0, 0, 0, 0, 200)
22 (1, 4, 0, 0, 255, 0, 0, 0, 0, 0, 0, 172)
23 (1, 4, 8, 10, 133, 0, 0, 0, 0, 0, 0, 235)
24 (1, 4, 0, 22, 0, 0, 0, 0, 0, 0, 0, 168)
25 (1, 4, 0, 0, 0, 0, 0, 1, 0, 0, 0, 161)
26 (1, 4, 0, 0, 0, 0, 0, 5, 0, 0, 0, 212)
27 (1, 4, 0, 0, 0, 0, 0, 5, 0, 0, 0, 212)
28 (1, 4, 0, 15, 0, 0, 0, 8, 0, 0, 0, 37)
29 (1, 4, 38, 49, 0, 0, 0, 10, 0, 0, 0, 216)
0 (1, 4, 4, 21, 2, 0, 0, 5, 0, 1, 0, 166)
1 (1, 4, 0, 11, 6, 0, 0, 6, 0, 1, 0, 195)
2 (1, 4, 0, 2, 0, 0, 0, 9, 0, 1, 0, 77)
3 (1, 4, 0, 0, 0, 0, 0, 13, 0, 1, 0, 85)
4 (1, 4, 0, 0, 0, 0, 0, 15, 0, 1, 0, 236)
5 (1, 4, 0, 0, 0, 0, 0, 4, 1, 1, 0, 2)
6 (1, 4, 0, 0, 0, 2, 0, 0, 2, 2, 0, 82)
7 (1, 4, 127, 164, 0, 64, 0, 0, 3, 3, 0, 93)
8 (1, 4, 0, 396, 0, 74, 0, 0, 5, 4, 0, 166)
9 (1, 4, 176, 763, 0, 0, 0, 0, 6, 5, 0, 64)
10 (1, 4, 119, 663, 0, 0, 0, 0, 6, 6, 0, 99)
11 (1, 4, 0, 543, 0, 0, 0, 0, 6, 6, 0, 85)
12 (1, 4, 0, 427, 0, 0, 0, 0, 6, 6, 0, 5)
13 (1, 4, 36, 102, 38, 0, 62, 132, 7, 7, 0, 96)
14 (1, 4, 120, 77, 176, 48, 0, 38, 6, 6, 0, 202)
15 (1, 4, 0, 0, 45, 66, 0, 109, 6, 6, 0, 143)
16 (1, 4, 12, 0, 0, 73, 0, 92, 6, 6, 0, 59)
17 (1, 4, 22, 0, 0, 65, 0, 93, 6, 6, 0, 144)
18 (1, 4, 78, 36, 20, 43, 0, 92, 6, 6, 0, 149)
19 (1, 4, 11, 0, 16, 11, 0, 93, 6, 6, 0, 90)
20 (1, 4, 54, 0, 116, 0, 0, 92, 5, 6, 0, 192)
21 (1, 4, 16, 0, 250, 0, 0, 61, 5, 6, 0, 36)
22 (1, 4, 59, 0, 348, 0, 0, 19, 5, 6, 0, 37)
23 (1, 4, 0, 0, 487, 0, 0, 0, 5, 6, 0, 162)
24 (1, 4, 0, 0, 553, 2, 0, 0, 5, 6, 0, 188)
25 (1, 4, 0, 0, 401, 15, 0, 0, 4, 5, 0, 211)
26 (1, 4, 38, 93, 617, 0, 0, 0, 3, 4, 0, 57)
27 (1, 4, 0, 52, 345, 0, 0, 16, 1, 2, 0, 145)
28 (1, 4, 0, 0, 302, 0, 0, 5, 0, 1, 0, 209)
29 (1, 4, 0, 0, 239, 0, 0, 0, 0, 0, 0, 211)
30 (1, 4, 0, 0, 167, 0, 0, 0, 0, 0, 0, 148)
31 (1, 4, 0, 24, 55, 0, 0, 7, 0, 0, 0, 219)
0 (1, 4, 2, 4, 0, 0, 0, 10, 0, 0, 0, 235)
1 (1, 4, 2, 7, 0, 0, 0, 11, 0, 0, 0, 236)
2 (1, 4, 0, 1, 0, 0, 0, 9, 0, 0, 0, 254)
3 (1, 4, 0, 0, 0, 0, 0, 11, 0, 0, 0, 242)
4 (1, 4, 57, 19, 0, 0, 0, 13, 0, 0, 0, 222)
5 (1, 4, 4, 0, 0, 0, 0, 9, 0, 0, 0, 115)
6 (1, 4, 67, 8, 0, 0, 0, 12, 0, 0, 0, 201)
7 (1, 4, 56, 20, 0, 0, 0, 4, 2, 2, 0, 245)
8 (1, 4, 96, 34, 0, 0, 0, 5, 5, 4, 0, 115)
9 (1, 4, 75, 0, 0, 29, 0, 6, 6, 5, 0, 190)
10 (1, 4, 0, 0, 0, 143, 0, 0, 7, 7, 0, 73)
11 (1, 4, 0, 873, 0, 78, 0, 0, 6, 7, 0, 35)
12 (1, 4, 0, 873, 0, 0, 0, 101, 6, 7, 0, 2)
13 (1, 4, 0, 171, 0, 0, 0, 104, 6, 7, 0, 133)
14 (1, 4, 0, 139, 90, 37, 0, 45, 6, 7, 0, 53)
15 (1, 4, 1, 27, 45, 24, 0, 120, 6, 7, 0, 125)
16 (1, 4, 33, 0, 0, 78, 0, 90, 6, 6, 0, 43)
17 (1, 4, 12, 0, 0, 68, 0, 89, 6, 6, 0, 10)
18 (1, 4, 36, 0, 23, 43, 0, 100, 5, 6, 0, 42)
19 (1, 4, 68, 0, 103, 13, 0, 86, 5, 6, 0, 126)
20 (1, 4, 0, 0, 159, 0, 0, 53, 5, 6, 0, 225)
21 (1, 4, 0, 0, 118, 1, 0, 22, 5, 5, 0, 88)
22 (1, 4, 0, 0, 217, 23, 0, 0, 3, 4, 0, 132)
23 (1, 4, 0, 0, 282, 6, 0, 0, 1, 2, 0, 57)
24 (1, 4, 0, 0, 270, 28, 0, 0, 1, 1, 0, 148)
25 (1, 4, 0, 0, 409, 0, 0, 0, 0, 1, 0, 238)
26 (1, 4, 0, 0, 357, 0, 0, 0, 0, 0, 0, 236)
27 (1, 4, 0, 0, 350, 0, 0, 0, 0, 0, 0, 106)
28 (1, 4, 0, 0, 418, 0, 0, 0, 0, 0, 0, 3)
29 (1, 4, 63, 0, 435, 0, 0, 0, 0, 0, 0, 149)
30 (1, 4, 24, 0, 230, 0, 0, 0, 0, 0, 0, 107)
31 (1, 4, 0, 30, 0, 0, 0, 0, 0, 0, 0, 27)
0 (1, 4, 0, 0, 17, 0, 0, 0, 0, 0, 0, 149)
1 (1, 4, 0, 0, 0, 0, 0, 1, 0, 0, 0, 161)
2 (1, 4, 0, 2, 0, 0, 0, 4, 0, 0, 0, 102)
3 (1, 4, 0, 0, 0, 0, 0, 15, 0, 0, 0, 135)
4 (1, 4, 0, 0, 0, 0, 0, 2, 1, 1, 0, 206)
5 (1, 4, 0, 0, 0, 0, 0, 0, 4, 3, 0, 76)
6 (1, 4, 69, 180, 0, 0, 0, 0, 6, 5, 0, 50)
7 (1, 4, 111, 329, 0, 16, 0, 0, 6, 6, 0, 203)
8 (1, 4, 0, 596, 0, 34, 0, 0, 6, 7, 0, 1)
9 (1, 4, 0, 873, 0, 0, 0, 0, 6, 6, 0, 39)
10 (1, 4, 0, 873, 0, 0, 0, 0, 6, 6, 0, 39)
11 (1, 4, 0, 419, 0, 0, 0, 73, 5, 6, 0, 96)
12 (1, 4, 30, 291, 46, 0, 0, 100, 5, 6, 0, 7)
13 (1, 4, 0, 0, 0, 0, 0, 110, 5, 6, 0, 44)
14 (1, 4, 69, 0, 8, 43, 0, 101, 5, 6, 0, 147)
15 (1, 4, 0, 0, 0, 35, 0, 119, 5, 6, 0, 2)
16 (1, 4, 74, 0, 82, 19, 0, 109, 5, 6, 0, 210)
17 (1, 4, 1, 0, 178, 0, 0, 72, 5, 6, 0, 16)
18 (1, 4, 0, 0, 269, 0, 0, 54, 5, 5, 0, 198)
19 (1, 4, 0, 0, 369, 0, 0, 0, 4, 4, 0, 233)
20 (1, 4, 0, 0, 419, 0, 0, 0, 2, 3, 0, 238)
21 (1, 4, 0, 0, 501, 0, 0, 0, 1, 2, 0, 214)
22 (1, 4, 0, 0, 560, 0, 0, 0, 0, 1, 0, 46)
23 (1, 4, 0, 0, 407, 0, 0, 0, 0, 1, 0, 35)
24 (1, 4, 0, 0, 533, 0, 0, 0, 0, 0, 0, 113)
25 (1, 4, 0, 0, 447, 0, 0, 0, 0, 0, 0, 10)
26 (1, 4, 30, 0, 446, 0, 0, 0, 0, 0, 0, 42)
27 (1, 4, 1, 30, 27, 0, 0, 0, 0, 0, 0, 109)
28 (1, 4, 0, 79, 0, 0, 0, 6, 0, 0, 0, 128)
29 (1, 4, 0, 18, 0, 0, 0, 15, 0, 0, 0, 139)
30 (1, 4, 0, 0, 0, 0, 0, 8, 0, 1, 0, 255)
31 (1, 4, 28, 9, 0, 0, 0, 0, 0, 1, 0, 187)
0 (1, 4, 0, 0, 0, 0, 0, 0, 3, 3, 0, 101)
1 (1, 4, 0, 82, 0, 4, 0, 0, 5, 4, 0, 203)
2 (1, 4, 79, 146, 0, 15, 0, 0, 6, 6, 0, 51)
3 (1, 4, 0, 548, 0, 16, 0, 0, 6, 6, 0, 106)
4 (1, 4, 0, 701, 0, 0, 0, 0, 6, 6, 0, 251)
5 (1, 4, 0, 873, 0, 0, 0, 0, 5, 6, 0, 129)
6 (1, 4, 0, 799, 0, 0, 0, 0, 6, 6, 0, 176)
7 (1, 4, 0, 408, 28, 0, 0, 85, 5, 6, 0, 121)
8 (1, 4, 14, 94, 90, 0, 0, 116, 5, 6, 0, 9)
9 (1, 4, 0, 0, 0, 71, 0, 77, 5, 6, 0, 99)
10 (1, 4, 55, 41, 17, 63, 0, 115, 5, 6, 0, 38)
11 (1, 4, 8, 0, 0, 26, 0, 120, 5, 6, 0, 114)
12 (1, 4, 85, 0, 60, 21, 0, 100, 5, 6, 0, 215)
13 (1, 4, 40, 0, 107, 0, 0, 87, 5, 6, 0, 222)
14 (1, 4, 27, 0, 265, 0, 0, 70, 4, 5, 0, 79)
15 (1, 4, 0, 0, 296, 0, 0, 7, 3, 3, 0, 105)
16 (1, 4, 0, 0, 353, 0, 0, 0, 1, 2, 0, 6)
17 (1, 4, 0, 0, 461, 0, 0, 0, 0, 1, 0, 52)
18 (1, 4, 0, 0, 587, 0, 0, 0, 0, 1, 0, 83)
19 (1, 4, 0, 0, 470, 0, 0, 0, 0, 0, 0, 39)
20 (1, 4, 0, 0, 439, 0, 0, 0, 0, 0, 0, 182)
21 (1, 4, 0, 0, 422, 0, 0, 0, 0, 0, 0, 93)
22 (1, 4, 10, 0, 465, 0, 0, 0, 0, 0, 0, 174)
23 (1, 4, 75, 89, 227, 0, 0, 0, 0, 0, 0, 62)
24 (1, 4, 136, 174, 15, 0, 0, 0, 0, 0, 0, 133)
25 (1, 4, 41, 66, 0, 0, 0, 1, 0, 0, 0, 246)
26 (1, 4, 0, 0, 0, 0, 0, 3, 0, 0, 0, 24)
27 (1, 4, 0, 0, 0, 0, 0, 0, 0, 0, 0, 126)
28 (1, 4, 18, 48, 0, 0, 0, 0, 0, 0, 0, 33)
29 (1, 4, 92, 96, 0, 0, 0, 2, 0, 0, 0, 167)
0 (1, 4, 23, 20, 0, 0, 0, 5, 0, 0, 0, 165)
1 (1, 4, 19, 18, 0, 0, 0, 10, 0, 0, 0, 211)
2 (1, 4, 0, 0, 0, 0, 0, 15, 0, 0, 0, 135)
3 (1, 4, 25, 0, 0, 0, 0, 6, 0, 0, 0, 44)
4 (1, 4, 23, 0, 0, 0, 0, 0, 0, 0, 0, 180)
5 (1, 4, 108, 37, 0, 0, 0, 0, 0, 0, 0, 213)
6 (1, 4, 97, 170, 0, 0, 0, 0, 1, 1, 0, 42)
7 (1, 4, 37, 303, 0, 14, 0, 0, 3, 2, 0, 211)
8 (1, 4, 51, 411, 0, 15, 0, 0, 6, 5, 0, 139)
9 (1, 4, 47, 548, 0, 0, 0, 0, 6, 6, 0, 0)
10 (1, 4, 0, 735, 0, 0, 0, 0, 6, 6, 0, 215)
11 (1, 4, 0, 726, 0, 0, 0, 11, 6, 6, 0, 93)
12 (1, 4, 0, 359, 0, 0, 0, 92, 6, 6, 0, 231)
13 (1, 4, 132, 131, 122, 0, 0, 150, 5, 6, 0, 102)
14 (1, 4, 0, 0, 0, 49, 0, 96, 5, 6, 0, 11)
15 (1, 4, 41, 2, 1, 46, 0, 115, 5, 6, 0, 172)
16 (1, 4, 11, 0, 0, 43, 0, 115, 5, 6, 0, 237)
17 (1, 4, 26, 0, 3, 43, 0, 108, 5, 6, 0, 146)
18 (1, 4, 48, 0, 38, 17, 0, 118, 5, 6, 0, 85)
19 (1, 4, 111, 0, 128, 0, 0, 106, 5, 5, 0, 1)
20 (1, 4, 0, 0, 202, 0, 0, 73, 5, 5, 0, 186)
21 (1, 4, 0, 0, 354, 0, 0, 29, 3, 4, 0, 151)
22 (1, 4, 0, 0, 426, 0, 0, 0, 2, 3, 0, 198)
23 (1, 4, 0, 0, 491, 0, 0, 0, 1, 2, 0, 100)
24 (1, 4, 0, 0, 483, 0, 0, 0, 1, 1, 0, 101)
25 (1, 4, 0, 0, 548, 0, 0, 0, 0, 1, 0, 15)
26 (1, 4, 0, 0, 426, 0, 0, 0, 0, 0, 0, 191)
27 (1, 4, 0, 0, 346, 0, 0, 0, 0, 0, 0, 52)
28 (1, 4, 0, 0, 297, 0, 0, 0, 0, 0, 0, 245)
29 (1, 4, 0, 0, 230, 0, 0, 0, 0, 0, 0, 251)
30 (1, 4, 0, 37, 144, 0, 0, 0, 0, 0, 0, 93)
31 (1, 4, 0, 84, 88, 0, 0, 5, 0, 0, 0, 212)
0 (1, 4, 0, 0, 0, 0, 0, 13, 1, 1, 0, 55)
1 (1, 4, 0, 0, 0, 0, 0, 13, 0, 1, 0, 85)
2 (1, 4, 0, 0, 0, 0, 0, 19, 0, 0, 0, 203)
3 (1, 4, 0, 0, 0, 0, 0, 17, 0, 0, 0, 114)
4 (1, 4, 0, 0, 0, 0, 0, 8, 0, 0, 0, 148)
5 (1, 4, 0, 0, 0, 0, 0, 0, 0, 0, 0, 126)
6 (1, 4, 0, 0, 0, 0, 0, 0, 2, 2, 0, 108)
7 (1, 4, 0, 0, 0, 19, 0, 0, 5, 4, 0, 238)
8 (1, 4, 0, 350, 0, 52, 0, 0, 6, 5, 0, 148)
9 (1, 4, 0, 609, 0, 11, 0, 0, 6, 6, 0, 168)
10 (1, 4, 0, 673, 0, 0, 0, 0, 6, 6, 0, 243)
11 (1, 4, 0, 873, 0, 0, 0, 0, 5, 6, 0, 129)
12 (1, 4, 0, 873, 0, 0, 0, 0, 5, 6, 0, 129)
13 (1, 4, 0, 873, 0, 0, 0, 58, 5, 6, 0, 160)
14 (1, 4, 0, 74, 0, 0, 0, 120, 5, 8, 0, 66)
15 (1, 4, 0, 184, 0, 0, 0, 116, 5, 7, 0, 214)
16 (1, 4, 0, 0, 7, 25, 0, 127, 5, 7, 0, 190)
17 (1, 4, 0, 0, 0, 80, 0, 81, 5, 6, 0, 133)
18 (1, 4, 53, 45, 4, 62, 0, 106, 5, 6, 0, 172)
19 (1, 4, 0, 0, 0, 55, 0, 102, 5, 5, 0, 56)
20 (1, 4, 43, 0, 19, 55, 0, 94, 5, 5, 0, 193)
21 (1, 4, 0, 0, 25, 57, 0, 92, 5, 5, 0, 244)
22 (1, 4, 25, 19, 110, 2, 0, 97, 5, 5, 0, 185)
23 (1, 4, 0, 0, 302, 0, 0, 76, 5, 5, 0, 231)
24 (1, 4, 0, 0, 421, 0, 0, 29, 3, 4, 0, 120)
25 (1, 4, 0, 0, 359, 0, 0, 0, 2, 3, 0, 186)
26 (1, 4, 0, 0, 394, 3, 0, 0, 1, 2, 0, 212)
27 (1, 4, 0, 0, 303, 1, 0, 0, 1, 1, 0, 146)
28 (1, 4, 0, 0, 293, 0, 0, 0, 0, 1, 0, 124)
29 (1, 4, 0, 0, 359, 0, 0, 0, 0, 0, 0, 195)
0 (1, 4, 0, 461, 0, 0, 0, 0, 6, 5, 0, 78)
1 (1, 4, 0, 628, 0, 0, 0, 0, 5, 5, 0, 100)
2 (1, 4, 0, 687, 0, 8, 0, 0, 5, 5, 0, 20)
3 (1, 4, 38, 873, 0, 0, 68, 110, 5, 6, 0, 89)
4 (1, 4, 0, 83, 9, 0, 0, 30, 5, 5, 0, 180)
5 (1, 4, 0, 129, 27, 1, 0, 87, 5, 5, 0, 5)
6 (1, 4, 0, 20, 0, 34, 0, 115, 5, 5, 0, 110)
7 (1, 4, 0, 0, 0, 51, 0, 122, 5, 5, 0, 8)
8 (1, 4, 26, 0, 0, 63, 0, 95, 5, 5, 0, 11)
9 (1, 4, 6, 0, 0, 58, 0, 92, 5, 5, 0, 166)
10 (1, 4, 0, 0, 45, 26, 0, 104, 5, 5, 0, 228)
11 (1, 4, 23, 0, 148, 0, 0, 96, 5, 5, 0, 173)
12 (1, 4, 0, 0, 308, 0, 0, 63, 5, 5, 0, 90)
13 (1, 4, 0, 0, 426, 0, 0, 4, 4, 4, 0, 238)
14 (1, 4, 0, 0, 413, 0, 0, 0, 3, 3, 0, 192)
15 (1, 4, 0, 0, 599, 0, 0, 0, 2, 2, 0, 183)
16 (1, 4, 0, 0, 873, 0, 0, 0, 1, 2, 0, 0)
17 (1, 4, 0, 0, 599, 0, 0, 0, 1, 1, 0, 172)
18 (1, 4, 0, 0, 519, 0, 0, 0, 1, 1, 0, 40)
19 (1, 4, 0, 0, 116, 0, 0, 0, 1, 1, 0, 83)
20 (1, 4, 0, 0, 0, 0, 0, 6, 1, 1, 0, 187)
21 (1, 4, 0, 36, 2, 0, 0, 17, 1, 1, 0, 76)
22 (1, 4, 0, 7, 0, 0, 0, 24, 1, 1, 0, 76)
23 (1, 4, 22, 0, 0, 0, 0, 26, 1, 1, 0, 51)
24 (1, 4, 82, 0, 0, 0, 0, 18, 1, 1, 0, 104)
25 (1, 4, 9, 17, 0, 0, 0, 26, 1, 1, 0, 93)
26 (1, 4, 135, 148, 0, 0, 0, 23, 1, 1, 0, 50)
27 (1, 4, 234, 219, 0, 0, 0, 27, 1, 1, 0, 151)
28 (1, 4, 273, 106, 0, 0, 0, 21, 1, 1, 0, 125)
29 (1, 4, 60, 0, 0, 0, 0, 23, 0, 1, 0, 186)

