0 (1, 4, 54, 9, 0, 0, 0, 67, 2, 1, 0, 247)
1 (1, 4, 0, 0, 0, 0, 0, 84, 2, 1, 0, 50)
2 (1, 4, 0, 0, 0, 0, 0, 90, 3, 2, 0, 203)
3 (1, 4, 0, 0, 0, 0, 0, 63, 3, 3, 0, 238)
4 (1, 4, 0, 0, 0, 0, 0, 35, 4, 3, 0, 139)
5 (1, 4, 96, 0, 0, 0, 0, 12, 4, 3, 0, 157)
6 (1, 4, 0, 0, 0, 0, 91, 0, 4, 4, 0, 143)
7 (1, 4, 0, 0, 0, 8, 113, 0, 4, 4, 0, 73)
8 (1, 4, 18, 62, 350, 12, 102, 0, 4, 4, 0, 151)
9 (1, 4, 135, 199, 708, 0, 15, 51, 3, 4, 0, 159)
10 (1, 4, 0, 0, 610, 0, 0, 114, 3, 4, 0, 109)
11 (1, 4, 113, 72, 0, 0, 0, 68, 3, 4, 0, 211)
12 (1, 4, 0, 0, 0, 0, 0, 67, 3, 4, 0, 80)
13 (1, 4, 0, 0, 0, 0, 0, 43, 3, 3, 0, 72)
14 (1, 4, 0, 0, 0, 0, 112, 0, 3, 3, 0, 247)
15 (1, 4, 0, 0, 0, 23, 125, 0, 3, 4, 0, 16)
16 (1, 4, 330, 205, 411, 0, 0, 76, 3, 3, 0, 210)
17 (1, 4, 0, 0, 323, 0, 0, 96, 3, 4, 0, 138)
18 (1, 4, 37, 38, 0, 32, 0, 0, 3, 4, 0, 30)
19 (1, 4, 0, 10, 0, 0, 0, 35, 3, 4, 0, 106)
20 (1, 4, 0, 0, 0, 0, 0, 1, 3, 4, 0, 172)
21 (1, 4, 18, 0, 0, 0, 13, 0, 3, 4, 0, 212)
22 (1, 4, 0, 0, 0, 20, 178, 0, 3, 4, 0, 182)
23 (1, 4, 0, 0, 0, 65, 202, 0, 3, 4, 0, 164)
24 (1, 4, 346, 29, 411, 25, 175, 0, 3, 3, 0, 139)
25 (1, 4, 547, 409, 873, 0, 109, 0, 2, 1, 0, 5)
26 (1, 4, 392, 663, 873, 0, 4, 55, 1, 0, 0, 156)
27 (1, 4, 873, 158, 629, 0, 0, 118, 1, 0, 0, 191)
28 (1, 4, 319, 0, 114, 18, 0, 103, 1, 0, 0, 8)
29 (1, 4, 24, 0, 0, 46, 0, 80, 1, 0, 0, 73)
30 (1, 4, 36, 167, 30, 32, 0, 120, 1, 0, 0, 164)
31 (1, 4, 0, 53, 16, 22, 0, 117, 1, 0, 0, 135)
0 (1, 4, 0, 18, 219, 0, 78, 0, 4, 2, 0, 147)
1 (1, 4, 144, 232, 546, 0, 49, 0, 4, 2, 0, 187)
2 (1, 4, 0, 331, 804, 0, 0, 100, 4, 2, 0, 252)
3 (1, 4, 267, 121, 205, 0, 0, 145, 4, 2, 0, 155)
4 (1, 4, 0, 0, 0, 0, 0, 120, 4, 2, 0, 250)
5 (1, 4, 0, 0, 0, 0, 0, 69, 4, 2, 0, 200)
6 (1, 4, 0, 0, 0, 0, 0, 22, 4, 2, 0, 56)
7 (1, 4, 14, 0, 0, 0, 81, 0, 3, 2, 0, 188)
8 (1, 4, 0, 0, 63, 0, 130, 0, 3, 2, 0, 16)
9 (1, 4, 135, 152, 507, 0, 41, 0, 3, 2, 0, 134)
10 (1, 4, 0, 130, 464, 0, 0, 70, 3, 2, 0, 195)
11 (1, 4, 0, 0, 0, 40, 0, 63, 3, 2, 0, 148)
12 (1, 4, 0, 0, 0, 75, 0, 53, 3, 2, 0, 218)
13 (1, 4, 0, 0, 0, 0, 0, 37, 3, 2, 0, 5)
14 (1, 4, 0, 0, 0, 0, 0, 0, 3, 2, 0, 14)
15 (1, 4, 23, 0, 0, 0, 47, 0, 3, 2, 0, 96)
16 (1, 4, 0, 0, 0, 39, 147, 0, 3, 2, 0, 128)
17 (1, 4, 122, 0, 0, 46, 191, 0, 3, 2, 0, 138)
18 (1, 4, 132, 154, 482, 22, 136, 0, 3, 1, 0, 230)
19 (1, 4, 235, 307, 730, 0, 51, 0, 2, 1, 0, 41)
20 (1, 4, 447, 583, 873, 0, 0, 32, 2, 0, 0, 247)
21 (1, 4, 506, 236, 576, 0, 0, 165, 1, 0, 0, 32)
22 (1, 4, 532, 0, 303, 5, 0, 92, 1, 0, 0, 80)
23 (1, 4, 0, 77, 72, 30, 0, 77, 1, 0, 0, 76)
24 (1, 4, 42, 22, 0, 34, 0, 87, 1, 0, 0, 51)
25 (1, 4, 94, 0, 0, 42, 0, 83, 1, 0, 0, 254)
26 (1, 4, 8, 0, 15, 36, 0, 83, 1, 0, 0, 80)
27 (1, 4, 1, 0, 0, 38, 0, 78, 1, 0, 0, 218)
28 (1, 4, 0, 0, 0, 43, 0, 69, 1, 0, 0, 195)
29 (1, 4, 0, 0, 0, 44, 0, 63, 1, 0, 0, 250)
0 (1, 4, 0, 151, 0, 0, 0, 52, 1, 0, 0, 121)
1 (1, 4, 0, 114, 0, 0, 0, 51, 1, 0, 0, 69)
2 (1, 4, 0, 104, 0, 0, 0, 58, 1, 0, 0, 207)
3 (1, 4, 0, 64, 0, 8, 0, 53, 1, 0, 0, 191)
4 (1, 4, 0, 0, 0, 21, 0, 44, 2, 1, 0, 123)
5 (1, 4, 0, 0, 0, 33, 0, 15, 4, 2, 0, 40)
6 (1, 4, 0, 0, 0, 45, 0, 0, 4, 2, 0, 85)
7 (1, 4, 0, 0, 190, 47, 28, 0, 5, 3, 0, 120)
8 (1, 4, 165, 202, 414, 23, 0, 26, 5, 3, 0, 162)
9 (1, 4, 435, 285, 509, 0, 0, 91, 4, 2, 0, 231)
10 (1, 4, 76, 129, 639, 0, 0, 174, 4, 2, 0, 198)
11 (1, 4, 0, 0, 65, 0, 0, 90, 4, 2, 0, 141)
12 (1, 4, 0, 0, 0, 0, 0, 24, 4, 2, 0, 30)
13 (1, 4, 0, 28, 0, 0, 0, 44, 4, 2, 0, 17)
14 (1, 4, 9, 0, 0, 0, 88, 0, 4, 2, 0, 7)
15 (1, 4, 0, 0, 0, 0, 223, 0, 4, 2, 0, 37)
16 (1, 4, 119, 208, 771, 0, 141, 27, 4, 2, 0, 44)
17 (1, 4, 0, 0, 729, 0, 0, 32, 4, 2, 0, 97)
18 (1, 4, 0, 0, 0, 0, 0, 0, 4, 2, 0, 39)
19 (1, 4, 0, 117, 0, 0, 0, 6, 4, 2, 0, 164)
20 (1, 4, 0, 123, 0, 0, 0, 23, 4, 2, 0, 172)
21 (1, 4, 219, 77, 0, 0, 0, 19, 4, 2, 0, 211)
22 (1, 4, 196, 0, 0, 0, 92, 0, 4, 2, 0, 62)
23 (1, 4, 144, 0, 0, 11, 146, 0, 4, 2, 0, 72)
24 (1, 4, 216, 0, 0, 60, 142, 0, 4, 2, 0, 85)
25 (1, 4, 236, 87, 138, 85, 99, 0, 3, 1, 0, 255)
26 (1, 4, 346, 440, 491, 60, 52, 0, 2, 1, 0, 125)
27 (1, 4, 398, 617, 712, 0, 3, 53, 2, 0, 0, 44)
28 (1, 4, 196, 399, 468, 0, 0, 108, 1, 0, 0, 224)
29 (1, 4, 734, 109, 298, 0, 0, 144, 1, 0, 0, 196)
0 (1, 4, 8, 10, 0, 56, 0, 67, 1, 0, 0, 119)
1 (1, 4, 0, 17, 0, 54, 0, 70, 1, 0, 0, 29)
2 (1, 4, 0, 31, 0, 47, 0, 62, 1, 0, 0, 212)
3 (1, 4, 0, 127, 0, 29, 0, 58, 2, 0, 0, 102)
4 (1, 4, 0, 119, 0, 1, 0, 49, 2, 1, 0, 65)
5 (1, 4, 0, 46, 0, 0, 0, 51, 3, 1, 0, 97)
6 (1, 4, 0, 0, 0, 31, 0, 33, 4, 2, 0, 11)
7 (1, 4, 0, 29, 0, 33, 0, 34, 5, 2, 0, 22)
8 (1, 4, 0, 0, 0, 45, 0, 11, 5, 2, 0, 187)
9 (1, 4, 0, 0, 126, 51, 41, 0, 5, 3, 0, 19)
10 (1, 4, 0, 0, 439, 37, 56, 0, 5, 3, 0, 37)
11 (1, 4, 0, 0, 798, 0, 20, 0, 5, 3, 0, 29)
12 (1, 4, 125, 39, 873, 0, 0, 67, 5, 2, 0, 132)
13 (1, 4, 430, 38, 484, 0, 0, 34, 5, 2, 0, 91)
14 (1, 4, 0, 4, 0, 0, 0, 33, 5, 2, 0, 225)
15 (1, 4, 0, 24, 0, 0, 0, 5, 5, 2, 0, 61)
16 (1, 4, 155, 67, 0, 0, 0, 15, 4, 2, 0, 18)
17 (1, 4, 0, 0, 0, 0, 147, 0, 4, 2, 0, 29)
18 (1, 4, 44, 30, 136, 10, 179, 0, 4, 2, 0, 113)
19 (1, 4, 123, 90, 557, 0, 0, 51, 4, 2, 0, 241)
20 (1, 4, 0, 0, 235, 0, 0, 0, 5, 2, 0, 182)
21 (1, 4, 89, 129, 0, 6, 0, 4, 5, 2, 0, 209)
22 (1, 4, 0, 36, 0, 0, 0, 31, 5, 2, 0, 119)
23 (1, 4, 81, 59, 0, 0, 0, 11, 4, 2, 0, 4)
24 (1, 4, 0, 0, 0, 0, 18, 0, 4, 2, 0, 80)
25 (1, 4, 0, 0, 0, 21, 100, 0, 4, 2, 0, 71)
26 (1, 4, 70, 0, 0, 40, 141, 0, 4, 2, 0, 244)
27 (1, 4, 97, 0, 21, 53, 163, 0, 4, 2, 0, 29)
28 (1, 4, 159, 49, 328, 28, 138, 0, 4, 2, 0, 240)
29 (1, 4, 318, 77, 558, 0, 100, 22, 4, 2, 0, 107)
30 (1, 4, 260, 197, 817, 0, 0, 55, 3, 1, 0, 247)
31 (1, 4, 852, 21, 582, 0, 0, 104, 3, 1, 0, 212)
0 (1, 4, 0, 158, 0, 18, 0, 2, 3, 1, 0, 167)
1 (1, 4, 0, 174, 0, 0, 0, 18, 3, 1, 0, 30)
2 (1, 4, 0, 172, 0, 7, 0, 28, 2, 0, 0, 1)
3 (1, 4, 0, 216, 0, 40, 0, 32, 2, 0, 0, 90)
4 (1, 4, 0, 48, 0, 78, 0, 30, 2, 0, 0, 131)
5 (1, 4, 0, 1, 0, 86, 0, 36, 2, 0, 0, 187)
6 (1, 4, 0, 0, 34, 87, 9, 18, 3, 1, 0, 207)
7 (1, 4, 0, 0, 236, 65, 37, 0, 3, 1, 0, 248)
8 (1, 4, 0, 0, 591, 26, 47, 0, 3, 1, 0, 62)
9 (1, 4, 322, 37, 777, 0, 0, 46, 4, 2, 0, 85)
10 (1, 4, 213, 127, 873, 0, 0, 94, 4, 2, 0, 134)
11 (1, 4, 0, 0, 128, 0, 0, 6, 5, 2, 0, 120)
12 (1, 4, 0, 134, 0, 0, 0, 3, 5, 2, 0, 149)
13 (1, 4, 0, 72, 0, 0, 0, 18, 4, 2, 0, 125)
14 (1, 4, 110, 34, 0, 0, 44, 5, 4, 2, 0, 23)
15 (1, 4, 29, 0, 0, 6, 192, 0, 4, 2, 0, 237)
16 (1, 4, 35, 179, 650, 1, 81, 0, 4, 2, 0, 169)
17 (1, 4, 74, 77, 628, 0, 0, 83, 4, 2, 0, 243)
18 (1, 4, 0, 0, 29, 0, 0, 13, 4, 1, 0, 211)
19 (1, 4, 0, 0, 0, 0, 0, 39, 4, 1, 0, 40)
20 (1, 4, 0, 0, 0, 0, 0, 43, 4, 1, 0, 183)
21 (1, 4, 131, 4, 0, 0, 0, 12, 4, 1, 0, 216)
22 (1, 4, 11, 0, 0, 0, 48, 0, 4, 2, 0, 205)
23 (1, 4, 0, 0, 0, 23, 111, 0, 4, 2, 0, 51)
24 (1, 4, 87, 0, 0, 53, 195, 0, 4, 2, 0, 188)
25 (1, 4, 68, 67, 262, 28, 191, 6, 4, 2, 0, 75)
26 (1, 4, 227, 0, 517, 1, 124, 28, 4, 1, 0, 64)
27 (1, 4, 207, 200, 873, 0, 7, 23, 3, 1, 0, 38)
28 (1, 4, 473, 73, 873, 0, 0, 68, 2, 0, 0, 197)
29 (1, 4, 571, 139, 841, 0, 0, 80, 2, 0, 0, 51)
0 (1, 4, 0, 17, 0, 0, 0, 42, 1, 0, 0, 58)
1 (1, 4, 49, 0, 0, 0, 0, 79, 2, 1, 0, 68)
2 (1, 4, 0, 0, 0, 1, 0, 13, 3, 1, 0, 236)
3 (1, 4, 0, 0, 0, 18, 0, 0, 4, 2, 0, 238)
4 (1, 4, 0, 0, 0, 42, 0, 0, 5, 2, 0, 106)
5 (1, 4, 0, 6, 177, 68, 30, 0, 5, 2, 0, 234)
6 (1, 4, 49, 63, 447, 79, 52, 0, 5, 2, 0, 17)
7 (1, 4, 22, 180, 854, 16, 25, 13, 5, 3, 0, 10)
8 (1, 4, 0, 152, 873, 0, 0, 103, 5, 2, 0, 171)
9 (1, 4, 181, 64, 126, 0, 0, 20, 5, 2, 0, 211)
10 (1, 4, 0, 108, 0, 0, 0, 42, 4, 2, 0, 253)
11 (1, 4, 0, 15, 0, 0, 0, 31, 4, 2, 0, 188)
12 (1, 4, 0, 0, 0, 0, 71, 0, 4, 2, 0, 85)
13 (1, 4, 0, 29, 0, 9, 165, 0, 4, 2, 0, 222)
14 (1, 4, 263, 259, 670, 0, 71, 13, 4, 2, 0, 249)
15 (1, 4, 0, 0, 513, 0, 0, 93, 4, 2, 0, 223)
16 (1, 4, 25, 80, 0, 0, 0, 1, 4, 2, 0, 132)
17 (1, 4, 0, 0, 0, 0, 0, 27, 4, 2, 0, 120)
18 (1, 4, 33, 0, 0, 0, 0, 19, 4, 2, 0, 91)
19 (1, 4, 95, 0, 0, 0, 10, 0, 4, 2, 0, 39)
20 (1, 4, 0, 0, 0, 14, 119, 0, 4, 2, 0, 103)
21 (1, 4, 0, 0, 0, 53, 210, 0, 4, 2, 0, 3)
22 (1, 4, 0, 0, 354, 42, 181, 0, 4, 2, 0, 89)
23 (1, 4, 0, 87, 673, 0, 72, 8, 4, 1, 0, 106)
24 (1, 4, 168, 129, 819, 0, 7, 17, 2, 1, 0, 126)
25 (1, 4, 290, 144, 808, 0, 0, 33, 2, 0, 0, 216)
26 (1, 4, 453, 0, 600, 0, 0, 49, 1, 0, 0, 155)
27 (1, 4, 432, 0, 375, 7, 0, 33, 1, 0, 0, 205)
28 (1, 4, 0, 44, 38, 15, 0, 59, 1, 0, 0, 99)
29 (1, 4, 57, 40, 55, 17, 0, 72, 1, 0, 0, 23)
30 (1, 4, 9, 49, 57, 12, 0, 76, 1, 0, 0, 131)
31 (1, 4, 0, 0, 0, 11, 0, 70, 1, 0, 0, 76)
0 (1, 4, 0, 23, 0, 8, 0, 52, 2, 0, 0, 38)
1 (1, 4, 0, 0, 0, 0, 0, 41, 1, 0, 0, 136)
2 (1, 4, 0, 146, 0, 0, 0, 41, 3, 1, 0, 42)
3 (1, 4, 0, 45, 0, 4, 0, 43, 3, 1, 0, 252)
4 (1, 4, 0, 41, 0, 25, 0, 27, 4, 1, 0, 17)
5 (1, 4, 0, 0, 0, 63, 10, 29, 4, 1, 0, 129)
6 (1, 4, 0, 0, 0, 65, 70, 12, 4, 1, 0, 196)
7 (1, 4, 0, 0, 48, 74, 119, 0, 5, 2, 0, 45)
8 (1, 4, 36, 0, 612, 28, 139, 0, 5, 2, 0, 86)
9 (1, 4, 0, 66, 873, 0, 22, 10, 5, 2, 0, 166)
10 (1, 4, 397, 192, 873, 0, 0, 69, 5, 2, 0, 179)
11 (1, 4, 257, 0, 390, 0, 0, 100, 5, 2, 0, 5)
12 (1, 4, 0, 27, 0, 0, 0, 73, 5, 2, 0, 63)
13 (1, 4, 0, 0, 0, 0, 0, 19, 5, 2, 0, 240)
14 (1, 4, 0, 0, 0, 0, 0, 0, 5, 1, 0, 248)
15 (1, 4, 74, 34, 0, 0, 65, 0, 5, 1, 0, 209)
16 (1, 4, 0, 62, 28, 8, 178, 0, 5, 2, 0, 201)
17 (1, 4, 0, 225, 682, 0, 40, 22, 5, 1, 0, 248)
18 (1, 4, 0, 101, 505, 0, 0, 13, 5, 1, 0, 104)
19 (1, 4, 62, 131, 0, 0, 0, 0, 5, 1, 0, 82)
20 (1, 4, 84, 16, 0, 0, 0, 34, 5, 1, 0, 208)
21 (1, 4, 254, 0, 0, 0, 0, 0, 4, 1, 0, 117)
22 (1, 4, 388, 0, 0, 0, 0, 0, 4, 1, 0, 181)
23 (1, 4, 258, 0, 0, 30, 61, 0, 4, 1, 0, 26)
24 (1, 4, 45, 0, 0, 77, 109, 6, 3, 1, 0, 252)
25 (1, 4, 38, 0, 63, 76, 103, 20, 2, 1, 0, 98)
26 (1, 4, 75, 0, 376, 53, 98, 23, 2, 1, 0, 249)
27 (1, 4, 15, 0, 692, 0, 18, 9, 1, 0, 0, 144)
28 (1, 4, 170, 5, 671, 0, 0, 25, 1, 0, 0, 70)
29 (1, 4, 490, 13, 597, 0, 0, 56, 1, 0, 0, 153)
30 (1, 4, 316, 0, 161, 4, 0, 50, 1, 0, 0, 93)
31 (1, 4, 0, 0, 0, 31, 0, 51, 1, 0, 0, 90)
0 (1, 4, 0, 0, 0, 26, 0, 57, 2, 1, 0, 167)
1 (1, 4, 0, 0, 0, 23, 0, 49, 3, 1, 0, 180)
2 (1, 4, 0, 0, 0, 26, 0, 19, 4, 2, 0, 163)
3 (1, 4, 0, 0, 0, 46, 6, 0, 5, 2, 0, 7)
4 (1, 4, 0, 0, 0, 72, 35, 0, 5, 2, 0, 238)
5 (1, 4, 147, 0, 247, 83, 82, 0, 5, 2, 0, 162)
6 (1, 4, 0, 51, 746, 20, 65, 0, 6, 2, 0, 173)
7 (1, 4, 0, 99, 873, 0, 0, 24, 5, 2, 0, 47)
8 (1, 4, 0, 0, 573, 0, 0, 66, 5, 2, 0, 244)
9 (1, 4, 159, 0, 0, 0, 0, 5, 5, 2, 0, 64)
10 (1, 4, 0, 44, 0, 0, 0, 42, 5, 2, 0, 28)
11 (1, 4, 0, 0, 0, 0, 0, 2, 5, 2, 0, 252)
12 (1, 4, 0, 0, 0, 0, 62, 0, 5, 2, 0, 29)
13 (1, 4, 106, 97, 0, 10, 140, 0, 5, 2, 0, 67)
14 (1, 4, 309, 242, 510, 0, 13, 33, 5, 2, 0, 36)
15 (1, 4, 284, 248, 232, 0, 0, 112, 5, 2, 0, 2)
16 (1, 4, 69, 0, 0, 25, 0, 159, 5, 2, 0, 74)
17 (1, 4, 0, 0, 0, 0, 0, 82, 5, 2, 0, 106)
18 (1, 4, 50, 0, 0, 0, 0, 13, 5, 2, 0, 62)
19 (1, 4, 89, 0, 0, 0, 0, 0, 4, 2, 0, 48)
20 (1, 4, 0, 0, 0, 6, 82, 0, 4, 2, 0, 8)
21 (1, 4, 0, 0, 0, 47, 118, 0, 5, 2, 0, 138)
22 (1, 4, 0, 0, 0, 60, 144, 0, 5, 2, 0, 110)
23 (1, 4, 68, 0, 203, 58, 140, 1, 5, 2, 0, 232)
24 (1, 4, 153, 42, 495, 35, 120, 7, 5, 2, 0, 170)
25 (1, 4, 192, 191, 873, 0, 43, 0, 4, 1, 0, 152)
0 (1, 4, 0, 64, 0, 0, 0, 73, 1, 0, 0, 239)
1 (1, 4, 0, 0, 0, 0, 0, 77, 1, 0, 0, 25)
2 (1, 4, 0, 0, 0, 10, 0, 74, 1, 0, 0, 204)
3 (1, 4, 0, 0, 0, 30, 0, 64, 2, 0, 0, 178)
4 (1, 4, 0, 0, 0, 47, 0, 31, 3, 1, 0, 213)
5 (1, 4, 0, 0, 0, 44, 33, 0, 4, 2, 0, 62)
6 (1, 4, 0, 0, 0, 40, 64, 0, 5, 2, 0, 78)
7 (1, 4, 201, 0, 464, 52, 77, 0, 5, 2, 0, 172)
8 (1, 4, 26, 278, 873, 0, 17, 0, 5, 2, 0, 204)
9 (1, 4, 222, 480, 873, 0, 0, 80, 5, 2, 0, 148)
10 (1, 4, 102, 147, 368, 0, 0, 146, 4, 2, 0, 50)
11 (1, 4, 32, 45, 0, 0, 0, 83, 4, 2, 0, 14)
12 (1, 4, 0, 0, 0, 0, 0, 37, 4, 1, 0, 145)
13 (1, 4, 0, 0, 0, 0, 29, 0, 4, 1, 0, 68)
14 (1, 4, 0, 0, 0, 1, 148, 0, 4, 2, 0, 106)
15 (1, 4, 324, 253, 472, 26, 112, 0, 4, 2, 0, 94)
16 (1, 4, 0, 34, 369, 0, 0, 151, 4, 1, 0, 204)
17 (1, 4, 0, 0, 0, 22, 0, 66, 5, 2, 0, 12)
18 (1, 4, 65, 0, 0, 0, 0, 55, 5, 2, 0, 163)
19 (1, 4, 29, 0, 0, 0, 0, 32, 4, 2, 0, 32)
20 (1, 4, 161, 0, 0, 0, 0, 4, 4, 1, 0, 51)
21 (1, 4, 136, 0, 0, 0, 33, 0, 4, 1, 0, 139)
22 (1, 4, 102, 0, 0, 45, 114, 0, 4, 2, 0, 95)
23 (1, 4, 133, 0, 0, 55, 152, 0, 4, 2, 0, 55)
24 (1, 4, 185, 130, 245, 34, 138, 0, 4, 1, 0, 43)
25 (1, 4, 242, 432, 644, 0, 53, 0, 2, 1, 0, 54)
26 (1, 4, 486, 592, 796, 0, 8, 41, 2, 0, 0, 199)
27 (1, 4, 645, 565, 551, 0, 0, 110, 1, 0, 0, 89)
28 (1, 4, 873, 133, 302, 1, 0, 112, 1, 0, 0, 2)
29 (1, 4, 0, 110, 8, 35, 5, 102, 1, 0, 0, 159)
30 (1, 4, 9, 68, 0, 36, 0, 112, 1, 0, 0, 153)
0 (1, 4, 0, 207, 0, 0, 0, 53, 2, 0, 0, 81)
1 (1, 4, 0, 225, 0, 0, 0, 42, 2, 0, 0, 189)
2 (1, 4, 0, 140, 0, 0, 0, 26, 3, 1, 0, 91)
3 (1, 4, 0, 80, 0, 0, 0, 3, 4, 1, 0, 30)
4 (1, 4, 0, 0, 0, 37, 0, 13, 5, 2, 0, 143)
5 (1, 4, 0, 0, 0, 85, 2, 1, 5, 2, 0, 41)
6 (1, 4, 0, 0, 190, 86, 35, 0, 6, 2, 0, 184)
7 (1, 4, 145, 0, 600, 9, 0, 51, 5, 2, 0, 207)
8 (1, 4, 630, 0, 512, 0, 0, 59, 5, 2, 0, 143)
9 (1, 4, 0, 0, 395, 0, 0, 27, 5, 2, 0, 177)
10 (1, 4, 0, 37, 0, 0, 0, 0, 5, 2, 0, 232)
11 (1, 4, 0, 82, 0, 0, 0, 1, 5, 2, 0, 21)
12 (1, 4, 0, 0, 0, 0, 0, 7, 5, 2, 0, 86)
13 (1, 4, 0, 0, 0, 0, 127, 0, 5, 2, 0, 126)
14 (1, 4, 0, 10, 279, 33, 185, 0, 5, 2, 0, 174)
15 (1, 4, 0, 159, 697, 0, 0, 81, 5, 2, 0, 63)
16 (1, 4, 0, 0, 427, 0, 0, 0, 6, 2, 0, 182)
17 (1, 4, 0, 117, 0, 0, 0, 0, 6, 2, 0, 172)
18 (1, 4, 0, 123, 0, 0, 0, 0, 5, 2, 0, 14)
19 (1, 4, 191, 138, 0, 0, 0, 0, 5, 2, 0, 242)
20 (1, 4, 259, 98, 0, 0, 0, 0, 5, 2, 0, 121)
21 (1, 4, 241, 0, 0, 0, 62, 0, 5, 2, 0, 168)
22 (1, 4, 115, 0, 0, 56, 121, 6, 5, 2, 0, 249)
23 (1, 4, 66, 0, 0, 80, 106, 14, 5, 2, 0, 240)
24 (1, 4, 103, 0, 35, 77, 104, 13, 4, 1, 0, 99)
25 (1, 4, 95, 0, 292, 44, 91, 3, 4, 1, 0, 138)
26 (1, 4, 162, 64, 628, 0, 44, 0, 2, 1, 0, 45)
27 (1, 4, 299, 300, 810, 0, 0, 19, 2, 0, 0, 108)
28 (1, 4, 567, 297, 602, 0, 0, 97, 2, 0, 0, 4)
29 (1, 4, 368, 0, 194, 22, 0, 74, 1, 0, 0, 54)
30 (1, 4, 0, 12, 0, 42, 0, 66, 1, 0, 0, 166)
31 (1, 4, 38, 47, 0, 37, 0, 79, 1, 0, 0, 186)
0 (1, 4, 0, 0, 89, 1, 0, 16, 2, 0, 0, 218)
1 (1, 4, 0, 0, 45, 0, 0, 3, 2, 0, 0, 84)
2 (1, 4, 0, 0, 0, 26, 0, 0, 3, 1, 0, 130)
3 (1, 4, 0, 0, 0, 75, 0, 0, 4, 1, 0, 150)
4 (1, 4, 0, 0, 0, 105, 0, 0, 5, 1, 0, 35)
5 (1, 4, 80, 239, 78, 66, 58, 12, 5, 2, 0, 36)
6 (1, 4, 271, 199, 502, 0, 91, 80, 5, 2, 0, 121)
7 (1, 4, 186, 328, 873, 0, 14, 80, 5, 2, 0, 66)
8 (1, 4, 11, 0, 672, 0, 0, 93, 4, 1, 0, 155)
9 (1, 4, 33, 77, 86, 0, 0, 17, 4, 1, 0, 245)
10 (1, 4, 0, 0, 0, 0, 0, 14, 4, 1, 0, 188)
11 (1, 4, 0, 0, 0, 0, 0, 13, 4, 1, 0, 218)
12 (1, 4, 0, 0, 0, 0, 28, 6, 4, 1, 0, 241)
13 (1, 4, 0, 0, 0, 22, 107, 3, 4, 1, 0, 20)
14 (1, 4, 72, 0, 312, 24, 113, 7, 4, 1, 0, 244)
15 (1, 4, 207, 138, 626, 0, 0, 60, 4, 1, 0, 129)
16 (1, 4, 0, 0, 220, 0, 0, 0, 5, 1, 0, 111)
17 (1, 4, 0, 101, 0, 0, 0, 0, 5, 1, 0, 214)
18 (1, 4, 0, 66, 0, 0, 0, 18, 5, 1, 0, 124)
19 (1, 4, 207, 31, 0, 0, 0, 0, 5, 1, 0, 238)
20 (1, 4, 239, 0, 0, 0, 0, 0, 5, 1, 0, 249)
21 (1, 4, 204, 0, 0, 0, 25, 0, 5, 1, 0, 17)
22 (1, 4, 77, 0, 0, 41, 107, 0, 5, 1, 0, 100)
23 (1, 4, 224, 0, 0, 69, 164, 9, 5, 1, 0, 250)
24 (1, 4, 200, 0, 144, 49, 185, 0, 4, 1, 0, 253)
25 (1, 4, 0, 19, 572, 0, 81, 0, 4, 1, 0, 28)
26 (1, 4, 386, 202, 684, 0, 0, 0, 3, 1, 0, 179)
27 (1, 4, 753, 484, 610, 0, 0, 56, 1, 0, 0, 218)
28 (1, 4, 821, 320, 459, 0, 0, 103, 1, 0, 0, 202)
29 (1, 4, 282, 120, 184, 25, 0, 92, 1, 0, 0, 212)
30 (1, 4, 0, 98, 42, 48, 0, 94, 1, 0, 0, 243)
31 (1, 4, 0, 100, 15, 38, 0, 113, 1, 0, 0, 157)
0 (1, 4, 0, 0, 0, 0, 0, 71, 1, 0, 0, 74)
1 (1, 4, 0, 0, 0, 22, 0, 32, 3, 1, 0, 167)
2 (1, 4, 0, 0, 0, 28, 0, 32, 4, 1, 0, 72)
3 (1, 4, 0, 0, 0, 60, 35, 10, 5, 1, 0, 183)
4 (1, 4, 0, 0, 182, 76, 60, 0, 5, 2, 0, 191)
5 (1, 4, 0, 0, 586, 37, 57, 0, 6, 2, 0, 139)
6 (1, 4, 0, 0, 873, 0, 0, 11, 6, 2, 0, 165)
7 (1, 4, 132, 0, 835, 0, 0, 34, 6, 2, 0, 113)
8 (1, 4, 120, 17, 402, 0, 0, 24, 5, 2, 0, 138)
9 (1, 4, 0, 0, 0, 0, 0, 0, 5, 2, 0, 69)
10 (1, 4, 0, 154, 0, 0, 0, 0, 5, 2, 0, 251)
11 (1, 4, 148, 211, 0, 0, 0, 14, 5, 2, 0, 149)
12 (1, 4, 51, 30, 0, 0, 114, 0, 5, 2, 0, 117)
13 (1, 4, 0, 92, 56, 0, 174, 4, 5, 2, 0, 111)
14 (1, 4, 164, 133, 667, 0, 132, 15, 5, 2, 0, 220)
15 (1, 4, 62, 30, 873, 0, 0, 71, 5, 2, 0, 207)
16 (1, 4, 0, 0, 74, 0, 0, 0, 6, 2, 0, 139)
17 (1, 4, 0, 0, 0, 0, 0, 21, 6, 2, 0, 154)
18 (1, 4, 0, 0, 0, 0, 0, 30, 6, 2, 0, 22)
19 (1, 4, 56, 0, 0, 0, 0, 0, 6, 2, 0, 180)
20 (1, 4, 65, 0, 0, 0, 36, 0, 5, 2, 0, 44)
21 (1, 4, 133, 0, 0, 31, 146, 0, 6, 2, 0, 209)
22 (1, 4, 268, 39, 0, 69, 198, 0, 6, 2, 0, 224)
23 (1, 4, 267, 126, 325, 44, 136, 0, 5, 2, 0, 245)
24 (1, 4, 376, 228, 523, 1, 47, 0, 5, 2, 0, 5)
25 (1, 4, 652, 454, 536, 0, 0, 55, 2, 1, 0, 64)
26 (1, 4, 809, 365, 424, 0, 0, 143, 1, 0, 0, 70)
27 (1, 4, 384, 72, 169, 38, 0, 90, 1, 0, 0, 114)
28 (1, 4, 0, 138, 19, 44, 0, 66, 1, 0, 0, 150)
29 (1, 4, 26, 84, 0, 46, 0, 88, 1, 0, 0, 135)
30 (1, 4, 51, 0, 0, 54, 0, 91, 1, 0, 0, 111)
31 (1, 4, 12, 57, 21, 51, 0, 94, 1, 0, 0, 203)
0 (1, 4, 0, 0, 0, 67, 2, 40, 4, 2, 0, 106)
1 (1, 4, 0, 0, 0, 61, 4, 26, 5, 2, 0, 163)
2 (1, 4, 0, 0, 0, 43, 30, 1, 6, 2, 0, 89)
3 (1, 4, 0, 0, 170, 45, 32, 0, 6, 2, 0, 0)
4 (1, 4, 58, 0, 357, 29, 48, 0, 6, 2, 0, 222)
5 (1, 4, 0, 140, 731, 0, 38, 0, 6, 2, 0, 95)
6 (1, 4, 0, 163, 873, 0, 0, 59, 6, 2, 0, 204)
7 (1, 4, 147, 0, 511, 0, 0, 101, 5, 2, 0, 99)
8 (1, 4, 0, 99, 0, 0, 0, 68, 5, 2, 0, 236)
9 (1, 4, 0, 0, 0, 0, 0, 30, 5, 2, 0, 176)
10 (1, 4, 24, 0, 0, 0, 0, 15, 5, 2, 0, 44)
11 (1, 4, 0, 0, 0, 0, 127, 0, 5, 2, 0, 126)
12 (1, 4, 0, 21, 59, 13, 191, 0, 5, 2, 0, 67)
13 (1, 4, 53, 228, 859, 0, 59, 22, 5, 2, 0, 119)
14 (1, 4, 71, 0, 690, 0, 0, 77, 5, 2, 0, 6)
15 (1, 4, 0, 0, 12, 0, 0, 0, 5, 2, 0, 167)
16 (1, 4, 8, 24, 0, 0, 0, 27, 5, 2, 0, 184)
17 (1, 4, 90, 0, 0, 0, 0, 0, 5, 2, 0, 64)
18 (1, 4, 114, 0, 0, 0, 0, 0, 5, 2, 0, 247)
19 (1, 4, 0, 0, 0, 0, 9, 0, 5, 2, 0, 253)
20 (1, 4, 0, 0, 0, 29, 82, 5, 5, 2, 0, 238)
21 (1, 4, 0, 0, 0, 48, 142, 7, 5, 2, 0, 172)
22 (1, 4, 0, 0, 50, 56, 142, 13, 5, 2, 0, 169)
23 (1, 4, 97, 0, 326, 40, 128, 26, 5, 2, 0, 119)
24 (1, 4, 131, 0, 579, 0, 65, 30, 4, 2, 0, 76)
25 (1, 4, 244, 62, 850, 0, 0, 25, 4, 1, 0, 20)
26 (1, 4, 308, 176, 873, 0, 0, 35, 3, 0, 0, 106)
27 (1, 4, 439, 81, 693, 0, 0, 36, 2, 0, 0, 35)
28 (1, 4, 25, 89, 174, 5, 0, 43, 2, 0, 0, 76)
29 (1, 4, 0, 12, 30, 0, 0, 63, 1, 0, 0, 76)
30 (1, 4, 17, 13, 62, 2, 0, 55, 1, 0, 0, 61)
31 (1, 4, 26, 0, 19, 2, 0, 51, 1, 0, 0, 126)
0 (1, 4, 0, 33, 0, 0, 0, 40, 2, 0, 0, 134)
1 (1, 4, 0, 0, 0, 0, 0, 32, 2, 0, 0, 27)
2 (1, 4, 0, 0, 0, 0, 0, 23, 2, 1, 0, 17)
3 (1, 4, 0, 64, 0, 0, 0, 26, 3, 1, 0, 176)
4 (1, 4, 0, 0, 0, 44, 0, 17, 4, 2, 0, 70)
5 (1, 4, 0, 17, 0, 66, 0, 4, 5, 3, 0, 100)
6 (1, 4, 114, 25, 0, 72, 19, 24, 5, 3, 0, 225)
7 (1, 4, 147, 0, 89, 83, 113, 3, 6, 3, 0, 77)
8 (1, 4, 0, 0, 675, 36, 134, 0, 6, 3, 0, 54)
9 (1, 4, 0, 0, 873, 0, 0, 9, 6, 3, 0, 119)
10 (1, 4, 405, 266, 873, 0, 0, 85, 6, 3, 0, 132)
11 (1, 4, 0, 0, 657, 0, 0, 69, 6, 3, 0, 199)
12 (1, 4, 0, 102, 0, 0, 0, 0, 6, 3, 0, 126)
13 (1, 4, 0, 12, 0, 0, 0, 5, 5, 3, 0, 237)
14 (1, 4, 69, 0, 0, 0, 6, 0, 5, 2, 0, 235)
15 (1, 4, 0, 0, 0, 0, 123, 0, 5, 2, 0, 157)
16 (1, 4, 0, 53, 362, 0, 151, 0, 5, 2, 0, 155)
17 (1, 4, 193, 195, 772, 0, 0, 58, 5, 2, 0, 21)
18 (1, 4, 0, 0, 618, 0, 0, 37, 5, 2, 0, 98)
19 (1, 4, 0, 20, 0, 0, 0, 0, 5, 2, 0, 254)
20 (1, 4, 0, 74, 0, 0, 0, 17, 5, 2, 0, 20)
21 (1, 4, 0, 37, 0, 0, 0, 14, 5, 2, 0, 206)
22 (1, 4, 116, 34, 0, 0, 0, 0, 5, 2, 0, 124)
23 (1, 4, 93, 0, 0, 0, 0, 0, 5, 2, 0, 106)
24 (1, 4, 31, 10, 0, 17, 47, 0, 5, 2, 0, 109)
25 (1, 4, 62, 0, 0, 52, 120, 7, 5, 2, 0, 20)
26 (1, 4, 0, 0, 0, 78, 147, 0, 5, 2, 0, 16)
27 (1, 4, 98, 0, 135, 71, 140, 0, 5, 2, 0, 157)
28 (1, 4, 304, 61, 399, 20, 158, 7, 5, 2, 0, 19)
29 (1, 4, 353, 308, 873, 0, 80, 0, 4, 1, 0, 17)
30 (1, 4, 520, 624, 873, 0, 0, 59, 2, 0, 0, 23)
31 (1, 4, 873, 124, 618, 0, 0, 92, 1, 0, 0, 70)
0 (1, 4, 40, 29, 0, 15, 0, 87, 1, 0, 0, 54)
1 (1, 4, 106, 102, 0, 3, 0, 97, 1, 0, 0, 210)
2 (1, 4, 52, 53, 0, 0, 0, 110, 1, 0, 0, 13)
3 (1, 4, 0, 0, 0, 0, 0, 90, 1, 0, 0, 217)
4 (1, 4, 0, 0, 0, 0, 0, 78, 1, 0, 0, 127)
5 (1, 4, 0, 0, 0, 6, 0, 61, 2, 1, 0, 161)
6 (1, 4, 0, 0, 0, 0, 0, 43, 3, 1, 0, 158)
7 (1, 4, 0, 0, 0, 20, 20, 40, 4, 1, 0, 60)
8 (1, 4, 0, 0, 0, 36, 28, 34, 5, 2, 0, 111)
9 (1, 4, 0, 0, 0, 58, 67, 14, 6, 2, 0, 140)
10 (1, 4, 0, 0, 18, 76, 109, 0, 6, 2, 0, 174)
11 (1, 4, 0, 0, 403, 23, 149, 0, 6, 2, 0, 10)
12 (1, 4, 0, 70, 873, 0, 84, 0, 6, 2, 0, 97)
13 (1, 4, 0, 0, 873, 0, 0, 38, 6, 2, 0, 68)
14 (1, 4, 145, 55, 553, 0, 0, 31, 5, 2, 0, 89)
15 (1, 4, 0, 161, 0, 0, 0, 0, 5, 2, 0, 51)
16 (1, 4, 0, 189, 0, 0, 0, 0, 5, 2, 0, 59)
17 (1, 4, 530, 104, 0, 0, 30, 0, 5, 2, 0, 26)
18 (1, 4, 199, 0, 0, 0, 187, 0, 5, 2, 0, 5)
19 (1, 4, 0, 88, 214, 12, 205, 0, 5, 2, 0, 225)
20 (1, 4, 0, 194, 873, 0, 93, 0, 5, 2, 0, 164)
21 (1, 4, 10, 170, 873, 0, 0, 2, 5, 2, 0, 71)
22 (1, 4, 0, 23, 274, 0, 0, 0, 5, 2, 0, 43)
23 (1, 4, 38, 91, 0, 0, 0, 61, 5, 2, 0, 29)
24 (1, 4, 0, 0, 0, 0, 0, 20, 5, 2, 0, 227)
25 (1, 4, 226, 0, 0, 0, 0, 0, 5, 2, 0, 2)
26 (1, 4, 184, 0, 0, 0, 0, 0, 5, 2, 0, 7)
27 (1, 4, 201, 0, 0, 0, 0, 0, 5, 2, 0, 167)
28 (1, 4, 80, 0, 0, 24, 34, 0, 5, 2, 0, 220)
29 (1, 4, 139, 0, 0, 46, 75, 9, 5, 2, 0, 4)
30 (1, 4, 5, 0, 0, 53, 130, 3, 4, 2, 0, 204)
31 (1, 4, 0, 0, 9, 52, 130, 0, 4, 2, 0, 171)
0 (1, 4, 9, 7, 0, 24, 0, 43, 2, 0, 0, 228)
1 (1, 4, 0, 23, 0, 20, 0, 41, 2, 0, 0, 198)
2 (1, 4, 0, 14, 0, 4, 0, 26, 2, 0, 0, 66)
3 (1, 4, 0, 37, 0, 0, 0, 11, 2, 0, 0, 155)
4 (1, 4, 0, 117, 0, 0, 0, 13, 3, 1, 0, 188)
5 (1, 4, 0, 107, 0, 0, 0, 23, 4, 1, 0, 112)
6 (1, 4, 0, 93, 0, 30, 0, 36, 5, 2, 0, 226)
7 (1, 4, 40, 16, 0, 60, 27, 39, 5, 2, 0, 116)
8 (1, 4, 4, 0, 0, 84, 69, 17, 6, 2, 0, 9)
9 (1, 4, 0, 0, 344, 67, 107, 0, 6, 2, 0, 47)
10 (1, 4, 0, 0, 830, 0, 32, 2, 6, 2, 0, 252)
11 (1, 4, 100, 74, 873, 0, 0, 68, 6, 2, 0, 50)
12 (1, 4, 114, 182, 866, 0, 0, 122, 5, 2, 0, 75)
13 (1, 4, 99, 0, 122, 0, 0, 44, 5, 2, 0, 206)
14 (1, 4, 0, 0, 0, 0, 0, 27, 5, 2, 0, 26)
15 (1, 4, 0, 0, 0, 0, 0, 10, 5, 1, 0, 171)
16 (1, 4, 18, 0, 0, 0, 54, 0, 5, 1, 0, 157)
17 (1, 4, 0, 40, 0, 11, 128, 0, 5, 1, 0, 100)
18 (1, 4, 129, 160, 543, 5, 74, 15, 5, 1, 0, 15)
19 (1, 4, 85, 78, 697, 0, 0, 64, 5, 1, 0, 135)
20 (1, 4, 0, 0, 233, 0, 0, 0, 5, 1, 0, 36)
21 (1, 4, 86, 80, 0, 0, 0, 0, 5, 1, 0, 87)
22 (1, 4, 0, 40, 0, 0, 0, 10, 5, 1, 0, 218)
23 (1, 4, 185, 36, 0, 0, 0, 0, 5, 1, 0, 172)
24 (1, 4, 151, 0, 0, 0, 0, 0, 5, 1, 0, 39)
25 (1, 4, 121, 0, 0, 0, 25, 0, 5, 1, 0, 21)
26 (1, 4, 74, 0, 0, 45, 92, 0, 5, 1, 0, 210)
27 (1, 4, 26, 0, 0, 70, 140, 0, 4, 1, 0, 151)
28 (1, 4, 0, 0, 23, 67, 108, 0, 4, 1, 0, 193)
29 (1, 4, 83, 0, 234, 47, 114, 0, 4, 1, 0, 170)
30 (1, 4, 192, 129, 579, 11, 87, 0, 3, 1, 0, 79)
0 (1, 4, 0, 14, 0, 27, 0, 81, 2, 0, 0, 217)
1 (1, 4, 0, 0, 0, 14, 0, 80, 2, 0, 0, 150)
2 (1, 4, 0, 0, 0, 0, 0, 80, 2, 0, 0, 44)
3 (1, 4, 0, 0, 0, 0, 0, 80, 2, 0, 0, 44)
4 (1, 4, 0, 0, 0, 0, 0, 64, 2, 1, 0, 148)
5 (1, 4, 0, 0, 0, 43, 0, 46, 3, 1, 0, 4)
6 (1, 4, 0, 0, 0, 76, 0, 15, 3, 1, 0, 27)
7 (1, 4, 0, 43, 0, 89, 4, 31, 3, 1, 0, 22)
8 (1, 4, 0, 0, 0, 88, 49, 28, 4, 1, 0, 253)
9 (1, 4, 3, 0, 0, 80, 93, 21, 5, 2, 0, 200)
10 (1, 4, 115, 0, 60, 69, 131, 11, 6, 2, 0, 185)
11 (1, 4, 98, 13, 524, 21, 143, 0, 6, 2, 0, 60)
12 (1, 4, 0, 15, 873, 0, 9, 0, 6, 2, 0, 32)
13 (1, 4, 0, 0, 825, 0, 0, 27, 6, 2, 0, 242)
14 (1, 4, 367, 251, 772, 0, 0, 61, 6, 2, 0, 52)
15 (1, 4, 0, 0, 247, 0, 0, 108, 6, 2, 0, 246)
16 (1, 4, 0, 0, 0, 0, 0, 16, 6, 2, 0, 48)
17 (1, 4, 0, 0, 0, 0, 0, 0, 5, 2, 0, 69)
18 (1, 4, 50, 17, 0, 0, 0, 0, 5, 1, 0, 23)
19 (1, 4, 63, 37, 0, 0, 111, 0, 5, 1, 0, 150)
20 (1, 4, 0, 119, 123, 8, 161, 0, 5, 2, 0, 162)
21 (1, 4, 0, 79, 745, 0, 106, 6, 5, 2, 0, 249)
22 (1, 4, 185, 52, 861, 0, 0, 64, 6, 2, 0, 134)
23 (1, 4, 0, 0, 582, 0, 0, 54, 6, 2, 0, 109)
24 (1, 4, 28, 74, 0, 0, 0, 25, 6, 2, 0, 240)
25 (1, 4, 18, 0, 0, 0, 0, 59, 6, 2, 0, 225)
26 (1, 4, 111, 0, 0, 0, 0, 11, 6, 2, 0, 123)
27 (1, 4, 222, 0, 0, 0, 0, 0, 6, 2, 0, 203)
28 (1, 4, 126, 0, 0, 0, 19, 0, 6, 2, 0, 23)
29 (1, 4, 0, 0, 0, 16, 100, 9, 6, 2, 0, 213)
30 (1, 4, 0, 0, 0, 50, 165, 6, 6, 2, 0, 172)
31 (1, 4, 0, 0, 94, 42, 179, 0, 5, 2, 0, 20)
0 (1, 4, 59, 167, 0, 0, 0, 45, 2, 0, 0, 223)
1 (1, 4, 51, 215, 0, 0, 0, 53, 2, 0, 0, 182)
2 (1, 4, 0, 258, 0, 0, 0, 66, 2, 0, 0, 206)
3 (1, 4, 33, 251, 0, 0, 0, 80, 2, 0, 0, 175)
4 (1, 4, 0, 248, 0, 0, 0, 91, 3, 1, 0, 59)
5 (1, 4, 0, 245, 0, 0, 0, 104, 4, 1, 0, 218)
6 (1, 4, 22, 159, 0, 0, 0, 131, 4, 1, 0, 99)
7 (1, 4, 0, 0, 0, 0, 0, 144, 4, 1, 0, 195)
8 (1, 4, 0, 0, 0, 0, 0, 138, 5, 2, 0, 156)
9 (1, 4, 0, 0, 0, 0, 0, 96, 6, 2, 0, 7)
10 (1, 4, 0, 0, 0, 1, 0, 44, 6, 2, 0, 194)
11 (1, 4, 0, 0, 0, 13, 76, 0, 6, 3, 0, 43)
12 (1, 4, 0, 0, 0, 67, 184, 0, 7, 3, 0, 99)
13 (1, 4, 0, 0, 825, 45, 132, 0, 7, 3, 0, 1)
14 (1, 4, 378, 140, 873, 0, 0, 24, 6, 2, 0, 184)
15 (1, 4, 361, 475, 702, 0, 0, 15, 6, 2, 0, 66)
16 (1, 4, 396, 278, 0, 0, 0, 75, 6, 2, 0, 70)
17 (1, 4, 0, 0, 0, 0, 0, 41, 6, 2, 0, 119)
18 (1, 4, 0, 0, 0, 0, 0, 0, 5, 2, 0, 69)
19 (1, 4, 0, 0, 0, 0, 96, 0, 5, 2, 0, 82)
20 (1, 4, 177, 0, 0, 78, 57, 16, 6, 2, 0, 83)
21 (1, 4, 460, 0, 305, 107, 0, 0, 6, 2, 0, 152)
22 (1, 4, 619, 472, 707, 0, 0, 22, 5, 2, 0, 204)
23 (1, 4, 0, 504, 0, 0, 0, 78, 5, 2, 0, 81)
24 (1, 4, 7, 40, 0, 0, 0, 131, 5, 2, 0, 242)
25 (1, 4, 0, 0, 0, 0, 0, 40, 5, 2, 0, 14)
26 (1, 4, 0, 0, 0, 0, 0, 3, 5, 2, 0, 35)
27 (1, 4, 0, 0, 0, 25, 29, 0, 5, 2, 0, 139)
28 (1, 4, 0, 0, 0, 37, 93, 0, 5, 2, 0, 11)
29 (1, 4, 0, 0, 0, 43, 121, 3, 5, 2, 0, 57)
30 (1, 4, 0, 0, 0, 66, 109, 0, 4, 1, 0, 61)
31 (1, 4, 162, 0, 0, 28, 144, 0, 4, 1, 0, 150)
0 (1, 4, 0, 0, 186, 0, 0, 47, 2, 0, 0, 1)
1 (1, 4, 0, 0, 154, 0, 0, 32, 2, 0, 0, 6)
2 (1, 4, 0, 0, 108, 0, 0, 17, 2, 0, 0, 81)
3 (1, 4, 0, 0, 35, 0, 0, 0, 2, 0, 0, 255)
4 (1, 4, 0, 0, 0, 0, 0, 11, 2, 0, 0, 54)
5 (1, 4, 0, 0, 0, 0, 0, 14, 3, 1, 0, 149)
6 (1, 4, 0, 0, 0, 0, 0, 8, 4, 2, 0, 205)
7 (1, 4, 0, 0, 0, 0, 0, 0, 5, 2, 0, 69)
8 (1, 4, 230, 0, 0, 0, 0, 0, 5, 2, 0, 58)
9 (1, 4, 116, 0, 0, 0, 0, 0, 6, 3, 0, 30)
10 (1, 4, 81, 0, 0, 0, 111, 0, 6, 3, 0, 81)
11 (1, 4, 152, 0, 205, 0, 166, 0, 6, 3, 0, 89)
12 (1, 4, 0, 24, 721, 0, 94, 0, 5, 2, 0, 131)
13 (1, 4, 95, 0, 873, 0, 27, 0, 4, 2, 0, 17)
14 (1, 4, 72, 0, 873, 0, 0, 0, 4, 1, 0, 169)
15 (1, 4, 23, 0, 611, 0, 0, 0, 4, 1, 0, 84)
16 (1, 4, 0, 44, 0, 0, 0, 41, 4, 1, 0, 165)
17 (1, 4, 81, 0, 0, 0, 0, 42, 4, 1, 0, 15)
18 (1, 4, 0, 0, 0, 0, 153, 10, 4, 2, 0, 125)
19 (1, 4, 110, 0, 291, 7, 91, 0, 5, 2, 0, 207)
20 (1, 4, 301, 3, 615, 0, 0, 0, 5, 2, 0, 68)
21 (1, 4, 282, 243, 0, 0, 0, 35, 5, 2, 0, 245)
22 (1, 4, 757, 0, 0, 0, 0, 101, 5, 2, 0, 130)
23 (1, 4, 873, 0, 0, 0, 1, 72, 5, 2, 0, 165)
24 (1, 4, 848, 0, 0, 0, 101, 47, 5, 2, 0, 255)
25 (1, 4, 873, 0, 0, 67, 186, 68, 5, 2, 0, 56)
26 (1, 4, 537, 306, 343, 48, 213, 92, 4, 1, 0, 49)
27 (1, 4, 324, 290, 873, 0, 70, 88, 2, 1, 0, 149)
28 (1, 4, 0, 335, 873, 0, 6, 57, 1, 1, 0, 60)
29 (1, 4, 0, 60, 873, 0, 0, 38, 2, 0, 0, 215)
30 (1, 4, 0, 0, 505, 0, 0, 0, 1, 0, 0, 226)
31 (1, 4, 0, 0, 81, 55, 0, 0, 1, 0, 0, 79)
0 (1, 4, 0, 35, 0, 46, 36, 43, 5, 2, 0, 207)
1 (1, 4, 0, 0, 21, 69, 107, 23, 6, 2, 0, 125)
2 (1, 4, 0, 0, 383, 42, 119, 0, 6, 2, 0, 72)
3 (1, 4, 0, 55, 832, 0, 67, 0, 6, 2, 0, 207)
4 (1, 4, 120, 241, 873, 0, 0, 32, 6, 2, 0, 194)
5 (1, 4, 0, 258, 873, 0, 0, 64, 5, 2, 0, 66)
6 (1, 4, 17, 127, 0, 0, 0, 31, 5, 1, 0, 173)
7 (1, 4, 0, 0, 0, 0, 0, 49, 5, 1, 0, 85)
8 (1, 4, 0, 0, 0, 0, 123, 13, 5, 2, 0, 221)
9 (1, 4, 165, 0, 105, 1, 249, 0, 5, 2, 0, 141)
10 (1, 4, 0, 224, 774, 0, 0, 20, 5, 2, 0, 53)
11 (1, 4, 0, 51, 0, 115, 0, 0, 6, 2, 0, 114)
12 (1, 4, 19, 119, 0, 0, 0, 0, 6, 2, 0, 51)
13 (1, 4, 119, 134, 0, 0, 0, 25, 5, 2, 0, 145)
14 (1, 4, 75, 0, 0, 0, 27, 11, 5, 2, 0, 237)
15 (1, 4, 0, 0, 0, 36, 128, 5, 5, 1, 0, 243)
16 (1, 4, 26, 0, 200, 23, 228, 0, 4, 1, 0, 202)
17 (1, 4, 0, 219, 873, 0, 64, 0, 2, 1, 0, 137)
18 (1, 4, 90, 277, 873, 0, 0, 30, 2, 0, 0, 107)
19 (1, 4, 447, 57, 655, 0, 0, 33, 2, 0, 0, 25)
20 (1, 4, 610, 0, 413, 0, 0, 40, 1, 0, 0, 164)
21 (1, 4, 199, 125, 160, 5, 0, 56, 1, 0, 0, 162)
22 (1, 4, 51, 178, 94, 0, 0, 72, 1, 0, 0, 0)
23 (1, 4, 104, 168, 107, 0, 0, 83, 1, 0, 0, 160)
24 (1, 4, 36, 153, 104, 0, 0, 79, 1, 0, 0, 128)
25 (1, 4, 0, 156, 39, 0, 0, 77, 1, 0, 0, 11)
26 (1, 4, 0, 85, 0, 0, 0, 78, 2, 0, 0, 84)
27 (1, 4, 0, 75, 0, 0, 0, 70, 2, 0, 0, 219)
28 (1, 4, 0, 70, 0, 0, 0, 70, 2, 0, 0, 7)
29 (1, 4, 0, 2, 0, 0, 0, 64, 2, 0, 0, 146)
30 (1, 4, 0, 42, 0, 0, 0, 64, 2, 0, 0, 227)
31 (1, 4, 0, 20, 0, 0, 0, 69, 2, 0, 0, 238)
0 (1, 4, 0, 0, 0, 0, 0, 55, 2, 0, 0, 219)
1 (1, 4, 0, 0, 0, 0, 0, 55, 2, 0, 0, 219)
2 (1, 4, 0, 0, 0, 0, 0, 55, 2, 0, 0, 219)
3 (1, 4, 0, 0, 0, 0, 0, 64, 2, 0, 0, 255)
4 (1, 4, 0, 0, 0, 10, 0, 54, 1, 0, 0, 100)
5 (1, 4, 0, 0, 0, 30, 0, 54, 2, 0, 0, 73)
6 (1, 4, 0, 0, 0, 48, 0, 48, 2, 0, 0, 214)
7 (1, 4, 29, 0, 0, 58, 0, 36, 4, 1, 0, 48)
8 (1, 4, 74, 0, 0, 48, 2, 19, 5, 2, 0, 249)
9 (1, 4, 49, 0, 0, 47, 45, 0, 5, 2, 0, 118)
10 (1, 4, 0, 0, 288, 51, 46, 0, 6, 2, 0, 162)
11 (1, 4, 0, 50, 509, 14, 25, 0, 5, 2, 0, 172)
12 (1, 4, 0, 148, 711, 0, 17, 3, 5, 2, 0, 48)
13 (1, 4, 377, 241, 826, 0, 0, 64, 5, 2, 0, 179)
14 (1, 4, 0, 242, 873, 0, 0, 88, 5, 2, 0, 191)
15 (1, 4, 298, 0, 313, 0, 0, 69, 4, 1, 0, 40)
16 (1, 4, 0, 71, 0, 0, 0, 35, 5, 1, 0, 190)
17 (1, 4, 50, 64, 0, 0, 0, 32, 5, 1, 0, 225)
18 (1, 4, 118, 0, 0, 0, 223, 60, 5, 2, 0, 32)
19 (1, 4, 125, 0, 594, 0, 62, 0, 4, 1, 0, 59)
20 (1, 4, 0, 0, 8, 0, 0, 44, 4, 1, 0, 24)
21 (1, 4, 0, 0, 0, 0, 0, 1, 5, 1, 0, 39)
22 (1, 4, 0, 31, 0, 0, 0, 4, 5, 1, 0, 93)
23 (1, 4, 0, 48, 0, 0, 0, 16, 4, 1, 0, 234)
24 (1, 4, 73, 42, 0, 0, 0, 4, 4, 1, 0, 4)
25 (1, 4, 26, 0, 0, 7, 3, 0, 4, 1, 0, 192)
26 (1, 4, 81, 0, 0, 43, 94, 2, 4, 1, 0, 59)
27 (1, 4, 109, 0, 0, 56, 238, 0, 5, 1, 0, 229)
28 (1, 4, 203, 81, 523, 24, 185, 0, 4, 1, 0, 133)
29 (1, 4, 154, 365, 873, 0, 22, 9, 3, 1, 0, 57)
30 (1, 4, 526, 335, 833, 0, 0, 57, 2, 0, 0, 242)
31 (1, 4, 873, 253, 660, 0, 0, 64, 2, 0, 0, 94)
0 (1, 4, 0, 0, 0, 0, 0, 80, 2, 0, 0, 44)
1 (1, 4, 0, 0, 0, 16, 1, 36, 3, 1, 0, 233)
2 (1, 4, 0, 0, 0, 43, 19, 3, 4, 1, 0, 194)
3 (1, 4, 0, 0, 0, 46, 42, 0, 4, 2, 0, 74)
4 (1, 4, 12, 0, 291, 47, 76, 0, 6, 2, 0, 199)
5 (1, 4, 104, 47, 853, 0, 55, 0, 6, 2, 0, 231)
6 (1, 4, 275, 347, 873, 0, 0, 59, 5, 2, 0, 237)
7 (1, 4, 216, 102, 339, 0, 0, 40, 5, 2, 0, 150)
8 (1, 4, 0, 123, 0, 0, 0, 43, 5, 2, 0, 35)
9 (1, 4, 0, 39, 0, 45, 82, 55, 5, 2, 0, 251)
10 (1, 4, 191, 9, 356, 11, 92, 47, 4, 1, 0, 206)
11 (1, 4, 153, 48, 600, 0, 0, 58, 4, 1, 0, 17)
12 (1, 4, 46, 0, 0, 0, 0, 52, 4, 1, 0, 14)
13 (1, 4, 0, 0, 0, 0, 0, 49, 6, 2, 0, 78)
14 (1, 4, 0, 0, 0, 0, 0, 48, 6, 2, 0, 145)
15 (1, 4, 0, 10, 0, 0, 0, 35, 5, 2, 0, 92)
16 (1, 4, 109, 0, 0, 0, 0, 11, 5, 2, 0, 193)
17 (1, 4, 56, 0, 0, 0, 50, 0, 5, 2, 0, 104)
18 (1, 4, 0, 0, 0, 25, 110, 0, 5, 2, 0, 146)
19 (1, 4, 83, 0, 0, 52, 160, 0, 5, 2, 0, 101)
20 (1, 4, 119, 0, 77, 36, 161, 0, 5, 2, 0, 153)
21 (1, 4, 213, 35, 492, 1, 127, 0, 5, 2, 0, 122)
22 (1, 4, 305, 380, 873, 0, 40, 0, 4, 1, 0, 27)
23 (1, 4, 576, 562, 873, 0, 0, 51, 2, 1, 0, 129)
24 (1, 4, 873, 432, 739, 0, 0, 84, 2, 0, 0, 221)
25 (1, 4, 574, 391, 295, 8, 0, 82, 1, 0, 0, 28)
26 (1, 4, 80, 250, 43, 0, 0, 128, 1, 0, 0, 249)
27 (1, 4, 76, 87, 0, 0, 0, 122, 1, 0, 0, 89)
28 (1, 4, 0, 100, 0, 0, 0, 114, 1, 0, 0, 9)
29 (1, 4, 23, 65, 22, 0, 0, 108, 1, 0, 0, 149)
30 (1, 4, 41, 62, 40, 0, 0, 108, 1, 0, 0, 59)
31 (1, 4, 3, 23, 5, 0, 0, 103, 1, 0, 0, 80)
0 (1, 4, 97, 7, 393, 10, 45, 14, 4, 1, 0, 234)
1 (1, 4, 185, 216, 740, 0, 0, 53, 4, 1, 0, 78)
2 (1, 4, 0, 0, 840, 0, 0, 44, 4, 1, 0, 4)
3 (1, 4, 0, 101, 0, 0, 0, 0, 5, 1, 0, 214)
4 (1, 4, 185, 149, 0, 0, 0, 22, 4, 1, 0, 198)
5 (1, 4, 0, 0, 0, 2, 191, 73, 4, 2, 0, 124)
6 (1, 4, 59, 10, 570, 0, 2, 20, 4, 1, 0, 253)
7 (1, 4, 0, 0, 0, 0, 0, 0, 5, 1, 0, 248)
8 (1, 4, 0, 110, 0, 0, 0, 0, 5, 1, 0, 189)
9 (1, 4, 0, 68, 0, 0, 0, 15, 5, 1, 0, 88)
10 (1, 4, 77, 93, 0, 0, 0, 12, 4, 1, 0, 244)
11 (1, 4, 184, 16, 0, 0, 0, 10, 4, 1, 0, 234)
12 (1, 4, 14, 0, 0, 27, 36, 0, 4, 1, 0, 14)
13 (1, 4, 0, 27, 0, 81, 123, 10, 4, 1, 0, 38)
14 (1, 4, 0, 0, 0, 102, 119, 32, 4, 1, 0, 191)
15 (1, 4, 0, 0, 132, 57, 109, 26, 4, 1, 0, 0)
16 (1, 4, 174, 0, 514, 0, 74, 7, 4, 1, 0, 179)
17 (1, 4, 334, 49, 800, 0, 0, 12, 3, 1, 0, 252)
18 (1, 4, 729, 144, 813, 0, 0, 25, 2, 1, 0, 62)
19 (1, 4, 852, 143, 529, 2, 0, 36, 2, 0, 0, 230)
20 (1, 4, 362, 207, 161, 15, 0, 48, 1, 0, 0, 67)
21 (1, 4, 0, 220, 81, 1, 0, 112, 1, 0, 0, 174)
22 (1, 4, 43, 88, 65, 1, 0, 108, 1, 0, 0, 227)
23 (1, 4, 0, 29, 45, 1, 0, 97, 1, 0, 0, 13)
24 (1, 4, 0, 13, 34, 0, 0, 84, 1, 0, 0, 242)
25 (1, 4, 0, 7, 31, 0, 0, 85, 1, 0, 0, 4)
26 (1, 4, 16, 17, 37, 0, 0, 80, 1, 0, 0, 138)
27 (1, 4, 15, 33, 42, 0, 0, 82, 1, 0, 0, 115)
28 (1, 4, 25, 0, 28, 2, 0, 68, 2, 0, 0, 183)
29 (1, 4, 41, 36, 47, 5, 0, 67, 2, 0, 0, 252)

