1 (1, 4, 23, 0, 0, 0, 0, 121, 5, 5, 0, 155)
2 (1, 4, 0, 0, 0, 0, 0, 172, 5, 5, 0, 231)
3 (1, 4, 0, 0, 0, 0, 0, 186, 5, 5, 0, 248)
4 (1, 4, 92, 0, 0, 11, 0, 105, 5, 5, 0, 122)
5 (1, 4, 169, 0, 0, 3, 0, 20, 5, 6, 0, 197)
6 (1, 4, 51, 0, 0, 0, 7, 0, 7, 8, 0, 91)
7 (1, 4, 0, 0, 0, 0, 75, 0, 7, 8, 0, 86)
8 (1, 4, 0, 0, 274, 0, 82, 0, 13, 14, 0, 198)
9 (1, 4, 0, 153, 627, 0, 4, 0, 9, 12, 0, 1)
10 (1, 4, 0, 0, 627, 0, 0, 82, 20, 20, 0, 158)
11 (1, 4, 229, 321, 172, 150, 0, 134, 20, 20, 0, 199)
12 (1, 4, 5, 0, 0, 64, 0, 162, 0, 0, 0, 15)
13 (1, 4, 92, 0, 0, 0, 0, 66, 20, 20, 0, 23)
14 (1, 4, 345, 0, 0, 0, 0, 0, 8, 10, 0, 245)
15 (1, 4, 29, 0, 0, 0, 186, 0, 8, 10, 0, 201)
16 (1, 4, 0, 217, 541, 0, 163, 0, 8, 9, 0, 185)
17 (1, 4, 0, 0, 443, 35, 0, 147, 7, 8, 0, 219)
18 (1, 4, 0, 0, 0, 325, 0, 153, 12, 12, 0, 160)
19 (1, 4, 200, 0, 0, 80, 0, 92, 9, 10, 0, 69)
20 (1, 4, 315, 0, 0, 0, 0, 48, 7, 9, 0, 88)
21 (1, 4, 531, 13, 0, 0, 16, 0, 6, 7, 0, 140)
22 (1, 4, 338, 0, 0, 7, 126, 0, 6, 7, 0, 75)
23 (1, 4, 157, 55, 0, 18, 180, 0, 5, 6, 0, 106)
24 (1, 4, 0, 288, 549, 0, 116, 0, 5, 5, 0, 139)
25 (1, 4, 0, 413, 873, 0, 0, 16, 0, 1, 0, 85)
26 (1, 4, 0, 358, 735, 0, 0, 71, 0, 1, 0, 198)
27 (1, 4, 340, 212, 588, 0, 0, 97, 0, 1, 0, 231)
28 (1, 4, 165, 78, 189, 9, 0, 73, 1, 1, 0, 133)
29 (1, 4, 0, 69, 0, 14, 0, 67, 1, 1, 0, 2)
30 (1, 4, 0, 201, 0, 0, 0, 62, 1, 1, 0, 167)
31 (1, 4, 0, 251, 0, 0, 0, 67, 1, 1, 0, 30)
32 (1, 4, 0, 278, 3, 0, 0, 59, 1, 1, 0, 1)
1 (1, 4, 44, 33, 49, 0, 0, 26, 1, 1, 0, 26)
2 (1, 4, 20, 24, 32, 0, 0, 29, 1, 1, 0, 16)
3 (1, 4, 0, 0, 0, 0, 0, 30, 1, 1, 0, 130)
4 (1, 4, 0, 0, 0, 0, 0, 26, 1, 1, 0, 247)
5 (1, 4, 0, 0, 0, 0, 0, 41, 1, 1, 0, 227)
6 (1, 4, 128, 0, 0, 0, 0, 62, 4, 3, 0, 13)
7 (1, 4, 0, 0, 0, 0, 0, 57, 7, 6, 0, 109)
8 (1, 4, 0, 0, 0, 0, 0, 28, 8, 7, 0, 61)
9 (1, 4, 339, 82, 0, 0, 0, 36, 8, 8, 0, 20)
10 (1, 4, 252, 0, 0, 0, 128, 0, 7, 8, 0, 193)
11 (1, 4, 138, 23, 0, 0, 310, 0, 7, 8, 0, 150)
12 (1, 4, 0, 353, 834, 0, 57, 12, 7, 8, 0, 139)
13 (1, 4, 0, 172, 476, 0, 0, 143, 9, 9, 0, 44)
14 (1, 4, 0, 0, 0, 73, 0, 86, 8, 8, 0, 94)
15 (1, 4, 111, 0, 0, 0, 0, 2, 6, 7, 0, 142)
16 (1, 4, 101, 0, 0, 0, 292, 0, 20, 20, 0, 79)
17 (1, 4, 0, 321, 871, 0, 0, 120, 8, 9, 0, 84)
18 (1, 4, 0, 0, 0, 222, 0, 178, 9, 9, 0, 75)
19 (1, 4, 30, 0, 0, 89, 0, 62, 6, 7, 0, 6)
20 (1, 4, 549, 278, 0, 0, 0, 5, 5, 6, 0, 130)
21 (1, 4, 818, 14, 0, 0, 275, 0, 7, 9, 0, 73)
22 (1, 4, 0, 127, 400, 0, 295, 0, 2, 4, 0, 37)
23 (1, 4, 0, 276, 873, 0, 0, 61, 0, 1, 0, 179)
24 (1, 4, 0, 207, 636, 0, 0, 43, 0, 0, 0, 66)
25 (1, 4, 212, 249, 658, 0, 0, 94, 0, 0, 0, 182)
26 (1, 4, 506, 223, 467, 0, 0, 103, 1, 1, 0, 148)
27 (1, 4, 62, 0, 101, 25, 0, 85, 1, 1, 0, 231)
28 (1, 4, 0, 54, 1, 27, 0, 96, 1, 1, 0, 61)
29 (1, 4, 55, 156, 77, 10, 0, 129, 1, 1, 0, 109)
30 (1, 4, 1, 68, 61, 5, 0, 138, 1, 1, 0, 109)
31 (1, 4, 10, 50, 25, 3, 0, 126, 1, 1, 0, 178)
32 (1, 4, 0, 22, 0, 3, 0, 105, 1, 1, 0, 81)
1 (1, 4, 0, 0, 0, 0, 0, 46, 6, 6, 0, 207)
2 (1, 4, 121, 44, 0, 0, 0, 42, 5, 6, 0, 103)
3 (1, 4, 353, 56, 0, 0, 0, 14, 5, 5, 0, 39)
4 (1, 4, 140, 0, 0, 0, 129, 0, 5, 6, 0, 254)
5 (1, 4, 13, 0, 197, 0, 195, 0, 9, 8, 0, 119)
6 (1, 4, 0, 196, 731, 0, 32, 7, 5, 7, 0, 11)
7 (1, 4, 0, 0, 583, 0, 0, 151, 5, 6, 0, 0)
8 (1, 4, 0, 0, 0, 403, 0, 60, 7, 7, 0, 191)
9 (1, 4, 23, 9, 0, 187, 0, 66, 5, 6, 0, 180)
10 (1, 4, 0, 0, 0, 44, 0, 47, 4, 5, 0, 4)
11 (1, 4, 136, 182, 0, 0, 0, 11, 3, 4, 0, 143)
12 (1, 4, 283, 129, 0, 0, 62, 0, 3, 4, 0, 31)
13 (1, 4, 127, 31, 0, 17, 147, 0, 3, 4, 0, 133)
14 (1, 4, 111, 143, 0, 20, 133, 36, 3, 3, 0, 48)
15 (1, 4, 0, 148, 388, 0, 169, 5, 3, 3, 0, 6)
16 (1, 4, 0, 300, 873, 0, 0, 0, 1, 2, 0, 78)
17 (1, 4, 247, 205, 626, 9, 0, 120, 0, 1, 0, 15)
18 (1, 4, 248, 0, 87, 56, 0, 55, 0, 0, 0, 83)
19 (1, 4, 0, 42, 0, 64, 26, 69, 0, 1, 0, 133)
20 (1, 4, 40, 167, 118, 43, 0, 121, 0, 1, 0, 90)
21 (1, 4, 50, 73, 108, 48, 0, 120, 0, 1, 0, 143)
22 (1, 4, 0, 71, 71, 48, 0, 128, 0, 1, 0, 30)
23 (1, 4, 13, 30, 49, 47, 0, 136, 1, 1, 0, 109)
24 (1, 4, 4, 0, 19, 50, 0, 115, 1, 1, 0, 250)
25 (1, 4, 0, 20, 10, 47, 0, 100, 1, 1, 0, 130)
26 (1, 4, 0, 30, 0, 44, 0, 68, 1, 1, 0, 79)
27 (1, 4, 0, 140, 0, 29, 0, 55, 1, 1, 0, 18)
28 (1, 4, 0, 253, 0, 22, 0, 53, 1, 1, 0, 231)
29 (1, 4, 0, 339, 0, 0, 0, 56, 1, 1, 0, 48)
30 (1, 4, 0, 262, 0, 0, 0, 72, 1, 1, 0, 138)
31 (1, 4, 0, 154, 0, 0, 0, 107, 1, 1, 0, 161)
32 (1, 4, 0, 18, 0, 6, 0, 118, 1, 1, 0, 194)
1 (1, 4, 0, 0, 0, 0, 0, 40, 1, 1, 0, 60)
2 (1, 4, 0, 0, 0, 0, 0, 49, 1, 1, 0, 218)
3 (1, 4, 0, 0, 0, 0, 0, 51, 1, 2, 0, 222)
4 (1, 4, 0, 0, 0, 0, 0, 58, 3, 2, 0, 47)
5 (1, 4, 68, 0, 0, 0, 0, 66, 4, 3, 0, 1)
6 (1, 4, 23, 0, 0, 0, 0, 70, 4, 4, 0, 25)
7 (1, 4, 61, 0, 0, 0, 0, 52, 5, 5, 0, 53)
8 (1, 4, 16, 0, 0, 3, 0, 15, 6, 6, 0, 112)
9 (1, 4, 307, 0, 0, 0, 0, 10, 6, 6, 0, 44)
10 (1, 4, 440, 0, 0, 0, 29, 0, 5, 6, 0, 112)
11 (1, 4, 138, 0, 0, 0, 141, 0, 5, 6, 0, 248)
12 (1, 4, 0, 0, 136, 0, 119, 0, 5, 6, 0, 89)
13 (1, 4, 0, 123, 421, 0, 8, 27, 6, 7, 0, 110)
14 (1, 4, 0, 133, 337, 125, 0, 125, 5, 6, 0, 234)
15 (1, 4, 0, 0, 0, 368, 0, 190, 5, 5, 0, 46)
16 (1, 4, 231, 37, 0, 159, 0, 141, 4, 5, 0, 216)
17 (1, 4, 288, 0, 0, 56, 0, 62, 5, 5, 0, 36)
18 (1, 4, 194, 0, 0, 4, 76, 10, 5, 5, 0, 196)
19 (1, 4, 29, 0, 0, 0, 161, 0, 5, 5, 0, 181)
20 (1, 4, 0, 30, 286, 0, 91, 2, 4, 4, 0, 188)
21 (1, 4, 0, 321, 696, 0, 41, 0, 1, 2, 0, 218)
22 (1, 4, 0, 598, 873, 0, 0, 64, 0, 1, 0, 2)
23 (1, 4, 64, 220, 474, 0, 0, 128, 0, 1, 0, 39)
24 (1, 4, 80, 0, 0, 31, 0, 80, 0, 0, 0, 211)
25 (1, 4, 0, 0, 0, 31, 0, 74, 1, 1, 0, 51)
26 (1, 4, 0, 0, 0, 25, 0, 60, 1, 1, 0, 138)
27 (1, 4, 0, 0, 0, 26, 0, 64, 2, 2, 0, 24)
28 (1, 4, 0, 0, 0, 52, 36, 63, 2, 2, 0, 107)
29 (1, 4, 98, 0, 59, 62, 62, 89, 2, 2, 0, 231)
30 (1, 4, 114, 0, 385, 112, 100, 70, 2, 3, 0, 59)
31 (1, 4, 0, 58, 679, 91, 0, 90, 2, 2, 0, 127)
32 (1, 4, 0, 0, 413, 87, 0, 62, 1, 2, 0, 68)
1 (1, 4, 0, 0, 0, 0, 56, 0, 7, 10, 0, 153)
2 (1, 4, 0, 0, 175, 0, 142, 0, 5, 6, 0, 92)
3 (1, 4, 0, 308, 873, 0, 94, 0, 5, 6, 0, 247)
4 (1, 4, 0, 19, 306, 62, 0, 155, 5, 5, 0, 104)
5 (1, 4, 142, 56, 0, 105, 0, 154, 8, 8, 0, 182)
6 (1, 4, 220, 0, 0, 0, 22, 0, 6, 8, 0, 196)
7 (1, 4, 73, 0, 0, 0, 241, 0, 11, 12, 0, 19)
8 (1, 4, 0, 216, 873, 0, 157, 0, 5, 7, 0, 245)
9 (1, 4, 0, 0, 475, 57, 0, 81, 5, 5, 0, 204)
10 (1, 4, 0, 0, 0, 297, 0, 130, 6, 6, 0, 29)
11 (1, 4, 202, 20, 0, 85, 0, 53, 5, 6, 0, 60)
12 (1, 4, 402, 113, 0, 0, 0, 10, 4, 5, 0, 28)
13 (1, 4, 440, 55, 0, 0, 0, 0, 5, 6, 0, 15)
14 (1, 4, 228, 4, 0, 0, 161, 0, 5, 6, 0, 23)
15 (1, 4, 194, 241, 0, 0, 278, 0, 4, 5, 0, 162)
16 (1, 4, 0, 386, 671, 0, 132, 2, 1, 2, 0, 64)
17 (1, 4, 0, 427, 873, 0, 0, 36, 0, 1, 0, 70)
18 (1, 4, 309, 286, 854, 0, 0, 137, 0, 1, 0, 43)
19 (1, 4, 0, 0, 61, 72, 0, 43, 0, 0, 0, 137)
20 (1, 4, 0, 0, 0, 66, 0, 86, 1, 1, 0, 198)
21 (1, 4, 275, 210, 0, 39, 9, 94, 1, 1, 0, 181)
22 (1, 4, 76, 178, 64, 50, 0, 115, 1, 1, 0, 243)
23 (1, 4, 50, 140, 51, 40, 0, 136, 1, 1, 0, 111)
24 (1, 4, 86, 101, 48, 36, 0, 140, 1, 1, 0, 21)
25 (1, 4, 37, 47, 44, 30, 0, 133, 1, 1, 0, 132)
26 (1, 4, 62, 37, 46, 34, 0, 131, 1, 1, 0, 161)
27 (1, 4, 98, 50, 68, 29, 0, 126, 1, 1, 0, 51)
28 (1, 4, 12, 17, 25, 25, 0, 126, 1, 1, 0, 189)
29 (1, 4, 21, 15, 25, 29, 0, 121, 1, 1, 0, 41)
30 (1, 4, 8, 10, 21, 26, 0, 122, 1, 1, 0, 57)
31 (1, 4, 6, 17, 28, 32, 0, 116, 1, 1, 0, 177)
32 (1, 4, 0, 16, 11, 36, 0, 107, 1, 1, 0, 236)
1 (1, 4, 0, 1, 0, 18, 0, 129, 1, 1, 0, 94)
2 (1, 4, 0, 0, 0, 19, 0, 129, 2, 2, 0, 239)
3 (1, 4, 0, 0, 0, 14, 0, 130, 2, 2, 0, 229)
4 (1, 4, 0, 0, 0, 3, 0, 124, 4, 3, 0, 197)
5 (1, 4, 0, 0, 0, 18, 0, 114, 4, 4, 0, 29)
6 (1, 4, 17, 0, 0, 11, 11, 100, 4, 4, 0, 182)
7 (1, 4, 0, 0, 0, 8, 27, 63, 4, 5, 0, 141)
8 (1, 4, 0, 0, 0, 0, 0, 23, 5, 6, 0, 46)
9 (1, 4, 0, 0, 61, 8, 23, 0, 6, 6, 0, 170)
10 (1, 4, 0, 0, 226, 49, 40, 0, 6, 6, 0, 94)
11 (1, 4, 135, 625, 707, 147, 63, 104, 5, 6, 0, 214)
12 (1, 4, 0, 631, 829, 0, 0, 269, 4, 5, 0, 167)
13 (1, 4, 184, 0, 77, 92, 0, 165, 4, 4, 0, 178)
14 (1, 4, 0, 0, 0, 0, 0, 50, 5, 5, 0, 152)
15 (1, 4, 77, 0, 0, 0, 0, 2, 4, 5, 0, 71)
16 (1, 4, 83, 0, 0, 0, 271, 0, 9, 9, 0, 254)
17 (1, 4, 0, 171, 873, 0, 102, 0, 5, 5, 0, 55)
18 (1, 4, 0, 97, 434, 13, 0, 76, 5, 5, 0, 228)
19 (1, 4, 0, 0, 0, 247, 0, 45, 6, 6, 0, 146)
20 (1, 4, 0, 95, 0, 81, 0, 0, 5, 6, 0, 128)
21 (1, 4, 53, 314, 0, 0, 0, 0, 5, 6, 0, 103)
22 (1, 4, 0, 323, 0, 0, 15, 0, 6, 7, 0, 52)
23 (1, 4, 0, 34, 0, 0, 141, 46, 8, 9, 0, 26)
24 (1, 4, 0, 0, 0, 14, 195, 100, 11, 11, 0, 163)
25 (1, 4, 278, 0, 0, 44, 231, 86, 9, 11, 0, 83)
26 (1, 4, 169, 214, 420, 0, 277, 0, 7, 8, 0, 254)
27 (1, 4, 0, 221, 873, 0, 0, 0, 1, 2, 0, 63)
28 (1, 4, 0, 342, 873, 0, 0, 0, 0, 1, 0, 111)
29 (1, 4, 405, 624, 873, 48, 0, 49, 0, 1, 0, 64)
30 (1, 4, 39, 247, 0, 17, 0, 99, 0, 1, 0, 177)
31 (1, 4, 0, 37, 0, 0, 43, 125, 1, 1, 0, 234)
32 (1, 4, 0, 0, 27, 2, 0, 146, 1, 1, 0, 209)
1 (1, 4, 0, 0, 0, 0, 0, 30, 1, 1, 0, 130)
2 (1, 4, 0, 0, 0, 0, 0, 34, 1, 1, 0, 111)
3 (1, 4, 3, 0, 0, 0, 0, 53, 1, 1, 0, 189)
4 (1, 4, 0, 0, 0, 0, 0, 77, 1, 1, 0, 114)
5 (1, 4, 0, 0, 0, 0, 0, 46, 4, 3, 0, 203)
6 (1, 4, 327, 0, 0, 0, 0, 19, 5, 4, 0, 44)
7 (1, 4, 490, 0, 0, 0, 0, 0, 5, 5, 0, 102)
8 (1, 4, 310, 0, 0, 0, 65, 0, 6, 6, 0, 42)
9 (1, 4, 362, 0, 96, 0, 282, 0, 7, 8, 0, 134)
10 (1, 4, 0, 194, 873, 0, 126, 0, 6, 7, 0, 68)
11 (1, 4, 0, 117, 873, 0, 0, 44, 5, 6, 0, 85)
12 (1, 4, 143, 108, 149, 267, 0, 100, 6, 6, 0, 75)
13 (1, 4, 0, 46, 0, 73, 0, 40, 6, 6, 0, 247)
14 (1, 4, 98, 266, 0, 0, 0, 0, 5, 6, 0, 135)
15 (1, 4, 198, 292, 0, 0, 180, 0, 9, 11, 0, 243)
16 (1, 4, 0, 150, 366, 0, 374, 0, 5, 7, 0, 87)
17 (1, 4, 0, 0, 754, 0, 0, 62, 5, 6, 0, 164)
18 (1, 4, 0, 0, 308, 364, 0, 30, 9, 8, 0, 243)
19 (1, 4, 26, 43, 0, 253, 0, 26, 7, 7, 0, 25)
20 (1, 4, 250, 386, 0, 7, 0, 0, 6, 6, 0, 75)
21 (1, 4, 613, 568, 0, 0, 0, 0, 5, 6, 0, 79)
22 (1, 4, 468, 367, 0, 0, 37, 0, 5, 5, 0, 151)
23 (1, 4, 588, 304, 0, 0, 154, 16, 4, 5, 0, 227)
24 (1, 4, 344, 136, 0, 0, 262, 0, 8, 9, 0, 246)
25 (1, 4, 0, 355, 760, 0, 137, 0, 2, 3, 0, 122)
26 (1, 4, 0, 446, 873, 0, 0, 0, 0, 1, 0, 156)
27 (1, 4, 194, 492, 873, 0, 0, 104, 0, 0, 0, 246)
28 (1, 4, 256, 271, 741, 51, 0, 86, 0, 0, 0, 201)
29 (1, 4, 0, 0, 0, 85, 0, 104, 0, 0, 0, 49)
30 (1, 4, 115, 93, 0, 45, 0, 124, 0, 0, 0, 38)
31 (1, 4, 26, 35, 24, 48, 0, 135, 0, 0, 0, 172)
32 (1, 4, 12, 0, 0, 54, 0, 127, 0, 0, 0, 164)
1 (1, 4, 0, 0, 63, 22, 25, 31, 5, 6, 0, 148)
2 (1, 4, 0, 0, 167, 20, 16, 25, 5, 6, 0, 236)
3 (1, 4, 0, 0, 305, 29, 29, 0, 5, 6, 0, 20)
4 (1, 4, 0, 3, 655, 49, 0, 32, 5, 6, 0, 132)
5 (1, 4, 0, 240, 873, 0, 2, 58, 4, 5, 0, 9)
6 (1, 4, 0, 47, 729, 0, 0, 159, 4, 4, 0, 110)
7 (1, 4, 50, 1, 0, 70, 0, 66, 4, 4, 0, 191)
8 (1, 4, 64, 0, 0, 0, 0, 38, 4, 4, 0, 190)
9 (1, 4, 229, 40, 0, 0, 0, 26, 4, 4, 0, 198)
10 (1, 4, 283, 0, 0, 0, 37, 0, 4, 4, 0, 77)
11 (1, 4, 24, 0, 0, 0, 115, 0, 4, 4, 0, 211)
12 (1, 4, 0, 0, 51, 0, 124, 0, 4, 4, 0, 208)
13 (1, 4, 0, 288, 767, 0, 41, 15, 6, 6, 0, 75)
14 (1, 4, 0, 174, 501, 0, 0, 132, 4, 5, 0, 21)
15 (1, 4, 0, 0, 0, 225, 0, 166, 6, 6, 0, 33)
16 (1, 4, 261, 0, 0, 114, 0, 127, 6, 6, 0, 71)
17 (1, 4, 499, 45, 0, 24, 0, 80, 4, 5, 0, 29)
18 (1, 4, 724, 101, 0, 19, 0, 77, 4, 4, 0, 231)
19 (1, 4, 753, 26, 0, 51, 77, 49, 3, 4, 0, 174)
20 (1, 4, 427, 0, 0, 73, 112, 37, 3, 4, 0, 106)
21 (1, 4, 368, 140, 134, 58, 123, 5, 3, 4, 0, 157)
22 (1, 4, 129, 508, 635, 0, 72, 0, 2, 3, 0, 173)
23 (1, 4, 0, 781, 873, 0, 0, 31, 0, 1, 0, 1)
24 (1, 4, 380, 440, 761, 0, 0, 160, 0, 0, 0, 92)
25 (1, 4, 16, 0, 88, 76, 0, 117, 0, 0, 0, 106)
26 (1, 4, 0, 0, 0, 47, 0, 107, 0, 0, 0, 90)
27 (1, 4, 44, 0, 0, 50, 14, 117, 0, 0, 0, 156)
28 (1, 4, 92, 25, 8, 59, 5, 112, 0, 0, 0, 238)
29 (1, 4, 55, 56, 14, 53, 0, 117, 0, 0, 0, 78)
30 (1, 4, 4, 28, 0, 45, 0, 125, 0, 0, 0, 75)
31 (1, 4, 0, 0, 0, 50, 2, 119, 0, 0, 0, 136)
32 (1, 4, 10, 5, 0, 56, 0, 114, 0, 0, 0, 21)
1 (1, 4, 0, 0, 0, 32, 0, 135, 0, 0, 0, 14)
2 (1, 4, 0, 0, 0, 30, 0, 136, 1, 1, 0, 90)
3 (1, 4, 0, 0, 0, 35, 0, 123, 2, 1, 0, 162)
4 (1, 4, 0, 0, 0, 32, 0, 118, 3, 2, 0, 28)
5 (1, 4, 0, 0, 0, 40, 0, 103, 4, 4, 0, 188)
6 (1, 4, 0, 0, 0, 34, 0, 97, 5, 5, 0, 191)
7 (1, 4, 0, 0, 0, 33, 3, 85, 5, 5, 0, 18)
8 (1, 4, 0, 0, 0, 8, 23, 71, 4, 5, 0, 114)
9 (1, 4, 0, 0, 0, 14, 50, 57, 4, 4, 0, 221)
10 (1, 4, 0, 0, 0, 31, 75, 53, 4, 4, 0, 128)
11 (1, 4, 0, 0, 158, 14, 127, 9, 5, 5, 0, 164)
12 (1, 4, 0, 0, 644, 0, 46, 53, 4, 4, 0, 74)
13 (1, 4, 0, 152, 873, 0, 0, 85, 4, 4, 0, 127)
14 (1, 4, 0, 14, 549, 54, 0, 150, 4, 4, 0, 25)
15 (1, 4, 0, 10, 0, 89, 0, 121, 4, 4, 0, 67)
16 (1, 4, 0, 0, 0, 33, 0, 63, 3, 4, 0, 14)
17 (1, 4, 113, 43, 0, 0, 0, 19, 3, 4, 0, 207)
18 (1, 4, 24, 0, 0, 0, 110, 1, 3, 4, 0, 251)
19 (1, 4, 0, 0, 113, 0, 136, 1, 4, 4, 0, 158)
20 (1, 4, 0, 327, 873, 0, 0, 24, 3, 4, 0, 228)
21 (1, 4, 0, 0, 290, 87, 0, 69, 3, 4, 0, 111)
22 (1, 4, 0, 0, 0, 195, 0, 70, 4, 4, 0, 138)
23 (1, 4, 13, 19, 0, 143, 0, 72, 4, 4, 0, 2)
24 (1, 4, 168, 143, 0, 102, 0, 67, 3, 4, 0, 60)
25 (1, 4, 360, 116, 0, 58, 0, 63, 3, 4, 0, 230)
26 (1, 4, 376, 54, 0, 103, 0, 56, 4, 4, 0, 107)
27 (1, 4, 558, 156, 0, 68, 95, 40, 4, 4, 0, 16)
28 (1, 4, 213, 166, 197, 26, 110, 18, 3, 4, 0, 17)
29 (1, 4, 0, 227, 738, 0, 0, 0, 2, 2, 0, 149)
30 (1, 4, 0, 304, 786, 0, 0, 95, 0, 0, 0, 224)
31 (1, 4, 544, 104, 409, 35, 0, 76, 0, 0, 0, 166)
32 (1, 4, 0, 0, 0, 56, 0, 82, 0, 0, 0, 183)
1 (1, 4, 0, 0, 0, 0, 0, 84, 4, 5, 0, 210)
2 (1, 4, 0, 0, 0, 0, 45, 35, 4, 5, 0, 160)
3 (1, 4, 0, 0, 0, 22, 70, 1, 4, 5, 0, 80)
4 (1, 4, 0, 0, 0, 30, 84, 11, 4, 5, 0, 140)
5 (1, 4, 0, 0, 502, 0, 63, 37, 5, 5, 0, 222)
6 (1, 4, 0, 28, 742, 0, 0, 132, 5, 5, 0, 155)
7 (1, 4, 0, 0, 610, 70, 0, 125, 5, 5, 0, 35)
8 (1, 4, 0, 0, 0, 119, 0, 68, 5, 5, 0, 245)
9 (1, 4, 0, 0, 0, 38, 0, 57, 4, 5, 0, 221)
10 (1, 4, 83, 0, 0, 0, 0, 47, 4, 4, 0, 121)
11 (1, 4, 214, 13, 0, 0, 154, 26, 7, 7, 0, 199)
12 (1, 4, 219, 0, 493, 0, 200, 0, 5, 6, 0, 192)
13 (1, 4, 0, 50, 761, 0, 0, 73, 4, 5, 0, 150)
14 (1, 4, 0, 0, 31, 243, 0, 68, 5, 5, 0, 2)
15 (1, 4, 85, 0, 0, 133, 0, 57, 7, 7, 0, 151)
16 (1, 4, 171, 27, 0, 72, 0, 8, 6, 7, 0, 94)
17 (1, 4, 448, 303, 0, 0, 0, 0, 5, 5, 0, 91)
18 (1, 4, 275, 248, 0, 0, 0, 0, 5, 6, 0, 140)
19 (1, 4, 104, 245, 0, 0, 24, 0, 6, 6, 0, 124)
20 (1, 4, 119, 348, 0, 0, 75, 6, 5, 6, 0, 152)
21 (1, 4, 128, 219, 0, 0, 153, 23, 6, 6, 0, 28)
22 (1, 4, 196, 99, 0, 0, 170, 48, 5, 6, 0, 171)
23 (1, 4, 297, 164, 380, 0, 261, 0, 6, 6, 0, 166)
24 (1, 4, 0, 98, 873, 0, 157, 0, 5, 5, 0, 95)
25 (1, 4, 0, 28, 873, 0, 0, 0, 1, 2, 0, 8)
26 (1, 4, 0, 0, 873, 0, 0, 7, 0, 0, 0, 167)
27 (1, 4, 183, 1, 683, 63, 0, 10, 0, 0, 0, 137)
28 (1, 4, 0, 0, 0, 99, 0, 49, 0, 0, 0, 206)
29 (1, 4, 275, 141, 248, 87, 0, 56, 0, 0, 0, 131)
30 (1, 4, 0, 39, 73, 83, 0, 75, 0, 0, 0, 167)
31 (1, 4, 66, 28, 0, 90, 0, 63, 0, 0, 0, 140)
32 (1, 4, 103, 98, 0, 71, 0, 61, 0, 0, 0, 140)
1 (1, 4, 0, 0, 0, 50, 33, 93, 5, 5, 0, 209)
2 (1, 4, 0, 0, 41, 46, 89, 45, 5, 5, 0, 16)
3 (1, 4, 0, 0, 331, 40, 63, 49, 5, 5, 0, 111)
4 (1, 4, 0, 0, 555, 6, 35, 39, 5, 5, 0, 102)
5 (1, 4, 0, 73, 791, 0, 0, 53, 4, 5, 0, 17)
6 (1, 4, 120, 177, 586, 37, 0, 109, 4, 4, 0, 111)
7 (1, 4, 0, 103, 0, 73, 0, 132, 5, 5, 0, 221)
8 (1, 4, 0, 0, 0, 32, 0, 70, 4, 4, 0, 58)
9 (1, 4, 158, 0, 0, 0, 0, 34, 4, 4, 0, 227)
10 (1, 4, 308, 0, 0, 0, 26, 0, 4, 5, 0, 154)
11 (1, 4, 0, 0, 0, 0, 188, 0, 4, 5, 0, 175)
12 (1, 4, 0, 104, 538, 0, 121, 0, 4, 5, 0, 191)
13 (1, 4, 0, 277, 813, 0, 0, 48, 4, 4, 0, 172)
14 (1, 4, 0, 0, 294, 80, 0, 12, 4, 4, 0, 53)
15 (1, 4, 0, 0, 0, 138, 0, 27, 4, 4, 0, 110)
16 (1, 4, 78, 56, 0, 119, 0, 53, 4, 4, 0, 217)
17 (1, 4, 344, 196, 0, 102, 0, 59, 4, 4, 0, 153)
18 (1, 4, 389, 188, 0, 112, 0, 72, 4, 4, 0, 212)
19 (1, 4, 530, 118, 0, 111, 17, 58, 4, 4, 0, 113)
20 (1, 4, 334, 13, 0, 75, 50, 63, 4, 4, 0, 164)
21 (1, 4, 215, 93, 238, 4, 72, 7, 3, 4, 0, 150)
22 (1, 4, 0, 273, 851, 0, 0, 17, 0, 1, 0, 240)
23 (1, 4, 160, 194, 762, 0, 0, 103, 0, 0, 0, 22)
24 (1, 4, 318, 159, 288, 54, 0, 39, 0, 0, 0, 147)
25 (1, 4, 151, 2, 0, 25, 0, 96, 0, 0, 0, 56)
26 (1, 4, 133, 0, 0, 27, 0, 108, 0, 0, 0, 8)
27 (1, 4, 22, 0, 15, 36, 0, 113, 0, 0, 0, 158)
28 (1, 4, 48, 3, 54, 36, 0, 117, 0, 0, 0, 121)
29 (1, 4, 0, 0, 0, 39, 0, 112, 0, 0, 0, 253)
30 (1, 4, 0, 8, 0, 40, 0, 118, 0, 0, 0, 39)
31 (1, 4, 51, 9, 0, 38, 0, 113, 0, 0, 0, 14)
32 (1, 4, 10, 8, 0, 41, 0, 116, 0, 0, 0, 237)
1 (1, 4, 0, 0, 0, 29, 0, 78, 2, 1, 0, 222)
2 (1, 4, 0, 0, 0, 0, 0, 67, 3, 3, 0, 70)
3 (1, 4, 0, 0, 0, 0, 0, 55, 4, 4, 0, 59)
4 (1, 4, 0, 0, 0, 0, 8, 42, 4, 4, 0, 105)
5 (1, 4, 0, 0, 0, 22, 85, 5, 5, 5, 0, 73)
6 (1, 4, 0, 0, 155, 24, 90, 41, 8, 9, 0, 227)
7 (1, 4, 14, 140, 860, 0, 84, 51, 7, 8, 0, 211)
8 (1, 4, 0, 0, 873, 0, 0, 94, 6, 7, 0, 89)
9 (1, 4, 717, 172, 601, 159, 0, 61, 5, 5, 0, 252)
10 (1, 4, 0, 0, 0, 36, 0, 68, 4, 4, 0, 255)
11 (1, 4, 0, 0, 0, 9, 0, 16, 4, 4, 0, 110)
12 (1, 4, 260, 33, 0, 0, 0, 7, 4, 4, 0, 4)
13 (1, 4, 179, 0, 0, 0, 110, 0, 4, 5, 0, 214)
14 (1, 4, 15, 0, 67, 0, 215, 26, 14, 12, 0, 143)
15 (1, 4, 0, 367, 873, 0, 53, 13, 7, 8, 0, 139)
16 (1, 4, 1, 0, 334, 13, 0, 35, 6, 6, 0, 113)
17 (1, 4, 0, 0, 0, 180, 0, 51, 6, 6, 0, 147)
18 (1, 4, 156, 71, 0, 71, 0, 54, 6, 6, 0, 66)
19 (1, 4, 330, 132, 0, 16, 0, 59, 5, 6, 0, 219)
20 (1, 4, 566, 175, 0, 0, 0, 31, 5, 5, 0, 12)
21 (1, 4, 458, 0, 0, 0, 87, 0, 5, 5, 0, 86)
22 (1, 4, 203, 0, 0, 0, 163, 0, 5, 6, 0, 162)
23 (1, 4, 36, 167, 15, 0, 212, 0, 4, 5, 0, 30)
24 (1, 4, 0, 308, 606, 0, 115, 6, 3, 4, 0, 201)
25 (1, 4, 0, 287, 873, 0, 0, 18, 1, 2, 0, 95)
26 (1, 4, 0, 344, 873, 0, 0, 75, 0, 1, 0, 162)
27 (1, 4, 421, 353, 873, 0, 0, 93, 0, 0, 0, 149)
28 (1, 4, 416, 253, 427, 31, 0, 131, 0, 0, 0, 184)
29 (1, 4, 0, 46, 0, 24, 0, 131, 0, 0, 0, 91)
30 (1, 4, 0, 0, 0, 21, 0, 148, 0, 0, 0, 198)
31 (1, 4, 0, 0, 1, 27, 0, 132, 0, 0, 0, 59)
32 (1, 4, 0, 0, 0, 28, 0, 119, 0, 0, 0, 41)
1 (1, 4, 0, 0, 0, 0, 0, 51, 4, 3, 0, 88)
2 (1, 4, 0, 0, 0, 4, 42, 48, 5, 4, 0, 8)
3 (1, 4, 0, 0, 0, 14, 61, 56, 5, 5, 0, 162)
4 (1, 4, 0, 0, 0, 41, 93, 58, 5, 5, 0, 184)
5 (1, 4, 0, 0, 67, 86, 107, 64, 5, 5, 0, 107)
6 (1, 4, 0, 0, 256, 41, 117, 55, 5, 5, 0, 105)
7 (1, 4, 0, 0, 545, 0, 53, 0, 5, 5, 0, 145)
8 (1, 4, 0, 0, 786, 0, 0, 23, 5, 5, 0, 36)
9 (1, 4, 0, 383, 873, 0, 0, 37, 5, 5, 0, 230)
10 (1, 4, 351, 240, 431, 0, 0, 134, 6, 5, 0, 168)
11 (1, 4, 0, 0, 0, 5, 0, 159, 9, 8, 0, 151)
12 (1, 4, 0, 0, 0, 6, 0, 48, 5, 5, 0, 99)
13 (1, 4, 141, 0, 0, 0, 0, 17, 4, 5, 0, 110)
14 (1, 4, 332, 18, 0, 0, 178, 0, 5, 5, 0, 210)
15 (1, 4, 193, 37, 526, 0, 228, 0, 5, 5, 0, 219)
16 (1, 4, 0, 381, 873, 0, 0, 54, 4, 4, 0, 55)
17 (1, 4, 98, 0, 200, 304, 0, 141, 5, 4, 0, 96)
18 (1, 4, 214, 0, 0, 218, 0, 122, 5, 4, 0, 77)
19 (1, 4, 257, 0, 0, 54, 0, 41, 4, 4, 0, 158)
20 (1, 4, 404, 140, 0, 0, 0, 0, 4, 4, 0, 253)
21 (1, 4, 472, 165, 0, 0, 0, 0, 4, 4, 0, 248)
22 (1, 4, 371, 62, 0, 0, 102, 0, 4, 4, 0, 69)
23 (1, 4, 337, 105, 0, 0, 184, 0, 4, 4, 0, 5)
24 (1, 4, 170, 227, 197, 0, 164, 21, 3, 4, 0, 54)
25 (1, 4, 0, 52, 463, 0, 122, 0, 3, 3, 0, 179)
26 (1, 4, 0, 0, 632, 0, 27, 0, 3, 3, 0, 214)
27 (1, 4, 242, 652, 873, 11, 0, 0, 1, 1, 0, 102)
28 (1, 4, 476, 873, 841, 0, 0, 69, 0, 0, 0, 252)
29 (1, 4, 115, 873, 550, 0, 16, 103, 0, 0, 0, 234)
30 (1, 4, 0, 492, 284, 0, 0, 199, 0, 0, 0, 174)
31 (1, 4, 214, 0, 0, 0, 0, 181, 0, 0, 0, 116)
32 (1, 4, 141, 0, 0, 0, 0, 118, 0, 0, 0, 214)

