1 (1, 4, 0, 454, 205, 39, 43, 95, 2, 3, 0, 55)
2 (1, 4, 0, 91, 473, 9, 22, 129, 1, 2, 0, 101)
3 (1, 4, 0, 0, 646, 0, 0, 75, 1, 1, 0, 132)
4 (1, 4, 690, 0, 873, 0, 0, 0, 1, 1, 0, 151)
5 (1, 4, 0, 0, 704, 0, 0, 20, 1, 1, 0, 97)
6 (1, 4, 0, 0, 420, 0, 0, 33, 1, 1, 0, 5)
7 (1, 4, 22, 65, 327, 0, 0, 17, 1, 1, 0, 202)
8 (1, 4, 0, 0, 366, 0, 0, 7, 1, 1, 0, 241)
9 (1, 4, 114, 92, 428, 0, 0, 29, 1, 1, 0, 109)
10 (1, 4, 260, 128, 163, 0, 0, 19, 1, 1, 0, 77)
11 (1, 4, 0, 0, 0, 0, 0, 22, 1, 1, 0, 104)
12 (1, 4, 0, 0, 0, 0, 0, 25, 1, 1, 0, 145)
13 (1, 4, 0, 0, 0, 0, 0, 21, 1, 1, 0, 14)
14 (1, 4, 0, 0, 0, 0, 0, 22, 1, 1, 0, 104)
15 (1, 4, 37, 15, 0, 0, 0, 23, 1, 1, 0, 247)
16 (1, 4, 65, 29, 0, 0, 0, 26, 1, 1, 0, 205)
17 (1, 4, 33, 11, 0, 0, 0, 26, 1, 1, 0, 85)
18 (1, 4, 13, 0, 0, 0, 0, 24, 1, 1, 0, 8)
19 (1, 4, 6, 0, 1, 0, 0, 23, 1, 1, 0, 7)
20 (1, 4, 9, 0, 7, 0, 0, 21, 1, 1, 0, 149)
21 (1, 4, 0, 3, 12, 0, 0, 19, 1, 1, 0, 248)
22 (1, 4, 1, 20, 18, 0, 0, 22, 1, 1, 0, 141)
23 (1, 4, 5, 20, 19, 0, 0, 22, 1, 1, 0, 33)
24 (1, 4, 7, 23, 11, 0, 0, 24, 1, 1, 0, 0)
25 (1, 4, 0, 9, 0, 0, 0, 35, 1, 1, 0, 182)
26 (1, 4, 0, 0, 0, 0, 0, 47, 2, 2, 0, 52)
27 (1, 4, 0, 0, 0, 0, 0, 25, 3, 3, 0, 131)
28 (1, 4, 0, 0, 0, 0, 0, 0, 4, 4, 0, 90)
29 (1, 4, 0, 152, 0, 0, 0, 0, 5, 4, 0, 235)
30 (1, 4, 0, 261, 0, 0, 0, 0, 7, 5, 0, 29)
31 (1, 4, 0, 308, 0, 5, 0, 0, 7, 6, 0, 213)
32 (1, 4, 17, 257, 0, 19, 0, 45, 9, 7, 0, 154)
1 (1, 4, 0, 220, 0, 0, 0, 0, 7, 4, 0, 118)
2 (1, 4, 0, 217, 0, 0, 0, 0, 6, 4, 0, 123)
3 (1, 4, 0, 345, 0, 1, 0, 0, 7, 5, 0, 137)
4 (1, 4, 0, 463, 0, 39, 0, 0, 7, 5, 0, 245)
5 (1, 4, 15, 490, 0, 68, 0, 10, 7, 6, 0, 241)
6 (1, 4, 82, 384, 0, 91, 4, 33, 7, 6, 0, 221)
7 (1, 4, 42, 278, 0, 127, 18, 39, 7, 6, 0, 25)
8 (1, 4, 82, 206, 0, 115, 48, 109, 7, 6, 0, 31)
9 (1, 4, 0, 0, 2, 64, 49, 127, 7, 6, 0, 239)
10 (1, 4, 137, 0, 32, 0, 0, 77, 5, 5, 0, 195)
11 (1, 4, 347, 0, 163, 0, 0, 0, 4, 4, 0, 231)
12 (1, 4, 503, 0, 266, 0, 0, 0, 4, 4, 0, 7)
13 (1, 4, 14, 0, 0, 45, 0, 0, 5, 5, 0, 117)
14 (1, 4, 43, 224, 123, 45, 0, 0, 4, 5, 0, 219)
15 (1, 4, 9, 152, 1, 33, 0, 0, 4, 5, 0, 254)
16 (1, 4, 0, 61, 19, 45, 0, 0, 5, 5, 0, 154)
17 (1, 4, 0, 7, 0, 54, 0, 0, 5, 5, 0, 13)
18 (1, 4, 5, 52, 0, 51, 0, 0, 5, 5, 0, 35)
19 (1, 4, 0, 98, 0, 44, 0, 0, 5, 5, 0, 18)
20 (1, 4, 60, 222, 0, 41, 0, 0, 4, 5, 0, 183)
21 (1, 4, 0, 311, 0, 33, 0, 0, 4, 4, 0, 232)
22 (1, 4, 0, 355, 0, 48, 0, 0, 3, 3, 0, 7)
23 (1, 4, 0, 347, 0, 71, 0, 0, 2, 3, 0, 227)
24 (1, 4, 0, 295, 0, 95, 0, 39, 2, 2, 0, 124)
25 (1, 4, 18, 192, 0, 101, 0, 47, 2, 2, 0, 21)
26 (1, 4, 0, 81, 0, 98, 0, 48, 2, 2, 0, 75)
27 (1, 4, 15, 24, 0, 101, 0, 31, 2, 2, 0, 145)
28 (1, 4, 17, 29, 9, 99, 0, 29, 2, 2, 0, 153)
29 (1, 4, 8, 0, 0, 98, 0, 21, 2, 2, 0, 103)
30 (1, 4, 0, 0, 0, 101, 0, 18, 2, 2, 0, 89)
31 (1, 4, 9, 0, 0, 99, 0, 15, 2, 2, 0, 246)
32 (1, 4, 0, 3, 0, 101, 0, 15, 2, 2, 0, 18)
1 (1, 4, 0, 739, 0, 58, 0, 33, 3, 4, 0, 128)
2 (1, 4, 0, 589, 0, 0, 0, 116, 3, 4, 0, 163)
3 (1, 4, 0, 397, 0, 0, 0, 197, 3, 4, 0, 46)
4 (1, 4, 45, 15, 0, 0, 3, 209, 3, 3, 0, 29)
5 (1, 4, 11, 0, 0, 23, 4, 139, 3, 4, 0, 94)
6 (1, 4, 0, 0, 0, 53, 0, 110, 4, 4, 0, 229)
7 (1, 4, 25, 0, 0, 50, 0, 117, 4, 4, 0, 121)
8 (1, 4, 20, 0, 0, 46, 0, 111, 4, 4, 0, 204)
9 (1, 4, 30, 0, 0, 43, 0, 121, 4, 4, 0, 220)
10 (1, 4, 160, 0, 0, 13, 0, 109, 4, 4, 0, 183)
11 (1, 4, 605, 0, 0, 0, 0, 0, 3, 4, 0, 88)
12 (1, 4, 468, 0, 0, 37, 0, 0, 4, 5, 0, 253)
13 (1, 4, 482, 0, 94, 0, 0, 0, 4, 4, 0, 86)
14 (1, 4, 119, 0, 42, 31, 0, 0, 4, 4, 0, 225)
15 (1, 4, 4, 0, 76, 33, 0, 0, 4, 4, 0, 141)
16 (1, 4, 8, 0, 18, 48, 0, 0, 4, 4, 0, 100)
17 (1, 4, 33, 4, 0, 44, 0, 0, 4, 4, 0, 36)
18 (1, 4, 0, 13, 0, 33, 0, 0, 4, 4, 0, 112)
19 (1, 4, 0, 25, 0, 33, 0, 0, 4, 4, 0, 203)
20 (1, 4, 0, 6, 0, 34, 0, 0, 4, 4, 0, 58)
21 (1, 4, 0, 20, 6, 36, 0, 0, 4, 4, 0, 5)
22 (1, 4, 0, 10, 0, 40, 0, 0, 4, 4, 0, 149)
23 (1, 4, 0, 8, 0, 38, 0, 0, 4, 4, 0, 66)
24 (1, 4, 2, 6, 0, 41, 0, 0, 4, 4, 0, 255)
25 (1, 4, 0, 13, 0, 34, 0, 0, 4, 4, 0, 81)
26 (1, 4, 9, 7, 0, 38, 0, 0, 4, 4, 0, 141)
27 (1, 4, 0, 6, 0, 36, 0, 0, 4, 4, 0, 120)
28 (1, 4, 0, 14, 0, 37, 0, 0, 4, 4, 0, 212)
29 (1, 4, 0, 2, 0, 40, 0, 0, 4, 4, 0, 38)
30 (1, 4, 0, 22, 2, 37, 0, 0, 4, 4, 0, 41)
31 (1, 4, 0, 67, 61, 59, 0, 0, 4, 4, 0, 49)
32 (1, 4, 0, 322, 0, 43, 0, 0, 3, 3, 0, 94)
1 (1, 4, 12, 0, 0, 0, 0, 169, 3, 3, 0, 51)
2 (1, 4, 19, 0, 0, 0, 0, 169, 5, 4, 0, 212)
3 (1, 4, 346, 0, 0, 0, 0, 177, 7, 6, 0, 10)
4 (1, 4, 547, 0, 0, 0, 0, 0, 6, 6, 0, 153)
5 (1, 4, 731, 0, 0, 0, 0, 0, 5, 5, 0, 73)
6 (1, 4, 90, 0, 0, 219, 39, 0, 20, 20, 0, 252)
7 (1, 4, 566, 722, 222, 0, 0, 0, 14, 13, 0, 65)
8 (1, 4, 0, 34, 0, 11, 0, 0, 7, 7, 0, 55)
9 (1, 4, 0, 0, 11, 49, 0, 0, 6, 6, 0, 78)
10 (1, 4, 25, 31, 0, 29, 0, 0, 6, 6, 0, 106)
11 (1, 4, 0, 58, 0, 32, 0, 0, 6, 5, 0, 97)
12 (1, 4, 0, 0, 0, 29, 0, 0, 5, 5, 0, 63)
13 (1, 4, 8, 0, 0, 30, 0, 0, 5, 5, 0, 110)
14 (1, 4, 12, 33, 0, 31, 0, 0, 5, 5, 0, 62)
15 (1, 4, 0, 28, 0, 28, 0, 0, 5, 5, 0, 40)
16 (1, 4, 0, 40, 0, 31, 0, 0, 5, 5, 0, 112)
17 (1, 4, 0, 5, 0, 33, 0, 0, 5, 5, 0, 202)
18 (1, 4, 13, 12, 0, 33, 0, 0, 5, 5, 0, 138)
19 (1, 4, 0, 6, 0, 31, 0, 0, 5, 5, 0, 182)
20 (1, 4, 0, 29, 0, 39, 0, 0, 5, 5, 0, 90)
21 (1, 4, 0, 64, 0, 44, 0, 0, 5, 5, 0, 189)
22 (1, 4, 0, 120, 0, 46, 0, 0, 5, 5, 0, 147)
23 (1, 4, 0, 222, 0, 57, 0, 0, 5, 5, 0, 77)
24 (1, 4, 0, 394, 0, 32, 0, 0, 4, 4, 0, 137)
25 (1, 4, 0, 461, 0, 16, 0, 0, 4, 4, 0, 22)
26 (1, 4, 0, 434, 0, 17, 0, 0, 3, 3, 0, 167)
27 (1, 4, 0, 379, 0, 32, 0, 6, 2, 3, 0, 140)
28 (1, 4, 0, 221, 0, 54, 0, 26, 2, 2, 0, 143)
29 (1, 4, 22, 193, 0, 90, 9, 66, 2, 2, 0, 63)
30 (1, 4, 0, 183, 6, 105, 16, 105, 3, 3, 0, 59)
31 (1, 4, 0, 65, 43, 112, 9, 129, 3, 3, 0, 140)
32 (1, 4, 0, 0, 68, 115, 0, 91, 3, 3, 0, 48)
1 (1, 4, 97, 0, 24, 117, 0, 0, 7, 6, 0, 1)
2 (1, 4, 100, 108, 9, 120, 0, 0, 6, 5, 0, 176)
3 (1, 4, 4, 104, 0, 134, 0, 0, 7, 6, 0, 15)
4 (1, 4, 69, 233, 0, 193, 11, 0, 7, 6, 0, 254)
5 (1, 4, 243, 281, 0, 179, 27, 59, 7, 6, 0, 162)
6 (1, 4, 274, 69, 0, 82, 44, 133, 5, 5, 0, 82)
7 (1, 4, 131, 0, 107, 0, 0, 0, 5, 5, 0, 86)
8 (1, 4, 244, 0, 204, 0, 0, 0, 6, 5, 0, 158)
9 (1, 4, 0, 0, 0, 33, 15, 0, 5, 5, 0, 12)
10 (1, 4, 134, 217, 135, 41, 0, 0, 6, 6, 0, 134)
11 (1, 4, 0, 0, 8, 53, 0, 0, 6, 5, 0, 52)
12 (1, 4, 0, 0, 2, 65, 0, 0, 6, 6, 0, 173)
13 (1, 4, 0, 16, 11, 54, 0, 0, 5, 5, 0, 105)
14 (1, 4, 0, 37, 15, 48, 0, 0, 5, 5, 0, 185)
15 (1, 4, 12, 30, 6, 46, 0, 0, 5, 5, 0, 92)
16 (1, 4, 0, 10, 0, 46, 0, 0, 5, 5, 0, 222)
17 (1, 4, 0, 0, 0, 52, 0, 0, 5, 5, 0, 49)
18 (1, 4, 0, 23, 5, 42, 0, 0, 5, 5, 0, 213)
19 (1, 4, 0, 22, 0, 46, 0, 0, 5, 5, 0, 214)
20 (1, 4, 0, 97, 0, 25, 0, 0, 5, 4, 0, 220)
21 (1, 4, 0, 250, 0, 0, 0, 0, 4, 4, 0, 165)
22 (1, 4, 0, 298, 28, 0, 0, 0, 4, 4, 0, 62)
23 (1, 4, 0, 241, 114, 16, 0, 0, 4, 4, 0, 108)
24 (1, 4, 0, 127, 175, 69, 0, 21, 4, 4, 0, 82)
25 (1, 4, 0, 0, 178, 103, 0, 18, 4, 4, 0, 14)
26 (1, 4, 0, 0, 136, 126, 0, 0, 3, 3, 0, 89)
27 (1, 4, 0, 0, 71, 135, 0, 0, 4, 3, 0, 162)
28 (1, 4, 84, 0, 0, 98, 0, 0, 3, 3, 0, 54)
29 (1, 4, 42, 0, 0, 85, 0, 0, 3, 3, 0, 143)
30 (1, 4, 48, 0, 0, 80, 0, 0, 3, 3, 0, 96)
31 (1, 4, 55, 30, 0, 74, 0, 0, 3, 3, 0, 30)
32 (1, 4, 39, 15, 0, 73, 0, 0, 3, 3, 0, 11)
1 (1, 4, 0, 699, 0, 111, 7, 0, 4, 4, 0, 175)
2 (1, 4, 35, 256, 0, 53, 0, 48, 4, 3, 0, 115)
3 (1, 4, 0, 0, 37, 0, 0, 18, 2, 2, 0, 50)
4 (1, 4, 246, 0, 161, 0, 0, 0, 1, 1, 0, 115)
5 (1, 4, 271, 0, 81, 46, 0, 0, 1, 1, 0, 108)
6 (1, 4, 0, 8, 0, 57, 17, 0, 4, 3, 0, 250)
7 (1, 4, 76, 182, 51, 61, 0, 62, 6, 5, 0, 202)
8 (1, 4, 11, 7, 20, 84, 0, 63, 7, 6, 0, 190)
9 (1, 4, 30, 31, 28, 104, 0, 31, 7, 7, 0, 86)
10 (1, 4, 0, 40, 0, 92, 0, 54, 7, 7, 0, 40)
11 (1, 4, 2, 5, 15, 94, 0, 51, 7, 7, 0, 231)
12 (1, 4, 16, 21, 32, 96, 0, 40, 7, 7, 0, 38)
13 (1, 4, 3, 14, 0, 84, 0, 25, 7, 7, 0, 239)
14 (1, 4, 0, 121, 0, 48, 0, 0, 6, 6, 0, 112)
15 (1, 4, 0, 259, 0, 0, 0, 0, 5, 6, 0, 211)
16 (1, 4, 0, 261, 0, 0, 0, 9, 4, 5, 0, 142)
17 (1, 4, 0, 41, 2, 21, 0, 70, 2, 3, 0, 241)
18 (1, 4, 0, 0, 3, 85, 0, 96, 2, 3, 0, 25)
19 (1, 4, 0, 0, 78, 161, 0, 2, 2, 3, 0, 211)
20 (1, 4, 246, 0, 223, 194, 0, 0, 3, 3, 0, 144)
21 (1, 4, 126, 0, 71, 203, 0, 0, 3, 3, 0, 32)
22 (1, 4, 0, 0, 0, 140, 0, 0, 2, 3, 0, 46)
23 (1, 4, 106, 0, 0, 98, 0, 0, 2, 3, 0, 39)
24 (1, 4, 121, 0, 0, 84, 0, 0, 2, 3, 0, 137)
25 (1, 4, 126, 0, 0, 81, 0, 0, 2, 3, 0, 192)
26 (1, 4, 83, 0, 0, 77, 0, 0, 2, 3, 0, 50)
27 (1, 4, 43, 0, 0, 70, 0, 0, 2, 3, 0, 53)
28 (1, 4, 0, 0, 0, 71, 0, 0, 2, 3, 0, 143)
29 (1, 4, 22, 0, 4, 76, 0, 0, 2, 3, 0, 204)
30 (1, 4, 61, 0, 16, 79, 0, 0, 2, 2, 0, 2)
31 (1, 4, 26, 0, 0, 81, 0, 0, 2, 2, 0, 221)
32 (1, 4, 0, 0, 0, 75, 0, 0, 2, 2, 0, 96)
1 (1, 4, 371, 0, 0, 0, 0, 0, 9, 9, 0, 129)
2 (1, 4, 819, 0, 508, 0, 0, 0, 18, 14, 0, 163)
3 (1, 4, 85, 0, 107, 59, 0, 0, 12, 11, 0, 158)
4 (1, 4, 173, 103, 43, 24, 0, 0, 13, 12, 0, 81)
5 (1, 4, 0, 0, 44, 14, 0, 0, 12, 11, 0, 162)
6 (1, 4, 8, 0, 0, 22, 0, 0, 11, 11, 0, 232)
7 (1, 4, 0, 40, 0, 20, 0, 0, 10, 10, 0, 222)
8 (1, 4, 0, 103, 0, 14, 0, 0, 11, 10, 0, 191)
9 (1, 4, 0, 129, 0, 40, 0, 0, 11, 9, 0, 94)
10 (1, 4, 0, 468, 0, 3, 0, 0, 7, 7, 0, 188)
11 (1, 4, 0, 686, 0, 0, 0, 0, 5, 5, 0, 89)
12 (1, 4, 0, 772, 151, 0, 0, 0, 4, 4, 0, 195)
13 (1, 4, 49, 721, 140, 8, 0, 5, 2, 3, 0, 244)
14 (1, 4, 97, 633, 71, 37, 3, 90, 2, 2, 0, 29)
15 (1, 4, 0, 363, 6, 34, 51, 144, 2, 2, 0, 95)
16 (1, 4, 0, 59, 54, 15, 0, 219, 2, 2, 0, 97)
17 (1, 4, 121, 0, 146, 70, 0, 121, 2, 2, 0, 136)
18 (1, 4, 118, 0, 49, 131, 0, 33, 3, 3, 0, 8)
19 (1, 4, 147, 0, 0, 111, 0, 40, 3, 3, 0, 80)
20 (1, 4, 73, 7, 0, 97, 0, 64, 2, 3, 0, 148)
21 (1, 4, 69, 0, 0, 97, 0, 70, 2, 3, 0, 18)
22 (1, 4, 50, 0, 0, 98, 0, 62, 2, 3, 0, 106)
23 (1, 4, 21, 5, 11, 97, 0, 58, 3, 3, 0, 217)
24 (1, 4, 4, 8, 4, 96, 0, 56, 3, 3, 0, 20)
25 (1, 4, 0, 20, 0, 95, 0, 55, 3, 3, 0, 56)
26 (1, 4, 0, 11, 0, 95, 0, 55, 3, 3, 0, 232)
27 (1, 4, 0, 3, 0, 97, 0, 52, 3, 3, 0, 153)
28 (1, 4, 0, 7, 0, 99, 0, 50, 2, 3, 0, 211)
29 (1, 4, 0, 6, 0, 97, 0, 51, 2, 3, 0, 135)
30 (1, 4, 0, 10, 0, 96, 0, 52, 2, 3, 0, 226)
31 (1, 4, 0, 14, 0, 96, 0, 54, 2, 3, 0, 129)
32 (1, 4, 0, 16, 0, 98, 0, 53, 2, 3, 0, 188)
1 (1, 4, 97, 0, 37, 99, 0, 53, 3, 3, 0, 212)
2 (1, 4, 108, 0, 49, 96, 0, 51, 3, 3, 0, 94)
3 (1, 4, 120, 0, 70, 91, 0, 51, 3, 3, 0, 222)
4 (1, 4, 135, 0, 85, 87, 0, 53, 3, 3, 0, 179)
5 (1, 4, 140, 0, 81, 85, 0, 54, 3, 3, 0, 215)
6 (1, 4, 139, 0, 69, 90, 0, 58, 3, 3, 0, 230)
7 (1, 4, 158, 0, 83, 95, 0, 66, 3, 3, 0, 128)
8 (1, 4, 227, 0, 115, 106, 0, 78, 3, 3, 0, 116)
9 (1, 4, 284, 17, 153, 125, 0, 100, 3, 3, 0, 124)
10 (1, 4, 480, 62, 147, 104, 0, 120, 3, 3, 0, 183)
11 (1, 4, 443, 100, 63, 7, 0, 225, 5, 5, 0, 174)
12 (1, 4, 579, 0, 0, 0, 0, 303, 10, 10, 0, 202)
13 (1, 4, 544, 0, 0, 0, 0, 75, 18, 13, 0, 19)
14 (1, 4, 662, 0, 132, 0, 0, 0, 8, 9, 0, 39)
15 (1, 4, 0, 0, 0, 248, 200, 0, 7, 7, 0, 48)
16 (1, 4, 745, 873, 290, 0, 0, 0, 14, 9, 0, 212)
17 (1, 4, 0, 0, 36, 56, 0, 0, 7, 6, 0, 108)
18 (1, 4, 65, 70, 1, 76, 0, 0, 6, 6, 0, 62)
19 (1, 4, 23, 43, 0, 54, 0, 0, 6, 6, 0, 119)
20 (1, 4, 0, 24, 0, 38, 0, 0, 6, 6, 0, 49)
21 (1, 4, 20, 0, 0, 53, 0, 0, 6, 6, 0, 237)
22 (1, 4, 0, 34, 0, 55, 0, 0, 6, 6, 0, 164)
23 (1, 4, 0, 8, 0, 54, 0, 0, 6, 6, 0, 167)
24 (1, 4, 0, 40, 0, 62, 0, 0, 6, 6, 0, 157)
25 (1, 4, 0, 120, 0, 76, 0, 0, 6, 6, 0, 138)
26 (1, 4, 0, 440, 0, 18, 0, 0, 6, 6, 0, 117)
27 (1, 4, 0, 657, 49, 0, 0, 0, 5, 5, 0, 94)
28 (1, 4, 0, 825, 274, 0, 12, 0, 3, 3, 0, 199)
29 (1, 4, 0, 649, 212, 29, 11, 64, 2, 2, 0, 238)
30 (1, 4, 0, 483, 186, 42, 0, 140, 1, 2, 0, 110)
31 (1, 4, 0, 276, 0, 0, 0, 225, 1, 2, 0, 37)
32 (1, 4, 0, 0, 0, 0, 0, 263, 1, 2, 0, 240)
1 (1, 4, 0, 0, 0, 12, 0, 138, 9, 8, 0, 9)
2 (1, 4, 71, 0, 0, 0, 0, 177, 10, 10, 0, 160)
3 (1, 4, 178, 0, 0, 0, 0, 95, 10, 10, 0, 101)
4 (1, 4, 441, 0, 0, 0, 0, 0, 7, 7, 0, 15)
5 (1, 4, 654, 0, 220, 0, 0, 0, 11, 10, 0, 148)
6 (1, 4, 0, 0, 0, 144, 0, 0, 11, 10, 0, 28)
7 (1, 4, 365, 294, 179, 81, 0, 0, 9, 8, 0, 56)
8 (1, 4, 38, 123, 67, 17, 0, 0, 7, 7, 0, 65)
9 (1, 4, 56, 47, 9, 41, 0, 0, 7, 7, 0, 67)
10 (1, 4, 38, 35, 8, 23, 0, 0, 7, 7, 0, 174)
11 (1, 4, 0, 0, 0, 21, 0, 0, 7, 7, 0, 213)
12 (1, 4, 0, 94, 0, 43, 0, 0, 8, 7, 0, 167)
13 (1, 4, 0, 178, 0, 69, 0, 0, 7, 7, 0, 56)
14 (1, 4, 0, 441, 0, 25, 0, 0, 6, 6, 0, 25)
15 (1, 4, 0, 485, 0, 0, 0, 0, 5, 6, 0, 36)
16 (1, 4, 0, 545, 0, 0, 0, 0, 5, 5, 0, 233)
17 (1, 4, 0, 377, 153, 0, 0, 37, 4, 5, 0, 95)
18 (1, 4, 0, 183, 153, 47, 25, 93, 5, 5, 0, 242)
19 (1, 4, 0, 0, 204, 82, 0, 120, 4, 5, 0, 24)
20 (1, 4, 93, 0, 144, 99, 0, 95, 4, 4, 0, 137)
21 (1, 4, 358, 0, 0, 123, 0, 40, 4, 4, 0, 107)
22 (1, 4, 53, 0, 0, 118, 0, 30, 3, 4, 0, 30)
23 (1, 4, 222, 0, 0, 112, 0, 3, 3, 3, 0, 224)
24 (1, 4, 229, 44, 0, 124, 0, 0, 3, 3, 0, 236)
25 (1, 4, 86, 55, 0, 99, 0, 0, 3, 3, 0, 148)
26 (1, 4, 74, 0, 0, 90, 0, 1, 3, 3, 0, 187)
27 (1, 4, 84, 7, 33, 90, 0, 12, 3, 3, 0, 39)
28 (1, 4, 91, 0, 14, 94, 0, 15, 3, 3, 0, 194)
29 (1, 4, 16, 0, 0, 99, 0, 19, 3, 3, 0, 45)
30 (1, 4, 0, 0, 0, 105, 0, 12, 3, 3, 0, 33)
31 (1, 4, 0, 0, 0, 108, 0, 0, 3, 3, 0, 221)
32 (1, 4, 0, 14, 0, 107, 0, 0, 3, 3, 0, 132)
1 (1, 4, 91, 18, 0, 201, 0, 0, 11, 11, 0, 181)
2 (1, 4, 57, 200, 0, 196, 38, 0, 10, 14, 0, 255)
3 (1, 4, 169, 58, 0, 38, 8, 29, 8, 13, 0, 222)
4 (1, 4, 57, 0, 0, 0, 0, 0, 11, 14, 0, 180)
5 (1, 4, 114, 0, 0, 0, 0, 0, 7, 9, 0, 223)
6 (1, 4, 80, 0, 41, 16, 0, 0, 6, 7, 0, 107)
7 (1, 4, 177, 272, 123, 0, 0, 0, 6, 6, 0, 141)
8 (1, 4, 0, 72, 57, 0, 0, 0, 6, 6, 0, 209)
9 (1, 4, 76, 90, 75, 24, 0, 0, 6, 7, 0, 45)
10 (1, 4, 0, 281, 8, 5, 0, 0, 7, 7, 0, 28)
11 (1, 4, 0, 497, 0, 0, 0, 0, 6, 7, 0, 82)
12 (1, 4, 0, 428, 63, 0, 0, 0, 6, 6, 0, 223)
13 (1, 4, 0, 239, 104, 33, 0, 10, 9, 8, 0, 185)
14 (1, 4, 0, 36, 66, 129, 0, 60, 10, 9, 0, 10)
15 (1, 4, 0, 0, 46, 142, 0, 42, 9, 8, 0, 130)
16 (1, 4, 144, 0, 17, 151, 0, 12, 7, 7, 0, 199)
17 (1, 4, 150, 6, 0, 121, 0, 0, 6, 6, 0, 2)
18 (1, 4, 16, 0, 0, 98, 0, 0, 6, 6, 0, 170)
19 (1, 4, 73, 3, 0, 77, 0, 0, 5, 5, 0, 50)
20 (1, 4, 81, 9, 0, 79, 0, 0, 5, 5, 0, 66)
21 (1, 4, 20, 0, 0, 75, 0, 0, 5, 5, 0, 135)
22 (1, 4, 9, 0, 0, 77, 0, 0, 5, 5, 0, 99)
23 (1, 4, 7, 0, 0, 80, 0, 0, 5, 5, 0, 91)
24 (1, 4, 9, 0, 0, 84, 0, 0, 5, 5, 0, 115)
25 (1, 4, 1, 0, 0, 83, 0, 0, 5, 5, 0, 94)
26 (1, 4, 23, 12, 0, 79, 0, 0, 5, 7, 0, 86)
27 (1, 4, 0, 7, 0, 77, 0, 0, 5, 5, 0, 31)
28 (1, 4, 3, 5, 0, 78, 0, 0, 5, 5, 0, 65)
29 (1, 4, 0, 1, 0, 79, 0, 0, 5, 5, 0, 150)
30 (1, 4, 0, 0, 0, 79, 0, 0, 5, 5, 0, 35)
31 (1, 4, 4, 13, 1, 79, 0, 0, 5, 5, 0, 83)
32 (1, 4, 0, 12, 6, 79, 0, 0, 5, 5, 0, 59)
1 (1, 4, 0, 26, 1, 115, 0, 20, 8, 8, 0, 81)
2 (1, 4, 2, 85, 27, 119, 0, 22, 8, 8, 0, 86)
3 (1, 4, 0, 136, 24, 119, 0, 32, 8, 8, 0, 112)
4 (1, 4, 0, 227, 39, 119, 0, 50, 8, 8, 0, 232)
5 (1, 4, 0, 345, 45, 102, 0, 86, 8, 8, 0, 155)
6 (1, 4, 0, 363, 0, 47, 0, 162, 9, 9, 0, 46)
7 (1, 4, 0, 21, 0, 0, 0, 248, 16, 16, 0, 183)
8 (1, 4, 356, 0, 0, 0, 0, 331, 6, 8, 0, 240)
9 (1, 4, 245, 0, 0, 0, 0, 0, 20, 20, 0, 71)
10 (1, 4, 873, 0, 0, 0, 0, 0, 9, 12, 0, 201)
11 (1, 4, 0, 0, 185, 18, 33, 0, 6, 8, 0, 129)
12 (1, 4, 81, 0, 70, 51, 0, 0, 5, 6, 0, 60)
13 (1, 4, 0, 0, 7, 13, 0, 0, 5, 6, 0, 144)
14 (1, 4, 18, 60, 0, 13, 0, 0, 5, 5, 0, 254)
15 (1, 4, 1, 33, 0, 0, 0, 0, 5, 5, 0, 42)
16 (1, 4, 0, 152, 0, 9, 0, 0, 5, 5, 0, 103)
17 (1, 4, 0, 381, 0, 0, 0, 0, 5, 5, 0, 74)
18 (1, 4, 0, 736, 112, 0, 0, 0, 4, 4, 0, 173)
19 (1, 4, 0, 707, 213, 0, 0, 0, 4, 4, 0, 114)
20 (1, 4, 49, 583, 169, 39, 0, 24, 14, 9, 0, 217)
21 (1, 4, 28, 336, 30, 67, 0, 77, 20, 20, 0, 38)
22 (1, 4, 33, 164, 29, 82, 5, 88, 20, 20, 0, 233)
23 (1, 4, 39, 33, 34, 93, 0, 81, 15, 15, 0, 178)
24 (1, 4, 29, 0, 9, 99, 0, 63, 14, 14, 0, 24)
25 (1, 4, 46, 0, 0, 106, 0, 49, 14, 14, 0, 196)
26 (1, 4, 79, 0, 0, 106, 0, 36, 14, 14, 0, 253)
27 (1, 4, 36, 0, 0, 108, 0, 34, 14, 14, 0, 95)
28 (1, 4, 38, 0, 0, 108, 0, 30, 14, 13, 0, 19)
29 (1, 4, 14, 2, 2, 106, 0, 35, 13, 12, 0, 91)
30 (1, 4, 5, 0, 0, 106, 0, 27, 13, 12, 0, 227)
31 (1, 4, 0, 20, 0, 102, 0, 32, 12, 12, 0, 118)
32 (1, 4, 5, 7, 0, 103, 0, 28, 12, 12, 0, 11)
1 (1, 4, 37, 0, 0, 31, 10, 144, 11, 13, 0, 153)
2 (1, 4, 176, 0, 34, 0, 17, 272, 12, 13, 0, 156)
3 (1, 4, 228, 0, 155, 0, 0, 116, 9, 10, 0, 42)
4 (1, 4, 496, 0, 386, 0, 0, 0, 7, 9, 0, 87)
5 (1, 4, 360, 0, 87, 21, 0, 0, 10, 11, 0, 134)
6 (1, 4, 34, 199, 120, 5, 0, 0, 7, 8, 0, 248)
7 (1, 4, 0, 126, 0, 23, 0, 0, 8, 8, 0, 184)
8 (1, 4, 0, 75, 0, 38, 0, 0, 7, 7, 0, 2)
9 (1, 4, 0, 228, 0, 59, 0, 0, 7, 7, 0, 28)
10 (1, 4, 0, 510, 0, 0, 0, 0, 7, 7, 0, 129)
11 (1, 4, 0, 673, 0, 0, 0, 0, 7, 7, 0, 250)
12 (1, 4, 0, 667, 21, 2, 0, 0, 7, 7, 0, 12)
13 (1, 4, 14, 575, 3, 22, 3, 42, 15, 13, 0, 35)
14 (1, 4, 13, 435, 8, 36, 26, 75, 7, 7, 0, 206)
15 (1, 4, 0, 296, 67, 50, 28, 103, 8, 8, 0, 146)
16 (1, 4, 0, 163, 79, 59, 19, 124, 4, 4, 0, 130)
17 (1, 4, 0, 0, 66, 79, 0, 127, 4, 4, 0, 48)
18 (1, 4, 27, 0, 41, 93, 1, 96, 3, 4, 0, 3)
19 (1, 4, 18, 0, 36, 99, 0, 80, 3, 4, 0, 164)
20 (1, 4, 67, 0, 17, 102, 0, 64, 3, 4, 0, 56)
21 (1, 4, 23, 0, 0, 97, 0, 58, 3, 4, 0, 187)
22 (1, 4, 5, 6, 0, 93, 0, 66, 3, 4, 0, 183)
23 (1, 4, 37, 10, 11, 94, 0, 65, 3, 4, 0, 89)
24 (1, 4, 0, 1, 0, 95, 0, 68, 3, 4, 0, 113)
25 (1, 4, 8, 0, 0, 95, 0, 67, 3, 4, 0, 167)
26 (1, 4, 0, 0, 0, 98, 0, 60, 4, 4, 0, 181)
27 (1, 4, 4, 0, 0, 98, 0, 59, 4, 4, 0, 158)
28 (1, 4, 0, 0, 0, 101, 0, 57, 3, 4, 0, 107)
29 (1, 4, 8, 8, 3, 100, 0, 60, 3, 4, 0, 166)
30 (1, 4, 7, 9, 2, 99, 0, 61, 3, 4, 0, 95)
31 (1, 4, 0, 9, 0, 98, 0, 61, 3, 4, 0, 69)
32 (1, 4, 4, 8, 0, 97, 0, 59, 3, 4, 0, 37)

