1 (1, 4, 0, 0, 0, 0, 0, 20, 0, 0, 0, 216)
2 (1, 4, 1, 0, 0, 0, 0, 26, 0, 1, 0, 155)
3 (1, 4, 0, 0, 0, 0, 0, 24, 0, 0, 0, 71)
4 (1, 4, 9, 0, 0, 0, 0, 32, 0, 0, 0, 161)
5 (1, 4, 86, 62, 0, 0, 0, 44, 0, 0, 0, 170)
6 (1, 4, 232, 16, 0, 0, 0, 65, 1, 1, 0, 167)
7 (1, 4, 374, 0, 0, 0, 0, 100, 1, 1, 0, 110)
8 (1, 4, 95, 0, 0, 0, 0, 110, 1, 1, 0, 134)
9 (1, 4, 141, 0, 0, 20, 0, 150, 0, 1, 0, 88)
10 (1, 4, 288, 0, 0, 27, 0, 154, 0, 0, 0, 159)
11 (1, 4, 214, 0, 0, 21, 0, 168, 0, 0, 0, 115)
12 (1, 4, 270, 0, 0, 2, 0, 184, 0, 0, 0, 4)
13 (1, 4, 404, 0, 0, 0, 0, 159, 0, 0, 0, 17)
14 (1, 4, 369, 0, 0, 0, 0, 128, 0, 0, 0, 86)
15 (1, 4, 238, 0, 0, 0, 51, 83, 0, 1, 0, 233)
16 (1, 4, 293, 0, 88, 0, 59, 74, 1, 1, 0, 104)
17 (1, 4, 88, 0, 237, 0, 68, 43, 1, 1, 0, 56)
18 (1, 4, 0, 0, 335, 0, 30, 38, 1, 1, 0, 176)
19 (1, 4, 0, 52, 354, 0, 0, 18, 1, 1, 0, 19)
20 (1, 4, 0, 105, 325, 0, 0, 20, 1, 1, 0, 250)
21 (1, 4, 0, 261, 300, 41, 0, 45, 1, 1, 0, 83)
22 (1, 4, 0, 239, 160, 59, 0, 108, 1, 1, 0, 53)
23 (1, 4, 0, 232, 0, 97, 0, 159, 0, 1, 0, 101)
24 (1, 4, 1, 195, 0, 98, 0, 218, 0, 1, 0, 12)
25 (1, 4, 178, 107, 0, 28, 0, 272, 1, 1, 0, 250)
26 (1, 4, 288, 0, 0, 0, 22, 247, 0, 1, 0, 234)
27 (1, 4, 236, 0, 0, 0, 124, 143, 0, 1, 0, 197)
28 (1, 4, 0, 0, 46, 0, 133, 74, 1, 1, 0, 252)
29 (1, 4, 0, 0, 229, 0, 90, 58, 1, 1, 0, 196)
30 (1, 4, 0, 0, 352, 0, 42, 27, 1, 1, 0, 78)
31 (1, 4, 0, 0, 354, 0, 0, 12, 1, 1, 0, 159)
32 (1, 4, 0, 98, 262, 37, 0, 23, 1, 1, 0, 61)
1 (1, 4, 47, 4, 0, 0, 0, 30, 1, 1, 0, 197)
2 (1, 4, 77, 0, 0, 0, 0, 38, 1, 1, 0, 213)
3 (1, 4, 288, 0, 0, 0, 0, 46, 1, 1, 0, 53)
4 (1, 4, 441, 0, 0, 0, 0, 70, 1, 1, 0, 176)
5 (1, 4, 30, 0, 0, 0, 0, 97, 1, 1, 0, 248)
6 (1, 4, 0, 0, 0, 0, 0, 119, 1, 1, 0, 83)
7 (1, 4, 19, 0, 0, 0, 0, 140, 0, 1, 0, 242)
8 (1, 4, 0, 0, 0, 14, 0, 139, 0, 1, 0, 169)
9 (1, 4, 57, 0, 0, 28, 0, 136, 0, 1, 0, 95)
10 (1, 4, 203, 50, 0, 7, 0, 145, 1, 1, 0, 156)
11 (1, 4, 625, 93, 0, 0, 0, 156, 0, 1, 0, 73)
12 (1, 4, 610, 0, 0, 0, 0, 164, 0, 0, 0, 118)
13 (1, 4, 362, 0, 66, 0, 61, 105, 1, 1, 0, 129)
14 (1, 4, 155, 0, 203, 0, 68, 88, 0, 1, 0, 10)
15 (1, 4, 43, 0, 352, 0, 77, 31, 0, 1, 0, 131)
16 (1, 4, 0, 0, 452, 0, 41, 0, 0, 0, 0, 194)
17 (1, 4, 0, 0, 475, 0, 0, 0, 0, 0, 0, 81)
18 (1, 4, 0, 76, 451, 0, 0, 0, 1, 1, 0, 113)
19 (1, 4, 0, 213, 286, 92, 0, 0, 1, 1, 0, 178)
20 (1, 4, 9, 463, 9, 95, 0, 74, 1, 1, 0, 102)
21 (1, 4, 20, 423, 0, 75, 0, 225, 1, 1, 0, 54)
22 (1, 4, 214, 194, 0, 8, 0, 307, 0, 1, 0, 103)
23 (1, 4, 291, 0, 0, 0, 0, 272, 0, 0, 0, 83)
24 (1, 4, 244, 0, 0, 0, 69, 159, 1, 1, 0, 212)
25 (1, 4, 0, 0, 0, 0, 85, 38, 1, 1, 0, 31)
26 (1, 4, 0, 0, 149, 3, 34, 11, 1, 1, 0, 97)
27 (1, 4, 0, 2, 229, 0, 3, 0, 2, 2, 0, 180)
28 (1, 4, 0, 3, 229, 20, 0, 6, 2, 2, 0, 205)
29 (1, 4, 0, 158, 239, 39, 0, 9, 2, 2, 0, 36)
30 (1, 4, 0, 233, 282, 0, 0, 38, 2, 2, 0, 246)
31 (1, 4, 0, 279, 313, 0, 0, 26, 1, 2, 0, 56)
32 (1, 4, 0, 330, 389, 0, 0, 31, 1, 1, 0, 131)
1 (1, 4, 0, 0, 0, 11, 13, 67, 1, 1, 0, 214)
2 (1, 4, 0, 0, 22, 21, 7, 54, 1, 1, 0, 59)
3 (1, 4, 0, 28, 152, 21, 0, 47, 1, 1, 0, 129)
4 (1, 4, 0, 91, 202, 9, 0, 46, 1, 1, 0, 7)
5 (1, 4, 0, 143, 277, 0, 0, 40, 1, 1, 0, 100)
6 (1, 4, 0, 159, 355, 0, 0, 40, 1, 1, 0, 14)
7 (1, 4, 0, 191, 416, 0, 0, 43, 1, 1, 0, 27)
8 (1, 4, 0, 217, 375, 0, 0, 48, 1, 1, 0, 34)
9 (1, 4, 96, 218, 265, 0, 0, 48, 1, 1, 0, 3)
10 (1, 4, 269, 325, 167, 0, 0, 62, 1, 1, 0, 132)
11 (1, 4, 105, 234, 88, 0, 0, 64, 1, 1, 0, 164)
12 (1, 4, 94, 179, 56, 0, 0, 62, 1, 1, 0, 89)
13 (1, 4, 131, 124, 64, 0, 0, 51, 1, 1, 0, 214)
14 (1, 4, 88, 77, 34, 0, 0, 41, 1, 1, 0, 116)
15 (1, 4, 0, 8, 9, 0, 0, 34, 1, 1, 0, 244)
16 (1, 4, 0, 6, 12, 0, 0, 30, 1, 1, 0, 215)
17 (1, 4, 1, 27, 19, 0, 0, 29, 1, 1, 0, 36)
18 (1, 4, 3, 23, 12, 0, 0, 29, 1, 1, 0, 119)
19 (1, 4, 7, 23, 8, 0, 0, 29, 1, 1, 0, 17)
20 (1, 4, 0, 10, 0, 0, 0, 28, 1, 1, 0, 229)
21 (1, 4, 0, 0, 0, 0, 0, 27, 1, 1, 0, 40)
22 (1, 4, 0, 0, 0, 0, 0, 26, 1, 1, 0, 247)
23 (1, 4, 0, 3, 0, 0, 0, 26, 1, 1, 0, 47)
24 (1, 4, 0, 3, 0, 0, 0, 27, 1, 1, 0, 240)
25 (1, 4, 0, 1, 0, 0, 0, 26, 1, 1, 0, 66)
26 (1, 4, 0, 5, 0, 0, 0, 24, 1, 1, 0, 33)
27 (1, 4, 3, 9, 0, 0, 0, 25, 1, 1, 0, 133)
28 (1, 4, 0, 0, 0, 0, 0, 25, 1, 1, 0, 145)
29 (1, 4, 0, 2, 0, 0, 0, 25, 1, 1, 0, 252)
30 (1, 4, 2, 9, 0, 0, 0, 27, 1, 1, 0, 50)
31 (1, 4, 0, 7, 0, 0, 0, 25, 1, 1, 0, 147)
32 (1, 4, 0, 16, 2, 0, 0, 25, 1, 1, 0, 223)
1 (1, 4, 0, 8, 0, 0, 0, 24, 1, 1, 0, 253)
2 (1, 4, 0, 10, 0, 0, 0, 25, 1, 1, 0, 79)
3 (1, 4, 0, 10, 0, 0, 0, 26, 1, 1, 0, 41)
4 (1, 4, 0, 10, 0, 0, 0, 26, 1, 1, 0, 41)
5 (1, 4, 0, 8, 0, 0, 0, 26, 1, 1, 0, 68)
6 (1, 4, 0, 6, 0, 0, 0, 25, 1, 1, 0, 38)
7 (1, 4, 0, 9, 0, 0, 0, 24, 1, 1, 0, 72)
8 (1, 4, 35, 11, 0, 0, 0, 34, 1, 1, 0, 209)
9 (1, 4, 371, 0, 0, 0, 0, 53, 1, 1, 0, 17)
10 (1, 4, 246, 0, 0, 0, 0, 67, 3, 2, 0, 178)
11 (1, 4, 206, 0, 0, 0, 0, 114, 2, 2, 0, 42)
12 (1, 4, 295, 0, 0, 0, 0, 149, 2, 2, 0, 112)
13 (1, 4, 388, 0, 0, 0, 0, 162, 1, 2, 0, 119)
14 (1, 4, 498, 0, 0, 0, 0, 162, 1, 1, 0, 64)
15 (1, 4, 510, 0, 96, 0, 0, 154, 0, 1, 0, 247)
16 (1, 4, 332, 0, 136, 0, 12, 95, 1, 1, 0, 180)
17 (1, 4, 70, 0, 291, 0, 24, 31, 0, 0, 0, 165)
18 (1, 4, 0, 0, 300, 0, 0, 10, 0, 0, 0, 108)
19 (1, 4, 125, 0, 352, 0, 0, 0, 0, 0, 0, 206)
20 (1, 4, 0, 79, 478, 54, 0, 0, 0, 1, 0, 158)
21 (1, 4, 0, 237, 155, 115, 0, 18, 0, 1, 0, 128)
22 (1, 4, 62, 574, 0, 71, 0, 132, 1, 1, 0, 25)
23 (1, 4, 431, 213, 0, 0, 0, 236, 0, 0, 0, 137)
24 (1, 4, 164, 0, 0, 0, 18, 217, 0, 0, 0, 202)
25 (1, 4, 174, 0, 0, 0, 62, 140, 0, 0, 0, 181)
26 (1, 4, 0, 0, 0, 11, 46, 59, 0, 0, 0, 132)
27 (1, 4, 0, 0, 62, 45, 9, 37, 0, 0, 0, 243)
28 (1, 4, 0, 0, 79, 62, 0, 43, 0, 0, 0, 85)
29 (1, 4, 0, 67, 62, 73, 0, 71, 0, 0, 0, 13)
30 (1, 4, 0, 98, 53, 68, 0, 94, 0, 0, 0, 0)
31 (1, 4, 0, 64, 23, 63, 0, 113, 0, 0, 0, 52)
32 (1, 4, 0, 42, 11, 60, 0, 117, 0, 0, 0, 98)
1 (1, 4, 441, 219, 0, 0, 0, 106, 0, 1, 0, 100)
2 (1, 4, 529, 0, 0, 0, 0, 120, 0, 1, 0, 34)
3 (1, 4, 456, 0, 0, 0, 1, 99, 0, 0, 0, 107)
4 (1, 4, 340, 0, 0, 0, 24, 87, 0, 0, 0, 236)
5 (1, 4, 258, 0, 77, 0, 46, 49, 0, 1, 0, 246)
6 (1, 4, 0, 0, 256, 0, 46, 7, 0, 0, 0, 237)
7 (1, 4, 0, 0, 351, 19, 0, 0, 0, 0, 0, 40)
8 (1, 4, 0, 5, 445, 83, 0, 0, 0, 0, 0, 73)
9 (1, 4, 0, 321, 442, 96, 0, 0, 0, 0, 0, 47)
10 (1, 4, 0, 664, 123, 49, 0, 61, 0, 0, 0, 46)
11 (1, 4, 273, 503, 0, 0, 0, 159, 0, 0, 0, 244)
12 (1, 4, 237, 130, 0, 0, 0, 204, 0, 0, 0, 95)
13 (1, 4, 188, 0, 0, 0, 1, 192, 0, 0, 0, 178)
14 (1, 4, 185, 0, 0, 0, 34, 117, 0, 0, 0, 80)
15 (1, 4, 124, 0, 0, 8, 38, 60, 1, 1, 0, 152)
16 (1, 4, 0, 0, 29, 45, 21, 33, 1, 1, 0, 109)
17 (1, 4, 0, 9, 99, 62, 0, 49, 0, 1, 0, 164)
18 (1, 4, 0, 110, 133, 54, 0, 63, 0, 1, 0, 188)
19 (1, 4, 0, 121, 100, 38, 0, 71, 1, 1, 0, 247)
20 (1, 4, 0, 132, 139, 26, 0, 85, 1, 1, 0, 87)
21 (1, 4, 0, 154, 160, 32, 0, 78, 1, 1, 0, 76)
22 (1, 4, 0, 197, 205, 14, 0, 90, 1, 1, 0, 153)
23 (1, 4, 0, 212, 215, 0, 0, 101, 1, 1, 0, 144)
24 (1, 4, 0, 209, 178, 0, 0, 109, 0, 1, 0, 184)
25 (1, 4, 0, 196, 104, 0, 0, 106, 0, 1, 0, 67)
26 (1, 4, 21, 195, 74, 0, 0, 98, 0, 1, 0, 172)
27 (1, 4, 0, 157, 106, 0, 0, 87, 0, 0, 0, 209)
28 (1, 4, 0, 170, 161, 0, 0, 77, 0, 0, 0, 253)
29 (1, 4, 0, 203, 180, 0, 0, 73, 0, 1, 0, 162)
30 (1, 4, 42, 238, 173, 0, 0, 71, 0, 0, 0, 190)
31 (1, 4, 100, 217, 133, 0, 0, 66, 0, 0, 0, 42)
32 (1, 4, 87, 174, 69, 0, 0, 61, 0, 1, 0, 146)
1 (1, 4, 445, 0, 0, 0, 79, 75, 0, 0, 0, 114)
2 (1, 4, 76, 0, 155, 0, 83, 30, 0, 0, 0, 215)
3 (1, 4, 0, 0, 249, 0, 33, 17, 0, 0, 0, 165)
4 (1, 4, 0, 0, 289, 0, 0, 4, 0, 0, 0, 60)
5 (1, 4, 53, 14, 318, 6, 0, 3, 0, 0, 0, 94)
6 (1, 4, 0, 99, 294, 12, 0, 43, 0, 0, 0, 156)
7 (1, 4, 0, 101, 261, 43, 0, 50, 0, 0, 0, 60)
8 (1, 4, 0, 172, 183, 82, 0, 62, 0, 0, 0, 9)
9 (1, 4, 0, 268, 0, 101, 0, 105, 0, 0, 0, 124)
10 (1, 4, 0, 303, 0, 81, 0, 176, 0, 0, 0, 45)
11 (1, 4, 218, 229, 0, 26, 0, 217, 0, 0, 0, 89)
12 (1, 4, 339, 65, 0, 0, 0, 231, 0, 0, 0, 76)
13 (1, 4, 308, 0, 0, 0, 94, 168, 0, 0, 0, 237)
14 (1, 4, 0, 0, 0, 0, 104, 84, 0, 0, 0, 75)
15 (1, 4, 0, 0, 84, 2, 48, 47, 0, 0, 0, 74)
16 (1, 4, 0, 0, 143, 37, 0, 42, 0, 0, 0, 174)
17 (1, 4, 0, 26, 62, 68, 0, 65, 0, 0, 0, 190)
18 (1, 4, 27, 48, 17, 69, 0, 90, 0, 0, 0, 199)
19 (1, 4, 5, 44, 0, 63, 0, 99, 0, 0, 0, 218)
20 (1, 4, 0, 52, 20, 44, 2, 97, 0, 0, 0, 130)
21 (1, 4, 0, 62, 10, 12, 8, 77, 0, 0, 0, 10)
22 (1, 4, 0, 95, 43, 0, 9, 48, 1, 1, 0, 23)
23 (1, 4, 0, 173, 231, 1, 1, 32, 1, 1, 0, 190)
24 (1, 4, 0, 243, 331, 0, 0, 47, 1, 1, 0, 119)
25 (1, 4, 0, 365, 424, 0, 0, 79, 1, 1, 0, 93)
26 (1, 4, 0, 369, 370, 0, 0, 97, 0, 1, 0, 86)
27 (1, 4, 0, 336, 297, 0, 0, 103, 0, 1, 0, 110)
28 (1, 4, 0, 256, 253, 0, 0, 77, 0, 1, 0, 8)
29 (1, 4, 121, 306, 206, 0, 0, 82, 0, 1, 0, 6)
30 (1, 4, 16, 197, 158, 0, 0, 56, 0, 0, 0, 168)
31 (1, 4, 29, 151, 120, 0, 0, 60, 0, 1, 0, 250)
32 (1, 4, 82, 80, 79, 0, 0, 49, 0, 1, 0, 141)
1 (1, 4, 0, 0, 19, 0, 0, 67, 1, 1, 0, 144)
2 (1, 4, 151, 0, 0, 0, 0, 98, 1, 1, 0, 245)
3 (1, 4, 243, 0, 0, 0, 0, 114, 1, 1, 0, 80)
4 (1, 4, 345, 0, 0, 0, 0, 124, 1, 1, 0, 202)
5 (1, 4, 471, 0, 0, 0, 0, 122, 0, 1, 0, 37)
6 (1, 4, 411, 0, 0, 0, 75, 73, 0, 1, 0, 160)
7 (1, 4, 82, 0, 62, 0, 133, 52, 0, 0, 0, 238)
8 (1, 4, 0, 0, 272, 0, 94, 33, 0, 0, 0, 109)
9 (1, 4, 0, 0, 395, 0, 29, 22, 0, 0, 0, 20)
10 (1, 4, 0, 17, 468, 0, 0, 0, 0, 0, 0, 220)
11 (1, 4, 0, 143, 400, 0, 0, 0, 0, 0, 0, 29)
12 (1, 4, 0, 313, 84, 22, 0, 57, 0, 0, 0, 22)
13 (1, 4, 81, 351, 0, 0, 0, 112, 0, 0, 0, 152)
14 (1, 4, 189, 289, 0, 0, 0, 192, 0, 0, 0, 87)
15 (1, 4, 223, 140, 0, 0, 0, 251, 0, 0, 0, 1)
16 (1, 4, 182, 0, 0, 0, 68, 209, 0, 0, 0, 82)
17 (1, 4, 0, 0, 0, 0, 74, 81, 0, 0, 0, 30)
18 (1, 4, 0, 0, 163, 0, 21, 36, 0, 0, 0, 1)
19 (1, 4, 0, 0, 232, 4, 0, 36, 0, 0, 0, 158)
20 (1, 4, 0, 0, 245, 6, 0, 28, 0, 0, 0, 49)
21 (1, 4, 0, 0, 204, 15, 0, 45, 0, 0, 0, 210)
22 (1, 4, 70, 46, 151, 4, 0, 36, 0, 0, 0, 214)
23 (1, 4, 0, 132, 101, 0, 0, 51, 0, 0, 0, 126)
24 (1, 4, 0, 196, 69, 0, 0, 44, 0, 0, 0, 41)
25 (1, 4, 0, 296, 93, 0, 0, 36, 0, 1, 0, 167)
26 (1, 4, 0, 260, 132, 0, 0, 26, 0, 0, 0, 110)
27 (1, 4, 0, 235, 271, 0, 0, 33, 0, 1, 0, 68)
28 (1, 4, 67, 242, 305, 0, 0, 42, 0, 1, 0, 120)
29 (1, 4, 43, 221, 266, 0, 0, 51, 0, 0, 0, 62)
30 (1, 4, 25, 153, 222, 0, 0, 62, 0, 0, 0, 106)
31 (1, 4, 196, 159, 197, 0, 0, 69, 0, 1, 0, 79)
32 (1, 4, 490, 206, 174, 0, 0, 54, 0, 0, 0, 177)
1 (1, 4, 0, 0, 362, 0, 3, 0, 0, 0, 0, 62)
2 (1, 4, 2, 0, 431, 0, 0, 0, 0, 0, 0, 105)
3 (1, 4, 0, 46, 302, 33, 0, 0, 1, 1, 0, 41)
4 (1, 4, 13, 250, 15, 103, 0, 56, 1, 1, 0, 110)
5 (1, 4, 137, 325, 0, 56, 0, 144, 0, 0, 0, 163)
6 (1, 4, 287, 187, 0, 0, 0, 242, 0, 0, 0, 11)
7 (1, 4, 310, 0, 0, 0, 54, 222, 0, 0, 0, 220)
8 (1, 4, 103, 0, 0, 0, 115, 131, 0, 0, 0, 239)
9 (1, 4, 0, 0, 58, 0, 75, 77, 0, 0, 0, 57)
10 (1, 4, 0, 0, 167, 6, 11, 47, 0, 0, 0, 196)
11 (1, 4, 0, 0, 210, 43, 0, 46, 0, 0, 0, 147)
12 (1, 4, 0, 0, 162, 64, 0, 57, 0, 0, 0, 204)
13 (1, 4, 0, 28, 56, 75, 0, 85, 0, 0, 0, 123)
14 (1, 4, 35, 38, 0, 67, 0, 92, 0, 0, 0, 35)
15 (1, 4, 0, 32, 0, 61, 0, 105, 0, 0, 0, 232)
16 (1, 4, 13, 31, 0, 53, 0, 116, 0, 0, 0, 215)
17 (1, 4, 23, 16, 0, 52, 0, 112, 0, 0, 0, 128)
18 (1, 4, 6, 5, 0, 52, 0, 110, 0, 0, 0, 149)
19 (1, 4, 28, 6, 0, 54, 0, 110, 0, 0, 0, 255)
20 (1, 4, 19, 8, 0, 53, 0, 105, 0, 0, 0, 147)
21 (1, 4, 0, 9, 0, 56, 0, 101, 0, 0, 0, 208)
22 (1, 4, 11, 21, 0, 53, 0, 106, 0, 0, 0, 216)
23 (1, 4, 18, 22, 0, 52, 0, 107, 0, 0, 0, 94)
24 (1, 4, 0, 14, 0, 51, 0, 109, 0, 0, 0, 225)
25 (1, 4, 4, 2, 0, 51, 0, 108, 0, 0, 0, 111)
26 (1, 4, 0, 5, 0, 53, 0, 103, 0, 0, 0, 155)
27 (1, 4, 0, 9, 0, 51, 0, 105, 0, 0, 0, 150)
28 (1, 4, 0, 16, 0, 51, 0, 105, 0, 0, 0, 241)
29 (1, 4, 0, 14, 0, 49, 0, 110, 0, 0, 0, 185)
30 (1, 4, 0, 9, 0, 51, 0, 108, 0, 0, 0, 60)
31 (1, 4, 0, 12, 0, 51, 0, 108, 0, 0, 0, 83)
32 (1, 4, 0, 12, 0, 50, 0, 109, 0, 0, 0, 147)
1 (1, 4, 162, 222, 0, 43, 0, 158, 1, 1, 0, 17)
2 (1, 4, 327, 155, 0, 0, 0, 190, 1, 1, 0, 3)
3 (1, 4, 407, 0, 0, 0, 0, 182, 1, 1, 0, 158)
4 (1, 4, 408, 0, 0, 0, 47, 154, 1, 1, 0, 94)
5 (1, 4, 281, 0, 0, 0, 116, 118, 0, 1, 0, 3)
6 (1, 4, 147, 0, 93, 0, 133, 72, 0, 1, 0, 1)
7 (1, 4, 0, 0, 241, 0, 108, 51, 0, 0, 0, 64)
8 (1, 4, 0, 0, 345, 0, 67, 18, 0, 0, 0, 116)
9 (1, 4, 0, 0, 430, 0, 0, 0, 0, 0, 0, 225)
10 (1, 4, 0, 24, 433, 13, 0, 0, 1, 1, 0, 135)
11 (1, 4, 0, 110, 307, 42, 0, 0, 1, 1, 0, 122)
12 (1, 4, 0, 309, 106, 86, 0, 14, 1, 1, 0, 142)
13 (1, 4, 0, 442, 0, 71, 0, 106, 0, 0, 0, 216)
14 (1, 4, 141, 438, 0, 12, 0, 246, 0, 0, 0, 40)
15 (1, 4, 295, 90, 0, 0, 0, 285, 0, 0, 0, 23)
16 (1, 4, 148, 0, 0, 0, 78, 217, 0, 0, 0, 80)
17 (1, 4, 0, 0, 0, 0, 102, 96, 0, 0, 0, 156)
18 (1, 4, 0, 0, 32, 15, 27, 45, 0, 0, 0, 11)
19 (1, 4, 19, 0, 92, 51, 0, 33, 0, 0, 0, 171)
20 (1, 4, 69, 42, 74, 74, 0, 47, 0, 0, 0, 254)
21 (1, 4, 0, 66, 56, 75, 0, 85, 0, 0, 0, 157)
22 (1, 4, 0, 52, 21, 75, 0, 108, 0, 0, 0, 197)
23 (1, 4, 7, 23, 0, 71, 0, 114, 0, 0, 0, 49)
24 (1, 4, 8, 10, 0, 67, 0, 112, 0, 0, 0, 19)
25 (1, 4, 22, 7, 0, 66, 0, 111, 0, 0, 0, 78)
26 (1, 4, 0, 0, 0, 64, 0, 106, 0, 0, 0, 28)
27 (1, 4, 30, 6, 0, 64, 0, 104, 0, 0, 0, 166)
28 (1, 4, 12, 8, 0, 65, 0, 103, 0, 0, 0, 184)
29 (1, 4, 13, 7, 0, 64, 0, 103, 0, 0, 0, 24)
30 (1, 4, 16, 8, 0, 67, 0, 102, 0, 0, 0, 241)
31 (1, 4, 0, 12, 0, 64, 0, 103, 0, 0, 0, 53)
32 (1, 4, 0, 5, 0, 65, 0, 106, 0, 0, 0, 108)
1 (1, 4, 0, 11, 0, 63, 0, 107, 0, 0, 0, 198)
2 (1, 4, 0, 11, 0, 63, 0, 107, 0, 0, 0, 198)
3 (1, 4, 2, 10, 0, 63, 0, 107, 0, 0, 0, 111)
4 (1, 4, 0, 8, 0, 61, 0, 109, 0, 0, 0, 236)
5 (1, 4, 0, 16, 0, 82, 0, 108, 0, 0, 0, 120)
6 (1, 4, 87, 59, 0, 69, 0, 129, 0, 0, 0, 22)
7 (1, 4, 109, 4, 0, 51, 0, 125, 0, 0, 0, 228)
8 (1, 4, 73, 0, 0, 47, 19, 107, 0, 0, 0, 163)
9 (1, 4, 75, 0, 19, 36, 43, 109, 0, 0, 0, 39)
10 (1, 4, 94, 0, 121, 18, 67, 99, 0, 0, 0, 203)
11 (1, 4, 0, 0, 236, 22, 55, 66, 0, 0, 0, 193)
12 (1, 4, 0, 30, 359, 20, 0, 40, 0, 1, 0, 13)
13 (1, 4, 0, 105, 380, 23, 0, 22, 0, 1, 0, 34)
14 (1, 4, 0, 238, 217, 45, 0, 27, 0, 1, 0, 33)
15 (1, 4, 3, 353, 0, 58, 0, 66, 0, 1, 0, 50)
16 (1, 4, 57, 380, 0, 15, 0, 156, 0, 0, 0, 232)
17 (1, 4, 360, 136, 0, 0, 0, 284, 0, 0, 0, 149)
18 (1, 4, 300, 0, 0, 0, 134, 236, 0, 0, 0, 39)
19 (1, 4, 0, 0, 0, 0, 142, 116, 0, 0, 0, 216)
20 (1, 4, 0, 0, 174, 0, 84, 53, 0, 0, 0, 24)
21 (1, 4, 0, 0, 289, 0, 15, 12, 0, 0, 0, 127)
22 (1, 4, 22, 0, 372, 29, 0, 0, 0, 0, 0, 175)
23 (1, 4, 0, 80, 287, 52, 0, 24, 0, 0, 0, 188)
24 (1, 4, 0, 117, 112, 63, 0, 81, 0, 0, 0, 185)
25 (1, 4, 16, 128, 0, 65, 0, 115, 0, 0, 0, 4)
26 (1, 4, 37, 95, 0, 45, 0, 137, 0, 0, 0, 17)
27 (1, 4, 2, 20, 0, 40, 0, 130, 0, 0, 0, 251)
28 (1, 4, 0, 0, 0, 39, 0, 109, 0, 0, 0, 110)
29 (1, 4, 15, 0, 0, 43, 0, 99, 0, 0, 0, 150) [FRAGMENTED]
30 (1, 4, 0, 354, 72, 7, 0, 79, 0, 0, 0, 17)
31 (1, 4, 4, 338, 0, 5, 0, 171, 0, 0, 0, 232)
32 (1, 4, 243, 212, 0, 8, 0, 231, 0, 0, 0, 107)
1 (1, 4, 262, 7, 0, 0, 0, 238, 0, 0, 0, 18)
2 (1, 4, 384, 0, 0, 0, 0, 205, 0, 0, 0, 230)
3 (1, 4, 418, 0, 0, 0, 18, 153, 0, 0, 0, 169)
4 (1, 4, 202, 0, 0, 0, 76, 84, 0, 0, 0, 85)
5 (1, 4, 28, 0, 121, 0, 64, 60, 0, 0, 0, 115)
6 (1, 4, 0, 0, 218, 0, 39, 25, 0, 0, 0, 27)
7 (1, 4, 0, 0, 255, 0, 0, 13, 0, 0, 0, 236)
8 (1, 4, 79, 17, 328, 0, 0, 0, 0, 0, 0, 99)
9 (1, 4, 0, 171, 389, 28, 0, 0, 1, 1, 0, 202)
10 (1, 4, 0, 243, 310, 50, 0, 56, 0, 0, 0, 146)
11 (1, 4, 0, 254, 31, 79, 0, 87, 0, 0, 0, 136)
12 (1, 4, 27, 369, 0, 72, 0, 143, 0, 0, 0, 210)
13 (1, 4, 316, 281, 0, 0, 0, 236, 0, 0, 0, 96)
14 (1, 4, 119, 0, 0, 0, 57, 168, 0, 0, 0, 11)
15 (1, 4, 0, 0, 0, 0, 18, 102, 0, 0, 0, 33)
16 (1, 4, 55, 0, 0, 11, 0, 81, 0, 0, 0, 227)
17 (1, 4, 12, 0, 0, 40, 0, 78, 0, 0, 0, 68)
18 (1, 4, 0, 0, 0, 58, 0, 90, 0, 0, 0, 99)
19 (1, 4, 0, 22, 0, 60, 0, 108, 0, 0, 0, 73)
20 (1, 4, 26, 17, 0, 53, 0, 113, 0, 0, 0, 179)
21 (1, 4, 0, 10, 0, 47, 0, 111, 0, 0, 0, 241)
22 (1, 4, 0, 4, 0, 44, 0, 116, 0, 0, 0, 139)
23 (1, 4, 9, 13, 0, 44, 0, 116, 0, 0, 0, 243)
24 (1, 4, 0, 0, 0, 46, 0, 116, 0, 0, 0, 111)
25 (1, 4, 5, 0, 0, 51, 0, 114, 0, 0, 0, 249)
26 (1, 4, 8, 3, 0, 50, 0, 110, 0, 0, 0, 52)
27 (1, 4, 0, 9, 0, 51, 0, 109, 0, 0, 0, 227)
28 (1, 4, 10, 16, 0, 48, 0, 111, 0, 0, 0, 112)
29 (1, 4, 0, 11, 0, 48, 0, 110, 0, 0, 0, 201)

