1 (1, 4, 2, 18, 3, 0, 0, 23, 1, 1, 0, 28)
2 (1, 4, 12, 20, 3, 0, 0, 22, 1, 1, 0, 32)
3 (1, 4, 16, 20, 0, 0, 0, 22, 1, 1, 0, 51)
4 (1, 4, 10, 16, 0, 0, 0, 23, 1, 1, 0, 186)
5 (1, 4, 8, 11, 0, 0, 0, 23, 1, 1, 0, 172)
6 (1, 4, 15, 9, 0, 0, 0, 23, 1, 1, 0, 235)
7 (1, 4, 77, 18, 0, 0, 0, 29, 1, 1, 0, 39)
8 (1, 4, 346, 34, 85, 0, 0, 28, 1, 1, 0, 221)
9 (1, 4, 846, 232, 274, 0, 0, 20, 1, 1, 0, 244)
10 (1, 4, 539, 205, 103, 0, 9, 54, 1, 1, 0, 73)
11 (1, 4, 0, 0, 0, 0, 0, 80, 1, 2, 0, 92)
12 (1, 4, 0, 0, 0, 0, 0, 74, 2, 2, 0, 122)
13 (1, 4, 0, 0, 0, 0, 0, 53, 2, 3, 0, 223)
14 (1, 4, 0, 0, 0, 0, 0, 53, 3, 3, 0, 189)
15 (1, 4, 46, 0, 0, 0, 0, 36, 3, 3, 0, 34)
16 (1, 4, 182, 0, 0, 0, 0, 31, 4, 4, 0, 102)
17 (1, 4, 271, 0, 125, 0, 43, 0, 4, 4, 0, 73)
18 (1, 4, 0, 0, 415, 0, 71, 0, 4, 4, 0, 162)
19 (1, 4, 0, 0, 767, 0, 31, 0, 7, 6, 0, 110)
20 (1, 4, 0, 0, 873, 0, 0, 0, 9, 9, 0, 245)
21 (1, 4, 317, 22, 873, 0, 0, 0, 3, 4, 0, 12)
22 (1, 4, 149, 873, 68, 0, 0, 0, 0, 1, 0, 28)
23 (1, 4, 0, 873, 457, 0, 0, 0, 0, 0, 0, 110)
24 (1, 4, 645, 873, 60, 0, 0, 0, 0, 1, 0, 62)
25 (1, 4, 226, 531, 0, 0, 0, 5, 0, 1, 0, 140)
26 (1, 4, 49, 287, 0, 0, 0, 24, 0, 1, 0, 48)
27 (1, 4, 105, 190, 0, 0, 0, 28, 0, 1, 0, 207)
28 (1, 4, 116, 70, 48, 31, 0, 33, 0, 1, 0, 26)
29 (1, 4, 0, 0, 62, 56, 0, 20, 0, 1, 0, 25)
30 (1, 4, 64, 0, 91, 67, 0, 15, 0, 1, 0, 18)
31 (1, 4, 0, 0, 61, 68, 0, 5, 0, 1, 0, 225)
32 (1, 4, 0, 0, 92, 50, 0, 8, 1, 1, 0, 219)
1 (1, 4, 0, 509, 128, 80, 0, 27, 1, 1, 0, 227)
2 (1, 4, 89, 687, 0, 0, 0, 150, 1, 1, 0, 74)
3 (1, 4, 214, 17, 0, 0, 52, 222, 1, 1, 0, 170)
4 (1, 4, 0, 0, 0, 0, 54, 119, 1, 1, 0, 202)
5 (1, 4, 0, 0, 84, 0, 27, 17, 1, 1, 0, 110)
6 (1, 4, 67, 0, 393, 0, 0, 0, 3, 3, 0, 122)
7 (1, 4, 0, 0, 859, 0, 0, 0, 5, 3, 0, 74)
8 (1, 4, 0, 0, 826, 0, 0, 0, 1, 1, 0, 130)
9 (1, 4, 0, 171, 498, 0, 0, 0, 1, 2, 0, 155)
10 (1, 4, 96, 873, 318, 0, 0, 0, 1, 1, 0, 71)
11 (1, 4, 0, 873, 221, 0, 0, 0, 0, 0, 0, 18)
12 (1, 4, 152, 678, 0, 0, 0, 0, 0, 1, 0, 41)
13 (1, 4, 237, 523, 0, 0, 0, 0, 1, 1, 0, 204)
14 (1, 4, 74, 390, 0, 0, 0, 0, 1, 1, 0, 193)
15 (1, 4, 176, 303, 0, 0, 0, 14, 1, 1, 0, 245)
16 (1, 4, 141, 211, 0, 0, 0, 28, 1, 1, 0, 83)
17 (1, 4, 45, 69, 10, 22, 0, 37, 1, 1, 0, 55)
18 (1, 4, 60, 10, 89, 30, 0, 40, 1, 1, 0, 108)
19 (1, 4, 49, 0, 181, 24, 0, 33, 1, 1, 0, 149)
20 (1, 4, 100, 0, 276, 16, 0, 16, 1, 1, 0, 89)
21 (1, 4, 137, 0, 334, 8, 0, 10, 1, 1, 0, 220)
22 (1, 4, 0, 0, 356, 0, 0, 4, 1, 1, 0, 4)
23 (1, 4, 57, 0, 405, 0, 0, 0, 1, 1, 0, 55)
24 (1, 4, 0, 18, 272, 0, 0, 8, 1, 1, 0, 179)
25 (1, 4, 101, 119, 186, 0, 0, 19, 1, 1, 0, 123)
26 (1, 4, 91, 173, 161, 0, 0, 42, 1, 1, 0, 10)
27 (1, 4, 141, 128, 176, 0, 0, 45, 1, 1, 0, 180)
28 (1, 4, 75, 55, 232, 0, 0, 33, 1, 1, 0, 11)
29 (1, 4, 0, 80, 279, 0, 0, 30, 1, 1, 0, 167)
30 (1, 4, 93, 126, 278, 0, 0, 34, 1, 1, 0, 55)
31 (1, 4, 131, 134, 201, 0, 0, 36, 1, 1, 0, 48)
32 (1, 4, 0, 57, 71, 0, 0, 35, 1, 1, 0, 11)
1 (1, 4, 423, 873, 0, 0, 0, 5, 0, 0, 0, 65)
2 (1, 4, 0, 277, 0, 0, 0, 149, 1, 1, 0, 111)
3 (1, 4, 379, 0, 0, 0, 0, 125, 0, 1, 0, 172)
4 (1, 4, 262, 0, 0, 0, 38, 41, 0, 1, 0, 187)
5 (1, 4, 269, 0, 78, 0, 17, 0, 1, 1, 0, 249)
6 (1, 4, 0, 0, 484, 0, 0, 0, 1, 1, 0, 128)
7 (1, 4, 0, 0, 677, 0, 0, 0, 1, 1, 0, 8)
8 (1, 4, 0, 0, 612, 0, 0, 0, 0, 1, 0, 244)
9 (1, 4, 0, 409, 474, 0, 0, 0, 0, 0, 0, 70)
10 (1, 4, 0, 873, 408, 0, 0, 0, 0, 0, 0, 126)
11 (1, 4, 0, 873, 329, 0, 0, 0, 0, 0, 0, 159)
12 (1, 4, 177, 873, 51, 0, 0, 0, 0, 0, 0, 23)
13 (1, 4, 201, 573, 0, 0, 0, 0, 0, 1, 0, 69)
14 (1, 4, 61, 321, 0, 0, 0, 26, 0, 1, 0, 39)
15 (1, 4, 137, 190, 0, 0, 0, 37, 0, 1, 0, 211)
16 (1, 4, 93, 91, 24, 30, 0, 40, 1, 1, 0, 20)
17 (1, 4, 64, 0, 70, 53, 0, 38, 1, 1, 0, 100)
18 (1, 4, 63, 0, 85, 69, 0, 29, 1, 1, 0, 97)
19 (1, 4, 65, 0, 120, 45, 0, 22, 1, 1, 0, 91)
20 (1, 4, 86, 0, 202, 22, 0, 23, 1, 1, 0, 214)
21 (1, 4, 168, 0, 299, 20, 0, 14, 1, 1, 0, 220)
22 (1, 4, 10, 0, 360, 5, 0, 5, 1, 1, 0, 54)
23 (1, 4, 0, 0, 399, 5, 0, 11, 1, 1, 0, 109)
24 (1, 4, 0, 0, 453, 0, 0, 11, 1, 1, 0, 102)
25 (1, 4, 44, 0, 401, 0, 0, 20, 1, 1, 0, 25)
26 (1, 4, 69, 93, 417, 0, 0, 30, 1, 1, 0, 197)
27 (1, 4, 135, 119, 356, 0, 0, 25, 1, 1, 0, 138)
28 (1, 4, 36, 113, 291, 0, 0, 32, 1, 1, 0, 164)
29 (1, 4, 48, 79, 229, 0, 0, 36, 1, 1, 0, 136)
30 (1, 4, 23, 34, 130, 0, 0, 32, 1, 1, 0, 109)
31 (1, 4, 0, 0, 33, 0, 0, 29, 1, 1, 0, 142)
32 (1, 4, 0, 0, 0, 0, 0, 26, 1, 1, 0, 247)
1 (1, 4, 0, 0, 847, 0, 0, 0, 0, 1, 0, 80)
2 (1, 4, 0, 252, 530, 0, 0, 0, 0, 0, 0, 220)
3 (1, 4, 0, 873, 338, 0, 0, 0, 0, 0, 0, 231)
4 (1, 4, 0, 873, 276, 0, 0, 0, 0, 0, 0, 109)
5 (1, 4, 26, 873, 138, 0, 0, 0, 0, 1, 0, 148)
6 (1, 4, 314, 721, 5, 0, 0, 0, 1, 1, 0, 111)
7 (1, 4, 172, 298, 0, 0, 0, 24, 1, 1, 0, 45)
8 (1, 4, 142, 163, 0, 0, 0, 39, 1, 1, 0, 159)
9 (1, 4, 133, 97, 7, 10, 0, 41, 1, 1, 0, 23)
10 (1, 4, 100, 13, 79, 23, 0, 46, 1, 1, 0, 82)
11 (1, 4, 102, 0, 168, 16, 0, 41, 1, 1, 0, 205)
12 (1, 4, 66, 0, 281, 13, 0, 32, 1, 1, 0, 210)
13 (1, 4, 0, 0, 356, 0, 0, 17, 1, 1, 0, 125)
14 (1, 4, 39, 0, 463, 0, 0, 0, 1, 1, 0, 148)
15 (1, 4, 64, 0, 522, 0, 0, 0, 1, 1, 0, 215)
16 (1, 4, 0, 0, 432, 0, 0, 0, 1, 1, 0, 90)
17 (1, 4, 23, 0, 389, 0, 0, 0, 1, 1, 0, 219)
18 (1, 4, 9, 40, 350, 0, 0, 15, 1, 1, 0, 149)
19 (1, 4, 0, 21, 246, 0, 0, 11, 1, 1, 0, 15)
20 (1, 4, 45, 63, 182, 0, 0, 19, 1, 1, 0, 80)
21 (1, 4, 7, 58, 78, 0, 0, 17, 1, 1, 0, 26)
22 (1, 4, 0, 33, 24, 0, 0, 21, 1, 1, 0, 186)
23 (1, 4, 0, 22, 0, 0, 0, 21, 1, 1, 0, 216)
24 (1, 4, 6, 8, 0, 0, 0, 19, 1, 1, 0, 85)
25 (1, 4, 0, 0, 0, 0, 0, 17, 1, 1, 0, 123)
26 (1, 4, 0, 0, 0, 0, 0, 18, 1, 1, 0, 29)
27 (1, 4, 23, 0, 0, 0, 0, 15, 1, 1, 0, 68)
28 (1, 4, 34, 0, 0, 0, 0, 13, 1, 1, 0, 236)
29 (1, 4, 3, 0, 0, 0, 0, 12, 1, 1, 0, 250)
30 (1, 4, 9, 0, 0, 0, 0, 13, 1, 1, 0, 73)
31 (1, 4, 22, 6, 0, 0, 0, 13, 1, 1, 0, 68)
32 (1, 4, 7, 12, 8, 0, 0, 13, 1, 1, 0, 200)
1 (1, 4, 0, 1, 0, 0, 0, 16, 1, 1, 0, 17)
2 (1, 4, 0, 5, 0, 0, 0, 18, 1, 1, 0, 114)
3 (1, 4, 0, 0, 0, 0, 0, 26, 1, 1, 0, 247)
4 (1, 4, 0, 0, 0, 0, 0, 29, 2, 2, 0, 255)
5 (1, 4, 0, 0, 0, 0, 0, 35, 3, 2, 0, 201)
6 (1, 4, 31, 0, 0, 0, 0, 38, 3, 3, 0, 178)
7 (1, 4, 64, 0, 0, 0, 0, 44, 4, 4, 0, 237)
8 (1, 4, 193, 0, 0, 0, 0, 80, 6, 6, 0, 76)
9 (1, 4, 38, 0, 0, 0, 0, 71, 4, 5, 0, 132)
10 (1, 4, 39, 0, 0, 0, 0, 65, 4, 5, 0, 70)
11 (1, 4, 0, 0, 34, 0, 55, 0, 7, 6, 0, 27)
12 (1, 4, 0, 0, 498, 0, 0, 0, 7, 7, 0, 184)
13 (1, 4, 153, 683, 873, 70, 0, 0, 4, 5, 0, 130)
14 (1, 4, 800, 873, 146, 0, 0, 0, 4, 4, 0, 85)
15 (1, 4, 0, 309, 0, 0, 0, 234, 5, 6, 0, 250)
16 (1, 4, 536, 0, 0, 0, 0, 114, 4, 5, 0, 43)
17 (1, 4, 638, 0, 383, 25, 0, 0, 5, 4, 0, 168)
18 (1, 4, 613, 873, 721, 0, 0, 0, 4, 4, 0, 18)
19 (1, 4, 0, 360, 0, 0, 0, 34, 6, 7, 0, 44)
20 (1, 4, 0, 0, 0, 0, 0, 136, 4, 5, 0, 81)
21 (1, 4, 0, 0, 0, 0, 19, 75, 5, 6, 0, 41)
22 (1, 4, 229, 0, 0, 0, 63, 0, 2, 3, 0, 75)
23 (1, 4, 306, 0, 219, 0, 1, 0, 2, 3, 0, 53)
24 (1, 4, 182, 0, 512, 0, 0, 0, 1, 1, 0, 219)
25 (1, 4, 0, 315, 170, 0, 0, 0, 1, 1, 0, 198)
26 (1, 4, 0, 749, 350, 0, 0, 0, 0, 0, 0, 59)
27 (1, 4, 0, 873, 408, 0, 0, 0, 0, 0, 0, 126)
28 (1, 4, 0, 873, 432, 0, 0, 0, 1, 1, 0, 53)
29 (1, 4, 407, 846, 242, 0, 0, 0, 1, 1, 0, 161)
30 (1, 4, 128, 432, 0, 0, 0, 3, 1, 1, 0, 67)
31 (1, 4, 145, 282, 0, 0, 0, 35, 1, 1, 0, 17)
32 (1, 4, 122, 203, 0, 9, 0, 50, 1, 2, 0, 205)
1 (1, 4, 1, 0, 0, 0, 0, 109, 4, 4, 0, 240)
2 (1, 4, 282, 0, 0, 0, 0, 102, 4, 4, 0, 252)
3 (1, 4, 389, 0, 0, 0, 0, 64, 5, 5, 0, 55)
4 (1, 4, 239, 0, 15, 0, 3, 0, 4, 5, 0, 226)
5 (1, 4, 266, 0, 150, 0, 6, 0, 5, 6, 0, 110)
6 (1, 4, 260, 0, 351, 0, 24, 0, 7, 7, 0, 191)
7 (1, 4, 425, 0, 626, 0, 0, 0, 9, 9, 0, 126)
8 (1, 4, 0, 0, 873, 0, 0, 0, 4, 6, 0, 70)
9 (1, 4, 0, 84, 557, 0, 0, 0, 3, 4, 0, 121)
10 (1, 4, 0, 873, 349, 0, 0, 0, 2, 3, 0, 199)
11 (1, 4, 0, 873, 484, 0, 0, 0, 1, 1, 0, 239)
12 (1, 4, 0, 873, 313, 0, 0, 0, 1, 2, 0, 81)
13 (1, 4, 231, 775, 0, 0, 0, 0, 1, 1, 0, 44)
14 (1, 4, 157, 595, 0, 0, 0, 0, 1, 1, 0, 51)
15 (1, 4, 164, 362, 0, 0, 0, 38, 1, 1, 0, 138)
16 (1, 4, 125, 231, 0, 0, 0, 63, 1, 1, 0, 86)
17 (1, 4, 51, 61, 0, 9, 9, 76, 1, 1, 0, 184)
18 (1, 4, 21, 0, 25, 30, 11, 58, 1, 1, 0, 208)
19 (1, 4, 0, 0, 73, 40, 0, 54, 1, 2, 0, 182)
20 (1, 4, 7, 0, 178, 26, 0, 36, 1, 1, 0, 231)
21 (1, 4, 20, 0, 249, 16, 0, 20, 1, 2, 0, 224)
22 (1, 4, 0, 0, 295, 36, 0, 18, 1, 2, 0, 115)
23 (1, 4, 0, 0, 396, 23, 0, 0, 1, 2, 0, 46)
24 (1, 4, 0, 0, 451, 18, 0, 0, 1, 1, 0, 82)
25 (1, 4, 137, 0, 388, 7, 0, 0, 2, 2, 0, 168)
26 (1, 4, 36, 0, 353, 0, 0, 0, 2, 2, 0, 95)
27 (1, 4, 0, 0, 326, 0, 0, 11, 1, 2, 0, 145)
28 (1, 4, 26, 0, 363, 0, 0, 10, 1, 2, 0, 74)
29 (1, 4, 0, 0, 349, 0, 0, 15, 1, 2, 0, 156)
30 (1, 4, 58, 0, 267, 0, 0, 8, 1, 1, 0, 140)
31 (1, 4, 76, 0, 137, 0, 0, 7, 1, 1, 0, 124)
32 (1, 4, 0, 22, 37, 0, 0, 13, 1, 1, 0, 213)
1 (1, 4, 8, 9, 0, 0, 0, 15, 1, 1, 0, 248)
2 (1, 4, 0, 5, 0, 0, 0, 15, 1, 1, 0, 225)
3 (1, 4, 9, 1, 0, 0, 0, 16, 1, 1, 0, 111)
4 (1, 4, 2, 8, 0, 0, 0, 22, 1, 1, 0, 199)
5 (1, 4, 108, 0, 0, 0, 0, 33, 2, 2, 0, 20)
6 (1, 4, 105, 0, 0, 0, 0, 39, 3, 3, 0, 231)
7 (1, 4, 138, 0, 0, 0, 0, 48, 4, 4, 0, 81)
8 (1, 4, 292, 0, 0, 0, 0, 41, 5, 5, 0, 58)
9 (1, 4, 556, 102, 0, 0, 0, 24, 5, 6, 0, 170)
10 (1, 4, 309, 2, 0, 0, 0, 47, 5, 6, 0, 200)
11 (1, 4, 334, 0, 0, 0, 0, 81, 4, 5, 0, 167)
12 (1, 4, 397, 0, 0, 0, 0, 63, 4, 5, 0, 235)
13 (1, 4, 335, 0, 0, 0, 17, 29, 4, 5, 0, 143)
14 (1, 4, 115, 0, 0, 0, 31, 0, 6, 6, 0, 216)
15 (1, 4, 155, 0, 0, 0, 21, 0, 6, 6, 0, 192)
16 (1, 4, 533, 0, 265, 0, 9, 0, 7, 7, 0, 94)
17 (1, 4, 116, 0, 596, 0, 4, 0, 8, 8, 0, 35)
18 (1, 4, 0, 0, 873, 0, 0, 0, 12, 12, 0, 216)
19 (1, 4, 0, 0, 873, 0, 0, 0, 14, 15, 0, 161)
20 (1, 4, 0, 0, 813, 0, 0, 0, 14, 14, 0, 111)
21 (1, 4, 61, 291, 199, 0, 0, 0, 6, 7, 0, 82)
22 (1, 4, 0, 618, 0, 0, 0, 0, 2, 3, 0, 85)
23 (1, 4, 0, 873, 0, 0, 0, 0, 3, 3, 0, 10)
24 (1, 4, 0, 873, 15, 0, 0, 0, 1, 1, 0, 65)
25 (1, 4, 221, 873, 184, 0, 0, 0, 0, 1, 0, 140)
26 (1, 4, 203, 589, 0, 0, 0, 2, 0, 1, 0, 192)
27 (1, 4, 289, 373, 0, 0, 0, 51, 0, 1, 0, 96)
28 (1, 4, 157, 256, 0, 0, 13, 52, 0, 1, 0, 31)
29 (1, 4, 6, 78, 0, 13, 8, 71, 1, 1, 0, 216)
30 (1, 4, 45, 98, 45, 32, 12, 62, 1, 1, 0, 205)
31 (1, 4, 16, 0, 82, 37, 9, 63, 1, 1, 0, 133)
32 (1, 4, 3, 0, 162, 35, 0, 46, 1, 1, 0, 10)
1 (1, 4, 0, 0, 22, 0, 0, 16, 1, 1, 0, 170)
2 (1, 4, 0, 0, 6, 0, 0, 15, 1, 1, 0, 255)
3 (1, 4, 0, 0, 0, 0, 0, 19, 1, 1, 0, 194)
4 (1, 4, 93, 0, 0, 0, 0, 50, 2, 2, 0, 136)
5 (1, 4, 204, 0, 5, 0, 0, 34, 4, 3, 0, 74)
6 (1, 4, 195, 82, 0, 0, 0, 24, 4, 4, 0, 98)
7 (1, 4, 170, 198, 0, 0, 0, 15, 5, 5, 0, 33)
8 (1, 4, 299, 150, 0, 0, 0, 23, 4, 5, 0, 129)
9 (1, 4, 8, 0, 0, 0, 0, 52, 6, 6, 0, 63)
10 (1, 4, 159, 0, 0, 0, 0, 67, 5, 5, 0, 223)
11 (1, 4, 179, 0, 0, 0, 37, 27, 3, 3, 0, 141)
12 (1, 4, 343, 0, 0, 0, 44, 0, 3, 4, 0, 29)
13 (1, 4, 660, 0, 314, 0, 0, 0, 3, 3, 0, 227)
14 (1, 4, 64, 283, 873, 203, 0, 0, 3, 3, 0, 104)
15 (1, 4, 266, 873, 256, 0, 0, 0, 3, 2, 0, 82)
16 (1, 4, 305, 873, 0, 0, 0, 14, 5, 6, 0, 140)
17 (1, 4, 0, 245, 0, 0, 0, 160, 3, 4, 0, 22)
18 (1, 4, 306, 0, 0, 0, 0, 90, 3, 4, 0, 143)
19 (1, 4, 201, 0, 0, 0, 20, 35, 3, 4, 0, 48)
20 (1, 4, 244, 0, 0, 0, 46, 0, 2, 3, 0, 89)
21 (1, 4, 733, 0, 241, 0, 27, 0, 6, 4, 0, 112)
22 (1, 4, 24, 0, 634, 0, 0, 0, 4, 4, 0, 153)
23 (1, 4, 132, 85, 873, 0, 0, 0, 1, 2, 0, 160)
24 (1, 4, 0, 476, 257, 0, 0, 0, 1, 1, 0, 209)
25 (1, 4, 0, 873, 129, 0, 0, 0, 0, 0, 0, 116)
26 (1, 4, 0, 873, 228, 0, 0, 0, 0, 0, 0, 187)
27 (1, 4, 0, 785, 125, 0, 0, 0, 0, 0, 0, 142)
28 (1, 4, 249, 686, 10, 0, 0, 0, 0, 0, 0, 34)
29 (1, 4, 256, 398, 0, 0, 0, 5, 1, 1, 0, 63)
30 (1, 4, 187, 314, 0, 0, 0, 16, 1, 1, 0, 108)
31 (1, 4, 87, 254, 0, 0, 0, 47, 1, 1, 0, 73)
32 (1, 4, 188, 239, 8, 14, 0, 46, 1, 1, 0, 125)
1 (1, 4, 0, 0, 0, 0, 0, 15, 1, 1, 0, 142)
2 (1, 4, 0, 0, 0, 0, 0, 25, 1, 1, 0, 145)
3 (1, 4, 10, 0, 0, 0, 0, 42, 1, 1, 0, 233)
4 (1, 4, 66, 0, 0, 0, 0, 56, 1, 1, 0, 122)
5 (1, 4, 293, 0, 0, 0, 0, 45, 2, 2, 0, 126)
6 (1, 4, 0, 0, 0, 0, 0, 67, 2, 2, 0, 79)
7 (1, 4, 0, 0, 0, 0, 0, 79, 2, 2, 0, 208)
8 (1, 4, 532, 0, 0, 0, 0, 65, 2, 2, 0, 42)
9 (1, 4, 182, 0, 0, 0, 32, 38, 2, 2, 0, 26)
10 (1, 4, 49, 0, 0, 14, 0, 47, 2, 3, 0, 204)
11 (1, 4, 230, 0, 0, 17, 0, 66, 3, 3, 0, 14)
12 (1, 4, 328, 0, 9, 1, 0, 47, 3, 3, 0, 241)
13 (1, 4, 184, 0, 224, 0, 2, 0, 2, 3, 0, 67)
14 (1, 4, 0, 0, 529, 0, 18, 0, 2, 3, 0, 33)
15 (1, 4, 0, 0, 777, 0, 0, 0, 2, 2, 0, 163)
16 (1, 4, 50, 0, 873, 0, 0, 0, 3, 3, 0, 148)
17 (1, 4, 293, 873, 520, 0, 0, 0, 0, 1, 0, 143)
18 (1, 4, 0, 873, 350, 0, 0, 0, 0, 0, 0, 5)
19 (1, 4, 0, 873, 188, 0, 0, 0, 0, 0, 0, 131)
20 (1, 4, 253, 796, 76, 0, 0, 0, 0, 0, 0, 186)
21 (1, 4, 195, 476, 0, 0, 0, 0, 0, 0, 0, 159)
22 (1, 4, 96, 298, 0, 0, 0, 15, 1, 1, 0, 57)
23 (1, 4, 128, 236, 0, 4, 0, 32, 1, 1, 0, 150)
24 (1, 4, 91, 147, 0, 25, 0, 44, 1, 1, 0, 234)
25 (1, 4, 61, 84, 0, 46, 0, 49, 1, 1, 0, 208)
26 (1, 4, 0, 3, 0, 58, 0, 53, 1, 1, 0, 175)
27 (1, 4, 0, 0, 24, 74, 0, 48, 1, 2, 0, 104)
28 (1, 4, 0, 0, 48, 73, 0, 46, 1, 2, 0, 254)
29 (1, 4, 33, 0, 102, 63, 0, 34, 1, 2, 0, 212)
30 (1, 4, 10, 0, 109, 51, 0, 26, 1, 2, 0, 106)
31 (1, 4, 104, 0, 193, 42, 0, 19, 1, 2, 0, 240) [FRAGMENTED]
