0 (1, 4, 316, 873, 240, 0, 0, 0, 3, 4, 0, 250)
1 (1, 4, 615, 842, 0, 0, 0, 99, 3, 4, 0, 228)
2 (1, 4, 364, 126, 0, 0, 0, 137, 3, 4, 0, 236)
3 (1, 4, 429, 0, 0, 0, 0, 82, 3, 4, 0, 202)
4 (1, 4, 378, 0, 0, 0, 0, 52, 3, 3, 0, 162)
5 (1, 4, 320, 0, 0, 0, 0, 25, 3, 3, 0, 8)
6 (1, 4, 231, 0, 0, 0, 6, 0, 3, 3, 0, 5)
7 (1, 4, 199, 0, 97, 0, 16, 0, 3, 3, 0, 199)
8 (1, 4, 226, 0, 343, 0, 0, 0, 3, 3, 0, 30)
9 (1, 4, 76, 0, 611, 0, 0, 0, 3, 3, 0, 160)
10 (1, 4, 0, 0, 873, 0, 0, 0, 3, 3, 0, 175)
11 (1, 4, 31, 383, 812, 0, 0, 0, 3, 3, 0, 80)
12 (1, 4, 0, 701, 196, 0, 0, 0, 3, 3, 0, 130)
13 (1, 4, 0, 757, 77, 0, 0, 0, 3, 3, 0, 107)
14 (1, 4, 0, 873, 0, 0, 0, 0, 2, 2, 0, 3)
15 (1, 4, 0, 873, 0, 0, 0, 0, 1, 2, 0, 165)
16 (1, 4, 63, 472, 0, 0, 0, 0, 0, 3, 0, 11)
17 (1, 4, 146, 350, 0, 0, 0, 1, 0, 2, 0, 157)
18 (1, 4, 63, 210, 0, 0, 0, 24, 0, 1, 0, 223)
19 (1, 4, 54, 127, 0, 8, 0, 42, 0, 1, 0, 141)
20 (1, 4, 14, 95, 0, 29, 0, 45, 0, 1, 0, 159)
21 (1, 4, 0, 0, 11, 53, 0, 46, 0, 1, 0, 232)
22 (1, 4, 0, 0, 39, 78, 0, 40, 1, 1, 0, 72)
23 (1, 4, 13, 0, 65, 78, 0, 37, 1, 1, 0, 58)
24 (1, 4, 4, 0, 90, 83, 0, 31, 1, 1, 0, 113)
25 (1, 4, 7, 0, 87, 65, 0, 21, 1, 1, 0, 143)
26 (1, 4, 39, 0, 142, 50, 0, 21, 1, 1, 0, 255)
27 (1, 4, 62, 0, 210, 37, 0, 11, 1, 1, 0, 88)
28 (1, 4, 22, 0, 303, 26, 0, 0, 1, 2, 0, 197)
29 (1, 4, 0, 0, 344, 16, 0, 0, 1, 2, 0, 88)
30 (1, 4, 0, 0, 365, 14, 0, 0, 1, 2, 0, 94)
31 (1, 4, 0, 0, 323, 0, 0, 0, 1, 1, 0, 106)
0 (1, 4, 0, 217, 371, 52, 0, 0, 3, 3, 0, 126)
1 (1, 4, 0, 416, 141, 57, 0, 0, 3, 3, 0, 61)
2 (1, 4, 0, 571, 0, 24, 0, 21, 3, 3, 0, 22)
3 (1, 4, 194, 474, 0, 0, 0, 105, 3, 3, 0, 236)
4 (1, 4, 88, 178, 0, 0, 0, 86, 2, 3, 0, 139)
5 (1, 4, 286, 172, 0, 0, 0, 54, 2, 3, 0, 165)
6 (1, 4, 445, 88, 0, 0, 0, 24, 3, 3, 0, 123)
7 (1, 4, 332, 0, 0, 0, 5, 23, 3, 3, 0, 252)
8 (1, 4, 303, 0, 97, 0, 26, 12, 3, 3, 0, 66)
9 (1, 4, 242, 0, 335, 0, 22, 0, 3, 3, 0, 169)
10 (1, 4, 76, 0, 546, 0, 0, 0, 3, 3, 0, 207)
11 (1, 4, 122, 0, 701, 7, 0, 0, 3, 3, 0, 70)
12 (1, 4, 0, 91, 744, 0, 0, 0, 3, 3, 0, 30)
13 (1, 4, 0, 165, 419, 28, 0, 0, 3, 3, 0, 83)
14 (1, 4, 0, 304, 156, 33, 0, 0, 3, 3, 0, 185)
15 (1, 4, 0, 693, 0, 0, 0, 0, 2, 3, 0, 7)
16 (1, 4, 0, 809, 0, 0, 0, 0, 2, 2, 0, 128)
17 (1, 4, 0, 873, 0, 0, 0, 0, 1, 1, 0, 24)
18 (1, 4, 244, 646, 0, 0, 0, 0, 0, 1, 0, 237)
19 (1, 4, 219, 394, 0, 0, 0, 15, 0, 2, 0, 117)
20 (1, 4, 131, 107, 0, 0, 0, 37, 0, 2, 0, 142)
21 (1, 4, 65, 115, 0, 7, 0, 49, 0, 1, 0, 154)
22 (1, 4, 87, 62, 0, 37, 0, 59, 0, 1, 0, 133)
23 (1, 4, 0, 4, 0, 59, 0, 49, 0, 1, 0, 165)
24 (1, 4, 25, 8, 13, 71, 0, 50, 0, 1, 0, 13)
25 (1, 4, 0, 0, 41, 72, 0, 49, 0, 1, 0, 67)
26 (1, 4, 0, 0, 91, 72, 0, 44, 1, 1, 0, 231)
27 (1, 4, 0, 0, 97, 76, 0, 36, 1, 1, 0, 99)
28 (1, 4, 0, 0, 149, 76, 0, 36, 1, 1, 0, 182)
29 (1, 4, 0, 0, 167, 68, 0, 25, 1, 2, 0, 111)
30 (1, 4, 0, 0, 153, 57, 0, 18, 1, 2, 0, 255)
31 (1, 4, 0, 0, 198, 53, 0, 22, 1, 2, 0, 211)
0 (1, 4, 23, 0, 873, 112, 0, 0, 1, 1, 0, 188)
1 (1, 4, 0, 559, 586, 0, 0, 0, 1, 1, 0, 27)
2 (1, 4, 182, 865, 274, 0, 0, 0, 1, 1, 0, 176)
3 (1, 4, 378, 873, 0, 0, 0, 0, 0, 1, 0, 186)
4 (1, 4, 295, 522, 0, 0, 0, 54, 0, 1, 0, 87)
5 (1, 4, 539, 0, 0, 0, 0, 59, 0, 0, 0, 6)
6 (1, 4, 658, 0, 0, 0, 0, 22, 0, 1, 0, 231)
7 (1, 4, 341, 0, 0, 0, 15, 22, 0, 1, 0, 254)
8 (1, 4, 407, 0, 0, 0, 18, 11, 0, 1, 0, 51)
9 (1, 4, 366, 0, 304, 0, 29, 0, 0, 1, 0, 15)
10 (1, 4, 80, 0, 488, 0, 0, 0, 0, 1, 0, 105)
11 (1, 4, 197, 0, 581, 7, 0, 0, 0, 1, 0, 105)
12 (1, 4, 82, 0, 690, 0, 0, 0, 0, 0, 0, 238)
13 (1, 4, 0, 85, 513, 0, 0, 0, 0, 0, 0, 221)
14 (1, 4, 0, 381, 438, 0, 0, 0, 0, 0, 0, 59)
15 (1, 4, 0, 873, 291, 0, 0, 0, 0, 0, 0, 9)
16 (1, 4, 0, 873, 143, 0, 0, 0, 0, 0, 0, 185)
17 (1, 4, 3, 839, 126, 0, 0, 0, 0, 0, 0, 114)
18 (1, 4, 134, 554, 0, 0, 0, 0, 0, 0, 0, 158)
19 (1, 4, 0, 374, 0, 0, 0, 0, 0, 1, 0, 103)
20 (1, 4, 51, 429, 0, 0, 0, 7, 0, 1, 0, 201)
21 (1, 4, 177, 397, 0, 0, 0, 36, 0, 1, 0, 197)
22 (1, 4, 37, 250, 0, 9, 0, 62, 1, 1, 0, 202)
23 (1, 4, 2, 149, 0, 21, 4, 72, 1, 1, 0, 188)
24 (1, 4, 0, 57, 6, 39, 9, 73, 1, 1, 0, 223)
25 (1, 4, 0, 4, 45, 52, 0, 77, 1, 1, 0, 66)
26 (1, 4, 0, 0, 82, 55, 0, 74, 1, 1, 0, 137)
27 (1, 4, 13, 0, 135, 55, 0, 66, 1, 1, 0, 154)
28 (1, 4, 0, 0, 137, 65, 0, 55, 1, 1, 0, 5)
29 (1, 4, 0, 0, 168, 57, 0, 47, 1, 1, 0, 101)
30 (1, 4, 0, 0, 228, 60, 0, 31, 1, 1, 0, 109)
31 (1, 4, 4, 0, 228, 41, 0, 7, 1, 1, 0, 248)
0 (1, 4, 0, 0, 0, 0, 0, 4, 1, 1, 0, 2)
1 (1, 4, 0, 0, 0, 0, 0, 10, 1, 1, 0, 36)
2 (1, 4, 15, 0, 0, 0, 0, 9, 1, 1, 0, 24)
3 (1, 4, 0, 0, 0, 0, 0, 10, 1, 1, 0, 36)
4 (1, 4, 270, 112, 0, 0, 0, 9, 1, 1, 0, 52)
5 (1, 4, 291, 0, 0, 0, 0, 14, 1, 1, 0, 134)
6 (1, 4, 108, 0, 0, 0, 0, 45, 1, 1, 0, 144)
7 (1, 4, 311, 0, 0, 0, 0, 25, 1, 1, 0, 158)
8 (1, 4, 258, 0, 0, 0, 0, 0, 1, 1, 0, 105)
9 (1, 4, 107, 0, 0, 0, 4, 0, 1, 1, 0, 184)
10 (1, 4, 108, 0, 0, 0, 12, 0, 1, 1, 0, 83)
11 (1, 4, 0, 0, 330, 0, 10, 0, 1, 1, 0, 113)
12 (1, 4, 69, 0, 479, 77, 0, 0, 1, 1, 0, 247)
13 (1, 4, 0, 267, 560, 56, 0, 0, 1, 1, 0, 36)
14 (1, 4, 0, 312, 331, 57, 0, 0, 1, 1, 0, 218)
15 (1, 4, 116, 767, 254, 0, 0, 0, 1, 1, 0, 250)
16 (1, 4, 388, 757, 0, 0, 0, 0, 1, 1, 0, 219)
17 (1, 4, 428, 394, 0, 0, 0, 36, 1, 1, 0, 1)
18 (1, 4, 327, 139, 0, 0, 0, 40, 1, 1, 0, 247)
19 (1, 4, 372, 0, 0, 0, 0, 47, 1, 1, 0, 187)
20 (1, 4, 304, 0, 0, 0, 2, 36, 1, 1, 0, 116)
21 (1, 4, 222, 0, 0, 0, 18, 15, 1, 1, 0, 209)
22 (1, 4, 98, 0, 151, 0, 11, 0, 1, 1, 0, 4)
23 (1, 4, 78, 0, 339, 0, 0, 0, 1, 1, 0, 200)
24 (1, 4, 180, 0, 432, 0, 0, 0, 1, 1, 0, 80)
25 (1, 4, 83, 0, 517, 0, 0, 0, 1, 1, 0, 124)
26 (1, 4, 0, 0, 563, 0, 0, 0, 1, 1, 0, 247)
27 (1, 4, 145, 145, 472, 0, 0, 0, 1, 1, 0, 205)
28 (1, 4, 128, 723, 346, 0, 0, 0, 1, 1, 0, 222)
29 (1, 4, 0, 845, 165, 0, 0, 0, 0, 1, 0, 167)
30 (1, 4, 0, 844, 0, 0, 0, 0, 0, 1, 0, 215)
31 (1, 4, 0, 873, 5, 0, 0, 0, 0, 0, 0, 219)
0 (1, 4, 0, 0, 501, 0, 0, 0, 1, 1, 0, 107)
1 (1, 4, 83, 0, 712, 0, 0, 0, 1, 1, 0, 0)
2 (1, 4, 0, 33, 873, 0, 0, 0, 1, 1, 0, 202)
3 (1, 4, 60, 520, 738, 0, 0, 0, 1, 1, 0, 7)
4 (1, 4, 0, 873, 483, 0, 0, 0, 1, 1, 0, 10)
5 (1, 4, 0, 873, 64, 0, 0, 0, 1, 1, 0, 227)
6 (1, 4, 0, 873, 0, 0, 0, 0, 1, 1, 0, 24)
7 (1, 4, 0, 873, 3, 0, 0, 0, 0, 1, 0, 193)
8 (1, 4, 271, 873, 0, 0, 0, 0, 0, 1, 0, 34)
9 (1, 4, 165, 594, 0, 0, 0, 0, 1, 1, 0, 209)
10 (1, 4, 173, 513, 0, 0, 0, 26, 1, 1, 0, 27)
11 (1, 4, 106, 366, 0, 0, 23, 67, 1, 1, 0, 59)
12 (1, 4, 37, 200, 1, 0, 15, 94, 1, 1, 0, 58)
13 (1, 4, 0, 85, 47, 0, 12, 97, 1, 1, 0, 68)
14 (1, 4, 1, 13, 86, 20, 3, 95, 1, 1, 0, 63)
15 (1, 4, 0, 0, 120, 30, 0, 90, 1, 1, 0, 57)
16 (1, 4, 0, 0, 157, 36, 0, 79, 1, 1, 0, 166)
17 (1, 4, 0, 0, 173, 43, 0, 77, 1, 1, 0, 59)
18 (1, 4, 154, 0, 383, 51, 0, 60, 1, 1, 0, 66)
19 (1, 4, 7, 89, 401, 42, 0, 72, 1, 1, 0, 126)
20 (1, 4, 0, 16, 228, 20, 0, 77, 1, 1, 0, 50)
21 (1, 4, 0, 42, 281, 23, 0, 88, 1, 1, 0, 183)
22 (1, 4, 0, 0, 166, 3, 0, 83, 1, 1, 0, 216)
23 (1, 4, 0, 0, 186, 6, 0, 67, 1, 1, 0, 245)
24 (1, 4, 0, 0, 228, 0, 0, 63, 1, 1, 0, 86)
25 (1, 4, 74, 0, 205, 0, 0, 72, 1, 1, 0, 65)
26 (1, 4, 0, 95, 248, 0, 0, 74, 1, 1, 0, 5)
27 (1, 4, 0, 0, 154, 0, 0, 64, 1, 1, 0, 47)
28 (1, 4, 0, 33, 136, 0, 0, 64, 1, 1, 0, 8)
0 (1, 4, 353, 147, 26, 0, 0, 54, 1, 1, 0, 223)
1 (1, 4, 348, 0, 0, 0, 0, 40, 1, 1, 0, 31)
2 (1, 4, 225, 0, 0, 0, 0, 49, 1, 1, 0, 143)
3 (1, 4, 84, 0, 0, 0, 0, 66, 1, 1, 0, 218)
4 (1, 4, 155, 0, 0, 0, 0, 41, 1, 1, 0, 116)
5 (1, 4, 132, 0, 33, 0, 5, 10, 1, 1, 0, 249)
6 (1, 4, 0, 0, 104, 0, 7, 0, 1, 1, 0, 166)
7 (1, 4, 0, 0, 321, 15, 0, 0, 1, 1, 0, 224)
8 (1, 4, 0, 0, 516, 35, 0, 0, 1, 1, 0, 91)
9 (1, 4, 0, 0, 866, 44, 0, 0, 1, 1, 0, 215)
10 (1, 4, 0, 422, 699, 0, 0, 0, 1, 1, 0, 43)
11 (1, 4, 279, 829, 292, 0, 0, 0, 1, 1, 0, 21)
12 (1, 4, 525, 675, 25, 0, 0, 0, 1, 1, 0, 180)
13 (1, 4, 271, 383, 0, 0, 0, 13, 1, 1, 0, 27)
14 (1, 4, 334, 111, 0, 0, 0, 37, 1, 1, 0, 83)
15 (1, 4, 214, 0, 0, 0, 2, 38, 1, 1, 0, 176)
16 (1, 4, 176, 0, 0, 0, 33, 23, 1, 1, 0, 241)
17 (1, 4, 346, 0, 0, 0, 42, 0, 1, 1, 0, 78)
18 (1, 4, 537, 0, 321, 0, 0, 0, 1, 1, 0, 223)
19 (1, 4, 0, 0, 468, 0, 0, 0, 1, 1, 0, 1)
20 (1, 4, 196, 39, 521, 0, 0, 0, 0, 1, 0, 227)
21 (1, 4, 0, 308, 310, 23, 0, 0, 0, 1, 0, 142)
22 (1, 4, 0, 531, 176, 0, 0, 0, 0, 0, 0, 122)
23 (1, 4, 0, 867, 257, 0, 0, 0, 0, 0, 0, 6)
24 (1, 4, 0, 798, 41, 0, 0, 0, 0, 0, 0, 229)
25 (1, 4, 0, 854, 0, 0, 0, 0, 0, 0, 0, 3)
26 (1, 4, 0, 810, 0, 0, 0, 0, 0, 0, 0, 74)
27 (1, 4, 98, 749, 2, 0, 0, 0, 0, 1, 0, 57)
28 (1, 4, 174, 484, 0, 0, 0, 32, 1, 1, 0, 47)
29 (1, 4, 148, 209, 32, 0, 7, 73, 1, 1, 0, 10)
30 (1, 4, 89, 112, 73, 26, 8, 74, 1, 1, 0, 117)
0 (1, 4, 362, 207, 272, 54, 0, 44, 1, 1, 0, 36)
1 (1, 4, 277, 225, 343, 31, 0, 68, 1, 2, 0, 181)
2 (1, 4, 259, 245, 386, 18, 0, 96, 2, 2, 0, 156)
3 (1, 4, 172, 243, 410, 0, 0, 116, 2, 2, 0, 13)
4 (1, 4, 24, 266, 359, 0, 0, 134, 2, 2, 0, 60)
5 (1, 4, 0, 35, 35, 0, 0, 151, 2, 2, 0, 121)
6 (1, 4, 0, 0, 0, 0, 0, 145, 2, 2, 0, 234)
7 (1, 4, 169, 0, 0, 0, 0, 95, 2, 2, 0, 175)
8 (1, 4, 393, 0, 0, 0, 27, 0, 2, 2, 0, 202)
9 (1, 4, 92, 0, 74, 0, 15, 0, 3, 3, 0, 133)
10 (1, 4, 0, 129, 873, 349, 69, 0, 5, 5, 0, 124)
11 (1, 4, 0, 873, 873, 0, 0, 0, 3, 5, 0, 189)
12 (1, 4, 486, 242, 0, 0, 0, 99, 3, 4, 0, 192)
13 (1, 4, 182, 0, 0, 0, 0, 130, 2, 4, 0, 52)
14 (1, 4, 552, 0, 93, 48, 46, 0, 4, 5, 0, 179)
15 (1, 4, 30, 873, 873, 46, 0, 0, 3, 4, 0, 49)
16 (1, 4, 517, 873, 0, 0, 0, 12, 2, 3, 0, 197)
17 (1, 4, 0, 0, 0, 0, 0, 196, 2, 3, 0, 189)
18 (1, 4, 629, 0, 0, 0, 14, 19, 2, 2, 0, 149)
19 (1, 4, 333, 0, 0, 0, 143, 0, 2, 3, 0, 87)
20 (1, 4, 837, 0, 345, 0, 33, 0, 2, 3, 0, 59)
21 (1, 4, 120, 0, 597, 0, 0, 0, 2, 2, 0, 70)
22 (1, 4, 200, 0, 747, 0, 0, 0, 2, 2, 0, 201)
23 (1, 4, 0, 851, 384, 0, 0, 0, 2, 3, 0, 185)
24 (1, 4, 0, 873, 403, 0, 0, 0, 1, 1, 0, 112)
25 (1, 4, 0, 873, 599, 0, 0, 0, 0, 0, 0, 202)
26 (1, 4, 0, 646, 0, 0, 0, 0, 0, 1, 0, 110)
27 (1, 4, 104, 661, 93, 0, 0, 0, 0, 1, 0, 27)
28 (1, 4, 0, 313, 0, 0, 0, 19, 0, 1, 0, 224)
29 (1, 4, 190, 215, 122, 0, 0, 36, 1, 1, 0, 205)
30 (1, 4, 0, 74, 13, 25, 0, 46, 1, 1, 0, 203)
31 (1, 4, 0, 21, 34, 49, 0, 59, 1, 1, 0, 87)
0 (1, 4, 309, 0, 454, 0, 0, 0, 5, 4, 0, 13)
1 (1, 4, 0, 368, 702, 1, 0, 0, 4, 4, 0, 135)
2 (1, 4, 0, 873, 644, 0, 0, 0, 4, 4, 0, 32)
3 (1, 4, 733, 873, 10, 0, 0, 0, 4, 4, 0, 152)
4 (1, 4, 128, 406, 0, 0, 0, 37, 3, 4, 0, 95)
5 (1, 4, 496, 0, 0, 0, 0, 16, 3, 4, 0, 25)
6 (1, 4, 221, 0, 0, 0, 10, 12, 3, 4, 0, 229)
7 (1, 4, 281, 0, 0, 0, 11, 0, 3, 4, 0, 165)
8 (1, 4, 399, 0, 0, 0, 23, 0, 3, 3, 0, 197)
9 (1, 4, 382, 0, 0, 0, 0, 0, 3, 3, 0, 157)
10 (1, 4, 239, 0, 267, 0, 0, 0, 3, 3, 0, 62)
11 (1, 4, 383, 34, 406, 0, 0, 0, 2, 3, 0, 252)
12 (1, 4, 66, 146, 425, 0, 0, 0, 2, 3, 0, 229)
13 (1, 4, 0, 674, 394, 0, 0, 0, 3, 3, 0, 57)
14 (1, 4, 0, 873, 493, 0, 0, 0, 2, 3, 0, 183)
15 (1, 4, 0, 873, 484, 0, 0, 0, 2, 2, 0, 244)
16 (1, 4, 0, 873, 150, 0, 0, 0, 1, 1, 0, 231)
17 (1, 4, 0, 873, 269, 0, 0, 0, 0, 1, 0, 81)
18 (1, 4, 220, 690, 276, 0, 0, 0, 0, 1, 0, 95)
19 (1, 4, 211, 542, 232, 0, 5, 15, 0, 1, 0, 248)
20 (1, 4, 149, 284, 133, 0, 26, 48, 0, 1, 0, 196)
21 (1, 4, 63, 149, 62, 0, 25, 64, 1, 1, 0, 49)
22 (1, 4, 84, 143, 40, 0, 41, 77, 1, 1, 0, 100)
23 (1, 4, 0, 46, 16, 0, 55, 87, 1, 1, 0, 171)
24 (1, 4, 0, 0, 27, 11, 25, 89, 1, 1, 0, 72)
25 (1, 4, 0, 0, 102, 38, 5, 85, 1, 1, 0, 14)
26 (1, 4, 0, 0, 117, 55, 0, 83, 1, 1, 0, 116)
27 (1, 4, 0, 0, 79, 79, 0, 77, 1, 1, 0, 160)
28 (1, 4, 0, 0, 65, 103, 0, 61, 1, 1, 0, 75)
29 (1, 4, 0, 0, 0, 118, 0, 61, 1, 1, 0, 204)
30 (1, 4, 0, 0, 0, 125, 0, 50, 1, 1, 0, 236)
31 (1, 4, 0, 0, 0, 117, 0, 38, 1, 1, 0, 178)
0 (1, 4, 388, 0, 470, 0, 0, 0, 3, 3, 0, 19)
1 (1, 4, 312, 412, 436, 0, 0, 0, 3, 3, 0, 175)
2 (1, 4, 0, 706, 317, 0, 0, 0, 2, 2, 0, 228)
3 (1, 4, 0, 873, 108, 0, 0, 0, 1, 2, 0, 66)
4 (1, 4, 0, 873, 133, 0, 0, 0, 1, 1, 0, 35)
5 (1, 4, 0, 873, 146, 0, 0, 0, 0, 0, 0, 176)
6 (1, 4, 0, 873, 0, 0, 0, 0, 0, 2, 0, 199)
7 (1, 4, 131, 775, 0, 0, 0, 0, 0, 1, 0, 56)
8 (1, 4, 71, 599, 0, 0, 0, 0, 0, 1, 0, 155)
9 (1, 4, 287, 634, 73, 0, 0, 47, 0, 1, 0, 21)
10 (1, 4, 170, 213, 11, 0, 20, 63, 0, 1, 0, 205)
11 (1, 4, 155, 112, 0, 0, 16, 64, 0, 1, 0, 98)
12 (1, 4, 118, 38, 0, 2, 36, 75, 0, 1, 0, 243)
13 (1, 4, 69, 0, 0, 16, 41, 80, 1, 1, 0, 28)
14 (1, 4, 0, 0, 17, 42, 36, 71, 1, 1, 0, 11)
15 (1, 4, 0, 0, 35, 67, 18, 76, 1, 1, 0, 107)
16 (1, 4, 0, 0, 91, 92, 0, 75, 1, 1, 0, 155)
17 (1, 4, 0, 0, 93, 102, 0, 77, 1, 1, 0, 254)
18 (1, 4, 0, 0, 55, 106, 0, 70, 1, 1, 0, 96)
19 (1, 4, 0, 0, 15, 102, 0, 78, 1, 1, 0, 51)
20 (1, 4, 0, 11, 0, 101, 0, 72, 1, 1, 0, 236)
21 (1, 4, 0, 0, 0, 99, 0, 60, 1, 1, 0, 135)
22 (1, 4, 0, 56, 0, 94, 0, 74, 1, 1, 0, 233)
23 (1, 4, 13, 49, 0, 85, 0, 82, 1, 1, 0, 73)
24 (1, 4, 1, 36, 18, 87, 0, 83, 1, 1, 0, 190)
25 (1, 4, 2, 25, 13, 86, 0, 82, 1, 1, 0, 53)
26 (1, 4, 0, 16, 0, 84, 0, 76, 1, 1, 0, 146)
27 (1, 4, 0, 23, 0, 80, 0, 83, 1, 1, 0, 198)
28 (1, 4, 12, 11, 17, 84, 0, 85, 1, 1, 0, 221)
29 (1, 4, 0, 0, 26, 88, 0, 82, 1, 1, 0, 110)
30 (1, 4, 11, 5, 25, 92, 0, 79, 1, 1, 0, 55)
31 (1, 4, 0, 11, 4, 89, 0, 80, 1, 1, 0, 17)
0 (1, 4, 0, 0, 26, 70, 0, 76, 1, 1, 0, 214)
1 (1, 4, 0, 0, 46, 64, 0, 68, 2, 2, 0, 186)
2 (1, 4, 2, 18, 125, 51, 0, 63, 3, 3, 0, 205)
3 (1, 4, 43, 81, 216, 34, 1, 46, 3, 3, 0, 119)
4 (1, 4, 28, 97, 309, 34, 0, 36, 3, 3, 0, 44)
5 (1, 4, 2, 237, 420, 26, 0, 46, 4, 4, 0, 96)
6 (1, 4, 121, 620, 439, 0, 0, 65, 4, 4, 0, 61)
7 (1, 4, 38, 474, 231, 0, 0, 100, 4, 4, 0, 225)
8 (1, 4, 0, 346, 0, 0, 0, 137, 3, 4, 0, 21)
9 (1, 4, 0, 7, 0, 0, 0, 162, 3, 4, 0, 227)
10 (1, 4, 0, 0, 0, 0, 0, 126, 3, 3, 0, 116)
11 (1, 4, 68, 0, 0, 0, 0, 90, 3, 3, 0, 17)
12 (1, 4, 185, 0, 0, 0, 0, 29, 3, 3, 0, 186)
13 (1, 4, 183, 0, 30, 0, 0, 0, 4, 4, 0, 240)
14 (1, 4, 93, 0, 162, 0, 0, 0, 4, 4, 0, 85)
15 (1, 4, 566, 0, 680, 109, 0, 0, 4, 4, 0, 243)
16 (1, 4, 0, 573, 697, 0, 0, 0, 4, 4, 0, 10)
17 (1, 4, 117, 873, 556, 0, 0, 0, 3, 4, 0, 34)
18 (1, 4, 371, 873, 0, 0, 0, 0, 3, 4, 0, 162)
19 (1, 4, 217, 705, 0, 0, 0, 9, 3, 4, 0, 190)
20 (1, 4, 545, 50, 0, 0, 0, 62, 3, 4, 0, 36)
21 (1, 4, 453, 0, 0, 0, 0, 32, 3, 4, 0, 122)
22 (1, 4, 399, 0, 156, 0, 0, 14, 3, 3, 0, 98)
23 (1, 4, 523, 0, 0, 0, 0, 0, 3, 3, 0, 3)
24 (1, 4, 452, 0, 0, 0, 0, 0, 3, 3, 0, 195)
25 (1, 4, 448, 0, 24, 0, 39, 0, 3, 3, 0, 93)
26 (1, 4, 149, 0, 293, 0, 36, 0, 3, 3, 0, 33)
27 (1, 4, 253, 0, 653, 0, 0, 0, 3, 3, 0, 165)
28 (1, 4, 588, 262, 519, 0, 0, 0, 3, 3, 0, 173)
29 (1, 4, 206, 873, 480, 0, 0, 0, 1, 2, 0, 196)
30 (1, 4, 0, 873, 630, 0, 0, 0, 1, 1, 0, 169)
31 (1, 4, 0, 873, 463, 0, 0, 0, 1, 1, 0, 22)
0 (1, 4, 329, 0, 576, 50, 0, 0, 5, 4, 0, 172)
1 (1, 4, 0, 481, 873, 0, 0, 0, 4, 4, 0, 128)
2 (1, 4, 145, 760, 361, 0, 0, 0, 4, 4, 0, 142)
3 (1, 4, 163, 873, 0, 0, 0, 0, 3, 6, 0, 10)
4 (1, 4, 412, 873, 0, 0, 0, 0, 3, 5, 0, 200)
5 (1, 4, 491, 90, 0, 0, 0, 39, 3, 5, 0, 173)
6 (1, 4, 660, 0, 0, 0, 0, 5, 3, 4, 0, 16)
7 (1, 4, 643, 0, 0, 0, 16, 0, 3, 4, 0, 245)
8 (1, 4, 692, 0, 52, 0, 3, 0, 3, 3, 0, 63)
9 (1, 4, 694, 0, 332, 0, 10, 0, 3, 3, 0, 0)
10 (1, 4, 651, 0, 549, 0, 0, 0, 3, 3, 0, 152)
11 (1, 4, 347, 25, 739, 0, 0, 0, 3, 3, 0, 254)
12 (1, 4, 105, 61, 709, 0, 0, 0, 3, 3, 0, 80)
13 (1, 4, 180, 699, 459, 0, 0, 0, 3, 3, 0, 59)
14 (1, 4, 0, 873, 265, 0, 0, 0, 2, 2, 0, 118)
15 (1, 4, 0, 863, 0, 0, 0, 0, 1, 2, 0, 177)
16 (1, 4, 0, 751, 0, 0, 0, 0, 1, 1, 0, 75)
17 (1, 4, 0, 823, 0, 0, 0, 0, 0, 1, 0, 156)
18 (1, 4, 0, 829, 45, 0, 0, 0, 0, 1, 0, 202)
19 (1, 4, 0, 534, 0, 0, 0, 0, 0, 1, 0, 14)
20 (1, 4, 0, 344, 0, 0, 0, 0, 0, 1, 0, 161)
21 (1, 4, 69, 263, 0, 0, 0, 23, 0, 1, 0, 141)
22 (1, 4, 13, 155, 0, 22, 0, 51, 0, 1, 0, 249)
23 (1, 4, 12, 56, 11, 45, 0, 55, 0, 1, 0, 89)
24 (1, 4, 0, 0, 0, 70, 0, 48, 1, 1, 0, 146)
25 (1, 4, 22, 0, 32, 87, 0, 41, 1, 1, 0, 166)
26 (1, 4, 79, 7, 34, 91, 0, 42, 1, 1, 0, 126)
27 (1, 4, 187, 0, 2, 104, 0, 30, 1, 1, 0, 57)
28 (1, 4, 0, 0, 0, 102, 0, 33, 1, 2, 0, 202)
29 (1, 4, 0, 0, 12, 104, 0, 35, 2, 2, 0, 141)
0 (1, 4, 0, 5, 0, 99, 0, 20, 2, 2, 0, 184)
1 (1, 4, 0, 7, 0, 96, 0, 23, 2, 2, 0, 146)
2 (1, 4, 0, 9, 11, 94, 0, 27, 2, 2, 0, 170)
3 (1, 4, 8, 8, 25, 93, 0, 30, 2, 2, 0, 180)
4 (1, 4, 2, 0, 25, 94, 0, 29, 2, 2, 0, 44)
5 (1, 4, 21, 0, 31, 95, 0, 23, 2, 2, 0, 219)
6 (1, 4, 44, 0, 121, 97, 0, 0, 2, 2, 0, 146)
7 (1, 4, 269, 260, 406, 129, 0, 0, 2, 2, 0, 7)
8 (1, 4, 334, 433, 200, 85, 0, 18, 2, 2, 0, 220)
9 (1, 4, 211, 462, 70, 37, 0, 83, 2, 2, 0, 145)
10 (1, 4, 462, 144, 178, 4, 0, 107, 3, 3, 0, 132)
11 (1, 4, 322, 0, 55, 8, 0, 109, 4, 4, 0, 245)
12 (1, 4, 317, 0, 81, 7, 0, 108, 5, 5, 0, 6)
13 (1, 4, 333, 0, 179, 4, 0, 99, 4, 5, 0, 201)
14 (1, 4, 357, 0, 296, 0, 0, 83, 4, 4, 0, 207)
15 (1, 4, 184, 0, 365, 0, 0, 42, 4, 4, 0, 196)
16 (1, 4, 15, 0, 383, 0, 0, 0, 4, 4, 0, 126)
17 (1, 4, 21, 0, 365, 0, 0, 0, 4, 4, 0, 162)
18 (1, 4, 195, 0, 408, 0, 0, 0, 4, 4, 0, 187)
19 (1, 4, 220, 0, 570, 0, 0, 0, 4, 4, 0, 198)
20 (1, 4, 179, 0, 709, 20, 0, 0, 4, 4, 0, 139)
21 (1, 4, 328, 767, 735, 36, 0, 0, 4, 4, 0, 255)
22 (1, 4, 640, 873, 397, 0, 0, 0, 3, 4, 0, 215)
23 (1, 4, 825, 873, 0, 0, 0, 0, 3, 4, 0, 67)
24 (1, 4, 287, 433, 0, 0, 0, 0, 3, 4, 0, 57)
25 (1, 4, 478, 184, 0, 0, 0, 7, 3, 4, 0, 91)
26 (1, 4, 306, 0, 0, 0, 24, 66, 3, 4, 0, 242)
27 (1, 4, 377, 0, 0, 0, 45, 70, 3, 4, 0, 126)
28 (1, 4, 315, 0, 20, 0, 26, 0, 3, 3, 0, 181)
29 (1, 4, 483, 0, 418, 28, 0, 0, 3, 3, 0, 32)
30 (1, 4, 508, 0, 554, 0, 0, 0, 3, 3, 0, 67)
31 (1, 4, 0, 0, 278, 0, 0, 0, 3, 3, 0, 54)
0 (1, 4, 436, 76, 0, 0, 0, 63, 2, 2, 0, 5)
1 (1, 4, 545, 0, 0, 0, 0, 16, 2, 2, 0, 114)
2 (1, 4, 319, 0, 0, 0, 8, 7, 2, 2, 0, 193)
3 (1, 4, 289, 0, 0, 0, 14, 3, 2, 2, 0, 17)
4 (1, 4, 345, 0, 240, 0, 3, 0, 2, 2, 0, 121)
5 (1, 4, 170, 0, 356, 0, 0, 0, 2, 2, 0, 212)
6 (1, 4, 87, 0, 344, 1, 0, 0, 2, 2, 0, 85)
7 (1, 4, 90, 0, 466, 9, 0, 0, 2, 2, 0, 137)
8 (1, 4, 69, 0, 572, 0, 0, 0, 2, 2, 0, 10)
9 (1, 4, 0, 0, 560, 0, 0, 0, 2, 2, 0, 87)
10 (1, 4, 0, 540, 403, 0, 0, 0, 2, 2, 0, 193)
11 (1, 4, 0, 873, 402, 0, 0, 0, 1, 1, 0, 228)
12 (1, 4, 0, 873, 315, 0, 0, 0, 1, 1, 0, 195)
13 (1, 4, 0, 873, 147, 0, 0, 0, 0, 1, 0, 79)
14 (1, 4, 189, 690, 0, 0, 0, 0, 0, 2, 0, 222)
15 (1, 4, 57, 337, 0, 0, 0, 0, 0, 2, 0, 67)
16 (1, 4, 57, 198, 0, 0, 0, 27, 0, 1, 0, 38)
17 (1, 4, 0, 113, 0, 5, 0, 39, 0, 1, 0, 81)
18 (1, 4, 0, 31, 0, 28, 0, 49, 0, 1, 0, 27)
19 (1, 4, 0, 11, 11, 51, 0, 47, 0, 1, 0, 30)
20 (1, 4, 0, 0, 37, 66, 0, 46, 1, 1, 0, 47)
21 (1, 4, 0, 0, 66, 83, 0, 44, 1, 1, 0, 158)
22 (1, 4, 0, 0, 72, 92, 0, 35, 1, 1, 0, 81)
23 (1, 4, 0, 0, 11, 96, 0, 35, 2, 2, 0, 144)
24 (1, 4, 11, 0, 14, 93, 0, 31, 2, 2, 0, 80)
25 (1, 4, 0, 0, 4, 94, 0, 28, 2, 2, 0, 230)
26 (1, 4, 1, 0, 24, 90, 0, 31, 2, 2, 0, 111)
27 (1, 4, 38, 12, 25, 88, 0, 35, 2, 2, 0, 172)
28 (1, 4, 19, 3, 16, 84, 0, 37, 2, 2, 0, 108)
29 (1, 4, 33, 0, 18, 82, 0, 42, 2, 2, 0, 27)
30 (1, 4, 15, 0, 13, 84, 0, 33, 2, 2, 0, 96)
31 (1, 4, 23, 0, 16, 85, 0, 28, 2, 2, 0, 212)
0 (1, 4, 83, 55, 160, 70, 0, 27, 2, 2, 0, 113)
1 (1, 4, 239, 175, 281, 51, 0, 26, 2, 2, 0, 170)
2 (1, 4, 399, 238, 131, 33, 0, 44, 2, 2, 0, 231)
3 (1, 4, 411, 162, 0, 9, 0, 77, 2, 2, 0, 181)
4 (1, 4, 150, 0, 17, 2, 0, 110, 2, 2, 0, 170)
5 (1, 4, 257, 0, 48, 18, 0, 130, 3, 3, 0, 18)
6 (1, 4, 304, 0, 101, 3, 0, 116, 3, 3, 0, 236)
7 (1, 4, 344, 0, 188, 0, 0, 64, 2, 3, 0, 203)
8 (1, 4, 267, 0, 203, 0, 0, 0, 2, 3, 0, 106)
9 (1, 4, 209, 0, 228, 0, 0, 0, 3, 3, 0, 189)
10 (1, 4, 422, 0, 377, 0, 0, 0, 3, 3, 0, 158)
11 (1, 4, 219, 0, 795, 0, 0, 0, 4, 4, 0, 219)
12 (1, 4, 0, 174, 873, 0, 0, 0, 4, 4, 0, 87)
13 (1, 4, 167, 508, 580, 0, 0, 0, 3, 4, 0, 57)
14 (1, 4, 92, 558, 35, 0, 0, 0, 3, 4, 0, 28)
15 (1, 4, 202, 873, 0, 0, 0, 0, 3, 3, 0, 250)
16 (1, 4, 370, 595, 0, 0, 0, 0, 3, 3, 0, 34)
17 (1, 4, 365, 309, 0, 0, 0, 15, 3, 3, 0, 191)
18 (1, 4, 458, 145, 0, 0, 0, 28, 3, 3, 0, 14)
19 (1, 4, 493, 3, 0, 0, 0, 37, 3, 3, 0, 169)
20 (1, 4, 448, 0, 0, 0, 0, 37, 2, 3, 0, 146)
21 (1, 4, 356, 0, 75, 0, 19, 18, 2, 2, 0, 128)
22 (1, 4, 215, 0, 227, 0, 24, 0, 2, 2, 0, 49)
23 (1, 4, 89, 0, 377, 0, 2, 0, 2, 2, 0, 134)
24 (1, 4, 98, 0, 462, 0, 0, 0, 2, 2, 0, 164)
25 (1, 4, 138, 0, 529, 3, 0, 0, 2, 2, 0, 101)
26 (1, 4, 226, 0, 501, 0, 0, 0, 2, 2, 0, 55)
27 (1, 4, 13, 0, 513, 0, 0, 0, 2, 2, 0, 4)
28 (1, 4, 385, 428, 402, 0, 0, 0, 2, 2, 0, 198)
29 (1, 4, 478, 873, 137, 0, 0, 0, 2, 2, 0, 240)
30 (1, 4, 349, 873, 0, 0, 0, 0, 2, 2, 0, 46)
0 (1, 4, 0, 0, 97, 0, 0, 127, 4, 4, 0, 5)
1 (1, 4, 87, 0, 0, 0, 0, 110, 4, 4, 0, 219)
2 (1, 4, 178, 0, 0, 0, 0, 78, 4, 4, 0, 23)
3 (1, 4, 148, 0, 0, 0, 0, 12, 3, 4, 0, 33)
4 (1, 4, 78, 0, 0, 0, 0, 0, 3, 4, 0, 174)
5 (1, 4, 535, 0, 115, 0, 0, 0, 3, 4, 0, 124)
6 (1, 4, 428, 0, 501, 3, 59, 0, 4, 4, 0, 61)
7 (1, 4, 0, 35, 774, 51, 0, 0, 4, 4, 0, 233)
8 (1, 4, 0, 467, 631, 74, 0, 0, 4, 4, 0, 178)
9 (1, 4, 0, 734, 182, 32, 0, 0, 4, 4, 0, 152)
10 (1, 4, 146, 873, 0, 0, 0, 0, 3, 4, 0, 245)
11 (1, 4, 530, 744, 0, 0, 0, 39, 3, 3, 0, 17)
12 (1, 4, 452, 104, 0, 0, 0, 46, 3, 3, 0, 182)
13 (1, 4, 516, 0, 0, 0, 0, 21, 3, 3, 0, 32)
14 (1, 4, 352, 0, 0, 0, 0, 12, 3, 3, 0, 182)
15 (1, 4, 381, 0, 0, 0, 11, 17, 3, 3, 0, 201)
16 (1, 4, 381, 0, 190, 0, 26, 10, 3, 3, 0, 215)
17 (1, 4, 221, 0, 377, 0, 21, 0, 3, 3, 0, 79)
18 (1, 4, 168, 0, 438, 0, 0, 0, 3, 3, 0, 155)
19 (1, 4, 240, 0, 671, 0, 0, 0, 3, 3, 0, 179)
20 (1, 4, 104, 0, 873, 0, 0, 0, 3, 3, 0, 145)
21 (1, 4, 215, 145, 574, 0, 0, 0, 4, 4, 0, 47)
22 (1, 4, 71, 811, 351, 0, 0, 0, 5, 5, 0, 241)
23 (1, 4, 249, 873, 164, 0, 0, 0, 5, 5, 0, 168)
24 (1, 4, 0, 873, 0, 0, 0, 0, 4, 5, 0, 94)
25 (1, 4, 0, 873, 0, 0, 0, 0, 4, 5, 0, 94)
26 (1, 4, 0, 672, 0, 0, 0, 0, 3, 4, 0, 125)
27 (1, 4, 0, 409, 0, 0, 0, 0, 1, 2, 0, 73)
28 (1, 4, 29, 381, 0, 0, 0, 28, 0, 2, 0, 91)
29 (1, 4, 90, 314, 0, 0, 0, 50, 0, 1, 0, 67)
0 (1, 4, 293, 0, 481, 15, 38, 0, 5, 5, 0, 36)
1 (1, 4, 148, 0, 749, 20, 0, 0, 5, 5, 0, 45)
2 (1, 4, 0, 142, 732, 0, 0, 0, 4, 5, 0, 25)
3 (1, 4, 226, 873, 689, 0, 0, 0, 4, 5, 0, 71)
4 (1, 4, 195, 873, 87, 0, 0, 0, 4, 4, 0, 218)
5 (1, 4, 145, 744, 0, 0, 0, 0, 4, 4, 0, 159)
6 (1, 4, 398, 372, 0, 0, 0, 0, 4, 4, 0, 6)
7 (1, 4, 626, 114, 0, 0, 0, 7, 4, 4, 0, 178)
8 (1, 4, 495, 0, 0, 0, 0, 19, 4, 4, 0, 236)
9 (1, 4, 480, 0, 0, 0, 4, 17, 4, 4, 0, 236)
10 (1, 4, 503, 0, 47, 0, 23, 0, 4, 4, 0, 131)
11 (1, 4, 261, 0, 56, 0, 10, 0, 4, 4, 0, 96)
12 (1, 4, 395, 0, 246, 0, 0, 0, 4, 4, 0, 213)
13 (1, 4, 424, 0, 408, 0, 0, 0, 4, 4, 0, 149)
14 (1, 4, 438, 0, 641, 0, 0, 0, 4, 4, 0, 145)
15 (1, 4, 787, 805, 521, 4, 0, 0, 4, 4, 0, 197)
16 (1, 4, 462, 873, 145, 0, 0, 0, 4, 4, 0, 229)
17 (1, 4, 236, 873, 97, 0, 0, 0, 3, 4, 0, 158)
18 (1, 4, 97, 873, 0, 0, 0, 0, 3, 4, 0, 92)
19 (1, 4, 0, 741, 0, 0, 0, 0, 2, 2, 0, 142)
20 (1, 4, 54, 602, 0, 0, 0, 0, 0, 2, 0, 90)
21 (1, 4, 95, 407, 0, 0, 0, 0, 0, 2, 0, 28)
22 (1, 4, 0, 237, 0, 0, 0, 0, 0, 1, 0, 137)
23 (1, 4, 11, 235, 0, 0, 0, 0, 0, 1, 0, 92)
24 (1, 4, 0, 182, 0, 3, 0, 30, 0, 1, 0, 212)
25 (1, 4, 3, 151, 0, 17, 0, 46, 0, 1, 0, 10)
26 (1, 4, 0, 16, 0, 45, 0, 52, 0, 0, 0, 106)
27 (1, 4, 0, 0, 0, 66, 0, 40, 0, 0, 0, 222)
28 (1, 4, 7, 0, 53, 82, 0, 38, 0, 0, 0, 110)
29 (1, 4, 36, 0, 54, 94, 0, 22, 0, 1, 0, 157)
30 (1, 4, 17, 0, 22, 100, 0, 16, 0, 1, 0, 102)
0 (1, 4, 0, 0, 0, 0, 0, 33, 3, 4, 0, 13)
1 (1, 4, 158, 0, 0, 0, 0, 39, 3, 3, 0, 118)
2 (1, 4, 255, 0, 0, 0, 0, 0, 3, 3, 0, 132)
3 (1, 4, 332, 0, 0, 0, 40, 0, 4, 4, 0, 85)
4 (1, 4, 494, 0, 69, 0, 72, 0, 4, 4, 0, 189)
5 (1, 4, 122, 0, 527, 38, 0, 0, 5, 4, 0, 178)
6 (1, 4, 129, 389, 873, 48, 0, 0, 4, 5, 0, 117)
7 (1, 4, 70, 740, 579, 0, 0, 0, 4, 5, 0, 49)
8 (1, 4, 385, 873, 28, 0, 0, 0, 4, 4, 0, 177)
9 (1, 4, 350, 776, 0, 0, 0, 0, 3, 4, 0, 215)
10 (1, 4, 360, 282, 0, 0, 0, 0, 3, 3, 0, 3)
11 (1, 4, 498, 0, 0, 0, 0, 0, 3, 3, 0, 192)
12 (1, 4, 334, 0, 0, 0, 0, 0, 3, 3, 0, 186)
13 (1, 4, 385, 0, 0, 0, 0, 0, 3, 3, 0, 124)
14 (1, 4, 470, 0, 0, 0, 0, 0, 3, 4, 0, 41)
15 (1, 4, 346, 0, 43, 0, 0, 0, 4, 4, 0, 164)
16 (1, 4, 211, 0, 21, 0, 0, 0, 4, 4, 0, 129)
17 (1, 4, 209, 0, 119, 0, 0, 0, 4, 4, 0, 183)
18 (1, 4, 121, 0, 134, 0, 0, 0, 4, 4, 0, 10)
19 (1, 4, 15, 0, 209, 0, 0, 0, 4, 4, 0, 225)
20 (1, 4, 256, 0, 430, 0, 0, 0, 4, 4, 0, 199)
21 (1, 4, 244, 104, 416, 1, 0, 0, 4, 4, 0, 102)
22 (1, 4, 208, 620, 281, 0, 0, 0, 4, 4, 0, 201)
23 (1, 4, 0, 694, 80, 0, 0, 0, 4, 4, 0, 6)
24 (1, 4, 0, 873, 0, 0, 0, 0, 4, 4, 0, 53)
25 (1, 4, 0, 873, 0, 0, 0, 0, 3, 3, 0, 10)
26 (1, 4, 0, 873, 0, 0, 0, 0, 2, 2, 0, 3)
27 (1, 4, 0, 555, 0, 0, 0, 0, 1, 2, 0, 174)
28 (1, 4, 0, 460, 0, 0, 0, 16, 0, 2, 0, 117)
29 (1, 4, 65, 248, 5, 0, 0, 53, 0, 1, 0, 18)
0 (1, 4, 122, 0, 118, 56, 0, 0, 2, 2, 0, 67)
1 (1, 4, 37, 0, 107, 59, 0, 0, 2, 2, 0, 88)
2 (1, 4, 39, 0, 143, 65, 0, 0, 2, 2, 0, 227)
3 (1, 4, 55, 0, 160, 53, 0, 0, 2, 2, 0, 19)
4 (1, 4, 31, 0, 161, 47, 0, 0, 2, 2, 0, 1)
5 (1, 4, 4, 0, 162, 37, 0, 0, 2, 2, 0, 254)
6 (1, 4, 15, 0, 187, 33, 0, 0, 2, 2, 0, 183)
7 (1, 4, 19, 0, 174, 51, 0, 0, 2, 2, 0, 99)
8 (1, 4, 7, 0, 82, 63, 0, 0, 2, 2, 0, 86)
9 (1, 4, 322, 179, 25, 88, 0, 0, 2, 2, 0, 12)
10 (1, 4, 279, 420, 0, 26, 0, 0, 2, 2, 0, 105)
11 (1, 4, 482, 302, 0, 0, 0, 37, 1, 2, 0, 167)
12 (1, 4, 524, 0, 0, 0, 0, 52, 1, 2, 0, 129)
13 (1, 4, 577, 0, 0, 0, 0, 45, 1, 1, 0, 21)
14 (1, 4, 861, 0, 182, 0, 0, 8, 0, 1, 0, 215)
15 (1, 4, 426, 0, 241, 0, 0, 0, 0, 0, 0, 221)
16 (1, 4, 266, 0, 490, 0, 0, 0, 0, 0, 0, 42)
17 (1, 4, 104, 0, 709, 0, 0, 0, 0, 0, 0, 58)
18 (1, 4, 0, 0, 745, 41, 0, 0, 0, 0, 0, 22)
19 (1, 4, 0, 538, 702, 55, 0, 0, 0, 0, 0, 72)
20 (1, 4, 0, 873, 432, 0, 0, 0, 0, 0, 0, 60)
21 (1, 4, 0, 873, 52, 0, 0, 0, 0, 0, 0, 206)
22 (1, 4, 456, 645, 0, 0, 0, 0, 0, 0, 0, 51)
23 (1, 4, 515, 332, 0, 0, 0, 9, 0, 0, 0, 82)
24 (1, 4, 786, 0, 0, 0, 0, 0, 0, 0, 0, 132)
25 (1, 4, 614, 0, 0, 0, 22, 0, 0, 0, 0, 132)
26 (1, 4, 505, 0, 101, 0, 45, 0, 1, 1, 0, 41)
27 (1, 4, 418, 0, 495, 0, 23, 0, 1, 1, 0, 166)
28 (1, 4, 70, 0, 546, 0, 0, 0, 1, 1, 0, 177)
29 (1, 4, 162, 0, 402, 0, 0, 0, 1, 1, 0, 69)
30 (1, 4, 0, 0, 645, 0, 0, 0, 0, 1, 0, 148)
0 (1, 4, 298, 0, 0, 0, 0, 79, 5, 6, 0, 251)
1 (1, 4, 326, 0, 0, 0, 0, 76, 5, 6, 0, 155)
2 (1, 4, 346, 0, 5, 0, 0, 50, 5, 6, 0, 232)
3 (1, 4, 280, 0, 74, 0, 0, 14, 5, 6, 0, 50)
4 (1, 4, 186, 0, 165, 0, 6, 0, 5, 6, 0, 100)
5 (1, 4, 150, 0, 250, 0, 13, 0, 5, 5, 0, 193)
6 (1, 4, 44, 0, 389, 0, 0, 0, 5, 5, 0, 186)
7 (1, 4, 204, 0, 873, 29, 0, 0, 5, 5, 0, 33)
8 (1, 4, 84, 382, 610, 37, 0, 0, 5, 5, 0, 217)
9 (1, 4, 68, 873, 233, 6, 0, 0, 5, 6, 0, 174)
10 (1, 4, 0, 873, 0, 0, 0, 0, 4, 6, 0, 227)
11 (1, 4, 257, 651, 0, 0, 0, 30, 4, 6, 0, 210)
12 (1, 4, 376, 354, 0, 0, 0, 41, 4, 5, 0, 176)
13 (1, 4, 395, 0, 0, 0, 0, 38, 4, 5, 0, 41)
14 (1, 4, 427, 0, 0, 0, 0, 36, 4, 5, 0, 87)
15 (1, 4, 371, 0, 0, 0, 22, 21, 4, 5, 0, 98)
16 (1, 4, 285, 0, 93, 0, 32, 0, 4, 5, 0, 106)
17 (1, 4, 300, 0, 167, 0, 14, 0, 4, 4, 0, 237)
18 (1, 4, 338, 0, 369, 0, 0, 0, 4, 4, 0, 158)
19 (1, 4, 205, 0, 634, 0, 0, 0, 4, 4, 0, 211)
20 (1, 4, 101, 0, 579, 0, 0, 0, 4, 4, 0, 216)
21 (1, 4, 182, 449, 366, 0, 0, 0, 4, 4, 0, 11)
22 (1, 4, 0, 804, 423, 0, 0, 0, 4, 4, 0, 221)
23 (1, 4, 0, 873, 103, 0, 0, 0, 4, 4, 0, 213)
24 (1, 4, 0, 757, 0, 0, 0, 0, 4, 4, 0, 217)
25 (1, 4, 0, 739, 0, 0, 0, 0, 4, 4, 0, 15)
26 (1, 4, 0, 561, 0, 0, 0, 0, 4, 4, 0, 129)
27 (1, 4, 0, 614, 0, 0, 0, 0, 3, 3, 0, 94)
28 (1, 4, 0, 538, 0, 0, 0, 41, 0, 2, 0, 78)
29 (1, 4, 35, 323, 0, 0, 0, 54, 0, 2, 0, 125)
30 (1, 4, 27, 51, 0, 44, 15, 46, 0, 1, 0, 175)
0 (1, 4, 79, 0, 151, 71, 0, 20, 1, 2, 0, 92)
1 (1, 4, 77, 16, 202, 59, 0, 16, 1, 2, 0, 233)
2 (1, 4, 68, 0, 231, 53, 0, 28, 1, 2, 0, 91)
3 (1, 4, 124, 0, 285, 41, 0, 8, 1, 2, 0, 156)
4 (1, 4, 1, 0, 309, 50, 0, 23, 1, 2, 0, 50)
5 (1, 4, 126, 0, 296, 63, 0, 25, 1, 2, 0, 114)
6 (1, 4, 130, 1, 287, 76, 0, 33, 1, 2, 0, 34)
7 (1, 4, 286, 134, 82, 50, 0, 53, 1, 1, 0, 36)
8 (1, 4, 359, 32, 0, 9, 0, 81, 1, 1, 0, 125)
9 (1, 4, 340, 0, 0, 0, 0, 90, 1, 1, 0, 225)
10 (1, 4, 554, 0, 0, 0, 0, 59, 1, 1, 0, 38)
11 (1, 4, 478, 0, 19, 0, 0, 23, 1, 1, 0, 89)
12 (1, 4, 524, 0, 172, 0, 0, 0, 1, 1, 0, 214)
13 (1, 4, 478, 0, 245, 0, 0, 0, 1, 1, 0, 28)
14 (1, 4, 278, 0, 476, 0, 0, 0, 1, 1, 0, 123)
15 (1, 4, 0, 0, 719, 63, 0, 0, 1, 1, 0, 37)
16 (1, 4, 0, 541, 333, 85, 0, 0, 1, 1, 0, 150)
17 (1, 4, 0, 724, 0, 58, 0, 0, 1, 1, 0, 91)
18 (1, 4, 186, 871, 0, 0, 0, 86, 1, 1, 0, 24)
19 (1, 4, 301, 312, 0, 0, 0, 139, 1, 1, 0, 7)
20 (1, 4, 230, 47, 0, 0, 0, 110, 1, 1, 0, 185)
21 (1, 4, 483, 0, 0, 0, 0, 79, 1, 1, 0, 128)
22 (1, 4, 513, 0, 0, 0, 21, 43, 1, 1, 0, 79)
23 (1, 4, 455, 0, 0, 0, 39, 22, 1, 1, 0, 185)
24 (1, 4, 392, 0, 143, 0, 34, 0, 1, 1, 0, 71)
25 (1, 4, 288, 0, 212, 0, 37, 0, 1, 1, 0, 14)
26 (1, 4, 222, 0, 462, 0, 0, 0, 0, 1, 0, 167)
27 (1, 4, 147, 0, 623, 0, 0, 0, 0, 1, 0, 20)
28 (1, 4, 149, 0, 349, 0, 0, 0, 0, 1, 0, 121)
29 (1, 4, 54, 49, 447, 0, 0, 0, 1, 1, 0, 22)
30 (1, 4, 0, 481, 410, 0, 0, 0, 0, 1, 0, 69)
31 (1, 4, 0, 710, 385, 0, 0, 0, 0, 1, 0, 213)
0 (1, 4, 311, 873, 0, 0, 0, 0, 1, 2, 0, 170)
1 (1, 4, 265, 323, 0, 0, 0, 33, 1, 2, 0, 118)
2 (1, 4, 397, 38, 0, 0, 0, 37, 1, 2, 0, 229)
3 (1, 4, 464, 0, 0, 0, 0, 23, 1, 2, 0, 116)
4 (1, 4, 354, 0, 25, 0, 0, 0, 1, 2, 0, 205)
5 (1, 4, 317, 0, 148, 0, 0, 0, 1, 1, 0, 196)
6 (1, 4, 203, 0, 103, 0, 0, 0, 1, 1, 0, 105)
7 (1, 4, 0, 0, 0, 0, 0, 0, 1, 1, 0, 119)
8 (1, 4, 104, 0, 9, 0, 1, 0, 1, 1, 0, 24)
9 (1, 4, 507, 0, 410, 0, 0, 0, 1, 1, 0, 236)
10 (1, 4, 361, 231, 617, 0, 0, 0, 1, 1, 0, 144)
11 (1, 4, 30, 638, 272, 0, 0, 0, 1, 1, 0, 8)
12 (1, 4, 0, 801, 283, 0, 0, 0, 1, 1, 0, 13)
13 (1, 4, 0, 873, 311, 0, 0, 0, 0, 1, 0, 67)
14 (1, 4, 0, 674, 0, 0, 0, 0, 0, 1, 0, 118)
15 (1, 4, 0, 701, 130, 0, 0, 0, 0, 1, 0, 120)
16 (1, 4, 0, 697, 110, 0, 0, 0, 0, 1, 0, 180)
17 (1, 4, 97, 490, 83, 0, 0, 0, 0, 1, 0, 17)
18 (1, 4, 0, 234, 0, 0, 0, 53, 0, 1, 0, 83)
19 (1, 4, 38, 7, 0, 0, 16, 28, 0, 1, 0, 61)
20 (1, 4, 0, 0, 0, 21, 28, 15, 0, 1, 0, 223)
21 (1, 4, 3, 0, 68, 48, 17, 5, 1, 1, 0, 136)
22 (1, 4, 28, 0, 123, 53, 0, 7, 1, 1, 0, 204)
23 (1, 4, 29, 0, 89, 49, 0, 0, 1, 1, 0, 124)
24 (1, 4, 22, 0, 92, 49, 0, 0, 1, 1, 0, 212)
25 (1, 4, 119, 0, 165, 38, 0, 0, 1, 1, 0, 157)
26 (1, 4, 60, 0, 169, 40, 0, 0, 1, 1, 0, 46)
27 (1, 4, 0, 0, 154, 68, 0, 0, 1, 2, 0, 126)
28 (1, 4, 0, 0, 124, 82, 0, 0, 2, 2, 0, 232)
29 (1, 4, 54, 0, 157, 61, 0, 0, 2, 2, 0, 18)
30 (1, 4, 0, 0, 24, 47, 0, 0, 1, 2, 0, 69)
31 (1, 4, 72, 5, 86, 35, 0, 0, 2, 2, 0, 199)
0 (1, 4, 33, 15, 0, 18, 0, 0, 2, 2, 0, 221)
1 (1, 4, 107, 43, 16, 22, 0, 0, 2, 2, 0, 35)
2 (1, 4, 220, 126, 156, 17, 0, 0, 3, 3, 0, 241)
3 (1, 4, 418, 248, 252, 0, 0, 3, 3, 4, 0, 34)
4 (1, 4, 545, 307, 323, 0, 0, 6, 4, 5, 0, 179)
5 (1, 4, 587, 288, 288, 0, 0, 35, 4, 5, 0, 157)
6 (1, 4, 140, 0, 80, 0, 0, 56, 4, 5, 0, 112)
7 (1, 4, 0, 0, 0, 0, 0, 40, 4, 5, 0, 122)
8 (1, 4, 36, 0, 0, 0, 0, 0, 4, 5, 0, 206)
9 (1, 4, 56, 0, 0, 0, 3, 0, 4, 4, 0, 134)
10 (1, 4, 0, 0, 119, 0, 0, 0, 3, 4, 0, 236)
11 (1, 4, 275, 0, 479, 72, 0, 0, 4, 5, 0, 157)
12 (1, 4, 108, 596, 865, 27, 0, 0, 4, 5, 0, 154)
13 (1, 4, 195, 873, 579, 0, 0, 0, 4, 5, 0, 42)
14 (1, 4, 315, 873, 238, 0, 0, 0, 3, 6, 0, 180)
15 (1, 4, 266, 659, 0, 0, 0, 17, 3, 5, 0, 15)
16 (1, 4, 460, 134, 0, 0, 0, 23, 3, 5, 0, 184)
17 (1, 4, 486, 0, 0, 0, 0, 10, 3, 5, 0, 54)
18 (1, 4, 342, 0, 0, 0, 0, 17, 3, 4, 0, 48)
19 (1, 4, 351, 0, 0, 0, 2, 12, 3, 4, 0, 47)
20 (1, 4, 346, 0, 0, 0, 11, 0, 3, 4, 0, 62)
21 (1, 4, 389, 0, 64, 0, 0, 0, 3, 4, 0, 169)
22 (1, 4, 199, 0, 23, 0, 0, 0, 4, 3, 0, 96)
23 (1, 4, 177, 0, 75, 0, 0, 0, 4, 4, 0, 154)
24 (1, 4, 262, 0, 327, 0, 0, 0, 4, 4, 0, 63)
25 (1, 4, 106, 0, 489, 0, 0, 0, 4, 4, 0, 249)
26 (1, 4, 10, 200, 465, 0, 0, 0, 4, 4, 0, 187)
27 (1, 4, 0, 604, 401, 0, 0, 0, 4, 4, 0, 91)
28 (1, 4, 0, 806, 393, 0, 0, 0, 4, 4, 0, 131)
29 (1, 4, 0, 873, 404, 0, 0, 0, 3, 4, 0, 145)
30 (1, 4, 0, 873, 207, 0, 0, 0, 1, 2, 0, 246)
31 (1, 4, 204, 640, 89, 0, 0, 0, 0, 1, 0, 161)
0 (1, 4, 307, 873, 55, 0, 0, 0, 4, 6, 0, 176)
1 (1, 4, 364, 873, 0, 0, 0, 0, 4, 6, 0, 231)
2 (1, 4, 355, 472, 0, 0, 0, 0, 4, 5, 0, 218)
3 (1, 4, 460, 298, 0, 0, 0, 0, 4, 5, 0, 30)
4 (1, 4, 367, 78, 0, 0, 0, 19, 4, 5, 0, 21)
5 (1, 4, 260, 0, 0, 0, 11, 49, 4, 5, 0, 236)
6 (1, 4, 231, 0, 0, 0, 29, 61, 4, 5, 0, 172)
7 (1, 4, 196, 0, 128, 0, 24, 40, 4, 4, 0, 0)
8 (1, 4, 176, 0, 225, 0, 0, 0, 4, 4, 0, 8)
9 (1, 4, 0, 0, 46, 0, 4, 0, 4, 4, 0, 138)
10 (1, 4, 230, 0, 132, 0, 0, 0, 4, 4, 0, 138)
11 (1, 4, 394, 0, 387, 0, 0, 0, 4, 4, 0, 54)
12 (1, 4, 438, 0, 703, 0, 0, 0, 4, 4, 0, 221)
13 (1, 4, 339, 0, 260, 0, 0, 0, 4, 5, 0, 75)
14 (1, 4, 27, 873, 371, 0, 0, 0, 4, 5, 0, 64)
15 (1, 4, 0, 873, 217, 0, 0, 0, 4, 5, 0, 3)
16 (1, 4, 0, 873, 124, 0, 0, 0, 3, 4, 0, 132)
17 (1, 4, 332, 850, 109, 0, 0, 0, 1, 2, 0, 221)
18 (1, 4, 56, 439, 0, 0, 0, 0, 0, 2, 0, 186)
19 (1, 4, 146, 272, 0, 0, 0, 2, 0, 2, 0, 124)
20 (1, 4, 33, 185, 0, 0, 0, 9, 0, 1, 0, 77)
21 (1, 4, 0, 152, 0, 16, 0, 16, 0, 1, 0, 226)
22 (1, 4, 0, 170, 0, 28, 0, 24, 0, 1, 0, 66)
23 (1, 4, 0, 88, 0, 38, 0, 36, 0, 1, 0, 59)
24 (1, 4, 0, 76, 0, 52, 0, 40, 1, 1, 0, 180)
25 (1, 4, 0, 35, 29, 64, 0, 49, 1, 1, 0, 28)
26 (1, 4, 0, 24, 44, 77, 0, 48, 1, 1, 0, 133)
27 (1, 4, 0, 0, 27, 88, 0, 40, 1, 1, 0, 158)
28 (1, 4, 0, 0, 25, 96, 0, 36, 1, 1, 0, 200)
29 (1, 4, 0, 0, 4, 100, 0, 25, 1, 2, 0, 50)
30 (1, 4, 0, 0, 0, 108, 0, 23, 2, 2, 0, 20)

