1 (1, 4, 0, 9, 0, 0, 0, 0, 0, 0, 0, 120)
2 (1, 4, 10, 3, 4, 0, 0, 6, 0, 0, 0, 88)
3 (1, 4, 81, 7, 16, 0, 0, 12, 0, 0, 0, 251)
4 (1, 4, 198, 0, 0, 0, 0, 32, 0, 0, 0, 103)
5 (1, 4, 292, 0, 0, 0, 0, 30, 0, 0, 0, 118)
6 (1, 4, 308, 0, 0, 0, 0, 1, 0, 0, 0, 188)
7 (1, 4, 411, 0, 0, 0, 0, 0, 0, 0, 0, 235)
8 (1, 4, 672, 37, 0, 0, 0, 0, 0, 0, 0, 5)
9 (1, 4, 726, 39, 0, 0, 0, 30, 1, 1, 0, 30)
10 (1, 4, 873, 0, 0, 0, 106, 123, 1, 1, 0, 222)
11 (1, 4, 83, 0, 480, 0, 223, 33, 1, 1, 0, 217)
12 (1, 4, 0, 0, 810, 0, 0, 29, 0, 1, 0, 12)
13 (1, 4, 0, 0, 353, 0, 0, 35, 0, 0, 0, 117)
14 (1, 4, 223, 0, 0, 104, 0, 0, 0, 0, 0, 156)
15 (1, 4, 0, 140, 0, 72, 0, 36, 0, 0, 0, 239)
16 (1, 4, 0, 216, 0, 36, 0, 82, 0, 0, 0, 148)
17 (1, 4, 88, 137, 0, 0, 122, 208, 1, 1, 0, 212)
18 (1, 4, 0, 0, 0, 0, 259, 204, 0, 1, 0, 221)
19 (1, 4, 123, 0, 426, 0, 148, 159, 0, 1, 0, 234)
20 (1, 4, 0, 0, 676, 0, 0, 103, 0, 1, 0, 9)
21 (1, 4, 0, 0, 281, 2, 0, 87, 1, 1, 0, 198)
22 (1, 4, 156, 0, 0, 89, 0, 0, 0, 1, 0, 109)
23 (1, 4, 26, 43, 0, 51, 0, 2, 0, 1, 0, 182)
24 (1, 4, 0, 185, 0, 16, 50, 53, 1, 1, 0, 134)
25 (1, 4, 0, 218, 164, 0, 0, 47, 1, 1, 0, 67)
26 (1, 4, 0, 125, 258, 0, 0, 79, 1, 1, 0, 69)
27 (1, 4, 0, 204, 417, 0, 0, 52, 1, 1, 0, 93)
28 (1, 4, 0, 307, 410, 0, 0, 46, 1, 1, 0, 46)
29 (1, 4, 0, 331, 393, 0, 0, 43, 1, 1, 0, 211)
30 (1, 4, 22, 314, 413, 0, 0, 53, 1, 1, 0, 86) [FRAGMENTED}
31 (1, 4, 0, 0, 719, 0, 0, 95, 0, 0, 0, 248)
32 (1, 4, 59, 0, 198, 26, 0, 57, 0, 0, 0, 54)
1 (1, 4, 48, 4, 0, 71, 0, 7, 0, 0, 0, 24)
2 (1, 4, 0, 84, 0, 28, 0, 70, 0, 0, 0, 188)
3 (1, 4, 0, 119, 0, 9, 0, 125, 0, 0, 0, 204)
4 (1, 4, 0, 43, 0, 0, 88, 138, 0, 0, 0, 80)
5 (1, 4, 36, 109, 0, 0, 119, 229, 0, 0, 0, 34)
6 (1, 4, 129, 20, 195, 0, 219, 175, 0, 0, 0, 92)
7 (1, 4, 163, 5, 566, 0, 96, 169, 0, 0, 0, 146)
8 (1, 4, 0, 0, 761, 0, 0, 148, 0, 0, 0, 75)
9 (1, 4, 70, 0, 399, 0, 0, 121, 0, 0, 0, 36)
10 (1, 4, 14, 0, 120, 40, 0, 58, 0, 0, 0, 220)
11 (1, 4, 0, 0, 26, 48, 0, 34, 0, 0, 0, 148)
12 (1, 4, 0, 80, 32, 43, 0, 49, 0, 0, 0, 255)
13 (1, 4, 0, 159, 74, 20, 0, 79, 0, 0, 0, 240)
14 (1, 4, 0, 177, 120, 0, 0, 85, 0, 0, 0, 147)
15 (1, 4, 0, 179, 188, 0, 0, 80, 0, 1, 0, 107)
16 (1, 4, 0, 174, 200, 0, 0, 72, 0, 0, 0, 160)
17 (1, 4, 0, 206, 244, 0, 0, 60, 0, 0, 0, 192)
18 (1, 4, 0, 235, 243, 0, 0, 57, 0, 1, 0, 73)
19 (1, 4, 174, 276, 347, 0, 0, 54, 0, 0, 0, 198)
20 (1, 4, 146, 324, 291, 0, 0, 65, 1, 1, 0, 160)
21 (1, 4, 0, 150, 187, 0, 0, 45, 1, 1, 0, 54)
22 (1, 4, 0, 89, 60, 0, 0, 43, 1, 1, 0, 221)
23 (1, 4, 0, 64, 0, 0, 0, 29, 1, 1, 0, 103)
24 (1, 4, 136, 174, 0, 0, 0, 49, 1, 1, 0, 120)
25 (1, 4, 18, 409, 0, 0, 0, 116, 0, 1, 0, 40)
26 (1, 4, 179, 0, 75, 0, 0, 3, 0, 0, 0, 196)
27 (1, 4, 0, 15, 0, 0, 0, 0, 0, 0, 0, 207)
28 (1, 4, 0, 32, 0, 0, 0, 0, 0, 0, 0, 188)
29 (1, 4, 0, 68, 0, 0, 0, 12, 0, 0, 0, 184)
30 (1, 4, 94, 0, 7, 0, 0, 40, 0, 0, 0, 237)
31 (1, 4, 9, 0, 0, 0, 0, 40, 0, 0, 0, 75)
32 (1, 4, 243, 0, 0, 0, 0, 31, 0, 0, 0, 253)
1 (1, 4, 347, 0, 0, 0, 0, 30, 0, 0, 0, 130)
2 (1, 4, 451, 1, 0, 0, 0, 26, 0, 0, 0, 199)
3 (1, 4, 370, 43, 0, 0, 0, 8, 0, 0, 0, 141)
4 (1, 4, 322, 233, 0, 0, 0, 57, 0, 1, 0, 131)
5 (1, 4, 589, 211, 86, 0, 180, 128, 0, 1, 0, 197)
6 (1, 4, 42, 0, 489, 0, 162, 132, 0, 0, 0, 96)
7 (1, 4, 44, 19, 835, 0, 45, 67, 0, 0, 0, 154)
8 (1, 4, 0, 0, 378, 0, 0, 48, 0, 0, 0, 184)
9 (1, 4, 109, 0, 38, 59, 0, 26, 0, 0, 0, 190)
10 (1, 4, 48, 40, 0, 76, 0, 6, 0, 0, 0, 181)
11 (1, 4, 54, 168, 0, 20, 0, 74, 0, 0, 0, 144)
12 (1, 4, 41, 152, 0, 0, 36, 128, 0, 0, 0, 112)
13 (1, 4, 0, 66, 0, 0, 46, 154, 0, 0, 0, 71)
14 (1, 4, 0, 93, 0, 0, 25, 150, 0, 0, 0, 232)
15 (1, 4, 0, 43, 0, 0, 15, 150, 0, 0, 0, 235)
16 (1, 4, 160, 14, 26, 0, 108, 179, 0, 0, 0, 239)
17 (1, 4, 252, 0, 438, 0, 192, 141, 0, 0, 0, 53)
18 (1, 4, 88, 85, 750, 0, 74, 99, 0, 0, 0, 194)
19 (1, 4, 0, 87, 669, 0, 0, 113, 0, 0, 0, 52)
20 (1, 4, 0, 0, 327, 6, 0, 92, 0, 0, 0, 118)
21 (1, 4, 0, 72, 192, 5, 0, 87, 0, 0, 0, 162)
22 (1, 4, 0, 65, 75, 10, 0, 63, 0, 0, 0, 249)
23 (1, 4, 0, 107, 37, 0, 0, 49, 0, 0, 0, 205)
24 (1, 4, 0, 219, 131, 0, 0, 50, 0, 0, 0, 119)
25 (1, 4, 0, 250, 192, 0, 0, 46, 0, 0, 0, 12)
26 (1, 4, 0, 317, 256, 0, 0, 54, 0, 0, 0, 7)
27 (1, 4, 0, 294, 322, 0, 0, 72, 0, 0, 0, 200)
28 (1, 4, 0, 229, 286, 0, 0, 65, 0, 1, 0, 79)
29 (1, 4, 0, 146, 220, 0, 0, 51, 0, 1, 0, 155)
30 (1, 4, 0, 107, 149, 0, 0, 59, 0, 1, 0, 133)
31 (1, 4, 0, 5, 0, 0, 0, 14, 0, 0, 0, 55)
32 (1, 4, 0, 6, 0, 0, 0, 14, 0, 0, 0, 239)
1 (1, 4, 8, 8, 0, 0, 0, 14, 0, 0, 0, 155)
2 (1, 4, 17, 13, 0, 0, 0, 15, 0, 0, 0, 181)
3 (1, 4, 8, 8, 0, 0, 0, 13, 0, 0, 0, 253)
4 (1, 4, 0, 6, 0, 0, 0, 16, 0, 0, 0, 26)
5 (1, 4, 0, 0, 0, 0, 0, 15, 0, 0, 0, 135)
6 (1, 4, 0, 0, 0, 0, 0, 19, 0, 0, 0, 203)
7 (1, 4, 0, 6, 0, 0, 0, 17, 0, 0, 0, 197)
8 (1, 4, 122, 68, 0, 0, 0, 31, 0, 0, 0, 207)
9 (1, 4, 816, 132, 173, 0, 0, 28, 0, 0, 0, 177)
10 (1, 4, 558, 0, 0, 0, 0, 0, 0, 0, 0, 233)
11 (1, 4, 372, 56, 0, 0, 0, 15, 0, 0, 0, 3)
12 (1, 4, 508, 47, 0, 0, 0, 0, 0, 0, 0, 252)
13 (1, 4, 545, 56, 0, 0, 0, 0, 0, 0, 0, 163)
14 (1, 4, 528, 50, 0, 0, 0, 4, 0, 0, 0, 33)
15 (1, 4, 333, 88, 0, 0, 0, 16, 0, 0, 0, 49)
16 (1, 4, 238, 90, 0, 0, 0, 73, 0, 0, 0, 61)
17 (1, 4, 344, 65, 0, 0, 122, 189, 0, 0, 0, 74)
18 (1, 4, 193, 0, 229, 0, 319, 94, 0, 1, 0, 59)
19 (1, 4, 0, 70, 823, 0, 98, 62, 0, 1, 0, 19)
20 (1, 4, 0, 0, 320, 0, 0, 42, 0, 1, 0, 65)
21 (1, 4, 277, 0, 0, 36, 0, 5, 0, 1, 0, 254)
22 (1, 4, 39, 3, 0, 18, 0, 21, 1, 1, 0, 242)
23 (1, 4, 0, 78, 0, 3, 8, 48, 1, 1, 0, 98)
24 (1, 4, 0, 120, 0, 16, 17, 60, 1, 1, 0, 2)
25 (1, 4, 0, 176, 93, 0, 0, 81, 1, 1, 0, 110)
26 (1, 4, 0, 57, 42, 14, 0, 42, 1, 1, 0, 247)
27 (1, 4, 0, 283, 248, 0, 0, 110, 1, 1, 0, 109)
28 (1, 4, 19, 148, 333, 0, 0, 103, 1, 2, 0, 165)
29 (1, 4, 0, 244, 482, 0, 0, 117, 1, 1, 0, 151)
30 (1, 4, 0, 0, 350, 0, 0, 51, 1, 1, 0, 119)
31 (1, 4, 201, 0, 0, 0, 0, 11, 0, 0, 0, 16)
32 (1, 4, 70, 27, 0, 0, 0, 5, 0, 0, 0, 115)
1 (1, 4, 339, 7, 0, 0, 0, 0, 0, 0, 0, 5)
2 (1, 4, 266, 34, 0, 0, 0, 0, 0, 0, 0, 191)
3 (1, 4, 334, 122, 0, 0, 0, 0, 0, 0, 0, 95)
4 (1, 4, 421, 196, 0, 0, 0, 0, 0, 0, 0, 192)
5 (1, 4, 412, 233, 0, 0, 0, 0, 0, 0, 0, 135)
6 (1, 4, 314, 270, 0, 0, 0, 28, 0, 0, 0, 154)
7 (1, 4, 299, 187, 0, 0, 0, 75, 0, 0, 0, 217)
8 (1, 4, 281, 106, 0, 0, 16, 140, 0, 0, 0, 237)
9 (1, 4, 372, 0, 19, 0, 70, 210, 1, 1, 0, 137)
10 (1, 4, 120, 0, 266, 0, 126, 160, 1, 1, 0, 14)
11 (1, 4, 235, 0, 546, 0, 37, 104, 0, 1, 0, 222)
12 (1, 4, 0, 0, 598, 0, 0, 0, 0, 0, 0, 49)
13 (1, 4, 0, 0, 0, 0, 0, 0, 0, 0, 0, 126)
14 (1, 4, 565, 58, 0, 1, 0, 6, 0, 0, 0, 197)
15 (1, 4, 7, 29, 0, 0, 25, 105, 0, 0, 0, 5)
16 (1, 4, 0, 0, 0, 0, 51, 120, 0, 0, 0, 160)
17 (1, 4, 0, 27, 0, 17, 0, 150, 0, 0, 0, 9)
18 (1, 4, 0, 0, 0, 26, 0, 149, 0, 0, 0, 188)
19 (1, 4, 0, 41, 0, 37, 19, 160, 1, 1, 0, 28)
20 (1, 4, 0, 0, 0, 0, 4, 141, 0, 0, 0, 87)
21 (1, 4, 111, 14, 241, 0, 0, 101, 0, 0, 0, 63)
22 (1, 4, 0, 14, 234, 0, 0, 69, 0, 0, 0, 242)
23 (1, 4, 0, 65, 344, 0, 0, 76, 0, 0, 0, 247)
24 (1, 4, 0, 134, 489, 0, 0, 80, 0, 1, 0, 180)
25 (1, 4, 0, 130, 345, 0, 0, 33, 0, 1, 0, 246)
26 (1, 4, 0, 61, 438, 0, 0, 53, 1, 1, 0, 140)
27 (1, 4, 0, 14, 334, 0, 0, 10, 1, 1, 0, 75)
28 (1, 4, 0, 0, 240, 0, 0, 0, 1, 1, 0, 252)
29 (1, 4, 0, 0, 178, 0, 0, 0, 1, 1, 0, 40)
30 (1, 4, 0, 83, 188, 0, 0, 0, 1, 1, 0, 223)
31 (1, 4, 8, 8, 0, 0, 0, 10, 0, 0, 0, 238)
32 (1, 4, 0, 3, 0, 0, 0, 10, 0, 0, 0, 245)
1 (1, 4, 0, 8, 0, 0, 0, 9, 0, 0, 0, 248)
2 (1, 4, 17, 14, 0, 0, 0, 10, 0, 0, 0, 199)
3 (1, 4, 10, 15, 0, 0, 0, 12, 0, 0, 0, 60)
4 (1, 4, 167, 38, 0, 0, 0, 35, 0, 0, 0, 52)
5 (1, 4, 802, 51, 0, 0, 0, 45, 0, 0, 0, 57)
6 (1, 4, 554, 0, 0, 0, 0, 21, 0, 1, 0, 195)
7 (1, 4, 227, 0, 0, 0, 0, 77, 0, 1, 0, 89)
8 (1, 4, 415, 0, 0, 0, 0, 31, 0, 1, 0, 146)
9 (1, 4, 331, 0, 0, 0, 0, 29, 0, 1, 0, 111)
10 (1, 4, 365, 0, 0, 0, 0, 31, 0, 1, 0, 53)
11 (1, 4, 235, 0, 0, 0, 60, 91, 0, 0, 0, 247)
12 (1, 4, 256, 0, 83, 0, 127, 144, 0, 0, 0, 33)
13 (1, 4, 134, 0, 386, 0, 120, 145, 0, 0, 0, 25)
14 (1, 4, 104, 0, 651, 0, 65, 78, 0, 0, 0, 12)
15 (1, 4, 0, 0, 313, 0, 0, 45, 0, 0, 0, 107)
16 (1, 4, 15, 0, 0, 15, 0, 6, 0, 0, 0, 77)
17 (1, 4, 121, 144, 0, 47, 0, 0, 0, 0, 0, 130)
18 (1, 4, 0, 162, 0, 8, 0, 59, 0, 0, 0, 214)
19 (1, 4, 0, 192, 0, 0, 89, 181, 0, 0, 0, 137)
20 (1, 4, 77, 0, 0, 0, 276, 263, 0, 1, 0, 149)
21 (1, 4, 126, 0, 451, 0, 198, 146, 0, 1, 0, 220)
22 (1, 4, 0, 7, 672, 0, 62, 76, 0, 1, 0, 32)
23 (1, 4, 0, 0, 263, 0, 0, 128, 0, 0, 0, 76)
24 (1, 4, 215, 0, 0, 10, 0, 16, 0, 0, 0, 61)
25 (1, 4, 0, 0, 0, 27, 0, 16, 0, 0, 0, 131)
26 (1, 4, 0, 63, 36, 17, 39, 33, 0, 0, 0, 63)
27 (1, 4, 0, 160, 254, 0, 22, 59, 0, 0, 0, 145)
28 (1, 4, 0, 225, 440, 0, 0, 65, 0, 0, 0, 128)
29 (1, 4, 0, 198, 491, 0, 0, 64, 0, 0, 0, 160)
30 (1, 4, 0, 137, 403, 0, 0, 50, 0, 0, 0, 218)
31 (1, 4, 166, 0, 0, 0, 0, 66, 0, 0, 0, 116)
32 (1, 4, 197, 0, 0, 0, 98, 185, 0, 0, 0, 252)
1 (1, 4, 428, 0, 240, 0, 164, 172, 0, 0, 0, 3)
2 (1, 4, 393, 0, 749, 0, 128, 75, 0, 0, 0, 210)
3 (1, 4, 0, 18, 564, 0, 0, 115, 0, 0, 0, 70)
4 (1, 4, 0, 0, 121, 0, 0, 115, 0, 0, 0, 125)
5 (1, 4, 118, 0, 0, 4, 0, 0, 0, 0, 0, 136)
6 (1, 4, 0, 86, 0, 0, 0, 56, 0, 0, 0, 179)
7 (1, 4, 0, 131, 0, 0, 5, 120, 0, 0, 0, 224)
8 (1, 4, 0, 0, 0, 14, 166, 229, 0, 0, 0, 40)
9 (1, 4, 100, 0, 114, 35, 238, 186, 0, 1, 0, 166)
10 (1, 4, 163, 0, 492, 0, 132, 136, 0, 1, 0, 41)
11 (1, 4, 37, 51, 660, 0, 0, 114, 0, 1, 0, 123)
12 (1, 4, 0, 0, 352, 0, 0, 159, 0, 0, 0, 134)
13 (1, 4, 198, 0, 146, 0, 0, 2, 0, 0, 0, 222)
14 (1, 4, 0, 45, 107, 15, 0, 2, 0, 0, 0, 126)
15 (1, 4, 0, 254, 134, 0, 0, 62, 0, 0, 0, 143)
16 (1, 4, 0, 333, 159, 0, 0, 59, 0, 0, 0, 237)
17 (1, 4, 0, 485, 213, 0, 0, 85, 0, 0, 0, 55)
18 (1, 4, 0, 325, 225, 0, 0, 83, 0, 0, 0, 231)
19 (1, 4, 0, 171, 297, 0, 0, 85, 0, 1, 0, 10)
20 (1, 4, 0, 0, 208, 0, 0, 45, 0, 1, 0, 129)
21 (1, 4, 23, 244, 302, 0, 0, 66, 0, 1, 0, 182)
22 (1, 4, 0, 165, 112, 0, 0, 37, 0, 1, 0, 200)
23 (1, 4, 69, 109, 20, 0, 0, 11, 0, 1, 0, 154)
24 (1, 4, 136, 110, 11, 0, 0, 1, 0, 1, 0, 237)
25 (1, 4, 149, 101, 41, 0, 0, 3, 0, 1, 0, 72)
26 (1, 4, 89, 23, 45, 0, 0, 18, 0, 1, 0, 131)
27 (1, 4, 1, 0, 22, 0, 0, 5, 0, 1, 0, 191)
28 (1, 4, 73, 38, 21, 0, 0, 15, 0, 1, 0, 219)
29 (1, 4, 26, 20, 2, 0, 0, 7, 0, 1, 0, 30)
30 (1, 4, 24, 39, 5, 0, 0, 7, 0, 1, 0, 156)
31 (1, 4, 160, 0, 0, 0, 0, 49, 0, 0, 0, 1)
32 (1, 4, 371, 0, 0, 0, 0, 54, 0, 0, 0, 126)
1 (1, 4, 337, 0, 0, 0, 0, 34, 0, 0, 0, 3)
2 (1, 4, 561, 9, 0, 0, 0, 58, 0, 0, 0, 116)
3 (1, 4, 732, 0, 0, 0, 193, 60, 0, 1, 0, 159)
4 (1, 4, 0, 158, 519, 0, 190, 81, 0, 0, 0, 96)
5 (1, 4, 0, 0, 665, 0, 0, 170, 0, 1, 0, 113)
6 (1, 4, 0, 0, 202, 0, 0, 89, 0, 0, 0, 68)
7 (1, 4, 204, 46, 0, 30, 0, 0, 0, 0, 0, 33)
8 (1, 4, 0, 113, 0, 0, 0, 42, 0, 0, 0, 25)
9 (1, 4, 0, 207, 0, 0, 0, 33, 0, 0, 0, 51)
10 (1, 4, 0, 325, 0, 0, 0, 171, 0, 0, 0, 208)
11 (1, 4, 485, 19, 0, 0, 306, 223, 0, 1, 0, 79)
12 (1, 4, 1, 0, 518, 0, 262, 142, 0, 1, 0, 126)
13 (1, 4, 0, 0, 804, 0, 0, 105, 0, 1, 0, 131)
14 (1, 4, 0, 0, 378, 0, 0, 70, 1, 1, 0, 74)
15 (1, 4, 156, 0, 105, 15, 0, 0, 1, 1, 0, 66)
16 (1, 4, 0, 83, 92, 0, 0, 33, 1, 1, 0, 85)
17 (1, 4, 0, 147, 51, 0, 0, 55, 1, 1, 0, 148)
18 (1, 4, 0, 261, 133, 0, 0, 44, 1, 2, 0, 69)
19 (1, 4, 0, 344, 224, 0, 0, 54, 2, 2, 0, 146)
20 (1, 4, 0, 493, 247, 0, 0, 46, 2, 3, 0, 151)
21 (1, 4, 0, 148, 153, 0, 0, 64, 2, 3, 0, 94)
22 (1, 4, 0, 239, 245, 0, 0, 31, 2, 2, 0, 246)
23 (1, 4, 0, 97, 138, 0, 0, 29, 2, 2, 0, 105)
24 (1, 4, 0, 346, 80, 0, 0, 63, 1, 1, 0, 161)
25 (1, 4, 0, 0, 0, 0, 0, 0, 1, 1, 0, 119)
26 (1, 4, 65, 0, 0, 0, 0, 0, 1, 1, 0, 240)
27 (1, 4, 61, 38, 80, 0, 0, 0, 1, 1, 0, 231)
28 (1, 4, 2, 105, 123, 0, 0, 0, 1, 1, 0, 81)
29 (1, 4, 90, 9, 0, 0, 0, 0, 1, 1, 0, 116) [FRAGMENTED]
30 (1, 4, 0, 0, 0, 0, 0, 0, 0, 1, 0, 21)
31 (1, 4, 0, 0, 0, 0, 0, 0, 0, 1, 0, 21)
32 (1, 4, 21, 12, 1, 0, 0, 0, 0, 1, 0, 62)
1 (1, 4, 91, 27, 16, 0, 0, 0, 0, 1, 0, 107)
2 (1, 4, 74, 33, 15, 0, 0, 0, 0, 1, 0, 222)
3 (1, 4, 63, 31, 0, 0, 0, 6, 0, 1, 0, 116)
4 (1, 4, 359, 2, 0, 0, 0, 13, 0, 1, 0, 94)
5 (1, 4, 777, 6, 0, 0, 0, 0, 1, 1, 0, 184)
6 (1, 4, 381, 100, 0, 0, 0, 31, 1, 1, 0, 44)
7 (1, 4, 651, 6, 0, 0, 0, 21, 1, 1, 0, 202)
8 (1, 4, 713, 40, 0, 0, 0, 36, 1, 1, 0, 52)
9 (1, 4, 873, 0, 0, 0, 0, 75, 1, 1, 0, 136)
10 (1, 4, 871, 61, 0, 0, 216, 47, 2, 2, 0, 67)
11 (1, 4, 128, 0, 553, 0, 127, 46, 1, 1, 0, 178)
12 (1, 4, 0, 0, 524, 0, 0, 51, 1, 1, 0, 59)
13 (1, 4, 0, 0, 159, 0, 0, 124, 2, 2, 0, 19)
14 (1, 4, 124, 0, 0, 57, 0, 9, 1, 1, 0, 93)
15 (1, 4, 245, 183, 0, 0, 0, 45, 1, 1, 0, 187)
16 (1, 4, 71, 42, 0, 0, 0, 105, 1, 1, 0, 25)
17 (1, 4, 310, 27, 0, 0, 249, 187, 1, 1, 0, 22)
18 (1, 4, 51, 0, 0, 0, 380, 103, 1, 2, 0, 171)
19 (1, 4, 111, 111, 525, 0, 200, 69, 1, 2, 0, 226)
20 (1, 4, 0, 0, 528, 0, 6, 42, 1, 1, 0, 81)
21 (1, 4, 0, 76, 284, 0, 0, 128, 1, 1, 0, 215)
22 (1, 4, 0, 0, 25, 0, 0, 71, 1, 1, 0, 118)
23 (1, 4, 0, 0, 0, 35, 0, 35, 1, 1, 0, 120)
24 (1, 4, 0, 118, 0, 23, 23, 41, 1, 1, 0, 51)
25 (1, 4, 0, 197, 78, 10, 9, 50, 1, 1, 0, 25)
26 (1, 4, 0, 263, 207, 0, 0, 65, 1, 1, 0, 89)
27 (1, 4, 0, 271, 233, 0, 0, 84, 1, 1, 0, 28)
28 (1, 4, 0, 233, 321, 0, 0, 93, 1, 1, 0, 213)
29 (1, 4, 0, 140, 222, 0, 0, 104, 1, 1, 0, 169)
30 (1, 4, 521, 0, 0, 0, 15, 64, 1, 1, 0, 225)
31 (1, 4, 643, 42, 0, 0, 107, 127, 1, 2, 0, 70)
32 (1, 4, 487, 0, 522, 0, 234, 39, 1, 2, 0, 50)
1 (1, 4, 0, 31, 761, 0, 26, 52, 1, 1, 0, 15)
2 (1, 4, 0, 0, 531, 0, 0, 73, 1, 1, 0, 121)
3 (1, 4, 0, 0, 0, 0, 0, 79, 1, 1, 0, 203)
4 (1, 4, 0, 0, 0, 11, 0, 44, 1, 1, 0, 144)
5 (1, 4, 0, 0, 0, 0, 0, 81, 1, 1, 0, 62)
6 (1, 4, 0, 9, 0, 0, 0, 123, 1, 1, 0, 202)
7 (1, 4, 142, 67, 0, 0, 208, 192, 0, 1, 0, 107)
8 (1, 4, 0, 24, 203, 0, 367, 129, 1, 1, 0, 80)
9 (1, 4, 0, 146, 650, 0, 106, 114, 1, 1, 0, 8)
10 (1, 4, 0, 1, 639, 0, 0, 80, 1, 1, 0, 205)
11 (1, 4, 0, 0, 284, 0, 0, 62, 1, 1, 0, 227)
12 (1, 4, 0, 0, 158, 0, 0, 2, 1, 1, 0, 141)
13 (1, 4, 0, 126, 53, 0, 0, 1, 1, 1, 0, 199)
14 (1, 4, 0, 283, 112, 0, 0, 37, 1, 1, 0, 233)
15 (1, 4, 0, 231, 131, 0, 0, 51, 1, 1, 0, 107)
16 (1, 4, 0, 246, 241, 0, 0, 60, 1, 1, 0, 19)
17 (1, 4, 0, 177, 250, 0, 0, 59, 1, 1, 0, 134)
18 (1, 4, 0, 104, 206, 0, 0, 57, 1, 1, 0, 5)
19 (1, 4, 0, 228, 218, 0, 0, 122, 1, 1, 0, 111)
20 (1, 4, 0, 0, 0, 0, 0, 0, 1, 1, 0, 119)
21 (1, 4, 484, 0, 175, 0, 34, 0, 1, 1, 0, 191)
22 (1, 4, 0, 85, 53, 0, 0, 0, 1, 1, 0, 177)
23 (1, 4, 0, 0, 0, 0, 0, 31, 0, 1, 0, 63)
24 (1, 4, 0, 0, 0, 0, 0, 0, 1, 1, 0, 119)
25 (1, 4, 55, 41, 36, 0, 0, 0, 0, 1, 0, 124)
26 (1, 4, 96, 25, 13, 0, 0, 1, 0, 1, 0, 149)
27 (1, 4, 66, 40, 20, 0, 0, 0, 0, 1, 0, 208)
28 (1, 4, 86, 37, 18, 0, 0, 0, 0, 1, 0, 165)
29 (1, 4, 72, 20, 18, 0, 0, 0, 0, 1, 0, 7)
