1 (1, 4, 29, 13, 0, 0, 0, 22, 20, 20, 0, 175)
2 (1, 4, 35, 14, 0, 0, 0, 22, 20, 20, 0, 4)
3 (1, 4, 23, 11, 0, 0, 0, 22, 20, 20, 0, 116)
4 (1, 4, 60, 17, 0, 0, 0, 24, 20, 20, 0, 72)
5 (1, 4, 105, 25, 0, 0, 0, 25, 20, 20, 0, 123)
6 (1, 4, 116, 14, 0, 0, 0, 21, 20, 20, 0, 33)
7 (1, 4, 89, 10, 0, 0, 0, 19, 20, 20, 0, 182)
8 (1, 4, 32, 7, 5, 0, 0, 23, 20, 20, 0, 5)
9 (1, 4, 128, 5, 53, 0, 0, 51, 20, 20, 0, 239)
10 (1, 4, 581, 0, 48, 0, 0, 68, 20, 20, 0, 192)
11 (1, 4, 233, 0, 0, 0, 0, 51, 20, 20, 0, 251)
12 (1, 4, 75, 0, 0, 0, 0, 73, 20, 20, 0, 81)
13 (1, 4, 271, 0, 0, 0, 0, 51, 20, 20, 0, 134)
14 (1, 4, 292, 0, 0, 0, 0, 66, 20, 20, 0, 203)
15 (1, 4, 268, 0, 0, 0, 23, 83, 20, 20, 0, 157)
16 (1, 4, 306, 0, 0, 0, 118, 142, 20, 20, 0, 220)
17 (1, 4, 210, 107, 7, 0, 22, 40, 20, 20, 0, 186)
18 (1, 4, 0, 17, 41, 0, 0, 8, 20, 20, 0, 34)
19 (1, 4, 0, 15, 21, 0, 0, 45, 20, 20, 0, 47)
20 (1, 4, 0, 0, 0, 0, 0, 27, 20, 20, 0, 149)
21 (1, 4, 0, 1, 27, 0, 0, 29, 20, 20, 0, 148)
22 (1, 4, 0, 5, 31, 0, 0, 31, 20, 20, 0, 169)
23 (1, 4, 63, 31, 17, 0, 0, 28, 20, 20, 0, 192)
24 (1, 4, 91, 37, 15, 0, 0, 31, 20, 20, 0, 31)
25 (1, 4, 87, 34, 14, 0, 0, 27, 20, 20, 0, 180)
26 (1, 4, 72, 38, 22, 0, 0, 24, 20, 20, 0, 113)
27 (1, 4, 26, 13, 0, 0, 0, 27, 20, 20, 0, 197)
28 (1, 4, 20, 16, 0, 0, 0, 26, 20, 20, 0, 243)
29 (1, 4, 29, 15, 0, 0, 0, 27, 20, 20, 0, 130)
30 (1, 4, 25, 17, 0, 0, 0, 26, 20, 20, 0, 0)
31 (1, 4, 13, 15, 0, 0, 0, 26, 20, 20, 0, 189)
32 (1, 4, 6, 11, 0, 0, 0, 28, 20, 20, 0, 201)
1 (1, 4, 0, 127, 219, 0, 0, 67, 20, 20, 0, 10)
2 (1, 4, 0, 140, 133, 0, 0, 83, 20, 20, 0, 105)
3 (1, 4, 0, 209, 151, 0, 0, 74, 20, 20, 0, 225)
4 (1, 4, 0, 258, 219, 0, 0, 69, 20, 20, 0, 223)
5 (1, 4, 0, 415, 217, 0, 0, 83, 20, 20, 0, 83)
6 (1, 4, 0, 424, 148, 0, 0, 108, 20, 20, 0, 244)
7 (1, 4, 0, 175, 146, 0, 0, 85, 20, 20, 0, 37)
8 (1, 4, 0, 143, 146, 0, 0, 62, 20, 20, 0, 143)
9 (1, 4, 0, 106, 160, 0, 0, 45, 20, 20, 0, 187)
10 (1, 4, 104, 222, 184, 0, 0, 25, 20, 20, 0, 57)
11 (1, 4, 419, 102, 189, 0, 0, 211, 15, 18, 0, 114)
12 (1, 4, 127, 2, 0, 0, 0, 0, 17, 17, 0, 126)
13 (1, 4, 0, 53, 47, 0, 0, 8, 20, 20, 0, 75)
14 (1, 4, 32, 103, 0, 0, 0, 9, 20, 20, 0, 123)
15 (1, 4, 95, 47, 29, 0, 0, 8, 20, 19, 0, 127)
16 (1, 4, 90, 0, 32, 0, 0, 25, 20, 20, 0, 215)
17 (1, 4, 0, 6, 0, 0, 0, 26, 16, 12, 0, 129)
18 (1, 4, 0, 6, 0, 0, 0, 26, 14, 13, 0, 138)
19 (1, 4, 0, 6, 0, 0, 0, 26, 14, 14, 0, 55)
20 (1, 4, 0, 6, 0, 0, 0, 26, 14, 14, 0, 55)
21 (1, 4, 0, 6, 0, 0, 0, 25, 14, 14, 0, 81)
22 (1, 4, 0, 7, 0, 0, 0, 26, 15, 15, 0, 139)
23 (1, 4, 0, 8, 0, 0, 0, 26, 16, 15, 0, 56)
24 (1, 4, 0, 7, 0, 0, 0, 25, 16, 15, 0, 239)
25 (1, 4, 0, 6, 0, 0, 0, 25, 16, 16, 0, 191)
26 (1, 4, 0, 8, 0, 0, 0, 26, 17, 16, 0, 191)
27 (1, 4, 2, 8, 0, 0, 0, 25, 17, 16, 0, 197)
28 (1, 4, 0, 8, 0, 0, 0, 26, 17, 16, 0, 191)
29 (1, 4, 0, 6, 0, 0, 0, 25, 18, 18, 0, 173)
30 (1, 4, 0, 7, 0, 0, 0, 26, 18, 17, 0, 195)
31 (1, 4, 0, 6, 0, 0, 0, 26, 18, 17, 0, 118)
32 (1, 4, 0, 7, 0, 0, 0, 26, 18, 18, 0, 126)
1 (1, 4, 0, 52, 372, 0, 0, 105, 20, 20, 0, 27)
2 (1, 4, 0, 58, 233, 0, 0, 137, 20, 20, 0, 212)
3 (1, 4, 101, 12, 0, 7, 0, 74, 0, 0, 0, 36)
4 (1, 4, 0, 51, 0, 0, 0, 84, 20, 20, 0, 82)
5 (1, 4, 78, 81, 0, 0, 0, 91, 20, 20, 0, 90)
6 (1, 4, 4, 73, 0, 0, 20, 97, 20, 20, 0, 42)
7 (1, 4, 59, 92, 0, 0, 79, 147, 20, 20, 0, 136)
8 (1, 4, 82, 66, 0, 0, 144, 167, 20, 20, 0, 216)
9 (1, 4, 0, 26, 130, 0, 95, 159, 20, 20, 0, 61)
10 (1, 4, 164, 51, 252, 0, 36, 144, 20, 20, 0, 133)
11 (1, 4, 19, 62, 306, 0, 10, 102, 20, 20, 0, 119)
12 (1, 4, 0, 81, 335, 0, 0, 120, 0, 20, 0, 2)
13 (1, 4, 0, 0, 392, 0, 0, 114, 20, 20, 0, 84)
14 (1, 4, 0, 0, 65, 0, 0, 95, 20, 20, 0, 202)
15 (1, 4, 0, 0, 0, 0, 0, 83, 20, 20, 0, 58)
16 (1, 4, 0, 30, 0, 0, 0, 80, 20, 20, 0, 57)
17 (1, 4, 0, 8, 0, 0, 0, 28, 11, 9, 0, 4)
18 (1, 4, 0, 0, 6, 0, 0, 26, 10, 10, 0, 213)
19 (1, 4, 0, 15, 0, 0, 0, 30, 10, 10, 0, 96)
20 (1, 4, 55, 23, 0, 0, 0, 23, 11, 11, 0, 131)
21 (1, 4, 36, 24, 0, 0, 0, 25, 11, 11, 0, 230)
22 (1, 4, 2, 30, 0, 0, 0, 23, 11, 11, 0, 148)
23 (1, 4, 0, 15, 0, 0, 0, 26, 11, 11, 0, 28)
24 (1, 4, 0, 8, 0, 0, 0, 22, 11, 11, 0, 129)
25 (1, 4, 0, 0, 0, 0, 0, 25, 12, 12, 0, 244)
26 (1, 4, 0, 6, 0, 0, 0, 23, 12, 12, 0, 101)
27 (1, 4, 0, 7, 0, 0, 0, 24, 13, 12, 0, 75)
28 (1, 4, 0, 1, 0, 0, 0, 22, 13, 13, 0, 177)
29 (1, 4, 0, 0, 0, 0, 0, 23, 14, 14, 0, 192)
30 (1, 4, 0, 7, 0, 0, 0, 24, 14, 14, 0, 59)
31 (1, 4, 20, 14, 0, 0, 0, 22, 14, 14, 0, 195)
32 (1, 4, 8, 11, 0, 0, 0, 23, 15, 15, 0, 210)
1 (1, 4, 569, 0, 0, 0, 0, 30, 19, 18, 0, 54)
2 (1, 4, 374, 0, 0, 0, 0, 75, 17, 16, 0, 205)
3 (1, 4, 421, 0, 0, 0, 0, 87, 20, 20, 0, 169)
4 (1, 4, 323, 0, 0, 0, 0, 47, 20, 20, 0, 11)
5 (1, 4, 425, 0, 0, 0, 0, 1, 20, 20, 0, 187)
6 (1, 4, 139, 0, 0, 0, 235, 65, 20, 20, 0, 78)
7 (1, 4, 410, 0, 348, 23, 258, 58, 20, 20, 0, 0)
8 (1, 4, 0, 144, 700, 0, 73, 26, 20, 20, 0, 160)
9 (1, 4, 0, 93, 360, 0, 0, 101, 20, 20, 0, 94)
10 (1, 4, 176, 0, 0, 6, 0, 17, 20, 20, 0, 182)
11 (1, 4, 0, 121, 0, 19, 0, 113, 0, 0, 0, 102)
12 (1, 4, 37, 0, 0, 0, 225, 219, 20, 20, 0, 241)
13 (1, 4, 276, 0, 222, 49, 355, 109, 0, 0, 0, 54)
14 (1, 4, 0, 238, 599, 0, 121, 83, 0, 0, 0, 59)
15 (1, 4, 0, 147, 366, 0, 0, 204, 20, 20, 0, 183)
16 (1, 4, 159, 0, 0, 25, 0, 52, 20, 20, 0, 114)
17 (1, 4, 0, 0, 2, 0, 0, 22, 10, 9, 0, 169)
18 (1, 4, 0, 3, 2, 0, 0, 13, 9, 9, 0, 136)
19 (1, 4, 60, 31, 11, 0, 0, 14, 9, 9, 0, 161)
20 (1, 4, 16, 0, 0, 0, 0, 11, 9, 9, 0, 83)
21 (1, 4, 0, 0, 0, 0, 0, 10, 10, 10, 0, 119)
22 (1, 4, 0, 0, 0, 0, 0, 18, 11, 11, 0, 71)
23 (1, 4, 0, 0, 0, 0, 0, 20, 10, 10, 0, 130)
24 (1, 4, 9, 4, 0, 0, 0, 14, 10, 10, 0, 166)
25 (1, 4, 36, 6, 0, 0, 0, 15, 11, 11, 0, 156)
26 (1, 4, 0, 4, 0, 0, 0, 15, 11, 11, 0, 14)
27 (1, 4, 0, 4, 0, 0, 0, 16, 11, 11, 0, 36)
28 (1, 4, 1, 4, 0, 0, 0, 16, 12, 12, 0, 21)
29 (1, 4, 23, 1, 0, 0, 0, 15, 12, 12, 0, 148)
30 (1, 4, 7, 0, 0, 0, 0, 15, 12, 12, 0, 193)
31 (1, 4, 13, 2, 0, 0, 0, 16, 13, 12, 0, 136)
32 (1, 4, 50, 8, 0, 0, 0, 16, 13, 14, 0, 253)
1 (1, 4, 0, 5, 0, 0, 0, 17, 15, 14, 0, 1)
2 (1, 4, 6, 0, 0, 0, 0, 18, 15, 15, 0, 71)
3 (1, 4, 82, 0, 0, 0, 0, 44, 15, 15, 0, 66)
4 (1, 4, 311, 0, 0, 0, 0, 29, 15, 15, 0, 149)
5 (1, 4, 26, 0, 0, 0, 0, 29, 16, 15, 0, 20)
6 (1, 4, 191, 41, 0, 0, 0, 48, 16, 16, 0, 48)
7 (1, 4, 327, 0, 0, 0, 0, 38, 16, 16, 0, 34)
8 (1, 4, 277, 0, 0, 0, 0, 46, 18, 17, 0, 18)
9 (1, 4, 313, 0, 0, 0, 0, 39, 18, 18, 0, 21)
10 (1, 4, 477, 0, 0, 0, 0, 48, 20, 20, 0, 128)
11 (1, 4, 776, 0, 0, 0, 77, 98, 20, 20, 0, 160)
12 (1, 4, 637, 0, 0, 0, 232, 0, 12, 13, 0, 119)
13 (1, 4, 163, 301, 477, 4, 118, 1, 12, 14, 0, 129)
14 (1, 4, 0, 194, 285, 0, 0, 64, 14, 15, 0, 149)
15 (1, 4, 0, 190, 211, 0, 0, 202, 18, 18, 0, 8)
16 (1, 4, 0, 0, 0, 35, 0, 48, 17, 17, 0, 93)
17 (1, 4, 0, 0, 17, 0, 0, 50, 20, 20, 0, 234)
18 (1, 4, 0, 0, 0, 0, 0, 0, 20, 19, 0, 220)
19 (1, 4, 272, 67, 0, 0, 0, 0, 19, 18, 0, 39)
20 (1, 4, 226, 51, 0, 0, 0, 25, 18, 18, 0, 38)
21 (1, 4, 41, 18, 0, 0, 0, 21, 18, 17, 0, 141)
22 (1, 4, 0, 0, 2, 0, 0, 6, 18, 17, 0, 162)
23 (1, 4, 0, 0, 0, 0, 0, 16, 17, 16, 0, 95)
24 (1, 4, 0, 0, 0, 0, 0, 16, 17, 16, 0, 95)
25 (1, 4, 32, 21, 0, 0, 0, 13, 17, 16, 0, 5)
26 (1, 4, 55, 32, 0, 0, 0, 15, 16, 16, 0, 216)
27 (1, 4, 9, 11, 0, 0, 0, 11, 16, 16, 0, 119)
28 (1, 4, 0, 3, 0, 0, 0, 12, 17, 16, 0, 203)
29 (1, 4, 0, 11, 0, 0, 0, 12, 16, 16, 0, 26)
30 (1, 4, 24, 16, 0, 0, 0, 12, 16, 16, 0, 128)
31 (1, 4, 84, 22, 0, 0, 0, 12, 17, 16, 0, 148)
32 (1, 4, 87, 25, 0, 0, 0, 12, 17, 16, 0, 55)
1 (1, 4, 532, 182, 11, 0, 0, 21, 20, 20, 0, 125)
2 (1, 4, 584, 183, 0, 0, 0, 27, 20, 20, 0, 200)
3 (1, 4, 625, 93, 20, 0, 0, 49, 20, 20, 0, 220)
4 (1, 4, 459, 0, 0, 0, 0, 77, 20, 20, 0, 51)
5 (1, 4, 103, 0, 58, 0, 21, 95, 20, 20, 0, 204)
6 (1, 4, 46, 0, 299, 0, 49, 92, 20, 20, 0, 5)
7 (1, 4, 50, 0, 692, 0, 0, 42, 20, 20, 0, 151)
8 (1, 4, 197, 0, 864, 0, 0, 0, 20, 20, 0, 130)
9 (1, 4, 216, 0, 758, 0, 0, 6, 20, 20, 0, 74)
10 (1, 4, 48, 0, 602, 0, 0, 0, 20, 20, 0, 64)
11 (1, 4, 0, 0, 101, 84, 0, 0, 20, 20, 0, 91)
12 (1, 4, 0, 127, 0, 96, 0, 0, 20, 20, 0, 103)
13 (1, 4, 0, 275, 0, 80, 0, 0, 20, 20, 0, 180)
14 (1, 4, 0, 582, 0, 0, 0, 155, 20, 20, 0, 230)
15 (1, 4, 0, 514, 0, 0, 77, 331, 15, 20, 0, 70)
16 (1, 4, 84, 22, 0, 0, 354, 355, 20, 20, 0, 16)
17 (1, 4, 3, 117, 33, 0, 0, 0, 20, 20, 0, 253)
18 (1, 4, 109, 0, 5, 0, 0, 21, 20, 20, 0, 113)
19 (1, 4, 49, 23, 9, 0, 0, 30, 20, 20, 0, 93)
20 (1, 4, 54, 43, 3, 0, 0, 16, 20, 20, 0, 8)
21 (1, 4, 60, 22, 0, 0, 0, 19, 20, 20, 0, 198)
22 (1, 4, 79, 33, 2, 0, 0, 17, 20, 20, 0, 77)
23 (1, 4, 30, 19, 18, 0, 0, 20, 20, 20, 0, 49)
24 (1, 4, 30, 10, 15, 0, 0, 19, 20, 20, 0, 76)
25 (1, 4, 27, 9, 0, 0, 0, 22, 20, 20, 0, 81)
26 (1, 4, 31, 26, 0, 0, 0, 19, 20, 20, 0, 122)
27 (1, 4, 7, 27, 0, 0, 0, 18, 20, 20, 0, 128)
28 (1, 4, 4, 23, 0, 0, 0, 19, 20, 20, 0, 36)
29 (1, 4, 15, 13, 0, 0, 0, 17, 20, 20, 0, 64)
30 (1, 4, 25, 13, 1, 0, 0, 19, 20, 20, 0, 169)
31 (1, 4, 24, 14, 1, 0, 0, 18, 20, 20, 0, 160)
32 (1, 4, 25, 18, 0, 0, 0, 19, 20, 20, 0, 237)
