0 (1, 4, 0, 0, 0, 0, 0, 56, 2, 0, 0, 34)
1 (1, 4, 73, 0, 0, 0, 0, 64, 2, 0, 0, 8)
2 (1, 4, 137, 0, 0, 0, 0, 41, 2, 0, 0, 69)
3 (1, 4, 0, 52, 0, 0, 0, 44, 2, 0, 0, 253)
4 (1, 4, 372, 0, 0, 0, 0, 106, 2, 0, 0, 153)
5 (1, 4, 355, 0, 0, 0, 179, 156, 1, 0, 0, 179)
6 (1, 4, 113, 0, 300, 0, 220, 99, 1, 0, 0, 246)
7 (1, 4, 0, 0, 796, 0, 24, 24, 1, 0, 0, 27)
8 (1, 4, 0, 0, 179, 0, 0, 0, 1, 0, 0, 215)
9 (1, 4, 4, 56, 0, 0, 0, 0, 1, 0, 0, 52)
10 (1, 4, 96, 530, 0, 0, 0, 25, 1, 0, 0, 117)
11 (1, 4, 374, 264, 0, 0, 190, 297, 1, 0, 0, 19)
12 (1, 4, 0, 0, 339, 72, 292, 224, 0, 0, 0, 162)
13 (1, 4, 0, 0, 673, 0, 0, 130, 1, 0, 0, 14)
14 (1, 4, 0, 0, 464, 0, 0, 14, 1, 0, 0, 18)
15 (1, 4, 14, 0, 61, 0, 0, 0, 1, 0, 0, 191)
16 (1, 4, 41, 18, 41, 7, 0, 0, 1, 0, 0, 34)
17 (1, 4, 0, 126, 205, 6, 0, 9, 1, 0, 0, 51)
18 (1, 4, 11, 199, 291, 0, 0, 38, 1, 0, 0, 139)
19 (1, 4, 0, 270, 330, 0, 0, 36, 1, 0, 0, 28)
20 (1, 4, 0, 224, 443, 0, 0, 52, 1, 0, 0, 113)
21 (1, 4, 0, 232, 360, 0, 0, 53, 1, 0, 0, 211)
22 (1, 4, 0, 57, 272, 0, 0, 45, 1, 0, 0, 122)
23 (1, 4, 0, 137, 237, 0, 0, 39, 2, 0, 0, 141)
24 (1, 4, 0, 68, 181, 0, 0, 25, 2, 0, 0, 191)
25 (1, 4, 0, 127, 140, 0, 0, 10, 2, 0, 0, 107)
26 (1, 4, 0, 0, 12, 0, 0, 46, 2, 0, 0, 223)
27 (1, 4, 14, 0, 4, 0, 0, 17, 2, 0, 0, 188)
28 (1, 4, 0, 5, 18, 0, 0, 5, 2, 0, 0, 47)
29 (1, 4, 0, 17, 21, 0, 0, 8, 2, 0, 0, 49)
30 (1, 4, 9, 0, 8, 0, 0, 3, 2, 0, 0, 30)
31 (1, 4, 0, 1, 14, 0, 0, 5, 2, 0, 0, 104)
0 (1, 4, 239, 46, 0, 0, 0, 36, 1, 0, 0, 15)
1 (1, 4, 267, 0, 0, 0, 3, 73, 1, 0, 0, 135)
2 (1, 4, 273, 0, 0, 2, 75, 127, 1, 0, 0, 80)
3 (1, 4, 373, 0, 129, 64, 114, 99, 1, 0, 0, 212)
4 (1, 4, 88, 0, 382, 23, 72, 74, 1, 0, 0, 136)
5 (1, 4, 10, 46, 538, 0, 0, 71, 1, 0, 0, 182)
6 (1, 4, 0, 51, 195, 0, 0, 62, 1, 0, 0, 130)
7 (1, 4, 132, 0, 0, 0, 0, 0, 1, 0, 0, 49)
8 (1, 4, 0, 273, 0, 0, 0, 4, 1, 0, 0, 88)
9 (1, 4, 297, 221, 0, 30, 26, 174, 1, 0, 0, 110)
10 (1, 4, 189, 0, 0, 117, 339, 175, 1, 0, 0, 21)
11 (1, 4, 0, 116, 732, 1, 182, 88, 1, 0, 0, 5)
12 (1, 4, 0, 15, 509, 0, 0, 77, 1, 0, 0, 8)
13 (1, 4, 0, 0, 197, 0, 0, 17, 1, 0, 0, 208)
14 (1, 4, 0, 0, 0, 0, 0, 0, 1, 0, 0, 28)
15 (1, 4, 0, 132, 53, 0, 0, 10, 2, 0, 0, 121)
16 (1, 4, 0, 261, 217, 0, 0, 42, 2, 0, 0, 159)
17 (1, 4, 0, 202, 422, 0, 0, 56, 1, 0, 0, 251)
18 (1, 4, 0, 211, 504, 0, 0, 73, 1, 0, 0, 61)
19 (1, 4, 0, 0, 360, 0, 0, 66, 1, 0, 0, 4)
20 (1, 4, 193, 0, 204, 0, 0, 40, 1, 0, 0, 45)
21 (1, 4, 0, 40, 213, 0, 0, 44, 1, 0, 0, 236)
22 (1, 4, 0, 14, 165, 0, 0, 46, 1, 0, 0, 90)
23 (1, 4, 26, 21, 64, 0, 0, 36, 1, 0, 0, 177)
24 (1, 4, 107, 42, 0, 0, 0, 35, 1, 0, 0, 235)
25 (1, 4, 46, 0, 24, 0, 0, 45, 2, 0, 0, 11)
26 (1, 4, 26, 9, 12, 0, 0, 47, 2, 0, 0, 138)
27 (1, 4, 47, 3, 11, 0, 0, 43, 2, 0, 0, 213)
28 (1, 4, 8, 16, 11, 0, 0, 34, 1, 0, 0, 18)
29 (1, 4, 15, 7, 8, 0, 0, 32, 1, 0, 0, 89)
30 (1, 4, 0, 16, 0, 0, 0, 32, 1, 0, 0, 220)
31 (1, 4, 0, 9, 0, 0, 0, 35, 1, 0, 0, 221)
0 (1, 4, 0, 0, 0, 0, 0, 77, 2, 0, 0, 191)
1 (1, 4, 47, 0, 0, 0, 0, 89, 2, 0, 0, 132)
2 (1, 4, 72, 0, 0, 0, 0, 69, 2, 0, 0, 172)
3 (1, 4, 168, 0, 0, 3, 26, 90, 2, 0, 0, 74)
4 (1, 4, 408, 0, 9, 30, 74, 79, 2, 0, 0, 205)
5 (1, 4, 217, 0, 455, 14, 80, 33, 2, 0, 0, 81)
6 (1, 4, 0, 0, 609, 0, 0, 22, 2, 0, 0, 142)
7 (1, 4, 0, 16, 420, 0, 0, 113, 2, 0, 0, 63)
8 (1, 4, 195, 0, 0, 0, 0, 0, 3, 1, 0, 61)
9 (1, 4, 0, 371, 0, 0, 0, 17, 2, 0, 0, 171)
10 (1, 4, 256, 50, 0, 33, 51, 190, 2, 0, 0, 93)
11 (1, 4, 269, 0, 0, 165, 307, 116, 2, 0, 0, 139)
12 (1, 4, 0, 115, 549, 48, 163, 88, 2, 0, 0, 28)
13 (1, 4, 113, 0, 480, 0, 0, 136, 1, 0, 0, 117)
14 (1, 4, 18, 0, 261, 0, 0, 36, 1, 0, 0, 163)
15 (1, 4, 9, 0, 104, 0, 0, 0, 1, 0, 0, 219)
16 (1, 4, 0, 189, 39, 0, 0, 19, 1, 0, 0, 204)
17 (1, 4, 0, 213, 41, 0, 0, 53, 1, 0, 0, 158)
18 (1, 4, 0, 310, 74, 0, 0, 97, 1, 0, 0, 190)
19 (1, 4, 55, 193, 67, 0, 0, 112, 1, 0, 0, 81)
20 (1, 4, 10, 169, 80, 0, 0, 85, 1, 0, 0, 13)
21 (1, 4, 36, 150, 18, 0, 0, 81, 1, 0, 0, 45)
22 (1, 4, 0, 161, 54, 0, 0, 72, 1, 0, 0, 53)
23 (1, 4, 64, 132, 31, 0, 0, 70, 1, 0, 0, 225)
24 (1, 4, 7, 179, 68, 0, 0, 60, 1, 0, 0, 4)
25 (1, 4, 0, 245, 70, 0, 0, 43, 1, 0, 0, 245)
26 (1, 4, 0, 293, 129, 0, 0, 39, 1, 0, 0, 131)
27 (1, 4, 0, 134, 118, 0, 0, 39, 1, 0, 0, 19)
28 (1, 4, 0, 19, 101, 0, 0, 24, 1, 0, 0, 83)
0 (1, 4, 0, 467, 249, 0, 0, 134, 1, 0, 0, 39)
1 (1, 4, 29, 0, 0, 0, 0, 29, 1, 0, 0, 41)
2 (1, 4, 17, 89, 0, 0, 0, 34, 1, 0, 0, 14)
3 (1, 4, 94, 0, 0, 63, 67, 124, 1, 0, 0, 163)
4 (1, 4, 107, 0, 0, 110, 184, 136, 1, 0, 0, 171)
5 (1, 4, 0, 0, 300, 65, 110, 88, 1, 0, 0, 44)
6 (1, 4, 0, 0, 408, 22, 0, 66, 1, 0, 0, 58)
7 (1, 4, 0, 0, 355, 0, 0, 69, 1, 0, 0, 16)
8 (1, 4, 20, 0, 201, 0, 0, 61, 1, 0, 0, 212)
9 (1, 4, 10, 0, 44, 0, 0, 46, 1, 0, 0, 235)
10 (1, 4, 42, 50, 0, 5, 0, 36, 1, 0, 0, 206)
11 (1, 4, 23, 85, 0, 8, 0, 54, 1, 0, 0, 29)
12 (1, 4, 0, 98, 0, 18, 0, 38, 1, 0, 0, 148)
13 (1, 4, 0, 208, 10, 23, 0, 48, 1, 0, 0, 180)
14 (1, 4, 0, 266, 135, 9, 0, 39, 1, 0, 0, 102)
15 (1, 4, 0, 319, 280, 0, 0, 48, 1, 0, 0, 7)
16 (1, 4, 0, 397, 378, 0, 0, 64, 1, 0, 0, 213)
17 (1, 4, 0, 286, 338, 0, 0, 55, 1, 0, 0, 11)
18 (1, 4, 0, 222, 340, 0, 0, 46, 1, 0, 0, 251)
19 (1, 4, 0, 137, 307, 0, 0, 45, 1, 0, 0, 157)
20 (1, 4, 0, 94, 227, 0, 0, 17, 1, 0, 0, 185)
21 (1, 4, 0, 80, 91, 0, 0, 12, 1, 0, 0, 226)
22 (1, 4, 0, 83, 4, 0, 0, 17, 1, 0, 0, 116)
23 (1, 4, 0, 7, 0, 0, 0, 6, 1, 0, 0, 210)
24 (1, 4, 31, 0, 1, 0, 0, 0, 1, 0, 0, 50)
25 (1, 4, 0, 0, 5, 0, 0, 0, 1, 0, 0, 214)
26 (1, 4, 0, 0, 8, 0, 0, 0, 1, 0, 0, 160)
27 (1, 4, 1, 2, 5, 0, 0, 0, 1, 0, 0, 181)
28 (1, 4, 18, 9, 8, 0, 0, 0, 1, 0, 0, 90)
29 (1, 4, 0, 0, 4, 0, 0, 0, 1, 0, 0, 66)
0 (1, 4, 333, 0, 0, 0, 0, 0, 1, 0, 0, 209)
1 (1, 4, 315, 0, 0, 0, 0, 21, 1, 0, 0, 34)
2 (1, 4, 316, 0, 0, 0, 0, 46, 1, 0, 0, 246)
3 (1, 4, 524, 0, 0, 0, 69, 130, 1, 0, 0, 227)
4 (1, 4, 327, 0, 0, 5, 181, 13, 1, 0, 0, 184)
5 (1, 4, 190, 45, 569, 10, 101, 27, 1, 0, 0, 99)
6 (1, 4, 0, 70, 559, 0, 0, 94, 1, 0, 0, 133)
7 (1, 4, 0, 0, 247, 0, 0, 80, 1, 0, 0, 228)
8 (1, 4, 0, 0, 0, 0, 0, 0, 1, 0, 0, 28)
9 (1, 4, 0, 162, 0, 0, 0, 23, 1, 0, 0, 114)
10 (1, 4, 157, 164, 0, 18, 12, 132, 1, 0, 0, 162)
11 (1, 4, 140, 0, 0, 29, 374, 124, 1, 0, 0, 21)
12 (1, 4, 64, 0, 762, 30, 190, 95, 1, 0, 0, 121)
13 (1, 4, 0, 102, 642, 0, 0, 131, 1, 0, 0, 98)
14 (1, 4, 95, 0, 234, 0, 0, 10, 1, 0, 0, 27)
15 (1, 4, 0, 0, 81, 0, 0, 0, 1, 0, 0, 12)
16 (1, 4, 0, 123, 143, 8, 0, 0, 1, 0, 0, 7)
17 (1, 4, 0, 311, 296, 0, 0, 13, 1, 0, 0, 7)
18 (1, 4, 0, 347, 355, 0, 0, 42, 1, 0, 0, 97)
19 (1, 4, 45, 350, 354, 0, 0, 84, 1, 0, 0, 10)
20 (1, 4, 0, 199, 270, 0, 0, 61, 1, 0, 0, 62)
21 (1, 4, 0, 162, 248, 0, 0, 66, 1, 0, 0, 121)
22 (1, 4, 0, 97, 202, 0, 0, 58, 1, 0, 0, 80)
23 (1, 4, 0, 0, 147, 0, 0, 36, 1, 0, 0, 253)
24 (1, 4, 0, 0, 113, 0, 0, 10, 1, 0, 0, 161)
25 (1, 4, 0, 9, 134, 0, 0, 0, 1, 0, 0, 154)
26 (1, 4, 0, 37, 159, 0, 0, 9, 1, 0, 0, 83)
27 (1, 4, 0, 0, 180, 0, 0, 16, 1, 0, 0, 225)
28 (1, 4, 63, 0, 170, 0, 0, 10, 1, 0, 0, 174)
29 (1, 4, 0, 0, 91, 0, 0, 2, 1, 0, 0, 38)
30 (1, 4, 0, 49, 37, 0, 0, 17, 1, 0, 0, 50)
31 (1, 4, 0, 14, 25, 0, 0, 14, 1, 0, 0, 105)
0 (1, 4, 0, 0, 0, 0, 3, 8, 1, 0, 0, 125)
1 (1, 4, 0, 0, 0, 0, 1, 9, 1, 0, 0, 80)
2 (1, 4, 0, 0, 0, 0, 0, 10, 1, 0, 0, 79)
3 (1, 4, 0, 3, 0, 0, 0, 13, 1, 0, 0, 132)
4 (1, 4, 74, 0, 0, 0, 0, 30, 1, 0, 0, 12)
5 (1, 4, 65, 0, 0, 0, 0, 38, 1, 0, 0, 246)
6 (1, 4, 62, 0, 0, 0, 0, 25, 1, 0, 0, 137)
7 (1, 4, 0, 0, 0, 0, 0, 41, 1, 0, 0, 136)
8 (1, 4, 0, 0, 0, 0, 0, 69, 1, 0, 0, 243)
9 (1, 4, 0, 0, 0, 0, 0, 61, 1, 0, 0, 46)
10 (1, 4, 112, 0, 0, 0, 0, 23, 1, 0, 0, 114)
11 (1, 4, 230, 0, 0, 0, 64, 0, 1, 0, 0, 121)
12 (1, 4, 322, 0, 0, 0, 130, 2, 1, 0, 0, 244)
13 (1, 4, 588, 0, 480, 0, 176, 4, 1, 0, 0, 185)
14 (1, 4, 0, 136, 873, 0, 26, 34, 1, 0, 0, 202)
15 (1, 4, 0, 98, 549, 0, 0, 64, 1, 0, 0, 251)
16 (1, 4, 0, 226, 0, 37, 0, 0, 1, 0, 0, 187)
17 (1, 4, 116, 110, 0, 4, 0, 104, 1, 0, 0, 189)
18 (1, 4, 179, 0, 0, 0, 205, 147, 1, 0, 0, 118)
19 (1, 4, 67, 0, 299, 13, 219, 78, 1, 0, 0, 58)
20 (1, 4, 77, 0, 620, 0, 36, 10, 1, 0, 0, 51)
21 (1, 4, 409, 291, 564, 0, 0, 29, 1, 0, 0, 156)
22 (1, 4, 84, 79, 139, 0, 0, 103, 1, 0, 0, 126)
23 (1, 4, 0, 43, 22, 17, 0, 90, 1, 0, 0, 150)
24 (1, 4, 0, 40, 0, 23, 0, 88, 1, 0, 0, 187)
25 (1, 4, 0, 44, 0, 10, 0, 97, 1, 0, 0, 74)
26 (1, 4, 0, 2, 0, 3, 0, 82, 1, 0, 0, 127)
27 (1, 4, 0, 14, 0, 0, 0, 69, 1, 0, 0, 247)
28 (1, 4, 0, 32, 9, 0, 0, 53, 1, 0, 0, 46)
0 (1, 4, 278, 207, 0, 0, 0, 0, 1, 0, 0, 233)
1 (1, 4, 443, 354, 0, 0, 0, 23, 1, 0, 0, 71)
2 (1, 4, 476, 119, 0, 0, 0, 64, 1, 0, 0, 77)
3 (1, 4, 542, 0, 0, 0, 0, 65, 1, 0, 0, 54)
4 (1, 4, 397, 0, 0, 0, 7, 101, 1, 0, 0, 107)
5 (1, 4, 522, 0, 0, 0, 86, 166, 1, 0, 0, 29)
6 (1, 4, 239, 0, 355, 0, 126, 135, 1, 0, 0, 37)
7 (1, 4, 127, 0, 600, 0, 6, 19, 1, 0, 0, 206)
8 (1, 4, 0, 0, 307, 0, 0, 0, 2, 0, 0, 221)
9 (1, 4, 0, 0, 0, 0, 0, 0, 2, 0, 0, 186)
10 (1, 4, 0, 86, 0, 15, 0, 0, 1, 0, 0, 236)
11 (1, 4, 0, 274, 0, 16, 0, 60, 1, 0, 0, 239)
12 (1, 4, 0, 314, 0, 20, 79, 173, 1, 0, 0, 215)
13 (1, 4, 0, 193, 0, 0, 149, 321, 1, 0, 0, 179)
14 (1, 4, 192, 0, 46, 17, 209, 219, 1, 0, 0, 25)
15 (1, 4, 389, 0, 451, 14, 112, 69, 1, 0, 0, 22)
16 (1, 4, 39, 0, 514, 0, 0, 15, 1, 0, 0, 157)
17 (1, 4, 165, 1, 190, 0, 0, 49, 1, 0, 0, 93)
18 (1, 4, 0, 0, 0, 26, 0, 1, 1, 0, 0, 242)
19 (1, 4, 0, 28, 0, 55, 0, 16, 1, 0, 0, 132)
20 (1, 4, 0, 71, 0, 83, 0, 42, 1, 0, 0, 108)
21 (1, 4, 0, 141, 0, 70, 0, 55, 1, 0, 0, 55)
22 (1, 4, 0, 232, 0, 60, 0, 51, 1, 0, 0, 97)
23 (1, 4, 0, 303, 0, 40, 0, 36, 1, 0, 0, 79)
24 (1, 4, 0, 308, 0, 13, 28, 25, 1, 0, 0, 90)
25 (1, 4, 0, 516, 140, 0, 1, 59, 1, 0, 0, 159)
26 (1, 4, 0, 507, 466, 0, 0, 3, 1, 0, 0, 210)
27 (1, 4, 112, 544, 344, 0, 0, 107, 1, 0, 0, 176)
28 (1, 4, 0, 327, 286, 0, 0, 100, 1, 0, 0, 6)
29 (1, 4, 201, 36, 260, 0, 0, 66, 1, 0, 0, 25)
30 (1, 4, 0, 223, 73, 0, 0, 51, 1, 0, 0, 137)
31 (1, 4, 0, 91, 0, 0, 0, 48, 1, 0, 0, 231)
0 (1, 4, 209, 94, 0, 0, 0, 16, 1, 0, 0, 91)
1 (1, 4, 177, 77, 0, 0, 0, 25, 1, 0, 0, 153)
2 (1, 4, 99, 46, 0, 0, 0, 36, 1, 0, 0, 82)
3 (1, 4, 160, 0, 0, 0, 0, 38, 1, 0, 0, 163)
4 (1, 4, 142, 0, 0, 0, 0, 38, 1, 0, 0, 48)
5 (1, 4, 79, 0, 0, 0, 0, 26, 1, 0, 0, 79)
6 (1, 4, 1, 0, 0, 0, 0, 29, 1, 0, 0, 129)
7 (1, 4, 144, 0, 0, 16, 0, 70, 1, 0, 0, 151)
8 (1, 4, 429, 0, 0, 33, 37, 136, 1, 0, 0, 139)
9 (1, 4, 448, 0, 249, 34, 91, 106, 1, 0, 0, 148)
10 (1, 4, 79, 0, 476, 0, 4, 31, 1, 0, 0, 204)
11 (1, 4, 0, 197, 362, 0, 0, 90, 1, 0, 0, 255)
12 (1, 4, 0, 0, 0, 0, 0, 0, 1, 0, 0, 28)
13 (1, 4, 99, 251, 0, 0, 0, 14, 1, 0, 0, 44)
14 (1, 4, 162, 205, 0, 0, 14, 107, 1, 0, 0, 52)
15 (1, 4, 48, 0, 0, 31, 283, 185, 1, 0, 0, 120)
16 (1, 4, 0, 0, 392, 56, 167, 65, 1, 0, 0, 33)
17 (1, 4, 0, 101, 527, 0, 0, 100, 1, 0, 0, 64)
18 (1, 4, 31, 0, 305, 0, 0, 76, 1, 0, 0, 52)
19 (1, 4, 0, 0, 0, 4, 0, 45, 1, 0, 0, 129)
20 (1, 4, 0, 0, 0, 28, 0, 43, 1, 0, 0, 66)
21 (1, 4, 17, 81, 0, 28, 0, 60, 1, 0, 0, 59)
22 (1, 4, 0, 111, 0, 16, 0, 67, 1, 0, 0, 56)
23 (1, 4, 0, 123, 0, 7, 0, 80, 1, 0, 0, 156)
24 (1, 4, 0, 131, 0, 9, 0, 74, 1, 0, 0, 52)
25 (1, 4, 0, 186, 0, 2, 0, 76, 1, 0, 0, 132)
26 (1, 4, 0, 181, 47, 0, 0, 43, 1, 0, 0, 91)
27 (1, 4, 0, 241, 148, 0, 4, 29, 1, 0, 0, 40)
28 (1, 4, 0, 322, 310, 0, 7, 25, 1, 0, 0, 52)
29 (1, 4, 0, 345, 523, 0, 0, 40, 1, 0, 0, 235)
30 (1, 4, 0, 281, 549, 0, 0, 24, 1, 0, 0, 41)
31 (1, 4, 0, 212, 377, 0, 0, 2, 2, 0, 0, 53)
0 (1, 4, 23, 0, 0, 0, 6, 0, 1, 0, 0, 199)
1 (1, 4, 127, 0, 0, 0, 0, 4, 1, 0, 0, 157)
2 (1, 4, 303, 0, 5, 0, 0, 0, 1, 0, 0, 73)
3 (1, 4, 472, 0, 32, 0, 8, 17, 1, 0, 0, 33)
4 (1, 4, 253, 0, 46, 0, 11, 19, 1, 0, 0, 45)
5 (1, 4, 0, 0, 0, 0, 1, 41, 1, 0, 0, 241)
6 (1, 4, 0, 0, 0, 0, 0, 44, 1, 0, 0, 34)
7 (1, 4, 0, 0, 0, 0, 0, 35, 1, 0, 0, 219)
8 (1, 4, 0, 0, 0, 0, 0, 35, 1, 0, 0, 219)
9 (1, 4, 3, 0, 0, 0, 0, 24, 1, 0, 0, 55)
10 (1, 4, 0, 0, 0, 0, 0, 6, 1, 0, 0, 208)
11 (1, 4, 210, 0, 0, 0, 45, 36, 1, 0, 0, 254)
12 (1, 4, 365, 0, 0, 0, 150, 130, 1, 0, 0, 133)
13 (1, 4, 228, 0, 528, 0, 169, 110, 1, 0, 0, 249)
14 (1, 4, 0, 0, 873, 0, 0, 117, 1, 0, 0, 75)
15 (1, 4, 0, 0, 536, 0, 0, 40, 1, 0, 0, 46)
16 (1, 4, 40, 0, 0, 0, 0, 0, 1, 0, 0, 171)
17 (1, 4, 0, 238, 0, 5, 0, 20, 1, 0, 0, 157)
18 (1, 4, 12, 213, 0, 23, 0, 86, 1, 0, 0, 40)
19 (1, 4, 261, 0, 0, 45, 79, 199, 1, 0, 0, 53)
20 (1, 4, 159, 0, 0, 61, 221, 146, 2, 0, 0, 128)
21 (1, 4, 129, 0, 614, 3, 143, 81, 1, 0, 0, 60)
22 (1, 4, 0, 31, 666, 0, 0, 102, 1, 0, 0, 67)
23 (1, 4, 1, 0, 280, 0, 0, 10, 2, 0, 0, 121)
24 (1, 4, 0, 0, 0, 0, 0, 0, 2, 0, 0, 186)
25 (1, 4, 0, 238, 45, 8, 0, 0, 2, 0, 0, 142)
26 (1, 4, 0, 468, 268, 0, 0, 21, 1, 0, 0, 6)
27 (1, 4, 131, 526, 340, 0, 0, 93, 1, 0, 0, 131)
28 (1, 4, 159, 316, 250, 0, 0, 117, 1, 0, 0, 25)
29 (1, 4, 18, 159, 221, 0, 0, 115, 1, 0, 0, 99)
30 (1, 4, 0, 107, 137, 0, 0, 79, 1, 0, 0, 83)
31 (1, 4, 0, 77, 85, 0, 0, 63, 1, 0, 0, 134)
0 (1, 4, 9, 0, 0, 0, 0, 11, 1, 0, 0, 238)
1 (1, 4, 20, 0, 0, 0, 0, 9, 1, 0, 0, 241)
2 (1, 4, 26, 0, 0, 0, 0, 13, 1, 0, 0, 208)
3 (1, 4, 74, 0, 0, 0, 0, 14, 1, 0, 0, 223)
4 (1, 4, 98, 0, 0, 0, 0, 11, 1, 0, 0, 194)
5 (1, 4, 118, 0, 0, 0, 0, 23, 1, 0, 0, 86)
6 (1, 4, 168, 0, 0, 0, 0, 27, 1, 0, 0, 225)
7 (1, 4, 240, 0, 0, 0, 0, 34, 1, 0, 0, 191)
8 (1, 4, 251, 0, 0, 0, 0, 28, 1, 0, 0, 137)
9 (1, 4, 431, 0, 0, 0, 0, 0, 1, 0, 0, 150)
10 (1, 4, 631, 0, 0, 0, 43, 39, 1, 0, 0, 105)
11 (1, 4, 477, 0, 0, 0, 185, 108, 1, 0, 0, 91)
12 (1, 4, 172, 0, 320, 0, 235, 46, 1, 0, 0, 206)
13 (1, 4, 91, 0, 873, 0, 105, 13, 1, 0, 0, 50)
14 (1, 4, 0, 0, 767, 0, 0, 0, 1, 0, 0, 116)
15 (1, 4, 399, 0, 0, 0, 0, 0, 2, 0, 0, 247)
16 (1, 4, 215, 248, 0, 0, 0, 39, 2, 0, 0, 204)
17 (1, 4, 334, 0, 0, 12, 112, 174, 1, 0, 0, 216)
18 (1, 4, 40, 0, 0, 99, 394, 25, 1, 0, 0, 68)
19 (1, 4, 0, 84, 613, 3, 126, 101, 1, 0, 0, 124)
20 (1, 4, 0, 0, 435, 0, 0, 127, 1, 0, 0, 68)
21 (1, 4, 0, 0, 304, 0, 0, 43, 2, 0, 0, 75)
22 (1, 4, 0, 0, 97, 0, 0, 0, 2, 0, 0, 43)
23 (1, 4, 40, 140, 91, 0, 0, 0, 1, 0, 0, 64)
24 (1, 4, 0, 406, 74, 0, 0, 0, 2, 0, 0, 224)
25 (1, 4, 0, 414, 149, 0, 0, 7, 2, 0, 0, 108)
26 (1, 4, 0, 441, 233, 0, 0, 23, 2, 0, 0, 231)
27 (1, 4, 0, 420, 285, 0, 0, 50, 1, 0, 0, 127)
28 (1, 4, 59, 321, 254, 0, 0, 90, 1, 0, 0, 9)
29 (1, 4, 201, 114, 181, 0, 0, 37, 1, 0, 0, 2)
30 (1, 4, 52, 288, 173, 0, 0, 44, 1, 0, 0, 99)
31 (1, 4, 0, 183, 5, 0, 0, 130, 2, 0, 0, 227)
0 (1, 4, 130, 23, 0, 0, 0, 0, 2, 0, 0, 208)
1 (1, 4, 202, 16, 0, 0, 0, 0, 2, 0, 0, 43)
2 (1, 4, 381, 15, 0, 0, 0, 0, 2, 0, 0, 225)
3 (1, 4, 552, 0, 0, 0, 0, 18, 2, 0, 0, 99)
4 (1, 4, 635, 0, 0, 0, 0, 0, 2, 0, 0, 114)
5 (1, 4, 614, 46, 0, 0, 0, 0, 2, 0, 0, 18)
6 (1, 4, 453, 58, 0, 0, 0, 14, 2, 0, 0, 73)
7 (1, 4, 431, 0, 0, 0, 0, 27, 2, 0, 0, 111)
8 (1, 4, 334, 0, 0, 0, 0, 39, 2, 0, 0, 215)
9 (1, 4, 131, 0, 0, 0, 0, 25, 2, 0, 0, 91)
10 (1, 4, 110, 0, 0, 0, 0, 25, 1, 0, 0, 224)
11 (1, 4, 271, 0, 0, 0, 35, 88, 1, 0, 0, 190)
12 (1, 4, 157, 0, 0, 15, 170, 96, 1, 0, 0, 228)
13 (1, 4, 271, 0, 183, 51, 116, 38, 1, 0, 0, 242)
14 (1, 4, 1, 176, 552, 0, 0, 82, 1, 0, 0, 103)
15 (1, 4, 4, 0, 0, 0, 0, 65, 1, 0, 0, 190)
16 (1, 4, 95, 129, 0, 0, 0, 42, 1, 0, 0, 105)
17 (1, 4, 69, 21, 0, 15, 60, 118, 1, 0, 0, 89)
18 (1, 4, 0, 0, 0, 100, 311, 103, 1, 0, 0, 88)
19 (1, 4, 78, 2, 339, 83, 243, 60, 1, 0, 0, 13)
20 (1, 4, 13, 176, 505, 0, 0, 130, 1, 0, 0, 53)
21 (1, 4, 32, 47, 392, 0, 0, 92, 1, 0, 0, 177)
22 (1, 4, 0, 0, 53, 0, 0, 74, 1, 0, 0, 65)
23 (1, 4, 0, 0, 13, 17, 0, 53, 1, 0, 0, 90)
24 (1, 4, 0, 21, 64, 28, 0, 88, 1, 0, 0, 230)
25 (1, 4, 0, 13, 95, 16, 0, 79, 1, 0, 0, 86)
26 (1, 4, 35, 36, 18, 18, 0, 102, 1, 0, 0, 96)
27 (1, 4, 101, 17, 0, 20, 0, 90, 1, 0, 0, 254)
28 (1, 4, 37, 23, 0, 17, 0, 95, 1, 0, 0, 9)
29 (1, 4, 25, 14, 0, 20, 0, 86, 1, 0, 0, 87)
30 (1, 4, 43, 28, 0, 12, 0, 94, 1, 0, 0, 133)
31 (1, 4, 3, 0, 0, 15, 0, 89, 1, 0, 0, 8)
0 (1, 4, 94, 0, 0, 0, 0, 7, 1, 0, 0, 50)
1 (1, 4, 187, 0, 0, 0, 0, 22, 1, 0, 0, 83)
2 (1, 4, 223, 0, 0, 0, 0, 54, 1, 0, 0, 132)
3 (1, 4, 269, 0, 0, 0, 0, 74, 1, 0, 0, 78)
4 (1, 4, 466, 0, 0, 0, 0, 34, 1, 0, 0, 102)
5 (1, 4, 254, 0, 0, 0, 0, 13, 1, 0, 0, 179)
6 (1, 4, 126, 0, 0, 2, 30, 71, 1, 0, 0, 219)
7 (1, 4, 324, 0, 0, 14, 112, 116, 1, 0, 0, 197)
8 (1, 4, 167, 0, 308, 15, 109, 84, 1, 0, 0, 108)
9 (1, 4, 0, 0, 558, 0, 14, 70, 1, 0, 0, 204)
10 (1, 4, 0, 0, 391, 0, 0, 95, 1, 0, 0, 58)
11 (1, 4, 0, 0, 0, 0, 0, 0, 1, 0, 0, 28)
12 (1, 4, 76, 74, 0, 3, 0, 0, 1, 0, 0, 161)
13 (1, 4, 0, 140, 0, 27, 0, 31, 1, 0, 0, 112)
14 (1, 4, 186, 131, 0, 69, 81, 140, 1, 0, 0, 222)
15 (1, 4, 71, 0, 0, 95, 200, 173, 1, 0, 0, 188)
16 (1, 4, 146, 0, 372, 53, 100, 108, 1, 0, 0, 126)
17 (1, 4, 61, 0, 475, 6, 0, 66, 1, 0, 0, 236)
18 (1, 4, 78, 73, 339, 0, 0, 103, 1, 0, 0, 209)
19 (1, 4, 0, 0, 67, 0, 0, 82, 1, 0, 0, 115)
20 (1, 4, 7, 0, 0, 28, 0, 42, 1, 0, 0, 183)
21 (1, 4, 0, 6, 0, 59, 0, 49, 1, 0, 0, 193)
22 (1, 4, 74, 91, 0, 61, 0, 81, 1, 0, 0, 188)
23 (1, 4, 0, 50, 0, 47, 0, 101, 1, 0, 0, 208)
24 (1, 4, 0, 28, 15, 41, 0, 94, 1, 0, 0, 243)
25 (1, 4, 0, 31, 16, 36, 0, 84, 1, 0, 0, 197)
26 (1, 4, 0, 23, 0, 35, 0, 84, 1, 0, 0, 84)
27 (1, 4, 0, 33, 2, 33, 0, 87, 1, 0, 0, 55)
28 (1, 4, 0, 28, 0, 33, 0, 89, 1, 0, 0, 65)
29 (1, 4, 0, 13, 9, 33, 0, 89, 1, 0, 0, 189)
0 (1, 4, 453, 0, 96, 0, 106, 155, 1, 0, 0, 64)
1 (1, 4, 294, 0, 633, 0, 113, 127, 1, 0, 0, 48)
2 (1, 4, 0, 0, 830, 0, 0, 129, 1, 0, 0, 226)
3 (1, 4, 0, 0, 552, 0, 0, 26, 2, 0, 0, 194)
4 (1, 4, 53, 0, 0, 0, 0, 0, 2, 0, 0, 171)
5 (1, 4, 0, 162, 0, 0, 0, 0, 2, 0, 0, 20)
6 (1, 4, 58, 175, 0, 34, 0, 47, 2, 0, 0, 12)
7 (1, 4, 329, 0, 0, 69, 195, 185, 2, 0, 0, 145)
8 (1, 4, 126, 0, 374, 63, 272, 114, 1, 0, 0, 19)
9 (1, 4, 13, 122, 837, 0, 12, 138, 1, 0, 0, 137)
10 (1, 4, 22, 0, 492, 0, 0, 95, 2, 0, 0, 90)
11 (1, 4, 2, 0, 296, 0, 0, 30, 2, 0, 0, 76)
12 (1, 4, 0, 0, 39, 0, 0, 32, 2, 0, 0, 0)
13 (1, 4, 0, 0, 0, 0, 0, 0, 2, 0, 0, 186)
14 (1, 4, 0, 61, 0, 17, 0, 35, 2, 0, 0, 234)
15 (1, 4, 40, 94, 0, 36, 0, 85, 1, 0, 0, 228)
16 (1, 4, 0, 103, 0, 30, 0, 102, 1, 0, 0, 58)
17 (1, 4, 30, 95, 0, 29, 0, 105, 1, 0, 0, 70)
18 (1, 4, 2, 30, 15, 15, 0, 99, 1, 0, 0, 27)
19 (1, 4, 26, 21, 20, 20, 0, 92, 1, 0, 0, 61)
20 (1, 4, 1, 13, 22, 18, 0, 86, 1, 0, 0, 83)
21 (1, 4, 0, 7, 14, 12, 0, 84, 1, 0, 0, 180)
22 (1, 4, 10, 0, 1, 11, 0, 83, 1, 0, 0, 205)
23 (1, 4, 0, 3, 8, 11, 0, 79, 1, 0, 0, 29)
24 (1, 4, 0, 9, 4, 10, 0, 80, 1, 0, 0, 20)
25 (1, 4, 5, 7, 0, 12, 0, 81, 1, 0, 0, 229)
26 (1, 4, 0, 9, 0, 10, 0, 82, 1, 0, 0, 243)
27 (1, 4, 0, 0, 0, 9, 0, 78, 1, 0, 0, 152)
28 (1, 4, 0, 10, 0, 10, 0, 76, 1, 0, 0, 222)
29 (1, 4, 0, 7, 0, 9, 0, 82, 1, 0, 0, 214)
30 (1, 4, 3, 10, 0, 12, 0, 83, 1, 0, 0, 164)
31 (1, 4, 11, 13, 0, 10, 0, 87, 1, 0, 0, 225)
0 (1, 4, 214, 0, 115, 39, 0, 53, 1, 0, 0, 233)
1 (1, 4, 253, 0, 205, 44, 0, 78, 1, 0, 0, 147)
2 (1, 4, 597, 0, 275, 50, 15, 146, 1, 0, 0, 183)
3 (1, 4, 406, 0, 557, 28, 173, 0, 1, 0, 0, 236)
4 (1, 4, 199, 248, 865, 0, 0, 69, 1, 0, 0, 161)
5 (1, 4, 0, 69, 390, 0, 0, 131, 1, 0, 0, 193)
6 (1, 4, 0, 0, 0, 25, 0, 0, 1, 0, 0, 12)
7 (1, 4, 2, 106, 0, 35, 0, 18, 1, 0, 0, 61)
8 (1, 4, 0, 113, 0, 76, 17, 123, 1, 0, 0, 159)
9 (1, 4, 130, 0, 0, 72, 237, 190, 1, 0, 0, 158)
10 (1, 4, 35, 0, 396, 52, 120, 87, 1, 0, 0, 51)
11 (1, 4, 156, 0, 482, 7, 0, 26, 1, 0, 0, 250)
12 (1, 4, 418, 142, 237, 0, 0, 46, 1, 0, 0, 208)
13 (1, 4, 124, 0, 82, 0, 0, 95, 1, 0, 0, 62)
14 (1, 4, 0, 0, 0, 21, 0, 63, 1, 0, 0, 3)
15 (1, 4, 0, 0, 0, 38, 0, 63, 1, 0, 0, 60)
16 (1, 4, 0, 0, 0, 49, 0, 69, 1, 0, 0, 242)
17 (1, 4, 0, 22, 0, 47, 0, 75, 1, 0, 0, 79)
18 (1, 4, 6, 48, 10, 44, 0, 81, 1, 0, 0, 44)
19 (1, 4, 0, 31, 13, 39, 0, 82, 1, 0, 0, 33)
20 (1, 4, 0, 30, 24, 36, 0, 81, 1, 0, 0, 102)
21 (1, 4, 0, 14, 7, 33, 0, 80, 1, 0, 0, 157)
22 (1, 4, 0, 22, 5, 34, 0, 77, 1, 0, 0, 210)
23 (1, 4, 0, 22, 0, 34, 0, 80, 1, 0, 0, 139)
24 (1, 4, 0, 24, 0, 36, 0, 79, 1, 0, 0, 231)
25 (1, 4, 0, 25, 0, 35, 0, 82, 1, 0, 0, 156)
26 (1, 4, 0, 16, 0, 35, 0, 82, 1, 0, 0, 154)
27 (1, 4, 0, 17, 0, 35, 0, 79, 1, 0, 0, 188)
28 (1, 4, 0, 12, 0, 33, 0, 80, 1, 0, 0, 21)
29 (1, 4, 0, 9, 0, 31, 0, 80, 1, 0, 0, 222)
30 (1, 4, 0, 2, 0, 33, 0, 78, 1, 0, 0, 228)
31 (1, 4, 0, 11, 0, 32, 0, 77, 1, 0, 0, 155)
0 (1, 4, 0, 3, 0, 34, 0, 80, 1, 0, 0, 133)
1 (1, 4, 0, 0, 0, 34, 0, 80, 1, 0, 0, 93)
2 (1, 4, 0, 0, 0, 36, 0, 81, 1, 0, 0, 192)
3 (1, 4, 0, 0, 9, 30, 0, 72, 1, 0, 0, 214)
4 (1, 4, 0, 14, 0, 26, 0, 68, 1, 0, 0, 25)
5 (1, 4, 0, 41, 0, 23, 0, 73, 1, 0, 0, 2)
6 (1, 4, 0, 87, 0, 15, 0, 85, 1, 0, 0, 101)
7 (1, 4, 0, 41, 0, 36, 0, 90, 1, 0, 0, 136)
8 (1, 4, 0, 0, 0, 35, 0, 48, 1, 0, 0, 166)
9 (1, 4, 0, 116, 0, 26, 0, 16, 1, 0, 0, 4)
10 (1, 4, 0, 296, 0, 9, 0, 2, 1, 0, 0, 214)
11 (1, 4, 0, 462, 0, 13, 63, 133, 1, 0, 0, 229)
12 (1, 4, 317, 0, 0, 28, 363, 115, 1, 0, 0, 19)
13 (1, 4, 0, 506, 822, 0, 188, 102, 1, 0, 0, 167)
14 (1, 4, 0, 48, 508, 0, 0, 168, 1, 0, 0, 74)
15 (1, 4, 0, 0, 0, 0, 0, 0, 1, 0, 0, 28)
16 (1, 4, 158, 184, 0, 0, 0, 72, 1, 0, 0, 3)
17 (1, 4, 0, 0, 0, 36, 430, 182, 1, 0, 0, 71)
18 (1, 4, 0, 0, 580, 69, 215, 71, 1, 0, 0, 32)
19 (1, 4, 0, 0, 353, 0, 0, 54, 1, 0, 0, 110)
20 (1, 4, 150, 24, 132, 0, 0, 50, 1, 0, 0, 123)
21 (1, 4, 4, 0, 0, 28, 0, 42, 1, 0, 0, 165)
22 (1, 4, 37, 0, 0, 48, 0, 44, 1, 0, 0, 205)
23 (1, 4, 13, 12, 0, 51, 0, 59, 1, 0, 0, 242)
24 (1, 4, 0, 65, 0, 51, 0, 63, 1, 0, 0, 158)
25 (1, 4, 0, 81, 0, 45, 0, 69, 1, 0, 0, 214)
26 (1, 4, 0, 89, 0, 48, 0, 73, 1, 0, 0, 150)
27 (1, 4, 0, 78, 0, 37, 0, 76, 1, 0, 0, 203)
28 (1, 4, 0, 89, 0, 35, 0, 64, 1, 0, 0, 117)
29 (1, 4, 0, 116, 0, 24, 0, 45, 2, 0, 0, 174)
0 (1, 4, 273, 312, 350, 0, 0, 12, 1, 0, 0, 142)
1 (1, 4, 347, 331, 169, 0, 0, 14, 1, 0, 0, 25)
2 (1, 4, 127, 361, 73, 0, 0, 46, 1, 0, 0, 30)
3 (1, 4, 0, 327, 34, 0, 24, 85, 1, 0, 0, 209)
4 (1, 4, 0, 0, 66, 0, 0, 43, 2, 0, 0, 67)
5 (1, 4, 370, 0, 65, 0, 0, 0, 2, 0, 0, 101)
6 (1, 4, 289, 0, 0, 0, 0, 0, 2, 0, 0, 113)
7 (1, 4, 276, 0, 0, 0, 0, 0, 2, 0, 0, 96)
8 (1, 4, 375, 0, 0, 0, 0, 11, 1, 0, 0, 22)
9 (1, 4, 320, 0, 0, 0, 0, 32, 1, 0, 0, 54)
10 (1, 4, 378, 0, 0, 0, 0, 35, 1, 0, 0, 27)
11 (1, 4, 446, 0, 0, 0, 171, 103, 1, 0, 0, 252)
12 (1, 4, 46, 0, 274, 60, 195, 50, 1, 0, 0, 118)
13 (1, 4, 106, 163, 586, 0, 0, 135, 1, 0, 0, 110)
14 (1, 4, 0, 0, 96, 0, 0, 73, 1, 0, 0, 105)
15 (1, 4, 84, 0, 0, 0, 0, 0, 1, 0, 0, 77)
16 (1, 4, 61, 58, 0, 0, 0, 18, 1, 0, 0, 106)
17 (1, 4, 169, 77, 0, 32, 134, 111, 1, 0, 0, 62)
18 (1, 4, 72, 0, 28, 69, 328, 73, 1, 0, 0, 118)
19 (1, 4, 0, 158, 706, 0, 69, 111, 1, 0, 0, 122)
20 (1, 4, 39, 0, 323, 0, 0, 144, 1, 0, 0, 181)
21 (1, 4, 0, 0, 0, 0, 0, 34, 1, 0, 0, 4)
22 (1, 4, 188, 63, 0, 18, 0, 51, 1, 0, 0, 169)
23 (1, 4, 12, 61, 0, 18, 1, 62, 1, 0, 0, 207)
24 (1, 4, 0, 67, 0, 30, 0, 86, 1, 0, 0, 80)
25 (1, 4, 0, 49, 0, 30, 0, 100, 1, 0, 0, 214)
26 (1, 4, 0, 28, 0, 26, 0, 95, 1, 0, 0, 74)
27 (1, 4, 11, 62, 0, 24, 0, 98, 1, 0, 0, 139)
28 (1, 4, 0, 14, 0, 22, 0, 98, 1, 0, 0, 240)
29 (1, 4, 0, 5, 0, 25, 0, 94, 1, 0, 0, 211)
0 (1, 4, 0, 2, 9, 15, 0, 89, 1, 0, 0, 95)
1 (1, 4, 0, 7, 20, 14, 0, 87, 1, 0, 0, 0)
2 (1, 4, 5, 32, 75, 11, 0, 85, 1, 0, 0, 241)
3 (1, 4, 29, 36, 83, 0, 0, 110, 1, 0, 0, 95)
4 (1, 4, 0, 0, 43, 0, 0, 116, 1, 0, 0, 167)
5 (1, 4, 0, 0, 0, 6, 0, 110, 1, 0, 0, 156)
6 (1, 4, 0, 0, 0, 12, 0, 83, 1, 0, 0, 104)
7 (1, 4, 0, 0, 0, 32, 0, 38, 1, 0, 0, 152)
8 (1, 4, 0, 0, 0, 50, 0, 49, 1, 0, 0, 145)
9 (1, 4, 157, 0, 0, 56, 25, 84, 1, 0, 0, 151)
10 (1, 4, 480, 0, 132, 51, 100, 124, 1, 0, 0, 137)
11 (1, 4, 487, 0, 498, 28, 132, 100, 1, 0, 0, 163)
12 (1, 4, 235, 0, 727, 0, 84, 72, 1, 0, 0, 220)
13 (1, 4, 0, 237, 616, 0, 0, 166, 1, 0, 0, 100)
14 (1, 4, 53, 0, 0, 0, 0, 47, 1, 0, 0, 85)
15 (1, 4, 0, 20, 0, 8, 0, 9, 1, 0, 0, 106)
16 (1, 4, 0, 16, 0, 54, 0, 61, 1, 0, 0, 19)
17 (1, 4, 125, 0, 0, 97, 148, 127, 1, 0, 0, 75)
18 (1, 4, 240, 0, 285, 102, 224, 65, 1, 0, 0, 52)
19 (1, 4, 318, 134, 778, 0, 25, 141, 1, 0, 0, 88)
20 (1, 4, 0, 0, 377, 0, 0, 173, 1, 0, 0, 120)
21 (1, 4, 28, 0, 138, 0, 0, 17, 1, 0, 0, 218)
22 (1, 4, 25, 0, 74, 50, 0, 0, 1, 0, 0, 202)
23 (1, 4, 64, 7, 70, 56, 0, 27, 1, 0, 0, 164)
24 (1, 4, 53, 11, 63, 50, 0, 59, 1, 0, 0, 96)
25 (1, 4, 50, 6, 19, 51, 0, 68, 1, 0, 0, 91)
26 (1, 4, 65, 0, 13, 53, 0, 68, 1, 0, 0, 160)
27 (1, 4, 20, 3, 12, 47, 0, 66, 1, 0, 0, 78)
28 (1, 4, 35, 0, 8, 43, 0, 64, 1, 0, 0, 0)
29 (1, 4, 18, 3, 1, 43, 0, 64, 1, 0, 0, 217)
0 (1, 4, 369, 146, 643, 0, 97, 38, 1, 0, 0, 64)
1 (1, 4, 0, 142, 667, 0, 0, 148, 1, 0, 0, 6)
2 (1, 4, 30, 0, 0, 0, 0, 55, 1, 0, 0, 201)
3 (1, 4, 10, 0, 0, 0, 0, 0, 1, 0, 0, 112)
4 (1, 4, 0, 0, 0, 26, 0, 25, 1, 0, 0, 203)
5 (1, 4, 244, 0, 0, 42, 174, 137, 1, 0, 0, 230)
6 (1, 4, 0, 0, 221, 87, 317, 1, 1, 0, 0, 127)
7 (1, 4, 163, 144, 602, 0, 0, 95, 1, 0, 0, 126)
8 (1, 4, 309, 46, 252, 0, 0, 169, 1, 0, 0, 190)
9 (1, 4, 0, 0, 0, 50, 0, 43, 1, 0, 0, 17)
10 (1, 4, 71, 0, 0, 70, 0, 24, 1, 0, 0, 17)
11 (1, 4, 0, 4, 0, 70, 0, 46, 1, 0, 0, 214)
12 (1, 4, 25, 59, 37, 62, 0, 62, 1, 0, 0, 142)
13 (1, 4, 0, 34, 18, 49, 0, 79, 1, 0, 0, 94)
14 (1, 4, 0, 23, 0, 53, 0, 81, 1, 0, 0, 75)
15 (1, 4, 0, 9, 8, 56, 0, 81, 1, 0, 0, 9)
16 (1, 4, 0, 0, 10, 54, 0, 77, 1, 0, 0, 214)
17 (1, 4, 6, 0, 13, 54, 0, 75, 1, 0, 0, 219)
18 (1, 4, 6, 0, 14, 54, 0, 73, 1, 0, 0, 217)
19 (1, 4, 0, 0, 9, 56, 0, 70, 1, 0, 0, 91)
20 (1, 4, 3, 3, 3, 56, 0, 69, 1, 0, 0, 100)
21 (1, 4, 0, 2, 3, 53, 0, 71, 1, 0, 0, 225)
22 (1, 4, 0, 1, 0, 53, 0, 73, 1, 0, 0, 164)
23 (1, 4, 0, 0, 0, 52, 0, 70, 1, 0, 0, 247)
24 (1, 4, 0, 8, 0, 52, 0, 71, 1, 0, 0, 155)
25 (1, 4, 0, 11, 0, 53, 0, 71, 1, 0, 0, 92)
26 (1, 4, 0, 12, 0, 53, 0, 72, 1, 0, 0, 167)
27 (1, 4, 0, 17, 8, 52, 0, 73, 1, 0, 0, 102)
28 (1, 4, 0, 5, 0, 52, 0, 74, 1, 0, 0, 7)
29 (1, 4, 0, 8, 0, 52, 0, 74, 1, 0, 0, 219)
0 (1, 4, 0, 4, 0, 50, 0, 71, 1, 0, 0, 176)
1 (1, 4, 0, 15, 0, 52, 0, 68, 1, 0, 0, 255)
2 (1, 4, 0, 38, 0, 50, 0, 64, 1, 0, 0, 12)
3 (1, 4, 0, 67, 0, 46, 0, 46, 1, 0, 0, 147)
4 (1, 4, 0, 187, 65, 23, 0, 0, 1, 0, 0, 16)
5 (1, 4, 0, 493, 97, 0, 0, 0, 1, 0, 0, 244)
6 (1, 4, 0, 693, 289, 0, 0, 29, 1, 0, 0, 184)
7 (1, 4, 50, 389, 158, 0, 0, 90, 1, 0, 0, 42)
8 (1, 4, 0, 254, 124, 0, 0, 91, 1, 0, 0, 187)
9 (1, 4, 61, 60, 57, 0, 0, 74, 1, 0, 0, 8)
10 (1, 4, 126, 61, 0, 0, 0, 59, 1, 0, 0, 103)
11 (1, 4, 209, 157, 0, 0, 0, 76, 1, 0, 0, 8)
12 (1, 4, 158, 0, 18, 0, 0, 40, 1, 0, 0, 166)
13 (1, 4, 156, 80, 64, 0, 0, 30, 1, 0, 0, 77)
14 (1, 4, 110, 111, 103, 0, 0, 28, 1, 0, 0, 90)
15 (1, 4, 43, 154, 187, 0, 0, 30, 1, 0, 0, 133)
16 (1, 4, 94, 173, 115, 0, 0, 18, 1, 0, 0, 149)
17 (1, 4, 94, 235, 67, 0, 0, 29, 1, 0, 0, 217)
18 (1, 4, 0, 276, 0, 0, 0, 123, 2, 0, 0, 95)
19 (1, 4, 13, 0, 52, 0, 0, 8, 2, 0, 0, 201)
20 (1, 4, 280, 0, 25, 0, 0, 18, 2, 0, 0, 21)
21 (1, 4, 444, 0, 0, 0, 0, 43, 2, 0, 0, 239)
22 (1, 4, 501, 0, 0, 0, 0, 59, 1, 0, 0, 109)
23 (1, 4, 0, 74, 0, 0, 0, 70, 1, 0, 0, 200)
24 (1, 4, 167, 0, 0, 0, 0, 49, 1, 0, 0, 73)
25 (1, 4, 271, 0, 0, 0, 16, 73, 1, 0, 0, 177)
26 (1, 4, 156, 0, 0, 5, 185, 104, 1, 0, 0, 200)
27 (1, 4, 208, 0, 627, 18, 139, 40, 1, 0, 0, 231)
28 (1, 4, 0, 184, 433, 0, 0, 0, 1, 0, 0, 180)
29 (1, 4, 180, 0, 0, 0, 0, 0, 1, 0, 0, 22)
30 (1, 4, 286, 140, 0, 0, 0, 84, 1, 0, 0, 33)
31 (1, 4, 170, 0, 0, 106, 304, 141, 1, 0, 0, 9)
0 (1, 4, 14, 0, 0, 4, 0, 86, 1, 0, 0, 110)
1 (1, 4, 26, 6, 0, 1, 0, 81, 1, 0, 0, 113)
2 (1, 4, 84, 0, 16, 0, 0, 74, 1, 0, 0, 36)
3 (1, 4, 0, 18, 61, 0, 0, 53, 2, 0, 0, 153)
4 (1, 4, 0, 124, 96, 0, 0, 22, 2, 0, 0, 233)
5 (1, 4, 0, 240, 239, 0, 5, 27, 2, 0, 0, 243)
6 (1, 4, 31, 328, 444, 0, 18, 21, 2, 0, 0, 20)
7 (1, 4, 0, 505, 551, 0, 0, 24, 2, 0, 0, 224)
8 (1, 4, 0, 343, 270, 0, 0, 18, 2, 0, 0, 69)
9 (1, 4, 0, 224, 177, 0, 0, 34, 2, 0, 0, 6)
10 (1, 4, 0, 166, 53, 0, 0, 2, 2, 0, 0, 60)
11 (1, 4, 0, 158, 0, 0, 0, 154, 2, 0, 0, 212)
12 (1, 4, 225, 0, 13, 0, 0, 5, 2, 0, 0, 51)
13 (1, 4, 363, 0, 0, 0, 0, 12, 2, 0, 0, 11)
14 (1, 4, 175, 0, 0, 0, 0, 40, 2, 0, 0, 121)
15 (1, 4, 97, 0, 0, 0, 0, 77, 1, 0, 0, 89)
16 (1, 4, 4, 0, 0, 0, 47, 94, 1, 0, 0, 48)
17 (1, 4, 208, 0, 0, 0, 147, 82, 1, 0, 0, 117)
18 (1, 4, 327, 0, 462, 42, 139, 0, 1, 0, 0, 118)
19 (1, 4, 0, 68, 788, 0, 0, 50, 2, 0, 0, 238)
20 (1, 4, 0, 0, 201, 0, 0, 0, 2, 0, 0, 152)
21 (1, 4, 200, 0, 0, 0, 0, 0, 2, 0, 0, 86)
22 (1, 4, 78, 152, 0, 38, 48, 117, 2, 0, 0, 10)
23 (1, 4, 232, 0, 0, 186, 252, 144, 1, 0, 0, 159)
24 (1, 4, 153, 0, 518, 80, 144, 51, 2, 0, 0, 125)
25 (1, 4, 0, 92, 612, 0, 0, 92, 2, 0, 0, 217)
26 (1, 4, 0, 0, 266, 0, 0, 136, 2, 0, 0, 20)
27 (1, 4, 72, 0, 33, 0, 0, 47, 2, 0, 0, 113)
28 (1, 4, 0, 9, 87, 24, 0, 21, 1, 0, 0, 13)
29 (1, 4, 0, 108, 75, 6, 0, 64, 1, 0, 0, 207)
30 (1, 4, 0, 42, 11, 0, 0, 86, 1, 0, 0, 93)
31 (1, 4, 0, 40, 2, 0, 0, 79, 1, 0, 0, 254)

