1 (1, 4, 0, 5, 0, 0, 0, 7, 0, 1, 0, 105)
2 (1, 4, 0, 5, 0, 0, 0, 7, 0, 1, 0, 105)
3 (1, 4, 0, 5, 0, 0, 0, 8, 0, 1, 0, 144)
4 (1, 4, 0, 1, 0, 0, 0, 8, 0, 1, 0, 74)
5 (1, 4, 30, 0, 2, 0, 0, 19, 0, 1, 0, 59)
6 (1, 4, 192, 0, 80, 0, 0, 38, 0, 1, 0, 96)
7 (1, 4, 333, 0, 63, 0, 0, 24, 0, 0, 0, 82)
8 (1, 4, 0, 0, 0, 0, 0, 38, 0, 0, 0, 19)
9 (1, 4, 0, 0, 0, 0, 0, 71, 0, 0, 0, 40)
10 (1, 4, 0, 0, 0, 0, 0, 131, 0, 0, 0, 146)
11 (1, 4, 49, 0, 0, 0, 0, 173, 0, 0, 0, 60)
12 (1, 4, 344, 0, 0, 0, 0, 139, 0, 0, 0, 99)
13 (1, 4, 275, 0, 0, 0, 0, 96, 0, 0, 0, 106)
14 (1, 4, 424, 0, 0, 0, 0, 47, 0, 0, 0, 134)
15 (1, 4, 200, 0, 0, 0, 0, 8, 0, 0, 0, 120)
16 (1, 4, 254, 0, 0, 0, 55, 0, 0, 0, 0, 113)
17 (1, 4, 0, 122, 74, 4, 194, 0, 0, 0, 0, 72)
18 (1, 4, 0, 762, 696, 0, 136, 0, 0, 0, 0, 207)
19 (1, 4, 0, 873, 737, 0, 0, 0, 1, 1, 0, 194)
20 (1, 4, 542, 3, 526, 0, 0, 162, 0, 1, 0, 152)
21 (1, 4, 0, 0, 0, 41, 0, 103, 0, 0, 0, 135)
22 (1, 4, 233, 130, 150, 3, 0, 83, 0, 0, 0, 25)
23 (1, 4, 59, 285, 161, 0, 0, 72, 0, 0, 0, 87)
24 (1, 4, 9, 486, 211, 0, 0, 55, 0, 0, 0, 189)
25 (1, 4, 0, 374, 179, 0, 0, 62, 0, 1, 0, 248)
26 (1, 4, 0, 234, 137, 0, 0, 42, 0, 0, 0, 203)
27 (1, 4, 0, 238, 197, 0, 0, 31, 0, 1, 0, 187)
28 (1, 4, 0, 140, 279, 0, 0, 44, 0, 1, 0, 132)
29 (1, 4, 0, 37, 282, 0, 0, 13, 0, 1, 0, 73)
30 (1, 4, 0, 62, 340, 0, 0, 12, 0, 1, 0, 170)
31 (1, 4, 0, 50, 333, 0, 0, 0, 0, 2, 0, 182)
32 (1, 4, 0, 0, 117, 0, 0, 0, 0, 2, 0, 24)
1 (1, 4, 96, 0, 66, 0, 0, 37, 0, 0, 0, 239)
2 (1, 4, 111, 0, 0, 0, 0, 54, 0, 1, 0, 191)
3 (1, 4, 0, 0, 0, 0, 0, 66, 0, 1, 0, 233)
4 (1, 4, 63, 0, 0, 0, 0, 62, 0, 0, 0, 87)
5 (1, 4, 221, 0, 0, 0, 0, 32, 0, 0, 0, 229)
6 (1, 4, 251, 0, 0, 0, 0, 41, 0, 0, 0, 51)
7 (1, 4, 354, 0, 0, 0, 0, 35, 0, 0, 0, 233)
8 (1, 4, 625, 0, 0, 0, 0, 43, 0, 0, 0, 247)
9 (1, 4, 493, 0, 0, 0, 15, 36, 0, 0, 0, 28)
10 (1, 4, 523, 0, 0, 0, 63, 0, 0, 0, 0, 57)
11 (1, 4, 325, 0, 0, 38, 155, 0, 0, 0, 0, 147)
12 (1, 4, 0, 387, 351, 15, 112, 0, 0, 0, 0, 245)
13 (1, 4, 0, 854, 405, 0, 12, 0, 0, 0, 0, 56)
14 (1, 4, 0, 873, 659, 0, 0, 0, 0, 0, 0, 158)
15 (1, 4, 0, 0, 0, 0, 0, 197, 0, 0, 0, 27)
16 (1, 4, 525, 0, 182, 102, 0, 47, 0, 0, 0, 27)
17 (1, 4, 0, 0, 0, 29, 0, 114, 0, 0, 0, 156)
18 (1, 4, 10, 129, 114, 28, 0, 75, 0, 0, 0, 73)
19 (1, 4, 0, 219, 138, 0, 0, 71, 0, 0, 0, 194)
20 (1, 4, 0, 214, 154, 0, 0, 51, 0, 0, 0, 35)
21 (1, 4, 0, 317, 221, 0, 0, 44, 0, 0, 0, 217)
22 (1, 4, 0, 258, 200, 0, 0, 26, 1, 1, 0, 201)
23 (1, 4, 0, 421, 328, 0, 0, 43, 1, 1, 0, 9)
24 (1, 4, 0, 178, 398, 0, 0, 25, 0, 1, 0, 93)
25 (1, 4, 0, 179, 291, 0, 0, 16, 0, 2, 0, 25)
26 (1, 4, 0, 57, 159, 0, 0, 0, 0, 3, 0, 177)
27 (1, 4, 0, 46, 0, 0, 0, 0, 0, 3, 0, 5)
28 (1, 4, 0, 0, 0, 0, 0, 38, 0, 1, 0, 120)
29 (1, 4, 378, 0, 92, 0, 0, 0, 0, 1, 0, 179)
30 (1, 4, 155, 73, 24, 0, 0, 0, 0, 1, 0, 196)
31 (1, 4, 16, 101, 0, 0, 0, 0, 0, 1, 0, 219)
32 (1, 4, 104, 58, 58, 0, 0, 10, 0, 1, 0, 23)
1 (1, 4, 316, 39, 0, 0, 0, 6, 0, 0, 0, 31)
2 (1, 4, 439, 0, 0, 0, 0, 95, 0, 0, 0, 11)
3 (1, 4, 716, 0, 0, 0, 0, 80, 1, 1, 0, 49)
4 (1, 4, 530, 0, 0, 0, 0, 68, 1, 0, 0, 212)
5 (1, 4, 328, 0, 0, 25, 8, 17, 1, 1, 0, 81)
6 (1, 4, 258, 0, 0, 15, 51, 0, 1, 0, 0, 164)
7 (1, 4, 0, 0, 4, 49, 99, 0, 0, 0, 0, 189)
8 (1, 4, 0, 616, 460, 47, 130, 0, 0, 0, 0, 126)
9 (1, 4, 0, 873, 593, 0, 0, 0, 0, 0, 0, 187)
10 (1, 4, 39, 0, 273, 0, 0, 146, 1, 1, 0, 204)
11 (1, 4, 0, 66, 9, 21, 0, 134, 0, 1, 0, 1)
12 (1, 4, 62, 0, 0, 49, 0, 135, 0, 1, 0, 254)
13 (1, 4, 112, 36, 39, 47, 0, 133, 0, 1, 0, 212)
14 (1, 4, 48, 0, 0, 41, 0, 131, 0, 0, 0, 187)
15 (1, 4, 27, 0, 0, 52, 0, 110, 0, 0, 0, 92)
16 (1, 4, 21, 0, 0, 52, 0, 108, 0, 0, 0, 177)
17 (1, 4, 14, 0, 0, 56, 0, 104, 0, 0, 0, 194)
18 (1, 4, 26, 11, 0, 55, 0, 109, 0, 1, 0, 21)
19 (1, 4, 15, 16, 0, 59, 0, 110, 0, 1, 0, 43)
20 (1, 4, 8, 26, 0, 56, 0, 109, 0, 1, 0, 152)
21 (1, 4, 10, 9, 0, 55, 0, 111, 0, 1, 0, 33)
22 (1, 4, 23, 1, 0, 59, 0, 105, 0, 1, 0, 124)
23 (1, 4, 5, 16, 0, 58, 0, 108, 0, 1, 0, 225)
24 (1, 4, 14, 15, 0, 56, 0, 109, 0, 1, 0, 178)
25 (1, 4, 1, 29, 4, 54, 0, 110, 0, 0, 0, 13)
26 (1, 4, 0, 18, 0, 52, 0, 114, 0, 0, 0, 158)
27 (1, 4, 9, 4, 0, 55, 0, 112, 0, 0, 0, 174)
28 (1, 4, 0, 6, 0, 57, 0, 111, 0, 0, 0, 45)
29 (1, 4, 0, 11, 0, 58, 0, 110, 0, 0, 0, 15)
30 (1, 4, 6, 9, 1, 56, 0, 113, 0, 0, 0, 198)
31 (1, 4, 0, 9, 2, 55, 0, 112, 0, 0, 0, 35)
32 (1, 4, 0, 11, 0, 55, 0, 111, 0, 0, 0, 75)
1 (1, 4, 0, 186, 228, 0, 0, 36, 0, 1, 0, 23)
2 (1, 4, 0, 317, 400, 0, 0, 73, 1, 1, 0, 78)
3 (1, 4, 199, 408, 509, 0, 0, 106, 0, 1, 0, 130)
4 (1, 4, 0, 419, 376, 0, 0, 75, 0, 1, 0, 185)
5 (1, 4, 0, 293, 153, 0, 0, 28, 0, 1, 0, 183)
6 (1, 4, 0, 206, 108, 0, 0, 0, 0, 1, 0, 116)
7 (1, 4, 131, 121, 49, 0, 0, 0, 0, 1, 0, 33)
8 (1, 4, 201, 124, 82, 0, 0, 0, 0, 1, 0, 21)
9 (1, 4, 172, 89, 28, 0, 0, 3, 0, 1, 0, 144)
10 (1, 4, 160, 0, 0, 0, 0, 22, 0, 0, 0, 179)
11 (1, 4, 568, 0, 0, 0, 0, 6, 0, 0, 0, 225)
12 (1, 4, 408, 0, 0, 0, 0, 33, 1, 0, 0, 229)
13 (1, 4, 341, 0, 0, 0, 0, 46, 1, 0, 0, 198)
14 (1, 4, 282, 0, 0, 0, 0, 65, 1, 1, 0, 99)
15 (1, 4, 249, 0, 0, 0, 0, 83, 1, 1, 0, 66)
16 (1, 4, 257, 0, 0, 7, 0, 102, 1, 1, 0, 14)
17 (1, 4, 429, 0, 0, 11, 0, 94, 1, 1, 0, 136)
18 (1, 4, 385, 0, 0, 70, 0, 52, 0, 1, 0, 156)
19 (1, 4, 261, 0, 0, 60, 0, 33, 0, 1, 0, 197)
20 (1, 4, 97, 0, 0, 96, 29, 0, 1, 1, 0, 213)
21 (1, 4, 107, 0, 0, 92, 51, 0, 1, 1, 0, 254)
22 (1, 4, 22, 2, 26, 68, 90, 0, 1, 1, 0, 55)
23 (1, 4, 0, 361, 221, 60, 97, 0, 1, 1, 0, 34)
24 (1, 4, 0, 780, 336, 0, 31, 0, 1, 1, 0, 195)
25 (1, 4, 0, 468, 268, 0, 0, 0, 0, 1, 0, 118)
26 (1, 4, 0, 7, 364, 0, 0, 171, 1, 1, 0, 104)
27 (1, 4, 0, 0, 0, 66, 0, 99, 1, 1, 0, 30)
28 (1, 4, 117, 57, 59, 42, 0, 133, 0, 1, 0, 161)
29 (1, 4, 78, 70, 113, 58, 0, 137, 1, 1, 0, 23)
30 (1, 4, 7, 60, 74, 36, 0, 129, 1, 1, 0, 63)
31 (1, 4, 44, 20, 9, 41, 0, 113, 1, 1, 0, 141)
32 (1, 4, 67, 0, 0, 40, 0, 80, 1, 0, 0, 0)
1 (1, 4, 89, 0, 0, 65, 0, 97, 1, 1, 0, 145)
2 (1, 4, 175, 0, 0, 75, 0, 112, 1, 1, 0, 196)
3 (1, 4, 373, 0, 0, 84, 51, 77, 1, 1, 0, 181)
4 (1, 4, 204, 0, 0, 79, 105, 0, 1, 1, 0, 124)
5 (1, 4, 56, 403, 213, 77, 135, 0, 1, 1, 0, 208)
6 (1, 4, 0, 855, 346, 0, 10, 0, 1, 1, 0, 198)
7 (1, 4, 0, 163, 237, 0, 0, 175, 0, 0, 0, 53)
8 (1, 4, 303, 0, 0, 11, 0, 125, 1, 1, 0, 70)
9 (1, 4, 0, 1, 0, 39, 0, 122, 1, 1, 0, 18)
10 (1, 4, 24, 34, 22, 32, 0, 142, 1, 1, 0, 3)
11 (1, 4, 0, 21, 21, 17, 0, 133, 1, 1, 0, 4)
12 (1, 4, 62, 0, 0, 25, 0, 124, 1, 1, 0, 188)
13 (1, 4, 28, 0, 0, 29, 0, 110, 0, 0, 0, 120)
14 (1, 4, 13, 5, 24, 29, 0, 110, 0, 0, 0, 58)
15 (1, 4, 0, 30, 36, 30, 0, 117, 0, 0, 0, 107)
16 (1, 4, 0, 15, 13, 27, 0, 118, 1, 0, 0, 14)
17 (1, 4, 17, 5, 7, 24, 0, 118, 1, 1, 0, 231)
18 (1, 4, 17, 0, 1, 26, 0, 119, 1, 1, 0, 24)
19 (1, 4, 11, 0, 0, 28, 0, 120, 1, 1, 0, 187)
20 (1, 4, 13, 0, 0, 28, 0, 121, 1, 1, 0, 64)
21 (1, 4, 18, 0, 0, 29, 0, 118, 1, 1, 0, 28)
22 (1, 4, 0, 0, 0, 28, 0, 117, 2, 2, 0, 130)
23 (1, 4, 0, 0, 0, 29, 0, 113, 1, 1, 0, 243)
24 (1, 4, 15, 0, 0, 33, 0, 115, 1, 1, 0, 138)
25 (1, 4, 10, 9, 2, 32, 0, 115, 1, 1, 0, 138)
26 (1, 4, 0, 9, 0, 34, 0, 116, 1, 1, 0, 228)
27 (1, 4, 0, 19, 14, 32, 0, 116, 1, 1, 0, 168)
28 (1, 4, 23, 23, 18, 33, 0, 114, 1, 1, 0, 246)
29 (1, 4, 1, 26, 14, 31, 0, 118, 1, 1, 0, 162)
30 (1, 4, 0, 16, 7, 31, 0, 121, 1, 1, 0, 163)
31 (1, 4, 0, 25, 8, 29, 0, 119, 1, 1, 0, 228)
32 (1, 4, 0, 0, 318, 0, 0, 85, 1, 2, 0, 231)
1 (1, 4, 0, 0, 251, 0, 0, 73, 1, 2, 0, 54)
2 (1, 4, 0, 0, 150, 0, 0, 62, 1, 2, 0, 97)
3 (1, 4, 0, 0, 67, 0, 0, 62, 1, 1, 0, 99)
4 (1, 4, 0, 0, 7, 0, 0, 62, 1, 1, 0, 198)
5 (1, 4, 0, 0, 0, 0, 0, 83, 1, 1, 0, 135)
6 (1, 4, 99, 0, 0, 0, 0, 108, 1, 1, 0, 80)
7 (1, 4, 128, 0, 0, 0, 0, 109, 1, 1, 0, 198)
8 (1, 4, 422, 0, 0, 0, 0, 100, 1, 1, 0, 18)
9 (1, 4, 499, 0, 0, 27, 0, 63, 1, 1, 0, 121)
10 (1, 4, 492, 0, 0, 61, 0, 55, 1, 1, 0, 130)
11 (1, 4, 448, 0, 0, 85, 8, 51, 1, 1, 0, 125)
12 (1, 4, 429, 0, 0, 93, 28, 69, 1, 1, 0, 16)
13 (1, 4, 286, 0, 0, 104, 19, 70, 1, 1, 0, 130)
14 (1, 4, 371, 0, 0, 87, 40, 16, 1, 1, 0, 169)
15 (1, 4, 240, 0, 0, 80, 135, 0, 2, 2, 0, 169)
16 (1, 4, 0, 496, 426, 76, 180, 0, 2, 3, 0, 12)
17 (1, 4, 0, 873, 622, 0, 67, 0, 1, 1, 0, 251)
18 (1, 4, 0, 873, 873, 0, 0, 0, 2, 2, 0, 201)
19 (1, 4, 155, 0, 32, 0, 0, 114, 1, 1, 0, 144)
20 (1, 4, 432, 0, 10, 23, 0, 66, 1, 1, 0, 130)
21 (1, 4, 0, 0, 0, 27, 0, 141, 1, 1, 0, 147)
22 (1, 4, 70, 0, 44, 16, 0, 144, 1, 1, 0, 104)
23 (1, 4, 35, 0, 10, 13, 0, 128, 1, 1, 0, 32)
24 (1, 4, 41, 0, 0, 27, 0, 129, 1, 1, 0, 181)
25 (1, 4, 50, 0, 12, 32, 0, 125, 1, 1, 0, 48)
26 (1, 4, 8, 0, 0, 17, 0, 117, 1, 1, 0, 114)
27 (1, 4, 0, 0, 0, 14, 0, 109, 1, 1, 0, 105)
28 (1, 4, 7, 0, 0, 32, 0, 111, 1, 1, 0, 169)
29 (1, 4, 52, 0, 0, 44, 0, 102, 1, 1, 0, 45)
30 (1, 4, 47, 0, 0, 51, 0, 109, 1, 1, 0, 113)
31 (1, 4, 68, 3, 0, 52, 0, 107, 1, 1, 0, 20)
32 (1, 4, 245, 0, 0, 75, 63, 0, 1, 1, 0, 215)
1 (1, 4, 42, 0, 74, 23, 107, 0, 1, 1, 0, 67)
2 (1, 4, 0, 533, 585, 52, 176, 0, 1, 1, 0, 3)
3 (1, 4, 0, 873, 822, 0, 82, 0, 0, 1, 0, 0)
4 (1, 4, 0, 0, 0, 0, 0, 0, 1, 1, 0, 119)
5 (1, 4, 768, 168, 381, 28, 0, 11, 1, 1, 0, 175)
6 (1, 4, 0, 0, 0, 90, 0, 75, 1, 1, 0, 90)
7 (1, 4, 163, 62, 25, 78, 0, 105, 1, 1, 0, 249)
8 (1, 4, 61, 50, 0, 69, 0, 113, 1, 1, 0, 134)
9 (1, 4, 151, 7, 0, 51, 0, 105, 0, 1, 0, 38)
10 (1, 4, 162, 0, 0, 64, 0, 92, 0, 1, 0, 7)
11 (1, 4, 74, 0, 0, 58, 0, 92, 0, 1, 0, 33)
12 (1, 4, 121, 0, 0, 63, 0, 84, 0, 1, 0, 157)
13 (1, 4, 48, 0, 0, 66, 0, 86, 0, 1, 0, 131)
14 (1, 4, 35, 9, 0, 69, 0, 88, 0, 1, 0, 12)
15 (1, 4, 25, 2, 0, 69, 0, 91, 0, 1, 0, 74)
16 (1, 4, 53, 17, 0, 75, 0, 94, 1, 1, 0, 14)
17 (1, 4, 37, 16, 13, 69, 0, 98, 0, 1, 0, 24)
18 (1, 4, 13, 9, 0, 69, 0, 99, 0, 1, 0, 97)
19 (1, 4, 35, 0, 0, 68, 0, 96, 0, 1, 0, 141)
20 (1, 4, 16, 1, 0, 69, 0, 92, 0, 1, 0, 255)
21 (1, 4, 16, 0, 0, 67, 0, 95, 0, 1, 0, 110)
22 (1, 4, 14, 0, 0, 70, 0, 90, 0, 1, 0, 19)
23 (1, 4, 0, 7, 0, 72, 0, 91, 0, 1, 0, 32)
24 (1, 4, 0, 12, 0, 73, 0, 92, 0, 1, 0, 71)
25 (1, 4, 6, 12, 0, 68, 0, 97, 0, 1, 0, 202)
26 (1, 4, 0, 11, 0, 71, 0, 95, 0, 1, 0, 153)
27 (1, 4, 0, 13, 0, 71, 0, 97, 0, 1, 0, 122)
28 (1, 4, 7, 15, 0, 70, 0, 98, 0, 1, 0, 68)
29 (1, 4, 10, 2, 0, 69, 0, 98, 0, 1, 0, 255)
30 (1, 4, 13, 8, 0, 69, 0, 98, 0, 1, 0, 11)
31 (1, 4, 1, 4, 0, 70, 0, 98, 0, 1, 0, 11)
32 (1, 4, 0, 12, 0, 67, 0, 78, 1, 1, 0, 137)
1 (1, 4, 0, 212, 119, 38, 0, 89, 4, 3, 0, 226)
2 (1, 4, 0, 319, 221, 12, 0, 107, 1, 2, 0, 210)
3 (1, 4, 0, 148, 202, 0, 0, 91, 4, 4, 0, 99)
4 (1, 4, 0, 0, 169, 13, 0, 85, 1, 2, 0, 74)
5 (1, 4, 172, 0, 152, 18, 0, 65, 1, 1, 0, 140)
6 (1, 4, 0, 0, 68, 19, 0, 109, 2, 2, 0, 187)
7 (1, 4, 95, 0, 0, 5, 0, 72, 0, 1, 0, 234)
8 (1, 4, 274, 0, 0, 32, 0, 36, 0, 1, 0, 214)
9 (1, 4, 129, 0, 0, 22, 0, 73, 1, 1, 0, 169)
10 (1, 4, 265, 0, 0, 38, 0, 89, 2, 2, 0, 24)
11 (1, 4, 240, 0, 0, 29, 0, 96, 1, 1, 0, 68)
12 (1, 4, 347, 0, 0, 48, 0, 64, 3, 2, 0, 92)
13 (1, 4, 246, 0, 0, 64, 0, 51, 2, 2, 0, 50)
14 (1, 4, 189, 0, 0, 95, 0, 31, 1, 1, 0, 174)
15 (1, 4, 188, 0, 0, 93, 0, 23, 1, 1, 0, 116)
16 (1, 4, 169, 0, 0, 83, 23, 16, 1, 1, 0, 230)
17 (1, 4, 65, 0, 0, 80, 44, 24, 0, 1, 0, 166)
18 (1, 4, 21, 0, 0, 85, 56, 12, 0, 1, 0, 84)
19 (1, 4, 0, 0, 0, 84, 51, 0, 0, 0, 0, 35)
20 (1, 4, 0, 0, 0, 71, 61, 0, 0, 0, 0, 37)
21 (1, 4, 0, 0, 47, 69, 67, 0, 0, 0, 0, 254)
22 (1, 4, 0, 0, 104, 64, 67, 0, 0, 1, 0, 232)
23 (1, 4, 0, 10, 186, 64, 70, 0, 0, 1, 0, 246)
24 (1, 4, 0, 243, 274, 56, 57, 0, 1, 1, 0, 85)
25 (1, 4, 0, 522, 330, 31, 21, 0, 2, 2, 0, 7)
26 (1, 4, 0, 575, 191, 0, 0, 0, 0, 1, 0, 227)
27 (1, 4, 0, 515, 382, 0, 0, 28, 0, 0, 0, 205)
28 (1, 4, 0, 389, 182, 0, 0, 108, 0, 0, 0, 143)
29 (1, 4, 0, 392, 213, 0, 0, 159, 0, 0, 0, 54)
30 (1, 4, 127, 252, 65, 0, 0, 196, 0, 0, 0, 23)
31 (1, 4, 0, 178, 10, 0, 0, 206, 0, 0, 0, 203)
32 (1, 4, 23, 0, 0, 86, 35, 0, 0, 1, 0, 57)
1 (1, 4, 0, 0, 0, 78, 56, 0, 0, 1, 0, 51)
2 (1, 4, 0, 17, 41, 74, 42, 0, 0, 1, 0, 58)
3 (1, 4, 0, 88, 66, 78, 46, 0, 1, 1, 0, 64)
4 (1, 4, 0, 129, 97, 68, 42, 1, 1, 1, 0, 26)
5 (1, 4, 0, 195, 167, 65, 48, 0, 1, 1, 0, 133)
6 (1, 4, 0, 319, 328, 45, 38, 0, 1, 1, 0, 244)
7 (1, 4, 0, 565, 383, 2, 0, 5, 1, 1, 0, 156)
8 (1, 4, 0, 339, 281, 0, 0, 116, 1, 1, 0, 224)
9 (1, 4, 106, 261, 277, 10, 0, 115, 2, 2, 0, 187)
10 (1, 4, 0, 189, 150, 28, 0, 156, 2, 2, 0, 88)
11 (1, 4, 28, 138, 89, 33, 0, 164, 1, 1, 0, 4)
12 (1, 4, 0, 94, 82, 25, 0, 176, 2, 2, 0, 201)
13 (1, 4, 7, 24, 45, 29, 0, 158, 2, 2, 0, 15)
14 (1, 4, 42, 6, 4, 22, 0, 132, 3, 3, 0, 109)
15 (1, 4, 56, 6, 0, 19, 0, 118, 4, 4, 0, 151)
16 (1, 4, 40, 4, 17, 21, 0, 100, 4, 4, 0, 217)
17 (1, 4, 0, 7, 19, 11, 0, 111, 3, 3, 0, 103)
18 (1, 4, 16, 20, 32, 18, 0, 109, 3, 3, 0, 173)
19 (1, 4, 4, 20, 28, 11, 0, 118, 3, 3, 0, 89)
20 (1, 4, 20, 16, 32, 20, 0, 117, 4, 4, 0, 11)
21 (1, 4, 0, 16, 22, 15, 0, 122, 3, 3, 0, 203)
22 (1, 4, 46, 28, 33, 20, 0, 123, 3, 3, 0, 164)
23 (1, 4, 0, 7, 19, 14, 0, 124, 2, 3, 0, 211)
24 (1, 4, 6, 14, 1, 19, 0, 120, 2, 2, 0, 211)
25 (1, 4, 16, 43, 3, 15, 0, 116, 1, 1, 0, 98)
26 (1, 4, 10, 16, 0, 10, 0, 126, 1, 1, 0, 173)
27 (1, 4, 24, 11, 0, 12, 0, 121, 1, 1, 0, 10)
28 (1, 4, 33, 2, 0, 9, 0, 122, 1, 1, 0, 80)
29 (1, 4, 13, 5, 0, 13, 0, 119, 1, 1, 0, 225)
30 (1, 4, 32, 13, 0, 18, 0, 120, 1, 1, 0, 120)
31 (1, 4, 26, 35, 0, 15, 0, 126, 1, 1, 0, 85)
32 (1, 4, 273, 0, 0, 73, 0, 99, 1, 1, 0, 43)
1 (1, 4, 300, 0, 0, 80, 0, 75, 1, 1, 0, 17)
2 (1, 4, 247, 0, 0, 107, 13, 51, 1, 1, 0, 76)
3 (1, 4, 188, 0, 0, 109, 21, 37, 1, 1, 0, 190)
4 (1, 4, 133, 0, 0, 116, 23, 20, 1, 1, 0, 168)
5 (1, 4, 108, 0, 0, 87, 48, 0, 1, 1, 0, 134)
6 (1, 4, 0, 150, 8, 66, 58, 0, 1, 1, 0, 76)
7 (1, 4, 0, 436, 133, 16, 57, 0, 1, 1, 0, 22)
8 (1, 4, 0, 595, 221, 0, 14, 0, 1, 1, 0, 83)
9 (1, 4, 0, 416, 188, 0, 0, 103, 1, 1, 0, 52)
10 (1, 4, 108, 217, 227, 8, 0, 140, 1, 1, 0, 54)
11 (1, 4, 0, 117, 32, 24, 0, 151, 0, 1, 0, 225)
12 (1, 4, 31, 78, 66, 51, 0, 158, 0, 1, 0, 188)
13 (1, 4, 0, 78, 38, 45, 0, 158, 0, 1, 0, 16)
14 (1, 4, 0, 0, 12, 41, 0, 141, 0, 1, 0, 51)
15 (1, 4, 0, 0, 0, 42, 0, 116, 0, 1, 0, 120)
16 (1, 4, 56, 0, 0, 41, 0, 108, 0, 0, 0, 92)
17 (1, 4, 7, 19, 0, 43, 0, 110, 0, 0, 0, 31)
18 (1, 4, 2, 10, 0, 42, 0, 119, 0, 0, 0, 183)
19 (1, 4, 40, 30, 2, 44, 0, 115, 0, 0, 0, 191)
20 (1, 4, 0, 37, 3, 42, 0, 119, 0, 1, 0, 8)
21 (1, 4, 32, 30, 0, 35, 0, 125, 0, 1, 0, 8)
22 (1, 4, 0, 3, 0, 38, 0, 120, 0, 1, 0, 187)
23 (1, 4, 22, 3, 0, 37, 0, 119, 0, 1, 0, 167)
24 (1, 4, 5, 4, 0, 39, 0, 118, 0, 0, 0, 221)
25 (1, 4, 17, 2, 0, 38, 0, 119, 0, 0, 0, 114)
26 (1, 4, 0, 0, 0, 39, 0, 115, 0, 0, 0, 155)
27 (1, 4, 0, 6, 0, 39, 0, 115, 0, 0, 0, 44)
28 (1, 4, 4, 18, 0, 39, 0, 119, 0, 0, 0, 218)
29 (1, 4, 7, 13, 0, 37, 0, 119, 0, 0, 0, 38)
30 (1, 4, 10, 21, 0, 36, 0, 118, 0, 1, 0, 25)
31 (1, 4, 0, 21, 0, 36, 0, 118, 0, 0, 0, 30)

