0 (1, 4, 11, 0, 15, 0, 60, 19, 2, 0, 0, 158)
1 (1, 4, 2, 0, 27, 0, 75, 42, 2, 0, 0, 124)
2 (1, 4, 0, 0, 0, 0, 73, 73, 2, 0, 0, 104)
3 (1, 4, 0, 0, 0, 0, 14, 75, 2, 0, 0, 163)
4 (1, 4, 0, 0, 0, 0, 0, 71, 1, 0, 0, 74)
5 (1, 4, 0, 0, 0, 0, 0, 29, 1, 0, 0, 143)
6 (1, 4, 0, 486, 0, 0, 0, 0, 1, 0, 0, 14)
7 (1, 4, 70, 557, 0, 0, 0, 0, 1, 0, 0, 98)
8 (1, 4, 0, 577, 0, 0, 0, 0, 1, 0, 0, 231)
9 (1, 4, 202, 278, 0, 0, 0, 170, 1, 0, 0, 167)
10 (1, 4, 22, 0, 0, 0, 0, 182, 1, 0, 0, 236)
11 (1, 4, 37, 0, 0, 0, 7, 24, 2, 0, 0, 26)
12 (1, 4, 0, 0, 0, 6, 0, 0, 2, 0, 0, 248)
13 (1, 4, 110, 78, 30, 0, 0, 0, 1, 0, 0, 51)
14 (1, 4, 100, 136, 69, 26, 0, 0, 1, 0, 0, 216)
15 (1, 4, 60, 26, 31, 20, 0, 0, 1, 0, 0, 97)
16 (1, 4, 12, 2, 64, 8, 0, 0, 1, 0, 0, 58)
17 (1, 4, 0, 10, 45, 9, 0, 0, 1, 0, 0, 173)
18 (1, 4, 0, 0, 13, 8, 0, 0, 1, 0, 0, 146)
19 (1, 4, 0, 0, 0, 18, 0, 0, 1, 0, 0, 213)
20 (1, 4, 25, 13, 0, 8, 0, 0, 1, 0, 0, 166)
21 (1, 4, 21, 14, 0, 6, 0, 0, 1, 0, 0, 140)
22 (1, 4, 36, 0, 0, 10, 0, 0, 1, 0, 0, 37)
23 (1, 4, 27, 32, 4, 9, 0, 0, 1, 0, 0, 229)
24 (1, 4, 60, 9, 0, 10, 0, 0, 1, 0, 0, 179)
25 (1, 4, 31, 23, 0, 10, 0, 0, 1, 0, 0, 3)
26 (1, 4, 0, 18, 27, 13, 0, 0, 1, 0, 0, 243)
27 (1, 4, 0, 12, 26, 12, 0, 0, 1, 0, 0, 29)
28 (1, 4, 26, 0, 10, 12, 0, 0, 1, 0, 0, 135)
29 (1, 4, 75, 3, 28, 7, 0, 0, 1, 0, 0, 239)
30 (1, 4, 71, 45, 52, 0, 0, 0, 1, 0, 0, 126)
31 (1, 4, 59, 30, 67, 2, 0, 0, 1, 0, 0, 66)
0 (1, 4, 189, 35, 304, 0, 0, 28, 1, 0, 0, 226)
1 (1, 4, 163, 124, 350, 0, 0, 24, 1, 0, 0, 184)
2 (1, 4, 134, 119, 340, 0, 0, 21, 1, 0, 0, 241)
3 (1, 4, 143, 133, 270, 0, 0, 33, 1, 0, 0, 211)
4 (1, 4, 65, 144, 254, 0, 0, 22, 1, 0, 0, 162)
5 (1, 4, 51, 255, 235, 0, 0, 12, 2, 0, 0, 115)
6 (1, 4, 0, 46, 43, 0, 0, 46, 2, 0, 0, 2)
7 (1, 4, 142, 0, 0, 0, 0, 0, 2, 0, 0, 251)
8 (1, 4, 111, 0, 0, 0, 12, 0, 2, 0, 0, 140)
9 (1, 4, 143, 0, 19, 0, 15, 5, 2, 0, 0, 50)
10 (1, 4, 159, 0, 32, 0, 20, 8, 2, 0, 0, 103)
11 (1, 4, 103, 0, 13, 0, 20, 13, 2, 0, 0, 142)
12 (1, 4, 0, 0, 18, 0, 14, 15, 2, 0, 0, 195)
13 (1, 4, 37, 20, 24, 0, 6, 11, 2, 0, 0, 174)
14 (1, 4, 0, 20, 0, 0, 14, 8, 2, 0, 0, 59)
15 (1, 4, 11, 0, 0, 0, 15, 12, 2, 0, 0, 238)
16 (1, 4, 9, 0, 5, 0, 19, 11, 2, 0, 0, 140)
17 (1, 4, 50, 12, 17, 0, 5, 21, 2, 0, 0, 224)
18 (1, 4, 57, 0, 0, 0, 0, 38, 2, 0, 0, 142)
19 (1, 4, 0, 0, 0, 0, 0, 36, 2, 0, 0, 110)
20 (1, 4, 0, 0, 0, 0, 0, 32, 1, 0, 0, 189)
21 (1, 4, 0, 0, 0, 0, 0, 13, 1, 0, 0, 92)
22 (1, 4, 0, 147, 0, 0, 0, 0, 1, 0, 0, 164)
23 (1, 4, 0, 216, 0, 0, 0, 0, 1, 0, 0, 76)
24 (1, 4, 0, 160, 0, 0, 0, 53, 1, 0, 0, 7)
25 (1, 4, 156, 0, 0, 0, 0, 122, 2, 0, 0, 99)
26 (1, 4, 0, 0, 0, 0, 0, 0, 2, 0, 0, 186)
27 (1, 4, 0, 0, 0, 0, 0, 0, 2, 0, 0, 186)
28 (1, 4, 32, 85, 20, 0, 0, 0, 2, 0, 0, 209)
29 (1, 4, 53, 123, 51, 7, 0, 0, 2, 0, 0, 135)
30 (1, 4, 0, 36, 79, 22, 0, 0, 2, 0, 0, 181)
31 (1, 4, 22, 0, 0, 25, 0, 0, 2, 0, 0, 110)
0 (1, 4, 0, 213, 380, 0, 0, 5, 2, 0, 0, 89)
1 (1, 4, 0, 242, 324, 0, 0, 1, 2, 0, 0, 209)
2 (1, 4, 0, 205, 251, 0, 0, 0, 2, 0, 0, 104)
3 (1, 4, 0, 351, 370, 0, 0, 4, 2, 0, 0, 113)
4 (1, 4, 56, 108, 153, 0, 0, 5, 2, 0, 0, 201)
5 (1, 4, 0, 0, 0, 0, 0, 0, 2, 0, 0, 186)
6 (1, 4, 0, 0, 0, 0, 0, 0, 2, 0, 0, 186)
7 (1, 4, 40, 0, 0, 0, 0, 0, 2, 0, 0, 13)
8 (1, 4, 144, 0, 0, 0, 0, 0, 2, 0, 0, 79)
9 (1, 4, 147, 104, 0, 0, 0, 0, 2, 0, 0, 175)
10 (1, 4, 362, 168, 0, 0, 0, 0, 2, 0, 0, 234)
11 (1, 4, 253, 80, 0, 0, 0, 0, 2, 0, 0, 165)
12 (1, 4, 100, 194, 0, 0, 0, 0, 2, 0, 0, 35)
13 (1, 4, 47, 0, 0, 0, 0, 75, 1, 0, 0, 72)
14 (1, 4, 0, 0, 0, 0, 0, 85, 2, 0, 0, 134)
15 (1, 4, 0, 0, 0, 0, 1, 0, 2, 0, 0, 195)
16 (1, 4, 0, 32, 10, 0, 0, 0, 2, 0, 0, 235)
17 (1, 4, 84, 0, 0, 0, 0, 0, 2, 0, 0, 235)
18 (1, 4, 42, 23, 0, 13, 0, 0, 2, 0, 0, 233)
19 (1, 4, 0, 0, 0, 11, 0, 0, 2, 0, 0, 99)
20 (1, 4, 0, 29, 0, 7, 0, 0, 2, 0, 0, 90)
21 (1, 4, 2, 0, 0, 12, 0, 0, 2, 0, 0, 34)
22 (1, 4, 0, 10, 0, 3, 0, 0, 2, 0, 0, 69)
23 (1, 4, 0, 1, 5, 17, 0, 0, 2, 0, 0, 45)
24 (1, 4, 0, 0, 22, 9, 0, 0, 2, 0, 0, 83)
25 (1, 4, 0, 0, 33, 9, 0, 0, 2, 0, 0, 55)
26 (1, 4, 22, 0, 0, 10, 0, 0, 2, 0, 0, 184)
27 (1, 4, 0, 0, 10, 8, 0, 0, 2, 0, 0, 209)
28 (1, 4, 4, 0, 3, 4, 0, 0, 2, 0, 0, 69)
29 (1, 4, 0, 0, 0, 8, 0, 0, 2, 0, 0, 66)
30 (1, 4, 3, 0, 0, 11, 0, 0, 2, 0, 0, 113)
31 (1, 4, 0, 4, 5, 10, 0, 0, 2, 0, 0, 108)
0 (1, 4, 0, 0, 0, 0, 0, 0, 1, 0, 0, 28)
1 (1, 4, 0, 0, 0, 0, 0, 0, 1, 0, 0, 28)
2 (1, 4, 3, 0, 0, 0, 0, 0, 1, 0, 0, 14)
3 (1, 4, 1, 0, 0, 0, 0, 0, 1, 0, 0, 18)
4 (1, 4, 0, 0, 0, 0, 0, 0, 1, 0, 0, 28)
5 (1, 4, 2, 0, 4, 1, 0, 0, 1, 0, 0, 65)
6 (1, 4, 25, 0, 15, 3, 0, 0, 1, 0, 0, 250)
7 (1, 4, 225, 3, 67, 14, 0, 0, 1, 0, 0, 107)
8 (1, 4, 487, 228, 370, 0, 0, 0, 1, 0, 0, 253)
9 (1, 4, 396, 556, 631, 0, 0, 0, 1, 0, 0, 0)
10 (1, 4, 0, 560, 563, 0, 0, 0, 1, 0, 0, 242)
11 (1, 4, 0, 204, 334, 0, 0, 0, 1, 0, 0, 156)
12 (1, 4, 0, 48, 249, 0, 0, 0, 1, 0, 0, 28)
13 (1, 4, 0, 241, 244, 0, 0, 0, 1, 0, 0, 93)
14 (1, 4, 0, 207, 58, 0, 0, 0, 1, 0, 0, 61)
15 (1, 4, 0, 0, 0, 0, 0, 0, 1, 0, 0, 28)
16 (1, 4, 146, 0, 34, 0, 0, 0, 1, 0, 0, 36)
17 (1, 4, 21, 0, 0, 0, 0, 0, 1, 0, 0, 202)
18 (1, 4, 0, 0, 0, 0, 0, 0, 1, 0, 0, 28)
19 (1, 4, 115, 44, 0, 0, 0, 0, 1, 0, 0, 11)
20 (1, 4, 92, 223, 0, 0, 0, 0, 1, 0, 0, 111)
21 (1, 4, 94, 288, 0, 0, 0, 2, 1, 0, 0, 191)
22 (1, 4, 0, 0, 0, 0, 0, 10, 1, 0, 0, 79)
23 (1, 4, 0, 0, 0, 0, 0, 43, 1, 0, 0, 49)
24 (1, 4, 301, 0, 0, 0, 0, 0, 2, 0, 0, 57)
25 (1, 4, 0, 0, 0, 23, 0, 0, 2, 0, 0, 16)
26 (1, 4, 53, 0, 0, 0, 0, 0, 2, 0, 0, 171)
27 (1, 4, 103, 61, 0, 0, 0, 0, 2, 0, 0, 161)
28 (1, 4, 5, 85, 56, 0, 0, 0, 2, 0, 0, 60)
29 (1, 4, 18, 35, 24, 0, 0, 0, 2, 0, 0, 159)
30 (1, 4, 29, 10, 0, 2, 0, 0, 2, 0, 0, 252)
31 (1, 4, 76, 0, 0, 5, 0, 0, 2, 0, 0, 24)
0 (1, 4, 256, 311, 259, 17, 0, 0, 2, 0, 0, 242)
1 (1, 4, 441, 578, 486, 0, 9, 0, 1, 0, 0, 17)
2 (1, 4, 0, 797, 693, 0, 4, 0, 2, 0, 0, 204)
3 (1, 4, 0, 309, 607, 0, 0, 0, 1, 0, 0, 82)
4 (1, 4, 0, 269, 564, 0, 0, 0, 2, 0, 0, 230)
5 (1, 4, 280, 0, 307, 0, 0, 0, 1, 0, 0, 233)
6 (1, 4, 122, 0, 13, 0, 0, 0, 1, 0, 0, 168)
7 (1, 4, 200, 0, 20, 0, 0, 0, 1, 0, 0, 209)
8 (1, 4, 229, 102, 56, 0, 0, 0, 1, 0, 0, 186)
9 (1, 4, 291, 0, 0, 0, 0, 0, 1, 0, 0, 203)
10 (1, 4, 483, 36, 0, 0, 0, 0, 1, 0, 0, 79)
11 (1, 4, 554, 63, 0, 0, 0, 0, 2, 0, 0, 7)
12 (1, 4, 324, 272, 0, 0, 3, 0, 2, 0, 0, 6)
13 (1, 4, 13, 459, 0, 0, 0, 0, 1, 0, 0, 86)
14 (1, 4, 0, 235, 0, 0, 0, 39, 1, 0, 0, 133)
15 (1, 4, 0, 0, 0, 0, 0, 102, 1, 0, 0, 52)
16 (1, 4, 0, 0, 0, 0, 0, 7, 1, 0, 0, 15)
17 (1, 4, 0, 0, 0, 9, 0, 0, 2, 0, 0, 93)
18 (1, 4, 100, 0, 0, 0, 0, 0, 2, 0, 0, 204)
19 (1, 4, 55, 99, 0, 51, 0, 0, 2, 0, 0, 17)
20 (1, 4, 0, 0, 4, 24, 0, 0, 2, 0, 0, 235)
21 (1, 4, 0, 26, 50, 0, 0, 0, 2, 0, 0, 171)
22 (1, 4, 41, 0, 0, 0, 0, 0, 2, 0, 0, 3)
23 (1, 4, 0, 11, 3, 10, 0, 0, 2, 0, 0, 172)
24 (1, 4, 28, 17, 3, 8, 0, 0, 2, 0, 0, 133)
25 (1, 4, 88, 39, 0, 16, 0, 0, 2, 0, 0, 148)
26 (1, 4, 0, 39, 10, 11, 0, 0, 2, 0, 0, 48)
27 (1, 4, 31, 0, 0, 13, 0, 0, 2, 0, 0, 155)
28 (1, 4, 0, 7, 18, 8, 0, 0, 2, 0, 0, 16)
29 (1, 4, 0, 21, 31, 12, 0, 0, 2, 0, 0, 22)
30 (1, 4, 0, 0, 25, 7, 0, 0, 2, 0, 0, 176)
31 (1, 4, 1, 1, 28, 7, 0, 0, 2, 0, 0, 193)
0 (1, 4, 74, 28, 0, 0, 0, 0, 1, 0, 0, 241)
1 (1, 4, 253, 207, 0, 0, 0, 79, 1, 0, 0, 110)
2 (1, 4, 181, 0, 0, 0, 0, 124, 2, 0, 0, 22)
3 (1, 4, 0, 0, 0, 0, 0, 0, 1, 0, 0, 28)
4 (1, 4, 265, 0, 0, 0, 0, 0, 3, 0, 0, 164)
5 (1, 4, 97, 134, 5, 0, 0, 0, 2, 0, 0, 134)
6 (1, 4, 72, 283, 88, 12, 0, 0, 2, 0, 0, 16)
7 (1, 4, 0, 46, 50, 13, 0, 0, 2, 0, 0, 73)
8 (1, 4, 0, 69, 74, 5, 0, 0, 2, 0, 0, 93)
9 (1, 4, 0, 50, 51, 0, 0, 0, 2, 0, 0, 78)
10 (1, 4, 0, 23, 41, 0, 0, 0, 2, 0, 0, 15)
11 (1, 4, 0, 4, 18, 0, 0, 0, 2, 0, 0, 48)
12 (1, 4, 10, 0, 0, 1, 0, 0, 2, 0, 0, 201)
13 (1, 4, 0, 0, 1, 0, 0, 0, 2, 0, 0, 46)
14 (1, 4, 8, 0, 0, 4, 0, 0, 2, 0, 0, 182)
15 (1, 4, 5, 39, 0, 0, 0, 0, 2, 0, 0, 76)
16 (1, 4, 0, 17, 0, 0, 0, 0, 2, 0, 0, 110)
17 (1, 4, 0, 5, 0, 0, 0, 0, 2, 0, 0, 213)
18 (1, 4, 0, 15, 10, 1, 0, 0, 2, 0, 0, 135)
19 (1, 4, 1, 6, 6, 0, 0, 0, 2, 0, 0, 114)
20 (1, 4, 5, 6, 0, 0, 0, 0, 2, 0, 0, 59)
21 (1, 4, 0, 12, 14, 0, 0, 0, 2, 0, 0, 30)
22 (1, 4, 0, 14, 7, 0, 0, 0, 2, 0, 0, 91)
23 (1, 4, 7, 20, 8, 0, 0, 0, 1, 0, 0, 49)
24 (1, 4, 0, 6, 0, 0, 0, 0, 2, 0, 0, 13)
25 (1, 4, 0, 4, 0, 0, 0, 0, 1, 0, 0, 198)
26 (1, 4, 0, 3, 0, 0, 0, 0, 1, 0, 0, 196)
27 (1, 4, 0, 8, 0, 0, 0, 0, 1, 0, 0, 175)
28 (1, 4, 0, 0, 0, 0, 0, 0, 1, 0, 0, 28)
29 (1, 4, 13, 0, 0, 0, 0, 0, 1, 0, 0, 90)
0 (1, 4, 499, 377, 0, 0, 0, 0, 1, 0, 0, 116)
1 (1, 4, 317, 515, 0, 0, 0, 0, 1, 0, 0, 106)
2 (1, 4, 231, 547, 0, 0, 0, 93, 1, 0, 0, 108)
3 (1, 4, 21, 0, 0, 0, 0, 138, 1, 0, 0, 19)
4 (1, 4, 0, 0, 0, 0, 0, 28, 1, 0, 0, 80)
5 (1, 4, 0, 0, 0, 0, 0, 0, 1, 0, 0, 28)
6 (1, 4, 185, 0, 0, 0, 0, 0, 1, 0, 0, 80)
7 (1, 4, 53, 0, 0, 0, 0, 0, 1, 0, 0, 13)
8 (1, 4, 50, 0, 15, 2, 0, 0, 1, 0, 0, 64)
9 (1, 4, 57, 0, 0, 0, 0, 0, 1, 0, 0, 69)
10 (1, 4, 0, 29, 0, 3, 0, 0, 1, 0, 0, 128)
11 (1, 4, 0, 6, 13, 0, 0, 0, 1, 0, 0, 221)
12 (1, 4, 18, 1, 15, 0, 0, 0, 1, 0, 0, 12)
13 (1, 4, 0, 0, 0, 0, 0, 0, 1, 0, 0, 28)
14 (1, 4, 0, 0, 7, 0, 0, 0, 1, 0, 0, 249)
15 (1, 4, 0, 2, 0, 0, 0, 0, 1, 0, 0, 113)
16 (1, 4, 21, 0, 0, 0, 0, 0, 1, 0, 0, 202)
17 (1, 4, 4, 29, 21, 0, 0, 0, 1, 0, 0, 44)
18 (1, 4, 0, 0, 5, 0, 0, 0, 1, 0, 0, 214)
19 (1, 4, 6, 4, 38, 0, 0, 0, 1, 0, 0, 109)
20 (1, 4, 0, 5, 26, 0, 0, 0, 1, 0, 0, 159)
21 (1, 4, 37, 10, 12, 0, 0, 0, 1, 0, 0, 209)
22 (1, 4, 39, 0, 0, 0, 0, 0, 1, 0, 0, 241)
23 (1, 4, 0, 12, 10, 0, 0, 0, 1, 0, 0, 230)
24 (1, 4, 4, 6, 17, 0, 0, 0, 1, 0, 0, 120)
25 (1, 4, 0, 7, 10, 0, 0, 0, 1, 0, 0, 141)
26 (1, 4, 0, 4, 9, 0, 0, 0, 1, 0, 0, 238)
27 (1, 4, 18, 0, 0, 0, 0, 0, 1, 0, 0, 224)
28 (1, 4, 16, 1, 0, 0, 0, 0, 1, 0, 0, 73)
29 (1, 4, 0, 0, 0, 0, 0, 0, 1, 0, 0, 28)
0 (1, 4, 0, 135, 144, 0, 0, 0, 1, 0, 0, 145)
1 (1, 4, 426, 0, 0, 0, 0, 0, 1, 0, 0, 160)
2 (1, 4, 370, 334, 0, 0, 0, 0, 1, 0, 0, 206)
3 (1, 4, 355, 370, 0, 0, 0, 0, 1, 0, 0, 234)
4 (1, 4, 210, 462, 0, 0, 0, 0, 1, 0, 0, 31)
5 (1, 4, 452, 378, 0, 0, 0, 103, 1, 0, 0, 86)
6 (1, 4, 202, 0, 0, 0, 0, 191, 1, 0, 0, 237)
7 (1, 4, 0, 0, 0, 0, 0, 89, 1, 0, 0, 191)
8 (1, 4, 0, 0, 0, 0, 0, 0, 1, 0, 0, 28)
9 (1, 4, 0, 0, 0, 0, 0, 0, 1, 0, 0, 28)
10 (1, 4, 84, 66, 3, 0, 0, 0, 1, 0, 0, 24)
11 (1, 4, 216, 257, 47, 0, 0, 0, 1, 0, 0, 231)
12 (1, 4, 93, 170, 54, 0, 0, 0, 1, 0, 0, 222)
13 (1, 4, 0, 112, 73, 0, 0, 0, 1, 0, 0, 239)
14 (1, 4, 0, 0, 15, 8, 0, 0, 1, 0, 0, 189)
15 (1, 4, 0, 0, 0, 14, 0, 0, 1, 0, 0, 166)
16 (1, 4, 0, 0, 29, 33, 0, 0, 1, 0, 0, 227)
17 (1, 4, 39, 89, 58, 24, 0, 0, 1, 0, 0, 8)
18 (1, 4, 46, 0, 0, 0, 0, 0, 1, 0, 0, 143)
19 (1, 4, 0, 0, 10, 8, 0, 0, 1, 0, 0, 119)
20 (1, 4, 55, 0, 0, 14, 0, 0, 1, 0, 0, 171)
21 (1, 4, 72, 54, 0, 6, 0, 0, 1, 0, 0, 179)
22 (1, 4, 0, 0, 0, 19, 0, 0, 1, 0, 0, 202)
23 (1, 4, 0, 0, 0, 23, 0, 0, 1, 0, 0, 182)
24 (1, 4, 0, 0, 0, 9, 0, 0, 1, 0, 0, 251)
25 (1, 4, 0, 0, 0, 16, 0, 0, 1, 0, 0, 235)
26 (1, 4, 0, 0, 0, 10, 0, 0, 1, 0, 0, 218)
27 (1, 4, 0, 0, 0, 13, 0, 0, 1, 0, 0, 135)
28 (1, 4, 0, 5, 1, 12, 0, 0, 1, 0, 0, 99)
29 (1, 4, 11, 0, 0, 8, 0, 0, 1, 0, 0, 134)
30 (1, 4, 0, 0, 2, 13, 0, 0, 1, 0, 0, 168)
31 (1, 4, 16, 2, 9, 9, 0, 0, 1, 0, 0, 94)
0 (1, 4, 13, 10, 0, 16, 0, 0, 1, 0, 0, 115)
1 (1, 4, 16, 6, 0, 14, 0, 0, 1, 0, 0, 241)
2 (1, 4, 0, 0, 12, 16, 0, 0, 1, 0, 0, 9)
3 (1, 4, 14, 0, 14, 12, 0, 0, 1, 0, 0, 1)
4 (1, 4, 24, 13, 24, 17, 0, 0, 1, 0, 0, 123)
5 (1, 4, 69, 22, 56, 18, 0, 0, 1, 0, 0, 129)
6 (1, 4, 76, 48, 142, 0, 0, 0, 1, 0, 0, 66)
7 (1, 4, 101, 170, 320, 0, 0, 0, 1, 0, 0, 223)
8 (1, 4, 62, 244, 527, 0, 0, 0, 1, 0, 0, 119)
9 (1, 4, 63, 218, 725, 0, 0, 0, 1, 0, 0, 89)
10 (1, 4, 0, 261, 786, 0, 0, 0, 1, 0, 0, 33)
11 (1, 4, 8, 66, 457, 0, 0, 0, 1, 0, 0, 253)
12 (1, 4, 400, 282, 648, 0, 0, 0, 2, 0, 0, 224)
13 (1, 4, 328, 0, 0, 0, 0, 0, 2, 0, 0, 65)
14 (1, 4, 297, 0, 0, 0, 0, 0, 2, 0, 0, 1)
15 (1, 4, 191, 41, 0, 0, 0, 0, 2, 0, 0, 22)
16 (1, 4, 138, 321, 0, 0, 0, 0, 2, 0, 0, 16)
17 (1, 4, 662, 45, 0, 0, 0, 137, 2, 0, 0, 206)
18 (1, 4, 200, 0, 0, 0, 2, 101, 1, 0, 0, 76)
19 (1, 4, 0, 0, 0, 0, 23, 0, 1, 0, 0, 241)
20 (1, 4, 0, 0, 178, 0, 0, 0, 1, 0, 0, 67)
21 (1, 4, 118, 0, 0, 0, 0, 0, 2, 0, 0, 48)
22 (1, 4, 0, 83, 0, 4, 0, 0, 2, 0, 0, 252)
23 (1, 4, 0, 71, 39, 22, 0, 0, 2, 0, 0, 149)
24 (1, 4, 0, 96, 14, 0, 0, 0, 2, 0, 0, 54)
25 (1, 4, 0, 56, 0, 1, 0, 0, 2, 0, 0, 181)
26 (1, 4, 65, 0, 0, 0, 0, 0, 2, 0, 0, 61)
27 (1, 4, 7, 0, 0, 6, 0, 0, 2, 0, 0, 210)
28 (1, 4, 0, 0, 0, 17, 0, 0, 1, 0, 0, 244)
29 (1, 4, 0, 18, 0, 15, 0, 0, 1, 0, 0, 181)
30 (1, 4, 0, 22, 0, 12, 0, 0, 1, 0, 0, 78)
31 (1, 4, 0, 30, 49, 12, 0, 0, 1, 0, 0, 232)
0 (1, 4, 28, 0, 18, 0, 0, 0, 1, 0, 0, 228)
1 (1, 4, 0, 0, 46, 0, 0, 0, 1, 0, 0, 47)
2 (1, 4, 0, 157, 5, 0, 0, 0, 1, 0, 0, 106)
3 (1, 4, 0, 6, 0, 0, 0, 0, 1, 0, 0, 171)
4 (1, 4, 0, 0, 0, 0, 0, 0, 1, 0, 0, 28)
5 (1, 4, 19, 155, 0, 0, 0, 0, 1, 0, 0, 229)
6 (1, 4, 197, 324, 0, 0, 0, 0, 1, 0, 0, 10)
7 (1, 4, 0, 205, 0, 0, 0, 0, 1, 0, 0, 66)
8 (1, 4, 192, 0, 0, 0, 0, 55, 1, 0, 0, 225)
9 (1, 4, 293, 0, 0, 0, 0, 76, 1, 0, 0, 53)
10 (1, 4, 30, 0, 0, 0, 7, 0, 1, 0, 0, 192)
11 (1, 4, 0, 0, 0, 0, 0, 0, 1, 0, 0, 28)
12 (1, 4, 139, 0, 0, 0, 0, 0, 1, 0, 0, 107)
13 (1, 4, 178, 64, 0, 5, 0, 0, 1, 0, 0, 210)
14 (1, 4, 103, 72, 36, 15, 0, 0, 1, 0, 0, 77)
15 (1, 4, 0, 46, 40, 8, 0, 0, 1, 0, 0, 96)
16 (1, 4, 0, 54, 83, 0, 0, 0, 1, 0, 0, 55)
17 (1, 4, 0, 25, 26, 0, 0, 0, 1, 0, 0, 151)
18 (1, 4, 0, 12, 21, 0, 0, 0, 1, 0, 0, 192)
19 (1, 4, 54, 71, 87, 0, 0, 0, 1, 0, 0, 255)
20 (1, 4, 28, 76, 47, 0, 0, 0, 1, 0, 0, 249)
21 (1, 4, 0, 8, 0, 0, 0, 0, 1, 0, 0, 175)
22 (1, 4, 0, 31, 0, 0, 0, 0, 1, 0, 0, 204)
23 (1, 4, 0, 0, 0, 0, 0, 0, 1, 0, 0, 28)
24 (1, 4, 0, 11, 4, 0, 0, 0, 1, 0, 0, 41)
25 (1, 4, 0, 2, 13, 0, 0, 0, 1, 0, 0, 7)
26 (1, 4, 0, 0, 19, 0, 0, 0, 1, 0, 0, 216)
27 (1, 4, 0, 0, 10, 0, 0, 0, 1, 0, 0, 143)
28 (1, 4, 0, 0, 11, 0, 0, 0, 1, 0, 0, 27)
29 (1, 4, 0, 1, 5, 0, 0, 0, 1, 0, 0, 99)
30 (1, 4, 0, 0, 0, 0, 0, 0, 1, 0, 0, 28)
31 (1, 4, 0, 0, 0, 0, 0, 0, 1, 0, 0, 28)
0 (1, 4, 134, 474, 686, 0, 0, 0, 2, 0, 0, 43)
1 (1, 4, 119, 472, 602, 0, 0, 0, 2, 0, 0, 38)
2 (1, 4, 265, 414, 308, 0, 0, 5, 2, 0, 0, 111)
3 (1, 4, 414, 410, 235, 0, 0, 122, 2, 0, 0, 213)
4 (1, 4, 268, 0, 0, 0, 0, 0, 2, 0, 0, 240)
5 (1, 4, 238, 170, 0, 0, 0, 0, 2, 0, 0, 168)
6 (1, 4, 172, 183, 0, 0, 0, 28, 2, 0, 0, 204)
7 (1, 4, 197, 0, 0, 0, 0, 120, 2, 0, 0, 205)
8 (1, 4, 0, 0, 0, 0, 0, 168, 2, 0, 0, 123)
9 (1, 4, 0, 0, 0, 0, 0, 107, 1, 0, 0, 116)
10 (1, 4, 0, 0, 0, 0, 0, 0, 2, 0, 0, 186)
11 (1, 4, 0, 0, 0, 0, 0, 0, 2, 0, 0, 186)
12 (1, 4, 66, 0, 0, 0, 0, 0, 2, 0, 0, 47)
13 (1, 4, 72, 0, 0, 0, 0, 0, 2, 0, 0, 67)
14 (1, 4, 76, 87, 41, 1, 0, 0, 1, 0, 0, 244)
15 (1, 4, 38, 73, 0, 5, 0, 0, 1, 0, 0, 25)
16 (1, 4, 42, 0, 0, 6, 0, 0, 1, 0, 0, 245)
17 (1, 4, 0, 0, 0, 6, 0, 0, 1, 0, 0, 94)
18 (1, 4, 0, 56, 0, 6, 0, 0, 1, 0, 0, 78)
19 (1, 4, 0, 48, 7, 9, 0, 0, 1, 0, 0, 189)
20 (1, 4, 0, 46, 15, 8, 0, 0, 1, 0, 0, 123)
21 (1, 4, 0, 13, 0, 3, 0, 0, 1, 0, 0, 225)
22 (1, 4, 0, 0, 1, 6, 0, 0, 1, 0, 0, 202)
23 (1, 4, 95, 0, 12, 2, 0, 0, 1, 0, 0, 243)
24 (1, 4, 80, 3, 2, 9, 0, 0, 1, 0, 0, 101)
25 (1, 4, 0, 17, 3, 9, 0, 0, 1, 0, 0, 148)
26 (1, 4, 10, 7, 0, 6, 0, 0, 1, 0, 0, 48)
27 (1, 4, 0, 25, 2, 6, 0, 0, 1, 0, 0, 22)
28 (1, 4, 0, 30, 13, 5, 0, 0, 1, 0, 0, 108)
29 (1, 4, 0, 23, 9, 3, 0, 0, 2, 0, 0, 208)
0 (1, 4, 355, 304, 0, 0, 0, 0, 1, 0, 0, 4)
1 (1, 4, 3, 63, 0, 0, 0, 0, 1, 0, 0, 28)
2 (1, 4, 0, 301, 0, 0, 0, 0, 1, 0, 0, 231)
3 (1, 4, 292, 277, 0, 0, 0, 0, 1, 0, 0, 10)
4 (1, 4, 78, 338, 0, 0, 0, 0, 1, 0, 0, 171)
5 (1, 4, 240, 49, 0, 0, 0, 0, 1, 0, 0, 177)
6 (1, 4, 0, 26, 0, 0, 0, 6, 1, 0, 0, 111)
7 (1, 4, 0, 0, 0, 0, 0, 26, 1, 0, 0, 156)
8 (1, 4, 89, 0, 0, 0, 0, 86, 1, 0, 0, 81)
9 (1, 4, 302, 0, 0, 0, 0, 81, 1, 0, 0, 196)
10 (1, 4, 166, 0, 0, 0, 0, 11, 1, 0, 0, 102)
11 (1, 4, 19, 0, 0, 0, 0, 0, 1, 0, 0, 238)
12 (1, 4, 122, 0, 0, 0, 0, 0, 1, 0, 0, 222)
13 (1, 4, 30, 0, 0, 0, 0, 0, 2, 0, 0, 14)
14 (1, 4, 50, 52, 0, 13, 0, 0, 2, 0, 0, 99)
15 (1, 4, 14, 42, 6, 20, 0, 0, 2, 0, 0, 8)
16 (1, 4, 10, 9, 16, 26, 0, 0, 1, 0, 0, 56)
17 (1, 4, 54, 0, 0, 22, 0, 0, 1, 0, 0, 170)
18 (1, 4, 51, 12, 0, 19, 0, 0, 1, 0, 0, 150)
19 (1, 4, 51, 0, 0, 23, 0, 0, 1, 0, 0, 131)
20 (1, 4, 34, 0, 0, 12, 0, 0, 1, 0, 0, 67)
21 (1, 4, 7, 0, 0, 27, 0, 0, 1, 0, 0, 24)
22 (1, 4, 0, 0, 0, 23, 0, 0, 1, 0, 0, 182)
23 (1, 4, 1, 0, 0, 24, 0, 0, 1, 0, 0, 29)
24 (1, 4, 0, 0, 10, 18, 0, 0, 1, 0, 0, 70)
25 (1, 4, 0, 0, 0, 20, 0, 0, 1, 0, 0, 151)
26 (1, 4, 0, 0, 0, 21, 0, 0, 1, 0, 0, 136)
27 (1, 4, 69, 11, 0, 21, 0, 0, 1, 0, 0, 92)
28 (1, 4, 0, 9, 0, 28, 0, 0, 1, 0, 0, 105)
29 (1, 4, 8, 38, 14, 23, 0, 0, 1, 0, 0, 126)
0 (1, 4, 15, 47, 48, 22, 0, 0, 1, 0, 0, 1)
1 (1, 4, 0, 150, 175, 10, 0, 0, 1, 0, 0, 91)
2 (1, 4, 0, 112, 244, 0, 0, 0, 1, 0, 0, 233)
3 (1, 4, 77, 186, 337, 0, 0, 0, 1, 0, 0, 226)
4 (1, 4, 103, 118, 372, 0, 0, 0, 1, 0, 0, 150)
5 (1, 4, 96, 114, 517, 0, 0, 0, 1, 0, 0, 111)
6 (1, 4, 0, 82, 293, 0, 0, 0, 1, 0, 0, 250)
7 (1, 4, 295, 87, 379, 0, 0, 0, 2, 0, 0, 149)
8 (1, 4, 221, 72, 171, 0, 0, 0, 1, 0, 0, 30)
9 (1, 4, 105, 99, 135, 0, 0, 0, 1, 0, 0, 161)
10 (1, 4, 126, 152, 107, 0, 0, 0, 1, 0, 0, 55)
11 (1, 4, 167, 105, 168, 0, 0, 0, 1, 0, 0, 16)
12 (1, 4, 158, 119, 125, 0, 0, 0, 1, 0, 0, 147)
13 (1, 4, 243, 132, 107, 0, 0, 0, 1, 0, 0, 108)
14 (1, 4, 256, 100, 41, 0, 0, 0, 1, 0, 0, 83)
15 (1, 4, 315, 128, 0, 0, 0, 0, 1, 0, 0, 90)
16 (1, 4, 82, 17, 0, 0, 0, 0, 1, 0, 0, 189)
17 (1, 4, 9, 56, 0, 0, 0, 0, 1, 0, 0, 114)
18 (1, 4, 0, 30, 0, 0, 0, 0, 1, 0, 0, 121)
19 (1, 4, 0, 39, 0, 0, 0, 0, 1, 0, 0, 220)
20 (1, 4, 32, 0, 0, 0, 0, 0, 1, 0, 0, 219)
21 (1, 4, 0, 26, 0, 0, 0, 0, 1, 0, 0, 163)
22 (1, 4, 0, 0, 0, 0, 0, 0, 1, 0, 0, 28)
23 (1, 4, 0, 0, 0, 0, 0, 0, 2, 0, 0, 186)
24 (1, 4, 31, 0, 0, 0, 0, 0, 2, 0, 0, 0)
25 (1, 4, 25, 0, 0, 0, 0, 0, 2, 0, 0, 36)
26 (1, 4, 161, 0, 0, 0, 0, 0, 2, 0, 0, 102)
27 (1, 4, 130, 0, 0, 0, 0, 0, 2, 0, 0, 179)
28 (1, 4, 58, 0, 0, 4, 0, 8, 2, 0, 0, 103)
29 (1, 4, 125, 0, 0, 0, 0, 19, 2, 0, 0, 231)
30 (1, 4, 10, 0, 55, 0, 0, 0, 2, 0, 0, 178)
31 (1, 4, 46, 0, 34, 0, 0, 9, 1, 0, 0, 107)
0 (1, 4, 164, 61, 304, 0, 0, 0, 2, 0, 0, 243)
1 (1, 4, 39, 174, 182, 0, 0, 35, 2, 0, 0, 86)
2 (1, 4, 30, 25, 33, 0, 0, 21, 2, 0, 0, 122)
3 (1, 4, 46, 28, 0, 0, 0, 24, 2, 0, 0, 24)
4 (1, 4, 71, 20, 0, 0, 0, 0, 1, 0, 0, 4)
5 (1, 4, 184, 153, 0, 0, 0, 0, 1, 0, 0, 56)
6 (1, 4, 422, 375, 0, 0, 0, 0, 1, 0, 0, 47)
7 (1, 4, 313, 373, 0, 0, 0, 0, 2, 0, 0, 75)
8 (1, 4, 16, 298, 0, 0, 0, 0, 2, 0, 0, 163)
9 (1, 4, 140, 170, 0, 0, 0, 0, 2, 0, 0, 250)
10 (1, 4, 57, 38, 0, 0, 0, 0, 2, 0, 0, 150)
11 (1, 4, 12, 0, 0, 0, 0, 15, 2, 0, 0, 11)
12 (1, 4, 8, 0, 0, 0, 0, 0, 2, 0, 0, 202)
13 (1, 4, 54, 0, 0, 0, 0, 9, 2, 0, 0, 140)
14 (1, 4, 0, 0, 0, 0, 0, 18, 2, 0, 0, 208)
15 (1, 4, 0, 0, 0, 0, 0, 22, 2, 0, 0, 165)
16 (1, 4, 48, 0, 0, 0, 0, 35, 1, 0, 0, 252)
17 (1, 4, 0, 0, 0, 0, 0, 41, 1, 0, 0, 136)
18 (1, 4, 122, 0, 59, 0, 0, 0, 1, 0, 0, 88)
19 (1, 4, 0, 0, 130, 0, 0, 0, 1, 0, 0, 194)
20 (1, 4, 1, 0, 7, 0, 0, 0, 1, 0, 0, 247)
21 (1, 4, 0, 0, 30, 0, 0, 0, 1, 0, 0, 174)
22 (1, 4, 30, 0, 6, 0, 0, 0, 1, 0, 0, 217)
23 (1, 4, 0, 0, 13, 0, 0, 0, 1, 0, 0, 106)
24 (1, 4, 0, 0, 0, 0, 0, 0, 1, 0, 0, 28)
25 (1, 4, 0, 18, 0, 0, 0, 0, 1, 0, 0, 16)
26 (1, 4, 0, 19, 0, 0, 0, 0, 1, 0, 0, 165)
27 (1, 4, 0, 20, 4, 0, 0, 0, 1, 0, 0, 249)
28 (1, 4, 0, 4, 0, 0, 0, 0, 1, 0, 0, 198)
29 (1, 4, 19, 26, 0, 0, 0, 0, 1, 0, 0, 81)
30 (1, 4, 0, 44, 16, 0, 0, 0, 1, 0, 0, 200)
31 (1, 4, 0, 67, 56, 0, 0, 0, 1, 0, 0, 122)
0 (1, 4, 57, 4, 95, 0, 0, 0, 1, 0, 0, 66)
1 (1, 4, 161, 72, 199, 0, 0, 0, 1, 0, 0, 31)
2 (1, 4, 160, 114, 358, 0, 0, 0, 1, 0, 0, 170)
3 (1, 4, 222, 225, 423, 0, 0, 0, 1, 0, 0, 118)
4 (1, 4, 241, 96, 296, 0, 0, 0, 1, 0, 0, 247)
5 (1, 4, 407, 124, 159, 0, 0, 0, 1, 0, 0, 95)
6 (1, 4, 185, 204, 56, 0, 0, 0, 1, 0, 0, 134)
7 (1, 4, 177, 277, 114, 0, 0, 0, 1, 0, 0, 158)
8 (1, 4, 21, 448, 209, 0, 0, 0, 1, 0, 0, 76)
9 (1, 4, 0, 162, 0, 0, 0, 0, 1, 0, 0, 178)
10 (1, 4, 0, 28, 0, 0, 0, 0, 1, 0, 0, 20)
11 (1, 4, 4, 72, 0, 0, 0, 0, 1, 0, 0, 20)
12 (1, 4, 35, 169, 0, 0, 0, 0, 1, 0, 0, 12)
13 (1, 4, 102, 34, 0, 0, 0, 0, 1, 0, 0, 217)
14 (1, 4, 86, 5, 0, 0, 0, 0, 1, 0, 0, 62)
15 (1, 4, 37, 0, 0, 0, 0, 6, 1, 0, 0, 33)
16 (1, 4, 111, 0, 0, 0, 0, 30, 2, 0, 0, 91)
17 (1, 4, 161, 0, 0, 0, 0, 43, 2, 0, 0, 75)
18 (1, 4, 242, 0, 1, 0, 0, 35, 1, 0, 0, 232)
19 (1, 4, 104, 0, 166, 0, 0, 0, 1, 0, 0, 92)
20 (1, 4, 0, 0, 134, 0, 0, 0, 1, 0, 0, 156)
21 (1, 4, 137, 0, 40, 0, 0, 0, 1, 0, 0, 53)
22 (1, 4, 0, 0, 16, 0, 0, 0, 1, 0, 0, 99)
23 (1, 4, 83, 0, 0, 0, 0, 0, 1, 0, 0, 103)
24 (1, 4, 33, 0, 0, 0, 0, 0, 1, 0, 0, 213)
25 (1, 4, 38, 0, 0, 0, 0, 0, 1, 0, 0, 255)
26 (1, 4, 0, 20, 34, 0, 0, 0, 1, 0, 0, 118)
27 (1, 4, 0, 27, 86, 3, 0, 0, 1, 0, 0, 194)
28 (1, 4, 0, 32, 79, 0, 0, 0, 1, 0, 0, 124)
29 (1, 4, 21, 38, 35, 0, 0, 0, 1, 0, 0, 250)
0 (1, 4, 0, 5, 0, 0, 0, 0, 1, 0, 0, 115)
1 (1, 4, 11, 0, 5, 0, 0, 0, 1, 0, 0, 180)
2 (1, 4, 49, 14, 24, 0, 0, 0, 1, 0, 0, 242)
3 (1, 4, 109, 51, 79, 0, 0, 0, 1, 0, 0, 205)
4 (1, 4, 137, 63, 75, 0, 0, 0, 1, 0, 0, 153)
5 (1, 4, 292, 79, 235, 0, 0, 0, 1, 0, 0, 32)
6 (1, 4, 313, 178, 395, 0, 0, 2, 1, 0, 0, 154)
7 (1, 4, 290, 394, 721, 0, 0, 0, 1, 0, 0, 164)
8 (1, 4, 84, 353, 430, 0, 0, 0, 2, 0, 0, 101)
9 (1, 4, 0, 268, 264, 0, 0, 0, 2, 0, 0, 215)
10 (1, 4, 0, 222, 41, 0, 0, 0, 2, 0, 0, 139)
11 (1, 4, 0, 510, 0, 0, 0, 0, 2, 0, 0, 122)
12 (1, 4, 0, 351, 0, 0, 0, 0, 1, 0, 0, 170)
13 (1, 4, 235, 125, 0, 0, 0, 0, 1, 0, 0, 217)
14 (1, 4, 254, 199, 0, 0, 0, 0, 1, 0, 0, 115)
15 (1, 4, 207, 200, 0, 0, 0, 0, 1, 0, 0, 235)
16 (1, 4, 111, 0, 0, 0, 0, 10, 2, 0, 0, 253)
17 (1, 4, 110, 0, 0, 0, 0, 41, 2, 0, 0, 52)
18 (1, 4, 165, 0, 0, 0, 0, 69, 2, 0, 0, 177)
19 (1, 4, 307, 0, 0, 0, 0, 80, 2, 0, 0, 27)
20 (1, 4, 272, 0, 75, 0, 0, 30, 2, 0, 0, 81)
21 (1, 4, 0, 0, 211, 0, 0, 0, 2, 0, 0, 116)
22 (1, 4, 314, 0, 0, 0, 0, 0, 2, 0, 0, 243)
23 (1, 4, 8, 0, 0, 0, 0, 0, 2, 0, 0, 202)
24 (1, 4, 0, 0, 12, 0, 0, 0, 1, 0, 0, 254)
25 (1, 4, 0, 0, 0, 0, 0, 0, 1, 0, 0, 28)
26 (1, 4, 0, 29, 52, 0, 0, 0, 1, 0, 0, 126)
27 (1, 4, 0, 19, 18, 0, 0, 0, 1, 0, 0, 245)
28 (1, 4, 15, 34, 14, 0, 0, 0, 1, 0, 0, 36)
29 (1, 4, 39, 1, 0, 0, 0, 0, 1, 0, 0, 68)
0 (1, 4, 296, 531, 544, 0, 0, 0, 1, 0, 0, 153)
1 (1, 4, 282, 451, 467, 0, 0, 0, 1, 0, 0, 190)
2 (1, 4, 578, 328, 508, 0, 0, 14, 2, 0, 0, 236)
3 (1, 4, 362, 70, 276, 0, 0, 0, 2, 0, 0, 210)
4 (1, 4, 247, 105, 51, 0, 0, 0, 2, 0, 0, 86)
5 (1, 4, 54, 88, 0, 0, 0, 0, 2, 0, 0, 232)
6 (1, 4, 61, 143, 0, 0, 0, 0, 2, 0, 0, 107)
7 (1, 4, 69, 186, 0, 0, 0, 0, 2, 0, 0, 121)
8 (1, 4, 52, 234, 0, 0, 0, 0, 2, 0, 0, 59)
9 (1, 4, 102, 14, 0, 0, 0, 0, 2, 0, 0, 212)
10 (1, 4, 188, 0, 0, 0, 0, 0, 1, 0, 0, 102)
11 (1, 4, 183, 0, 0, 0, 0, 0, 2, 0, 0, 162)
12 (1, 4, 170, 0, 0, 0, 0, 0, 1, 0, 0, 162)
13 (1, 4, 340, 0, 0, 0, 0, 22, 1, 0, 0, 80)
14 (1, 4, 234, 0, 0, 0, 0, 28, 1, 0, 0, 103)
15 (1, 4, 5, 0, 0, 0, 0, 19, 1, 0, 0, 159)
16 (1, 4, 0, 0, 0, 0, 36, 78, 1, 0, 0, 145)
17 (1, 4, 0, 0, 560, 0, 0, 0, 2, 0, 0, 129)
18 (1, 4, 0, 0, 37, 0, 0, 0, 2, 0, 0, 142)
19 (1, 4, 258, 0, 0, 0, 0, 0, 2, 0, 0, 164)
20 (1, 4, 0, 2, 25, 0, 0, 0, 2, 0, 0, 128)
21 (1, 4, 4, 0, 0, 0, 0, 0, 2, 0, 0, 130)
22 (1, 4, 30, 45, 0, 0, 0, 0, 2, 0, 0, 16)
23 (1, 4, 0, 91, 0, 0, 0, 0, 2, 0, 0, 51)
24 (1, 4, 0, 53, 0, 0, 0, 0, 2, 0, 0, 118)
25 (1, 4, 0, 83, 0, 0, 0, 0, 2, 0, 0, 128)
26 (1, 4, 0, 25, 0, 0, 0, 0, 2, 0, 0, 221)
27 (1, 4, 0, 35, 0, 0, 0, 0, 2, 0, 0, 160)
28 (1, 4, 0, 0, 0, 0, 0, 0, 2, 0, 0, 186)
29 (1, 4, 0, 0, 8, 0, 0, 0, 2, 0, 0, 6)
30 (1, 4, 0, 0, 4, 0, 0, 0, 2, 0, 0, 228)
31 (1, 4, 0, 0, 14, 0, 0, 0, 2, 0, 0, 119)
0 (1, 4, 0, 28, 13, 0, 0, 0, 1, 0, 0, 98)
1 (1, 4, 6, 25, 3, 0, 0, 0, 1, 0, 0, 228)
2 (1, 4, 0, 13, 0, 0, 0, 0, 1, 0, 0, 192)
3 (1, 4, 0, 8, 0, 0, 0, 0, 1, 0, 0, 175)
4 (1, 4, 3, 0, 0, 0, 0, 0, 1, 0, 0, 14)
5 (1, 4, 1, 17, 0, 0, 0, 0, 1, 0, 0, 198)
6 (1, 4, 0, 4, 0, 0, 0, 0, 1, 0, 0, 198)
7 (1, 4, 42, 0, 14, 0, 0, 0, 1, 0, 0, 122)
8 (1, 4, 150, 35, 119, 0, 0, 0, 1, 0, 0, 72)
9 (1, 4, 149, 50, 240, 0, 6, 0, 1, 0, 0, 139)
10 (1, 4, 339, 261, 514, 0, 0, 0, 1, 0, 0, 122)
11 (1, 4, 32, 514, 531, 0, 0, 0, 2, 0, 0, 163)
12 (1, 4, 0, 235, 231, 0, 0, 0, 2, 0, 0, 128)
13 (1, 4, 147, 0, 216, 0, 0, 0, 2, 0, 0, 148)
14 (1, 4, 135, 26, 204, 0, 0, 0, 1, 0, 0, 116)
15 (1, 4, 0, 103, 141, 0, 0, 0, 1, 0, 0, 216)
16 (1, 4, 11, 145, 0, 0, 0, 0, 2, 0, 0, 13)
17 (1, 4, 0, 267, 0, 0, 0, 0, 2, 0, 0, 52)
18 (1, 4, 46, 318, 0, 0, 0, 0, 2, 0, 0, 107)
19 (1, 4, 289, 202, 0, 0, 0, 0, 2, 0, 0, 45)
20 (1, 4, 280, 92, 0, 0, 1, 0, 2, 0, 0, 218)
21 (1, 4, 153, 8, 0, 0, 11, 0, 2, 0, 0, 200)
22 (1, 4, 0, 46, 0, 0, 0, 0, 2, 0, 0, 124)
23 (1, 4, 0, 92, 4, 0, 0, 0, 2, 0, 0, 111)
24 (1, 4, 0, 0, 0, 0, 0, 35, 2, 0, 0, 125)
25 (1, 4, 135, 0, 0, 0, 0, 33, 2, 0, 0, 251)
26 (1, 4, 260, 0, 0, 0, 0, 5, 2, 0, 0, 42)
27 (1, 4, 67, 0, 0, 0, 0, 0, 2, 0, 0, 33)
28 (1, 4, 76, 0, 2, 0, 0, 0, 2, 0, 0, 84)
29 (1, 4, 285, 0, 0, 0, 0, 0, 2, 0, 0, 30)
0 (1, 4, 93, 492, 601, 0, 0, 0, 1, 0, 0, 233)
1 (1, 4, 0, 387, 462, 0, 0, 0, 1, 0, 0, 186)
2 (1, 4, 230, 114, 418, 0, 0, 0, 1, 0, 0, 83)
3 (1, 4, 241, 186, 337, 0, 0, 0, 1, 0, 0, 152)
4 (1, 4, 30, 50, 87, 0, 0, 0, 1, 0, 0, 7)
5 (1, 4, 304, 153, 88, 0, 0, 0, 1, 0, 0, 103)
6 (1, 4, 92, 43, 17, 0, 0, 0, 1, 0, 0, 127)
7 (1, 4, 92, 212, 123, 0, 0, 0, 1, 0, 0, 121)
8 (1, 4, 162, 156, 0, 0, 0, 0, 2, 0, 0, 125)
9 (1, 4, 36, 64, 0, 0, 0, 0, 2, 0, 0, 198)
10 (1, 4, 137, 27, 0, 0, 0, 0, 1, 0, 0, 125)
11 (1, 4, 121, 0, 0, 0, 0, 0, 1, 0, 0, 204)
12 (1, 4, 79, 0, 0, 0, 3, 0, 1, 0, 0, 68)
13 (1, 4, 0, 16, 0, 0, 0, 0, 1, 0, 0, 125)
14 (1, 4, 0, 63, 0, 0, 0, 0, 1, 0, 0, 14)
15 (1, 4, 0, 53, 0, 0, 0, 0, 1, 0, 0, 208)
16 (1, 4, 6, 0, 0, 0, 0, 56, 1, 0, 0, 160)
17 (1, 4, 212, 0, 0, 0, 0, 64, 1, 0, 0, 29)
18 (1, 4, 68, 0, 0, 0, 0, 8, 1, 0, 0, 71)
19 (1, 4, 0, 0, 0, 0, 0, 0, 1, 0, 0, 28)
20 (1, 4, 174, 0, 0, 0, 0, 0, 1, 0, 0, 154)
21 (1, 4, 101, 0, 0, 0, 0, 0, 1, 0, 0, 100)
22 (1, 4, 22, 15, 74, 9, 0, 0, 1, 0, 0, 230)
23 (1, 4, 0, 15, 44, 0, 0, 0, 1, 0, 0, 177)
24 (1, 4, 0, 3, 0, 3, 0, 0, 1, 0, 0, 229)
25 (1, 4, 12, 0, 0, 0, 0, 0, 1, 0, 0, 84)
26 (1, 4, 0, 0, 0, 0, 0, 0, 1, 0, 0, 28)
27 (1, 4, 15, 0, 0, 0, 0, 0, 1, 0, 0, 70)
28 (1, 4, 30, 0, 1, 0, 0, 0, 1, 0, 0, 60)
29 (1, 4, 0, 3, 20, 0, 0, 0, 1, 0, 0, 229)
0 (1, 4, 499, 427, 439, 0, 13, 0, 1, 0, 0, 105)
1 (1, 4, 256, 584, 688, 0, 7, 0, 1, 0, 0, 65)
2 (1, 4, 184, 452, 591, 0, 0, 0, 2, 0, 0, 93)
3 (1, 4, 670, 160, 368, 0, 0, 0, 2, 0, 0, 251)
4 (1, 4, 334, 210, 0, 0, 0, 24, 2, 0, 0, 210)
5 (1, 4, 6, 16, 0, 0, 0, 3, 2, 0, 0, 153)
6 (1, 4, 0, 79, 0, 0, 0, 0, 2, 0, 0, 136)
7 (1, 4, 115, 33, 0, 0, 0, 0, 2, 0, 0, 113)
8 (1, 4, 71, 0, 0, 0, 27, 16, 2, 0, 0, 5)
9 (1, 4, 0, 123, 0, 0, 15, 21, 2, 0, 0, 33)
10 (1, 4, 0, 45, 0, 0, 0, 65, 2, 0, 0, 62)
11 (1, 4, 0, 0, 0, 0, 0, 79, 1, 0, 0, 160)
12 (1, 4, 0, 0, 0, 0, 0, 93, 1, 0, 0, 202)
13 (1, 4, 0, 0, 0, 0, 0, 0, 1, 0, 0, 28)
14 (1, 4, 0, 0, 0, 0, 0, 0, 1, 0, 0, 28)
15 (1, 4, 8, 0, 0, 0, 0, 0, 1, 0, 0, 108)
16 (1, 4, 135, 10, 0, 0, 0, 0, 1, 0, 0, 253)
17 (1, 4, 0, 33, 0, 18, 0, 0, 1, 0, 0, 162)
18 (1, 4, 134, 35, 0, 0, 0, 0, 1, 0, 0, 55)
19 (1, 4, 89, 0, 0, 1, 0, 0, 1, 0, 0, 20)
20 (1, 4, 0, 36, 9, 0, 0, 0, 1, 0, 0, 44)
21 (1, 4, 0, 2, 3, 1, 0, 0, 1, 0, 0, 213)
22 (1, 4, 0, 11, 11, 0, 0, 0, 1, 0, 0, 112)
23 (1, 4, 0, 0, 13, 0, 0, 0, 1, 0, 0, 106)
24 (1, 4, 0, 21, 11, 0, 0, 0, 1, 0, 0, 21)
25 (1, 4, 0, 16, 13, 0, 0, 0, 1, 0, 0, 11)
26 (1, 4, 0, 20, 6, 0, 0, 0, 1, 0, 0, 214)
27 (1, 4, 0, 15, 10, 0, 0, 0, 1, 0, 0, 62)
28 (1, 4, 0, 34, 0, 0, 0, 0, 1, 0, 0, 179)
29 (1, 4, 0, 0, 0, 0, 0, 0, 1, 0, 0, 28)
