0 (1, 4, 15, 0, 21, 0, 0, 0, 1, 0, 0, 243)
1 (1, 4, 9, 0, 13, 0, 0, 0, 0, 0, 0, 118)
2 (1, 4, 0, 0, 19, 0, 0, 0, 1, 1, 0, 179)
3 (1, 4, 0, 0, 43, 0, 0, 0, 1, 1, 0, 142)
4 (1, 4, 65, 0, 82, 5, 0, 0, 0, 0, 0, 49)
5 (1, 4, 148, 12, 198, 0, 0, 0, 0, 0, 0, 161)
6 (1, 4, 127, 79, 374, 0, 0, 0, 1, 1, 0, 231)
7 (1, 4, 183, 188, 454, 0, 0, 0, 1, 1, 0, 130)
8 (1, 4, 347, 90, 387, 0, 0, 0, 2, 3, 0, 37)
9 (1, 4, 411, 71, 446, 0, 0, 0, 4, 4, 0, 174)
10 (1, 4, 207, 112, 337, 0, 0, 0, 3, 3, 0, 206)
11 (1, 4, 0, 129, 175, 0, 0, 0, 2, 2, 0, 142)
12 (1, 4, 0, 189, 101, 0, 0, 0, 3, 2, 0, 191)
13 (1, 4, 0, 234, 0, 0, 0, 40, 2, 2, 0, 185)
14 (1, 4, 0, 0, 0, 0, 0, 0, 1, 1, 0, 119)
15 (1, 4, 299, 0, 131, 0, 0, 0, 1, 1, 0, 154)
16 (1, 4, 62, 0, 0, 0, 0, 0, 1, 1, 0, 4)
17 (1, 4, 45, 0, 0, 0, 6, 0, 1, 1, 0, 231)
18 (1, 4, 0, 6, 0, 0, 8, 0, 1, 1, 0, 1)
19 (1, 4, 0, 21, 0, 0, 0, 0, 1, 1, 0, 121)
20 (1, 4, 0, 17, 0, 0, 0, 0, 1, 1, 0, 163)
21 (1, 4, 0, 3, 0, 0, 0, 0, 1, 1, 0, 175)
22 (1, 4, 2, 0, 0, 0, 0, 0, 1, 1, 0, 107)
23 (1, 4, 12, 0, 3, 0, 0, 0, 1, 1, 0, 132)
24 (1, 4, 11, 0, 5, 0, 0, 0, 1, 1, 0, 223)
25 (1, 4, 2, 0, 3, 0, 0, 0, 1, 1, 0, 208)
26 (1, 4, 2, 0, 0, 0, 0, 0, 1, 1, 0, 107)
27 (1, 4, 7, 11, 0, 0, 0, 0, 1, 1, 0, 54)
28 (1, 4, 12, 2, 0, 0, 0, 0, 1, 1, 0, 82)
29 (1, 4, 42, 0, 0, 0, 3, 0, 1, 1, 0, 87)
30 (1, 4, 22, 0, 0, 0, 7, 0, 1, 1, 0, 219)
31 (1, 4, 0, 10, 0, 0, 8, 0, 1, 1, 0, 104)
0 (1, 4, 407, 0, 8, 0, 0, 0, 1, 1, 0, 22)
1 (1, 4, 750, 0, 0, 0, 0, 0, 1, 1, 0, 124)
2 (1, 4, 82, 0, 0, 0, 0, 0, 1, 1, 0, 2)
3 (1, 4, 0, 69, 0, 0, 0, 0, 1, 1, 0, 155)
4 (1, 4, 0, 121, 0, 0, 0, 0, 1, 1, 0, 81)
5 (1, 4, 0, 342, 0, 0, 0, 0, 1, 1, 0, 199)
6 (1, 4, 0, 514, 0, 0, 0, 0, 1, 1, 0, 215)
7 (1, 4, 0, 482, 0, 0, 0, 7, 1, 1, 0, 172)
8 (1, 4, 328, 0, 0, 0, 0, 88, 3, 3, 0, 226)
9 (1, 4, 612, 0, 0, 0, 0, 0, 7, 8, 0, 116)
10 (1, 4, 0, 0, 0, 0, 0, 0, 1, 1, 0, 119)
11 (1, 4, 0, 0, 0, 7, 0, 0, 1, 1, 0, 42)
12 (1, 4, 107, 0, 0, 9, 0, 0, 1, 1, 0, 188)
13 (1, 4, 0, 50, 25, 20, 0, 0, 1, 1, 0, 101)
14 (1, 4, 37, 33, 0, 31, 0, 0, 1, 1, 0, 163)
15 (1, 4, 0, 33, 6, 23, 0, 0, 1, 1, 0, 219)
16 (1, 4, 17, 49, 32, 26, 0, 0, 1, 0, 0, 43)
17 (1, 4, 0, 31, 11, 14, 0, 0, 1, 0, 0, 113)
18 (1, 4, 0, 0, 0, 21, 0, 0, 1, 0, 0, 136)
19 (1, 4, 1, 0, 0, 19, 0, 0, 1, 0, 0, 196)
20 (1, 4, 0, 0, 0, 19, 0, 0, 1, 1, 0, 161)
21 (1, 4, 0, 0, 2, 17, 0, 0, 1, 1, 0, 176)
22 (1, 4, 0, 9, 0, 19, 0, 0, 1, 1, 0, 167)
23 (1, 4, 0, 4, 6, 16, 0, 0, 1, 1, 0, 43)
24 (1, 4, 0, 10, 3, 20, 0, 0, 1, 1, 0, 153)
25 (1, 4, 8, 16, 0, 18, 0, 0, 1, 1, 0, 175)
26 (1, 4, 7, 4, 6, 17, 0, 0, 1, 1, 0, 30)
27 (1, 4, 0, 13, 1, 18, 0, 0, 1, 1, 0, 246)
28 (1, 4, 9, 7, 0, 19, 0, 0, 1, 1, 0, 221)
29 (1, 4, 0, 2, 4, 19, 0, 0, 1, 1, 0, 146)
30 (1, 4, 0, 7, 0, 19, 0, 0, 1, 1, 0, 163)
31 (1, 4, 0, 3, 5, 17, 0, 0, 1, 1, 0, 141)
0 (1, 4, 19, 15, 341, 0, 0, 1, 2, 2, 0, 227)
1 (1, 4, 0, 29, 340, 0, 0, 0, 3, 2, 0, 52)
2 (1, 4, 0, 33, 312, 0, 0, 0, 1, 1, 0, 96)
3 (1, 4, 0, 0, 254, 0, 0, 0, 0, 1, 0, 83)
4 (1, 4, 0, 0, 81, 0, 0, 0, 0, 1, 0, 5)
5 (1, 4, 202, 0, 111, 0, 0, 0, 1, 1, 0, 219)
6 (1, 4, 380, 116, 297, 0, 0, 0, 1, 1, 0, 226)
7 (1, 4, 446, 39, 31, 0, 0, 0, 2, 2, 0, 238)
8 (1, 4, 249, 13, 0, 0, 0, 0, 8, 8, 0, 47)
9 (1, 4, 62, 152, 0, 0, 0, 0, 2, 2, 0, 204)
10 (1, 4, 88, 310, 0, 0, 0, 0, 2, 2, 0, 132)
11 (1, 4, 222, 417, 135, 0, 0, 0, 4, 4, 0, 245)
12 (1, 4, 207, 124, 42, 0, 0, 0, 2, 2, 0, 142)
13 (1, 4, 218, 0, 8, 0, 0, 0, 1, 1, 0, 219)
14 (1, 4, 122, 0, 0, 0, 0, 0, 0, 0, 0, 188)
15 (1, 4, 61, 6, 0, 0, 0, 0, 0, 0, 0, 168)
16 (1, 4, 0, 262, 0, 0, 0, 0, 0, 0, 0, 44)
17 (1, 4, 0, 0, 0, 0, 0, 97, 3, 3, 0, 94)
18 (1, 4, 157, 0, 0, 0, 44, 0, 0, 0, 0, 226)
19 (1, 4, 62, 18, 0, 47, 0, 0, 0, 0, 0, 77)
20 (1, 4, 194, 34, 0, 0, 0, 0, 0, 0, 0, 81)
21 (1, 4, 39, 60, 0, 21, 0, 0, 0, 0, 0, 205)
22 (1, 4, 0, 0, 0, 19, 0, 0, 0, 0, 0, 168)
23 (1, 4, 7, 3, 29, 20, 0, 0, 0, 0, 0, 14)
24 (1, 4, 0, 14, 63, 18, 0, 0, 0, 0, 0, 107)
25 (1, 4, 7, 27, 47, 12, 0, 0, 0, 0, 0, 125)
26 (1, 4, 49, 0, 0, 14, 0, 0, 0, 0, 0, 237)
27 (1, 4, 14, 0, 0, 16, 0, 0, 0, 0, 0, 221)
28 (1, 4, 4, 0, 0, 17, 0, 0, 0, 0, 0, 174)
29 (1, 4, 0, 0, 2, 15, 0, 0, 0, 0, 0, 244)
30 (1, 4, 0, 4, 18, 11, 0, 0, 0, 0, 0, 45)
0 (1, 4, 0, 211, 124, 0, 0, 0, 2, 2, 0, 207)
1 (1, 4, 0, 209, 134, 0, 0, 0, 1, 1, 0, 161)
2 (1, 4, 0, 111, 51, 0, 0, 0, 3, 2, 0, 196)
3 (1, 4, 131, 124, 90, 0, 0, 6, 2, 2, 0, 249)
4 (1, 4, 0, 0, 0, 0, 0, 0, 2, 2, 0, 108)
5 (1, 4, 0, 0, 0, 0, 0, 0, 1, 1, 0, 119)
6 (1, 4, 0, 58, 0, 0, 0, 0, 1, 1, 0, 10)
7 (1, 4, 0, 170, 0, 0, 0, 0, 1, 1, 0, 106)
8 (1, 4, 0, 304, 0, 0, 0, 0, 3, 3, 0, 35)
9 (1, 4, 97, 369, 0, 0, 0, 0, 2, 2, 0, 92)
10 (1, 4, 163, 0, 0, 0, 0, 16, 2, 2, 0, 127)
11 (1, 4, 871, 0, 0, 0, 0, 17, 1, 1, 0, 25)
12 (1, 4, 298, 0, 0, 2, 0, 0, 1, 0, 0, 139)
13 (1, 4, 0, 0, 140, 18, 0, 0, 1, 0, 0, 198)
14 (1, 4, 40, 0, 85, 34, 0, 0, 0, 0, 0, 80)
15 (1, 4, 85, 14, 39, 9, 0, 0, 0, 0, 0, 217)
16 (1, 4, 0, 11, 103, 23, 0, 0, 0, 0, 0, 95)
17 (1, 4, 0, 4, 51, 19, 0, 0, 0, 0, 0, 72)
18 (1, 4, 3, 0, 0, 16, 0, 0, 0, 0, 0, 155)
19 (1, 4, 56, 0, 0, 25, 0, 0, 0, 0, 0, 57)
20 (1, 4, 29, 0, 0, 26, 0, 0, 0, 0, 0, 233)
21 (1, 4, 0, 0, 0, 25, 0, 0, 0, 0, 0, 110)
22 (1, 4, 0, 0, 0, 23, 0, 0, 0, 0, 0, 212)
23 (1, 4, 0, 0, 10, 22, 0, 0, 0, 0, 0, 88)
24 (1, 4, 0, 0, 15, 21, 0, 0, 0, 0, 0, 179)
25 (1, 4, 7, 0, 10, 21, 0, 0, 0, 0, 0, 83)
26 (1, 4, 1, 5, 10, 22, 0, 0, 0, 0, 0, 57)
27 (1, 4, 0, 6, 2, 21, 0, 0, 0, 0, 0, 114)
28 (1, 4, 0, 10, 3, 21, 0, 0, 0, 0, 0, 143)
29 (1, 4, 0, 13, 14, 21, 0, 0, 0, 0, 0, 251)
30 (1, 4, 0, 14, 8, 19, 0, 0, 0, 0, 0, 16)
0 (1, 4, 0, 151, 455, 0, 0, 0, 2, 2, 0, 188)
1 (1, 4, 51, 130, 457, 0, 0, 0, 8, 9, 0, 123)
2 (1, 4, 27, 105, 427, 0, 0, 0, 2, 2, 0, 252)
3 (1, 4, 52, 22, 176, 0, 0, 0, 1, 1, 0, 206)
4 (1, 4, 41, 114, 62, 0, 0, 0, 1, 1, 0, 207)
5 (1, 4, 68, 158, 11, 0, 0, 0, 2, 2, 0, 190)
6 (1, 4, 123, 52, 0, 0, 0, 0, 1, 1, 0, 194)
7 (1, 4, 0, 99, 0, 0, 0, 0, 2, 1, 0, 72)
8 (1, 4, 182, 308, 0, 0, 0, 0, 3, 3, 0, 239)
9 (1, 4, 284, 341, 0, 0, 0, 0, 1, 2, 0, 8)
10 (1, 4, 154, 220, 0, 0, 0, 0, 1, 1, 0, 100)
11 (1, 4, 462, 0, 0, 0, 0, 124, 3, 3, 0, 7)
12 (1, 4, 471, 0, 0, 0, 0, 57, 1, 0, 0, 15)
13 (1, 4, 119, 0, 0, 0, 0, 0, 2, 1, 0, 85)
14 (1, 4, 114, 0, 10, 0, 0, 0, 1, 0, 0, 61)
15 (1, 4, 235, 0, 0, 2, 0, 0, 0, 0, 0, 121)
16 (1, 4, 68, 188, 75, 39, 0, 0, 0, 0, 0, 76)
17 (1, 4, 0, 113, 116, 23, 0, 0, 0, 0, 0, 101)
18 (1, 4, 0, 63, 75, 24, 0, 0, 0, 0, 0, 159)
19 (1, 4, 0, 6, 32, 14, 0, 0, 0, 0, 0, 141)
20 (1, 4, 22, 0, 0, 16, 0, 0, 0, 0, 0, 77)
21 (1, 4, 11, 0, 0, 21, 0, 0, 0, 0, 0, 136)
22 (1, 4, 0, 0, 5, 16, 0, 0, 0, 0, 0, 67)
23 (1, 4, 7, 0, 0, 20, 0, 0, 0, 0, 0, 223)
24 (1, 4, 0, 0, 0, 23, 0, 0, 0, 0, 0, 212)
25 (1, 4, 0, 0, 0, 23, 0, 0, 0, 0, 0, 212)
26 (1, 4, 0, 0, 0, 20, 0, 0, 0, 0, 0, 245)
27 (1, 4, 6, 0, 0, 16, 0, 0, 0, 0, 0, 173)
28 (1, 4, 0, 0, 0, 16, 0, 0, 0, 0, 0, 137)
29 (1, 4, 0, 0, 10, 17, 0, 0, 0, 0, 0, 5)
30 (1, 4, 0, 0, 7, 17, 0, 0, 0, 0, 0, 115)
31 (1, 4, 15, 7, 11, 16, 0, 0, 0, 0, 0, 214)
0 (1, 4, 0, 13, 3, 16, 0, 0, 0, 0, 0, 238)
1 (1, 4, 0, 13, 8, 20, 0, 0, 0, 0, 0, 149)
2 (1, 4, 0, 4, 15, 19, 0, 0, 0, 0, 0, 43)
3 (1, 4, 0, 8, 18, 16, 0, 0, 0, 0, 0, 106)
4 (1, 4, 3, 19, 30, 18, 0, 0, 0, 0, 0, 174)
5 (1, 4, 59, 114, 88, 33, 0, 0, 0, 0, 0, 184)
6 (1, 4, 128, 251, 266, 13, 0, 0, 0, 0, 0, 116)
7 (1, 4, 131, 385, 338, 0, 0, 0, 5, 4, 0, 152)
8 (1, 4, 269, 161, 237, 0, 0, 0, 2, 2, 0, 220)
9 (1, 4, 476, 129, 210, 0, 0, 3, 1, 1, 0, 201)
10 (1, 4, 183, 212, 306, 0, 0, 15, 0, 0, 0, 85)
11 (1, 4, 103, 195, 330, 0, 0, 20, 0, 0, 0, 211)
12 (1, 4, 88, 150, 305, 0, 0, 0, 1, 0, 0, 154)
13 (1, 4, 0, 209, 151, 0, 0, 0, 0, 0, 0, 67)
14 (1, 4, 2, 261, 24, 0, 0, 0, 0, 0, 0, 43)
15 (1, 4, 0, 463, 0, 0, 0, 0, 1, 0, 0, 202)
16 (1, 4, 0, 393, 0, 0, 0, 0, 1, 1, 0, 149)
17 (1, 4, 100, 220, 0, 0, 0, 0, 1, 1, 0, 139)
18 (1, 4, 134, 220, 0, 0, 0, 0, 0, 0, 0, 197)
19 (1, 4, 177, 187, 0, 0, 0, 4, 1, 0, 0, 156)
20 (1, 4, 105, 79, 0, 0, 0, 30, 1, 1, 0, 128)
21 (1, 4, 417, 0, 0, 0, 0, 128, 1, 1, 0, 35)
22 (1, 4, 9, 0, 0, 0, 0, 49, 1, 1, 0, 164)
23 (1, 4, 0, 0, 25, 0, 0, 0, 2, 1, 0, 134)
24 (1, 4, 254, 0, 13, 0, 0, 0, 2, 1, 0, 72)
25 (1, 4, 28, 0, 0, 2, 0, 0, 1, 1, 0, 225)
26 (1, 4, 46, 0, 0, 18, 0, 0, 1, 1, 0, 45)
27 (1, 4, 0, 25, 0, 12, 0, 0, 1, 1, 0, 148)
28 (1, 4, 7, 26, 19, 0, 0, 0, 1, 1, 0, 38)
29 (1, 4, 0, 11, 16, 0, 0, 0, 1, 1, 0, 99)
30 (1, 4, 0, 0, 0, 0, 0, 0, 1, 1, 0, 119)
31 (1, 4, 0, 0, 0, 0, 0, 0, 1, 1, 0, 119)
0 (1, 4, 448, 466, 100, 0, 0, 0, 2, 2, 0, 194)
1 (1, 4, 243, 317, 24, 0, 0, 5, 2, 2, 0, 54)
2 (1, 4, 0, 229, 0, 0, 0, 0, 2, 2, 0, 67)
3 (1, 4, 31, 108, 0, 0, 0, 0, 2, 2, 0, 254)
4 (1, 4, 0, 77, 0, 0, 0, 0, 2, 2, 0, 51)
5 (1, 4, 282, 41, 0, 0, 0, 0, 1, 1, 0, 61)
6 (1, 4, 564, 0, 0, 0, 0, 135, 1, 1, 0, 245)
7 (1, 4, 122, 0, 0, 0, 60, 98, 1, 1, 0, 66)
8 (1, 4, 0, 0, 195, 0, 0, 0, 4, 2, 0, 150)
9 (1, 4, 0, 0, 0, 0, 0, 0, 1, 1, 0, 119)
10 (1, 4, 237, 0, 10, 0, 0, 0, 1, 1, 0, 249)
11 (1, 4, 86, 42, 156, 21, 0, 0, 1, 1, 0, 222)
12 (1, 4, 76, 53, 153, 9, 0, 0, 1, 1, 0, 59)
13 (1, 4, 57, 0, 50, 7, 0, 0, 1, 1, 0, 221)
14 (1, 4, 0, 32, 2, 3, 0, 0, 1, 1, 0, 187)
15 (1, 4, 0, 0, 0, 0, 0, 0, 1, 1, 0, 119)
16 (1, 4, 0, 35, 4, 0, 0, 0, 1, 1, 0, 51)
17 (1, 4, 21, 63, 21, 0, 0, 0, 1, 1, 0, 6)
18 (1, 4, 0, 22, 0, 0, 0, 0, 1, 1, 0, 161)
19 (1, 4, 7, 46, 0, 0, 0, 0, 1, 1, 0, 155)
20 (1, 4, 2, 57, 0, 0, 0, 0, 1, 1, 0, 206)
21 (1, 4, 0, 35, 0, 1, 0, 0, 1, 1, 0, 114)
22 (1, 4, 0, 27, 0, 0, 0, 0, 1, 1, 0, 125)
23 (1, 4, 0, 47, 15, 0, 0, 0, 1, 1, 0, 93)
24 (1, 4, 12, 35, 12, 0, 0, 0, 1, 1, 0, 199)
25 (1, 4, 0, 45, 10, 0, 0, 0, 1, 1, 0, 250)
26 (1, 4, 0, 82, 4, 0, 0, 0, 1, 1, 0, 166)
27 (1, 4, 0, 68, 0, 0, 0, 0, 1, 1, 0, 46)
28 (1, 4, 0, 65, 0, 0, 0, 0, 1, 1, 0, 65)
29 (1, 4, 36, 64, 0, 0, 0, 0, 1, 1, 0, 11)
30 (1, 4, 0, 58, 7, 0, 0, 0, 1, 1, 0, 239)
31 (1, 4, 0, 0, 0, 1, 0, 0, 1, 1, 0, 104)
0 (1, 4, 0, 15, 33, 7, 0, 0, 1, 1, 0, 241)
1 (1, 4, 0, 31, 30, 3, 0, 0, 1, 1, 0, 52)
2 (1, 4, 0, 18, 5, 3, 0, 0, 1, 1, 0, 144)
3 (1, 4, 11, 46, 0, 0, 0, 0, 1, 1, 0, 211)
4 (1, 4, 50, 36, 0, 0, 0, 0, 1, 1, 0, 84)
5 (1, 4, 81, 40, 23, 2, 0, 0, 1, 1, 0, 197)
6 (1, 4, 148, 37, 73, 6, 0, 0, 1, 1, 0, 134)
7 (1, 4, 320, 49, 155, 3, 0, 0, 1, 1, 0, 66)
8 (1, 4, 454, 163, 365, 0, 0, 0, 3, 3, 0, 234)
9 (1, 4, 363, 501, 602, 0, 0, 0, 1, 1, 0, 95)
10 (1, 4, 121, 513, 477, 0, 0, 0, 2, 2, 0, 154)
11 (1, 4, 631, 457, 233, 0, 0, 0, 2, 2, 0, 81)
12 (1, 4, 311, 325, 18, 0, 0, 23, 1, 1, 0, 225)
13 (1, 4, 370, 238, 0, 0, 0, 20, 1, 1, 0, 37)
14 (1, 4, 0, 87, 0, 0, 0, 28, 1, 1, 0, 219)
15 (1, 4, 0, 0, 0, 0, 0, 0, 2, 2, 0, 108)
16 (1, 4, 0, 0, 0, 0, 0, 77, 2, 1, 0, 212)
17 (1, 4, 0, 0, 0, 0, 13, 159, 2, 2, 0, 151)
18 (1, 4, 0, 0, 0, 0, 34, 49, 14, 12, 0, 132)
19 (1, 4, 0, 0, 12, 0, 0, 0, 1, 0, 0, 254)
20 (1, 4, 0, 0, 0, 0, 0, 0, 2, 1, 0, 209)
21 (1, 4, 174, 6, 0, 0, 0, 0, 1, 1, 0, 70)
22 (1, 4, 0, 109, 42, 3, 0, 0, 1, 0, 0, 205)
23 (1, 4, 0, 129, 75, 0, 0, 0, 1, 1, 0, 63)
24 (1, 4, 119, 27, 0, 0, 0, 0, 1, 1, 0, 249)
25 (1, 4, 17, 0, 0, 0, 0, 0, 1, 1, 0, 153)
26 (1, 4, 0, 20, 0, 0, 0, 0, 1, 1, 0, 204)
27 (1, 4, 28, 0, 0, 0, 0, 0, 1, 1, 0, 223)
28 (1, 4, 0, 30, 17, 0, 0, 0, 1, 1, 0, 249)
29 (1, 4, 0, 40, 0, 0, 0, 0, 1, 1, 0, 6)
30 (1, 4, 46, 27, 0, 0, 0, 0, 1, 1, 0, 238)
31 (1, 4, 6, 43, 0, 0, 0, 0, 1, 1, 0, 250)
0 (1, 4, 32, 135, 0, 0, 0, 0, 2, 2, 0, 168)
1 (1, 4, 97, 208, 0, 0, 0, 0, 2, 2, 0, 207)
2 (1, 4, 0, 282, 0, 0, 0, 0, 1, 1, 0, 45)
3 (1, 4, 258, 357, 0, 0, 0, 0, 1, 1, 0, 162)
4 (1, 4, 488, 213, 0, 0, 28, 0, 1, 1, 0, 117)
5 (1, 4, 47, 129, 0, 3, 2, 9, 2, 2, 0, 163)
6 (1, 4, 0, 75, 0, 0, 0, 7, 1, 1, 0, 140)
7 (1, 4, 0, 46, 0, 15, 0, 35, 2, 1, 0, 117)
8 (1, 4, 359, 0, 23, 0, 0, 240, 5, 4, 0, 121)
9 (1, 4, 3, 0, 22, 0, 0, 149, 2, 2, 0, 131)
10 (1, 4, 0, 0, 82, 0, 0, 0, 1, 1, 0, 220)
11 (1, 4, 117, 0, 0, 0, 0, 0, 2, 1, 0, 73)
12 (1, 4, 70, 0, 0, 0, 0, 0, 2, 1, 0, 124)
13 (1, 4, 113, 144, 0, 31, 0, 0, 1, 1, 0, 229)
14 (1, 4, 86, 152, 30, 5, 0, 0, 2, 2, 0, 35)
15 (1, 4, 47, 8, 0, 5, 0, 4, 3, 3, 0, 93)
16 (1, 4, 0, 14, 9, 7, 0, 0, 2, 2, 0, 29)
17 (1, 4, 36, 6, 5, 4, 0, 0, 3, 3, 0, 155)
18 (1, 4, 62, 0, 0, 13, 0, 0, 0, 0, 0, 150)
19 (1, 4, 0, 8, 0, 16, 0, 0, 1, 1, 0, 51)
20 (1, 4, 0, 28, 1, 13, 0, 0, 2, 2, 0, 107)
21 (1, 4, 0, 0, 0, 11, 0, 0, 2, 2, 0, 181)
22 (1, 4, 0, 0, 0, 14, 0, 0, 1, 1, 0, 205)
23 (1, 4, 0, 17, 0, 16, 0, 0, 1, 1, 0, 84)
24 (1, 4, 29, 6, 0, 14, 0, 0, 1, 1, 0, 220)
25 (1, 4, 0, 9, 1, 18, 0, 0, 1, 1, 0, 44)
26 (1, 4, 0, 34, 24, 17, 0, 0, 1, 1, 0, 243)
27 (1, 4, 0, 14, 23, 13, 0, 0, 1, 1, 0, 114)
28 (1, 4, 0, 0, 3, 13, 0, 0, 1, 1, 0, 87)
29 (1, 4, 0, 0, 0, 16, 0, 0, 2, 2, 0, 155)
30 (1, 4, 0, 11, 0, 12, 0, 0, 2, 2, 0, 131)
31 (1, 4, 0, 0, 0, 11, 0, 0, 2, 2, 0, 181)
GLOVE DISCONNECTED
GLOVE CONNECTED
0 (1, 4, 0, 15, 0, 0, 0, 41, 2, 2, 0, 73)
1 (1, 4, 0, 33, 19, 0, 0, 46, 1, 0, 0, 40)
2 (1, 4, 0, 37, 23, 0, 0, 49, 1, 0, 0, 134)
3 (1, 4, 0, 28, 30, 0, 0, 46, 1, 0, 0, 33)
4 (1, 4, 0, 0, 0, 0, 0, 42, 1, 0, 0, 238)
5 (1, 4, 105, 0, 0, 0, 0, 31, 1, 0, 0, 6)
6 (1, 4, 371, 0, 23, 0, 0, 51, 1, 1, 0, 71)
7 (1, 4, 18, 33, 0, 0, 0, 63, 1, 0, 0, 28)
8 (1, 4, 14, 0, 0, 0, 0, 71, 1, 0, 0, 30)
9 (1, 4, 146, 0, 16, 0, 0, 57, 0, 0, 0, 175)
10 (1, 4, 67, 32, 0, 0, 0, 63, 0, 0, 0, 172)
11 (1, 4, 56, 10, 6, 0, 0, 72, 1, 0, 0, 75)
12 (1, 4, 83, 0, 4, 0, 0, 74, 0, 0, 0, 77)
13 (1, 4, 42, 65, 18, 0, 0, 70, 0, 0, 0, 58)
14 (1, 4, 15, 36, 18, 0, 0, 68, 0, 0, 0, 92)
15 (1, 4, 31, 0, 5, 0, 0, 73, 0, 0, 0, 126)
16 (1, 4, 34, 0, 0, 0, 0, 72, 0, 0, 0, 10)
17 (1, 4, 95, 0, 0, 0, 0, 70, 0, 0, 0, 196)
18 (1, 4, 4, 0, 0, 0, 0, 78, 0, 0, 0, 37)
19 (1, 4, 41, 0, 0, 0, 0, 81, 0, 0, 0, 142)
20 (1, 4, 2, 0, 11, 0, 0, 82, 0, 0, 0, 74)
21 (1, 4, 23, 0, 6, 0, 0, 82, 0, 0, 0, 234)
22 (1, 4, 0, 2, 4, 0, 0, 82, 0, 0, 0, 98)
23 (1, 4, 0, 0, 0, 0, 0, 86, 0, 0, 0, 36)
24 (1, 4, 0, 0, 8, 0, 0, 77, 0, 0, 0, 199)
25 (1, 4, 0, 32, 0, 0, 0, 77, 0, 0, 0, 185)
26 (1, 4, 0, 43, 0, 0, 0, 76, 0, 0, 0, 13)
27 (1, 4, 0, 114, 0, 0, 0, 73, 0, 0, 0, 67)
28 (1, 4, 0, 140, 0, 0, 0, 50, 0, 0, 0, 221)
29 (1, 4, 0, 180, 0, 0, 0, 36, 0, 0, 0, 210)
30 (1, 4, 0, 113, 0, 0, 0, 27, 0, 0, 0, 180)
31 (1, 4, 0, 0, 0, 0, 0, 9, 0, 0, 0, 75)
0 (1, 4, 9, 0, 56, 0, 0, 0, 1, 1, 0, 52)
1 (1, 4, 4, 0, 76, 0, 0, 0, 1, 1, 0, 86)
2 (1, 4, 4, 0, 111, 0, 0, 0, 2, 2, 0, 8)
3 (1, 4, 52, 0, 139, 0, 0, 0, 2, 2, 0, 133)
4 (1, 4, 141, 0, 188, 0, 0, 0, 5, 5, 0, 146)
5 (1, 4, 149, 0, 292, 0, 0, 0, 2, 2, 0, 82)
6 (1, 4, 334, 27, 347, 0, 0, 0, 2, 2, 0, 103)
7 (1, 4, 469, 81, 397, 0, 0, 0, 4, 3, 0, 137)
8 (1, 4, 556, 190, 376, 0, 0, 0, 5, 8, 0, 116)
9 (1, 4, 474, 214, 362, 0, 0, 0, 2, 2, 0, 225)
10 (1, 4, 265, 184, 168, 0, 0, 0, 1, 1, 0, 169)
11 (1, 4, 93, 79, 34, 0, 0, 1, 1, 1, 0, 100)
12 (1, 4, 175, 0, 0, 0, 0, 44, 3, 3, 0, 211)
13 (1, 4, 127, 0, 0, 0, 0, 0, 2, 2, 0, 152)
14 (1, 4, 9, 0, 0, 0, 0, 0, 1, 1, 0, 9)
15 (1, 4, 0, 21, 0, 0, 0, 0, 1, 1, 0, 121)
16 (1, 4, 0, 22, 0, 0, 0, 0, 1, 1, 0, 161)
17 (1, 4, 0, 198, 0, 0, 0, 0, 0, 0, 0, 75)
18 (1, 4, 0, 412, 0, 0, 0, 0, 1, 1, 0, 155)
19 (1, 4, 0, 465, 0, 0, 0, 0, 2, 3, 0, 180)
20 (1, 4, 0, 563, 18, 0, 0, 0, 2, 3, 0, 225)
21 (1, 4, 0, 244, 0, 0, 0, 7, 3, 4, 0, 155)
22 (1, 4, 201, 0, 0, 0, 0, 74, 2, 2, 0, 152)
23 (1, 4, 687, 0, 0, 0, 1, 0, 1, 1, 0, 130)
24 (1, 4, 111, 0, 0, 3, 0, 0, 1, 1, 0, 66)
25 (1, 4, 175, 0, 0, 0, 0, 0, 1, 1, 0, 255)
26 (1, 4, 58, 53, 17, 8, 0, 0, 1, 0, 0, 136)
27 (1, 4, 0, 29, 69, 10, 0, 0, 1, 0, 0, 86)
28 (1, 4, 0, 30, 57, 6, 0, 0, 0, 0, 0, 240)
29 (1, 4, 0, 4, 66, 2, 0, 0, 0, 0, 0, 78)
30 (1, 4, 0, 0, 21, 2, 0, 0, 0, 0, 0, 245)
0 (1, 4, 353, 204, 528, 0, 0, 0, 1, 1, 0, 27)
1 (1, 4, 313, 225, 782, 0, 0, 2, 2, 2, 0, 81)
2 (1, 4, 246, 174, 696, 0, 0, 7, 8, 8, 0, 11)
3 (1, 4, 24, 38, 333, 0, 0, 0, 6, 6, 0, 125)
4 (1, 4, 46, 43, 141, 0, 0, 0, 4, 4, 0, 231)
5 (1, 4, 34, 245, 0, 0, 0, 0, 5, 4, 0, 173)
6 (1, 4, 143, 187, 0, 0, 0, 0, 2, 2, 0, 234)
7 (1, 4, 392, 0, 0, 0, 0, 0, 4, 4, 0, 61)
8 (1, 4, 89, 0, 0, 0, 0, 0, 2, 2, 0, 123)
9 (1, 4, 0, 296, 0, 0, 0, 0, 0, 0, 0, 234)
10 (1, 4, 0, 352, 0, 0, 0, 0, 0, 0, 0, 218)
11 (1, 4, 0, 291, 21, 0, 0, 0, 1, 1, 0, 61)
12 (1, 4, 111, 372, 79, 0, 0, 46, 5, 4, 0, 22)
13 (1, 4, 0, 0, 0, 0, 0, 188, 2, 1, 0, 182)
14 (1, 4, 195, 0, 0, 0, 0, 10, 1, 1, 0, 170)
15 (1, 4, 66, 0, 0, 0, 0, 0, 0, 0, 0, 235)
16 (1, 4, 218, 0, 0, 0, 0, 0, 0, 0, 0, 110)
17 (1, 4, 81, 183, 0, 1, 0, 0, 0, 0, 0, 166)
18 (1, 4, 0, 234, 159, 25, 0, 0, 0, 0, 0, 39)
19 (1, 4, 0, 88, 160, 21, 0, 0, 0, 0, 0, 180)
20 (1, 4, 0, 46, 90, 6, 0, 0, 0, 0, 0, 237)
21 (1, 4, 0, 21, 36, 9, 0, 0, 0, 0, 0, 55)
22 (1, 4, 0, 37, 18, 7, 0, 0, 0, 0, 0, 222)
23 (1, 4, 8, 27, 8, 7, 0, 0, 0, 0, 0, 229)
24 (1, 4, 11, 21, 10, 5, 0, 0, 0, 0, 0, 226)
25 (1, 4, 0, 10, 16, 4, 0, 0, 0, 0, 0, 163)
26 (1, 4, 0, 25, 26, 1, 0, 0, 0, 0, 0, 234)
27 (1, 4, 0, 17, 12, 0, 0, 0, 0, 0, 0, 72)
28 (1, 4, 0, 16, 9, 0, 0, 0, 0, 0, 0, 55)
29 (1, 4, 0, 6, 10, 2, 0, 0, 0, 0, 0, 100)
30 (1, 4, 0, 8, 15, 0, 0, 0, 0, 0, 0, 148)
31 (1, 4, 0, 8, 6, 0, 0, 0, 0, 0, 0, 188)
0 (1, 4, 19, 128, 0, 0, 0, 0, 4, 4, 0, 169)
1 (1, 4, 0, 127, 0, 0, 0, 0, 2, 2, 0, 253)
2 (1, 4, 0, 152, 0, 0, 0, 0, 0, 0, 0, 173)
3 (1, 4, 0, 129, 0, 0, 0, 0, 0, 0, 0, 202)
4 (1, 4, 0, 112, 0, 0, 0, 0, 0, 1, 0, 53)
5 (1, 4, 191, 4, 0, 0, 0, 0, 0, 0, 0, 204)
6 (1, 4, 610, 0, 0, 0, 0, 222, 0, 0, 0, 18)
7 (1, 4, 224, 0, 0, 0, 0, 79, 0, 0, 0, 153)
8 (1, 4, 24, 0, 23, 0, 0, 0, 0, 0, 0, 116)
9 (1, 4, 38, 0, 0, 0, 0, 0, 0, 0, 0, 157)
10 (1, 4, 149, 51, 0, 0, 0, 0, 0, 0, 0, 198)
11 (1, 4, 0, 163, 18, 25, 0, 0, 0, 0, 0, 37)
12 (1, 4, 0, 111, 41, 34, 0, 0, 0, 0, 0, 143)
13 (1, 4, 0, 51, 20, 24, 0, 0, 0, 0, 0, 43)
14 (1, 4, 18, 36, 28, 29, 0, 0, 0, 0, 0, 107)
15 (1, 4, 25, 0, 53, 31, 0, 0, 0, 0, 0, 249)
16 (1, 4, 0, 0, 72, 13, 0, 0, 0, 0, 0, 162)
17 (1, 4, 0, 0, 9, 9, 0, 0, 0, 0, 0, 177)
18 (1, 4, 0, 51, 0, 14, 0, 0, 0, 0, 0, 191)
19 (1, 4, 0, 21, 5, 21, 0, 0, 0, 0, 0, 46)
20 (1, 4, 0, 29, 19, 21, 0, 0, 0, 0, 0, 147)
21 (1, 4, 0, 11, 21, 14, 0, 0, 0, 0, 0, 26)
22 (1, 4, 0, 7, 0, 21, 0, 0, 0, 0, 0, 232)
23 (1, 4, 0, 5, 0, 22, 0, 0, 0, 0, 0, 164)
24 (1, 4, 0, 0, 10, 21, 0, 0, 0, 0, 0, 121)
25 (1, 4, 0, 0, 0, 20, 0, 0, 0, 0, 0, 245)
26 (1, 4, 0, 0, 0, 13, 0, 0, 0, 0, 0, 229)
27 (1, 4, 0, 0, 22, 9, 0, 0, 0, 0, 0, 151)
28 (1, 4, 0, 0, 3, 15, 0, 0, 0, 0, 0, 96)
29 (1, 4, 0, 0, 0, 12, 0, 0, 0, 0, 0, 250)
30 (1, 4, 0, 0, 0, 12, 0, 0, 0, 0, 0, 250)
31 (1, 4, 0, 0, 0, 11, 0, 0, 0, 0, 0, 167)
0 (1, 4, 0, 22, 0, 13, 0, 0, 0, 0, 0, 51)
1 (1, 4, 21, 25, 9, 21, 0, 0, 0, 0, 0, 115)
2 (1, 4, 49, 22, 34, 24, 0, 0, 0, 0, 0, 95)
3 (1, 4, 35, 40, 121, 12, 0, 0, 0, 0, 0, 12)
4 (1, 4, 0, 146, 261, 0, 0, 0, 0, 0, 0, 228)
5 (1, 4, 53, 290, 458, 0, 0, 0, 0, 0, 0, 225)
6 (1, 4, 194, 331, 623, 0, 4, 0, 0, 0, 0, 246)
7 (1, 4, 67, 528, 846, 0, 0, 0, 2, 2, 0, 138)
8 (1, 4, 0, 500, 814, 0, 0, 0, 4, 4, 0, 144)
9 (1, 4, 275, 0, 297, 0, 0, 0, 4, 4, 0, 33)
10 (1, 4, 161, 0, 0, 0, 0, 0, 1, 1, 0, 171)
11 (1, 4, 0, 48, 0, 0, 0, 0, 1, 1, 0, 212)
12 (1, 4, 194, 0, 0, 0, 0, 14, 0, 0, 0, 216)
13 (1, 4, 199, 0, 0, 0, 0, 36, 1, 1, 0, 21)
14 (1, 4, 140, 0, 0, 0, 0, 0, 1, 1, 0, 42)
15 (1, 4, 0, 0, 0, 0, 0, 0, 1, 1, 0, 119)
16 (1, 4, 22, 0, 0, 0, 0, 0, 0, 0, 0, 186)
17 (1, 4, 160, 96, 0, 20, 1, 0, 0, 0, 0, 31)
18 (1, 4, 137, 36, 0, 62, 0, 0, 0, 0, 0, 169)
19 (1, 4, 0, 0, 0, 62, 0, 0, 0, 0, 0, 218)
20 (1, 4, 0, 0, 28, 57, 0, 0, 0, 0, 0, 26)
21 (1, 4, 0, 0, 37, 53, 0, 0, 0, 0, 0, 55)
22 (1, 4, 0, 30, 38, 47, 0, 0, 0, 0, 0, 216)
23 (1, 4, 5, 0, 0, 50, 0, 0, 0, 0, 0, 104)
24 (1, 4, 0, 21, 10, 45, 0, 0, 0, 0, 0, 145)
25 (1, 4, 0, 16, 37, 43, 0, 0, 0, 0, 0, 27)
26 (1, 4, 0, 39, 58, 42, 0, 0, 0, 0, 0, 131)
27 (1, 4, 1, 19, 59, 46, 0, 0, 0, 0, 0, 28)
28 (1, 4, 0, 0, 19, 43, 0, 0, 0, 0, 0, 138)
29 (1, 4, 0, 22, 2, 30, 0, 0, 0, 0, 0, 202)
30 (1, 4, 0, 33, 23, 37, 0, 0, 0, 0, 0, 25)
31 (1, 4, 0, 51, 68, 40, 0, 0, 0, 0, 0, 177)
0 (1, 4, 0, 35, 37, 35, 0, 0, 0, 0, 0, 152)
1 (1, 4, 4, 16, 26, 36, 0, 0, 0, 0, 0, 94)
2 (1, 4, 0, 14, 42, 37, 0, 0, 0, 0, 0, 157)
3 (1, 4, 0, 12, 72, 33, 0, 0, 0, 0, 0, 166)
4 (1, 4, 0, 71, 146, 33, 0, 0, 0, 0, 0, 168)
5 (1, 4, 105, 181, 268, 16, 0, 0, 0, 0, 0, 203)
6 (1, 4, 109, 302, 456, 0, 0, 0, 0, 0, 0, 190)
7 (1, 4, 111, 421, 490, 0, 0, 0, 0, 0, 0, 25)
8 (1, 4, 74, 522, 719, 0, 0, 0, 1, 1, 0, 104)
9 (1, 4, 272, 704, 795, 0, 0, 0, 5, 1, 0, 202)
10 (1, 4, 360, 652, 846, 0, 0, 0, 12, 6, 0, 221)
11 (1, 4, 92, 326, 378, 0, 0, 0, 0, 0, 0, 58)
12 (1, 4, 0, 20, 0, 0, 0, 0, 0, 0, 0, 197)
13 (1, 4, 0, 0, 0, 0, 0, 0, 0, 0, 0, 126)
14 (1, 4, 0, 0, 0, 0, 0, 0, 1, 1, 0, 119)
15 (1, 4, 585, 0, 0, 0, 0, 128, 0, 0, 0, 7)
16 (1, 4, 73, 0, 0, 43, 25, 0, 1, 1, 0, 141)
17 (1, 4, 39, 0, 0, 0, 0, 0, 1, 0, 0, 241)
18 (1, 4, 25, 0, 39, 0, 0, 0, 0, 0, 0, 251)
19 (1, 4, 24, 24, 22, 13, 0, 0, 0, 0, 0, 169)
20 (1, 4, 0, 44, 39, 13, 0, 0, 0, 0, 0, 85)
21 (1, 4, 10, 61, 19, 13, 0, 0, 0, 0, 0, 50)
22 (1, 4, 6, 36, 0, 6, 0, 0, 0, 0, 0, 0)
23 (1, 4, 0, 7, 0, 10, 0, 0, 0, 0, 0, 186)
24 (1, 4, 4, 3, 0, 15, 0, 0, 0, 0, 0, 59)
25 (1, 4, 0, 0, 0, 14, 0, 0, 0, 0, 0, 196)
26 (1, 4, 0, 0, 3, 19, 0, 0, 0, 0, 0, 19)
27 (1, 4, 0, 8, 14, 16, 0, 0, 0, 0, 0, 247)
28 (1, 4, 15, 0, 0, 15, 0, 0, 0, 0, 0, 129)
29 (1, 4, 0, 7, 0, 9, 0, 0, 0, 0, 0, 155)
30 (1, 4, 0, 1, 0, 13, 0, 0, 0, 0, 0, 80)
31 (1, 4, 0, 25, 0, 11, 0, 0, 0, 0, 0, 192)
0 (1, 4, 0, 0, 16, 14, 0, 0, 0, 0, 0, 187)
1 (1, 4, 0, 0, 0, 14, 0, 0, 0, 0, 0, 196)
2 (1, 4, 2, 0, 5, 12, 0, 0, 0, 0, 0, 44)
3 (1, 4, 0, 0, 19, 12, 0, 0, 0, 0, 0, 62)
4 (1, 4, 0, 0, 6, 12, 0, 0, 0, 0, 0, 139)
5 (1, 4, 0, 0, 3, 12, 0, 0, 0, 0, 0, 65)
6 (1, 4, 5, 2, 15, 12, 0, 0, 0, 0, 0, 248)
7 (1, 4, 73, 80, 75, 17, 0, 0, 0, 0, 0, 127)
8 (1, 4, 140, 170, 173, 12, 0, 0, 0, 0, 0, 195)
9 (1, 4, 274, 305, 405, 0, 0, 0, 4, 7, 0, 243)
10 (1, 4, 253, 438, 646, 0, 0, 0, 2, 2, 0, 91)
11 (1, 4, 151, 527, 723, 0, 0, 0, 2, 2, 0, 187)
12 (1, 4, 337, 215, 475, 0, 0, 0, 2, 2, 0, 199)
13 (1, 4, 0, 159, 170, 0, 0, 0, 0, 0, 0, 51)
14 (1, 4, 41, 31, 0, 0, 0, 0, 0, 0, 0, 23)
15 (1, 4, 0, 118, 0, 0, 0, 0, 0, 0, 0, 233)
16 (1, 4, 0, 0, 0, 0, 0, 0, 0, 0, 0, 126)
17 (1, 4, 356, 2, 0, 3, 0, 0, 0, 0, 0, 70)
18 (1, 4, 68, 73, 0, 3, 9, 23, 0, 0, 0, 19)
19 (1, 4, 0, 0, 33, 2, 0, 5, 0, 0, 0, 128)
20 (1, 4, 62, 0, 0, 0, 0, 102, 0, 0, 0, 37)
21 (1, 4, 11, 0, 0, 0, 0, 98, 0, 0, 0, 65)
22 (1, 4, 29, 0, 0, 0, 0, 0, 1, 0, 0, 186)
23 (1, 4, 8, 0, 0, 0, 0, 0, 0, 0, 0, 14)
24 (1, 4, 73, 0, 0, 0, 0, 0, 0, 0, 0, 137)
25 (1, 4, 104, 129, 2, 16, 0, 0, 0, 0, 0, 44)
26 (1, 4, 0, 81, 76, 25, 0, 0, 0, 0, 0, 32)
27 (1, 4, 1, 115, 71, 12, 0, 0, 0, 0, 0, 18)
28 (1, 4, 0, 28, 24, 20, 0, 0, 0, 0, 0, 62)
29 (1, 4, 0, 49, 35, 17, 0, 0, 0, 0, 0, 197)
30 (1, 4, 0, 0, 7, 25, 0, 0, 0, 0, 0, 139)
31 (1, 4, 0, 8, 5, 16, 0, 0, 0, 0, 0, 240)
0 (1, 4, 93, 0, 0, 0, 0, 0, 1, 1, 0, 88)
1 (1, 4, 138, 0, 0, 0, 0, 0, 1, 2, 0, 179)
2 (1, 4, 351, 91, 0, 0, 0, 0, 1, 1, 0, 207)
3 (1, 4, 61, 74, 0, 0, 0, 12, 1, 1, 0, 212)
4 (1, 4, 0, 0, 0, 0, 0, 9, 1, 1, 0, 66)
5 (1, 4, 0, 0, 0, 0, 0, 3, 1, 1, 0, 17)
6 (1, 4, 335, 0, 0, 0, 0, 171, 1, 1, 0, 1)
7 (1, 4, 0, 0, 0, 0, 0, 98, 2, 1, 0, 140)
8 (1, 4, 0, 0, 0, 0, 0, 0, 1, 1, 0, 119)
9 (1, 4, 173, 0, 0, 0, 0, 0, 1, 1, 0, 227)
10 (1, 4, 219, 58, 0, 0, 10, 0, 1, 1, 0, 39)
11 (1, 4, 206, 115, 101, 0, 0, 0, 2, 2, 0, 147)
12 (1, 4, 79, 19, 84, 27, 0, 0, 2, 2, 0, 242)
13 (1, 4, 0, 0, 66, 44, 0, 0, 1, 1, 0, 206)
14 (1, 4, 0, 0, 25, 29, 0, 0, 2, 2, 0, 87)
15 (1, 4, 0, 13, 31, 29, 0, 0, 1, 1, 0, 225)
16 (1, 4, 11, 36, 0, 16, 0, 0, 1, 1, 0, 250)
17 (1, 4, 30, 9, 0, 21, 0, 0, 1, 2, 0, 236)
18 (1, 4, 0, 0, 0, 20, 0, 0, 1, 1, 0, 252)
19 (1, 4, 0, 4, 3, 23, 0, 0, 1, 1, 0, 188)
20 (1, 4, 0, 4, 9, 18, 0, 0, 1, 2, 0, 241)
21 (1, 4, 0, 4, 0, 20, 0, 0, 1, 1, 0, 38)
22 (1, 4, 25, 14, 0, 25, 0, 0, 1, 1, 0, 253)
23 (1, 4, 0, 24, 0, 23, 0, 0, 1, 1, 0, 15)
24 (1, 4, 0, 13, 19, 27, 0, 0, 1, 1, 0, 65)
25 (1, 4, 0, 17, 35, 27, 0, 0, 1, 1, 0, 200)
26 (1, 4, 0, 16, 26, 26, 0, 0, 1, 1, 0, 203)
27 (1, 4, 9, 27, 19, 27, 0, 0, 1, 1, 0, 233)
28 (1, 4, 4, 28, 23, 24, 0, 0, 1, 1, 0, 210)
29 (1, 4, 0, 6, 19, 26, 0, 0, 1, 1, 0, 53)
30 (1, 4, 0, 8, 13, 24, 0, 0, 1, 1, 0, 189)
31 (1, 4, 0, 13, 17, 22, 0, 0, 1, 1, 0, 245)
0 (1, 4, 395, 279, 488, 0, 0, 0, 2, 2, 0, 138)
1 (1, 4, 5, 244, 349, 0, 0, 0, 0, 0, 0, 28)
2 (1, 4, 0, 294, 473, 0, 0, 0, 0, 0, 0, 238)
3 (1, 4, 0, 315, 517, 0, 0, 0, 1, 1, 0, 42)
4 (1, 4, 168, 45, 160, 0, 0, 0, 1, 2, 0, 121)
5 (1, 4, 79, 68, 0, 0, 0, 0, 1, 1, 0, 253)
6 (1, 4, 63, 196, 0, 0, 0, 0, 0, 0, 0, 91)
7 (1, 4, 554, 0, 0, 0, 0, 0, 0, 0, 0, 209)
8 (1, 4, 296, 0, 0, 0, 0, 0, 0, 0, 0, 203)
9 (1, 4, 0, 0, 0, 0, 0, 2, 0, 0, 0, 199)
10 (1, 4, 0, 0, 0, 0, 0, 1, 0, 0, 0, 161)
11 (1, 4, 0, 173, 58, 0, 0, 42, 0, 0, 0, 129)
12 (1, 4, 0, 0, 0, 0, 0, 185, 0, 0, 0, 179)
13 (1, 4, 0, 0, 0, 0, 0, 91, 1, 1, 0, 109)
14 (1, 4, 0, 0, 0, 0, 0, 0, 2, 1, 0, 209)
15 (1, 4, 0, 0, 0, 0, 0, 0, 1, 1, 0, 119)
16 (1, 4, 97, 84, 0, 0, 0, 0, 0, 0, 0, 6)
17 (1, 4, 55, 108, 19, 11, 0, 0, 0, 0, 0, 70)
18 (1, 4, 88, 53, 42, 23, 0, 0, 0, 0, 0, 108)
19 (1, 4, 0, 14, 75, 0, 0, 0, 0, 0, 0, 134)
20 (1, 4, 0, 5, 16, 3, 0, 0, 0, 0, 0, 79)
21 (1, 4, 3, 0, 3, 1, 0, 0, 0, 0, 0, 200)
22 (1, 4, 0, 9, 34, 0, 0, 0, 0, 0, 0, 169)
23 (1, 4, 0, 26, 0, 0, 0, 0, 0, 0, 0, 193)
24 (1, 4, 0, 18, 0, 0, 0, 0, 0, 0, 0, 114)
25 (1, 4, 0, 18, 7, 0, 0, 0, 0, 0, 0, 151)
26 (1, 4, 0, 17, 13, 0, 0, 0, 0, 0, 0, 220)
27 (1, 4, 0, 31, 20, 0, 0, 0, 0, 0, 0, 143)
28 (1, 4, 0, 30, 28, 0, 0, 0, 0, 0, 0, 134)
29 (1, 4, 0, 42, 31, 0, 0, 0, 0, 0, 0, 68)
30 (1, 4, 0, 38, 8, 0, 0, 0, 0, 0, 0, 183)
31 (1, 4, 0, 21, 6, 0, 0, 0, 0, 0, 0, 1)
0 (1, 4, 0, 7, 0, 2, 0, 0, 0, 0, 0, 66)
1 (1, 4, 1, 7, 0, 2, 0, 0, 0, 0, 0, 76)
2 (1, 4, 0, 1, 0, 2, 0, 0, 0, 0, 0, 245)
3 (1, 4, 0, 10, 3, 2, 0, 0, 0, 0, 0, 37)
4 (1, 4, 2, 9, 2, 2, 0, 0, 0, 0, 0, 117)
5 (1, 4, 5, 21, 14, 2, 0, 0, 0, 0, 0, 181)
6 (1, 4, 5, 12, 16, 2, 0, 0, 0, 0, 0, 96)
7 (1, 4, 24, 41, 24, 4, 0, 0, 0, 1, 0, 254)
8 (1, 4, 89, 139, 65, 13, 0, 0, 0, 1, 0, 156)
9 (1, 4, 385, 397, 339, 22, 0, 0, 1, 1, 0, 129)
10 (1, 4, 590, 640, 610, 0, 0, 0, 5, 3, 0, 171)
11 (1, 4, 190, 469, 620, 0, 0, 4, 4, 4, 0, 125)
12 (1, 4, 107, 251, 501, 0, 0, 23, 2, 2, 0, 214)
13 (1, 4, 0, 118, 363, 0, 0, 0, 1, 1, 0, 191)
14 (1, 4, 0, 75, 384, 0, 0, 0, 1, 1, 0, 51)
15 (1, 4, 201, 300, 308, 0, 0, 0, 2, 2, 0, 66)
16 (1, 4, 27, 367, 0, 0, 0, 0, 2, 2, 0, 251)
17 (1, 4, 140, 11, 0, 0, 0, 0, 1, 1, 0, 65)
18 (1, 4, 0, 0, 0, 0, 0, 0, 1, 1, 0, 119)
19 (1, 4, 0, 152, 0, 0, 0, 0, 1, 0, 0, 207)
20 (1, 4, 167, 94, 0, 0, 0, 4, 0, 0, 0, 21)
21 (1, 4, 0, 13, 0, 0, 0, 8, 0, 0, 0, 72)
22 (1, 4, 0, 0, 0, 0, 0, 0, 0, 0, 0, 126)
23 (1, 4, 0, 0, 0, 0, 0, 48, 1, 0, 0, 110)
24 (1, 4, 548, 0, 0, 0, 0, 0, 1, 0, 0, 231)
25 (1, 4, 313, 0, 0, 0, 0, 0, 3, 2, 0, 85)
26 (1, 4, 0, 0, 0, 0, 9, 0, 1, 1, 0, 207)
27 (1, 4, 36, 0, 0, 0, 8, 0, 0, 0, 0, 64)
28 (1, 4, 101, 103, 0, 48, 2, 0, 0, 0, 0, 169)
29 (1, 4, 0, 51, 79, 77, 0, 0, 0, 0, 0, 233)
30 (1, 4, 0, 80, 183, 30, 0, 0, 0, 0, 0, 68)
31 (1, 4, 0, 0, 118, 36, 0, 0, 0, 0, 0, 224)
0 (1, 4, 50, 32, 69, 13, 0, 0, 0, 0, 0, 45)
1 (1, 4, 85, 145, 177, 7, 0, 0, 0, 1, 0, 38)
2 (1, 4, 285, 171, 194, 9, 0, 0, 0, 0, 0, 176)
3 (1, 4, 535, 156, 290, 0, 0, 0, 2, 3, 0, 76)
4 (1, 4, 417, 237, 506, 0, 0, 0, 2, 2, 0, 107)
5 (1, 4, 103, 272, 589, 0, 0, 0, 1, 1, 0, 160)
6 (1, 4, 0, 341, 587, 0, 0, 0, 2, 1, 0, 255)
7 (1, 4, 0, 197, 368, 0, 0, 0, 4, 4, 0, 144)
8 (1, 4, 273, 0, 167, 0, 0, 0, 2, 2, 0, 106)
9 (1, 4, 0, 278, 0, 0, 0, 0, 2, 2, 0, 95)
10 (1, 4, 0, 253, 0, 0, 0, 0, 1, 1, 0, 138)
11 (1, 4, 374, 122, 0, 0, 0, 0, 1, 1, 0, 1)
12 (1, 4, 266, 28, 0, 0, 0, 0, 1, 1, 0, 17)
13 (1, 4, 48, 0, 0, 0, 0, 0, 1, 1, 0, 80)
14 (1, 4, 0, 56, 0, 0, 0, 0, 1, 1, 0, 103)
15 (1, 4, 0, 109, 0, 0, 0, 0, 1, 1, 0, 234)
16 (1, 4, 0, 0, 0, 0, 0, 87, 1, 1, 0, 242)
17 (1, 4, 31, 0, 0, 0, 0, 0, 1, 0, 0, 166)
18 (1, 4, 0, 0, 0, 0, 58, 0, 1, 0, 0, 167)
19 (1, 4, 110, 80, 0, 0, 58, 0, 0, 0, 0, 61)
20 (1, 4, 69, 111, 27, 31, 9, 0, 1, 0, 0, 193)
21 (1, 4, 87, 64, 154, 60, 0, 0, 0, 0, 0, 57)
22 (1, 4, 0, 0, 169, 42, 0, 0, 0, 0, 0, 118)
23 (1, 4, 0, 0, 99, 26, 0, 0, 0, 0, 0, 241)
24 (1, 4, 0, 0, 43, 34, 0, 0, 1, 0, 0, 50)
25 (1, 4, 0, 22, 93, 31, 0, 0, 0, 0, 0, 8)
26 (1, 4, 0, 10, 65, 25, 0, 0, 0, 0, 0, 223)
27 (1, 4, 0, 17, 43, 24, 0, 0, 0, 0, 0, 92)
28 (1, 4, 0, 17, 24, 28, 0, 0, 0, 0, 0, 26)
29 (1, 4, 0, 25, 29, 26, 0, 0, 0, 0, 0, 33)
30 (1, 4, 0, 34, 19, 28, 0, 0, 0, 0, 0, 102)
0 (1, 4, 326, 350, 0, 0, 0, 0, 2, 2, 0, 192)
1 (1, 4, 341, 408, 0, 0, 0, 0, 1, 1, 0, 28)
2 (1, 4, 703, 235, 0, 0, 0, 0, 1, 1, 0, 48)
3 (1, 4, 432, 172, 0, 0, 15, 0, 1, 1, 0, 68)
4 (1, 4, 204, 62, 0, 0, 23, 11, 2, 2, 0, 126)
5 (1, 4, 59, 0, 0, 3, 0, 31, 1, 1, 0, 57)
6 (1, 4, 0, 28, 63, 0, 0, 110, 1, 1, 0, 101)
7 (1, 4, 0, 0, 0, 0, 0, 127, 3, 2, 0, 192)
8 (1, 4, 0, 0, 0, 0, 0, 0, 3, 2, 0, 14)
9 (1, 4, 105, 0, 0, 0, 34, 0, 0, 0, 0, 177)
10 (1, 4, 143, 89, 0, 0, 5, 0, 0, 0, 0, 79)
11 (1, 4, 188, 167, 0, 25, 0, 0, 1, 1, 0, 220)
12 (1, 4, 4, 0, 0, 63, 0, 0, 1, 0, 0, 159)
13 (1, 4, 17, 36, 96, 36, 0, 0, 0, 0, 0, 24)
14 (1, 4, 12, 0, 58, 26, 0, 0, 1, 0, 0, 119)
15 (1, 4, 20, 0, 0, 36, 0, 0, 0, 0, 0, 51)
16 (1, 4, 0, 0, 10, 31, 0, 0, 0, 0, 0, 191)
17 (1, 4, 0, 0, 0, 31, 0, 0, 0, 0, 0, 44)
18 (1, 4, 0, 0, 9, 33, 0, 0, 0, 0, 0, 160)
19 (1, 4, 0, 15, 24, 33, 0, 0, 0, 0, 0, 250)
20 (1, 4, 0, 0, 27, 31, 0, 0, 0, 0, 0, 84)
21 (1, 4, 0, 0, 14, 30, 0, 0, 0, 0, 0, 254)
22 (1, 4, 0, 6, 9, 29, 0, 0, 0, 0, 0, 141)
23 (1, 4, 0, 7, 8, 29, 0, 0, 0, 0, 0, 172)
24 (1, 4, 0, 0, 1, 28, 0, 0, 0, 0, 0, 153)
25 (1, 4, 0, 0, 0, 30, 0, 0, 0, 0, 0, 51)
26 (1, 4, 0, 0, 0, 26, 0, 0, 0, 0, 0, 79)
27 (1, 4, 0, 0, 0, 28, 0, 0, 0, 0, 0, 13)
28 (1, 4, 0, 0, 0, 25, 0, 0, 0, 0, 0, 110)
29 (1, 4, 0, 0, 3, 27, 0, 0, 0, 0, 0, 235)
30 (1, 4, 0, 1, 5, 27, 0, 0, 0, 0, 0, 47)
31 (1, 4, 0, 0, 0, 30, 0, 0, 0, 0, 0, 51)
0 (1, 4, 122, 111, 0, 0, 0, 0, 1, 0, 0, 46)
1 (1, 4, 0, 496, 0, 0, 0, 0, 0, 0, 0, 186)
2 (1, 4, 184, 416, 0, 0, 0, 0, 0, 0, 0, 26)
3 (1, 4, 462, 53, 0, 0, 0, 0, 0, 0, 0, 120)
4 (1, 4, 65, 0, 0, 0, 34, 0, 0, 0, 0, 6)
5 (1, 4, 0, 126, 18, 0, 0, 0, 0, 0, 0, 10)
6 (1, 4, 0, 169, 63, 0, 0, 0, 0, 0, 0, 99)
7 (1, 4, 167, 0, 0, 0, 0, 89, 0, 0, 0, 37)
8 (1, 4, 641, 0, 0, 0, 0, 13, 0, 0, 0, 33)
9 (1, 4, 319, 0, 0, 0, 31, 0, 0, 0, 0, 45)
10 (1, 4, 263, 56, 110, 0, 0, 0, 0, 0, 0, 142)
11 (1, 4, 269, 124, 172, 46, 0, 0, 0, 0, 0, 205)
12 (1, 4, 0, 0, 199, 61, 0, 0, 0, 0, 0, 20)
13 (1, 4, 0, 0, 82, 33, 0, 0, 0, 0, 0, 35)
14 (1, 4, 22, 61, 34, 12, 0, 0, 0, 0, 0, 144)
15 (1, 4, 0, 0, 1, 9, 0, 0, 0, 0, 0, 13)
16 (1, 4, 0, 0, 0, 1, 0, 0, 0, 0, 0, 97)
17 (1, 4, 0, 0, 40, 0, 0, 0, 0, 0, 0, 60)
18 (1, 4, 0, 0, 25, 0, 0, 0, 0, 0, 0, 41)
19 (1, 4, 0, 6, 16, 0, 0, 0, 0, 0, 0, 182)
20 (1, 4, 0, 13, 57, 1, 0, 0, 0, 0, 0, 20)
21 (1, 4, 0, 13, 46, 7, 0, 0, 0, 0, 0, 204)
22 (1, 4, 0, 73, 37, 0, 0, 0, 0, 0, 0, 207)
23 (1, 4, 0, 39, 53, 0, 0, 0, 0, 0, 0, 245)
24 (1, 4, 0, 6, 6, 0, 0, 0, 0, 0, 0, 184)
25 (1, 4, 0, 24, 0, 0, 0, 0, 0, 0, 0, 172)
26 (1, 4, 0, 0, 9, 0, 0, 0, 0, 0, 0, 86)
27 (1, 4, 0, 0, 0, 0, 0, 0, 0, 0, 0, 126)
28 (1, 4, 0, 0, 0, 0, 0, 0, 0, 0, 0, 126)
29 (1, 4, 0, 0, 0, 1, 0, 0, 0, 0, 0, 97)
30 (1, 4, 58, 6, 0, 0, 0, 0, 0, 0, 0, 130)
31 (1, 4, 0, 0, 0, 0, 0, 0, 0, 0, 0, 126)
0 (1, 4, 92, 0, 56, 0, 0, 0, 1, 1, 0, 107)
1 (1, 4, 170, 59, 0, 0, 0, 0, 1, 1, 0, 1)
2 (1, 4, 164, 223, 0, 0, 0, 0, 1, 1, 0, 207)
3 (1, 4, 234, 388, 0, 0, 0, 0, 1, 1, 0, 126)
4 (1, 4, 631, 189, 0, 0, 0, 0, 1, 1, 0, 137)
5 (1, 4, 262, 47, 0, 0, 92, 0, 1, 1, 0, 159)
6 (1, 4, 0, 189, 11, 17, 54, 0, 1, 1, 0, 127)
7 (1, 4, 0, 168, 194, 18, 0, 0, 1, 1, 0, 235)
8 (1, 4, 59, 28, 0, 0, 0, 29, 0, 1, 0, 203)
9 (1, 4, 84, 0, 0, 0, 0, 96, 0, 0, 0, 203)
10 (1, 4, 384, 0, 0, 0, 0, 0, 0, 0, 0, 105)
11 (1, 4, 104, 0, 0, 0, 0, 0, 0, 0, 0, 64)
12 (1, 4, 64, 35, 0, 1, 0, 0, 0, 0, 0, 242)
13 (1, 4, 15, 8, 0, 41, 0, 0, 0, 0, 0, 153)
14 (1, 4, 0, 20, 61, 30, 0, 0, 0, 0, 0, 127)
15 (1, 4, 0, 32, 72, 29, 0, 0, 0, 0, 0, 151)
16 (1, 4, 0, 62, 55, 35, 0, 0, 0, 0, 0, 117)
17 (1, 4, 0, 98, 103, 38, 0, 0, 0, 0, 0, 25)
18 (1, 4, 0, 56, 78, 31, 0, 0, 0, 0, 0, 10)
19 (1, 4, 0, 61, 83, 29, 0, 0, 0, 0, 0, 82)
20 (1, 4, 0, 75, 78, 34, 0, 0, 0, 0, 0, 119)
21 (1, 4, 0, 74, 91, 32, 0, 0, 0, 0, 0, 73)
22 (1, 4, 6, 79, 79, 45, 0, 0, 0, 0, 0, 184)
23 (1, 4, 0, 60, 68, 36, 0, 0, 0, 0, 0, 132)
24 (1, 4, 5, 27, 42, 28, 0, 0, 0, 0, 0, 92)
25 (1, 4, 34, 19, 30, 35, 0, 0, 0, 0, 0, 102)
26 (1, 4, 28, 0, 0, 41, 0, 0, 0, 0, 0, 216)
27 (1, 4, 33, 0, 0, 32, 0, 0, 0, 0, 0, 94)
28 (1, 4, 34, 0, 0, 25, 0, 0, 0, 0, 0, 181)
29 (1, 4, 57, 0, 0, 44, 0, 0, 0, 0, 0, 74)
30 (1, 4, 0, 0, 11, 36, 0, 0, 0, 0, 0, 236)
31 (1, 4, 18, 0, 3, 27, 0, 0, 0, 0, 0, 23)
0 (1, 4, 18, 0, 20, 12, 0, 0, 0, 0, 0, 39)
1 (1, 4, 0, 0, 1, 4, 0, 0, 0, 0, 0, 150)
2 (1, 4, 4, 0, 0, 4, 0, 0, 0, 0, 0, 58)
3 (1, 4, 32, 0, 0, 5, 0, 0, 0, 0, 0, 218)
4 (1, 4, 42, 0, 71, 4, 0, 0, 0, 0, 0, 183)
5 (1, 4, 155, 43, 204, 0, 0, 0, 0, 0, 0, 168)
6 (1, 4, 300, 124, 439, 0, 0, 0, 0, 0, 0, 114)
7 (1, 4, 288, 240, 555, 0, 0, 0, 0, 0, 0, 217)
8 (1, 4, 92, 283, 467, 0, 0, 0, 1, 1, 0, 42)
9 (1, 4, 11, 321, 557, 0, 8, 0, 0, 0, 0, 60)
10 (1, 4, 0, 314, 654, 0, 35, 0, 0, 0, 0, 230)
11 (1, 4, 0, 247, 587, 0, 0, 0, 0, 1, 0, 112)
12 (1, 4, 70, 132, 48, 0, 0, 0, 1, 1, 0, 128)
13 (1, 4, 0, 70, 0, 0, 0, 0, 0, 0, 0, 74)
14 (1, 4, 27, 149, 0, 0, 0, 0, 0, 0, 0, 243)
15 (1, 4, 92, 257, 0, 0, 0, 0, 0, 0, 0, 15)
16 (1, 4, 438, 0, 0, 0, 42, 0, 0, 0, 0, 84)
17 (1, 4, 0, 0, 0, 0, 76, 0, 0, 0, 0, 70)
18 (1, 4, 0, 81, 118, 13, 0, 0, 0, 0, 0, 185)
19 (1, 4, 0, 0, 98, 0, 0, 0, 0, 0, 0, 84)
20 (1, 4, 0, 0, 0, 0, 0, 0, 0, 0, 0, 126)
21 (1, 4, 178, 0, 0, 0, 0, 19, 0, 0, 0, 229)
22 (1, 4, 330, 0, 0, 0, 0, 0, 0, 0, 0, 153)
23 (1, 4, 242, 0, 0, 0, 57, 0, 0, 0, 0, 233)
24 (1, 4, 41, 0, 0, 0, 16, 0, 0, 0, 0, 66)
25 (1, 4, 114, 34, 0, 26, 0, 0, 0, 0, 0, 82)
26 (1, 4, 48, 0, 60, 21, 0, 0, 0, 0, 0, 174)
27 (1, 4, 21, 0, 14, 31, 0, 0, 0, 0, 0, 55)
28 (1, 4, 31, 0, 0, 29, 0, 0, 0, 0, 0, 168)
29 (1, 4, 21, 12, 0, 35, 0, 0, 0, 0, 0, 9)
30 (1, 4, 15, 0, 0, 24, 0, 0, 0, 0, 0, 43)
31 (1, 4, 35, 9, 7, 33, 0, 0, 0, 0, 0, 190)
0 (1, 4, 366, 128, 264, 34, 0, 0, 0, 0, 0, 81)
1 (1, 4, 497, 243, 434, 3, 0, 0, 0, 0, 0, 19)
2 (1, 4, 230, 337, 588, 0, 7, 0, 2, 2, 0, 106)
3 (1, 4, 0, 300, 708, 0, 0, 0, 2, 2, 0, 204)
4 (1, 4, 0, 114, 612, 0, 0, 0, 1, 1, 0, 219)
5 (1, 4, 0, 60, 568, 0, 0, 0, 1, 1, 0, 58)
6 (1, 4, 0, 207, 483, 0, 0, 0, 1, 0, 0, 61)
7 (1, 4, 127, 200, 209, 0, 0, 0, 1, 1, 0, 83)
8 (1, 4, 191, 139, 0, 0, 0, 0, 0, 0, 0, 124)
9 (1, 4, 167, 104, 0, 0, 0, 0, 0, 0, 0, 116)
10 (1, 4, 251, 166, 0, 0, 0, 0, 0, 0, 0, 211)
11 (1, 4, 543, 24, 0, 0, 0, 0, 0, 0, 0, 18)
12 (1, 4, 425, 0, 0, 0, 23, 0, 0, 0, 0, 61)
13 (1, 4, 0, 191, 2, 0, 8, 0, 0, 0, 0, 131)
14 (1, 4, 0, 153, 75, 0, 0, 0, 1, 1, 0, 237)
15 (1, 4, 0, 51, 0, 0, 0, 0, 1, 1, 0, 12)
16 (1, 4, 320, 0, 0, 0, 0, 45, 1, 1, 0, 29)
17 (1, 4, 357, 0, 0, 0, 0, 0, 1, 1, 0, 13)
18 (1, 4, 143, 0, 0, 0, 121, 0, 0, 0, 0, 27)
19 (1, 4, 121, 62, 0, 42, 79, 0, 0, 0, 0, 149)
20 (1, 4, 179, 114, 1, 56, 44, 0, 0, 0, 0, 78)
21 (1, 4, 0, 40, 314, 52, 0, 0, 0, 0, 0, 34)
22 (1, 4, 8, 0, 120, 64, 0, 0, 0, 0, 0, 29)
23 (1, 4, 48, 0, 1, 49, 0, 0, 0, 0, 0, 204)
24 (1, 4, 0, 0, 87, 46, 0, 0, 0, 0, 0, 76)
25 (1, 4, 0, 0, 149, 50, 0, 0, 0, 0, 0, 26)
26 (1, 4, 0, 0, 48, 45, 0, 0, 0, 0, 0, 141)
27 (1, 4, 0, 18, 64, 37, 0, 0, 0, 0, 0, 3)
28 (1, 4, 0, 9, 99, 36, 0, 0, 0, 0, 0, 83)
29 (1, 4, 55, 0, 50, 32, 0, 0, 0, 0, 0, 52)
30 (1, 4, 45, 33, 88, 33, 0, 0, 0, 0, 0, 70)
31 (1, 4, 18, 33, 118, 28, 0, 0, 0, 0, 0, 141)
0 (1, 4, 126, 368, 600, 0, 0, 0, 20, 16, 0, 220)
1 (1, 4, 157, 105, 376, 0, 0, 0, 0, 0, 0, 17)
2 (1, 4, 294, 32, 91, 0, 0, 0, 0, 0, 0, 222)
3 (1, 4, 146, 334, 0, 0, 0, 0, 8, 9, 0, 214)
4 (1, 4, 0, 546, 0, 0, 0, 0, 1, 0, 0, 126)
5 (1, 4, 317, 0, 0, 0, 0, 0, 0, 0, 0, 29)
6 (1, 4, 356, 0, 0, 0, 0, 3, 1, 0, 0, 14)
7 (1, 4, 333, 0, 0, 0, 44, 30, 0, 0, 0, 105)
8 (1, 4, 133, 0, 0, 0, 34, 0, 0, 0, 0, 162)
9 (1, 4, 0, 0, 83, 0, 0, 0, 0, 0, 0, 65)
10 (1, 4, 204, 0, 0, 0, 0, 137, 0, 0, 0, 21)
11 (1, 4, 0, 0, 0, 0, 0, 0, 0, 0, 0, 126)
12 (1, 4, 0, 0, 163, 0, 0, 0, 1, 1, 0, 195)
13 (1, 4, 92, 0, 0, 0, 0, 0, 1, 0, 0, 61)
14 (1, 4, 234, 0, 0, 0, 0, 0, 0, 0, 0, 73)
15 (1, 4, 7, 31, 47, 0, 0, 0, 0, 0, 0, 35)
16 (1, 4, 0, 0, 70, 7, 0, 0, 0, 0, 0, 169)
17 (1, 4, 0, 4, 45, 0, 0, 0, 0, 0, 0, 44)
18 (1, 4, 0, 36, 52, 0, 0, 0, 0, 0, 0, 185)
19 (1, 4, 0, 28, 50, 0, 0, 0, 0, 0, 0, 216)
20 (1, 4, 0, 30, 38, 0, 0, 0, 0, 0, 0, 148)
21 (1, 4, 0, 44, 47, 0, 0, 0, 0, 0, 0, 114)
22 (1, 4, 0, 68, 64, 0, 0, 0, 0, 0, 0, 220)
23 (1, 4, 0, 55, 60, 0, 0, 0, 0, 0, 0, 188)
24 (1, 4, 0, 63, 56, 0, 0, 0, 0, 0, 0, 81)
25 (1, 4, 0, 70, 57, 0, 0, 0, 0, 0, 0, 227)
26 (1, 4, 0, 82, 51, 0, 0, 0, 0, 0, 0, 203)
27 (1, 4, 13, 67, 28, 0, 0, 0, 0, 0, 0, 254)
28 (1, 4, 24, 56, 19, 0, 0, 0, 0, 0, 0, 58)
29 (1, 4, 11, 27, 9, 0, 0, 0, 0, 0, 0, 62)
0 (1, 4, 379, 244, 408, 0, 0, 0, 2, 2, 0, 54)
1 (1, 4, 464, 323, 613, 0, 0, 0, 1, 1, 0, 194)
2 (1, 4, 338, 255, 683, 0, 0, 0, 1, 1, 0, 34)
3 (1, 4, 147, 327, 635, 0, 0, 0, 1, 1, 0, 51)
4 (1, 4, 216, 231, 353, 0, 0, 0, 2, 3, 0, 133)
5 (1, 4, 244, 209, 0, 0, 0, 0, 1, 1, 0, 162)
6 (1, 4, 216, 368, 0, 0, 0, 0, 2, 2, 0, 165)
7 (1, 4, 0, 510, 0, 0, 0, 0, 1, 2, 0, 10)
8 (1, 4, 134, 0, 0, 0, 0, 21, 1, 1, 0, 63)
9 (1, 4, 752, 0, 0, 3, 45, 0, 2, 1, 0, 25)
10 (1, 4, 0, 119, 0, 0, 0, 0, 2, 2, 0, 78)
11 (1, 4, 52, 45, 0, 0, 0, 25, 1, 1, 0, 144)
12 (1, 4, 139, 0, 0, 0, 0, 140, 1, 1, 0, 21)
13 (1, 4, 67, 0, 0, 0, 0, 116, 1, 1, 0, 174)
14 (1, 4, 151, 0, 0, 0, 0, 0, 1, 1, 0, 168)
15 (1, 4, 0, 0, 0, 0, 0, 0, 3, 2, 0, 14)
16 (1, 4, 153, 0, 0, 0, 0, 0, 1, 1, 0, 252)
17 (1, 4, 66, 72, 85, 7, 0, 0, 1, 1, 0, 193)
18 (1, 4, 0, 25, 123, 23, 0, 0, 1, 1, 0, 199)
19 (1, 4, 22, 13, 29, 20, 0, 0, 1, 1, 0, 237)
20 (1, 4, 27, 36, 48, 6, 0, 0, 1, 1, 0, 46)
21 (1, 4, 6, 36, 22, 11, 0, 0, 1, 1, 0, 156)
22 (1, 4, 28, 0, 0, 9, 0, 0, 1, 1, 0, 56)
23 (1, 4, 0, 10, 23, 17, 0, 0, 1, 1, 0, 219)
24 (1, 4, 0, 0, 43, 16, 0, 0, 1, 1, 0, 121)
25 (1, 4, 0, 3, 27, 10, 0, 0, 1, 1, 0, 17)
26 (1, 4, 18, 0, 0, 13, 0, 0, 1, 1, 0, 16)
27 (1, 4, 0, 0, 0, 9, 0, 0, 1, 1, 0, 144)
28 (1, 4, 7, 0, 0, 7, 0, 0, 1, 1, 0, 0)
29 (1, 4, 0, 0, 0, 8, 0, 0, 1, 1, 0, 143)
0 (1, 4, 0, 11, 17, 1, 0, 0, 1, 1, 0, 232)
1 (1, 4, 23, 50, 26, 3, 0, 0, 1, 1, 0, 190)
2 (1, 4, 27, 40, 15, 0, 0, 0, 1, 1, 0, 221)
3 (1, 4, 12, 30, 0, 3, 0, 0, 1, 1, 0, 123)
4 (1, 4, 186, 0, 13, 0, 0, 0, 1, 1, 0, 95)
5 (1, 4, 157, 6, 0, 7, 0, 0, 1, 1, 0, 46)
6 (1, 4, 245, 45, 29, 13, 0, 0, 1, 1, 0, 118)
7 (1, 4, 475, 154, 264, 14, 7, 0, 3, 3, 0, 244)
8 (1, 4, 413, 318, 732, 0, 26, 0, 4, 3, 0, 36)
9 (1, 4, 81, 637, 873, 0, 0, 0, 2, 3, 0, 155)
10 (1, 4, 373, 594, 591, 0, 0, 0, 1, 1, 0, 183)
11 (1, 4, 301, 11, 0, 0, 0, 0, 1, 0, 0, 244)
12 (1, 4, 562, 124, 0, 0, 0, 0, 0, 0, 0, 8)
13 (1, 4, 426, 276, 0, 0, 0, 0, 0, 0, 0, 156)
14 (1, 4, 226, 0, 0, 0, 0, 48, 0, 0, 0, 75)
15 (1, 4, 0, 0, 0, 0, 23, 0, 0, 0, 0, 147)
16 (1, 4, 84, 61, 0, 0, 0, 33, 0, 0, 0, 46)
17 (1, 4, 0, 0, 0, 0, 0, 46, 1, 0, 0, 155)
18 (1, 4, 0, 0, 0, 0, 0, 183, 1, 1, 0, 156)
19 (1, 4, 0, 0, 0, 0, 0, 0, 2, 1, 0, 209)
20 (1, 4, 130, 0, 0, 0, 76, 0, 1, 1, 0, 70)
21 (1, 4, 97, 0, 0, 0, 119, 0, 1, 0, 0, 166)
22 (1, 4, 185, 179, 209, 50, 0, 0, 1, 1, 0, 128)
23 (1, 4, 6, 1, 253, 65, 0, 0, 1, 1, 0, 209)
24 (1, 4, 9, 0, 120, 43, 0, 0, 1, 1, 0, 255)
25 (1, 4, 0, 0, 13, 37, 0, 0, 1, 1, 0, 139)
26 (1, 4, 0, 19, 0, 25, 0, 0, 1, 1, 0, 222)
27 (1, 4, 3, 0, 0, 23, 0, 0, 1, 1, 0, 207)
28 (1, 4, 0, 0, 20, 27, 0, 0, 1, 1, 0, 120)
29 (1, 4, 0, 0, 32, 28, 0, 0, 1, 1, 0, 250)
30 (1, 4, 0, 0, 29, 18, 0, 0, 1, 1, 0, 183)
31 (1, 4, 0, 0, 30, 13, 0, 0, 1, 1, 0, 94)
0 (1, 4, 68, 0, 10, 14, 0, 0, 1, 1, 0, 239)
1 (1, 4, 22, 0, 0, 4, 0, 0, 0, 1, 0, 173)
2 (1, 4, 17, 4, 37, 5, 0, 0, 0, 1, 0, 118)
3 (1, 4, 32, 0, 7, 13, 0, 0, 0, 0, 0, 199)
4 (1, 4, 0, 17, 29, 16, 0, 0, 0, 1, 0, 63)
5 (1, 4, 0, 0, 0, 14, 0, 0, 1, 1, 0, 205)
6 (1, 4, 35, 38, 15, 17, 0, 0, 1, 1, 0, 102)
7 (1, 4, 150, 130, 120, 24, 0, 0, 1, 1, 0, 3)
8 (1, 4, 467, 211, 327, 18, 0, 0, 1, 2, 0, 23)
9 (1, 4, 527, 281, 614, 0, 30, 0, 2, 2, 0, 43)
10 (1, 4, 0, 450, 873, 0, 26, 0, 2, 2, 0, 26)
11 (1, 4, 0, 576, 745, 0, 0, 0, 2, 3, 0, 47)
12 (1, 4, 0, 0, 71, 0, 0, 0, 1, 1, 0, 105)
13 (1, 4, 0, 237, 0, 0, 0, 0, 1, 1, 0, 235)
14 (1, 4, 157, 236, 0, 0, 0, 0, 1, 2, 0, 80)
15 (1, 4, 400, 395, 0, 0, 0, 0, 1, 1, 0, 15)
16 (1, 4, 423, 338, 0, 0, 7, 0, 1, 1, 0, 143)
17 (1, 4, 182, 59, 0, 4, 62, 20, 0, 0, 0, 34)
18 (1, 4, 0, 82, 7, 0, 0, 0, 0, 0, 0, 20)
19 (1, 4, 84, 0, 0, 0, 0, 123, 0, 0, 0, 148)
20 (1, 4, 459, 0, 0, 0, 0, 57, 1, 1, 0, 204)
21 (1, 4, 0, 0, 0, 0, 15, 0, 2, 2, 0, 197)
22 (1, 4, 133, 0, 0, 0, 2, 0, 2, 2, 0, 189)
23 (1, 4, 67, 137, 41, 3, 0, 0, 1, 1, 0, 28)
24 (1, 4, 56, 166, 90, 61, 0, 0, 1, 1, 0, 198)
25 (1, 4, 19, 15, 75, 38, 0, 0, 1, 1, 0, 99)
26 (1, 4, 12, 0, 43, 31, 0, 0, 1, 1, 0, 148)
27 (1, 4, 32, 0, 47, 25, 0, 0, 1, 1, 0, 7)
28 (1, 4, 0, 0, 0, 20, 0, 0, 1, 1, 0, 252)
29 (1, 4, 15, 3, 0, 17, 0, 0, 1, 1, 0, 29)
30 (1, 4, 0, 0, 36, 21, 0, 0, 1, 1, 0, 67)
31 (1, 4, 0, 0, 53, 17, 0, 0, 1, 1, 0, 212)
0 (1, 4, 0, 3, 16, 16, 0, 0, 1, 1, 0, 39)
1 (1, 4, 0, 14, 5, 16, 0, 0, 1, 1, 0, 78)
2 (1, 4, 6, 6, 0, 17, 0, 0, 1, 1, 0, 12)
3 (1, 4, 9, 2, 0, 18, 0, 0, 1, 1, 0, 173)
4 (1, 4, 3, 3, 9, 17, 0, 0, 1, 1, 0, 125)
5 (1, 4, 21, 5, 2, 17, 0, 0, 1, 1, 0, 9)
6 (1, 4, 98, 34, 23, 23, 0, 0, 1, 1, 0, 186)
7 (1, 4, 306, 92, 155, 28, 0, 0, 1, 1, 0, 63)
8 (1, 4, 465, 205, 460, 1, 0, 0, 1, 1, 0, 243)
9 (1, 4, 221, 286, 766, 0, 0, 0, 1, 1, 0, 49)
10 (1, 4, 0, 390, 793, 0, 0, 0, 2, 2, 0, 143)
11 (1, 4, 0, 58, 364, 0, 0, 0, 1, 0, 0, 219)
12 (1, 4, 140, 105, 375, 0, 0, 0, 1, 1, 0, 175)
13 (1, 4, 332, 240, 187, 0, 0, 0, 1, 1, 0, 226)
14 (1, 4, 120, 485, 0, 0, 0, 0, 1, 1, 0, 99)
15 (1, 4, 267, 447, 0, 0, 0, 0, 2, 2, 0, 250)
16 (1, 4, 824, 0, 0, 0, 0, 17, 0, 1, 0, 72)
17 (1, 4, 51, 0, 0, 0, 82, 2, 1, 1, 0, 150)
18 (1, 4, 0, 147, 238, 16, 0, 0, 1, 1, 0, 1)
19 (1, 4, 0, 169, 121, 0, 0, 0, 1, 1, 0, 224)
20 (1, 4, 183, 0, 0, 0, 0, 167, 1, 1, 0, 87)
21 (1, 4, 140, 0, 0, 0, 0, 140, 0, 0, 0, 54)
22 (1, 4, 0, 0, 0, 0, 0, 0, 1, 1, 0, 119)
23 (1, 4, 0, 0, 0, 0, 0, 0, 2, 1, 0, 209)
24 (1, 4, 194, 77, 0, 0, 0, 0, 1, 1, 0, 168)
25 (1, 4, 139, 60, 0, 42, 0, 0, 1, 1, 0, 229)
26 (1, 4, 20, 14, 63, 21, 0, 0, 1, 2, 0, 90)
27 (1, 4, 81, 31, 20, 14, 0, 0, 1, 1, 0, 91)
28 (1, 4, 36, 20, 0, 22, 0, 0, 1, 2, 0, 59)
29 (1, 4, 10, 9, 10, 31, 0, 0, 1, 1, 0, 220)
30 (1, 4, 0, 2, 30, 20, 0, 0, 1, 1, 0, 35)
31 (1, 4, 0, 12, 0, 14, 0, 0, 1, 1, 0, 164)
0 (1, 4, 0, 12, 32, 15, 0, 0, 1, 1, 0, 69)
1 (1, 4, 0, 18, 0, 16, 0, 0, 1, 1, 0, 140)
2 (1, 4, 0, 6, 0, 8, 0, 0, 1, 2, 0, 133)
3 (1, 4, 18, 22, 38, 8, 0, 0, 1, 2, 0, 151)
4 (1, 4, 135, 95, 154, 11, 0, 0, 2, 1, 0, 121)
5 (1, 4, 199, 271, 418, 0, 0, 0, 2, 1, 0, 78)
6 (1, 4, 357, 349, 649, 0, 0, 0, 1, 1, 0, 181)
7 (1, 4, 465, 363, 762, 0, 0, 0, 2, 2, 0, 113)
8 (1, 4, 0, 193, 564, 0, 0, 0, 1, 1, 0, 37)
9 (1, 4, 0, 0, 412, 0, 0, 0, 1, 1, 0, 70)
10 (1, 4, 0, 0, 412, 0, 0, 0, 1, 1, 0, 70)
11 (1, 4, 249, 55, 340, 0, 0, 0, 5, 2, 0, 166)
12 (1, 4, 378, 229, 0, 0, 0, 0, 4, 4, 0, 181)
13 (1, 4, 207, 351, 0, 0, 0, 0, 12, 14, 0, 180)
14 (1, 4, 125, 475, 0, 0, 0, 0, 0, 0, 0, 251)
15 (1, 4, 269, 408, 0, 0, 0, 84, 1, 1, 0, 230)
16 (1, 4, 192, 0, 0, 0, 27, 7, 1, 1, 0, 55)
17 (1, 4, 0, 83, 77, 22, 0, 0, 1, 0, 0, 30)
18 (1, 4, 256, 22, 72, 0, 0, 119, 0, 0, 0, 201)
19 (1, 4, 484, 0, 0, 0, 0, 196, 0, 0, 0, 165)
20 (1, 4, 0, 0, 0, 0, 0, 33, 1, 0, 0, 98)
21 (1, 4, 0, 0, 0, 0, 0, 0, 1, 1, 0, 119)
22 (1, 4, 152, 0, 0, 0, 29, 0, 2, 2, 0, 55)
23 (1, 4, 86, 107, 0, 0, 37, 0, 2, 2, 0, 156)
24 (1, 4, 20, 224, 203, 0, 0, 0, 2, 2, 0, 249)
25 (1, 4, 0, 44, 165, 22, 0, 0, 2, 2, 0, 183)
26 (1, 4, 29, 87, 91, 14, 0, 0, 2, 2, 0, 19)
27 (1, 4, 0, 45, 45, 7, 0, 0, 2, 2, 0, 167)
28 (1, 4, 0, 42, 55, 10, 0, 0, 1, 1, 0, 201)
29 (1, 4, 5, 21, 0, 17, 0, 0, 1, 1, 0, 167)
30 (1, 4, 0, 0, 16, 0, 0, 0, 1, 1, 0, 8)
31 (1, 4, 0, 0, 10, 2, 0, 0, 1, 1, 0, 218)
0 (1, 4, 0, 27, 28, 0, 0, 0, 1, 1, 0, 224)
1 (1, 4, 9, 13, 21, 0, 0, 0, 1, 1, 0, 96)
2 (1, 4, 36, 15, 3, 0, 0, 0, 1, 1, 0, 130)
3 (1, 4, 48, 33, 7, 0, 0, 0, 1, 1, 0, 194)
4 (1, 4, 86, 30, 0, 0, 0, 0, 1, 1, 0, 95)
5 (1, 4, 167, 78, 25, 2, 0, 0, 1, 1, 0, 97)
6 (1, 4, 307, 148, 142, 5, 0, 0, 1, 1, 0, 165)
7 (1, 4, 329, 268, 299, 4, 0, 0, 2, 2, 0, 205)
8 (1, 4, 340, 365, 423, 0, 0, 0, 1, 1, 0, 235)
9 (1, 4, 294, 306, 363, 0, 0, 0, 1, 1, 0, 226)
10 (1, 4, 0, 180, 123, 0, 8, 0, 1, 1, 0, 179)
11 (1, 4, 0, 120, 185, 0, 24, 0, 0, 0, 0, 241)
12 (1, 4, 0, 132, 655, 0, 0, 0, 1, 1, 0, 190)
13 (1, 4, 174, 180, 244, 0, 0, 0, 1, 1, 0, 92)
14 (1, 4, 276, 214, 0, 0, 0, 0, 1, 1, 0, 249)
15 (1, 4, 283, 267, 0, 0, 0, 0, 1, 1, 0, 121)
16 (1, 4, 516, 207, 0, 0, 30, 12, 1, 1, 0, 178)
17 (1, 4, 3, 0, 0, 0, 92, 7, 1, 1, 0, 203)
18 (1, 4, 0, 165, 227, 0, 0, 0, 1, 1, 0, 148)
19 (1, 4, 0, 147, 156, 0, 0, 0, 1, 1, 0, 163)
20 (1, 4, 0, 35, 0, 0, 0, 91, 1, 1, 0, 119)
21 (1, 4, 863, 0, 0, 0, 0, 86, 3, 2, 0, 97)
22 (1, 4, 44, 0, 0, 0, 0, 0, 1, 1, 0, 248)
23 (1, 4, 0, 0, 0, 0, 0, 0, 1, 1, 0, 119)
24 (1, 4, 170, 17, 0, 0, 0, 0, 1, 1, 0, 29)
25 (1, 4, 0, 88, 95, 22, 0, 0, 1, 1, 0, 78)
26 (1, 4, 0, 47, 100, 29, 0, 0, 1, 1, 0, 51)
27 (1, 4, 0, 32, 62, 17, 0, 0, 1, 1, 0, 17)
28 (1, 4, 0, 0, 51, 3, 0, 0, 1, 1, 0, 108)
29 (1, 4, 0, 0, 22, 4, 0, 0, 1, 1, 0, 5)
30 (1, 4, 0, 0, 0, 3, 0, 0, 1, 1, 0, 86)
31 (1, 4, 0, 0, 0, 3, 0, 0, 1, 1, 0, 86)
0 (1, 4, 0, 6, 0, 1, 0, 0, 1, 1, 0, 223)
1 (1, 4, 0, 5, 0, 0, 0, 0, 1, 1, 0, 24)
2 (1, 4, 0, 14, 13, 2, 0, 0, 1, 1, 0, 59)
3 (1, 4, 37, 16, 31, 8, 0, 0, 1, 1, 0, 57)
4 (1, 4, 123, 80, 121, 21, 0, 0, 1, 2, 0, 34)
5 (1, 4, 215, 107, 284, 5, 0, 0, 1, 1, 0, 168)
6 (1, 4, 278, 96, 506, 0, 8, 0, 1, 1, 0, 116)
7 (1, 4, 0, 172, 873, 0, 0, 0, 2, 1, 0, 177)
8 (1, 4, 0, 258, 611, 0, 0, 0, 2, 2, 0, 224)
9 (1, 4, 197, 0, 323, 0, 0, 0, 2, 1, 0, 102)
10 (1, 4, 289, 3, 281, 0, 0, 0, 1, 1, 0, 110)
11 (1, 4, 298, 0, 67, 0, 0, 0, 1, 1, 0, 158)
12 (1, 4, 305, 0, 5, 0, 0, 0, 1, 1, 0, 150)
13 (1, 4, 55, 0, 0, 0, 0, 0, 1, 1, 0, 122)
14 (1, 4, 0, 17, 0, 0, 0, 0, 1, 1, 0, 163)
15 (1, 4, 0, 367, 0, 0, 0, 0, 2, 2, 0, 121)
16 (1, 4, 290, 452, 0, 0, 0, 0, 1, 1, 0, 19)
17 (1, 4, 512, 81, 0, 0, 47, 78, 1, 1, 0, 227)
18 (1, 4, 0, 0, 0, 0, 62, 35, 1, 1, 0, 232)
19 (1, 4, 0, 21, 0, 0, 0, 115, 1, 1, 0, 40)
20 (1, 4, 61, 0, 0, 0, 0, 156, 1, 0, 0, 187)
21 (1, 4, 0, 0, 0, 0, 0, 1, 1, 1, 0, 168)
22 (1, 4, 0, 0, 0, 0, 0, 0, 3, 2, 0, 14)
23 (1, 4, 215, 0, 0, 0, 0, 0, 3, 2, 0, 88)
24 (1, 4, 75, 88, 0, 0, 0, 0, 1, 1, 0, 205)
25 (1, 4, 0, 88, 85, 14, 0, 0, 1, 1, 0, 210)
26 (1, 4, 0, 0, 33, 3, 0, 0, 1, 1, 0, 60)
27 (1, 4, 28, 0, 0, 7, 0, 0, 1, 1, 0, 130)
28 (1, 4, 0, 0, 6, 0, 0, 0, 1, 1, 0, 6)
29 (1, 4, 0, 0, 12, 0, 0, 0, 1, 1, 0, 149)
30 (1, 4, 0, 0, 18, 0, 0, 0, 1, 1, 0, 39)
31 (1, 4, 0, 0, 54, 0, 0, 0, 1, 1, 0, 135)
0 (1, 4, 3, 17, 0, 0, 0, 0, 1, 1, 0, 177)
1 (1, 4, 0, 9, 0, 0, 0, 0, 1, 1, 0, 113)
2 (1, 4, 2, 24, 0, 0, 0, 0, 1, 1, 0, 185)
3 (1, 4, 34, 37, 1, 0, 0, 0, 1, 1, 0, 149)
4 (1, 4, 84, 94, 69, 0, 0, 0, 1, 1, 0, 241)
5 (1, 4, 117, 153, 194, 0, 0, 0, 1, 1, 0, 172)
6 (1, 4, 215, 267, 257, 0, 0, 0, 1, 1, 0, 102)
7 (1, 4, 213, 293, 282, 0, 0, 0, 1, 1, 0, 196)
8 (1, 4, 96, 351, 253, 0, 0, 0, 3, 4, 0, 118)
9 (1, 4, 154, 216, 314, 0, 0, 1, 2, 2, 0, 53)
10 (1, 4, 170, 98, 464, 0, 4, 5, 2, 2, 0, 159)
11 (1, 4, 199, 98, 757, 0, 28, 0, 1, 1, 0, 177)
12 (1, 4, 0, 336, 776, 0, 0, 0, 2, 2, 0, 48)
13 (1, 4, 188, 0, 75, 0, 0, 0, 2, 1, 0, 87)
14 (1, 4, 223, 6, 0, 0, 0, 0, 1, 1, 0, 230)
15 (1, 4, 215, 318, 0, 0, 0, 0, 0, 0, 0, 106)
16 (1, 4, 181, 495, 0, 0, 0, 0, 1, 1, 0, 103)
17 (1, 4, 815, 104, 0, 0, 41, 45, 1, 1, 0, 74)
18 (1, 4, 0, 108, 0, 0, 52, 0, 1, 1, 0, 52)
19 (1, 4, 0, 107, 164, 0, 0, 0, 1, 0, 0, 103)
20 (1, 4, 47, 0, 29, 19, 0, 0, 1, 0, 0, 94)
21 (1, 4, 0, 103, 37, 26, 0, 0, 1, 0, 0, 90)
22 (1, 4, 17, 0, 0, 0, 0, 95, 1, 1, 0, 246)
23 (1, 4, 481, 0, 0, 0, 0, 214, 0, 0, 0, 249)
24 (1, 4, 0, 0, 0, 0, 0, 0, 1, 1, 0, 119)
25 (1, 4, 0, 0, 0, 0, 0, 0, 2, 2, 0, 108)
26 (1, 4, 175, 0, 0, 0, 0, 0, 1, 1, 0, 255)
27 (1, 4, 0, 77, 0, 0, 9, 0, 1, 1, 0, 144)
28 (1, 4, 0, 151, 149, 14, 0, 0, 1, 1, 0, 235)
29 (1, 4, 0, 110, 156, 7, 0, 0, 1, 1, 0, 3)
30 (1, 4, 10, 52, 51, 8, 0, 0, 1, 1, 0, 160)
31 (1, 4, 6, 66, 32, 1, 0, 0, 1, 1, 0, 92)
0 (1, 4, 159, 132, 0, 5, 0, 0, 2, 2, 0, 123)
1 (1, 4, 217, 122, 0, 4, 0, 0, 1, 1, 0, 247)
2 (1, 4, 251, 0, 0, 7, 0, 0, 2, 2, 0, 232)
3 (1, 4, 79, 0, 220, 0, 5, 0, 2, 2, 0, 178)
4 (1, 4, 0, 0, 565, 0, 0, 0, 2, 2, 0, 157)
5 (1, 4, 0, 25, 595, 0, 0, 0, 2, 2, 0, 142)
6 (1, 4, 0, 20, 566, 0, 0, 0, 2, 1, 0, 32)
7 (1, 4, 0, 149, 386, 0, 0, 0, 1, 1, 0, 251)
8 (1, 4, 138, 62, 416, 0, 0, 0, 2, 2, 0, 224)
9 (1, 4, 88, 0, 0, 0, 0, 0, 2, 2, 0, 117)
10 (1, 4, 212, 279, 0, 0, 0, 0, 1, 1, 0, 181)
11 (1, 4, 426, 419, 0, 0, 0, 0, 1, 1, 0, 53)
12 (1, 4, 725, 253, 0, 0, 0, 0, 1, 1, 0, 196)
13 (1, 4, 504, 0, 0, 0, 56, 17, 1, 1, 0, 251)
14 (1, 4, 0, 0, 0, 0, 26, 0, 1, 1, 0, 193)
15 (1, 4, 0, 39, 55, 17, 0, 0, 1, 1, 0, 59)
16 (1, 4, 0, 121, 105, 35, 0, 0, 1, 1, 0, 180)
17 (1, 4, 132, 0, 0, 0, 0, 207, 1, 1, 0, 108)
18 (1, 4, 295, 0, 0, 0, 0, 31, 1, 1, 0, 178)
19 (1, 4, 9, 0, 0, 0, 0, 0, 2, 3, 0, 121)
20 (1, 4, 0, 0, 21, 0, 0, 0, 1, 2, 0, 127)
21 (1, 4, 68, 104, 18, 10, 0, 0, 1, 1, 0, 162)
22 (1, 4, 0, 83, 92, 31, 0, 0, 1, 1, 0, 121)
23 (1, 4, 13, 0, 3, 29, 0, 0, 1, 1, 0, 230)
24 (1, 4, 0, 0, 40, 17, 0, 0, 1, 1, 0, 221)
25 (1, 4, 0, 0, 45, 14, 0, 0, 1, 1, 0, 69)
26 (1, 4, 0, 0, 8, 6, 0, 0, 1, 1, 0, 137)
27 (1, 4, 0, 8, 13, 6, 0, 0, 1, 1, 0, 240)
28 (1, 4, 0, 26, 20, 4, 0, 0, 1, 1, 0, 149)
29 (1, 4, 0, 24, 46, 0, 0, 0, 1, 1, 0, 150)
30 (1, 4, 0, 39, 68, 2, 0, 0, 1, 1, 0, 44)
31 (1, 4, 0, 47, 82, 3, 0, 0, 1, 1, 0, 142)
0 (1, 4, 0, 0, 341, 0, 0, 0, 2, 2, 0, 127)
1 (1, 4, 0, 0, 535, 0, 0, 0, 1, 1, 0, 87)
2 (1, 4, 0, 0, 612, 0, 0, 0, 2, 2, 0, 141)
3 (1, 4, 36, 58, 610, 0, 0, 0, 2, 3, 0, 21)
4 (1, 4, 353, 47, 583, 0, 0, 0, 2, 2, 0, 249)
5 (1, 4, 169, 282, 537, 0, 0, 0, 2, 3, 0, 28)
6 (1, 4, 19, 73, 12, 0, 0, 0, 2, 2, 0, 249)
7 (1, 4, 127, 0, 0, 0, 0, 0, 1, 1, 0, 131)
8 (1, 4, 161, 8, 0, 0, 0, 0, 1, 1, 0, 24)
9 (1, 4, 49, 122, 0, 0, 0, 0, 1, 1, 0, 160)
10 (1, 4, 203, 120, 0, 0, 0, 0, 1, 1, 0, 26)
11 (1, 4, 737, 0, 0, 0, 0, 0, 1, 1, 0, 38)
12 (1, 4, 322, 0, 0, 0, 52, 0, 1, 1, 0, 139)
13 (1, 4, 0, 11, 0, 1, 41, 0, 1, 1, 0, 182)
14 (1, 4, 0, 104, 118, 8, 0, 0, 1, 1, 0, 118)
15 (1, 4, 0, 156, 63, 8, 0, 0, 0, 1, 0, 60)
16 (1, 4, 129, 0, 0, 0, 0, 123, 1, 1, 0, 215)
17 (1, 4, 367, 0, 0, 0, 0, 60, 1, 0, 0, 231)
18 (1, 4, 194, 0, 0, 0, 0, 0, 2, 2, 0, 236)
19 (1, 4, 0, 0, 45, 0, 0, 0, 1, 1, 0, 255)
20 (1, 4, 75, 0, 7, 0, 0, 0, 1, 1, 0, 121)
21 (1, 4, 44, 0, 89, 5, 0, 0, 2, 2, 0, 44)
22 (1, 4, 33, 37, 97, 31, 0, 0, 2, 2, 0, 203)
23 (1, 4, 32, 26, 49, 34, 0, 0, 2, 2, 0, 214)
24 (1, 4, 3, 2, 44, 30, 0, 0, 2, 2, 0, 66)
25 (1, 4, 17, 3, 0, 30, 0, 0, 2, 3, 0, 124)
26 (1, 4, 0, 0, 14, 26, 0, 0, 2, 2, 0, 144)
27 (1, 4, 0, 15, 55, 23, 0, 0, 1, 1, 0, 8)
28 (1, 4, 0, 17, 32, 18, 0, 0, 1, 1, 0, 148)
29 (1, 4, 7, 25, 36, 18, 0, 0, 2, 1, 0, 245)
0 (1, 4, 123, 320, 553, 0, 0, 0, 4, 4, 0, 156)
1 (1, 4, 76, 250, 546, 0, 0, 0, 3, 3, 0, 48)
2 (1, 4, 0, 23, 416, 0, 0, 0, 1, 2, 0, 251)
3 (1, 4, 0, 0, 254, 0, 0, 0, 2, 2, 0, 42)
4 (1, 4, 22, 0, 310, 0, 0, 0, 2, 2, 0, 5)
5 (1, 4, 290, 18, 540, 0, 0, 0, 2, 2, 0, 158)
6 (1, 4, 282, 167, 348, 0, 0, 0, 3, 3, 0, 17)
7 (1, 4, 230, 278, 161, 0, 0, 0, 3, 4, 0, 164)
8 (1, 4, 264, 325, 0, 0, 0, 0, 3, 3, 0, 30)
9 (1, 4, 300, 415, 0, 0, 0, 0, 2, 2, 0, 213)
10 (1, 4, 441, 0, 0, 0, 0, 0, 1, 2, 0, 132)
11 (1, 4, 745, 0, 0, 0, 51, 0, 3, 3, 0, 71)
12 (1, 4, 60, 156, 0, 0, 41, 0, 2, 2, 0, 191)
13 (1, 4, 0, 29, 11, 4, 0, 12, 1, 1, 0, 46)
14 (1, 4, 0, 0, 0, 1, 0, 78, 1, 1, 0, 11)
15 (1, 4, 312, 0, 0, 0, 0, 207, 1, 1, 0, 20)
16 (1, 4, 0, 0, 0, 0, 0, 23, 2, 2, 0, 172)
17 (1, 4, 0, 0, 0, 0, 0, 0, 3, 4, 0, 115)
18 (1, 4, 167, 0, 0, 0, 20, 0, 2, 2, 0, 242)
19 (1, 4, 197, 210, 17, 0, 0, 0, 1, 2, 0, 5)
20 (1, 4, 0, 132, 141, 11, 0, 0, 1, 1, 0, 242)
21 (1, 4, 6, 90, 60, 5, 0, 0, 1, 1, 0, 111)
22 (1, 4, 44, 28, 0, 11, 0, 0, 1, 1, 0, 41)
23 (1, 4, 17, 0, 0, 21, 0, 0, 1, 1, 0, 13)
24 (1, 4, 0, 0, 0, 16, 0, 0, 1, 1, 0, 128)
25 (1, 4, 0, 0, 9, 8, 0, 0, 1, 1, 0, 167)
26 (1, 4, 0, 5, 22, 8, 0, 0, 1, 1, 0, 238)
27 (1, 4, 0, 0, 19, 8, 0, 0, 1, 1, 0, 75)
28 (1, 4, 0, 40, 25, 7, 0, 0, 1, 1, 0, 12)
29 (1, 4, 0, 25, 15, 3, 0, 0, 1, 1, 0, 104)
0 (1, 4, 76, 0, 84, 7, 0, 0, 1, 1, 0, 49)
1 (1, 4, 137, 52, 213, 1, 0, 0, 1, 2, 0, 120)
2 (1, 4, 103, 76, 432, 0, 0, 0, 3, 3, 0, 198)
3 (1, 4, 96, 189, 489, 0, 0, 0, 3, 2, 0, 191)
4 (1, 4, 161, 64, 334, 0, 0, 0, 3, 3, 0, 81)
5 (1, 4, 367, 0, 425, 0, 0, 0, 2, 2, 0, 0)
6 (1, 4, 563, 15, 550, 0, 0, 0, 1, 1, 0, 194)
7 (1, 4, 508, 80, 548, 0, 0, 5, 2, 2, 0, 207)
8 (1, 4, 125, 185, 415, 0, 0, 3, 1, 1, 0, 215)
9 (1, 4, 43, 174, 222, 0, 0, 0, 2, 2, 0, 182)
10 (1, 4, 9, 25, 0, 0, 0, 0, 1, 1, 0, 110)
11 (1, 4, 0, 74, 0, 0, 0, 0, 1, 1, 0, 42)
12 (1, 4, 0, 327, 0, 0, 0, 0, 1, 1, 0, 19)
13 (1, 4, 189, 0, 0, 0, 0, 0, 1, 2, 0, 190)
14 (1, 4, 352, 36, 0, 0, 0, 0, 1, 1, 0, 35)
15 (1, 4, 133, 135, 0, 0, 0, 1, 1, 2, 0, 53)
16 (1, 4, 0, 94, 0, 0, 0, 17, 1, 1, 0, 157)
17 (1, 4, 163, 0, 0, 0, 0, 158, 1, 1, 0, 200)
18 (1, 4, 122, 0, 0, 0, 0, 115, 1, 1, 0, 228)
19 (1, 4, 61, 0, 0, 0, 0, 0, 2, 1, 0, 176)
20 (1, 4, 104, 0, 0, 0, 0, 0, 1, 1, 0, 73)
21 (1, 4, 138, 0, 0, 0, 0, 0, 1, 1, 0, 14)
22 (1, 4, 12, 86, 0, 22, 0, 0, 2, 2, 0, 196)
23 (1, 4, 15, 79, 17, 46, 0, 0, 2, 2, 0, 188)
24 (1, 4, 4, 43, 53, 50, 0, 0, 1, 1, 0, 141)
25 (1, 4, 0, 12, 111, 40, 0, 0, 1, 1, 0, 83)
26 (1, 4, 0, 0, 123, 30, 0, 0, 1, 1, 0, 71)
27 (1, 4, 28, 0, 39, 21, 0, 0, 1, 1, 0, 80)
28 (1, 4, 0, 0, 17, 23, 0, 0, 1, 1, 0, 54)
29 (1, 4, 0, 2, 38, 16, 0, 0, 1, 1, 0, 98)
30 (1, 4, 0, 6, 79, 12, 0, 0, 1, 1, 0, 230)
31 (1, 4, 0, 0, 80, 17, 0, 0, 1, 1, 0, 27)
0 (1, 4, 330, 104, 256, 0, 0, 0, 2, 2, 0, 36)
1 (1, 4, 93, 333, 301, 0, 0, 0, 2, 2, 0, 44)
2 (1, 4, 467, 286, 435, 0, 0, 0, 2, 3, 0, 125)
3 (1, 4, 460, 400, 282, 0, 0, 0, 2, 2, 0, 142)
4 (1, 4, 203, 285, 8, 0, 0, 0, 1, 1, 0, 109)
5 (1, 4, 198, 0, 0, 0, 0, 0, 2, 2, 0, 212)
6 (1, 4, 225, 0, 0, 0, 0, 0, 1, 1, 0, 34)
7 (1, 4, 333, 0, 0, 0, 0, 0, 1, 1, 0, 186)
8 (1, 4, 49, 0, 0, 0, 0, 0, 1, 1, 0, 94)
9 (1, 4, 336, 20, 0, 0, 0, 39, 0, 1, 0, 119)
10 (1, 4, 41, 29, 0, 2, 72, 0, 0, 0, 0, 159)
11 (1, 4, 0, 205, 0, 11, 0, 0, 0, 0, 0, 249)
12 (1, 4, 451, 0, 0, 0, 0, 233, 0, 0, 0, 169)
13 (1, 4, 0, 0, 0, 0, 0, 145, 1, 0, 0, 154)
14 (1, 4, 0, 0, 199, 0, 0, 0, 2, 2, 0, 131)
15 (1, 4, 203, 0, 0, 0, 0, 0, 3, 3, 0, 155)
16 (1, 4, 171, 157, 0, 0, 0, 0, 2, 2, 0, 96)
17 (1, 4, 12, 218, 113, 36, 0, 0, 2, 2, 0, 98)
18 (1, 4, 0, 48, 101, 17, 0, 0, 1, 1, 0, 243)
19 (1, 4, 0, 21, 41, 2, 0, 0, 1, 1, 0, 145)
20 (1, 4, 16, 0, 0, 4, 0, 0, 1, 1, 0, 235)
21 (1, 4, 0, 0, 4, 10, 0, 0, 1, 1, 0, 239)
22 (1, 4, 0, 4, 99, 6, 0, 0, 1, 1, 0, 81)
23 (1, 4, 0, 60, 165, 0, 0, 0, 1, 1, 0, 120)
24 (1, 4, 8, 26, 13, 0, 0, 0, 1, 1, 0, 206)
25 (1, 4, 78, 50, 0, 0, 0, 0, 1, 1, 0, 100)
26 (1, 4, 13, 77, 2, 2, 0, 0, 1, 1, 0, 127)
27 (1, 4, 5, 31, 6, 1, 0, 0, 1, 1, 0, 255)
28 (1, 4, 14, 28, 0, 1, 0, 0, 1, 1, 0, 52)
29 (1, 4, 0, 14, 41, 1, 0, 0, 1, 1, 0, 186)
30 (1, 4, 0, 21, 43, 0, 0, 0, 1, 1, 0, 128)
31 (1, 4, 0, 36, 52, 0, 0, 0, 1, 1, 0, 176)
0 (1, 4, 15, 0, 0, 0, 0, 0, 1, 1, 0, 45)
1 (1, 4, 0, 0, 0, 0, 0, 0, 1, 1, 0, 119)
2 (1, 4, 0, 0, 0, 0, 0, 0, 1, 1, 0, 119)
3 (1, 4, 2, 0, 0, 0, 0, 0, 1, 1, 0, 107)
4 (1, 4, 0, 0, 0, 0, 0, 0, 1, 1, 0, 119)
5 (1, 4, 7, 0, 0, 0, 0, 0, 1, 1, 0, 93)
6 (1, 4, 42, 8, 23, 0, 0, 0, 1, 1, 0, 245)
7 (1, 4, 125, 127, 170, 5, 0, 0, 1, 1, 0, 241)
8 (1, 4, 116, 263, 291, 0, 0, 0, 2, 3, 0, 110)
9 (1, 4, 180, 64, 277, 0, 0, 0, 1, 1, 0, 22)
10 (1, 4, 286, 0, 355, 0, 0, 8, 2, 2, 0, 211)
11 (1, 4, 128, 0, 568, 0, 17, 5, 2, 2, 0, 168)
12 (1, 4, 0, 189, 873, 0, 8, 0, 2, 3, 0, 114)
13 (1, 4, 178, 198, 814, 0, 0, 0, 1, 1, 0, 184)
14 (1, 4, 162, 107, 95, 0, 0, 0, 0, 1, 0, 44)
15 (1, 4, 110, 373, 0, 0, 0, 0, 0, 1, 0, 165)
16 (1, 4, 159, 195, 0, 0, 0, 0, 2, 3, 0, 242)
17 (1, 4, 615, 200, 0, 0, 0, 0, 1, 2, 0, 155)
18 (1, 4, 526, 0, 0, 0, 60, 8, 1, 1, 0, 103)
19 (1, 4, 0, 32, 0, 0, 27, 14, 1, 1, 0, 92)
20 (1, 4, 0, 73, 43, 0, 0, 2, 1, 1, 0, 178)
21 (1, 4, 274, 0, 0, 0, 0, 159, 1, 1, 0, 41)
22 (1, 4, 0, 0, 0, 0, 0, 135, 1, 1, 0, 238)
23 (1, 4, 63, 0, 0, 0, 0, 0, 1, 1, 0, 10)
24 (1, 4, 256, 0, 0, 0, 45, 0, 1, 1, 0, 35)
25 (1, 4, 149, 0, 0, 0, 11, 0, 1, 1, 0, 254)
26 (1, 4, 47, 60, 71, 41, 0, 0, 1, 1, 0, 48)
27 (1, 4, 46, 16, 84, 36, 0, 0, 1, 1, 0, 202)
28 (1, 4, 34, 25, 42, 40, 0, 0, 1, 1, 0, 183)
29 (1, 4, 9, 0, 32, 29, 0, 0, 1, 1, 0, 155)
30 (1, 4, 0, 8, 53, 30, 0, 0, 1, 1, 0, 194)
31 (1, 4, 0, 0, 8, 30, 0, 0, 1, 1, 0, 134)
0 (1, 4, 33, 0, 596, 0, 0, 23, 0, 0, 0, 23)
1 (1, 4, 0, 0, 873, 0, 0, 0, 0, 0, 0, 180)
2 (1, 4, 0, 35, 873, 0, 0, 0, 1, 0, 0, 204)
3 (1, 4, 120, 0, 481, 0, 0, 0, 4, 4, 0, 185)
4 (1, 4, 166, 0, 162, 0, 0, 0, 1, 1, 0, 161)
5 (1, 4, 51, 119, 0, 0, 0, 0, 1, 1, 0, 96)
6 (1, 4, 0, 366, 0, 0, 0, 0, 1, 1, 0, 215)
7 (1, 4, 112, 113, 0, 0, 0, 0, 1, 1, 0, 76)
8 (1, 4, 670, 0, 0, 0, 0, 0, 1, 1, 0, 210)
9 (1, 4, 77, 0, 0, 0, 48, 0, 1, 1, 0, 48)
10 (1, 4, 0, 39, 10, 12, 0, 0, 1, 1, 0, 160)
11 (1, 4, 0, 50, 93, 22, 0, 59, 1, 1, 0, 0)
12 (1, 4, 0, 0, 0, 0, 0, 164, 1, 1, 0, 41)
13 (1, 4, 0, 0, 0, 0, 0, 42, 2, 1, 0, 35)
14 (1, 4, 0, 0, 0, 0, 0, 0, 3, 3, 0, 101)
15 (1, 4, 180, 0, 0, 0, 0, 0, 5, 4, 0, 50)
16 (1, 4, 98, 109, 0, 0, 0, 0, 1, 1, 0, 184)
17 (1, 4, 0, 97, 74, 6, 0, 0, 1, 1, 0, 169)
18 (1, 4, 51, 49, 37, 0, 0, 0, 1, 1, 0, 96)
19 (1, 4, 45, 46, 3, 3, 0, 0, 1, 1, 0, 170)
20 (1, 4, 14, 0, 0, 5, 0, 0, 1, 1, 0, 64)
21 (1, 4, 11, 0, 0, 0, 0, 0, 1, 1, 0, 21)
22 (1, 4, 0, 0, 9, 0, 0, 0, 1, 1, 0, 95)
23 (1, 4, 0, 0, 9, 0, 0, 0, 1, 1, 0, 95)
24 (1, 4, 0, 0, 25, 0, 0, 0, 1, 1, 0, 32)
25 (1, 4, 0, 0, 24, 0, 0, 0, 1, 1, 0, 180)
26 (1, 4, 5, 0, 0, 0, 0, 0, 1, 1, 0, 65)
27 (1, 4, 0, 0, 0, 0, 0, 0, 1, 1, 0, 119)
28 (1, 4, 0, 6, 0, 0, 0, 0, 1, 1, 0, 192)
29 (1, 4, 3, 7, 0, 0, 0, 0, 1, 1, 0, 103)
30 (1, 4, 0, 12, 16, 0, 0, 0, 1, 1, 0, 97)
31 (1, 4, 1, 18, 3, 0, 0, 0, 1, 1, 0, 206)
0 (1, 4, 20, 25, 6, 0, 0, 0, 1, 1, 0, 185)
1 (1, 4, 6, 8, 1, 0, 0, 0, 1, 1, 0, 116)
2 (1, 4, 36, 6, 11, 1, 0, 0, 1, 1, 0, 39)
3 (1, 4, 73, 0, 54, 1, 0, 0, 1, 1, 0, 111)
4 (1, 4, 203, 12, 140, 10, 0, 0, 1, 2, 0, 136)
5 (1, 4, 134, 88, 315, 0, 0, 0, 1, 1, 0, 204)
6 (1, 4, 123, 297, 582, 0, 0, 0, 4, 4, 0, 135)
7 (1, 4, 16, 242, 402, 0, 0, 0, 3, 4, 0, 35)
8 (1, 4, 0, 28, 187, 0, 0, 0, 2, 2, 0, 19)
9 (1, 4, 63, 30, 263, 0, 0, 0, 2, 2, 0, 204)
10 (1, 4, 210, 59, 307, 0, 0, 0, 2, 2, 0, 163)
11 (1, 4, 351, 34, 320, 0, 0, 0, 2, 2, 0, 84)
12 (1, 4, 298, 75, 210, 0, 0, 0, 4, 4, 0, 65)
13 (1, 4, 182, 90, 2, 0, 0, 0, 0, 0, 0, 123)
14 (1, 4, 125, 132, 0, 0, 0, 0, 1, 1, 0, 68)
15 (1, 4, 183, 161, 0, 0, 0, 0, 1, 1, 0, 25)
16 (1, 4, 0, 390, 0, 0, 0, 0, 1, 1, 0, 36)
17 (1, 4, 98, 307, 0, 0, 0, 0, 1, 1, 0, 187)
18 (1, 4, 161, 45, 55, 0, 0, 0, 1, 1, 0, 209)
19 (1, 4, 71, 0, 34, 0, 0, 0, 1, 1, 0, 5)
20 (1, 4, 0, 6, 28, 0, 0, 0, 1, 2, 0, 224)
21 (1, 4, 0, 19, 10, 0, 0, 0, 1, 2, 0, 224)
22 (1, 4, 0, 0, 37, 0, 0, 0, 1, 1, 0, 67)
23 (1, 4, 27, 0, 79, 0, 0, 0, 0, 0, 0, 94)
24 (1, 4, 0, 0, 107, 0, 0, 0, 1, 1, 0, 117)
25 (1, 4, 0, 0, 19, 0, 0, 0, 1, 1, 0, 179)
26 (1, 4, 34, 10, 0, 0, 0, 0, 1, 1, 0, 114)
27 (1, 4, 0, 1, 0, 0, 0, 0, 1, 1, 0, 194)
28 (1, 4, 602, 0, 0, 0, 0, 111, 1, 1, 0, 107)
29 (1, 4, 873, 0, 0, 0, 0, 35, 3, 2, 0, 255)
30 (1, 4, 233, 0, 0, 12, 26, 0, 2, 1, 0, 198)
31 (1, 4, 43, 0, 468, 0, 0, 0, 2, 2, 0, 191)
0 (1, 4, 0, 21, 38, 21, 0, 0, 1, 1, 0, 98)
1 (1, 4, 0, 26, 57, 23, 0, 0, 1, 1, 0, 203)
2 (1, 4, 92, 39, 68, 17, 0, 0, 1, 1, 0, 219)
3 (1, 4, 0, 14, 39, 13, 0, 0, 1, 1, 0, 243)
4 (1, 4, 5, 5, 24, 19, 0, 0, 1, 1, 0, 59)
5 (1, 4, 0, 15, 18, 12, 0, 0, 1, 1, 0, 18)
6 (1, 4, 27, 2, 14, 18, 0, 0, 1, 1, 0, 156)
7 (1, 4, 108, 0, 50, 22, 0, 0, 1, 1, 0, 106)
8 (1, 4, 272, 6, 149, 22, 0, 5, 1, 1, 0, 121)
9 (1, 4, 263, 94, 272, 0, 0, 0, 3, 3, 0, 137)
10 (1, 4, 77, 239, 504, 0, 0, 4, 1, 1, 0, 86)
11 (1, 4, 0, 136, 556, 0, 0, 0, 1, 2, 0, 222)
12 (1, 4, 0, 23, 434, 0, 0, 0, 1, 2, 0, 171)
13 (1, 4, 161, 0, 461, 0, 0, 0, 2, 2, 0, 145)
14 (1, 4, 114, 0, 378, 0, 0, 0, 1, 2, 0, 204)
15 (1, 4, 140, 0, 333, 0, 0, 0, 1, 2, 0, 71)
16 (1, 4, 107, 0, 202, 0, 0, 0, 1, 2, 0, 127)
17 (1, 4, 71, 0, 109, 0, 0, 0, 1, 1, 0, 167)
18 (1, 4, 99, 25, 6, 0, 0, 0, 2, 2, 0, 38)
19 (1, 4, 229, 0, 0, 0, 0, 0, 1, 2, 0, 167)
20 (1, 4, 131, 65, 0, 0, 0, 0, 2, 2, 0, 93)
21 (1, 4, 128, 397, 0, 0, 0, 0, 2, 2, 0, 65)
22 (1, 4, 280, 444, 0, 0, 0, 0, 2, 2, 0, 208)
23 (1, 4, 292, 428, 0, 0, 0, 0, 2, 2, 0, 222)
24 (1, 4, 199, 449, 0, 0, 7, 0, 1, 1, 0, 123)
25 (1, 4, 91, 480, 0, 0, 0, 30, 1, 1, 0, 44)
26 (1, 4, 53, 0, 0, 0, 0, 152, 1, 1, 0, 213)
27 (1, 4, 176, 0, 0, 0, 0, 0, 3, 3, 0, 87)
28 (1, 4, 0, 0, 0, 0, 0, 0, 1, 1, 0, 119)
29 (1, 4, 0, 0, 108, 0, 0, 0, 2, 2, 0, 139)
30 (1, 4, 0, 0, 44, 0, 0, 0, 2, 2, 0, 112)
31 (1, 4, 31, 67, 98, 9, 0, 0, 2, 2, 0, 64)
0 (1, 4, 0, 0, 0, 0, 0, 0, 1, 1, 0, 119)
1 (1, 4, 0, 0, 4, 0, 0, 0, 1, 1, 0, 41)
2 (1, 4, 4, 3, 2, 0, 0, 0, 1, 1, 0, 184)
3 (1, 4, 31, 0, 19, 0, 0, 0, 1, 1, 0, 9)
4 (1, 4, 125, 0, 106, 0, 0, 0, 1, 1, 0, 9)
5 (1, 4, 284, 0, 211, 0, 0, 5, 1, 1, 0, 185)
6 (1, 4, 367, 94, 422, 0, 0, 0, 4, 5, 0, 226)
7 (1, 4, 191, 215, 604, 0, 0, 0, 3, 3, 0, 48)
8 (1, 4, 18, 144, 543, 0, 0, 0, 2, 2, 0, 108)
9 (1, 4, 5, 109, 480, 0, 0, 0, 2, 2, 0, 110)
10 (1, 4, 97, 7, 365, 0, 0, 0, 2, 1, 0, 189)
11 (1, 4, 87, 0, 200, 0, 0, 0, 2, 2, 0, 153)
12 (1, 4, 18, 0, 121, 0, 0, 0, 2, 2, 0, 194)
13 (1, 4, 96, 24, 98, 0, 0, 0, 2, 1, 0, 103)
14 (1, 4, 48, 66, 53, 0, 3, 0, 2, 2, 0, 101)
15 (1, 4, 18, 160, 34, 0, 7, 1, 1, 1, 0, 46)
16 (1, 4, 0, 27, 0, 0, 16, 0, 2, 2, 0, 227)
17 (1, 4, 35, 0, 0, 0, 15, 0, 1, 1, 0, 11)
18 (1, 4, 33, 7, 0, 0, 7, 0, 2, 2, 0, 207)
19 (1, 4, 171, 16, 0, 0, 0, 0, 1, 1, 0, 166)
20 (1, 4, 304, 8, 0, 0, 0, 0, 1, 2, 0, 92)
21 (1, 4, 283, 257, 0, 0, 0, 0, 2, 2, 0, 188)
22 (1, 4, 168, 305, 0, 0, 0, 0, 2, 2, 0, 61)
23 (1, 4, 44, 294, 0, 0, 0, 0, 1, 1, 0, 104)
24 (1, 4, 0, 369, 0, 0, 0, 36, 1, 1, 0, 211)
25 (1, 4, 375, 0, 0, 0, 0, 148, 2, 2, 0, 198)
26 (1, 4, 458, 0, 0, 0, 16, 0, 5, 4, 0, 79)
27 (1, 4, 0, 0, 86, 0, 0, 0, 1, 1, 0, 130)
28 (1, 4, 236, 0, 0, 0, 0, 0, 1, 1, 0, 100)
29 (1, 4, 82, 68, 28, 14, 0, 0, 1, 1, 0, 124)
30 (1, 4, 0, 73, 114, 5, 0, 0, 1, 1, 0, 196)
31 (1, 4, 0, 66, 50, 0, 0, 0, 1, 1, 0, 55)
0 (1, 4, 0, 560, 0, 0, 0, 0, 2, 2, 0, 2)
1 (1, 4, 0, 873, 0, 0, 0, 0, 3, 3, 0, 10)
2 (1, 4, 204, 303, 0, 0, 0, 0, 2, 2, 0, 46)
3 (1, 4, 598, 0, 0, 0, 27, 0, 1, 1, 0, 241)
4 (1, 4, 398, 112, 0, 0, 14, 0, 1, 1, 0, 196)
5 (1, 4, 90, 185, 0, 0, 0, 0, 1, 1, 0, 214)
6 (1, 4, 0, 313, 81, 0, 0, 0, 1, 1, 0, 39)
7 (1, 4, 0, 0, 0, 0, 0, 120, 1, 1, 0, 170)
8 (1, 4, 216, 0, 0, 0, 0, 57, 1, 1, 0, 60)
9 (1, 4, 0, 0, 0, 0, 0, 0, 1, 1, 0, 119)
10 (1, 4, 0, 0, 94, 0, 0, 0, 2, 1, 0, 152)
11 (1, 4, 0, 11, 67, 0, 0, 0, 1, 1, 0, 92)
12 (1, 4, 0, 114, 144, 0, 0, 0, 1, 1, 0, 180)
13 (1, 4, 34, 102, 73, 4, 0, 0, 1, 1, 0, 245)
14 (1, 4, 0, 12, 15, 0, 0, 0, 1, 1, 0, 71)
15 (1, 4, 14, 4, 0, 0, 0, 0, 1, 1, 0, 249)
16 (1, 4, 0, 30, 34, 0, 0, 0, 1, 1, 0, 195)
17 (1, 4, 0, 6, 17, 0, 0, 0, 1, 1, 0, 43)
18 (1, 4, 0, 19, 19, 0, 0, 0, 1, 1, 0, 10)
19 (1, 4, 0, 0, 2, 0, 0, 0, 1, 1, 0, 88)
20 (1, 4, 0, 2, 0, 0, 0, 0, 1, 1, 0, 26)
21 (1, 4, 0, 0, 0, 0, 0, 0, 1, 1, 0, 119)
22 (1, 4, 0, 3, 4, 0, 0, 0, 1, 1, 0, 241)
23 (1, 4, 0, 0, 0, 0, 0, 0, 1, 1, 0, 119)
24 (1, 4, 7, 0, 0, 0, 0, 0, 1, 1, 0, 93)
25 (1, 4, 0, 0, 0, 0, 0, 0, 1, 1, 0, 119)
26 (1, 4, 6, 0, 0, 0, 0, 0, 1, 1, 0, 83)
27 (1, 4, 0, 0, 0, 0, 0, 0, 1, 1, 0, 119)
28 (1, 4, 0, 0, 0, 0, 0, 0, 1, 1, 0, 119)
29 (1, 4, 0, 0, 0, 0, 0, 0, 1, 1, 0, 119)
30 (1, 4, 0, 0, 0, 0, 0, 0, 1, 1, 0, 119)
31 (1, 4, 0, 0, 1, 0, 0, 0, 1, 1, 0, 227)
0 (1, 4, 8, 2, 6, 0, 0, 0, 1, 1, 0, 27)
1 (1, 4, 15, 14, 10, 0, 0, 0, 1, 1, 0, 186)
2 (1, 4, 14, 0, 10, 0, 0, 0, 1, 1, 0, 176)
3 (1, 4, 16, 0, 29, 0, 0, 0, 1, 1, 0, 158)
4 (1, 4, 113, 0, 106, 0, 0, 0, 1, 0, 0, 42)
5 (1, 4, 327, 34, 262, 0, 0, 0, 1, 1, 0, 85)
6 (1, 4, 451, 58, 465, 0, 0, 0, 1, 1, 0, 58)
7 (1, 4, 435, 55, 533, 0, 1, 8, 4, 15, 0, 169)
8 (1, 4, 513, 43, 742, 0, 0, 20, 1, 1, 0, 77)
9 (1, 4, 471, 111, 795, 0, 21, 0, 0, 0, 0, 90)
10 (1, 4, 462, 273, 604, 0, 0, 0, 1, 0, 0, 59)
11 (1, 4, 189, 105, 0, 0, 0, 0, 1, 1, 0, 68)
12 (1, 4, 172, 173, 0, 0, 36, 0, 2, 1, 0, 186)
13 (1, 4, 108, 189, 0, 0, 21, 29, 1, 1, 0, 131)
14 (1, 4, 0, 277, 0, 0, 0, 0, 1, 1, 0, 156)
15 (1, 4, 99, 474, 0, 0, 0, 0, 2, 2, 0, 232)
16 (1, 4, 283, 273, 0, 0, 22, 0, 1, 1, 0, 82)
17 (1, 4, 247, 89, 0, 0, 1, 0, 1, 1, 0, 123)
18 (1, 4, 202, 19, 26, 0, 0, 0, 1, 1, 0, 210)
19 (1, 4, 91, 37, 0, 0, 0, 0, 1, 1, 0, 209)
20 (1, 4, 145, 0, 0, 0, 0, 225, 1, 1, 0, 61)
21 (1, 4, 186, 0, 0, 0, 0, 4, 0, 0, 0, 85)
22 (1, 4, 36, 0, 0, 0, 0, 0, 2, 1, 0, 46)
23 (1, 4, 20, 0, 0, 0, 0, 0, 1, 1, 0, 175)
24 (1, 4, 28, 0, 0, 0, 0, 0, 1, 1, 0, 223)
25 (1, 4, 0, 34, 136, 7, 0, 0, 1, 1, 0, 200)
26 (1, 4, 0, 16, 98, 0, 0, 0, 1, 1, 0, 60)
27 (1, 4, 0, 0, 17, 0, 0, 0, 1, 1, 0, 156)
28 (1, 4, 0, 9, 38, 0, 0, 0, 1, 1, 0, 254)
29 (1, 4, 0, 7, 26, 0, 0, 0, 1, 1, 0, 153)
30 (1, 4, 0, 19, 10, 0, 0, 0, 1, 1, 0, 93)
31 (1, 4, 0, 33, 8, 0, 0, 0, 1, 1, 0, 188)
0 (1, 4, 14, 0, 0, 0, 0, 0, 1, 1, 0, 35)
1 (1, 4, 2, 0, 0, 0, 0, 0, 1, 1, 0, 107)
2 (1, 4, 15, 0, 0, 0, 0, 0, 1, 1, 0, 45)
3 (1, 4, 40, 11, 0, 0, 0, 0, 1, 1, 0, 171)
4 (1, 4, 146, 70, 40, 0, 0, 0, 1, 1, 0, 232)
5 (1, 4, 479, 163, 214, 6, 0, 0, 1, 1, 0, 14)
6 (1, 4, 777, 232, 382, 0, 0, 0, 3, 3, 0, 4)
7 (1, 4, 732, 346, 429, 0, 0, 16, 1, 2, 0, 212)
8 (1, 4, 711, 279, 658, 0, 18, 38, 1, 1, 0, 66)
9 (1, 4, 382, 342, 579, 0, 62, 34, 1, 1, 0, 133)
10 (1, 4, 94, 385, 243, 0, 16, 37, 1, 1, 0, 165)
11 (1, 4, 74, 233, 0, 0, 0, 0, 2, 2, 0, 207)
12 (1, 4, 116, 392, 0, 0, 0, 0, 1, 1, 0, 182)
13 (1, 4, 72, 300, 0, 0, 0, 0, 1, 1, 0, 192)
14 (1, 4, 0, 484, 0, 0, 0, 0, 1, 1, 0, 8)
15 (1, 4, 188, 35, 0, 0, 0, 0, 1, 1, 0, 23)
16 (1, 4, 290, 117, 0, 0, 0, 0, 1, 0, 0, 138)
17 (1, 4, 0, 193, 0, 0, 0, 0, 1, 0, 0, 43)
18 (1, 4, 63, 0, 0, 0, 0, 115, 0, 0, 0, 82)
19 (1, 4, 197, 0, 0, 0, 0, 190, 1, 0, 0, 104)
20 (1, 4, 0, 0, 0, 0, 0, 0, 2, 1, 0, 209)
21 (1, 4, 0, 0, 77, 0, 0, 0, 2, 2, 0, 225)
22 (1, 4, 175, 0, 0, 0, 0, 0, 3, 3, 0, 237)
23 (1, 4, 44, 164, 0, 0, 0, 0, 7, 7, 0, 215)
24 (1, 4, 0, 235, 174, 0, 0, 0, 2, 2, 0, 133)
25 (1, 4, 0, 68, 110, 0, 0, 0, 2, 2, 0, 253)
26 (1, 4, 0, 28, 28, 0, 0, 0, 2, 2, 0, 249)
27 (1, 4, 0, 13, 36, 0, 0, 0, 2, 1, 0, 173)
28 (1, 4, 0, 0, 41, 0, 0, 0, 2, 1, 0, 7)
29 (1, 4, 0, 12, 22, 0, 0, 0, 2, 1, 0, 182)
30 (1, 4, 0, 0, 1, 0, 0, 0, 2, 1, 0, 69)
31 (1, 4, 0, 0, 27, 0, 0, 0, 2, 1, 0, 169)
0 (1, 4, 43, 61, 31, 0, 0, 0, 2, 1, 0, 45)
1 (1, 4, 62, 23, 0, 0, 0, 0, 2, 1, 0, 193)
2 (1, 4, 154, 45, 43, 0, 0, 0, 1, 1, 0, 9)
3 (1, 4, 401, 59, 167, 3, 0, 0, 2, 1, 0, 43)
4 (1, 4, 678, 19, 258, 0, 0, 0, 1, 1, 0, 78)
5 (1, 4, 826, 207, 452, 0, 0, 0, 2, 2, 0, 27)
6 (1, 4, 607, 430, 751, 0, 53, 0, 0, 0, 0, 110)
7 (1, 4, 361, 342, 819, 0, 14, 26, 1, 1, 0, 120)
8 (1, 4, 384, 0, 253, 0, 19, 16, 1, 1, 0, 64)
9 (1, 4, 173, 0, 0, 0, 34, 4, 2, 2, 0, 114)
10 (1, 4, 37, 336, 0, 0, 28, 0, 1, 1, 0, 38)
11 (1, 4, 115, 226, 0, 0, 0, 0, 2, 2, 0, 253)
12 (1, 4, 0, 249, 0, 0, 0, 0, 1, 1, 0, 80)
13 (1, 4, 0, 276, 0, 0, 0, 0, 1, 1, 0, 41)
14 (1, 4, 0, 351, 0, 0, 0, 1, 1, 1, 0, 30)
15 (1, 4, 322, 0, 0, 0, 0, 45, 1, 1, 0, 1)
16 (1, 4, 266, 0, 0, 0, 0, 0, 1, 1, 0, 25)
17 (1, 4, 115, 0, 0, 0, 0, 136, 1, 1, 0, 171)
18 (1, 4, 0, 0, 0, 0, 0, 53, 2, 1, 0, 9)
19 (1, 4, 130, 0, 0, 0, 0, 0, 1, 1, 0, 126)
20 (1, 4, 133, 0, 0, 0, 0, 0, 1, 1, 0, 84)
21 (1, 4, 0, 0, 0, 0, 0, 0, 1, 1, 0, 119)
22 (1, 4, 0, 109, 84, 0, 0, 0, 0, 0, 0, 57)
23 (1, 4, 0, 110, 103, 0, 0, 0, 0, 0, 0, 219)
24 (1, 4, 0, 43, 67, 0, 0, 0, 0, 0, 0, 151)
25 (1, 4, 0, 16, 44, 0, 0, 0, 0, 0, 0, 3)
26 (1, 4, 0, 9, 45, 0, 0, 0, 0, 0, 0, 240)
27 (1, 4, 0, 24, 34, 0, 0, 0, 0, 0, 0, 125)
28 (1, 4, 0, 0, 4, 0, 0, 0, 0, 0, 0, 32)
29 (1, 4, 0, 4, 0, 0, 0, 0, 0, 0, 0, 164)
30 (1, 4, 0, 0, 0, 0, 0, 0, 0, 0, 0, 126)
31 (1, 4, 0, 0, 0, 0, 0, 0, 0, 0, 0, 126)
0 (1, 4, 0, 0, 0, 0, 0, 0, 0, 0, 0, 126)
1 (1, 4, 13, 17, 0, 0, 0, 0, 0, 0, 0, 236)
2 (1, 4, 16, 0, 0, 0, 0, 0, 0, 0, 0, 158)
3 (1, 4, 90, 0, 33, 0, 0, 0, 0, 0, 0, 17)
4 (1, 4, 369, 0, 205, 0, 0, 0, 0, 0, 0, 160)
5 (1, 4, 770, 0, 521, 0, 0, 0, 1, 0, 0, 148)
6 (1, 4, 594, 87, 642, 0, 40, 0, 1, 1, 0, 78)
7 (1, 4, 363, 207, 668, 0, 29, 24, 1, 1, 0, 91)
8 (1, 4, 214, 289, 496, 0, 47, 17, 1, 1, 0, 195)
9 (1, 4, 47, 295, 317, 0, 22, 0, 1, 1, 0, 241)
10 (1, 4, 153, 321, 18, 0, 6, 0, 1, 1, 0, 110)
11 (1, 4, 0, 0, 0, 0, 18, 3, 1, 0, 0, 13)
12 (1, 4, 0, 201, 0, 0, 0, 0, 1, 1, 0, 243)
13 (1, 4, 363, 231, 0, 0, 6, 0, 1, 1, 0, 10)
14 (1, 4, 329, 262, 0, 0, 0, 0, 1, 0, 0, 187)
15 (1, 4, 207, 227, 0, 0, 0, 0, 0, 0, 0, 32)
16 (1, 4, 0, 74, 0, 0, 0, 0, 3, 3, 0, 56)
17 (1, 4, 161, 125, 0, 0, 5, 0, 1, 1, 0, 205)
18 (1, 4, 135, 168, 63, 0, 0, 0, 2, 2, 0, 251)
19 (1, 4, 102, 64, 0, 0, 0, 62, 1, 1, 0, 202)
20 (1, 4, 240, 0, 0, 0, 0, 201, 1, 1, 0, 54)
21 (1, 4, 0, 0, 0, 0, 0, 0, 2, 2, 0, 108)
22 (1, 4, 0, 0, 0, 0, 0, 0, 2, 2, 0, 108)
23 (1, 4, 129, 0, 0, 0, 0, 0, 2, 2, 0, 119)
24 (1, 4, 136, 73, 0, 4, 0, 0, 2, 2, 0, 240)
25 (1, 4, 70, 143, 98, 20, 0, 0, 2, 2, 0, 208)
26 (1, 4, 47, 38, 73, 8, 0, 0, 2, 2, 0, 175)
27 (1, 4, 0, 21, 7, 0, 0, 0, 2, 2, 0, 135)
28 (1, 4, 0, 0, 0, 0, 0, 0, 2, 2, 0, 108)
29 (1, 4, 0, 0, 19, 0, 0, 0, 2, 2, 0, 168)
30 (1, 4, 7, 0, 19, 0, 0, 0, 2, 2, 0, 130)
31 (1, 4, 0, 0, 35, 0, 0, 0, 2, 2, 0, 41)

