0 (1, 4, 231, 233, 0, 0, 0, 0, 0, 0, 0, 73)
1 (1, 4, 57, 402, 0, 0, 1, 0, 0, 0, 0, 182)
2 (1, 4, 22, 372, 0, 0, 1, 0, 0, 0, 0, 220)
3 (1, 4, 60, 63, 0, 0, 0, 42, 0, 0, 0, 241)
4 (1, 4, 0, 15, 154, 0, 0, 57, 0, 0, 0, 149)
5 (1, 4, 0, 0, 92, 0, 0, 70, 0, 0, 0, 145)
6 (1, 4, 0, 0, 0, 0, 0, 45, 0, 0, 0, 159)
7 (1, 4, 0, 0, 0, 0, 0, 8, 0, 0, 0, 148)
8 (1, 4, 83, 0, 0, 0, 113, 0, 0, 0, 0, 238)
9 (1, 4, 0, 0, 0, 0, 54, 0, 2, 2, 0, 245)
10 (1, 4, 0, 0, 0, 0, 0, 0, 1, 0, 0, 28)
11 (1, 4, 89, 105, 1, 3, 0, 0, 0, 1, 0, 240)
12 (1, 4, 18, 181, 68, 0, 0, 0, 0, 1, 0, 129)
13 (1, 4, 25, 110, 51, 0, 0, 0, 0, 0, 0, 159)
14 (1, 4, 64, 139, 20, 0, 0, 0, 0, 1, 0, 215)
15 (1, 4, 39, 187, 9, 0, 0, 0, 0, 1, 0, 25)
16 (1, 4, 316, 22, 183, 0, 11, 25, 0, 0, 0, 252)
17 (1, 4, 522, 0, 463, 0, 26, 0, 0, 0, 0, 174)
18 (1, 4, 260, 191, 774, 0, 0, 22, 1, 2, 0, 106)
19 (1, 4, 331, 211, 856, 0, 0, 62, 1, 1, 0, 46)
20 (1, 4, 373, 60, 610, 0, 0, 54, 1, 1, 0, 9)
21 (1, 4, 143, 173, 474, 0, 0, 67, 1, 1, 0, 191)
22 (1, 4, 0, 68, 76, 0, 0, 14, 2, 2, 0, 10)
23 (1, 4, 125, 40, 0, 0, 1, 44, 1, 1, 0, 169)
24 (1, 4, 110, 0, 29, 0, 26, 24, 2, 2, 0, 240)
25 (1, 4, 0, 115, 9, 0, 18, 14, 1, 1, 0, 246)
26 (1, 4, 26, 14, 6, 0, 6, 25, 0, 1, 0, 27)
27 (1, 4, 57, 0, 0, 0, 24, 0, 1, 1, 0, 106)
28 (1, 4, 7, 0, 0, 0, 25, 0, 1, 1, 0, 96)
29 (1, 4, 0, 0, 15, 0, 35, 0, 0, 0, 0, 161)
30 (1, 4, 0, 90, 26, 0, 25, 1, 0, 0, 0, 76)
31 (1, 4, 0, 43, 8, 0, 18, 2, 0, 0, 0, 165)
0 (1, 4, 259, 361, 0, 0, 36, 0, 0, 0, 0, 34)
1 (1, 4, 108, 180, 0, 0, 18, 0, 0, 0, 0, 119)
2 (1, 4, 0, 49, 44, 0, 22, 10, 0, 0, 0, 179)
3 (1, 4, 0, 128, 159, 0, 0, 44, 0, 0, 0, 150)
4 (1, 4, 93, 0, 0, 0, 0, 63, 1, 1, 0, 211)
5 (1, 4, 71, 0, 0, 0, 0, 102, 0, 0, 0, 245)
6 (1, 4, 40, 0, 0, 0, 12, 0, 0, 0, 0, 235)
7 (1, 4, 0, 0, 0, 0, 62, 0, 1, 1, 0, 47)
8 (1, 4, 5, 0, 0, 0, 0, 0, 1, 2, 0, 252)
9 (1, 4, 71, 0, 0, 11, 0, 0, 1, 1, 0, 13)
10 (1, 4, 80, 0, 36, 25, 0, 0, 1, 2, 0, 19)
11 (1, 4, 95, 151, 103, 5, 0, 0, 0, 0, 0, 172)
12 (1, 4, 110, 183, 62, 0, 0, 0, 0, 0, 0, 136)
13 (1, 4, 80, 140, 19, 0, 0, 3, 0, 0, 0, 221)
14 (1, 4, 187, 79, 128, 0, 0, 26, 1, 1, 0, 100)
15 (1, 4, 262, 0, 254, 0, 12, 19, 1, 1, 0, 128)
16 (1, 4, 154, 158, 738, 0, 28, 0, 0, 0, 0, 69)
17 (1, 4, 0, 305, 767, 0, 0, 27, 0, 0, 0, 186)
18 (1, 4, 46, 0, 557, 0, 0, 23, 0, 0, 0, 31)
19 (1, 4, 164, 28, 485, 0, 0, 15, 0, 0, 0, 6)
20 (1, 4, 77, 88, 334, 0, 0, 35, 0, 0, 0, 76)
21 (1, 4, 62, 3, 0, 0, 0, 13, 0, 0, 0, 149)
22 (1, 4, 143, 0, 0, 0, 9, 26, 0, 0, 0, 9)
23 (1, 4, 49, 21, 0, 0, 34, 5, 0, 0, 0, 12)
24 (1, 4, 0, 134, 35, 0, 18, 4, 0, 0, 0, 143)
25 (1, 4, 114, 0, 121, 0, 10, 12, 0, 0, 0, 50)
26 (1, 4, 30, 0, 78, 0, 5, 14, 0, 0, 0, 64)
27 (1, 4, 35, 0, 0, 0, 18, 0, 0, 0, 0, 220)
28 (1, 4, 20, 0, 0, 0, 28, 0, 0, 0, 0, 1)
29 (1, 4, 0, 69, 0, 0, 26, 0, 0, 0, 0, 36)
30 (1, 4, 0, 134, 0, 0, 15, 5, 0, 0, 0, 203)
31 (1, 4, 36, 0, 7, 0, 0, 0, 0, 0, 0, 100)
0 (1, 4, 0, 5, 1, 0, 12, 0, 0, 0, 0, 167)
1 (1, 4, 7, 0, 1, 0, 10, 0, 0, 0, 0, 243)
2 (1, 4, 17, 0, 0, 0, 0, 0, 0, 0, 0, 144)
3 (1, 4, 27, 1, 0, 0, 0, 0, 0, 0, 0, 73)
4 (1, 4, 65, 57, 0, 0, 0, 0, 0, 0, 0, 92)
5 (1, 4, 4, 141, 0, 0, 0, 0, 0, 0, 0, 155)
6 (1, 4, 32, 403, 0, 0, 0, 0, 0, 0, 0, 228)
7 (1, 4, 246, 459, 0, 0, 0, 0, 0, 0, 0, 237)
8 (1, 4, 272, 348, 0, 0, 0, 0, 0, 0, 0, 242)
9 (1, 4, 181, 256, 0, 0, 0, 0, 0, 0, 0, 159)
10 (1, 4, 114, 182, 0, 0, 0, 0, 0, 0, 0, 217)
11 (1, 4, 75, 0, 0, 0, 0, 0, 0, 0, 0, 149)
12 (1, 4, 65, 53, 0, 0, 0, 0, 0, 0, 0, 53)
13 (1, 4, 0, 55, 0, 0, 0, 3, 0, 0, 0, 185)
14 (1, 4, 12, 0, 0, 0, 0, 23, 0, 0, 0, 246)
15 (1, 4, 118, 0, 0, 0, 0, 60, 0, 0, 0, 25)
16 (1, 4, 188, 0, 0, 0, 0, 29, 0, 0, 0, 151)
17 (1, 4, 212, 0, 0, 0, 23, 0, 0, 0, 0, 215)
18 (1, 4, 0, 0, 0, 0, 7, 0, 0, 0, 0, 22)
19 (1, 4, 24, 0, 0, 0, 0, 0, 0, 0, 0, 238)
20 (1, 4, 57, 0, 0, 31, 0, 0, 0, 0, 0, 117)
21 (1, 4, 1, 17, 0, 30, 0, 0, 0, 0, 0, 233)
22 (1, 4, 30, 34, 28, 12, 0, 0, 0, 0, 0, 124)
23 (1, 4, 8, 86, 40, 0, 0, 0, 0, 0, 0, 25)
24 (1, 4, 143, 20, 52, 0, 0, 0, 0, 0, 0, 85)
25 (1, 4, 270, 0, 97, 0, 13, 0, 0, 0, 0, 226)
26 (1, 4, 215, 0, 297, 0, 29, 0, 0, 0, 0, 125)
27 (1, 4, 294, 0, 497, 0, 0, 6, 0, 0, 0, 17)
28 (1, 4, 312, 139, 627, 0, 0, 53, 1, 2, 0, 86)
29 (1, 4, 273, 36, 533, 0, 0, 93, 2, 3, 0, 42)
0 (1, 4, 0, 13, 0, 0, 27, 12, 0, 0, 0, 242)
1 (1, 4, 0, 0, 14, 0, 26, 11, 0, 0, 0, 137)
2 (1, 4, 0, 37, 0, 0, 28, 9, 0, 0, 0, 65)
3 (1, 4, 0, 26, 0, 0, 16, 12, 0, 0, 0, 219)
4 (1, 4, 11, 0, 0, 0, 21, 12, 0, 1, 0, 247)
5 (1, 4, 20, 11, 9, 0, 11, 9, 1, 1, 0, 147)
6 (1, 4, 0, 91, 0, 0, 0, 0, 1, 1, 0, 254)
7 (1, 4, 277, 162, 0, 0, 0, 0, 0, 1, 0, 111)
8 (1, 4, 39, 306, 0, 0, 0, 0, 1, 1, 0, 177)
9 (1, 4, 83, 404, 0, 0, 0, 0, 0, 0, 0, 90)
10 (1, 4, 422, 402, 0, 0, 0, 0, 0, 0, 0, 98)
11 (1, 4, 390, 393, 0, 0, 33, 0, 0, 0, 0, 219)
12 (1, 4, 231, 356, 0, 0, 0, 0, 0, 0, 0, 113)
13 (1, 4, 201, 193, 0, 0, 0, 0, 0, 0, 0, 171)
14 (1, 4, 0, 232, 0, 0, 0, 0, 0, 0, 0, 141)
15 (1, 4, 152, 55, 16, 0, 0, 0, 0, 0, 0, 37)
16 (1, 4, 66, 242, 192, 0, 0, 7, 0, 0, 0, 190)
17 (1, 4, 0, 0, 0, 0, 0, 0, 0, 0, 0, 126)
18 (1, 4, 130, 0, 0, 0, 0, 0, 0, 0, 0, 119)
19 (1, 4, 136, 0, 0, 0, 0, 0, 0, 0, 0, 27)
20 (1, 4, 0, 0, 0, 0, 109, 0, 2, 2, 0, 32)
21 (1, 4, 0, 0, 0, 0, 0, 0, 1, 1, 0, 119)
22 (1, 4, 93, 0, 0, 0, 0, 0, 0, 0, 0, 81)
23 (1, 4, 151, 0, 0, 0, 0, 0, 0, 0, 0, 161)
24 (1, 4, 104, 23, 0, 3, 0, 0, 0, 0, 0, 2)
25 (1, 4, 64, 55, 18, 13, 0, 0, 0, 0, 0, 157)
26 (1, 4, 22, 146, 78, 11, 0, 0, 0, 0, 0, 88)
27 (1, 4, 126, 219, 158, 4, 0, 0, 0, 0, 0, 51)
28 (1, 4, 226, 297, 203, 1, 0, 0, 0, 0, 0, 10)
0 (1, 4, 223, 121, 0, 0, 0, 0, 0, 0, 0, 126)
1 (1, 4, 240, 213, 0, 0, 0, 0, 0, 0, 0, 73)
2 (1, 4, 286, 213, 0, 0, 0, 0, 0, 0, 0, 68)
3 (1, 4, 317, 187, 0, 0, 0, 0, 0, 0, 0, 212)
4 (1, 4, 304, 111, 0, 0, 0, 0, 0, 0, 0, 171)
5 (1, 4, 232, 107, 0, 0, 0, 0, 0, 0, 0, 127)
6 (1, 4, 118, 214, 0, 0, 0, 0, 0, 0, 0, 160)
7 (1, 4, 19, 177, 0, 0, 0, 0, 0, 0, 0, 155)
8 (1, 4, 0, 178, 0, 0, 0, 0, 0, 0, 0, 177)
9 (1, 4, 0, 246, 92, 0, 0, 0, 0, 0, 0, 142)
10 (1, 4, 0, 288, 180, 0, 0, 0, 0, 0, 0, 119)
11 (1, 4, 210, 0, 0, 0, 0, 0, 0, 0, 0, 30)
12 (1, 4, 50, 0, 0, 0, 0, 12, 0, 0, 0, 218)
13 (1, 4, 64, 0, 0, 0, 0, 0, 0, 0, 0, 247)
14 (1, 4, 0, 0, 0, 0, 22, 0, 0, 0, 0, 234)
15 (1, 4, 0, 0, 0, 0, 0, 0, 1, 1, 0, 119)
16 (1, 4, 125, 0, 97, 0, 0, 0, 1, 1, 0, 14)
17 (1, 4, 0, 0, 0, 0, 0, 0, 1, 1, 0, 119)
18 (1, 4, 69, 0, 0, 0, 0, 0, 1, 1, 0, 200)
19 (1, 4, 0, 80, 19, 0, 0, 0, 0, 1, 0, 51)
20 (1, 4, 151, 122, 53, 0, 0, 0, 0, 1, 0, 127)
21 (1, 4, 214, 227, 79, 0, 0, 0, 0, 1, 0, 119)
22 (1, 4, 170, 264, 97, 0, 0, 0, 1, 1, 0, 14)
23 (1, 4, 205, 278, 229, 0, 0, 0, 1, 1, 0, 160)
24 (1, 4, 455, 304, 498, 0, 0, 0, 0, 0, 0, 117)
25 (1, 4, 388, 471, 594, 0, 0, 16, 0, 0, 0, 151)
26 (1, 4, 0, 547, 525, 0, 0, 28, 0, 0, 0, 41)
27 (1, 4, 0, 282, 563, 0, 0, 19, 0, 0, 0, 17)
28 (1, 4, 0, 69, 368, 0, 0, 0, 0, 0, 0, 181)
29 (1, 4, 0, 0, 320, 0, 0, 0, 0, 0, 0, 216)
30 (1, 4, 0, 0, 70, 0, 0, 0, 0, 0, 0, 244)
31 (1, 4, 0, 106, 0, 0, 0, 0, 0, 0, 0, 225)
0 (1, 4, 178, 196, 0, 0, 0, 0, 0, 0, 0, 8)
1 (1, 4, 153, 163, 0, 0, 0, 0, 0, 0, 0, 238)
2 (1, 4, 17, 245, 0, 0, 0, 0, 0, 0, 0, 222)
3 (1, 4, 0, 250, 0, 0, 0, 0, 0, 0, 0, 129)
4 (1, 4, 0, 185, 0, 0, 0, 0, 0, 0, 0, 218)
5 (1, 4, 0, 84, 63, 0, 0, 0, 0, 0, 0, 158)
6 (1, 4, 93, 0, 66, 0, 0, 0, 0, 0, 0, 133)
7 (1, 4, 154, 0, 0, 0, 0, 0, 0, 0, 0, 231)
8 (1, 4, 571, 0, 0, 0, 0, 17, 0, 0, 0, 51)
9 (1, 4, 267, 0, 0, 0, 10, 0, 0, 0, 0, 45)
10 (1, 4, 0, 0, 0, 0, 0, 0, 1, 1, 0, 119)
11 (1, 4, 16, 0, 0, 0, 0, 0, 1, 1, 0, 151)
12 (1, 4, 0, 0, 0, 0, 0, 0, 1, 1, 0, 119)
13 (1, 4, 0, 3, 0, 2, 0, 0, 1, 1, 0, 145)
14 (1, 4, 0, 153, 0, 24, 0, 0, 1, 1, 0, 30)
15 (1, 4, 15, 238, 59, 30, 0, 0, 1, 1, 0, 162)
16 (1, 4, 29, 318, 79, 6, 0, 0, 1, 1, 0, 115)
17 (1, 4, 31, 377, 180, 0, 0, 0, 1, 1, 0, 32)
18 (1, 4, 16, 355, 291, 0, 0, 0, 0, 0, 0, 250)
19 (1, 4, 25, 230, 509, 0, 0, 6, 0, 0, 0, 123)
20 (1, 4, 91, 248, 862, 0, 0, 0, 0, 0, 0, 73)
21 (1, 4, 0, 137, 653, 0, 0, 16, 0, 0, 0, 151)
22 (1, 4, 0, 0, 407, 0, 0, 0, 0, 0, 0, 72)
23 (1, 4, 159, 0, 522, 0, 0, 6, 0, 0, 0, 52)
24 (1, 4, 115, 0, 377, 0, 0, 0, 0, 0, 0, 205)
25 (1, 4, 0, 157, 234, 0, 0, 24, 0, 0, 0, 156)
26 (1, 4, 0, 0, 0, 0, 0, 2, 0, 0, 0, 199)
27 (1, 4, 91, 0, 0, 0, 0, 2, 0, 0, 0, 204)
28 (1, 4, 160, 0, 0, 0, 18, 1, 0, 0, 0, 4)
29 (1, 4, 102, 0, 26, 0, 30, 1, 0, 0, 0, 114)
30 (1, 4, 0, 25, 29, 0, 26, 1, 0, 0, 0, 121)
31 (1, 4, 0, 34, 12, 0, 13, 0, 0, 0, 0, 104)
0 (1, 4, 220, 376, 0, 0, 0, 0, 0, 0, 0, 60)
1 (1, 4, 293, 295, 0, 0, 0, 0, 0, 0, 0, 168)
2 (1, 4, 266, 216, 0, 0, 0, 0, 0, 0, 0, 64)
3 (1, 4, 152, 248, 0, 0, 0, 0, 0, 0, 0, 105)
4 (1, 4, 92, 168, 0, 0, 0, 0, 0, 0, 0, 47)
5 (1, 4, 0, 198, 2, 0, 0, 0, 0, 0, 0, 100)
6 (1, 4, 0, 276, 103, 0, 0, 0, 0, 0, 0, 192)
7 (1, 4, 22, 57, 72, 0, 0, 0, 0, 0, 0, 88)
8 (1, 4, 255, 0, 0, 0, 0, 1, 0, 0, 0, 64)
9 (1, 4, 318, 0, 0, 0, 0, 0, 0, 0, 0, 15)
10 (1, 4, 313, 0, 0, 0, 0, 0, 0, 0, 0, 37)
11 (1, 4, 138, 0, 0, 0, 0, 0, 0, 0, 0, 7)
12 (1, 4, 0, 0, 0, 0, 0, 0, 1, 1, 0, 119)
13 (1, 4, 0, 0, 0, 0, 0, 0, 1, 1, 0, 119)
14 (1, 4, 0, 0, 0, 27, 0, 0, 2, 2, 0, 66)
15 (1, 4, 0, 54, 0, 48, 0, 0, 2, 2, 0, 102)
16 (1, 4, 43, 129, 83, 43, 0, 0, 2, 3, 0, 25)
17 (1, 4, 56, 206, 134, 25, 0, 0, 2, 2, 0, 45)
18 (1, 4, 50, 177, 181, 9, 0, 0, 1, 1, 0, 6)
19 (1, 4, 33, 252, 223, 3, 0, 0, 0, 0, 0, 242)
20 (1, 4, 85, 252, 322, 0, 0, 0, 0, 0, 0, 224)
21 (1, 4, 179, 203, 383, 0, 0, 19, 0, 0, 0, 124)
22 (1, 4, 0, 161, 574, 0, 0, 9, 0, 0, 0, 203)
23 (1, 4, 0, 69, 599, 0, 0, 8, 0, 0, 0, 163)
24 (1, 4, 92, 58, 569, 0, 0, 7, 0, 0, 0, 34)
25 (1, 4, 0, 67, 439, 0, 0, 0, 0, 0, 0, 237)
26 (1, 4, 77, 92, 412, 0, 0, 12, 0, 0, 0, 148)
27 (1, 4, 125, 36, 250, 0, 0, 2, 0, 0, 0, 47)
28 (1, 4, 32, 53, 98, 0, 0, 7, 0, 0, 0, 76)
29 (1, 4, 0, 0, 0, 0, 0, 40, 0, 0, 0, 53)
30 (1, 4, 2, 0, 0, 0, 4, 19, 0, 0, 0, 52)
31 (1, 4, 72, 0, 0, 0, 13, 0, 0, 0, 0, 220)
0 (1, 4, 156, 344, 0, 0, 0, 0, 0, 0, 0, 119)
1 (1, 4, 236, 301, 0, 0, 0, 0, 0, 0, 0, 150)
2 (1, 4, 202, 226, 0, 0, 0, 0, 0, 0, 0, 163)
3 (1, 4, 181, 145, 0, 0, 0, 0, 0, 0, 0, 175)
4 (1, 4, 19, 234, 0, 0, 0, 0, 0, 0, 0, 18)
5 (1, 4, 1, 236, 0, 0, 0, 0, 1, 1, 0, 80)
6 (1, 4, 0, 238, 25, 0, 0, 0, 0, 0, 0, 109)
7 (1, 4, 0, 219, 105, 0, 0, 0, 0, 0, 0, 219)
8 (1, 4, 67, 31, 0, 0, 0, 0, 0, 0, 0, 53)
9 (1, 4, 251, 0, 0, 0, 0, 0, 0, 0, 0, 167)
10 (1, 4, 318, 0, 0, 0, 0, 0, 0, 0, 0, 15)
11 (1, 4, 228, 0, 0, 0, 0, 0, 0, 0, 0, 29)
12 (1, 4, 0, 0, 0, 0, 6, 0, 1, 1, 0, 102)
13 (1, 4, 16, 0, 0, 0, 0, 0, 0, 0, 0, 158)
14 (1, 4, 66, 0, 0, 0, 0, 0, 1, 1, 0, 226)
15 (1, 4, 54, 160, 11, 12, 0, 0, 0, 1, 0, 86)
16 (1, 4, 57, 216, 100, 35, 0, 0, 1, 1, 0, 237)
17 (1, 4, 8, 318, 181, 18, 0, 0, 0, 0, 0, 63)
18 (1, 4, 66, 376, 273, 0, 0, 0, 0, 0, 0, 43)
19 (1, 4, 177, 354, 358, 0, 0, 0, 0, 0, 0, 162)
20 (1, 4, 40, 245, 420, 0, 0, 0, 0, 0, 0, 139)
21 (1, 4, 0, 58, 573, 0, 0, 0, 0, 0, 0, 78)
22 (1, 4, 0, 96, 726, 0, 0, 0, 0, 0, 0, 129)
23 (1, 4, 0, 142, 548, 0, 0, 0, 0, 0, 0, 97)
24 (1, 4, 0, 0, 424, 0, 0, 0, 0, 0, 0, 144)
25 (1, 4, 0, 0, 355, 0, 0, 0, 0, 0, 0, 157)
26 (1, 4, 158, 0, 319, 0, 0, 0, 0, 0, 0, 90)
27 (1, 4, 128, 142, 285, 0, 0, 0, 0, 0, 0, 58)
28 (1, 4, 46, 74, 0, 0, 0, 0, 0, 0, 0, 176)
29 (1, 4, 49, 8, 0, 0, 8, 4, 0, 0, 0, 80)
30 (1, 4, 122, 0, 0, 0, 22, 0, 0, 0, 0, 40)
31 (1, 4, 80, 0, 0, 0, 31, 0, 0, 0, 0, 59)
0 (1, 4, 167, 247, 0, 0, 0, 0, 0, 0, 0, 165)
1 (1, 4, 298, 273, 0, 0, 0, 0, 0, 0, 0, 230)
2 (1, 4, 288, 314, 0, 0, 0, 0, 1, 0, 0, 65)
3 (1, 4, 214, 359, 0, 0, 0, 0, 0, 0, 0, 128)
4 (1, 4, 184, 297, 0, 0, 0, 0, 0, 0, 0, 29)
5 (1, 4, 130, 260, 0, 0, 0, 0, 0, 0, 0, 72)
6 (1, 4, 0, 305, 0, 0, 0, 0, 0, 0, 0, 141)
7 (1, 4, 91, 159, 55, 0, 0, 11, 0, 0, 0, 76)
8 (1, 4, 184, 0, 0, 0, 0, 0, 0, 0, 0, 60)
9 (1, 4, 220, 0, 0, 0, 0, 23, 0, 0, 0, 138)
10 (1, 4, 298, 0, 0, 0, 0, 30, 0, 0, 0, 34)
11 (1, 4, 75, 0, 0, 0, 12, 0, 0, 0, 0, 183)
12 (1, 4, 0, 0, 0, 0, 0, 0, 0, 0, 0, 126)
13 (1, 4, 102, 0, 0, 0, 0, 0, 0, 0, 0, 20)
14 (1, 4, 17, 0, 0, 0, 0, 0, 0, 1, 0, 251)
15 (1, 4, 65, 36, 0, 7, 0, 0, 1, 1, 0, 181)
16 (1, 4, 5, 164, 43, 25, 0, 0, 0, 0, 0, 184)
17 (1, 4, 82, 250, 72, 11, 0, 0, 0, 0, 0, 106)
18 (1, 4, 110, 232, 55, 0, 0, 0, 1, 1, 0, 250)
19 (1, 4, 238, 194, 143, 0, 0, 0, 1, 1, 0, 63)
20 (1, 4, 369, 250, 243, 0, 0, 7, 2, 2, 0, 18)
21 (1, 4, 176, 111, 288, 0, 0, 68, 0, 0, 0, 47)
22 (1, 4, 0, 88, 487, 0, 0, 51, 0, 0, 0, 119)
23 (1, 4, 0, 117, 617, 0, 0, 53, 0, 0, 0, 126)
24 (1, 4, 70, 2, 554, 0, 0, 60, 0, 0, 0, 132)
25 (1, 4, 67, 0, 506, 0, 0, 45, 0, 0, 0, 65)
26 (1, 4, 73, 104, 299, 0, 0, 47, 1, 1, 0, 142)
27 (1, 4, 0, 111, 157, 0, 0, 32, 1, 1, 0, 222)
28 (1, 4, 0, 131, 87, 0, 0, 0, 1, 1, 0, 207)
29 (1, 4, 0, 174, 91, 0, 0, 12, 1, 1, 0, 172)
30 (1, 4, 156, 0, 26, 0, 0, 0, 1, 1, 0, 38)
31 (1, 4, 147, 0, 29, 0, 12, 3, 1, 1, 0, 221)
0 (1, 4, 124, 22, 0, 0, 0, 0, 0, 0, 0, 78)
1 (1, 4, 0, 75, 0, 0, 0, 0, 0, 0, 0, 150)
2 (1, 4, 77, 207, 0, 0, 0, 0, 0, 0, 0, 130)
3 (1, 4, 228, 397, 0, 0, 0, 0, 0, 0, 0, 37)
4 (1, 4, 255, 523, 0, 0, 0, 0, 0, 0, 0, 57)
5 (1, 4, 309, 493, 0, 0, 0, 0, 0, 0, 0, 20)
6 (1, 4, 244, 427, 0, 0, 5, 0, 0, 0, 0, 42)
7 (1, 4, 190, 269, 34, 0, 0, 0, 0, 0, 0, 240)
8 (1, 4, 57, 220, 58, 0, 0, 0, 0, 0, 0, 191)
9 (1, 4, 0, 249, 68, 0, 0, 0, 0, 0, 0, 252)
10 (1, 4, 10, 75, 45, 0, 0, 1, 0, 0, 0, 173)
11 (1, 4, 123, 0, 0, 0, 0, 0, 0, 0, 0, 178)
12 (1, 4, 276, 0, 0, 0, 0, 0, 0, 0, 0, 164)
13 (1, 4, 529, 0, 0, 0, 0, 0, 0, 0, 0, 148)
14 (1, 4, 0, 0, 0, 0, 24, 0, 0, 0, 0, 58)
15 (1, 4, 65, 0, 0, 0, 0, 0, 1, 1, 0, 240)
16 (1, 4, 21, 0, 19, 0, 0, 0, 1, 1, 0, 101)
17 (1, 4, 38, 21, 0, 6, 0, 0, 1, 1, 0, 216)
18 (1, 4, 39, 117, 3, 14, 0, 0, 1, 1, 0, 212)
19 (1, 4, 0, 173, 35, 18, 0, 0, 1, 1, 0, 228)
20 (1, 4, 0, 259, 71, 0, 0, 0, 1, 1, 0, 84)
21 (1, 4, 0, 260, 171, 0, 0, 0, 1, 2, 0, 253)
22 (1, 4, 9, 296, 334, 0, 0, 0, 0, 0, 0, 255)
23 (1, 4, 0, 356, 713, 0, 0, 0, 0, 0, 0, 152)
24 (1, 4, 0, 375, 797, 0, 0, 9, 0, 0, 0, 98)
25 (1, 4, 59, 0, 577, 0, 0, 0, 0, 0, 0, 238)
26 (1, 4, 0, 0, 482, 0, 0, 2, 0, 0, 0, 65)
27 (1, 4, 0, 0, 382, 0, 0, 0, 0, 0, 0, 148)
28 (1, 4, 0, 0, 296, 0, 0, 0, 0, 0, 0, 97)
29 (1, 4, 56, 0, 106, 0, 0, 0, 0, 0, 0, 191)
30 (1, 4, 105, 0, 0, 0, 0, 0, 0, 0, 0, 78)
0 (1, 4, 14, 49, 0, 0, 0, 0, 0, 0, 0, 60)
1 (1, 4, 66, 65, 0, 0, 0, 0, 0, 0, 0, 221)
2 (1, 4, 141, 245, 0, 0, 0, 0, 0, 0, 0, 99)
3 (1, 4, 230, 420, 0, 0, 0, 0, 0, 0, 0, 253)
4 (1, 4, 301, 438, 0, 0, 0, 0, 0, 0, 0, 13)
5 (1, 4, 254, 436, 0, 0, 0, 0, 0, 0, 0, 12)
6 (1, 4, 162, 398, 0, 0, 0, 0, 0, 0, 0, 80)
7 (1, 4, 83, 321, 0, 0, 0, 0, 0, 0, 0, 214)
8 (1, 4, 0, 113, 0, 0, 0, 0, 0, 0, 0, 235)
9 (1, 4, 93, 0, 85, 0, 0, 0, 0, 0, 0, 31)
10 (1, 4, 273, 0, 0, 0, 0, 0, 0, 0, 0, 146)
11 (1, 4, 169, 0, 0, 0, 0, 26, 0, 0, 0, 82)
12 (1, 4, 614, 0, 0, 0, 0, 0, 0, 0, 0, 16)
13 (1, 4, 150, 0, 0, 0, 0, 0, 0, 0, 0, 175)
14 (1, 4, 0, 0, 0, 0, 0, 0, 0, 0, 0, 126)
15 (1, 4, 0, 0, 0, 0, 0, 0, 0, 0, 0, 126)
16 (1, 4, 0, 0, 0, 0, 0, 0, 1, 1, 0, 119)
17 (1, 4, 0, 78, 0, 9, 0, 0, 2, 2, 0, 12)
18 (1, 4, 0, 225, 25, 17, 0, 0, 1, 1, 0, 61)
19 (1, 4, 4, 317, 95, 10, 0, 0, 1, 1, 0, 206)
20 (1, 4, 0, 371, 176, 0, 0, 0, 2, 2, 0, 1)
21 (1, 4, 0, 411, 327, 0, 0, 0, 0, 0, 0, 211)
22 (1, 4, 48, 297, 569, 0, 0, 22, 0, 0, 0, 116)
23 (1, 4, 19, 112, 713, 0, 0, 17, 0, 0, 0, 56)
24 (1, 4, 0, 0, 681, 0, 0, 0, 0, 0, 0, 227)
25 (1, 4, 0, 0, 549, 0, 0, 0, 0, 0, 0, 240)
26 (1, 4, 0, 60, 424, 0, 0, 7, 0, 0, 0, 73)
27 (1, 4, 101, 0, 203, 0, 0, 12, 0, 0, 0, 148)
28 (1, 4, 8, 1, 28, 0, 0, 1, 0, 0, 0, 249)
29 (1, 4, 0, 189, 0, 0, 0, 0, 0, 0, 0, 0)
30 (1, 4, 35, 110, 0, 0, 0, 11, 0, 0, 0, 98)
31 (1, 4, 175, 0, 70, 0, 9, 0, 0, 0, 0, 196)
0 (1, 4, 188, 238, 0, 0, 0, 0, 0, 0, 0, 64)
1 (1, 4, 196, 245, 0, 0, 0, 0, 0, 0, 0, 148)
2 (1, 4, 277, 221, 0, 0, 0, 0, 0, 0, 0, 149)
3 (1, 4, 232, 246, 0, 0, 0, 0, 0, 0, 0, 195)
4 (1, 4, 169, 227, 0, 0, 0, 0, 0, 0, 0, 74)
5 (1, 4, 112, 244, 0, 0, 0, 0, 0, 0, 0, 43)
6 (1, 4, 23, 227, 0, 0, 0, 0, 0, 0, 0, 44)
7 (1, 4, 124, 61, 33, 0, 0, 0, 0, 0, 0, 141)
8 (1, 4, 119, 6, 161, 0, 0, 14, 1, 1, 0, 249)
9 (1, 4, 124, 0, 0, 0, 0, 20, 0, 0, 0, 62)
10 (1, 4, 204, 0, 0, 0, 0, 34, 0, 0, 0, 178)
11 (1, 4, 494, 0, 0, 0, 0, 0, 0, 0, 0, 115)
12 (1, 4, 0, 0, 36, 0, 12, 0, 0, 0, 0, 252)
13 (1, 4, 0, 0, 41, 0, 0, 0, 0, 0, 0, 168)
14 (1, 4, 0, 0, 0, 0, 0, 0, 2, 1, 0, 209)
15 (1, 4, 0, 0, 0, 0, 0, 0, 1, 1, 0, 119)
16 (1, 4, 65, 74, 0, 3, 0, 0, 0, 0, 0, 133)
17 (1, 4, 0, 287, 0, 16, 0, 0, 1, 1, 0, 181)
18 (1, 4, 0, 439, 115, 0, 0, 0, 0, 0, 0, 250)
19 (1, 4, 71, 465, 226, 0, 0, 0, 0, 0, 0, 181)
20 (1, 4, 245, 408, 345, 0, 0, 10, 0, 0, 0, 103)
21 (1, 4, 277, 300, 527, 0, 11, 15, 0, 0, 0, 180)
22 (1, 4, 99, 274, 685, 0, 0, 42, 0, 0, 0, 250)
23 (1, 4, 0, 192, 555, 0, 0, 47, 0, 0, 0, 231)
24 (1, 4, 0, 7, 401, 0, 0, 2, 0, 0, 0, 130)
25 (1, 4, 0, 0, 354, 0, 0, 0, 0, 0, 0, 9)
26 (1, 4, 187, 0, 340, 0, 0, 0, 0, 0, 0, 169)
27 (1, 4, 0, 165, 226, 0, 0, 5, 0, 0, 0, 163)
28 (1, 4, 0, 25, 0, 0, 0, 9, 0, 0, 0, 44)
29 (1, 4, 0, 0, 0, 0, 0, 5, 0, 0, 0, 212)
30 (1, 4, 96, 30, 2, 0, 0, 5, 0, 0, 0, 208)
31 (1, 4, 112, 9, 32, 0, 7, 7, 0, 0, 0, 83)
0 (1, 4, 210, 281, 0, 0, 0, 0, 0, 0, 0, 156)
1 (1, 4, 119, 246, 0, 0, 0, 0, 0, 0, 0, 108)
2 (1, 4, 64, 179, 0, 0, 0, 0, 0, 0, 0, 141)
3 (1, 4, 90, 0, 0, 0, 0, 10, 0, 0, 0, 40)
4 (1, 4, 75, 0, 0, 0, 0, 9, 0, 0, 0, 160)
5 (1, 4, 33, 0, 0, 0, 0, 46, 0, 0, 0, 48)
6 (1, 4, 146, 0, 0, 0, 0, 63, 0, 0, 0, 28)
7 (1, 4, 76, 0, 0, 0, 0, 35, 0, 0, 0, 120)
8 (1, 4, 276, 0, 0, 0, 0, 0, 0, 0, 0, 164)
9 (1, 4, 0, 0, 0, 0, 0, 0, 0, 0, 0, 126)
10 (1, 4, 0, 0, 0, 0, 0, 0, 0, 0, 0, 126)
11 (1, 4, 41, 0, 0, 11, 0, 0, 2, 2, 0, 12)
12 (1, 4, 0, 93, 0, 38, 0, 0, 1, 1, 0, 226)
13 (1, 4, 51, 115, 53, 36, 0, 0, 3, 4, 0, 96)
14 (1, 4, 1, 125, 80, 3, 0, 0, 1, 1, 0, 32)
15 (1, 4, 29, 102, 69, 0, 0, 0, 0, 0, 0, 31)
16 (1, 4, 191, 112, 211, 0, 0, 0, 1, 1, 0, 241)
17 (1, 4, 243, 71, 369, 0, 0, 21, 1, 1, 0, 149)
18 (1, 4, 260, 0, 503, 0, 0, 36, 1, 1, 0, 170)
19 (1, 4, 46, 0, 470, 0, 0, 15, 0, 0, 0, 77)
20 (1, 4, 19, 0, 530, 0, 0, 16, 0, 0, 0, 181)
21 (1, 4, 19, 86, 523, 0, 0, 24, 0, 0, 0, 93)
22 (1, 4, 0, 129, 357, 0, 0, 21, 1, 1, 0, 40)
23 (1, 4, 0, 156, 293, 0, 0, 0, 0, 0, 0, 30)
24 (1, 4, 53, 100, 151, 0, 0, 28, 0, 0, 0, 211)
25 (1, 4, 72, 0, 0, 0, 0, 5, 0, 0, 0, 45)
26 (1, 4, 0, 84, 0, 0, 0, 27, 0, 0, 0, 25)
27 (1, 4, 63, 0, 0, 0, 0, 7, 0, 0, 0, 16)
28 (1, 4, 79, 0, 0, 0, 1, 0, 0, 0, 0, 212)
29 (1, 4, 49, 13, 12, 0, 0, 0, 0, 0, 0, 105)
0 (1, 4, 7, 11, 9, 0, 1, 0, 0, 0, 0, 110)
1 (1, 4, 114, 11, 6, 0, 0, 0, 0, 0, 0, 214)
2 (1, 4, 164, 27, 0, 0, 0, 0, 0, 0, 0, 158)
3 (1, 4, 6, 212, 0, 0, 0, 0, 0, 0, 0, 99)
4 (1, 4, 143, 378, 0, 0, 0, 0, 0, 0, 0, 42)
5 (1, 4, 305, 457, 0, 0, 0, 0, 1, 0, 0, 86)
6 (1, 4, 318, 497, 0, 0, 0, 0, 0, 0, 0, 126)
7 (1, 4, 342, 356, 0, 0, 0, 0, 0, 0, 0, 79)
8 (1, 4, 131, 329, 0, 0, 0, 0, 0, 0, 0, 25)
9 (1, 4, 71, 216, 0, 0, 0, 0, 0, 0, 0, 141)
10 (1, 4, 0, 123, 0, 0, 0, 0, 0, 0, 0, 53)
11 (1, 4, 65, 0, 58, 0, 0, 8, 0, 0, 0, 1)
12 (1, 4, 190, 0, 0, 0, 0, 3, 0, 0, 0, 126)
13 (1, 4, 38, 0, 0, 0, 0, 11, 0, 0, 0, 17)
14 (1, 4, 370, 0, 0, 0, 0, 0, 0, 0, 0, 206)
15 (1, 4, 0, 0, 0, 0, 37, 0, 1, 1, 0, 224)
16 (1, 4, 5, 0, 0, 0, 0, 0, 1, 1, 0, 65)
17 (1, 4, 135, 0, 0, 8, 0, 0, 1, 1, 0, 176)
18 (1, 4, 21, 86, 32, 14, 0, 0, 1, 2, 0, 13)
19 (1, 4, 36, 74, 62, 22, 0, 0, 1, 1, 0, 44)
20 (1, 4, 0, 148, 87, 2, 0, 0, 0, 0, 0, 155)
21 (1, 4, 67, 114, 113, 0, 0, 0, 1, 1, 0, 79)
22 (1, 4, 90, 73, 183, 0, 0, 0, 0, 0, 0, 107)
23 (1, 4, 54, 79, 390, 0, 0, 0, 0, 0, 0, 146)
24 (1, 4, 0, 32, 682, 0, 0, 0, 0, 0, 0, 154)
25 (1, 4, 141, 0, 701, 0, 0, 0, 0, 0, 0, 145)
26 (1, 4, 79, 0, 487, 0, 0, 0, 0, 0, 0, 225)
27 (1, 4, 238, 0, 462, 0, 0, 0, 0, 0, 0, 235)
28 (1, 4, 207, 15, 384, 0, 0, 25, 0, 0, 0, 67)
29 (1, 4, 200, 0, 183, 0, 0, 23, 0, 0, 0, 199)
0 (1, 4, 101, 39, 2, 12, 0, 0, 1, 1, 0, 100)
1 (1, 4, 46, 154, 85, 17, 0, 0, 0, 0, 0, 245)
2 (1, 4, 87, 171, 99, 0, 0, 0, 0, 0, 0, 43)
3 (1, 4, 164, 99, 107, 0, 0, 0, 0, 0, 0, 15)
4 (1, 4, 426, 0, 223, 0, 0, 0, 0, 0, 0, 238)
5 (1, 4, 447, 157, 347, 0, 0, 0, 1, 0, 0, 20)
6 (1, 4, 214, 312, 488, 0, 0, 23, 0, 0, 0, 6)
7 (1, 4, 0, 283, 571, 0, 0, 52, 0, 0, 0, 170)
8 (1, 4, 23, 232, 660, 0, 0, 45, 1, 0, 0, 174)
9 (1, 4, 0, 176, 490, 0, 0, 41, 0, 0, 0, 114)
10 (1, 4, 113, 0, 297, 0, 0, 37, 0, 1, 0, 53)
11 (1, 4, 0, 0, 131, 0, 0, 20, 1, 1, 0, 155)
12 (1, 4, 43, 11, 0, 0, 0, 24, 1, 1, 0, 128)
13 (1, 4, 91, 20, 0, 0, 0, 20, 0, 0, 0, 104)
14 (1, 4, 39, 22, 0, 0, 15, 16, 1, 0, 0, 93)
15 (1, 4, 8, 15, 49, 0, 10, 10, 1, 1, 0, 195)
16 (1, 4, 143, 53, 141, 0, 16, 5, 0, 1, 0, 62)
17 (1, 4, 56, 62, 77, 0, 23, 3, 1, 1, 0, 129)
18 (1, 4, 0, 40, 0, 0, 17, 6, 1, 0, 0, 93)
19 (1, 4, 2, 0, 0, 0, 20, 8, 0, 0, 0, 238)
20 (1, 4, 0, 19, 0, 0, 16, 11, 0, 0, 0, 206)
21 (1, 4, 0, 6, 0, 0, 11, 3, 1, 0, 0, 135)
22 (1, 4, 20, 0, 6, 0, 17, 0, 0, 0, 0, 43)
23 (1, 4, 3, 0, 0, 0, 18, 0, 0, 0, 0, 27)
24 (1, 4, 0, 10, 0, 0, 19, 0, 1, 0, 0, 204)
25 (1, 4, 0, 24, 0, 0, 16, 1, 0, 0, 0, 246)
26 (1, 4, 12, 11, 0, 0, 12, 3, 0, 0, 0, 25)
27 (1, 4, 11, 25, 0, 0, 15, 0, 1, 0, 0, 176)
28 (1, 4, 0, 15, 0, 0, 14, 0, 0, 0, 0, 31)
29 (1, 4, 0, 3, 0, 0, 15, 0, 0, 0, 0, 15)
30 (1, 4, 0, 30, 0, 0, 15, 0, 1, 0, 0, 208)
0 (1, 4, 24, 15, 0, 0, 5, 0, 0, 0, 0, 197)
1 (1, 4, 73, 9, 0, 0, 0, 0, 0, 0, 0, 143)
2 (1, 4, 196, 43, 0, 0, 0, 0, 1, 0, 0, 17)
3 (1, 4, 205, 181, 0, 0, 0, 0, 0, 0, 0, 105)
4 (1, 4, 233, 289, 0, 0, 0, 0, 0, 1, 0, 162)
5 (1, 4, 313, 321, 0, 0, 0, 0, 2, 1, 0, 89)
6 (1, 4, 343, 306, 0, 0, 9, 0, 0, 0, 0, 172)
7 (1, 4, 198, 148, 0, 0, 0, 0, 0, 0, 0, 124)
8 (1, 4, 282, 19, 0, 0, 0, 0, 0, 0, 0, 73)
9 (1, 4, 52, 166, 0, 0, 0, 0, 0, 0, 0, 21)
10 (1, 4, 0, 193, 0, 0, 0, 0, 0, 0, 0, 73)
11 (1, 4, 28, 115, 0, 0, 0, 0, 0, 0, 0, 46)
12 (1, 4, 0, 85, 0, 0, 0, 0, 0, 0, 0, 243)
13 (1, 4, 18, 28, 0, 0, 0, 0, 0, 0, 0, 138)
14 (1, 4, 15, 35, 0, 0, 0, 0, 0, 0, 0, 62)
15 (1, 4, 13, 12, 0, 0, 0, 0, 0, 0, 0, 81)
16 (1, 4, 13, 27, 17, 0, 0, 0, 0, 1, 0, 178)
17 (1, 4, 0, 16, 0, 0, 0, 0, 0, 0, 0, 31)
18 (1, 4, 0, 1, 0, 0, 0, 0, 1, 0, 0, 169)
19 (1, 4, 0, 0, 0, 0, 0, 0, 0, 0, 0, 126)
20 (1, 4, 0, 0, 0, 0, 0, 0, 0, 0, 0, 126)
21 (1, 4, 112, 0, 92, 0, 0, 0, 0, 0, 0, 182)
22 (1, 4, 234, 0, 38, 0, 0, 27, 0, 0, 0, 153)
23 (1, 4, 397, 0, 0, 0, 0, 34, 0, 0, 0, 55)
24 (1, 4, 136, 0, 0, 0, 0, 0, 0, 0, 0, 27)
25 (1, 4, 0, 0, 0, 0, 0, 0, 1, 1, 0, 119)
26 (1, 4, 0, 0, 0, 0, 0, 0, 1, 1, 0, 119)
27 (1, 4, 161, 0, 2, 0, 0, 0, 1, 1, 0, 132)
28 (1, 4, 52, 0, 7, 13, 0, 0, 0, 1, 0, 116)
29 (1, 4, 0, 55, 60, 32, 0, 0, 0, 0, 0, 85)
30 (1, 4, 10, 73, 91, 16, 0, 0, 0, 1, 0, 136)
31 (1, 4, 0, 96, 56, 10, 0, 0, 0, 0, 0, 196)
0 (1, 4, 189, 390, 0, 0, 0, 0, 0, 0, 0, 89)
1 (1, 4, 334, 349, 0, 0, 0, 0, 0, 0, 0, 122)
2 (1, 4, 155, 441, 0, 0, 12, 0, 1, 0, 0, 232)
3 (1, 4, 74, 550, 0, 0, 0, 0, 0, 0, 0, 35)
4 (1, 4, 494, 357, 58, 0, 0, 0, 0, 0, 0, 170)
5 (1, 4, 141, 397, 47, 0, 3, 0, 0, 0, 0, 57)
6 (1, 4, 0, 207, 37, 0, 0, 17, 0, 0, 0, 117)
7 (1, 4, 34, 14, 50, 0, 0, 4, 0, 0, 0, 122)
8 (1, 4, 26, 0, 84, 0, 0, 0, 0, 0, 0, 40)
9 (1, 4, 190, 0, 59, 0, 0, 0, 0, 0, 0, 158)
10 (1, 4, 194, 0, 0, 0, 0, 0, 0, 0, 0, 254)
11 (1, 4, 0, 0, 0, 0, 0, 0, 0, 0, 0, 126)
12 (1, 4, 101, 0, 0, 0, 26, 0, 1, 1, 0, 185)
13 (1, 4, 6, 0, 0, 0, 5, 0, 1, 1, 0, 201)
14 (1, 4, 0, 0, 0, 0, 0, 0, 1, 1, 0, 119)
15 (1, 4, 219, 0, 0, 10, 0, 0, 1, 1, 0, 175)
16 (1, 4, 70, 186, 24, 36, 0, 0, 0, 0, 0, 249)
17 (1, 4, 69, 260, 99, 33, 0, 0, 1, 1, 0, 191)
18 (1, 4, 68, 326, 171, 3, 0, 0, 0, 0, 0, 55)
19 (1, 4, 0, 267, 158, 0, 0, 0, 0, 0, 0, 179)
20 (1, 4, 1, 0, 225, 0, 0, 0, 0, 0, 0, 16)
21 (1, 4, 255, 74, 430, 0, 0, 0, 0, 0, 0, 93)
22 (1, 4, 204, 197, 530, 0, 0, 0, 0, 0, 0, 173)
23 (1, 4, 114, 215, 575, 0, 0, 19, 0, 0, 0, 250)
24 (1, 4, 2, 81, 539, 0, 0, 35, 0, 0, 0, 48)
25 (1, 4, 5, 0, 519, 0, 0, 7, 0, 0, 0, 4)
26 (1, 4, 166, 0, 456, 0, 0, 0, 0, 0, 0, 99)
27 (1, 4, 154, 67, 202, 0, 0, 11, 0, 0, 0, 169)
28 (1, 4, 8, 44, 89, 0, 0, 28, 0, 0, 0, 69)
29 (1, 4, 79, 0, 0, 0, 0, 8, 0, 0, 0, 71)
0 (1, 4, 136, 275, 0, 0, 0, 0, 0, 0, 0, 71)
1 (1, 4, 46, 372, 0, 0, 0, 0, 0, 0, 0, 242)
2 (1, 4, 93, 245, 0, 0, 0, 0, 0, 0, 0, 31)
3 (1, 4, 17, 257, 0, 0, 0, 0, 1, 1, 0, 201)
4 (1, 4, 27, 201, 0, 0, 0, 0, 0, 0, 0, 120)
5 (1, 4, 52, 22, 10, 0, 0, 0, 0, 0, 0, 36)
6 (1, 4, 137, 0, 30, 0, 0, 0, 0, 0, 0, 167)
7 (1, 4, 424, 0, 0, 0, 0, 1, 0, 0, 0, 1)
8 (1, 4, 0, 0, 0, 0, 53, 0, 0, 0, 0, 108)
9 (1, 4, 0, 0, 0, 0, 10, 0, 1, 0, 0, 47)
10 (1, 4, 0, 0, 0, 0, 0, 0, 1, 1, 0, 119)
11 (1, 4, 50, 0, 0, 0, 0, 0, 1, 1, 0, 76)
12 (1, 4, 16, 0, 0, 17, 0, 0, 1, 1, 0, 127)
13 (1, 4, 26, 59, 56, 9, 0, 0, 1, 1, 0, 233)
14 (1, 4, 70, 107, 100, 13, 0, 0, 1, 1, 0, 48)
15 (1, 4, 85, 198, 187, 0, 0, 0, 1, 1, 0, 106)
16 (1, 4, 114, 228, 344, 0, 0, 0, 1, 1, 0, 58)
17 (1, 4, 60, 169, 434, 0, 0, 0, 0, 0, 0, 214)
18 (1, 4, 0, 70, 535, 0, 0, 0, 0, 0, 0, 106)
19 (1, 4, 0, 32, 635, 0, 0, 0, 0, 0, 0, 123)
20 (1, 4, 228, 113, 763, 0, 0, 0, 0, 0, 0, 190)
21 (1, 4, 0, 6, 512, 0, 0, 0, 0, 0, 0, 115)
22 (1, 4, 101, 0, 345, 0, 0, 0, 0, 0, 0, 247)
23 (1, 4, 76, 0, 232, 0, 3, 0, 0, 0, 0, 124)
24 (1, 4, 34, 0, 171, 0, 0, 2, 0, 0, 0, 20)
25 (1, 4, 0, 92, 0, 0, 0, 5, 0, 0, 0, 95)
26 (1, 4, 0, 0, 0, 0, 12, 32, 0, 0, 0, 253)
27 (1, 4, 73, 0, 0, 0, 17, 4, 0, 0, 0, 0)
28 (1, 4, 40, 0, 0, 0, 24, 0, 0, 0, 0, 141)
29 (1, 4, 0, 20, 5, 0, 20, 0, 0, 0, 0, 105)
30 (1, 4, 0, 44, 33, 0, 9, 0, 0, 0, 0, 7)
31 (1, 4, 72, 17, 11, 0, 11, 0, 0, 0, 0, 30)
0 (1, 4, 154, 0, 0, 0, 0, 0, 0, 0, 0, 231)
1 (1, 4, 181, 34, 0, 0, 0, 0, 0, 0, 0, 213)
2 (1, 4, 118, 171, 0, 0, 0, 0, 0, 0, 0, 92)
3 (1, 4, 171, 163, 0, 0, 0, 0, 0, 0, 0, 213)
4 (1, 4, 199, 150, 0, 0, 0, 0, 1, 0, 0, 125)
5 (1, 4, 175, 164, 0, 0, 0, 0, 0, 0, 0, 239)
6 (1, 4, 274, 137, 0, 0, 0, 0, 0, 0, 0, 135)
7 (1, 4, 293, 45, 0, 0, 0, 0, 0, 0, 0, 147)
8 (1, 4, 19, 135, 0, 0, 0, 0, 0, 0, 0, 143)
9 (1, 4, 0, 253, 0, 0, 0, 0, 0, 0, 0, 131)
10 (1, 4, 0, 237, 0, 0, 0, 0, 0, 0, 0, 226)
11 (1, 4, 0, 203, 0, 0, 0, 0, 0, 0, 0, 151)
12 (1, 4, 0, 103, 0, 0, 0, 0, 0, 0, 0, 61)
13 (1, 4, 0, 0, 41, 0, 0, 0, 0, 0, 0, 168)
14 (1, 4, 198, 0, 0, 0, 0, 0, 0, 0, 0, 198)
15 (1, 4, 469, 0, 0, 0, 0, 22, 0, 0, 0, 41)
16 (1, 4, 0, 0, 0, 0, 26, 0, 0, 0, 0, 200)
17 (1, 4, 0, 0, 0, 0, 0, 0, 1, 1, 0, 119)
18 (1, 4, 0, 0, 0, 0, 0, 0, 1, 1, 0, 119)
19 (1, 4, 32, 0, 0, 0, 0, 0, 1, 1, 0, 176)
20 (1, 4, 108, 94, 61, 0, 0, 0, 1, 1, 0, 96)
21 (1, 4, 23, 105, 78, 7, 0, 0, 1, 0, 0, 250)
22 (1, 4, 74, 96, 91, 15, 0, 0, 0, 0, 0, 252)
23 (1, 4, 0, 232, 116, 11, 0, 0, 0, 0, 0, 112)
24 (1, 4, 0, 254, 160, 0, 0, 0, 0, 0, 0, 84)
25 (1, 4, 28, 233, 253, 0, 0, 0, 0, 0, 0, 109)
26 (1, 4, 95, 129, 328, 0, 0, 0, 0, 0, 0, 227)
27 (1, 4, 153, 0, 436, 0, 0, 0, 2, 2, 0, 148)
28 (1, 4, 123, 0, 499, 0, 0, 0, 2, 2, 0, 205)
29 (1, 4, 55, 64, 531, 0, 0, 0, 1, 1, 0, 135)
30 (1, 4, 0, 42, 536, 0, 0, 5, 0, 0, 0, 177)
31 (1, 4, 0, 0, 464, 0, 0, 0, 0, 0, 0, 86)
0 (1, 4, 73, 0, 0, 0, 0, 0, 2, 1, 0, 38)
1 (1, 4, 80, 0, 0, 3, 0, 0, 1, 1, 0, 63)
2 (1, 4, 11, 79, 46, 11, 0, 0, 1, 1, 0, 205)
3 (1, 4, 10, 132, 95, 11, 0, 0, 1, 1, 0, 196)
4 (1, 4, 38, 157, 114, 0, 0, 0, 1, 1, 0, 125)
5 (1, 4, 55, 199, 140, 0, 0, 0, 1, 1, 0, 233)
6 (1, 4, 120, 197, 200, 0, 0, 0, 0, 1, 0, 144)
7 (1, 4, 124, 105, 312, 0, 0, 0, 0, 0, 0, 191)
8 (1, 4, 393, 0, 455, 0, 0, 0, 1, 0, 0, 199)
9 (1, 4, 207, 192, 523, 0, 0, 11, 0, 0, 0, 11)
10 (1, 4, 0, 251, 539, 0, 0, 22, 0, 0, 0, 233)
11 (1, 4, 0, 11, 534, 0, 0, 0, 0, 0, 0, 161)
12 (1, 4, 0, 330, 395, 0, 0, 0, 0, 0, 0, 109)
13 (1, 4, 144, 0, 191, 0, 0, 0, 0, 0, 0, 162)
14 (1, 4, 92, 0, 165, 0, 0, 0, 0, 0, 0, 154)
15 (1, 4, 149, 0, 240, 0, 0, 0, 0, 0, 0, 54)
16 (1, 4, 133, 0, 0, 0, 0, 0, 0, 0, 0, 93)
17 (1, 4, 79, 0, 0, 0, 10, 0, 0, 0, 0, 158)
18 (1, 4, 70, 6, 0, 0, 17, 0, 0, 0, 0, 152)
19 (1, 4, 67, 21, 0, 0, 21, 0, 0, 0, 0, 244)
20 (1, 4, 32, 45, 0, 0, 19, 0, 0, 0, 0, 169)
21 (1, 4, 70, 23, 4, 0, 11, 0, 0, 0, 0, 164)
22 (1, 4, 65, 40, 0, 0, 23, 0, 0, 0, 0, 101)
23 (1, 4, 52, 63, 0, 0, 21, 0, 0, 0, 0, 108)
24 (1, 4, 85, 37, 0, 0, 20, 0, 0, 0, 0, 234)
25 (1, 4, 141, 0, 19, 0, 15, 0, 0, 0, 0, 64)
26 (1, 4, 39, 0, 2, 0, 13, 0, 0, 0, 0, 231)
27 (1, 4, 0, 3, 0, 0, 6, 0, 0, 0, 0, 183)
28 (1, 4, 9, 0, 0, 0, 8, 0, 0, 0, 0, 193)
0 (1, 4, 0, 0, 0, 0, 0, 0, 1, 1, 0, 119)
1 (1, 4, 55, 38, 0, 14, 0, 0, 1, 1, 0, 181)
2 (1, 4, 56, 98, 65, 17, 0, 0, 0, 0, 0, 130)
3 (1, 4, 93, 168, 113, 21, 0, 0, 0, 0, 0, 91)
4 (1, 4, 86, 243, 174, 0, 0, 0, 1, 1, 0, 1)
5 (1, 4, 61, 175, 238, 0, 0, 0, 0, 0, 0, 84)
6 (1, 4, 0, 120, 319, 0, 0, 0, 0, 0, 0, 104)
7 (1, 4, 141, 0, 481, 0, 0, 0, 0, 0, 0, 16)
8 (1, 4, 209, 0, 603, 0, 0, 0, 0, 0, 0, 53)
9 (1, 4, 52, 156, 660, 0, 0, 24, 0, 0, 0, 59)
10 (1, 4, 158, 0, 556, 0, 0, 0, 0, 0, 0, 121)
11 (1, 4, 0, 67, 376, 0, 0, 0, 0, 0, 0, 190)
12 (1, 4, 0, 0, 346, 0, 0, 0, 0, 0, 0, 52)
13 (1, 4, 8, 0, 227, 0, 0, 0, 0, 0, 0, 65)
14 (1, 4, 497, 0, 138, 0, 0, 6, 0, 0, 0, 103)
15 (1, 4, 336, 0, 0, 0, 13, 0, 0, 0, 0, 78)
16 (1, 4, 16, 36, 0, 0, 19, 0, 0, 0, 0, 136)
17 (1, 4, 0, 47, 0, 0, 13, 0, 0, 0, 0, 86)
18 (1, 4, 35, 3, 0, 0, 14, 0, 0, 0, 0, 163)
19 (1, 4, 103, 17, 34, 0, 21, 0, 0, 0, 0, 0)
20 (1, 4, 0, 99, 34, 0, 35, 13, 0, 0, 0, 240)
21 (1, 4, 0, 56, 2, 0, 14, 5, 0, 0, 0, 59)
22 (1, 4, 0, 0, 0, 0, 12, 0, 0, 0, 0, 92)
23 (1, 4, 0, 21, 0, 0, 12, 0, 0, 0, 0, 82)
24 (1, 4, 0, 31, 1, 0, 8, 0, 0, 0, 0, 251)
25 (1, 4, 0, 11, 3, 0, 9, 0, 0, 0, 0, 22)
26 (1, 4, 4, 0, 0, 0, 11, 0, 0, 0, 0, 12)
27 (1, 4, 11, 0, 0, 0, 14, 0, 0, 0, 0, 204)
28 (1, 4, 8, 0, 0, 0, 11, 0, 0, 0, 0, 68)
29 (1, 4, 4, 2, 0, 0, 10, 0, 0, 0, 0, 24)
0 (1, 4, 217, 320, 0, 0, 0, 0, 0, 0, 0, 26)
1 (1, 4, 208, 313, 0, 0, 0, 0, 0, 0, 0, 66)
2 (1, 4, 206, 269, 0, 0, 0, 0, 0, 0, 0, 143)
3 (1, 4, 227, 217, 4, 0, 0, 0, 0, 0, 0, 140)
4 (1, 4, 44, 235, 0, 0, 0, 0, 1, 1, 0, 211)
5 (1, 4, 0, 139, 0, 0, 0, 0, 1, 0, 0, 118)
6 (1, 4, 0, 103, 0, 0, 0, 0, 0, 0, 0, 61)
7 (1, 4, 0, 58, 77, 0, 0, 0, 1, 1, 0, 135)
8 (1, 4, 135, 0, 192, 0, 0, 0, 0, 0, 0, 75)
9 (1, 4, 175, 0, 0, 0, 0, 0, 0, 0, 0, 246)
10 (1, 4, 84, 0, 0, 0, 0, 0, 0, 0, 0, 47)
11 (1, 4, 545, 0, 0, 0, 0, 0, 0, 0, 0, 179)
12 (1, 4, 0, 0, 0, 0, 36, 0, 0, 0, 0, 144)
13 (1, 4, 0, 0, 24, 0, 0, 0, 1, 1, 0, 180)
14 (1, 4, 0, 0, 29, 0, 0, 0, 1, 1, 0, 126)
15 (1, 4, 0, 0, 0, 0, 0, 0, 0, 0, 0, 126)
16 (1, 4, 0, 0, 0, 0, 0, 0, 0, 0, 0, 126)
17 (1, 4, 0, 33, 15, 5, 0, 0, 1, 1, 0, 58)
18 (1, 4, 26, 177, 65, 0, 0, 0, 1, 1, 0, 131)
19 (1, 4, 239, 234, 43, 0, 0, 0, 0, 0, 0, 24)
20 (1, 4, 241, 262, 0, 0, 0, 0, 0, 0, 0, 153)
21 (1, 4, 237, 237, 123, 0, 0, 0, 0, 0, 0, 130)
22 (1, 4, 238, 326, 334, 0, 0, 0, 0, 0, 0, 203)
23 (1, 4, 106, 427, 520, 0, 0, 0, 0, 0, 0, 23)
24 (1, 4, 174, 663, 827, 0, 0, 19, 0, 0, 0, 131)
25 (1, 4, 0, 319, 636, 0, 0, 26, 0, 0, 0, 43)
26 (1, 4, 0, 0, 209, 0, 0, 0, 0, 0, 0, 159)
27 (1, 4, 0, 0, 214, 0, 0, 0, 0, 0, 0, 122)
28 (1, 4, 137, 0, 265, 0, 0, 0, 0, 0, 0, 96)
29 (1, 4, 169, 0, 134, 0, 0, 0, 0, 0, 0, 82)
0 (1, 4, 0, 130, 0, 0, 0, 0, 0, 0, 0, 18)
1 (1, 4, 160, 139, 0, 0, 0, 0, 0, 0, 0, 198)
2 (1, 4, 192, 272, 0, 0, 0, 0, 0, 0, 0, 102)
3 (1, 4, 206, 378, 0, 0, 0, 0, 0, 0, 0, 173)
4 (1, 4, 236, 253, 0, 0, 0, 0, 0, 0, 0, 144)
5 (1, 4, 199, 228, 0, 0, 0, 0, 0, 0, 0, 82)
6 (1, 4, 74, 203, 0, 0, 0, 0, 0, 0, 0, 114)
7 (1, 4, 79, 137, 0, 0, 0, 0, 0, 0, 0, 170)
8 (1, 4, 0, 210, 0, 0, 0, 0, 0, 0, 0, 240)
9 (1, 4, 0, 58, 0, 0, 0, 0, 0, 0, 0, 3)
10 (1, 4, 108, 0, 0, 0, 0, 0, 0, 0, 0, 120)
11 (1, 4, 233, 0, 0, 0, 0, 0, 0, 0, 0, 91)
12 (1, 4, 473, 0, 0, 0, 0, 0, 0, 0, 0, 126)
13 (1, 4, 163, 0, 0, 0, 0, 0, 0, 0, 0, 190)
14 (1, 4, 0, 0, 0, 0, 0, 0, 1, 1, 0, 119)
15 (1, 4, 0, 0, 0, 0, 0, 0, 1, 1, 0, 119)
16 (1, 4, 0, 0, 0, 5, 0, 0, 1, 1, 0, 20)
17 (1, 4, 25, 58, 0, 16, 0, 0, 1, 1, 0, 99)
18 (1, 4, 2, 110, 14, 36, 0, 0, 1, 1, 0, 118)
19 (1, 4, 24, 202, 98, 31, 0, 0, 1, 0, 0, 168)
20 (1, 4, 0, 217, 124, 12, 0, 0, 0, 0, 0, 135)
21 (1, 4, 42, 239, 185, 6, 0, 0, 0, 0, 0, 62)
22 (1, 4, 22, 245, 258, 0, 0, 0, 0, 0, 0, 134)
23 (1, 4, 106, 231, 404, 0, 0, 0, 1, 1, 0, 154)
24 (1, 4, 168, 237, 612, 0, 0, 0, 0, 0, 0, 161)
25 (1, 4, 34, 353, 808, 0, 0, 0, 0, 0, 0, 17)
26 (1, 4, 0, 215, 658, 0, 0, 0, 0, 0, 0, 132)
27 (1, 4, 0, 0, 458, 0, 0, 0, 0, 0, 0, 186)
28 (1, 4, 0, 0, 330, 0, 0, 0, 0, 0, 0, 75)
29 (1, 4, 0, 58, 282, 0, 0, 0, 0, 0, 0, 178)
30 (1, 4, 49, 0, 294, 0, 0, 0, 0, 0, 0, 133)
31 (1, 4, 7, 18, 0, 0, 0, 0, 0, 0, 0, 88)
0 (1, 4, 95, 191, 0, 0, 0, 0, 0, 0, 0, 94)
1 (1, 4, 88, 181, 0, 0, 0, 0, 0, 0, 0, 170)
2 (1, 4, 47, 233, 0, 0, 0, 0, 0, 0, 0, 165)
3 (1, 4, 0, 227, 0, 0, 0, 0, 0, 0, 0, 230)
4 (1, 4, 0, 27, 0, 0, 0, 0, 0, 0, 0, 116)
5 (1, 4, 0, 0, 0, 0, 0, 0, 0, 0, 0, 126)
6 (1, 4, 143, 0, 145, 0, 0, 0, 0, 0, 0, 43)
7 (1, 4, 158, 0, 0, 0, 0, 21, 0, 0, 0, 166)
8 (1, 4, 0, 0, 0, 0, 0, 2, 0, 0, 0, 199)
9 (1, 4, 0, 0, 0, 0, 35, 0, 0, 0, 0, 248)
10 (1, 4, 0, 0, 0, 0, 45, 0, 1, 1, 0, 33)
11 (1, 4, 0, 0, 0, 0, 0, 0, 1, 1, 0, 119)
12 (1, 4, 0, 0, 0, 0, 0, 0, 1, 1, 0, 119)
13 (1, 4, 149, 8, 0, 0, 0, 0, 1, 1, 0, 7)
14 (1, 4, 136, 93, 28, 0, 0, 0, 0, 0, 0, 184)
15 (1, 4, 78, 195, 80, 5, 0, 0, 1, 1, 0, 23)
16 (1, 4, 153, 332, 193, 0, 0, 0, 1, 1, 0, 109)
17 (1, 4, 251, 327, 344, 0, 0, 0, 0, 0, 0, 166)
18 (1, 4, 221, 156, 637, 0, 0, 5, 0, 0, 0, 81)
19 (1, 4, 100, 225, 731, 0, 0, 32, 0, 0, 0, 148)
20 (1, 4, 0, 115, 603, 0, 0, 0, 0, 0, 0, 191)
21 (1, 4, 0, 0, 480, 0, 0, 0, 0, 0, 0, 215)
22 (1, 4, 18, 0, 409, 0, 0, 0, 0, 0, 0, 121)
23 (1, 4, 166, 0, 372, 0, 0, 6, 0, 0, 0, 61)
24 (1, 4, 104, 0, 232, 0, 11, 11, 0, 0, 0, 206)
25 (1, 4, 0, 0, 81, 0, 0, 23, 0, 0, 0, 174)
26 (1, 4, 12, 0, 0, 0, 0, 1, 0, 0, 0, 233)
27 (1, 4, 69, 8, 0, 0, 0, 23, 0, 0, 0, 178)
28 (1, 4, 180, 17, 0, 0, 31, 19, 0, 0, 0, 57)
29 (1, 4, 100, 0, 0, 0, 37, 9, 0, 0, 0, 170)
30 (1, 4, 75, 0, 0, 0, 33, 6, 0, 0, 0, 45)
31 (1, 4, 41, 21, 3, 0, 37, 10, 0, 0, 0, 182)
0 (1, 4, 155, 277, 0, 0, 0, 0, 0, 0, 0, 2)
1 (1, 4, 176, 187, 0, 0, 0, 0, 0, 0, 0, 133)
2 (1, 4, 47, 238, 0, 0, 0, 0, 0, 0, 0, 167)
3 (1, 4, 25, 211, 0, 0, 0, 0, 0, 0, 0, 219)
4 (1, 4, 0, 140, 0, 0, 0, 0, 0, 0, 0, 22)
5 (1, 4, 0, 34, 0, 0, 0, 0, 0, 0, 0, 209)
6 (1, 4, 0, 0, 0, 0, 0, 0, 0, 0, 0, 126)
7 (1, 4, 208, 0, 0, 0, 0, 0, 0, 0, 0, 2)
8 (1, 4, 503, 0, 0, 0, 0, 0, 0, 0, 0, 237)
9 (1, 4, 68, 0, 0, 0, 7, 0, 0, 0, 0, 167)
10 (1, 4, 0, 0, 0, 0, 10, 0, 1, 1, 0, 68)
11 (1, 4, 0, 0, 0, 0, 0, 0, 1, 1, 0, 119)
12 (1, 4, 0, 0, 0, 0, 0, 0, 1, 1, 0, 119)
13 (1, 4, 23, 0, 0, 0, 0, 0, 1, 1, 0, 189)
14 (1, 4, 0, 0, 0, 15, 0, 0, 1, 1, 0, 210)
15 (1, 4, 29, 41, 0, 22, 0, 0, 0, 0, 0, 169)
16 (1, 4, 37, 113, 39, 17, 0, 0, 0, 0, 0, 233)
17 (1, 4, 0, 233, 63, 6, 0, 0, 1, 1, 0, 171)
18 (1, 4, 123, 288, 163, 0, 0, 0, 1, 1, 0, 40)
19 (1, 4, 197, 266, 323, 0, 0, 0, 0, 0, 0, 242)
20 (1, 4, 187, 201, 528, 0, 0, 0, 0, 0, 0, 111)
21 (1, 4, 207, 199, 678, 0, 0, 2, 0, 0, 0, 69)
22 (1, 4, 150, 133, 619, 0, 0, 0, 0, 0, 0, 121)
23 (1, 4, 0, 129, 500, 0, 0, 2, 0, 0, 0, 251)
24 (1, 4, 0, 140, 391, 0, 0, 29, 0, 0, 0, 204)
25 (1, 4, 0, 0, 305, 0, 0, 0, 0, 0, 0, 54)
26 (1, 4, 0, 0, 186, 0, 0, 0, 0, 0, 0, 157)
27 (1, 4, 0, 165, 176, 0, 0, 0, 0, 0, 0, 162)
28 (1, 4, 73, 52, 0, 0, 0, 0, 0, 0, 0, 240)
29 (1, 4, 220, 0, 0, 0, 0, 0, 0, 0, 0, 74)
30 (1, 4, 169, 0, 0, 0, 18, 0, 0, 0, 0, 165)
31 (1, 4, 0, 20, 18, 0, 18, 0, 0, 0, 0, 226)
0 (1, 4, 141, 177, 0, 0, 0, 0, 0, 0, 0, 58)
1 (1, 4, 59, 247, 0, 0, 0, 0, 0, 0, 0, 24)
2 (1, 4, 144, 138, 0, 0, 0, 0, 0, 0, 0, 84)
3 (1, 4, 9, 160, 0, 0, 0, 0, 1, 1, 0, 202)
4 (1, 4, 53, 0, 0, 0, 0, 3, 0, 0, 0, 9)
5 (1, 4, 77, 0, 0, 0, 0, 24, 0, 0, 0, 136)
6 (1, 4, 396, 0, 0, 0, 0, 0, 0, 0, 0, 33)
7 (1, 4, 0, 0, 0, 0, 13, 0, 0, 0, 0, 37)
8 (1, 4, 0, 0, 0, 0, 0, 0, 0, 0, 0, 126)
9 (1, 4, 0, 0, 0, 0, 0, 0, 1, 1, 0, 119)
10 (1, 4, 0, 0, 0, 0, 0, 0, 1, 1, 0, 119)
11 (1, 4, 54, 0, 0, 0, 0, 0, 3, 1, 0, 176)
12 (1, 4, 16, 31, 0, 11, 0, 0, 0, 0, 0, 151)
13 (1, 4, 39, 98, 43, 17, 0, 0, 0, 0, 0, 174)
14 (1, 4, 26, 207, 79, 14, 0, 0, 0, 0, 0, 217)
15 (1, 4, 72, 315, 127, 0, 0, 0, 1, 0, 0, 235)
16 (1, 4, 187, 288, 222, 0, 0, 0, 1, 1, 0, 184)
17 (1, 4, 382, 204, 486, 0, 0, 28, 0, 0, 0, 249)
18 (1, 4, 338, 149, 873, 0, 0, 3, 0, 0, 0, 170)
19 (1, 4, 60, 338, 850, 0, 0, 4, 0, 0, 0, 66)
20 (1, 4, 0, 319, 477, 0, 0, 0, 0, 0, 0, 215)
21 (1, 4, 0, 0, 357, 0, 0, 0, 0, 0, 0, 236)
22 (1, 4, 110, 0, 221, 0, 0, 6, 0, 0, 0, 171)
23 (1, 4, 33, 72, 218, 0, 0, 11, 0, 0, 0, 237)
24 (1, 4, 5, 136, 118, 0, 0, 7, 0, 0, 0, 226)
25 (1, 4, 0, 123, 0, 0, 0, 2, 0, 0, 0, 140)
26 (1, 4, 0, 0, 0, 0, 0, 10, 0, 0, 0, 45)
27 (1, 4, 104, 0, 0, 0, 9, 0, 0, 0, 0, 248)
28 (1, 4, 117, 0, 0, 0, 17, 0, 0, 0, 0, 26)
29 (1, 4, 115, 0, 0, 0, 23, 0, 0, 0, 0, 47)
0 (1, 4, 36, 157, 141, 16, 0, 0, 0, 0, 0, 77)
1 (1, 4, 86, 201, 207, 5, 0, 0, 0, 1, 0, 236)
2 (1, 4, 113, 199, 186, 0, 0, 0, 1, 1, 0, 180)
3 (1, 4, 197, 156, 196, 0, 0, 0, 1, 1, 0, 128)
4 (1, 4, 419, 16, 246, 0, 0, 0, 1, 1, 0, 46)
5 (1, 4, 457, 58, 398, 0, 0, 0, 1, 1, 0, 139)
6 (1, 4, 527, 275, 516, 0, 0, 13, 2, 2, 0, 202)
7 (1, 4, 384, 508, 410, 0, 0, 37, 0, 0, 0, 143)
8 (1, 4, 0, 455, 258, 0, 0, 60, 0, 0, 0, 132)
9 (1, 4, 0, 53, 112, 0, 0, 24, 0, 0, 0, 241)
10 (1, 4, 0, 40, 250, 0, 0, 33, 0, 0, 0, 105)
11 (1, 4, 7, 4, 181, 0, 0, 16, 0, 0, 0, 231)
12 (1, 4, 11, 20, 86, 0, 0, 9, 0, 0, 0, 103)
13 (1, 4, 40, 36, 21, 0, 0, 14, 0, 0, 0, 66)
14 (1, 4, 35, 0, 0, 0, 6, 7, 0, 0, 0, 169)
15 (1, 4, 0, 0, 13, 0, 7, 0, 0, 0, 0, 96)
16 (1, 4, 20, 11, 42, 0, 6, 0, 0, 0, 0, 177)
17 (1, 4, 24, 30, 36, 0, 5, 0, 0, 0, 0, 177)
18 (1, 4, 29, 16, 11, 0, 5, 2, 0, 0, 0, 157)
19 (1, 4, 22, 0, 0, 0, 12, 0, 0, 0, 0, 152)
20 (1, 4, 11, 0, 0, 0, 11, 0, 0, 0, 0, 86)
21 (1, 4, 1, 4, 0, 0, 12, 0, 0, 0, 0, 136)
22 (1, 4, 12, 0, 8, 0, 9, 0, 0, 0, 0, 50)
23 (1, 4, 13, 5, 5, 0, 10, 0, 0, 0, 0, 174)
24 (1, 4, 6, 0, 3, 0, 9, 0, 0, 0, 0, 89)
25 (1, 4, 7, 0, 0, 0, 10, 0, 0, 0, 0, 103)
26 (1, 4, 0, 0, 0, 0, 10, 0, 0, 0, 0, 77)
27 (1, 4, 0, 5, 0, 0, 7, 0, 0, 0, 0, 121)
28 (1, 4, 8, 0, 3, 0, 9, 0, 0, 0, 0, 13)
29 (1, 4, 0, 0, 0, 0, 9, 0, 0, 0, 0, 198)
