1 (1, 4, 0, 14, 64, 0, 0, 0, 0, 0, 0, 129)
2 (1, 4, 0, 6, 18, 0, 0, 0, 0, 0, 0, 153)
3 (1, 4, 60, 8, 0, 0, 0, 2, 0, 0, 0, 27)
4 (1, 4, 94, 0, 0, 0, 0, 0, 0, 0, 0, 67)
5 (1, 4, 109, 0, 0, 0, 0, 0, 0, 1, 0, 29)
6 (1, 4, 138, 0, 0, 0, 0, 0, 0, 1, 0, 108)
7 (1, 4, 145, 0, 0, 0, 0, 0, 0, 1, 0, 238)
8 (1, 4, 160, 21, 0, 0, 0, 0, 0, 1, 0, 201)
9 (1, 4, 208, 76, 0, 0, 0, 0, 0, 0, 0, 232)
10 (1, 4, 188, 97, 0, 0, 0, 0, 0, 0, 0, 240)
11 (1, 4, 161, 122, 0, 0, 0, 1, 0, 0, 0, 131)
12 (1, 4, 0, 0, 0, 0, 0, 0, 1, 1, 0, 119)
13 (1, 4, 820, 0, 0, 0, 0, 17, 1, 2, 0, 223)
14 (1, 4, 412, 0, 0, 0, 0, 60, 7, 7, 0, 19)
15 (1, 4, 170, 0, 0, 0, 0, 86, 3, 5, 0, 252)
16 (1, 4, 117, 0, 0, 21, 0, 77, 2, 3, 0, 14)
17 (1, 4, 164, 0, 0, 16, 0, 112, 2, 2, 0, 70)
18 (1, 4, 244, 0, 0, 9, 0, 138, 2, 2, 0, 209)
19 (1, 4, 178, 0, 0, 30, 0, 126, 2, 2, 0, 30)
20 (1, 4, 142, 0, 5, 78, 29, 102, 1, 1, 0, 101)
21 (1, 4, 179, 76, 203, 106, 97, 28, 1, 1, 0, 104)
22 (1, 4, 0, 338, 358, 0, 0, 23, 1, 1, 0, 244)
23 (1, 4, 36, 89, 151, 0, 0, 91, 1, 1, 0, 29)
24 (1, 4, 37, 0, 0, 0, 0, 80, 1, 1, 0, 16)
25 (1, 4, 27, 0, 0, 11, 0, 91, 1, 1, 0, 54)
26 (1, 4, 36, 7, 0, 28, 0, 112, 1, 1, 0, 206)
27 (1, 4, 0, 31, 0, 0, 0, 130, 1, 1, 0, 148)
28 (1, 4, 27, 0, 0, 0, 0, 120, 1, 1, 0, 40)
29 (1, 4, 0, 0, 0, 0, 0, 120, 1, 1, 0, 170)
30 (1, 4, 45, 0, 0, 0, 0, 103, 1, 1, 0, 1)
31 (1, 4, 24, 0, 0, 0, 0, 106, 1, 1, 0, 80)
32 (1, 4, 76, 0, 0, 29, 0, 91, 1, 1, 0, 192)
1 (1, 4, 41, 0, 0, 2, 0, 88, 2, 2, 0, 151)
2 (1, 4, 0, 43, 0, 18, 0, 111, 2, 2, 0, 17)
3 (1, 4, 0, 68, 0, 57, 0, 209, 1, 2, 0, 169)
4 (1, 4, 259, 0, 0, 37, 0, 197, 1, 2, 0, 53)
5 (1, 4, 30, 0, 0, 104, 48, 46, 1, 2, 0, 181)
6 (1, 4, 27, 45, 266, 0, 40, 18, 1, 1, 0, 131)
7 (1, 4, 0, 274, 313, 0, 0, 43, 1, 1, 0, 71)
8 (1, 4, 70, 0, 0, 0, 0, 58, 1, 1, 0, 251)
9 (1, 4, 12, 0, 0, 0, 0, 64, 1, 1, 0, 122)
10 (1, 4, 62, 0, 0, 15, 0, 100, 1, 1, 0, 48)
11 (1, 4, 2, 0, 0, 10, 0, 109, 1, 1, 0, 9)
12 (1, 4, 65, 0, 0, 16, 0, 105, 1, 1, 0, 214)
13 (1, 4, 18, 0, 0, 21, 0, 107, 1, 1, 0, 119)
14 (1, 4, 44, 0, 0, 3, 0, 104, 1, 1, 0, 215)
15 (1, 4, 0, 0, 0, 0, 0, 88, 1, 1, 0, 11)
16 (1, 4, 0, 0, 0, 16, 0, 90, 1, 1, 0, 69)
17 (1, 4, 0, 65, 0, 39, 0, 102, 1, 1, 0, 221)
18 (1, 4, 0, 129, 21, 21, 0, 116, 1, 1, 0, 160)
19 (1, 4, 0, 101, 39, 17, 0, 112, 1, 1, 0, 157)
20 (1, 4, 0, 90, 39, 14, 0, 101, 1, 1, 0, 164)
21 (1, 4, 0, 84, 55, 4, 0, 100, 1, 1, 0, 198)
22 (1, 4, 0, 93, 66, 0, 0, 111, 1, 1, 0, 128)
23 (1, 4, 0, 47, 89, 0, 0, 108, 1, 1, 0, 211)
24 (1, 4, 0, 25, 50, 0, 0, 100, 1, 1, 0, 47)
25 (1, 4, 0, 46, 31, 0, 0, 99, 1, 1, 0, 21)
26 (1, 4, 1, 24, 30, 0, 0, 96, 1, 1, 0, 253)
27 (1, 4, 19, 27, 40, 0, 0, 90, 1, 1, 0, 8)
28 (1, 4, 0, 27, 20, 0, 0, 87, 1, 1, 0, 217)
29 (1, 4, 0, 25, 0, 0, 0, 85, 1, 1, 0, 44)
30 (1, 4, 0, 25, 0, 0, 0, 86, 1, 1, 0, 74)
31 (1, 4, 0, 31, 0, 0, 0, 87, 1, 1, 0, 34)
32 (1, 4, 0, 20, 0, 0, 0, 88, 1, 1, 0, 176)
1 (1, 4, 70, 87, 0, 0, 0, 74, 1, 1, 0, 44)
2 (1, 4, 109, 146, 0, 0, 0, 72, 1, 1, 0, 221)
3 (1, 4, 118, 185, 0, 0, 0, 75, 1, 1, 0, 144)
4 (1, 4, 114, 181, 0, 0, 0, 75, 1, 1, 0, 193)
5 (1, 4, 132, 167, 0, 0, 0, 72, 1, 1, 0, 52)
6 (1, 4, 149, 224, 0, 0, 0, 63, 1, 1, 0, 127)
7 (1, 4, 115, 204, 0, 0, 0, 65, 1, 1, 0, 186)
8 (1, 4, 117, 100, 0, 0, 0, 87, 2, 2, 0, 234)
9 (1, 4, 129, 21, 0, 0, 0, 77, 2, 2, 0, 124)
10 (1, 4, 31, 190, 0, 15, 0, 59, 1, 2, 0, 141)
11 (1, 4, 53, 172, 0, 0, 0, 118, 1, 1, 0, 55)
12 (1, 4, 281, 62, 0, 20, 0, 176, 1, 1, 0, 63)
13 (1, 4, 257, 0, 0, 88, 63, 164, 1, 1, 0, 222)
14 (1, 4, 116, 3, 275, 43, 82, 69, 1, 1, 0, 18)
15 (1, 4, 0, 232, 181, 0, 0, 82, 1, 1, 0, 17)
16 (1, 4, 63, 0, 0, 0, 0, 2, 1, 1, 0, 179)
17 (1, 4, 79, 0, 0, 0, 0, 29, 1, 1, 0, 55)
18 (1, 4, 7, 59, 0, 0, 0, 58, 1, 1, 0, 180)
19 (1, 4, 9, 0, 0, 14, 0, 56, 1, 1, 0, 43)
20 (1, 4, 0, 123, 0, 74, 0, 70, 1, 1, 0, 166)
21 (1, 4, 0, 293, 0, 57, 0, 109, 1, 1, 0, 98)
22 (1, 4, 0, 308, 64, 0, 0, 167, 1, 1, 0, 40)
23 (1, 4, 0, 205, 0, 0, 0, 170, 1, 1, 0, 81)
24 (1, 4, 0, 194, 0, 0, 0, 130, 1, 2, 0, 22)
25 (1, 4, 18, 100, 0, 6, 0, 98, 1, 2, 0, 178)
26 (1, 4, 0, 183, 0, 13, 0, 82, 2, 2, 0, 120)
27 (1, 4, 0, 125, 0, 0, 0, 81, 2, 2, 0, 217)
28 (1, 4, 24, 87, 0, 0, 0, 71, 2, 2, 0, 74)
29 (1, 4, 0, 132, 0, 0, 0, 71, 2, 2, 0, 225)
30 (1, 4, 0, 234, 0, 0, 0, 78, 2, 2, 0, 145)
31 (1, 4, 58, 94, 0, 0, 0, 74, 2, 2, 0, 215)
32 (1, 4, 0, 127, 0, 0, 0, 73, 2, 2, 0, 141)
1 (1, 4, 197, 56, 184, 148, 72, 87, 3, 3, 0, 107)
2 (1, 4, 0, 46, 169, 82, 69, 59, 2, 3, 0, 132)
3 (1, 4, 0, 235, 288, 0, 33, 26, 2, 2, 0, 16)
4 (1, 4, 0, 312, 474, 0, 0, 94, 2, 2, 0, 146)
5 (1, 4, 0, 0, 288, 0, 0, 92, 2, 2, 0, 198)
6 (1, 4, 64, 66, 0, 0, 0, 99, 2, 2, 0, 137)
7 (1, 4, 122, 0, 0, 0, 35, 93, 2, 2, 0, 254)
8 (1, 4, 0, 55, 0, 0, 0, 134, 2, 2, 0, 139)
9 (1, 4, 0, 47, 0, 0, 0, 117, 2, 2, 0, 130)
10 (1, 4, 30, 75, 4, 0, 0, 132, 2, 2, 0, 145)
11 (1, 4, 0, 38, 9, 0, 0, 126, 2, 2, 0, 32)
12 (1, 4, 0, 47, 14, 0, 0, 127, 2, 2, 0, 28)
13 (1, 4, 0, 35, 16, 0, 0, 122, 2, 2, 0, 109)
14 (1, 4, 0, 24, 13, 0, 0, 121, 2, 2, 0, 202)
15 (1, 4, 0, 36, 3, 0, 0, 114, 2, 2, 0, 65)
16 (1, 4, 0, 37, 0, 0, 0, 121, 2, 2, 0, 195)
17 (1, 4, 0, 10, 0, 0, 0, 116, 2, 2, 0, 240)
18 (1, 4, 3, 0, 0, 0, 0, 114, 2, 2, 0, 240)
19 (1, 4, 3, 0, 0, 0, 0, 116, 2, 2, 0, 60)
20 (1, 4, 7, 9, 4, 0, 0, 117, 2, 2, 0, 131)
21 (1, 4, 10, 5, 3, 0, 0, 117, 2, 2, 0, 73)
22 (1, 4, 1, 5, 4, 0, 0, 116, 2, 2, 0, 17)
23 (1, 4, 0, 8, 0, 0, 0, 114, 2, 2, 0, 81)
24 (1, 4, 0, 9, 0, 0, 0, 117, 2, 2, 0, 247)
25 (1, 4, 2, 7, 0, 0, 0, 115, 2, 2, 0, 35)
26 (1, 4, 0, 3, 0, 0, 0, 117, 2, 2, 0, 41)
27 (1, 4, 9, 5, 0, 0, 0, 115, 2, 2, 0, 44)
28 (1, 4, 0, 0, 0, 0, 0, 114, 2, 2, 0, 226)
29 (1, 4, 10, 0, 0, 0, 0, 109, 1, 2, 0, 2)
30 (1, 4, 0, 0, 0, 0, 0, 92, 1, 2, 0, 195)
31 (1, 4, 29, 0, 0, 0, 0, 69, 1, 2, 0, 131)
32 (1, 4, 72, 65, 0, 0, 0, 47, 1, 2, 0, 93)
1 (1, 4, 0, 233, 287, 0, 0, 68, 1, 4, 0, 186)
2 (1, 4, 0, 93, 173, 0, 0, 55, 1, 4, 0, 145)
3 (1, 4, 0, 100, 28, 0, 0, 51, 1, 5, 0, 206)
4 (1, 4, 9, 0, 0, 0, 0, 24, 1, 3, 0, 230)
5 (1, 4, 0, 48, 0, 0, 0, 21, 1, 2, 0, 16)
6 (1, 4, 118, 19, 0, 0, 0, 50, 1, 2, 0, 50)
7 (1, 4, 318, 0, 0, 0, 0, 49, 1, 1, 0, 171)
8 (1, 4, 108, 0, 0, 0, 0, 50, 1, 1, 0, 186)
9 (1, 4, 233, 0, 0, 0, 0, 49, 1, 0, 0, 148)
10 (1, 4, 289, 0, 0, 0, 0, 36, 1, 0, 0, 3)
11 (1, 4, 192, 0, 0, 0, 0, 36, 1, 0, 0, 84)
12 (1, 4, 121, 0, 0, 0, 0, 44, 1, 1, 0, 153)
13 (1, 4, 140, 0, 0, 0, 0, 92, 1, 1, 0, 35)
14 (1, 4, 194, 0, 0, 5, 0, 153, 1, 1, 0, 248)
15 (1, 4, 244, 0, 2, 41, 0, 135, 1, 1, 0, 76)
16 (1, 4, 97, 0, 90, 69, 0, 118, 1, 1, 0, 109)
17 (1, 4, 115, 0, 120, 61, 0, 79, 2, 2, 0, 47)
18 (1, 4, 119, 0, 183, 0, 18, 41, 1, 2, 0, 56)
19 (1, 4, 0, 384, 155, 0, 4, 14, 1, 1, 0, 223)
20 (1, 4, 0, 104, 164, 0, 0, 112, 1, 1, 0, 227)
21 (1, 4, 0, 66, 0, 0, 0, 71, 1, 1, 0, 207)
22 (1, 4, 79, 0, 0, 0, 0, 107, 1, 1, 0, 204)
23 (1, 4, 0, 57, 0, 0, 0, 107, 1, 1, 0, 186)
24 (1, 4, 38, 5, 0, 0, 0, 117, 1, 1, 0, 102)
25 (1, 4, 12, 16, 0, 0, 0, 117, 1, 1, 0, 195)
26 (1, 4, 31, 0, 0, 0, 0, 113, 1, 1, 0, 37)
27 (1, 4, 11, 0, 0, 0, 0, 109, 1, 1, 0, 177)
28 (1, 4, 10, 0, 8, 0, 0, 103, 1, 1, 0, 80)
29 (1, 4, 59, 0, 0, 0, 0, 115, 1, 1, 0, 99)
30 (1, 4, 87, 0, 0, 0, 0, 107, 1, 1, 0, 92)
31 (1, 4, 56, 0, 0, 0, 0, 119, 1, 1, 0, 4)
32 (1, 4, 60, 0, 0, 0, 0, 115, 1, 1, 0, 73)
1 (1, 4, 50, 37, 0, 0, 0, 103, 1, 1, 0, 22)
2 (1, 4, 116, 44, 0, 0, 0, 104, 1, 1, 0, 68)
3 (1, 4, 160, 0, 0, 0, 0, 85, 1, 1, 0, 153)
4 (1, 4, 216, 0, 0, 9, 0, 73, 1, 1, 0, 236)
5 (1, 4, 73, 0, 0, 29, 0, 88, 1, 1, 0, 144)
6 (1, 4, 79, 16, 0, 32, 0, 126, 0, 1, 0, 95)
7 (1, 4, 109, 0, 0, 44, 0, 155, 0, 1, 0, 165)
8 (1, 4, 73, 0, 0, 58, 0, 143, 0, 1, 0, 73)
9 (1, 4, 265, 40, 46, 43, 0, 131, 0, 1, 0, 247)
10 (1, 4, 266, 131, 194, 0, 4, 74, 0, 1, 0, 114)
11 (1, 4, 160, 252, 326, 0, 0, 58, 0, 1, 0, 121)
12 (1, 4, 0, 29, 130, 0, 0, 106, 0, 1, 0, 193)
13 (1, 4, 13, 0, 0, 0, 0, 101, 0, 1, 0, 29)
14 (1, 4, 0, 0, 0, 0, 14, 93, 0, 1, 0, 19)
15 (1, 4, 0, 15, 0, 0, 4, 112, 0, 1, 0, 112)
16 (1, 4, 0, 18, 0, 0, 0, 130, 0, 1, 0, 42)
17 (1, 4, 0, 13, 0, 0, 0, 124, 0, 1, 0, 97)
18 (1, 4, 31, 13, 0, 0, 0, 122, 0, 1, 0, 23)
19 (1, 4, 9, 5, 0, 0, 0, 127, 0, 1, 0, 202)
20 (1, 4, 10, 0, 0, 0, 0, 120, 0, 1, 0, 164)
21 (1, 4, 8, 0, 0, 0, 0, 116, 0, 1, 0, 39)
22 (1, 4, 12, 0, 0, 0, 0, 113, 0, 1, 0, 181)
23 (1, 4, 0, 3, 0, 0, 0, 114, 0, 1, 0, 67)
24 (1, 4, 10, 13, 0, 0, 0, 117, 1, 1, 0, 90)
25 (1, 4, 0, 0, 0, 0, 0, 117, 1, 1, 0, 234)
26 (1, 4, 0, 0, 0, 0, 0, 114, 1, 1, 0, 249)
27 (1, 4, 0, 0, 0, 0, 0, 115, 1, 1, 0, 38)
28 (1, 4, 0, 3, 0, 0, 0, 114, 1, 1, 0, 33)
29 (1, 4, 0, 5, 0, 0, 0, 116, 1, 1, 0, 90)
30 (1, 4, 3, 9, 0, 2, 0, 114, 1, 1, 0, 211)
31 (1, 4, 6, 20, 0, 0, 0, 118, 1, 1, 0, 19)
32 (1, 4, 2, 6, 0, 0, 0, 120, 1, 1, 0, 1)
1 (1, 4, 0, 0, 32, 0, 0, 111, 2, 4, 0, 242)
2 (1, 4, 0, 0, 0, 0, 0, 97, 3, 4, 0, 72)
3 (1, 4, 0, 0, 0, 0, 0, 100, 3, 4, 0, 226)
4 (1, 4, 0, 44, 0, 5, 0, 92, 3, 4, 0, 178)
5 (1, 4, 0, 127, 0, 89, 0, 86, 3, 4, 0, 125)
6 (1, 4, 72, 242, 0, 85, 0, 107, 3, 4, 0, 239)
7 (1, 4, 241, 221, 0, 40, 0, 119, 4, 3, 0, 243)
8 (1, 4, 423, 28, 0, 2, 0, 134, 3, 2, 0, 132)
9 (1, 4, 52, 66, 0, 0, 0, 57, 3, 3, 0, 211)
10 (1, 4, 177, 147, 122, 0, 0, 65, 3, 3, 0, 146)
11 (1, 4, 0, 13, 0, 0, 19, 41, 3, 3, 0, 35)
12 (1, 4, 0, 0, 70, 0, 0, 54, 3, 3, 0, 81)
13 (1, 4, 3, 5, 0, 0, 0, 73, 3, 3, 0, 104)
14 (1, 4, 69, 0, 0, 0, 0, 101, 3, 4, 0, 130)
15 (1, 4, 0, 11, 0, 11, 0, 121, 3, 3, 0, 213)
16 (1, 4, 49, 20, 0, 1, 0, 126, 3, 3, 0, 249)
17 (1, 4, 28, 0, 0, 2, 0, 112, 3, 3, 0, 196)
18 (1, 4, 63, 11, 0, 6, 0, 111, 3, 3, 0, 44)
19 (1, 4, 2, 32, 0, 2, 0, 111, 3, 3, 0, 152)
20 (1, 4, 4, 25, 0, 0, 0, 113, 3, 3, 0, 210)
21 (1, 4, 0, 43, 16, 4, 0, 109, 3, 4, 0, 125)
22 (1, 4, 6, 28, 0, 0, 0, 116, 3, 3, 0, 11)
23 (1, 4, 0, 36, 4, 0, 0, 114, 3, 3, 0, 173)
24 (1, 4, 3, 11, 0, 0, 0, 116, 3, 3, 0, 94)
25 (1, 4, 9, 11, 2, 0, 0, 113, 3, 3, 0, 183)
26 (1, 4, 7, 21, 0, 0, 0, 120, 3, 3, 0, 156)
27 (1, 4, 31, 0, 0, 0, 0, 117, 3, 3, 0, 66)
28 (1, 4, 12, 0, 0, 0, 0, 112, 3, 3, 0, 26)
29 (1, 4, 10, 0, 0, 0, 0, 114, 3, 3, 0, 135)
30 (1, 4, 11, 18, 0, 0, 0, 115, 3, 3, 0, 90)
31 (1, 4, 1, 1, 0, 0, 0, 117, 3, 3, 0, 67)
32 (1, 4, 12, 5, 3, 0, 0, 116, 3, 3, 0, 187)
1 (1, 4, 143, 17, 0, 50, 0, 108, 1, 1, 0, 183)
2 (1, 4, 287, 0, 0, 41, 0, 123, 1, 1, 0, 122)
3 (1, 4, 104, 69, 0, 205, 187, 0, 2, 2, 0, 171)
4 (1, 4, 0, 575, 309, 0, 0, 0, 1, 1, 0, 190)
5 (1, 4, 194, 55, 176, 0, 0, 38, 3, 3, 0, 89)
6 (1, 4, 95, 0, 0, 0, 0, 25, 2, 2, 0, 185)
7 (1, 4, 43, 19, 0, 18, 0, 66, 2, 2, 0, 69)
8 (1, 4, 56, 58, 0, 5, 0, 108, 2, 2, 0, 94)
9 (1, 4, 24, 21, 0, 0, 0, 131, 2, 2, 0, 30)
10 (1, 4, 52, 0, 8, 0, 0, 112, 2, 2, 0, 248)
11 (1, 4, 12, 0, 0, 0, 0, 115, 2, 2, 0, 117)
12 (1, 4, 33, 0, 0, 1, 0, 110, 2, 2, 0, 120)
13 (1, 4, 28, 0, 0, 1, 0, 111, 2, 2, 0, 198)
14 (1, 4, 10, 17, 0, 6, 0, 108, 2, 2, 0, 237)
15 (1, 4, 0, 30, 0, 0, 0, 115, 2, 2, 0, 88)
16 (1, 4, 8, 21, 15, 0, 0, 109, 2, 2, 0, 239)
17 (1, 4, 0, 0, 19, 0, 0, 114, 2, 2, 0, 38)
18 (1, 4, 3, 9, 17, 0, 0, 112, 2, 2, 0, 164)
19 (1, 4, 23, 12, 27, 0, 0, 111, 2, 2, 0, 170)
20 (1, 4, 19, 19, 22, 0, 0, 115, 2, 2, 0, 120)
21 (1, 4, 1, 11, 12, 0, 0, 116, 2, 2, 0, 169)
22 (1, 4, 0, 11, 3, 0, 0, 116, 2, 2, 0, 254)
23 (1, 4, 0, 18, 3, 0, 0, 116, 2, 2, 0, 153)
24 (1, 4, 3, 8, 0, 0, 0, 116, 2, 2, 0, 143)
25 (1, 4, 0, 11, 0, 0, 0, 116, 2, 2, 0, 69)
26 (1, 4, 1, 1, 0, 0, 0, 116, 2, 2, 0, 149)
27 (1, 4, 0, 0, 0, 0, 0, 113, 2, 2, 0, 132)
28 (1, 4, 2, 0, 6, 0, 0, 115, 2, 2, 0, 80)
29 (1, 4, 6, 0, 8, 0, 0, 114, 2, 2, 0, 122)
30 (1, 4, 7, 0, 14, 0, 0, 115, 2, 2, 0, 218)
31 (1, 4, 0, 0, 7, 0, 0, 112, 2, 2, 0, 190)
32 (1, 4, 4, 2, 0, 0, 0, 110, 2, 2, 0, 251)
1 (1, 4, 0, 0, 17, 21, 0, 117, 2, 3, 0, 229)
2 (1, 4, 0, 8, 31, 10, 0, 112, 4, 4, 0, 62)
3 (1, 4, 0, 0, 56, 0, 0, 125, 2, 2, 0, 38)
4 (1, 4, 3, 0, 66, 0, 0, 101, 1, 1, 0, 255)
5 (1, 4, 1, 0, 75, 0, 0, 89, 1, 1, 0, 38)
6 (1, 4, 7, 0, 99, 0, 0, 107, 1, 1, 0, 139)
7 (1, 4, 46, 0, 0, 19, 0, 98, 1, 1, 0, 111)
8 (1, 4, 63, 0, 26, 52, 0, 93, 1, 0, 0, 57)
9 (1, 4, 151, 0, 65, 78, 0, 117, 1, 0, 0, 94)
10 (1, 4, 267, 70, 193, 102, 0, 114, 1, 1, 0, 77)
11 (1, 4, 103, 0, 0, 126, 33, 96, 1, 1, 0, 242)
12 (1, 4, 0, 102, 233, 61, 12, 65, 1, 1, 0, 96)
13 (1, 4, 0, 370, 216, 0, 0, 45, 1, 1, 0, 247)
14 (1, 4, 269, 0, 70, 0, 0, 54, 1, 1, 0, 7)
15 (1, 4, 33, 0, 0, 0, 0, 38, 1, 1, 0, 211)
16 (1, 4, 0, 0, 0, 9, 0, 51, 1, 1, 0, 132)
17 (1, 4, 0, 90, 0, 0, 0, 88, 1, 1, 0, 55)
18 (1, 4, 36, 84, 0, 0, 0, 103, 2, 2, 0, 92)
19 (1, 4, 45, 76, 0, 0, 0, 112, 2, 2, 0, 48)
20 (1, 4, 46, 75, 0, 0, 0, 120, 1, 2, 0, 108)
21 (1, 4, 44, 16, 0, 0, 0, 115, 1, 1, 0, 200)
22 (1, 4, 53, 21, 0, 0, 0, 104, 1, 1, 0, 102)
23 (1, 4, 31, 22, 0, 0, 0, 108, 1, 1, 0, 96)
24 (1, 4, 23, 13, 0, 0, 0, 103, 1, 1, 0, 150)
25 (1, 4, 33, 14, 0, 0, 0, 102, 1, 1, 0, 146)
26 (1, 4, 0, 30, 0, 0, 0, 104, 2, 2, 0, 7)
27 (1, 4, 0, 31, 0, 0, 0, 108, 1, 1, 0, 220)
28 (1, 4, 0, 15, 0, 0, 0, 105, 1, 1, 0, 23)
29 (1, 4, 8, 24, 0, 0, 0, 101, 1, 1, 0, 155)
30 (1, 4, 2, 30, 0, 0, 0, 106, 1, 1, 0, 185)
31 (1, 4, 10, 28, 0, 0, 0, 104, 1, 1, 0, 29)
32 (1, 4, 4, 26, 0, 0, 0, 108, 1, 1, 0, 139)
1 (1, 4, 0, 48, 0, 68, 0, 128, 2, 4, 0, 145)
2 (1, 4, 0, 204, 0, 47, 0, 186, 2, 3, 0, 11)
3 (1, 4, 133, 88, 0, 78, 0, 95, 2, 2, 0, 30)
4 (1, 4, 0, 188, 0, 75, 0, 85, 1, 1, 0, 140)
5 (1, 4, 0, 97, 0, 155, 0, 80, 1, 1, 0, 150)
6 (1, 4, 107, 121, 0, 106, 0, 86, 1, 1, 0, 221)
7 (1, 4, 0, 200, 0, 110, 9, 25, 1, 1, 0, 158)
8 (1, 4, 212, 433, 270, 0, 0, 42, 1, 1, 0, 163)
9 (1, 4, 0, 141, 0, 0, 0, 68, 1, 1, 0, 154)
10 (1, 4, 165, 0, 0, 0, 0, 44, 1, 1, 0, 173)
11 (1, 4, 0, 33, 0, 0, 0, 102, 1, 1, 0, 40)
12 (1, 4, 17, 5, 28, 20, 0, 135, 1, 1, 0, 121)
13 (1, 4, 9, 65, 0, 12, 0, 134, 1, 1, 0, 253)
14 (1, 4, 38, 41, 8, 6, 0, 123, 1, 1, 0, 21)
15 (1, 4, 35, 53, 16, 0, 0, 118, 1, 1, 0, 234)
16 (1, 4, 0, 11, 0, 0, 0, 113, 1, 1, 0, 244)
17 (1, 4, 0, 26, 0, 0, 0, 112, 1, 1, 0, 255)
18 (1, 4, 3, 33, 4, 5, 0, 113, 1, 1, 0, 199)
19 (1, 4, 0, 28, 0, 0, 0, 122, 1, 1, 0, 27)
20 (1, 4, 0, 20, 0, 0, 0, 116, 1, 1, 0, 142)
21 (1, 4, 14, 16, 0, 0, 0, 112, 1, 1, 0, 117)
22 (1, 4, 14, 17, 0, 0, 0, 112, 1, 1, 0, 192)
23 (1, 4, 19, 21, 0, 0, 0, 113, 1, 1, 0, 99)
24 (1, 4, 8, 16, 0, 0, 0, 115, 1, 1, 0, 55)
25 (1, 4, 4, 4, 0, 0, 0, 116, 1, 1, 0, 215)
26 (1, 4, 4, 10, 1, 0, 0, 114, 1, 1, 0, 139)
27 (1, 4, 0, 8, 0, 0, 0, 112, 1, 1, 0, 243)
28 (1, 4, 11, 18, 0, 0, 0, 111, 1, 1, 0, 4)
29 (1, 4, 0, 12, 0, 0, 0, 114, 1, 1, 0, 144)
30 (1, 4, 0, 5, 0, 0, 0, 111, 1, 1, 0, 5)
31 (1, 4, 0, 10, 0, 0, 0, 109, 1, 1, 0, 13)
32 (1, 4, 4, 20, 2, 0, 0, 112, 1, 1, 0, 236)
