 (1, 4, 87, 0, 0, 0, 0, 93, 1, 1, 0, 226)
1 (1, 4, 0, 0, 0, 0, 0, 94, 1, 1, 0, 199)
2 (1, 4, 0, 78, 0, 0, 0, 9, 1, 2, 0, 120)
3 (1, 4, 35, 76, 0, 0, 0, 70, 0, 1, 0, 163)
4 (1, 4, 170, 0, 0, 0, 0, 44, 0, 1, 0, 149)
5 (1, 4, 116, 0, 0, 36, 21, 20, 0, 2, 0, 18)
6 (1, 4, 0, 7, 0, 9, 54, 39, 1, 3, 0, 111)
7 (1, 4, 208, 0, 470, 0, 72, 56, 1, 2, 0, 172)
8 (1, 4, 0, 219, 456, 0, 12, 76, 1, 2, 0, 81)
9 (1, 4, 0, 0, 0, 0, 0, 0, 0, 1, 0, 21)
10 (1, 4, 15, 0, 0, 0, 7, 67, 1, 2, 0, 219)
11 (1, 4, 0, 0, 0, 0, 26, 38, 0, 1, 0, 206)
12 (1, 4, 7, 12, 0, 0, 30, 17, 0, 1, 0, 15)
13 (1, 4, 53, 83, 130, 35, 28, 26, 0, 1, 0, 15)
14 (1, 4, 47, 237, 448, 3, 0, 45, 0, 1, 0, 131)
15 (1, 4, 0, 454, 589, 0, 0, 100, 0, 1, 0, 99)
16 (1, 4, 0, 117, 383, 0, 0, 70, 1, 1, 0, 207)
17 (1, 4, 0, 0, 207, 0, 0, 33, 1, 1, 0, 90)
18 (1, 4, 0, 0, 270, 0, 0, 14, 0, 1, 0, 163)
19 (1, 4, 0, 0, 323, 0, 0, 17, 0, 1, 0, 4)
20 (1, 4, 0, 0, 362, 0, 0, 22, 0, 1, 0, 193)
21 (1, 4, 0, 0, 278, 0, 0, 10, 0, 1, 0, 21)
22 (1, 4, 0, 15, 88, 0, 0, 20, 1, 1, 0, 88)
23 (1, 4, 88, 20, 0, 0, 0, 28, 0, 1, 0, 251)
24 (1, 4, 101, 0, 0, 0, 0, 36, 0, 1, 0, 185)
25 (1, 4, 82, 0, 0, 0, 0, 35, 0, 1, 0, 167)
26 (1, 4, 101, 22, 0, 0, 3, 32, 0, 1, 0, 145)
27 (1, 4, 223, 22, 0, 0, 2, 36, 0, 1, 0, 195)
28 (1, 4, 153, 0, 0, 0, 21, 30, 0, 1, 0, 116)
29 (1, 4, 15, 41, 0, 0, 11, 27, 1, 1, 0, 252)
30 (1, 4, 0, 55, 3, 0, 0, 27, 0, 1, 0, 80)
31 (1, 4, 0, 54, 9, 0, 0, 21, 0, 1, 0, 80)
0 (1, 4, 297, 22, 0, 0, 0, 34, 0, 2, 0, 221)
1 (1, 4, 213, 0, 0, 0, 0, 55, 1, 2, 0, 225)
2 (1, 4, 227, 0, 0, 0, 0, 63, 1, 3, 0, 99)
3 (1, 4, 95, 0, 0, 37, 0, 53, 1, 2, 0, 171)
4 (1, 4, 55, 0, 0, 59, 17, 42, 1, 2, 0, 14)
5 (1, 4, 174, 0, 313, 0, 72, 0, 0, 2, 0, 1)
6 (1, 4, 0, 305, 347, 0, 7, 63, 1, 2, 0, 4)
7 (1, 4, 0, 0, 0, 0, 0, 0, 0, 1, 0, 21)
8 (1, 4, 0, 0, 0, 0, 0, 33, 0, 1, 0, 107)
9 (1, 4, 22, 1, 0, 0, 47, 7, 0, 1, 0, 211)
10 (1, 4, 0, 113, 0, 0, 8, 21, 0, 1, 0, 56)
11 (1, 4, 0, 212, 49, 21, 6, 41, 0, 1, 0, 40)
12 (1, 4, 0, 164, 245, 7, 0, 44, 0, 1, 0, 46)
13 (1, 4, 0, 388, 501, 0, 0, 94, 1, 1, 0, 229)
14 (1, 4, 0, 145, 443, 0, 0, 95, 1, 2, 0, 90)
15 (1, 4, 63, 15, 346, 0, 0, 69, 1, 2, 0, 163)
16 (1, 4, 0, 2, 309, 0, 0, 10, 1, 1, 0, 95)
17 (1, 4, 0, 57, 412, 0, 0, 0, 0, 1, 0, 129)
18 (1, 4, 0, 194, 472, 0, 0, 0, 1, 1, 0, 12)
19 (1, 4, 0, 153, 278, 0, 0, 0, 2, 2, 0, 89)
20 (1, 4, 0, 6, 0, 0, 0, 0, 0, 1, 0, 162)
21 (1, 4, 328, 20, 0, 0, 5, 0, 0, 1, 0, 207)
22 (1, 4, 0, 310, 0, 0, 55, 100, 2, 1, 0, 81)
23 (1, 4, 0, 0, 62, 0, 3, 0, 0, 1, 0, 210)
24 (1, 4, 97, 0, 78, 0, 0, 0, 0, 1, 0, 99)
25 (1, 4, 87, 0, 0, 0, 0, 0, 1, 1, 0, 52)
26 (1, 4, 261, 0, 0, 0, 33, 11, 0, 1, 0, 217)
27 (1, 4, 38, 3, 13, 0, 59, 10, 0, 1, 0, 201)
28 (1, 4, 0, 7, 29, 0, 11, 0, 1, 0, 0, 93)
29 (1, 4, 0, 23, 0, 0, 11, 0, 0, 0, 0, 87)
30 (1, 4, 10, 13, 0, 0, 22, 9, 0, 0, 0, 111)
0 (1, 4, 0, 10, 0, 0, 20, 0, 1, 1, 0, 207)
1 (1, 4, 0, 7, 0, 0, 16, 0, 0, 1, 0, 146)
2 (1, 4, 0, 0, 0, 0, 14, 0, 0, 0, 0, 174)
3 (1, 4, 0, 0, 0, 0, 18, 0, 0, 0, 0, 9)
4 (1, 4, 1, 7, 0, 0, 18, 0, 0, 0, 0, 5)
5 (1, 4, 7, 0, 6, 0, 19, 0, 0, 0, 0, 43)
6 (1, 4, 21, 0, 4, 0, 18, 0, 0, 0, 0, 129)
7 (1, 4, 56, 0, 9, 0, 16, 9, 0, 0, 0, 177)
8 (1, 4, 200, 0, 0, 0, 0, 73, 0, 1, 0, 137)
9 (1, 4, 252, 0, 0, 0, 5, 33, 0, 1, 0, 2)
10 (1, 4, 0, 0, 0, 0, 0, 65, 1, 1, 0, 237)
11 (1, 4, 0, 0, 0, 0, 0, 107, 0, 1, 0, 125)
12 (1, 4, 0, 0, 0, 0, 0, 108, 0, 1, 0, 110)
13 (1, 4, 0, 0, 0, 0, 0, 91, 1, 3, 0, 187)
14 (1, 4, 0, 0, 0, 0, 0, 79, 0, 1, 0, 169)
15 (1, 4, 0, 0, 0, 2, 0, 75, 0, 1, 0, 226)
16 (1, 4, 0, 10, 34, 67, 0, 54, 1, 3, 0, 228)
17 (1, 4, 0, 137, 0, 48, 0, 58, 0, 2, 0, 144)
18 (1, 4, 87, 66, 57, 19, 0, 49, 0, 2, 0, 215)
19 (1, 4, 0, 0, 439, 0, 19, 24, 0, 1, 0, 234)
20 (1, 4, 93, 4, 512, 0, 0, 0, 0, 1, 0, 90)
21 (1, 4, 0, 0, 0, 0, 0, 0, 1, 3, 0, 161)
22 (1, 4, 11, 56, 0, 0, 0, 0, 1, 2, 0, 184)
23 (1, 4, 237, 0, 0, 0, 0, 0, 1, 2, 0, 215)
24 (1, 4, 303, 0, 0, 8, 29, 0, 0, 2, 0, 17)
25 (1, 4, 0, 57, 0, 100, 26, 30, 0, 1, 0, 179)
26 (1, 4, 0, 290, 10, 91, 78, 97, 0, 1, 0, 198)
27 (1, 4, 0, 400, 430, 2, 0, 90, 0, 1, 0, 244)
28 (1, 4, 0, 402, 206, 0, 0, 117, 0, 1, 0, 167)
29 (1, 4, 55, 121, 343, 0, 0, 97, 0, 1, 0, 57)
30 (1, 4, 0, 141, 196, 0, 0, 70, 0, 0, 0, 126)
31 (1, 4, 11, 169, 278, 0, 0, 66, 0, 0, 0, 118)
0 (1, 4, 134, 0, 0, 0, 0, 17, 0, 0, 0, 67)
1 (1, 4, 82, 26, 0, 0, 0, 10, 0, 1, 0, 140)
2 (1, 4, 212, 134, 0, 0, 0, 0, 0, 1, 0, 231)
3 (1, 4, 285, 46, 0, 0, 0, 8, 0, 1, 0, 157)
4 (1, 4, 235, 67, 0, 0, 0, 31, 0, 1, 0, 93)
5 (1, 4, 285, 23, 0, 0, 0, 56, 0, 1, 0, 74)
6 (1, 4, 221, 102, 0, 22, 0, 76, 0, 1, 0, 182)
7 (1, 4, 155, 72, 0, 39, 0, 102, 0, 1, 0, 46)
8 (1, 4, 95, 0, 246, 0, 56, 29, 0, 1, 0, 6)
9 (1, 4, 0, 96, 215, 0, 2, 0, 0, 1, 0, 54)
10 (1, 4, 56, 0, 0, 0, 0, 12, 0, 1, 0, 221)
11 (1, 4, 0, 0, 0, 0, 0, 11, 0, 1, 0, 153)
12 (1, 4, 0, 0, 0, 0, 0, 27, 0, 1, 0, 74)
13 (1, 4, 6, 0, 0, 0, 0, 54, 0, 1, 0, 143)
14 (1, 4, 0, 0, 0, 54, 0, 59, 0, 1, 0, 183)
15 (1, 4, 0, 0, 70, 79, 0, 74, 0, 1, 0, 249)
16 (1, 4, 0, 0, 232, 32, 5, 93, 0, 0, 0, 147)
17 (1, 4, 0, 0, 406, 0, 21, 67, 0, 0, 0, 224)
18 (1, 4, 74, 195, 668, 0, 0, 70, 0, 0, 0, 158)
19 (1, 4, 0, 83, 545, 0, 0, 49, 0, 0, 0, 57)
20 (1, 4, 0, 110, 380, 0, 0, 19, 0, 0, 0, 75)
21 (1, 4, 0, 271, 443, 0, 0, 13, 0, 0, 0, 64)
22 (1, 4, 0, 218, 229, 0, 0, 23, 0, 0, 0, 189)
23 (1, 4, 8, 83, 305, 0, 0, 23, 0, 0, 0, 188)
24 (1, 4, 1, 92, 240, 0, 0, 29, 0, 0, 0, 227)
25 (1, 4, 0, 135, 129, 0, 0, 19, 0, 0, 0, 173)
26 (1, 4, 0, 146, 0, 0, 0, 19, 0, 0, 0, 198)
27 (1, 4, 0, 0, 0, 0, 0, 49, 0, 0, 0, 211)
28 (1, 4, 57, 4, 3, 0, 6, 39, 0, 0, 0, 229)
29 (1, 4, 70, 74, 50, 0, 11, 12, 0, 0, 0, 245)
0 (1, 4, 13, 0, 0, 0, 16, 27, 0, 1, 0, 137)
1 (1, 4, 0, 5, 0, 0, 3, 34, 0, 1, 0, 233)
2 (1, 4, 0, 44, 0, 0, 0, 46, 0, 1, 0, 57)
3 (1, 4, 0, 93, 0, 48, 0, 92, 0, 1, 0, 60)
4 (1, 4, 0, 0, 111, 57, 11, 99, 0, 1, 0, 120)
5 (1, 4, 0, 0, 334, 62, 0, 21, 0, 1, 0, 163)
6 (1, 4, 0, 119, 511, 0, 0, 34, 0, 1, 0, 160)
7 (1, 4, 0, 147, 415, 0, 0, 43, 0, 1, 0, 10)
8 (1, 4, 199, 220, 433, 0, 0, 61, 0, 1, 0, 162)
9 (1, 4, 0, 141, 215, 0, 0, 64, 1, 1, 0, 127)
10 (1, 4, 178, 79, 252, 0, 0, 55, 0, 1, 0, 1)
11 (1, 4, 98, 103, 231, 0, 0, 47, 0, 1, 0, 77)
12 (1, 4, 0, 153, 163, 0, 1, 31, 1, 1, 0, 246)
13 (1, 4, 0, 167, 155, 0, 0, 31, 0, 1, 0, 119)
14 (1, 4, 0, 189, 124, 0, 0, 16, 0, 1, 0, 32)
15 (1, 4, 0, 105, 98, 0, 0, 8, 1, 1, 0, 240)
16 (1, 4, 0, 151, 0, 0, 6, 2, 0, 1, 0, 223)
17 (1, 4, 30, 0, 0, 0, 11, 65, 0, 1, 0, 113)
18 (1, 4, 116, 0, 53, 0, 5, 0, 1, 0, 0, 91)
19 (1, 4, 142, 92, 44, 0, 15, 0, 0, 1, 0, 106)
20 (1, 4, 108, 11, 38, 0, 17, 0, 0, 0, 0, 96)
21 (1, 4, 74, 0, 31, 0, 25, 0, 0, 0, 0, 128)
22 (1, 4, 44, 0, 25, 0, 27, 0, 0, 0, 0, 105)
23 (1, 4, 151, 0, 33, 0, 18, 18, 0, 0, 0, 214)
24 (1, 4, 115, 0, 0, 0, 45, 0, 0, 0, 0, 148)
25 (1, 4, 0, 2, 6, 0, 32, 0, 1, 0, 0, 13)
26 (1, 4, 0, 2, 8, 0, 27, 2, 0, 0, 0, 217)
27 (1, 4, 0, 11, 18, 0, 15, 10, 0, 0, 0, 191)
28 (1, 4, 0, 11, 11, 0, 9, 4, 1, 0, 0, 189)
29 (1, 4, 72, 1, 0, 0, 15, 3, 0, 0, 0, 253)
0 (1, 4, 1, 0, 0, 0, 24, 8, 0, 0, 0, 222)
1 (1, 4, 12, 0, 0, 0, 25, 7, 0, 0, 0, 24)
2 (1, 4, 22, 0, 2, 0, 27, 8, 0, 0, 0, 176)
3 (1, 4, 90, 0, 17, 0, 12, 18, 0, 0, 0, 216)
4 (1, 4, 238, 0, 0, 0, 0, 40, 0, 0, 0, 58)
5 (1, 4, 302, 0, 0, 0, 0, 23, 0, 0, 0, 47)
6 (1, 4, 56, 0, 0, 0, 0, 22, 0, 0, 0, 54)
7 (1, 4, 12, 0, 0, 0, 0, 29, 0, 1, 0, 206)
8 (1, 4, 43, 0, 0, 0, 0, 7, 0, 1, 0, 163)
9 (1, 4, 94, 72, 0, 0, 0, 28, 0, 1, 0, 84)
10 (1, 4, 75, 119, 0, 0, 0, 67, 0, 1, 0, 255)
11 (1, 4, 286, 0, 0, 0, 0, 89, 0, 1, 0, 0)
12 (1, 4, 222, 0, 0, 21, 5, 91, 0, 1, 0, 41)
13 (1, 4, 242, 0, 0, 116, 73, 36, 1, 3, 0, 199)
14 (1, 4, 0, 463, 423, 0, 57, 0, 0, 1, 0, 68)
15 (1, 4, 588, 0, 390, 0, 0, 1, 1, 2, 0, 13)
16 (1, 4, 105, 0, 0, 0, 0, 0, 0, 1, 0, 37)
17 (1, 4, 0, 0, 0, 0, 7, 4, 0, 1, 0, 8)
18 (1, 4, 0, 0, 0, 0, 0, 32, 0, 1, 0, 180)
19 (1, 4, 0, 111, 0, 31, 0, 33, 1, 2, 0, 22)
20 (1, 4, 0, 206, 94, 62, 20, 67, 0, 1, 0, 59)
21 (1, 4, 0, 145, 393, 24, 25, 70, 0, 1, 0, 255)
22 (1, 4, 0, 522, 647, 0, 0, 84, 0, 0, 0, 32)
23 (1, 4, 0, 167, 524, 0, 0, 97, 0, 0, 0, 220)
24 (1, 4, 0, 0, 367, 0, 0, 53, 0, 0, 0, 167)
25 (1, 4, 0, 88, 336, 0, 0, 26, 0, 0, 0, 118)
26 (1, 4, 0, 236, 305, 0, 0, 5, 0, 1, 0, 222)
27 (1, 4, 0, 230, 335, 0, 0, 21, 0, 0, 0, 15)
28 (1, 4, 159, 0, 190, 0, 0, 18, 0, 1, 0, 109)
29 (1, 4, 0, 0, 0, 0, 2, 0, 0, 0, 0, 140)
30 (1, 4, 75, 0, 0, 0, 73, 92, 0, 1, 0, 85)
31 (1, 4, 159, 0, 75, 0, 90, 19, 0, 0, 0, 52)
0 (1, 4, 92, 0, 0, 0, 0, 2, 0, 1, 0, 141)
1 (1, 4, 191, 0, 0, 0, 0, 36, 0, 1, 0, 169)
2 (1, 4, 140, 0, 0, 9, 6, 99, 1, 2, 0, 227)
3 (1, 4, 144, 0, 0, 64, 0, 123, 0, 1, 0, 142)
4 (1, 4, 133, 0, 77, 81, 28, 75, 0, 2, 0, 85)
5 (1, 4, 80, 26, 380, 0, 112, 0, 0, 1, 0, 148)
6 (1, 4, 0, 479, 386, 0, 0, 0, 1, 2, 0, 254)
7 (1, 4, 76, 0, 0, 0, 0, 0, 0, 1, 0, 212)
8 (1, 4, 0, 0, 0, 0, 7, 19, 0, 0, 0, 163)
9 (1, 4, 108, 0, 0, 14, 0, 46, 0, 1, 0, 46)
10 (1, 4, 0, 56, 0, 63, 0, 84, 1, 5, 0, 148)
11 (1, 4, 0, 22, 25, 52, 0, 94, 0, 0, 0, 45)
12 (1, 4, 0, 43, 159, 8, 0, 111, 0, 0, 0, 229)
13 (1, 4, 0, 0, 227, 0, 0, 81, 0, 1, 0, 19)
14 (1, 4, 0, 0, 357, 0, 0, 46, 0, 1, 0, 0)
15 (1, 4, 0, 228, 531, 0, 0, 74, 0, 1, 0, 231)
16 (1, 4, 0, 0, 314, 0, 0, 55, 0, 1, 0, 59)
17 (1, 4, 0, 0, 318, 0, 0, 39, 0, 1, 0, 182)
18 (1, 4, 0, 60, 305, 0, 0, 44, 0, 1, 0, 169)
19 (1, 4, 4, 2, 211, 0, 0, 31, 0, 1, 0, 164)
20 (1, 4, 142, 109, 238, 0, 0, 45, 0, 1, 0, 17)
21 (1, 4, 139, 116, 186, 0, 12, 53, 0, 1, 0, 129)
22 (1, 4, 0, 249, 233, 0, 31, 30, 0, 1, 0, 55)
23 (1, 4, 0, 391, 103, 0, 0, 20, 0, 1, 0, 181)
24 (1, 4, 0, 186, 0, 0, 19, 68, 0, 1, 0, 87)
25 (1, 4, 40, 0, 0, 0, 24, 8, 0, 1, 0, 12)
26 (1, 4, 64, 0, 0, 0, 31, 3, 0, 1, 0, 214)
27 (1, 4, 107, 0, 45, 0, 42, 11, 0, 1, 0, 3)
28 (1, 4, 49, 0, 17, 0, 36, 3, 0, 1, 0, 95)
29 (1, 4, 39, 11, 5, 0, 40, 3, 0, 1, 0, 243)
30 (1, 4, 9, 13, 9, 0, 39, 4, 0, 1, 0, 143)
31 (1, 4, 13, 14, 1, 0, 41, 7, 0, 1, 0, 101)
0 (1, 4, 0, 0, 0, 0, 0, 60, 0, 1, 0, 248)
1 (1, 4, 0, 0, 0, 0, 0, 97, 0, 1, 0, 46)
2 (1, 4, 0, 0, 0, 0, 0, 110, 0, 1, 0, 215)
3 (1, 4, 0, 0, 0, 13, 0, 86, 0, 1, 0, 212)
4 (1, 4, 0, 0, 0, 0, 0, 52, 0, 1, 0, 18)
5 (1, 4, 0, 0, 183, 0, 0, 13, 0, 1, 0, 192)
6 (1, 4, 0, 29, 106, 0, 0, 0, 0, 1, 0, 62)
7 (1, 4, 145, 0, 0, 0, 0, 0, 0, 1, 0, 238)
8 (1, 4, 184, 0, 0, 0, 0, 0, 0, 1, 0, 87)
9 (1, 4, 103, 0, 0, 5, 0, 0, 0, 1, 0, 18)
10 (1, 4, 0, 258, 0, 89, 0, 22, 0, 1, 0, 71)
11 (1, 4, 0, 434, 0, 73, 0, 89, 0, 1, 0, 174)
12 (1, 4, 0, 366, 103, 0, 0, 164, 1, 2, 0, 212)
13 (1, 4, 11, 0, 138, 0, 0, 113, 1, 2, 0, 34)
14 (1, 4, 0, 14, 60, 0, 0, 82, 0, 1, 0, 93)
15 (1, 4, 0, 0, 35, 0, 0, 63, 0, 1, 0, 219)
16 (1, 4, 0, 0, 52, 0, 0, 53, 0, 1, 0, 18)
17 (1, 4, 0, 0, 159, 6, 0, 36, 0, 1, 0, 84)
18 (1, 4, 0, 115, 415, 0, 0, 26, 1, 2, 0, 56)
19 (1, 4, 0, 204, 216, 0, 0, 39, 0, 1, 0, 133)
20 (1, 4, 0, 112, 273, 0, 0, 34, 0, 1, 0, 155)
21 (1, 4, 54, 159, 164, 0, 0, 18, 0, 1, 0, 252)
22 (1, 4, 0, 180, 100, 0, 0, 22, 0, 1, 0, 41)
23 (1, 4, 95, 0, 195, 0, 0, 29, 0, 1, 0, 4)
24 (1, 4, 36, 0, 135, 0, 1, 11, 0, 0, 0, 96)
25 (1, 4, 0, 2, 115, 0, 0, 10, 0, 0, 0, 129)
26 (1, 4, 0, 20, 129, 0, 0, 9, 0, 0, 0, 149)
27 (1, 4, 31, 57, 110, 0, 0, 6, 0, 0, 0, 101)
28 (1, 4, 143, 90, 78, 0, 0, 10, 0, 0, 0, 104)
29 (1, 4, 0, 235, 0, 0, 41, 169, 0, 0, 0, 254)
30 (1, 4, 0, 0, 20, 0, 0, 0, 0, 0, 0, 95)
31 (1, 4, 121, 0, 0, 0, 0, 0, 0, 1, 0, 197)
0 (1, 4, 0, 347, 85, 0, 0, 115, 1, 2, 0, 185)
1 (1, 4, 0, 212, 269, 0, 0, 130, 0, 1, 0, 52)
2 (1, 4, 0, 0, 306, 0, 0, 94, 1, 2, 0, 137)
3 (1, 4, 0, 0, 303, 0, 0, 54, 0, 1, 0, 81)
4 (1, 4, 0, 0, 285, 0, 0, 35, 1, 2, 0, 89)
5 (1, 4, 0, 6, 262, 0, 0, 31, 0, 1, 0, 164)
6 (1, 4, 3, 24, 234, 0, 0, 21, 0, 1, 0, 203)
7 (1, 4, 62, 101, 232, 0, 0, 27, 0, 1, 0, 95)
8 (1, 4, 86, 70, 141, 0, 0, 23, 0, 1, 0, 43)
9 (1, 4, 157, 103, 152, 0, 7, 23, 0, 1, 0, 127)
10 (1, 4, 58, 282, 118, 0, 29, 23, 0, 1, 0, 17)
11 (1, 4, 0, 524, 43, 0, 0, 13, 0, 1, 0, 8)
12 (1, 4, 128, 0, 21, 0, 0, 28, 0, 1, 0, 249)
13 (1, 4, 139, 0, 0, 0, 10, 0, 0, 0, 0, 58)
14 (1, 4, 68, 0, 0, 0, 30, 0, 0, 0, 0, 154)
15 (1, 4, 74, 17, 0, 0, 35, 0, 0, 0, 0, 201)
16 (1, 4, 0, 52, 11, 0, 26, 6, 0, 0, 0, 122)
17 (1, 4, 0, 20, 25, 0, 13, 0, 0, 0, 0, 201)
18 (1, 4, 0, 17, 0, 0, 12, 0, 0, 0, 0, 136)
19 (1, 4, 0, 0, 0, 0, 21, 0, 0, 0, 0, 97)
20 (1, 4, 0, 0, 5, 0, 25, 0, 0, 0, 0, 137)
21 (1, 4, 0, 12, 15, 0, 21, 0, 0, 0, 0, 81)
22 (1, 4, 0, 1, 0, 0, 17, 0, 0, 0, 0, 55)
23 (1, 4, 0, 16, 0, 0, 19, 0, 0, 0, 0, 17)
24 (1, 4, 0, 0, 0, 0, 24, 0, 0, 0, 0, 58)
25 (1, 4, 0, 8, 0, 0, 22, 0, 0, 0, 0, 89)
26 (1, 4, 0, 15, 0, 0, 20, 0, 0, 0, 0, 169)
27 (1, 4, 0, 11, 0, 0, 17, 1, 0, 0, 0, 54)
28 (1, 4, 0, 4, 0, 0, 11, 0, 0, 0, 0, 238)
29 (1, 4, 0, 0, 0, 0, 11, 0, 0, 0, 0, 52)
0 (1, 4, 0, 0, 0, 0, 0, 0, 1, 2, 0, 202)
1 (1, 4, 82, 2, 0, 0, 0, 0, 1, 2, 0, 210)
2 (1, 4, 64, 31, 0, 0, 0, 19, 1, 2, 0, 38)
3 (1, 4, 98, 120, 0, 15, 0, 16, 2, 2, 0, 219)
4 (1, 4, 0, 320, 0, 67, 0, 57, 0, 1, 0, 192)
5 (1, 4, 0, 352, 143, 6, 0, 95, 0, 1, 0, 52)
6 (1, 4, 0, 312, 167, 0, 0, 124, 0, 1, 0, 162)
7 (1, 4, 194, 42, 116, 0, 0, 88, 1, 2, 0, 14)
8 (1, 4, 312, 0, 91, 0, 0, 33, 1, 2, 0, 98)
9 (1, 4, 103, 169, 155, 0, 0, 25, 1, 2, 0, 4)
10 (1, 4, 56, 250, 236, 0, 0, 22, 1, 1, 0, 214)
11 (1, 4, 145, 204, 323, 0, 0, 32, 1, 2, 0, 102)
12 (1, 4, 87, 68, 216, 0, 0, 11, 1, 1, 0, 40)
13 (1, 4, 89, 59, 185, 0, 3, 22, 2, 1, 0, 194)
14 (1, 4, 0, 9, 119, 0, 3, 25, 0, 1, 0, 225)
15 (1, 4, 84, 0, 116, 0, 1, 18, 0, 1, 0, 115)
16 (1, 4, 0, 5, 28, 0, 18, 16, 0, 1, 0, 67)
17 (1, 4, 93, 78, 97, 0, 24, 15, 0, 1, 0, 145)
18 (1, 4, 0, 127, 61, 0, 35, 13, 4, 2, 0, 135)
19 (1, 4, 0, 260, 0, 0, 17, 15, 0, 2, 0, 146)
20 (1, 4, 0, 77, 0, 0, 12, 20, 0, 2, 0, 115)
21 (1, 4, 0, 0, 0, 0, 28, 0, 3, 1, 0, 20)
22 (1, 4, 0, 40, 0, 0, 10, 0, 0, 1, 0, 87)
23 (1, 4, 1, 11, 20, 0, 14, 0, 0, 1, 0, 129)
24 (1, 4, 0, 22, 0, 0, 16, 0, 2, 1, 0, 130)
25 (1, 4, 1, 0, 1, 0, 17, 0, 1, 1, 0, 17)
26 (1, 4, 0, 3, 0, 0, 19, 0, 0, 1, 0, 195)
27 (1, 4, 0, 0, 0, 0, 18, 0, 1, 1, 0, 0)
28 (1, 4, 5, 0, 0, 0, 18, 0, 2, 1, 0, 144)
29 (1, 4, 17, 0, 0, 0, 20, 0, 0, 1, 0, 157)
30 (1, 4, 14, 0, 0, 0, 23, 0, 0, 1, 0, 172)
0 (1, 4, 35, 0, 0, 0, 8, 0, 2, 1, 0, 197)
1 (1, 4, 91, 0, 0, 0, 6, 0, 0, 1, 0, 15)
2 (1, 4, 139, 0, 9, 0, 5, 0, 0, 1, 0, 208)
3 (1, 4, 161, 0, 0, 0, 5, 0, 3, 1, 0, 245)
4 (1, 4, 253, 0, 35, 0, 0, 0, 0, 1, 0, 173)
5 (1, 4, 395, 0, 69, 0, 0, 14, 0, 1, 0, 119)
6 (1, 4, 256, 0, 0, 0, 7, 13, 1, 1, 0, 93)
7 (1, 4, 0, 0, 0, 0, 0, 25, 0, 1, 0, 243)
8 (1, 4, 85, 0, 0, 0, 0, 5, 0, 1, 0, 224)
9 (1, 4, 260, 0, 0, 0, 0, 22, 1, 1, 0, 82)
10 (1, 4, 191, 0, 0, 0, 0, 37, 1, 2, 0, 169)
11 (1, 4, 13, 0, 0, 0, 0, 80, 0, 0, 0, 174)
12 (1, 4, 97, 0, 0, 41, 0, 68, 0, 0, 0, 0)
13 (1, 4, 127, 0, 41, 69, 9, 0, 1, 2, 0, 230)
14 (1, 4, 0, 417, 36, 0, 0, 0, 0, 1, 0, 38)
15 (1, 4, 177, 0, 0, 0, 0, 0, 0, 0, 0, 66)
16 (1, 4, 0, 73, 0, 0, 20, 0, 0, 1, 0, 246)
17 (1, 4, 115, 127, 0, 2, 19, 0, 0, 0, 0, 99)
18 (1, 4, 0, 463, 90, 55, 14, 40, 2, 4, 0, 8)
19 (1, 4, 0, 537, 316, 0, 28, 138, 1, 1, 0, 157)
20 (1, 4, 0, 65, 468, 0, 0, 123, 0, 1, 0, 238)
21 (1, 4, 0, 19, 311, 0, 0, 68, 0, 0, 0, 206)
22 (1, 4, 0, 0, 167, 0, 0, 54, 0, 0, 0, 42)
23 (1, 4, 0, 14, 234, 0, 0, 46, 0, 0, 0, 154)
24 (1, 4, 0, 0, 169, 0, 5, 29, 0, 0, 0, 80)
25 (1, 4, 0, 172, 324, 0, 25, 17, 0, 0, 0, 29)
26 (1, 4, 0, 148, 218, 0, 0, 20, 0, 0, 0, 132)
27 (1, 4, 0, 107, 234, 0, 0, 32, 0, 0, 0, 146)
28 (1, 4, 0, 46, 82, 0, 0, 10, 0, 1, 0, 43)
29 (1, 4, 0, 57, 0, 0, 0, 17, 0, 1, 0, 188)
30 (1, 4, 167, 0, 0, 0, 16, 32, 0, 1, 0, 201)
31 (1, 4, 217, 0, 0, 0, 33, 46, 0, 1, 0, 228)
0 (1, 4, 235, 347, 0, 0, 0, 0, 0, 0, 0, 43)
1 (1, 4, 293, 0, 0, 0, 0, 88, 0, 0, 0, 241)
2 (1, 4, 282, 0, 0, 0, 0, 41, 0, 0, 0, 100)
3 (1, 4, 209, 0, 0, 78, 22, 26, 0, 1, 0, 28)
4 (1, 4, 2, 88, 240, 3, 149, 0, 0, 1, 0, 217)
5 (1, 4, 0, 232, 68, 0, 0, 0, 0, 0, 0, 40)
6 (1, 4, 261, 0, 0, 0, 14, 0, 0, 0, 0, 154)
7 (1, 4, 141, 35, 0, 0, 24, 0, 0, 0, 0, 115)
8 (1, 4, 124, 128, 0, 85, 1, 24, 0, 1, 0, 243)
9 (1, 4, 0, 366, 85, 57, 11, 71, 0, 0, 0, 117)
10 (1, 4, 0, 234, 404, 0, 8, 87, 0, 0, 0, 41)
11 (1, 4, 0, 186, 541, 0, 0, 98, 0, 0, 0, 236)
12 (1, 4, 0, 17, 378, 0, 0, 60, 0, 0, 0, 243)
13 (1, 4, 31, 88, 364, 0, 0, 58, 0, 0, 0, 14)
14 (1, 4, 142, 0, 314, 0, 0, 36, 0, 0, 0, 164)
15 (1, 4, 208, 107, 295, 0, 0, 33, 0, 0, 0, 16)
16 (1, 4, 104, 143, 169, 0, 21, 18, 0, 0, 0, 162)
17 (1, 4, 31, 110, 202, 0, 31, 36, 0, 0, 0, 224)
18 (1, 4, 0, 17, 45, 0, 0, 9, 0, 0, 0, 23)
19 (1, 4, 0, 0, 0, 0, 0, 24, 0, 0, 0, 71)
20 (1, 4, 195, 0, 0, 0, 26, 41, 0, 0, 0, 210)
21 (1, 4, 272, 0, 0, 0, 93, 22, 0, 0, 0, 71)
22 (1, 4, 85, 0, 11, 0, 38, 5, 0, 0, 0, 144)
23 (1, 4, 71, 5, 8, 0, 29, 6, 0, 0, 0, 28)
24 (1, 4, 121, 0, 2, 0, 52, 28, 0, 0, 0, 166)
25 (1, 4, 0, 31, 7, 0, 61, 30, 0, 0, 0, 109)
26 (1, 4, 0, 31, 0, 0, 24, 23, 0, 0, 0, 42)
27 (1, 4, 0, 0, 0, 0, 24, 19, 0, 0, 0, 143)
28 (1, 4, 4, 0, 0, 0, 34, 31, 0, 0, 0, 147)
29 (1, 4, 0, 0, 0, 0, 38, 25, 0, 0, 0, 132)
30 (1, 4, 0, 0, 0, 0, 37, 20, 0, 0, 0, 79)
31 (1, 4, 0, 16, 0, 0, 35, 23, 0, 0, 0, 89)
0 (1, 4, 89, 145, 0, 112, 0, 63, 1, 4, 0, 53)
1 (1, 4, 292, 59, 0, 73, 0, 0, 0, 1, 0, 18)
2 (1, 4, 311, 376, 0, 0, 0, 0, 0, 1, 0, 108)
3 (1, 4, 197, 220, 0, 0, 0, 54, 0, 1, 0, 139)
4 (1, 4, 97, 0, 0, 0, 91, 83, 0, 1, 0, 112)
5 (1, 4, 0, 0, 0, 0, 81, 36, 0, 1, 0, 39)
6 (1, 4, 0, 0, 5, 0, 34, 0, 0, 0, 0, 75)
7 (1, 4, 0, 0, 211, 0, 0, 0, 0, 1, 0, 219)
8 (1, 4, 0, 107, 467, 0, 0, 13, 0, 1, 0, 236)
9 (1, 4, 0, 260, 550, 0, 0, 45, 0, 1, 0, 254)
10 (1, 4, 0, 227, 594, 0, 0, 58, 0, 1, 0, 189)
11 (1, 4, 0, 252, 484, 0, 0, 31, 0, 1, 0, 128)
12 (1, 4, 0, 424, 435, 0, 0, 53, 0, 1, 0, 206)
13 (1, 4, 89, 0, 184, 0, 0, 0, 0, 0, 0, 165)
14 (1, 4, 15, 39, 92, 0, 0, 19, 0, 0, 0, 55)
15 (1, 4, 0, 154, 9, 0, 16, 43, 0, 0, 0, 64)
16 (1, 4, 0, 0, 0, 0, 0, 5, 0, 0, 0, 212)
17 (1, 4, 0, 56, 2, 0, 0, 2, 0, 0, 0, 248)
18 (1, 4, 8, 26, 0, 0, 0, 26, 0, 0, 0, 49)
19 (1, 4, 45, 0, 0, 0, 11, 29, 0, 0, 0, 38)
20 (1, 4, 1, 0, 0, 0, 13, 18, 0, 0, 0, 65)
21 (1, 4, 0, 0, 0, 0, 14, 27, 0, 0, 0, 241)
22 (1, 4, 34, 0, 1, 0, 16, 24, 0, 0, 0, 141)
23 (1, 4, 26, 0, 13, 0, 25, 17, 0, 0, 0, 181)
24 (1, 4, 0, 19, 29, 0, 23, 24, 0, 0, 0, 26)
25 (1, 4, 0, 12, 34, 0, 14, 23, 0, 0, 0, 214)
26 (1, 4, 0, 25, 24, 0, 11, 25, 0, 0, 0, 118)
27 (1, 4, 0, 5, 30, 0, 9, 25, 0, 0, 0, 253)
28 (1, 4, 0, 0, 28, 0, 11, 23, 0, 1, 0, 2)
29 (1, 4, 0, 0, 42, 0, 19, 18, 0, 1, 0, 28)
30 (1, 4, 0, 6, 56, 0, 23, 25, 0, 0, 0, 255)
31 (1, 4, 0, 20, 33, 0, 17, 22, 0, 0, 0, 76)
0 (1, 4, 90, 0, 0, 0, 0, 57, 0, 0, 0, 60)
1 (1, 4, 116, 0, 0, 0, 0, 64, 0, 0, 0, 173)
2 (1, 4, 145, 0, 0, 35, 0, 67, 0, 0, 0, 110)
3 (1, 4, 152, 0, 0, 28, 0, 83, 1, 5, 0, 218)
4 (1, 4, 92, 0, 0, 27, 0, 85, 1, 2, 0, 249)
5 (1, 4, 1, 0, 0, 77, 0, 57, 1, 2, 0, 205)
6 (1, 4, 109, 0, 0, 90, 0, 30, 0, 2, 0, 177)
7 (1, 4, 35, 83, 0, 44, 0, 0, 0, 1, 0, 151)
8 (1, 4, 0, 344, 175, 0, 38, 0, 0, 1, 0, 235)
9 (1, 4, 28, 380, 360, 0, 0, 92, 0, 1, 0, 252)
10 (1, 4, 0, 0, 0, 0, 0, 83, 0, 1, 0, 229)
11 (1, 4, 0, 0, 0, 0, 65, 47, 0, 1, 0, 46)
12 (1, 4, 0, 0, 0, 0, 0, 10, 0, 1, 0, 70)
13 (1, 4, 0, 0, 53, 0, 4, 0, 0, 1, 0, 189)
14 (1, 4, 0, 155, 271, 0, 1, 0, 0, 1, 0, 99)
15 (1, 4, 0, 464, 476, 0, 0, 52, 0, 1, 0, 222)
16 (1, 4, 0, 343, 471, 0, 0, 88, 1, 2, 0, 126)
17 (1, 4, 0, 69, 395, 0, 0, 43, 0, 1, 0, 127)
18 (1, 4, 0, 158, 410, 0, 0, 31, 0, 1, 0, 27)
19 (1, 4, 0, 156, 319, 0, 0, 0, 0, 1, 0, 153)
20 (1, 4, 0, 309, 259, 0, 0, 0, 0, 1, 0, 218)
21 (1, 4, 0, 226, 180, 0, 0, 2, 0, 1, 0, 175)
22 (1, 4, 0, 90, 0, 0, 0, 0, 0, 1, 0, 41)
23 (1, 4, 0, 17, 0, 0, 0, 0, 0, 1, 0, 193)
24 (1, 4, 147, 0, 22, 0, 6, 20, 0, 1, 0, 75)
25 (1, 4, 236, 0, 55, 0, 15, 10, 0, 1, 0, 152)
26 (1, 4, 195, 0, 0, 0, 27, 12, 0, 1, 0, 203)
27 (1, 4, 386, 0, 0, 0, 93, 24, 0, 1, 0, 227)
28 (1, 4, 37, 0, 0, 0, 77, 0, 0, 1, 0, 165)
29 (1, 4, 0, 171, 0, 0, 39, 0, 0, 1, 0, 216)
30 (1, 4, 0, 126, 0, 0, 13, 11, 0, 1, 0, 230)
31 (1, 4, 0, 76, 0, 0, 35, 8, 0, 1, 0, 147)
0 (1, 4, 124, 0, 0, 0, 0, 21, 0, 1, 0, 138)
1 (1, 4, 265, 71, 0, 0, 0, 46, 0, 0, 0, 4)
2 (1, 4, 204, 0, 0, 0, 0, 100, 0, 0, 0, 59)
3 (1, 4, 197, 0, 0, 9, 0, 108, 0, 1, 0, 35)
4 (1, 4, 0, 0, 5, 7, 0, 103, 1, 1, 0, 23)
5 (1, 4, 21, 0, 330, 0, 45, 11, 0, 1, 0, 44)
6 (1, 4, 0, 82, 418, 0, 47, 0, 0, 1, 0, 67)
7 (1, 4, 0, 0, 180, 0, 0, 7, 0, 1, 0, 40)
8 (1, 4, 0, 0, 0, 0, 0, 0, 0, 1, 0, 21)
9 (1, 4, 0, 0, 0, 0, 30, 18, 0, 1, 0, 42)
10 (1, 4, 0, 0, 0, 0, 0, 47, 0, 1, 0, 77)
11 (1, 4, 0, 0, 0, 3, 0, 75, 0, 0, 0, 150)
12 (1, 4, 0, 0, 0, 76, 0, 79, 1, 3, 0, 76)
13 (1, 4, 0, 12, 33, 81, 0, 76, 0, 1, 0, 241)
14 (1, 4, 0, 116, 203, 52, 0, 78, 0, 1, 0, 227)
15 (1, 4, 0, 15, 207, 0, 0, 73, 0, 0, 0, 236)
16 (1, 4, 0, 38, 161, 0, 0, 60, 0, 0, 0, 125)
17 (1, 4, 19, 100, 163, 0, 0, 70, 0, 0, 0, 42)
18 (1, 4, 23, 0, 84, 0, 0, 59, 0, 1, 0, 251)
19 (1, 4, 60, 68, 236, 0, 0, 33, 0, 0, 0, 32)
20 (1, 4, 86, 207, 445, 0, 0, 50, 0, 0, 0, 144)
21 (1, 4, 78, 76, 302, 0, 0, 54, 0, 0, 0, 153)
22 (1, 4, 279, 187, 357, 0, 9, 48, 0, 0, 0, 39)
23 (1, 4, 54, 85, 289, 0, 39, 38, 0, 0, 0, 207)
24 (1, 4, 93, 200, 443, 0, 52, 21, 0, 0, 0, 88)
25 (1, 4, 0, 366, 313, 0, 19, 18, 0, 0, 0, 78)
26 (1, 4, 75, 260, 181, 0, 14, 42, 0, 0, 0, 50)
27 (1, 4, 4, 0, 0, 0, 23, 19, 0, 0, 0, 30)
28 (1, 4, 6, 19, 0, 0, 30, 21, 0, 1, 0, 164)
29 (1, 4, 13, 54, 0, 0, 33, 38, 0, 1, 0, 94)
30 (1, 4, 243, 0, 39, 0, 55, 21, 0, 1, 0, 62)
31 (1, 4, 239, 0, 0, 0, 53, 0, 0, 1, 0, 6)
0 (1, 4, 0, 26, 0, 0, 44, 6, 1, 1, 0, 43)
1 (1, 4, 0, 5, 0, 0, 48, 5, 1, 2, 0, 135)
2 (1, 4, 0, 1, 4, 0, 49, 0, 1, 1, 0, 109)
3 (1, 4, 0, 22, 8, 0, 48, 1, 1, 1, 0, 74)
4 (1, 4, 0, 21, 2, 0, 47, 2, 1, 2, 0, 246)
5 (1, 4, 0, 13, 2, 0, 46, 3, 1, 1, 0, 63)
6 (1, 4, 0, 3, 0, 0, 43, 5, 1, 1, 0, 66)
7 (1, 4, 46, 0, 0, 0, 38, 14, 1, 1, 0, 222)
8 (1, 4, 181, 0, 0, 0, 48, 45, 1, 1, 0, 26)
9 (1, 4, 137, 0, 0, 0, 64, 30, 1, 1, 0, 243)
10 (1, 4, 0, 0, 0, 0, 35, 35, 1, 1, 0, 54)
11 (1, 4, 0, 0, 0, 0, 8, 36, 2, 2, 0, 121)
12 (1, 4, 0, 0, 0, 0, 0, 40, 1, 1, 0, 60)
13 (1, 4, 0, 0, 0, 0, 0, 24, 1, 2, 0, 243)
14 (1, 4, 0, 0, 0, 0, 0, 28, 1, 1, 0, 59)
15 (1, 4, 0, 0, 0, 0, 0, 54, 0, 2, 0, 22)
16 (1, 4, 159, 47, 0, 0, 0, 59, 0, 1, 0, 55)
17 (1, 4, 182, 0, 0, 0, 0, 56, 0, 1, 0, 155)
18 (1, 4, 111, 73, 0, 0, 0, 89, 0, 1, 0, 39)
19 (1, 4, 236, 0, 0, 17, 0, 92, 0, 1, 0, 231)
20 (1, 4, 150, 0, 0, 38, 0, 88, 0, 1, 0, 19)
21 (1, 4, 94, 0, 0, 38, 0, 27, 0, 1, 0, 220)
22 (1, 4, 240, 0, 29, 0, 0, 26, 0, 0, 0, 76)
23 (1, 4, 0, 216, 116, 0, 7, 59, 0, 1, 0, 247)
24 (1, 4, 0, 0, 0, 0, 16, 67, 0, 1, 0, 179)
25 (1, 4, 32, 0, 0, 0, 0, 24, 0, 1, 0, 235)
26 (1, 4, 3, 0, 0, 0, 0, 32, 0, 1, 0, 166)
27 (1, 4, 0, 0, 0, 0, 0, 39, 0, 0, 0, 204)
28 (1, 4, 0, 23, 79, 8, 0, 55, 0, 0, 0, 38)
29 (1, 4, 0, 0, 248, 29, 0, 48, 0, 0, 0, 87)
30 (1, 4, 0, 83, 458, 0, 0, 39, 0, 0, 0, 50)
31 (1, 4, 0, 79, 540, 0, 0, 38, 0, 0, 0, 6)
0 (1, 4, 181, 306, 328, 0, 0, 32, 0, 0, 0, 234)
1 (1, 4, 0, 62, 99, 0, 0, 17, 0, 0, 0, 107)
2 (1, 4, 33, 0, 0, 0, 67, 81, 0, 1, 0, 4)
3 (1, 4, 177, 0, 68, 0, 61, 4, 0, 0, 0, 65)
4 (1, 4, 0, 35, 0, 0, 19, 0, 0, 0, 0, 106)
5 (1, 4, 0, 2, 0, 0, 0, 5, 0, 0, 0, 185)
6 (1, 4, 34, 0, 0, 0, 22, 0, 0, 0, 0, 49)
7 (1, 4, 0, 10, 0, 0, 27, 1, 0, 0, 0, 176)
8 (1, 4, 0, 54, 0, 0, 39, 18, 0, 0, 0, 101)
9 (1, 4, 0, 31, 0, 0, 20, 14, 0, 0, 0, 238)
10 (1, 4, 0, 1, 0, 0, 17, 7, 0, 0, 0, 36)
11 (1, 4, 25, 0, 0, 0, 19, 5, 0, 0, 0, 68)
12 (1, 4, 0, 0, 0, 0, 25, 4, 0, 0, 0, 54)
13 (1, 4, 0, 0, 3, 0, 26, 7, 0, 0, 0, 96)
14 (1, 4, 17, 0, 3, 0, 23, 6, 0, 0, 0, 10)
15 (1, 4, 30, 0, 0, 0, 14, 11, 0, 0, 0, 150)
16 (1, 4, 43, 0, 0, 0, 18, 29, 0, 0, 0, 63)
17 (1, 4, 72, 0, 0, 0, 13, 42, 0, 0, 0, 46)
18 (1, 4, 15, 0, 0, 0, 0, 39, 0, 0, 0, 150)
19 (1, 4, 0, 0, 0, 0, 0, 42, 0, 0, 0, 140)
20 (1, 4, 28, 0, 0, 0, 0, 24, 0, 0, 0, 239)
21 (1, 4, 66, 0, 0, 0, 0, 17, 0, 0, 0, 231)
22 (1, 4, 261, 63, 0, 0, 0, 6, 0, 1, 0, 255)
23 (1, 4, 277, 0, 0, 0, 0, 16, 0, 1, 0, 18)
24 (1, 4, 195, 0, 0, 0, 0, 23, 0, 1, 0, 91)
25 (1, 4, 205, 0, 0, 0, 0, 21, 0, 1, 0, 182)
26 (1, 4, 171, 54, 0, 19, 0, 32, 0, 1, 0, 198)
27 (1, 4, 208, 34, 0, 45, 0, 47, 1, 2, 0, 51)
28 (1, 4, 102, 51, 0, 54, 0, 51, 1, 2, 0, 147)
29 (1, 4, 53, 74, 0, 19, 47, 14, 0, 1, 0, 13)
30 (1, 4, 0, 305, 189, 0, 75, 0, 0, 1, 0, 176)
31 (1, 4, 48, 137, 185, 0, 0, 58, 1, 1, 0, 46)
0 (1, 4, 0, 72, 0, 0, 0, 29, 0, 1, 0, 182)
1 (1, 4, 0, 219, 0, 0, 55, 88, 0, 2, 0, 188)
2 (1, 4, 0, 0, 20, 0, 26, 44, 0, 1, 0, 188)
3 (1, 4, 78, 0, 62, 0, 18, 0, 0, 1, 0, 243)
4 (1, 4, 25, 0, 30, 0, 31, 0, 0, 1, 0, 21)
5 (1, 4, 0, 90, 14, 0, 39, 6, 0, 1, 0, 77)
6 (1, 4, 0, 72, 30, 0, 17, 18, 0, 1, 0, 1)
7 (1, 4, 0, 41, 52, 0, 4, 4, 0, 1, 0, 152)
8 (1, 4, 0, 72, 46, 0, 21, 32, 0, 1, 0, 168)
9 (1, 4, 0, 23, 34, 0, 9, 38, 0, 1, 0, 114)
10 (1, 4, 0, 0, 33, 0, 12, 14, 0, 1, 0, 123)
11 (1, 4, 0, 0, 8, 0, 15, 10, 0, 1, 0, 83)
12 (1, 4, 0, 46, 15, 0, 32, 22, 0, 1, 0, 152)
13 (1, 4, 0, 84, 0, 0, 32, 31, 0, 1, 0, 10)
14 (1, 4, 0, 63, 35, 0, 2, 25, 0, 1, 0, 86)
15 (1, 4, 0, 33, 12, 0, 0, 33, 0, 1, 0, 254)
16 (1, 4, 0, 0, 0, 0, 23, 32, 0, 1, 0, 89)
17 (1, 4, 0, 9, 9, 0, 13, 27, 0, 1, 0, 63)
18 (1, 4, 13, 0, 0, 0, 3, 26, 0, 1, 0, 88)
19 (1, 4, 13, 0, 0, 0, 25, 28, 0, 1, 0, 34)
20 (1, 4, 0, 0, 0, 0, 16, 27, 0, 1, 0, 207)
21 (1, 4, 0, 0, 0, 0, 9, 22, 0, 1, 0, 178)
22 (1, 4, 39, 9, 0, 0, 16, 25, 0, 1, 0, 157)
23 (1, 4, 0, 2, 0, 0, 24, 27, 0, 1, 0, 99)
24 (1, 4, 0, 11, 0, 0, 15, 21, 0, 1, 0, 174)
25 (1, 4, 0, 22, 0, 0, 14, 23, 0, 0, 0, 184)
26 (1, 4, 9, 14, 0, 0, 14, 26, 0, 0, 0, 84)
27 (1, 4, 13, 15, 3, 0, 16, 24, 0, 0, 0, 142)
28 (1, 4, 5, 0, 0, 0, 16, 24, 0, 0, 0, 244)
29 (1, 4, 0, 6, 0, 0, 19, 19, 0, 0, 0, 114)
30 (1, 4, 0, 22, 0, 0, 13, 24, 0, 0, 0, 202)
31 (1, 4, 0, 5, 0, 0, 13, 23, 0, 0, 0, 138)
0 (1, 4, 0, 0, 0, 0, 0, 91, 1, 1, 0, 109)
1 (1, 4, 0, 0, 0, 0, 0, 72, 0, 1, 0, 186)
2 (1, 4, 0, 0, 0, 0, 0, 69, 0, 1, 0, 250)
3 (1, 4, 8, 0, 0, 0, 0, 91, 0, 1, 0, 127)
4 (1, 4, 172, 0, 0, 42, 0, 126, 1, 3, 0, 5)
5 (1, 4, 58, 0, 0, 112, 0, 96, 0, 1, 0, 113)
6 (1, 4, 86, 0, 236, 27, 40, 32, 0, 1, 0, 13)
7 (1, 4, 0, 296, 346, 0, 0, 0, 2, 20, 0, 109)
8 (1, 4, 0, 0, 0, 0, 37, 0, 0, 2, 0, 63)
9 (1, 4, 0, 35, 0, 0, 2, 33, 1, 2, 0, 92)
10 (1, 4, 0, 114, 0, 68, 0, 75, 0, 1, 0, 56)
11 (1, 4, 0, 201, 32, 80, 0, 75, 0, 1, 0, 132)
12 (1, 4, 0, 199, 103, 35, 0, 82, 0, 1, 0, 146)
13 (1, 4, 11, 244, 325, 0, 0, 118, 1, 2, 0, 196)
14 (1, 4, 0, 98, 368, 0, 0, 78, 1, 1, 0, 31)
15 (1, 4, 57, 45, 283, 0, 0, 54, 1, 1, 0, 171)
16 (1, 4, 0, 213, 288, 0, 0, 23, 0, 0, 0, 145)
17 (1, 4, 102, 264, 90, 0, 0, 23, 0, 0, 0, 149)
18 (1, 4, 201, 117, 250, 0, 0, 13, 0, 0, 0, 139)
19 (1, 4, 0, 209, 207, 0, 0, 14, 0, 0, 0, 93)
20 (1, 4, 0, 165, 237, 0, 0, 39, 0, 0, 0, 226)
21 (1, 4, 0, 73, 210, 0, 0, 0, 0, 0, 0, 161)
22 (1, 4, 0, 101, 0, 0, 0, 0, 0, 0, 0, 80)
23 (1, 4, 208, 0, 38, 0, 0, 24, 0, 0, 0, 180)
24 (1, 4, 253, 0, 0, 0, 10, 18, 1, 0, 0, 184)
25 (1, 4, 0, 0, 0, 0, 19, 1, 1, 0, 0, 205)
26 (1, 4, 56, 0, 10, 0, 4, 3, 0, 0, 0, 63)
27 (1, 4, 204, 0, 26, 0, 19, 10, 0, 0, 0, 27)
28 (1, 4, 72, 0, 29, 0, 36, 6, 0, 0, 0, 172)
29 (1, 4, 0, 0, 0, 0, 20, 13, 0, 0, 0, 88)
30 (1, 4, 0, 10, 6, 0, 17, 4, 0, 0, 0, 88)
31 (1, 4, 0, 64, 10, 0, 12, 4, 0, 0, 0, 57)
0 (1, 4, 0, 0, 0, 0, 0, 34, 0, 0, 0, 102)
1 (1, 4, 0, 0, 0, 0, 0, 41, 0, 1, 0, 129)
2 (1, 4, 0, 0, 0, 0, 0, 34, 0, 1, 0, 13)
3 (1, 4, 0, 0, 0, 0, 0, 45, 1, 1, 0, 150)
4 (1, 4, 0, 0, 0, 0, 0, 67, 0, 1, 0, 54)
5 (1, 4, 0, 0, 0, 0, 0, 69, 0, 1, 0, 250)
6 (1, 4, 0, 0, 0, 0, 0, 85, 0, 1, 0, 41)
7 (1, 4, 0, 0, 0, 0, 0, 89, 0, 1, 0, 182)
8 (1, 4, 0, 0, 75, 20, 0, 75, 0, 1, 0, 171)
9 (1, 4, 0, 0, 284, 14, 0, 34, 0, 1, 0, 119)
10 (1, 4, 0, 0, 395, 0, 67, 0, 0, 1, 0, 47)
11 (1, 4, 0, 167, 436, 0, 0, 14, 0, 1, 0, 129)
12 (1, 4, 68, 0, 0, 0, 0, 0, 0, 1, 0, 164)
13 (1, 4, 202, 0, 0, 0, 20, 49, 0, 1, 0, 46)
14 (1, 4, 0, 133, 2, 0, 0, 67, 0, 0, 0, 28)
15 (1, 4, 16, 0, 0, 0, 0, 91, 0, 0, 0, 132)
16 (1, 4, 0, 103, 0, 0, 0, 80, 0, 0, 0, 171)
17 (1, 4, 0, 161, 0, 0, 0, 29, 0, 0, 0, 155)
18 (1, 4, 0, 0, 0, 0, 0, 27, 0, 1, 0, 74)
19 (1, 4, 14, 0, 0, 0, 0, 10, 0, 1, 0, 18)
20 (1, 4, 0, 0, 0, 43, 0, 13, 0, 1, 0, 101)
21 (1, 4, 0, 126, 55, 84, 0, 25, 0, 1, 0, 237)
22 (1, 4, 0, 308, 258, 29, 0, 77, 0, 0, 0, 249)
23 (1, 4, 53, 330, 237, 0, 0, 97, 0, 1, 0, 5)
24 (1, 4, 219, 145, 127, 0, 0, 70, 0, 1, 0, 116)
25 (1, 4, 225, 214, 79, 0, 0, 57, 0, 1, 0, 241)
26 (1, 4, 168, 100, 129, 0, 0, 57, 0, 1, 0, 14)
27 (1, 4, 90, 104, 206, 0, 6, 44, 0, 1, 0, 10)
28 (1, 4, 40, 0, 213, 0, 10, 35, 0, 1, 0, 233)
29 (1, 4, 153, 0, 317, 0, 26, 31, 0, 0, 0, 195)
0 (1, 4, 211, 50, 0, 0, 0, 3, 0, 1, 0, 211)
1 (1, 4, 224, 0, 0, 0, 0, 20, 0, 1, 0, 232)
2 (1, 4, 238, 0, 0, 0, 0, 38, 0, 1, 0, 119)
3 (1, 4, 164, 0, 0, 0, 0, 40, 0, 1, 0, 180)
4 (1, 4, 205, 0, 0, 19, 0, 56, 0, 1, 0, 129)
5 (1, 4, 54, 0, 0, 2, 11, 36, 0, 0, 0, 221)
6 (1, 4, 228, 0, 342, 0, 72, 0, 0, 0, 0, 110)
7 (1, 4, 0, 424, 295, 0, 0, 43, 0, 0, 0, 128)
8 (1, 4, 0, 0, 0, 0, 0, 10, 0, 0, 0, 45)
9 (1, 4, 200, 0, 0, 0, 0, 25, 0, 0, 0, 116)
10 (1, 4, 11, 0, 0, 0, 0, 10, 0, 0, 0, 79)
11 (1, 4, 69, 74, 0, 0, 0, 28, 0, 0, 0, 208)
12 (1, 4, 76, 186, 0, 18, 18, 39, 0, 0, 0, 207)
13 (1, 4, 0, 262, 167, 26, 34, 88, 0, 0, 0, 116)
14 (1, 4, 0, 290, 469, 0, 3, 108, 0, 0, 0, 38)
15 (1, 4, 0, 277, 477, 0, 0, 145, 0, 0, 0, 77)
16 (1, 4, 0, 95, 371, 0, 0, 79, 0, 0, 0, 13)
17 (1, 4, 0, 73, 423, 0, 0, 47, 0, 0, 0, 20)
18 (1, 4, 0, 29, 329, 0, 3, 13, 0, 0, 0, 134)
19 (1, 4, 0, 139, 391, 0, 0, 5, 0, 0, 0, 247)
20 (1, 4, 0, 249, 295, 0, 0, 0, 0, 0, 0, 31)
21 (1, 4, 0, 269, 220, 0, 0, 0, 0, 0, 0, 208)
22 (1, 4, 26, 34, 6, 0, 0, 50, 0, 0, 0, 231)
23 (1, 4, 0, 0, 0, 0, 32, 68, 1, 0, 0, 33)
24 (1, 4, 0, 0, 1, 0, 14, 15, 1, 0, 0, 161)
25 (1, 4, 114, 7, 20, 0, 4, 13, 0, 0, 0, 76)
26 (1, 4, 203, 0, 0, 0, 17, 4, 0, 0, 0, 9)
27 (1, 4, 157, 0, 0, 0, 46, 12, 1, 0, 0, 237)
28 (1, 4, 0, 0, 0, 0, 51, 15, 1, 0, 0, 230)
29 (1, 4, 0, 42, 5, 0, 22, 17, 0, 0, 0, 48)
30 (1, 4, 53, 0, 0, 0, 21, 21, 1, 0, 0, 107)
31 (1, 4, 79, 0, 0, 0, 31, 18, 1, 0, 0, 137)
0 (1, 4, 144, 0, 0, 0, 0, 25, 0, 1, 0, 6)
1 (1, 4, 246, 0, 0, 11, 0, 40, 0, 1, 0, 24)
2 (1, 4, 129, 0, 0, 52, 0, 54, 0, 1, 0, 210)
3 (1, 4, 188, 0, 0, 59, 0, 56, 1, 2, 0, 239)
4 (1, 4, 0, 118, 0, 0, 93, 0, 0, 1, 0, 70)
5 (1, 4, 161, 84, 375, 0, 0, 0, 0, 1, 0, 51)
6 (1, 4, 128, 37, 57, 0, 0, 48, 0, 1, 0, 118)
7 (1, 4, 0, 0, 0, 0, 0, 0, 0, 1, 0, 21)
8 (1, 4, 76, 0, 0, 0, 1, 6, 0, 1, 0, 97)
9 (1, 4, 126, 0, 0, 11, 23, 24, 0, 0, 0, 137)
10 (1, 4, 0, 172, 0, 108, 36, 52, 0, 0, 0, 133)
11 (1, 4, 0, 373, 212, 40, 52, 98, 0, 0, 0, 216)
12 (1, 4, 0, 249, 606, 0, 46, 104, 0, 0, 0, 121)
13 (1, 4, 0, 22, 585, 0, 0, 79, 0, 1, 0, 22)
14 (1, 4, 0, 0, 569, 0, 0, 38, 0, 0, 0, 0)
15 (1, 4, 0, 0, 282, 0, 0, 30, 0, 0, 0, 58)
16 (1, 4, 98, 68, 299, 0, 0, 21, 0, 0, 0, 168)
17 (1, 4, 3, 212, 276, 0, 10, 12, 0, 0, 0, 133)
18 (1, 4, 0, 132, 246, 0, 16, 2, 0, 0, 0, 99)
19 (1, 4, 86, 264, 331, 0, 16, 5, 0, 0, 0, 235)
20 (1, 4, 0, 246, 41, 0, 40, 14, 0, 0, 0, 212)
21 (1, 4, 0, 90, 0, 0, 0, 127, 0, 0, 0, 140)
22 (1, 4, 129, 0, 0, 0, 10, 1, 0, 0, 0, 137)
23 (1, 4, 78, 0, 0, 0, 20, 0, 0, 0, 0, 197)
24 (1, 4, 144, 0, 23, 0, 57, 19, 0, 0, 0, 148)
25 (1, 4, 0, 21, 5, 0, 49, 5, 0, 0, 0, 225)
26 (1, 4, 0, 49, 2, 0, 28, 6, 0, 0, 0, 44)
27 (1, 4, 0, 16, 0, 0, 27, 10, 0, 0, 0, 131)
28 (1, 4, 2, 0, 0, 0, 37, 9, 0, 0, 0, 192)
29 (1, 4, 0, 13, 3, 0, 34, 9, 0, 0, 0, 211)
30 (1, 4, 18, 0, 1, 0, 31, 9, 0, 0, 0, 15)
31 (1, 4, 19, 0, 1, 0, 37, 5, 0, 0, 0, 37)
0 (1, 4, 7, 0, 0, 0, 35, 9, 0, 0, 0, 231)
1 (1, 4, 4, 0, 2, 0, 36, 8, 0, 0, 0, 109)
2 (1, 4, 0, 14, 11, 0, 31, 10, 0, 0, 0, 2)
3 (1, 4, 17, 0, 6, 0, 21, 16, 0, 0, 0, 45)
4 (1, 4, 68, 0, 3, 0, 22, 21, 0, 0, 0, 153)
5 (1, 4, 160, 0, 0, 0, 20, 19, 0, 0, 0, 127)
6 (1, 4, 351, 0, 20, 0, 11, 45, 0, 0, 0, 197)
7 (1, 4, 202, 0, 0, 0, 30, 35, 0, 0, 0, 28)
8 (1, 4, 0, 0, 0, 0, 12, 50, 0, 0, 0, 151)
9 (1, 4, 0, 0, 0, 0, 0, 59, 0, 0, 0, 128)
10 (1, 4, 88, 0, 0, 0, 0, 58, 0, 0, 0, 70)
11 (1, 4, 37, 0, 0, 0, 0, 42, 0, 0, 0, 125)
12 (1, 4, 121, 28, 0, 0, 0, 9, 0, 0, 0, 147)
13 (1, 4, 177, 42, 0, 0, 0, 18, 0, 0, 0, 52)
14 (1, 4, 252, 0, 0, 5, 0, 64, 0, 2, 0, 125)
15 (1, 4, 137, 9, 0, 70, 0, 67, 0, 2, 0, 113)
16 (1, 4, 181, 0, 99, 4, 39, 0, 0, 1, 0, 182)
17 (1, 4, 37, 406, 305, 0, 0, 36, 0, 1, 0, 74)
18 (1, 4, 0, 0, 0, 0, 0, 11, 0, 0, 0, 242)
19 (1, 4, 0, 0, 0, 0, 74, 0, 0, 0, 0, 87)
20 (1, 4, 0, 98, 0, 14, 48, 17, 0, 0, 0, 108)
21 (1, 4, 0, 295, 85, 60, 68, 56, 0, 0, 0, 238)
22 (1, 4, 0, 425, 391, 2, 38, 91, 2, 3, 0, 86)
23 (1, 4, 0, 394, 607, 0, 0, 97, 0, 1, 0, 115)
24 (1, 4, 0, 43, 473, 0, 0, 52, 0, 0, 0, 208)
25 (1, 4, 0, 138, 458, 0, 0, 48, 0, 0, 0, 23)
26 (1, 4, 0, 56, 330, 0, 0, 40, 0, 0, 0, 16)
27 (1, 4, 0, 128, 274, 0, 0, 35, 0, 0, 0, 181)
28 (1, 4, 0, 0, 267, 0, 0, 0, 0, 0, 0, 36)
29 (1, 4, 0, 190, 348, 0, 24, 0, 0, 0, 0, 167)
30 (1, 4, 0, 294, 362, 0, 0, 10, 0, 0, 0, 118)
31 (1, 4, 238, 148, 172, 0, 0, 5, 0, 0, 0, 140)
0 (1, 4, 100, 0, 0, 0, 82, 11, 0, 0, 0, 233)
1 (1, 4, 0, 32, 28, 0, 48, 0, 0, 0, 0, 169)
2 (1, 4, 0, 91, 0, 0, 27, 0, 0, 0, 0, 56)
3 (1, 4, 0, 37, 0, 0, 35, 2, 0, 0, 0, 236)
4 (1, 4, 0, 34, 0, 0, 40, 4, 0, 0, 0, 104)
5 (1, 4, 14, 4, 13, 0, 35, 3, 0, 0, 0, 102)
6 (1, 4, 60, 0, 11, 0, 37, 0, 0, 0, 0, 129)
7 (1, 4, 25, 0, 0, 0, 48, 0, 0, 0, 0, 104)
8 (1, 4, 0, 12, 0, 0, 56, 0, 0, 0, 0, 94)
9 (1, 4, 0, 113, 0, 0, 32, 0, 0, 0, 0, 230)
10 (1, 4, 0, 36, 0, 0, 29, 2, 0, 0, 0, 1)
11 (1, 4, 0, 27, 0, 0, 27, 0, 0, 0, 0, 187)
12 (1, 4, 0, 65, 0, 0, 33, 0, 0, 0, 0, 60)
13 (1, 4, 0, 0, 18, 0, 26, 1, 0, 0, 0, 71)
14 (1, 4, 0, 23, 0, 0, 29, 4, 0, 0, 0, 182)
15 (1, 4, 0, 43, 0, 0, 19, 34, 0, 0, 0, 193)
16 (1, 4, 0, 35, 0, 0, 27, 57, 0, 0, 0, 236)
17 (1, 4, 0, 0, 0, 0, 1, 52, 0, 0, 0, 0)
18 (1, 4, 0, 0, 0, 0, 0, 71, 0, 0, 0, 40)
19 (1, 4, 0, 0, 0, 0, 0, 90, 0, 0, 0, 187)
20 (1, 4, 14, 0, 0, 0, 0, 79, 1, 4, 0, 95)
21 (1, 4, 111, 0, 0, 0, 0, 62, 0, 1, 0, 85)
22 (1, 4, 0, 0, 0, 34, 0, 63, 0, 0, 0, 34)
23 (1, 4, 0, 0, 39, 0, 0, 39, 0, 1, 0, 188)
24 (1, 4, 0, 0, 225, 0, 50, 0, 0, 1, 0, 15)
25 (1, 4, 0, 66, 99, 0, 0, 4, 0, 1, 0, 48)
26 (1, 4, 0, 0, 0, 0, 0, 0, 0, 1, 0, 21)
27 (1, 4, 104, 0, 0, 0, 37, 0, 0, 1, 0, 188)
28 (1, 4, 72, 104, 0, 0, 18, 4, 0, 1, 0, 28)
29 (1, 4, 0, 352, 0, 73, 61, 54, 0, 0, 0, 133)
30 (1, 4, 0, 428, 298, 38, 26, 91, 0, 0, 0, 6)
31 (1, 4, 0, 578, 512, 0, 0, 114, 0, 0, 0, 105)
0 (1, 4, 0, 53, 107, 0, 0, 14, 0, 0, 0, 150)
1 (1, 4, 90, 0, 135, 0, 5, 7, 0, 0, 0, 230)
2 (1, 4, 108, 57, 119, 0, 1, 17, 0, 0, 0, 55)
3 (1, 4, 150, 47, 77, 0, 13, 16, 0, 0, 0, 217)
4 (1, 4, 0, 229, 0, 0, 6, 19, 0, 0, 0, 245)
5 (1, 4, 55, 107, 0, 0, 0, 48, 0, 0, 0, 43)
6 (1, 4, 169, 0, 15, 0, 12, 0, 0, 0, 0, 169)
7 (1, 4, 107, 0, 0, 0, 22, 0, 0, 0, 0, 198)
8 (1, 4, 93, 11, 0, 0, 43, 0, 0, 0, 0, 125)
9 (1, 4, 0, 50, 0, 0, 40, 6, 0, 0, 0, 176)
10 (1, 4, 0, 36, 2, 0, 19, 2, 0, 0, 0, 254)
11 (1, 4, 0, 31, 0, 0, 10, 0, 0, 0, 0, 157)
12 (1, 4, 0, 8, 0, 0, 16, 4, 0, 0, 0, 61)
13 (1, 4, 0, 2, 0, 0, 19, 1, 0, 0, 0, 194)
14 (1, 4, 0, 10, 0, 0, 16, 0, 0, 0, 0, 37)
15 (1, 4, 0, 0, 0, 0, 13, 0, 0, 0, 0, 37)
16 (1, 4, 131, 0, 0, 0, 0, 30, 0, 0, 0, 140)
17 (1, 4, 163, 0, 0, 0, 0, 50, 0, 0, 0, 117)
18 (1, 4, 0, 0, 0, 0, 0, 36, 0, 0, 0, 170)
19 (1, 4, 0, 0, 0, 0, 0, 70, 0, 0, 0, 247)
20 (1, 4, 0, 0, 0, 0, 0, 30, 0, 0, 0, 139)
21 (1, 4, 0, 212, 0, 0, 0, 13, 0, 0, 0, 7)
22 (1, 4, 187, 71, 0, 0, 0, 24, 0, 1, 0, 253)
23 (1, 4, 207, 0, 0, 0, 0, 41, 0, 1, 0, 71)
24 (1, 4, 157, 7, 0, 5, 0, 70, 0, 0, 0, 37)
25 (1, 4, 113, 0, 0, 0, 0, 87, 0, 0, 0, 91)
26 (1, 4, 0, 119, 0, 0, 0, 61, 0, 0, 0, 110)
27 (1, 4, 257, 0, 70, 0, 0, 100, 1, 2, 0, 221)
28 (1, 4, 240, 0, 272, 7, 45, 5, 0, 1, 0, 45)
29 (1, 4, 0, 108, 364, 0, 74, 0, 1, 2, 0, 113)
30 (1, 4, 0, 66, 140, 0, 0, 15, 2, 3, 0, 3)
31 (1, 4, 9, 11, 0, 0, 0, 20, 0, 1, 0, 166)
0 (1, 4, 0, 95, 166, 80, 0, 67, 1, 2, 0, 230)
1 (1, 4, 0, 39, 351, 40, 0, 52, 1, 2, 0, 156)
2 (1, 4, 0, 53, 395, 6, 0, 63, 1, 2, 0, 100)
3 (1, 4, 0, 83, 558, 0, 0, 44, 1, 1, 0, 250)
4 (1, 4, 0, 147, 409, 0, 0, 42, 0, 1, 0, 164)
5 (1, 4, 25, 91, 422, 0, 0, 52, 1, 1, 0, 68)
6 (1, 4, 88, 97, 354, 0, 0, 56, 0, 1, 0, 23)
7 (1, 4, 82, 73, 185, 0, 0, 40, 0, 1, 0, 246)
8 (1, 4, 202, 48, 231, 0, 14, 34, 0, 0, 0, 244)
9 (1, 4, 242, 154, 312, 0, 49, 14, 0, 0, 0, 208)
10 (1, 4, 141, 291, 270, 0, 17, 43, 0, 0, 0, 147)
11 (1, 4, 0, 148, 5, 0, 14, 33, 0, 0, 0, 160)
12 (1, 4, 0, 294, 0, 0, 46, 68, 0, 0, 0, 3)
13 (1, 4, 4, 0, 35, 0, 29, 39, 0, 0, 0, 111)
14 (1, 4, 91, 0, 0, 0, 15, 2, 0, 0, 0, 101)
15 (1, 4, 155, 0, 0, 0, 23, 10, 0, 0, 0, 87)
16 (1, 4, 42, 0, 0, 0, 59, 2, 0, 0, 0, 174)
17 (1, 4, 0, 10, 0, 0, 45, 0, 0, 0, 0, 246)
18 (1, 4, 0, 62, 0, 0, 26, 10, 0, 0, 0, 60)
19 (1, 4, 0, 44, 0, 0, 24, 21, 0, 0, 0, 232)
20 (1, 4, 0, 10, 0, 0, 26, 19, 0, 0, 0, 163)
21 (1, 4, 0, 23, 0, 0, 21, 13, 0, 0, 0, 66)
22 (1, 4, 16, 23, 15, 0, 21, 13, 0, 0, 0, 251)
23 (1, 4, 19, 11, 0, 0, 17, 19, 0, 0, 0, 174)
24 (1, 4, 72, 0, 0, 0, 16, 14, 0, 0, 0, 36)
25 (1, 4, 107, 0, 0, 0, 18, 9, 0, 0, 0, 16)
26 (1, 4, 133, 0, 0, 0, 25, 15, 0, 0, 0, 153)
27 (1, 4, 133, 0, 8, 0, 24, 11, 0, 0, 0, 41)
28 (1, 4, 83, 0, 32, 0, 27, 15, 0, 0, 0, 205)
29 (1, 4, 20, 0, 25, 0, 27, 14, 0, 0, 0, 24)
30 (1, 4, 18, 0, 4, 0, 18, 17, 0, 0, 0, 167)
31 (1, 4, 42, 0, 0, 0, 13, 25, 0, 0, 0, 104)
0 (1, 4, 180, 0, 0, 0, 0, 13, 0, 1, 0, 95)
1 (1, 4, 68, 66, 0, 0, 0, 68, 0, 1, 0, 122)
2 (1, 4, 149, 0, 0, 0, 0, 31, 0, 1, 0, 252)
3 (1, 4, 74, 0, 0, 0, 0, 47, 0, 0, 0, 195)
4 (1, 4, 137, 0, 0, 0, 0, 19, 0, 0, 0, 160)
5 (1, 4, 84, 0, 0, 0, 0, 59, 0, 1, 0, 186)
6 (1, 4, 244, 0, 171, 0, 38, 18, 0, 1, 0, 232)
7 (1, 4, 92, 15, 346, 0, 54, 44, 0, 1, 0, 104)
8 (1, 4, 0, 0, 163, 0, 0, 12, 0, 1, 0, 62)
9 (1, 4, 126, 0, 0, 0, 0, 64, 0, 1, 0, 170)
10 (1, 4, 135, 0, 0, 0, 24, 58, 0, 0, 0, 36)
11 (1, 4, 0, 121, 0, 0, 0, 107, 0, 0, 0, 48)
12 (1, 4, 32, 21, 0, 0, 0, 81, 0, 0, 0, 254)
13 (1, 4, 0, 42, 0, 0, 0, 85, 0, 0, 0, 94)
14 (1, 4, 0, 13, 0, 0, 0, 46, 0, 0, 0, 37)
15 (1, 4, 34, 0, 0, 0, 0, 50, 0, 0, 0, 110)
16 (1, 4, 38, 0, 0, 52, 4, 37, 0, 1, 0, 124)
17 (1, 4, 0, 135, 54, 90, 23, 83, 0, 0, 0, 116)
18 (1, 4, 0, 69, 257, 36, 25, 59, 0, 0, 0, 13)
19 (1, 4, 0, 319, 503, 0, 0, 83, 0, 0, 0, 74)
20 (1, 4, 0, 5, 322, 0, 0, 89, 0, 0, 0, 59)
21 (1, 4, 42, 43, 366, 0, 0, 67, 0, 0, 0, 202)
22 (1, 4, 0, 21, 361, 0, 0, 45, 0, 0, 0, 225)
23 (1, 4, 126, 177, 372, 0, 0, 36, 0, 0, 0, 62)
24 (1, 4, 0, 156, 293, 0, 0, 22, 0, 0, 0, 1)
25 (1, 4, 0, 164, 324, 0, 1, 9, 0, 0, 0, 211)
26 (1, 4, 0, 235, 366, 0, 6, 5, 0, 0, 0, 123)
27 (1, 4, 0, 281, 284, 0, 0, 0, 0, 0, 0, 60)
28 (1, 4, 0, 307, 22, 0, 0, 42, 0, 0, 0, 28)
29 (1, 4, 0, 0, 0, 0, 14, 66, 0, 1, 0, 57)
30 (1, 4, 81, 0, 14, 0, 9, 0, 0, 0, 0, 108)
31 (1, 4, 104, 14, 20, 0, 25, 0, 0, 0, 0, 88)
0 (1, 4, 112, 0, 0, 0, 0, 36, 0, 0, 0, 4)
1 (1, 4, 346, 0, 0, 0, 0, 18, 0, 0, 0, 19)
2 (1, 4, 111, 0, 0, 0, 0, 6, 0, 0, 0, 166)
3 (1, 4, 210, 52, 0, 0, 0, 0, 0, 0, 0, 103)
4 (1, 4, 275, 0, 0, 0, 0, 0, 0, 0, 0, 142)
5 (1, 4, 276, 0, 0, 0, 0, 0, 0, 0, 0, 164)
6 (1, 4, 268, 0, 0, 0, 0, 9, 0, 0, 0, 1)
7 (1, 4, 326, 0, 0, 0, 0, 54, 0, 0, 0, 111)
8 (1, 4, 193, 0, 0, 0, 0, 70, 0, 0, 0, 101)
9 (1, 4, 236, 0, 0, 19, 0, 45, 0, 0, 0, 90)
10 (1, 4, 128, 0, 94, 37, 24, 10, 0, 0, 0, 191)
11 (1, 4, 0, 83, 207, 0, 66, 0, 0, 0, 0, 255)
12 (1, 4, 0, 156, 284, 0, 0, 49, 0, 0, 0, 26)
13 (1, 4, 0, 0, 0, 0, 0, 0, 0, 0, 0, 126)
14 (1, 4, 185, 0, 0, 0, 35, 0, 0, 0, 0, 180)
15 (1, 4, 0, 0, 0, 14, 41, 16, 0, 0, 0, 162)
16 (1, 4, 0, 139, 65, 93, 16, 33, 0, 0, 0, 57)
17 (1, 4, 0, 302, 294, 55, 24, 55, 0, 0, 0, 233)
18 (1, 4, 0, 336, 555, 0, 0, 112, 0, 0, 0, 13)
19 (1, 4, 0, 71, 438, 0, 0, 96, 0, 0, 0, 71)
20 (1, 4, 0, 9, 400, 0, 0, 58, 0, 0, 0, 138)
21 (1, 4, 0, 0, 330, 0, 0, 32, 0, 0, 0, 234)
22 (1, 4, 0, 10, 258, 0, 0, 22, 0, 0, 0, 205)
23 (1, 4, 2, 87, 275, 0, 0, 34, 0, 0, 0, 3)
24 (1, 4, 153, 57, 163, 0, 0, 34, 0, 0, 0, 252)
25 (1, 4, 115, 75, 183, 0, 1, 27, 0, 0, 0, 153)
26 (1, 4, 0, 217, 162, 0, 18, 34, 0, 0, 0, 212)
27 (1, 4, 0, 100, 0, 0, 0, 64, 0, 0, 0, 160)
28 (1, 4, 81, 17, 32, 0, 0, 16, 0, 0, 0, 224)
29 (1, 4, 50, 49, 17, 0, 15, 2, 0, 0, 0, 168)
30 (1, 4, 54, 30, 41, 0, 14, 6, 0, 0, 0, 210)
31 (1, 4, 78, 0, 42, 0, 9, 9, 0, 0, 0, 67)
0 (1, 4, 159, 0, 0, 0, 0, 26, 0, 0, 0, 81)
1 (1, 4, 413, 0, 0, 0, 0, 10, 0, 0, 0, 156)
2 (1, 4, 381, 0, 0, 0, 9, 0, 0, 0, 0, 44)
3 (1, 4, 244, 2, 0, 0, 0, 5, 0, 0, 0, 58)
4 (1, 4, 211, 143, 0, 0, 0, 0, 0, 0, 0, 160)
5 (1, 4, 467, 80, 0, 0, 0, 0, 0, 0, 0, 240)
6 (1, 4, 326, 133, 0, 0, 0, 0, 0, 1, 0, 212)
7 (1, 4, 391, 59, 0, 0, 0, 0, 0, 1, 0, 224)
8 (1, 4, 366, 0, 0, 0, 0, 13, 0, 1, 0, 77)
9 (1, 4, 268, 0, 0, 0, 0, 37, 0, 1, 0, 84)
10 (1, 4, 206, 0, 0, 0, 0, 57, 0, 1, 0, 154)
11 (1, 4, 264, 0, 0, 2, 0, 82, 0, 0, 0, 29)
12 (1, 4, 252, 0, 90, 46, 35, 60, 0, 0, 0, 162)
13 (1, 4, 191, 0, 333, 0, 97, 6, 0, 0, 0, 100)
14 (1, 4, 0, 357, 532, 0, 52, 0, 0, 0, 0, 69)
15 (1, 4, 0, 0, 159, 0, 0, 3, 0, 0, 0, 207)
16 (1, 4, 0, 0, 0, 0, 0, 55, 0, 0, 0, 31)
17 (1, 4, 0, 0, 0, 0, 27, 34, 0, 0, 0, 169)
18 (1, 4, 0, 0, 0, 0, 0, 45, 0, 0, 0, 159)
19 (1, 4, 6, 0, 0, 0, 0, 40, 0, 0, 0, 17)
20 (1, 4, 0, 0, 92, 30, 0, 70, 0, 0, 0, 220)
21 (1, 4, 0, 79, 267, 19, 0, 86, 0, 0, 0, 154)
22 (1, 4, 0, 28, 381, 0, 0, 100, 0, 0, 0, 182)
23 (1, 4, 0, 83, 331, 0, 0, 81, 0, 0, 0, 172)
24 (1, 4, 6, 26, 277, 0, 0, 66, 0, 0, 0, 241)
25 (1, 4, 0, 113, 378, 0, 0, 53, 0, 0, 0, 135)
26 (1, 4, 0, 225, 501, 0, 0, 60, 0, 0, 0, 122)
27 (1, 4, 0, 0, 136, 0, 14, 28, 0, 0, 0, 175)
28 (1, 4, 0, 44, 208, 0, 10, 0, 0, 0, 0, 147)
29 (1, 4, 7, 207, 346, 0, 0, 0, 0, 0, 0, 45)
30 (1, 4, 0, 320, 191, 0, 0, 1, 0, 0, 0, 238)
31 (1, 4, 0, 175, 0, 0, 0, 323, 0, 0, 0, 6)
0 (1, 4, 0, 51, 12, 0, 1, 18, 0, 0, 0, 244)
1 (1, 4, 92, 0, 16, 0, 3, 21, 0, 0, 0, 210)
2 (1, 4, 151, 0, 13, 0, 19, 14, 0, 0, 0, 255)
3 (1, 4, 137, 0, 23, 0, 35, 12, 0, 0, 0, 150)
4 (1, 4, 49, 3, 21, 0, 36, 11, 0, 0, 0, 88)
5 (1, 4, 13, 0, 10, 0, 32, 17, 0, 0, 0, 170)
6 (1, 4, 13, 4, 8, 0, 34, 15, 0, 0, 0, 88)
7 (1, 4, 80, 2, 33, 0, 23, 25, 0, 0, 0, 27)
8 (1, 4, 272, 0, 112, 0, 28, 22, 0, 0, 0, 94)
9 (1, 4, 224, 0, 98, 0, 55, 28, 0, 0, 0, 163)
10 (1, 4, 0, 0, 0, 0, 77, 23, 0, 0, 0, 255)
11 (1, 4, 0, 78, 0, 0, 30, 51, 0, 0, 0, 184)
12 (1, 4, 0, 0, 0, 0, 15, 55, 0, 0, 0, 182)
13 (1, 4, 0, 9, 0, 0, 0, 90, 1, 1, 0, 180)
14 (1, 4, 0, 0, 0, 0, 0, 135, 0, 1, 0, 140)
15 (1, 4, 0, 0, 0, 0, 0, 113, 0, 2, 0, 64)
16 (1, 4, 0, 0, 0, 0, 0, 92, 0, 1, 0, 28)
17 (1, 4, 0, 0, 0, 0, 0, 84, 1, 2, 0, 41)
18 (1, 4, 0, 0, 264, 0, 24, 5, 0, 1, 0, 26)
19 (1, 4, 0, 0, 359, 0, 50, 0, 0, 1, 0, 210)
20 (1, 4, 145, 0, 372, 0, 0, 31, 0, 1, 0, 189)
21 (1, 4, 35, 0, 0, 0, 0, 0, 0, 1, 0, 192)
22 (1, 4, 0, 71, 0, 0, 0, 25, 0, 1, 0, 114)
23 (1, 4, 52, 0, 0, 0, 33, 0, 0, 1, 0, 126)
24 (1, 4, 0, 154, 0, 0, 10, 32, 0, 1, 0, 57)
25 (1, 4, 0, 298, 0, 76, 28, 83, 1, 3, 0, 94)
26 (1, 4, 0, 418, 192, 41, 22, 100, 1, 1, 0, 61)
27 (1, 4, 0, 371, 444, 0, 0, 70, 1, 2, 0, 145)
28 (1, 4, 4, 55, 524, 0, 0, 93, 0, 1, 0, 2)
29 (1, 4, 0, 0, 370, 0, 0, 54, 1, 1, 0, 193)
30 (1, 4, 0, 0, 302, 0, 0, 39, 0, 1, 0, 201)
31 (1, 4, 0, 33, 324, 0, 0, 16, 0, 1, 0, 73)
0 (1, 4, 0, 118, 0, 0, 17, 7, 0, 1, 0, 109)
1 (1, 4, 0, 69, 0, 0, 15, 5, 0, 0, 0, 145)
2 (1, 4, 0, 55, 0, 0, 12, 3, 0, 0, 0, 155)
3 (1, 4, 50, 39, 2, 0, 18, 15, 0, 0, 0, 36)
4 (1, 4, 0, 52, 0, 0, 52, 50, 0, 0, 0, 167)
5 (1, 4, 0, 0, 10, 0, 68, 39, 0, 0, 0, 166)
6 (1, 4, 0, 13, 23, 0, 41, 0, 0, 0, 0, 141)
7 (1, 4, 0, 92, 0, 0, 29, 9, 0, 0, 0, 30)
8 (1, 4, 0, 0, 0, 0, 56, 9, 0, 0, 0, 2)
9 (1, 4, 0, 58, 7, 0, 57, 13, 0, 0, 0, 150)
10 (1, 4, 0, 76, 34, 0, 36, 10, 0, 0, 0, 248)
11 (1, 4, 0, 63, 19, 0, 32, 8, 0, 0, 0, 79)
12 (1, 4, 0, 53, 0, 0, 42, 14, 0, 0, 0, 170)
13 (1, 4, 0, 43, 2, 0, 48, 22, 0, 0, 0, 111)
14 (1, 4, 0, 5, 8, 0, 59, 4, 0, 0, 0, 26)
15 (1, 4, 0, 96, 0, 0, 37, 1, 0, 0, 0, 119)
16 (1, 4, 0, 0, 0, 0, 31, 15, 0, 0, 0, 171)
17 (1, 4, 0, 46, 0, 0, 12, 29, 0, 0, 0, 9)
18 (1, 4, 0, 181, 0, 0, 0, 59, 0, 1, 0, 38)
19 (1, 4, 0, 0, 0, 0, 0, 113, 0, 1, 0, 253)
20 (1, 4, 0, 0, 0, 0, 12, 82, 0, 0, 0, 115)
21 (1, 4, 0, 0, 0, 0, 0, 73, 0, 0, 0, 14)
22 (1, 4, 0, 0, 0, 0, 0, 22, 0, 0, 0, 97)
23 (1, 4, 0, 0, 0, 0, 0, 0, 0, 0, 0, 126)
24 (1, 4, 23, 12, 0, 0, 0, 0, 0, 1, 0, 182)
25 (1, 4, 190, 9, 0, 1, 0, 0, 0, 0, 0, 1)
26 (1, 4, 186, 79, 0, 0, 0, 0, 0, 1, 0, 121)
27 (1, 4, 120, 142, 0, 0, 0, 0, 0, 1, 0, 206)
28 (1, 4, 176, 253, 0, 0, 0, 0, 0, 1, 0, 218)
29 (1, 4, 400, 276, 0, 0, 0, 10, 0, 1, 0, 239)
30 (1, 4, 144, 241, 0, 0, 0, 34, 0, 0, 0, 7)
31 (1, 4, 213, 62, 0, 0, 108, 31, 0, 0, 0, 140)
0 (1, 4, 185, 78, 0, 0, 0, 0, 0, 1, 0, 222)
1 (1, 4, 151, 159, 0, 0, 0, 0, 0, 0, 0, 112)
2 (1, 4, 0, 50, 169, 0, 212, 2, 0, 0, 0, 102)
3 (1, 4, 0, 377, 168, 0, 0, 129, 0, 1, 0, 48)
4 (1, 4, 0, 14, 0, 0, 0, 110, 0, 1, 0, 211)
5 (1, 4, 60, 0, 0, 0, 61, 102, 0, 0, 0, 234)
6 (1, 4, 0, 0, 0, 0, 0, 51, 0, 0, 0, 106)
7 (1, 4, 0, 0, 12, 0, 0, 19, 0, 1, 0, 66)
8 (1, 4, 0, 212, 94, 0, 0, 10, 0, 1, 0, 54)
9 (1, 4, 0, 196, 267, 0, 0, 26, 0, 1, 0, 151)
10 (1, 4, 0, 230, 329, 0, 0, 19, 0, 1, 0, 217)
11 (1, 4, 0, 220, 411, 0, 0, 13, 0, 1, 0, 11)
12 (1, 4, 0, 30, 407, 0, 0, 14, 0, 1, 0, 96)
13 (1, 4, 0, 62, 448, 0, 0, 15, 0, 1, 0, 28)
14 (1, 4, 0, 0, 327, 0, 0, 18, 0, 1, 0, 60)
15 (1, 4, 0, 0, 310, 0, 0, 4, 0, 1, 0, 205)
16 (1, 4, 0, 133, 178, 0, 0, 18, 0, 1, 0, 78)
17 (1, 4, 0, 40, 65, 0, 0, 14, 0, 1, 0, 45)
18 (1, 4, 27, 60, 15, 0, 3, 13, 0, 1, 0, 207)
19 (1, 4, 15, 45, 12, 0, 0, 20, 0, 1, 0, 21)
20 (1, 4, 33, 3, 0, 0, 12, 28, 0, 1, 0, 106)
21 (1, 4, 87, 0, 0, 0, 50, 40, 0, 0, 0, 12)
22 (1, 4, 0, 0, 0, 0, 35, 0, 0, 0, 0, 248)
23 (1, 4, 0, 30, 0, 0, 18, 0, 0, 0, 0, 108)
24 (1, 4, 0, 48, 0, 0, 21, 2, 0, 0, 0, 123)
25 (1, 4, 0, 98, 13, 0, 31, 17, 0, 0, 0, 4)
26 (1, 4, 0, 73, 21, 0, 18, 17, 0, 0, 0, 53)
27 (1, 4, 0, 62, 15, 0, 8, 9, 0, 0, 0, 116)
28 (1, 4, 0, 21, 2, 0, 10, 12, 0, 0, 0, 243)
29 (1, 4, 31, 0, 0, 0, 15, 8, 0, 0, 0, 135)
0 (1, 4, 15, 0, 0, 0, 31, 6, 0, 0, 0, 196)
1 (1, 4, 82, 0, 0, 0, 19, 32, 0, 0, 0, 164)
2 (1, 4, 0, 0, 0, 0, 0, 47, 0, 0, 0, 38)
3 (1, 4, 0, 0, 0, 0, 0, 79, 0, 0, 0, 194)
4 (1, 4, 0, 19, 0, 0, 0, 66, 0, 1, 0, 80)
5 (1, 4, 130, 0, 0, 0, 0, 52, 0, 1, 0, 27)
6 (1, 4, 78, 0, 0, 0, 0, 44, 0, 1, 0, 246)
7 (1, 4, 163, 0, 0, 0, 0, 16, 0, 1, 0, 6)
8 (1, 4, 104, 0, 0, 73, 0, 19, 0, 2, 0, 17)
9 (1, 4, 15, 0, 39, 102, 10, 21, 1, 2, 0, 191)
10 (1, 4, 3, 112, 300, 0, 70, 0, 0, 1, 0, 109)
11 (1, 4, 0, 410, 451, 0, 0, 47, 1, 2, 0, 37)
12 (1, 4, 0, 0, 0, 0, 0, 0, 1, 2, 0, 202)
13 (1, 4, 71, 14, 0, 0, 0, 40, 0, 1, 0, 249)
14 (1, 4, 92, 0, 0, 0, 50, 0, 0, 1, 0, 78)
15 (1, 4, 63, 0, 0, 15, 25, 43, 0, 1, 0, 221)
16 (1, 4, 0, 130, 82, 113, 26, 70, 0, 1, 0, 57)
17 (1, 4, 0, 92, 366, 35, 35, 50, 0, 1, 0, 142)
18 (1, 4, 0, 0, 782, 0, 0, 0, 0, 1, 0, 63)
19 (1, 4, 201, 290, 831, 0, 0, 101, 1, 2, 0, 19)
20 (1, 4, 0, 0, 352, 0, 0, 45, 0, 1, 0, 172)
21 (1, 4, 0, 88, 318, 0, 0, 32, 0, 1, 0, 244)
22 (1, 4, 0, 99, 235, 0, 0, 1, 0, 1, 0, 160)
23 (1, 4, 0, 211, 237, 0, 0, 7, 0, 1, 0, 191)
24 (1, 4, 0, 76, 165, 0, 0, 0, 0, 1, 0, 58)
25 (1, 4, 91, 67, 150, 0, 0, 0, 0, 1, 0, 186)
26 (1, 4, 220, 55, 109, 0, 0, 0, 0, 1, 0, 243)
27 (1, 4, 0, 249, 0, 0, 66, 65, 0, 1, 0, 64)
28 (1, 4, 27, 0, 0, 0, 22, 7, 0, 1, 0, 16)
29 (1, 4, 147, 0, 30, 0, 3, 0, 0, 1, 0, 203)
0 (1, 4, 0, 648, 873, 0, 0, 73, 0, 1, 0, 208)
1 (1, 4, 0, 211, 553, 0, 0, 68, 1, 1, 0, 16)
2 (1, 4, 0, 277, 873, 0, 0, 47, 0, 1, 0, 108)
3 (1, 4, 64, 0, 530, 0, 0, 0, 1, 1, 0, 20)
4 (1, 4, 11, 195, 301, 0, 0, 0, 1, 1, 0, 154)
5 (1, 4, 0, 433, 433, 0, 31, 0, 1, 1, 0, 16)
6 (1, 4, 0, 250, 271, 0, 0, 0, 1, 1, 0, 140)
7 (1, 4, 0, 38, 0, 0, 0, 0, 1, 1, 0, 2)
8 (1, 4, 0, 0, 0, 0, 15, 0, 1, 1, 0, 222)
9 (1, 4, 182, 0, 0, 0, 13, 0, 1, 1, 0, 58)
10 (1, 4, 205, 0, 0, 0, 91, 89, 1, 1, 0, 219)
11 (1, 4, 66, 0, 47, 0, 25, 0, 1, 2, 0, 197)
12 (1, 4, 97, 122, 36, 0, 34, 0, 1, 2, 0, 43)
13 (1, 4, 12, 0, 0, 0, 40, 13, 1, 1, 0, 179)
14 (1, 4, 0, 0, 0, 0, 53, 0, 1, 1, 0, 101)
15 (1, 4, 0, 36, 6, 0, 32, 0, 1, 1, 0, 19)
16 (1, 4, 53, 0, 0, 0, 28, 0, 1, 1, 0, 193)
17 (1, 4, 63, 0, 0, 0, 37, 0, 1, 1, 0, 157)
18 (1, 4, 45, 2, 0, 0, 41, 0, 1, 1, 0, 46)
19 (1, 4, 26, 4, 7, 0, 40, 0, 1, 1, 0, 8)
20 (1, 4, 0, 4, 0, 0, 37, 0, 1, 1, 0, 58)
21 (1, 4, 0, 15, 0, 0, 38, 0, 1, 1, 0, 218)
22 (1, 4, 0, 22, 0, 0, 31, 0, 1, 1, 0, 141)
23 (1, 4, 0, 13, 0, 0, 29, 0, 1, 1, 0, 117)
24 (1, 4, 0, 0, 0, 0, 29, 0, 1, 1, 0, 169)
25 (1, 4, 0, 3, 0, 0, 32, 0, 1, 1, 0, 162)
26 (1, 4, 0, 5, 0, 0, 31, 0, 1, 1, 0, 52)
27 (1, 4, 0, 0, 0, 0, 32, 0, 1, 1, 0, 122)
28 (1, 4, 0, 1, 0, 0, 33, 0, 1, 1, 0, 182)
29 (1, 4, 0, 0, 0, 0, 32, 0, 1, 1, 0, 122)
30 (1, 4, 5, 1, 0, 0, 32, 0, 1, 1, 0, 249)
31 (1, 4, 4, 0, 0, 0, 33, 0, 1, 1, 0, 59)
0 (1, 4, 0, 0, 0, 0, 0, 43, 1, 1, 0, 90)
1 (1, 4, 0, 0, 0, 0, 0, 67, 1, 1, 0, 84)
2 (1, 4, 0, 0, 0, 0, 0, 56, 1, 2, 0, 82)
3 (1, 4, 17, 79, 0, 0, 0, 49, 4, 9, 0, 186)
4 (1, 4, 114, 48, 0, 0, 0, 37, 0, 1, 0, 15)
5 (1, 4, 46, 27, 0, 0, 0, 39, 1, 2, 0, 225)
6 (1, 4, 171, 0, 0, 0, 0, 15, 1, 2, 0, 131)
7 (1, 4, 188, 0, 0, 9, 0, 6, 1, 3, 0, 240)
8 (1, 4, 78, 0, 0, 110, 26, 0, 2, 5, 0, 151)
9 (1, 4, 53, 185, 77, 102, 2, 14, 2, 4, 0, 131)
10 (1, 4, 10, 271, 144, 61, 0, 38, 2, 4, 0, 79)
11 (1, 4, 32, 131, 291, 29, 13, 42, 2, 4, 0, 210)
12 (1, 4, 0, 128, 433, 0, 53, 26, 3, 12, 0, 8)
13 (1, 4, 37, 128, 621, 0, 11, 19, 0, 2, 0, 110)
14 (1, 4, 0, 244, 58, 0, 0, 51, 0, 1, 0, 232)
15 (1, 4, 140, 0, 0, 0, 0, 40, 0, 1, 0, 3)
16 (1, 4, 0, 0, 0, 0, 0, 47, 0, 1, 0, 77)
17 (1, 4, 0, 0, 0, 0, 0, 50, 0, 1, 0, 222)
18 (1, 4, 26, 0, 0, 35, 0, 56, 0, 1, 0, 201)
19 (1, 4, 0, 0, 0, 73, 0, 53, 0, 1, 0, 255)
20 (1, 4, 0, 0, 76, 91, 21, 44, 0, 1, 0, 214)
21 (1, 4, 0, 32, 359, 69, 24, 41, 0, 1, 0, 12)
22 (1, 4, 0, 80, 612, 0, 1, 57, 0, 1, 0, 40)
23 (1, 4, 0, 129, 542, 0, 0, 67, 0, 1, 0, 138)
24 (1, 4, 170, 0, 446, 0, 0, 49, 0, 1, 0, 230)
25 (1, 4, 18, 148, 295, 0, 0, 38, 0, 1, 0, 120)
26 (1, 4, 70, 142, 337, 0, 0, 43, 0, 1, 0, 221)
27 (1, 4, 0, 65, 257, 0, 0, 28, 0, 1, 0, 166)
28 (1, 4, 0, 39, 267, 0, 0, 24, 0, 1, 0, 182)
29 (1, 4, 0, 74, 281, 0, 0, 13, 0, 1, 0, 2)
30 (1, 4, 36, 173, 352, 0, 0, 16, 0, 1, 0, 126)
31 (1, 4, 122, 204, 355, 0, 0, 8, 0, 1, 0, 53)
0 (1, 4, 63, 0, 0, 63, 0, 48, 2, 3, 0, 179)
1 (1, 4, 0, 0, 92, 54, 4, 42, 1, 1, 0, 92)
2 (1, 4, 0, 0, 313, 0, 47, 18, 1, 2, 0, 240)
3 (1, 4, 0, 0, 495, 0, 60, 0, 0, 1, 0, 79)
4 (1, 4, 0, 215, 251, 0, 0, 4, 1, 1, 0, 111)
5 (1, 4, 59, 2, 0, 0, 0, 0, 0, 1, 0, 61)
6 (1, 4, 138, 0, 0, 0, 0, 3, 0, 1, 0, 10)
7 (1, 4, 154, 0, 0, 0, 0, 0, 0, 1, 0, 140)
8 (1, 4, 198, 0, 0, 0, 0, 8, 1, 1, 0, 37)
9 (1, 4, 93, 26, 0, 59, 0, 28, 0, 2, 0, 179)
10 (1, 4, 0, 239, 149, 80, 43, 77, 1, 2, 0, 31)
11 (1, 4, 0, 427, 519, 0, 57, 91, 1, 1, 0, 79)
12 (1, 4, 0, 0, 717, 0, 0, 32, 0, 1, 0, 114)
13 (1, 4, 0, 0, 604, 0, 0, 0, 0, 1, 0, 201)
14 (1, 4, 0, 0, 410, 0, 0, 0, 0, 1, 0, 85)
15 (1, 4, 0, 47, 407, 0, 0, 0, 0, 1, 0, 80)
16 (1, 4, 51, 26, 357, 0, 11, 0, 1, 1, 0, 37)
17 (1, 4, 117, 148, 288, 0, 36, 0, 0, 1, 0, 122)
18 (1, 4, 4, 290, 232, 0, 23, 0, 0, 1, 0, 194)
19 (1, 4, 5, 175, 3, 0, 14, 0, 1, 1, 0, 88)
20 (1, 4, 0, 421, 0, 0, 89, 63, 1, 1, 0, 146)
21 (1, 4, 0, 94, 4, 0, 28, 29, 0, 1, 0, 153)
22 (1, 4, 192, 0, 0, 0, 20, 0, 1, 1, 0, 141)
23 (1, 4, 268, 0, 0, 0, 38, 0, 1, 1, 0, 33)
24 (1, 4, 271, 0, 0, 0, 64, 0, 0, 1, 0, 87)
25 (1, 4, 195, 0, 16, 0, 58, 0, 1, 1, 0, 61)
26 (1, 4, 112, 0, 8, 0, 55, 0, 0, 1, 0, 231)
27 (1, 4, 23, 0, 0, 0, 59, 0, 0, 1, 0, 29)
28 (1, 4, 0, 31, 0, 0, 56, 0, 0, 1, 0, 140)
29 (1, 4, 0, 38, 6, 0, 48, 0, 1, 1, 0, 251)
0 (1, 4, 0, 0, 0, 0, 0, 79, 0, 1, 0, 169)
1 (1, 4, 0, 0, 0, 0, 0, 77, 0, 1, 0, 16)
2 (1, 4, 0, 0, 0, 0, 0, 77, 0, 1, 0, 16)
3 (1, 4, 0, 0, 0, 0, 0, 70, 0, 1, 0, 156)
4 (1, 4, 53, 0, 0, 0, 0, 35, 0, 1, 0, 195)
5 (1, 4, 60, 0, 0, 16, 19, 18, 0, 1, 0, 233)
6 (1, 4, 0, 0, 0, 82, 9, 22, 0, 1, 0, 174)
7 (1, 4, 0, 203, 0, 84, 0, 38, 0, 1, 0, 207)
8 (1, 4, 0, 153, 74, 24, 0, 57, 0, 0, 0, 56)
9 (1, 4, 60, 24, 295, 13, 31, 27, 0, 0, 0, 109)
10 (1, 4, 0, 173, 462, 0, 56, 6, 0, 0, 0, 126)
11 (1, 4, 183, 162, 433, 0, 0, 88, 0, 0, 0, 13)
12 (1, 4, 0, 48, 0, 0, 0, 20, 0, 0, 0, 123)
13 (1, 4, 187, 0, 0, 0, 0, 43, 0, 0, 0, 3)
14 (1, 4, 113, 0, 0, 0, 14, 38, 0, 0, 0, 99)
15 (1, 4, 153, 0, 0, 19, 42, 34, 0, 0, 0, 5)
16 (1, 4, 0, 66, 0, 112, 99, 80, 0, 0, 0, 81)
17 (1, 4, 0, 134, 305, 78, 116, 91, 0, 0, 0, 132)
18 (1, 4, 0, 0, 664, 0, 80, 26, 0, 0, 0, 233)
19 (1, 4, 0, 207, 820, 0, 0, 0, 0, 0, 0, 117)
20 (1, 4, 52, 0, 707, 0, 0, 17, 0, 0, 0, 102)
21 (1, 4, 0, 14, 376, 0, 0, 1, 0, 0, 0, 62)
22 (1, 4, 257, 260, 524, 0, 0, 53, 0, 0, 0, 205)
23 (1, 4, 0, 71, 228, 0, 0, 16, 0, 0, 0, 134)
24 (1, 4, 0, 285, 341, 0, 9, 1, 0, 0, 0, 82)
25 (1, 4, 0, 271, 258, 0, 2, 0, 0, 0, 0, 170)
26 (1, 4, 0, 258, 148, 0, 0, 0, 0, 0, 0, 38)
27 (1, 4, 0, 367, 0, 0, 23, 44, 0, 0, 0, 184)
28 (1, 4, 0, 0, 0, 0, 14, 49, 0, 1, 0, 104)
29 (1, 4, 272, 0, 23, 0, 6, 0, 0, 0, 0, 23)
30 (1, 4, 315, 0, 0, 0, 24, 0, 0, 0, 0, 125)
31 (1, 4, 309, 0, 35, 0, 43, 0, 0, 0, 0, 111)

