1 (1, 4, 0, 149, 421, 0, 0, 43, 20, 20, 0, 112)
2 (1, 4, 24, 0, 0, 0, 0, 0, 0, 0, 0, 238)
3 (1, 4, 126, 0, 0, 0, 0, 47, 20, 20, 0, 104)
4 (1, 4, 0, 16, 0, 0, 0, 11, 0, 0, 0, 147)
5 (1, 4, 16, 142, 0, 0, 4, 52, 20, 20, 0, 203)
6 (1, 4, 0, 297, 85, 65, 65, 96, 20, 20, 0, 232)
7 (1, 4, 0, 344, 373, 0, 0, 129, 20, 0, 0, 207)
8 (1, 4, 0, 244, 560, 0, 0, 157, 19, 20, 0, 58)
9 (1, 4, 0, 111, 418, 0, 0, 93, 20, 20, 0, 145)
10 (1, 4, 35, 127, 286, 0, 0, 59, 20, 0, 0, 150)
11 (1, 4, 22, 117, 234, 0, 0, 53, 20, 20, 0, 254)
12 (1, 4, 111, 186, 328, 0, 0, 60, 20, 20, 0, 85)
13 (1, 4, 418, 162, 281, 0, 0, 62, 20, 20, 0, 246)
14 (1, 4, 273, 190, 69, 0, 0, 33, 20, 20, 0, 207)
15 (1, 4, 132, 28, 0, 0, 53, 85, 20, 20, 0, 193)
16 (1, 4, 216, 0, 8, 0, 76, 14, 0, 0, 0, 208)
17 (1, 4, 0, 10, 0, 0, 0, 26, 20, 20, 0, 148)
18 (1, 4, 3, 5, 0, 0, 0, 29, 20, 20, 0, 36)
19 (1, 4, 19, 8, 0, 0, 0, 27, 20, 20, 0, 212)
20 (1, 4, 5, 12, 0, 0, 0, 24, 20, 20, 0, 172)
21 (1, 4, 0, 7, 0, 0, 0, 23, 20, 20, 0, 8)
22 (1, 4, 0, 4, 0, 0, 0, 27, 20, 20, 0, 79)
23 (1, 4, 0, 6, 0, 0, 0, 25, 20, 20, 0, 155)
24 (1, 4, 0, 7, 0, 0, 0, 24, 20, 20, 0, 241)
25 (1, 4, 0, 6, 0, 0, 0, 26, 20, 20, 0, 253)
26 (1, 4, 10, 13, 0, 0, 0, 24, 20, 20, 0, 67)
27 (1, 4, 5, 14, 0, 0, 0, 22, 20, 20, 0, 231)
28 (1, 4, 0, 7, 0, 0, 0, 25, 20, 20, 0, 46)
29 (1, 4, 0, 5, 0, 0, 0, 26, 20, 20, 0, 37)
30 (1, 4, 0, 7, 0, 0, 0, 24, 20, 20, 0, 241)
31 (1, 4, 6, 11, 0, 0, 0, 27, 20, 20, 0, 218)
32 (1, 4, 40, 9, 0, 0, 0, 26, 20, 20, 0, 251)
1 (1, 4, 168, 0, 0, 0, 0, 37, 20, 20, 0, 99)
2 (1, 4, 11, 17, 0, 0, 0, 53, 20, 20, 0, 164)
3 (1, 4, 86, 154, 0, 0, 0, 53, 20, 20, 0, 225)
4 (1, 4, 0, 0, 0, 0, 0, 43, 0, 0, 0, 83)
5 (1, 4, 83, 0, 0, 0, 0, 0, 0, 0, 0, 5)
6 (1, 4, 257, 82, 0, 0, 0, 0, 0, 0, 0, 253)
7 (1, 4, 576, 193, 0, 0, 0, 0, 0, 0, 0, 196)
8 (1, 4, 427, 275, 0, 0, 0, 32, 20, 20, 0, 133)
9 (1, 4, 370, 86, 0, 32, 0, 81, 20, 20, 0, 143)
10 (1, 4, 251, 63, 0, 59, 1, 58, 20, 20, 0, 158)
11 (1, 4, 152, 83, 44, 0, 26, 0, 20, 20, 0, 223)
12 (1, 4, 31, 246, 416, 0, 0, 14, 20, 0, 0, 155)
13 (1, 4, 0, 0, 31, 0, 0, 58, 20, 20, 0, 205)
14 (1, 4, 84, 156, 0, 0, 0, 109, 0, 0, 0, 130)
15 (1, 4, 0, 0, 0, 0, 0, 69, 20, 20, 0, 37)
16 (1, 4, 0, 0, 0, 0, 0, 53, 20, 20, 0, 18)
17 (1, 4, 76, 18, 0, 0, 0, 30, 20, 20, 0, 242)
18 (1, 4, 43, 9, 7, 0, 1, 28, 20, 20, 0, 185)
19 (1, 4, 0, 0, 0, 0, 4, 25, 20, 20, 0, 207)
20 (1, 4, 0, 0, 0, 0, 0, 31, 20, 20, 0, 224)
21 (1, 4, 0, 0, 0, 0, 0, 38, 20, 20, 0, 167)
22 (1, 4, 0, 5, 0, 0, 0, 38, 20, 20, 0, 200)
23 (1, 4, 35, 12, 0, 0, 0, 37, 20, 20, 0, 125)
24 (1, 4, 30, 10, 0, 0, 0, 30, 20, 20, 0, 85)
25 (1, 4, 0, 4, 0, 0, 1, 30, 20, 20, 0, 156)
26 (1, 4, 0, 2, 0, 0, 0, 34, 20, 20, 0, 191)
27 (1, 4, 0, 0, 0, 0, 0, 36, 20, 20, 0, 30)
28 (1, 4, 0, 0, 0, 0, 0, 36, 20, 20, 0, 30)
29 (1, 4, 0, 0, 0, 0, 0, 35, 20, 20, 0, 13)
30 (1, 4, 0, 0, 0, 0, 0, 37, 20, 20, 0, 193)
31 (1, 4, 2, 0, 0, 0, 0, 36, 20, 20, 0, 2)
32 (1, 4, 0, 7, 0, 0, 0, 36, 20, 20, 0, 28)
1 (1, 4, 3, 12, 0, 0, 0, 34, 20, 20, 0, 169)
2 (1, 4, 7, 14, 0, 0, 0, 33, 20, 20, 0, 154)
3 (1, 4, 21, 19, 0, 0, 0, 39, 20, 20, 0, 23)
4 (1, 4, 104, 34, 0, 0, 0, 52, 20, 20, 0, 92)
5 (1, 4, 235, 66, 74, 0, 0, 62, 20, 0, 0, 40)
6 (1, 4, 33, 0, 0, 0, 0, 53, 0, 0, 0, 111)
7 (1, 4, 129, 0, 0, 0, 0, 44, 20, 20, 0, 239)
8 (1, 4, 320, 26, 0, 0, 0, 10, 0, 0, 0, 25)
9 (1, 4, 347, 41, 0, 0, 0, 0, 0, 0, 0, 179)
10 (1, 4, 602, 100, 0, 0, 0, 0, 20, 0, 0, 89)
11 (1, 4, 506, 0, 0, 0, 0, 0, 20, 20, 0, 31)
12 (1, 4, 451, 0, 0, 0, 0, 0, 20, 20, 0, 70)
13 (1, 4, 306, 0, 0, 0, 0, 35, 20, 20, 0, 52)
14 (1, 4, 220, 0, 0, 0, 0, 57, 20, 20, 0, 185)
15 (1, 4, 332, 0, 0, 0, 0, 54, 0, 0, 0, 3)
16 (1, 4, 239, 0, 0, 54, 38, 60, 20, 20, 0, 102)
17 (1, 4, 251, 0, 0, 0, 0, 13, 19, 20, 0, 122)
18 (1, 4, 223, 0, 29, 0, 0, 36, 20, 20, 0, 49)
19 (1, 4, 95, 4, 22, 0, 0, 48, 20, 20, 0, 95)
20 (1, 4, 30, 46, 48, 0, 0, 32, 20, 20, 0, 152)
21 (1, 4, 23, 51, 37, 0, 0, 34, 20, 20, 0, 87)
22 (1, 4, 109, 7, 6, 0, 0, 37, 20, 20, 0, 186)
23 (1, 4, 222, 0, 0, 0, 0, 48, 20, 20, 0, 144)
24 (1, 4, 263, 0, 0, 0, 0, 32, 20, 20, 0, 67)
25 (1, 4, 160, 0, 0, 0, 0, 35, 20, 20, 0, 223)
26 (1, 4, 97, 0, 0, 0, 0, 39, 20, 20, 0, 56)
27 (1, 4, 66, 45, 0, 0, 0, 40, 20, 20, 0, 10)
28 (1, 4, 0, 107, 0, 0, 0, 43, 20, 20, 0, 205)
29 (1, 4, 0, 14, 19, 0, 0, 51, 20, 20, 0, 30)
30 (1, 4, 0, 6, 0, 0, 0, 39, 20, 20, 0, 207)
31 (1, 4, 0, 1, 0, 0, 0, 46, 20, 20, 0, 248)
32 (1, 4, 15, 5, 0, 0, 0, 40, 20, 20, 0, 180)
1 (1, 4, 0, 0, 0, 0, 0, 0, 20, 20, 0, 202)
2 (1, 4, 0, 0, 0, 0, 0, 0, 20, 20, 0, 202)
3 (1, 4, 0, 0, 0, 0, 0, 3, 20, 20, 0, 172)
4 (1, 4, 3, 0, 0, 94, 7, 0, 20, 20, 0, 40)
5 (1, 4, 0, 206, 0, 146, 89, 13, 20, 20, 0, 79)
6 (1, 4, 0, 585, 765, 0, 110, 93, 8, 13, 0, 232)
7 (1, 4, 0, 522, 741, 0, 0, 185, 14, 15, 0, 49)
8 (1, 4, 0, 0, 176, 0, 0, 165, 20, 20, 0, 59)
9 (1, 4, 873, 0, 527, 0, 0, 54, 18, 15, 0, 164)
10 (1, 4, 119, 0, 251, 0, 22, 0, 9, 11, 0, 117)
11 (1, 4, 0, 138, 166, 0, 0, 58, 20, 20, 0, 74)
12 (1, 4, 273, 285, 308, 0, 0, 62, 20, 20, 0, 168)
13 (1, 4, 0, 141, 157, 0, 0, 50, 20, 20, 0, 36)
14 (1, 4, 0, 151, 144, 0, 0, 57, 20, 20, 0, 97)
15 (1, 4, 51, 143, 45, 0, 0, 40, 20, 20, 0, 140)
16 (1, 4, 0, 0, 0, 0, 21, 160, 20, 20, 0, 254)
17 (1, 4, 0, 0, 0, 0, 0, 27, 20, 20, 0, 149)
18 (1, 4, 0, 0, 0, 0, 0, 30, 20, 20, 0, 63)
19 (1, 4, 0, 0, 0, 0, 0, 32, 20, 20, 0, 107)
20 (1, 4, 0, 0, 0, 0, 0, 30, 20, 20, 0, 63)
21 (1, 4, 0, 0, 0, 0, 0, 29, 20, 20, 0, 89)
22 (1, 4, 0, 0, 0, 0, 0, 30, 20, 20, 0, 63)
23 (1, 4, 0, 0, 0, 0, 0, 32, 20, 20, 0, 107)
24 (1, 4, 0, 0, 0, 0, 0, 32, 20, 20, 0, 107)
25 (1, 4, 0, 7, 0, 0, 0, 34, 20, 20, 0, 208)
26 (1, 4, 0, 11, 0, 0, 0, 33, 20, 20, 0, 223)
27 (1, 4, 21, 14, 0, 0, 0, 32, 20, 20, 0, 185)
28 (1, 4, 23, 9, 0, 0, 0, 30, 20, 20, 0, 243)
29 (1, 4, 5, 7, 0, 0, 0, 30, 20, 20, 0, 11)
30 (1, 4, 2, 5, 0, 0, 0, 29, 20, 20, 0, 42)
31 (1, 4, 19, 7, 0, 0, 0, 30, 20, 20, 0, 207)
32 (1, 4, 14, 6, 0, 0, 0, 27, 20, 20, 0, 118)
1 (1, 4, 30, 306, 179, 0, 0, 84, 9, 14, 0, 158)
2 (1, 4, 53, 160, 106, 0, 0, 67, 12, 14, 0, 163)
3 (1, 4, 169, 389, 164, 0, 0, 48, 14, 14, 0, 4)
4 (1, 4, 123, 515, 138, 0, 0, 37, 12, 12, 0, 162)
5 (1, 4, 0, 355, 122, 0, 17, 244, 16, 15, 0, 170)
6 (1, 4, 0, 0, 37, 0, 0, 25, 20, 20, 0, 24)
7 (1, 4, 0, 16, 0, 0, 0, 0, 20, 20, 0, 171)
8 (1, 4, 290, 0, 26, 0, 0, 33, 17, 17, 0, 172)
9 (1, 4, 132, 33, 0, 0, 19, 50, 18, 18, 0, 99)
10 (1, 4, 0, 8, 23, 0, 0, 29, 18, 18, 0, 70)
11 (1, 4, 0, 0, 3, 0, 0, 30, 18, 17, 0, 15)
12 (1, 4, 0, 0, 7, 0, 0, 43, 19, 18, 0, 86)
13 (1, 4, 0, 0, 5, 0, 0, 43, 20, 19, 0, 59)
14 (1, 4, 0, 0, 9, 0, 0, 38, 19, 18, 0, 219)
15 (1, 4, 0, 0, 0, 0, 0, 41, 20, 19, 0, 72)
16 (1, 4, 8, 0, 0, 0, 0, 44, 20, 19, 0, 146)
17 (1, 4, 0, 10, 0, 0, 0, 43, 14, 10, 0, 88)
18 (1, 4, 0, 10, 0, 0, 0, 43, 12, 11, 0, 247)
19 (1, 4, 3, 10, 0, 0, 0, 44, 12, 12, 0, 224)
20 (1, 4, 0, 8, 0, 0, 0, 43, 12, 12, 0, 140)
21 (1, 4, 0, 8, 0, 0, 0, 43, 12, 12, 0, 140)
22 (1, 4, 0, 9, 0, 0, 0, 42, 13, 13, 0, 239)
23 (1, 4, 0, 8, 0, 0, 0, 43, 13, 13, 0, 133)
