1 (1, 4, 5, 7, 0, 0, 0, 19, 2, 2, 0, 237)
2 (1, 4, 2, 7, 0, 0, 0, 18, 2, 2, 0, 24)
3 (1, 4, 0, 8, 0, 0, 0, 19, 2, 2, 0, 106)
4 (1, 4, 0, 8, 0, 0, 0, 19, 2, 2, 0, 106)
5 (1, 4, 3, 7, 0, 0, 0, 19, 2, 2, 0, 201)
6 (1, 4, 7, 8, 0, 0, 0, 19, 2, 2, 0, 64)
7 (1, 4, 7, 5, 0, 0, 0, 20, 2, 2, 0, 143)
8 (1, 4, 8, 0, 0, 0, 0, 26, 2, 2, 0, 156)
9 (1, 4, 212, 0, 0, 0, 0, 82, 2, 2, 0, 7)
10 (1, 4, 434, 0, 0, 0, 0, 49, 5, 4, 0, 185)
11 (1, 4, 308, 0, 0, 0, 0, 61, 6, 5, 0, 218)
12 (1, 4, 331, 0, 0, 0, 0, 133, 5, 5, 0, 154)
13 (1, 4, 295, 0, 0, 0, 0, 121, 5, 5, 0, 190)
14 (1, 4, 186, 0, 0, 6, 2, 57, 5, 5, 0, 250)
15 (1, 4, 103, 0, 0, 6, 0, 70, 4, 5, 0, 158)
16 (1, 4, 263, 18, 232, 0, 57, 0, 5, 5, 0, 15)
17 (1, 4, 0, 67, 231, 0, 0, 60, 5, 5, 0, 244)
18 (1, 4, 0, 0, 30, 0, 0, 29, 6, 6, 0, 105)
19 (1, 4, 98, 0, 0, 0, 0, 47, 5, 6, 0, 228)
20 (1, 4, 125, 0, 0, 0, 0, 53, 4, 5, 0, 1)
21 (1, 4, 242, 0, 0, 0, 31, 51, 4, 4, 0, 197)
22 (1, 4, 0, 0, 0, 74, 76, 59, 4, 4, 0, 143)
23 (1, 4, 0, 110, 80, 69, 91, 74, 4, 4, 0, 238)
24 (1, 4, 0, 187, 420, 17, 26, 56, 4, 4, 0, 89)
25 (1, 4, 0, 477, 614, 0, 0, 130, 4, 4, 0, 125)
26 (1, 4, 0, 207, 442, 0, 0, 114, 5, 6, 0, 237)
27 (1, 4, 0, 319, 393, 0, 0, 89, 4, 4, 0, 138)
28 (1, 4, 0, 278, 336, 0, 0, 53, 4, 5, 0, 3)
29 (1, 4, 0, 255, 303, 0, 0, 34, 4, 5, 0, 67)
30 (1, 4, 0, 276, 215, 0, 0, 4, 4, 4, 0, 225)
31 (1, 4, 0, 38, 0, 0, 0, 78, 8, 8, 0, 32)
32 (1, 4, 0, 0, 0, 0, 0, 59, 6, 8, 0, 154)
1 (1, 4, 0, 0, 0, 0, 0, 23, 3, 4, 0, 179)
2 (1, 4, 20, 0, 0, 0, 0, 51, 3, 3, 0, 169)
3 (1, 4, 0, 0, 0, 0, 0, 77, 4, 4, 0, 95)
4 (1, 4, 0, 0, 0, 0, 0, 83, 5, 5, 0, 163)
5 (1, 4, 0, 0, 0, 0, 0, 104, 5, 6, 0, 224)
6 (1, 4, 0, 0, 0, 0, 0, 66, 6, 6, 0, 180)
7 (1, 4, 93, 0, 0, 20, 0, 60, 5, 5, 0, 26)
8 (1, 4, 284, 0, 0, 0, 17, 130, 4, 5, 0, 84)
9 (1, 4, 113, 0, 0, 47, 62, 192, 4, 5, 0, 74)
10 (1, 4, 161, 0, 19, 72, 30, 162, 4, 5, 0, 195)
11 (1, 4, 276, 0, 256, 74, 24, 87, 4, 5, 0, 100)
12 (1, 4, 0, 161, 375, 0, 35, 4, 4, 5, 0, 118)
13 (1, 4, 0, 294, 333, 0, 0, 24, 4, 5, 0, 72)
14 (1, 4, 8, 0, 59, 0, 0, 42, 4, 4, 0, 94)
15 (1, 4, 0, 3, 0, 0, 0, 34, 4, 4, 0, 154)
16 (1, 4, 217, 0, 0, 0, 0, 14, 4, 5, 0, 21)
17 (1, 4, 0, 29, 0, 2, 19, 41, 4, 4, 0, 67)
18 (1, 4, 0, 146, 0, 67, 46, 37, 4, 4, 0, 117)
19 (1, 4, 0, 407, 140, 67, 74, 89, 3, 4, 0, 153)
20 (1, 4, 0, 759, 487, 0, 0, 150, 4, 5, 0, 6)
21 (1, 4, 0, 340, 303, 0, 0, 167, 3, 4, 0, 108)
22 (1, 4, 177, 282, 365, 0, 0, 97, 4, 4, 0, 41)
23 (1, 4, 0, 367, 222, 0, 0, 27, 3, 4, 0, 129)
24 (1, 4, 0, 185, 141, 0, 0, 20, 3, 4, 0, 246)
25 (1, 4, 0, 139, 117, 0, 0, 0, 3, 4, 0, 169)
26 (1, 4, 0, 52, 0, 0, 0, 0, 3, 4, 0, 10)
27 (1, 4, 0, 24, 0, 0, 0, 0, 3, 4, 0, 161)
28 (1, 4, 151, 0, 0, 0, 0, 81, 6, 5, 0, 99)
29 (1, 4, 3, 72, 0, 0, 0, 62, 7, 7, 0, 55)
30 (1, 4, 13, 21, 46, 0, 0, 9, 5, 5, 0, 29)
31 (1, 4, 23, 61, 43, 0, 0, 10, 4, 5, 0, 46)
32 (1, 4, 98, 0, 4, 0, 0, 15, 4, 4, 0, 175)
1 (1, 4, 0, 0, 0, 0, 0, 16, 4, 4, 0, 137)
2 (1, 4, 1, 0, 0, 0, 0, 24, 4, 4, 0, 109)
3 (1, 4, 0, 0, 0, 0, 0, 23, 4, 4, 0, 154)
4 (1, 4, 25, 0, 0, 0, 0, 43, 4, 4, 0, 233)
5 (1, 4, 0, 0, 0, 0, 0, 64, 3, 4, 0, 54)
6 (1, 4, 48, 0, 0, 0, 0, 76, 4, 4, 0, 167)
7 (1, 4, 154, 0, 0, 0, 0, 73, 5, 5, 0, 186)
8 (1, 4, 318, 0, 0, 0, 0, 52, 6, 5, 0, 131)
9 (1, 4, 316, 26, 0, 0, 0, 0, 5, 5, 0, 129)
10 (1, 4, 323, 90, 0, 0, 0, 0, 5, 5, 0, 246)
11 (1, 4, 348, 6, 0, 0, 0, 35, 5, 5, 0, 0)
12 (1, 4, 239, 5, 0, 28, 54, 39, 5, 5, 0, 101)
13 (1, 4, 88, 121, 0, 8, 68, 28, 5, 5, 0, 33)
14 (1, 4, 0, 186, 161, 0, 31, 15, 4, 5, 0, 3)
15 (1, 4, 0, 220, 272, 0, 0, 96, 5, 5, 0, 31)
16 (1, 4, 0, 0, 0, 0, 0, 79, 4, 5, 0, 141)
17 (1, 4, 107, 0, 0, 0, 0, 45, 4, 5, 0, 252)
18 (1, 4, 117, 0, 0, 0, 0, 23, 4, 4, 0, 2)
19 (1, 4, 94, 42, 0, 73, 59, 31, 4, 4, 0, 161)
20 (1, 4, 0, 345, 37, 124, 43, 69, 4, 4, 0, 136)
21 (1, 4, 0, 528, 277, 8, 75, 105, 3, 4, 0, 78)
22 (1, 4, 0, 339, 455, 0, 0, 156, 3, 3, 0, 206)
23 (1, 4, 110, 163, 349, 0, 0, 121, 4, 5, 0, 157)
24 (1, 4, 0, 317, 224, 0, 0, 80, 4, 5, 0, 201)
25 (1, 4, 0, 351, 192, 0, 0, 68, 4, 5, 0, 189)
26 (1, 4, 0, 334, 191, 0, 0, 19, 4, 5, 0, 207)
27 (1, 4, 0, 107, 0, 0, 0, 15, 3, 4, 0, 160)
28 (1, 4, 0, 141, 49, 0, 0, 9, 3, 4, 0, 142)
29 (1, 4, 258, 0, 20, 0, 3, 143, 5, 5, 0, 148)
30 (1, 4, 0, 0, 39, 0, 0, 0, 3, 4, 0, 104)
31 (1, 4, 0, 64, 0, 0, 0, 0, 3, 4, 0, 240)
32 (1, 4, 170, 18, 34, 0, 0, 5, 3, 4, 0, 186)
1 (1, 4, 206, 0, 0, 0, 0, 30, 4, 4, 0, 103)
2 (1, 4, 159, 0, 0, 0, 0, 46, 4, 5, 0, 25)
3 (1, 4, 23, 0, 0, 0, 0, 53, 5, 5, 0, 65)
4 (1, 4, 0, 0, 0, 0, 0, 80, 5, 6, 0, 120)
5 (1, 4, 77, 0, 0, 0, 0, 74, 5, 6, 0, 55)
6 (1, 4, 148, 0, 0, 0, 0, 104, 5, 6, 0, 45)
7 (1, 4, 187, 0, 0, 0, 0, 103, 5, 7, 0, 34)
8 (1, 4, 232, 0, 0, 0, 0, 116, 5, 6, 0, 135)
9 (1, 4, 392, 0, 0, 0, 0, 101, 6, 6, 0, 97)
10 (1, 4, 25, 0, 0, 91, 57, 79, 5, 6, 0, 7)
11 (1, 4, 157, 0, 146, 48, 38, 64, 5, 6, 0, 187)
12 (1, 4, 131, 133, 365, 0, 69, 0, 6, 6, 0, 143)
13 (1, 4, 0, 212, 288, 0, 0, 120, 5, 6, 0, 169)
14 (1, 4, 0, 0, 0, 0, 0, 0, 5, 6, 0, 238)
15 (1, 4, 161, 0, 0, 0, 0, 63, 5, 6, 0, 185)
16 (1, 4, 3, 0, 0, 0, 12, 48, 5, 6, 0, 172)
17 (1, 4, 70, 37, 0, 25, 37, 75, 5, 5, 0, 29)
18 (1, 4, 0, 202, 30, 60, 64, 85, 7, 7, 0, 19)
19 (1, 4, 0, 268, 266, 12, 43, 81, 7, 7, 0, 137)
20 (1, 4, 0, 287, 477, 0, 0, 85, 4, 5, 0, 102)
21 (1, 4, 0, 181, 542, 0, 0, 90, 4, 5, 0, 49)
22 (1, 4, 0, 94, 339, 0, 0, 36, 3, 4, 0, 35)
23 (1, 4, 0, 193, 342, 0, 0, 41, 3, 3, 0, 110)
24 (1, 4, 0, 135, 265, 0, 0, 7, 2, 3, 0, 98)
25 (1, 4, 0, 248, 185, 0, 0, 37, 4, 4, 0, 155)
26 (1, 4, 0, 0, 0, 0, 0, 40, 4, 4, 0, 17)
27 (1, 4, 125, 0, 0, 0, 0, 5, 2, 3, 0, 69)
28 (1, 4, 332, 121, 10, 0, 0, 23, 2, 3, 0, 177) 
29 (1, 4, 377, 43, 39, 0, 0, 27, 2, 3, 0, 56)
30 (1, 4, 176, 64, 36, 0, 0, 9, 3, 3, 0, 65) [FRAGMENTED]
31 (1, 4, 0, 6, 0, 0, 0, 20, 2, 2, 0, 125)
32 (1, 4, 0, 7, 0, 0, 0, 20, 2, 2, 0, 200)
1 (1, 4, 6, 8, 0, 0, 0, 20, 2, 3, 0, 54)
2 (1, 4, 1, 8, 0, 0, 0, 20, 2, 3, 0, 28)
3 (1, 4, 0, 7, 0, 0, 0, 20, 2, 2, 0, 200)
4 (1, 4, 0, 0, 0, 0, 0, 44, 2, 2, 0, 82)
5 (1, 4, 479, 0, 0, 0, 0, 76, 3, 3, 0, 155)
6 (1, 4, 382, 0, 0, 0, 0, 82, 6, 5, 0, 34)
7 (1, 4, 2, 0, 0, 0, 0, 107, 6, 6, 0, 60)
8 (1, 4, 141, 0, 0, 0, 0, 75, 7, 7, 0, 219)
9 (1, 4, 89, 145, 0, 0, 0, 81, 6, 7, 0, 168)
10 (1, 4, 242, 186, 0, 0, 0, 98, 8, 8, 0, 176)
11 (1, 4, 431, 15, 0, 0, 0, 71, 9, 9, 0, 82)
12 (1, 4, 181, 95, 0, 80, 0, 42, 7, 8, 0, 129)
13 (1, 4, 160, 79, 0, 110, 52, 0, 7, 7, 0, 76)
14 (1, 4, 27, 224, 0, 43, 0, 27, 6, 7, 0, 142)
15 (1, 4, 0, 399, 259, 0, 70, 0, 6, 7, 0, 155)
16 (1, 4, 0, 295, 595, 0, 0, 115, 8, 8, 0, 199)
17 (1, 4, 0, 0, 0, 0, 0, 109, 6, 7, 0, 135)
18 (1, 4, 126, 0, 0, 0, 0, 122, 6, 7, 0, 189)
19 (1, 4, 0, 0, 0, 0, 0, 97, 6, 6, 0, 115)
20 (1, 4, 182, 18, 0, 0, 0, 77, 4, 5, 0, 46)
21 (1, 4, 0, 0, 0, 8, 20, 63, 4, 4, 0, 79)
22 (1, 4, 0, 136, 13, 14, 59, 85, 3, 4, 0, 243)
23 (1, 4, 0, 16, 328, 0, 20, 49, 3, 3, 0, 213)
24 (1, 4, 0, 0, 420, 0, 0, 46, 3, 3, 0, 238)
25 (1, 4, 0, 0, 690, 0, 0, 43, 2, 3, 0, 207)
26 (1, 4, 0, 0, 299, 0, 0, 18, 2, 2, 0, 162)
27 (1, 4, 0, 0, 455, 0, 0, 54, 2, 2, 0, 96)
28 (1, 4, 0, 0, 324, 0, 0, 6, 2, 2, 0, 88)
29 (1, 4, 0, 30, 246, 0, 0, 0, 2, 2, 0, 243)
30 (1, 4, 0, 25, 227, 0, 0, 14, 2, 2, 0, 98)
31 (1, 4, 246, 0, 0, 31, 9, 86, 5, 6, 0, 193)
32 (1, 4, 125, 0, 0, 63, 0, 84, 6, 6, 0, 248)
1 (1, 4, 202, 0, 12, 45, 0, 101, 5, 6, 0, 192)
2 (1, 4, 203, 0, 314, 0, 57, 28, 5, 6, 0, 35)
3 (1, 4, 0, 295, 397, 0, 30, 15, 5, 6, 0, 189)
4 (1, 4, 0, 2, 172, 0, 0, 124, 5, 6, 0, 198)
5 (1, 4, 0, 0, 0, 0, 0, 55, 5, 6, 0, 143)
6 (1, 4, 119, 0, 0, 0, 0, 73, 5, 5, 0, 167)
7 (1, 4, 0, 0, 0, 0, 3, 63, 5, 5, 0, 83)
8 (1, 4, 0, 0, 0, 41, 25, 64, 5, 5, 0, 37)
9 (1, 4, 0, 67, 72, 54, 57, 65, 4, 5, 0, 219)
10 (1, 4, 0, 244, 415, 52, 18, 72, 5, 5, 0, 152)
11 (1, 4, 0, 551, 640, 0, 0, 118, 3, 4, 0, 206)
12 (1, 4, 0, 166, 333, 0, 0, 100, 3, 3, 0, 80)
13 (1, 4, 15, 111, 469, 0, 0, 104, 2, 3, 0, 65)
14 (1, 4, 0, 59, 285, 0, 0, 55, 2, 3, 0, 250)
15 (1, 4, 0, 83, 206, 0, 0, 30, 2, 3, 0, 15)
16 (1, 4, 0, 199, 286, 0, 0, 34, 2, 2, 0, 27)
17 (1, 4, 0, 162, 148, 0, 0, 33, 2, 3, 0, 7)
18 (1, 4, 116, 64, 2, 0, 0, 57, 3, 3, 0, 24)
19 (1, 4, 193, 0, 0, 0, 33, 55, 3, 3, 0, 226)
20 (1, 4, 0, 21, 1, 0, 0, 7, 3, 3, 0, 236)
21 (1, 4, 0, 91, 0, 0, 0, 11, 3, 3, 0, 96)
22 (1, 4, 0, 16, 0, 0, 0, 21, 2, 3, 0, 31)
23 (1, 4, 83, 2, 3, 0, 0, 16, 3, 3, 0, 27)
24 (1, 4, 78, 0, 11, 0, 0, 34, 3, 3, 0, 167)
25 (1, 4, 1, 11, 1, 0, 0, 18, 3, 3, 0, 254)
26 (1, 4, 0, 40, 0, 0, 0, 12, 3, 3, 0, 139)
27 (1, 4, 7, 1, 1, 0, 0, 19, 3, 3, 0, 219)
28 (1, 4, 0, 3, 0, 0, 0, 21, 3, 3, 0, 196) [FRAGMENTED]
29 (1, 4, 363, 0, 53, 0, 0, 64, 3, 3, 0, 69)
30 (1, 4, 217, 0, 0, 0, 0, 63, 5, 4, 0, 177)
31 (1, 4, 0, 0, 0, 0, 0, 102, 6, 6, 0, 96)
32 (1, 4, 0, 0, 0, 0, 0, 118, 6, 6, 0, 179)
1 (1, 4, 17, 0, 0, 0, 0, 104, 6, 6, 0, 168)
2 (1, 4, 75, 0, 0, 0, 0, 77, 5, 6, 0, 0)
3 (1, 4, 148, 0, 0, 0, 0, 65, 5, 5, 0, 4)
4 (1, 4, 257, 0, 0, 3, 8, 98, 5, 5, 0, 226)
5 (1, 4, 44, 0, 0, 50, 24, 114, 5, 5, 0, 54)
6 (1, 4, 73, 0, 7, 69, 34, 104, 5, 5, 0, 6)
7 (1, 4, 109, 0, 167, 54, 51, 63, 5, 5, 0, 101)
8 (1, 4, 0, 171, 283, 0, 39, 18, 5, 5, 0, 209)
9 (1, 4, 0, 234, 426, 0, 0, 18, 5, 5, 0, 102)
10 (1, 4, 0, 24, 69, 0, 0, 76, 5, 5, 0, 106)
11 (1, 4, 0, 37, 0, 0, 0, 43, 5, 5, 0, 211)
12 (1, 4, 188, 0, 0, 0, 0, 37, 5, 5, 0, 34)
13 (1, 4, 0, 0, 0, 22, 30, 72, 4, 5, 0, 126)
14 (1, 4, 0, 22, 10, 76, 30, 61, 4, 4, 0, 41)
15 (1, 4, 0, 181, 190, 31, 3, 63, 4, 4, 0, 120)
16 (1, 4, 0, 374, 348, 0, 0, 109, 4, 5, 0, 220)
17 (1, 4, 0, 270, 445, 0, 0, 140, 4, 5, 0, 158)
18 (1, 4, 0, 161, 280, 0, 0, 114, 4, 4, 0, 60)
19 (1, 4, 0, 157, 300, 0, 0, 89, 4, 4, 0, 4)
20 (1, 4, 0, 63, 246, 0, 0, 47, 3, 4, 0, 195)
21 (1, 4, 0, 144, 300, 0, 0, 30, 3, 4, 0, 167)
22 (1, 4, 0, 81, 188, 0, 0, 37, 3, 3, 0, 171)
23 (1, 4, 0, 0, 28, 0, 0, 32, 3, 3, 0, 89)
24 (1, 4, 0, 17, 0, 0, 0, 39, 3, 3, 0, 3)
25 (1, 4, 0, 0, 0, 0, 0, 37, 3, 3, 0, 110)
26 (1, 4, 0, 0, 0, 0, 0, 64, 3, 3, 0, 32)
27 (1, 4, 83, 0, 0, 0, 0, 55, 3, 3, 0, 127)
28 (1, 4, 116, 20, 35, 0, 0, 24, 3, 3, 0, 52)
29 (1, 4, 0, 0, 0, 0, 0, 79, 5, 6, 0, 82)
30 (1, 4, 0, 0, 0, 0, 12, 66, 5, 5, 0, 141)
31 (1, 4, 53, 0, 0, 34, 3, 72, 5, 5, 0, 177)
32 (1, 4, 77, 0, 0, 80, 0, 102, 5, 5, 0, 150)
1 (1, 4, 127, 0, 39, 74, 0, 105, 5, 5, 0, 126)
2 (1, 4, 236, 0, 129, 45, 1, 69, 5, 5, 0, 193)
3 (1, 4, 0, 232, 299, 0, 71, 0, 5, 5, 0, 118)
4 (1, 4, 0, 203, 255, 0, 0, 103, 5, 5, 0, 159)
5 (1, 4, 76, 0, 0, 0, 0, 17, 4, 5, 0, 252)
6 (1, 4, 44, 23, 0, 0, 0, 59, 4, 5, 0, 35)
7 (1, 4, 115, 0, 0, 0, 0, 26, 4, 4, 0, 102)
8 (1, 4, 0, 161, 0, 13, 8, 52, 4, 4, 0, 113)
9 (1, 4, 38, 224, 13, 65, 14, 69, 3, 4, 0, 83)
10 (1, 4, 0, 319, 199, 19, 9, 94, 3, 4, 0, 181)
11 (1, 4, 0, 360, 379, 0, 0, 131, 5, 5, 0, 136)
12 (1, 4, 0, 217, 248, 0, 0, 119, 4, 4, 0, 172)
13 (1, 4, 174, 249, 278, 0, 0, 108, 3, 4, 0, 250)
14 (1, 4, 0, 178, 198, 0, 0, 81, 3, 5, 0, 229)
15 (1, 4, 0, 201, 178, 0, 0, 45, 3, 4, 0, 73)
16 (1, 4, 54, 191, 275, 0, 0, 38, 3, 4, 0, 151)
17 (1, 4, 0, 177, 128, 0, 0, 23, 3, 4, 0, 85)
18 (1, 4, 0, 122, 0, 0, 0, 23, 3, 4, 0, 77)
19 (1, 4, 0, 29, 0, 0, 0, 97, 4, 4, 0, 220)
20 (1, 4, 23, 3, 15, 0, 0, 10, 3, 3, 0, 125)
21 (1, 4, 106, 72, 17, 0, 0, 12, 3, 3, 0, 3)
22 (1, 4, 165, 15, 19, 0, 0, 17, 3, 3, 0, 248)
23 (1, 4, 69, 26, 0, 0, 0, 9, 3, 3, 0, 80)
24 (1, 4, 0, 19, 0, 0, 0, 12, 3, 3, 0, 67)
25 (1, 4, 0, 8, 0, 0, 0, 15, 3, 3, 0, 47)
26 (1, 4, 0, 10, 0, 0, 0, 16, 3, 3, 0, 104)
27 (1, 4, 8, 13, 0, 0, 0, 14, 3, 3, 0, 239)
28 (1, 4, 0, 10, 0, 0, 0, 14, 3, 3, 0, 157)
29 (1, 4, 0, 7, 0, 0, 0, 14, 3, 3, 0, 65)
30 (1, 4, 11, 5, 3, 0, 0, 16, 3, 3, 0, 0)
31 (1, 4, 26, 9, 0, 0, 0, 12, 3, 3, 0, 112)
32 (1, 4, 19, 13, 0, 0, 0, 14, 3, 3, 0, 109)
1 (1, 4, 0, 12, 0, 0, 0, 13, 3, 3, 0, 76)
2 (1, 4, 16, 12, 1, 0, 0, 16, 3, 3, 0, 171)
3 (1, 4, 26, 12, 0, 0, 0, 13, 3, 3, 0, 192)
4 (1, 4, 21, 12, 1, 0, 0, 13, 3, 3, 0, 14)
5 (1, 4, 3, 0, 20, 0, 0, 33, 3, 3, 0, 40)
6 (1, 4, 393, 0, 71, 0, 0, 96, 3, 3, 0, 246)
7 (1, 4, 394, 0, 0, 0, 0, 64, 5, 4, 0, 6)
8 (1, 4, 0, 0, 0, 0, 0, 83, 6, 6, 0, 184)
9 (1, 4, 134, 0, 0, 0, 0, 51, 6, 6, 0, 109)
10 (1, 4, 121, 0, 0, 0, 0, 43, 6, 6, 0, 181)
11 (1, 4, 157, 0, 0, 0, 7, 74, 5, 6, 0, 35)
12 (1, 4, 105, 0, 0, 63, 24, 81, 5, 6, 0, 104)
13 (1, 4, 142, 0, 0, 33, 0, 105, 5, 6, 0, 136)
14 (1, 4, 244, 0, 162, 6, 46, 36, 5, 6, 0, 6)
15 (1, 4, 0, 202, 162, 0, 0, 58, 5, 6, 0, 179)
16 (1, 4, 0, 110, 241, 0, 0, 87, 5, 6, 0, 49)
17 (1, 4, 92, 0, 0, 0, 0, 69, 5, 5, 0, 157)
18 (1, 4, 108, 0, 0, 0, 0, 54, 5, 5, 0, 235)
19 (1, 4, 42, 0, 0, 0, 19, 23, 4, 5, 0, 84)
20 (1, 4, 0, 198, 0, 30, 29, 33, 3, 4, 0, 171)
21 (1, 4, 0, 403, 197, 12, 29, 51, 3, 4, 0, 160)
22 (1, 4, 0, 591, 511, 0, 0, 89, 4, 5, 0, 226)
23 (1, 4, 0, 309, 622, 0, 0, 103, 2, 3, 0, 171)
24 (1, 4, 0, 241, 543, 0, 0, 93, 2, 3, 0, 217)
25 (1, 4, 0, 285, 315, 0, 0, 45, 2, 3, 0, 101)
26 (1, 4, 0, 185, 264, 0, 0, 39, 2, 3, 0, 240)
27 (1, 4, 0, 119, 132, 0, 0, 17, 2, 2, 0, 237)
28 (1, 4, 0, 52, 0, 0, 0, 21, 2, 2, 0, 108)
29 (1, 4, 0, 10, 0, 0, 0, 16, 2, 2, 0, 97)
30 (1, 4, 0, 13, 0, 0, 0, 13, 2, 2, 0, 240)
31 (1, 4, 0, 10, 0, 0, 0, 14, 2, 2, 0, 148)
32 (1, 4, 0, 8, 0, 0, 0, 15, 2, 2, 0, 38)
1 (1, 4, 3, 0, 30, 0, 0, 39, 2, 2, 0, 126)
2 (1, 4, 261, 0, 27, 0, 0, 66, 2, 2, 0, 220)
3 (1, 4, 448, 0, 0, 0, 0, 55, 4, 4, 0, 165)
4 (1, 4, 0, 0, 0, 0, 0, 77, 6, 6, 0, 77)
5 (1, 4, 0, 0, 0, 0, 0, 81, 6, 7, 0, 106)
6 (1, 4, 119, 0, 0, 0, 0, 77, 6, 8, 0, 229)
7 (1, 4, 176, 0, 0, 0, 0, 101, 5, 7, 0, 249)
8 (1, 4, 286, 0, 0, 4, 51, 92, 5, 6, 0, 46)
9 (1, 4, 0, 0, 0, 56, 30, 76, 5, 6, 0, 135)
10 (1, 4, 228, 16, 175, 0, 50, 47, 5, 6, 0, 152)
11 (1, 4, 0, 316, 242, 0, 0, 22, 6, 6, 0, 220)
12 (1, 4, 19, 101, 253, 0, 0, 97, 6, 6, 0, 82)
13 (1, 4, 0, 0, 0, 0, 0, 58, 5, 6, 0, 207)
14 (1, 4, 143, 0, 0, 0, 0, 44, 5, 6, 0, 159)
15 (1, 4, 107, 0, 0, 0, 0, 28, 5, 6, 0, 142)
16 (1, 4, 27, 4, 0, 23, 52, 45, 5, 6, 0, 150)
17 (1, 4, 0, 147, 71, 74, 44, 69, 6, 7, 0, 86)
18 (1, 4, 0, 513, 552, 0, 42, 117, 6, 7, 0, 0)
19 (1, 4, 0, 425, 466, 0, 0, 123, 4, 5, 0, 173)
20 (1, 4, 0, 146, 230, 0, 0, 107, 4, 4, 0, 186)
21 (1, 4, 0, 276, 309, 0, 0, 103, 3, 3, 0, 218)
22 (1, 4, 0, 92, 230, 0, 0, 53, 3, 4, 0, 165)
23 (1, 4, 0, 123, 321, 0, 0, 15, 2, 3, 0, 135)
24 (1, 4, 0, 25, 191, 0, 0, 5, 2, 3, 0, 227)
25 (1, 4, 0, 0, 37, 0, 0, 7, 2, 3, 0, 32)
26 (1, 4, 118, 99, 0, 0, 0, 9, 2, 2, 0, 74)
27 (1, 4, 247, 131, 0, 0, 0, 27, 2, 2, 0, 123)
28 (1, 4, 2, 91, 0, 0, 0, 58, 2, 2, 0, 216)
