0 (1, 4, 0, 14, 40, 0, 28, 0, 1, 1, 0, 150)
1 (1, 4, 0, 9, 16, 0, 21, 0, 1, 1, 0, 17)
2 (1, 4, 0, 41, 46, 0, 13, 10, 1, 1, 0, 136)
3 (1, 4, 0, 59, 29, 0, 1, 23, 1, 1, 0, 15)
4 (1, 4, 0, 16, 0, 0, 0, 27, 1, 1, 0, 73)
5 (1, 4, 54, 0, 0, 0, 0, 39, 1, 1, 0, 198)
6 (1, 4, 137, 0, 0, 0, 13, 23, 1, 1, 0, 135)
7 (1, 4, 0, 0, 0, 0, 14, 9, 1, 1, 0, 146)
8 (1, 4, 0, 38, 0, 0, 0, 11, 1, 1, 0, 142)
9 (1, 4, 129, 0, 0, 0, 0, 18, 1, 1, 0, 6)
10 (1, 4, 387, 0, 0, 0, 15, 6, 1, 1, 0, 23)
11 (1, 4, 572, 0, 0, 0, 34, 0, 1, 1, 0, 227)
12 (1, 4, 0, 0, 0, 0, 37, 0, 1, 1, 0, 224)
13 (1, 4, 0, 144, 0, 0, 15, 19, 1, 1, 0, 11)
14 (1, 4, 0, 164, 0, 0, 20, 21, 1, 1, 0, 113)
15 (1, 4, 0, 150, 0, 0, 29, 26, 1, 1, 0, 254)
16 (1, 4, 0, 24, 0, 0, 37, 29, 2, 2, 0, 186)
17 (1, 4, 0, 0, 0, 0, 44, 27, 1, 1, 0, 7)
18 (1, 4, 0, 0, 105, 0, 39, 11, 1, 1, 0, 179)
19 (1, 4, 0, 0, 196, 0, 30, 0, 1, 1, 0, 118)
20 (1, 4, 0, 0, 265, 0, 32, 0, 1, 1, 0, 15)
21 (1, 4, 0, 0, 433, 0, 23, 0, 1, 1, 0, 35)
22 (1, 4, 0, 0, 519, 0, 0, 0, 1, 1, 0, 40)
23 (1, 4, 0, 0, 350, 0, 0, 0, 1, 1, 0, 99)
24 (1, 4, 0, 0, 120, 0, 0, 0, 1, 1, 0, 177)
25 (1, 4, 39, 30, 8, 0, 0, 0, 1, 1, 0, 67)
26 (1, 4, 275, 0, 0, 0, 0, 0, 1, 1, 0, 135)
27 (1, 4, 409, 0, 0, 0, 0, 0, 1, 1, 0, 254)
28 (1, 4, 364, 0, 0, 0, 15, 0, 1, 1, 0, 218)
29 (1, 4, 268, 64, 0, 0, 38, 0, 1, 1, 0, 162)
30 (1, 4, 402, 145, 0, 0, 50, 0, 1, 1, 0, 51)
31 (1, 4, 388, 281, 0, 0, 55, 0, 1, 1, 0, 58)
0 (1, 4, 34, 83, 288, 0, 0, 10, 3, 3, 0, 116)
1 (1, 4, 0, 52, 147, 0, 0, 0, 3, 2, 0, 66)
2 (1, 4, 0, 60, 0, 0, 0, 0, 2, 2, 0, 166)
3 (1, 4, 0, 60, 0, 0, 0, 0, 2, 1, 0, 27)
4 (1, 4, 0, 71, 0, 0, 0, 0, 2, 2, 0, 237)
5 (1, 4, 0, 121, 0, 0, 0, 0, 2, 2, 0, 74)
6 (1, 4, 37, 100, 0, 0, 0, 0, 1, 2, 0, 160)
7 (1, 4, 74, 238, 0, 0, 0, 0, 1, 1, 0, 214)
8 (1, 4, 110, 571, 0, 0, 0, 0, 2, 2, 0, 115)
9 (1, 4, 266, 686, 0, 0, 0, 0, 3, 4, 0, 23)
10 (1, 4, 310, 360, 0, 0, 0, 0, 2, 2, 0, 122)
11 (1, 4, 331, 330, 0, 0, 0, 0, 2, 2, 0, 61)
12 (1, 4, 275, 296, 0, 0, 15, 0, 2, 2, 0, 161)
13 (1, 4, 68, 142, 57, 0, 19, 23, 1, 1, 0, 164)
14 (1, 4, 0, 22, 217, 0, 19, 18, 1, 1, 0, 152)
15 (1, 4, 0, 0, 446, 0, 11, 23, 1, 1, 0, 29)
16 (1, 4, 0, 0, 662, 0, 18, 0, 1, 1, 0, 69)
17 (1, 4, 0, 0, 824, 0, 42, 0, 1, 1, 0, 147)
18 (1, 4, 0, 0, 745, 0, 0, 0, 2, 2, 0, 10)
19 (1, 4, 0, 44, 444, 0, 0, 0, 1, 1, 0, 19)
20 (1, 4, 26, 0, 63, 0, 0, 0, 1, 1, 0, 35)
21 (1, 4, 0, 0, 0, 0, 9, 0, 1, 1, 0, 207)
22 (1, 4, 0, 0, 140, 0, 0, 0, 1, 1, 0, 100)
23 (1, 4, 136, 0, 116, 0, 0, 0, 1, 1, 0, 54)
24 (1, 4, 236, 0, 0, 0, 0, 0, 1, 1, 0, 100)
25 (1, 4, 238, 0, 0, 0, 0, 0, 1, 1, 0, 120)
26 (1, 4, 148, 0, 0, 0, 11, 0, 2, 2, 0, 235)
27 (1, 4, 40, 35, 0, 0, 17, 0, 1, 1, 0, 38)
28 (1, 4, 0, 273, 0, 0, 24, 0, 1, 1, 0, 2)
29 (1, 4, 32, 431, 0, 0, 9, 0, 1, 1, 0, 159)
30 (1, 4, 196, 354, 0, 0, 17, 0, 1, 1, 0, 230)
31 (1, 4, 400, 258, 0, 0, 23, 0, 1, 1, 0, 229)
0 (1, 4, 0, 672, 142, 0, 0, 0, 1, 1, 0, 69)
1 (1, 4, 0, 589, 243, 0, 0, 15, 1, 1, 0, 44)
2 (1, 4, 38, 459, 44, 0, 0, 0, 1, 1, 0, 132)
3 (1, 4, 0, 389, 0, 0, 0, 0, 1, 1, 0, 252)
4 (1, 4, 318, 566, 24, 0, 0, 0, 1, 1, 0, 28)
5 (1, 4, 369, 645, 18, 0, 0, 11, 1, 1, 0, 170)
6 (1, 4, 177, 309, 6, 0, 0, 98, 1, 1, 0, 78)
7 (1, 4, 0, 0, 25, 0, 0, 69, 1, 1, 0, 207)
8 (1, 4, 0, 0, 48, 0, 0, 32, 1, 1, 0, 87)
9 (1, 4, 0, 0, 216, 0, 0, 5, 1, 1, 0, 20)
10 (1, 4, 0, 0, 320, 0, 0, 0, 1, 1, 0, 209)
11 (1, 4, 0, 0, 407, 0, 0, 0, 1, 1, 0, 65)
12 (1, 4, 0, 0, 539, 0, 0, 0, 1, 1, 0, 181)
13 (1, 4, 0, 0, 306, 0, 0, 0, 1, 1, 0, 132)
14 (1, 4, 0, 0, 0, 0, 0, 0, 2, 3, 0, 7)
15 (1, 4, 0, 25, 0, 0, 0, 0, 2, 2, 0, 11)
16 (1, 4, 0, 212, 0, 0, 0, 0, 3, 4, 0, 74)
17 (1, 4, 0, 527, 0, 0, 0, 0, 3, 4, 0, 15)
18 (1, 4, 0, 715, 0, 0, 0, 0, 2, 2, 0, 72)
19 (1, 4, 103, 695, 0, 0, 0, 0, 1, 1, 0, 126)
20 (1, 4, 51, 569, 0, 0, 0, 0, 1, 1, 0, 42)
21 (1, 4, 13, 544, 0, 0, 0, 0, 1, 1, 0, 62)
22 (1, 4, 126, 561, 0, 0, 15, 0, 1, 1, 0, 255)
23 (1, 4, 64, 344, 0, 0, 26, 11, 1, 1, 0, 112)
24 (1, 4, 163, 348, 0, 1, 54, 69, 1, 1, 0, 176)
25 (1, 4, 24, 131, 0, 17, 57, 99, 1, 1, 0, 100)
26 (1, 4, 0, 0, 56, 83, 23, 77, 1, 1, 0, 161)
27 (1, 4, 0, 0, 33, 95, 3, 70, 1, 1, 0, 152)
28 (1, 4, 85, 0, 24, 83, 6, 93, 1, 1, 0, 47)
29 (1, 4, 151, 0, 33, 75, 46, 116, 0, 1, 0, 51)
30 (1, 4, 32, 0, 110, 37, 55, 100, 1, 1, 0, 131)
31 (1, 4, 58, 0, 288, 32, 33, 37, 1, 1, 0, 9)
0 (1, 4, 0, 0, 194, 0, 0, 0, 0, 1, 0, 48)
1 (1, 4, 0, 0, 248, 0, 0, 0, 0, 1, 0, 34)
2 (1, 4, 195, 0, 362, 0, 0, 0, 0, 1, 0, 80)
3 (1, 4, 218, 0, 500, 0, 0, 0, 0, 1, 0, 141)
4 (1, 4, 728, 0, 564, 0, 0, 0, 0, 0, 0, 19)
5 (1, 4, 657, 0, 595, 0, 0, 0, 0, 0, 0, 4)
6 (1, 4, 361, 127, 355, 0, 0, 0, 0, 0, 0, 62)
7 (1, 4, 0, 117, 85, 0, 0, 115, 1, 1, 0, 39)
8 (1, 4, 419, 0, 0, 0, 0, 0, 1, 1, 0, 181)
9 (1, 4, 433, 0, 78, 0, 0, 0, 1, 1, 0, 127)
10 (1, 4, 301, 68, 82, 0, 0, 0, 1, 2, 0, 187)
11 (1, 4, 290, 0, 0, 0, 0, 0, 1, 2, 0, 19)
12 (1, 4, 264, 0, 0, 0, 4, 0, 1, 2, 0, 91)
13 (1, 4, 174, 0, 0, 0, 0, 0, 1, 1, 0, 241)
14 (1, 4, 175, 41, 0, 0, 0, 0, 1, 1, 0, 59)
15 (1, 4, 338, 376, 0, 0, 0, 0, 1, 1, 0, 118)
16 (1, 4, 178, 228, 0, 0, 0, 0, 1, 1, 0, 195)
17 (1, 4, 223, 256, 0, 0, 0, 0, 1, 1, 0, 180)
18 (1, 4, 200, 323, 0, 0, 0, 0, 1, 1, 0, 37)
19 (1, 4, 261, 277, 0, 0, 0, 0, 1, 1, 0, 168)
20 (1, 4, 351, 184, 0, 0, 9, 0, 1, 2, 0, 82)
21 (1, 4, 334, 90, 0, 0, 24, 6, 1, 1, 0, 28)
22 (1, 4, 176, 0, 64, 0, 32, 13, 1, 1, 0, 243)
23 (1, 4, 9, 0, 219, 0, 35, 26, 1, 1, 0, 125)
24 (1, 4, 0, 0, 396, 0, 22, 25, 1, 1, 0, 75)
25 (1, 4, 0, 0, 497, 0, 3, 0, 1, 1, 0, 190)
26 (1, 4, 0, 0, 511, 0, 24, 0, 1, 1, 0, 188)
27 (1, 4, 0, 0, 441, 0, 18, 0, 1, 1, 0, 5)
28 (1, 4, 0, 0, 139, 0, 20, 0, 0, 1, 0, 133)
29 (1, 4, 0, 0, 0, 0, 11, 0, 1, 1, 0, 61)
30 (1, 4, 0, 0, 0, 0, 0, 0, 1, 1, 0, 119)
0 (1, 4, 0, 0, 294, 0, 0, 0, 1, 1, 0, 165)
1 (1, 4, 79, 94, 251, 0, 0, 4, 1, 1, 0, 187)
2 (1, 4, 307, 69, 117, 0, 0, 17, 1, 1, 0, 16)
3 (1, 4, 391, 45, 0, 0, 0, 31, 1, 1, 0, 126)
4 (1, 4, 32, 0, 0, 0, 0, 0, 1, 1, 0, 176)
5 (1, 4, 67, 0, 0, 0, 0, 0, 1, 1, 0, 236)
6 (1, 4, 208, 70, 0, 0, 1, 0, 1, 1, 0, 70)
7 (1, 4, 129, 331, 0, 0, 10, 0, 1, 1, 0, 82)
8 (1, 4, 205, 395, 0, 0, 12, 0, 1, 1, 0, 0)
9 (1, 4, 307, 337, 0, 0, 17, 0, 2, 2, 0, 21)
10 (1, 4, 307, 304, 0, 0, 21, 0, 1, 1, 0, 25)
11 (1, 4, 293, 323, 0, 0, 15, 0, 1, 1, 0, 147)
12 (1, 4, 303, 422, 96, 0, 0, 0, 1, 1, 0, 124)
13 (1, 4, 382, 404, 106, 0, 8, 29, 1, 1, 0, 20)
14 (1, 4, 76, 61, 113, 0, 7, 57, 0, 0, 0, 1)
15 (1, 4, 0, 0, 139, 0, 3, 47, 0, 0, 0, 91)
16 (1, 4, 0, 0, 243, 0, 11, 20, 1, 1, 0, 171)
17 (1, 4, 0, 0, 383, 0, 21, 0, 1, 1, 0, 22)
18 (1, 4, 0, 0, 519, 0, 2, 0, 1, 1, 0, 218)
19 (1, 4, 0, 0, 523, 0, 0, 0, 1, 1, 0, 202)
20 (1, 4, 0, 0, 429, 0, 0, 0, 1, 1, 0, 83)
21 (1, 4, 182, 0, 259, 0, 0, 0, 1, 1, 0, 135)
22 (1, 4, 132, 0, 81, 0, 0, 0, 1, 1, 0, 74)
23 (1, 4, 76, 0, 61, 0, 0, 0, 1, 1, 0, 65)
24 (1, 4, 124, 0, 2, 0, 0, 0, 0, 1, 0, 220)
25 (1, 4, 200, 0, 0, 0, 0, 0, 1, 1, 0, 155)
26 (1, 4, 172, 0, 0, 0, 15, 0, 0, 1, 0, 38)
27 (1, 4, 94, 13, 0, 0, 14, 0, 0, 0, 0, 79)
28 (1, 4, 99, 190, 0, 0, 7, 0, 0, 0, 0, 236)
29 (1, 4, 121, 347, 0, 0, 13, 0, 0, 0, 0, 153)
30 (1, 4, 170, 319, 0, 0, 8, 0, 0, 0, 0, 246)
31 (1, 4, 210, 283, 0, 0, 8, 0, 0, 0, 0, 48)
0 (1, 4, 0, 0, 370, 0, 0, 0, 0, 0, 0, 118)
1 (1, 4, 0, 0, 177, 0, 0, 0, 0, 0, 0, 154)
2 (1, 4, 0, 65, 37, 0, 0, 0, 0, 0, 0, 124)
3 (1, 4, 56, 47, 0, 0, 0, 0, 0, 0, 0, 90)
4 (1, 4, 24, 122, 0, 0, 0, 0, 0, 0, 0, 16)
5 (1, 4, 169, 363, 0, 0, 0, 0, 0, 0, 0, 29)
6 (1, 4, 453, 341, 0, 0, 0, 0, 0, 0, 0, 190)
7 (1, 4, 873, 677, 0, 0, 0, 0, 0, 1, 0, 66)
8 (1, 4, 845, 689, 0, 0, 42, 0, 0, 0, 0, 83)
9 (1, 4, 596, 797, 0, 0, 38, 0, 0, 0, 0, 162)
10 (1, 4, 589, 755, 0, 0, 55, 0, 0, 0, 0, 97)
11 (1, 4, 379, 774, 0, 0, 77, 0, 0, 0, 0, 110)
12 (1, 4, 89, 788, 170, 0, 22, 0, 0, 0, 0, 242)
13 (1, 4, 56, 404, 65, 0, 0, 12, 0, 0, 0, 134)
14 (1, 4, 0, 129, 0, 0, 0, 0, 0, 0, 0, 202)
15 (1, 4, 0, 94, 0, 0, 0, 22, 0, 0, 0, 135)
16 (1, 4, 132, 0, 31, 0, 0, 43, 0, 0, 0, 88)
17 (1, 4, 0, 0, 0, 0, 0, 22, 0, 0, 0, 97)
18 (1, 4, 0, 0, 0, 0, 0, 1, 1, 1, 0, 168)
19 (1, 4, 0, 0, 32, 0, 0, 0, 0, 0, 0, 128)
20 (1, 4, 0, 0, 70, 0, 0, 0, 0, 0, 0, 244)
21 (1, 4, 0, 0, 84, 0, 0, 0, 0, 0, 0, 164)
22 (1, 4, 0, 0, 100, 0, 0, 0, 0, 0, 0, 37)
23 (1, 4, 0, 0, 280, 0, 0, 0, 0, 0, 0, 224)
24 (1, 4, 0, 0, 447, 0, 0, 0, 0, 0, 0, 10)
25 (1, 4, 0, 0, 369, 0, 0, 0, 0, 0, 0, 205)
26 (1, 4, 0, 56, 33, 0, 0, 0, 0, 0, 0, 4)
0 (1, 4, 0, 7, 451, 0, 88, 0, 3, 2, 0, 190)
1 (1, 4, 0, 5, 593, 0, 0, 0, 3, 2, 0, 203)
2 (1, 4, 0, 0, 211, 0, 0, 0, 3, 2, 0, 192)
3 (1, 4, 271, 98, 0, 0, 0, 0, 0, 0, 0, 10)
4 (1, 4, 193, 84, 0, 0, 0, 0, 0, 0, 0, 212)
5 (1, 4, 300, 23, 0, 0, 0, 0, 0, 0, 0, 144)
6 (1, 4, 215, 0, 0, 0, 62, 0, 0, 0, 0, 112)
7 (1, 4, 0, 0, 160, 0, 57, 0, 0, 0, 0, 65)
8 (1, 4, 0, 0, 376, 0, 0, 0, 1, 0, 0, 135)
9 (1, 4, 0, 0, 429, 0, 0, 0, 1, 1, 0, 83)
10 (1, 4, 0, 0, 0, 0, 0, 0, 1, 1, 0, 119)
11 (1, 4, 394, 0, 0, 0, 0, 0, 1, 1, 0, 12)
12 (1, 4, 287, 0, 0, 0, 0, 0, 1, 1, 0, 207)
13 (1, 4, 70, 0, 0, 0, 0, 0, 2, 2, 0, 193)
14 (1, 4, 40, 15, 45, 1, 23, 0, 3, 3, 0, 25)
15 (1, 4, 0, 0, 309, 0, 0, 3, 3, 2, 0, 126)
16 (1, 4, 0, 0, 271, 0, 0, 0, 2, 2, 0, 104)
17 (1, 4, 0, 0, 208, 0, 0, 0, 1, 1, 0, 2)
18 (1, 4, 195, 0, 282, 0, 0, 0, 1, 1, 0, 72)
19 (1, 4, 141, 0, 274, 0, 0, 0, 1, 1, 0, 41)
20 (1, 4, 244, 0, 329, 0, 0, 0, 1, 1, 0, 122)
21 (1, 4, 0, 0, 258, 0, 0, 0, 1, 1, 0, 5)
22 (1, 4, 0, 105, 98, 0, 0, 0, 1, 1, 0, 26)
23 (1, 4, 0, 72, 47, 0, 0, 0, 1, 1, 0, 224)
24 (1, 4, 248, 0, 0, 0, 0, 0, 1, 1, 0, 188)
25 (1, 4, 64, 108, 0, 0, 0, 0, 1, 1, 0, 214)
26 (1, 4, 54, 167, 0, 0, 0, 0, 1, 1, 0, 181)
27 (1, 4, 141, 128, 0, 0, 0, 0, 1, 1, 0, 37)
28 (1, 4, 114, 104, 0, 0, 0, 0, 1, 1, 0, 55)
29 (1, 4, 68, 68, 0, 0, 0, 3, 2, 2, 0, 226)
30 (1, 4, 121, 24, 58, 0, 0, 17, 1, 1, 0, 107)
0 (1, 4, 0, 0, 248, 0, 0, 0, 1, 1, 0, 64)
1 (1, 4, 0, 0, 225, 0, 0, 0, 1, 1, 0, 23)
2 (1, 4, 0, 0, 94, 0, 0, 0, 1, 1, 0, 62)
3 (1, 4, 0, 29, 31, 0, 0, 0, 1, 1, 0, 236)
4 (1, 4, 62, 63, 7, 0, 0, 0, 1, 1, 0, 243)
5 (1, 4, 65, 116, 0, 0, 0, 0, 1, 1, 0, 10)
6 (1, 4, 65, 228, 0, 0, 0, 0, 1, 1, 0, 106)
7 (1, 4, 189, 284, 0, 0, 0, 0, 1, 1, 0, 238)
8 (1, 4, 353, 299, 0, 0, 0, 0, 1, 1, 0, 121)
9 (1, 4, 273, 322, 0, 0, 1, 0, 1, 1, 0, 233)
10 (1, 4, 303, 355, 0, 0, 25, 0, 1, 1, 0, 169)
11 (1, 4, 416, 210, 0, 0, 19, 0, 1, 1, 0, 39)
12 (1, 4, 498, 66, 0, 0, 8, 0, 1, 1, 0, 253)
13 (1, 4, 334, 0, 0, 0, 31, 0, 1, 1, 0, 132)
14 (1, 4, 60, 0, 0, 0, 29, 5, 1, 1, 0, 108)
15 (1, 4, 0, 0, 29, 0, 8, 9, 1, 1, 0, 138)
16 (1, 4, 0, 0, 132, 0, 7, 2, 1, 1, 0, 9)
17 (1, 4, 0, 0, 249, 0, 0, 0, 1, 1, 0, 212)
18 (1, 4, 0, 0, 246, 0, 0, 0, 1, 1, 0, 141)
19 (1, 4, 0, 0, 297, 0, 0, 0, 1, 1, 0, 252)
20 (1, 4, 0, 0, 283, 0, 0, 0, 1, 1, 0, 82)
21 (1, 4, 0, 0, 67, 0, 0, 0, 1, 1, 0, 55)
22 (1, 4, 0, 0, 3, 0, 0, 0, 1, 1, 0, 204)
23 (1, 4, 0, 0, 110, 0, 8, 0, 1, 1, 0, 126)
24 (1, 4, 0, 0, 110, 0, 6, 0, 1, 1, 0, 174)
25 (1, 4, 0, 0, 128, 0, 0, 0, 1, 1, 0, 134)
26 (1, 4, 0, 7, 143, 0, 4, 0, 1, 1, 0, 62)
27 (1, 4, 0, 80, 184, 0, 8, 0, 1, 1, 0, 152)
28 (1, 4, 0, 90, 244, 0, 0, 0, 1, 1, 0, 158)
29 (1, 4, 7, 115, 184, 0, 0, 0, 1, 1, 0, 105)
30 (1, 4, 0, 90, 81, 0, 0, 3, 1, 1, 0, 61)
31 (1, 4, 0, 65, 20, 0, 0, 6, 1, 1, 0, 172)
0 (1, 4, 0, 11, 370, 0, 0, 0, 1, 1, 0, 20)
1 (1, 4, 0, 33, 207, 0, 0, 0, 2, 3, 0, 35)
2 (1, 4, 0, 185, 0, 0, 0, 0, 2, 2, 0, 200)
3 (1, 4, 0, 212, 0, 0, 0, 0, 2, 2, 0, 85)
4 (1, 4, 0, 221, 0, 0, 0, 0, 1, 2, 0, 245)
5 (1, 4, 0, 205, 0, 0, 0, 0, 2, 1, 0, 143)
6 (1, 4, 0, 352, 0, 0, 0, 0, 2, 2, 0, 200)
7 (1, 4, 0, 537, 0, 0, 0, 0, 2, 2, 0, 198)
8 (1, 4, 0, 600, 0, 0, 0, 0, 2, 2, 0, 240)
9 (1, 4, 72, 462, 0, 0, 28, 14, 1, 2, 0, 209)
10 (1, 4, 0, 284, 0, 10, 52, 31, 2, 2, 0, 6)
11 (1, 4, 0, 148, 0, 56, 46, 64, 1, 1, 0, 179)
12 (1, 4, 0, 0, 0, 89, 41, 40, 1, 2, 0, 241)
13 (1, 4, 0, 0, 84, 100, 44, 0, 1, 1, 0, 194)
14 (1, 4, 123, 0, 190, 99, 9, 0, 1, 1, 0, 163)
15 (1, 4, 269, 148, 304, 86, 13, 0, 1, 1, 0, 110)
16 (1, 4, 0, 250, 192, 82, 0, 0, 1, 2, 0, 35)
17 (1, 4, 0, 289, 4, 119, 0, 135, 1, 2, 0, 9)
18 (1, 4, 0, 10, 0, 93, 0, 110, 1, 1, 0, 210)
19 (1, 4, 0, 0, 0, 63, 0, 19, 3, 3, 0, 107)
20 (1, 4, 0, 0, 0, 35, 0, 1, 1, 1, 0, 96)
21 (1, 4, 0, 0, 0, 31, 0, 8, 1, 1, 0, 207)
22 (1, 4, 0, 0, 4, 51, 0, 17, 1, 1, 0, 26)
23 (1, 4, 0, 0, 23, 108, 0, 0, 1, 1, 0, 85)
24 (1, 4, 0, 0, 17, 197, 0, 0, 1, 1, 0, 135)
25 (1, 4, 62, 23, 0, 171, 0, 0, 1, 1, 0, 250)
26 (1, 4, 25, 64, 3, 97, 2, 0, 1, 1, 0, 0)
27 (1, 4, 0, 39, 59, 61, 0, 0, 1, 1, 0, 180)
28 (1, 4, 0, 55, 96, 30, 0, 0, 1, 1, 0, 158)
29 (1, 4, 45, 30, 139, 32, 0, 0, 15, 20, 0, 188)
30 (1, 4, 271, 0, 258, 34, 0, 16, 2, 3, 0, 41)
31 (1, 4, 272, 0, 456, 26, 1, 16, 3, 3, 0, 247)
0 (1, 4, 111, 124, 617, 0, 0, 18, 1, 1, 0, 215)
1 (1, 4, 27, 357, 590, 0, 0, 0, 1, 1, 0, 178)
2 (1, 4, 0, 545, 248, 0, 0, 109, 1, 1, 0, 94)
3 (1, 4, 119, 0, 0, 0, 0, 0, 1, 2, 0, 78)
4 (1, 4, 380, 0, 0, 0, 0, 0, 1, 1, 0, 147)
5 (1, 4, 0, 0, 0, 0, 0, 5, 1, 1, 0, 221)
6 (1, 4, 17, 0, 0, 0, 0, 0, 1, 1, 0, 153)
7 (1, 4, 133, 0, 0, 0, 0, 0, 1, 1, 0, 84)
8 (1, 4, 0, 0, 0, 0, 0, 12, 1, 1, 0, 232)
9 (1, 4, 0, 0, 0, 0, 0, 47, 1, 1, 0, 47)
10 (1, 4, 137, 0, 0, 0, 0, 149, 1, 1, 0, 239)
11 (1, 4, 0, 0, 0, 0, 0, 85, 1, 1, 0, 75)
12 (1, 4, 0, 0, 0, 0, 0, 0, 3, 3, 0, 101)
13 (1, 4, 102, 0, 0, 0, 0, 0, 12, 7, 0, 148)
14 (1, 4, 0, 614, 0, 0, 0, 0, 2, 2, 0, 87)
15 (1, 4, 175, 865, 0, 0, 0, 22, 2, 3, 0, 76)
16 (1, 4, 445, 0, 0, 50, 33, 370, 1, 0, 0, 153)
17 (1, 4, 0, 0, 260, 62, 55, 166, 1, 1, 0, 215)
18 (1, 4, 0, 0, 235, 0, 0, 53, 2, 2, 0, 71)
19 (1, 4, 0, 0, 0, 0, 0, 0, 3, 4, 0, 115)
20 (1, 4, 22, 311, 0, 0, 0, 0, 1, 1, 0, 247)
21 (1, 4, 98, 602, 0, 0, 0, 0, 4, 4, 0, 249)
22 (1, 4, 683, 305, 0, 50, 2, 259, 1, 0, 0, 198)
23 (1, 4, 344, 0, 118, 129, 136, 134, 2, 2, 0, 125)
24 (1, 4, 0, 0, 531, 21, 0, 82, 3, 2, 0, 203)
25 (1, 4, 0, 0, 219, 0, 0, 0, 3, 3, 0, 23)
26 (1, 4, 0, 0, 39, 0, 0, 0, 1, 1, 0, 108)
27 (1, 4, 498, 0, 0, 0, 0, 0, 2, 1, 0, 116)
28 (1, 4, 158, 547, 0, 5, 0, 0, 1, 1, 0, 98)
29 (1, 4, 226, 705, 0, 18, 0, 34, 2, 3, 0, 107)
30 (1, 4, 475, 73, 83, 16, 77, 147, 4, 3, 0, 99)
31 (1, 4, 0, 75, 605, 43, 88, 45, 2, 1, 0, 254)
0 (1, 4, 0, 95, 233, 0, 7, 0, 5, 4, 0, 223)
1 (1, 4, 0, 121, 110, 0, 6, 0, 12, 11, 0, 251)
2 (1, 4, 0, 130, 49, 0, 4, 0, 1, 1, 0, 237)
3 (1, 4, 0, 498, 0, 0, 0, 0, 1, 1, 0, 222)
4 (1, 4, 0, 0, 0, 0, 0, 41, 1, 1, 0, 227)
5 (1, 4, 334, 0, 0, 0, 0, 0, 1, 1, 0, 168)
6 (1, 4, 412, 0, 0, 0, 0, 0, 2, 1, 0, 110)
7 (1, 4, 169, 0, 0, 0, 0, 0, 2, 2, 0, 192)
8 (1, 4, 0, 0, 0, 0, 0, 7, 1, 1, 0, 100)
9 (1, 4, 0, 65, 0, 0, 0, 0, 6, 6, 0, 126)
10 (1, 4, 11, 193, 0, 0, 0, 0, 8, 8, 0, 99)
11 (1, 4, 159, 225, 0, 0, 0, 0, 0, 0, 0, 36)
12 (1, 4, 158, 324, 0, 0, 0, 0, 1, 1, 0, 106)
13 (1, 4, 627, 290, 0, 0, 23, 88, 1, 1, 0, 20)
14 (1, 4, 376, 17, 74, 0, 102, 55, 2, 3, 0, 0)
15 (1, 4, 0, 11, 278, 0, 28, 64, 1, 1, 0, 173)
16 (1, 4, 0, 0, 297, 0, 0, 19, 1, 2, 0, 244)
17 (1, 4, 0, 0, 197, 0, 0, 0, 1, 1, 0, 183)
18 (1, 4, 0, 0, 0, 0, 0, 0, 1, 1, 0, 119)
19 (1, 4, 0, 27, 0, 0, 0, 0, 1, 1, 0, 125)
20 (1, 4, 0, 174, 0, 0, 0, 0, 1, 1, 0, 176)
21 (1, 4, 0, 316, 0, 0, 0, 0, 1, 1, 0, 88)
22 (1, 4, 48, 361, 0, 0, 0, 9, 1, 1, 0, 199)
23 (1, 4, 328, 278, 0, 0, 0, 57, 1, 1, 0, 248)
24 (1, 4, 202, 0, 0, 0, 33, 42, 1, 1, 0, 1)
25 (1, 4, 0, 0, 69, 0, 24, 26, 1, 1, 0, 130)
26 (1, 4, 0, 0, 251, 0, 0, 14, 1, 1, 0, 221)
27 (1, 4, 0, 0, 420, 0, 0, 0, 1, 1, 0, 123)
28 (1, 4, 47, 0, 443, 0, 0, 0, 1, 2, 0, 125)
GLOVE DISCONNECTED
GLOVE DISCONNECTED
GLOVE CONNECTED
0 (1, 4, 79, 0, 621, 0, 0, 0, 1, 1, 0, 109)
1 (1, 4, 146, 0, 522, 0, 0, 0, 0, 1, 0, 213)
2 (1, 4, 181, 0, 471, 0, 0, 0, 1, 1, 0, 190)
3 (1, 4, 109, 0, 420, 0, 0, 0, 0, 1, 0, 17)
4 (1, 4, 0, 90, 430, 0, 0, 0, 0, 1, 0, 182)
5 (1, 4, 438, 222, 535, 0, 0, 0, 1, 1, 0, 164)
6 (1, 4, 113, 226, 262, 0, 0, 0, 1, 1, 0, 214)
7 (1, 4, 0, 0, 0, 0, 0, 0, 1, 1, 0, 119)
8 (1, 4, 0, 0, 0, 0, 17, 17, 1, 1, 0, 135)
9 (1, 4, 230, 0, 0, 0, 41, 0, 1, 1, 0, 189)
10 (1, 4, 3, 0, 0, 0, 7, 11, 0, 1, 0, 227)
11 (1, 4, 0, 0, 0, 0, 0, 26, 0, 0, 0, 254)
12 (1, 4, 0, 0, 0, 0, 0, 28, 0, 0, 0, 50)
13 (1, 4, 0, 0, 0, 0, 0, 0, 0, 0, 0, 126)
14 (1, 4, 0, 136, 0, 0, 0, 0, 0, 0, 0, 204)
15 (1, 4, 36, 205, 0, 0, 0, 0, 0, 0, 0, 223)
16 (1, 4, 253, 350, 0, 0, 0, 0, 0, 0, 0, 128)
17 (1, 4, 252, 375, 0, 0, 0, 1, 0, 0, 0, 149)
18 (1, 4, 22, 441, 0, 0, 1, 36, 1, 1, 0, 95)
19 (1, 4, 0, 346, 0, 0, 0, 81, 1, 1, 0, 231)
20 (1, 4, 38, 155, 0, 11, 0, 79, 1, 1, 0, 250)
21 (1, 4, 130, 0, 0, 39, 30, 87, 1, 1, 0, 26)
22 (1, 4, 0, 67, 0, 49, 41, 62, 1, 1, 0, 204)
0 (1, 4, 0, 0, 0, 0, 43, 111, 1, 1, 0, 45)
1 (1, 4, 0, 0, 42, 0, 33, 88, 1, 1, 0, 18)
2 (1, 4, 96, 0, 106, 0, 16, 86, 1, 0, 0, 27)
3 (1, 4, 0, 0, 148, 0, 27, 86, 0, 0, 0, 59)
4 (1, 4, 0, 0, 252, 0, 52, 74, 0, 1, 0, 1)
5 (1, 4, 0, 0, 411, 0, 62, 23, 1, 2, 0, 134)
6 (1, 4, 0, 0, 519, 0, 18, 0, 1, 1, 0, 95)
7 (1, 4, 0, 0, 873, 0, 0, 0, 1, 0, 0, 214)
8 (1, 4, 51, 0, 873, 0, 0, 0, 1, 0, 0, 227)
9 (1, 4, 316, 0, 873, 0, 0, 0, 0, 0, 0, 217)
10 (1, 4, 240, 0, 873, 0, 0, 0, 0, 0, 0, 15)
11 (1, 4, 411, 309, 835, 0, 9, 0, 0, 0, 0, 221)
12 (1, 4, 393, 350, 542, 0, 49, 15, 2, 2, 0, 6)
13 (1, 4, 0, 238, 0, 0, 0, 32, 1, 1, 0, 146)
14 (1, 4, 0, 56, 0, 0, 68, 43, 1, 0, 0, 216)
15 (1, 4, 169, 0, 125, 0, 28, 11, 0, 0, 0, 245)
16 (1, 4, 36, 0, 0, 0, 85, 0, 0, 0, 0, 132)
17 (1, 4, 0, 0, 0, 0, 59, 0, 0, 0, 0, 188)
18 (1, 4, 0, 0, 0, 0, 52, 0, 0, 0, 0, 21)
19 (1, 4, 0, 0, 0, 0, 44, 0, 1, 0, 0, 51)
20 (1, 4, 0, 0, 0, 0, 43, 0, 0, 0, 0, 57)
21 (1, 4, 0, 6, 0, 0, 26, 0, 0, 0, 0, 127)
22 (1, 4, 0, 58, 0, 0, 12, 14, 1, 0, 0, 101)
23 (1, 4, 0, 22, 0, 0, 3, 19, 0, 0, 0, 150)
24 (1, 4, 0, 16, 0, 0, 0, 24, 0, 1, 0, 77)
25 (1, 4, 0, 34, 0, 0, 0, 19, 1, 1, 0, 109)
26 (1, 4, 0, 16, 0, 0, 0, 19, 0, 1, 0, 193)
27 (1, 4, 0, 0, 1, 0, 0, 9, 0, 1, 0, 180)
28 (1, 4, 0, 0, 36, 0, 0, 0, 1, 1, 0, 215)
29 (1, 4, 0, 34, 75, 0, 0, 0, 1, 1, 0, 36)
30 (1, 4, 7, 78, 69, 0, 0, 1, 0, 1, 0, 86)
31 (1, 4, 0, 56, 0, 0, 0, 0, 1, 1, 0, 103)
0 (1, 4, 0, 0, 544, 0, 0, 0, 2, 2, 0, 40)
1 (1, 4, 67, 0, 268, 0, 0, 0, 1, 1, 0, 83)
2 (1, 4, 86, 0, 322, 0, 0, 0, 2, 2, 0, 168)
3 (1, 4, 238, 0, 182, 0, 0, 0, 1, 1, 0, 121)
4 (1, 4, 403, 0, 239, 0, 0, 6, 1, 1, 0, 243)
5 (1, 4, 473, 0, 325, 0, 0, 27, 1, 1, 0, 68)
6 (1, 4, 323, 12, 422, 0, 8, 17, 1, 1, 0, 105)
7 (1, 4, 126, 187, 440, 0, 0, 4, 1, 1, 0, 160)
8 (1, 4, 0, 291, 367, 0, 0, 0, 1, 1, 0, 137)
9 (1, 4, 71, 232, 167, 0, 0, 0, 1, 1, 0, 205)
10 (1, 4, 738, 0, 0, 0, 0, 185, 2, 1, 0, 95)
11 (1, 4, 0, 0, 0, 0, 35, 0, 1, 1, 0, 241)
12 (1, 4, 173, 0, 36, 0, 0, 0, 2, 2, 0, 88)
13 (1, 4, 194, 0, 0, 0, 13, 0, 1, 1, 0, 172)
14 (1, 4, 123, 0, 0, 0, 24, 0, 1, 1, 0, 255)
15 (1, 4, 30, 0, 40, 0, 16, 0, 1, 1, 0, 4)
16 (1, 4, 65, 3, 92, 0, 8, 0, 1, 1, 0, 143)
17 (1, 4, 130, 0, 120, 0, 2, 0, 1, 1, 0, 74)
18 (1, 4, 212, 0, 85, 0, 0, 0, 1, 1, 0, 125)
19 (1, 4, 207, 0, 31, 0, 1, 0, 1, 1, 0, 238)
20 (1, 4, 119, 25, 0, 0, 0, 0, 1, 1, 0, 148)
21 (1, 4, 174, 15, 0, 0, 0, 0, 1, 1, 0, 64)
22 (1, 4, 244, 0, 0, 0, 0, 0, 1, 1, 0, 244)
23 (1, 4, 124, 94, 0, 0, 0, 0, 1, 1, 0, 119)
24 (1, 4, 175, 87, 0, 0, 0, 0, 1, 1, 0, 31)
25 (1, 4, 233, 74, 0, 0, 0, 0, 1, 1, 0, 15)
26 (1, 4, 365, 140, 0, 0, 0, 0, 1, 1, 0, 21)
27 (1, 4, 493, 313, 0, 0, 0, 0, 1, 1, 0, 40)
28 (1, 4, 602, 429, 3, 0, 0, 0, 2, 4, 0, 81)
29 (1, 4, 584, 502, 102, 0, 22, 0, 2, 2, 0, 2)
30 (1, 4, 455, 465, 210, 0, 23, 0, 2, 2, 0, 220)
31 (1, 4, 390, 255, 63, 0, 0, 38, 1, 1, 0, 97)
0 (1, 4, 0, 130, 0, 0, 0, 19, 1, 1, 0, 174)
1 (1, 4, 0, 0, 0, 0, 0, 0, 1, 1, 0, 119)
2 (1, 4, 0, 157, 0, 0, 0, 0, 1, 1, 0, 203)
3 (1, 4, 64, 230, 0, 0, 0, 0, 1, 1, 0, 9)
4 (1, 4, 225, 329, 0, 0, 0, 0, 1, 1, 0, 66)
5 (1, 4, 457, 608, 0, 0, 4, 0, 1, 1, 0, 248)
6 (1, 4, 394, 709, 209, 0, 24, 7, 1, 1, 0, 154)
7 (1, 4, 441, 158, 217, 0, 0, 101, 1, 1, 0, 78)
8 (1, 4, 258, 0, 47, 0, 0, 10, 1, 1, 0, 157)
9 (1, 4, 0, 0, 0, 0, 0, 0, 1, 1, 0, 119)
10 (1, 4, 0, 0, 64, 0, 0, 0, 1, 1, 0, 140)
11 (1, 4, 59, 291, 0, 0, 0, 0, 1, 1, 0, 205)
12 (1, 4, 0, 527, 0, 0, 0, 0, 1, 0, 0, 96)
13 (1, 4, 154, 60, 0, 0, 0, 107, 1, 0, 0, 39)
14 (1, 4, 9, 0, 0, 0, 28, 54, 1, 0, 0, 123)
15 (1, 4, 0, 0, 88, 0, 0, 20, 1, 0, 0, 130)
16 (1, 4, 66, 0, 367, 0, 0, 0, 1, 0, 0, 136)
17 (1, 4, 60, 0, 347, 0, 0, 0, 0, 0, 0, 207)
18 (1, 4, 0, 0, 161, 0, 0, 0, 0, 0, 0, 229)
19 (1, 4, 0, 0, 0, 0, 0, 0, 1, 0, 0, 28)
20 (1, 4, 0, 196, 0, 1, 0, 0, 3, 3, 0, 34)
21 (1, 4, 0, 390, 0, 0, 0, 0, 1, 1, 0, 36)
22 (1, 4, 73, 306, 0, 0, 0, 0, 2, 1, 0, 13)
23 (1, 4, 225, 226, 0, 0, 0, 37, 2, 1, 0, 162)
24 (1, 4, 70, 0, 0, 0, 0, 39, 1, 1, 0, 104)
25 (1, 4, 0, 0, 81, 0, 0, 19, 1, 1, 0, 210)
26 (1, 4, 0, 0, 233, 0, 0, 11, 1, 1, 0, 39)
27 (1, 4, 0, 0, 328, 0, 0, 0, 1, 1, 0, 109)
28 (1, 4, 0, 0, 288, 0, 0, 0, 2, 2, 0, 207)
0 (1, 4, 421, 105, 0, 0, 0, 0, 1, 1, 0, 214)
1 (1, 4, 677, 207, 0, 0, 13, 0, 2, 1, 0, 89)
2 (1, 4, 636, 201, 0, 0, 32, 0, 1, 1, 0, 28)
3 (1, 4, 263, 121, 0, 0, 39, 0, 1, 1, 0, 28)
4 (1, 4, 0, 102, 2, 0, 16, 2, 1, 1, 0, 146)
5 (1, 4, 3, 57, 20, 0, 16, 11, 1, 2, 0, 85)
6 (1, 4, 0, 0, 93, 0, 29, 9, 1, 1, 0, 110)
7 (1, 4, 0, 0, 118, 0, 48, 4, 1, 1, 0, 129)
8 (1, 4, 0, 0, 233, 0, 32, 0, 1, 1, 0, 166)
9 (1, 4, 0, 0, 297, 0, 1, 0, 1, 1, 0, 133)
10 (1, 4, 0, 0, 291, 0, 0, 0, 1, 1, 0, 111)
11 (1, 4, 0, 0, 356, 0, 0, 0, 1, 1, 0, 113)
12 (1, 4, 63, 167, 368, 0, 0, 0, 1, 1, 0, 236)
13 (1, 4, 47, 178, 167, 0, 0, 0, 1, 1, 0, 207)
14 (1, 4, 99, 110, 46, 0, 0, 0, 1, 1, 0, 93)
15 (1, 4, 161, 0, 0, 0, 0, 0, 1, 1, 0, 171)
16 (1, 4, 250, 0, 0, 0, 0, 0, 1, 1, 0, 160)
17 (1, 4, 241, 0, 0, 0, 0, 0, 1, 1, 0, 194)
18 (1, 4, 189, 9, 0, 0, 3, 0, 1, 1, 0, 142)
19 (1, 4, 152, 343, 0, 0, 4, 0, 0, 1, 0, 118)
20 (1, 4, 23, 636, 0, 0, 0, 0, 0, 0, 0, 48)
21 (1, 4, 219, 677, 56, 0, 0, 0, 1, 1, 0, 53)
22 (1, 4, 341, 341, 0, 0, 0, 0, 1, 0, 0, 41)
23 (1, 4, 114, 389, 60, 0, 0, 0, 1, 0, 0, 70)
24 (1, 4, 0, 213, 125, 0, 0, 1, 1, 1, 0, 40)
25 (1, 4, 0, 0, 67, 0, 0, 0, 1, 1, 0, 55)
26 (1, 4, 0, 0, 41, 0, 0, 0, 1, 1, 0, 161)
27 (1, 4, 0, 0, 15, 0, 0, 0, 1, 1, 0, 46)
28 (1, 4, 0, 0, 0, 0, 0, 0, 1, 0, 0, 28)
0 (1, 4, 0, 0, 0, 0, 0, 7, 1, 1, 0, 100)
1 (1, 4, 0, 0, 101, 0, 0, 0, 1, 1, 0, 184)
2 (1, 4, 0, 0, 82, 0, 0, 0, 1, 0, 0, 183)
3 (1, 4, 116, 0, 100, 0, 0, 0, 1, 0, 0, 209)
4 (1, 4, 156, 0, 57, 0, 0, 0, 1, 0, 0, 8)
5 (1, 4, 184, 172, 0, 0, 0, 0, 1, 0, 0, 244)
6 (1, 4, 249, 316, 0, 0, 0, 0, 1, 0, 0, 246)
7 (1, 4, 424, 394, 84, 0, 0, 0, 1, 1, 0, 55)
8 (1, 4, 141, 52, 0, 0, 0, 0, 1, 1, 0, 93)
9 (1, 4, 0, 0, 0, 0, 47, 0, 1, 1, 0, 211)
10 (1, 4, 0, 0, 0, 0, 26, 0, 1, 1, 0, 193)
11 (1, 4, 0, 0, 272, 0, 6, 0, 1, 1, 0, 68)
12 (1, 4, 0, 0, 482, 0, 0, 0, 1, 1, 0, 241)
13 (1, 4, 0, 0, 266, 0, 0, 0, 1, 1, 0, 185)
14 (1, 4, 0, 0, 69, 0, 4, 0, 1, 1, 0, 165)
15 (1, 4, 0, 0, 149, 0, 23, 0, 1, 0, 0, 181)
16 (1, 4, 0, 0, 72, 0, 30, 0, 1, 1, 0, 101)
17 (1, 4, 0, 0, 0, 0, 0, 0, 1, 1, 0, 119)
18 (1, 4, 0, 0, 0, 0, 0, 0, 1, 1, 0, 119)
19 (1, 4, 0, 80, 0, 0, 6, 0, 1, 1, 0, 132)
20 (1, 4, 89, 233, 235, 0, 0, 0, 1, 1, 0, 213)
21 (1, 4, 323, 173, 203, 0, 0, 0, 1, 1, 0, 252)
22 (1, 4, 273, 206, 71, 0, 0, 91, 3, 1, 0, 221)
23 (1, 4, 56, 0, 46, 0, 0, 74, 1, 1, 0, 5)
24 (1, 4, 330, 0, 29, 0, 57, 0, 3, 5, 0, 198)
25 (1, 4, 526, 0, 172, 0, 0, 0, 8, 6, 0, 167)
26 (1, 4, 873, 0, 141, 0, 0, 0, 2, 1, 0, 96)
27 (1, 4, 873, 226, 0, 0, 0, 0, 1, 1, 0, 108)
28 (1, 4, 873, 411, 0, 0, 0, 0, 1, 1, 0, 175)
29 (1, 4, 568, 51, 0, 0, 16, 7, 7, 5, 0, 41)
30 (1, 4, 298, 0, 0, 0, 95, 46, 2, 1, 0, 201)
31 (1, 4, 88, 0, 0, 0, 131, 0, 20, 1, 0, 14)
0 (1, 4, 0, 0, 500, 0, 0, 0, 2, 1, 0, 89)
1 (1, 4, 0, 59, 157, 0, 0, 0, 1, 1, 0, 71)
2 (1, 4, 392, 0, 0, 0, 0, 0, 1, 1, 0, 16)
3 (1, 4, 115, 0, 0, 0, 21, 0, 1, 1, 0, 212)
4 (1, 4, 0, 0, 0, 0, 22, 0, 1, 0, 0, 136)
5 (1, 4, 0, 56, 83, 0, 14, 0, 1, 1, 0, 136)
6 (1, 4, 0, 105, 127, 0, 14, 0, 1, 0, 0, 168)
7 (1, 4, 0, 118, 0, 0, 18, 0, 1, 1, 0, 151)
8 (1, 4, 0, 268, 0, 0, 0, 7, 2, 2, 0, 243)
9 (1, 4, 0, 171, 0, 0, 0, 0, 1, 1, 0, 223)
10 (1, 4, 0, 121, 0, 0, 0, 0, 1, 0, 0, 58)
11 (1, 4, 0, 208, 0, 0, 0, 0, 0, 0, 0, 157)
12 (1, 4, 0, 107, 0, 0, 0, 0, 0, 0, 0, 84)
13 (1, 4, 674, 0, 176, 0, 0, 0, 0, 0, 0, 196)
14 (1, 4, 873, 105, 284, 0, 0, 0, 2, 1, 0, 96)
15 (1, 4, 873, 126, 486, 0, 111, 127, 1, 1, 0, 205)
16 (1, 4, 0, 242, 0, 0, 0, 0, 3, 3, 0, 41)
17 (1, 4, 0, 37, 0, 0, 0, 0, 1, 1, 0, 218)
18 (1, 4, 0, 10, 0, 0, 0, 0, 1, 1, 0, 169)
19 (1, 4, 60, 0, 0, 0, 17, 0, 2, 2, 0, 255)
20 (1, 4, 128, 0, 84, 0, 25, 0, 1, 1, 0, 133)
21 (1, 4, 238, 0, 122, 0, 18, 0, 2, 2, 0, 253)
22 (1, 4, 154, 0, 72, 0, 29, 0, 1, 1, 0, 119)
23 (1, 4, 0, 0, 16, 0, 17, 0, 1, 1, 0, 244)
24 (1, 4, 0, 26, 0, 0, 15, 0, 2, 2, 0, 122)
25 (1, 4, 0, 35, 0, 0, 20, 0, 1, 1, 0, 11)
26 (1, 4, 0, 52, 0, 0, 5, 0, 2, 2, 0, 143)
27 (1, 4, 0, 8, 0, 0, 2, 0, 1, 1, 0, 54)
28 (1, 4, 0, 15, 0, 0, 0, 0, 1, 1, 0, 198)
29 (1, 4, 0, 8, 0, 0, 0, 0, 1, 1, 0, 196)
30 (1, 4, 0, 0, 0, 0, 8, 0, 1, 1, 0, 182)
31 (1, 4, 0, 0, 0, 0, 7, 0, 1, 1, 0, 31)
0 (1, 4, 0, 62, 0, 0, 44, 0, 1, 1, 0, 255)
1 (1, 4, 0, 28, 0, 0, 29, 7, 1, 1, 0, 178)
2 (1, 4, 0, 0, 0, 0, 33, 0, 1, 1, 0, 3)
3 (1, 4, 0, 0, 67, 0, 29, 0, 1, 1, 0, 233)
4 (1, 4, 0, 0, 129, 0, 51, 0, 1, 1, 0, 17)
5 (1, 4, 0, 0, 62, 0, 74, 0, 2, 2, 0, 9)
6 (1, 4, 0, 0, 275, 0, 60, 0, 1, 1, 0, 68)
7 (1, 4, 415, 0, 446, 0, 49, 0, 1, 1, 0, 203)
8 (1, 4, 873, 197, 576, 0, 66, 0, 1, 2, 0, 184)
9 (1, 4, 873, 368, 299, 0, 119, 0, 1, 1, 0, 218)
10 (1, 4, 294, 680, 0, 0, 73, 0, 1, 1, 0, 137)
11 (1, 4, 105, 765, 0, 0, 54, 12, 1, 1, 0, 113)
12 (1, 4, 0, 547, 0, 0, 43, 61, 1, 1, 0, 213)
13 (1, 4, 0, 0, 0, 0, 55, 39, 1, 1, 0, 37)
14 (1, 4, 0, 0, 0, 0, 62, 0, 1, 1, 0, 47)
15 (1, 4, 0, 0, 0, 0, 92, 0, 1, 1, 0, 202)
16 (1, 4, 0, 0, 0, 0, 93, 0, 2, 2, 0, 168)
17 (1, 4, 0, 0, 0, 0, 55, 0, 2, 2, 0, 140)
18 (1, 4, 0, 488, 0, 0, 53, 0, 1, 1, 0, 115)
19 (1, 4, 59, 556, 0, 0, 50, 0, 1, 1, 0, 46)
20 (1, 4, 219, 342, 0, 0, 37, 0, 1, 1, 0, 78)
21 (1, 4, 301, 327, 0, 0, 40, 0, 1, 1, 0, 92)
22 (1, 4, 239, 426, 18, 0, 14, 0, 1, 1, 0, 14)
23 (1, 4, 284, 432, 48, 0, 4, 0, 0, 0, 0, 241)
24 (1, 4, 270, 148, 2, 0, 33, 23, 1, 2, 0, 189)
25 (1, 4, 387, 0, 281, 0, 7, 35, 1, 1, 0, 215)
26 (1, 4, 634, 0, 520, 0, 0, 61, 0, 1, 0, 231)
27 (1, 4, 0, 0, 296, 0, 39, 24, 1, 1, 0, 52)
28 (1, 4, 0, 0, 300, 0, 42, 0, 0, 1, 0, 106)
29 (1, 4, 0, 0, 412, 0, 11, 0, 1, 1, 0, 12)
30 (1, 4, 0, 0, 347, 0, 0, 0, 1, 1, 0, 169)
31 (1, 4, 0, 0, 303, 0, 0, 0, 1, 1, 0, 141)
0 (1, 4, 0, 0, 0, 0, 0, 0, 1, 1, 0, 119)
1 (1, 4, 159, 0, 0, 0, 0, 0, 1, 1, 0, 216)
2 (1, 4, 0, 0, 0, 0, 0, 0, 1, 1, 0, 119)
3 (1, 4, 251, 34, 0, 0, 0, 0, 1, 2, 0, 188)
4 (1, 4, 345, 71, 0, 0, 30, 0, 1, 2, 0, 11)
5 (1, 4, 319, 122, 0, 0, 19, 0, 1, 1, 0, 248)
6 (1, 4, 409, 237, 0, 0, 14, 0, 1, 1, 0, 178)
7 (1, 4, 291, 342, 0, 0, 0, 0, 1, 1, 0, 16)
8 (1, 4, 330, 417, 0, 0, 0, 0, 1, 1, 0, 3)
9 (1, 4, 265, 406, 0, 0, 0, 0, 0, 1, 0, 91)
10 (1, 4, 209, 414, 0, 0, 0, 0, 1, 1, 0, 132)
11 (1, 4, 109, 227, 0, 0, 0, 16, 0, 1, 0, 86)
12 (1, 4, 0, 36, 0, 0, 0, 32, 1, 2, 0, 115)
13 (1, 4, 0, 0, 0, 0, 0, 58, 0, 1, 0, 52)
14 (1, 4, 0, 0, 102, 0, 0, 18, 1, 2, 0, 212)
15 (1, 4, 0, 0, 87, 0, 0, 0, 1, 2, 0, 171)
16 (1, 4, 0, 0, 172, 0, 0, 0, 1, 2, 0, 39)
17 (1, 4, 0, 0, 134, 0, 0, 0, 0, 0, 0, 254)
18 (1, 4, 0, 0, 93, 0, 0, 0, 0, 0, 0, 140)
19 (1, 4, 0, 0, 90, 0, 0, 0, 0, 0, 0, 105)
20 (1, 4, 24, 0, 0, 0, 0, 0, 2, 2, 0, 252)
21 (1, 4, 131, 181, 0, 0, 0, 19, 2, 3, 0, 120)
22 (1, 4, 187, 158, 0, 0, 0, 0, 3, 4, 0, 71)
23 (1, 4, 119, 118, 0, 0, 0, 0, 2, 3, 0, 20)
24 (1, 4, 21, 0, 0, 0, 0, 0, 1, 2, 0, 28)
25 (1, 4, 0, 117, 0, 0, 0, 0, 2, 3, 0, 72)
26 (1, 4, 144, 86, 0, 0, 0, 0, 2, 2, 0, 204)
27 (1, 4, 0, 40, 0, 0, 0, 0, 2, 2, 0, 29)
28 (1, 4, 0, 7, 0, 0, 0, 0, 2, 2, 0, 110)
29 (1, 4, 0, 0, 0, 0, 0, 0, 2, 3, 0, 7)
30 (1, 4, 11, 0, 83, 8, 0, 0, 3, 5, 0, 189)
31 (1, 4, 0, 0, 126, 0, 0, 0, 2, 6, 0, 112)
0 (1, 4, 189, 0, 66, 0, 0, 0, 1, 2, 0, 106)
1 (1, 4, 8, 0, 0, 0, 0, 0, 2, 2, 0, 28)
2 (1, 4, 77, 0, 0, 0, 0, 0, 3, 4, 0, 188)
3 (1, 4, 0, 0, 8, 0, 0, 0, 2, 4, 0, 173)
4 (1, 4, 40, 0, 2, 0, 0, 0, 2, 3, 0, 159)
5 (1, 4, 37, 0, 26, 0, 0, 0, 2, 2, 0, 113)
6 (1, 4, 0, 123, 160, 0, 0, 0, 1, 1, 0, 51)
7 (1, 4, 0, 175, 260, 0, 0, 0, 4, 4, 0, 43)
8 (1, 4, 34, 110, 148, 0, 0, 0, 2, 2, 0, 34)
9 (1, 4, 236, 20, 0, 0, 0, 0, 1, 1, 0, 223)
10 (1, 4, 0, 114, 0, 0, 0, 0, 5, 2, 0, 8)
11 (1, 4, 303, 554, 0, 0, 0, 0, 4, 5, 0, 127)
12 (1, 4, 169, 191, 0, 0, 0, 0, 2, 4, 0, 174)
13 (1, 4, 196, 117, 0, 0, 0, 0, 2, 3, 0, 236)
14 (1, 4, 176, 0, 68, 0, 0, 0, 2, 2, 0, 251)
15 (1, 4, 276, 117, 176, 0, 0, 0, 2, 2, 0, 137)
16 (1, 4, 154, 440, 293, 0, 0, 0, 1, 1, 0, 115)
17 (1, 4, 93, 125, 36, 0, 0, 0, 2, 2, 0, 31)
18 (1, 4, 20, 100, 0, 0, 0, 0, 2, 2, 0, 47)
19 (1, 4, 0, 21, 0, 0, 0, 0, 2, 2, 0, 98)
20 (1, 4, 0, 31, 0, 0, 0, 0, 2, 3, 0, 215)
21 (1, 4, 130, 0, 0, 0, 0, 0, 1, 3, 0, 168)
22 (1, 4, 146, 24, 64, 0, 0, 0, 2, 3, 0, 199)
23 (1, 4, 39, 87, 64, 0, 0, 0, 1, 2, 0, 60)
24 (1, 4, 119, 91, 75, 0, 0, 0, 1, 2, 0, 59)
25 (1, 4, 36, 57, 112, 0, 0, 0, 1, 2, 0, 234)
26 (1, 4, 218, 0, 311, 0, 0, 0, 1, 1, 0, 94)
27 (1, 4, 396, 373, 338, 0, 0, 0, 1, 1, 0, 116)
28 (1, 4, 0, 475, 279, 0, 0, 18, 1, 1, 0, 183)
29 (1, 4, 204, 246, 274, 0, 0, 0, 2, 1, 0, 158)
30 (1, 4, 181, 192, 193, 0, 0, 0, 2, 1, 0, 201)
0 (1, 4, 182, 0, 27, 0, 29, 22, 1, 1, 0, 216)
1 (1, 4, 48, 0, 160, 0, 28, 28, 1, 1, 0, 180)
2 (1, 4, 0, 0, 315, 0, 18, 28, 1, 1, 0, 151)
3 (1, 4, 0, 0, 542, 0, 0, 14, 1, 1, 0, 89)
4 (1, 4, 0, 44, 287, 0, 0, 0, 2, 2, 0, 188)
5 (1, 4, 0, 0, 0, 0, 14, 0, 1, 1, 0, 167)
6 (1, 4, 0, 0, 150, 0, 12, 0, 1, 1, 0, 170)
7 (1, 4, 0, 0, 145, 0, 5, 0, 1, 3, 0, 33)
8 (1, 4, 0, 6, 79, 0, 0, 0, 1, 1, 0, 98)
9 (1, 4, 0, 7, 117, 0, 0, 0, 1, 1, 0, 197)
10 (1, 4, 413, 0, 207, 0, 6, 0, 1, 1, 0, 132)
11 (1, 4, 348, 0, 214, 0, 26, 0, 1, 1, 0, 230)
12 (1, 4, 137, 61, 145, 0, 15, 0, 1, 1, 0, 208)
13 (1, 4, 41, 116, 112, 0, 30, 0, 1, 1, 0, 27)
14 (1, 4, 0, 235, 0, 0, 11, 9, 1, 1, 0, 35)
15 (1, 4, 15, 53, 0, 0, 0, 71, 1, 1, 0, 183)
16 (1, 4, 105, 0, 0, 0, 71, 29, 1, 1, 0, 166)
17 (1, 4, 0, 0, 0, 0, 84, 0, 1, 1, 0, 11)
18 (1, 4, 0, 36, 0, 0, 63, 5, 1, 1, 0, 228)
19 (1, 4, 0, 80, 96, 0, 58, 0, 1, 1, 0, 43)
20 (1, 4, 0, 93, 141, 0, 46, 0, 1, 1, 0, 19)
21 (1, 4, 0, 124, 189, 0, 32, 0, 1, 1, 0, 53)
22 (1, 4, 0, 101, 228, 0, 19, 0, 1, 1, 0, 253)
23 (1, 4, 0, 42, 112, 0, 12, 0, 1, 1, 0, 51)
24 (1, 4, 0, 103, 0, 0, 42, 0, 1, 1, 0, 10)
25 (1, 4, 0, 128, 0, 0, 51, 2, 1, 1, 0, 204)
26 (1, 4, 0, 71, 0, 0, 60, 31, 1, 1, 0, 118)
27 (1, 4, 85, 49, 1, 0, 77, 17, 1, 1, 0, 231)
28 (1, 4, 0, 138, 14, 0, 80, 0, 1, 1, 0, 250)
29 (1, 4, 0, 104, 7, 0, 60, 0, 1, 1, 0, 202)
30 (1, 4, 0, 68, 120, 0, 21, 0, 1, 1, 0, 247)
31 (1, 4, 0, 44, 169, 0, 0, 0, 1, 1, 0, 251)
0 (1, 4, 291, 321, 0, 0, 0, 0, 1, 1, 0, 115)
1 (1, 4, 339, 288, 0, 0, 0, 0, 1, 1, 0, 41)
2 (1, 4, 322, 168, 0, 0, 0, 0, 1, 1, 0, 144)
3 (1, 4, 161, 99, 0, 0, 15, 9, 1, 1, 0, 174)
4 (1, 4, 48, 24, 0, 0, 35, 18, 1, 1, 0, 110)
5 (1, 4, 0, 0, 0, 0, 38, 15, 1, 1, 0, 146)
6 (1, 4, 0, 0, 246, 0, 33, 2, 1, 1, 0, 64)
7 (1, 4, 0, 0, 381, 0, 0, 0, 1, 1, 0, 38)
8 (1, 4, 0, 0, 435, 0, 0, 0, 1, 1, 0, 225)
9 (1, 4, 0, 0, 503, 0, 0, 0, 1, 1, 0, 68)
10 (1, 4, 0, 0, 438, 0, 0, 0, 1, 1, 0, 43)
11 (1, 4, 0, 0, 251, 0, 0, 0, 1, 1, 0, 251)
12 (1, 4, 0, 0, 151, 0, 0, 0, 1, 1, 0, 28)
13 (1, 4, 24, 0, 92, 0, 0, 0, 1, 1, 0, 129)
14 (1, 4, 0, 0, 49, 0, 0, 0, 1, 1, 0, 98)
15 (1, 4, 42, 41, 0, 0, 0, 0, 1, 1, 0, 24)
16 (1, 4, 190, 102, 0, 0, 0, 0, 1, 1, 0, 231)
17 (1, 4, 286, 116, 0, 0, 0, 0, 1, 1, 0, 59)
18 (1, 4, 390, 96, 0, 0, 0, 0, 1, 1, 0, 5)
19 (1, 4, 357, 73, 0, 0, 0, 0, 1, 1, 0, 136)
20 (1, 4, 365, 51, 0, 0, 0, 0, 1, 2, 0, 187)
21 (1, 4, 328, 137, 0, 0, 0, 0, 0, 2, 0, 84)
22 (1, 4, 401, 0, 0, 0, 0, 0, 0, 2, 0, 81)
23 (1, 4, 145, 0, 0, 0, 0, 10, 0, 1, 0, 189)
24 (1, 4, 140, 0, 0, 0, 0, 37, 0, 1, 0, 67)
25 (1, 4, 187, 0, 0, 0, 0, 48, 0, 1, 0, 55)
26 (1, 4, 57, 44, 1, 4, 0, 36, 1, 1, 0, 185)
27 (1, 4, 83, 173, 47, 0, 0, 83, 1, 1, 0, 68)
28 (1, 4, 9, 133, 37, 0, 0, 83, 1, 0, 0, 200)
0 (1, 4, 0, 318, 0, 0, 0, 126, 1, 5, 0, 143)
1 (1, 4, 118, 0, 0, 0, 0, 38, 1, 5, 0, 59)
2 (1, 4, 41, 0, 0, 0, 0, 82, 1, 4, 0, 33)
3 (1, 4, 0, 0, 41, 8, 0, 67, 1, 4, 0, 186)
4 (1, 4, 0, 5, 114, 2, 0, 48, 1, 3, 0, 215)
5 (1, 4, 0, 394, 209, 0, 0, 62, 1, 1, 0, 248)
6 (1, 4, 11, 30, 0, 0, 0, 101, 2, 1, 0, 152)
7 (1, 4, 0, 0, 0, 0, 0, 99, 3, 3, 0, 231)
8 (1, 4, 0, 16, 0, 0, 0, 77, 2, 3, 0, 99)
9 (1, 4, 0, 0, 0, 0, 20, 64, 2, 3, 0, 36)
10 (1, 4, 0, 0, 139, 0, 17, 60, 1, 3, 0, 70)
11 (1, 4, 0, 0, 356, 0, 7, 64, 1, 2, 0, 225)
12 (1, 4, 61, 0, 594, 0, 3, 10, 1, 2, 0, 98)
13 (1, 4, 244, 246, 873, 0, 6, 5, 1, 1, 0, 19)
14 (1, 4, 0, 385, 873, 0, 34, 0, 2, 1, 0, 181)
15 (1, 4, 0, 622, 726, 0, 2, 0, 4, 3, 0, 136)
16 (1, 4, 0, 601, 175, 0, 0, 0, 3, 2, 0, 113)
17 (1, 4, 0, 396, 0, 0, 0, 0, 5, 5, 0, 222)
18 (1, 4, 0, 88, 0, 0, 6, 0, 3, 3, 0, 37)
19 (1, 4, 0, 0, 0, 0, 16, 0, 2, 2, 0, 233)
20 (1, 4, 3, 0, 146, 0, 13, 0, 2, 2, 0, 132)
21 (1, 4, 142, 36, 211, 0, 0, 0, 1, 2, 0, 93)
22 (1, 4, 143, 64, 0, 0, 0, 3, 2, 1, 0, 123)
23 (1, 4, 0, 17, 0, 0, 30, 1, 1, 1, 0, 41)
24 (1, 4, 0, 0, 0, 0, 18, 0, 1, 1, 0, 0)
25 (1, 4, 160, 28, 0, 0, 26, 0, 1, 1, 0, 27)
26 (1, 4, 143, 14, 0, 0, 24, 0, 1, 1, 0, 120)
27 (1, 4, 135, 0, 0, 0, 22, 0, 1, 1, 0, 220)
28 (1, 4, 168, 0, 0, 0, 24, 0, 1, 1, 0, 145)
29 (1, 4, 121, 2, 0, 0, 28, 0, 1, 1, 0, 109)
30 (1, 4, 77, 28, 0, 0, 32, 0, 1, 1, 0, 189)
31 (1, 4, 0, 34, 0, 0, 39, 29, 1, 1, 0, 46)
0 (1, 4, 408, 0, 0, 0, 0, 0, 1, 1, 0, 240)
1 (1, 4, 383, 0, 0, 0, 0, 16, 1, 1, 0, 82)
2 (1, 4, 234, 0, 0, 0, 0, 38, 0, 0, 0, 36)
3 (1, 4, 78, 0, 0, 0, 0, 70, 1, 1, 0, 35)
4 (1, 4, 0, 0, 0, 0, 0, 60, 1, 2, 0, 39)
5 (1, 4, 42, 231, 0, 3, 0, 35, 1, 2, 0, 197)
6 (1, 4, 102, 77, 4, 4, 0, 49, 1, 2, 0, 112)
7 (1, 4, 149, 51, 78, 0, 0, 55, 1, 1, 0, 152)
8 (1, 4, 48, 197, 62, 0, 0, 70, 1, 1, 0, 120)
9 (1, 4, 58, 186, 24, 0, 0, 58, 1, 0, 0, 201)
10 (1, 4, 163, 142, 19, 0, 0, 77, 1, 0, 0, 24)
11 (1, 4, 0, 89, 0, 0, 0, 81, 1, 1, 0, 218)
12 (1, 4, 0, 0, 0, 0, 0, 84, 0, 1, 0, 246)
13 (1, 4, 0, 169, 0, 0, 0, 27, 1, 2, 0, 80)
14 (1, 4, 0, 285, 6, 0, 0, 52, 1, 2, 0, 228)
15 (1, 4, 149, 7, 0, 0, 0, 51, 1, 2, 0, 31)
16 (1, 4, 162, 0, 0, 0, 0, 72, 1, 2, 0, 171)
17 (1, 4, 88, 0, 0, 3, 0, 54, 1, 1, 0, 241)
18 (1, 4, 0, 95, 151, 0, 0, 55, 1, 1, 0, 46)
19 (1, 4, 197, 189, 135, 17, 0, 0, 1, 1, 0, 95)
20 (1, 4, 6, 166, 71, 0, 0, 72, 1, 1, 0, 150)
21 (1, 4, 62, 97, 0, 0, 0, 68, 2, 2, 0, 219)
22 (1, 4, 0, 92, 0, 0, 0, 65, 1, 1, 0, 102)
23 (1, 4, 0, 0, 0, 0, 0, 38, 1, 3, 0, 204)
24 (1, 4, 0, 269, 0, 0, 0, 37, 1, 3, 0, 147)
25 (1, 4, 112, 1, 0, 0, 0, 35, 1, 2, 0, 22)
26 (1, 4, 51, 0, 0, 0, 0, 41, 1, 2, 0, 107)
27 (1, 4, 132, 0, 0, 0, 0, 40, 1, 1, 0, 17)
28 (1, 4, 27, 190, 97, 0, 0, 37, 1, 1, 0, 201)
29 (1, 4, 17, 37, 67, 0, 0, 64, 2, 2, 0, 42)
30 (1, 4, 87, 28, 6, 0, 0, 59, 2, 2, 0, 168)
31 (1, 4, 68, 63, 0, 0, 0, 55, 2, 2, 0, 174)
0 (1, 4, 0, 0, 2, 0, 51, 0, 2, 2, 0, 64)
1 (1, 4, 0, 45, 0, 0, 47, 0, 1, 2, 0, 112)
2 (1, 4, 0, 34, 0, 0, 55, 0, 1, 1, 0, 56)
3 (1, 4, 0, 44, 0, 0, 60, 0, 1, 1, 0, 118)
4 (1, 4, 0, 0, 0, 0, 57, 0, 1, 1, 0, 71)
5 (1, 4, 0, 0, 0, 0, 65, 0, 1, 1, 0, 20)
6 (1, 4, 0, 0, 10, 0, 73, 0, 1, 1, 0, 70)
7 (1, 4, 0, 0, 68, 0, 73, 0, 1, 1, 0, 112)
8 (1, 4, 0, 58, 103, 0, 73, 0, 1, 1, 0, 72)
9 (1, 4, 0, 45, 76, 0, 54, 0, 1, 2, 0, 84)
10 (1, 4, 0, 5, 44, 0, 62, 0, 1, 1, 0, 92)
11 (1, 4, 0, 31, 108, 0, 64, 0, 1, 1, 0, 90)
12 (1, 4, 52, 100, 155, 0, 65, 0, 1, 1, 0, 25)
13 (1, 4, 46, 153, 170, 0, 76, 0, 1, 1, 0, 38)
14 (1, 4, 0, 188, 206, 0, 41, 0, 1, 1, 0, 206)
15 (1, 4, 0, 58, 20, 0, 36, 0, 1, 1, 0, 197)
16 (1, 4, 44, 0, 2, 0, 42, 0, 1, 1, 0, 233)
17 (1, 4, 123, 0, 0, 0, 57, 0, 1, 1, 0, 139)
18 (1, 4, 0, 0, 0, 0, 59, 0, 1, 1, 0, 181)
19 (1, 4, 0, 0, 0, 0, 69, 0, 1, 1, 0, 247)
20 (1, 4, 1, 0, 0, 0, 73, 0, 1, 1, 0, 219)
21 (1, 4, 38, 0, 0, 0, 114, 0, 1, 1, 0, 244)
22 (1, 4, 9, 0, 42, 0, 71, 0, 1, 1, 0, 22)
23 (1, 4, 0, 13, 41, 0, 56, 0, 1, 1, 0, 52)
24 (1, 4, 81, 0, 0, 0, 66, 0, 1, 1, 0, 248)
25 (1, 4, 2, 0, 0, 0, 118, 0, 1, 2, 0, 85)
26 (1, 4, 0, 32, 55, 0, 85, 0, 1, 2, 0, 105)
27 (1, 4, 0, 41, 30, 0, 77, 0, 1, 1, 0, 64)
28 (1, 4, 0, 24, 22, 0, 76, 2, 1, 1, 0, 42)
29 (1, 4, 14, 0, 24, 0, 73, 3, 1, 1, 0, 36)
0 (1, 4, 0, 0, 0, 0, 64, 43, 1, 2, 0, 253)
1 (1, 4, 0, 0, 0, 0, 25, 43, 1, 1, 0, 103)
2 (1, 4, 0, 0, 0, 0, 16, 38, 1, 1, 0, 159)
3 (1, 4, 0, 0, 0, 0, 12, 24, 1, 1, 0, 108)
4 (1, 4, 115, 0, 0, 0, 26, 4, 1, 1, 0, 8)
5 (1, 4, 160, 136, 0, 0, 39, 0, 1, 1, 0, 114)
6 (1, 4, 91, 90, 0, 0, 36, 3, 1, 2, 0, 117)
7 (1, 4, 212, 66, 0, 0, 30, 10, 1, 1, 0, 219)
8 (1, 4, 168, 94, 0, 0, 34, 4, 1, 2, 0, 4)
9 (1, 4, 78, 102, 0, 0, 3, 12, 1, 2, 0, 245)
10 (1, 4, 100, 72, 0, 0, 0, 17, 2, 2, 0, 38)
11 (1, 4, 0, 14, 0, 0, 0, 24, 1, 2, 0, 247)
12 (1, 4, 0, 0, 0, 0, 0, 38, 1, 1, 0, 26)
13 (1, 4, 62, 0, 0, 0, 0, 57, 1, 1, 0, 67)
14 (1, 4, 216, 0, 0, 0, 0, 50, 1, 1, 0, 176)
15 (1, 4, 68, 0, 0, 0, 0, 45, 2, 2, 0, 60)
16 (1, 4, 182, 0, 0, 0, 0, 44, 2, 1, 0, 249)
17 (1, 4, 0, 41, 0, 0, 0, 28, 2, 2, 0, 228)
18 (1, 4, 0, 703, 0, 0, 0, 45, 1, 3, 0, 158)
19 (1, 4, 178, 0, 0, 13, 0, 6, 1, 3, 0, 216)
20 (1, 4, 0, 0, 11, 0, 0, 49, 0, 3, 0, 105)
21 (1, 4, 125, 0, 0, 0, 0, 44, 0, 2, 0, 126)
22 (1, 4, 54, 0, 24, 0, 0, 36, 1, 2, 0, 222)
23 (1, 4, 0, 211, 133, 0, 0, 34, 1, 2, 0, 210)
24 (1, 4, 0, 339, 195, 0, 0, 57, 2, 2, 0, 69)
25 (1, 4, 141, 0, 38, 0, 0, 70, 1, 1, 0, 34)
26 (1, 4, 87, 0, 0, 0, 0, 41, 2, 1, 0, 6)
27 (1, 4, 14, 0, 0, 0, 0, 64, 2, 2, 0, 125)
28 (1, 4, 0, 46, 0, 0, 0, 39, 2, 5, 0, 14)
29 (1, 4, 0, 0, 0, 0, 0, 14, 2, 4, 0, 55)
30 (1, 4, 0, 63, 41, 0, 0, 35, 2, 4, 0, 18)
31 (1, 4, 0, 0, 66, 0, 0, 23, 1, 4, 0, 163)
0 (1, 4, 0, 0, 0, 0, 0, 0, 1, 1, 0, 119)
1 (1, 4, 35, 0, 0, 12, 0, 0, 1, 1, 0, 38)
2 (1, 4, 0, 0, 11, 0, 0, 0, 3, 3, 0, 98)
3 (1, 4, 61, 0, 159, 0, 0, 0, 1, 0, 0, 170)
4 (1, 4, 233, 0, 427, 0, 12, 0, 1, 1, 0, 37)
5 (1, 4, 369, 0, 670, 0, 20, 0, 1, 1, 0, 74)
6 (1, 4, 443, 0, 873, 0, 0, 0, 1, 1, 0, 239)
7 (1, 4, 240, 0, 735, 0, 0, 0, 5, 3, 0, 3)
8 (1, 4, 0, 141, 181, 0, 0, 0, 1, 1, 0, 16)
9 (1, 4, 0, 236, 75, 0, 0, 23, 1, 0, 0, 9)
10 (1, 4, 0, 91, 0, 0, 0, 31, 1, 0, 0, 191)
11 (1, 4, 0, 55, 0, 0, 0, 0, 1, 0, 0, 189)
12 (1, 4, 0, 129, 0, 0, 0, 0, 1, 0, 0, 168)
13 (1, 4, 0, 175, 0, 0, 0, 0, 4, 3, 0, 62)
14 (1, 4, 29, 302, 0, 0, 0, 0, 4, 4, 0, 223)
15 (1, 4, 134, 352, 0, 0, 3, 0, 12, 13, 0, 103)
16 (1, 4, 191, 431, 0, 0, 0, 0, 2, 1, 0, 46)
17 (1, 4, 393, 358, 0, 0, 8, 0, 2, 1, 0, 106)
18 (1, 4, 382, 262, 0, 0, 0, 0, 1, 1, 0, 221)
19 (1, 4, 289, 120, 0, 0, 0, 6, 2, 1, 0, 69)
20 (1, 4, 232, 64, 0, 0, 0, 34, 3, 3, 0, 213)
21 (1, 4, 78, 0, 12, 0, 0, 35, 1, 1, 0, 143)
22 (1, 4, 101, 0, 210, 0, 0, 24, 1, 1, 0, 108)
23 (1, 4, 39, 0, 344, 0, 0, 12, 2, 1, 0, 198)
24 (1, 4, 0, 0, 540, 0, 0, 0, 1, 1, 0, 80)
25 (1, 4, 0, 0, 683, 0, 0, 0, 1, 1, 0, 197)
26 (1, 4, 0, 0, 544, 0, 26, 0, 1, 0, 0, 238)
27 (1, 4, 0, 0, 535, 0, 33, 0, 1, 1, 0, 35)
28 (1, 4, 0, 0, 362, 0, 30, 0, 2, 2, 0, 242)
0 (1, 4, 125, 35, 29, 0, 0, 3, 1, 1, 0, 234)
1 (1, 4, 195, 34, 30, 0, 0, 16, 1, 1, 0, 55)
2 (1, 4, 219, 39, 24, 0, 0, 30, 1, 1, 0, 159)
3 (1, 4, 1, 72, 0, 0, 15, 33, 1, 1, 0, 158)
4 (1, 4, 0, 0, 0, 0, 30, 39, 1, 1, 0, 144)
5 (1, 4, 0, 0, 92, 0, 46, 15, 0, 1, 0, 87)
6 (1, 4, 0, 0, 366, 0, 40, 0, 0, 1, 0, 76)
7 (1, 4, 0, 0, 447, 0, 9, 0, 0, 1, 0, 217)
8 (1, 4, 0, 135, 429, 0, 0, 0, 1, 1, 0, 80)
9 (1, 4, 36, 0, 287, 0, 0, 2, 1, 2, 0, 247)
10 (1, 4, 149, 0, 111, 0, 0, 0, 1, 2, 0, 85)
11 (1, 4, 120, 0, 14, 0, 0, 0, 1, 1, 0, 100)
12 (1, 4, 155, 0, 0, 0, 0, 11, 1, 1, 0, 108)
13 (1, 4, 164, 0, 0, 0, 0, 0, 1, 2, 0, 32)
14 (1, 4, 60, 0, 0, 0, 0, 0, 1, 1, 0, 24)
15 (1, 4, 22, 128, 0, 0, 0, 0, 1, 1, 0, 178)
16 (1, 4, 143, 105, 0, 0, 0, 0, 1, 1, 0, 127)
17 (1, 4, 138, 139, 0, 0, 0, 0, 1, 1, 0, 100)
18 (1, 4, 0, 424, 0, 0, 0, 0, 0, 1, 0, 128)
19 (1, 4, 187, 225, 0, 0, 0, 0, 0, 1, 0, 176)
20 (1, 4, 175, 141, 0, 0, 0, 0, 0, 1, 0, 64)
21 (1, 4, 337, 36, 0, 0, 0, 3, 0, 1, 0, 14)
22 (1, 4, 488, 53, 0, 0, 0, 6, 0, 1, 0, 60)
23 (1, 4, 240, 210, 143, 0, 0, 35, 1, 1, 0, 45)
24 (1, 4, 0, 51, 0, 0, 0, 58, 0, 0, 0, 36)
25 (1, 4, 0, 0, 0, 0, 0, 60, 1, 1, 0, 154)
26 (1, 4, 0, 0, 0, 0, 0, 32, 2, 2, 0, 205)
27 (1, 4, 0, 0, 40, 0, 0, 0, 0, 1, 0, 87)
28 (1, 4, 0, 16, 123, 0, 0, 22, 1, 2, 0, 201)
29 (1, 4, 83, 0, 173, 0, 0, 10, 0, 2, 0, 249)
0 (1, 4, 0, 134, 0, 0, 0, 0, 1, 1, 0, 193)
1 (1, 4, 0, 66, 0, 0, 0, 0, 1, 2, 0, 36)
2 (1, 4, 75, 158, 0, 0, 0, 0, 0, 2, 0, 39)
3 (1, 4, 78, 124, 0, 0, 0, 0, 0, 1, 0, 129)
4 (1, 4, 156, 96, 2, 0, 0, 0, 1, 1, 0, 164)
5 (1, 4, 306, 0, 91, 0, 0, 9, 0, 1, 0, 154)
6 (1, 4, 218, 59, 176, 0, 0, 22, 2, 3, 0, 176)
7 (1, 4, 43, 16, 260, 0, 0, 22, 1, 1, 0, 175)
8 (1, 4, 0, 53, 265, 0, 7, 14, 1, 1, 0, 128)
9 (1, 4, 0, 218, 391, 0, 29, 0, 1, 1, 0, 221)
10 (1, 4, 0, 157, 551, 0, 32, 0, 1, 1, 0, 103)
11 (1, 4, 0, 0, 491, 0, 0, 0, 1, 1, 0, 217)
12 (1, 4, 28, 0, 339, 0, 0, 0, 1, 1, 0, 189)
13 (1, 4, 0, 0, 337, 0, 0, 0, 1, 1, 0, 58)
14 (1, 4, 0, 0, 83, 0, 0, 0, 0, 0, 0, 65)
15 (1, 4, 0, 133, 0, 0, 0, 0, 1, 1, 0, 25)
16 (1, 4, 0, 108, 0, 0, 0, 0, 0, 0, 0, 86)
17 (1, 4, 0, 100, 0, 0, 0, 0, 0, 0, 0, 229)
18 (1, 4, 91, 38, 0, 0, 0, 0, 0, 0, 0, 0)
19 (1, 4, 215, 17, 0, 0, 0, 0, 0, 0, 0, 252)
20 (1, 4, 873, 0, 55, 0, 1, 0, 1, 1, 0, 92)
21 (1, 4, 796, 216, 229, 0, 26, 0, 1, 1, 0, 1)
22 (1, 4, 215, 0, 0, 0, 0, 0, 1, 1, 0, 33)
23 (1, 4, 470, 0, 0, 0, 0, 0, 1, 1, 0, 45)
24 (1, 4, 149, 17, 0, 0, 0, 0, 1, 1, 0, 96)
25 (1, 4, 0, 0, 0, 0, 0, 13, 1, 1, 0, 55)
26 (1, 4, 0, 0, 0, 0, 0, 35, 1, 0, 0, 219)
27 (1, 4, 43, 0, 0, 0, 0, 12, 1, 1, 0, 77)
28 (1, 4, 26, 0, 0, 0, 0, 38, 1, 1, 0, 150)
29 (1, 4, 0, 0, 0, 0, 0, 14, 1, 2, 0, 236)
30 (1, 4, 140, 0, 0, 1, 0, 0, 1, 2, 0, 136)
31 (1, 4, 153, 0, 0, 7, 0, 1, 2, 3, 0, 14)
0 (1, 4, 0, 0, 0, 0, 0, 29, 1, 2, 0, 89)
1 (1, 4, 178, 0, 0, 0, 0, 29, 2, 4, 0, 172)
2 (1, 4, 506, 0, 0, 25, 0, 0, 3, 6, 0, 96)
3 (1, 4, 9, 94, 0, 28, 0, 5, 2, 5, 0, 59)
4 (1, 4, 71, 122, 33, 24, 0, 4, 2, 4, 0, 92)
5 (1, 4, 75, 186, 222, 0, 0, 16, 2, 4, 0, 237)
6 (1, 4, 161, 47, 209, 0, 0, 21, 1, 1, 0, 64)
7 (1, 4, 0, 590, 458, 0, 0, 43, 1, 1, 0, 212)
8 (1, 4, 0, 413, 233, 0, 0, 98, 1, 0, 0, 196)
9 (1, 4, 0, 17, 0, 0, 0, 18, 0, 0, 0, 192)
10 (1, 4, 0, 0, 206, 0, 0, 0, 1, 1, 0, 176)
11 (1, 4, 0, 0, 238, 0, 65, 0, 1, 2, 0, 144)
12 (1, 4, 0, 0, 376, 0, 30, 0, 2, 2, 0, 162)
13 (1, 4, 0, 0, 586, 0, 0, 0, 3, 3, 0, 183)
14 (1, 4, 267, 0, 673, 0, 0, 0, 2, 1, 0, 144)
15 (1, 4, 228, 0, 439, 0, 0, 0, 2, 1, 0, 122)
16 (1, 4, 0, 181, 62, 0, 0, 0, 1, 1, 0, 246)
17 (1, 4, 0, 104, 0, 0, 0, 0, 1, 1, 0, 133)
18 (1, 4, 0, 0, 19, 0, 0, 2, 1, 1, 0, 10)
19 (1, 4, 17, 0, 0, 0, 0, 0, 1, 1, 0, 153)
20 (1, 4, 0, 0, 0, 0, 0, 0, 1, 2, 0, 202)
21 (1, 4, 51, 0, 0, 0, 0, 0, 1, 1, 0, 66)
22 (1, 4, 92, 0, 0, 0, 7, 0, 1, 1, 0, 62)
23 (1, 4, 0, 15, 0, 0, 6, 0, 1, 1, 0, 215)
24 (1, 4, 70, 128, 0, 0, 14, 0, 1, 1, 0, 11)
25 (1, 4, 100, 187, 0, 0, 11, 0, 1, 1, 0, 130)
26 (1, 4, 52, 164, 0, 0, 18, 0, 1, 1, 0, 6)
27 (1, 4, 145, 111, 0, 0, 13, 0, 1, 1, 0, 39)
28 (1, 4, 314, 112, 0, 0, 14, 19, 1, 1, 0, 123)
29 (1, 4, 137, 6, 96, 0, 23, 27, 1, 1, 0, 28)
30 (1, 4, 0, 0, 157, 0, 38, 23, 1, 1, 0, 83)
31 (1, 4, 0, 0, 242, 0, 29, 0, 1, 1, 0, 13)
0 (1, 4, 0, 9, 95, 0, 0, 0, 2, 1, 0, 10)
1 (1, 4, 0, 55, 0, 0, 0, 0, 1, 1, 0, 214)
2 (1, 4, 27, 67, 0, 0, 0, 0, 1, 1, 0, 174)
3 (1, 4, 162, 26, 0, 0, 0, 0, 1, 1, 0, 6)
4 (1, 4, 0, 146, 0, 0, 0, 0, 1, 1, 0, 122)
5 (1, 4, 119, 313, 0, 0, 0, 0, 1, 1, 0, 179)
6 (1, 4, 244, 341, 0, 0, 0, 0, 1, 1, 0, 156)
7 (1, 4, 294, 158, 0, 0, 0, 0, 1, 1, 0, 242)
8 (1, 4, 435, 0, 0, 0, 0, 29, 1, 1, 0, 198)
9 (1, 4, 596, 0, 0, 0, 0, 39, 1, 1, 0, 144)
10 (1, 4, 293, 0, 0, 0, 81, 0, 2, 2, 0, 121)
11 (1, 4, 23, 36, 0, 0, 0, 38, 2, 2, 0, 211)
12 (1, 4, 156, 0, 166, 13, 0, 28, 2, 2, 0, 120)
13 (1, 4, 170, 73, 396, 0, 0, 80, 1, 2, 0, 41)
14 (1, 4, 84, 20, 307, 0, 0, 104, 1, 1, 0, 244)
15 (1, 4, 169, 25, 259, 0, 0, 93, 0, 0, 0, 133)
16 (1, 4, 143, 0, 202, 0, 0, 46, 1, 0, 0, 77)
17 (1, 4, 0, 0, 47, 0, 0, 59, 1, 1, 0, 46)
18 (1, 4, 0, 5, 111, 0, 0, 33, 0, 1, 0, 88)
19 (1, 4, 0, 0, 167, 0, 0, 34, 0, 1, 0, 231)
20 (1, 4, 0, 0, 178, 0, 0, 3, 0, 1, 0, 44)
21 (1, 4, 121, 0, 358, 0, 0, 0, 0, 1, 0, 236)
22 (1, 4, 117, 425, 558, 0, 0, 11, 0, 1, 0, 168)
23 (1, 4, 55, 538, 566, 0, 0, 4, 1, 1, 0, 55)
24 (1, 4, 48, 105, 191, 0, 0, 31, 1, 0, 0, 127)
25 (1, 4, 0, 77, 123, 0, 59, 0, 1, 0, 0, 252)
26 (1, 4, 0, 259, 159, 0, 50, 0, 1, 0, 0, 140)
27 (1, 4, 0, 241, 23, 0, 16, 0, 1, 1, 0, 252)
28 (1, 4, 0, 216, 0, 0, 56, 0, 1, 1, 0, 110)
29 (1, 4, 0, 275, 77, 0, 64, 0, 2, 1, 0, 26)
30 (1, 4, 0, 3, 62, 0, 33, 0, 1, 1, 0, 151)
31 (1, 4, 0, 0, 101, 0, 47, 0, 1, 1, 0, 28)
0 (1, 4, 0, 0, 20, 0, 0, 80, 1, 1, 0, 192)
1 (1, 4, 80, 0, 0, 0, 0, 61, 1, 1, 0, 44)
2 (1, 4, 0, 0, 0, 0, 0, 53, 2, 2, 0, 180)
3 (1, 4, 37, 93, 32, 9, 0, 13, 1, 3, 0, 55)
4 (1, 4, 49, 0, 27, 6, 0, 29, 1, 3, 0, 33)
5 (1, 4, 34, 0, 71, 3, 0, 34, 1, 3, 0, 93)
6 (1, 4, 170, 0, 181, 0, 0, 33, 1, 2, 0, 176)
7 (1, 4, 0, 107, 182, 0, 0, 32, 1, 2, 0, 64)
8 (1, 4, 252, 403, 339, 0, 0, 57, 1, 1, 0, 252)
9 (1, 4, 0, 194, 424, 0, 42, 25, 1, 1, 0, 174)
10 (1, 4, 0, 153, 470, 0, 55, 17, 1, 0, 0, 207)
11 (1, 4, 0, 141, 649, 0, 55, 0, 1, 1, 0, 41)
12 (1, 4, 0, 43, 526, 0, 48, 0, 1, 0, 0, 74)
13 (1, 4, 0, 24, 413, 0, 48, 0, 0, 0, 0, 129)
14 (1, 4, 0, 238, 178, 0, 37, 0, 0, 0, 0, 242)
15 (1, 4, 0, 379, 164, 0, 0, 0, 1, 1, 0, 136)
16 (1, 4, 0, 223, 172, 0, 6, 0, 2, 1, 0, 127)
17 (1, 4, 0, 82, 174, 0, 18, 0, 2, 1, 0, 235)
18 (1, 4, 0, 64, 87, 0, 19, 0, 1, 1, 0, 155)
19 (1, 4, 0, 165, 73, 0, 35, 0, 2, 2, 0, 149)
20 (1, 4, 0, 215, 50, 0, 55, 0, 1, 1, 0, 216)
21 (1, 4, 0, 178, 53, 0, 47, 0, 1, 1, 0, 87)
22 (1, 4, 304, 211, 44, 0, 19, 48, 1, 1, 0, 9)
23 (1, 4, 37, 112, 0, 0, 72, 34, 1, 1, 0, 101)
24 (1, 4, 0, 1, 0, 0, 64, 34, 1, 0, 0, 171)
25 (1, 4, 0, 0, 0, 0, 39, 27, 1, 0, 0, 38)
26 (1, 4, 49, 0, 0, 0, 42, 2, 1, 0, 0, 178)
27 (1, 4, 67, 0, 0, 0, 33, 0, 1, 0, 0, 243)
28 (1, 4, 63, 0, 0, 0, 25, 0, 1, 0, 0, 92)
29 (1, 4, 26, 0, 0, 0, 2, 0, 1, 1, 0, 9)
30 (1, 4, 0, 0, 0, 0, 3, 0, 1, 1, 0, 252)
31 (1, 4, 156, 0, 0, 0, 0, 0, 3, 3, 0, 216)
0 (1, 4, 77, 133, 0, 0, 0, 2, 1, 3, 0, 185)
1 (1, 4, 85, 46, 0, 11, 0, 10, 1, 2, 0, 217)
2 (1, 4, 59, 103, 75, 0, 0, 10, 0, 2, 0, 1)
3 (1, 4, 0, 0, 108, 5, 0, 10, 0, 2, 0, 127)
4 (1, 4, 73, 252, 152, 3, 0, 26, 1, 1, 0, 91)
5 (1, 4, 134, 71, 150, 0, 0, 39, 1, 1, 0, 138)
6 (1, 4, 0, 0, 0, 0, 0, 39, 1, 1, 0, 197)
7 (1, 4, 0, 0, 0, 0, 0, 42, 1, 3, 0, 83)
8 (1, 4, 299, 0, 39, 39, 0, 0, 2, 2, 0, 100)
9 (1, 4, 65, 23, 29, 15, 0, 38, 2, 2, 0, 73)
10 (1, 4, 72, 20, 61, 23, 0, 24, 1, 2, 0, 236)
11 (1, 4, 186, 0, 189, 0, 0, 34, 1, 1, 0, 55)
12 (1, 4, 0, 193, 233, 0, 0, 16, 1, 1, 0, 79)
13 (1, 4, 0, 272, 392, 0, 0, 42, 1, 2, 0, 172)
14 (1, 4, 0, 435, 378, 0, 0, 0, 0, 0, 0, 85)
15 (1, 4, 0, 144, 215, 0, 0, 17, 2, 1, 0, 45)
16 (1, 4, 0, 0, 183, 0, 0, 0, 1, 1, 0, 226)
17 (1, 4, 0, 0, 374, 0, 0, 0, 1, 1, 0, 33)
18 (1, 4, 0, 0, 497, 0, 22, 0, 2, 1, 0, 7)
19 (1, 4, 0, 21, 677, 0, 22, 0, 1, 1, 0, 146)
20 (1, 4, 7, 17, 514, 0, 0, 0, 1, 1, 0, 28)
21 (1, 4, 0, 80, 67, 0, 0, 0, 1, 1, 0, 213)
22 (1, 4, 0, 88, 0, 0, 7, 0, 1, 1, 0, 78)
23 (1, 4, 0, 10, 0, 0, 0, 0, 1, 1, 0, 169)
24 (1, 4, 24, 0, 85, 0, 0, 0, 1, 1, 0, 169)
25 (1, 4, 232, 0, 108, 0, 0, 0, 1, 1, 0, 187)
26 (1, 4, 251, 0, 0, 0, 0, 0, 1, 1, 0, 174)
27 (1, 4, 159, 0, 0, 0, 12, 0, 1, 1, 0, 250)
28 (1, 4, 154, 133, 0, 0, 0, 0, 1, 1, 0, 128)
29 (1, 4, 182, 133, 0, 0, 28, 0, 1, 1, 0, 168)
30 (1, 4, 122, 41, 0, 0, 39, 0, 1, 1, 0, 20)
31 (1, 4, 213, 76, 0, 0, 26, 0, 1, 1, 0, 97)
0 (1, 4, 0, 34, 199, 0, 41, 15, 1, 1, 0, 123)
1 (1, 4, 0, 0, 138, 0, 14, 0, 1, 0, 0, 174)
2 (1, 4, 0, 0, 0, 0, 0, 0, 8, 1, 0, 12)
3 (1, 4, 0, 0, 0, 0, 0, 0, 1, 1, 0, 119)
4 (1, 4, 46, 0, 0, 0, 0, 0, 0, 0, 0, 237)
5 (1, 4, 113, 167, 0, 0, 0, 0, 0, 0, 0, 31)
6 (1, 4, 401, 117, 0, 0, 0, 0, 0, 0, 0, 200)
7 (1, 4, 574, 106, 0, 0, 0, 0, 1, 0, 0, 244)
8 (1, 4, 873, 173, 0, 0, 0, 0, 1, 1, 0, 94)
9 (1, 4, 873, 202, 0, 0, 0, 0, 1, 0, 0, 118)
10 (1, 4, 873, 196, 0, 0, 0, 0, 1, 0, 0, 114)
11 (1, 4, 873, 70, 0, 0, 0, 0, 1, 0, 0, 30)
12 (1, 4, 571, 0, 0, 0, 80, 60, 2, 2, 0, 95)
13 (1, 4, 47, 0, 0, 0, 138, 77, 1, 1, 0, 232)
14 (1, 4, 28, 0, 74, 0, 42, 90, 1, 0, 0, 39)
15 (1, 4, 0, 0, 182, 0, 0, 50, 1, 1, 0, 189)
16 (1, 4, 0, 0, 0, 0, 0, 0, 1, 1, 0, 119)
17 (1, 4, 0, 95, 0, 0, 0, 0, 1, 1, 0, 36)
18 (1, 4, 0, 273, 0, 3, 0, 55, 1, 1, 0, 6)
19 (1, 4, 0, 242, 0, 19, 0, 52, 1, 1, 0, 234)
20 (1, 4, 0, 303, 0, 27, 0, 0, 1, 1, 0, 207)
21 (1, 4, 0, 377, 0, 12, 0, 0, 1, 1, 0, 48)
22 (1, 4, 0, 269, 0, 19, 0, 0, 1, 1, 0, 152)
23 (1, 4, 0, 75, 151, 25, 0, 0, 1, 1, 0, 228)
24 (1, 4, 0, 0, 129, 38, 0, 0, 1, 1, 0, 185)
25 (1, 4, 0, 0, 148, 53, 34, 0, 1, 1, 0, 37)
26 (1, 4, 0, 0, 166, 61, 38, 0, 1, 1, 0, 144)
27 (1, 4, 0, 0, 163, 74, 33, 0, 1, 1, 0, 164)
28 (1, 4, 0, 0, 141, 72, 32, 0, 1, 1, 0, 208)
29 (1, 4, 0, 0, 145, 44, 38, 0, 1, 1, 0, 28)
30 (1, 4, 242, 330, 165, 63, 21, 0, 1, 1, 0, 9)
31 (1, 4, 587, 422, 32, 40, 5, 0, 1, 1, 0, 124)
0 (1, 4, 0, 0, 0, 37, 0, 0, 1, 1, 0, 253)
1 (1, 4, 0, 0, 2, 26, 0, 0, 1, 1, 0, 105)
2 (1, 4, 0, 0, 10, 0, 15, 0, 1, 1, 0, 77)
3 (1, 4, 0, 0, 0, 0, 20, 0, 0, 0, 0, 24)
4 (1, 4, 280, 0, 19, 2, 0, 0, 0, 0, 0, 22)
5 (1, 4, 0, 0, 0, 11, 10, 0, 1, 0, 0, 246)
6 (1, 4, 0, 0, 0, 0, 9, 0, 0, 0, 0, 198)
7 (1, 4, 0, 0, 0, 8, 30, 0, 0, 0, 0, 211)
8 (1, 4, 0, 0, 0, 13, 53, 0, 1, 0, 0, 149)
9 (1, 4, 97, 294, 63, 0, 40, 0, 1, 0, 0, 216)
10 (1, 4, 237, 470, 78, 2, 19, 0, 1, 1, 0, 221)
11 (1, 4, 307, 456, 7, 1, 11, 0, 3, 2, 0, 93)
12 (1, 4, 168, 395, 7, 0, 11, 0, 1, 1, 0, 245)
13 (1, 4, 145, 295, 0, 0, 0, 0, 1, 1, 0, 169)
14 (1, 4, 43, 75, 0, 35, 0, 0, 1, 1, 0, 242)
15 (1, 4, 20, 0, 5, 27, 0, 0, 2, 1, 0, 237)
16 (1, 4, 0, 0, 12, 26, 0, 0, 1, 1, 0, 164)
17 (1, 4, 0, 0, 0, 20, 0, 0, 1, 1, 0, 252)
18 (1, 4, 50, 0, 0, 0, 0, 0, 1, 1, 0, 76)
19 (1, 4, 358, 0, 0, 5, 0, 0, 2, 2, 0, 103)
20 (1, 4, 438, 0, 77, 0, 0, 0, 1, 1, 0, 238)
21 (1, 4, 140, 0, 204, 0, 0, 0, 2, 2, 0, 217)
22 (1, 4, 263, 0, 341, 0, 0, 0, 2, 2, 0, 87)
23 (1, 4, 256, 0, 399, 0, 0, 0, 3, 3, 0, 146)
24 (1, 4, 0, 0, 310, 0, 0, 0, 2, 2, 0, 193)
25 (1, 4, 0, 0, 266, 0, 0, 0, 1, 1, 0, 185)
26 (1, 4, 0, 0, 190, 0, 0, 0, 1, 1, 0, 202)
27 (1, 4, 0, 0, 134, 0, 0, 0, 1, 1, 0, 247)
28 (1, 4, 0, 0, 104, 0, 0, 0, 1, 1, 0, 206)
29 (1, 4, 3, 0, 69, 0, 0, 0, 1, 1, 0, 84)
30 (1, 4, 0, 0, 16, 0, 0, 0, 1, 1, 0, 8)
31 (1, 4, 137, 0, 46, 0, 0, 0, 1, 1, 0, 47)
0 (1, 4, 62, 0, 421, 0, 0, 0, 1, 0, 0, 247)
1 (1, 4, 0, 6, 0, 0, 0, 0, 0, 0, 0, 201)
2 (1, 4, 0, 134, 0, 0, 0, 0, 0, 0, 0, 200)
3 (1, 4, 0, 312, 0, 0, 0, 0, 0, 0, 0, 139)
4 (1, 4, 203, 263, 0, 0, 0, 26, 0, 0, 0, 231)
5 (1, 4, 427, 61, 0, 0, 0, 69, 0, 0, 0, 92)
6 (1, 4, 351, 0, 56, 0, 0, 74, 1, 0, 0, 6)
7 (1, 4, 523, 0, 320, 0, 0, 91, 1, 0, 0, 198)
8 (1, 4, 129, 0, 300, 0, 0, 87, 1, 1, 0, 168)
9 (1, 4, 0, 0, 343, 0, 0, 66, 1, 1, 0, 183)
10 (1, 4, 0, 0, 317, 0, 0, 7, 2, 1, 0, 104)
11 (1, 4, 0, 0, 109, 0, 0, 0, 2, 2, 0, 31)
12 (1, 4, 50, 94, 31, 0, 0, 1, 2, 2, 0, 72)
13 (1, 4, 14, 249, 32, 0, 0, 22, 2, 1, 0, 67)
14 (1, 4, 21, 285, 0, 0, 0, 37, 1, 1, 0, 242)
15 (1, 4, 57, 282, 0, 0, 0, 73, 1, 1, 0, 4)
16 (1, 4, 113, 91, 0, 0, 0, 139, 1, 1, 0, 88)
17 (1, 4, 45, 0, 0, 0, 0, 126, 1, 1, 0, 231)
18 (1, 4, 7, 0, 0, 0, 11, 99, 1, 1, 0, 149)
19 (1, 4, 66, 0, 0, 0, 31, 97, 1, 1, 0, 245)
20 (1, 4, 65, 0, 264, 0, 39, 82, 1, 1, 0, 91)
21 (1, 4, 0, 0, 409, 0, 7, 57, 2, 2, 0, 184)
22 (1, 4, 0, 0, 392, 0, 0, 35, 2, 3, 0, 208)
23 (1, 4, 0, 0, 262, 0, 0, 0, 3, 2, 0, 34)
24 (1, 4, 26, 139, 206, 0, 0, 0, 3, 3, 0, 68)
25 (1, 4, 162, 389, 116, 0, 0, 0, 3, 3, 0, 4)
26 (1, 4, 339, 232, 0, 0, 0, 87, 6, 7, 0, 44)
27 (1, 4, 303, 8, 0, 0, 0, 131, 1, 1, 0, 183)
28 (1, 4, 161, 0, 0, 0, 0, 163, 1, 1, 0, 230)
29 (1, 4, 106, 0, 0, 0, 55, 125, 1, 0, 0, 169)
0 (1, 4, 285, 414, 1, 0, 0, 0, 0, 0, 0, 207)
1 (1, 4, 328, 357, 0, 0, 0, 89, 1, 1, 0, 228)
2 (1, 4, 243, 213, 0, 0, 0, 156, 1, 1, 0, 148)
3 (1, 4, 380, 0, 0, 0, 23, 162, 1, 1, 0, 236)
4 (1, 4, 0, 0, 0, 0, 116, 153, 1, 0, 0, 1)
5 (1, 4, 0, 0, 184, 0, 66, 59, 1, 1, 0, 173)
6 (1, 4, 0, 0, 418, 0, 0, 0, 1, 1, 0, 10)
7 (1, 4, 0, 0, 344, 0, 0, 0, 1, 0, 0, 121)
8 (1, 4, 186, 55, 214, 0, 0, 0, 1, 1, 0, 140)
9 (1, 4, 174, 349, 236, 0, 0, 0, 1, 1, 0, 60)
10 (1, 4, 0, 534, 0, 0, 0, 0, 1, 1, 0, 108)
11 (1, 4, 199, 512, 0, 0, 0, 72, 1, 1, 0, 163)
12 (1, 4, 258, 287, 0, 0, 0, 183, 2, 3, 0, 199)
13 (1, 4, 144, 0, 0, 0, 36, 222, 1, 1, 0, 86)
14 (1, 4, 0, 0, 29, 0, 47, 116, 1, 1, 0, 152)
15 (1, 4, 0, 0, 281, 0, 13, 19, 1, 1, 0, 147)
16 (1, 4, 4, 0, 485, 0, 0, 0, 2, 1, 0, 138)
17 (1, 4, 168, 0, 529, 0, 0, 0, 1, 1, 0, 132)
18 (1, 4, 167, 253, 235, 0, 0, 0, 3, 3, 0, 147)
19 (1, 4, 189, 561, 0, 0, 0, 0, 1, 0, 0, 179)
20 (1, 4, 228, 812, 0, 0, 0, 0, 4, 3, 0, 172)
21 (1, 4, 325, 304, 0, 0, 0, 74, 0, 0, 0, 147)
22 (1, 4, 661, 0, 0, 0, 2, 126, 0, 0, 0, 90)
23 (1, 4, 236, 0, 0, 0, 52, 130, 0, 0, 0, 53)
24 (1, 4, 0, 0, 85, 0, 52, 86, 0, 0, 0, 1)
25 (1, 4, 0, 0, 341, 0, 43, 25, 0, 0, 0, 204)
26 (1, 4, 0, 0, 607, 0, 5, 0, 0, 0, 0, 131)
27 (1, 4, 0, 58, 574, 0, 0, 0, 0, 0, 0, 245)
28 (1, 4, 0, 242, 167, 0, 0, 0, 0, 0, 0, 216)
29 (1, 4, 0, 120, 51, 0, 0, 0, 0, 0, 0, 215)
30 (1, 4, 8, 0, 277, 0, 0, 0, 0, 0, 0, 230)
31 (1, 4, 0, 78, 379, 0, 0, 0, 1, 0, 0, 187)
0 (1, 4, 192, 31, 0, 0, 18, 0, 0, 0, 0, 69)
1 (1, 4, 129, 32, 42, 0, 29, 0, 0, 0, 0, 20)
2 (1, 4, 0, 58, 224, 0, 38, 0, 0, 0, 0, 235)
3 (1, 4, 125, 174, 594, 0, 40, 38, 0, 0, 0, 225)
4 (1, 4, 0, 94, 627, 0, 74, 15, 0, 0, 0, 51)
5 (1, 4, 0, 10, 508, 0, 87, 0, 0, 0, 0, 99)
6 (1, 4, 0, 130, 552, 0, 49, 0, 0, 0, 0, 27)
7 (1, 4, 0, 181, 353, 0, 0, 0, 0, 0, 0, 127)
8 (1, 4, 0, 161, 87, 0, 25, 0, 0, 0, 0, 84)
9 (1, 4, 0, 109, 38, 0, 1, 0, 0, 0, 0, 21)
10 (1, 4, 0, 79, 52, 0, 0, 0, 0, 0, 0, 147)
11 (1, 4, 0, 47, 0, 0, 0, 0, 0, 0, 0, 13)
12 (1, 4, 71, 0, 0, 0, 0, 0, 0, 0, 0, 221)
13 (1, 4, 212, 0, 0, 0, 0, 0, 0, 0, 0, 58)
14 (1, 4, 219, 0, 0, 0, 22, 0, 0, 0, 0, 244)
15 (1, 4, 281, 36, 0, 0, 46, 0, 1, 0, 0, 69)
16 (1, 4, 340, 52, 0, 0, 48, 0, 0, 0, 0, 220)
17 (1, 4, 236, 0, 0, 0, 50, 0, 0, 0, 0, 23)
18 (1, 4, 156, 0, 0, 0, 51, 4, 1, 1, 0, 188)
19 (1, 4, 0, 0, 0, 0, 38, 17, 1, 0, 0, 12)
20 (1, 4, 0, 0, 0, 0, 18, 22, 1, 1, 0, 31)
21 (1, 4, 0, 0, 0, 0, 22, 12, 1, 1, 0, 124)
22 (1, 4, 0, 0, 160, 0, 26, 4, 1, 1, 0, 187)
23 (1, 4, 0, 0, 336, 0, 24, 0, 1, 1, 0, 234)
24 (1, 4, 0, 0, 415, 0, 29, 0, 1, 1, 0, 35)
25 (1, 4, 0, 0, 572, 0, 45, 0, 2, 1, 0, 94)
26 (1, 4, 0, 0, 667, 0, 49, 0, 1, 1, 0, 181)
27 (1, 4, 0, 19, 604, 0, 8, 0, 1, 1, 0, 211)
28 (1, 4, 0, 160, 320, 0, 0, 0, 1, 1, 0, 18)
29 (1, 4, 0, 97, 48, 0, 23, 0, 1, 1, 0, 239)
30 (1, 4, 0, 0, 67, 0, 26, 0, 1, 1, 0, 129)
31 (1, 4, 0, 0, 100, 0, 20, 0, 1, 1, 0, 74)
0 (1, 4, 119, 181, 69, 0, 25, 12, 1, 1, 0, 173)
1 (1, 4, 173, 7, 0, 0, 9, 19, 1, 1, 0, 236)
2 (1, 4, 191, 0, 0, 0, 5, 2, 1, 1, 0, 60)
3 (1, 4, 122, 0, 0, 0, 0, 0, 1, 1, 0, 181)
4 (1, 4, 24, 0, 0, 0, 0, 0, 1, 1, 0, 231)
5 (1, 4, 0, 12, 0, 0, 0, 0, 1, 1, 0, 30)
6 (1, 4, 91, 0, 0, 0, 0, 0, 1, 1, 0, 124)
7 (1, 4, 249, 4, 0, 0, 0, 0, 1, 1, 0, 104)
8 (1, 4, 335, 220, 0, 0, 0, 0, 1, 1, 0, 44)
9 (1, 4, 298, 363, 0, 0, 0, 0, 1, 1, 0, 17)
10 (1, 4, 326, 404, 0, 0, 0, 0, 1, 1, 0, 135)
11 (1, 4, 337, 431, 0, 0, 0, 0, 2, 2, 0, 158)
12 (1, 4, 269, 518, 0, 0, 0, 0, 1, 1, 0, 73)
13 (1, 4, 209, 472, 0, 0, 0, 0, 1, 1, 0, 176)
14 (1, 4, 354, 479, 41, 0, 0, 0, 1, 1, 0, 70)
15 (1, 4, 326, 476, 44, 0, 0, 0, 1, 1, 0, 171)
16 (1, 4, 199, 416, 182, 0, 0, 0, 1, 1, 0, 230)
17 (1, 4, 94, 232, 193, 0, 0, 17, 1, 1, 0, 43)
18 (1, 4, 0, 0, 40, 0, 0, 0, 2, 2, 0, 46)
19 (1, 4, 0, 23, 0, 0, 0, 0, 1, 1, 0, 20)
20 (1, 4, 0, 0, 0, 0, 0, 0, 1, 1, 0, 119)
21 (1, 4, 0, 0, 0, 0, 0, 0, 1, 1, 0, 119)
22 (1, 4, 0, 0, 0, 0, 0, 0, 1, 1, 0, 119)
23 (1, 4, 0, 0, 0, 0, 0, 0, 0, 1, 0, 21)
24 (1, 4, 0, 0, 1, 0, 0, 0, 0, 0, 0, 234)
25 (1, 4, 0, 0, 115, 0, 0, 0, 1, 1, 0, 182)
26 (1, 4, 0, 0, 118, 0, 0, 0, 1, 1, 0, 124)
27 (1, 4, 0, 0, 230, 0, 0, 0, 1, 1, 0, 242)
28 (1, 4, 84, 0, 232, 0, 0, 0, 1, 1, 0, 110)
29 (1, 4, 0, 85, 0, 0, 0, 0, 1, 1, 0, 250)
30 (1, 4, 0, 0, 0, 0, 0, 28, 1, 1, 0, 59)
31 (1, 4, 1, 0, 0, 0, 0, 5, 1, 1, 0, 211)
0 (1, 4, 9, 3, 37, 0, 47, 2, 0, 0, 0, 241)
1 (1, 4, 0, 0, 62, 0, 75, 0, 0, 0, 0, 98)
2 (1, 4, 0, 0, 52, 0, 70, 0, 0, 0, 0, 170)
3 (1, 4, 11, 8, 224, 0, 24, 0, 0, 0, 0, 31)
4 (1, 4, 155, 76, 147, 0, 0, 32, 0, 0, 0, 151)
5 (1, 4, 111, 0, 0, 0, 0, 38, 0, 0, 0, 7)
6 (1, 4, 0, 0, 0, 0, 0, 19, 0, 1, 0, 160)
7 (1, 4, 0, 0, 0, 0, 0, 0, 0, 1, 0, 21)
8 (1, 4, 0, 94, 0, 0, 0, 4, 0, 1, 0, 134)
9 (1, 4, 102, 206, 0, 0, 0, 0, 0, 1, 0, 249)
10 (1, 4, 119, 361, 0, 0, 0, 0, 1, 1, 0, 81)
11 (1, 4, 194, 537, 0, 0, 0, 0, 0, 1, 0, 63)
12 (1, 4, 218, 471, 0, 0, 18, 0, 0, 0, 0, 29)
13 (1, 4, 0, 487, 0, 0, 0, 0, 0, 0, 0, 217)
14 (1, 4, 0, 437, 0, 0, 0, 0, 0, 0, 0, 86)
15 (1, 4, 0, 438, 0, 0, 0, 0, 0, 0, 0, 142)
16 (1, 4, 81, 0, 0, 0, 0, 29, 0, 0, 0, 138)
17 (1, 4, 0, 0, 0, 0, 0, 22, 1, 1, 0, 104)
18 (1, 4, 50, 0, 115, 0, 0, 0, 0, 0, 0, 132)
19 (1, 4, 130, 0, 155, 0, 0, 0, 0, 0, 0, 254)
20 (1, 4, 0, 0, 176, 0, 0, 0, 1, 1, 0, 7)
21 (1, 4, 0, 0, 201, 0, 0, 0, 1, 1, 0, 85)
22 (1, 4, 0, 0, 383, 0, 0, 0, 1, 1, 0, 9)
23 (1, 4, 0, 0, 522, 0, 6, 0, 1, 1, 0, 79)
24 (1, 4, 0, 0, 342, 0, 0, 0, 1, 1, 0, 223)
25 (1, 4, 0, 0, 242, 0, 0, 0, 1, 1, 0, 211)
26 (1, 4, 0, 0, 206, 0, 0, 0, 1, 1, 0, 176)
27 (1, 4, 62, 42, 143, 0, 0, 0, 1, 1, 0, 176)
28 (1, 4, 90, 129, 0, 0, 0, 0, 1, 1, 0, 198)
29 (1, 4, 71, 224, 0, 0, 0, 0, 1, 1, 0, 148)
30 (1, 4, 183, 118, 0, 0, 0, 0, 1, 1, 0, 248)
31 (1, 4, 245, 68, 0, 0, 0, 0, 1, 1, 0, 163)
0 (1, 4, 0, 135, 0, 0, 0, 0, 1, 1, 0, 116)
1 (1, 4, 66, 142, 0, 0, 0, 0, 2, 3, 0, 151)
2 (1, 4, 47, 183, 0, 0, 0, 0, 2, 1, 0, 236)
3 (1, 4, 64, 158, 0, 0, 0, 0, 1, 1, 0, 154)
4 (1, 4, 101, 126, 0, 0, 0, 0, 1, 1, 0, 43)
5 (1, 4, 47, 85, 0, 0, 0, 0, 1, 1, 0, 103)
6 (1, 4, 92, 123, 0, 0, 0, 0, 1, 1, 0, 29)
7 (1, 4, 346, 0, 0, 0, 0, 13, 1, 1, 0, 48)
8 (1, 4, 419, 0, 0, 22, 2, 18, 1, 1, 0, 152)
9 (1, 4, 415, 0, 124, 5, 24, 20, 1, 1, 0, 195)
10 (1, 4, 229, 0, 465, 0, 36, 29, 1, 1, 0, 219)
11 (1, 4, 0, 99, 710, 0, 24, 36, 1, 1, 0, 191)
12 (1, 4, 0, 107, 873, 0, 27, 23, 1, 0, 0, 243)
13 (1, 4, 152, 142, 873, 0, 33, 2, 1, 0, 0, 155)
14 (1, 4, 216, 63, 817, 0, 61, 4, 1, 0, 0, 86)
15 (1, 4, 107, 0, 507, 0, 87, 0, 16, 10, 0, 193)
16 (1, 4, 105, 166, 434, 0, 100, 0, 3, 2, 0, 188)
17 (1, 4, 0, 433, 356, 0, 66, 0, 10, 9, 0, 133)
18 (1, 4, 0, 534, 222, 0, 5, 0, 1, 1, 0, 78)
19 (1, 4, 0, 389, 80, 0, 0, 0, 3, 3, 0, 106)
20 (1, 4, 17, 80, 0, 0, 0, 9, 1, 1, 0, 78)
21 (1, 4, 103, 0, 0, 0, 0, 0, 1, 1, 0, 19)
22 (1, 4, 233, 0, 0, 0, 29, 0, 1, 1, 0, 140)
23 (1, 4, 256, 0, 0, 0, 46, 0, 1, 1, 0, 168)
24 (1, 4, 177, 61, 0, 0, 52, 0, 1, 1, 0, 95)
25 (1, 4, 251, 148, 0, 0, 38, 0, 1, 0, 0, 99)
26 (1, 4, 211, 187, 0, 0, 31, 0, 1, 0, 0, 151)
27 (1, 4, 109, 299, 0, 0, 5, 0, 0, 0, 0, 160)
28 (1, 4, 31, 423, 0, 0, 0, 0, 0, 0, 0, 224)
0 (1, 4, 0, 0, 780, 0, 32, 0, 1, 1, 0, 127)
1 (1, 4, 0, 0, 778, 0, 29, 0, 1, 1, 0, 221)
2 (1, 4, 0, 0, 647, 0, 0, 0, 1, 1, 0, 217)
3 (1, 4, 0, 0, 350, 0, 0, 0, 1, 1, 0, 99)
4 (1, 4, 0, 2, 97, 0, 0, 0, 1, 1, 0, 139)
5 (1, 4, 0, 9, 94, 0, 0, 0, 1, 1, 0, 56)
6 (1, 4, 86, 0, 137, 0, 0, 0, 1, 1, 0, 227)
7 (1, 4, 260, 0, 0, 0, 0, 0, 3, 2, 0, 52)
8 (1, 4, 295, 0, 0, 0, 47, 0, 2, 1, 0, 154)
9 (1, 4, 329, 0, 0, 0, 122, 0, 2, 1, 0, 133)
10 (1, 4, 183, 0, 0, 0, 111, 0, 2, 2, 0, 202)
11 (1, 4, 105, 0, 26, 0, 71, 1, 2, 2, 0, 29)
12 (1, 4, 246, 0, 67, 0, 46, 0, 2, 2, 0, 110)
13 (1, 4, 142, 0, 0, 0, 38, 0, 0, 0, 0, 35)
14 (1, 4, 133, 0, 0, 0, 49, 0, 0, 0, 0, 172)
15 (1, 4, 147, 41, 0, 0, 69, 0, 0, 0, 0, 221)
16 (1, 4, 0, 102, 17, 0, 86, 0, 1, 1, 0, 228)
17 (1, 4, 149, 0, 146, 0, 76, 0, 2, 2, 0, 54)
18 (1, 4, 0, 0, 44, 0, 90, 0, 2, 2, 0, 220)
19 (1, 4, 0, 193, 0, 0, 39, 0, 4, 2, 0, 117)
20 (1, 4, 0, 251, 0, 0, 7, 35, 2, 2, 0, 137)
21 (1, 4, 88, 0, 0, 0, 41, 0, 0, 1, 0, 185)
22 (1, 4, 38, 0, 0, 0, 53, 0, 0, 1, 0, 228)
23 (1, 4, 121, 0, 0, 0, 1, 0, 0, 1, 0, 188)
24 (1, 4, 295, 0, 0, 0, 0, 0, 0, 1, 0, 250)
25 (1, 4, 448, 0, 13, 0, 0, 0, 0, 1, 0, 253)
26 (1, 4, 621, 0, 65, 0, 0, 0, 1, 1, 0, 20)
27 (1, 4, 670, 0, 0, 0, 0, 0, 1, 1, 0, 210)
28 (1, 4, 289, 0, 0, 0, 0, 0, 1, 1, 0, 188)
29 (1, 4, 360, 0, 0, 0, 0, 0, 1, 1, 0, 75)
30 (1, 4, 250, 91, 0, 0, 0, 0, 0, 1, 0, 75)
31 (1, 4, 298, 140, 0, 0, 0, 0, 0, 1, 0, 212)
0 (1, 4, 0, 0, 460, 0, 0, 23, 0, 1, 0, 96)
1 (1, 4, 0, 0, 494, 0, 0, 2, 0, 1, 0, 200)
2 (1, 4, 0, 0, 468, 0, 0, 0, 0, 0, 0, 8)
3 (1, 4, 0, 0, 87, 0, 0, 0, 0, 1, 0, 116)
4 (1, 4, 0, 0, 0, 0, 0, 0, 0, 1, 0, 21)
5 (1, 4, 231, 0, 66, 0, 46, 0, 0, 1, 0, 109)
6 (1, 4, 0, 0, 330, 0, 0, 0, 0, 1, 0, 32)
7 (1, 4, 0, 0, 294, 0, 0, 0, 0, 1, 0, 199)
8 (1, 4, 0, 0, 205, 0, 0, 0, 0, 1, 0, 105)
9 (1, 4, 0, 0, 0, 0, 0, 0, 0, 1, 0, 21)
10 (1, 4, 15, 205, 0, 0, 0, 0, 0, 1, 0, 17)
11 (1, 4, 133, 192, 0, 0, 0, 0, 0, 1, 0, 180)
12 (1, 4, 30, 178, 0, 0, 0, 0, 0, 1, 0, 110)
13 (1, 4, 129, 521, 0, 0, 0, 0, 1, 1, 0, 167)
14 (1, 4, 304, 602, 0, 0, 0, 0, 1, 1, 0, 163)
15 (1, 4, 380, 544, 0, 0, 0, 0, 1, 1, 0, 156)
16 (1, 4, 245, 364, 0, 0, 0, 0, 1, 1, 0, 55)
17 (1, 4, 171, 188, 0, 0, 0, 0, 1, 1, 0, 12)
18 (1, 4, 106, 61, 0, 0, 13, 13, 1, 1, 0, 49)
19 (1, 4, 0, 0, 100, 0, 18, 0, 1, 1, 0, 91)
20 (1, 4, 0, 0, 366, 0, 0, 0, 1, 1, 0, 226)
21 (1, 4, 43, 0, 440, 0, 0, 0, 1, 1, 0, 67)
22 (1, 4, 0, 0, 360, 0, 0, 0, 1, 1, 0, 147)
23 (1, 4, 0, 0, 362, 0, 0, 0, 1, 1, 0, 188)
24 (1, 4, 0, 0, 285, 0, 0, 0, 1, 1, 0, 35)
25 (1, 4, 0, 0, 240, 0, 0, 0, 1, 1, 0, 252)
26 (1, 4, 0, 0, 0, 0, 0, 0, 1, 1, 0, 119)
27 (1, 4, 0, 31, 0, 0, 0, 0, 2, 2, 0, 188)
28 (1, 4, 0, 138, 0, 0, 0, 0, 1, 1, 0, 168)
29 (1, 4, 42, 70, 0, 0, 0, 0, 1, 1, 0, 232)
30 (1, 4, 213, 181, 0, 0, 0, 0, 1, 1, 0, 240)
31 (1, 4, 38, 187, 0, 0, 0, 0, 1, 1, 0, 93)
0 (1, 4, 328, 0, 0, 0, 3, 28, 0, 1, 0, 41)
1 (1, 4, 125, 0, 0, 0, 18, 17, 0, 1, 0, 134)
2 (1, 4, 0, 0, 0, 0, 27, 13, 0, 1, 0, 154)
3 (1, 4, 0, 0, 0, 0, 98, 0, 1, 1, 0, 146)
4 (1, 4, 0, 46, 282, 0, 106, 0, 0, 1, 0, 70)
5 (1, 4, 0, 22, 323, 0, 38, 0, 0, 1, 0, 194)
6 (1, 4, 0, 72, 504, 0, 0, 0, 0, 1, 0, 79)
7 (1, 4, 108, 120, 545, 0, 0, 2, 0, 1, 0, 233)
8 (1, 4, 34, 341, 608, 0, 5, 16, 0, 1, 0, 80)
9 (1, 4, 15, 259, 548, 0, 0, 17, 1, 1, 0, 6)
10 (1, 4, 0, 217, 475, 0, 0, 0, 0, 1, 0, 223)
11 (1, 4, 0, 228, 200, 0, 0, 0, 0, 1, 0, 57)
12 (1, 4, 0, 215, 53, 0, 0, 0, 1, 1, 0, 221)
13 (1, 4, 0, 74, 0, 0, 0, 10, 0, 1, 0, 27)
14 (1, 4, 62, 0, 0, 0, 0, 5, 0, 1, 0, 204)
15 (1, 4, 163, 0, 0, 0, 0, 1, 1, 1, 0, 104)
16 (1, 4, 290, 0, 0, 0, 0, 8, 0, 1, 0, 38)
17 (1, 4, 0, 0, 0, 0, 22, 0, 0, 1, 0, 129)
18 (1, 4, 148, 0, 0, 0, 8, 0, 0, 1, 0, 25)
19 (1, 4, 0, 254, 0, 0, 0, 0, 0, 1, 0, 48)
20 (1, 4, 167, 306, 0, 0, 0, 0, 0, 1, 0, 198)
21 (1, 4, 133, 429, 0, 0, 0, 0, 0, 1, 0, 204)
22 (1, 4, 72, 446, 0, 0, 0, 17, 0, 1, 0, 163)
23 (1, 4, 89, 107, 0, 0, 0, 4, 0, 1, 0, 93)
24 (1, 4, 36, 139, 0, 31, 0, 0, 0, 1, 0, 210)
25 (1, 4, 494, 197, 0, 60, 0, 0, 1, 1, 0, 13)
26 (1, 4, 507, 228, 41, 60, 22, 0, 1, 1, 0, 238)
27 (1, 4, 185, 299, 82, 30, 7, 48, 1, 1, 0, 139)
28 (1, 4, 49, 309, 97, 0, 0, 37, 1, 0, 0, 134)
29 (1, 4, 111, 327, 83, 0, 0, 62, 1, 1, 0, 108)
30 (1, 4, 180, 0, 36, 0, 0, 144, 1, 1, 0, 132)
31 (1, 4, 86, 0, 0, 0, 0, 133, 0, 0, 0, 19)
0 (1, 4, 39, 162, 94, 56, 0, 92, 1, 1, 0, 146)
1 (1, 4, 23, 82, 53, 29, 0, 104, 1, 1, 0, 27)
2 (1, 4, 0, 92, 0, 8, 0, 86, 1, 1, 0, 94)
3 (1, 4, 61, 0, 0, 19, 0, 73, 0, 0, 0, 185)
4 (1, 4, 53, 70, 0, 26, 0, 45, 0, 0, 0, 139)
5 (1, 4, 242, 106, 0, 5, 0, 62, 0, 0, 0, 113)
6 (1, 4, 584, 0, 0, 16, 0, 24, 0, 0, 0, 77)
7 (1, 4, 433, 16, 0, 10, 31, 0, 1, 0, 0, 169)
8 (1, 4, 298, 131, 0, 1, 69, 17, 1, 1, 0, 148)
9 (1, 4, 0, 241, 0, 0, 232, 100, 1, 1, 0, 144)
10 (1, 4, 0, 319, 81, 0, 133, 193, 4, 3, 0, 21)
11 (1, 4, 0, 0, 17, 0, 120, 67, 1, 2, 0, 81)
12 (1, 4, 0, 0, 245, 0, 84, 4, 1, 2, 0, 130)
13 (1, 4, 0, 0, 174, 6, 56, 0, 1, 1, 0, 190)
14 (1, 4, 0, 0, 375, 0, 34, 0, 1, 1, 0, 74)
15 (1, 4, 0, 0, 873, 0, 0, 0, 1, 1, 0, 189)
16 (1, 4, 817, 0, 873, 0, 0, 0, 1, 1, 0, 146)
17 (1, 4, 224, 522, 691, 0, 35, 0, 1, 1, 0, 200)
18 (1, 4, 0, 676, 195, 0, 104, 2, 1, 1, 0, 125)
19 (1, 4, 61, 0, 340, 0, 2, 41, 1, 1, 0, 247)
20 (1, 4, 0, 0, 0, 0, 18, 27, 1, 0, 0, 52)
21 (1, 4, 0, 82, 0, 0, 0, 35, 1, 0, 0, 84)
22 (1, 4, 0, 690, 0, 0, 0, 0, 4, 4, 0, 88)
23 (1, 4, 0, 873, 0, 0, 0, 0, 1, 1, 0, 24)
24 (1, 4, 0, 144, 0, 0, 0, 0, 2, 1, 0, 177)
25 (1, 4, 377, 461, 125, 0, 44, 0, 3, 3, 0, 47)
26 (1, 4, 458, 669, 213, 0, 0, 0, 3, 2, 0, 50)
27 (1, 4, 547, 613, 125, 0, 0, 0, 1, 1, 0, 73)
28 (1, 4, 449, 446, 0, 0, 0, 0, 1, 1, 0, 164)
29 (1, 4, 1, 513, 0, 0, 0, 0, 1, 1, 0, 1)
30 (1, 4, 0, 715, 0, 0, 19, 0, 1, 1, 0, 93)
31 (1, 4, 30, 771, 105, 0, 58, 41, 0, 0, 0, 56)
0 (1, 4, 0, 0, 762, 0, 0, 0, 0, 2, 0, 10)
1 (1, 4, 385, 0, 873, 0, 0, 0, 0, 1, 0, 198)
2 (1, 4, 367, 0, 530, 0, 0, 20, 2, 0, 0, 224)
3 (1, 4, 238, 33, 0, 0, 0, 61, 1, 0, 0, 86)
4 (1, 4, 24, 51, 0, 0, 36, 107, 1, 0, 0, 113)
5 (1, 4, 108, 0, 39, 0, 45, 122, 1, 0, 0, 51)
6 (1, 4, 0, 0, 150, 0, 37, 50, 2, 1, 0, 114)
7 (1, 4, 0, 0, 250, 0, 15, 52, 2, 1, 0, 103)
8 (1, 4, 0, 0, 348, 0, 0, 38, 2, 1, 0, 135)
9 (1, 4, 0, 0, 498, 0, 0, 13, 1, 1, 0, 206)
10 (1, 4, 0, 188, 591, 0, 0, 0, 2, 1, 0, 2)
11 (1, 4, 0, 436, 234, 0, 0, 0, 0, 0, 0, 132)
12 (1, 4, 374, 0, 0, 0, 0, 0, 1, 1, 0, 255)
13 (1, 4, 293, 237, 0, 0, 0, 0, 1, 1, 0, 24)
14 (1, 4, 432, 378, 0, 0, 0, 0, 1, 1, 0, 92)
15 (1, 4, 403, 335, 0, 0, 0, 0, 1, 1, 0, 69)
16 (1, 4, 419, 122, 0, 0, 0, 0, 1, 1, 0, 75)
17 (1, 4, 873, 82, 0, 0, 0, 3, 1, 1, 0, 168)
18 (1, 4, 0, 182, 0, 0, 11, 73, 1, 0, 0, 51)
19 (1, 4, 66, 131, 137, 0, 0, 93, 1, 0, 0, 95)
20 (1, 4, 86, 0, 174, 0, 33, 77, 1, 0, 0, 226)
21 (1, 4, 0, 0, 452, 0, 57, 93, 1, 1, 0, 152)
22 (1, 4, 0, 0, 180, 0, 0, 0, 4, 0, 0, 223)
23 (1, 4, 873, 329, 0, 0, 0, 6, 1, 1, 0, 237)
24 (1, 4, 873, 153, 0, 0, 22, 90, 1, 1, 0, 118)
25 (1, 4, 101, 0, 0, 22, 147, 146, 1, 1, 0, 96)
26 (1, 4, 0, 0, 414, 0, 98, 121, 3, 2, 0, 247)
27 (1, 4, 0, 0, 532, 0, 0, 27, 3, 2, 0, 202)
28 (1, 4, 0, 136, 151, 0, 0, 0, 1, 1, 0, 174)
29 (1, 4, 532, 161, 0, 0, 0, 0, 1, 1, 0, 221)
30 (1, 4, 324, 25, 0, 7, 9, 183, 1, 0, 0, 198)
31 (1, 4, 0, 0, 20, 28, 74, 175, 0, 0, 0, 215)
0 (1, 4, 0, 0, 180, 0, 32, 181, 1, 1, 0, 6)
1 (1, 4, 0, 0, 244, 0, 0, 20, 5, 5, 0, 32)
2 (1, 4, 0, 0, 0, 0, 0, 0, 4, 4, 0, 90)
3 (1, 4, 650, 224, 0, 0, 0, 0, 6, 14, 0, 36)
4 (1, 4, 661, 293, 0, 0, 8, 111, 2, 1, 0, 130)
5 (1, 4, 87, 0, 221, 0, 119, 150, 1, 1, 0, 88)
6 (1, 4, 0, 0, 80, 0, 7, 49, 3, 3, 0, 36)
7 (1, 4, 0, 0, 99, 0, 0, 0, 2, 2, 0, 210)
8 (1, 4, 0, 135, 86, 0, 0, 0, 3, 2, 0, 248)
9 (1, 4, 0, 142, 45, 0, 0, 67, 0, 0, 0, 208)
10 (1, 4, 0, 104, 105, 0, 0, 23, 0, 0, 0, 97)
11 (1, 4, 0, 0, 61, 0, 0, 19, 1, 0, 0, 94)
12 (1, 4, 0, 0, 0, 0, 0, 0, 0, 1, 0, 21)
13 (1, 4, 0, 0, 0, 0, 0, 22, 0, 1, 0, 10)
14 (1, 4, 0, 0, 33, 0, 0, 0, 0, 1, 0, 127)
15 (1, 4, 0, 0, 56, 0, 0, 0, 1, 1, 0, 74)
16 (1, 4, 0, 36, 0, 0, 0, 0, 1, 1, 0, 111)
17 (1, 4, 193, 96, 0, 0, 0, 0, 0, 1, 0, 198)
18 (1, 4, 70, 156, 0, 0, 0, 24, 1, 1, 0, 234)
19 (1, 4, 0, 0, 0, 0, 0, 4, 1, 1, 0, 2)
20 (1, 4, 0, 0, 0, 0, 0, 0, 1, 1, 0, 119)
21 (1, 4, 0, 71, 0, 0, 0, 0, 1, 1, 0, 246)
22 (1, 4, 5, 109, 0, 0, 0, 0, 1, 1, 0, 220)
23 (1, 4, 0, 146, 21, 0, 0, 0, 1, 1, 0, 207)
24 (1, 4, 319, 86, 39, 0, 0, 0, 1, 1, 0, 70)
25 (1, 4, 535, 0, 68, 0, 0, 5, 1, 1, 0, 182)
26 (1, 4, 494, 0, 153, 0, 0, 48, 1, 1, 0, 174)
27 (1, 4, 232, 0, 151, 0, 0, 44, 1, 1, 0, 9)
28 (1, 4, 103, 0, 0, 0, 0, 46, 2, 1, 0, 50)
29 (1, 4, 74, 0, 0, 0, 0, 102, 1, 1, 0, 186)
30 (1, 4, 34, 0, 0, 0, 0, 92, 0, 1, 0, 199)
31 (1, 4, 0, 0, 0, 0, 0, 75, 3, 2, 0, 199)
0 (1, 4, 343, 110, 0, 0, 0, 0, 1, 1, 0, 115)
1 (1, 4, 501, 30, 0, 0, 0, 0, 1, 1, 0, 157)
2 (1, 4, 458, 120, 0, 0, 1, 0, 1, 1, 0, 111)
3 (1, 4, 469, 181, 0, 0, 0, 0, 1, 1, 0, 242)
4 (1, 4, 560, 126, 0, 0, 0, 0, 2, 1, 0, 214)
5 (1, 4, 580, 132, 0, 0, 0, 0, 1, 1, 0, 25)
6 (1, 4, 429, 93, 0, 0, 0, 0, 1, 1, 0, 223)
7 (1, 4, 393, 118, 0, 0, 0, 0, 1, 1, 0, 137)
8 (1, 4, 368, 281, 0, 0, 0, 0, 1, 1, 0, 89)
9 (1, 4, 487, 254, 0, 0, 0, 0, 1, 1, 0, 33)
10 (1, 4, 434, 262, 0, 0, 0, 0, 1, 1, 0, 9)
11 (1, 4, 320, 278, 0, 0, 0, 0, 1, 1, 0, 207)
12 (1, 4, 348, 394, 0, 0, 0, 4, 2, 2, 0, 0)
13 (1, 4, 499, 394, 0, 0, 0, 0, 1, 1, 0, 230)
14 (1, 4, 314, 336, 0, 0, 7, 0, 1, 1, 0, 81)
15 (1, 4, 234, 349, 0, 0, 0, 26, 0, 0, 0, 18)
16 (1, 4, 98, 246, 0, 0, 0, 32, 1, 0, 0, 121)
17 (1, 4, 0, 70, 0, 0, 0, 37, 1, 1, 0, 72)
18 (1, 4, 0, 0, 0, 0, 0, 17, 1, 1, 0, 123)
19 (1, 4, 0, 0, 0, 0, 0, 5, 1, 1, 0, 221)
20 (1, 4, 0, 0, 0, 0, 0, 0, 1, 1, 0, 119)
21 (1, 4, 0, 0, 0, 0, 0, 0, 1, 1, 0, 119)
22 (1, 4, 0, 0, 0, 0, 0, 0, 1, 1, 0, 119)
23 (1, 4, 0, 0, 0, 0, 0, 0, 1, 1, 0, 119)
24 (1, 4, 0, 0, 0, 0, 0, 0, 1, 1, 0, 119)
25 (1, 4, 0, 0, 0, 0, 0, 0, 1, 1, 0, 119)
26 (1, 4, 0, 0, 0, 0, 0, 0, 1, 1, 0, 119)
27 (1, 4, 0, 0, 0, 0, 0, 0, 1, 1, 0, 119)
28 (1, 4, 0, 0, 0, 0, 0, 0, 1, 1, 0, 119)
29 (1, 4, 80, 0, 0, 0, 0, 0, 1, 1, 0, 30)
30 (1, 4, 143, 0, 0, 11, 0, 0, 1, 1, 0, 225)
31 (1, 4, 0, 0, 0, 15, 0, 0, 1, 1, 0, 210)
0 (1, 4, 45, 56, 29, 23, 0, 0, 1, 3, 0, 147)
1 (1, 4, 20, 0, 58, 15, 0, 0, 1, 2, 0, 165)
2 (1, 4, 20, 103, 47, 15, 0, 0, 1, 2, 0, 83)
3 (1, 4, 33, 87, 0, 16, 0, 0, 1, 1, 0, 169)
4 (1, 4, 0, 80, 0, 42, 0, 0, 1, 1, 0, 186)
5 (1, 4, 11, 161, 0, 37, 0, 0, 1, 1, 0, 233)
6 (1, 4, 295, 309, 0, 0, 0, 0, 1, 1, 0, 177)
7 (1, 4, 224, 173, 0, 19, 0, 0, 5, 7, 0, 23)
8 (1, 4, 79, 211, 12, 33, 0, 0, 7, 8, 0, 250)
9 (1, 4, 73, 242, 51, 33, 0, 5, 4, 5, 0, 236)
10 (1, 4, 57, 0, 5, 29, 0, 31, 5, 7, 0, 80)
11 (1, 4, 154, 0, 0, 50, 0, 32, 5, 7, 0, 157)
12 (1, 4, 30, 0, 0, 44, 0, 73, 5, 8, 0, 107)
13 (1, 4, 167, 0, 0, 24, 0, 137, 5, 9, 0, 225)
14 (1, 4, 8, 0, 9, 68, 0, 0, 3, 5, 0, 233)
15 (1, 4, 189, 0, 71, 115, 0, 0, 1, 2, 0, 74)
16 (1, 4, 0, 512, 0, 58, 0, 0, 2, 3, 0, 18)
17 (1, 4, 45, 528, 1, 0, 0, 75, 3, 4, 0, 3)
18 (1, 4, 104, 126, 0, 0, 0, 188, 3, 6, 0, 216)
19 (1, 4, 0, 0, 0, 2, 0, 106, 2, 20, 0, 58)
20 (1, 4, 29, 0, 41, 4, 0, 39, 1, 2, 0, 116)
21 (1, 4, 42, 0, 99, 20, 0, 41, 2, 3, 0, 13)
22 (1, 4, 0, 0, 0, 89, 0, 0, 2, 3, 0, 194)
23 (1, 4, 128, 0, 168, 135, 0, 0, 0, 1, 0, 67)
24 (1, 4, 62, 115, 0, 89, 0, 0, 2, 3, 0, 73)
25 (1, 4, 92, 438, 0, 27, 0, 0, 2, 3, 0, 248)
26 (1, 4, 169, 363, 0, 0, 0, 143, 2, 3, 0, 23)
27 (1, 4, 0, 0, 0, 0, 0, 187, 1, 2, 0, 190)
28 (1, 4, 0, 0, 15, 5, 0, 96, 1, 2, 0, 20)
29 (1, 4, 0, 0, 14, 68, 0, 0, 2, 3, 0, 99)
30 (1, 4, 0, 0, 9, 116, 0, 0, 1, 2, 0, 85)
31 (1, 4, 0, 140, 0, 120, 0, 0, 1, 2, 0, 145)
0 (1, 4, 26, 0, 0, 0, 0, 0, 1, 1, 0, 251)
1 (1, 4, 0, 53, 0, 0, 0, 0, 0, 1, 0, 217)
2 (1, 4, 0, 151, 0, 0, 0, 0, 0, 1, 0, 119)
3 (1, 4, 143, 160, 0, 0, 0, 0, 0, 1, 0, 153)
4 (1, 4, 302, 159, 0, 0, 0, 0, 1, 1, 0, 55)
5 (1, 4, 343, 171, 0, 0, 0, 0, 0, 1, 0, 252)
6 (1, 4, 276, 184, 0, 0, 0, 0, 0, 1, 0, 222)
7 (1, 4, 226, 271, 0, 0, 0, 0, 1, 1, 0, 100)
8 (1, 4, 244, 324, 0, 0, 0, 0, 0, 1, 0, 42)
9 (1, 4, 233, 0, 35, 0, 0, 54, 1, 1, 0, 169)
10 (1, 4, 135, 0, 54, 0, 0, 0, 1, 1, 0, 184)
11 (1, 4, 0, 1, 0, 0, 0, 18, 1, 1, 0, 168)
12 (1, 4, 0, 0, 0, 0, 11, 22, 0, 1, 0, 64)
13 (1, 4, 0, 0, 0, 0, 21, 0, 1, 1, 0, 104)
14 (1, 4, 0, 0, 145, 0, 7, 0, 0, 1, 0, 103)
15 (1, 4, 0, 0, 262, 0, 2, 0, 0, 1, 0, 203)
16 (1, 4, 0, 0, 383, 0, 0, 0, 0, 1, 0, 107)
17 (1, 4, 0, 0, 375, 0, 0, 0, 0, 1, 0, 215)
18 (1, 4, 379, 0, 443, 0, 0, 0, 0, 1, 0, 241)
19 (1, 4, 252, 98, 352, 0, 28, 0, 0, 1, 0, 53)
20 (1, 4, 0, 370, 199, 0, 30, 0, 0, 1, 0, 7)
21 (1, 4, 0, 480, 27, 0, 10, 0, 0, 1, 0, 251)
22 (1, 4, 0, 315, 0, 0, 6, 0, 0, 1, 0, 41)
23 (1, 4, 0, 129, 3, 0, 4, 0, 0, 1, 0, 249)
24 (1, 4, 0, 231, 125, 0, 25, 0, 1, 1, 0, 4)
25 (1, 4, 35, 346, 163, 0, 15, 0, 1, 1, 0, 102)
26 (1, 4, 132, 273, 69, 0, 9, 20, 1, 1, 0, 68)
27 (1, 4, 0, 0, 0, 0, 21, 109, 1, 1, 0, 204)
28 (1, 4, 221, 0, 0, 0, 32, 11, 1, 1, 0, 204)
29 (1, 4, 0, 0, 0, 0, 24, 0, 2, 2, 0, 40)
0 (1, 4, 219, 0, 0, 0, 0, 41, 1, 0, 0, 150)
1 (1, 4, 6, 0, 0, 0, 9, 19, 0, 0, 0, 87)
2 (1, 4, 0, 0, 0, 0, 48, 0, 0, 0, 0, 246)
3 (1, 4, 339, 25, 192, 0, 76, 0, 1, 0, 0, 48)
4 (1, 4, 667, 339, 363, 0, 89, 0, 1, 1, 0, 67)
5 (1, 4, 0, 458, 29, 0, 0, 205, 1, 1, 0, 72)
6 (1, 4, 389, 0, 0, 0, 0, 76, 3, 5, 0, 227)
7 (1, 4, 0, 0, 0, 0, 4, 0, 1, 1, 0, 148)
8 (1, 4, 0, 0, 0, 0, 50, 0, 1, 1, 0, 13)
9 (1, 4, 0, 0, 0, 0, 79, 0, 2, 2, 0, 223)
10 (1, 4, 0, 104, 0, 0, 60, 0, 14, 13, 0, 229)
11 (1, 4, 127, 92, 71, 0, 51, 0, 8, 8, 0, 84)
12 (1, 4, 157, 175, 243, 0, 29, 0, 7, 6, 0, 5)
13 (1, 4, 158, 209, 211, 0, 0, 0, 1, 1, 0, 78)
14 (1, 4, 126, 256, 99, 0, 0, 190, 20, 8, 0, 237)
15 (1, 4, 0, 0, 0, 0, 0, 44, 3, 3, 0, 91)
16 (1, 4, 0, 0, 0, 0, 0, 46, 14, 10, 0, 44)
17 (1, 4, 0, 0, 0, 0, 0, 0, 1, 1, 0, 119)
18 (1, 4, 31, 0, 0, 0, 24, 0, 1, 1, 0, 137)
19 (1, 4, 69, 0, 0, 0, 47, 0, 1, 1, 0, 108)
20 (1, 4, 213, 54, 130, 0, 48, 0, 1, 1, 0, 127)
21 (1, 4, 249, 191, 336, 0, 32, 0, 1, 1, 0, 117)
22 (1, 4, 39, 318, 235, 0, 0, 1, 1, 1, 0, 244)
23 (1, 4, 0, 330, 87, 0, 0, 93, 1, 1, 0, 120)
24 (1, 4, 0, 0, 0, 0, 0, 11, 1, 1, 0, 251)
25 (1, 4, 0, 0, 0, 0, 0, 25, 1, 1, 0, 145)
26 (1, 4, 0, 0, 0, 0, 0, 0, 1, 1, 0, 119)
27 (1, 4, 0, 67, 0, 0, 0, 0, 2, 2, 0, 55)
28 (1, 4, 265, 194, 0, 0, 0, 0, 2, 2, 0, 255)
29 (1, 4, 330, 247, 0, 0, 55, 0, 2, 2, 0, 72)
30 (1, 4, 7, 156, 0, 0, 63, 0, 1, 1, 0, 117)
31 (1, 4, 41, 115, 167, 0, 0, 93, 2, 2, 0, 17)
0 (1, 4, 198, 173, 0, 0, 0, 0, 1, 1, 0, 208)
1 (1, 4, 261, 205, 0, 0, 19, 0, 1, 1, 0, 19)
2 (1, 4, 176, 93, 0, 0, 23, 15, 1, 1, 0, 111)
3 (1, 4, 58, 0, 131, 0, 1, 12, 1, 1, 0, 144)
4 (1, 4, 0, 0, 299, 0, 6, 11, 1, 1, 0, 78)
5 (1, 4, 0, 0, 644, 0, 0, 0, 1, 1, 0, 98)
6 (1, 4, 0, 0, 721, 0, 0, 0, 1, 1, 0, 44)
7 (1, 4, 0, 0, 451, 0, 0, 0, 1, 1, 0, 155)
8 (1, 4, 0, 76, 0, 0, 0, 0, 1, 1, 0, 157)
9 (1, 4, 253, 0, 85, 0, 0, 0, 3, 3, 0, 214)
10 (1, 4, 0, 56, 0, 0, 0, 0, 1, 1, 0, 103)
11 (1, 4, 0, 537, 0, 0, 0, 0, 1, 1, 0, 221)
12 (1, 4, 380, 282, 0, 0, 0, 0, 1, 1, 0, 201)
13 (1, 4, 377, 351, 0, 0, 0, 0, 1, 1, 0, 19)
14 (1, 4, 90, 182, 0, 0, 21, 0, 0, 0, 0, 113)
15 (1, 4, 0, 56, 0, 0, 28, 14, 0, 0, 0, 239)
16 (1, 4, 149, 0, 0, 0, 31, 26, 1, 1, 0, 24)
17 (1, 4, 338, 0, 308, 0, 69, 40, 1, 1, 0, 73)
18 (1, 4, 118, 0, 805, 0, 46, 31, 1, 1, 0, 217)
19 (1, 4, 0, 0, 873, 0, 0, 0, 1, 1, 0, 189)
20 (1, 4, 0, 162, 620, 0, 0, 0, 1, 1, 0, 132)
21 (1, 4, 560, 231, 593, 0, 0, 51, 1, 1, 0, 168)
22 (1, 4, 68, 21, 199, 0, 0, 60, 1, 1, 0, 202)
23 (1, 4, 0, 14, 0, 0, 0, 38, 1, 1, 0, 30)
24 (1, 4, 0, 0, 0, 0, 0, 17, 1, 1, 0, 123)
25 (1, 4, 77, 0, 0, 0, 0, 0, 1, 1, 0, 184)
26 (1, 4, 191, 49, 0, 0, 0, 0, 1, 1, 0, 9)
27 (1, 4, 357, 566, 0, 0, 0, 0, 1, 1, 0, 212)
28 (1, 4, 421, 546, 0, 0, 0, 0, 1, 1, 0, 243)
29 (1, 4, 285, 468, 0, 0, 0, 0, 1, 1, 0, 15)
30 (1, 4, 155, 418, 0, 0, 0, 0, 0, 1, 0, 201)
31 (1, 4, 197, 461, 0, 0, 0, 0, 0, 1, 0, 4)
0 (1, 4, 0, 0, 158, 0, 0, 61, 1, 1, 0, 6)
1 (1, 4, 0, 0, 325, 0, 0, 26, 1, 1, 0, 155)
2 (1, 4, 0, 0, 362, 0, 0, 6, 0, 0, 0, 121)
3 (1, 4, 4, 0, 203, 13, 0, 0, 0, 0, 0, 208)
4 (1, 4, 0, 131, 141, 20, 0, 0, 1, 1, 0, 162)
5 (1, 4, 146, 446, 0, 0, 0, 0, 1, 1, 0, 221)
6 (1, 4, 198, 386, 0, 0, 0, 0, 0, 1, 0, 36)
7 (1, 4, 451, 435, 0, 0, 0, 0, 2, 2, 0, 127)
8 (1, 4, 418, 230, 0, 0, 0, 0, 2, 2, 0, 87)
9 (1, 4, 194, 224, 0, 0, 0, 0, 1, 1, 0, 183)
10 (1, 4, 136, 263, 0, 0, 0, 0, 1, 1, 0, 245)
11 (1, 4, 134, 233, 0, 0, 0, 0, 1, 1, 0, 0)
12 (1, 4, 116, 221, 94, 0, 0, 0, 1, 1, 0, 151)
13 (1, 4, 1, 195, 121, 0, 0, 0, 1, 1, 0, 113)
14 (1, 4, 0, 239, 220, 0, 0, 0, 1, 1, 0, 17)
15 (1, 4, 0, 225, 406, 0, 0, 26, 2, 2, 0, 187)
16 (1, 4, 0, 0, 230, 0, 0, 35, 2, 2, 0, 46)
17 (1, 4, 0, 0, 76, 0, 0, 30, 1, 1, 0, 155)
18 (1, 4, 0, 0, 0, 0, 0, 18, 1, 1, 0, 29)
19 (1, 4, 0, 0, 0, 2, 0, 0, 1, 1, 0, 73)
20 (1, 4, 0, 0, 0, 0, 0, 0, 2, 2, 0, 108)
21 (1, 4, 14, 100, 0, 0, 0, 0, 1, 1, 0, 184)
22 (1, 4, 114, 104, 0, 0, 0, 0, 1, 2, 0, 138)
23 (1, 4, 193, 13, 0, 0, 0, 0, 1, 1, 0, 57)
24 (1, 4, 289, 0, 0, 0, 0, 0, 1, 1, 0, 188)
25 (1, 4, 248, 0, 0, 0, 0, 0, 1, 1, 0, 188)
26 (1, 4, 155, 34, 0, 0, 0, 0, 1, 1, 0, 79)
27 (1, 4, 144, 105, 75, 3, 0, 21, 1, 1, 0, 97)
28 (1, 4, 39, 45, 194, 0, 0, 22, 1, 1, 0, 190)
29 (1, 4, 0, 0, 314, 0, 0, 15, 1, 1, 0, 193)
30 (1, 4, 0, 0, 481, 0, 0, 0, 1, 1, 0, 74)
31 (1, 4, 0, 0, 799, 0, 0, 11, 1, 1, 0, 58)
0 (1, 4, 0, 0, 0, 0, 0, 0, 1, 2, 0, 202)
1 (1, 4, 0, 0, 0, 0, 0, 0, 1, 1, 0, 119)
2 (1, 4, 0, 30, 0, 0, 0, 0, 1, 1, 0, 18)
3 (1, 4, 0, 234, 0, 0, 0, 0, 1, 1, 0, 233)
4 (1, 4, 0, 513, 0, 0, 0, 0, 1, 1, 0, 15)
5 (1, 4, 0, 403, 0, 0, 0, 0, 1, 1, 0, 42)
6 (1, 4, 262, 384, 0, 0, 0, 0, 1, 2, 0, 8)
7 (1, 4, 416, 361, 0, 0, 0, 0, 1, 1, 0, 5)
8 (1, 4, 437, 294, 0, 0, 0, 0, 1, 2, 0, 92)
9 (1, 4, 402, 180, 0, 0, 0, 0, 1, 1, 0, 228)
10 (1, 4, 391, 84, 0, 0, 0, 17, 1, 2, 0, 195)
11 (1, 4, 114, 0, 134, 0, 35, 14, 1, 1, 0, 229)
12 (1, 4, 0, 0, 214, 0, 31, 2, 0, 0, 0, 239)
13 (1, 4, 0, 0, 400, 0, 25, 18, 0, 0, 0, 250)
14 (1, 4, 0, 0, 644, 0, 0, 39, 0, 0, 0, 217)
15 (1, 4, 0, 0, 820, 0, 0, 8, 0, 0, 0, 172)
16 (1, 4, 0, 33, 621, 0, 0, 29, 0, 0, 0, 83)
17 (1, 4, 294, 0, 519, 0, 0, 50, 0, 0, 0, 11)
18 (1, 4, 0, 0, 383, 0, 0, 0, 0, 0, 0, 0)
19 (1, 4, 0, 2, 237, 0, 0, 0, 0, 0, 0, 145)
20 (1, 4, 35, 0, 31, 0, 0, 0, 0, 0, 0, 141)
21 (1, 4, 146, 0, 0, 0, 0, 0, 0, 0, 0, 151)
22 (1, 4, 412, 0, 0, 0, 0, 0, 0, 0, 0, 193)
23 (1, 4, 749, 0, 0, 0, 10, 0, 0, 1, 0, 63)
24 (1, 4, 316, 0, 0, 0, 65, 0, 0, 1, 0, 27)
25 (1, 4, 370, 79, 0, 0, 48, 0, 1, 1, 0, 125)
26 (1, 4, 482, 136, 0, 0, 47, 0, 0, 1, 0, 70)
27 (1, 4, 465, 280, 0, 0, 52, 0, 1, 2, 0, 230)
28 (1, 4, 236, 193, 0, 0, 47, 0, 0, 1, 0, 149)
29 (1, 4, 89, 326, 0, 0, 56, 0, 1, 1, 0, 248)
30 (1, 4, 20, 251, 0, 0, 26, 32, 0, 0, 0, 251)
31 (1, 4, 218, 127, 99, 0, 27, 55, 0, 0, 0, 239)
0 (1, 4, 0, 0, 271, 0, 0, 59, 0, 1, 0, 239)
1 (1, 4, 0, 0, 96, 0, 0, 49, 1, 1, 0, 223)
2 (1, 4, 37, 0, 0, 0, 0, 28, 0, 1, 0, 168)
3 (1, 4, 0, 18, 0, 0, 0, 27, 0, 0, 0, 45)
4 (1, 4, 0, 0, 0, 0, 0, 12, 1, 0, 0, 131)
5 (1, 4, 0, 48, 0, 0, 0, 0, 1, 0, 0, 191)
6 (1, 4, 160, 34, 0, 0, 0, 0, 0, 1, 0, 104)
7 (1, 4, 282, 41, 0, 0, 0, 0, 0, 1, 0, 95)
8 (1, 4, 194, 77, 0, 0, 0, 0, 1, 1, 0, 168)
9 (1, 4, 246, 88, 0, 0, 0, 0, 0, 1, 0, 219)
10 (1, 4, 418, 0, 0, 0, 0, 0, 0, 1, 0, 217)
11 (1, 4, 780, 73, 0, 0, 0, 0, 0, 1, 0, 222)
12 (1, 4, 587, 118, 0, 0, 3, 0, 0, 0, 0, 141)
13 (1, 4, 391, 99, 0, 0, 13, 0, 0, 0, 0, 129)
14 (1, 4, 189, 152, 0, 0, 55, 6, 0, 0, 0, 245)
15 (1, 4, 0, 173, 0, 0, 108, 42, 0, 0, 0, 166)
16 (1, 4, 0, 160, 90, 0, 96, 55, 0, 0, 0, 220)
17 (1, 4, 0, 69, 365, 0, 55, 46, 0, 0, 0, 219)
18 (1, 4, 0, 0, 491, 0, 38, 0, 0, 0, 0, 204)
19 (1, 4, 0, 0, 650, 0, 9, 0, 1, 1, 0, 23)
20 (1, 4, 0, 0, 561, 0, 0, 0, 0, 1, 0, 186)
21 (1, 4, 0, 66, 660, 0, 49, 0, 1, 1, 0, 2)
22 (1, 4, 0, 147, 611, 0, 31, 0, 1, 1, 0, 231)
23 (1, 4, 0, 134, 476, 0, 9, 0, 0, 1, 0, 209)
24 (1, 4, 0, 180, 287, 0, 0, 0, 1, 1, 0, 116)
25 (1, 4, 0, 230, 116, 0, 0, 0, 1, 1, 0, 164)
26 (1, 4, 0, 271, 9, 0, 0, 0, 0, 1, 0, 105)
27 (1, 4, 0, 325, 0, 0, 11, 0, 0, 0, 0, 61)
28 (1, 4, 53, 353, 61, 0, 43, 0, 1, 0, 0, 172)
29 (1, 4, 369, 433, 152, 0, 0, 68, 0, 0, 0, 44)
30 (1, 4, 12, 239, 0, 0, 28, 122, 0, 0, 0, 4)
31 (1, 4, 0, 0, 0, 0, 0, 125, 0, 0, 0, 9)
0 (1, 4, 77, 108, 0, 0, 0, 0, 1, 1, 0, 144)
1 (1, 4, 0, 500, 0, 0, 0, 0, 1, 1, 0, 105)
2 (1, 4, 0, 609, 0, 0, 0, 0, 0, 1, 0, 44)
3 (1, 4, 259, 517, 0, 0, 0, 0, 1, 1, 0, 197)
4 (1, 4, 404, 512, 59, 0, 16, 0, 1, 1, 0, 118)
5 (1, 4, 452, 438, 165, 0, 26, 0, 1, 1, 0, 82)
6 (1, 4, 491, 359, 206, 0, 34, 0, 1, 1, 0, 210)
7 (1, 4, 333, 415, 288, 0, 23, 0, 1, 1, 0, 192)
8 (1, 4, 873, 507, 382, 0, 0, 0, 3, 3, 0, 22)
9 (1, 4, 873, 324, 5, 0, 0, 0, 1, 1, 0, 55)
10 (1, 4, 873, 0, 0, 0, 0, 0, 2, 1, 0, 231)
11 (1, 4, 827, 0, 0, 0, 25, 0, 2, 2, 0, 18)
12 (1, 4, 483, 0, 0, 0, 31, 0, 2, 1, 0, 182)
13 (1, 4, 181, 0, 0, 0, 32, 0, 1, 1, 0, 126)
14 (1, 4, 0, 0, 0, 0, 91, 0, 1, 1, 0, 162)
15 (1, 4, 0, 0, 0, 0, 68, 0, 2, 2, 0, 149)
16 (1, 4, 0, 0, 0, 0, 41, 8, 1, 1, 0, 40)
17 (1, 4, 201, 0, 153, 0, 41, 0, 1, 1, 0, 134)
18 (1, 4, 83, 54, 421, 0, 50, 0, 1, 1, 0, 250)
19 (1, 4, 0, 1, 559, 0, 60, 0, 3, 3, 0, 103)
20 (1, 4, 0, 0, 720, 0, 36, 0, 2, 2, 0, 77)
21 (1, 4, 0, 0, 660, 0, 16, 0, 1, 1, 0, 152)
22 (1, 4, 0, 0, 383, 0, 26, 0, 1, 1, 0, 191)
23 (1, 4, 0, 0, 227, 0, 39, 0, 1, 1, 0, 93)
24 (1, 4, 0, 0, 130, 0, 27, 0, 1, 1, 0, 102)
25 (1, 4, 0, 0, 99, 0, 36, 0, 0, 1, 0, 69)
26 (1, 4, 0, 0, 139, 0, 31, 0, 3, 3, 0, 191)
27 (1, 4, 0, 0, 101, 0, 31, 0, 2, 1, 0, 50)
28 (1, 4, 0, 100, 217, 0, 20, 0, 0, 1, 0, 181)
29 (1, 4, 18, 253, 238, 0, 11, 0, 0, 1, 0, 103)
30 (1, 4, 0, 177, 100, 0, 9, 17, 1, 1, 0, 143)
31 (1, 4, 0, 18, 199, 0, 13, 34, 1, 1, 0, 215)
0 (1, 4, 737, 236, 150, 0, 40, 0, 0, 1, 0, 94)
1 (1, 4, 601, 229, 51, 0, 72, 0, 1, 2, 0, 23)
2 (1, 4, 138, 188, 0, 0, 184, 0, 0, 0, 0, 177)
3 (1, 4, 0, 351, 0, 0, 126, 30, 0, 0, 0, 127)
4 (1, 4, 0, 177, 0, 0, 103, 43, 0, 0, 0, 59)
5 (1, 4, 0, 0, 56, 0, 38, 28, 1, 1, 0, 26)
6 (1, 4, 0, 0, 0, 0, 9, 0, 1, 1, 0, 207)
7 (1, 4, 0, 0, 0, 0, 6, 0, 0, 0, 0, 111)
8 (1, 4, 150, 0, 0, 0, 7, 0, 0, 0, 0, 199)
9 (1, 4, 5, 0, 0, 0, 0, 0, 0, 0, 0, 72)
10 (1, 4, 17, 0, 0, 0, 0, 0, 0, 0, 0, 144)
11 (1, 4, 118, 0, 0, 0, 0, 0, 0, 0, 0, 244)
12 (1, 4, 302, 0, 0, 0, 0, 0, 0, 0, 0, 239)
13 (1, 4, 231, 47, 0, 0, 17, 0, 0, 0, 0, 128)
14 (1, 4, 253, 43, 0, 0, 22, 0, 0, 0, 0, 190)
15 (1, 4, 336, 30, 0, 0, 25, 0, 0, 0, 0, 77)
16 (1, 4, 255, 86, 0, 0, 29, 0, 0, 0, 0, 20)
17 (1, 4, 242, 264, 0, 0, 31, 0, 0, 0, 0, 163)
18 (1, 4, 448, 251, 0, 0, 46, 0, 0, 0, 0, 119)
19 (1, 4, 573, 195, 3, 0, 103, 0, 1, 1, 0, 140)
20 (1, 4, 292, 290, 65, 0, 156, 0, 1, 1, 0, 60)
21 (1, 4, 443, 427, 316, 0, 123, 0, 2, 1, 0, 40)
22 (1, 4, 873, 575, 463, 0, 84, 0, 0, 1, 0, 142)
23 (1, 4, 873, 473, 280, 0, 72, 0, 1, 1, 0, 4)
24 (1, 4, 873, 312, 0, 0, 115, 0, 1, 1, 0, 173)
25 (1, 4, 469, 427, 0, 0, 78, 0, 1, 0, 0, 211)
26 (1, 4, 512, 395, 9, 0, 52, 0, 0, 0, 0, 182)
27 (1, 4, 455, 285, 96, 0, 40, 0, 0, 0, 0, 91)
28 (1, 4, 255, 250, 78, 0, 43, 4, 1, 1, 0, 109)
29 (1, 4, 85, 134, 134, 0, 36, 32, 1, 1, 0, 81)
30 (1, 4, 0, 0, 235, 0, 40, 24, 0, 0, 0, 120)
31 (1, 4, 0, 0, 474, 0, 39, 4, 2, 2, 0, 199)
0 (1, 4, 0, 40, 7, 0, 54, 0, 0, 0, 0, 115)
1 (1, 4, 0, 195, 138, 0, 59, 0, 0, 0, 0, 132)
2 (1, 4, 0, 124, 94, 0, 33, 0, 0, 0, 0, 10)
3 (1, 4, 0, 69, 75, 0, 27, 0, 0, 0, 0, 161)
4 (1, 4, 0, 139, 106, 0, 27, 0, 0, 0, 0, 77)
5 (1, 4, 69, 146, 31, 0, 41, 0, 0, 0, 0, 95)
6 (1, 4, 163, 147, 17, 0, 12, 22, 1, 0, 0, 178)
7 (1, 4, 12, 0, 0, 0, 15, 0, 0, 0, 0, 159)
8 (1, 4, 0, 147, 0, 0, 22, 0, 0, 0, 0, 82)
9 (1, 4, 32, 77, 0, 0, 0, 39, 1, 0, 0, 54)
10 (1, 4, 0, 0, 0, 0, 0, 23, 0, 0, 0, 190)
11 (1, 4, 0, 0, 0, 0, 0, 8, 0, 0, 0, 148)
12 (1, 4, 70, 0, 0, 0, 0, 0, 0, 0, 0, 211)
13 (1, 4, 372, 0, 0, 0, 0, 0, 0, 0, 0, 234)
14 (1, 4, 269, 0, 0, 0, 28, 0, 0, 0, 0, 157)
15 (1, 4, 28, 53, 0, 0, 38, 0, 0, 0, 0, 6)
16 (1, 4, 385, 0, 0, 0, 10, 0, 0, 0, 0, 84)
17 (1, 4, 806, 255, 181, 0, 10, 0, 0, 0, 0, 130)
18 (1, 4, 365, 272, 0, 0, 0, 0, 0, 0, 0, 240)
19 (1, 4, 239, 295, 0, 0, 0, 0, 0, 0, 0, 90)
20 (1, 4, 304, 245, 0, 0, 8, 0, 0, 0, 0, 212)
21 (1, 4, 276, 112, 0, 0, 26, 29, 0, 0, 0, 161)
22 (1, 4, 106, 0, 0, 0, 34, 47, 1, 0, 0, 153)
23 (1, 4, 0, 0, 0, 0, 55, 32, 0, 0, 0, 63)
24 (1, 4, 0, 0, 0, 0, 45, 27, 0, 0, 0, 119)
25 (1, 4, 0, 0, 62, 0, 51, 0, 0, 0, 0, 49)
26 (1, 4, 0, 0, 95, 0, 50, 0, 0, 0, 0, 217)
27 (1, 4, 0, 0, 335, 0, 33, 0, 0, 0, 0, 245)
28 (1, 4, 74, 0, 509, 0, 13, 0, 0, 0, 0, 96)
29 (1, 4, 46, 0, 461, 0, 60, 0, 0, 0, 0, 102)
30 (1, 4, 0, 375, 416, 0, 81, 0, 0, 0, 0, 13)
31 (1, 4, 0, 456, 440, 0, 53, 0, 0, 0, 0, 41)
0 (1, 4, 103, 256, 98, 0, 0, 36, 0, 0, 0, 1)
1 (1, 4, 53, 0, 0, 0, 0, 20, 0, 0, 0, 201)
2 (1, 4, 0, 0, 0, 0, 5, 1, 0, 0, 0, 59)
3 (1, 4, 0, 0, 0, 0, 11, 0, 0, 0, 0, 52)
4 (1, 4, 0, 0, 0, 0, 18, 0, 0, 0, 0, 9)
5 (1, 4, 46, 0, 0, 0, 9, 0, 0, 0, 0, 85)
6 (1, 4, 72, 0, 0, 0, 22, 0, 0, 0, 0, 19)
7 (1, 4, 95, 58, 0, 0, 17, 0, 0, 0, 0, 204)
8 (1, 4, 191, 111, 0, 0, 37, 0, 0, 0, 0, 113)
9 (1, 4, 466, 138, 0, 0, 32, 0, 0, 0, 0, 206)
10 (1, 4, 873, 57, 32, 0, 28, 0, 0, 0, 0, 180)
11 (1, 4, 860, 97, 40, 0, 64, 0, 0, 0, 0, 245)
12 (1, 4, 505, 165, 101, 0, 69, 0, 0, 0, 0, 90)
13 (1, 4, 491, 171, 197, 0, 29, 0, 0, 0, 0, 243)
14 (1, 4, 554, 81, 138, 0, 17, 0, 0, 0, 0, 24)
15 (1, 4, 577, 16, 29, 0, 30, 0, 0, 0, 0, 192)
16 (1, 4, 776, 26, 0, 0, 31, 0, 0, 0, 0, 155)
17 (1, 4, 873, 0, 0, 0, 65, 0, 0, 0, 0, 43)
18 (1, 4, 658, 163, 0, 0, 64, 0, 0, 0, 0, 146)
19 (1, 4, 324, 281, 0, 0, 30, 0, 0, 0, 0, 26)
20 (1, 4, 297, 184, 0, 0, 0, 0, 0, 0, 0, 212)
21 (1, 4, 265, 63, 0, 0, 0, 0, 0, 0, 0, 16)
22 (1, 4, 135, 48, 0, 0, 6, 0, 0, 0, 0, 243)
23 (1, 4, 21, 0, 7, 0, 18, 5, 0, 0, 0, 144)
24 (1, 4, 0, 0, 170, 0, 42, 19, 0, 0, 0, 105)
25 (1, 4, 0, 142, 481, 0, 119, 0, 0, 0, 0, 188)
26 (1, 4, 0, 241, 691, 0, 18, 0, 0, 0, 0, 236)
27 (1, 4, 0, 0, 233, 0, 48, 0, 0, 0, 0, 42)
28 (1, 4, 0, 0, 116, 0, 29, 0, 0, 0, 0, 132)
29 (1, 4, 176, 0, 405, 0, 0, 0, 0, 0, 0, 85)
30 (1, 4, 210, 293, 359, 0, 6, 0, 1, 0, 0, 152)
31 (1, 4, 0, 585, 432, 0, 0, 0, 0, 0, 0, 27)
0 (1, 4, 0, 0, 0, 0, 0, 0, 0, 0, 0, 126)
1 (1, 4, 131, 0, 0, 0, 21, 0, 0, 0, 0, 102)
2 (1, 4, 319, 0, 0, 0, 18, 0, 0, 0, 0, 118)
3 (1, 4, 353, 0, 0, 0, 0, 0, 0, 0, 0, 60)
4 (1, 4, 873, 72, 0, 0, 2, 0, 5, 7, 0, 113)
5 (1, 4, 873, 348, 0, 0, 0, 0, 2, 1, 0, 137)
6 (1, 4, 873, 437, 0, 0, 33, 0, 1, 1, 0, 29)
7 (1, 4, 873, 431, 0, 0, 86, 0, 1, 1, 0, 88)
8 (1, 4, 873, 333, 0, 0, 125, 0, 1, 1, 0, 50)
9 (1, 4, 621, 449, 0, 0, 101, 0, 1, 1, 0, 36)
10 (1, 4, 419, 520, 0, 0, 67, 0, 1, 1, 0, 90)
11 (1, 4, 417, 563, 0, 0, 15, 19, 1, 1, 0, 3)
12 (1, 4, 334, 137, 0, 0, 36, 83, 0, 0, 0, 184)
13 (1, 4, 224, 177, 0, 0, 64, 80, 1, 1, 0, 183)
14 (1, 4, 0, 232, 0, 0, 23, 106, 0, 0, 0, 215)
15 (1, 4, 0, 3, 91, 0, 37, 105, 1, 1, 0, 106)
16 (1, 4, 0, 0, 355, 0, 125, 30, 1, 0, 0, 195)
17 (1, 4, 0, 0, 328, 0, 174, 0, 2, 2, 0, 159)
18 (1, 4, 0, 8, 734, 0, 124, 0, 1, 0, 0, 29)
19 (1, 4, 0, 268, 490, 0, 175, 0, 1, 1, 0, 81)
20 (1, 4, 0, 0, 528, 0, 64, 0, 0, 0, 0, 161)
21 (1, 4, 0, 200, 229, 0, 62, 0, 0, 0, 0, 41)
22 (1, 4, 0, 294, 0, 0, 106, 0, 1, 0, 0, 168)
23 (1, 4, 0, 0, 0, 0, 85, 0, 0, 0, 0, 123)
24 (1, 4, 0, 0, 0, 0, 142, 0, 0, 0, 0, 154)
25 (1, 4, 0, 0, 529, 0, 105, 0, 1, 0, 0, 226)
26 (1, 4, 0, 0, 596, 0, 17, 0, 0, 0, 0, 226)
27 (1, 4, 0, 0, 236, 0, 0, 0, 0, 0, 0, 104)
28 (1, 4, 136, 187, 310, 0, 0, 0, 0, 0, 0, 127)
29 (1, 4, 302, 354, 79, 0, 0, 0, 0, 0, 0, 132)
30 (1, 4, 873, 201, 0, 0, 0, 0, 0, 0, 0, 204)
31 (1, 4, 873, 38, 4, 0, 39, 0, 1, 1, 0, 15)
0 (1, 4, 873, 0, 205, 0, 0, 0, 0, 0, 0, 52)
1 (1, 4, 714, 0, 0, 0, 0, 0, 0, 0, 0, 138)
2 (1, 4, 592, 272, 0, 0, 193, 0, 0, 0, 0, 192)
3 (1, 4, 807, 408, 0, 0, 171, 0, 0, 0, 0, 208)
4 (1, 4, 873, 85, 0, 0, 177, 0, 0, 0, 0, 0)
5 (1, 4, 587, 274, 0, 0, 138, 0, 0, 0, 0, 127)
6 (1, 4, 321, 300, 0, 0, 104, 0, 0, 0, 0, 99)
7 (1, 4, 0, 320, 0, 0, 79, 43, 0, 1, 0, 237)
8 (1, 4, 0, 224, 0, 0, 0, 138, 0, 1, 0, 140)
9 (1, 4, 0, 0, 0, 0, 0, 56, 0, 0, 0, 230)
10 (1, 4, 0, 0, 0, 0, 9, 0, 0, 0, 0, 198)
11 (1, 4, 0, 0, 17, 0, 0, 0, 0, 0, 0, 149)
12 (1, 4, 0, 0, 21, 0, 0, 0, 0, 0, 0, 203)
13 (1, 4, 0, 0, 0, 0, 12, 0, 0, 0, 0, 92)
14 (1, 4, 0, 0, 99, 0, 26, 0, 0, 0, 0, 118)
15 (1, 4, 0, 0, 42, 0, 76, 0, 0, 0, 0, 43)
16 (1, 4, 0, 0, 46, 0, 105, 0, 1, 1, 0, 235)
17 (1, 4, 0, 0, 0, 0, 154, 0, 2, 1, 0, 83)
18 (1, 4, 0, 0, 0, 0, 156, 0, 1, 1, 0, 228)
19 (1, 4, 0, 0, 95, 0, 141, 0, 1, 1, 0, 197)
20 (1, 4, 0, 0, 331, 0, 75, 0, 1, 1, 0, 134)
21 (1, 4, 0, 0, 423, 0, 0, 0, 1, 1, 0, 192)
22 (1, 4, 0, 18, 397, 0, 0, 0, 1, 1, 0, 161)
23 (1, 4, 0, 96, 155, 0, 0, 0, 1, 1, 0, 191)
24 (1, 4, 0, 234, 61, 0, 0, 0, 1, 0, 0, 117)
25 (1, 4, 0, 273, 85, 0, 0, 0, 0, 0, 0, 1)
26 (1, 4, 0, 260, 53, 0, 0, 0, 0, 0, 0, 10)
27 (1, 4, 14, 155, 0, 0, 0, 0, 1, 0, 0, 67)
28 (1, 4, 66, 186, 0, 0, 0, 0, 0, 0, 0, 151)
29 (1, 4, 180, 99, 0, 0, 0, 0, 0, 0, 0, 237)
30 (1, 4, 368, 25, 0, 0, 0, 0, 1, 0, 0, 215)
31 (1, 4, 426, 0, 0, 0, 0, 0, 1, 0, 0, 160)
0 (1, 4, 588, 189, 0, 0, 26, 0, 0, 0, 0, 115)
1 (1, 4, 635, 249, 0, 0, 32, 0, 0, 0, 0, 156)
2 (1, 4, 694, 216, 0, 0, 20, 0, 0, 0, 0, 90)
3 (1, 4, 505, 243, 0, 0, 29, 0, 0, 0, 0, 158)
4 (1, 4, 188, 330, 0, 0, 18, 0, 0, 0, 0, 203)
5 (1, 4, 412, 322, 0, 0, 35, 0, 0, 0, 0, 76)
6 (1, 4, 264, 317, 0, 0, 108, 26, 0, 0, 0, 35)
7 (1, 4, 0, 376, 35, 0, 75, 70, 0, 0, 0, 148)
8 (1, 4, 0, 0, 0, 0, 47, 41, 0, 0, 0, 78)
9 (1, 4, 0, 0, 0, 0, 73, 0, 1, 0, 0, 190)
10 (1, 4, 0, 0, 0, 0, 84, 0, 0, 0, 0, 2)
11 (1, 4, 0, 0, 72, 0, 104, 0, 0, 0, 0, 239)
12 (1, 4, 0, 0, 125, 0, 87, 0, 0, 0, 0, 133)
13 (1, 4, 0, 0, 63, 0, 87, 0, 0, 0, 0, 81)
14 (1, 4, 0, 0, 38, 0, 25, 0, 0, 0, 0, 204)
15 (1, 4, 0, 0, 0, 0, 44, 0, 0, 0, 0, 81)
16 (1, 4, 0, 0, 146, 0, 83, 0, 0, 0, 0, 203)
17 (1, 4, 0, 0, 341, 0, 39, 0, 0, 0, 0, 8)
18 (1, 4, 0, 0, 411, 0, 5, 0, 0, 0, 0, 48)
19 (1, 4, 0, 80, 249, 0, 3, 0, 0, 0, 0, 180)
20 (1, 4, 0, 198, 135, 0, 3, 0, 0, 0, 0, 212)
21 (1, 4, 0, 328, 135, 0, 0, 0, 0, 0, 0, 191)
22 (1, 4, 245, 194, 88, 0, 0, 3, 0, 0, 0, 66)
23 (1, 4, 241, 66, 0, 0, 0, 0, 0, 0, 0, 37)
24 (1, 4, 111, 71, 0, 0, 0, 5, 0, 0, 0, 65)
25 (1, 4, 235, 4, 0, 0, 4, 0, 0, 0, 0, 126)
26 (1, 4, 189, 98, 0, 0, 7, 0, 0, 0, 0, 78)
27 (1, 4, 293, 86, 0, 0, 6, 0, 0, 0, 0, 201)
28 (1, 4, 119, 165, 0, 0, 13, 0, 0, 0, 0, 13)
29 (1, 4, 101, 334, 0, 0, 0, 0, 0, 0, 0, 100)
30 (1, 4, 198, 264, 0, 0, 0, 0, 0, 0, 0, 144)
31 (1, 4, 267, 171, 0, 0, 10, 0, 0, 0, 0, 133)
0 (1, 4, 16, 0, 0, 0, 0, 2, 1, 1, 0, 46)
1 (1, 4, 0, 57, 0, 0, 0, 0, 1, 1, 0, 210)
2 (1, 4, 0, 82, 0, 0, 0, 0, 1, 1, 0, 248)
3 (1, 4, 182, 233, 66, 0, 0, 0, 2, 4, 0, 149)
4 (1, 4, 714, 18, 196, 0, 0, 0, 0, 1, 0, 185)
5 (1, 4, 470, 4, 136, 0, 0, 0, 1, 1, 0, 186)
6 (1, 4, 148, 0, 37, 0, 0, 3, 2, 2, 0, 243)
7 (1, 4, 0, 101, 152, 0, 0, 0, 0, 1, 0, 9)
8 (1, 4, 0, 368, 178, 0, 0, 0, 1, 1, 0, 237)
9 (1, 4, 0, 0, 49, 0, 0, 0, 1, 0, 0, 9)
10 (1, 4, 0, 0, 0, 0, 0, 0, 4, 1, 0, 154)
11 (1, 4, 0, 276, 0, 0, 0, 6, 3, 4, 0, 225)
12 (1, 4, 181, 0, 130, 0, 0, 0, 1, 2, 0, 16)
13 (1, 4, 0, 0, 163, 0, 0, 0, 1, 2, 0, 126)
14 (1, 4, 0, 0, 231, 0, 0, 0, 2, 2, 0, 125)
15 (1, 4, 0, 0, 361, 0, 0, 0, 1, 1, 0, 7)
16 (1, 4, 0, 22, 150, 0, 0, 3, 1, 1, 0, 56)
17 (1, 4, 0, 0, 24, 0, 0, 32, 1, 1, 0, 21)
18 (1, 4, 139, 0, 0, 0, 0, 14, 1, 1, 0, 38)
19 (1, 4, 0, 412, 0, 0, 0, 0, 2, 3, 0, 235)
20 (1, 4, 0, 87, 0, 0, 0, 0, 0, 2, 0, 72)
21 (1, 4, 96, 0, 0, 0, 0, 0, 0, 2, 0, 230)
22 (1, 4, 0, 0, 0, 0, 0, 6, 0, 2, 0, 100)
23 (1, 4, 55, 0, 74, 0, 0, 3, 1, 3, 0, 162)
24 (1, 4, 0, 0, 294, 0, 0, 1, 1, 2, 0, 199)
25 (1, 4, 123, 194, 429, 0, 0, 2, 1, 1, 0, 201)
26 (1, 4, 93, 13, 112, 0, 0, 25, 0, 0, 0, 17)
27 (1, 4, 0, 0, 0, 0, 0, 9, 0, 1, 0, 32)
28 (1, 4, 75, 91, 0, 0, 0, 34, 1, 3, 0, 219)
29 (1, 4, 189, 0, 0, 0, 0, 0, 3, 7, 0, 186)
30 (1, 4, 287, 12, 0, 0, 3, 0, 0, 2, 0, 242)
31 (1, 4, 212, 25, 0, 0, 15, 0, 0, 2, 0, 34)
0 (1, 4, 486, 35, 22, 0, 0, 19, 1, 2, 0, 22)
1 (1, 4, 428, 18, 24, 0, 0, 44, 5, 6, 0, 135)
2 (1, 4, 358, 0, 34, 0, 0, 57, 1, 2, 0, 52)
3 (1, 4, 122, 0, 56, 0, 0, 52, 3, 4, 0, 139)
4 (1, 4, 0, 133, 73, 0, 0, 34, 1, 1, 0, 210)
5 (1, 4, 0, 110, 52, 0, 0, 56, 2, 2, 0, 110)
6 (1, 4, 0, 22, 24, 0, 0, 20, 1, 1, 0, 196)
7 (1, 4, 0, 379, 177, 0, 0, 0, 2, 1, 0, 155)
8 (1, 4, 0, 568, 85, 0, 0, 0, 1, 1, 0, 228)
9 (1, 4, 0, 583, 0, 0, 0, 0, 1, 1, 0, 59)
10 (1, 4, 0, 556, 0, 0, 0, 0, 1, 1, 0, 17)
11 (1, 4, 0, 697, 0, 0, 13, 0, 1, 1, 0, 69)
12 (1, 4, 0, 685, 0, 0, 0, 0, 1, 1, 0, 165)
13 (1, 4, 239, 59, 0, 0, 14, 0, 2, 1, 0, 200)
14 (1, 4, 873, 0, 0, 0, 0, 0, 1, 1, 0, 65)
15 (1, 4, 873, 0, 249, 0, 0, 0, 2, 1, 0, 68)
16 (1, 4, 873, 0, 161, 0, 0, 0, 2, 1, 0, 124)
17 (1, 4, 659, 145, 233, 0, 54, 11, 3, 2, 0, 241)
18 (1, 4, 401, 202, 168, 0, 9, 74, 2, 1, 0, 105)
19 (1, 4, 717, 119, 138, 0, 133, 76, 3, 2, 0, 228)
20 (1, 4, 0, 221, 307, 0, 170, 90, 2, 2, 0, 251)
21 (1, 4, 0, 10, 386, 0, 74, 115, 2, 2, 0, 73)
22 (1, 4, 0, 0, 311, 0, 36, 84, 1, 1, 0, 67)
23 (1, 4, 0, 0, 154, 0, 16, 47, 1, 1, 0, 183)
24 (1, 4, 0, 206, 9, 0, 0, 0, 1, 1, 0, 217)
25 (1, 4, 0, 313, 0, 0, 0, 0, 0, 0, 0, 62)
26 (1, 4, 0, 259, 0, 0, 0, 0, 0, 0, 0, 67)
27 (1, 4, 0, 181, 0, 0, 0, 0, 0, 0, 0, 179)
28 (1, 4, 0, 9, 37, 0, 8, 0, 0, 0, 0, 141)
29 (1, 4, 0, 0, 129, 0, 25, 0, 1, 1, 0, 47)
0 (1, 4, 873, 324, 27, 0, 0, 0, 0, 0, 0, 140)
1 (1, 4, 873, 0, 0, 0, 0, 0, 0, 0, 0, 72)
2 (1, 4, 873, 0, 0, 0, 0, 0, 0, 0, 0, 72)
3 (1, 4, 873, 0, 0, 0, 0, 0, 0, 0, 0, 72)
4 (1, 4, 715, 0, 0, 0, 26, 0, 2, 2, 0, 32)
5 (1, 4, 120, 126, 0, 0, 39, 44, 1, 1, 0, 214)
6 (1, 4, 342, 0, 0, 0, 82, 46, 1, 1, 0, 210)
7 (1, 4, 39, 232, 182, 0, 105, 61, 1, 1, 0, 245)
8 (1, 4, 0, 277, 310, 0, 64, 52, 1, 1, 0, 44)
9 (1, 4, 115, 264, 307, 0, 46, 65, 1, 1, 0, 189)
10 (1, 4, 40, 374, 340, 0, 40, 63, 0, 0, 0, 123)
11 (1, 4, 104, 345, 297, 0, 42, 59, 0, 0, 0, 10)
12 (1, 4, 57, 489, 336, 0, 98, 48, 0, 0, 0, 202)
13 (1, 4, 0, 674, 499, 0, 137, 48, 0, 0, 0, 142)
14 (1, 4, 0, 729, 468, 0, 86, 32, 0, 0, 0, 15)
15 (1, 4, 0, 731, 327, 0, 17, 0, 0, 0, 0, 132)
16 (1, 4, 0, 644, 62, 0, 0, 0, 1, 1, 0, 45)
17 (1, 4, 0, 324, 0, 0, 0, 0, 0, 0, 0, 194)
18 (1, 4, 0, 120, 0, 0, 0, 0, 1, 0, 0, 143)
19 (1, 4, 0, 304, 0, 0, 3, 0, 0, 0, 0, 179)
20 (1, 4, 0, 251, 0, 0, 0, 0, 0, 0, 0, 52)
21 (1, 4, 9, 144, 47, 0, 17, 0, 0, 0, 0, 59)
22 (1, 4, 102, 78, 35, 0, 0, 0, 0, 0, 0, 214)
23 (1, 4, 506, 0, 0, 0, 0, 0, 0, 0, 0, 171)
24 (1, 4, 873, 0, 0, 0, 0, 0, 0, 0, 0, 72)
25 (1, 4, 873, 0, 0, 0, 0, 0, 0, 0, 0, 72)
26 (1, 4, 873, 20, 0, 0, 2, 1, 0, 0, 0, 222)
27 (1, 4, 566, 187, 0, 0, 31, 39, 0, 0, 0, 46)
28 (1, 4, 397, 274, 0, 0, 0, 62, 0, 0, 0, 146)
29 (1, 4, 537, 0, 0, 0, 0, 54, 0, 0, 0, 90)
30 (1, 4, 574, 0, 0, 0, 21, 7, 0, 0, 0, 5)
31 (1, 4, 490, 0, 0, 0, 83, 0, 0, 0, 0, 95)
0 (1, 4, 202, 141, 0, 0, 0, 0, 2, 2, 0, 65)
1 (1, 4, 517, 0, 0, 0, 0, 0, 1, 1, 0, 69)
2 (1, 4, 800, 0, 0, 0, 0, 0, 1, 1, 0, 182)
3 (1, 4, 704, 0, 0, 0, 0, 0, 1, 1, 0, 239)
4 (1, 4, 575, 0, 0, 0, 0, 0, 3, 7, 0, 183)
5 (1, 4, 445, 0, 0, 0, 4, 0, 1, 1, 0, 226)
6 (1, 4, 387, 0, 0, 0, 19, 0, 3, 3, 0, 110)
7 (1, 4, 293, 0, 0, 0, 28, 0, 3, 3, 0, 49)
8 (1, 4, 48, 68, 0, 0, 31, 0, 3, 3, 0, 55)
9 (1, 4, 0, 165, 0, 0, 18, 0, 2, 2, 0, 183)
10 (1, 4, 0, 187, 78, 0, 0, 4, 3, 3, 0, 239)
11 (1, 4, 0, 170, 225, 0, 0, 0, 2, 2, 0, 17)
12 (1, 4, 0, 125, 98, 0, 0, 9, 2, 2, 0, 143)
13 (1, 4, 0, 0, 0, 0, 0, 21, 1, 1, 0, 14)
14 (1, 4, 0, 0, 0, 0, 0, 10, 1, 1, 0, 36)
15 (1, 4, 0, 0, 0, 0, 0, 23, 1, 1, 0, 183)
16 (1, 4, 0, 0, 0, 0, 0, 30, 1, 1, 0, 130)
17 (1, 4, 2, 0, 0, 0, 0, 6, 1, 1, 0, 167)
18 (1, 4, 0, 0, 0, 0, 0, 0, 1, 1, 0, 119)
19 (1, 4, 0, 11, 0, 15, 0, 0, 1, 1, 0, 185)
20 (1, 4, 117, 213, 0, 42, 0, 0, 0, 1, 0, 46)
21 (1, 4, 99, 280, 0, 62, 11, 0, 0, 1, 0, 144)
22 (1, 4, 0, 366, 0, 56, 14, 0, 1, 1, 0, 225)
23 (1, 4, 0, 422, 0, 30, 0, 0, 1, 1, 0, 171)
24 (1, 4, 0, 402, 0, 1, 0, 22, 1, 1, 0, 159)
25 (1, 4, 214, 355, 0, 0, 0, 54, 3, 2, 0, 148)
26 (1, 4, 0, 119, 0, 0, 0, 139, 2, 2, 0, 72)
27 (1, 4, 10, 0, 0, 0, 22, 138, 2, 2, 0, 77)
28 (1, 4, 46, 0, 0, 0, 122, 119, 2, 2, 0, 122)
29 (1, 4, 87, 0, 0, 25, 141, 45, 2, 2, 0, 177)
0 (1, 4, 295, 0, 873, 0, 0, 15, 0, 0, 0, 162)
1 (1, 4, 648, 0, 873, 0, 0, 40, 1, 1, 0, 151)
2 (1, 4, 394, 0, 518, 0, 0, 65, 0, 0, 0, 84)
3 (1, 4, 609, 0, 0, 0, 0, 50, 0, 0, 0, 241)
4 (1, 4, 252, 182, 0, 0, 16, 131, 2, 1, 0, 94)
5 (1, 4, 0, 130, 0, 0, 0, 160, 1, 1, 0, 48)
6 (1, 4, 0, 284, 0, 0, 0, 95, 1, 1, 0, 245)
7 (1, 4, 0, 617, 0, 0, 0, 33, 1, 1, 0, 131)
8 (1, 4, 0, 485, 0, 0, 0, 4, 1, 1, 0, 200)
9 (1, 4, 0, 260, 0, 11, 0, 0, 1, 1, 0, 145)
10 (1, 4, 0, 399, 0, 70, 0, 0, 2, 3, 0, 197)
11 (1, 4, 0, 187, 58, 58, 0, 22, 0, 0, 0, 98)
12 (1, 4, 0, 114, 137, 51, 0, 5, 1, 1, 0, 118)
13 (1, 4, 0, 150, 136, 51, 0, 0, 1, 1, 0, 210)
14 (1, 4, 0, 152, 207, 10, 0, 0, 0, 0, 0, 56)
15 (1, 4, 0, 0, 242, 0, 0, 33, 0, 1, 0, 207)
16 (1, 4, 0, 0, 247, 0, 0, 0, 1, 1, 0, 25)
17 (1, 4, 22, 0, 468, 0, 0, 0, 0, 0, 0, 204)
18 (1, 4, 132, 0, 652, 0, 0, 0, 0, 0, 0, 250)
19 (1, 4, 173, 0, 590, 0, 0, 0, 0, 0, 0, 102)
20 (1, 4, 125, 0, 235, 0, 0, 58, 0, 1, 0, 47)
21 (1, 4, 0, 0, 0, 0, 51, 36, 2, 1, 0, 6)
22 (1, 4, 0, 0, 0, 0, 18, 29, 3, 3, 0, 129)
23 (1, 4, 0, 0, 187, 0, 0, 56, 4, 3, 0, 163)
24 (1, 4, 0, 0, 57, 0, 0, 60, 7, 7, 0, 5)
25 (1, 4, 0, 0, 0, 0, 0, 57, 5, 4, 0, 127)
26 (1, 4, 0, 0, 0, 0, 0, 41, 2, 2, 0, 248)
27 (1, 4, 0, 25, 32, 0, 0, 32, 2, 2, 0, 84)
28 (1, 4, 0, 212, 0, 0, 0, 13, 4, 4, 0, 35)
29 (1, 4, 0, 290, 0, 0, 0, 17, 1, 1, 0, 49)
30 (1, 4, 0, 156, 25, 0, 6, 0, 2, 2, 0, 35)
31 (1, 4, 0, 67, 225, 0, 0, 0, 1, 1, 0, 76)
0 (1, 4, 0, 0, 272, 0, 0, 0, 3, 3, 0, 71)
1 (1, 4, 0, 0, 73, 0, 0, 0, 2, 2, 0, 191)
2 (1, 4, 0, 28, 0, 0, 0, 0, 1, 1, 0, 127)
3 (1, 4, 47, 127, 0, 0, 0, 0, 2, 2, 0, 96)
4 (1, 4, 173, 160, 0, 0, 6, 0, 1, 1, 0, 49)
5 (1, 4, 298, 0, 72, 0, 4, 60, 1, 1, 0, 151)
6 (1, 4, 273, 0, 68, 0, 25, 0, 1, 1, 0, 3)
7 (1, 4, 42, 71, 93, 0, 0, 0, 2, 2, 0, 180)
8 (1, 4, 0, 62, 0, 0, 0, 0, 2, 5, 0, 221)
9 (1, 4, 0, 29, 0, 0, 0, 0, 1, 1, 0, 202)
10 (1, 4, 113, 8, 0, 0, 0, 0, 1, 1, 0, 100)
11 (1, 4, 255, 117, 0, 0, 0, 0, 1, 0, 0, 178)
12 (1, 4, 411, 211, 0, 0, 0, 0, 1, 0, 0, 178)
13 (1, 4, 624, 374, 0, 0, 0, 0, 1, 1, 0, 175)
14 (1, 4, 635, 464, 0, 0, 17, 0, 0, 0, 0, 76)
15 (1, 4, 301, 479, 0, 0, 4, 58, 1, 1, 0, 129)
16 (1, 4, 166, 4, 0, 0, 0, 60, 1, 1, 0, 182)
17 (1, 4, 112, 0, 0, 0, 0, 24, 1, 1, 0, 224)
18 (1, 4, 178, 0, 0, 0, 0, 0, 8, 1, 0, 34)
19 (1, 4, 266, 26, 0, 70, 0, 0, 0, 0, 0, 56)
20 (1, 4, 227, 399, 0, 53, 4, 0, 0, 0, 0, 252)
21 (1, 4, 0, 111, 0, 0, 2, 149, 1, 0, 0, 237)
22 (1, 4, 774, 0, 1, 0, 8, 160, 1, 1, 0, 43)
23 (1, 4, 53, 0, 0, 31, 15, 107, 1, 1, 0, 245)
24 (1, 4, 513, 0, 0, 32, 0, 78, 0, 0, 0, 254)
25 (1, 4, 873, 0, 0, 46, 0, 0, 8, 3, 0, 191)
26 (1, 4, 839, 0, 0, 67, 46, 0, 11, 8, 0, 28)
27 (1, 4, 604, 1, 0, 79, 88, 0, 2, 2, 0, 210)
28 (1, 4, 4, 257, 239, 73, 54, 0, 1, 1, 0, 25)
29 (1, 4, 0, 147, 259, 91, 0, 0, 1, 1, 0, 210)
30 (1, 4, 0, 86, 168, 91, 0, 0, 1, 1, 0, 106)
31 (1, 4, 0, 90, 164, 55, 16, 0, 1, 1, 0, 220)
0 (1, 4, 437, 0, 411, 0, 39, 0, 2, 2, 0, 219)
1 (1, 4, 0, 0, 0, 0, 33, 0, 1, 1, 0, 3)
2 (1, 4, 0, 236, 0, 0, 7, 0, 1, 1, 0, 54)
3 (1, 4, 0, 863, 0, 0, 0, 0, 1, 1, 0, 12)
4 (1, 4, 0, 873, 0, 0, 0, 0, 1, 1, 0, 24)
5 (1, 4, 0, 439, 0, 0, 0, 6, 1, 2, 0, 67)
6 (1, 4, 0, 0, 0, 0, 0, 0, 1, 1, 0, 119)
7 (1, 4, 500, 0, 0, 0, 0, 0, 1, 1, 0, 246)
8 (1, 4, 873, 0, 0, 0, 0, 0, 1, 1, 0, 65)
9 (1, 4, 873, 0, 0, 0, 0, 0, 2, 2, 0, 90)
10 (1, 4, 843, 27, 0, 0, 0, 0, 3, 3, 0, 130)
11 (1, 4, 379, 353, 514, 0, 22, 0, 1, 1, 0, 169)
12 (1, 4, 69, 377, 667, 0, 29, 16, 1, 0, 0, 94)
13 (1, 4, 208, 416, 860, 0, 0, 18, 9, 10, 0, 51)
14 (1, 4, 0, 478, 873, 0, 29, 0, 3, 11, 0, 34)
15 (1, 4, 0, 463, 657, 0, 3, 0, 1, 1, 0, 138)
16 (1, 4, 90, 241, 469, 0, 0, 0, 1, 1, 0, 4)
17 (1, 4, 82, 123, 165, 0, 0, 35, 1, 1, 0, 75)
18 (1, 4, 0, 0, 0, 0, 0, 36, 1, 1, 0, 163)
19 (1, 4, 0, 0, 0, 0, 0, 12, 3, 2, 0, 145)
20 (1, 4, 0, 0, 0, 0, 10, 0, 2, 1, 0, 226)
21 (1, 4, 0, 0, 0, 0, 0, 21, 1, 1, 0, 14)
22 (1, 4, 0, 0, 0, 0, 0, 28, 1, 1, 0, 59)
23 (1, 4, 125, 0, 0, 0, 0, 12, 2, 2, 0, 27)
24 (1, 4, 34, 118, 0, 0, 0, 0, 1, 1, 0, 59)
25 (1, 4, 0, 341, 0, 0, 0, 9, 2, 2, 0, 49)
26 (1, 4, 122, 199, 0, 0, 0, 11, 2, 3, 0, 201)
27 (1, 4, 57, 292, 0, 0, 0, 0, 1, 1, 0, 211)
28 (1, 4, 117, 544, 0, 0, 14, 0, 1, 1, 0, 48)
29 (1, 4, 82, 599, 85, 0, 25, 0, 2, 1, 0, 250)
0 (1, 4, 0, 228, 91, 0, 13, 0, 1, 1, 0, 53)
1 (1, 4, 0, 231, 138, 0, 14, 0, 1, 1, 0, 135)
2 (1, 4, 0, 0, 0, 0, 55, 0, 1, 1, 0, 151)
3 (1, 4, 0, 0, 153, 0, 70, 0, 1, 1, 0, 218)
4 (1, 4, 0, 0, 276, 0, 18, 0, 1, 0, 0, 23)
5 (1, 4, 0, 210, 208, 0, 0, 0, 1, 0, 0, 231)
6 (1, 4, 0, 456, 150, 0, 0, 0, 2, 3, 0, 44)
7 (1, 4, 323, 130, 0, 0, 0, 0, 2, 2, 0, 153)

