1 (1, 4, 353, 40, 0, 0, 0, 0, 1, 0, 0, 47)
2 (1, 4, 531, 178, 0, 0, 0, 30, 1, 0, 0, 208)
3 (1, 4, 325, 3, 0, 0, 0, 14, 1, 0, 0, 95)
4 (1, 4, 214, 103, 0, 0, 0, 0, 1, 0, 0, 7)
5 (1, 4, 253, 335, 0, 0, 0, 0, 1, 0, 0, 54)
6 (1, 4, 118, 300, 0, 0, 0, 30, 0, 0, 0, 79)
7 (1, 4, 290, 261, 0, 0, 57, 181, 1, 1, 0, 70)
8 (1, 4, 0, 0, 0, 0, 300, 163, 1, 1, 0, 6)
9 (1, 4, 24, 51, 383, 0, 142, 150, 1, 1, 0, 147)
10 (1, 4, 0, 1, 513, 0, 38, 70, 1, 1, 0, 121)
11 (1, 4, 0, 13, 372, 0, 0, 122, 1, 1, 0, 182)
12 (1, 4, 0, 0, 0, 11, 0, 74, 1, 1, 0, 184)
13 (1, 4, 103, 0, 10, 18, 0, 89, 1, 1, 0, 234)
14 (1, 4, 13, 6, 0, 10, 0, 109, 1, 1, 0, 228)
15 (1, 4, 37, 13, 0, 14, 0, 124, 1, 1, 0, 72)
16 (1, 4, 1, 0, 0, 11, 0, 123, 0, 1, 0, 121)
17 (1, 4, 40, 27, 0, 9, 0, 126, 0, 1, 0, 94)
18 (1, 4, 0, 3, 0, 10, 0, 123, 1, 1, 0, 210)
19 (1, 4, 7, 0, 6, 8, 0, 125, 0, 1, 0, 193)
20 (1, 4, 0, 0, 0, 12, 0, 120, 0, 1, 0, 76)
21 (1, 4, 32, 0, 0, 13, 0, 120, 1, 1, 0, 246)
22 (1, 4, 65, 32, 11, 9, 0, 130, 0, 1, 0, 131)
23 (1, 4, 17, 3, 6, 11, 0, 117, 1, 1, 0, 116)
24 (1, 4, 0, 1, 0, 17, 0, 119, 1, 1, 0, 14)
25 (1, 4, 50, 31, 0, 12, 0, 116, 1, 1, 0, 90)
26 (1, 4, 28, 35, 2, 10, 0, 115, 1, 1, 0, 125)
27 (1, 4, 39, 32, 13, 4, 0, 117, 1, 1, 0, 207)
28 (1, 4, 0, 0, 14, 0, 0, 110, 1, 1, 0, 120)
29 (1, 4, 0, 0, 30, 0, 0, 104, 1, 1, 0, 203)
30 (1, 4, 0, 0, 51, 0, 0, 98, 1, 1, 0, 16)
31 (1, 4, 0, 28, 96, 0, 0, 101, 1, 1, 0, 52)
32 (1, 4, 0, 14, 106, 0, 0, 89, 1, 1, 0, 70)
1 (1, 4, 364, 0, 0, 0, 0, 42, 1, 0, 0, 234)
2 (1, 4, 410, 8, 0, 0, 0, 35, 1, 0, 0, 243)
3 (1, 4, 309, 17, 0, 0, 0, 41, 1, 0, 0, 79)
4 (1, 4, 343, 43, 0, 0, 0, 51, 1, 0, 0, 224)
5 (1, 4, 96, 0, 0, 0, 44, 39, 1, 1, 0, 164)
6 (1, 4, 0, 0, 0, 0, 0, 37, 1, 1, 0, 124)
7 (1, 4, 0, 123, 0, 7, 0, 60, 1, 1, 0, 140)
8 (1, 4, 6, 69, 0, 44, 0, 71, 1, 1, 0, 132)
9 (1, 4, 108, 166, 0, 23, 0, 83, 1, 1, 0, 95)
10 (1, 4, 51, 227, 0, 0, 36, 153, 1, 1, 0, 88)
11 (1, 4, 0, 14, 0, 0, 231, 180, 1, 1, 0, 181)
12 (1, 4, 124, 0, 285, 0, 91, 192, 1, 1, 0, 223)
13 (1, 4, 0, 0, 394, 0, 0, 80, 1, 1, 0, 222)
14 (1, 4, 250, 123, 306, 48, 0, 131, 1, 1, 0, 234)
15 (1, 4, 0, 0, 0, 31, 0, 88, 1, 1, 0, 89)
16 (1, 4, 4, 0, 0, 34, 0, 73, 1, 1, 0, 232)
17 (1, 4, 0, 0, 0, 27, 0, 104, 1, 1, 0, 87)
18 (1, 4, 63, 51, 29, 38, 0, 117, 1, 1, 0, 78)
19 (1, 4, 0, 24, 0, 35, 0, 121, 1, 1, 0, 111)
20 (1, 4, 15, 28, 0, 35, 0, 124, 1, 1, 0, 69)
21 (1, 4, 0, 17, 0, 34, 0, 119, 1, 1, 0, 80)
22 (1, 4, 51, 46, 13, 28, 0, 110, 1, 1, 0, 67)
23 (1, 4, 0, 34, 0, 22, 0, 111, 1, 1, 0, 112)
24 (1, 4, 37, 37, 19, 30, 0, 121, 1, 1, 0, 160)
25 (1, 4, 0, 31, 0, 31, 0, 121, 1, 1, 0, 247)
26 (1, 4, 0, 15, 0, 30, 0, 123, 1, 1, 0, 48)
27 (1, 4, 2, 13, 0, 30, 0, 119, 1, 1, 0, 222)
28 (1, 4, 10, 14, 0, 27, 0, 119, 1, 1, 0, 21)
29 (1, 4, 12, 11, 2, 25, 0, 116, 1, 1, 0, 41)
30 (1, 4, 0, 8, 0, 22, 0, 121, 1, 1, 0, 115)
31 (1, 4, 0, 0, 0, 24, 0, 119, 1, 1, 0, 92)
32 (1, 4, 0, 0, 0, 27, 0, 118, 1, 1, 0, 162)
1 (1, 4, 0, 32, 24, 0, 0, 0, 1, 1, 0, 118)
2 (1, 4, 36, 125, 28, 0, 0, 4, 1, 1, 0, 156)
3 (1, 4, 106, 49, 0, 0, 0, 22, 1, 1, 0, 92)
4 (1, 4, 0, 0, 0, 0, 0, 19, 1, 1, 0, 194)
5 (1, 4, 57, 165, 0, 0, 0, 10, 1, 0, 0, 186)
6 (1, 4, 402, 373, 0, 4, 0, 1, 1, 0, 0, 254)
7 (1, 4, 464, 314, 0, 0, 0, 13, 1, 0, 0, 186)
8 (1, 4, 473, 197, 0, 0, 0, 44, 1, 0, 0, 207)
9 (1, 4, 482, 35, 0, 0, 0, 48, 1, 1, 0, 90)
10 (1, 4, 194, 0, 0, 0, 0, 54, 1, 1, 0, 73)
11 (1, 4, 113, 0, 65, 0, 0, 46, 1, 1, 0, 63)
12 (1, 4, 136, 0, 106, 0, 0, 89, 1, 1, 0, 39)
13 (1, 4, 187, 0, 76, 0, 0, 90, 3, 3, 0, 233)
14 (1, 4, 217, 0, 0, 0, 0, 49, 5, 5, 0, 252)
15 (1, 4, 78, 141, 0, 0, 0, 45, 5, 5, 0, 178)
16 (1, 4, 41, 84, 0, 4, 3, 67, 4, 4, 0, 15)
17 (1, 4, 0, 98, 0, 94, 149, 179, 4, 5, 0, 48)
18 (1, 4, 118, 77, 71, 78, 56, 165, 4, 5, 0, 93)
19 (1, 4, 70, 12, 148, 72, 35, 162, 4, 5, 0, 28)
20 (1, 4, 157, 0, 214, 66, 44, 132, 4, 4, 0, 214)
21 (1, 4, 0, 0, 310, 0, 49, 92, 4, 4, 0, 15)
22 (1, 4, 0, 0, 204, 0, 0, 172, 3, 4, 0, 47)
23 (1, 4, 32, 0, 0, 0, 0, 66, 3, 4, 0, 72)
24 (1, 4, 56, 0, 0, 22, 0, 51, 3, 4, 0, 133)
25 (1, 4, 11, 42, 0, 32, 0, 81, 3, 4, 0, 173)
26 (1, 4, 0, 64, 0, 28, 0, 120, 3, 4, 0, 94)
27 (1, 4, 23, 35, 0, 47, 0, 120, 3, 4, 0, 50)
28 (1, 4, 13, 7, 0, 36, 0, 123, 3, 4, 0, 25)
29 (1, 4, 5, 8, 0, 24, 0, 108, 3, 4, 0, 130) [FRAGMENTED]
30 (1, 4, 0, 0, 0, 0, 0, 19, 1, 1, 0, 194)
31 (1, 4, 0, 0, 0, 0, 0, 5, 1, 1, 0, 221)
32 (1, 4, 36, 116, 0, 4, 0, 12, 1, 1, 0, 145)
1 (1, 4, 63, 182, 0, 16, 0, 2, 1, 1, 0, 81)
2 (1, 4, 0, 355, 0, 0, 0, 0, 1, 1, 0, 11)
3 (1, 4, 240, 346, 0, 0, 0, 0, 1, 0, 0, 126)
4 (1, 4, 251, 303, 0, 0, 0, 0, 0, 0, 0, 49)
5 (1, 4, 279, 239, 0, 0, 0, 4, 0, 0, 0, 50)
6 (1, 4, 379, 159, 0, 0, 0, 61, 0, 0, 0, 83)
7 (1, 4, 289, 0, 0, 0, 0, 26, 0, 0, 0, 53)
8 (1, 4, 0, 0, 0, 16, 0, 18, 0, 0, 0, 227)
9 (1, 4, 0, 195, 0, 43, 0, 0, 0, 0, 0, 20)
10 (1, 4, 0, 499, 0, 33, 0, 0, 0, 0, 0, 148)
11 (1, 4, 0, 530, 0, 39, 0, 73, 0, 0, 0, 123)
12 (1, 4, 0, 561, 0, 0, 0, 249, 0, 0, 0, 45)
13 (1, 4, 0, 91, 0, 0, 0, 229, 0, 0, 0, 51)
14 (1, 4, 214, 8, 59, 0, 0, 175, 0, 0, 0, 193)
15 (1, 4, 402, 0, 228, 1, 14, 111, 0, 0, 0, 237)
16 (1, 4, 269, 20, 358, 0, 54, 101, 0, 0, 0, 127)
17 (1, 4, 199, 89, 451, 0, 0, 70, 0, 0, 0, 73)
18 (1, 4, 0, 217, 418, 0, 0, 152, 0, 0, 0, 85)
19 (1, 4, 113, 0, 36, 13, 0, 116, 0, 0, 0, 167)
20 (1, 4, 0, 0, 0, 28, 0, 112, 0, 0, 0, 58)
21 (1, 4, 104, 45, 39, 22, 0, 107, 0, 0, 0, 152)
22 (1, 4, 0, 57, 24, 10, 0, 119, 0, 0, 0, 250)
23 (1, 4, 29, 53, 37, 1, 0, 132, 0, 0, 0, 192)
24 (1, 4, 0, 26, 17, 5, 0, 122, 0, 0, 0, 45)
25 (1, 4, 0, 32, 0, 5, 0, 129, 0, 0, 0, 138)
26 (1, 4, 55, 56, 3, 3, 0, 133, 0, 1, 0, 178)
27 (1, 4, 23, 44, 0, 0, 0, 131, 0, 1, 0, 152) [FRAGMENTED]
28 (1, 4, 0, 0, 302, 0, 0, 19, 1, 1, 0, 172)
29 (1, 4, 0, 0, 185, 0, 0, 6, 1, 1, 0, 227)
30 (1, 4, 0, 0, 152, 20, 0, 0, 0, 1, 0, 172)
31 (1, 4, 0, 0, 0, 16, 0, 125, 0, 1, 0, 149)
32 (1, 4, 602, 0, 0, 34, 0, 160, 1, 1, 0, 138)
1 (1, 4, 873, 0, 0, 16, 0, 130, 0, 0, 0, 140)
2 (1, 4, 762, 0, 0, 29, 0, 71, 0, 0, 0, 151)
3 (1, 4, 656, 0, 0, 0, 0, 61, 0, 0, 0, 189)
4 (1, 4, 463, 0, 0, 0, 0, 47, 1, 0, 0, 128)
5 (1, 4, 215, 0, 0, 0, 0, 49, 1, 0, 0, 231)
6 (1, 4, 175, 0, 0, 0, 0, 35, 1, 1, 0, 56)
7 (1, 4, 14, 0, 0, 3, 0, 22, 1, 1, 0, 29)
8 (1, 4, 0, 81, 0, 19, 0, 25, 0, 1, 0, 114)
9 (1, 4, 0, 150, 0, 0, 0, 70, 0, 1, 0, 75)
10 (1, 4, 0, 272, 0, 0, 41, 189, 1, 1, 0, 254)
11 (1, 4, 0, 0, 0, 0, 92, 255, 1, 1, 0, 142)
12 (1, 4, 53, 0, 0, 0, 126, 245, 1, 1, 0, 51)
13 (1, 4, 79, 0, 169, 0, 144, 176, 1, 1, 0, 202)
14 (1, 4, 354, 23, 461, 0, 89, 115, 1, 1, 0, 19)
15 (1, 4, 0, 0, 451, 0, 26, 55, 1, 1, 0, 76)
16 (1, 4, 0, 0, 363, 0, 0, 110, 1, 1, 0, 234)
17 (1, 4, 24, 0, 124, 11, 0, 90, 1, 1, 0, 99)
18 (1, 4, 33, 17, 29, 25, 0, 90, 1, 1, 0, 182)
19 (1, 4, 55, 96, 0, 27, 0, 101, 1, 1, 0, 91)
20 (1, 4, 16, 156, 0, 6, 8, 127, 1, 1, 0, 211)
21 (1, 4, 145, 109, 0, 0, 27, 136, 1, 1, 0, 190)
22 (1, 4, 60, 27, 0, 0, 46, 128, 1, 1, 0, 69)
23 (1, 4, 37, 0, 0, 0, 49, 120, 1, 1, 0, 170)
24 (1, 4, 0, 0, 0, 0, 40, 116, 1, 1, 0, 249)
25 (1, 4, 21, 16, 0, 0, 39, 117, 1, 1, 0, 56)
26 (1, 4, 2, 16, 0, 0, 39, 114, 1, 1, 0, 225)
27 (1, 4, 9, 21, 0, 0, 36, 117, 1, 1, 0, 116)
28 (1, 4, 0, 0, 213, 0, 0, 65, 2, 2, 0, 73)
29 (1, 4, 0, 0, 278, 0, 0, 54, 1, 2, 0, 39)
30 (1, 4, 0, 0, 268, 0, 0, 58, 1, 2, 0, 84)
31 (1, 4, 0, 0, 263, 0, 0, 9, 1, 2, 0, 71)
32 (1, 4, 0, 0, 75, 0, 0, 13, 1, 2, 0, 118)
1 (1, 4, 0, 0, 15, 0, 0, 0, 1, 2, 0, 147)
2 (1, 4, 0, 228, 50, 0, 0, 40, 1, 2, 0, 181)
3 (1, 4, 273, 0, 0, 0, 0, 16, 1, 1, 0, 72)
4 (1, 4, 171, 0, 0, 0, 0, 0, 1, 1, 0, 199)
5 (1, 4, 20, 0, 0, 0, 0, 22, 1, 0, 0, 219)
6 (1, 4, 393, 88, 0, 0, 0, 57, 1, 0, 0, 99)
7 (1, 4, 418, 53, 0, 0, 0, 77, 1, 0, 0, 25)
8 (1, 4, 274, 0, 0, 33, 0, 68, 1, 0, 0, 36)
9 (1, 4, 202, 0, 0, 15, 0, 51, 1, 0, 0, 93)
10 (1, 4, 481, 17, 109, 0, 0, 32, 1, 1, 0, 38)
11 (1, 4, 156, 90, 123, 0, 0, 12, 1, 1, 0, 20)
12 (1, 4, 259, 327, 0, 29, 0, 29, 1, 1, 0, 252)
13 (1, 4, 237, 329, 0, 7, 0, 21, 1, 1, 0, 46)
14 (1, 4, 245, 218, 0, 0, 0, 99, 0, 1, 0, 39)
15 (1, 4, 92, 67, 0, 0, 102, 144, 1, 1, 0, 82)
16 (1, 4, 0, 0, 0, 0, 131, 143, 1, 1, 0, 187)
17 (1, 4, 0, 0, 0, 0, 60, 136, 1, 1, 0, 189)
18 (1, 4, 0, 0, 159, 0, 10, 147, 1, 1, 0, 172)
19 (1, 4, 92, 87, 305, 0, 13, 147, 1, 1, 0, 154)
20 (1, 4, 0, 3, 423, 0, 0, 138, 1, 1, 0, 193)
21 (1, 4, 131, 5, 417, 2, 0, 118, 1, 1, 0, 28)
22 (1, 4, 45, 0, 190, 39, 0, 106, 1, 1, 0, 72)
23 (1, 4, 44, 0, 7, 21, 0, 88, 1, 1, 0, 245)
24 (1, 4, 16, 0, 0, 1, 0, 93, 1, 1, 0, 94)
25 (1, 4, 0, 5, 0, 0, 0, 105, 1, 1, 0, 201)
26 (1, 4, 0, 0, 0, 0, 0, 117, 1, 1, 0, 234)
27 (1, 4, 0, 0, 0, 0, 0, 115, 1, 1, 0, 38)
28 (1, 4, 0, 0, 22, 0, 0, 48, 1, 1, 0, 11)
29 (1, 4, 0, 0, 102, 0, 0, 49, 1, 1, 0, 174)
30 (1, 4, 0, 0, 109, 23, 0, 50, 1, 1, 0, 101)
31 (1, 4, 0, 33, 172, 8, 0, 70, 1, 1, 0, 156)
32 (1, 4, 0, 0, 94, 19, 0, 57, 1, 1, 0, 175)
1 (1, 4, 0, 116, 114, 4, 0, 89, 1, 1, 0, 7)
2 (1, 4, 0, 178, 97, 38, 0, 188, 1, 2, 0, 88)
3 (1, 4, 81, 0, 0, 11, 0, 54, 1, 1, 0, 119)
4 (1, 4, 23, 64, 0, 61, 0, 31, 1, 1, 0, 145)
5 (1, 4, 228, 179, 0, 64, 0, 0, 1, 1, 0, 187)
6 (1, 4, 186, 337, 0, 29, 0, 0, 1, 1, 0, 247)
7 (1, 4, 97, 412, 0, 0, 0, 0, 1, 1, 0, 219)
8 (1, 4, 222, 570, 0, 0, 0, 0, 1, 1, 0, 239)
9 (1, 4, 65, 384, 0, 0, 1, 18, 1, 1, 0, 7)
10 (1, 4, 0, 334, 0, 0, 0, 65, 1, 1, 0, 143)
11 (1, 4, 0, 223, 0, 0, 44, 93, 1, 1, 0, 220)
12 (1, 4, 26, 106, 138, 8, 0, 150, 1, 1, 0, 107)
13 (1, 4, 53, 0, 210, 0, 0, 135, 1, 1, 0, 165)
14 (1, 4, 90, 24, 372, 0, 0, 100, 1, 1, 0, 72)
15 (1, 4, 0, 0, 434, 0, 0, 57, 0, 1, 0, 80)
16 (1, 4, 0, 0, 70, 0, 0, 45, 0, 1, 0, 126)
17 (1, 4, 0, 0, 0, 26, 0, 28, 0, 0, 0, 3)
18 (1, 4, 119, 102, 0, 11, 0, 55, 0, 0, 0, 180)
19 (1, 4, 111, 74, 0, 13, 0, 93, 0, 1, 0, 17)
20 (1, 4, 222, 191, 0, 0, 49, 115, 0, 1, 0, 142)
21 (1, 4, 0, 0, 0, 0, 139, 132, 0, 1, 0, 148)
22 (1, 4, 0, 0, 80, 14, 17, 97, 0, 1, 0, 236)
23 (1, 4, 0, 37, 165, 17, 0, 96, 0, 0, 0, 26)
24 (1, 4, 0, 21, 177, 24, 0, 110, 1, 1, 0, 80)
25 (1, 4, 0, 0, 137, 48, 0, 94, 1, 1, 0, 0)
26 (1, 4, 0, 0, 0, 50, 0, 91, 0, 1, 0, 47)
27 (1, 4, 0, 0, 0, 39, 0, 85, 0, 0, 0, 246)
28 (1, 4, 0, 0, 0, 26, 0, 152, 1, 1, 0, 245)
29 (1, 4, 316, 0, 3, 23, 0, 12, 1, 1, 0, 148)
30 (1, 4, 0, 75, 0, 35, 0, 0, 1, 1, 0, 87)
31 (1, 4, 118, 334, 0, 37, 0, 16, 1, 1, 0, 198)
32 (1, 4, 100, 374, 0, 47, 0, 16, 1, 1, 0, 236)
1 (1, 4, 310, 479, 0, 59, 0, 24, 1, 1, 0, 63)
2 (1, 4, 501, 409, 0, 24, 0, 22, 1, 1, 0, 107)
3 (1, 4, 517, 332, 0, 0, 0, 36, 0, 0, 0, 151)
4 (1, 4, 688, 416, 0, 0, 9, 81, 0, 0, 0, 159)
5 (1, 4, 549, 197, 0, 0, 154, 70, 0, 1, 0, 6)
6 (1, 4, 43, 160, 226, 0, 95, 64, 0, 1, 0, 219)
7 (1, 4, 0, 74, 184, 0, 0, 36, 0, 1, 0, 80)
8 (1, 4, 0, 188, 119, 22, 0, 81, 0, 1, 0, 189)
9 (1, 4, 35, 138, 0, 7, 0, 85, 0, 0, 0, 21)
10 (1, 4, 0, 87, 0, 0, 0, 67, 0, 0, 0, 189)
11 (1, 4, 0, 53, 0, 0, 0, 113, 0, 0, 0, 90)
12 (1, 4, 0, 247, 0, 0, 92, 198, 1, 1, 0, 234)
13 (1, 4, 0, 0, 0, 0, 140, 274, 1, 1, 0, 34)
14 (1, 4, 196, 0, 86, 0, 124, 248, 1, 1, 0, 193)
15 (1, 4, 214, 0, 242, 0, 65, 165, 1, 1, 0, 105)
16 (1, 4, 342, 0, 352, 0, 63, 107, 1, 1, 0, 41)
17 (1, 4, 0, 0, 343, 0, 0, 42, 1, 1, 0, 185)
18 (1, 4, 0, 105, 381, 21, 0, 67, 1, 1, 0, 214)
19 (1, 4, 0, 10, 27, 9, 0, 86, 1, 1, 0, 108)
20 (1, 4, 0, 0, 0, 24, 0, 88, 1, 1, 0, 4)
21 (1, 4, 156, 163, 0, 1, 12, 122, 1, 1, 0, 136)
22 (1, 4, 36, 87, 0, 0, 17, 141, 1, 1, 0, 94)
23 (1, 4, 17, 22, 0, 0, 19, 137, 1, 1, 0, 254)
24 (1, 4, 4, 27, 0, 0, 18, 130, 1, 1, 0, 1)
25 (1, 4, 0, 18, 0, 0, 25, 121, 1, 1, 0, 68)
26 (1, 4, 0, 0, 0, 0, 1, 126, 1, 1, 0, 31)
27 (1, 4, 31, 34, 0, 0, 1, 126, 1, 1, 0, 10)
28 (1, 4, 0, 0, 0, 49, 0, 0, 1, 1, 0, 118)
29 (1, 4, 254, 216, 0, 53, 0, 0, 1, 1, 0, 181)
30 (1, 4, 345, 425, 0, 15, 0, 0, 1, 0, 0, 140)
31 (1, 4, 261, 436, 0, 0, 0, 0, 1, 0, 0, 181)
32 (1, 4, 117, 330, 0, 1, 0, 10, 1, 0, 0, 112)
1 (1, 4, 242, 447, 0, 0, 0, 73, 1, 1, 0, 86)
2 (1, 4, 334, 341, 9, 0, 102, 131, 1, 1, 0, 2)
3 (1, 4, 201, 103, 239, 0, 64, 151, 1, 1, 0, 43)
4 (1, 4, 455, 284, 503, 0, 37, 87, 1, 1, 0, 15)
5 (1, 4, 0, 199, 394, 0, 0, 69, 1, 1, 0, 39)
6 (1, 4, 0, 46, 336, 0, 0, 131, 1, 1, 0, 132)
7 (1, 4, 0, 0, 0, 0, 0, 73, 1, 1, 0, 7)
8 (1, 4, 0, 0, 0, 7, 0, 74, 1, 1, 0, 60)
9 (1, 4, 0, 0, 0, 7, 0, 80, 1, 1, 0, 188)
10 (1, 4, 152, 179, 0, 0, 0, 134, 1, 1, 0, 206)
11 (1, 4, 191, 66, 0, 0, 98, 162, 1, 1, 0, 134)
12 (1, 4, 0, 0, 0, 0, 94, 128, 1, 1, 0, 178)
13 (1, 4, 154, 0, 306, 61, 0, 115, 1, 1, 0, 201)
14 (1, 4, 24, 0, 2, 68, 0, 64, 1, 1, 0, 36)
15 (1, 4, 0, 0, 0, 54, 0, 116, 1, 1, 0, 105)
16 (1, 4, 0, 4, 0, 40, 0, 115, 1, 1, 0, 237)
17 (1, 4, 0, 0, 3, 40, 0, 123, 1, 1, 0, 102)
18 (1, 4, 20, 0, 13, 48, 0, 107, 1, 1, 0, 175)
19 (1, 4, 12, 0, 0, 56, 0, 97, 1, 1, 0, 226)
20 (1, 4, 0, 12, 2, 58, 0, 99, 1, 1, 0, 107)
21 (1, 4, 0, 11, 0, 54, 0, 100, 1, 1, 0, 209)
22 (1, 4, 0, 31, 0, 55, 0, 101, 1, 1, 0, 170)
23 (1, 4, 0, 20, 0, 53, 0, 100, 1, 1, 0, 32)
24 (1, 4, 0, 10, 0, 51, 0, 99, 1, 1, 0, 20)
25 (1, 4, 0, 15, 0, 53, 0, 100, 1, 1, 0, 42)
26 (1, 4, 0, 34, 0, 53, 0, 106, 1, 1, 0, 18)
27 (1, 4, 0, 30, 0, 52, 0, 105, 1, 1, 0, 161)
28 (1, 4, 0, 30, 0, 8, 0, 105, 1, 1, 0, 59)
29 (1, 4, 0, 20, 0, 11, 0, 103, 1, 1, 0, 226)
30 (1, 4, 0, 16, 0, 1, 0, 108, 1, 1, 0, 114)
31 (1, 4, 14, 0, 77, 0, 0, 117, 1, 1, 0, 51)
32 (1, 4, 0, 0, 181, 0, 0, 110, 1, 1, 0, 15)
1 (1, 4, 0, 0, 295, 0, 0, 99, 1, 1, 0, 179)
2 (1, 4, 0, 0, 341, 0, 0, 96, 1, 1, 0, 128)
3 (1, 4, 0, 0, 373, 0, 0, 98, 1, 1, 0, 199)
4 (1, 4, 0, 0, 345, 0, 0, 103, 1, 1, 0, 113)
5 (1, 4, 0, 0, 279, 12, 0, 118, 1, 1, 0, 207)
6 (1, 4, 118, 0, 313, 1, 0, 160, 1, 1, 0, 61)
7 (1, 4, 262, 0, 412, 0, 47, 184, 1, 2, 0, 107)
8 (1, 4, 264, 0, 471, 0, 31, 168, 1, 2, 0, 152)
9 (1, 4, 0, 0, 351, 0, 14, 75, 1, 2, 0, 83)
10 (1, 4, 0, 0, 568, 0, 0, 27, 1, 2, 0, 18)
11 (1, 4, 0, 0, 240, 34, 0, 59, 1, 2, 0, 104)
12 (1, 4, 122, 167, 0, 29, 0, 1, 1, 1, 0, 199)
13 (1, 4, 0, 117, 0, 0, 0, 40, 1, 1, 0, 115)
14 (1, 4, 0, 187, 0, 0, 0, 135, 1, 1, 0, 39)
15 (1, 4, 0, 89, 0, 0, 104, 227, 1, 1, 0, 77)
16 (1, 4, 0, 0, 0, 0, 105, 134, 1, 1, 0, 158)
17 (1, 4, 0, 0, 134, 28, 0, 152, 1, 2, 0, 138)
18 (1, 4, 10, 0, 50, 63, 0, 97, 1, 2, 0, 136)
19 (1, 4, 0, 0, 0, 55, 0, 93, 1, 2, 0, 95)
20 (1, 4, 0, 0, 3, 41, 0, 104, 1, 2, 0, 113)
21 (1, 4, 3, 0, 62, 53, 0, 104, 1, 1, 0, 90)
22 (1, 4, 55, 0, 57, 58, 0, 98, 1, 1, 0, 86)
23 (1, 4, 37, 0, 8, 56, 0, 91, 1, 1, 0, 198)
24 (1, 4, 72, 0, 11, 63, 0, 87, 1, 1, 0, 183)
25 (1, 4, 18, 0, 4, 61, 0, 87, 1, 1, 0, 213)
26 (1, 4, 29, 0, 10, 59, 0, 91, 1, 1, 0, 159) [FRAGMENTED]
27 (1, 4, 0, 90, 0, 45, 0, 103, 1, 1, 0, 206)
28 (1, 4, 0, 88, 0, 48, 0, 95, 1, 1, 0, 87)
29 (1, 4, 0, 104, 0, 49, 0, 94, 1, 1, 0, 52)
30 (1, 4, 0, 145, 0, 49, 0, 102, 1, 1, 0, 139)
31 (1, 4, 15, 179, 0, 34, 0, 134, 1, 1, 0, 198)
32 (1, 4, 0, 129, 22, 9, 38, 189, 1, 1, 0, 142)
1 (1, 4, 0, 0, 152, 0, 27, 210, 1, 1, 0, 47)
2 (1, 4, 115, 0, 317, 0, 0, 113, 1, 1, 0, 137)
3 (1, 4, 0, 0, 401, 0, 0, 0, 1, 1, 0, 48)
4 (1, 4, 56, 0, 105, 14, 0, 0, 1, 1, 0, 183)
5 (1, 4, 0, 143, 0, 0, 0, 0, 1, 1, 0, 199)
6 (1, 4, 0, 202, 0, 0, 0, 14, 1, 1, 0, 13)
7 (1, 4, 0, 255, 0, 0, 0, 109, 1, 1, 0, 67)
8 (1, 4, 16, 208, 0, 0, 31, 173, 1, 1, 0, 51)
9 (1, 4, 0, 0, 0, 0, 44, 188, 1, 1, 0, 63)
10 (1, 4, 0, 0, 26, 28, 0, 135, 1, 1, 0, 113)
11 (1, 4, 0, 0, 57, 42, 0, 101, 1, 1, 0, 191)
12 (1, 4, 0, 0, 47, 44, 0, 91, 1, 1, 0, 167)
13 (1, 4, 0, 0, 5, 42, 0, 85, 1, 1, 0, 174)
14 (1, 4, 0, 0, 20, 40, 0, 90, 1, 1, 0, 130)
15 (1, 4, 0, 2, 26, 41, 0, 86, 1, 1, 0, 162)
16 (1, 4, 0, 15, 22, 40, 0, 88, 1, 1, 0, 165)
17 (1, 4, 8, 12, 23, 38, 0, 88, 1, 1, 0, 35)
18 (1, 4, 0, 0, 9, 36, 0, 86, 1, 1, 0, 144)
19 (1, 4, 0, 0, 0, 36, 0, 86, 1, 1, 0, 184)
20 (1, 4, 41, 0, 11, 40, 0, 81, 1, 1, 0, 145)
21 (1, 4, 25, 0, 0, 36, 0, 82, 1, 1, 0, 83)
22 (1, 4, 24, 9, 0, 39, 0, 84, 1, 1, 0, 182)
23 (1, 4, 18, 11, 0, 41, 0, 83, 1, 1, 0, 30)
24 (1, 4, 19, 8, 0, 38, 0, 84, 1, 1, 0, 126)
25 (1, 4, 24, 9, 0, 37, 0, 84, 1, 1, 0, 136)
26 (1, 4, 8, 2, 0, 37, 0, 87, 1, 1, 0, 101)
27 (1, 4, 192, 0, 228, 14, 0, 139, 1, 1, 0, 253)
28 (1, 4, 423, 0, 280, 28, 0, 153, 1, 1, 0, 12)
29 (1, 4, 644, 81, 307, 66, 0, 172, 1, 1, 0, 49)
30 (1, 4, 663, 80, 184, 21, 0, 192, 1, 1, 0, 217)
31 (1, 4, 531, 0, 120, 4, 68, 139, 1, 1, 0, 196)
32 (1, 4, 289, 0, 285, 16, 71, 52, 1, 1, 0, 106)
1 (1, 4, 0, 80, 303, 3, 0, 12, 0, 1, 0, 179)
2 (1, 4, 0, 105, 90, 33, 0, 72, 0, 1, 0, 28)
3 (1, 4, 39, 134, 0, 14, 0, 35, 0, 1, 0, 51)
4 (1, 4, 0, 246, 0, 1, 0, 21, 0, 0, 0, 142)
5 (1, 4, 0, 192, 0, 0, 0, 124, 0, 1, 0, 63)
6 (1, 4, 0, 102, 0, 0, 109, 271, 1, 1, 0, 29)
7 (1, 4, 0, 0, 0, 0, 78, 349, 1, 2, 0, 255)
8 (1, 4, 214, 0, 48, 0, 112, 280, 1, 2, 0, 145)
9 (1, 4, 385, 0, 240, 0, 59, 180, 1, 1, 0, 170)
10 (1, 4, 337, 21, 427, 0, 68, 89, 1, 1, 0, 19)
11 (1, 4, 0, 0, 338, 0, 0, 103, 1, 1, 0, 118)
12 (1, 4, 0, 0, 126, 24, 0, 55, 1, 1, 0, 174)
13 (1, 4, 0, 0, 21, 60, 0, 53, 1, 1, 0, 128)
14 (1, 4, 1, 38, 0, 72, 0, 76, 1, 1, 0, 251)
15 (1, 4, 47, 142, 0, 43, 13, 112, 1, 1, 0, 179)
16 (1, 4, 32, 110, 0, 24, 25, 139, 1, 1, 0, 193)
17 (1, 4, 0, 51, 0, 21, 26, 137, 1, 1, 0, 145)
18 (1, 4, 25, 51, 0, 19, 23, 137, 1, 1, 0, 22)
19 (1, 4, 0, 21, 0, 23, 23, 124, 1, 1, 0, 150)
20 (1, 4, 21, 47, 8, 25, 10, 123, 1, 1, 0, 246)
21 (1, 4, 0, 40, 0, 21, 14, 118, 1, 1, 0, 185)
22 (1, 4, 0, 44, 0, 21, 4, 126, 1, 1, 0, 186)
23 (1, 4, 0, 40, 0, 20, 15, 124, 1, 1, 0, 140)
24 (1, 4, 0, 33, 0, 17, 16, 127, 1, 1, 0, 163)
25 (1, 4, 0, 15, 0, 14, 18, 127, 1, 1, 0, 197)
26 (1, 4, 2, 12, 0, 15, 16, 128, 1, 1, 0, 168)
27 (1, 4, 0, 0, 51, 0, 0, 74, 1, 1, 0, 91)
28 (1, 4, 0, 0, 79, 0, 0, 83, 1, 1, 0, 37)
29 (1, 4, 75, 0, 105, 0, 0, 120, 1, 1, 0, 108)
30 (1, 4, 229, 0, 130, 0, 0, 145, 1, 1, 0, 66)
31 (1, 4, 300, 0, 183, 0, 0, 151, 1, 1, 0, 37)
32 (1, 4, 247, 0, 219, 0, 0, 91, 1, 1, 0, 142)
1 (1, 4, 204, 0, 181, 0, 0, 54, 1, 2, 0, 26)
2 (1, 4, 184, 0, 89, 15, 0, 27, 1, 2, 0, 222)
3 (1, 4, 273, 0, 1, 24, 0, 0, 1, 3, 0, 214)
4 (1, 4, 51, 186, 0, 45, 0, 0, 1, 2, 0, 241)
5 (1, 4, 0, 376, 0, 21, 0, 7, 1, 2, 0, 59)
6 (1, 4, 0, 480, 0, 0, 0, 259, 1, 1, 0, 157)
7 (1, 4, 0, 0, 0, 0, 529, 354, 1, 1, 0, 217)
8 (1, 4, 244, 0, 542, 0, 99, 144, 1, 1, 0, 57)
9 (1, 4, 0, 0, 264, 0, 0, 89, 1, 1, 0, 53)
10 (1, 4, 19, 0, 52, 61, 0, 0, 1, 1, 0, 223)
11 (1, 4, 88, 90, 0, 20, 0, 39, 1, 1, 0, 107)
12 (1, 4, 0, 79, 0, 22, 0, 93, 1, 1, 0, 38)
13 (1, 4, 4, 90, 0, 28, 0, 110, 1, 1, 0, 194)
14 (1, 4, 6, 90, 0, 26, 0, 122, 1, 1, 0, 58)
15 (1, 4, 0, 46, 0, 22, 0, 120, 1, 1, 0, 217)
16 (1, 4, 0, 45, 0, 24, 0, 118, 1, 1, 0, 157)
17 (1, 4, 0, 39, 0, 23, 0, 114, 1, 1, 0, 147)
18 (1, 4, 0, 0, 0, 17, 0, 106, 1, 1, 0, 40)
19 (1, 4, 0, 24, 0, 22, 0, 107, 1, 1, 0, 120)
20 (1, 4, 0, 0, 0, 20, 0, 111, 1, 1, 0, 225)
21 (1, 4, 0, 0, 0, 27, 0, 114, 1, 1, 0, 215)
22 (1, 4, 0, 0, 0, 28, 0, 112, 1, 1, 0, 51)
23 (1, 4, 25, 4, 0, 30, 0, 106, 1, 1, 0, 201)
24 (1, 4, 16, 22, 0, 28, 0, 106, 1, 1, 0, 133)
25 (1, 4, 23, 22, 0, 24, 0, 104, 1, 1, 0, 106)
26 (1, 4, 0, 13, 0, 17, 0, 100, 1, 1, 0, 210)
27 (1, 4, 237, 0, 0, 43, 0, 75, 1, 1, 0, 147)
28 (1, 4, 237, 28, 0, 30, 0, 68, 1, 1, 0, 31)
29 (1, 4, 150, 32, 27, 8, 0, 52, 1, 1, 0, 227)
30 (1, 4, 0, 47, 82, 0, 0, 55, 1, 1, 0, 206)
31 (1, 4, 0, 45, 183, 0, 0, 42, 1, 1, 0, 14)
32 (1, 4, 0, 15, 66, 0, 0, 20, 0, 1, 0, 214)
1 (1, 4, 0, 163, 0, 2, 0, 0, 0, 1, 0, 48)
2 (1, 4, 0, 289, 0, 0, 0, 0, 0, 1, 0, 135)
3 (1, 4, 0, 306, 0, 0, 0, 99, 0, 1, 0, 188)
4 (1, 4, 0, 36, 0, 0, 165, 295, 1, 1, 0, 87)
5 (1, 4, 0, 0, 185, 41, 0, 152, 1, 1, 0, 146)
6 (1, 4, 0, 0, 29, 104, 0, 50, 0, 1, 0, 19)
7 (1, 4, 0, 81, 0, 56, 0, 64, 0, 1, 0, 225)
8 (1, 4, 7, 70, 0, 27, 0, 78, 0, 1, 0, 70)
9 (1, 4, 19, 19, 2, 32, 0, 74, 0, 1, 0, 142)
10 (1, 4, 28, 0, 0, 35, 0, 64, 0, 1, 0, 48)
11 (1, 4, 80, 24, 37, 43, 0, 75, 0, 1, 0, 99)
12 (1, 4, 91, 20, 38, 35, 0, 77, 0, 1, 0, 231)
13 (1, 4, 21, 0, 0, 39, 0, 72, 0, 1, 0, 216)
14 (1, 4, 0, 0, 0, 40, 0, 72, 0, 1, 0, 171)
15 (1, 4, 11, 7, 3, 38, 0, 77, 0, 1, 0, 96)
16 (1, 4, 38, 14, 40, 36, 0, 80, 1, 1, 0, 209)
17 (1, 4, 47, 13, 22, 38, 0, 77, 1, 1, 0, 150)
18 (1, 4, 0, 11, 0, 40, 0, 76, 1, 1, 0, 215)
19 (1, 4, 0, 26, 0, 38, 0, 78, 1, 1, 0, 0)
20 (1, 4, 0, 23, 0, 37, 0, 82, 1, 1, 0, 177)
21 (1, 4, 0, 17, 0, 37, 0, 81, 1, 1, 0, 96)
22 (1, 4, 4, 17, 0, 35, 0, 80, 1, 1, 0, 197)
23 (1, 4, 12, 18, 7, 33, 0, 80, 1, 1, 0, 182)
24 (1, 4, 7, 11, 0, 33, 0, 81, 1, 1, 0, 137)
25 (1, 4, 5, 3, 0, 35, 0, 81, 1, 1, 0, 24)
26 (1, 4, 4, 0, 0, 37, 0, 80, 1, 1, 0, 83)
27 (1, 4, 228, 75, 117, 11, 0, 93, 1, 1, 0, 67)
28 (1, 4, 0, 0, 112, 0, 0, 61, 1, 1, 0, 63)
29 (1, 4, 0, 0, 137, 0, 0, 72, 1, 1, 0, 1)
30 (1, 4, 0, 0, 0, 8, 0, 55, 1, 1, 0, 238)
31 (1, 4, 108, 65, 15, 21, 0, 63, 1, 1, 0, 1)
32 (1, 4, 124, 144, 0, 6, 0, 40, 0, 1, 0, 154)
1 (1, 4, 0, 101, 0, 0, 0, 0, 0, 1, 0, 59)
2 (1, 4, 0, 223, 0, 0, 0, 6, 0, 1, 0, 139)
3 (1, 4, 0, 247, 0, 0, 10, 148, 0, 1, 0, 41)
4 (1, 4, 0, 31, 0, 0, 77, 278, 0, 1, 0, 178)
5 (1, 4, 0, 0, 0, 33, 0, 158, 0, 1, 0, 156)
6 (1, 4, 70, 25, 118, 53, 0, 112, 0, 1, 0, 158)
7 (1, 4, 0, 7, 0, 47, 0, 85, 0, 1, 0, 103)
8 (1, 4, 62, 32, 26, 41, 0, 74, 0, 0, 0, 59)
9 (1, 4, 0, 0, 0, 37, 0, 75, 0, 0, 0, 61)
10 (1, 4, 21, 0, 7, 35, 0, 83, 0, 1, 0, 30)
11 (1, 4, 55, 0, 13, 39, 0, 88, 0, 1, 0, 166)
12 (1, 4, 91, 0, 31, 35, 0, 82, 0, 0, 0, 180)
13 (1, 4, 0, 0, 0, 42, 0, 80, 0, 1, 0, 172)
14 (1, 4, 24, 0, 9, 43, 0, 81, 0, 0, 0, 191)
15 (1, 4, 0, 0, 0, 44, 0, 82, 0, 0, 0, 60)
16 (1, 4, 29, 6, 1, 39, 0, 83, 0, 1, 0, 212)
17 (1, 4, 45, 0, 7, 37, 0, 84, 0, 1, 0, 24)
18 (1, 4, 25, 0, 8, 36, 0, 82, 0, 1, 0, 141)
19 (1, 4, 0, 0, 0, 39, 0, 85, 0, 1, 0, 157)
20 (1, 4, 0, 0, 8, 40, 0, 88, 0, 1, 0, 196)
21 (1, 4, 0, 0, 0, 43, 0, 87, 0, 1, 0, 160)
22 (1, 4, 0, 3, 0, 42, 0, 87, 0, 1, 0, 103)
23 (1, 4, 0, 7, 0, 41, 0, 85, 0, 1, 0, 37)
24 (1, 4, 0, 10, 0, 41, 0, 84, 0, 1, 0, 38)
