1 (1, 4, 0, 0, 0, 0, 246, 220, 20, 20, 0, 254)
2 (1, 4, 23, 0, 206, 4, 182, 138, 20, 20, 0, 207)
3 (1, 4, 0, 0, 388, 0, 122, 95, 20, 20, 0, 246)
4 (1, 4, 141, 62, 522, 0, 0, 67, 20, 20, 0, 52)
5 (1, 4, 0, 7, 582, 0, 0, 38, 20, 20, 0, 149)
6 (1, 4, 194, 119, 261, 12, 0, 97, 20, 20, 0, 64)
7 (1, 4, 0, 0, 0, 35, 0, 115, 20, 20, 0, 83)
8 (1, 4, 116, 1, 0, 3, 0, 101, 20, 20, 0, 134)
9 (1, 4, 123, 31, 0, 0, 0, 96, 20, 20, 0, 50)
10 (1, 4, 0, 0, 16, 0, 13, 63, 20, 20, 0, 101)
11 (1, 4, 0, 0, 147, 0, 0, 56, 20, 20, 0, 103)
12 (1, 4, 0, 81, 346, 0, 2, 57, 20, 20, 0, 98)
13 (1, 4, 0, 85, 506, 0, 0, 75, 20, 20, 0, 203)
14 (1, 4, 0, 23, 643, 0, 0, 98, 20, 20, 0, 4)
15 (1, 4, 0, 0, 329, 0, 0, 34, 20, 20, 0, 92)
16 (1, 4, 0, 30, 438, 0, 0, 35, 20, 20, 0, 52)
17 (1, 4, 6, 11, 0, 0, 0, 24, 20, 20, 0, 188)
18 (1, 4, 0, 4, 0, 0, 0, 23, 20, 20, 0, 208)
19 (1, 4, 0, 5, 0, 0, 0, 25, 20, 20, 0, 67)
20 (1, 4, 0, 5, 0, 0, 0, 24, 20, 20, 0, 156)
21 (1, 4, 4, 10, 0, 0, 0, 25, 20, 20, 0, 202)
22 (1, 4, 4, 7, 0, 0, 0, 24, 20, 20, 0, 201)
23 (1, 4, 0, 0, 0, 0, 0, 24, 20, 20, 0, 243)
24 (1, 4, 0, 5, 0, 0, 0, 25, 20, 20, 0, 67)
25 (1, 4, 0, 2, 0, 0, 0, 24, 20, 20, 0, 158)
26 (1, 4, 7, 9, 0, 0, 0, 24, 20, 20, 0, 223)
27 (1, 4, 8, 7, 0, 0, 0, 25, 20, 20, 0, 94)
28 (1, 4, 4, 9, 0, 0, 0, 25, 20, 20, 0, 18)
29 (1, 4, 0, 6, 0, 0, 0, 24, 20, 20, 0, 68)
30 (1, 4, 0, 0, 0, 0, 0, 24, 20, 19, 0, 229)
31 (1, 4, 0, 3, 0, 0, 0, 24, 18, 18, 0, 29)
32 (1, 4, 0, 3, 0, 0, 0, 24, 18, 18, 0, 29)
1 (1, 4, 64, 241, 0, 0, 41, 96, 6, 6, 0, 4)
2 (1, 4, 0, 61, 0, 0, 202, 209, 6, 7, 0, 130)
3 (1, 4, 14, 20, 0, 0, 234, 248, 7, 7, 0, 233)
4 (1, 4, 83, 0, 326, 0, 130, 175, 7, 7, 0, 249)
5 (1, 4, 151, 0, 531, 0, 109, 113, 8, 8, 0, 51)
6 (1, 4, 252, 166, 642, 0, 22, 77, 8, 8, 0, 68)
7 (1, 4, 0, 0, 685, 0, 0, 70, 9, 9, 0, 117)
8 (1, 4, 57, 9, 104, 16, 0, 58, 10, 9, 0, 169)
9 (1, 4, 0, 0, 0, 14, 0, 71, 10, 9, 0, 117)
10 (1, 4, 0, 12, 0, 0, 0, 60, 10, 10, 0, 160)
11 (1, 4, 0, 55, 0, 0, 2, 57, 10, 10, 0, 48)
12 (1, 4, 0, 66, 94, 0, 0, 59, 11, 11, 0, 116)
13 (1, 4, 0, 128, 254, 0, 0, 66, 11, 11, 0, 150)
14 (1, 4, 0, 211, 368, 0, 0, 99, 11, 11, 0, 179)
15 (1, 4, 0, 158, 477, 0, 0, 97, 11, 11, 0, 44)
16 (1, 4, 0, 0, 319, 0, 0, 97, 11, 11, 0, 147)
17 (1, 4, 103, 24, 5, 0, 0, 24, 12, 9, 0, 151)
18 (1, 4, 45, 17, 5, 0, 0, 24, 11, 11, 0, 139)
19 (1, 4, 12, 12, 6, 0, 0, 25, 11, 11, 0, 155)
20 (1, 4, 11, 10, 6, 0, 0, 26, 12, 12, 0, 95)
21 (1, 4, 13, 8, 3, 0, 0, 25, 13, 12, 0, 216)
22 (1, 4, 13, 10, 0, 0, 0, 25, 13, 13, 0, 101)
23 (1, 4, 12, 11, 0, 0, 0, 24, 13, 13, 0, 1)
24 (1, 4, 6, 8, 0, 0, 0, 25, 14, 13, 0, 204)
25 (1, 4, 0, 2, 0, 0, 0, 24, 14, 14, 0, 84)
26 (1, 4, 0, 5, 0, 0, 0, 25, 14, 14, 0, 137)
27 (1, 4, 0, 9, 0, 0, 0, 26, 15, 14, 0, 228)
28 (1, 4, 17, 14, 0, 0, 0, 25, 15, 15, 0, 5)
29 (1, 4, 19, 13, 0, 0, 0, 24, 15, 15, 0, 30)
30 (1, 4, 1, 9, 0, 0, 0, 25, 16, 16, 0, 0)
31 (1, 4, 0, 7, 0, 0, 0, 24, 16, 16, 0, 213)
32 (1, 4, 0, 5, 0, 0, 0, 25, 17, 17, 0, 110)
1 (1, 4, 165, 0, 0, 0, 0, 80, 20, 20, 0, 184)
2 (1, 4, 215, 0, 0, 0, 0, 99, 20, 20, 0, 30)
3 (1, 4, 165, 0, 0, 0, 0, 106, 20, 20, 0, 153)
4 (1, 4, 242, 0, 0, 0, 0, 111, 20, 20, 0, 112)
5 (1, 4, 373, 0, 0, 0, 0, 99, 20, 20, 0, 210)
6 (1, 4, 542, 0, 0, 0, 0, 66, 20, 20, 0, 134)
7 (1, 4, 560, 0, 0, 0, 0, 55, 20, 20, 0, 136)
8 (1, 4, 546, 0, 0, 0, 29, 47, 18, 18, 0, 165)
9 (1, 4, 111, 0, 0, 0, 24, 18, 16, 16, 0, 212)
10 (1, 4, 75, 0, 0, 4, 0, 14, 20, 20, 0, 123)
11 (1, 4, 0, 0, 0, 38, 0, 11, 20, 20, 0, 237)
12 (1, 4, 0, 182, 0, 29, 0, 0, 20, 20, 0, 179)
13 (1, 4, 0, 218, 0, 0, 6, 128, 7, 11, 0, 29)
14 (1, 4, 0, 0, 0, 0, 413, 208, 0, 0, 0, 155)
15 (1, 4, 170, 12, 28, 0, 222, 261, 20, 20, 0, 120)
16 (1, 4, 192, 0, 274, 0, 197, 168, 20, 20, 0, 46)
17 (1, 4, 0, 47, 35, 0, 0, 36, 5, 5, 0, 177)
18 (1, 4, 271, 77, 28, 0, 0, 77, 5, 5, 0, 204)
19 (1, 4, 62, 56, 36, 0, 0, 0, 6, 6, 0, 139)
20 (1, 4, 68, 30, 19, 0, 0, 33, 7, 7, 0, 47)
21 (1, 4, 34, 6, 0, 0, 0, 31, 7, 7, 0, 7)
22 (1, 4, 0, 3, 0, 0, 0, 25, 7, 7, 0, 127)
23 (1, 4, 0, 0, 0, 0, 0, 25, 8, 8, 0, 208)
24 (1, 4, 0, 0, 0, 0, 0, 26, 9, 9, 0, 191)
25 (1, 4, 0, 0, 0, 0, 0, 27, 10, 10, 0, 123)
26 (1, 4, 0, 2, 0, 0, 0, 26, 10, 10, 0, 201)
27 (1, 4, 8, 14, 0, 0, 0, 27, 10, 10, 0, 15)
28 (1, 4, 3, 10, 0, 0, 0, 25, 11, 11, 0, 7)
29 (1, 4, 8, 10, 0, 0, 0, 25, 13, 13, 0, 83)
30 (1, 4, 11, 14, 0, 0, 0, 27, 13, 13, 0, 34)
31 (1, 4, 0, 11, 0, 0, 0, 25, 14, 14, 0, 141)
32 (1, 4, 0, 6, 0, 0, 0, 25, 14, 14, 0, 81)
1 (1, 4, 268, 151, 0, 0, 0, 14, 20, 20, 0, 196)
2 (1, 4, 506, 114, 0, 0, 0, 35, 20, 20, 0, 149)
3 (1, 4, 485, 0, 0, 0, 0, 49, 20, 20, 0, 8)
4 (1, 4, 110, 0, 0, 0, 0, 20, 20, 20, 0, 118)
5 (1, 4, 10, 0, 0, 0, 0, 0, 20, 20, 0, 166)
6 (1, 4, 237, 748, 0, 0, 0, 0, 20, 20, 0, 51)
7 (1, 4, 0, 376, 0, 0, 0, 128, 20, 20, 0, 54)
8 (1, 4, 0, 168, 0, 0, 169, 349, 20, 20, 0, 196)
9 (1, 4, 42, 0, 49, 0, 161, 305, 20, 20, 0, 176)
10 (1, 4, 115, 0, 361, 0, 155, 160, 20, 20, 0, 214)
11 (1, 4, 333, 5, 735, 0, 0, 59, 0, 0, 0, 180)
12 (1, 4, 0, 0, 441, 0, 0, 26, 20, 20, 0, 79)
13 (1, 4, 21, 57, 0, 31, 0, 34, 20, 20, 0, 243)
14 (1, 4, 0, 13, 0, 29, 0, 72, 20, 20, 0, 213)
15 (1, 4, 0, 29, 12, 15, 0, 93, 20, 20, 0, 230)
16 (1, 4, 0, 6, 103, 0, 0, 87, 20, 20, 0, 24)
17 (1, 4, 0, 3, 0, 0, 0, 27, 17, 15, 0, 238)
18 (1, 4, 0, 4, 0, 0, 0, 28, 16, 16, 0, 120)
19 (1, 4, 0, 7, 0, 0, 0, 28, 15, 14, 0, 44)
20 (1, 4, 0, 8, 1, 0, 0, 28, 12, 12, 0, 121)
21 (1, 4, 8, 12, 0, 0, 0, 28, 11, 11, 0, 120)
22 (1, 4, 23, 16, 0, 0, 0, 29, 11, 11, 0, 21)
23 (1, 4, 21, 15, 0, 0, 0, 28, 10, 10, 0, 15)
24 (1, 4, 17, 14, 0, 0, 0, 28, 9, 9, 0, 153)
25 (1, 4, 15, 13, 0, 0, 0, 28, 9, 9, 0, 245)
26 (1, 4, 12, 11, 0, 0, 0, 29, 9, 9, 0, 143)
27 (1, 4, 9, 9, 0, 0, 0, 28, 8, 8, 0, 2)
28 (1, 4, 2, 7, 0, 0, 0, 28, 8, 8, 0, 100)
29 (1, 4, 0, 5, 0, 0, 0, 29, 8, 8, 0, 202)
30 (1, 4, 0, 4, 0, 0, 0, 29, 8, 8, 0, 127)
31 (1, 4, 0, 4, 0, 0, 0, 29, 8, 8, 0, 127)
32 (1, 4, 0, 5, 0, 0, 0, 28, 8, 8, 0, 21)
1 (1, 4, 0, 0, 0, 0, 0, 16, 20, 19, 0, 15)
2 (1, 4, 0, 0, 0, 0, 0, 18, 20, 20, 0, 160)
3 (1, 4, 0, 0, 0, 0, 0, 32, 20, 20, 0, 107)
4 (1, 4, 0, 0, 0, 0, 0, 62, 20, 20, 0, 158)
5 (1, 4, 124, 0, 0, 0, 0, 96, 20, 20, 0, 200)
6 (1, 4, 121, 0, 0, 0, 0, 102, 20, 20, 0, 50)
7 (1, 4, 230, 0, 0, 0, 0, 62, 20, 20, 0, 225)
8 (1, 4, 222, 0, 0, 0, 0, 15, 20, 20, 0, 27)
9 (1, 4, 301, 0, 0, 0, 0, 4, 20, 20, 0, 60)
10 (1, 4, 250, 0, 0, 0, 0, 0, 20, 20, 0, 29)
11 (1, 4, 155, 0, 0, 0, 0, 0, 20, 20, 0, 93)
12 (1, 4, 132, 358, 0, 0, 0, 0, 20, 20, 0, 244)
13 (1, 4, 0, 198, 0, 0, 223, 214, 20, 20, 0, 45)
14 (1, 4, 0, 0, 0, 0, 273, 359, 20, 20, 0, 251)
15 (1, 4, 178, 0, 343, 22, 93, 189, 20, 20, 0, 17)
16 (1, 4, 115, 0, 388, 8, 0, 69, 20, 20, 0, 147)
17 (1, 4, 0, 0, 65, 0, 0, 52, 6, 5, 0, 157)
18 (1, 4, 16, 26, 2, 0, 0, 33, 6, 6, 0, 70)
19 (1, 4, 51, 52, 5, 0, 0, 23, 6, 6, 0, 14)
20 (1, 4, 85, 41, 0, 0, 0, 29, 6, 6, 0, 64)
21 (1, 4, 50, 23, 3, 0, 0, 28, 7, 7, 0, 238)
22 (1, 4, 4, 6, 4, 0, 0, 30, 7, 7, 0, 101)
23 (1, 4, 0, 16, 0, 0, 0, 30, 7, 7, 0, 213)
24 (1, 4, 0, 4, 0, 0, 0, 28, 8, 7, 0, 231)
25 (1, 4, 23, 12, 0, 0, 0, 28, 8, 8, 0, 217)
26 (1, 4, 9, 7, 0, 0, 0, 28, 8, 8, 0, 6)
27 (1, 4, 0, 5, 0, 0, 0, 28, 8, 8, 0, 21)
28 (1, 4, 0, 0, 0, 0, 0, 28, 9, 9, 0, 115)
29 (1, 4, 0, 1, 0, 0, 0, 28, 9, 9, 0, 198)
30 (1, 4, 0, 6, 0, 0, 0, 28, 9, 9, 0, 196)
31 (1, 4, 1, 10, 0, 0, 0, 29, 10, 10, 0, 103)
32 (1, 4, 4, 8, 0, 0, 0, 29, 10, 10, 0, 60)
