1 (1, 4, 0, 0, 0, 0, 0, 15, 1, 1, 0, 142)
2 (1, 4, 0, 20, 0, 0, 0, 20, 1, 1, 0, 106)
3 (1, 4, 0, 8, 50, 0, 0, 20, 1, 1, 0, 204)
4 (1, 4, 0, 38, 80, 0, 0, 23, 1, 1, 0, 70)
5 (1, 4, 0, 0, 74, 0, 0, 23, 1, 1, 0, 223)
6 (1, 4, 0, 0, 0, 0, 0, 40, 1, 1, 0, 60)
7 (1, 4, 137, 27, 0, 0, 0, 0, 1, 2, 0, 171)
8 (1, 4, 37, 177, 0, 0, 0, 0, 1, 1, 0, 145)
9 (1, 4, 295, 248, 0, 0, 0, 0, 1, 1, 0, 10)
10 (1, 4, 364, 195, 0, 0, 0, 0, 1, 1, 0, 41)
11 (1, 4, 533, 86, 0, 0, 0, 0, 1, 1, 0, 240)
12 (1, 4, 528, 121, 0, 0, 0, 0, 1, 1, 0, 181)
13 (1, 4, 287, 112, 0, 0, 0, 0, 1, 1, 0, 239)
14 (1, 4, 406, 275, 0, 0, 0, 0, 1, 1, 0, 248)
15 (1, 4, 194, 204, 0, 0, 0, 30, 1, 1, 0, 233)
16 (1, 4, 22, 59, 0, 0, 99, 180, 1, 1, 0, 106)
17 (1, 4, 0, 0, 0, 0, 307, 225, 1, 1, 0, 214)
18 (1, 4, 0, 0, 328, 0, 179, 130, 1, 1, 0, 105)
19 (1, 4, 0, 57, 458, 0, 48, 77, 1, 1, 0, 155)
20 (1, 4, 0, 128, 388, 0, 0, 58, 0, 1, 0, 199)
21 (1, 4, 0, 42, 317, 0, 0, 125, 1, 1, 0, 182)
22 (1, 4, 0, 0, 0, 26, 0, 79, 1, 1, 0, 250)
23 (1, 4, 80, 0, 0, 22, 0, 50, 1, 1, 0, 96)
24 (1, 4, 0, 54, 0, 8, 52, 49, 1, 1, 0, 93)
25 (1, 4, 0, 43, 110, 0, 32, 58, 1, 1, 0, 58)
26 (1, 4, 0, 79, 303, 0, 0, 69, 1, 1, 0, 80)
27 (1, 4, 0, 88, 463, 0, 0, 85, 1, 1, 0, 20)
28 (1, 4, 0, 194, 636, 0, 0, 73, 1, 1, 0, 202)
29 (1, 4, 0, 11, 406, 0, 0, 58, 1, 1, 0, 159)
30 (1, 4, 0, 12, 365, 0, 0, 68, 1, 1, 0, 0) [FRAGMENTED]
31 (1, 4, 0, 0, 0, 0, 0, 59, 1, 2, 0, 52)
32 (1, 4, 64, 0, 0, 0, 0, 59, 1, 1, 0, 0)
1 (1, 4, 199, 0, 0, 0, 0, 73, 1, 1, 0, 177)
2 (1, 4, 114, 0, 0, 0, 0, 106, 2, 2, 0, 105)
3 (1, 4, 311, 0, 0, 0, 0, 87, 3, 3, 0, 239)
4 (1, 4, 269, 0, 0, 0, 0, 57, 5, 5, 0, 80)
5 (1, 4, 185, 0, 0, 0, 0, 47, 6, 7, 0, 55)
6 (1, 4, 203, 0, 0, 7, 61, 0, 6, 7, 0, 83)
7 (1, 4, 0, 122, 153, 0, 0, 35, 6, 7, 0, 188)
8 (1, 4, 31, 122, 0, 0, 0, 55, 7, 7, 0, 100)
9 (1, 4, 76, 120, 0, 0, 0, 12, 8, 9, 0, 144)
10 (1, 4, 120, 93, 0, 22, 0, 14, 8, 9, 0, 46)
11 (1, 4, 0, 304, 0, 125, 79, 174, 11, 11, 0, 133)
12 (1, 4, 0, 138, 0, 138, 87, 300, 10, 11, 0, 27)
13 (1, 4, 283, 0, 228, 114, 54, 194, 9, 10, 0, 178)
14 (1, 4, 297, 0, 305, 84, 21, 129, 8, 9, 0, 186)
15 (1, 4, 0, 0, 331, 0, 29, 45, 6, 8, 0, 250)
16 (1, 4, 0, 192, 286, 0, 0, 139, 6, 6, 0, 35)
17 (1, 4, 45, 0, 0, 0, 0, 78, 5, 5, 0, 177)
18 (1, 4, 0, 0, 0, 22, 0, 54, 4, 5, 0, 58)
19 (1, 4, 0, 20, 0, 27, 0, 57, 5, 6, 0, 60)
20 (1, 4, 0, 157, 17, 26, 0, 55, 4, 4, 0, 93)
21 (1, 4, 0, 294, 99, 3, 0, 67, 3, 3, 0, 73)
22 (1, 4, 0, 242, 154, 0, 0, 71, 2, 2, 0, 107)
23 (1, 4, 0, 267, 284, 0, 0, 76, 1, 2, 0, 94)
24 (1, 4, 0, 135, 398, 0, 0, 60, 1, 1, 0, 248)
25 (1, 4, 0, 71, 382, 0, 0, 58, 1, 1, 0, 61)
26 (1, 4, 0, 15, 314, 0, 0, 43, 1, 1, 0, 164)
27 (1, 4, 0, 26, 292, 0, 0, 43, 1, 1, 0, 24)
28 (1, 4, 0, 11, 149, 0, 0, 22, 1, 1, 0, 71) [FRAGMENTED]
29 (1, 4, 300, 0, 0, 0, 0, 33, 2, 2, 0, 159)
30 (1, 4, 335, 0, 0, 0, 0, 35, 3, 3, 0, 115)
31 (1, 4, 439, 0, 0, 0, 0, 52, 4, 4, 0, 71)
32 (1, 4, 379, 0, 0, 0, 0, 79, 4, 5, 0, 67)
1 (1, 4, 161, 0, 0, 33, 85, 50, 4, 5, 0, 213)
2 (1, 4, 0, 96, 210, 0, 16, 26, 4, 5, 0, 47)
3 (1, 4, 45, 83, 160, 0, 0, 27, 4, 5, 0, 218)
4 (1, 4, 135, 30, 0, 0, 0, 2, 5, 4, 0, 219)
5 (1, 4, 98, 115, 0, 0, 0, 3, 4, 5, 0, 253)
6 (1, 4, 114, 87, 0, 14, 13, 94, 4, 4, 0, 89)
7 (1, 4, 0, 211, 0, 63, 108, 236, 4, 4, 0, 30)
8 (1, 4, 0, 0, 0, 67, 137, 302, 4, 4, 0, 140)
9 (1, 4, 202, 0, 245, 92, 85, 160, 4, 4, 0, 99)
10 (1, 4, 197, 0, 402, 81, 62, 96, 4, 4, 0, 141)
11 (1, 4, 284, 55, 498, 35, 45, 46, 4, 5, 0, 218)
12 (1, 4, 0, 213, 269, 0, 0, 87, 3, 4, 0, 81)
13 (1, 4, 80, 0, 0, 0, 0, 100, 4, 4, 0, 162)
14 (1, 4, 34, 0, 0, 17, 0, 63, 4, 4, 0, 226)
15 (1, 4, 0, 10, 0, 25, 0, 82, 3, 4, 0, 146)
16 (1, 4, 0, 137, 74, 5, 0, 75, 3, 3, 0, 160)
17 (1, 4, 0, 300, 177, 0, 0, 86, 2, 2, 0, 156)
18 (1, 4, 0, 234, 132, 0, 0, 85, 2, 2, 0, 97)
19 (1, 4, 0, 282, 225, 0, 0, 83, 2, 2, 0, 166)
20 (1, 4, 0, 248, 287, 0, 0, 70, 1, 2, 0, 170)
21 (1, 4, 0, 249, 276, 0, 0, 74, 1, 2, 0, 135)
22 (1, 4, 0, 265, 301, 0, 0, 67, 1, 1, 0, 98)
23 (1, 4, 0, 279, 291, 0, 0, 55, 1, 1, 0, 136)
24 (1, 4, 0, 131, 133, 0, 0, 22, 1, 1, 0, 138)
25 (1, 4, 0, 206, 100, 0, 0, 0, 1, 1, 0, 170)
26 (1, 4, 0, 73, 0, 0, 0, 110, 4, 3, 0, 11)
27 (1, 4, 0, 0, 0, 0, 0, 64, 3, 4, 0, 54)
28 (1, 4, 144, 7, 0, 0, 0, 0, 3, 3, 0, 146)
29 (1, 4, 465, 0, 0, 0, 0, 25, 3, 3, 0, 243)
30 (1, 4, 31, 0, 0, 0, 0, 93, 3, 4, 0, 31)
31 (1, 4, 316, 0, 0, 0, 0, 80, 4, 5, 0, 202)
32 (1, 4, 254, 0, 0, 0, 0, 63, 5, 6, 0, 138)
1 (1, 4, 354, 0, 0, 0, 0, 69, 6, 7, 0, 156)
2 (1, 4, 82, 0, 0, 24, 71, 61, 6, 7, 0, 25)
3 (1, 4, 63, 0, 143, 6, 54, 49, 6, 6, 0, 235)
4 (1, 4, 0, 172, 144, 0, 0, 6, 5, 6, 0, 6)
5 (1, 4, 351, 48, 0, 0, 0, 0, 5, 5, 0, 193)
6 (1, 4, 149, 144, 0, 0, 0, 0, 5, 5, 0, 240)
7 (1, 4, 0, 262, 0, 0, 70, 145, 5, 5, 0, 140)
8 (1, 4, 0, 176, 0, 39, 199, 370, 5, 5, 0, 164)
9 (1, 4, 161, 0, 230, 63, 115, 231, 5, 5, 0, 213)
10 (1, 4, 156, 0, 415, 62, 47, 123, 5, 5, 0, 223)
11 (1, 4, 105, 0, 467, 10, 25, 100, 4, 6, 0, 69)
12 (1, 4, 0, 56, 479, 0, 13, 46, 4, 6, 0, 49)
13 (1, 4, 0, 131, 371, 0, 0, 93, 4, 5, 0, 162)
14 (1, 4, 122, 0, 0, 0, 0, 21, 4, 4, 0, 225)
15 (1, 4, 0, 101, 0, 0, 0, 63, 3, 4, 0, 214)
16 (1, 4, 0, 160, 3, 8, 0, 76, 3, 3, 0, 63)
17 (1, 4, 0, 298, 131, 0, 0, 97, 3, 3, 0, 237)
18 (1, 4, 0, 245, 234, 0, 0, 98, 2, 3, 0, 115)
19 (1, 4, 0, 242, 303, 0, 0, 93, 2, 2, 0, 12)
20 (1, 4, 0, 53, 251, 0, 0, 61, 2, 2, 0, 30)
21 (1, 4, 0, 102, 270, 0, 0, 66, 1, 2, 0, 80)
22 (1, 4, 0, 97, 256, 0, 0, 44, 1, 1, 0, 224)
23 (1, 4, 0, 146, 209, 0, 0, 36, 1, 1, 0, 79)
24 (1, 4, 0, 78, 0, 0, 0, 17, 1, 1, 0, 252)
25 (1, 4, 0, 0, 0, 0, 0, 17, 1, 1, 0, 123)
26 (1, 4, 0, 0, 0, 0, 0, 25, 1, 1, 0, 145) [FRAGMENTED]
27 (1, 4, 215, 0, 0, 0, 0, 108, 4, 4, 0, 119)
28 (1, 4, 108, 0, 0, 0, 8, 60, 5, 5, 0, 121)
29 (1, 4, 0, 0, 154, 0, 0, 0, 5, 5, 0, 78)
30 (1, 4, 53, 0, 0, 0, 0, 8, 5, 5, 0, 168)
31 (1, 4, 164, 24, 0, 0, 0, 0, 4, 5, 0, 9)
32 (1, 4, 173, 1, 0, 0, 27, 0, 5, 5, 0, 189)
1 (1, 4, 0, 71, 0, 86, 76, 196, 4, 5, 0, 82)
2 (1, 4, 0, 0, 0, 187, 110, 276, 5, 5, 0, 113)
3 (1, 4, 346, 0, 336, 232, 82, 54, 4, 5, 0, 85)
4 (1, 4, 199, 33, 463, 126, 46, 46, 4, 5, 0, 213)
5 (1, 4, 308, 162, 550, 0, 26, 61, 4, 5, 0, 51)
6 (1, 4, 0, 379, 485, 0, 0, 118, 4, 4, 0, 108)
7 (1, 4, 15, 0, 0, 0, 0, 83, 4, 4, 0, 240)
8 (1, 4, 0, 0, 0, 21, 0, 51, 4, 4, 0, 218)
9 (1, 4, 0, 0, 0, 2, 23, 74, 4, 4, 0, 159)
10 (1, 4, 0, 110, 63, 19, 0, 42, 3, 3, 0, 220)
11 (1, 4, 0, 341, 288, 0, 0, 53, 2, 3, 0, 20)
12 (1, 4, 0, 320, 289, 0, 0, 52, 2, 2, 0, 58)
13 (1, 4, 0, 186, 496, 0, 0, 68, 2, 2, 0, 246)
14 (1, 4, 0, 85, 416, 0, 0, 40, 2, 2, 0, 248)
15 (1, 4, 0, 16, 324, 0, 0, 36, 1, 2, 0, 135)
16 (1, 4, 0, 0, 282, 0, 0, 0, 1, 2, 0, 123)
17 (1, 4, 0, 0, 174, 0, 0, 0, 1, 2, 0, 8)
18 (1, 4, 0, 0, 60, 0, 0, 0, 1, 1, 0, 20)
19 (1, 4, 0, 0, 8, 0, 0, 0, 1, 1, 0, 203)
20 (1, 4, 0, 49, 0, 0, 0, 0, 1, 1, 0, 97)
21 (1, 4, 0, 52, 0, 0, 0, 6, 1, 1, 0, 194)
22 (1, 4, 51, 75, 0, 0, 0, 8, 1, 1, 0, 64)
23 (1, 4, 128, 49, 0, 0, 0, 6, 1, 1, 0, 184)
24 (1, 4, 128, 88, 0, 0, 0, 7, 1, 1, 0, 32)
25 (1, 4, 37, 81, 0, 0, 0, 13, 1, 1, 0, 145)
26 (1, 4, 4, 105, 11, 0, 0, 13, 1, 1, 0, 79)
27 (1, 4, 3, 9, 0, 0, 0, 13, 1, 1, 0, 35)
28 (1, 4, 0, 6, 0, 0, 0, 13, 1, 1, 0, 128)
29 (1, 4, 1, 9, 0, 0, 0, 14, 1, 1, 0, 89)
30 (1, 4, 0, 5, 0, 0, 0, 14, 1, 1, 0, 62)
31 (1, 4, 0, 6, 0, 0, 0, 14, 1, 1, 0, 230)
32 (1, 4, 39, 0, 0, 0, 0, 15, 1, 1, 0, 99)
1 (1, 4, 281, 40, 0, 0, 0, 37, 1, 1, 0, 145)
2 (1, 4, 447, 0, 0, 0, 0, 15, 2, 2, 0, 255)
3 (1, 4, 219, 0, 0, 0, 0, 97, 3, 3, 0, 64)
4 (1, 4, 257, 0, 0, 0, 0, 119, 4, 4, 0, 114)
5 (1, 4, 281, 0, 0, 0, 0, 136, 5, 5, 0, 175)
6 (1, 4, 267, 0, 0, 0, 15, 76, 5, 6, 0, 253)
7 (1, 4, 166, 0, 161, 0, 14, 18, 5, 6, 0, 57)
8 (1, 4, 0, 225, 0, 0, 0, 25, 5, 6, 0, 253)
9 (1, 4, 386, 0, 0, 0, 0, 0, 5, 5, 0, 88)
10 (1, 4, 93, 89, 0, 0, 0, 0, 5, 5, 0, 152)
11 (1, 4, 0, 270, 0, 30, 115, 102, 5, 5, 0, 206)
12 (1, 4, 0, 229, 0, 86, 139, 318, 5, 5, 0, 31)
13 (1, 4, 104, 0, 291, 108, 62, 219, 5, 5, 0, 5)
14 (1, 4, 112, 0, 344, 85, 0, 137, 5, 5, 0, 102)
15 (1, 4, 96, 0, 374, 32, 2, 96, 5, 5, 0, 180)
16 (1, 4, 0, 199, 342, 0, 0, 34, 4, 5, 0, 1)
17 (1, 4, 0, 0, 74, 0, 0, 86, 4, 5, 0, 3)
18 (1, 4, 0, 0, 0, 12, 0, 0, 4, 5, 0, 181)
19 (1, 4, 0, 116, 0, 36, 0, 36, 4, 5, 0, 138)
20 (1, 4, 0, 206, 52, 19, 0, 70, 4, 5, 0, 55)
21 (1, 4, 0, 196, 158, 0, 0, 96, 4, 4, 0, 165)
22 (1, 4, 0, 313, 301, 0, 0, 100, 2, 3, 0, 3)
23 (1, 4, 0, 252, 243, 0, 0, 74, 2, 2, 0, 2)
24 (1, 4, 0, 284, 264, 0, 0, 60, 1, 2, 0, 43)
25 (1, 4, 0, 134, 229, 0, 0, 54, 1, 1, 0, 65)
26 (1, 4, 0, 118, 233, 0, 0, 51, 1, 1, 0, 40)
27 (1, 4, 0, 9, 0, 0, 0, 39, 2, 2, 0, 216)
28 (1, 4, 0, 10, 0, 0, 0, 39, 2, 2, 0, 0)
29 (1, 4, 3, 9, 0, 0, 0, 39, 2, 2, 0, 202)
30 (1, 4, 0, 21, 0, 0, 0, 58, 2, 2, 0, 67)
31 (1, 4, 231, 170, 0, 0, 0, 22, 1, 1, 0, 4)
32 (1, 4, 245, 214, 0, 0, 0, 0, 1, 1, 0, 174)
1 (1, 4, 455, 325, 0, 0, 0, 0, 0, 1, 0, 168)
2 (1, 4, 519, 279, 0, 0, 0, 0, 0, 1, 0, 189)
3 (1, 4, 576, 164, 0, 0, 0, 11, 1, 1, 0, 111)
4 (1, 4, 444, 6, 0, 0, 45, 68, 1, 1, 0, 222)
5 (1, 4, 88, 0, 0, 0, 0, 38, 0, 1, 0, 97)
6 (1, 4, 248, 62, 0, 0, 0, 49, 0, 1, 0, 212)
7 (1, 4, 260, 307, 0, 0, 0, 0, 0, 0, 0, 218)
8 (1, 4, 207, 334, 0, 0, 0, 44, 0, 0, 0, 228)
9 (1, 4, 204, 56, 0, 0, 277, 130, 0, 1, 0, 238)
10 (1, 4, 0, 0, 10, 0, 250, 163, 0, 0, 0, 53)
11 (1, 4, 0, 0, 306, 0, 93, 113, 0, 0, 0, 161)
12 (1, 4, 0, 0, 272, 0, 0, 81, 0, 0, 0, 21)
13 (1, 4, 0, 79, 255, 0, 0, 101, 0, 0, 0, 208)
14 (1, 4, 0, 15, 19, 0, 0, 105, 0, 1, 0, 177)
15 (1, 4, 1, 0, 0, 0, 0, 108, 0, 1, 0, 96)
16 (1, 4, 1, 23, 0, 0, 0, 101, 0, 1, 0, 54)
17 (1, 4, 31, 17, 11, 0, 0, 102, 0, 1, 0, 84)
18 (1, 4, 0, 20, 37, 0, 0, 84, 0, 1, 0, 121)
19 (1, 4, 0, 4, 60, 0, 0, 62, 1, 1, 0, 154)
20 (1, 4, 0, 27, 105, 0, 0, 41, 1, 1, 0, 196)
21 (1, 4, 0, 105, 286, 0, 0, 25, 1, 1, 0, 57)
22 (1, 4, 0, 132, 253, 0, 0, 15, 2, 2, 0, 179)
23 (1, 4, 0, 0, 332, 0, 0, 19, 2, 1, 0, 32)
24 (1, 4, 0, 0, 301, 0, 0, 4, 2, 2, 0, 204)
25 (1, 4, 14, 81, 422, 0, 0, 5, 1, 2, 0, 64)
26 (1, 4, 0, 3, 241, 0, 0, 2, 1, 2, 0, 180)
27 (1, 4, 5, 12, 0, 0, 0, 5, 1, 1, 0, 130)
28 (1, 4, 0, 3, 0, 0, 0, 2, 1, 1, 0, 22)
29 (1, 4, 0, 7, 0, 0, 0, 3, 1, 1, 0, 19)
30 (1, 4, 41, 12, 0, 0, 0, 7, 1, 1, 0, 180)
31 (1, 4, 138, 44, 0, 0, 0, 0, 1, 1, 0, 165)
32 (1, 4, 496, 101, 0, 0, 0, 0, 0, 1, 0, 130)
1 (1, 4, 424, 67, 0, 0, 0, 0, 0, 1, 0, 238)
2 (1, 4, 407, 157, 0, 0, 0, 11, 0, 0, 0, 147)
3 (1, 4, 603, 68, 0, 0, 0, 26, 1, 1, 0, 161)
4 (1, 4, 675, 64, 0, 0, 0, 57, 1, 1, 0, 119)
5 (1, 4, 769, 13, 0, 0, 0, 43, 0, 1, 0, 236)
6 (1, 4, 533, 42, 0, 0, 60, 18, 0, 1, 0, 27)
7 (1, 4, 221, 117, 124, 0, 19, 38, 0, 1, 0, 155)
8 (1, 4, 0, 86, 99, 0, 0, 65, 0, 1, 0, 100)
9 (1, 4, 2, 70, 0, 0, 0, 138, 0, 1, 0, 228)
10 (1, 4, 0, 34, 0, 31, 0, 68, 0, 0, 0, 179)
11 (1, 4, 132, 105, 0, 0, 0, 107, 0, 0, 0, 124)
12 (1, 4, 104, 70, 0, 0, 159, 164, 0, 1, 0, 89)
13 (1, 4, 23, 2, 0, 0, 240, 162, 0, 1, 0, 134)
14 (1, 4, 0, 0, 269, 0, 133, 130, 0, 1, 0, 163)
15 (1, 4, 0, 16, 411, 0, 41, 92, 0, 1, 0, 28)
16 (1, 4, 0, 0, 352, 0, 0, 67, 0, 1, 0, 110)
17 (1, 4, 0, 0, 187, 0, 0, 133, 0, 1, 0, 66)
18 (1, 4, 0, 0, 0, 0, 0, 74, 0, 1, 0, 3)
19 (1, 4, 0, 1, 17, 0, 0, 55, 0, 1, 0, 42)
20 (1, 4, 0, 33, 91, 0, 0, 53, 1, 1, 0, 91)
21 (1, 4, 0, 91, 174, 0, 0, 52, 1, 1, 0, 59)
22 (1, 4, 0, 135, 263, 0, 0, 53, 1, 2, 0, 169)
23 (1, 4, 0, 102, 294, 0, 0, 61, 1, 2, 0, 220)
24 (1, 4, 0, 25, 365, 0, 0, 68, 1, 1, 0, 14)
25 (1, 4, 0, 17, 351, 0, 0, 60, 1, 1, 0, 206)
26 (1, 4, 0, 0, 272, 0, 0, 44, 2, 2, 0, 112)
27 (1, 4, 0, 8, 0, 0, 0, 26, 1, 1, 0, 68)
28 (1, 4, 0, 7, 0, 0, 0, 27, 1, 1, 0, 42)
29 (1, 4, 0, 3, 0, 0, 0, 26, 1, 1, 0, 47)
30 (1, 4, 0, 6, 0, 0, 0, 29, 1, 1, 0, 83)
31 (1, 4, 0, 0, 0, 0, 0, 51, 1, 1, 0, 99)
32 (1, 4, 464, 45, 0, 0, 0, 48, 1, 1, 0, 101)
1 (1, 4, 654, 0, 0, 0, 0, 132, 2, 2, 0, 214)
2 (1, 4, 776, 0, 0, 0, 0, 136, 2, 2, 0, 122)
3 (1, 4, 770, 0, 0, 0, 0, 96, 1, 2, 0, 52)
4 (1, 4, 743, 0, 0, 0, 0, 56, 1, 1, 0, 154)
5 (1, 4, 564, 0, 0, 0, 0, 40, 1, 1, 0, 39)
6 (1, 4, 282, 0, 12, 0, 0, 6, 0, 1, 0, 181)
7 (1, 4, 119, 23, 0, 42, 0, 0, 0, 0, 0, 182)
8 (1, 4, 0, 162, 0, 10, 0, 25, 0, 0, 0, 240)
9 (1, 4, 0, 140, 0, 0, 0, 99, 0, 0, 0, 148)
10 (1, 4, 0, 0, 0, 0, 317, 193, 0, 0, 0, 174)
11 (1, 4, 0, 0, 139, 0, 225, 260, 0, 0, 0, 142)
12 (1, 4, 210, 0, 333, 0, 146, 194, 0, 0, 0, 251)
13 (1, 4, 212, 30, 427, 0, 93, 106, 0, 0, 0, 121)
14 (1, 4, 0, 0, 335, 0, 0, 60, 0, 0, 0, 108)
15 (1, 4, 353, 0, 254, 19, 0, 42, 1, 1, 0, 87)
16 (1, 4, 0, 0, 0, 42, 0, 41, 0, 1, 0, 174)
17 (1, 4, 28, 95, 0, 18, 32, 58, 0, 1, 0, 11)
18 (1, 4, 0, 99, 0, 0, 8, 98, 0, 1, 0, 16)
19 (1, 4, 0, 111, 0, 0, 6, 88, 1, 1, 0, 234)
20 (1, 4, 0, 0, 0, 0, 0, 55, 1, 1, 0, 22)
21 (1, 4, 0, 0, 15, 0, 22, 55, 1, 1, 0, 219)
22 (1, 4, 0, 0, 186, 0, 5, 57, 1, 2, 0, 244)
23 (1, 4, 0, 59, 470, 0, 0, 77, 1, 2, 0, 94)
24 (1, 4, 0, 0, 278, 0, 0, 69, 2, 2, 0, 208)
25 (1, 4, 0, 70, 380, 0, 0, 59, 2, 2, 0, 99)
26 (1, 4, 0, 80, 159, 0, 0, 54, 2, 2, 0, 231)
27 (1, 4, 122, 0, 8, 11, 0, 0, 0, 1, 0, 178)
28 (1, 4, 148, 75, 0, 22, 0, 0, 0, 0, 0, 238)
29 (1, 4, 0, 252, 0, 13, 0, 4, 0, 0, 0, 216)
30 (1, 4, 0, 353, 0, 0, 0, 30, 0, 0, 0, 154)
31 (1, 4, 0, 283, 0, 0, 34, 193, 0, 0, 0, 126)
32 (1, 4, 0, 23, 0, 0, 164, 328, 0, 1, 0, 42)
1 (1, 4, 189, 0, 15, 0, 206, 311, 0, 1, 0, 142)
2 (1, 4, 209, 0, 353, 0, 210, 155, 0, 0, 0, 76)
3 (1, 4, 265, 26, 551, 0, 72, 132, 0, 0, 0, 56)
4 (1, 4, 90, 0, 593, 0, 0, 94, 0, 0, 0, 97)
5 (1, 4, 0, 0, 393, 0, 0, 63, 0, 0, 0, 113)
6 (1, 4, 53, 0, 40, 21, 0, 56, 0, 0, 0, 33)
7 (1, 4, 0, 0, 0, 52, 4, 40, 0, 0, 0, 180)
8 (1, 4, 0, 112, 0, 35, 30, 81, 0, 0, 0, 138)
9 (1, 4, 0, 180, 0, 14, 56, 96, 0, 0, 0, 17)
10 (1, 4, 0, 150, 0, 11, 42, 104, 0, 0, 0, 64)
11 (1, 4, 0, 265, 33, 0, 6, 87, 1, 1, 0, 106)
12 (1, 4, 0, 147, 0, 0, 0, 66, 1, 1, 0, 51)
13 (1, 4, 0, 134, 27, 0, 0, 78, 1, 1, 0, 218)
14 (1, 4, 0, 85, 52, 0, 0, 56, 1, 1, 0, 189)
15 (1, 4, 0, 97, 175, 0, 0, 67, 1, 1, 0, 246)
16 (1, 4, 0, 102, 262, 0, 0, 90, 1, 1, 0, 104)
17 (1, 4, 0, 135, 336, 0, 0, 49, 1, 1, 0, 0)
18 (1, 4, 0, 134, 275, 0, 0, 64, 2, 2, 0, 6)
19 (1, 4, 0, 11, 245, 0, 0, 32, 1, 2, 0, 65)
20 (1, 4, 0, 22, 138, 0, 0, 24, 1, 2, 0, 71)
21 (1, 4, 0, 3, 43, 0, 0, 25, 1, 1, 0, 176)
22 (1, 4, 0, 40, 27, 0, 0, 30, 1, 1, 0, 139)
23 (1, 4, 0, 45, 13, 0, 0, 16, 1, 1, 0, 204)
24 (1, 4, 0, 0, 0, 0, 0, 47, 1, 1, 0, 47)
25 (1, 4, 0, 0, 30, 0, 0, 0, 1, 1, 0, 197)
26 (1, 4, 36, 81, 47, 0, 0, 0, 1, 1, 0, 120
