1 (1, 4, 8, 17, 0, 0, 0, 12, 0, 1, 0, 46)
2 (1, 4, 33, 26, 0, 0, 0, 11, 0, 1, 0, 239)
3 (1, 4, 56, 27, 11, 0, 0, 19, 0, 1, 0, 250)
4 (1, 4, 115, 0, 0, 0, 0, 36, 0, 1, 0, 125)
5 (1, 4, 0, 0, 0, 0, 0, 19, 0, 0, 0, 203)
6 (1, 4, 0, 0, 0, 0, 0, 0, 0, 0, 0, 126)
7 (1, 4, 0, 64, 0, 0, 0, 2, 0, 0, 0, 68)
8 (1, 4, 48, 66, 0, 0, 0, 30, 0, 0, 0, 66)
9 (1, 4, 0, 0, 0, 0, 0, 22, 0, 0, 0, 97)
10 (1, 4, 0, 0, 0, 0, 0, 0, 0, 0, 0, 126)
11 (1, 4, 0, 375, 0, 23, 0, 0, 0, 0, 0, 19)
12 (1, 4, 0, 873, 246, 0, 0, 0, 0, 0, 0, 235)
13 (1, 4, 0, 873, 375, 0, 0, 0, 1, 1, 0, 218)
14 (1, 4, 0, 107, 38, 0, 0, 211, 0, 1, 0, 202)
15 (1, 4, 0, 0, 0, 0, 0, 94, 0, 1, 0, 165)
16 (1, 4, 261, 0, 0, 33, 0, 7, 0, 0, 0, 175)
17 (1, 4, 40, 0, 18, 59, 0, 0, 0, 0, 0, 94)
18 (1, 4, 0, 0, 0, 64, 0, 0, 0, 0, 0, 171)
19 (1, 4, 94, 0, 53, 61, 0, 0, 0, 0, 0, 141)
20 (1, 4, 148, 0, 26, 66, 0, 0, 0, 0, 0, 180)
21 (1, 4, 31, 0, 60, 60, 0, 0, 0, 0, 0, 61)
22 (1, 4, 88, 0, 101, 48, 0, 30, 0, 0, 0, 67)
23 (1, 4, 119, 0, 164, 21, 0, 29, 0, 0, 0, 172)
24 (1, 4, 0, 0, 215, 15, 0, 16, 0, 0, 0, 152)
25 (1, 4, 0, 0, 225, 9, 0, 0, 0, 0, 0, 249)
26 (1, 4, 0, 0, 176, 15, 0, 0, 0, 0, 0, 171)
27 (1, 4, 62, 0, 134, 7, 0, 0, 0, 0, 0, 208)
28 (1, 4, 33, 55, 187, 0, 0, 16, 0, 0, 0, 178)
29 (1, 4, 103, 77, 215, 0, 0, 34, 0, 0, 0, 205)
30 (1, 4, 0, 0, 240, 0, 0, 38, 0, 0, 0, 152)
31 (1, 4, 192, 0, 346, 0, 0, 20, 0, 1, 0, 101)
32 (1, 4, 412, 15, 425, 0, 0, 14, 0, 0, 0, 44)
1 (1, 4, 0, 0, 0, 0, 0, 36, 0, 0, 0, 170)
2 (1, 4, 0, 0, 0, 0, 0, 43, 0, 0, 0, 83)
3 (1, 4, 76, 0, 0, 0, 0, 63, 0, 0, 0, 52)
4 (1, 4, 102, 0, 0, 0, 0, 79, 0, 0, 0, 168)
5 (1, 4, 140, 0, 0, 0, 0, 33, 0, 0, 0, 93)
6 (1, 4, 0, 0, 0, 0, 0, 0, 0, 0, 0, 126)
7 (1, 4, 0, 0, 0, 35, 0, 0, 0, 0, 0, 182)
8 (1, 4, 0, 845, 24, 0, 0, 0, 0, 0, 0, 202)
9 (1, 4, 0, 873, 138, 0, 0, 0, 0, 0, 0, 115)
10 (1, 4, 0, 579, 173, 0, 0, 253, 1, 1, 0, 101)
11 (1, 4, 0, 0, 0, 0, 0, 116, 0, 1, 0, 87)
12 (1, 4, 145, 0, 31, 42, 0, 26, 0, 0, 0, 12)
13 (1, 4, 40, 0, 0, 43, 0, 0, 0, 0, 0, 249)
14 (1, 4, 0, 0, 25, 31, 0, 7, 0, 1, 0, 3)
15 (1, 4, 111, 0, 199, 15, 0, 8, 0, 1, 0, 161)
16 (1, 4, 16, 0, 310, 5, 0, 0, 0, 0, 0, 80)
17 (1, 4, 33, 0, 355, 0, 0, 0, 0, 1, 0, 63)
18 (1, 4, 144, 0, 410, 0, 0, 0, 0, 0, 0, 203)
19 (1, 4, 73, 0, 312, 0, 0, 0, 0, 0, 0, 233)
20 (1, 4, 0, 0, 305, 0, 0, 0, 0, 0, 0, 54)
21 (1, 4, 0, 0, 246, 0, 0, 0, 0, 0, 0, 132)
22 (1, 4, 0, 0, 158, 0, 0, 0, 0, 0, 0, 61)
23 (1, 4, 0, 0, 70, 0, 0, 0, 0, 0, 0, 244)
24 (1, 4, 0, 0, 21, 0, 0, 0, 0, 0, 0, 203)
25 (1, 4, 0, 0, 61, 0, 0, 0, 0, 0, 0, 137)
26 (1, 4, 0, 0, 52, 0, 0, 0, 0, 0, 0, 161) 
27 (1, 4, 0, 0, 0, 0, 0, 0, 0, 0, 0, 126)
28 (1, 4, 0, 0, 0, 0, 0, 0, 0, 0, 0, 126)
29 (1, 4, 0, 0, 11, 0, 0, 0, 0, 0, 0, 121) [FRAGMENTED]
30 (1, 4, 0, 85, 58, 90, 0, 0, 0, 0, 0, 5)
31 (1, 4, 0, 873, 316, 115, 4, 0, 0, 0, 0, 38)
32 (1, 4, 0, 873, 322, 0, 0, 0, 0, 0, 0, 152)
1 (1, 4, 0, 543, 376, 0, 0, 75, 0, 0, 0, 49)
2 (1, 4, 119, 49, 170, 0, 0, 76, 0, 0, 0, 170)
3 (1, 4, 89, 0, 3, 1, 0, 35, 0, 0, 0, 10)
4 (1, 4, 17, 0, 0, 8, 0, 5, 0, 0, 0, 194)
5 (1, 4, 23, 0, 41, 4, 0, 10, 0, 0, 0, 77)
6 (1, 4, 76, 0, 134, 0, 0, 0, 0, 0, 0, 63)
7 (1, 4, 168, 0, 229, 0, 0, 1, 0, 0, 0, 61)
8 (1, 4, 138, 0, 270, 0, 0, 0, 0, 0, 0, 151)
9 (1, 4, 214, 0, 319, 0, 0, 0, 0, 0, 0, 163)
10 (1, 4, 70, 0, 382, 0, 0, 0, 0, 0, 0, 57)
11 (1, 4, 0, 0, 296, 0, 0, 0, 0, 1, 0, 10)
12 (1, 4, 0, 0, 241, 0, 0, 0, 1, 1, 0, 104)
13 (1, 4, 0, 15, 188, 0, 0, 0, 1, 1, 0, 84)
14 (1, 4, 0, 90, 231, 0, 0, 0, 1, 1, 0, 90)
15 (1, 4, 0, 0, 71, 0, 0, 45, 1, 1, 0, 136)
16 (1, 4, 70, 0, 0, 0, 0, 9, 1, 1, 0, 239)
17 (1, 4, 0, 0, 0, 0, 0, 14, 1, 1, 0, 81)
18 (1, 4, 1, 30, 22, 0, 0, 17, 1, 1, 0, 30)
19 (1, 4, 0, 44, 29, 0, 0, 4, 1, 1, 0, 160)
20 (1, 4, 36, 22, 15, 0, 0, 6, 1, 1, 0, 203)
21 (1, 4, 45, 1, 9, 0, 0, 5, 1, 1, 0, 193)
22 (1, 4, 45, 19, 0, 0, 0, 9, 1, 1, 0, 122)
23 (1, 4, 5, 12, 0, 0, 0, 10, 1, 1, 0, 123)
24 (1, 4, 37, 22, 0, 0, 0, 8, 1, 1, 0, 186)
25 (1, 4, 23, 23, 0, 0, 0, 7, 1, 1, 0, 205)
26 (1, 4, 27, 14, 0, 0, 0, 6, 1, 1, 0, 61) [FRAGMENTED]
27 (1, 4, 0, 0, 0, 0, 0, 10, 0, 1, 0, 70)
28 (1, 4, 0, 0, 0, 0, 0, 15, 0, 1, 0, 236)
29 (1, 4, 0, 0, 0, 0, 0, 29, 0, 0, 0, 237)
30 (1, 4, 0, 0, 0, 0, 0, 26, 0, 0, 0, 254)
31 (1, 4, 0, 0, 0, 0, 0, 36, 0, 0, 0, 170)
32 (1, 4, 0, 0, 0, 0, 0, 30, 0, 0, 0, 139)
1 (1, 4, 0, 0, 0, 0, 0, 54, 0, 0, 0, 192)
2 (1, 4, 94, 0, 0, 0, 0, 62, 0, 0, 0, 23)
3 (1, 4, 0, 0, 0, 0, 0, 27, 0, 0, 0, 33)
4 (1, 4, 0, 0, 0, 14, 0, 0, 0, 0, 0, 196)
5 (1, 4, 0, 540, 143, 99, 0, 0, 0, 0, 0, 14)
6 (1, 4, 0, 873, 323, 0, 0, 0, 0, 0, 0, 12)
7 (1, 4, 0, 566, 350, 0, 0, 205, 0, 1, 0, 87)
8 (1, 4, 0, 0, 0, 0, 0, 143, 1, 1, 0, 4)
9 (1, 4, 0, 0, 0, 14, 0, 56, 0, 1, 0, 55)
10 (1, 4, 0, 0, 0, 22, 0, 9, 0, 0, 0, 254)
11 (1, 4, 133, 0, 180, 12, 0, 0, 0, 0, 0, 247)
12 (1, 4, 142, 0, 288, 0, 0, 0, 0, 0, 0, 156)
13 (1, 4, 86, 0, 362, 0, 0, 0, 0, 0, 0, 248)
14 (1, 4, 96, 0, 412, 0, 0, 0, 0, 0, 0, 1)
15 (1, 4, 46, 0, 402, 0, 0, 0, 0, 0, 0, 17)
16 (1, 4, 0, 0, 393, 0, 0, 0, 0, 0, 0, 250)
17 (1, 4, 0, 24, 261, 0, 0, 0, 0, 0, 0, 59)
18 (1, 4, 0, 21, 196, 0, 0, 0, 0, 0, 0, 36)
19 (1, 4, 0, 0, 95, 0, 0, 0, 0, 0, 0, 163)
20 (1, 4, 0, 0, 11, 0, 0, 0, 0, 0, 0, 121)
21 (1, 4, 157, 92, 46, 0, 0, 40, 0, 0, 0, 62)
22 (1, 4, 259, 31, 56, 0, 0, 26, 0, 0, 0, 3)
23 (1, 4, 102, 114, 90, 0, 0, 0, 0, 1, 0, 37)
24 (1, 4, 22, 100, 53, 0, 0, 0, 0, 0, 0, 106)
25 (1, 4, 123, 50, 22, 0, 0, 11, 0, 0, 0, 254)
26 (1, 4, 0, 7, 3, 0, 0, 6, 0, 1, 0, 96)
27 (1, 4, 0, 0, 0, 0, 0, 45, 0, 0, 0, 159)
28 (1, 4, 62, 0, 0, 0, 0, 38, 0, 0, 0, 96)
29 (1, 4, 108, 0, 0, 0, 0, 26, 0, 0, 0, 248)
30 (1, 4, 37, 0, 0, 10, 0, 0, 0, 0, 0, 73)
31 (1, 4, 62, 0, 0, 69, 0, 0, 0, 0, 0, 187)
32 (1, 4, 96, 0, 0, 56, 0, 0, 0, 0, 0, 214)
1 (1, 4, 0, 0, 0, 67, 0, 0, 0, 0, 0, 138)
2 (1, 4, 0, 66, 0, 85, 0, 0, 0, 0, 0, 209)
3 (1, 4, 0, 811, 90, 27, 0, 0, 0, 0, 0, 198)
4 (1, 4, 0, 873, 172, 0, 0, 0, 0, 0, 0, 252)
5 (1, 4, 0, 58, 96, 16, 0, 118, 0, 0, 0, 10)
6 (1, 4, 0, 0, 0, 32, 0, 61, 0, 0, 0, 165)
7 (1, 4, 0, 0, 88, 34, 0, 20, 0, 0, 0, 55)
8 (1, 4, 0, 0, 223, 21, 0, 18, 0, 0, 0, 172)
9 (1, 4, 157, 0, 411, 11, 0, 15, 0, 0, 0, 57)
10 (1, 4, 148, 0, 437, 0, 0, 3, 0, 0, 0, 50)
11 (1, 4, 0, 0, 343, 0, 0, 0, 0, 0, 0, 66)
12 (1, 4, 155, 0, 436, 0, 0, 0, 0, 0, 0, 154)
13 (1, 4, 77, 0, 351, 0, 0, 0, 0, 0, 0, 49)
14 (1, 4, 0, 0, 267, 0, 0, 0, 0, 0, 0, 36)
15 (1, 4, 0, 0, 165, 0, 0, 0, 0, 0, 0, 187)
16 (1, 4, 0, 0, 177, 0, 0, 0, 0, 0, 0, 154)
17 (1, 4, 0, 14, 243, 0, 0, 0, 0, 0, 0, 74)
18 (1, 4, 0, 0, 0, 0, 0, 0, 0, 1, 0, 21)
19 (1, 4, 155, 62, 0, 0, 0, 0, 0, 1, 0, 37)
20 (1, 4, 202, 85, 76, 0, 0, 0, 0, 1, 0, 113)
21 (1, 4, 185, 50, 30, 0, 0, 0, 0, 1, 0, 37)
22 (1, 4, 81, 43, 0, 0, 0, 0, 0, 1, 0, 219)
23 (1, 4, 14, 27, 5, 0, 0, 0, 0, 0, 0, 234)
24 (1, 4, 0, 0, 0, 0, 0, 0, 0, 1, 0, 21)
25 (1, 4, 0, 7, 0, 0, 0, 0, 0, 0, 0, 124)
26 (1, 4, 0, 0, 0, 0, 0, 0, 0, 0, 0, 126)
27 (1, 4, 0, 4, 0, 0, 0, 0, 0, 0, 0, 164)
28 (1, 4, 0, 4, 0, 0, 0, 0, 0, 0, 0, 164)
29 (1, 4, 0, 0, 0, 0, 0, 0, 0, 0, 0, 126)
30 (1, 4, 300, 67, 0, 0, 0, 0, 0, 0, 0, 168)
31 (1, 4, 0, 0, 0, 0, 0, 0, 0, 0, 0, 126)
32 (1, 4, 0, 0, 0, 0, 0, 0, 0, 0, 0, 126)
1 (1, 4, 99, 51, 0, 0, 0, 0, 0, 0, 0, 89)
2 (1, 4, 0, 314, 0, 0, 0, 0, 0, 0, 0, 230)
3 (1, 4, 0, 267, 0, 0, 0, 0, 0, 0, 0, 240)
4 (1, 4, 0, 372, 0, 0, 0, 0, 0, 0, 0, 97)
5 (1, 4, 0, 873, 297, 0, 5, 0, 0, 0, 0, 0)
6 (1, 4, 0, 873, 590, 0, 0, 0, 0, 0, 0, 157)
7 (1, 4, 92, 508, 335, 0, 0, 85, 0, 0, 0, 49)
8 (1, 4, 0, 4, 0, 0, 0, 33, 0, 0, 0, 218)
9 (1, 4, 31, 0, 88, 4, 0, 18, 0, 0, 0, 234)
10 (1, 4, 6, 0, 119, 21, 0, 0, 0, 0, 0, 81)
11 (1, 4, 0, 0, 105, 0, 0, 18, 0, 0, 0, 57)
12 (1, 4, 0, 0, 110, 0, 0, 22, 0, 0, 0, 169)
13 (1, 4, 0, 0, 171, 0, 0, 7, 0, 0, 0, 101)
14 (1, 4, 107, 0, 277, 0, 0, 3, 0, 0, 0, 220)
15 (1, 4, 0, 0, 308, 0, 0, 0, 0, 0, 0, 252)
16 (1, 4, 0, 0, 258, 0, 0, 0, 0, 0, 0, 12)
17 (1, 4, 0, 0, 264, 0, 0, 0, 0, 0, 0, 159)
18 (1, 4, 30, 0, 266, 0, 0, 0, 0, 0, 0, 4)
19 (1, 4, 0, 0, 56, 0, 0, 0, 0, 0, 0, 67)
20 (1, 4, 0, 0, 46, 0, 0, 0, 0, 0, 0, 77)
21 (1, 4, 130, 0, 185, 0, 0, 0, 0, 0, 0, 47)
22 (1, 4, 213, 113, 183, 0, 0, 0, 0, 0, 0, 52)
23 (1, 4, 0, 103, 0, 0, 0, 7, 0, 0, 0, 46)
24 (1, 4, 42, 3, 0, 0, 0, 0, 0, 1, 0, 102)
25 (1, 4, 158, 0, 0, 0, 0, 18, 0, 0, 0, 181)
26 (1, 4, 183, 0, 0, 0, 0, 5, 0, 0, 0, 204)
27 (1, 4, 0, 0, 0, 11, 0, 0, 0, 0, 0, 167)
28 (1, 4, 0, 114, 0, 45, 0, 0, 0, 0, 0, 65)
29 (1, 4, 0, 873, 397, 0, 1, 0, 0, 0, 0, 178)
30 (1, 4, 0, 873, 384, 0, 0, 0, 0, 0, 0, 189)
31 (1, 4, 121, 187, 209, 0, 0, 144, 0, 0, 0, 223)
32 (1, 4, 5, 0, 0, 0, 0, 95, 0, 0, 0, 39)
1 (1, 4, 9, 0, 0, 0, 0, 60, 0, 0, 0, 237)
2 (1, 4, 200, 0, 195, 6, 0, 8, 0, 0, 0, 139)
3 (1, 4, 74, 0, 256, 0, 0, 11, 0, 0, 0, 74)
4 (1, 4, 0, 0, 254, 0, 0, 17, 0, 0, 0, 52)
5 (1, 4, 0, 0, 313, 0, 0, 17, 0, 0, 0, 134)
6 (1, 4, 165, 0, 624, 0, 0, 1, 0, 0, 0, 133)
7 (1, 4, 0, 0, 357, 0, 0, 2, 0, 0, 0, 85)
8 (1, 4, 0, 0, 285, 0, 0, 26, 0, 0, 0, 170)
9 (1, 4, 15, 18, 321, 0, 0, 1, 1, 1, 0, 204)
10 (1, 4, 72, 75, 252, 0, 0, 14, 1, 1, 0, 41)
11 (1, 4, 0, 0, 64, 0, 0, 52, 1, 1, 0, 139)
12 (1, 4, 0, 0, 0, 0, 0, 36, 1, 1, 0, 163)
13 (1, 4, 0, 0, 0, 0, 0, 35, 2, 2, 0, 171)
14 (1, 4, 1, 44, 6, 0, 0, 37, 2, 2, 0, 179)
15 (1, 4, 0, 49, 22, 0, 0, 25, 2, 2, 0, 146)
16 (1, 4, 0, 34, 28, 0, 0, 18, 2, 2, 0, 52)
17 (1, 4, 0, 12, 17, 0, 0, 15, 2, 2, 0, 23)
18 (1, 4, 0, 0, 8, 0, 0, 17, 2, 2, 0, 220)
19 (1, 4, 0, 0, 3, 0, 0, 22, 2, 2, 0, 200)
20 (1, 4, 0, 0, 0, 0, 0, 21, 2, 2, 0, 21)
21 (1, 4, 0, 4, 0, 0, 0, 19, 2, 2, 0, 3)
22 (1, 4, 0, 7, 0, 0, 0, 22, 2, 2, 0, 113)
23 (1, 4, 14, 19, 3, 0, 0, 21, 2, 2, 0, 67)
24 (1, 4, 30, 34, 5, 0, 0, 20, 2, 2, 0, 27)
25 (1, 4, 0, 0, 0, 0, 0, 12, 1, 1, 0, 232)
26 (1, 4, 0, 0, 0, 0, 0, 13, 1, 1, 0, 55)
27 (1, 4, 0, 0, 0, 0, 0, 0, 0, 1, 0, 21)
28 (1, 4, 0, 0, 0, 0, 0, 26, 0, 0, 0, 254)
29 (1, 4, 71, 0, 0, 0, 0, 0, 0, 0, 0, 221)
30 (1, 4, 0, 0, 0, 0, 0, 39, 0, 0, 0, 204)
31 (1, 4, 0, 0, 0, 0, 0, 40, 0, 0, 0, 53)
32 (1, 4, 0, 0, 0, 0, 0, 41, 0, 0, 0, 234)
1 (1, 4, 0, 0, 0, 0, 0, 41, 0, 0, 0, 234)
2 (1, 4, 0, 0, 0, 4, 0, 30, 0, 0, 0, 247)
3 (1, 4, 0, 0, 77, 12, 0, 0, 0, 0, 0, 119)
4 (1, 4, 0, 0, 25, 7, 0, 0, 0, 0, 0, 116)
5 (1, 4, 0, 873, 292, 0, 0, 0, 0, 0, 0, 236)
6 (1, 4, 0, 873, 757, 0, 0, 0, 0, 0, 0, 234)
7 (1, 4, 0, 806, 424, 0, 0, 192, 0, 0, 0, 2)
8 (1, 4, 0, 0, 0, 0, 0, 12, 0, 0, 0, 225)
9 (1, 4, 55, 0, 18, 46, 0, 0, 0, 0, 0, 112)
10 (1, 4, 76, 0, 96, 38, 0, 0, 0, 0, 0, 17)
11 (1, 4, 108, 0, 116, 26, 0, 0, 0, 0, 0, 109)
12 (1, 4, 52, 0, 0, 27, 0, 0, 0, 0, 0, 79)
13 (1, 4, 0, 0, 0, 16, 0, 0, 0, 0, 0, 137)
14 (1, 4, 48, 0, 24, 17, 0, 0, 0, 0, 0, 114)
15 (1, 4, 72, 0, 64, 16, 0, 0, 0, 0, 0, 139)
16 (1, 4, 6, 0, 0, 18, 0, 0, 0, 0, 0, 147)
17 (1, 4, 0, 0, 0, 16, 0, 1, 0, 0, 0, 86)
18 (1, 4, 20, 0, 0, 20, 0, 0, 0, 0, 0, 45)
19 (1, 4, 13, 0, 0, 17, 0, 0, 0, 0, 0, 208)
20 (1, 4, 13, 0, 0, 18, 0, 0, 0, 0, 0, 241)
21 (1, 4, 14, 0, 0, 16, 0, 2, 0, 0, 0, 100)
22 (1, 4, 15, 0, 0, 16, 0, 3, 0, 0, 0, 181)
23 (1, 4, 43, 0, 17, 17, 0, 0, 0, 0, 0, 216)
24 (1, 4, 16, 0, 4, 21, 0, 0, 0, 0, 0, 84)
25 (1, 4, 0, 107, 0, 0, 0, 0, 0, 0, 0, 84)
26 (1, 4, 0, 189, 0, 0, 0, 0, 0, 0, 0, 0)
27 (1, 4, 0, 143, 0, 0, 0, 7, 0, 0, 0, 221)
28 (1, 4, 0, 77, 0, 9, 0, 0, 0, 0, 0, 198)
29 (1, 4, 0, 290, 85, 48, 30, 0, 0, 0, 0, 49)
30 (1, 4, 0, 873, 697, 0, 0, 0, 1, 1, 0, 250)
31 (1, 4, 0, 448, 873, 0, 0, 47, 1, 1, 0, 130)
32 (1, 4, 307, 96, 697, 22, 0, 38, 0, 0, 0, 50)
1 (1, 4, 0, 129, 159, 0, 0, 21, 1, 1, 0, 109)
2 (1, 4, 0, 57, 0, 0, 0, 0, 1, 1, 0, 210)
3 (1, 4, 18, 58, 125, 0, 0, 13, 1, 1, 0, 186)
4 (1, 4, 2, 38, 118, 0, 0, 27, 1, 1, 0, 74)
5 (1, 4, 15, 0, 4, 8, 0, 19, 1, 1, 0, 62)
6 (1, 4, 1, 0, 0, 11, 0, 19, 0, 1, 0, 119)
7 (1, 4, 32, 0, 0, 17, 0, 12, 0, 0, 0, 206)
8 (1, 4, 51, 0, 0, 22, 0, 13, 0, 0, 0, 190)
9 (1, 4, 0, 0, 0, 27, 0, 7, 0, 0, 0, 67)
10 (1, 4, 36, 0, 0, 34, 0, 6, 0, 0, 0, 154)
11 (1, 4, 0, 0, 0, 42, 0, 2, 0, 0, 0, 232)
12 (1, 4, 0, 0, 0, 44, 0, 0, 0, 0, 0, 19)
13 (1, 4, 0, 0, 0, 48, 0, 0, 0, 0, 0, 96)
14 (1, 4, 0, 0, 0, 48, 0, 0, 0, 0, 0, 96)
15 (1, 4, 0, 0, 0, 52, 0, 0, 0, 0, 0, 28)
16 (1, 4, 10, 0, 0, 57, 0, 0, 0, 0, 0, 235)
17 (1, 4, 34, 0, 0, 54, 0, 0, 0, 0, 0, 249)
18 (1, 4, 29, 0, 0, 57, 0, 0, 0, 0, 0, 33)
19 (1, 4, 15, 9, 21, 52, 0, 0, 0, 0, 0, 245)
20 (1, 4, 0, 0, 0, 55, 0, 0, 0, 0, 0, 61)
21 (1, 4, 22, 37, 26, 50, 0, 0, 0, 0, 0, 219)
22 (1, 4, 13, 12, 17, 49, 0, 0, 0, 0, 0, 187)
23 (1, 4, 0, 14, 5, 52, 0, 0, 0, 0, 0, 210)
24 (1, 4, 19, 7, 10, 50, 0, 0, 0, 0, 0, 61)
25 (1, 4, 0, 40, 176, 0, 0, 0, 0, 0, 0, 127)
26 (1, 4, 0, 54, 0, 0, 0, 0, 0, 0, 0, 106)
27 (1, 4, 0, 0, 0, 0, 0, 0, 0, 0, 0, 126)
28 (1, 4, 0, 0, 0, 0, 0, 0, 0, 0, 0, 126)
29 (1, 4, 0, 13, 0, 0, 0, 0, 0, 0, 0, 162)
30 (1, 4, 0, 24, 0, 0, 0, 0, 0, 0, 0, 172)
31 (1, 4, 25, 0, 0, 0, 0, 0, 1, 1, 0, 233)
32 (1, 4, 61, 0, 0, 0, 0, 0, 0, 1, 0, 116)
1 (1, 4, 19, 280, 0, 0, 0, 0, 0, 0, 0, 187)
2 (1, 4, 160, 341, 0, 0, 0, 0, 0, 0, 0, 196)
3 (1, 4, 309, 92, 0, 0, 0, 48, 0, 0, 0, 148)
4 (1, 4, 396, 0, 0, 0, 7, 15, 0, 0, 0, 176)
5 (1, 4, 0, 0, 15, 16, 0, 0, 0, 0, 0, 208)
6 (1, 4, 0, 0, 0, 0, 0, 0, 1, 1, 0, 119)
7 (1, 4, 0, 612, 61, 0, 0, 0, 1, 1, 0, 214)
8 (1, 4, 0, 678, 126, 0, 0, 88, 0, 1, 0, 103)
9 (1, 4, 0, 306, 58, 0, 0, 241, 1, 1, 0, 44)
10 (1, 4, 59, 200, 3, 9, 0, 200, 1, 1, 0, 122)
11 (1, 4, 78, 59, 66, 32, 0, 80, 1, 1, 0, 201)
12 (1, 4, 0, 31, 90, 71, 0, 35, 1, 1, 0, 255)
13 (1, 4, 27, 0, 10, 58, 0, 33, 1, 1, 0, 192)
14 (1, 4, 0, 0, 5, 49, 0, 20, 1, 1, 0, 26)
15 (1, 4, 11, 0, 0, 56, 0, 12, 1, 1, 0, 108)
16 (1, 4, 0, 0, 27, 48, 0, 1, 1, 1, 0, 206)
17 (1, 4, 0, 0, 47, 61, 0, 0, 1, 1, 0, 85)
18 (1, 4, 0, 51, 20, 52, 0, 0, 1, 1, 0, 79)
19 (1, 4, 0, 13, 0, 37, 0, 6, 1, 1, 0, 237)
20 (1, 4, 0, 20, 18, 51, 0, 13, 1, 1, 0, 227)
21 (1, 4, 51, 15, 0, 46, 0, 3, 1, 1, 0, 198)
22 (1, 4, 11, 0, 0, 45, 0, 0, 1, 1, 0, 103)
23 (1, 4, 0, 0, 0, 47, 0, 0, 1, 1, 0, 59)
24 (1, 4, 0, 0, 0, 47, 0, 0, 1, 1, 0, 59)
25 (1, 4, 2, 0, 0, 52, 0, 2, 0, 0, 0, 185)
26 (1, 4, 0, 0, 1, 53, 0, 1, 0, 0, 0, 72)
27 (1, 4, 0, 1, 0, 54, 0, 3, 0, 0, 0, 241)
28 (1, 4, 0, 43, 22, 42, 0, 13, 0, 0, 0, 182)
29 (1, 4, 59, 99, 59, 27, 0, 27, 0, 0, 0, 85)
30 (1, 4, 99, 179, 78, 0, 0, 39, 1, 1, 0, 213)
31 (1, 4, 104, 265, 261, 0, 0, 37, 1, 1, 0, 54)
32 (1, 4, 231, 0, 451, 0, 0, 38, 1, 1, 0, 135)
1 (1, 4, 250, 0, 592, 0, 0, 14, 1, 1, 0, 184)
2 (1, 4, 375, 113, 793, 0, 0, 14, 1, 1, 0, 242)
3 (1, 4, 0, 291, 308, 0, 0, 6, 2, 2, 0, 221)
4 (1, 4, 0, 160, 103, 0, 0, 53, 2, 2, 0, 151)
5 (1, 4, 0, 0, 0, 0, 0, 71, 2, 2, 0, 58)
6 (1, 4, 0, 0, 0, 0, 0, 41, 2, 2, 0, 248)
7 (1, 4, 0, 31, 116, 0, 0, 29, 2, 2, 0, 11)
8 (1, 4, 0, 59, 71, 0, 0, 30, 2, 3, 0, 36)
9 (1, 4, 0, 89, 0, 0, 0, 32, 2, 2, 0, 41)
10 (1, 4, 0, 0, 0, 0, 0, 36, 1, 1, 0, 163)
11 (1, 4, 0, 0, 0, 0, 0, 20, 1, 1, 0, 209)
12 (1, 4, 0, 0, 0, 0, 0, 1, 1, 1, 0, 168)
13 (1, 4, 144, 0, 0, 0, 0, 0, 1, 1, 0, 130)
14 (1, 4, 0, 0, 0, 0, 0, 0, 1, 1, 0, 119)
15 (1, 4, 0, 221, 0, 0, 0, 0, 1, 1, 0, 72)
16 (1, 4, 0, 673, 131, 0, 0, 0, 0, 1, 0, 228)
17 (1, 4, 0, 873, 482, 0, 0, 0, 0, 1, 0, 252)
18 (1, 4, 0, 873, 800, 0, 0, 0, 0, 1, 0, 99)
19 (1, 4, 0, 309, 225, 0, 0, 48, 0, 0, 0, 69)
20 (1, 4, 873, 128, 249, 51, 0, 27, 0, 0, 0, 138)
21 (1, 4, 0, 0, 0, 62, 0, 23, 0, 0, 0, 26)
22 (1, 4, 264, 0, 45, 83, 0, 0, 0, 0, 0, 135)
23 (1, 4, 183, 44, 28, 66, 0, 0, 0, 0, 0, 187)
24 (1, 4, 28, 55, 15, 61, 0, 0, 0, 0, 0, 171)
25 (1, 4, 0, 174, 33, 0, 0, 0, 0, 0, 0, 211)
26 (1, 4, 0, 148, 0, 0, 0, 23, 0, 0, 0, 4)
27 (1, 4, 0, 0, 0, 0, 0, 20, 0, 1, 0, 179)
28 (1, 4, 0, 0, 0, 0, 0, 0, 0, 1, 0, 21)
29 (1, 4, 0, 65, 0, 0, 0, 63, 0, 0, 0, 195)
30 (1, 4, 0, 0, 0, 0, 0, 25, 0, 1, 0, 243)
31 (1, 4, 0, 0, 0, 0, 0, 0, 0, 0, 0, 126)
32 (1, 4, 0, 0, 0, 0, 0, 30, 0, 0, 0, 139)
1 (1, 4, 434, 0, 0, 0, 0, 0, 0, 0, 0, 82)
2 (1, 4, 214, 0, 0, 0, 16, 0, 0, 1, 0, 200)
3 (1, 4, 0, 0, 114, 0, 0, 0, 0, 0, 0, 43)
4 (1, 4, 0, 551, 463, 0, 0, 0, 0, 0, 0, 125)
5 (1, 4, 0, 873, 500, 0, 0, 0, 0, 0, 0, 153)
6 (1, 4, 0, 873, 518, 0, 0, 55, 0, 0, 0, 187)
7 (1, 4, 0, 86, 0, 0, 0, 229, 0, 0, 0, 239)
8 (1, 4, 0, 0, 0, 12, 0, 139, 0, 0, 0, 252)
9 (1, 4, 87, 0, 23, 44, 0, 49, 0, 0, 0, 103)
10 (1, 4, 17, 0, 18, 64, 0, 0, 0, 0, 0, 21)
11 (1, 4, 0, 20, 5, 68, 0, 0, 0, 0, 0, 166)
12 (1, 4, 0, 52, 0, 51, 0, 3, 0, 0, 0, 94)
13 (1, 4, 0, 0, 0, 57, 0, 15, 0, 0, 0, 126)
14 (1, 4, 0, 0, 0, 57, 0, 11, 0, 0, 0, 11)
15 (1, 4, 0, 0, 0, 55, 0, 10, 0, 0, 0, 110)
16 (1, 4, 0, 0, 0, 61, 0, 2, 0, 0, 0, 66)
17 (1, 4, 0, 4, 0, 61, 0, 7, 0, 0, 0, 50)
18 (1, 4, 0, 21, 0, 58, 0, 4, 0, 0, 0, 221)
19 (1, 4, 0, 13, 0, 58, 0, 4, 0, 0, 0, 15)
20 (1, 4, 0, 20, 0, 56, 0, 4, 0, 0, 0, 86)
21 (1, 4, 0, 22, 0, 59, 0, 3, 0, 0, 0, 9)
22 (1, 4, 0, 35, 0, 57, 0, 2, 0, 0, 0, 36)
23 (1, 4, 0, 25, 0, 52, 0, 0, 0, 0, 0, 123)
24 (1, 4, 16, 5, 0, 60, 0, 0, 0, 0, 0, 107)
25 (1, 4, 4, 0, 0, 65, 0, 0, 0, 0, 0, 140)
26 (1, 4, 8, 0, 0, 67, 0, 0, 0, 0, 0, 250)
27 (1, 4, 10, 0, 0, 67, 0, 0, 0, 0, 0, 230)
28 (1, 4, 39, 10, 0, 73, 0, 0, 0, 0, 0, 127)
29 (1, 4, 57, 30, 0, 95, 0, 0, 0, 0, 0, 197)
30 (1, 4, 0, 503, 285, 125, 0, 0, 0, 0, 0, 188)
31 (1, 4, 0, 873, 844, 0, 0, 0, 0, 1, 0, 132)
32 (1, 4, 0, 547, 873, 0, 0, 67, 0, 0, 0, 64)
1 (1, 4, 447, 0, 249, 0, 0, 25, 0, 0, 0, 81)
2 (1, 4, 134, 0, 0, 53, 0, 0, 0, 0, 0, 50)
3 (1, 4, 57, 26, 0, 98, 0, 0, 0, 0, 0, 154)
4 (1, 4, 0, 131, 0, 48, 0, 0, 0, 0, 0, 185)
5 (1, 4, 11, 33, 69, 27, 0, 5, 0, 0, 0, 222)
6 (1, 4, 81, 0, 99, 41, 0, 2, 0, 0, 0, 16)
7 (1, 4, 37, 0, 27, 45, 0, 0, 0, 0, 0, 133)
8 (1, 4, 2, 0, 31, 43, 0, 0, 0, 0, 0, 116)
9 (1, 4, 3, 0, 11, 39, 0, 0, 0, 0, 0, 223)
10 (1, 4, 6, 8, 15, 41, 0, 0, 0, 0, 0, 190)
11 (1, 4, 13, 12, 6, 33, 0, 0, 0, 0, 0, 214)
12 (1, 4, 11, 0, 0, 34, 0, 0, 0, 0, 0, 203)
13 (1, 4, 8, 0, 0, 35, 0, 0, 0, 0, 0, 198)
14 (1, 4, 8, 3, 0, 40, 0, 0, 0, 0, 0, 199)
15 (1, 4, 0, 13, 0, 37, 0, 0, 0, 0, 0, 40)
16 (1, 4, 2, 4, 0, 38, 0, 0, 0, 0, 0, 19)
17 (1, 4, 0, 0, 0, 37, 0, 0, 0, 0, 0, 244)
18 (1, 4, 14, 0, 0, 38, 0, 0, 0, 0, 0, 129)
19 (1, 4, 0, 0, 0, 39, 0, 0, 0, 0, 0, 202)
20 (1, 4, 4, 0, 0, 38, 0, 0, 0, 0, 0, 237)
21 (1, 4, 13, 0, 0, 41, 0, 0, 0, 0, 0, 54)
22 (1, 4, 1, 4, 0, 42, 0, 0, 0, 0, 0, 133) [FRAGMENTED]
23 (1, 4, 0, 17, 0, 41, 0, 0, 0, 0, 0, 164)
24 (1, 4, 0, 3, 0, 38, 0, 0, 0, 0, 0, 13)
25 (1, 4, 0, 7, 0, 0, 0, 0, 1, 1, 0, 117)
26 (1, 4, 0, 0, 0, 0, 0, 0, 1, 1, 0, 119)
27 (1, 4, 0, 0, 0, 0, 0, 0, 1, 1, 0, 119)
28 (1, 4, 0, 0, 0, 0, 0, 0, 1, 1, 0, 119)
29 (1, 4, 0, 0, 0, 0, 0, 0, 1, 1, 0, 119)
30 (1, 4, 0, 27, 0, 0, 0, 0, 0, 1, 0, 31)
31 (1, 4, 0, 40, 0, 0, 0, 0, 0, 1, 0, 100)
32 (1, 4, 0, 240, 0, 0, 0, 0, 0, 0, 0, 95)
1 (1, 4, 0, 195, 0, 0, 0, 0, 1, 1, 0, 45)
2 (1, 4, 0, 501, 0, 4, 0, 0, 1, 2, 0, 29)
3 (1, 4, 0, 873, 421, 0, 0, 0, 1, 2, 0, 61)
4 (1, 4, 0, 873, 801, 0, 0, 0, 1, 1, 0, 149)
5 (1, 4, 200, 235, 201, 0, 0, 128, 0, 1, 0, 122)
6 (1, 4, 0, 36, 0, 0, 0, 62, 1, 1, 0, 59)
7 (1, 4, 0, 0, 0, 30, 0, 35, 0, 1, 0, 159)
8 (1, 4, 14, 0, 0, 61, 0, 0, 0, 1, 0, 196)
9 (1, 4, 0, 0, 7, 65, 0, 11, 0, 1, 0, 182)
10 (1, 4, 0, 20, 1, 70, 0, 9, 0, 1, 0, 152)
11 (1, 4, 0, 28, 0, 63, 0, 13, 0, 1, 0, 230)
12 (1, 4, 0, 19, 0, 62, 0, 15, 0, 1, 0, 241)
13 (1, 4, 25, 0, 0, 64, 0, 11, 0, 1, 0, 210)
14 (1, 4, 22, 0, 0, 66, 0, 11, 0, 1, 0, 182)
15 (1, 4, 38, 0, 0, 67, 0, 9, 0, 0, 0, 92)
16 (1, 4, 9, 0, 0, 68, 0, 6, 0, 1, 0, 14)
17 (1, 4, 9, 9, 3, 66, 0, 8, 0, 1, 0, 215)
18 (1, 4, 19, 12, 26, 64, 0, 13, 0, 0, 0, 156)
19 (1, 4, 9, 1, 30, 61, 0, 16, 0, 0, 0, 81)
20 (1, 4, 0, 0, 7, 62, 0, 10, 0, 1, 0, 7)
21 (1, 4, 15, 0, 0, 67, 0, 6, 0, 0, 0, 28)
22 (1, 4, 0, 4, 0, 64, 0, 7, 0, 0, 0, 98)
23 (1, 4, 0, 78, 0, 0, 0, 0, 0, 0, 0, 249)
24 (1, 4, 0, 543, 12, 41, 0, 0, 1, 1, 0, 134)
25 (1, 4, 0, 873, 484, 0, 0, 0, 0, 1, 0, 141)
26 (1, 4, 0, 506, 286, 0, 0, 120, 0, 1, 0, 61)
27 (1, 4, 276, 0, 186, 0, 0, 58, 0, 0, 0, 102)
28 (1, 4, 163, 0, 3, 74, 0, 0, 0, 0, 0, 22)
29 (1, 4, 0, 0, 0, 76, 0, 0, 0, 0, 0, 47)
30 (1, 4, 0, 11, 0, 62, 0, 8, 0, 0, 0, 91)
31 (1, 4, 79, 0, 23, 69, 0, 5, 0, 0, 0, 43)
32 (1, 4, 34, 0, 0, 67, 0, 1, 0, 0, 0, 142)
1 (1, 4, 2, 0, 0, 67, 0, 0, 0, 0, 0, 150)
2 (1, 4, 28, 0, 10, 67, 0, 0, 0, 0, 0, 177)
3 (1, 4, 32, 0, 12, 69, 0, 0, 0, 0, 0, 237)
4 (1, 4, 13, 0, 6, 66, 0, 0, 0, 0, 0, 162)
5 (1, 4, 12, 0, 11, 66, 0, 0, 0, 0, 0, 218)
6 (1, 4, 30, 12, 14, 66, 0, 0, 0, 0, 0, 133)
7 (1, 4, 21, 15, 7, 61, 0, 4, 0, 0, 0, 12)
8 (1, 4, 36, 9, 22, 61, 0, 3, 0, 0, 0, 106)
9 (1, 4, 0, 9, 3, 62, 0, 3, 0, 0, 0, 1)
10 (1, 4, 0, 5, 0, 62, 0, 3, 0, 0, 0, 211)
11 (1, 4, 2, 8, 0, 61, 0, 4, 0, 0, 0, 33)
12 (1, 4, 12, 1, 3, 61, 0, 2, 0, 0, 0, 4)
13 (1, 4, 5, 5, 3, 61, 0, 1, 0, 0, 0, 198)
14 (1, 4, 0, 8, 4, 60, 0, 3, 0, 0, 0, 111)
15 (1, 4, 2, 6, 2, 60, 0, 3, 0, 1, 0, 109)
16 (1, 4, 8, 5, 3, 58, 0, 3, 0, 0, 0, 100)
17 (1, 4, 19, 5, 2, 57, 0, 2, 0, 0, 0, 140)
18 (1, 4, 14, 0, 0, 59, 0, 6, 0, 1, 0, 74)
19 (1, 4, 0, 0, 0, 61, 0, 2, 0, 0, 0, 66)
20 (1, 4, 0, 4, 0, 60, 0, 5, 0, 0, 0, 148)
21 (1, 4, 18, 4, 1, 59, 0, 5, 0, 0, 0, 161)
22 (1, 4, 8, 6, 0, 58, 0, 5, 0, 0, 0, 203)

