1 (1, 4, 0, 0, 0, 0, 0, 0, 20, 20, 0, 202)
2 (1, 4, 0, 0, 0, 0, 0, 1, 20, 20, 0, 21)
3 (1, 4, 0, 80, 0, 0, 0, 0, 20, 20, 0, 40)
4 (1, 4, 0, 131, 0, 0, 0, 1, 20, 20, 0, 204)
5 (1, 4, 0, 133, 0, 0, 0, 0, 20, 20, 0, 164)
6 (1, 4, 0, 82, 0, 1, 0, 11, 20, 20, 0, 214)
7 (1, 4, 87, 59, 0, 10, 0, 13, 20, 20, 0, 199)
8 (1, 4, 51, 23, 0, 10, 0, 2, 20, 20, 0, 227)
9 (1, 4, 91, 98, 22, 17, 0, 0, 20, 20, 0, 11)
10 (1, 4, 12, 48, 0, 0, 0, 0, 20, 0, 0, 40)
11 (1, 4, 0, 457, 0, 0, 0, 0, 20, 20, 0, 171)
12 (1, 4, 0, 873, 21, 0, 0, 0, 20, 20, 0, 16)
13 (1, 4, 0, 873, 0, 0, 0, 0, 20, 20, 0, 165)
14 (1, 4, 0, 455, 7, 0, 0, 192, 18, 20, 0, 206)
15 (1, 4, 48, 0, 0, 0, 0, 95, 20, 20, 0, 130)
16 (1, 4, 0, 0, 50, 1, 0, 54, 20, 20, 0, 197)
17 (1, 4, 27, 24, 14, 45, 0, 0, 20, 20, 0, 37)
18 (1, 4, 0, 5, 9, 46, 0, 0, 20, 20, 0, 222)
19 (1, 4, 0, 8, 0, 45, 0, 0, 20, 20, 0, 11)
20 (1, 4, 0, 7, 4, 44, 0, 1, 20, 20, 0, 36)
21 (1, 4, 0, 0, 0, 42, 0, 1, 20, 20, 0, 58)
22 (1, 4, 0, 0, 0, 43, 0, 1, 20, 20, 0, 37)
23 (1, 4, 0, 0, 0, 46, 0, 0, 20, 20, 0, 153)
24 (1, 4, 0, 0, 0, 43, 0, 0, 20, 20, 0, 250)
25 (1, 4, 0, 0, 0, 45, 0, 0, 20, 20, 0, 184)
26 (1, 4, 2, 4, 0, 44, 0, 0, 20, 20, 0, 97)
27 (1, 4, 14, 13, 3, 44, 0, 0, 20, 20, 0, 148)
28 (1, 4, 13, 12, 5, 43, 0, 0, 20, 20, 0, 31)
29 (1, 4, 24, 11, 6, 42, 0, 0, 20, 20, 0, 111)
30 (1, 4, 32, 1, 6, 39, 0, 0, 20, 20, 0, 125)
31 (1, 4, 0, 0, 0, 40, 0, 0, 20, 20, 0, 219)
32 (1, 4, 3, 0, 5, 41, 0, 1, 20, 20, 0, 195)
1 (1, 4, 0, 0, 0, 0, 0, 81, 20, 20, 0, 131)
2 (1, 4, 0, 0, 0, 0, 0, 18, 20, 20, 0, 160)
3 (1, 4, 0, 0, 0, 0, 0, 0, 20, 20, 0, 202)
4 (1, 4, 0, 16, 0, 0, 0, 0, 20, 20, 0, 171)
5 (1, 4, 0, 149, 0, 0, 0, 0, 20, 20, 0, 197)
6 (1, 4, 0, 309, 0, 0, 0, 0, 20, 20, 0, 227)
7 (1, 4, 0, 640, 0, 0, 0, 0, 20, 20, 0, 6)
8 (1, 4, 0, 873, 0, 0, 0, 0, 20, 20, 0, 165)
9 (1, 4, 0, 733, 0, 0, 0, 189, 20, 0, 0, 137)
10 (1, 4, 0, 260, 0, 0, 0, 207, 0, 0, 0, 119)
11 (1, 4, 0, 78, 0, 9, 0, 140, 20, 20, 0, 191)
12 (1, 4, 0, 15, 0, 17, 0, 94, 20, 20, 0, 35)
13 (1, 4, 206, 88, 0, 18, 0, 57, 20, 20, 0, 221)
14 (1, 4, 0, 17, 83, 8, 0, 45, 20, 20, 0, 56)
15 (1, 4, 0, 0, 173, 26, 0, 30, 20, 20, 0, 119)
16 (1, 4, 0, 14, 241, 11, 0, 24, 20, 20, 0, 49)
17 (1, 4, 37, 19, 0, 0, 0, 23, 20, 20, 0, 66)
18 (1, 4, 50, 33, 9, 0, 0, 22, 20, 20, 0, 177)
19 (1, 4, 43, 27, 7, 0, 0, 18, 20, 20, 0, 234)
20 (1, 4, 24, 18, 0, 0, 0, 17, 20, 20, 0, 90)
21 (1, 4, 0, 3, 0, 0, 0, 19, 20, 20, 0, 167)
22 (1, 4, 0, 0, 0, 0, 0, 18, 20, 20, 0, 160)
23 (1, 4, 0, 0, 0, 0, 0, 20, 20, 20, 0, 108)
24 (1, 4, 0, 9, 0, 0, 0, 19, 20, 20, 0, 121)
25 (1, 4, 0, 10, 0, 0, 0, 19, 20, 20, 0, 161)
26 (1, 4, 0, 12, 0, 0, 0, 18, 20, 20, 0, 201)
27 (1, 4, 0, 10, 0, 0, 0, 18, 20, 20, 0, 126)
28 (1, 4, 0, 7, 0, 0, 0, 18, 20, 20, 0, 162)
29 (1, 4, 0, 8, 0, 0, 0, 19, 20, 20, 0, 204)
30 (1, 4, 0, 9, 0, 0, 0, 18, 20, 20, 0, 166)
31 (1, 4, 0, 0, 0, 0, 0, 70, 20, 20, 0, 67)
32 (1, 4, 0, 0, 0, 0, 0, 59, 0, 0, 0, 128)
1 (1, 4, 0, 0, 0, 0, 0, 55, 20, 20, 0, 171)
2 (1, 4, 0, 0, 0, 0, 0, 41, 20, 20, 0, 94)
3 (1, 4, 0, 0, 0, 0, 0, 29, 20, 20, 0, 89)
4 (1, 4, 0, 0, 0, 0, 0, 10, 20, 20, 0, 153)
5 (1, 4, 0, 31, 0, 0, 0, 0, 20, 20, 0, 26)
6 (1, 4, 0, 97, 0, 0, 0, 0, 20, 20, 0, 62)
7 (1, 4, 0, 524, 0, 0, 0, 0, 20, 20, 0, 110)
8 (1, 4, 0, 873, 0, 0, 0, 0, 20, 20, 0, 165)
9 (1, 4, 0, 651, 0, 0, 0, 125, 20, 20, 0, 26)
10 (1, 4, 0, 421, 35, 0, 0, 117, 0, 0, 0, 239)
11 (1, 4, 0, 285, 93, 7, 0, 143, 20, 20, 0, 78)
12 (1, 4, 0, 182, 26, 19, 0, 154, 20, 20, 0, 239)
13 (1, 4, 0, 39, 52, 27, 0, 108, 20, 20, 0, 128)
14 (1, 4, 17, 0, 31, 42, 0, 65, 20, 20, 0, 183)
15 (1, 4, 5, 15, 8, 36, 0, 15, 20, 20, 0, 157)
16 (1, 4, 0, 16, 7, 35, 0, 15, 20, 20, 0, 127)
17 (1, 4, 3, 14, 1, 36, 0, 16, 20, 20, 0, 14)
18 (1, 4, 1, 14, 0, 35, 0, 16, 20, 20, 0, 219)
19 (1, 4, 2, 10, 0, 34, 0, 17, 20, 20, 0, 211)
20 (1, 4, 1, 4, 0, 35, 0, 16, 20, 20, 0, 5)
21 (1, 4, 0, 7, 0, 34, 0, 15, 20, 20, 0, 230)
22 (1, 4, 0, 10, 0, 34, 0, 15, 20, 20, 0, 58)
23 (1, 4, 0, 10, 0, 34, 0, 16, 20, 20, 0, 16)
24 (1, 4, 1, 7, 0, 34, 0, 15, 20, 20, 0, 232)
25 (1, 4, 0, 11, 0, 33, 0, 15, 20, 20, 0, 174)
26 (1, 4, 1, 11, 0, 34, 0, 16, 20, 20, 0, 171)
27 (1, 4, 0, 8, 0, 34, 0, 17, 20, 20, 0, 162)
28 (1, 4, 2, 4, 0, 33, 0, 16, 20, 20, 0, 41)
29 (1, 4, 1, 8, 0, 33, 0, 15, 20, 20, 0, 120)
30 (1, 4, 1, 6, 0, 33, 0, 16, 20, 20, 0, 86)
31 (1, 4, 0, 0, 0, 0, 0, 8, 20, 20, 0, 32)
32 (1, 4, 0, 0, 0, 0, 0, 11, 20, 20, 0, 70)
1 (1, 4, 0, 43, 0, 0, 0, 20, 20, 20, 0, 197)
2 (1, 4, 0, 36, 0, 0, 0, 15, 15, 14, 0, 131)
3 (1, 4, 68, 0, 0, 0, 0, 27, 13, 12, 0, 158)
4 (1, 4, 0, 0, 0, 2, 0, 7, 14, 14, 0, 45)
5 (1, 4, 0, 119, 0, 60, 0, 0, 17, 15, 0, 209)
6 (1, 4, 0, 873, 365, 0, 0, 0, 12, 14, 0, 133)
7 (1, 4, 0, 830, 712, 0, 0, 22, 4, 6, 0, 16)
8 (1, 4, 210, 0, 416, 0, 0, 12, 6, 7, 0, 142)
9 (1, 4, 211, 0, 235, 31, 0, 0, 7, 7, 0, 142)
10 (1, 4, 128, 0, 0, 20, 0, 0, 13, 13, 0, 133)
11 (1, 4, 7, 7, 0, 24, 0, 0, 15, 15, 0, 46)
12 (1, 4, 96, 0, 0, 17, 0, 2, 20, 20, 0, 213)
13 (1, 4, 60, 0, 41, 20, 0, 9, 20, 20, 0, 205)
14 (1, 4, 37, 0, 0, 23, 0, 5, 20, 20, 0, 59)
15 (1, 4, 0, 0, 0, 20, 0, 11, 20, 16, 0, 102)
16 (1, 4, 8, 2, 16, 17, 0, 11, 19, 18, 0, 152)
17 (1, 4, 24, 0, 16, 18, 0, 10, 20, 19, 0, 169)
18 (1, 4, 0, 17, 0, 17, 0, 12, 20, 20, 0, 105)
19 (1, 4, 0, 9, 0, 16, 0, 12, 20, 20, 0, 164)
20 (1, 4, 0, 7, 0, 18, 0, 10, 20, 20, 0, 82)
21 (1, 4, 0, 3, 0, 19, 0, 9, 20, 20, 0, 241)
22 (1, 4, 0, 5, 0, 19, 0, 10, 20, 20, 0, 32)
23 (1, 4, 4, 0, 0, 22, 0, 10, 20, 20, 0, 20)
24 (1, 4, 0, 0, 0, 22, 0, 8, 20, 20, 0, 149)
25 (1, 4, 1, 0, 0, 21, 0, 8, 20, 20, 0, 186)
26 (1, 4, 0, 0, 0, 24, 0, 7, 20, 20, 0, 214)
27 (1, 4, 0, 2, 0, 22, 0, 7, 20, 20, 0, 1)
28 (1, 4, 0, 0, 4, 20, 0, 9, 20, 20, 0, 42)
29 (1, 4, 0, 0, 1, 14, 0, 10, 20, 20, 0, 183)
30 (1, 4, 0, 0, 0, 6, 0, 11, 20, 20, 0, 4)
31 (1, 4, 0, 0, 0, 11, 0, 30, 20, 20, 0, 230)
32 (1, 4, 0, 0, 4, 11, 0, 32, 20, 20, 0, 236)
1 (1, 4, 0, 0, 4, 10, 0, 35, 20, 20, 0, 149)
2 (1, 4, 2, 0, 0, 5, 0, 38, 20, 20, 0, 216)
3 (1, 4, 39, 16, 0, 0, 0, 47, 20, 20, 0, 30)
4 (1, 4, 195, 135, 0, 0, 0, 52, 20, 0, 0, 73)
5 (1, 4, 264, 305, 0, 0, 0, 52, 20, 20, 0, 76)
6 (1, 4, 247, 310, 135, 0, 0, 48, 20, 20, 0, 204)
7 (1, 4, 0, 37, 283, 0, 0, 44, 20, 20, 0, 124)
8 (1, 4, 0, 0, 310, 0, 0, 28, 20, 20, 0, 43)
9 (1, 4, 0, 0, 378, 0, 0, 16, 20, 20, 0, 173)
10 (1, 4, 0, 0, 413, 0, 0, 2, 20, 20, 0, 214)
11 (1, 4, 0, 0, 375, 0, 0, 6, 20, 20, 0, 196)
12 (1, 4, 0, 0, 272, 0, 0, 6, 20, 20, 0, 36)
13 (1, 4, 0, 0, 194, 0, 0, 5, 20, 20, 0, 69)
14 (1, 4, 0, 0, 120, 0, 0, 2, 20, 20, 0, 181)
15 (1, 4, 0, 0, 3, 0, 0, 8, 20, 20, 0, 155)
16 (1, 4, 0, 0, 10, 0, 0, 4, 20, 20, 0, 44)
17 (1, 4, 0, 0, 8, 0, 0, 6, 20, 20, 0, 186)
18 (1, 4, 0, 0, 2, 0, 0, 6, 20, 20, 0, 41)
19 (1, 4, 0, 0, 0, 0, 0, 7, 20, 20, 0, 217)
20 (1, 4, 0, 0, 0, 0, 0, 8, 20, 20, 0, 32)
21 (1, 4, 0, 0, 0, 0, 0, 13, 20, 20, 0, 138)
22 (1, 4, 0, 0, 0, 0, 0, 17, 20, 20, 0, 198)
23 (1, 4, 0, 0, 0, 0, 0, 9, 20, 20, 0, 255)
24 (1, 4, 0, 0, 0, 0, 0, 11, 20, 20, 0, 70)
25 (1, 4, 0, 18, 0, 0, 0, 25, 20, 20, 0, 32)
26 (1, 4, 0, 1, 2, 0, 0, 26, 20, 20, 0, 208)
27 (1, 4, 0, 0, 0, 0, 0, 20, 20, 20, 0, 108)
28 (1, 4, 0, 0, 0, 0, 0, 21, 20, 20, 0, 179)
29 (1, 4, 0, 0, 0, 0, 0, 23, 20, 20, 0, 10)
1 (1, 4, 0, 22, 27, 0, 0, 134, 20, 0, 0, 43)
2 (1, 4, 0, 0, 57, 0, 0, 126, 20, 20, 0, 114)
3 (1, 4, 0, 0, 54, 54, 0, 94, 0, 0, 0, 98)
4 (1, 4, 0, 0, 0, 34, 0, 0, 20, 20, 0, 29)
5 (1, 4, 102, 0, 0, 134, 0, 0, 20, 20, 0, 79)
6 (1, 4, 0, 532, 0, 0, 0, 0, 20, 20, 0, 188)
7 (1, 4, 183, 667, 0, 0, 0, 70, 20, 20, 0, 157)
8 (1, 4, 155, 415, 0, 0, 0, 73, 20, 20, 0, 25)
9 (1, 4, 0, 277, 0, 0, 0, 125, 20, 20, 0, 86)
10 (1, 4, 0, 161, 0, 0, 0, 129, 20, 20, 0, 233)
11 (1, 4, 6, 130, 0, 8, 0, 114, 20, 20, 0, 244)
12 (1, 4, 0, 112, 7, 20, 0, 117, 20, 20, 0, 25)
13 (1, 4, 29, 91, 33, 28, 0, 114, 20, 20, 0, 114)
14 (1, 4, 0, 59, 20, 24, 0, 109, 20, 20, 0, 136)
15 (1, 4, 0, 18, 0, 19, 0, 106, 20, 20, 0, 167)
16 (1, 4, 58, 0, 0, 28, 0, 101, 20, 20, 0, 188)
17 (1, 4, 3, 13, 0, 31, 0, 96, 20, 20, 0, 178)
18 (1, 4, 3, 12, 3, 29, 0, 97, 20, 20, 0, 93)
19 (1, 4, 0, 6, 0, 28, 0, 96, 20, 20, 0, 234)
20 (1, 4, 2, 6, 0, 28, 0, 94, 20, 20, 0, 162)
21 (1, 4, 0, 10, 7, 28, 0, 93, 20, 20, 0, 84)
22 (1, 4, 3, 12, 12, 26, 0, 92, 20, 20, 0, 107)
23 (1, 4, 3, 17, 18, 24, 0, 92, 20, 20, 0, 90)
24 (1, 4, 0, 35, 27, 19, 0, 90, 20, 20, 0, 187)
25 (1, 4, 0, 96, 13, 15, 0, 76, 20, 20, 0, 130)
26 (1, 4, 0, 242, 14, 0, 0, 58, 20, 20, 0, 106)
27 (1, 4, 0, 242, 143, 0, 0, 58, 20, 20, 0, 15)
28 (1, 4, 0, 142, 267, 0, 0, 58, 9, 11, 0, 151)
29 (1, 4, 0, 108, 311, 0, 0, 69, 12, 13, 0, 135)
30 (1, 4, 0, 0, 349, 0, 0, 41, 14, 15, 0, 80)
31 (1, 4, 0, 0, 337, 0, 0, 21, 17, 18, 0, 110)
32 (1, 4, 0, 0, 253, 0, 0, 0, 16, 16, 0, 19)
1 (1, 4, 0, 49, 0, 42, 0, 31, 16, 15, 0, 24)
2 (1, 4, 0, 334, 0, 0, 0, 72, 20, 14, 0, 34)
3 (1, 4, 0, 170, 0, 0, 0, 95, 19, 18, 0, 236)
4 (1, 4, 69, 169, 0, 0, 0, 95, 16, 16, 0, 251)
5 (1, 4, 0, 149, 0, 0, 0, 81, 20, 20, 0, 140)
6 (1, 4, 30, 133, 0, 0, 0, 110, 18, 18, 0, 228)
7 (1, 4, 0, 93, 0, 0, 1, 84, 20, 20, 0, 110)
8 (1, 4, 0, 46, 4, 12, 0, 50, 20, 20, 0, 29)
9 (1, 4, 80, 195, 0, 0, 0, 0, 19, 18, 0, 173)
10 (1, 4, 219, 431, 0, 0, 0, 0, 20, 20, 0, 67)
11 (1, 4, 234, 512, 0, 0, 0, 125, 15, 20, 0, 202)
12 (1, 4, 0, 245, 0, 0, 110, 190, 20, 20, 0, 157)
13 (1, 4, 0, 73, 0, 0, 6, 169, 20, 20, 0, 64)
14 (1, 4, 12, 8, 0, 0, 4, 116, 20, 20, 0, 144)
15 (1, 4, 3, 41, 0, 0, 0, 107, 20, 20, 0, 116)
16 (1, 4, 19, 29, 0, 0, 0, 105, 20, 20, 0, 84)
17 (1, 4, 0, 0, 10, 0, 0, 109, 19, 14, 0, 241)
18 (1, 4, 0, 10, 23, 0, 0, 111, 18, 16, 0, 115)
19 (1, 4, 0, 12, 28, 0, 0, 112, 15, 14, 0, 161)
20 (1, 4, 0, 0, 22, 0, 0, 110, 16, 14, 0, 172)
21 (1, 4, 0, 0, 12, 0, 0, 111, 14, 14, 0, 255)
22 (1, 4, 1, 0, 11, 0, 0, 110, 12, 12, 0, 217)
23 (1, 4, 0, 0, 2, 0, 0, 108, 13, 13, 0, 79)
24 (1, 4, 7, 0, 2, 0, 0, 106, 14, 14, 0, 178)
25 (1, 4, 0, 3, 0, 0, 0, 108, 14, 14, 0, 163)
26 (1, 4, 10, 2, 0, 0, 0, 108, 14, 13, 0, 199)
27 (1, 4, 2, 3, 0, 0, 0, 109, 14, 13, 0, 221)
28 (1, 4, 0, 16, 0, 0, 0, 109, 13, 13, 0, 222)
29 (1, 4, 7, 10, 0, 0, 0, 111, 13, 13, 0, 242)
30 (1, 4, 6, 7, 0, 0, 0, 110, 13, 13, 0, 255)
31 (1, 4, 2, 11, 0, 0, 0, 111, 13, 13, 0, 113)
32 (1, 4, 0, 4, 0, 0, 0, 112, 13, 12, 0, 157)
1 (1, 4, 30, 45, 0, 0, 0, 28, 20, 20, 0, 44)
2 (1, 4, 130, 0, 0, 0, 0, 54, 20, 20, 0, 125)
3 (1, 4, 250, 0, 0, 0, 0, 59, 0, 0, 0, 87)
4 (1, 4, 9, 0, 0, 0, 0, 59, 20, 20, 0, 74)
5 (1, 4, 0, 0, 0, 0, 0, 42, 0, 0, 0, 140)
6 (1, 4, 0, 0, 0, 2, 0, 24, 0, 0, 0, 121)
7 (1, 4, 0, 0, 0, 0, 0, 18, 20, 20, 0, 160)
8 (1, 4, 0, 0, 0, 14, 0, 18, 20, 20, 0, 26)
9 (1, 4, 0, 0, 0, 23, 0, 21, 20, 20, 0, 25)
10 (1, 4, 0, 0, 0, 47, 0, 0, 20, 20, 0, 134)
11 (1, 4, 0, 442, 0, 89, 0, 0, 20, 20, 0, 150)
12 (1, 4, 0, 873, 104, 0, 0, 0, 0, 0, 0, 168)
13 (1, 4, 0, 669, 303, 0, 0, 185, 20, 20, 0, 140)
14 (1, 4, 201, 0, 0, 0, 0, 111, 20, 20, 0, 53)
15 (1, 4, 115, 0, 0, 18, 0, 18, 20, 20, 0, 213)
16 (1, 4, 142, 0, 20, 73, 0, 0, 20, 20, 0, 152)
17 (1, 4, 11, 5, 0, 40, 0, 29, 12, 9, 0, 93)
18 (1, 4, 0, 10, 0, 40, 0, 28, 11, 10, 0, 197)
19 (1, 4, 0, 11, 0, 40, 0, 31, 11, 11, 0, 125)
20 (1, 4, 0, 8, 0, 40, 0, 30, 11, 10, 0, 17)
21 (1, 4, 0, 4, 0, 40, 0, 29, 11, 11, 0, 117)
22 (1, 4, 0, 7, 0, 39, 0, 29, 11, 11, 0, 8)
23 (1, 4, 0, 4, 0, 40, 0, 29, 11, 11, 0, 117)
24 (1, 4, 0, 6, 0, 40, 0, 29, 11, 11, 0, 24)
25 (1, 4, 2, 4, 0, 40, 0, 29, 12, 12, 0, 86)
26 (1, 4, 11, 5, 2, 39, 0, 30, 12, 12, 0, 113)
27 (1, 4, 25, 0, 10, 38, 0, 32, 12, 12, 0, 21)
28 (1, 4, 8, 0, 1, 40, 0, 29, 13, 13, 0, 125)
