0 (1, 4, 0, 0, 0, 0, 0, 11, 3, 3, 0, 233)
1 (1, 4, 0, 0, 0, 0, 0, 0, 4, 4, 0, 90)
2 (1, 4, 2, 76, 0, 0, 0, 3, 3, 3, 0, 245)
3 (1, 4, 229, 103, 14, 0, 0, 0, 2, 2, 0, 143)
4 (1, 4, 413, 212, 69, 0, 0, 0, 2, 2, 0, 213)
5 (1, 4, 540, 303, 219, 0, 0, 7, 2, 2, 0, 55)
6 (1, 4, 632, 350, 242, 0, 0, 57, 1, 2, 0, 240)
7 (1, 4, 282, 140, 142, 0, 0, 72, 1, 1, 0, 2)
8 (1, 4, 873, 0, 0, 0, 0, 240, 4, 4, 0, 209)
9 (1, 4, 0, 0, 0, 0, 29, 70, 1, 2, 0, 157)
10 (1, 4, 65, 44, 85, 0, 0, 85, 2, 2, 0, 50)
11 (1, 4, 0, 26, 22, 0, 0, 79, 2, 2, 0, 97)
12 (1, 4, 0, 0, 0, 0, 0, 81, 1, 1, 0, 62)
13 (1, 4, 0, 0, 0, 0, 0, 84, 2, 2, 0, 143)
14 (1, 4, 0, 0, 0, 0, 0, 82, 2, 1, 0, 254)
15 (1, 4, 0, 0, 0, 0, 0, 84, 1, 1, 0, 148)
16 (1, 4, 0, 0, 0, 0, 0, 85, 1, 1, 0, 75)
17 (1, 4, 0, 0, 0, 0, 0, 85, 1, 2, 0, 246)
18 (1, 4, 0, 1, 0, 0, 0, 85, 2, 2, 0, 229)
19 (1, 4, 0, 23, 3, 0, 0, 85, 2, 1, 0, 53)
20 (1, 4, 0, 0, 16, 0, 5, 104, 1, 2, 0, 33)
21 (1, 4, 0, 0, 32, 0, 0, 75, 2, 2, 0, 91)
22 (1, 4, 0, 0, 0, 0, 0, 49, 3, 2, 0, 163)
23 (1, 4, 0, 0, 0, 0, 0, 0, 1, 1, 0, 119)
24 (1, 4, 0, 8, 3, 0, 0, 0, 1, 1, 0, 127)
25 (1, 4, 0, 444, 206, 0, 0, 0, 1, 1, 0, 158)
26 (1, 4, 67, 873, 667, 0, 26, 0, 0, 0, 0, 15)
27 (1, 4, 197, 873, 472, 0, 0, 0, 1, 1, 0, 38)
28 (1, 4, 1, 120, 129, 0, 0, 115, 0, 0, 0, 215)
29 (1, 4, 0, 0, 0, 0, 0, 27, 0, 0, 0, 33)
30 (1, 4, 84, 0, 0, 0, 0, 0, 0, 0, 0, 47)
31 (1, 4, 307, 0, 0, 0, 0, 0, 0, 0, 0, 73)
0 (1, 4, 14, 0, 48, 0, 0, 0, 0, 0, 0, 171)
1 (1, 4, 53, 0, 24, 0, 0, 0, 0, 0, 0, 172)
2 (1, 4, 68, 5, 2, 0, 0, 0, 0, 0, 0, 143)
3 (1, 4, 240, 0, 0, 0, 0, 0, 0, 0, 0, 197)
4 (1, 4, 622, 0, 0, 0, 0, 0, 0, 0, 0, 96)
5 (1, 4, 733, 0, 92, 0, 0, 0, 0, 0, 0, 38)
6 (1, 4, 657, 75, 252, 0, 0, 17, 0, 0, 0, 12)
7 (1, 4, 415, 183, 173, 0, 0, 51, 0, 0, 0, 30)
8 (1, 4, 139, 100, 64, 0, 0, 82, 0, 0, 0, 70)
9 (1, 4, 351, 0, 0, 0, 0, 125, 0, 0, 0, 56)
10 (1, 4, 227, 0, 2, 0, 0, 90, 0, 0, 0, 221)
11 (1, 4, 22, 0, 14, 0, 0, 91, 0, 0, 0, 109)
12 (1, 4, 23, 43, 28, 0, 0, 83, 0, 0, 0, 112)
13 (1, 4, 5, 11, 0, 0, 0, 84, 0, 0, 0, 192)
14 (1, 4, 0, 61, 27, 0, 0, 92, 0, 0, 0, 112)
15 (1, 4, 0, 11, 0, 0, 0, 98, 0, 0, 0, 72)
16 (1, 4, 0, 0, 0, 0, 0, 32, 0, 0, 0, 223)
17 (1, 4, 0, 0, 0, 2, 0, 0, 1, 1, 0, 73)
18 (1, 4, 0, 484, 9, 7, 0, 0, 1, 1, 0, 125)
19 (1, 4, 0, 873, 363, 0, 0, 0, 0, 0, 0, 78)
20 (1, 4, 74, 718, 285, 0, 0, 0, 0, 0, 0, 132)
21 (1, 4, 46, 67, 135, 0, 0, 31, 0, 0, 0, 136)
22 (1, 4, 119, 0, 49, 10, 0, 0, 0, 0, 0, 41)
23 (1, 4, 63, 0, 0, 19, 0, 0, 0, 0, 0, 213)
24 (1, 4, 0, 0, 0, 15, 0, 0, 0, 0, 0, 219)
25 (1, 4, 0, 0, 10, 13, 0, 0, 0, 0, 0, 118)
26 (1, 4, 0, 0, 31, 0, 0, 0, 0, 0, 0, 88)
27 (1, 4, 260, 0, 174, 0, 0, 0, 0, 0, 0, 134)
28 (1, 4, 359, 0, 220, 0, 0, 0, 0, 0, 0, 143)
29 (1, 4, 0, 17, 223, 0, 0, 0, 0, 0, 0, 134)
30 (1, 4, 0, 159, 223, 0, 0, 0, 0, 0, 0, 131)
31 (1, 4, 91, 0, 201, 0, 0, 0, 0, 0, 0, 87)
0 (1, 4, 0, 178, 327, 0, 0, 25, 0, 0, 0, 20)
1 (1, 4, 311, 85, 333, 0, 0, 7, 0, 0, 0, 63)
2 (1, 4, 152, 144, 115, 0, 27, 5, 0, 0, 0, 63)
3 (1, 4, 0, 3, 0, 0, 59, 40, 0, 0, 0, 47)
4 (1, 4, 0, 0, 0, 0, 29, 2, 0, 0, 0, 25)
5 (1, 4, 40, 0, 8, 0, 26, 0, 0, 0, 0, 195)
6 (1, 4, 8, 40, 0, 0, 33, 2, 0, 0, 0, 178)
7 (1, 4, 24, 19, 27, 0, 24, 18, 0, 0, 0, 1)
8 (1, 4, 384, 0, 0, 0, 0, 63, 0, 0, 0, 226)
9 (1, 4, 0, 0, 0, 0, 37, 31, 0, 0, 0, 195)
10 (1, 4, 0, 0, 0, 0, 0, 72, 0, 0, 0, 209)
11 (1, 4, 0, 0, 0, 0, 0, 73, 0, 0, 0, 14)
12 (1, 4, 0, 0, 0, 0, 0, 27, 0, 0, 0, 33)
13 (1, 4, 0, 76, 0, 0, 0, 0, 1, 1, 0, 157)
14 (1, 4, 0, 175, 0, 0, 0, 0, 1, 1, 0, 5)
15 (1, 4, 0, 222, 32, 0, 0, 0, 1, 1, 0, 110)
16 (1, 4, 0, 736, 382, 0, 0, 0, 1, 1, 0, 16)
17 (1, 4, 11, 873, 859, 0, 22, 0, 0, 0, 0, 131)
18 (1, 4, 90, 581, 187, 0, 0, 83, 0, 0, 0, 221)
19 (1, 4, 60, 0, 155, 0, 0, 53, 0, 0, 0, 64)
20 (1, 4, 44, 0, 74, 9, 0, 0, 0, 0, 0, 126)
21 (1, 4, 0, 0, 17, 11, 0, 0, 0, 0, 0, 76)
22 (1, 4, 75, 0, 0, 13, 0, 0, 0, 0, 0, 14)
23 (1, 4, 13, 0, 40, 12, 0, 0, 0, 0, 0, 254)
24 (1, 4, 0, 0, 33, 4, 0, 0, 0, 0, 0, 104)
25 (1, 4, 0, 0, 35, 8, 0, 0, 0, 0, 0, 195)
26 (1, 4, 0, 0, 31, 6, 0, 0, 0, 0, 0, 26)
27 (1, 4, 0, 0, 38, 3, 0, 0, 0, 0, 0, 208)
28 (1, 4, 24, 0, 43, 0, 0, 0, 0, 0, 0, 23)
29 (1, 4, 32, 0, 34, 0, 0, 0, 0, 0, 0, 104)
30 (1, 4, 0, 0, 11, 0, 0, 0, 0, 0, 0, 121)
31 (1, 4, 57, 0, 12, 0, 0, 0, 0, 0, 0, 197)
0 (1, 4, 36, 0, 142, 0, 0, 0, 0, 0, 0, 189)
1 (1, 4, 174, 0, 184, 0, 0, 0, 0, 0, 0, 52)
2 (1, 4, 248, 0, 256, 0, 0, 0, 0, 0, 0, 232)
3 (1, 4, 131, 0, 319, 0, 0, 0, 0, 0, 0, 252)
4 (1, 4, 138, 0, 373, 0, 0, 0, 0, 0, 0, 234)
5 (1, 4, 130, 0, 358, 0, 0, 0, 0, 0, 0, 94)
6 (1, 4, 0, 6, 208, 0, 0, 0, 0, 0, 0, 188)
7 (1, 4, 0, 155, 111, 0, 0, 0, 0, 0, 0, 41)
8 (1, 4, 0, 61, 189, 0, 0, 0, 0, 0, 0, 7)
9 (1, 4, 0, 72, 160, 0, 0, 0, 0, 0, 0, 65)
10 (1, 4, 0, 298, 101, 0, 0, 21, 0, 0, 0, 49)
11 (1, 4, 0, 0, 0, 0, 0, 0, 0, 0, 0, 126)
12 (1, 4, 0, 0, 0, 0, 0, 0, 0, 0, 0, 126)
13 (1, 4, 0, 0, 0, 0, 0, 0, 0, 0, 0, 126)
14 (1, 4, 0, 0, 0, 0, 0, 0, 0, 0, 0, 126)
15 (1, 4, 0, 190, 0, 0, 0, 0, 1, 1, 0, 209)
16 (1, 4, 0, 288, 0, 0, 0, 0, 1, 1, 0, 80)
17 (1, 4, 0, 376, 0, 0, 0, 0, 1, 1, 0, 1)
18 (1, 4, 0, 371, 0, 0, 0, 0, 1, 1, 0, 106)
19 (1, 4, 0, 523, 230, 0, 8, 0, 1, 1, 0, 149)
20 (1, 4, 0, 873, 622, 0, 6, 0, 2, 2, 0, 96)
21 (1, 4, 191, 873, 662, 0, 0, 0, 0, 0, 0, 60)
22 (1, 4, 82, 432, 193, 0, 0, 99, 1, 0, 0, 50)
23 (1, 4, 0, 78, 49, 0, 0, 60, 0, 0, 0, 1)
24 (1, 4, 0, 0, 57, 1, 0, 0, 0, 0, 0, 200)
25 (1, 4, 0, 0, 64, 32, 0, 0, 0, 0, 0, 108)
26 (1, 4, 0, 0, 0, 33, 0, 0, 0, 0, 0, 136)
27 (1, 4, 0, 12, 0, 35, 0, 0, 0, 0, 0, 223)
28 (1, 4, 0, 48, 0, 33, 0, 0, 0, 0, 0, 43)
29 (1, 4, 6, 19, 1, 28, 0, 0, 0, 0, 0, 4)
30 (1, 4, 19, 0, 13, 29, 0, 0, 0, 0, 0, 150)
31 (1, 4, 3, 0, 10, 27, 0, 0, 0, 0, 0, 209)
0 (1, 4, 0, 0, 0, 0, 0, 0, 2, 1, 0, 209)
1 (1, 4, 0, 154, 0, 0, 0, 0, 1, 0, 0, 162)
2 (1, 4, 0, 283, 0, 0, 0, 0, 1, 1, 0, 152)
3 (1, 4, 0, 526, 2, 0, 0, 0, 1, 1, 0, 145)
4 (1, 4, 0, 873, 470, 0, 73, 0, 3, 3, 0, 241)
5 (1, 4, 0, 873, 716, 0, 59, 0, 2, 2, 0, 147)
6 (1, 4, 36, 510, 421, 0, 0, 69, 0, 0, 0, 54)
7 (1, 4, 70, 0, 56, 0, 0, 0, 0, 0, 0, 238)
8 (1, 4, 170, 0, 169, 0, 0, 0, 0, 0, 0, 231)
9 (1, 4, 75, 0, 73, 14, 0, 0, 2, 1, 0, 83)
10 (1, 4, 0, 0, 7, 11, 0, 0, 1, 1, 0, 75)
11 (1, 4, 0, 0, 0, 0, 0, 0, 3, 3, 0, 101)
12 (1, 4, 23, 0, 0, 0, 0, 0, 1, 1, 0, 189)
13 (1, 4, 31, 0, 0, 1, 0, 0, 1, 1, 0, 210)
14 (1, 4, 0, 0, 0, 2, 0, 0, 1, 1, 0, 73)
15 (1, 4, 0, 0, 0, 2, 0, 0, 1, 1, 0, 73)
16 (1, 4, 0, 0, 0, 3, 0, 0, 4, 6, 0, 173)
17 (1, 4, 0, 0, 0, 6, 0, 0, 1, 1, 0, 53)
18 (1, 4, 0, 0, 0, 6, 0, 0, 5, 5, 0, 17)
19 (1, 4, 0, 0, 0, 5, 0, 0, 2, 2, 0, 15)
20 (1, 4, 0, 0, 0, 5, 0, 0, 1, 1, 0, 20)
21 (1, 4, 0, 0, 0, 5, 0, 0, 1, 1, 0, 20)
22 (1, 4, 0, 0, 0, 6, 0, 0, 1, 1, 0, 53)
23 (1, 4, 0, 0, 0, 6, 0, 0, 2, 2, 0, 46)
24 (1, 4, 6, 0, 0, 6, 0, 0, 2, 2, 0, 10)
25 (1, 4, 11, 0, 6, 5, 0, 0, 2, 2, 0, 28)
26 (1, 4, 0, 0, 1, 2, 0, 0, 1, 1, 0, 221)
27 (1, 4, 0, 0, 0, 3, 0, 0, 2, 1, 0, 240)
28 (1, 4, 0, 0, 10, 2, 0, 0, 2, 2, 0, 193)
29 (1, 4, 0, 1, 11, 2, 0, 0, 1, 1, 0, 251)
0 (1, 4, 0, 0, 0, 0, 0, 0, 1, 0, 0, 28)
1 (1, 4, 0, 0, 0, 0, 0, 0, 1, 1, 0, 119)
2 (1, 4, 0, 232, 0, 0, 0, 0, 3, 3, 0, 150)
3 (1, 4, 6, 463, 0, 0, 0, 0, 3, 4, 0, 129)
4 (1, 4, 0, 469, 0, 0, 0, 0, 2, 2, 0, 5)
5 (1, 4, 0, 443, 17, 0, 0, 0, 5, 6, 0, 41)
6 (1, 4, 174, 296, 122, 0, 0, 0, 4, 4, 0, 161)
7 (1, 4, 138, 763, 136, 0, 0, 0, 0, 1, 0, 166)
8 (1, 4, 277, 773, 446, 0, 0, 0, 0, 1, 0, 102)
9 (1, 4, 345, 393, 203, 0, 0, 75, 1, 1, 0, 68)
10 (1, 4, 374, 172, 206, 0, 0, 71, 0, 1, 0, 166)
11 (1, 4, 0, 151, 2, 0, 0, 52, 0, 1, 0, 95)
12 (1, 4, 0, 0, 0, 0, 0, 24, 1, 1, 0, 78)
13 (1, 4, 0, 0, 7, 5, 0, 0, 0, 1, 0, 147)
14 (1, 4, 0, 0, 0, 6, 0, 0, 0, 1, 0, 87)
15 (1, 4, 0, 0, 5, 5, 0, 0, 1, 1, 0, 222)
16 (1, 4, 0, 0, 11, 5, 0, 0, 0, 1, 0, 113)
17 (1, 4, 0, 0, 0, 5, 0, 0, 0, 1, 0, 118)
18 (1, 4, 0, 5, 8, 3, 0, 0, 0, 1, 0, 231)
19 (1, 4, 0, 0, 0, 5, 0, 0, 0, 1, 0, 118)
20 (1, 4, 0, 0, 7, 2, 0, 0, 1, 1, 0, 172)
21 (1, 4, 3, 0, 24, 4, 0, 0, 0, 1, 0, 184)
22 (1, 4, 16, 0, 18, 0, 0, 0, 0, 1, 0, 165)
23 (1, 4, 9, 0, 18, 0, 0, 0, 1, 1, 0, 89)
24 (1, 4, 0, 0, 0, 0, 0, 0, 0, 1, 0, 21)
25 (1, 4, 0, 0, 2, 0, 0, 0, 0, 1, 0, 58)
26 (1, 4, 0, 0, 7, 0, 0, 0, 1, 1, 0, 146)
27 (1, 4, 23, 0, 30, 0, 0, 3, 0, 1, 0, 11)
28 (1, 4, 0, 0, 52, 0, 0, 0, 0, 1, 0, 202)
0 (1, 4, 0, 323, 0, 0, 0, 0, 0, 0, 0, 192)
1 (1, 4, 0, 428, 0, 0, 0, 0, 0, 0, 0, 49)
2 (1, 4, 0, 577, 0, 0, 0, 0, 0, 0, 0, 133)
3 (1, 4, 117, 873, 274, 0, 0, 0, 0, 0, 0, 132)
4 (1, 4, 379, 873, 175, 0, 0, 0, 0, 0, 0, 137)
5 (1, 4, 288, 840, 0, 0, 47, 0, 0, 1, 0, 108)
6 (1, 4, 214, 327, 76, 0, 0, 36, 0, 1, 0, 228)
7 (1, 4, 0, 116, 69, 0, 0, 94, 0, 1, 0, 110)
8 (1, 4, 0, 24, 70, 0, 0, 45, 0, 1, 0, 172)
9 (1, 4, 0, 0, 0, 20, 0, 5, 0, 1, 0, 52)
10 (1, 4, 0, 0, 7, 21, 0, 3, 0, 1, 0, 2)
11 (1, 4, 0, 0, 0, 21, 0, 0, 0, 1, 0, 129)
12 (1, 4, 0, 0, 0, 14, 0, 0, 0, 1, 0, 175)
13 (1, 4, 0, 0, 0, 25, 0, 0, 0, 1, 0, 5)
14 (1, 4, 0, 0, 0, 18, 0, 0, 0, 1, 0, 220)
15 (1, 4, 0, 0, 0, 33, 0, 0, 0, 1, 0, 227)
16 (1, 4, 0, 0, 0, 28, 0, 0, 0, 1, 0, 102)
17 (1, 4, 0, 0, 4, 24, 0, 0, 0, 1, 0, 68)
18 (1, 4, 0, 0, 14, 27, 0, 0, 0, 1, 0, 246)
19 (1, 4, 6, 1, 16, 21, 0, 0, 0, 1, 0, 111)
20 (1, 4, 0, 0, 5, 28, 0, 0, 0, 1, 0, 172)
21 (1, 4, 0, 0, 0, 25, 0, 0, 0, 1, 0, 5)
22 (1, 4, 0, 0, 0, 27, 0, 0, 0, 1, 0, 59)
23 (1, 4, 0, 0, 0, 23, 0, 0, 0, 1, 0, 191)
24 (1, 4, 0, 0, 3, 23, 0, 0, 0, 1, 0, 4)
25 (1, 4, 1, 0, 5, 21, 0, 0, 0, 1, 0, 69)
26 (1, 4, 0, 0, 17, 20, 0, 0, 0, 1, 0, 117)
27 (1, 4, 0, 0, 0, 15, 0, 0, 0, 1, 0, 176)
28 (1, 4, 0, 0, 0, 17, 0, 0, 0, 1, 0, 253)
29 (1, 4, 0, 0, 0, 17, 0, 0, 0, 1, 0, 253)
30 (1, 4, 0, 0, 0, 17, 0, 0, 0, 1, 0, 253)
31 (1, 4, 0, 0, 0, 15, 0, 0, 0, 1, 0, 176)
0 (1, 4, 0, 0, 364, 0, 0, 0, 4, 4, 0, 224)
1 (1, 4, 0, 0, 387, 0, 0, 0, 3, 2, 0, 25)
2 (1, 4, 0, 141, 0, 0, 0, 0, 2, 1, 0, 12)
3 (1, 4, 58, 376, 0, 0, 0, 0, 1, 1, 0, 74)
4 (1, 4, 0, 550, 0, 0, 0, 0, 1, 1, 0, 207)
5 (1, 4, 97, 507, 0, 0, 0, 0, 1, 1, 0, 152)
6 (1, 4, 179, 482, 0, 0, 0, 0, 1, 1, 0, 159)
7 (1, 4, 9, 586, 250, 0, 25, 0, 1, 0, 0, 215)
8 (1, 4, 0, 873, 873, 0, 64, 0, 3, 5, 0, 167)
9 (1, 4, 873, 615, 161, 0, 0, 102, 0, 0, 0, 117)
10 (1, 4, 0, 0, 14, 0, 0, 132, 0, 0, 0, 76)
11 (1, 4, 12, 0, 0, 0, 0, 13, 0, 0, 0, 118)
12 (1, 4, 0, 0, 0, 24, 0, 0, 0, 0, 0, 113)
13 (1, 4, 0, 0, 22, 21, 0, 0, 0, 0, 0, 228)
14 (1, 4, 0, 0, 16, 25, 0, 0, 0, 0, 0, 17)
15 (1, 4, 0, 4, 20, 21, 0, 0, 0, 0, 0, 17)
16 (1, 4, 0, 23, 7, 17, 0, 0, 0, 0, 0, 16)
17 (1, 4, 15, 20, 10, 16, 0, 0, 0, 0, 0, 251)
18 (1, 4, 5, 0, 0, 18, 0, 0, 0, 0, 0, 129)
19 (1, 4, 0, 0, 0, 18, 0, 0, 0, 0, 0, 183)
20 (1, 4, 9, 0, 0, 20, 0, 0, 0, 0, 0, 139)
21 (1, 4, 0, 2, 0, 20, 0, 0, 0, 0, 0, 152)
22 (1, 4, 0, 2, 0, 18, 0, 0, 0, 0, 0, 218)
23 (1, 4, 15, 0, 0, 21, 0, 0, 0, 0, 0, 176)
24 (1, 4, 0, 13, 0, 20, 0, 0, 0, 0, 0, 41)
25 (1, 4, 0, 7, 0, 20, 0, 0, 0, 0, 0, 247)
26 (1, 4, 0, 0, 0, 21, 0, 0, 0, 0, 0, 234)
27 (1, 4, 0, 37, 17, 24, 0, 0, 0, 0, 0, 55)
28 (1, 4, 0, 9, 0, 19, 0, 0, 0, 0, 0, 174)
29 (1, 4, 5, 28, 6, 24, 0, 0, 0, 0, 0, 62)
0 (1, 4, 0, 0, 174, 0, 0, 0, 0, 0, 0, 188)
1 (1, 4, 0, 0, 0, 0, 0, 0, 0, 0, 0, 126)
2 (1, 4, 46, 129, 0, 0, 0, 0, 0, 0, 0, 89)
3 (1, 4, 59, 393, 0, 0, 0, 0, 0, 0, 0, 217)
4 (1, 4, 169, 591, 0, 0, 0, 0, 0, 0, 0, 45)
5 (1, 4, 419, 673, 0, 0, 0, 0, 0, 0, 0, 7)
6 (1, 4, 354, 656, 0, 0, 0, 0, 0, 1, 0, 232)
7 (1, 4, 111, 419, 0, 0, 0, 0, 1, 2, 0, 32)
8 (1, 4, 262, 557, 0, 0, 0, 0, 0, 1, 0, 224)
9 (1, 4, 0, 321, 0, 0, 0, 0, 1, 1, 0, 164)
10 (1, 4, 0, 193, 88, 3, 0, 46, 1, 2, 0, 99)
11 (1, 4, 0, 155, 140, 9, 0, 32, 1, 2, 0, 148)
12 (1, 4, 0, 47, 110, 16, 0, 6, 1, 1, 0, 247)
13 (1, 4, 0, 0, 48, 13, 0, 0, 0, 1, 0, 15)
14 (1, 4, 0, 0, 38, 12, 0, 0, 1, 1, 0, 124)
15 (1, 4, 0, 0, 16, 7, 0, 0, 1, 1, 0, 85)
16 (1, 4, 0, 0, 24, 4, 0, 0, 1, 1, 0, 200)
17 (1, 4, 0, 0, 28, 1, 0, 0, 0, 1, 0, 151)
18 (1, 4, 0, 0, 6, 0, 0, 0, 0, 1, 0, 100)
19 (1, 4, 0, 0, 16, 1, 0, 0, 1, 1, 0, 23)
20 (1, 4, 7, 0, 16, 12, 0, 0, 0, 1, 0, 196)
21 (1, 4, 0, 0, 3, 10, 0, 0, 0, 1, 0, 104)
22 (1, 4, 0, 0, 9, 9, 0, 0, 1, 1, 0, 184)
23 (1, 4, 9, 0, 1, 13, 0, 0, 0, 1, 0, 100)
24 (1, 4, 7, 10, 0, 15, 0, 0, 0, 1, 0, 68)
25 (1, 4, 3, 26, 0, 12, 0, 0, 1, 1, 0, 94)
26 (1, 4, 0, 12, 0, 6, 0, 0, 0, 1, 0, 62)
27 (1, 4, 0, 26, 0, 6, 0, 0, 0, 1, 0, 232)
28 (1, 4, 0, 25, 7, 7, 0, 0, 0, 1, 0, 202)
29 (1, 4, 0, 36, 20, 7, 0, 0, 0, 1, 0, 113)
0 (1, 4, 0, 15, 0, 0, 0, 0, 1, 1, 0, 198)
1 (1, 4, 30, 98, 0, 0, 0, 0, 1, 1, 0, 239)
2 (1, 4, 75, 273, 0, 0, 0, 0, 1, 1, 0, 173)
3 (1, 4, 0, 302, 0, 0, 0, 0, 1, 1, 0, 84)
4 (1, 4, 0, 654, 194, 0, 14, 0, 1, 1, 0, 74)
5 (1, 4, 171, 873, 630, 0, 8, 0, 2, 2, 0, 195)
6 (1, 4, 92, 664, 277, 0, 0, 59, 2, 1, 0, 248)
7 (1, 4, 375, 214, 96, 0, 0, 159, 2, 2, 0, 27)
8 (1, 4, 0, 4, 39, 0, 0, 0, 1, 1, 0, 182)
9 (1, 4, 0, 0, 0, 16, 0, 0, 1, 1, 0, 128)
10 (1, 4, 0, 0, 0, 1, 0, 0, 1, 1, 0, 104)
11 (1, 4, 0, 0, 0, 3, 0, 0, 1, 1, 0, 86)
12 (1, 4, 18, 0, 0, 0, 0, 0, 1, 1, 0, 139)
13 (1, 4, 0, 0, 0, 4, 0, 0, 1, 1, 0, 11)
14 (1, 4, 19, 0, 7, 0, 0, 0, 1, 1, 0, 96)
15 (1, 4, 0, 0, 0, 2, 0, 0, 1, 1, 0, 73)
16 (1, 4, 13, 0, 3, 0, 0, 0, 1, 1, 0, 138)
17 (1, 4, 57, 0, 0, 0, 0, 0, 1, 0, 0, 69)
18 (1, 4, 22, 0, 0, 0, 0, 0, 1, 1, 0, 179)
19 (1, 4, 1, 13, 7, 0, 0, 0, 1, 1, 0, 64)
20 (1, 4, 8, 0, 14, 0, 0, 0, 1, 1, 0, 202)
21 (1, 4, 7, 7, 32, 0, 0, 0, 1, 1, 0, 161)
22 (1, 4, 8, 0, 22, 0, 0, 0, 1, 1, 0, 9)
23 (1, 4, 0, 14, 17, 0, 0, 0, 1, 1, 0, 152)
24 (1, 4, 3, 0, 3, 0, 0, 0, 1, 1, 0, 222)
25 (1, 4, 1, 8, 10, 0, 0, 0, 1, 1, 0, 89)
26 (1, 4, 0, 0, 4, 0, 0, 0, 1, 1, 0, 41)
27 (1, 4, 0, 1, 0, 0, 0, 0, 1, 1, 0, 194)
28 (1, 4, 0, 11, 12, 0, 0, 0, 1, 1, 0, 254)
29 (1, 4, 12, 3, 2, 0, 0, 0, 1, 1, 0, 200)
30 (1, 4, 0, 0, 0, 0, 0, 0, 1, 1, 0, 119)
31 (1, 4, 14, 0, 0, 0, 0, 0, 1, 1, 0, 35)
0 (1, 4, 0, 71, 42, 0, 0, 0, 3, 2, 0, 226)
1 (1, 4, 0, 138, 0, 0, 0, 0, 4, 3, 0, 147)
2 (1, 4, 132, 0, 0, 0, 0, 0, 3, 2, 0, 35)
3 (1, 4, 0, 72, 0, 0, 0, 0, 2, 1, 0, 225)
4 (1, 4, 0, 195, 0, 0, 0, 0, 1, 1, 0, 45)
5 (1, 4, 93, 302, 0, 0, 0, 0, 2, 2, 0, 96)
6 (1, 4, 4, 289, 0, 0, 0, 0, 2, 1, 0, 123)
7 (1, 4, 0, 182, 0, 0, 0, 0, 1, 1, 0, 98)
8 (1, 4, 176, 506, 166, 0, 40, 0, 2, 1, 0, 75)
9 (1, 4, 329, 873, 372, 0, 26, 0, 1, 1, 0, 34)
10 (1, 4, 286, 479, 154, 0, 0, 137, 7, 1, 0, 159)
11 (1, 4, 92, 123, 84, 0, 0, 117, 3, 2, 0, 35)
12 (1, 4, 0, 0, 0, 1, 0, 0, 3, 2, 0, 17)
13 (1, 4, 0, 0, 0, 0, 0, 0, 2, 2, 0, 108)
14 (1, 4, 0, 0, 0, 6, 0, 0, 1, 1, 0, 53)
15 (1, 4, 2, 0, 1, 8, 0, 0, 2, 1, 0, 161)
16 (1, 4, 0, 0, 27, 0, 0, 0, 1, 1, 0, 15)
17 (1, 4, 0, 0, 16, 0, 0, 0, 2, 1, 0, 174)
18 (1, 4, 0, 4, 44, 0, 0, 0, 1, 1, 0, 177)
19 (1, 4, 0, 0, 13, 0, 0, 0, 1, 1, 0, 1)
20 (1, 4, 23, 0, 0, 0, 0, 0, 1, 1, 0, 189)
21 (1, 4, 0, 0, 8, 0, 0, 0, 1, 1, 0, 203)
22 (1, 4, 0, 0, 6, 0, 0, 0, 1, 1, 0, 6)
23 (1, 4, 0, 0, 0, 0, 0, 0, 1, 1, 0, 119)
24 (1, 4, 0, 2, 8, 0, 0, 0, 1, 1, 0, 166)
25 (1, 4, 0, 0, 6, 0, 0, 0, 1, 1, 0, 6)
26 (1, 4, 0, 1, 9, 0, 0, 0, 1, 1, 0, 234)
27 (1, 4, 0, 4, 18, 0, 0, 0, 1, 1, 0, 253)
28 (1, 4, 5, 0, 4, 0, 0, 0, 1, 1, 0, 31)
29 (1, 4, 0, 8, 0, 0, 0, 0, 1, 1, 0, 196)
30 (1, 4, 1, 0, 0, 0, 0, 0, 1, 1, 0, 121)
31 (1, 4, 0, 0, 0, 0, 0, 0, 1, 1, 0, 119)
0 (1, 4, 0, 4, 0, 0, 0, 0, 1, 1, 0, 173)
1 (1, 4, 0, 0, 0, 0, 0, 0, 1, 1, 0, 119)
2 (1, 4, 0, 9, 7, 0, 0, 0, 1, 1, 0, 148)
3 (1, 4, 0, 0, 0, 0, 0, 0, 1, 1, 0, 119)
4 (1, 4, 0, 0, 0, 0, 0, 0, 1, 1, 0, 119)
5 (1, 4, 0, 0, 0, 0, 0, 0, 1, 1, 0, 119)
6 (1, 4, 68, 21, 49, 0, 0, 0, 1, 1, 0, 221)
7 (1, 4, 244, 134, 220, 0, 0, 6, 2, 2, 0, 2)
8 (1, 4, 126, 0, 289, 0, 0, 0, 1, 1, 0, 186)
9 (1, 4, 0, 0, 250, 0, 0, 0, 1, 1, 0, 111)
10 (1, 4, 0, 0, 265, 0, 0, 0, 1, 1, 0, 2)
11 (1, 4, 0, 0, 425, 0, 23, 0, 1, 1, 0, 224)
12 (1, 4, 0, 0, 507, 0, 0, 0, 2, 2, 0, 189)
13 (1, 4, 0, 0, 249, 0, 0, 0, 1, 1, 0, 212)
14 (1, 4, 0, 30, 174, 0, 0, 0, 2, 2, 0, 203)
15 (1, 4, 0, 148, 34, 0, 0, 0, 2, 1, 0, 186)
16 (1, 4, 0, 12, 0, 0, 0, 0, 1, 1, 0, 30)
17 (1, 4, 0, 90, 0, 0, 0, 0, 1, 1, 0, 75)
18 (1, 4, 39, 196, 0, 0, 0, 0, 1, 1, 0, 194)
19 (1, 4, 134, 156, 0, 0, 0, 0, 2, 1, 0, 233)
20 (1, 4, 0, 131, 0, 0, 16, 0, 3, 2, 0, 82)
21 (1, 4, 0, 524, 0, 0, 41, 0, 2, 2, 0, 125)
22 (1, 4, 371, 873, 185, 0, 32, 0, 3, 2, 0, 138)
23 (1, 4, 468, 873, 197, 0, 0, 105, 1, 0, 0, 36)
24 (1, 4, 227, 315, 15, 0, 0, 235, 1, 1, 0, 168)
25 (1, 4, 0, 0, 5, 0, 0, 0, 4, 1, 0, 80)
26 (1, 4, 0, 0, 0, 0, 0, 0, 2, 2, 0, 108)
27 (1, 4, 137, 4, 0, 0, 0, 0, 2, 1, 0, 96)
28 (1, 4, 0, 56, 9, 0, 0, 0, 1, 1, 0, 79)
29 (1, 4, 0, 0, 0, 0, 0, 0, 1, 1, 0, 119)
30 (1, 4, 0, 0, 0, 0, 0, 0, 1, 1, 0, 119)
31 (1, 4, 0, 0, 0, 0, 0, 0, 1, 1, 0, 119)
0 (1, 4, 0, 0, 241, 0, 0, 0, 3, 2, 0, 17)
1 (1, 4, 0, 146, 217, 0, 0, 0, 5, 5, 0, 3)
2 (1, 4, 0, 130, 54, 0, 0, 0, 2, 1, 0, 77)
3 (1, 4, 66, 0, 0, 0, 0, 0, 1, 1, 0, 226)
4 (1, 4, 26, 0, 0, 0, 0, 0, 2, 2, 0, 224)
5 (1, 4, 0, 352, 0, 0, 0, 0, 2, 1, 0, 117)
6 (1, 4, 290, 512, 0, 0, 0, 0, 2, 1, 0, 197)
7 (1, 4, 458, 282, 0, 0, 0, 32, 2, 1, 0, 216)
8 (1, 4, 24, 0, 0, 0, 47, 45, 2, 1, 0, 4)
9 (1, 4, 0, 0, 15, 0, 0, 0, 2, 1, 0, 136)
10 (1, 4, 0, 273, 137, 0, 0, 0, 1, 1, 0, 159)
11 (1, 4, 229, 729, 87, 0, 4, 0, 3, 2, 0, 201)
12 (1, 4, 511, 873, 386, 0, 0, 46, 1, 2, 0, 66)
13 (1, 4, 34, 540, 167, 0, 0, 311, 1, 0, 0, 160)
14 (1, 4, 0, 177, 167, 0, 0, 40, 1, 1, 0, 193)
15 (1, 4, 0, 0, 0, 0, 0, 0, 1, 0, 0, 28)
16 (1, 4, 0, 0, 0, 5, 0, 0, 1, 1, 0, 20)
17 (1, 4, 0, 3, 0, 8, 0, 0, 1, 1, 0, 87)
18 (1, 4, 0, 5, 10, 0, 0, 0, 1, 1, 0, 139)
19 (1, 4, 13, 0, 0, 0, 0, 0, 1, 1, 0, 49)
20 (1, 4, 25, 0, 0, 0, 0, 0, 1, 0, 0, 130)
21 (1, 4, 2, 0, 0, 0, 0, 0, 1, 0, 0, 0)
22 (1, 4, 5, 0, 0, 0, 0, 0, 1, 0, 0, 42)
23 (1, 4, 10, 0, 0, 0, 0, 0, 1, 1, 0, 27)
24 (1, 4, 1, 0, 0, 0, 0, 0, 1, 1, 0, 121)
25 (1, 4, 0, 0, 0, 0, 0, 0, 1, 1, 0, 119)
26 (1, 4, 0, 0, 0, 0, 0, 0, 1, 1, 0, 119)
27 (1, 4, 0, 0, 0, 0, 0, 0, 1, 1, 0, 119)
28 (1, 4, 0, 0, 0, 0, 0, 0, 1, 1, 0, 119)
29 (1, 4, 0, 0, 0, 0, 0, 0, 1, 1, 0, 119)
30 (1, 4, 0, 0, 0, 0, 0, 0, 1, 1, 0, 119)
31 (1, 4, 2, 0, 0, 0, 0, 0, 1, 1, 0, 107)
0 (1, 4, 0, 257, 0, 0, 0, 0, 1, 1, 0, 39)
1 (1, 4, 0, 282, 61, 0, 0, 0, 1, 0, 0, 177)
2 (1, 4, 0, 630, 739, 0, 48, 0, 1, 0, 0, 59)
3 (1, 4, 99, 873, 873, 0, 25, 0, 2, 2, 0, 168)
4 (1, 4, 232, 657, 651, 0, 0, 48, 0, 0, 0, 115)
5 (1, 4, 33, 100, 138, 0, 0, 26, 0, 0, 0, 206)
6 (1, 4, 77, 0, 132, 0, 0, 18, 0, 0, 0, 116)
7 (1, 4, 0, 0, 0, 0, 0, 0, 0, 0, 0, 126)
8 (1, 4, 0, 0, 0, 0, 0, 0, 0, 0, 0, 126)
9 (1, 4, 0, 0, 0, 6, 0, 0, 0, 0, 0, 60)
10 (1, 4, 0, 0, 0, 3, 0, 0, 0, 0, 0, 95)
11 (1, 4, 0, 18, 8, 0, 0, 0, 0, 0, 0, 206)
12 (1, 4, 0, 24, 23, 0, 0, 0, 0, 0, 0, 54)
13 (1, 4, 23, 0, 43, 0, 0, 0, 0, 0, 0, 77)
14 (1, 4, 0, 0, 13, 0, 0, 0, 0, 0, 0, 8)
15 (1, 4, 0, 0, 6, 0, 0, 0, 0, 0, 0, 15)
16 (1, 4, 0, 0, 0, 0, 0, 0, 0, 0, 0, 126)
17 (1, 4, 0, 8, 0, 0, 0, 0, 0, 0, 0, 205)
18 (1, 4, 0, 23, 0, 0, 0, 0, 0, 0, 0, 29)
19 (1, 4, 16, 0, 3, 0, 0, 0, 0, 0, 0, 37)
20 (1, 4, 0, 15, 0, 0, 0, 0, 0, 0, 0, 207)
21 (1, 4, 0, 0, 3, 0, 0, 0, 0, 0, 0, 197)
22 (1, 4, 0, 0, 0, 0, 0, 0, 0, 0, 0, 126)
23 (1, 4, 0, 0, 5, 0, 0, 0, 0, 0, 0, 180)
24 (1, 4, 0, 7, 2, 0, 0, 0, 0, 0, 0, 83)
25 (1, 4, 0, 7, 7, 0, 0, 0, 0, 0, 0, 153)
26 (1, 4, 0, 3, 4, 0, 0, 0, 0, 0, 0, 248)
27 (1, 4, 0, 10, 0, 0, 0, 0, 0, 0, 0, 160)
28 (1, 4, 0, 2, 0, 0, 0, 0, 0, 0, 0, 19)
0 (1, 4, 0, 126, 0, 0, 0, 0, 1, 0, 0, 56)
1 (1, 4, 0, 268, 0, 0, 0, 0, 1, 1, 0, 251)
2 (1, 4, 91, 641, 0, 0, 0, 0, 2, 2, 0, 30)
3 (1, 4, 494, 536, 0, 0, 0, 0, 1, 1, 0, 101)
4 (1, 4, 0, 292, 0, 0, 54, 0, 2, 2, 0, 8)
5 (1, 4, 0, 80, 673, 0, 6, 0, 8, 1, 0, 222)
6 (1, 4, 478, 873, 663, 0, 45, 0, 3, 2, 0, 204)
7 (1, 4, 170, 873, 500, 0, 0, 35, 0, 0, 0, 224)
8 (1, 4, 174, 176, 179, 0, 0, 129, 0, 0, 0, 196)
9 (1, 4, 129, 0, 25, 0, 0, 0, 0, 0, 0, 50)
10 (1, 4, 0, 0, 0, 0, 0, 0, 0, 0, 0, 126)
11 (1, 4, 14, 45, 0, 0, 0, 0, 0, 0, 0, 52)
12 (1, 4, 0, 159, 0, 0, 0, 0, 0, 0, 0, 175)
13 (1, 4, 0, 45, 0, 0, 0, 0, 0, 0, 0, 96)
14 (1, 4, 0, 50, 0, 0, 0, 0, 0, 0, 0, 176)
15 (1, 4, 0, 28, 0, 0, 0, 0, 0, 0, 0, 118)
16 (1, 4, 1, 0, 0, 0, 0, 0, 0, 0, 0, 112)
17 (1, 4, 0, 0, 0, 1, 0, 0, 0, 0, 0, 97)
18 (1, 4, 0, 13, 0, 1, 0, 0, 0, 0, 0, 189)
19 (1, 4, 0, 1, 0, 0, 0, 0, 0, 0, 0, 203)
20 (1, 4, 0, 5, 2, 0, 0, 0, 0, 0, 0, 62)
21 (1, 4, 0, 22, 11, 0, 0, 0, 0, 0, 0, 175)
22 (1, 4, 10, 13, 13, 0, 0, 0, 0, 0, 0, 184)
23 (1, 4, 26, 0, 0, 1, 0, 0, 0, 0, 0, 237)
24 (1, 4, 2, 7, 0, 0, 0, 0, 0, 0, 0, 96)
25 (1, 4, 0, 3, 0, 0, 0, 0, 0, 0, 0, 166)
26 (1, 4, 0, 0, 0, 1, 0, 0, 0, 0, 0, 97)
27 (1, 4, 0, 0, 0, 0, 0, 0, 0, 0, 0, 126)
28 (1, 4, 0, 0, 3, 0, 0, 0, 0, 0, 0, 197)
29 (1, 4, 4, 0, 14, 0, 0, 0, 0, 0, 0, 139)
0 (1, 4, 0, 0, 0, 0, 0, 0, 0, 0, 0, 126)
1 (1, 4, 0, 0, 0, 0, 6, 0, 0, 0, 0, 111)
2 (1, 4, 0, 0, 0, 0, 29, 0, 1, 1, 0, 169)
3 (1, 4, 0, 0, 0, 0, 38, 0, 1, 2, 0, 214)
4 (1, 4, 0, 0, 226, 0, 0, 0, 2, 1, 0, 10)
5 (1, 4, 0, 0, 0, 0, 0, 0, 2, 2, 0, 108)
6 (1, 4, 0, 197, 0, 0, 0, 0, 3, 2, 0, 227)
7 (1, 4, 0, 405, 0, 0, 0, 0, 2, 2, 0, 134)
8 (1, 4, 115, 547, 0, 0, 0, 0, 1, 1, 0, 28)
9 (1, 4, 241, 616, 0, 0, 0, 0, 2, 1, 0, 91)
10 (1, 4, 319, 547, 0, 0, 37, 0, 3, 3, 0, 90)
11 (1, 4, 309, 553, 168, 0, 75, 0, 4, 3, 0, 181)
12 (1, 4, 271, 821, 540, 0, 66, 0, 3, 3, 0, 22)
13 (1, 4, 161, 873, 610, 0, 0, 2, 4, 2, 0, 189)
14 (1, 4, 0, 290, 141, 0, 0, 130, 1, 0, 0, 226)
15 (1, 4, 181, 106, 0, 0, 0, 35, 1, 0, 0, 64)
16 (1, 4, 36, 24, 10, 0, 0, 0, 1, 1, 0, 201)
17 (1, 4, 0, 0, 16, 0, 0, 0, 1, 1, 0, 8)
18 (1, 4, 0, 59, 42, 0, 0, 0, 1, 1, 0, 210)
19 (1, 4, 31, 50, 34, 0, 0, 0, 1, 1, 0, 210)
20 (1, 4, 0, 5, 14, 0, 0, 0, 1, 1, 0, 213)
21 (1, 4, 0, 5, 6, 0, 0, 0, 1, 1, 0, 105)
22 (1, 4, 0, 0, 0, 0, 0, 0, 1, 1, 0, 119)
23 (1, 4, 0, 11, 11, 0, 0, 0, 1, 1, 0, 27)
24 (1, 4, 0, 31, 37, 0, 0, 0, 1, 1, 0, 147)
25 (1, 4, 0, 0, 25, 0, 0, 0, 1, 1, 0, 32)
26 (1, 4, 0, 13, 26, 0, 0, 0, 1, 1, 0, 71)
27 (1, 4, 0, 21, 22, 0, 0, 0, 1, 1, 0, 119)
28 (1, 4, 11, 0, 0, 0, 0, 0, 1, 1, 0, 21)
29 (1, 4, 0, 20, 0, 0, 0, 0, 1, 1, 0, 204)
30 (1, 4, 0, 0, 0, 0, 0, 0, 1, 1, 0, 119)
31 (1, 4, 0, 4, 0, 0, 0, 0, 1, 1, 0, 173)
0 (1, 4, 0, 205, 0, 0, 0, 0, 1, 1, 0, 41)
1 (1, 4, 0, 338, 0, 0, 0, 0, 1, 0, 0, 118)
2 (1, 4, 143, 563, 0, 0, 0, 0, 1, 0, 0, 229)
3 (1, 4, 334, 570, 0, 0, 0, 0, 1, 1, 0, 24)
4 (1, 4, 301, 443, 0, 0, 38, 0, 2, 1, 0, 98)
5 (1, 4, 168, 753, 407, 0, 97, 0, 5, 3, 0, 141)
6 (1, 4, 554, 873, 727, 0, 86, 0, 2, 1, 0, 181)
7 (1, 4, 134, 651, 189, 0, 0, 219, 0, 0, 0, 126)
8 (1, 4, 17, 35, 60, 0, 0, 145, 0, 0, 0, 111)
9 (1, 4, 34, 0, 0, 0, 0, 0, 0, 0, 0, 165)
10 (1, 4, 0, 0, 0, 11, 0, 0, 0, 0, 0, 167)
11 (1, 4, 0, 42, 0, 8, 0, 0, 0, 0, 0, 154)
12 (1, 4, 0, 110, 50, 0, 0, 0, 0, 0, 0, 149)
13 (1, 4, 0, 21, 38, 0, 0, 0, 0, 0, 0, 255)
14 (1, 4, 0, 28, 25, 0, 0, 0, 0, 0, 0, 33)
15 (1, 4, 0, 27, 0, 0, 0, 0, 0, 0, 0, 116)
16 (1, 4, 0, 0, 0, 0, 0, 0, 0, 0, 0, 126)
17 (1, 4, 10, 0, 0, 0, 0, 0, 0, 0, 0, 18)
18 (1, 4, 0, 0, 0, 0, 0, 0, 0, 0, 0, 126)
19 (1, 4, 0, 0, 0, 0, 0, 0, 0, 0, 0, 126)
20 (1, 4, 0, 0, 9, 0, 0, 0, 0, 0, 0, 86)
21 (1, 4, 0, 3, 8, 0, 0, 0, 0, 0, 0, 26)
22 (1, 4, 0, 0, 1, 0, 0, 0, 0, 0, 0, 234)
23 (1, 4, 0, 0, 0, 0, 0, 0, 0, 0, 0, 126)
24 (1, 4, 4, 0, 0, 0, 0, 0, 0, 0, 0, 70)
25 (1, 4, 8, 0, 0, 0, 0, 0, 0, 0, 0, 14)
26 (1, 4, 0, 0, 0, 0, 0, 0, 0, 0, 0, 126)
27 (1, 4, 0, 0, 0, 0, 0, 0, 0, 0, 0, 126)
28 (1, 4, 0, 0, 0, 0, 0, 0, 0, 0, 0, 126)
29 (1, 4, 0, 0, 0, 0, 0, 0, 0, 0, 0, 126)
30 (1, 4, 0, 0, 0, 0, 0, 0, 0, 0, 0, 126)
31 (1, 4, 0, 0, 0, 0, 0, 0, 0, 0, 0, 126)
0 (1, 4, 0, 307, 0, 0, 0, 0, 1, 1, 0, 233)
1 (1, 4, 132, 433, 0, 0, 0, 0, 1, 1, 0, 168)
2 (1, 4, 176, 458, 0, 0, 4, 0, 1, 1, 0, 31)
3 (1, 4, 296, 556, 45, 0, 76, 0, 1, 1, 0, 20)
4 (1, 4, 578, 873, 760, 0, 145, 0, 0, 0, 0, 197)
5 (1, 4, 587, 873, 576, 0, 0, 59, 0, 0, 0, 65)
6 (1, 4, 20, 246, 44, 0, 0, 144, 0, 0, 0, 117)
7 (1, 4, 195, 38, 149, 0, 0, 33, 0, 0, 0, 191)
8 (1, 4, 0, 0, 43, 0, 0, 0, 0, 0, 0, 135)
9 (1, 4, 0, 0, 0, 0, 0, 0, 0, 0, 0, 126)
10 (1, 4, 0, 110, 0, 0, 0, 0, 0, 0, 0, 59)
11 (1, 4, 0, 79, 0, 0, 0, 0, 0, 0, 0, 76)
12 (1, 4, 0, 11, 0, 0, 0, 0, 0, 0, 0, 21)
13 (1, 4, 16, 7, 17, 0, 0, 0, 0, 0, 0, 119)
14 (1, 4, 0, 3, 9, 0, 0, 0, 0, 0, 0, 142)
15 (1, 4, 0, 0, 0, 0, 0, 0, 0, 0, 0, 126)
16 (1, 4, 0, 0, 0, 0, 0, 0, 0, 0, 0, 126)
17 (1, 4, 24, 0, 18, 0, 0, 0, 0, 0, 0, 190)
18 (1, 4, 0, 9, 15, 0, 0, 0, 0, 0, 0, 33)
19 (1, 4, 0, 13, 20, 0, 0, 0, 0, 0, 0, 131)
20 (1, 4, 0, 3, 17, 0, 0, 0, 0, 0, 0, 77)
21 (1, 4, 0, 4, 12, 0, 0, 0, 0, 0, 0, 70)
22 (1, 4, 0, 5, 5, 0, 0, 0, 0, 0, 0, 219)
23 (1, 4, 0, 14, 14, 0, 0, 0, 0, 0, 0, 183)
24 (1, 4, 0, 22, 19, 0, 0, 0, 0, 0, 0, 108)
25 (1, 4, 0, 15, 32, 0, 0, 0, 0, 0, 0, 49)
26 (1, 4, 15, 19, 29, 0, 0, 0, 0, 0, 0, 148)
27 (1, 4, 0, 29, 12, 0, 0, 0, 0, 0, 0, 33)
28 (1, 4, 0, 24, 12, 0, 0, 0, 0, 0, 0, 78)
29 (1, 4, 0, 10, 12, 0, 0, 0, 0, 0, 0, 66)
30 (1, 4, 0, 8, 4, 0, 0, 0, 0, 0, 0, 147)
0 (1, 4, 0, 0, 0, 0, 0, 0, 0, 0, 0, 126)
1 (1, 4, 0, 0, 223, 0, 0, 0, 0, 0, 0, 82)
2 (1, 4, 0, 0, 320, 0, 0, 0, 0, 0, 0, 216)
3 (1, 4, 0, 0, 307, 0, 0, 0, 0, 0, 0, 25)
4 (1, 4, 0, 0, 165, 0, 0, 0, 0, 0, 0, 187)
5 (1, 4, 0, 0, 0, 0, 0, 0, 0, 0, 0, 126)
6 (1, 4, 0, 0, 0, 0, 0, 0, 0, 0, 0, 126)
7 (1, 4, 0, 0, 0, 0, 0, 0, 0, 0, 0, 126)
8 (1, 4, 0, 45, 95, 0, 0, 0, 0, 0, 0, 189)
9 (1, 4, 132, 254, 129, 0, 0, 0, 0, 0, 0, 19)
10 (1, 4, 180, 304, 52, 0, 0, 0, 0, 0, 0, 237)
11 (1, 4, 32, 322, 0, 0, 0, 0, 0, 0, 0, 178)
12 (1, 4, 257, 508, 0, 0, 0, 0, 0, 0, 0, 223)
13 (1, 4, 355, 340, 0, 0, 0, 0, 0, 0, 0, 253)
14 (1, 4, 269, 111, 0, 0, 18, 0, 0, 0, 0, 189)
15 (1, 4, 222, 759, 240, 0, 62, 0, 1, 1, 0, 98)
16 (1, 4, 350, 873, 364, 0, 1, 0, 0, 0, 0, 237)
17 (1, 4, 102, 529, 179, 0, 0, 155, 0, 0, 0, 19)
18 (1, 4, 41, 0, 51, 0, 0, 56, 0, 0, 0, 101)
19 (1, 4, 0, 0, 0, 11, 0, 0, 0, 0, 0, 167)
20 (1, 4, 0, 0, 0, 8, 0, 0, 0, 0, 0, 134)
21 (1, 4, 0, 33, 0, 4, 0, 0, 0, 0, 0, 117)
22 (1, 4, 0, 30, 0, 1, 0, 0, 0, 0, 0, 4)
23 (1, 4, 13, 31, 0, 4, 0, 0, 0, 0, 0, 148)
24 (1, 4, 20, 49, 18, 7, 0, 0, 0, 0, 0, 189)
25 (1, 4, 16, 0, 0, 0, 0, 0, 0, 0, 0, 158)
26 (1, 4, 0, 0, 0, 8, 0, 0, 0, 0, 0, 134)
27 (1, 4, 0, 0, 0, 1, 0, 0, 0, 0, 0, 97)
28 (1, 4, 15, 0, 1, 4, 0, 0, 0, 0, 0, 204)
29 (1, 4, 0, 0, 1, 5, 0, 0, 0, 0, 0, 137)
30 (1, 4, 23, 0, 6, 6, 0, 0, 0, 0, 0, 135)
31 (1, 4, 0, 0, 8, 5, 0, 0, 0, 0, 0, 161)
0 (1, 4, 0, 0, 0, 0, 0, 0, 1, 1, 0, 119)
1 (1, 4, 103, 288, 0, 0, 0, 0, 1, 1, 0, 52)
2 (1, 4, 142, 365, 0, 0, 0, 0, 1, 1, 0, 78)
3 (1, 4, 126, 434, 0, 0, 9, 0, 1, 1, 0, 31)
4 (1, 4, 182, 873, 492, 0, 78, 0, 1, 1, 0, 143)
5 (1, 4, 833, 873, 873, 0, 161, 0, 1, 0, 0, 120)
6 (1, 4, 490, 873, 674, 0, 21, 17, 0, 0, 0, 173)
7 (1, 4, 167, 352, 78, 0, 0, 130, 0, 0, 0, 39)
8 (1, 4, 0, 0, 19, 0, 0, 0, 0, 0, 0, 186)
9 (1, 4, 87, 65, 117, 0, 0, 0, 0, 0, 0, 187)
10 (1, 4, 0, 30, 0, 0, 0, 0, 0, 0, 0, 27)
11 (1, 4, 0, 0, 0, 0, 0, 0, 0, 0, 0, 126)
12 (1, 4, 0, 37, 7, 0, 0, 0, 0, 0, 0, 54)
13 (1, 4, 0, 43, 0, 0, 0, 0, 0, 0, 0, 215)
14 (1, 4, 0, 4, 0, 0, 0, 0, 0, 0, 0, 164)
15 (1, 4, 0, 0, 8, 0, 0, 0, 0, 0, 0, 194)
16 (1, 4, 0, 0, 0, 0, 0, 0, 0, 0, 0, 126)
17 (1, 4, 0, 0, 0, 0, 0, 0, 0, 0, 0, 126)
18 (1, 4, 0, 0, 0, 0, 0, 0, 0, 0, 0, 126)
19 (1, 4, 0, 0, 0, 0, 0, 0, 0, 0, 0, 126)
20 (1, 4, 0, 0, 3, 0, 0, 0, 0, 0, 0, 197)
21 (1, 4, 0, 0, 0, 0, 0, 0, 0, 0, 0, 126)
22 (1, 4, 0, 7, 0, 0, 0, 0, 0, 0, 0, 124)
23 (1, 4, 0, 8, 0, 0, 0, 0, 0, 0, 0, 205)
24 (1, 4, 0, 6, 2, 0, 0, 0, 0, 0, 0, 230)
25 (1, 4, 0, 8, 6, 0, 0, 0, 0, 0, 0, 188)
26 (1, 4, 0, 8, 9, 0, 0, 0, 0, 0, 0, 229)
27 (1, 4, 0, 3, 9, 0, 0, 0, 0, 0, 0, 142)
28 (1, 4, 0, 6, 7, 0, 0, 0, 0, 0, 0, 44)
29 (1, 4, 0, 0, 7, 0, 0, 0, 0, 0, 0, 155)
30 (1, 4, 0, 0, 5, 0, 0, 0, 0, 0, 0, 180)
31 (1, 4, 0, 0, 0, 0, 0, 0, 0, 0, 0, 126)
0 (1, 4, 0, 0, 295, 0, 12, 0, 1, 0, 0, 120)
1 (1, 4, 0, 0, 308, 0, 2, 0, 0, 0, 0, 14)
2 (1, 4, 0, 17, 179, 0, 0, 0, 0, 0, 0, 97)
3 (1, 4, 0, 0, 0, 0, 0, 0, 0, 0, 0, 126)
4 (1, 4, 0, 122, 0, 0, 0, 0, 0, 0, 0, 128)
5 (1, 4, 0, 313, 0, 0, 0, 0, 0, 0, 0, 62)
6 (1, 4, 96, 338, 0, 0, 0, 0, 0, 0, 0, 90)
7 (1, 4, 164, 368, 0, 0, 12, 0, 0, 0, 0, 115)
8 (1, 4, 817, 873, 512, 0, 162, 0, 1, 1, 0, 70)
9 (1, 4, 779, 873, 873, 0, 118, 0, 0, 0, 0, 60)
10 (1, 4, 260, 120, 173, 0, 0, 195, 0, 0, 0, 7)
11 (1, 4, 0, 0, 0, 0, 0, 20, 0, 0, 0, 216)
12 (1, 4, 0, 60, 0, 0, 0, 0, 0, 0, 0, 180)
13 (1, 4, 0, 0, 0, 0, 0, 0, 0, 0, 0, 126)
14 (1, 4, 0, 0, 0, 0, 0, 0, 0, 0, 0, 126)
15 (1, 4, 0, 13, 0, 0, 0, 0, 0, 0, 0, 162)
16 (1, 4, 0, 43, 0, 0, 0, 0, 0, 0, 0, 215)
17 (1, 4, 8, 0, 10, 0, 0, 0, 0, 0, 0, 157)
18 (1, 4, 0, 0, 0, 0, 0, 0, 0, 0, 0, 126)
19 (1, 4, 0, 16, 0, 0, 0, 0, 0, 0, 0, 31)
20 (1, 4, 7, 0, 0, 0, 0, 0, 0, 0, 0, 84)
21 (1, 4, 10, 0, 0, 0, 0, 0, 0, 0, 0, 18)
22 (1, 4, 8, 0, 0, 0, 0, 0, 0, 0, 0, 14)
23 (1, 4, 0, 0, 24, 0, 0, 0, 0, 0, 0, 189)
24 (1, 4, 0, 0, 23, 0, 0, 0, 0, 0, 0, 228)
25 (1, 4, 0, 0, 2, 0, 0, 0, 0, 0, 0, 81)
26 (1, 4, 0, 25, 0, 0, 0, 0, 0, 0, 0, 25)
27 (1, 4, 0, 10, 0, 0, 0, 0, 0, 0, 0, 160)
28 (1, 4, 0, 12, 0, 0, 0, 0, 0, 0, 0, 23)
29 (1, 4, 0, 3, 0, 0, 0, 0, 0, 0, 0, 166)
30 (1, 4, 0, 16, 0, 0, 0, 0, 0, 0, 0, 31)
31 (1, 4, 0, 6, 0, 0, 0, 0, 0, 0, 0, 201)
0 (1, 4, 0, 0, 183, 0, 0, 0, 1, 0, 0, 137)
1 (1, 4, 0, 0, 0, 0, 0, 0, 1, 1, 0, 119)
2 (1, 4, 0, 0, 0, 0, 0, 0, 1, 1, 0, 119)
3 (1, 4, 0, 0, 0, 0, 0, 0, 1, 0, 0, 28)
4 (1, 4, 0, 77, 0, 0, 0, 0, 0, 0, 0, 33)
5 (1, 4, 290, 414, 147, 0, 0, 0, 0, 0, 0, 19)
6 (1, 4, 416, 583, 83, 0, 0, 0, 1, 1, 0, 212)
7 (1, 4, 323, 544, 0, 0, 0, 0, 1, 1, 0, 225)
8 (1, 4, 408, 329, 0, 0, 0, 0, 1, 0, 0, 251)
9 (1, 4, 13, 0, 0, 0, 0, 0, 1, 0, 0, 90)
10 (1, 4, 0, 0, 0, 0, 24, 0, 1, 1, 0, 51)
11 (1, 4, 0, 109, 358, 0, 124, 0, 1, 1, 0, 115)
12 (1, 4, 618, 873, 718, 0, 75, 0, 3, 3, 0, 1)
13 (1, 4, 350, 873, 128, 0, 0, 185, 0, 0, 0, 18)
14 (1, 4, 556, 0, 96, 0, 0, 136, 0, 0, 0, 144)
15 (1, 4, 0, 0, 0, 2, 0, 0, 0, 0, 0, 64)
16 (1, 4, 0, 0, 0, 8, 0, 0, 0, 0, 0, 134)
17 (1, 4, 0, 2, 0, 6, 0, 0, 0, 0, 0, 81)
18 (1, 4, 0, 89, 47, 0, 0, 0, 0, 0, 0, 61)
19 (1, 4, 0, 80, 79, 0, 0, 0, 0, 0, 0, 62)
20 (1, 4, 0, 8, 69, 0, 0, 0, 0, 0, 0, 252)
21 (1, 4, 27, 29, 56, 0, 0, 0, 0, 0, 0, 124)
22 (1, 4, 0, 2, 32, 0, 0, 0, 0, 0, 0, 237)
23 (1, 4, 0, 0, 16, 0, 0, 0, 0, 0, 0, 1)
24 (1, 4, 0, 0, 14, 0, 0, 0, 0, 0, 0, 179)
25 (1, 4, 0, 0, 19, 0, 0, 0, 0, 0, 0, 186)
26 (1, 4, 0, 0, 9, 0, 0, 0, 0, 0, 0, 86)
27 (1, 4, 0, 0, 1, 0, 0, 0, 0, 0, 0, 234)
28 (1, 4, 0, 16, 0, 0, 0, 0, 0, 0, 0, 31)
29 (1, 4, 0, 13, 9, 0, 0, 0, 0, 0, 0, 138)
0 (1, 4, 33, 420, 42, 0, 3, 0, 0, 0, 0, 173)
1 (1, 4, 0, 713, 588, 0, 72, 0, 1, 1, 0, 70)
2 (1, 4, 425, 873, 873, 0, 55, 0, 10, 20, 0, 65)
3 (1, 4, 273, 802, 325, 0, 0, 19, 1, 1, 0, 197)
4 (1, 4, 0, 64, 66, 0, 0, 71, 1, 1, 0, 118)
5 (1, 4, 125, 0, 110, 0, 0, 16, 0, 0, 0, 141)
6 (1, 4, 0, 0, 1, 16, 0, 0, 0, 0, 0, 29)
7 (1, 4, 0, 0, 0, 13, 0, 0, 0, 0, 0, 229)
8 (1, 4, 26, 0, 18, 11, 0, 0, 0, 0, 0, 123)
9 (1, 4, 0, 0, 4, 9, 0, 0, 0, 0, 0, 199)
10 (1, 4, 0, 0, 18, 12, 0, 0, 0, 0, 0, 170)
11 (1, 4, 10, 0, 14, 6, 0, 0, 0, 0, 0, 157)
12 (1, 4, 3, 0, 20, 3, 0, 0, 0, 0, 0, 108)
13 (1, 4, 0, 0, 11, 5, 0, 0, 0, 0, 0, 26)
14 (1, 4, 0, 0, 0, 6, 0, 0, 0, 0, 0, 60)
15 (1, 4, 0, 0, 0, 3, 0, 0, 0, 0, 0, 95)
16 (1, 4, 0, 0, 0, 7, 0, 0, 0, 0, 0, 35)
17 (1, 4, 0, 0, 0, 6, 0, 0, 0, 0, 0, 60)
18 (1, 4, 0, 0, 0, 6, 0, 0, 0, 0, 0, 60)
19 (1, 4, 0, 0, 1, 4, 0, 0, 0, 0, 0, 150)
20 (1, 4, 0, 5, 7, 3, 0, 0, 0, 0, 0, 213)
21 (1, 4, 0, 7, 2, 3, 0, 0, 0, 0, 0, 114)
22 (1, 4, 0, 7, 1, 5, 0, 0, 0, 0, 0, 139)
23 (1, 4, 0, 15, 2, 4, 0, 0, 0, 0, 0, 156)
24 (1, 4, 0, 9, 4, 3, 0, 0, 0, 0, 0, 7)
25 (1, 4, 4, 7, 4, 0, 0, 0, 0, 0, 0, 26)
26 (1, 4, 16, 21, 0, 0, 0, 0, 0, 0, 0, 144)
27 (1, 4, 197, 5, 0, 0, 0, 0, 0, 1, 0, 208)
28 (1, 4, 38, 0, 0, 0, 0, 11, 1, 0, 0, 115)
29 (1, 4, 0, 0, 0, 0, 0, 0, 0, 0, 0, 126)
0 (1, 4, 1, 0, 128, 0, 0, 0, 1, 1, 0, 136)
1 (1, 4, 0, 0, 139, 0, 0, 0, 2, 2, 0, 154)
2 (1, 4, 0, 0, 141, 0, 0, 0, 1, 1, 0, 240)
3 (1, 4, 0, 0, 0, 0, 0, 0, 1, 1, 0, 119)
4 (1, 4, 0, 0, 0, 0, 0, 0, 2, 1, 0, 209)
5 (1, 4, 0, 198, 0, 0, 0, 0, 1, 1, 0, 66)
6 (1, 4, 17, 412, 0, 0, 0, 0, 1, 1, 0, 117)
7 (1, 4, 110, 467, 0, 0, 0, 0, 2, 2, 0, 168)
8 (1, 4, 42, 448, 0, 0, 0, 0, 2, 2, 0, 160)
9 (1, 4, 68, 370, 0, 0, 0, 0, 2, 2, 0, 117)
10 (1, 4, 0, 285, 0, 0, 0, 0, 1, 1, 0, 47)
11 (1, 4, 0, 536, 325, 0, 0, 0, 2, 2, 0, 31)
12 (1, 4, 299, 873, 781, 0, 42, 0, 2, 2, 0, 11)
13 (1, 4, 383, 621, 363, 0, 0, 7, 0, 0, 0, 148)
14 (1, 4, 124, 227, 144, 0, 0, 43, 0, 0, 0, 163)
15 (1, 4, 151, 148, 165, 0, 0, 43, 0, 0, 0, 243)
16 (1, 4, 0, 14, 25, 0, 0, 0, 0, 0, 0, 45)
17 (1, 4, 0, 0, 6, 0, 0, 0, 0, 0, 0, 15)
18 (1, 4, 0, 0, 6, 0, 0, 0, 0, 0, 0, 15)
19 (1, 4, 0, 0, 9, 0, 0, 0, 0, 0, 0, 86)
20 (1, 4, 0, 0, 2, 0, 0, 0, 0, 0, 0, 81)
21 (1, 4, 0, 0, 6, 0, 0, 0, 0, 0, 0, 15)
22 (1, 4, 0, 0, 1, 0, 0, 0, 0, 0, 0, 234)
23 (1, 4, 0, 0, 8, 0, 0, 0, 0, 0, 0, 194)
24 (1, 4, 0, 0, 0, 0, 0, 0, 0, 0, 0, 126)
25 (1, 4, 0, 0, 0, 0, 0, 0, 0, 0, 0, 126)
26 (1, 4, 0, 0, 0, 0, 0, 0, 0, 0, 0, 126)
27 (1, 4, 0, 0, 0, 0, 0, 0, 0, 0, 0, 126)
28 (1, 4, 0, 0, 0, 0, 0, 0, 0, 0, 0, 126)
29 (1, 4, 0, 0, 0, 0, 0, 0, 0, 0, 0, 126)
30 (1, 4, 0, 0, 0, 0, 0, 0, 0, 0, 0, 126)
31 (1, 4, 0, 0, 2, 0, 0, 0, 0, 0, 0, 81)
0 (1, 4, 0, 0, 102, 0, 0, 0, 0, 0, 0, 10)
1 (1, 4, 0, 0, 31, 0, 0, 0, 0, 0, 0, 88)
2 (1, 4, 0, 0, 34, 0, 0, 0, 1, 1, 0, 166)
3 (1, 4, 0, 0, 0, 0, 0, 0, 0, 0, 0, 126)
4 (1, 4, 0, 0, 0, 0, 0, 0, 1, 0, 0, 28)
5 (1, 4, 52, 54, 0, 0, 0, 0, 1, 0, 0, 23)
6 (1, 4, 37, 116, 0, 0, 0, 0, 1, 0, 0, 23)
7 (1, 4, 0, 151, 0, 0, 0, 0, 1, 0, 0, 126)
8 (1, 4, 0, 411, 337, 0, 0, 0, 1, 0, 0, 191)
9 (1, 4, 732, 873, 744, 0, 35, 0, 1, 1, 0, 92)
10 (1, 4, 309, 430, 216, 0, 0, 48, 0, 0, 0, 244)
11 (1, 4, 462, 0, 131, 0, 0, 43, 0, 0, 0, 211)
12 (1, 4, 66, 0, 42, 0, 0, 0, 0, 0, 0, 134)
13 (1, 4, 41, 0, 47, 0, 0, 0, 0, 0, 0, 96)
14 (1, 4, 0, 0, 0, 0, 0, 0, 0, 0, 0, 126)
15 (1, 4, 0, 8, 0, 3, 0, 0, 1, 0, 0, 142)
16 (1, 4, 0, 8, 0, 0, 0, 0, 0, 0, 0, 205)
17 (1, 4, 0, 0, 0, 1, 0, 0, 1, 0, 0, 3)
18 (1, 4, 0, 14, 5, 0, 0, 0, 0, 0, 0, 176)
19 (1, 4, 0, 3, 8, 0, 0, 0, 0, 0, 0, 26)
20 (1, 4, 0, 2, 0, 0, 0, 0, 0, 0, 0, 19)
21 (1, 4, 0, 3, 0, 0, 0, 0, 0, 0, 0, 166)
22 (1, 4, 0, 0, 0, 0, 0, 0, 0, 0, 0, 126)
23 (1, 4, 0, 0, 0, 1, 0, 0, 0, 0, 0, 97)
24 (1, 4, 0, 0, 0, 0, 0, 0, 0, 0, 0, 126)
25 (1, 4, 0, 0, 0, 0, 0, 0, 0, 0, 0, 126)
26 (1, 4, 0, 0, 0, 0, 0, 0, 0, 0, 0, 126)
27 (1, 4, 0, 0, 0, 0, 0, 0, 0, 0, 0, 126)
28 (1, 4, 0, 0, 3, 0, 0, 0, 0, 0, 0, 197)
29 (1, 4, 0, 0, 0, 0, 0, 0, 0, 0, 0, 126)
30 (1, 4, 0, 4, 3, 0, 0, 0, 0, 0, 0, 31)
31 (1, 4, 0, 0, 3, 0, 0, 0, 0, 0, 0, 197)
0 (1, 4, 0, 0, 0, 0, 0, 0, 0, 0, 0, 126)
1 (1, 4, 0, 0, 0, 0, 0, 0, 1, 1, 0, 119)
2 (1, 4, 0, 0, 0, 7, 0, 0, 1, 1, 0, 42)
3 (1, 4, 0, 0, 0, 0, 0, 0, 1, 1, 0, 119)
4 (1, 4, 0, 0, 0, 0, 0, 0, 5, 4, 0, 56)
5 (1, 4, 0, 0, 0, 0, 0, 0, 2, 2, 0, 108)
6 (1, 4, 0, 0, 0, 0, 0, 0, 4, 4, 0, 90)
7 (1, 4, 0, 0, 0, 0, 0, 0, 4, 3, 0, 76)
8 (1, 4, 0, 123, 20, 0, 0, 0, 2, 2, 0, 6)
9 (1, 4, 125, 623, 420, 27, 0, 0, 5, 3, 0, 217)
10 (1, 4, 602, 873, 374, 0, 0, 0, 2, 1, 0, 233)
11 (1, 4, 300, 385, 128, 0, 0, 51, 2, 2, 0, 85)
12 (1, 4, 154, 42, 133, 0, 0, 75, 1, 1, 0, 0)
13 (1, 4, 0, 0, 35, 0, 0, 5, 1, 1, 0, 152)
14 (1, 4, 0, 0, 0, 0, 0, 0, 1, 1, 0, 119)
15 (1, 4, 0, 0, 0, 12, 0, 0, 1, 1, 0, 243)
16 (1, 4, 0, 0, 0, 5, 0, 0, 1, 1, 0, 20)
17 (1, 4, 10, 0, 21, 10, 0, 0, 1, 1, 0, 104)
18 (1, 4, 0, 26, 18, 6, 0, 0, 1, 1, 0, 218)
19 (1, 4, 0, 23, 19, 3, 0, 0, 0, 1, 0, 147)
20 (1, 4, 0, 21, 17, 4, 0, 0, 0, 1, 0, 140)
21 (1, 4, 0, 18, 20, 5, 0, 0, 1, 1, 0, 57)
22 (1, 4, 0, 13, 12, 8, 0, 0, 1, 1, 0, 177)
23 (1, 4, 0, 9, 13, 4, 0, 0, 1, 1, 0, 123)
24 (1, 4, 0, 0, 11, 0, 0, 0, 1, 1, 0, 112)
25 (1, 4, 0, 0, 2, 0, 0, 0, 1, 1, 0, 88)
26 (1, 4, 0, 0, 0, 0, 0, 0, 1, 1, 0, 119)
27 (1, 4, 0, 0, 0, 5, 0, 0, 1, 1, 0, 20)
28 (1, 4, 0, 0, 0, 5, 0, 0, 1, 1, 0, 20)
29 (1, 4, 0, 0, 0, 3, 0, 0, 1, 1, 0, 86)
30 (1, 4, 0, 0, 0, 1, 0, 0, 1, 1, 0, 104)
31 (1, 4, 0, 0, 19, 0, 0, 0, 1, 1, 0, 179)
0 (1, 4, 0, 0, 0, 0, 0, 0, 2, 1, 0, 209)
1 (1, 4, 0, 0, 0, 0, 0, 0, 1, 1, 0, 119)
2 (1, 4, 0, 0, 0, 0, 0, 0, 1, 0, 0, 28)
3 (1, 4, 0, 0, 0, 0, 0, 0, 1, 0, 0, 28)
4 (1, 4, 0, 0, 0, 0, 0, 0, 0, 0, 0, 126)
5 (1, 4, 0, 0, 0, 0, 0, 0, 1, 0, 0, 28)
6 (1, 4, 0, 9, 12, 0, 0, 0, 0, 0, 0, 154)
7 (1, 4, 0, 32, 24, 0, 0, 0, 0, 0, 0, 127)
8 (1, 4, 0, 93, 36, 0, 0, 0, 0, 0, 0, 224)
9 (1, 4, 40, 213, 150, 4, 0, 0, 4, 4, 0, 226)
10 (1, 4, 145, 491, 359, 3, 0, 0, 2, 2, 0, 197)
11 (1, 4, 298, 712, 118, 0, 0, 0, 3, 4, 0, 45)
12 (1, 4, 139, 112, 102, 2, 0, 46, 2, 3, 0, 157)
13 (1, 4, 52, 51, 19, 0, 0, 31, 1, 2, 0, 64)
14 (1, 4, 0, 0, 0, 0, 0, 0, 2, 3, 0, 7)
15 (1, 4, 14, 0, 0, 0, 0, 0, 2, 2, 0, 56)
16 (1, 4, 0, 0, 8, 2, 0, 0, 1, 2, 0, 72)
17 (1, 4, 0, 0, 7, 0, 0, 0, 2, 3, 0, 226)
18 (1, 4, 9, 13, 19, 4, 0, 0, 2, 2, 0, 118)
19 (1, 4, 7, 2, 0, 0, 0, 0, 1, 2, 0, 141)
20 (1, 4, 23, 24, 3, 0, 0, 0, 1, 2, 0, 105)
21 (1, 4, 18, 7, 6, 0, 0, 0, 1, 2, 0, 69)
22 (1, 4, 10, 18, 3, 0, 0, 0, 1, 2, 0, 17)
23 (1, 4, 2, 18, 7, 0, 0, 0, 1, 2, 0, 63)
24 (1, 4, 0, 18, 8, 0, 0, 0, 1, 2, 0, 122)
25 (1, 4, 2, 24, 17, 0, 0, 0, 1, 2, 0, 239)
26 (1, 4, 4, 25, 15, 0, 0, 0, 1, 2, 0, 204)
27 (1, 4, 5, 33, 14, 0, 0, 0, 1, 2, 0, 70)
28 (1, 4, 12, 21, 11, 0, 0, 0, 1, 2, 0, 139)
29 (1, 4, 4, 13, 8, 0, 0, 0, 1, 2, 0, 146)
30 (1, 4, 3, 0, 0, 0, 0, 0, 1, 2, 0, 216)
31 (1, 4, 0, 0, 0, 0, 0, 0, 1, 2, 0, 202)
0 (1, 4, 0, 0, 0, 0, 0, 0, 1, 1, 0, 119)
1 (1, 4, 0, 0, 0, 0, 0, 0, 1, 1, 0, 119)
2 (1, 4, 0, 0, 0, 0, 0, 0, 3, 2, 0, 14)
3 (1, 4, 0, 0, 0, 21, 0, 0, 1, 1, 0, 227)
4 (1, 4, 0, 0, 0, 0, 0, 0, 2, 1, 0, 209)
5 (1, 4, 0, 0, 0, 0, 0, 0, 2, 2, 0, 108)
6 (1, 4, 0, 0, 0, 0, 0, 0, 3, 3, 0, 101)
7 (1, 4, 0, 0, 0, 0, 0, 0, 3, 2, 0, 14)
8 (1, 4, 0, 0, 0, 0, 0, 0, 2, 2, 0, 108)
9 (1, 4, 0, 32, 17, 0, 0, 0, 2, 2, 0, 69)
10 (1, 4, 2, 69, 18, 0, 0, 0, 3, 3, 0, 197)
11 (1, 4, 22, 299, 136, 16, 0, 0, 4, 3, 0, 126)
12 (1, 4, 527, 710, 466, 0, 21, 0, 4, 18, 0, 59)
13 (1, 4, 679, 789, 252, 0, 0, 36, 2, 2, 0, 11)
14 (1, 4, 264, 29, 96, 0, 0, 204, 0, 0, 0, 228)
15 (1, 4, 0, 0, 0, 0, 0, 16, 1, 1, 0, 164)
16 (1, 4, 0, 0, 0, 1, 0, 0, 1, 1, 0, 104)
17 (1, 4, 0, 61, 0, 10, 0, 0, 1, 1, 0, 206)
18 (1, 4, 0, 10, 0, 2, 0, 0, 1, 1, 0, 151)
19 (1, 4, 0, 67, 22, 6, 0, 0, 0, 1, 0, 2)
20 (1, 4, 0, 73, 14, 0, 0, 0, 0, 1, 0, 93)
21 (1, 4, 38, 52, 6, 0, 0, 0, 1, 1, 0, 156)
22 (1, 4, 0, 5, 0, 0, 0, 0, 0, 1, 0, 122)
23 (1, 4, 0, 5, 5, 0, 0, 0, 0, 1, 0, 176)
24 (1, 4, 0, 0, 0, 3, 0, 0, 1, 1, 0, 86)
25 (1, 4, 0, 0, 0, 1, 0, 0, 1, 1, 0, 104)
26 (1, 4, 0, 0, 0, 0, 0, 0, 0, 1, 0, 21)
27 (1, 4, 0, 0, 0, 0, 0, 0, 1, 1, 0, 119)
28 (1, 4, 0, 0, 0, 1, 0, 0, 1, 1, 0, 104)
29 (1, 4, 0, 0, 3, 0, 0, 0, 0, 1, 0, 174)
30 (1, 4, 0, 0, 1, 0, 0, 0, 1, 1, 0, 227)
31 (1, 4, 0, 0, 0, 2, 0, 0, 1, 1, 0, 73)
0 (1, 4, 11, 0, 0, 0, 0, 0, 1, 1, 0, 21)
1 (1, 4, 0, 0, 0, 0, 0, 0, 1, 1, 0, 119)
2 (1, 4, 0, 0, 0, 0, 0, 0, 1, 1, 0, 119)
3 (1, 4, 0, 19, 0, 0, 0, 0, 1, 1, 0, 206)
4 (1, 4, 119, 155, 146, 0, 0, 0, 1, 1, 0, 89)
5 (1, 4, 745, 873, 342, 0, 0, 0, 4, 4, 0, 188)
6 (1, 4, 508, 0, 131, 0, 0, 95, 1, 1, 0, 163)
7 (1, 4, 160, 224, 90, 0, 0, 125, 0, 1, 0, 231)
8 (1, 4, 0, 0, 82, 0, 0, 41, 1, 1, 0, 72)
9 (1, 4, 71, 0, 0, 0, 0, 0, 1, 1, 0, 212)
10 (1, 4, 0, 0, 0, 11, 0, 0, 0, 1, 0, 204)
11 (1, 4, 0, 18, 13, 3, 0, 0, 0, 1, 0, 78)
12 (1, 4, 0, 24, 21, 0, 0, 0, 1, 1, 0, 16)
13 (1, 4, 0, 0, 1, 0, 0, 0, 0, 1, 0, 129)
14 (1, 4, 0, 0, 3, 0, 0, 0, 0, 1, 0, 174)
15 (1, 4, 0, 0, 0, 0, 0, 0, 1, 1, 0, 119)
16 (1, 4, 0, 0, 0, 1, 0, 0, 1, 1, 0, 104)
17 (1, 4, 5, 0, 0, 1, 0, 0, 1, 1, 0, 94)
18 (1, 4, 0, 0, 0, 3, 0, 0, 0, 1, 0, 52)
19 (1, 4, 4, 0, 0, 4, 0, 0, 1, 1, 0, 51)
20 (1, 4, 11, 0, 0, 3, 0, 0, 1, 1, 0, 52)
21 (1, 4, 6, 0, 0, 4, 0, 0, 0, 1, 0, 77)
22 (1, 4, 11, 0, 0, 6, 0, 0, 1, 1, 0, 87)
23 (1, 4, 1, 0, 0, 7, 0, 0, 1, 1, 0, 36)
24 (1, 4, 0, 5, 0, 7, 0, 0, 0, 1, 0, 39)
25 (1, 4, 0, 0, 0, 6, 0, 0, 1, 1, 0, 53)
26 (1, 4, 0, 0, 0, 5, 0, 0, 1, 1, 0, 20)
27 (1, 4, 0, 3, 0, 5, 0, 0, 0, 1, 0, 174)
28 (1, 4, 0, 9, 0, 8, 0, 0, 0, 1, 0, 235)
29 (1, 4, 0, 0, 0, 9, 0, 0, 1, 1, 0, 144)
0 (1, 4, 7, 3, 0, 5, 0, 0, 0, 0, 0, 239)
1 (1, 4, 0, 0, 0, 9, 0, 0, 0, 0, 0, 153)
2 (1, 4, 0, 0, 11, 2, 0, 0, 0, 0, 0, 71)
3 (1, 4, 0, 0, 0, 10, 0, 0, 0, 0, 0, 184)
4 (1, 4, 0, 0, 8, 7, 0, 0, 0, 0, 0, 159)
5 (1, 4, 1, 21, 13, 9, 0, 0, 0, 0, 0, 239)
6 (1, 4, 14, 25, 25, 5, 0, 0, 0, 0, 0, 121)
7 (1, 4, 22, 59, 46, 11, 0, 0, 0, 0, 0, 152)
8 (1, 4, 27, 142, 94, 11, 0, 0, 0, 0, 0, 105)
9 (1, 4, 46, 143, 115, 7, 0, 0, 0, 0, 0, 193)
10 (1, 4, 157, 225, 184, 22, 0, 0, 0, 0, 0, 65)
11 (1, 4, 253, 527, 0, 5, 0, 0, 1, 1, 0, 149)
12 (1, 4, 176, 92, 71, 1, 0, 62, 0, 1, 0, 249)
13 (1, 4, 283, 258, 108, 0, 0, 27, 0, 1, 0, 165)
14 (1, 4, 0, 96, 37, 0, 0, 18, 0, 1, 0, 10)
15 (1, 4, 0, 0, 4, 2, 0, 0, 0, 1, 0, 117)
16 (1, 4, 0, 0, 0, 9, 0, 0, 0, 1, 0, 242)
17 (1, 4, 0, 0, 6, 11, 0, 0, 0, 1, 0, 189)
18 (1, 4, 0, 30, 20, 14, 0, 0, 0, 1, 0, 235)
19 (1, 4, 0, 65, 10, 9, 0, 0, 0, 1, 0, 87)
20 (1, 4, 0, 65, 6, 11, 0, 0, 0, 1, 0, 139)
21 (1, 4, 0, 63, 4, 9, 0, 0, 0, 1, 0, 190)
22 (1, 4, 0, 72, 21, 7, 0, 0, 0, 1, 0, 205)
23 (1, 4, 0, 55, 25, 8, 0, 0, 0, 1, 0, 27)
24 (1, 4, 0, 79, 38, 6, 0, 0, 0, 1, 0, 234)
25 (1, 4, 0, 67, 45, 3, 0, 0, 0, 1, 0, 231)
26 (1, 4, 0, 65, 63, 0, 0, 0, 0, 1, 0, 251)
27 (1, 4, 0, 54, 33, 0, 0, 0, 0, 1, 0, 107)
28 (1, 4, 0, 77, 23, 0, 0, 0, 0, 1, 0, 208)
29 (1, 4, 0, 40, 13, 0, 0, 0, 0, 1, 0, 18)
0 (1, 4, 0, 0, 0, 0, 0, 0, 1, 0, 0, 28)
1 (1, 4, 0, 0, 0, 0, 0, 0, 1, 0, 0, 28)
2 (1, 4, 0, 0, 0, 0, 0, 0, 0, 0, 0, 126)
3 (1, 4, 4, 15, 45, 0, 0, 0, 1, 0, 0, 29)
4 (1, 4, 0, 64, 71, 0, 0, 0, 1, 0, 0, 129)
5 (1, 4, 0, 97, 63, 0, 0, 0, 1, 0, 0, 48)
6 (1, 4, 104, 405, 372, 0, 10, 0, 0, 0, 0, 224)
7 (1, 4, 128, 873, 677, 0, 10, 0, 0, 0, 0, 72)
8 (1, 4, 211, 385, 239, 0, 0, 13, 0, 0, 0, 172)
9 (1, 4, 270, 453, 304, 0, 0, 59, 0, 0, 0, 2)
10 (1, 4, 0, 0, 0, 0, 0, 19, 0, 0, 0, 203)
11 (1, 4, 0, 0, 0, 0, 0, 0, 0, 0, 0, 126)
12 (1, 4, 0, 0, 0, 4, 0, 0, 0, 0, 0, 2)
13 (1, 4, 0, 0, 0, 0, 0, 0, 0, 0, 0, 126)
14 (1, 4, 17, 0, 0, 0, 0, 0, 0, 0, 0, 144)
15 (1, 4, 0, 0, 0, 0, 0, 0, 0, 0, 0, 126)
16 (1, 4, 0, 0, 0, 0, 0, 0, 0, 0, 0, 126)
17 (1, 4, 0, 0, 0, 0, 0, 0, 0, 0, 0, 126)
18 (1, 4, 0, 0, 0, 1, 0, 0, 0, 0, 0, 97)
19 (1, 4, 0, 0, 0, 0, 0, 0, 0, 0, 0, 126)
20 (1, 4, 12, 3, 0, 0, 0, 0, 0, 0, 0, 238)
21 (1, 4, 8, 15, 4, 0, 0, 0, 0, 0, 0, 225)
22 (1, 4, 0, 2, 0, 0, 0, 0, 0, 0, 0, 19)
23 (1, 4, 0, 5, 0, 0, 0, 0, 0, 0, 0, 17)
24 (1, 4, 0, 0, 0, 0, 0, 0, 0, 0, 0, 126)
25 (1, 4, 0, 0, 0, 0, 0, 0, 0, 0, 0, 126)
26 (1, 4, 0, 0, 0, 0, 0, 0, 0, 0, 0, 126)
27 (1, 4, 0, 0, 0, 0, 0, 0, 0, 0, 0, 126)
28 (1, 4, 0, 0, 0, 0, 0, 0, 0, 0, 0, 126)
29 (1, 4, 0, 0, 0, 0, 0, 0, 0, 0, 0, 126)
30 (1, 4, 0, 0, 0, 0, 0, 0, 0, 0, 0, 126)
31 (1, 4, 0, 6, 2, 0, 0, 0, 0, 0, 0, 230)
0 (1, 4, 0, 0, 0, 0, 0, 0, 1, 0, 0, 28)
1 (1, 4, 0, 0, 0, 0, 0, 0, 1, 0, 0, 28)
2 (1, 4, 0, 0, 20, 0, 0, 0, 2, 1, 0, 240)
3 (1, 4, 0, 0, 0, 0, 0, 0, 1, 1, 0, 119)
4 (1, 4, 0, 0, 0, 0, 0, 0, 1, 1, 0, 119)
5 (1, 4, 74, 382, 228, 0, 6, 0, 1, 1, 0, 232)
6 (1, 4, 65, 858, 586, 0, 52, 0, 1, 1, 0, 93)
7 (1, 4, 113, 873, 731, 0, 0, 0, 0, 0, 0, 121)
8 (1, 4, 129, 278, 353, 0, 0, 113, 0, 0, 0, 114)
9 (1, 4, 0, 0, 22, 0, 0, 16, 0, 0, 0, 163)
10 (1, 4, 59, 0, 0, 13, 0, 0, 0, 0, 0, 160)
11 (1, 4, 0, 0, 0, 13, 0, 0, 0, 0, 0, 229)
12 (1, 4, 0, 0, 0, 4, 0, 0, 0, 0, 0, 2)
13 (1, 4, 4, 0, 4, 6, 0, 0, 0, 0, 0, 90)
14 (1, 4, 9, 1, 0, 5, 0, 0, 0, 0, 0, 214)
15 (1, 4, 0, 0, 0, 10, 0, 0, 0, 0, 0, 184)
16 (1, 4, 0, 0, 0, 5, 0, 0, 0, 0, 0, 29)
17 (1, 4, 0, 0, 0, 5, 0, 0, 0, 0, 0, 29)
18 (1, 4, 0, 0, 0, 6, 0, 0, 0, 0, 0, 60)
19 (1, 4, 0, 0, 0, 8, 0, 0, 0, 0, 0, 134)
20 (1, 4, 0, 0, 0, 4, 0, 0, 1, 1, 0, 11)
21 (1, 4, 0, 0, 0, 6, 0, 0, 1, 1, 0, 53)
22 (1, 4, 0, 0, 0, 7, 0, 0, 1, 1, 0, 42)
23 (1, 4, 3, 6, 8, 2, 0, 0, 1, 1, 0, 80)
24 (1, 4, 0, 0, 7, 4, 0, 0, 1, 1, 0, 238)
25 (1, 4, 0, 0, 0, 1, 0, 0, 1, 1, 0, 104)
26 (1, 4, 1, 0, 0, 2, 0, 0, 1, 1, 0, 71)
27 (1, 4, 0, 0, 0, 3, 0, 0, 1, 1, 0, 86)
28 (1, 4, 0, 0, 2, 0, 0, 0, 1, 1, 0, 88)
29 (1, 4, 1, 7, 11, 4, 0, 0, 0, 0, 0, 9)
30 (1, 4, 8, 7, 8, 0, 0, 0, 0, 0, 0, 176)
31 (1, 4, 4, 6, 6, 4, 0, 0, 0, 0, 0, 252)
0 (1, 4, 0, 0, 0, 0, 0, 0, 1, 0, 0, 28)
1 (1, 4, 0, 0, 0, 0, 0, 0, 3, 2, 0, 14)
2 (1, 4, 0, 53, 158, 0, 13, 0, 3, 3, 0, 177)
3 (1, 4, 380, 873, 504, 0, 7, 0, 2, 3, 0, 142)
4 (1, 4, 283, 790, 306, 0, 0, 0, 1, 2, 0, 71)
5 (1, 4, 329, 681, 404, 0, 0, 129, 1, 1, 0, 82)
6 (1, 4, 0, 93, 114, 0, 0, 98, 1, 1, 0, 65)
7 (1, 4, 37, 0, 83, 0, 0, 0, 1, 1, 0, 185)
8 (1, 4, 0, 0, 0, 5, 0, 0, 1, 1, 0, 20)
9 (1, 4, 0, 0, 0, 0, 0, 0, 1, 0, 0, 28)
10 (1, 4, 8, 0, 0, 0, 0, 0, 0, 0, 0, 14)
11 (1, 4, 0, 16, 21, 0, 0, 0, 0, 0, 0, 170)
12 (1, 4, 10, 23, 30, 0, 0, 0, 1, 0, 0, 161)
13 (1, 4, 0, 29, 27, 0, 0, 0, 0, 0, 0, 187)
14 (1, 4, 7, 13, 7, 0, 0, 0, 0, 0, 0, 109)
15 (1, 4, 0, 10, 0, 0, 0, 0, 0, 0, 0, 160)
16 (1, 4, 0, 15, 0, 0, 0, 0, 0, 0, 0, 207)
17 (1, 4, 0, 5, 0, 0, 0, 0, 0, 0, 0, 17)
18 (1, 4, 0, 3, 0, 0, 0, 0, 1, 0, 0, 196)
19 (1, 4, 0, 1, 0, 0, 0, 0, 0, 0, 0, 203)
20 (1, 4, 0, 4, 0, 0, 0, 0, 0, 0, 0, 164)
21 (1, 4, 0, 8, 1, 0, 0, 0, 1, 0, 0, 59)
22 (1, 4, 0, 9, 0, 0, 0, 0, 0, 0, 0, 120)
23 (1, 4, 0, 8, 2, 0, 0, 0, 0, 0, 0, 226)
24 (1, 4, 0, 12, 9, 0, 0, 0, 1, 0, 0, 93)
25 (1, 4, 0, 4, 3, 0, 0, 0, 0, 0, 0, 31)
26 (1, 4, 0, 3, 0, 0, 0, 0, 0, 0, 0, 166)
27 (1, 4, 1, 3, 1, 0, 0, 0, 1, 0, 0, 94)
28 (1, 4, 0, 0, 0, 0, 0, 0, 0, 0, 0, 126)
29 (1, 4, 0, 0, 0, 0, 0, 0, 0, 0, 0, 126)
0 (1, 4, 0, 0, 0, 0, 0, 0, 2, 1, 0, 209)
1 (1, 4, 0, 0, 0, 0, 0, 0, 1, 1, 0, 119)
2 (1, 4, 0, 0, 0, 0, 19, 0, 3, 2, 0, 0)
3 (1, 4, 33, 242, 163, 0, 32, 0, 3, 2, 0, 50)
4 (1, 4, 221, 824, 595, 0, 46, 0, 2, 2, 0, 54)
5 (1, 4, 140, 873, 463, 0, 0, 0, 2, 2, 0, 80)
6 (1, 4, 367, 634, 485, 0, 0, 83, 1, 1, 0, 193)
7 (1, 4, 0, 169, 137, 0, 0, 80, 1, 1, 0, 253)
8 (1, 4, 0, 0, 8, 0, 0, 0, 1, 1, 0, 203)
9 (1, 4, 0, 0, 0, 9, 0, 0, 1, 1, 0, 144)
10 (1, 4, 0, 30, 6, 0, 0, 0, 1, 1, 0, 99)
11 (1, 4, 1, 0, 20, 0, 0, 0, 1, 1, 0, 88)
12 (1, 4, 26, 11, 36, 0, 0, 0, 1, 1, 0, 48)
13 (1, 4, 3, 12, 23, 0, 0, 0, 1, 1, 0, 150)
14 (1, 4, 6, 0, 7, 0, 0, 0, 1, 1, 0, 182)
15 (1, 4, 0, 0, 0, 0, 0, 0, 1, 1, 0, 119)
16 (1, 4, 0, 0, 0, 0, 0, 0, 1, 1, 0, 119)
17 (1, 4, 0, 0, 0, 0, 0, 0, 1, 1, 0, 119)
18 (1, 4, 0, 3, 0, 0, 0, 0, 0, 1, 0, 205)
19 (1, 4, 1, 5, 0, 0, 0, 0, 1, 1, 0, 22)
20 (1, 4, 0, 2, 0, 0, 0, 0, 1, 1, 0, 26)
21 (1, 4, 0, 0, 1, 0, 0, 0, 1, 1, 0, 227)
22 (1, 4, 0, 0, 1, 0, 0, 0, 1, 1, 0, 227)
23 (1, 4, 0, 0, 0, 0, 0, 0, 1, 1, 0, 119)
24 (1, 4, 0, 0, 0, 0, 0, 0, 0, 1, 0, 21)
25 (1, 4, 0, 1, 3, 0, 0, 0, 1, 1, 0, 121)
26 (1, 4, 0, 0, 0, 0, 0, 0, 1, 1, 0, 119)
27 (1, 4, 0, 0, 0, 0, 0, 0, 1, 1, 0, 119)
28 (1, 4, 0, 1, 0, 0, 0, 0, 1, 1, 0, 194)
29 (1, 4, 3, 4, 4, 0, 0, 0, 1, 1, 0, 225)
30 (1, 4, 1, 11, 8, 0, 0, 0, 1, 1, 0, 174)
31 (1, 4, 2, 9, 4, 0, 0, 0, 1, 1, 0, 51)
0 (1, 4, 0, 0, 0, 0, 0, 0, 0, 0, 0, 126)
1 (1, 4, 0, 0, 0, 0, 0, 0, 0, 0, 0, 126)
2 (1, 4, 0, 0, 36, 0, 0, 0, 0, 0, 0, 222)
3 (1, 4, 151, 0, 330, 0, 0, 0, 0, 0, 0, 148)
4 (1, 4, 139, 0, 455, 0, 0, 0, 0, 0, 0, 187)
5 (1, 4, 0, 0, 347, 0, 0, 0, 0, 0, 0, 160)
6 (1, 4, 168, 60, 280, 0, 0, 0, 0, 0, 0, 136)
7 (1, 4, 139, 129, 206, 0, 0, 0, 0, 0, 0, 122)
8 (1, 4, 347, 115, 57, 0, 0, 52, 0, 0, 0, 33)
9 (1, 4, 158, 0, 0, 0, 8, 0, 0, 0, 0, 30)
10 (1, 4, 22, 0, 0, 0, 0, 0, 0, 0, 0, 186)
11 (1, 4, 0, 0, 0, 0, 0, 0, 0, 0, 0, 126)
12 (1, 4, 0, 0, 0, 0, 0, 0, 0, 0, 0, 126)
13 (1, 4, 0, 210, 0, 0, 0, 0, 0, 0, 0, 240)
14 (1, 4, 0, 347, 0, 0, 0, 0, 0, 0, 0, 18)
15 (1, 4, 0, 470, 0, 0, 0, 0, 0, 0, 0, 207)
16 (1, 4, 0, 664, 435, 0, 78, 0, 0, 0, 0, 60)
17 (1, 4, 736, 873, 873, 0, 51, 0, 2, 2, 0, 149)
18 (1, 4, 161, 228, 153, 0, 0, 100, 0, 0, 0, 15)
19 (1, 4, 42, 68, 148, 0, 0, 101, 0, 0, 0, 18)
20 (1, 4, 0, 0, 0, 0, 0, 0, 0, 0, 0, 126)
21 (1, 4, 61, 0, 0, 17, 0, 0, 0, 0, 0, 247)
22 (1, 4, 0, 12, 0, 12, 0, 0, 0, 0, 0, 147)
23 (1, 4, 16, 8, 0, 1, 0, 0, 0, 0, 0, 50)
24 (1, 4, 0, 0, 0, 1, 0, 0, 0, 0, 0, 97)
25 (1, 4, 0, 0, 0, 2, 0, 0, 0, 0, 0, 64)
26 (1, 4, 0, 0, 0, 2, 0, 0, 0, 0, 0, 64)
27 (1, 4, 0, 0, 0, 7, 0, 0, 0, 0, 0, 35)
28 (1, 4, 0, 0, 0, 6, 0, 0, 0, 0, 0, 60)
29 (1, 4, 0, 0, 0, 6, 0, 0, 0, 0, 0, 60)
30 (1, 4, 0, 1, 9, 9, 0, 0, 0, 0, 0, 4)
0 (1, 4, 0, 0, 460, 0, 10, 0, 0, 0, 0, 248)
1 (1, 4, 0, 0, 217, 0, 0, 0, 1, 0, 0, 65)
2 (1, 4, 280, 255, 0, 0, 0, 0, 0, 0, 0, 124)
3 (1, 4, 120, 369, 0, 0, 0, 0, 0, 0, 0, 208)
4 (1, 4, 135, 368, 0, 0, 0, 0, 0, 0, 0, 132)
5 (1, 4, 133, 325, 0, 0, 0, 0, 0, 0, 0, 84)
6 (1, 4, 31, 314, 0, 0, 0, 0, 0, 0, 0, 92)
7 (1, 4, 109, 508, 295, 0, 64, 0, 0, 0, 0, 135)
8 (1, 4, 873, 873, 873, 0, 184, 0, 3, 2, 0, 224)
9 (1, 4, 403, 873, 511, 0, 10, 40, 3, 2, 0, 115)
10 (1, 4, 244, 209, 24, 0, 0, 223, 0, 0, 0, 141)
11 (1, 4, 97, 0, 13, 0, 0, 22, 0, 0, 0, 87)
12 (1, 4, 0, 0, 0, 0, 0, 0, 0, 0, 0, 126)
13 (1, 4, 0, 0, 0, 3, 0, 0, 0, 0, 0, 95)
14 (1, 4, 0, 45, 0, 9, 0, 0, 0, 0, 0, 135)
15 (1, 4, 0, 0, 0, 0, 0, 0, 0, 0, 0, 126)
16 (1, 4, 3, 0, 0, 1, 0, 0, 0, 0, 0, 115)
17 (1, 4, 0, 0, 0, 6, 0, 0, 0, 0, 0, 60)
18 (1, 4, 7, 16, 18, 4, 0, 0, 0, 0, 0, 25)
19 (1, 4, 2, 2, 14, 3, 0, 0, 0, 0, 0, 227)
20 (1, 4, 18, 18, 19, 5, 0, 0, 0, 0, 0, 41)
21 (1, 4, 1, 19, 16, 1, 0, 0, 0, 0, 0, 169)
22 (1, 4, 0, 5, 7, 0, 0, 0, 0, 0, 0, 244)
23 (1, 4, 0, 0, 0, 0, 0, 0, 0, 0, 0, 126)
24 (1, 4, 0, 0, 0, 0, 0, 0, 0, 0, 0, 126)
25 (1, 4, 0, 0, 6, 0, 0, 0, 0, 0, 0, 15)
26 (1, 4, 0, 0, 0, 0, 0, 0, 0, 0, 0, 126)
27 (1, 4, 0, 0, 0, 0, 0, 0, 0, 0, 0, 126)
28 (1, 4, 0, 0, 0, 1, 0, 0, 0, 0, 0, 97)
29 (1, 4, 0, 0, 0, 0, 0, 0, 0, 0, 0, 126)
30 (1, 4, 0, 0, 0, 0, 0, 0, 0, 0, 0, 126)
31 (1, 4, 0, 2, 0, 0, 0, 0, 0, 0, 0, 19)
0 (1, 4, 0, 31, 75, 0, 0, 0, 0, 0, 0, 82)
1 (1, 4, 0, 89, 0, 0, 0, 0, 0, 0, 0, 154)
2 (1, 4, 45, 10, 0, 0, 0, 0, 0, 0, 0, 33)
3 (1, 4, 32, 206, 0, 0, 0, 0, 0, 0, 0, 63)
4 (1, 4, 60, 485, 0, 0, 0, 0, 0, 0, 0, 219)
5 (1, 4, 85, 562, 0, 0, 0, 0, 0, 0, 0, 34)
6 (1, 4, 29, 532, 0, 0, 26, 0, 0, 0, 0, 24)
7 (1, 4, 0, 670, 409, 0, 91, 0, 0, 0, 0, 249)
8 (1, 4, 115, 873, 873, 0, 94, 0, 0, 0, 0, 40)
9 (1, 4, 582, 736, 365, 0, 0, 51, 0, 0, 0, 96)
10 (1, 4, 159, 232, 247, 0, 0, 100, 0, 0, 0, 221)
11 (1, 4, 52, 0, 71, 0, 0, 1, 0, 0, 0, 160)
12 (1, 4, 0, 0, 13, 4, 0, 0, 0, 0, 0, 116)
13 (1, 4, 0, 0, 0, 7, 0, 0, 0, 0, 0, 35)
14 (1, 4, 0, 84, 26, 0, 0, 0, 0, 0, 0, 170)
15 (1, 4, 0, 50, 13, 0, 0, 0, 0, 0, 0, 198)
16 (1, 4, 0, 0, 6, 0, 0, 0, 0, 0, 0, 15)
17 (1, 4, 0, 43, 20, 0, 0, 0, 0, 0, 0, 246)
18 (1, 4, 0, 4, 14, 0, 0, 0, 0, 0, 0, 105)
19 (1, 4, 19, 0, 4, 0, 0, 0, 0, 0, 0, 210)
20 (1, 4, 0, 13, 0, 0, 0, 0, 0, 0, 0, 162)
21 (1, 4, 0, 0, 0, 0, 0, 0, 0, 0, 0, 126)
22 (1, 4, 0, 0, 0, 0, 0, 0, 0, 0, 0, 126)
23 (1, 4, 0, 0, 0, 0, 0, 0, 0, 0, 0, 126)
24 (1, 4, 0, 0, 0, 0, 0, 0, 0, 0, 0, 126)
25 (1, 4, 0, 0, 0, 0, 0, 0, 0, 0, 0, 126)
26 (1, 4, 0, 0, 1, 0, 0, 0, 0, 0, 0, 234)
27 (1, 4, 30, 0, 15, 0, 0, 0, 0, 0, 0, 147)
28 (1, 4, 43, 0, 17, 0, 0, 0, 0, 0, 0, 48)
29 (1, 4, 1, 2, 3, 0, 0, 0, 0, 0, 0, 166)
30 (1, 4, 0, 0, 0, 0, 0, 0, 0, 0, 0, 126)
31 (1, 4, 1, 0, 0, 0, 0, 0, 0, 0, 0, 112)
0 (1, 4, 112, 601, 0, 0, 0, 0, 0, 0, 0, 249)
1 (1, 4, 76, 590, 0, 0, 2, 0, 0, 0, 0, 7)
2 (1, 4, 0, 664, 223, 0, 24, 0, 0, 0, 0, 8)
3 (1, 4, 149, 797, 394, 0, 14, 0, 0, 0, 0, 199)
4 (1, 4, 338, 873, 464, 0, 35, 0, 0, 0, 0, 200)
5 (1, 4, 79, 718, 142, 0, 0, 263, 0, 0, 0, 224)
6 (1, 4, 0, 107, 84, 0, 0, 103, 0, 0, 0, 121)
7 (1, 4, 60, 0, 13, 20, 0, 0, 0, 0, 0, 236)
8 (1, 4, 0, 0, 0, 24, 0, 0, 0, 0, 0, 113)
9 (1, 4, 0, 0, 14, 23, 0, 0, 0, 0, 0, 25)
10 (1, 4, 0, 0, 0, 13, 0, 0, 0, 0, 0, 229)
11 (1, 4, 0, 0, 1, 17, 0, 0, 0, 0, 0, 2)
12 (1, 4, 0, 0, 0, 8, 0, 0, 0, 0, 0, 134)
13 (1, 4, 0, 0, 0, 11, 0, 0, 0, 0, 0, 167)
14 (1, 4, 0, 0, 0, 11, 0, 0, 0, 0, 0, 167)
15 (1, 4, 0, 0, 0, 16, 0, 0, 0, 0, 0, 137)
16 (1, 4, 0, 0, 0, 20, 0, 0, 0, 0, 0, 245)
17 (1, 4, 0, 0, 3, 6, 0, 0, 0, 0, 0, 135)
18 (1, 4, 0, 0, 0, 0, 0, 0, 0, 0, 0, 126)
19 (1, 4, 6, 0, 0, 9, 0, 0, 0, 0, 0, 189)
20 (1, 4, 0, 0, 0, 1, 0, 0, 0, 0, 0, 97)
21 (1, 4, 0, 0, 0, 7, 0, 0, 0, 0, 0, 35)
22 (1, 4, 4, 0, 0, 3, 0, 0, 0, 0, 0, 103)
23 (1, 4, 11, 0, 0, 5, 0, 0, 0, 0, 0, 127)
24 (1, 4, 0, 3, 0, 7, 0, 0, 0, 0, 0, 251)
25 (1, 4, 13, 6, 0, 6, 0, 0, 0, 0, 0, 205)
26 (1, 4, 1, 15, 8, 8, 0, 0, 0, 0, 0, 133)
27 (1, 4, 3, 29, 13, 6, 0, 0, 0, 0, 0, 229)
28 (1, 4, 4, 41, 7, 7, 0, 0, 0, 0, 0, 58)
29 (1, 4, 0, 29, 4, 10, 0, 0, 0, 0, 0, 91)
30 (1, 4, 8, 35, 11, 12, 0, 0, 0, 0, 0, 151)
31 (1, 4, 0, 17, 22, 10, 0, 0, 0, 0, 0, 98)
0 (1, 4, 0, 0, 119, 0, 0, 0, 1, 1, 0, 232)
1 (1, 4, 0, 0, 58, 0, 0, 0, 1, 1, 0, 101)
2 (1, 4, 79, 89, 0, 0, 0, 0, 1, 1, 0, 64)
3 (1, 4, 0, 240, 0, 0, 0, 0, 1, 1, 0, 86)
4 (1, 4, 0, 438, 0, 0, 0, 0, 1, 1, 0, 135)
5 (1, 4, 45, 517, 0, 0, 0, 0, 1, 1, 0, 84)
6 (1, 4, 67, 509, 0, 0, 7, 0, 1, 1, 0, 156)
7 (1, 4, 158, 720, 358, 0, 72, 0, 1, 1, 0, 10)
8 (1, 4, 564, 873, 873, 0, 158, 0, 0, 0, 0, 161)
9 (1, 4, 364, 589, 389, 0, 0, 109, 0, 0, 0, 42)
10 (1, 4, 140, 17, 5, 0, 0, 87, 0, 0, 0, 184)
11 (1, 4, 10, 0, 0, 0, 0, 0, 0, 0, 0, 18)
12 (1, 4, 57, 0, 0, 19, 0, 0, 0, 0, 0, 241)
13 (1, 4, 0, 0, 0, 19, 0, 0, 0, 0, 0, 168)
14 (1, 4, 0, 73, 43, 0, 0, 0, 0, 0, 0, 2)
15 (1, 4, 0, 0, 7, 0, 0, 0, 0, 0, 0, 155)
16 (1, 4, 0, 6, 25, 6, 0, 0, 0, 0, 0, 220)
17 (1, 4, 0, 9, 0, 0, 0, 0, 0, 0, 0, 120)
18 (1, 4, 0, 0, 0, 2, 0, 0, 0, 0, 0, 64)
19 (1, 4, 0, 0, 0, 0, 0, 0, 0, 0, 0, 126)
20 (1, 4, 0, 0, 0, 2, 0, 0, 0, 0, 0, 64)
21 (1, 4, 0, 0, 0, 4, 0, 0, 0, 0, 0, 2)
22 (1, 4, 0, 0, 0, 3, 0, 0, 0, 0, 0, 95)
23 (1, 4, 0, 0, 0, 4, 0, 0, 0, 0, 0, 2)
24 (1, 4, 0, 0, 0, 4, 0, 0, 0, 0, 0, 2)
25 (1, 4, 0, 0, 0, 3, 0, 0, 0, 0, 0, 95)
26 (1, 4, 0, 0, 0, 3, 0, 0, 0, 0, 0, 95)
27 (1, 4, 0, 0, 0, 6, 0, 0, 0, 0, 0, 60)
28 (1, 4, 0, 0, 2, 4, 0, 0, 0, 0, 0, 45)
29 (1, 4, 0, 0, 7, 3, 0, 0, 0, 0, 0, 186)
30 (1, 4, 0, 8, 8, 2, 0, 0, 0, 0, 0, 79)
31 (1, 4, 0, 15, 7, 2, 0, 0, 0, 0, 0, 20)
0 (1, 4, 0, 0, 0, 0, 0, 0, 0, 1, 0, 21)
1 (1, 4, 0, 96, 0, 0, 3, 0, 0, 0, 0, 180)
2 (1, 4, 22, 190, 0, 0, 0, 0, 0, 0, 0, 28)
3 (1, 4, 64, 341, 0, 0, 0, 0, 0, 0, 0, 159)
4 (1, 4, 41, 463, 82, 0, 0, 0, 0, 0, 0, 186)
5 (1, 4, 135, 510, 66, 0, 0, 0, 0, 0, 0, 85)
6 (1, 4, 207, 567, 124, 0, 29, 0, 0, 0, 0, 146)
7 (1, 4, 240, 645, 466, 0, 108, 0, 0, 0, 0, 84)
8 (1, 4, 398, 873, 873, 0, 116, 0, 2, 2, 0, 251)
9 (1, 4, 148, 692, 542, 0, 0, 37, 0, 0, 0, 5)
10 (1, 4, 284, 0, 75, 0, 0, 65, 0, 0, 0, 178)
11 (1, 4, 168, 0, 101, 0, 0, 5, 0, 0, 0, 185)
12 (1, 4, 1, 0, 0, 2, 0, 0, 0, 0, 0, 78)
13 (1, 4, 0, 0, 0, 10, 0, 0, 0, 0, 0, 184)
14 (1, 4, 0, 0, 0, 18, 0, 0, 0, 0, 0, 183)
15 (1, 4, 0, 18, 21, 2, 0, 0, 0, 0, 0, 249)
16 (1, 4, 0, 0, 0, 7, 0, 0, 0, 0, 0, 35)
17 (1, 4, 0, 22, 3, 6, 0, 0, 0, 0, 0, 81)
18 (1, 4, 0, 14, 1, 3, 0, 0, 0, 0, 0, 207)
19 (1, 4, 0, 0, 0, 6, 0, 0, 0, 0, 0, 60)
20 (1, 4, 0, 9, 11, 7, 0, 0, 0, 0, 0, 34)
21 (1, 4, 0, 6, 13, 6, 0, 0, 1, 0, 0, 159)
22 (1, 4, 8, 0, 0, 4, 0, 0, 0, 0, 0, 114)
23 (1, 4, 28, 0, 0, 0, 0, 0, 0, 0, 0, 214)
24 (1, 4, 2, 0, 14, 0, 0, 0, 0, 0, 0, 175)
25 (1, 4, 15, 0, 0, 0, 0, 0, 0, 0, 0, 36)
26 (1, 4, 0, 0, 21, 0, 0, 0, 1, 1, 0, 194)
27 (1, 4, 17, 0, 23, 0, 0, 0, 1, 1, 0, 3)
28 (1, 4, 47, 0, 0, 0, 0, 0, 1, 1, 0, 234)
29 (1, 4, 0, 0, 11, 0, 0, 0, 1, 1, 0, 112)
30 (1, 4, 0, 0, 0, 0, 0, 0, 1, 0, 0, 28)
31 (1, 4, 5, 0, 8, 0, 0, 0, 1, 1, 0, 253)
0 (1, 4, 0, 0, 0, 0, 0, 0, 0, 0, 0, 126)
1 (1, 4, 0, 0, 0, 0, 0, 0, 0, 0, 0, 126)
2 (1, 4, 0, 0, 0, 0, 0, 0, 0, 0, 0, 126)
3 (1, 4, 0, 0, 0, 0, 0, 0, 0, 0, 0, 126)
4 (1, 4, 0, 0, 0, 0, 0, 0, 0, 0, 0, 126)
5 (1, 4, 30, 0, 0, 0, 0, 0, 0, 0, 0, 202)
6 (1, 4, 0, 0, 0, 0, 0, 0, 0, 0, 0, 126)
7 (1, 4, 0, 0, 0, 0, 0, 0, 0, 0, 0, 126)
8 (1, 4, 0, 0, 0, 0, 0, 0, 0, 0, 0, 126)
9 (1, 4, 0, 0, 110, 0, 26, 0, 0, 0, 0, 0)
10 (1, 4, 0, 0, 364, 0, 50, 0, 0, 0, 0, 190)
11 (1, 4, 0, 0, 217, 0, 0, 0, 2, 2, 0, 49)
12 (1, 4, 0, 0, 0, 0, 19, 0, 2, 2, 0, 98)
13 (1, 4, 25, 51, 0, 0, 16, 0, 1, 1, 0, 23)
14 (1, 4, 175, 263, 0, 0, 9, 0, 2, 2, 0, 187)
15 (1, 4, 68, 331, 0, 0, 3, 0, 1, 1, 0, 64)
16 (1, 4, 211, 587, 0, 0, 0, 0, 3, 2, 0, 69)
17 (1, 4, 401, 706, 14, 0, 2, 0, 2, 2, 0, 136)
18 (1, 4, 383, 722, 154, 0, 41, 0, 2, 2, 0, 113)
19 (1, 4, 260, 390, 130, 0, 67, 0, 3, 3, 0, 67)
20 (1, 4, 498, 800, 489, 0, 80, 0, 3, 3, 0, 52)
21 (1, 4, 288, 645, 281, 0, 0, 35, 0, 0, 0, 213)
22 (1, 4, 139, 40, 136, 0, 0, 67, 0, 0, 0, 22)
23 (1, 4, 0, 0, 102, 0, 0, 39, 0, 0, 0, 184)
24 (1, 4, 33, 0, 34, 0, 0, 0, 0, 0, 0, 102)
25 (1, 4, 0, 0, 0, 0, 0, 0, 0, 0, 0, 126)
26 (1, 4, 0, 0, 0, 0, 0, 0, 0, 0, 0, 126)
27 (1, 4, 40, 0, 0, 0, 0, 0, 0, 0, 0, 201)
28 (1, 4, 94, 0, 0, 0, 0, 0, 0, 0, 0, 67)
29 (1, 4, 0, 0, 4, 0, 0, 0, 0, 0, 0, 32)
30 (1, 4, 33, 0, 0, 0, 0, 0, 0, 0, 0, 183)
31 (1, 4, 0, 0, 0, 0, 0, 0, 0, 0, 0, 126)
0 (1, 4, 0, 0, 0, 0, 0, 45, 0, 0, 0, 159)
1 (1, 4, 10, 0, 0, 0, 0, 30, 0, 0, 0, 231)
2 (1, 4, 0, 0, 0, 0, 0, 0, 0, 0, 0, 126)
3 (1, 4, 0, 0, 0, 0, 0, 0, 0, 0, 0, 126)
4 (1, 4, 66, 0, 0, 0, 23, 0, 0, 0, 0, 6)
5 (1, 4, 0, 0, 442, 0, 0, 0, 0, 1, 0, 171)
6 (1, 4, 0, 0, 695, 0, 0, 0, 0, 0, 0, 81)
7 (1, 4, 0, 0, 393, 0, 0, 0, 2, 2, 0, 232)
8 (1, 4, 0, 0, 8, 0, 0, 0, 1, 1, 0, 203)
9 (1, 4, 196, 116, 0, 0, 0, 0, 1, 1, 0, 41)
10 (1, 4, 0, 338, 0, 0, 0, 0, 1, 1, 0, 29)
11 (1, 4, 0, 547, 0, 0, 0, 0, 1, 1, 0, 160)
12 (1, 4, 16, 628, 0, 0, 0, 0, 2, 2, 0, 187)
13 (1, 4, 73, 595, 60, 0, 0, 0, 0, 1, 0, 118)
14 (1, 4, 0, 417, 121, 0, 0, 0, 0, 0, 0, 191)
15 (1, 4, 0, 873, 511, 0, 36, 0, 0, 0, 0, 112)
16 (1, 4, 101, 564, 437, 0, 0, 159, 0, 0, 0, 245)
17 (1, 4, 207, 0, 87, 0, 0, 44, 0, 0, 0, 231)
18 (1, 4, 61, 0, 30, 0, 0, 0, 0, 0, 0, 173)
19 (1, 4, 0, 0, 0, 0, 0, 0, 0, 0, 0, 126)
20 (1, 4, 29, 76, 38, 7, 0, 0, 0, 0, 0, 224)
21 (1, 4, 0, 42, 27, 0, 0, 0, 0, 0, 0, 26)
22 (1, 4, 0, 0, 0, 0, 0, 0, 0, 0, 0, 126)
23 (1, 4, 0, 0, 0, 0, 0, 0, 0, 0, 0, 126)
24 (1, 4, 0, 0, 0, 0, 0, 0, 0, 0, 0, 126)
25 (1, 4, 0, 0, 0, 0, 0, 0, 0, 0, 0, 126)
26 (1, 4, 0, 0, 0, 0, 0, 0, 0, 0, 0, 126)
27 (1, 4, 0, 0, 0, 0, 0, 0, 0, 0, 0, 126)
28 (1, 4, 1, 0, 0, 0, 0, 0, 0, 0, 0, 112)
29 (1, 4, 0, 0, 0, 0, 0, 0, 0, 0, 0, 126)
30 (1, 4, 0, 0, 0, 0, 0, 0, 0, 0, 0, 126)
31 (1, 4, 0, 0, 0, 0, 0, 0, 0, 0, 0, 126)
0 (1, 4, 0, 0, 193, 0, 28, 0, 1, 1, 0, 78)
1 (1, 4, 0, 0, 192, 0, 0, 0, 2, 3, 0, 13)
2 (1, 4, 296, 180, 0, 0, 0, 0, 1, 1, 0, 186)
3 (1, 4, 497, 258, 0, 0, 18, 0, 1, 2, 0, 130)
4 (1, 4, 31, 318, 0, 0, 0, 0, 1, 1, 0, 143)
5 (1, 4, 226, 538, 0, 0, 0, 0, 1, 1, 0, 66)
6 (1, 4, 237, 594, 0, 0, 0, 0, 1, 1, 0, 40)
7 (1, 4, 214, 600, 0, 0, 0, 0, 1, 1, 0, 179)
8 (1, 4, 252, 606, 264, 0, 35, 0, 2, 3, 0, 184)
9 (1, 4, 417, 873, 830, 0, 59, 0, 2, 1, 0, 9)
10 (1, 4, 547, 783, 229, 0, 0, 73, 0, 0, 0, 120)
11 (1, 4, 0, 0, 27, 0, 0, 156, 0, 0, 0, 192)
12 (1, 4, 0, 0, 76, 0, 0, 0, 0, 0, 0, 103)
13 (1, 4, 0, 0, 0, 0, 0, 0, 0, 0, 0, 126)
14 (1, 4, 0, 0, 0, 1, 0, 0, 0, 0, 0, 97)
15 (1, 4, 0, 0, 0, 0, 0, 0, 0, 0, 0, 126)
16 (1, 4, 0, 0, 0, 0, 0, 0, 0, 0, 0, 126)
17 (1, 4, 0, 0, 0, 0, 0, 0, 0, 0, 0, 126)
18 (1, 4, 0, 0, 0, 0, 0, 0, 0, 0, 0, 126)
19 (1, 4, 6, 0, 7, 0, 0, 0, 0, 0, 0, 191)
20 (1, 4, 0, 0, 19, 0, 0, 0, 0, 0, 0, 186)
21 (1, 4, 0, 0, 0, 0, 0, 0, 0, 0, 0, 126)
22 (1, 4, 0, 0, 0, 0, 0, 0, 0, 0, 0, 126)
23 (1, 4, 0, 0, 0, 0, 0, 0, 0, 0, 0, 126)
24 (1, 4, 0, 0, 0, 0, 0, 0, 0, 0, 0, 126)
25 (1, 4, 0, 0, 0, 0, 0, 0, 0, 0, 0, 126)
26 (1, 4, 0, 0, 0, 0, 0, 0, 0, 0, 0, 126)
27 (1, 4, 0, 0, 0, 0, 0, 0, 0, 0, 0, 126)
28 (1, 4, 0, 0, 0, 0, 0, 0, 0, 0, 0, 126)
29 (1, 4, 0, 0, 0, 0, 0, 0, 0, 0, 0, 126)

