1 (1, 4, 0, 12, 0, 75, 0, 57, 3, 3, 0, 71)
2 (1, 4, 0, 7, 0, 78, 0, 56, 3, 3, 0, 144)
3 (1, 4, 0, 10, 0, 76, 0, 56, 3, 3, 0, 114)
4 (1, 4, 0, 7, 0, 76, 0, 58, 3, 3, 0, 23)
5 (1, 4, 0, 6, 0, 72, 0, 57, 3, 3, 0, 184)
6 (1, 4, 29, 0, 0, 64, 0, 72, 3, 3, 0, 185)
7 (1, 4, 330, 0, 187, 0, 0, 141, 3, 4, 0, 41)
8 (1, 4, 563, 0, 638, 0, 0, 96, 3, 3, 0, 189)
9 (1, 4, 206, 0, 623, 0, 0, 16, 3, 3, 0, 152)
10 (1, 4, 0, 0, 579, 0, 0, 0, 3, 4, 0, 137)
11 (1, 4, 0, 0, 583, 0, 0, 0, 2, 3, 0, 163)
12 (1, 4, 0, 0, 559, 0, 0, 0, 2, 4, 0, 12)
13 (1, 4, 0, 0, 478, 0, 0, 0, 2, 3, 0, 226)
14 (1, 4, 0, 0, 425, 0, 0, 0, 2, 3, 0, 125)
15 (1, 4, 0, 0, 379, 0, 0, 0, 1, 4, 0, 151)
16 (1, 4, 0, 13, 268, 0, 0, 0, 1, 4, 0, 212)
17 (1, 4, 0, 34, 146, 0, 0, 0, 1, 3, 0, 175)
18 (1, 4, 0, 1, 38, 0, 0, 0, 1, 2, 0, 240)
19 (1, 4, 0, 56, 69, 0, 0, 0, 1, 1, 0, 86)
20 (1, 4, 0, 4, 0, 0, 0, 2, 1, 1, 0, 20)
21 (1, 4, 0, 28, 0, 0, 0, 27, 1, 1, 0, 32)
22 (1, 4, 25, 28, 16, 0, 0, 9, 1, 1, 0, 171)
23 (1, 4, 107, 10, 24, 0, 0, 0, 1, 1, 0, 70)
24 (1, 4, 201, 0, 0, 0, 0, 16, 1, 1, 0, 70)
25 (1, 4, 178, 0, 0, 0, 0, 8, 1, 2, 0, 14)
26 (1, 4, 46, 0, 0, 0, 0, 0, 1, 1, 0, 228)
27 (1, 4, 198, 4, 0, 0, 0, 0, 1, 1, 0, 21)
28 (1, 4, 114, 120, 0, 0, 0, 0, 1, 1, 0, 86)
29 (1, 4, 85, 646, 0, 0, 0, 0, 1, 1, 0, 83)
30 (1, 4, 268, 743, 0, 0, 0, 0, 1, 1, 0, 178)
31 (1, 4, 99, 449, 0, 0, 0, 0, 3, 2, 0, 128)
32 (1, 4, 0, 482, 0, 0, 0, 0, 5, 4, 0, 240)
1 (1, 4, 122, 0, 0, 0, 0, 0, 1, 2, 0, 8)
2 (1, 4, 121, 56, 0, 0, 0, 0, 1, 1, 0, 183)
3 (1, 4, 137, 320, 0, 0, 0, 0, 4, 2, 0, 42)
4 (1, 4, 128, 569, 0, 0, 0, 0, 5, 3, 0, 83)
5 (1, 4, 302, 873, 0, 0, 0, 0, 8, 3, 0, 36)
6 (1, 4, 26, 873, 0, 0, 0, 0, 4, 2, 0, 196)
7 (1, 4, 166, 873, 0, 0, 0, 0, 9, 5, 0, 92)
8 (1, 4, 0, 623, 0, 0, 43, 88, 5, 4, 0, 62)
9 (1, 4, 0, 180, 0, 0, 0, 112, 5, 4, 0, 119)
10 (1, 4, 0, 0, 6, 6, 0, 51, 5, 4, 0, 31)
11 (1, 4, 0, 0, 0, 54, 0, 95, 5, 5, 0, 96)
12 (1, 4, 12, 0, 5, 66, 0, 91, 4, 4, 0, 41)
13 (1, 4, 30, 0, 0, 67, 0, 67, 4, 4, 0, 57)
14 (1, 4, 8, 11, 0, 58, 0, 64, 4, 4, 0, 220)
15 (1, 4, 0, 3, 0, 53, 0, 76, 4, 5, 0, 78)
16 (1, 4, 42, 0, 21, 49, 0, 80, 4, 4, 0, 211)
17 (1, 4, 0, 0, 10, 56, 0, 72, 4, 4, 0, 128)
18 (1, 4, 0, 0, 2, 63, 0, 68, 4, 4, 0, 254)
19 (1, 4, 0, 0, 11, 65, 0, 71, 4, 4, 0, 193)
20 (1, 4, 0, 0, 0, 64, 0, 71, 4, 4, 0, 217)
21 (1, 4, 0, 11, 0, 62, 0, 73, 4, 4, 0, 229)
22 (1, 4, 7, 7, 0, 61, 0, 76, 4, 4, 0, 45)
23 (1, 4, 13, 0, 0, 61, 0, 73, 4, 4, 0, 233)
24 (1, 4, 0, 0, 0, 63, 0, 67, 4, 4, 0, 194)
25 (1, 4, 0, 9, 0, 64, 0, 66, 4, 4, 0, 117)
26 (1, 4, 0, 18, 0, 63, 0, 70, 4, 4, 0, 100)
27 (1, 4, 0, 17, 3, 61, 0, 74, 4, 4, 0, 166)
28 (1, 4, 0, 10, 0, 61, 0, 72, 4, 4, 0, 174)
29 (1, 4, 0, 1, 0, 60, 0, 73, 4, 4, 0, 5)
30 (1, 4, 14, 1, 11, 61, 0, 70, 4, 4, 0, 176)
31 (1, 4, 0, 2, 0, 62, 0, 70, 4, 4, 0, 26)
32 (1, 4, 4, 0, 1, 62, 0, 72, 4, 4, 0, 253)
1 (1, 4, 0, 335, 0, 0, 0, 0, 1, 0, 0, 203)
2 (1, 4, 0, 618, 0, 0, 0, 0, 1, 1, 0, 37)
3 (1, 4, 0, 873, 0, 0, 0, 0, 1, 1, 0, 24)
4 (1, 4, 0, 873, 0, 0, 0, 0, 1, 0, 0, 115)
5 (1, 4, 0, 873, 37, 0, 0, 13, 1, 0, 0, 7)
6 (1, 4, 0, 322, 35, 0, 0, 144, 0, 0, 0, 105)
7 (1, 4, 147, 8, 33, 23, 0, 11, 0, 0, 0, 102)
8 (1, 4, 0, 0, 0, 76, 0, 41, 0, 0, 0, 187)
9 (1, 4, 34, 0, 0, 81, 0, 69, 0, 0, 0, 119)
10 (1, 4, 24, 4, 14, 87, 0, 60, 0, 0, 0, 107)
11 (1, 4, 11, 7, 18, 88, 0, 67, 0, 0, 0, 183)
12 (1, 4, 0, 0, 0, 83, 0, 68, 0, 0, 0, 77)
13 (1, 4, 14, 0, 0, 86, 0, 62, 0, 0, 0, 30)
14 (1, 4, 35, 0, 0, 87, 0, 56, 0, 0, 0, 76)
15 (1, 4, 22, 0, 0, 83, 0, 54, 0, 0, 0, 7)
16 (1, 4, 16, 0, 8, 86, 0, 59, 0, 0, 0, 188)
17 (1, 4, 17, 0, 13, 90, 0, 59, 0, 0, 0, 252)
18 (1, 4, 1, 7, 0, 85, 0, 63, 0, 0, 0, 184)
19 (1, 4, 0, 0, 0, 84, 0, 62, 0, 0, 0, 116)
20 (1, 4, 23, 0, 0, 77, 0, 67, 0, 0, 0, 217)
21 (1, 4, 78, 0, 0, 56, 0, 79, 0, 1, 0, 146)
22 (1, 4, 152, 0, 0, 23, 0, 73, 1, 1, 0, 40)
23 (1, 4, 82, 0, 15, 23, 0, 37, 1, 1, 0, 250)
24 (1, 4, 68, 0, 89, 55, 0, 0, 1, 1, 0, 41)
25 (1, 4, 39, 0, 96, 77, 0, 0, 1, 1, 0, 209)
26 (1, 4, 37, 0, 95, 92, 0, 0, 1, 2, 0, 64)
27 (1, 4, 0, 0, 0, 78, 0, 0, 1, 2, 0, 165)
28 (1, 4, 67, 0, 0, 31, 0, 0, 1, 2, 0, 3) [FRAGMENTED]
29 (1, 4, 0, 0, 0, 0, 0, 10, 2, 3, 0, 84)
30 (1, 4, 0, 0, 0, 0, 0, 0, 2, 2, 0, 108) 
31 (1, 4, 0, 0, 0, 0, 0, 0, 1, 1, 0, 119)
32 (1, 4, 0, 29, 0, 0, 0, 0, 1, 0, 0, 161)
1 (1, 4, 0, 293, 0, 0, 0, 0, 2, 1, 0, 153)
2 (1, 4, 0, 565, 0, 0, 0, 0, 5, 2, 0, 68)
3 (1, 4, 0, 873, 0, 0, 0, 0, 6, 5, 0, 154)
4 (1, 4, 0, 873, 0, 0, 0, 0, 5, 4, 0, 87)
5 (1, 4, 0, 873, 0, 0, 0, 0, 3, 3, 0, 10)
6 (1, 4, 24, 862, 65, 0, 0, 29, 3, 3, 0, 199)
7 (1, 4, 78, 324, 0, 0, 0, 109, 2, 2, 0, 169)
8 (1, 4, 0, 0, 0, 0, 0, 109, 2, 2, 0, 200)
9 (1, 4, 0, 0, 0, 74, 0, 65, 2, 2, 0, 229)
10 (1, 4, 0, 0, 0, 92, 0, 58, 2, 2, 0, 235)
11 (1, 4, 26, 8, 3, 74, 0, 77, 2, 2, 0, 254)
12 (1, 4, 7, 0, 0, 69, 0, 74, 2, 2, 0, 230)
13 (1, 4, 47, 0, 2, 69, 0, 73, 2, 3, 0, 115)
14 (1, 4, 34, 0, 0, 73, 0, 68, 2, 2, 0, 181)
15 (1, 4, 7, 0, 0, 74, 0, 71, 2, 3, 0, 104)
16 (1, 4, 14, 0, 0, 78, 0, 71, 2, 3, 0, 106)
17 (1, 4, 10, 0, 7, 78, 0, 69, 2, 2, 0, 101)
18 (1, 4, 0, 2, 2, 80, 0, 68, 2, 2, 0, 60)
19 (1, 4, 0, 10, 0, 75, 0, 71, 2, 3, 0, 131)
20 (1, 4, 0, 8, 0, 76, 0, 73, 2, 2, 0, 254)
21 (1, 4, 0, 8, 0, 78, 0, 69, 2, 2, 0, 95)
22 (1, 4, 0, 11, 0, 77, 0, 67, 2, 2, 0, 106)
23 (1, 4, 0, 16, 0, 76, 0, 69, 2, 2, 0, 179)
24 (1, 4, 0, 17, 0, 75, 0, 71, 2, 2, 0, 226)
25 (1, 4, 0, 11, 0, 75, 0, 70, 2, 2, 0, 130)
26 (1, 4, 5, 11, 1, 75, 0, 68, 2, 2, 0, 153)
27 (1, 4, 2, 11, 6, 73, 0, 70, 2, 2, 0, 209)
28 (1, 4, 1, 7, 3, 74, 0, 71, 2, 3, 0, 245)
29 (1, 4, 210, 65, 94, 0, 0, 0, 1, 2, 0, 213)
30 (1, 4, 211, 74, 87, 0, 0, 0, 1, 2, 0, 152)
31 (1, 4, 129, 81, 27, 0, 0, 0, 1, 2, 0, 254)
32 (1, 4, 0, 91, 0, 0, 0, 0, 2, 2, 0, 229)
1 (1, 4, 0, 73, 0, 25, 0, 0, 2, 2, 0, 249)
2 (1, 4, 193, 446, 0, 0, 0, 0, 2, 2, 0, 189)
3 (1, 4, 91, 849, 0, 0, 0, 0, 6, 5, 0, 129)
4 (1, 4, 0, 873, 0, 0, 0, 0, 3, 3, 0, 10)
5 (1, 4, 0, 873, 0, 0, 11, 0, 3, 2, 0, 43)
6 (1, 4, 0, 873, 11, 0, 0, 0, 3, 1, 0, 219)
7 (1, 4, 0, 796, 83, 0, 0, 9, 3, 2, 0, 36)
8 (1, 4, 111, 327, 28, 0, 0, 108, 2, 1, 0, 71)
9 (1, 4, 83, 0, 0, 0, 0, 78, 2, 1, 0, 201)
10 (1, 4, 6, 0, 0, 67, 0, 57, 1, 1, 0, 224)
11 (1, 4, 0, 21, 0, 73, 0, 84, 1, 1, 0, 168)
12 (1, 4, 0, 0, 0, 48, 0, 110, 1, 1, 0, 171)
13 (1, 4, 38, 0, 0, 47, 0, 82, 1, 1, 0, 247)
14 (1, 4, 61, 0, 0, 29, 0, 85, 1, 1, 0, 70)
15 (1, 4, 83, 0, 26, 53, 0, 44, 1, 1, 0, 163)
16 (1, 4, 0, 0, 13, 66, 0, 0, 1, 1, 0, 234)
17 (1, 4, 57, 0, 8, 89, 0, 9, 1, 1, 0, 98)
18 (1, 4, 0, 0, 0, 91, 0, 0, 1, 1, 0, 140)
19 (1, 4, 0, 0, 0, 88, 0, 0, 1, 1, 0, 173)
20 (1, 4, 0, 0, 19, 49, 0, 0, 1, 2, 0, 15)
21 (1, 4, 127, 0, 127, 36, 0, 0, 1, 2, 0, 136)
22 (1, 4, 157, 0, 165, 20, 0, 2, 1, 2, 0, 142)
23 (1, 4, 205, 0, 237, 13, 0, 0, 1, 2, 0, 9)
24 (1, 4, 213, 0, 276, 0, 0, 0, 1, 2, 0, 252)
25 (1, 4, 189, 0, 310, 0, 0, 0, 2, 2, 0, 181)
26 (1, 4, 220, 0, 440, 0, 0, 0, 2, 3, 0, 162)
27 (1, 4, 135, 0, 476, 0, 0, 0, 2, 3, 0, 242)
28 (1, 4, 0, 0, 483, 0, 0, 0, 2, 3, 0, 21)
29 (1, 4, 0, 23, 0, 0, 0, 0, 1, 0, 0, 127)
30 (1, 4, 0, 13, 0, 0, 0, 3, 1, 0, 0, 166)
31 (1, 4, 14, 4, 0, 0, 0, 0, 1, 1, 0, 249)
32 (1, 4, 102, 15, 36, 0, 0, 0, 1, 1, 0, 12)
1 (1, 4, 162, 15, 67, 0, 0, 0, 1, 1, 0, 72)
2 (1, 4, 153, 15, 75, 0, 0, 0, 1, 1, 0, 177)
3 (1, 4, 40, 0, 28, 0, 0, 17, 1, 1, 0, 81)
4 (1, 4, 16, 0, 0, 0, 0, 18, 2, 1, 0, 91)
5 (1, 4, 0, 0, 0, 0, 0, 0, 2, 1, 0, 209)
6 (1, 4, 0, 132, 0, 0, 0, 0, 2, 1, 0, 10)
7 (1, 4, 257, 214, 0, 0, 0, 0, 2, 1, 0, 137)
8 (1, 4, 231, 420, 0, 0, 0, 0, 4, 2, 0, 170)
9 (1, 4, 77, 484, 0, 0, 0, 0, 4, 2, 0, 151)
10 (1, 4, 57, 527, 0, 0, 0, 0, 5, 3, 0, 11)
11 (1, 4, 0, 553, 0, 0, 0, 0, 5, 3, 0, 39)
12 (1, 4, 0, 780, 0, 0, 0, 0, 6, 4, 0, 223)
13 (1, 4, 0, 873, 0, 0, 0, 0, 5, 4, 0, 87)
14 (1, 4, 0, 693, 0, 0, 0, 65, 4, 4, 0, 192)
15 (1, 4, 0, 152, 0, 0, 0, 187, 3, 4, 0, 212)
16 (1, 4, 0, 0, 0, 0, 0, 86, 3, 4, 0, 41)
17 (1, 4, 0, 0, 0, 112, 0, 0, 3, 4, 0, 184)
18 (1, 4, 0, 0, 0, 105, 0, 42, 3, 3, 0, 76)
19 (1, 4, 21, 57, 58, 86, 0, 66, 3, 3, 0, 152)
20 (1, 4, 36, 42, 46, 66, 0, 71, 3, 3, 0, 8)
21 (1, 4, 55, 22, 30, 57, 0, 66, 3, 3, 0, 9)
22 (1, 4, 33, 0, 0, 57, 0, 69, 3, 3, 0, 186)
23 (1, 4, 53, 0, 0, 57, 0, 72, 3, 3, 0, 34)
24 (1, 4, 20, 0, 0, 62, 0, 73, 3, 3, 0, 105)
25 (1, 4, 21, 0, 1, 70, 0, 65, 3, 3, 0, 42)
26 (1, 4, 4, 0, 0, 73, 0, 66, 3, 3, 0, 147) [FRAGMENTED]
27 (1, 4, 6, 7, 0, 72, 0, 39, 4, 4, 0, 227)
28 (1, 4, 10, 0, 0, 71, 0, 46, 4, 4, 0, 57)
29 (1, 4, 22, 0, 0, 73, 0, 41, 4, 4, 0, 56)
30 (1, 4, 27, 0, 0, 77, 0, 34, 4, 4, 0, 142)
31 (1, 4, 24, 0, 0, 66, 0, 41, 4, 4, 0, 181)
32 (1, 4, 83, 0, 15, 26, 0, 58, 4, 4, 0, 104)
1 (1, 4, 135, 0, 121, 0, 0, 78, 5, 5, 0, 93)
2 (1, 4, 382, 0, 412, 0, 0, 61, 4, 4, 0, 161)
3 (1, 4, 304, 0, 610, 0, 0, 0, 4, 4, 0, 239)
4 (1, 4, 1, 0, 686, 0, 0, 0, 3, 4, 0, 5)
5 (1, 4, 0, 0, 731, 0, 0, 0, 2, 3, 0, 207)
6 (1, 4, 0, 0, 630, 0, 0, 0, 2, 3, 0, 182)
7 (1, 4, 0, 0, 384, 0, 0, 0, 2, 3, 0, 171)
8 (1, 4, 0, 0, 149, 0, 0, 0, 2, 4, 0, 85)
9 (1, 4, 0, 0, 19, 0, 0, 0, 3, 4, 0, 183)
10 (1, 4, 30, 0, 223, 0, 0, 0, 2, 2, 0, 244)
11 (1, 4, 467, 90, 230, 0, 0, 0, 2, 2, 0, 185)
12 (1, 4, 0, 0, 0, 0, 0, 36, 2, 3, 0, 211)
13 (1, 4, 0, 0, 0, 0, 0, 52, 2, 3, 0, 0)
14 (1, 4, 112, 23, 0, 0, 0, 0, 4, 4, 0, 151)
15 (1, 4, 0, 296, 0, 0, 0, 0, 4, 4, 0, 206)
16 (1, 4, 0, 758, 0, 0, 0, 0, 5, 4, 0, 99)
17 (1, 4, 0, 873, 0, 0, 0, 0, 8, 6, 0, 117)
18 (1, 4, 0, 873, 0, 0, 0, 0, 4, 4, 0, 53)
19 (1, 4, 0, 873, 0, 0, 0, 0, 4, 4, 0, 53)
20 (1, 4, 0, 868, 40, 0, 0, 85, 5, 5, 0, 158)
21 (1, 4, 0, 81, 0, 0, 0, 164, 5, 5, 0, 90)
22 (1, 4, 98, 0, 0, 60, 0, 27, 4, 4, 0, 205)
23 (1, 4, 0, 0, 0, 102, 0, 55, 4, 4, 0, 69)
24 (1, 4, 0, 0, 0, 88, 0, 78, 4, 4, 0, 227)
25 (1, 4, 89, 18, 95, 81, 0, 79, 4, 4, 0, 29)
26 (1, 4, 0, 34, 0, 83, 0, 59, 4, 4, 0, 8)
27 (1, 4, 0, 0, 700, 0, 0, 0, 3, 5, 0, 48)
28 (1, 4, 0, 0, 624, 0, 0, 0, 2, 4, 0, 209)
29 (1, 4, 0, 0, 91, 0, 0, 0, 3, 5, 0, 155)
30 (1, 4, 0, 0, 284, 0, 0, 0, 1, 3, 0, 97)
31 (1, 4, 282, 0, 242, 0, 0, 0, 1, 2, 0, 224)
32 (1, 4, 0, 0, 102, 0, 0, 0, 1, 2, 0, 190)
1 (1, 4, 0, 0, 0, 0, 0, 5, 1, 2, 0, 96)
2 (1, 4, 0, 0, 0, 0, 0, 44, 1, 1, 0, 73)
3 (1, 4, 0, 0, 0, 0, 0, 12, 1, 1, 0, 232)
4 (1, 4, 0, 0, 0, 0, 0, 0, 1, 1, 0, 119)
5 (1, 4, 0, 0, 0, 0, 0, 0, 1, 1, 0, 119)
6 (1, 4, 0, 358, 0, 0, 0, 0, 1, 1, 0, 100)
7 (1, 4, 0, 653, 0, 0, 0, 0, 1, 1, 0, 103)
8 (1, 4, 0, 873, 0, 0, 0, 0, 1, 0, 0, 115)
9 (1, 4, 0, 873, 34, 0, 0, 0, 0, 0, 0, 192)
10 (1, 4, 0, 790, 37, 0, 0, 50, 0, 0, 0, 127)
11 (1, 4, 37, 305, 47, 0, 0, 190, 0, 0, 0, 5)
12 (1, 4, 7, 0, 0, 0, 0, 122, 0, 0, 0, 48)
13 (1, 4, 103, 0, 0, 103, 0, 45, 0, 0, 0, 154)
14 (1, 4, 0, 0, 0, 121, 0, 6, 0, 0, 0, 158)
15 (1, 4, 16, 47, 30, 103, 0, 26, 0, 0, 0, 190)
16 (1, 4, 0, 35, 0, 75, 0, 43, 0, 0, 0, 69)
17 (1, 4, 0, 17, 2, 72, 0, 48, 0, 0, 0, 218)
18 (1, 4, 0, 0, 18, 80, 0, 43, 0, 0, 0, 33)
19 (1, 4, 6, 1, 14, 86, 0, 44, 0, 0, 0, 124)
20 (1, 4, 17, 3, 8, 83, 0, 41, 0, 0, 0, 99)
21 (1, 4, 0, 0, 0, 79, 0, 36, 0, 0, 0, 218)
22 (1, 4, 9, 0, 0, 82, 0, 40, 0, 0, 0, 87)
23 (1, 4, 13, 0, 0, 90, 0, 38, 0, 0, 0, 177)
24 (1, 4, 19, 0, 0, 90, 0, 32, 0, 0, 0, 201)
25 (1, 4, 0, 0, 0, 85, 0, 36, 0, 0, 0, 235)
26 (1, 4, 6, 0, 0, 82, 0, 38, 0, 0, 0, 43)
27 (1, 4, 0, 0, 0, 65, 0, 0, 4, 4, 0, 144)
28 (1, 4, 127, 0, 0, 70, 0, 0, 4, 4, 0, 57)
29 (1, 4, 81, 0, 0, 75, 0, 0, 4, 4, 0, 49)
30 (1, 4, 0, 51, 0, 105, 0, 0, 5, 5, 0, 243)
31 (1, 4, 0, 479, 0, 88, 0, 0, 8, 12, 0, 240)
32 (1, 4, 0, 531, 0, 64, 0, 0, 8, 9, 0, 252)
1 (1, 4, 0, 441, 0, 57, 0, 3, 7, 7, 0, 159)
2 (1, 4, 0, 419, 0, 107, 0, 1, 5, 5, 0, 151)
3 (1, 4, 0, 465, 0, 129, 53, 59, 5, 4, 0, 213)
4 (1, 4, 0, 242, 48, 31, 102, 198, 4, 3, 0, 214)
5 (1, 4, 0, 0, 467, 0, 3, 0, 4, 3, 0, 84)
6 (1, 4, 202, 13, 436, 101, 0, 0, 3, 2, 0, 14)
7 (1, 4, 0, 110, 0, 22, 0, 0, 4, 3, 0, 188)
8 (1, 4, 0, 110, 0, 16, 0, 64, 4, 4, 0, 173)
9 (1, 4, 0, 19, 0, 52, 0, 75, 4, 4, 0, 72)
10 (1, 4, 0, 0, 0, 93, 0, 33, 4, 4, 0, 157)
11 (1, 4, 0, 35, 1, 89, 0, 44, 4, 4, 0, 47)
12 (1, 4, 0, 24, 0, 85, 0, 41, 3, 4, 0, 116)
13 (1, 4, 29, 56, 33, 77, 0, 41, 4, 4, 0, 92)
14 (1, 4, 2, 38, 7, 75, 0, 41, 3, 4, 0, 103)
15 (1, 4, 42, 37, 20, 74, 0, 47, 3, 3, 0, 9)
16 (1, 4, 0, 18, 0, 72, 0, 43, 3, 3, 0, 105)
17 (1, 4, 29, 22, 42, 73, 0, 37, 3, 4, 0, 87)
18 (1, 4, 0, 22, 20, 71, 0, 39, 3, 4, 0, 190)
19 (1, 4, 0, 22, 0, 70, 0, 43, 4, 4, 0, 54)
20 (1, 4, 0, 21, 0, 66, 0, 49, 4, 4, 0, 18)
21 (1, 4, 0, 23, 0, 68, 0, 47, 3, 4, 0, 225)
22 (1, 4, 3, 8, 1, 68, 0, 53, 3, 4, 0, 55)
23 (1, 4, 0, 5, 2, 72, 0, 50, 3, 3, 0, 195)
24 (1, 4, 2, 0, 0, 72, 0, 49, 3, 3, 0, 249)
25 (1, 4, 0, 0, 0, 71, 0, 42, 3, 4, 0, 9)
26 (1, 4, 12, 0, 0, 70, 0, 41, 3, 4, 0, 56)
27 (1, 4, 0, 177, 0, 0, 0, 0, 2, 4, 0, 6)
28 (1, 4, 0, 567, 145, 0, 0, 0, 1, 2, 0, 188)
29 (1, 4, 247, 813, 108, 0, 0, 0, 1, 2, 0, 138)
30 (1, 4, 41, 812, 0, 0, 0, 0, 2, 2, 0, 86)
31 (1, 4, 65, 809, 0, 0, 0, 0, 2, 2, 0, 7)
32 (1, 4, 0, 625, 0, 68, 0, 0, 3, 2, 0, 255)
1 (1, 4, 0, 873, 0, 122, 0, 0, 3, 2, 0, 108)
2 (1, 4, 79, 792, 39, 101, 82, 0, 2, 2, 0, 108)
3 (1, 4, 0, 730, 161, 6, 43, 0, 2, 1, 0, 191)
4 (1, 4, 0, 254, 0, 0, 0, 0, 2, 2, 0, 73)
5 (1, 4, 0, 467, 50, 21, 0, 0, 2, 2, 0, 136)
6 (1, 4, 0, 345, 0, 0, 0, 40, 2, 2, 0, 38)
7 (1, 4, 0, 152, 0, 0, 0, 80, 2, 2, 0, 41)
8 (1, 4, 0, 34, 0, 42, 0, 56, 2, 2, 0, 116)
9 (1, 4, 13, 89, 0, 39, 0, 56, 2, 2, 0, 226)
10 (1, 4, 4, 60, 0, 37, 0, 50, 2, 2, 0, 223)
11 (1, 4, 0, 0, 0, 30, 0, 64, 2, 2, 0, 100)
12 (1, 4, 0, 0, 0, 65, 0, 35, 2, 2, 0, 97)
13 (1, 4, 0, 0, 0, 80, 0, 48, 2, 2, 0, 60)
14 (1, 4, 0, 28, 0, 74, 0, 41, 2, 2, 0, 227)
15 (1, 4, 0, 48, 0, 65, 0, 31, 1, 2, 0, 137)
16 (1, 4, 0, 20, 81, 50, 0, 47, 1, 2, 0, 25)
17 (1, 4, 0, 16, 41, 64, 0, 32, 1, 2, 0, 9)
18 (1, 4, 0, 7, 21, 68, 0, 35, 1, 2, 0, 19)
19 (1, 4, 0, 21, 0, 62, 0, 38, 1, 2, 0, 13)
20 (1, 4, 0, 24, 0, 61, 0, 38, 1, 2, 0, 240)
21 (1, 4, 0, 20, 0, 58, 0, 40, 1, 2, 0, 226)
22 (1, 4, 0, 21, 18, 56, 0, 35, 1, 2, 0, 181)
23 (1, 4, 5, 15, 15, 61, 0, 32, 1, 2, 0, 48)
24 (1, 4, 0, 18, 0, 56, 0, 32, 1, 2, 0, 129) [FRAGMENTED]
25 (1, 4, 11, 20, 0, 62, 0, 28, 1, 2, 0, 251)
26 (1, 4, 0, 20, 0, 60, 0, 30, 1, 2, 0, 30)
27 (1, 4, 0, 20, 0, 57, 0, 31, 1, 2, 0, 162)
28 (1, 4, 5, 0, 0, 54, 0, 29, 2, 2, 0, 149)
29 (1, 4, 4, 0, 0, 45, 0, 28, 1, 2, 0, 204)
30 (1, 4, 11, 0, 0, 27, 0, 26, 1, 2, 0, 6)
31 (1, 4, 89, 0, 0, 1, 0, 31, 2, 2, 0, 78)
32 (1, 4, 352, 0, 209, 0, 0, 20, 2, 2, 0, 103)
1 (1, 4, 519, 0, 512, 0, 0, 0, 2, 2, 0, 248)
2 (1, 4, 148, 0, 534, 0, 0, 0, 2, 2, 0, 21)
3 (1, 4, 0, 0, 493, 0, 0, 0, 1, 1, 0, 168)
4 (1, 4, 0, 0, 309, 0, 0, 0, 1, 2, 0, 220)
5 (1, 4, 0, 0, 72, 0, 0, 0, 2, 2, 0, 43)
6 (1, 4, 0, 0, 0, 0, 0, 0, 3, 3, 0, 101)
7 (1, 4, 0, 0, 0, 0, 0, 0, 2, 3, 0, 7)
8 (1, 4, 0, 0, 0, 0, 0, 0, 2, 3, 0, 7)
9 (1, 4, 0, 0, 0, 0, 0, 0, 2, 2, 0, 108)
10 (1, 4, 32, 0, 0, 0, 0, 0, 2, 2, 0, 171)
11 (1, 4, 0, 0, 0, 7, 0, 0, 3, 4, 0, 46)
12 (1, 4, 44, 0, 0, 14, 0, 0, 4, 4, 0, 111)
13 (1, 4, 5, 0, 0, 14, 0, 12, 4, 4, 0, 73)
14 (1, 4, 0, 0, 0, 12, 0, 0, 5, 5, 0, 215)
15 (1, 4, 0, 0, 0, 68, 0, 0, 4, 6, 0, 37)
16 (1, 4, 0, 0, 0, 135, 0, 0, 3, 7, 0, 62)
17 (1, 4, 0, 203, 0, 197, 0, 0, 3, 5, 0, 234)
18 (1, 4, 0, 560, 124, 111, 41, 0, 4, 6, 0, 86)
19 (1, 4, 0, 727, 200, 35, 46, 0, 5, 4, 0, 183)
20 (1, 4, 0, 819, 293, 0, 0, 0, 3, 2, 0, 52)
21 (1, 4, 0, 779, 284, 0, 0, 0, 2, 1, 0, 82)
22 (1, 4, 0, 573, 134, 0, 0, 0, 3, 2, 0, 60)
23 (1, 4, 0, 358, 0, 0, 0, 33, 2, 2, 0, 1)
24 (1, 4, 0, 181, 0, 0, 0, 65, 2, 2, 0, 59)

