1 (1, 4, 0, 20, 0, 62, 0, 76, 0, 0, 0, 187)
2 (1, 4, 0, 0, 0, 62, 0, 84, 0, 0, 0, 57)
3 (1, 4, 0, 0, 0, 56, 0, 89, 0, 0, 0, 59)
4 (1, 4, 0, 0, 0, 27, 0, 106, 0, 0, 0, 231)
5 (1, 4, 189, 0, 74, 0, 0, 133, 20, 20, 0, 246)
6 (1, 4, 231, 0, 279, 0, 0, 75, 20, 20, 0, 181)
7 (1, 4, 321, 0, 479, 0, 0, 0, 20, 20, 0, 62)
8 (1, 4, 470, 0, 723, 0, 0, 0, 20, 20, 0, 228)
9 (1, 4, 0, 0, 636, 0, 0, 0, 20, 20, 0, 232)
10 (1, 4, 255, 0, 650, 0, 0, 0, 20, 20, 0, 243)
11 (1, 4, 353, 276, 591, 0, 0, 60, 20, 20, 0, 35)
12 (1, 4, 0, 82, 535, 0, 0, 47, 20, 20, 0, 61)
13 (1, 4, 0, 74, 358, 0, 0, 31, 20, 20, 0, 148)
14 (1, 4, 0, 78, 255, 0, 0, 19, 20, 20, 0, 42)
15 (1, 4, 0, 130, 216, 0, 0, 19, 0, 0, 0, 110)
16 (1, 4, 0, 263, 88, 0, 0, 13, 20, 20, 0, 85)
17 (1, 4, 11, 12, 0, 0, 0, 24, 20, 20, 0, 248)
18 (1, 4, 20, 11, 0, 0, 0, 21, 20, 20, 0, 0)
19 (1, 4, 11, 10, 0, 0, 0, 20, 20, 20, 0, 208)
20 (1, 4, 0, 7, 0, 0, 0, 21, 20, 20, 0, 177)
21 (1, 4, 0, 5, 0, 0, 0, 22, 20, 20, 0, 186)
22 (1, 4, 0, 2, 0, 0, 0, 22, 20, 20, 0, 184)
23 (1, 4, 5, 8, 2, 0, 0, 23, 20, 20, 0, 160)
24 (1, 4, 15, 9, 0, 0, 0, 22, 20, 20, 0, 137)
25 (1, 4, 13, 7, 0, 0, 0, 21, 20, 20, 0, 247)
26 (1, 4, 0, 6, 0, 0, 0, 19, 20, 20, 0, 200)
27 (1, 4, 0, 5, 0, 0, 0, 22, 20, 20, 0, 186)
28 (1, 4, 0, 6, 0, 0, 0, 22, 20, 20, 0, 98)
29 (1, 4, 0, 6, 0, 0, 0, 21, 20, 20, 0, 4)
30 (1, 4, 8, 13, 0, 0, 0, 23, 20, 20, 0, 166)
31 (1, 4, 20, 10, 0, 0, 0, 21, 20, 20, 0, 181)
32 (1, 4, 4, 7, 0, 0, 0, 20, 20, 20, 0, 86)
1 (1, 4, 18, 9, 2, 0, 0, 25, 20, 20, 0, 249)
2 (1, 4, 36, 13, 0, 0, 0, 23, 20, 20, 0, 41)
3 (1, 4, 21, 19, 2, 0, 0, 23, 20, 20, 0, 74)
4 (1, 4, 23, 10, 0, 0, 0, 31, 20, 20, 0, 244)
5 (1, 4, 72, 8, 0, 0, 0, 41, 20, 20, 0, 20)
6 (1, 4, 208, 18, 24, 0, 0, 59, 20, 20, 0, 135)
7 (1, 4, 306, 0, 58, 0, 0, 50, 20, 20, 0, 42)
8 (1, 4, 0, 0, 0, 0, 0, 30, 0, 0, 0, 139)
9 (1, 4, 5, 67, 0, 0, 0, 0, 20, 20, 0, 167)
10 (1, 4, 252, 117, 0, 0, 0, 0, 0, 0, 0, 194)
11 (1, 4, 107, 433, 0, 0, 0, 0, 0, 0, 0, 160)
12 (1, 4, 0, 847, 0, 0, 0, 0, 20, 20, 0, 208)
13 (1, 4, 0, 873, 0, 0, 0, 0, 20, 20, 0, 165)
14 (1, 4, 0, 873, 0, 0, 0, 0, 20, 20, 0, 165)
15 (1, 4, 0, 813, 0, 0, 0, 0, 20, 0, 0, 245)
16 (1, 4, 0, 658, 0, 0, 0, 0, 20, 0, 0, 3)
17 (1, 4, 304, 0, 450, 0, 0, 0, 20, 20, 0, 151)
18 (1, 4, 449, 0, 627, 0, 0, 0, 20, 20, 0, 33)
19 (1, 4, 399, 0, 620, 0, 0, 0, 20, 20, 0, 218)
20 (1, 4, 27, 0, 532, 0, 0, 11, 20, 20, 0, 95)
21 (1, 4, 0, 64, 396, 0, 0, 38, 20, 20, 0, 106)
22 (1, 4, 9, 79, 221, 0, 0, 45, 20, 20, 0, 100)
23 (1, 4, 0, 87, 60, 0, 0, 40, 8, 13, 0, 62)
24 (1, 4, 27, 137, 17, 0, 0, 39, 11, 13, 0, 140)
25 (1, 4, 0, 118, 0, 0, 51, 121, 11, 11, 0, 187)
26 (1, 4, 0, 0, 69, 0, 0, 41, 12, 13, 0, 220)
27 (1, 4, 0, 51, 0, 0, 0, 21, 14, 14, 0, 2)
28 (1, 4, 123, 0, 0, 0, 3, 41, 13, 13, 0, 200)
29 (1, 4, 0, 0, 0, 0, 11, 18, 14, 14, 0, 32)
30 (1, 4, 0, 0, 0, 0, 0, 29, 15, 16, 0, 127)
31 (1, 4, 0, 0, 0, 0, 0, 43, 15, 15, 0, 36)
32 (1, 4, 0, 0, 0, 0, 0, 38, 16, 15, 0, 102)
1 (1, 4, 71, 0, 0, 0, 0, 47, 11, 11, 0, 214)
2 (1, 4, 8, 0, 0, 0, 0, 63, 11, 11, 0, 214)
3 (1, 4, 62, 0, 0, 0, 0, 55, 12, 12, 0, 0)
4 (1, 4, 0, 0, 0, 0, 0, 40, 16, 15, 0, 64)
5 (1, 4, 26, 0, 0, 0, 0, 0, 18, 18, 0, 112)
6 (1, 4, 0, 183, 0, 0, 0, 0, 20, 20, 0, 106)
7 (1, 4, 0, 796, 0, 0, 0, 0, 18, 17, 0, 97)
8 (1, 4, 0, 873, 0, 0, 0, 0, 20, 20, 0, 165)
9 (1, 4, 0, 873, 0, 0, 0, 0, 20, 20, 0, 165)
10 (1, 4, 0, 758, 0, 0, 0, 0, 20, 20, 0, 145)
11 (1, 4, 0, 355, 0, 0, 0, 87, 20, 20, 0, 51)
12 (1, 4, 0, 70, 0, 66, 0, 0, 20, 20, 0, 21)
13 (1, 4, 0, 60, 0, 0, 0, 0, 9, 16, 0, 109)
14 (1, 4, 0, 76, 0, 83, 58, 0, 20, 20, 0, 152)
15 (1, 4, 63, 74, 223, 31, 0, 40, 20, 20, 0, 223)
16 (1, 4, 0, 0, 89, 66, 0, 34, 20, 20, 0, 149)
17 (1, 4, 4, 23, 6, 0, 0, 11, 12, 15, 0, 9)
18 (1, 4, 59, 106, 1, 0, 0, 33, 13, 14, 0, 150)
19 (1, 4, 9, 0, 0, 0, 3, 35, 12, 12, 0, 32)
20 (1, 4, 0, 0, 1, 0, 0, 27, 14, 14, 0, 203)
21 (1, 4, 0, 0, 0, 0, 0, 39, 13, 13, 0, 169)
22 (1, 4, 0, 0, 0, 0, 0, 38, 13, 13, 0, 118)
23 (1, 4, 0, 2, 0, 0, 0, 37, 13, 13, 0, 125)
24 (1, 4, 0, 0, 0, 0, 0, 32, 14, 14, 0, 161)
25 (1, 4, 0, 0, 0, 0, 0, 35, 14, 13, 0, 122)
26 (1, 4, 0, 0, 0, 0, 0, 37, 14, 13, 0, 182)
27 (1, 4, 0, 0, 0, 0, 0, 40, 14, 14, 0, 75)
28 (1, 4, 0, 0, 0, 0, 0, 41, 14, 13, 0, 41)
29 (1, 4, 3, 6, 0, 0, 0, 40, 14, 14, 0, 238)
30 (1, 4, 18, 15, 0, 0, 0, 36, 14, 14, 0, 153)
31 (1, 4, 0, 10, 0, 0, 0, 36, 14, 14, 0, 10)
32 (1, 4, 0, 2, 0, 0, 0, 39, 16, 15, 0, 212)
1 (1, 4, 113, 0, 0, 51, 0, 55, 20, 20, 0, 52)
2 (1, 4, 96, 0, 0, 47, 0, 59, 20, 20, 0, 54)
3 (1, 4, 234, 0, 0, 43, 0, 57, 20, 20, 0, 138)
4 (1, 4, 275, 0, 62, 37, 0, 41, 20, 20, 0, 104)
5 (1, 4, 245, 0, 75, 48, 0, 14, 20, 20, 0, 131)
6 (1, 4, 213, 0, 126, 32, 0, 29, 20, 20, 0, 77)
7 (1, 4, 446, 0, 240, 11, 0, 17, 20, 20, 0, 240)
8 (1, 4, 479, 0, 430, 6, 0, 7, 20, 20, 0, 32)
9 (1, 4, 433, 0, 522, 0, 0, 18, 20, 20, 0, 183)
10 (1, 4, 75, 0, 416, 0, 0, 16, 20, 20, 0, 160)
11 (1, 4, 84, 0, 374, 0, 0, 43, 20, 20, 0, 224)
12 (1, 4, 16, 55, 317, 0, 0, 39, 20, 20, 0, 147)
13 (1, 4, 50, 168, 301, 0, 0, 42, 20, 20, 0, 166)
14 (1, 4, 0, 201, 283, 0, 0, 45, 8, 14, 0, 11)
15 (1, 4, 0, 155, 223, 0, 0, 44, 11, 12, 0, 34)
16 (1, 4, 0, 148, 143, 0, 0, 40, 14, 14, 0, 89)
17 (1, 4, 0, 0, 10, 0, 0, 31, 10, 7, 0, 12)
18 (1, 4, 0, 0, 12, 0, 0, 30, 9, 8, 0, 67)
19 (1, 4, 0, 17, 0, 0, 1, 26, 8, 7, 0, 92)
20 (1, 4, 0, 0, 0, 0, 8, 33, 7, 7, 0, 254)
21 (1, 4, 0, 4, 4, 0, 3, 26, 7, 7, 0, 206)
22 (1, 4, 0, 2, 0, 0, 0, 35, 7, 7, 0, 235)
23 (1, 4, 0, 7, 0, 0, 0, 44, 8, 8, 0, 10)
24 (1, 4, 141, 20, 0, 0, 1, 36, 9, 9, 0, 122)
25 (1, 4, 74, 10, 6, 0, 25, 22, 8, 8, 0, 94)
26 (1, 4, 0, 1, 16, 0, 12, 23, 8, 8, 0, 30)
27 (1, 4, 0, 1, 6, 0, 0, 30, 9, 9, 0, 14)
28 (1, 4, 36, 25, 23, 0, 0, 39, 9, 9, 0, 143)
29 (1, 4, 53, 0, 0, 0, 6, 24, 9, 9, 0, 6)
30 (1, 4, 0, 9, 0, 0, 10, 23, 9, 9, 0, 202)
31 (1, 4, 6, 20, 4, 0, 7, 30, 9, 9, 0, 99)
32 (1, 4, 0, 6, 0, 0, 9, 28, 9, 9, 0, 124)
1 (1, 4, 0, 697, 0, 40, 35, 0, 20, 20, 0, 52)
2 (1, 4, 0, 713, 0, 0, 87, 0, 20, 20, 0, 116)
3 (1, 4, 0, 401, 185, 0, 0, 75, 11, 16, 0, 194)
4 (1, 4, 0, 60, 148, 0, 0, 109, 16, 18, 0, 134)
5 (1, 4, 69, 0, 15, 56, 0, 0, 20, 20, 0, 202)
6 (1, 4, 46, 0, 0, 0, 0, 90, 20, 20, 0, 156)
7 (1, 4, 461, 0, 0, 0, 0, 0, 20, 20, 0, 18)
8 (1, 4, 850, 0, 0, 0, 0, 0, 20, 20, 0, 185)
9 (1, 4, 774, 0, 246, 0, 0, 0, 20, 20, 0, 18)
10 (1, 4, 232, 0, 293, 0, 0, 0, 20, 20, 0, 136)
11 (1, 4, 262, 0, 402, 0, 0, 0, 20, 20, 0, 16)
12 (1, 4, 411, 0, 442, 0, 0, 0, 20, 20, 0, 225)
13 (1, 4, 276, 0, 422, 0, 0, 0, 20, 20, 0, 51)
14 (1, 4, 90, 0, 494, 0, 0, 0, 20, 20, 0, 171)
15 (1, 4, 144, 84, 496, 0, 0, 15, 20, 20, 0, 40)
16 (1, 4, 289, 222, 441, 0, 0, 38, 20, 20, 0, 142)
17 (1, 4, 44, 11, 0, 0, 0, 33, 14, 14, 0, 154)
18 (1, 4, 25, 17, 0, 0, 0, 33, 14, 14, 0, 52)
19 (1, 4, 0, 3, 0, 0, 0, 33, 15, 15, 0, 175)
20 (1, 4, 0, 10, 1, 0, 0, 35, 16, 16, 0, 99)
21 (1, 4, 0, 7, 5, 0, 0, 38, 14, 13, 0, 24)
22 (1, 4, 31, 13, 0, 0, 0, 37, 13, 12, 0, 29)
23 (1, 4, 49, 17, 0, 0, 0, 33, 12, 12, 0, 145)
24 (1, 4, 30, 21, 0, 0, 0, 31, 12, 11, 0, 148)
25 (1, 4, 0, 7, 0, 0, 0, 32, 12, 11, 0, 167)
26 (1, 4, 0, 9, 0, 0, 0, 34, 12, 11, 0, 26)
27 (1, 4, 29, 13, 0, 0, 0, 38, 11, 11, 0, 58)
28 (1, 4, 58, 5, 0, 0, 0, 28, 11, 11, 0, 69)
29 (1, 4, 32, 17, 0, 0, 0, 36, 11, 11, 0, 234)
30 (1, 4, 5, 0, 1, 0, 0, 28, 11, 11, 0, 195)
31 (1, 4, 0, 16, 1, 0, 0, 30, 11, 11, 0, 45)
32 (1, 4, 0, 2, 1, 0, 0, 35, 11, 11, 0, 19)
1 (1, 4, 0, 245, 0, 0, 0, 0, 20, 20, 0, 132)
2 (1, 4, 0, 873, 0, 0, 0, 0, 20, 20, 0, 165)
3 (1, 4, 0, 873, 0, 0, 143, 0, 20, 20, 0, 56)
4 (1, 4, 0, 518, 122, 0, 0, 120, 20, 0, 0, 141)
5 (1, 4, 0, 0, 192, 0, 0, 90, 20, 20, 0, 5)
6 (1, 4, 279, 0, 79, 33, 0, 0, 20, 20, 0, 86)
7 (1, 4, 85, 0, 0, 12, 0, 0, 20, 20, 0, 17)
8 (1, 4, 160, 0, 0, 0, 0, 22, 20, 20, 0, 7)
9 (1, 4, 492, 0, 0, 0, 0, 16, 8, 13, 0, 52)
10 (1, 4, 760, 0, 326, 0, 0, 0, 11, 12, 0, 35)
11 (1, 4, 652, 0, 520, 0, 0, 0, 15, 15, 0, 86)
12 (1, 4, 253, 0, 708, 0, 0, 0, 11, 10, 0, 85)
13 (1, 4, 465, 74, 358, 0, 0, 0, 20, 20, 0, 206)
14 (1, 4, 549, 213, 228, 0, 0, 0, 14, 15, 0, 184)
15 (1, 4, 286, 210, 110, 0, 0, 26, 20, 20, 0, 186)
16 (1, 4, 695, 311, 91, 0, 0, 32, 20, 20, 0, 176)
17 (1, 4, 0, 7, 0, 0, 0, 19, 18, 14, 0, 19)
18 (1, 4, 0, 4, 0, 0, 0, 19, 16, 15, 0, 100)
19 (1, 4, 0, 0, 0, 0, 0, 20, 16, 16, 0, 72)
20 (1, 4, 0, 0, 1, 0, 0, 16, 18, 18, 0, 187)
21 (1, 4, 0, 0, 0, 0, 0, 19, 19, 18, 0, 43)
22 (1, 4, 0, 4, 0, 0, 0, 24, 20, 20, 0, 41)
23 (1, 4, 0, 3, 0, 0, 0, 21, 20, 20, 0, 107)
24 (1, 4, 0, 6, 0, 0, 0, 22, 20, 20, 0, 98)
25 (1, 4, 0, 2, 0, 0, 0, 20, 20, 20, 0, 1)
26 (1, 4, 0, 0, 2, 0, 0, 24, 20, 20, 0, 220)
27 (1, 4, 0, 0, 0, 0, 0, 21, 20, 20, 0, 179)
28 (1, 4, 0, 0, 0, 0, 0, 22, 20, 20, 0, 213)
29 (1, 4, 0, 4, 0, 0, 0, 23, 20, 20, 0, 208)
30 (1, 4, 0, 4, 0, 0, 0, 23, 20, 20, 0, 208)
31 (1, 4, 6, 6, 0, 0, 0, 24, 20, 20, 0, 96)
