1 (1, 4, 6, 0, 0, 0, 0, 0, 1, 1, 0, 83)
2 (1, 4, 0, 0, 0, 0, 0, 0, 1, 1, 0, 119)
3 (1, 4, 0, 0, 0, 0, 0, 0, 1, 1, 0, 119)
4 (1, 4, 0, 0, 0, 0, 0, 0, 1, 1, 0, 119)
5 (1, 4, 0, 0, 0, 0, 0, 0, 1, 1, 0, 119)
6 (1, 4, 0, 0, 0, 0, 0, 1, 1, 1, 0, 168)
7 (1, 4, 25, 18, 0, 0, 0, 0, 2, 1, 0, 67)
8 (1, 4, 0, 94, 0, 0, 0, 0, 2, 0, 0, 92)
9 (1, 4, 186, 475, 0, 0, 0, 0, 1, 0, 0, 47)
10 (1, 4, 265, 721, 0, 0, 0, 0, 1, 0, 0, 251)
11 (1, 4, 87, 741, 0, 0, 0, 0, 2, 0, 0, 27)
12 (1, 4, 0, 718, 0, 0, 0, 0, 2, 1, 0, 154)
13 (1, 4, 0, 546, 0, 0, 0, 41, 1, 0, 0, 234)
14 (1, 4, 0, 423, 0, 0, 0, 77, 1, 0, 0, 61)
15 (1, 4, 0, 0, 0, 0, 0, 232, 1, 0, 0, 152)
16 (1, 4, 86, 25, 9, 92, 0, 35, 1, 1, 0, 20)
17 (1, 4, 0, 0, 0, 68, 0, 72, 1, 1, 0, 113)
18 (1, 4, 0, 10, 0, 67, 0, 74, 1, 1, 0, 75)
19 (1, 4, 0, 17, 0, 70, 0, 73, 1, 1, 0, 68)
20 (1, 4, 0, 14, 0, 68, 0, 72, 1, 1, 0, 117)
21 (1, 4, 0, 9, 0, 67, 0, 72, 1, 1, 0, 42)
22 (1, 4, 0, 7, 0, 68, 0, 69, 1, 1, 0, 51)
23 (1, 4, 11, 1, 0, 68, 0, 72, 1, 1, 0, 166)
24 (1, 4, 2, 1, 0, 67, 0, 70, 1, 1, 0, 163)
25 (1, 4, 11, 7, 0, 71, 0, 67, 1, 1, 0, 188)
26 (1, 4, 11, 1, 0, 70, 0, 74, 1, 1, 0, 33)
27 (1, 4, 12, 7, 0, 68, 0, 71, 1, 1, 0, 194)
28 (1, 4, 5, 2, 0, 71, 0, 72, 1, 1, 0, 11)
29 (1, 4, 7, 0, 0, 70, 0, 72, 1, 1, 0, 101)
30 (1, 4, 8, 0, 0, 72, 0, 72, 1, 1, 0, 133)
31 (1, 4, 0, 0, 0, 74, 0, 74, 1, 1, 0, 114)
32 (1, 4, 21, 0, 0, 69, 0, 68, 1, 1, 0, 39)
1 (1, 4, 0, 0, 472, 0, 0, 0, 2, 3, 0, 147)
2 (1, 4, 0, 0, 266, 0, 0, 0, 2, 3, 0, 201)
3 (1, 4, 0, 0, 535, 0, 0, 0, 2, 3, 0, 39)
4 (1, 4, 0, 0, 567, 0, 0, 0, 2, 3, 0, 217)
5 (1, 4, 0, 0, 494, 0, 0, 0, 3, 5, 0, 124)
6 (1, 4, 0, 47, 306, 0, 0, 0, 2, 5, 0, 250)
7 (1, 4, 0, 146, 178, 0, 0, 0, 2, 7, 0, 254)
8 (1, 4, 0, 70, 0, 0, 0, 9, 2, 6, 0, 198)
9 (1, 4, 0, 0, 0, 0, 0, 25, 3, 7, 0, 40)
10 (1, 4, 364, 66, 22, 0, 0, 0, 3, 4, 0, 151)
11 (1, 4, 251, 0, 0, 0, 0, 0, 3, 4, 0, 170)
12 (1, 4, 0, 0, 0, 0, 0, 0, 2, 1, 0, 209)
13 (1, 4, 137, 140, 0, 0, 0, 0, 3, 1, 0, 176)
14 (1, 4, 0, 400, 0, 0, 0, 0, 6, 3, 0, 13)
15 (1, 4, 20, 690, 0, 0, 0, 0, 9, 6, 0, 162)
16 (1, 4, 0, 764, 0, 0, 0, 0, 9, 6, 0, 253)
17 (1, 4, 0, 817, 0, 0, 0, 0, 9, 6, 0, 70)
18 (1, 4, 0, 705, 0, 0, 0, 0, 14, 7, 0, 192)
19 (1, 4, 0, 493, 0, 0, 0, 107, 11, 7, 0, 198)
20 (1, 4, 0, 177, 0, 0, 0, 129, 7, 6, 0, 104)
21 (1, 4, 0, 8, 0, 22, 0, 135, 14, 10, 0, 52)
22 (1, 4, 0, 0, 0, 57, 0, 108, 10, 9, 0, 27)
23 (1, 4, 0, 36, 17, 83, 0, 64, 9, 9, 0, 138)
24 (1, 4, 0, 1, 0, 58, 0, 106, 10, 9, 0, 67)
25 (1, 4, 0, 3, 0, 66, 0, 87, 9, 9, 0, 137)
26 (1, 4, 24, 4, 0, 66, 0, 89, 9, 9, 0, 61)
27 (1, 4, 16, 16, 14, 63, 0, 91, 9, 9, 0, 210)
28 (1, 4, 41, 5, 12, 65, 0, 88, 9, 9, 0, 189)
29 (1, 4, 4, 9, 10, 66, 0, 87, 9, 10, 0, 65)
30 (1, 4, 0, 0, 0, 66, 0, 86, 9, 10, 0, 51)
31 (1, 4, 292, 163, 0, 0, 0, 0, 0, 0, 0, 152)
32 (1, 4, 38, 314, 0, 0, 0, 0, 1, 0, 0, 103)
1 (1, 4, 87, 437, 0, 0, 0, 0, 1, 0, 0, 119)
2 (1, 4, 0, 575, 0, 0, 0, 0, 1, 0, 0, 195)
3 (1, 4, 0, 650, 0, 0, 0, 0, 0, 0, 0, 108)
4 (1, 4, 0, 672, 0, 0, 0, 0, 0, 0, 0, 112)
5 (1, 4, 0, 623, 0, 0, 0, 0, 1, 0, 0, 33)
6 (1, 4, 0, 662, 0, 0, 0, 3, 1, 0, 0, 96)
7 (1, 4, 0, 519, 30, 0, 0, 64, 0, 0, 0, 70)
8 (1, 4, 0, 374, 0, 11, 0, 68, 1, 1, 0, 236)
9 (1, 4, 0, 22, 0, 0, 0, 247, 1, 1, 0, 15)
10 (1, 4, 127, 161, 71, 100, 0, 12, 1, 1, 0, 52)
11 (1, 4, 0, 0, 0, 52, 0, 91, 1, 1, 0, 15)
12 (1, 4, 12, 15, 0, 69, 0, 69, 1, 1, 0, 215)
13 (1, 4, 5, 4, 0, 68, 0, 70, 1, 1, 0, 187)
14 (1, 4, 8, 0, 0, 72, 0, 74, 1, 1, 0, 60)
15 (1, 4, 13, 0, 1, 72, 0, 70, 1, 1, 0, 1)
16 (1, 4, 12, 4, 6, 71, 0, 72, 1, 1, 0, 179)
17 (1, 4, 6, 0, 0, 72, 0, 71, 1, 1, 0, 40)
18 (1, 4, 6, 1, 0, 71, 0, 70, 1, 1, 0, 231)
19 (1, 4, 0, 3, 0, 71, 0, 70, 1, 1, 0, 174)
20 (1, 4, 0, 5, 0, 71, 0, 69, 1, 1, 0, 127)
21 (1, 4, 0, 6, 0, 73, 0, 72, 1, 1, 0, 93)
22 (1, 4, 0, 11, 0, 72, 0, 71, 1, 1, 0, 103)
23 (1, 4, 0, 17, 0, 73, 0, 70, 1, 1, 0, 24)
24 (1, 4, 0, 22, 0, 71, 0, 72, 1, 1, 0, 134)
25 (1, 4, 0, 22, 0, 71, 0, 71, 1, 1, 0, 127)
26 (1, 4, 0, 18, 0, 70, 0, 71, 1, 1, 0, 186)
27 (1, 4, 0, 20, 0, 70, 0, 72, 2, 1, 0, 82)
28 (1, 4, 0, 15, 0, 69, 0, 72, 1, 1, 0, 223)
29 (1, 4, 0, 13, 0, 70, 0, 72, 1, 1, 0, 147)
30 (1, 4, 1, 10, 0, 71, 0, 71, 1, 1, 0, 121) [FRAGMENTED]
31 (1, 4, 602, 0, 0, 0, 0, 116, 4, 8, 0, 227)
32 (1, 4, 3, 365, 0, 0, 0, 10, 2, 4, 0, 40)
1 (1, 4, 0, 27, 0, 0, 0, 26, 2, 3, 0, 141)
2 (1, 4, 194, 0, 0, 0, 0, 0, 2, 2, 0, 236)
3 (1, 4, 0, 108, 0, 0, 0, 0, 2, 2, 0, 68)
4 (1, 4, 0, 376, 0, 0, 0, 0, 4, 2, 0, 81)
5 (1, 4, 0, 495, 0, 0, 0, 0, 1, 1, 0, 99)
6 (1, 4, 0, 563, 0, 0, 0, 0, 1, 1, 0, 193)
7 (1, 4, 0, 772, 0, 0, 0, 0, 1, 1, 0, 133)
8 (1, 4, 0, 873, 0, 0, 0, 0, 1, 1, 0, 24)
9 (1, 4, 0, 739, 0, 0, 0, 0, 1, 1, 0, 34)
10 (1, 4, 0, 527, 0, 0, 0, 75, 1, 2, 0, 127)
11 (1, 4, 0, 167, 0, 0, 0, 118, 1, 1, 0, 77)
12 (1, 4, 12, 0, 0, 40, 0, 93, 0, 1, 0, 154)
13 (1, 4, 0, 0, 0, 86, 0, 66, 0, 1, 0, 137)
14 (1, 4, 14, 0, 20, 101, 0, 40, 0, 1, 0, 116)
15 (1, 4, 0, 0, 23, 101, 0, 30, 0, 1, 0, 37)
16 (1, 4, 0, 18, 11, 97, 0, 31, 0, 1, 0, 23)
17 (1, 4, 0, 11, 0, 91, 0, 39, 0, 1, 0, 55)
18 (1, 4, 0, 0, 0, 93, 0, 37, 0, 1, 0, 167)
19 (1, 4, 0, 0, 0, 93, 0, 34, 0, 0, 0, 223)
20 (1, 4, 0, 9, 0, 95, 0, 30, 0, 1, 0, 97)
21 (1, 4, 0, 9, 0, 95, 0, 34, 0, 1, 0, 140)
22 (1, 4, 0, 0, 0, 94, 0, 35, 0, 0, 0, 33)
23 (1, 4, 0, 10, 3, 92, 0, 35, 0, 0, 0, 122)
24 (1, 4, 7, 5, 1, 92, 0, 33, 0, 1, 0, 28)
25 (1, 4, 0, 3, 0, 94, 0, 34, 0, 0, 0, 38)
26 (1, 4, 3, 7, 2, 93, 0, 34, 0, 0, 0, 224)
27 (1, 4, 0, 0, 0, 94, 0, 33, 0, 1, 0, 243)
28 (1, 4, 0, 2, 0, 95, 0, 30, 0, 0, 0, 97)
29 (1, 4, 0, 12, 0, 94, 0, 31, 0, 0, 0, 165)
30 (1, 4, 0, 14, 0, 93, 0, 33, 0, 1, 0, 214)
31 (1, 4, 0, 0, 0, 0, 0, 0, 1, 1, 0, 119)
32 (1, 4, 0, 40, 7, 0, 0, 21, 1, 2, 0, 39)
1 (1, 4, 238, 0, 0, 0, 0, 27, 1, 1, 0, 39)
2 (1, 4, 0, 0, 0, 0, 0, 0, 1, 1, 0, 119)
3 (1, 4, 0, 0, 0, 0, 0, 0, 1, 1, 0, 119)
4 (1, 4, 0, 0, 0, 0, 0, 0, 1, 1, 0, 119)
5 (1, 4, 0, 237, 0, 15, 0, 0, 1, 1, 0, 78)
6 (1, 4, 0, 395, 0, 0, 0, 0, 3, 2, 0, 129)
7 (1, 4, 0, 459, 0, 0, 0, 0, 4, 3, 0, 64)
8 (1, 4, 0, 793, 0, 0, 0, 0, 5, 4, 0, 119)
9 (1, 4, 0, 786, 166, 0, 0, 0, 8, 6, 0, 64)
10 (1, 4, 0, 873, 127, 0, 0, 0, 9, 7, 0, 95)
11 (1, 4, 0, 733, 61, 0, 0, 19, 8, 7, 0, 193)
12 (1, 4, 0, 554, 4, 0, 0, 106, 7, 7, 0, 121)
13 (1, 4, 0, 265, 0, 0, 0, 162, 6, 6, 0, 57)
14 (1, 4, 0, 42, 0, 4, 0, 133, 6, 6, 0, 8)
15 (1, 4, 0, 0, 0, 54, 0, 75, 6, 6, 0, 221)
16 (1, 4, 0, 0, 5, 64, 0, 57, 6, 6, 0, 16)
17 (1, 4, 0, 13, 7, 54, 0, 71, 6, 6, 0, 123)
18 (1, 4, 0, 0, 0, 55, 0, 73, 5, 6, 0, 221)
19 (1, 4, 0, 0, 0, 57, 0, 76, 5, 6, 0, 205)
20 (1, 4, 0, 0, 0, 62, 0, 69, 5, 6, 0, 165)
21 (1, 4, 0, 0, 0, 60, 0, 68, 5, 6, 0, 68)
22 (1, 4, 9, 0, 0, 65, 0, 67, 5, 6, 0, 121)
23 (1, 4, 0, 0, 0, 70, 0, 64, 5, 6, 0, 60)
24 (1, 4, 0, 0, 0, 67, 0, 70, 5, 5, 0, 46)
25 (1, 4, 5, 6, 0, 66, 0, 70, 5, 6, 0, 13)
26 (1, 4, 0, 14, 0, 68, 0, 69, 5, 5, 0, 17)
27 (1, 4, 8, 7, 0, 67, 0, 66, 5, 5, 0, 41)
28 (1, 4, 8, 14, 0, 67, 0, 67, 5, 5, 0, 240)
29 (1, 4, 0, 0, 0, 70, 0, 65, 5, 5, 0, 94)
30 (1, 4, 19, 1, 0, 72, 0, 65, 5, 5, 0, 163)
31 (1, 4, 0, 0, 187, 0, 0, 0, 1, 3, 0, 214)
32 (1, 4, 0, 0, 0, 0, 0, 0, 1, 3, 0, 161)
1 (1, 4, 0, 0, 0, 0, 0, 0, 0, 1, 0, 21)
2 (1, 4, 0, 0, 0, 0, 0, 35, 0, 1, 0, 210)
3 (1, 4, 0, 0, 0, 0, 0, 21, 0, 0, 0, 7)
4 (1, 4, 0, 0, 0, 17, 0, 0, 0, 0, 0, 150)
5 (1, 4, 0, 224, 0, 0, 0, 0, 2, 1, 0, 145)
6 (1, 4, 0, 459, 0, 0, 0, 0, 3, 1, 0, 191)
7 (1, 4, 0, 715, 0, 0, 0, 0, 3, 2, 0, 42)
8 (1, 4, 0, 830, 0, 0, 0, 0, 3, 2, 0, 129)
9 (1, 4, 0, 814, 8, 0, 0, 0, 3, 2, 0, 92)
10 (1, 4, 0, 873, 0, 0, 0, 0, 3, 3, 0, 10)
11 (1, 4, 0, 873, 0, 0, 0, 0, 3, 4, 0, 28)
12 (1, 4, 0, 545, 0, 0, 0, 106, 2, 3, 0, 10)
13 (1, 4, 0, 120, 0, 0, 0, 152, 2, 2, 0, 76)
14 (1, 4, 0, 0, 0, 14, 0, 122, 2, 2, 0, 178)
15 (1, 4, 0, 0, 0, 55, 0, 94, 2, 2, 0, 159)
16 (1, 4, 16, 10, 18, 60, 0, 90, 2, 2, 0, 93)
17 (1, 4, 12, 12, 4, 58, 0, 92, 2, 2, 0, 194)
18 (1, 4, 9, 9, 0, 55, 0, 94, 2, 2, 0, 231)
19 (1, 4, 0, 7, 0, 56, 0, 93, 2, 2, 0, 94)
20 (1, 4, 0, 21, 0, 60, 0, 94, 2, 2, 0, 72)
21 (1, 4, 0, 29, 0, 62, 0, 95, 2, 2, 0, 26)
22 (1, 4, 0, 38, 0, 59, 0, 95, 2, 2, 0, 177)
23 (1, 4, 0, 30, 0, 53, 0, 97, 2, 2, 0, 79)
24 (1, 4, 0, 20, 0, 52, 0, 92, 2, 2, 0, 188)
25 (1, 4, 0, 1, 0, 53, 0, 93, 2, 2, 0, 114)
26 (1, 4, 0, 5, 0, 58, 0, 91, 2, 2, 0, 193)
27 (1, 4, 0, 3, 0, 61, 0, 92, 2, 2, 0, 56)
28 (1, 4, 0, 13, 0, 60, 0, 92, 2, 2, 0, 35)
29 (1, 4, 0, 13, 0, 57, 0, 95, 2, 2, 0, 38)
30 (1, 4, 0, 10, 0, 58, 0, 94, 2, 2, 0, 218)
31 (1, 4, 0, 0, 511, 0, 0, 0, 1, 2, 0, 69)
32 (1, 4, 0, 0, 429, 0, 0, 0, 1, 2, 0, 238)
1 (1, 4, 0, 0, 413, 0, 0, 0, 1, 2, 0, 111)
2 (1, 4, 0, 0, 344, 0, 0, 0, 1, 2, 0, 175)
3 (1, 4, 0, 42, 190, 0, 0, 0, 1, 1, 0, 214)
4 (1, 4, 0, 51, 27, 0, 0, 12, 1, 1, 0, 235)
5 (1, 4, 0, 0, 0, 0, 0, 0, 1, 1, 0, 119)
6 (1, 4, 0, 30, 0, 0, 0, 0, 1, 1, 0, 18)
7 (1, 4, 146, 210, 0, 0, 0, 0, 1, 1, 0, 16)
8 (1, 4, 72, 280, 0, 0, 0, 0, 1, 1, 0, 185)
9 (1, 4, 7, 348, 0, 0, 0, 0, 1, 1, 0, 51)
10 (1, 4, 0, 529, 0, 0, 0, 0, 1, 1, 0, 110)
11 (1, 4, 0, 873, 0, 0, 0, 0, 1, 1, 0, 24)
12 (1, 4, 0, 856, 0, 0, 0, 0, 1, 0, 0, 101)
13 (1, 4, 0, 816, 0, 0, 0, 0, 1, 0, 0, 151)
14 (1, 4, 0, 682, 0, 0, 0, 0, 1, 1, 0, 167)
15 (1, 4, 0, 274, 0, 0, 0, 178, 0, 1, 0, 189)
16 (1, 4, 0, 0, 0, 31, 0, 133, 0, 1, 0, 103)
17 (1, 4, 0, 0, 0, 84, 0, 85, 0, 0, 0, 28)
18 (1, 4, 13, 0, 0, 93, 0, 53, 0, 0, 0, 89)
19 (1, 4, 0, 1, 0, 89, 0, 50, 0, 0, 0, 197)
20 (1, 4, 29, 31, 3, 85, 0, 56, 0, 0, 0, 106)
21 (1, 4, 0, 0, 0, 83, 0, 55, 0, 0, 0, 28)
22 (1, 4, 1, 0, 0, 88, 0, 52, 0, 0, 0, 173)
23 (1, 4, 18, 0, 0, 91, 0, 46, 0, 0, 0, 254)
24 (1, 4, 12, 0, 0, 94, 0, 44, 0, 0, 0, 144)
25 (1, 4, 3, 18, 20, 90, 0, 48, 0, 0, 0, 215)
26 (1, 4, 64, 12, 22, 89, 0, 55, 0, 0, 0, 52)
27 (1, 4, 55, 0, 0, 88, 0, 49, 0, 0, 0, 4)
28 (1, 4, 17, 0, 0, 89, 0, 49, 0, 0, 0, 248)
29 (1, 4, 26, 0, 10, 92, 0, 45, 0, 0, 0, 38)
30 (1, 4, 10, 10, 18, 92, 0, 45, 0, 0, 0, 219)
31 (1, 4, 0, 0, 133, 0, 0, 0, 1, 2, 0, 241)
32 (1, 4, 0, 0, 51, 0, 0, 0, 1, 2, 0, 240)
1 (1, 4, 0, 43, 0, 0, 0, 0, 1, 2, 0, 99)
2 (1, 4, 0, 11, 0, 0, 0, 33, 1, 2, 0, 223)
3 (1, 4, 305, 15, 19, 0, 0, 11, 1, 1, 0, 165)
4 (1, 4, 0, 0, 0, 0, 0, 0, 1, 1, 0, 119)
5 (1, 4, 36, 27, 0, 0, 0, 0, 1, 1, 0, 130)
6 (1, 4, 238, 159, 0, 0, 0, 0, 1, 0, 0, 194)
7 (1, 4, 63, 304, 0, 0, 0, 0, 1, 0, 0, 39)
8 (1, 4, 81, 498, 0, 0, 0, 0, 1, 0, 0, 210)
9 (1, 4, 39, 611, 0, 0, 0, 0, 1, 1, 0, 206)
10 (1, 4, 0, 720, 0, 0, 0, 0, 1, 1, 0, 89)
11 (1, 4, 0, 658, 0, 0, 0, 0, 1, 1, 0, 183)
12 (1, 4, 0, 644, 0, 0, 0, 46, 1, 1, 0, 230)
13 (1, 4, 0, 392, 0, 0, 0, 128, 1, 1, 0, 170)
14 (1, 4, 0, 158, 0, 0, 0, 170, 1, 1, 0, 107)
15 (1, 4, 136, 0, 0, 80, 0, 57, 1, 1, 0, 119)
16 (1, 4, 51, 89, 36, 84, 0, 59, 1, 1, 0, 166)
17 (1, 4, 0, 0, 0, 55, 0, 98, 1, 1, 0, 105)
18 (1, 4, 0, 5, 0, 69, 0, 78, 1, 1, 0, 205)
19 (1, 4, 0, 0, 0, 67, 0, 77, 1, 1, 0, 134)
20 (1, 4, 0, 0, 0, 71, 0, 75, 1, 1, 0, 54)
21 (1, 4, 7, 6, 1, 69, 0, 79, 1, 1, 0, 116)
22 (1, 4, 0, 4, 0, 70, 0, 74, 1, 1, 0, 44)
23 (1, 4, 0, 2, 0, 69, 0, 76, 1, 1, 0, 118)
24 (1, 4, 3, 7, 0, 70, 0, 76, 1, 1, 0, 42)
25 (1, 4, 3, 7, 0, 67, 0, 77, 1, 1, 0, 150)
26 (1, 4, 0, 0, 0, 69, 0, 76, 1, 1, 0, 27)
27 (1, 4, 0, 0, 0, 70, 0, 77, 1, 1, 0, 229)
28 (1, 4, 1, 0, 0, 68, 0, 74, 1, 1, 0, 198)
29 (1, 4, 0, 0, 0, 70, 0, 73, 1, 1, 0, 144)
30 (1, 4, 0, 0, 0, 72, 0, 75, 1, 1, 0, 147)
31 (1, 4, 0, 0, 439, 0, 0, 0, 2, 3, 0, 207)
32 (1, 4, 0, 0, 308, 0, 0, 0, 2, 3, 0, 133)
1 (1, 4, 0, 0, 219, 0, 0, 0, 2, 3, 0, 117)
2 (1, 4, 0, 0, 226, 0, 0, 0, 2, 3, 0, 220)
3 (1, 4, 0, 0, 125, 0, 0, 0, 2, 2, 0, 96)
4 (1, 4, 0, 0, 60, 0, 0, 0, 2, 3, 0, 100)
5 (1, 4, 0, 0, 15, 0, 0, 0, 1, 2, 0, 147)
6 (1, 4, 0, 1, 0, 0, 0, 0, 1, 2, 0, 127)
7 (1, 4, 507, 26, 0, 0, 0, 7, 1, 2, 0, 189)
8 (1, 4, 277, 0, 0, 0, 0, 0, 1, 1, 0, 163)
9 (1, 4, 12, 0, 0, 0, 0, 0, 1, 1, 0, 63)
10 (1, 4, 147, 105, 0, 0, 0, 0, 1, 1, 0, 215)
11 (1, 4, 0, 244, 0, 0, 0, 0, 1, 1, 0, 140)
12 (1, 4, 0, 322, 0, 0, 0, 0, 2, 1, 0, 218)
13 (1, 4, 0, 304, 0, 0, 0, 0, 3, 2, 0, 72)
14 (1, 4, 0, 495, 0, 0, 0, 0, 7, 4, 0, 232)
15 (1, 4, 0, 687, 0, 0, 0, 0, 6, 5, 0, 74)
16 (1, 4, 0, 820, 0, 0, 0, 0, 5, 5, 0, 2)
17 (1, 4, 0, 789, 107, 0, 0, 36, 5, 5, 0, 163)
18 (1, 4, 0, 562, 90, 0, 0, 140, 6, 6, 0, 73)
19 (1, 4, 10, 146, 3, 0, 0, 151, 5, 5, 0, 195)
20 (1, 4, 0, 0, 0, 14, 0, 97, 5, 4, 0, 185)
21 (1, 4, 0, 0, 0, 61, 0, 61, 5, 4, 0, 143)
22 (1, 4, 0, 7, 0, 66, 0, 57, 4, 4, 0, 244)
23 (1, 4, 0, 39, 0, 52, 0, 76, 4, 4, 0, 34)
24 (1, 4, 0, 22, 0, 47, 0, 77, 4, 4, 0, 197)
25 (1, 4, 0, 0, 0, 39, 0, 87, 4, 4, 0, 107)
26 (1, 4, 8, 0, 0, 40, 0, 88, 4, 4, 0, 71)
27 (1, 4, 0, 0, 0, 51, 0, 78, 4, 4, 0, 6)
28 (1, 4, 3, 0, 0, 55, 0, 78, 4, 4, 0, 104)
29 (1, 4, 0, 0, 0, 59, 0, 81, 4, 4, 0, 212)
30 (1, 4, 0, 0, 0, 65, 0, 72, 4, 4, 0, 63)
31 (1, 4, 0, 0, 434, 0, 0, 0, 2, 3, 0, 5)
32 (1, 4, 0, 0, 270, 0, 0, 0, 1, 2, 0, 90)
1 (1, 4, 0, 0, 53, 0, 0, 0, 1, 2, 0, 129)
2 (1, 4, 0, 0, 15, 0, 0, 0, 1, 2, 0, 147)
3 (1, 4, 0, 0, 0, 0, 0, 0, 1, 2, 0, 202)
4 (1, 4, 0, 0, 0, 0, 0, 0, 1, 2, 0, 202)
5 (1, 4, 0, 0, 0, 0, 0, 0, 1, 1, 0, 119)
6 (1, 4, 0, 0, 0, 0, 0, 0, 1, 1, 0, 119)
7 (1, 4, 0, 67, 0, 0, 0, 0, 1, 1, 0, 44)
8 (1, 4, 0, 358, 0, 0, 0, 0, 1, 1, 0, 100)
9 (1, 4, 0, 566, 0, 0, 0, 0, 1, 1, 0, 174)
10 (1, 4, 0, 858, 0, 0, 0, 0, 1, 1, 0, 99)
11 (1, 4, 25, 803, 0, 0, 0, 0, 1, 0, 0, 176)
12 (1, 4, 0, 693, 0, 0, 0, 0, 2, 1, 0, 209)
13 (1, 4, 0, 630, 0, 0, 0, 0, 6, 3, 0, 210)
14 (1, 4, 0, 624, 0, 0, 0, 23, 4, 3, 0, 97)
15 (1, 4, 0, 418, 1, 0, 8, 26, 4, 4, 0, 196)
16 (1, 4, 0, 324, 39, 4, 0, 81, 4, 4, 0, 200)
17 (1, 4, 0, 194, 40, 22, 0, 110, 4, 4, 0, 128)
18 (1, 4, 0, 0, 0, 50, 0, 158, 8, 8, 0, 105)
19 (1, 4, 0, 10, 0, 114, 0, 55, 8, 7, 0, 59)
20 (1, 4, 7, 32, 0, 51, 0, 108, 6, 6, 0, 228)
21 (1, 4, 0, 17, 0, 73, 0, 69, 5, 5, 0, 90)
22 (1, 4, 0, 0, 0, 67, 0, 80, 5, 5, 0, 49)
23 (1, 4, 0, 0, 0, 73, 0, 75, 5, 5, 0, 168)
24 (1, 4, 0, 0, 0, 76, 0, 77, 5, 5, 0, 7)
25 (1, 4, 3, 7, 0, 75, 0, 75, 5, 5, 0, 134)
26 (1, 4, 0, 12, 0, 75, 0, 77, 5, 5, 0, 51)
27 (1, 4, 0, 12, 0, 73, 0, 76, 5, 5, 0, 210)
28 (1, 4, 0, 10, 0, 73, 0, 77, 5, 5, 0, 186)
29 (1, 4, 0, 5, 0, 73, 0, 76, 5, 5, 0, 212)
30 (1, 4, 0, 11, 4, 74, 0, 76, 5, 5, 0, 175)

