0 (1, 4, 6, 0, 0, 0, 17, 19, 1, 0, 0, 113)
1 (1, 4, 0, 0, 0, 0, 0, 41, 1, 0, 0, 136)
2 (1, 4, 0, 0, 0, 0, 0, 40, 1, 0, 0, 87)
3 (1, 4, 0, 0, 0, 0, 0, 14, 1, 0, 0, 58)
4 (1, 4, 0, 165, 0, 0, 0, 0, 1, 0, 0, 176)
5 (1, 4, 0, 703, 0, 0, 0, 0, 1, 1, 0, 169)
6 (1, 4, 0, 844, 0, 0, 0, 0, 1, 1, 0, 181)
7 (1, 4, 296, 814, 0, 0, 12, 0, 1, 1, 0, 14)
8 (1, 4, 176, 696, 0, 0, 46, 0, 1, 1, 0, 68)
9 (1, 4, 155, 538, 0, 0, 0, 25, 1, 1, 0, 116)
10 (1, 4, 295, 238, 12, 0, 0, 100, 1, 1, 0, 175)
11 (1, 4, 0, 122, 0, 0, 0, 82, 1, 1, 0, 166)
12 (1, 4, 17, 14, 6, 18, 0, 61, 1, 1, 0, 23)
13 (1, 4, 0, 21, 32, 20, 0, 70, 1, 1, 0, 133)
14 (1, 4, 28, 0, 54, 8, 0, 75, 1, 1, 0, 30)
15 (1, 4, 0, 0, 67, 0, 0, 101, 1, 1, 0, 121)
16 (1, 4, 0, 0, 240, 0, 61, 114, 1, 0, 0, 202)
17 (1, 4, 0, 0, 471, 0, 0, 0, 1, 0, 0, 209)
18 (1, 4, 0, 0, 531, 0, 0, 0, 1, 0, 0, 98)
19 (1, 4, 0, 0, 532, 0, 0, 0, 1, 0, 0, 135)
20 (1, 4, 0, 0, 469, 0, 0, 0, 1, 0, 0, 254)
21 (1, 4, 206, 0, 482, 0, 0, 0, 1, 0, 0, 82)
22 (1, 4, 4, 0, 358, 0, 0, 0, 1, 0, 0, 13)
23 (1, 4, 0, 0, 399, 0, 0, 0, 1, 0, 0, 233)
24 (1, 4, 0, 0, 148, 0, 0, 0, 1, 0, 0, 204)
25 (1, 4, 122, 0, 59, 0, 0, 0, 1, 0, 0, 88)
26 (1, 4, 263, 58, 47, 0, 0, 0, 1, 0, 0, 238)
27 (1, 4, 227, 135, 29, 0, 0, 1, 1, 0, 0, 128)
28 (1, 4, 2, 22, 19, 0, 0, 2, 1, 0, 0, 171)
29 (1, 4, 79, 0, 6, 0, 0, 65, 2, 0, 0, 130)
0 (1, 4, 12, 0, 0, 0, 17, 20, 1, 0, 0, 14)
1 (1, 4, 78, 0, 0, 0, 19, 24, 1, 0, 0, 246)
2 (1, 4, 32, 0, 0, 0, 22, 36, 1, 0, 0, 155)
3 (1, 4, 0, 0, 0, 0, 3, 57, 1, 0, 0, 208)
4 (1, 4, 0, 0, 0, 0, 0, 65, 1, 0, 0, 134)
5 (1, 4, 0, 0, 0, 0, 0, 69, 1, 0, 0, 243)
6 (1, 4, 0, 0, 0, 0, 0, 46, 1, 0, 0, 155)
7 (1, 4, 0, 5, 0, 0, 0, 29, 1, 0, 0, 224)
8 (1, 4, 0, 97, 0, 0, 0, 0, 1, 0, 0, 232)
9 (1, 4, 0, 435, 0, 0, 0, 0, 1, 0, 0, 131)
10 (1, 4, 21, 511, 0, 0, 0, 0, 1, 0, 0, 191)
11 (1, 4, 0, 638, 0, 0, 10, 0, 1, 0, 0, 198)
12 (1, 4, 103, 496, 0, 0, 0, 114, 1, 0, 0, 50)
13 (1, 4, 327, 0, 0, 0, 0, 146, 1, 0, 0, 93)
14 (1, 4, 170, 0, 0, 57, 22, 79, 1, 0, 0, 115)
15 (1, 4, 0, 0, 148, 27, 0, 66, 1, 0, 0, 30)
16 (1, 4, 72, 0, 134, 13, 0, 56, 1, 0, 0, 102)
17 (1, 4, 0, 0, 241, 0, 0, 37, 1, 0, 0, 8)
18 (1, 4, 0, 0, 284, 0, 0, 19, 1, 0, 0, 105)
19 (1, 4, 0, 0, 358, 0, 0, 0, 1, 0, 0, 53)
20 (1, 4, 0, 0, 391, 0, 0, 0, 1, 0, 0, 85)
21 (1, 4, 65, 0, 456, 0, 0, 0, 1, 0, 0, 112)
22 (1, 4, 258, 0, 408, 0, 0, 0, 1, 0, 0, 109)
23 (1, 4, 213, 0, 391, 0, 0, 10, 1, 0, 0, 76)
24 (1, 4, 279, 2, 365, 0, 0, 22, 1, 0, 0, 136)
25 (1, 4, 0, 1, 227, 0, 0, 33, 1, 0, 0, 152)
26 (1, 4, 6, 25, 149, 0, 0, 21, 1, 0, 0, 98)
27 (1, 4, 0, 102, 160, 0, 0, 5, 1, 0, 0, 79)
28 (1, 4, 0, 426, 325, 0, 0, 45, 2, 0, 0, 207)
29 (1, 4, 0, 357, 144, 0, 0, 80, 2, 0, 0, 105)
30 (1, 4, 127, 0, 0, 0, 0, 0, 2, 0, 0, 78)
31 (1, 4, 260, 0, 5, 0, 5, 0, 2, 0, 0, 208)
0 (1, 4, 0, 1, 0, 0, 24, 6, 1, 0, 0, 33)
1 (1, 4, 2, 0, 0, 0, 23, 6, 1, 0, 0, 33)
2 (1, 4, 3, 0, 0, 0, 24, 6, 1, 0, 0, 134)
3 (1, 4, 0, 0, 0, 0, 25, 6, 1, 0, 0, 237)
4 (1, 4, 0, 0, 0, 0, 25, 5, 1, 0, 0, 139)
5 (1, 4, 0, 0, 0, 0, 24, 7, 1, 0, 0, 75)
6 (1, 4, 0, 0, 5, 0, 27, 9, 1, 0, 0, 44)
7 (1, 4, 53, 0, 19, 0, 19, 26, 1, 0, 0, 71)
8 (1, 4, 161, 0, 152, 0, 0, 70, 1, 0, 0, 123)
9 (1, 4, 0, 0, 0, 0, 0, 46, 1, 0, 0, 155)
10 (1, 4, 0, 0, 0, 0, 0, 12, 1, 0, 0, 131)
11 (1, 4, 0, 56, 0, 0, 0, 0, 1, 0, 0, 12)
12 (1, 4, 0, 794, 0, 0, 0, 0, 1, 1, 0, 224)
13 (1, 4, 179, 873, 0, 0, 9, 0, 1, 1, 0, 128)
14 (1, 4, 165, 873, 0, 0, 78, 0, 1, 1, 0, 54)
15 (1, 4, 161, 844, 0, 0, 19, 46, 1, 1, 0, 224)
16 (1, 4, 111, 292, 0, 0, 0, 154, 1, 1, 0, 148)
17 (1, 4, 1, 0, 0, 0, 0, 124, 1, 1, 0, 209)
18 (1, 4, 0, 0, 100, 0, 0, 77, 1, 1, 0, 41)
19 (1, 4, 0, 0, 309, 0, 4, 56, 1, 1, 0, 26)
20 (1, 4, 0, 0, 480, 0, 9, 14, 1, 1, 0, 64)
21 (1, 4, 0, 0, 700, 0, 0, 0, 1, 0, 0, 52)
22 (1, 4, 0, 0, 302, 0, 0, 0, 1, 0, 0, 114)
23 (1, 4, 90, 0, 538, 0, 0, 0, 1, 0, 0, 79)
24 (1, 4, 21, 0, 415, 0, 0, 0, 1, 0, 0, 64)
25 (1, 4, 0, 0, 469, 0, 0, 0, 1, 0, 0, 254)
26 (1, 4, 0, 0, 300, 0, 0, 12, 1, 0, 0, 194)
27 (1, 4, 0, 0, 327, 0, 0, 0, 1, 0, 0, 95)
28 (1, 4, 0, 20, 228, 0, 0, 0, 1, 0, 0, 13)
29 (1, 4, 0, 18, 163, 0, 0, 0, 1, 0, 0, 164)
30 (1, 4, 0, 88, 136, 0, 0, 0, 1, 0, 0, 0)
0 (1, 4, 0, 0, 0, 48, 0, 30, 1, 0, 0, 247)
1 (1, 4, 0, 17, 0, 45, 0, 32, 1, 0, 0, 27)
2 (1, 4, 150, 0, 21, 19, 0, 88, 1, 0, 0, 210)
3 (1, 4, 603, 0, 70, 13, 0, 67, 1, 0, 0, 33)
4 (1, 4, 255, 0, 176, 14, 28, 43, 1, 0, 0, 189)
5 (1, 4, 0, 0, 393, 0, 0, 26, 1, 0, 0, 24)
6 (1, 4, 0, 0, 502, 0, 0, 11, 1, 0, 0, 55)
7 (1, 4, 0, 0, 538, 0, 0, 0, 1, 0, 0, 74)
8 (1, 4, 0, 0, 423, 0, 0, 0, 1, 0, 0, 171)
9 (1, 4, 0, 0, 610, 0, 0, 0, 1, 0, 0, 140)
10 (1, 4, 0, 0, 496, 0, 0, 0, 1, 0, 0, 202)
11 (1, 4, 0, 0, 452, 0, 0, 0, 1, 0, 0, 21)
12 (1, 4, 0, 58, 409, 0, 0, 0, 1, 0, 0, 154)
13 (1, 4, 0, 101, 400, 0, 0, 0, 1, 0, 0, 225)
14 (1, 4, 30, 159, 268, 0, 0, 0, 1, 0, 0, 198)
15 (1, 4, 0, 44, 92, 0, 0, 0, 1, 0, 0, 209)
16 (1, 4, 0, 159, 77, 0, 0, 3, 1, 0, 0, 38)
17 (1, 4, 0, 43, 12, 0, 0, 50, 1, 0, 0, 156)
18 (1, 4, 2, 0, 0, 0, 7, 0, 1, 0, 0, 104)
19 (1, 4, 0, 8, 2, 0, 8, 0, 1, 0, 0, 65)
20 (1, 4, 0, 29, 18, 0, 9, 0, 1, 0, 0, 73)
21 (1, 4, 0, 54, 99, 0, 0, 0, 1, 0, 0, 182)
22 (1, 4, 0, 87, 12, 0, 0, 0, 1, 0, 0, 30)
23 (1, 4, 0, 87, 0, 0, 0, 0, 1, 0, 0, 252)
24 (1, 4, 17, 244, 0, 0, 0, 0, 1, 0, 0, 9)
25 (1, 4, 25, 106, 0, 0, 0, 0, 1, 0, 0, 29)
26 (1, 4, 0, 22, 0, 0, 0, 0, 1, 0, 0, 202)
27 (1, 4, 106, 440, 0, 0, 0, 0, 1, 0, 0, 202)
28 (1, 4, 0, 639, 0, 0, 0, 0, 1, 0, 0, 64)
29 (1, 4, 195, 709, 0, 0, 1, 0, 1, 0, 0, 203)
0 (1, 4, 0, 175, 0, 0, 0, 0, 2, 0, 0, 200)
1 (1, 4, 45, 314, 0, 0, 0, 0, 2, 0, 0, 163)
2 (1, 4, 72, 413, 0, 0, 0, 0, 2, 0, 0, 26)
3 (1, 4, 68, 584, 0, 0, 0, 0, 2, 0, 0, 246)
4 (1, 4, 206, 653, 0, 0, 0, 0, 1, 0, 0, 196)
5 (1, 4, 152, 531, 0, 0, 0, 0, 1, 0, 0, 237)
6 (1, 4, 0, 433, 0, 0, 0, 0, 1, 0, 0, 238)
7 (1, 4, 0, 495, 0, 0, 0, 0, 1, 1, 0, 99)
8 (1, 4, 0, 436, 0, 0, 0, 0, 2, 1, 0, 76)
9 (1, 4, 0, 580, 6, 0, 0, 0, 3, 1, 0, 86)
10 (1, 4, 0, 526, 26, 0, 0, 22, 3, 2, 0, 52)
11 (1, 4, 0, 508, 45, 0, 0, 30, 4, 2, 0, 247)
12 (1, 4, 230, 0, 0, 0, 0, 367, 3, 2, 0, 69)
13 (1, 4, 0, 257, 23, 72, 0, 55, 4, 2, 0, 161)
14 (1, 4, 39, 56, 36, 35, 0, 51, 3, 2, 0, 143)
15 (1, 4, 121, 0, 28, 33, 0, 53, 3, 2, 0, 109)
16 (1, 4, 12, 1, 16, 35, 0, 52, 3, 2, 0, 67)
17 (1, 4, 0, 0, 0, 35, 0, 48, 3, 2, 0, 180)
18 (1, 4, 0, 0, 0, 40, 0, 54, 3, 2, 0, 161)
19 (1, 4, 0, 0, 0, 40, 0, 54, 3, 2, 0, 161)
20 (1, 4, 4, 0, 0, 38, 0, 50, 3, 2, 0, 86)
21 (1, 4, 0, 0, 0, 39, 0, 50, 3, 2, 0, 113)
22 (1, 4, 0, 0, 0, 45, 0, 48, 3, 2, 0, 14)
23 (1, 4, 0, 0, 0, 47, 0, 47, 3, 2, 0, 26)
24 (1, 4, 0, 0, 0, 43, 0, 45, 3, 2, 0, 223)
25 (1, 4, 0, 14, 11, 46, 0, 49, 3, 2, 0, 243)
26 (1, 4, 4, 5, 1, 44, 0, 45, 3, 2, 0, 65)
27 (1, 4, 0, 12, 0, 42, 0, 50, 3, 1, 0, 62)
28 (1, 4, 0, 2, 0, 41, 0, 48, 3, 1, 0, 162)
29 (1, 4, 0, 2, 0, 43, 0, 47, 3, 1, 0, 182)
30 (1, 4, 0, 5, 0, 43, 0, 47, 3, 1, 0, 180)
0 (1, 4, 251, 0, 283, 0, 0, 0, 2, 0, 0, 70)
1 (1, 4, 219, 101, 349, 0, 0, 0, 2, 0, 0, 37)
2 (1, 4, 108, 125, 407, 0, 0, 0, 2, 0, 0, 118)
3 (1, 4, 195, 154, 506, 0, 0, 25, 2, 0, 0, 41)
4 (1, 4, 221, 64, 378, 0, 0, 6, 2, 0, 0, 123)
5 (1, 4, 0, 42, 149, 0, 0, 0, 2, 0, 0, 226)
6 (1, 4, 0, 114, 0, 0, 0, 0, 2, 0, 0, 247)
7 (1, 4, 0, 0, 0, 0, 0, 0, 2, 0, 0, 186)
8 (1, 4, 238, 0, 0, 0, 0, 0, 2, 0, 0, 181)
9 (1, 4, 49, 0, 0, 0, 0, 0, 2, 0, 0, 147)
10 (1, 4, 0, 36, 0, 0, 0, 0, 2, 0, 0, 162)
11 (1, 4, 7, 198, 0, 0, 0, 0, 2, 0, 0, 165)
12 (1, 4, 21, 265, 0, 0, 0, 0, 2, 0, 0, 143)
13 (1, 4, 0, 257, 0, 0, 0, 0, 2, 1, 0, 129)
14 (1, 4, 0, 341, 0, 0, 0, 0, 3, 1, 0, 219)
15 (1, 4, 0, 568, 0, 0, 0, 0, 2, 1, 0, 12)
16 (1, 4, 0, 719, 25, 0, 0, 0, 2, 1, 0, 120)
17 (1, 4, 0, 710, 123, 0, 0, 0, 2, 1, 0, 84)
18 (1, 4, 44, 564, 271, 0, 0, 64, 2, 1, 0, 171)
19 (1, 4, 0, 260, 49, 0, 0, 238, 5, 1, 0, 154)
20 (1, 4, 104, 32, 41, 0, 0, 61, 3, 1, 0, 171)
21 (1, 4, 114, 0, 0, 27, 0, 0, 3, 1, 0, 47)
22 (1, 4, 1, 0, 0, 0, 0, 82, 3, 1, 0, 146)
23 (1, 4, 0, 26, 0, 0, 0, 34, 3, 1, 0, 20)
24 (1, 4, 0, 0, 0, 4, 0, 41, 3, 1, 0, 91)
25 (1, 4, 0, 0, 2, 6, 0, 33, 3, 1, 0, 160)
26 (1, 4, 0, 0, 8, 12, 0, 35, 3, 1, 0, 76)
27 (1, 4, 4, 0, 8, 8, 0, 34, 3, 1, 0, 215)
28 (1, 4, 0, 5, 12, 10, 0, 38, 3, 1, 0, 149)
29 (1, 4, 8, 0, 7, 13, 0, 41, 3, 1, 0, 41)
30 (1, 4, 5, 0, 4, 10, 0, 34, 3, 1, 0, 5)
31 (1, 4, 0, 0, 5, 8, 0, 32, 3, 1, 0, 32)
0 (1, 4, 0, 309, 258, 0, 0, 0, 2, 0, 0, 225)
1 (1, 4, 0, 291, 0, 0, 0, 0, 2, 0, 0, 69)
2 (1, 4, 0, 0, 0, 0, 0, 36, 2, 0, 0, 110)
3 (1, 4, 99, 0, 0, 0, 0, 0, 2, 0, 0, 230)
4 (1, 4, 0, 0, 0, 0, 0, 0, 2, 0, 0, 186)
5 (1, 4, 0, 0, 0, 0, 0, 0, 2, 0, 0, 186)
6 (1, 4, 0, 0, 0, 0, 0, 0, 2, 0, 0, 186)
7 (1, 4, 0, 226, 0, 0, 0, 0, 2, 0, 0, 151)
8 (1, 4, 0, 343, 0, 0, 0, 0, 2, 0, 0, 191)
9 (1, 4, 0, 401, 0, 0, 0, 0, 1, 0, 0, 44)
10 (1, 4, 0, 505, 0, 0, 0, 0, 2, 1, 0, 19)
11 (1, 4, 266, 873, 0, 0, 0, 0, 2, 1, 0, 208)
12 (1, 4, 323, 630, 0, 0, 28, 0, 2, 1, 0, 181)
13 (1, 4, 25, 586, 0, 0, 1, 32, 3, 1, 0, 101)
14 (1, 4, 146, 250, 15, 0, 0, 149, 3, 2, 0, 178)
15 (1, 4, 0, 33, 64, 10, 0, 101, 3, 2, 0, 10)
16 (1, 4, 0, 27, 44, 49, 0, 31, 4, 1, 0, 167)
17 (1, 4, 0, 101, 14, 53, 0, 33, 3, 1, 0, 83)
18 (1, 4, 0, 59, 0, 36, 0, 44, 3, 1, 0, 208)
19 (1, 4, 0, 54, 0, 26, 0, 48, 3, 1, 0, 228)
20 (1, 4, 0, 33, 0, 28, 0, 50, 3, 1, 0, 124)
21 (1, 4, 0, 0, 0, 27, 0, 50, 3, 1, 0, 86)
22 (1, 4, 0, 33, 0, 20, 0, 36, 2, 1, 0, 249)
23 (1, 4, 0, 0, 0, 25, 0, 39, 2, 1, 0, 115)
24 (1, 4, 0, 0, 0, 23, 0, 47, 2, 1, 0, 35)
25 (1, 4, 0, 0, 2, 31, 0, 41, 2, 1, 0, 56)
26 (1, 4, 20, 0, 17, 28, 0, 43, 2, 1, 0, 188)
27 (1, 4, 28, 0, 21, 22, 0, 40, 2, 1, 0, 50)
28 (1, 4, 23, 0, 10, 22, 0, 43, 2, 1, 0, 16)
29 (1, 4, 18, 0, 12, 22, 0, 42, 2, 1, 0, 136)
30 (1, 4, 13, 0, 19, 30, 0, 41, 2, 1, 0, 138)
31 (1, 4, 18, 0, 18, 33, 0, 36, 2, 1, 0, 95)
0 (1, 4, 0, 335, 0, 0, 0, 23, 2, 0, 0, 173)
1 (1, 4, 0, 52, 0, 0, 0, 0, 2, 0, 0, 195)
2 (1, 4, 0, 23, 0, 0, 0, 0, 2, 0, 0, 217)
3 (1, 4, 0, 61, 0, 0, 0, 0, 2, 0, 0, 197)
4 (1, 4, 0, 360, 0, 0, 0, 0, 2, 0, 0, 173)
5 (1, 4, 5, 570, 0, 0, 0, 0, 2, 0, 0, 60)
6 (1, 4, 87, 696, 0, 0, 0, 0, 1, 0, 0, 131)
7 (1, 4, 0, 873, 0, 0, 0, 0, 2, 1, 0, 190)
8 (1, 4, 751, 873, 93, 0, 0, 0, 2, 1, 0, 73)
9 (1, 4, 438, 767, 52, 0, 10, 0, 2, 1, 0, 116)
10 (1, 4, 268, 379, 0, 0, 7, 127, 4, 2, 0, 101)
11 (1, 4, 143, 0, 0, 0, 12, 131, 3, 2, 0, 143)
12 (1, 4, 0, 0, 0, 15, 0, 72, 3, 2, 0, 4)
13 (1, 4, 0, 0, 39, 46, 0, 74, 3, 2, 0, 80)
14 (1, 4, 89, 0, 154, 35, 0, 87, 2, 2, 0, 43)
15 (1, 4, 80, 0, 116, 27, 0, 76, 2, 1, 0, 104)
16 (1, 4, 12, 0, 21, 35, 0, 52, 2, 1, 0, 227)
17 (1, 4, 0, 0, 0, 45, 0, 40, 2, 1, 0, 232)
18 (1, 4, 0, 0, 11, 59, 0, 40, 2, 1, 0, 90)
19 (1, 4, 0, 0, 35, 54, 0, 57, 2, 1, 0, 143)
20 (1, 4, 0, 0, 25, 54, 0, 57, 2, 1, 0, 157)
21 (1, 4, 0, 0, 0, 52, 0, 49, 2, 1, 0, 30)
22 (1, 4, 0, 0, 0, 55, 0, 45, 2, 1, 0, 115)
23 (1, 4, 0, 0, 5, 52, 0, 50, 2, 1, 0, 178)
24 (1, 4, 0, 0, 0, 57, 0, 50, 2, 1, 0, 227)
25 (1, 4, 36, 0, 0, 58, 0, 43, 2, 1, 0, 219)
26 (1, 4, 101, 35, 0, 62, 0, 39, 2, 1, 0, 165)
27 (1, 4, 0, 77, 0, 48, 0, 63, 2, 1, 0, 27)
28 (1, 4, 0, 54, 0, 46, 0, 63, 2, 1, 0, 29)
29 (1, 4, 0, 19, 0, 42, 0, 64, 2, 1, 0, 2)
30 (1, 4, 0, 0, 24, 47, 0, 56, 2, 1, 0, 198)
31 (1, 4, 12, 0, 11, 49, 0, 50, 2, 1, 0, 84)
0 (1, 4, 6, 399, 0, 0, 0, 0, 2, 1, 0, 160)
1 (1, 4, 184, 846, 0, 0, 0, 0, 2, 1, 0, 60)
2 (1, 4, 214, 866, 0, 0, 42, 0, 3, 1, 0, 209)
3 (1, 4, 276, 873, 13, 0, 60, 0, 3, 1, 0, 218)
4 (1, 4, 227, 873, 64, 0, 33, 0, 3, 1, 0, 26)
5 (1, 4, 41, 732, 0, 0, 0, 87, 4, 1, 0, 225)
6 (1, 4, 0, 196, 0, 0, 0, 118, 5, 2, 0, 230)
7 (1, 4, 0, 42, 0, 0, 0, 6, 3, 1, 0, 99)
8 (1, 4, 0, 35, 0, 15, 0, 32, 3, 1, 0, 173)
9 (1, 4, 0, 0, 3, 42, 0, 23, 3, 1, 0, 231)
10 (1, 4, 0, 0, 29, 51, 0, 7, 3, 1, 0, 150)
11 (1, 4, 13, 19, 36, 47, 0, 10, 2, 1, 0, 145)
12 (1, 4, 0, 9, 4, 43, 0, 19, 2, 1, 0, 12)
13 (1, 4, 12, 4, 3, 38, 0, 26, 2, 1, 0, 211)
14 (1, 4, 0, 0, 0, 42, 0, 18, 2, 1, 0, 148)
15 (1, 4, 0, 0, 0, 45, 0, 19, 2, 1, 0, 22)
16 (1, 4, 0, 0, 0, 47, 0, 13, 2, 1, 0, 221)
17 (1, 4, 0, 0, 1, 47, 0, 2, 2, 1, 0, 176)
18 (1, 4, 9, 0, 4, 45, 0, 6, 2, 1, 0, 79)
19 (1, 4, 0, 8, 0, 44, 0, 8, 2, 1, 0, 229)
20 (1, 4, 0, 0, 0, 47, 0, 13, 2, 1, 0, 221)
21 (1, 4, 1, 2, 0, 47, 0, 16, 2, 1, 0, 45)
22 (1, 4, 4, 0, 11, 46, 0, 16, 2, 1, 0, 110)
23 (1, 4, 0, 0, 11, 40, 0, 18, 2, 1, 0, 173)
24 (1, 4, 0, 0, 2, 44, 0, 6, 2, 1, 0, 95)
25 (1, 4, 0, 0, 0, 42, 0, 4, 2, 1, 0, 139)
26 (1, 4, 0, 0, 0, 33, 0, 12, 2, 1, 0, 184)
27 (1, 4, 6, 0, 13, 15, 0, 42, 2, 1, 0, 212)
28 (1, 4, 11, 0, 83, 0, 0, 56, 2, 1, 0, 20)
0 (1, 4, 103, 2, 0, 0, 0, 0, 2, 0, 0, 179)
1 (1, 4, 0, 0, 0, 0, 0, 8, 2, 0, 0, 80)
2 (1, 4, 0, 0, 0, 0, 0, 2, 2, 0, 0, 3)
3 (1, 4, 0, 43, 0, 0, 0, 0, 2, 0, 0, 19)
4 (1, 4, 0, 83, 0, 0, 0, 0, 2, 0, 0, 128)
5 (1, 4, 0, 131, 0, 0, 0, 0, 2, 0, 0, 99)
6 (1, 4, 0, 261, 0, 0, 0, 0, 2, 0, 0, 48)
7 (1, 4, 27, 260, 0, 0, 0, 0, 2, 1, 0, 108)
8 (1, 4, 0, 238, 0, 0, 0, 0, 2, 1, 0, 149)
9 (1, 4, 0, 873, 0, 0, 0, 0, 3, 1, 0, 220)
10 (1, 4, 311, 873, 0, 0, 30, 0, 3, 1, 0, 134)
11 (1, 4, 18, 873, 0, 0, 9, 20, 3, 1, 0, 62)
12 (1, 4, 24, 442, 0, 0, 0, 250, 5, 3, 0, 201)
13 (1, 4, 0, 71, 4, 0, 0, 60, 3, 2, 0, 60)
14 (1, 4, 0, 92, 0, 40, 0, 0, 3, 2, 0, 148)
15 (1, 4, 0, 78, 0, 62, 0, 36, 3, 2, 0, 249)
16 (1, 4, 0, 52, 0, 63, 0, 17, 3, 2, 0, 192)
17 (1, 4, 0, 57, 0, 60, 0, 15, 3, 1, 0, 117)
18 (1, 4, 0, 49, 0, 60, 0, 21, 3, 1, 0, 70)
19 (1, 4, 0, 66, 0, 63, 0, 21, 3, 1, 0, 159)
20 (1, 4, 0, 0, 0, 56, 0, 26, 3, 1, 0, 213)
21 (1, 4, 0, 14, 0, 59, 0, 19, 3, 1, 0, 197)
22 (1, 4, 0, 0, 0, 66, 0, 15, 3, 1, 0, 161)
23 (1, 4, 4, 5, 1, 62, 0, 18, 3, 1, 0, 190)
24 (1, 4, 16, 18, 1, 64, 0, 16, 3, 1, 0, 205)
25 (1, 4, 21, 0, 0, 63, 0, 19, 3, 1, 0, 107)
26 (1, 4, 41, 7, 0, 65, 0, 19, 3, 1, 0, 119)
27 (1, 4, 7, 18, 0, 64, 0, 24, 3, 1, 0, 121)
28 (1, 4, 20, 10, 0, 63, 0, 25, 3, 1, 0, 232)
29 (1, 4, 5, 15, 0, 65, 0, 26, 3, 1, 0, 126)
0 (1, 4, 0, 0, 0, 0, 0, 0, 2, 0, 0, 186)
1 (1, 4, 0, 59, 0, 0, 0, 0, 2, 0, 0, 114)
2 (1, 4, 0, 127, 0, 0, 0, 0, 2, 0, 0, 43)
3 (1, 4, 0, 75, 0, 0, 0, 0, 2, 0, 0, 82)
4 (1, 4, 132, 79, 0, 0, 0, 0, 2, 0, 0, 165)
5 (1, 4, 256, 231, 0, 0, 0, 0, 2, 0, 0, 250)
6 (1, 4, 422, 395, 0, 0, 0, 0, 2, 0, 0, 193)
7 (1, 4, 173, 391, 0, 0, 0, 0, 2, 0, 0, 200)
8 (1, 4, 239, 353, 0, 0, 0, 0, 2, 0, 0, 170)
9 (1, 4, 258, 531, 0, 0, 0, 0, 2, 0, 0, 208)
10 (1, 4, 57, 461, 0, 0, 0, 0, 2, 1, 0, 51)
11 (1, 4, 0, 605, 0, 0, 53, 0, 2, 2, 0, 141)
12 (1, 4, 141, 541, 22, 0, 0, 64, 3, 2, 0, 102)
13 (1, 4, 60, 397, 42, 0, 43, 29, 4, 2, 0, 201)
14 (1, 4, 5, 276, 18, 0, 0, 65, 3, 1, 0, 17)
15 (1, 4, 0, 183, 0, 27, 0, 59, 3, 1, 0, 195)
16 (1, 4, 0, 133, 0, 43, 0, 48, 3, 1, 0, 159)
17 (1, 4, 0, 79, 0, 53, 0, 33, 3, 1, 0, 130)
18 (1, 4, 2, 82, 0, 50, 0, 36, 3, 1, 0, 212)
19 (1, 4, 0, 87, 0, 49, 0, 41, 3, 1, 0, 198)
20 (1, 4, 0, 66, 0, 47, 0, 45, 3, 1, 0, 240)
21 (1, 4, 0, 66, 0, 48, 0, 46, 3, 1, 0, 196)
22 (1, 4, 0, 54, 0, 48, 0, 44, 3, 1, 0, 135)
23 (1, 4, 0, 43, 0, 48, 0, 43, 3, 1, 0, 41)
24 (1, 4, 0, 27, 4, 46, 0, 46, 3, 1, 0, 51)
25 (1, 4, 0, 23, 2, 44, 0, 44, 3, 1, 0, 172)
26 (1, 4, 0, 10, 2, 42, 0, 44, 3, 1, 0, 83)
27 (1, 4, 0, 5, 4, 43, 0, 44, 3, 1, 0, 140)
28 (1, 4, 0, 0, 10, 47, 0, 41, 2, 1, 0, 154)
29 (1, 4, 0, 0, 1, 49, 0, 34, 2, 1, 0, 92)
30 (1, 4, 0, 3, 0, 49, 0, 34, 2, 1, 0, 16)
31 (1, 4, 0, 15, 1, 46, 0, 39, 2, 1, 0, 21)
0 (1, 4, 0, 42, 104, 0, 0, 0, 2, 0, 0, 31)
1 (1, 4, 54, 99, 38, 0, 0, 0, 2, 0, 0, 175)
2 (1, 4, 131, 63, 0, 0, 0, 0, 2, 0, 0, 175)
3 (1, 4, 149, 56, 0, 0, 0, 0, 2, 0, 0, 105)
4 (1, 4, 196, 124, 0, 0, 0, 0, 2, 0, 0, 87)
5 (1, 4, 366, 321, 0, 0, 0, 0, 2, 0, 0, 113)
6 (1, 4, 281, 498, 0, 0, 0, 0, 2, 0, 0, 143)
7 (1, 4, 316, 584, 0, 0, 0, 0, 2, 0, 0, 42)
8 (1, 4, 0, 771, 0, 0, 0, 0, 2, 1, 0, 33)
9 (1, 4, 557, 873, 0, 0, 0, 0, 3, 2, 0, 228)
10 (1, 4, 25, 491, 0, 0, 95, 173, 3, 2, 0, 3)
11 (1, 4, 0, 151, 0, 0, 0, 105, 3, 2, 0, 189)
12 (1, 4, 0, 104, 0, 0, 0, 31, 3, 1, 0, 107)
13 (1, 4, 0, 116, 80, 47, 0, 53, 3, 1, 0, 89)
14 (1, 4, 0, 93, 138, 62, 0, 49, 3, 1, 0, 230)
15 (1, 4, 0, 96, 119, 52, 0, 60, 2, 1, 0, 128)
16 (1, 4, 0, 64, 32, 47, 0, 57, 2, 1, 0, 167)
17 (1, 4, 50, 0, 0, 43, 0, 60, 2, 1, 0, 55)
18 (1, 4, 29, 0, 0, 36, 0, 61, 2, 1, 0, 208)
19 (1, 4, 23, 0, 0, 42, 0, 51, 2, 1, 0, 32)
20 (1, 4, 0, 0, 0, 45, 0, 50, 3, 1, 0, 10)
21 (1, 4, 0, 0, 0, 53, 0, 44, 3, 1, 0, 240)
22 (1, 4, 0, 0, 0, 57, 0, 41, 3, 2, 0, 99)
23 (1, 4, 0, 0, 0, 61, 0, 34, 3, 2, 0, 147)
24 (1, 4, 3, 0, 0, 57, 0, 34, 2, 1, 0, 34)
25 (1, 4, 0, 20, 3, 53, 0, 31, 2, 1, 0, 134)
26 (1, 4, 0, 73, 17, 39, 0, 25, 2, 1, 0, 237)
27 (1, 4, 0, 47, 3, 36, 0, 40, 2, 1, 0, 199)
28 (1, 4, 0, 0, 97, 16, 0, 58, 2, 1, 0, 150)
29 (1, 4, 0, 0, 143, 32, 0, 54, 2, 1, 0, 46)
30 (1, 4, 0, 0, 197, 38, 0, 6, 2, 1, 0, 118)
31 (1, 4, 0, 0, 115, 39, 0, 0, 2, 1, 0, 164)
0 (1, 4, 0, 390, 0, 0, 0, 0, 2, 0, 0, 233)
1 (1, 4, 252, 848, 0, 0, 0, 0, 1, 1, 0, 78)
2 (1, 4, 412, 873, 0, 0, 5, 0, 1, 1, 0, 61)
3 (1, 4, 743, 705, 0, 0, 56, 0, 2, 2, 0, 170)
4 (1, 4, 504, 499, 0, 0, 61, 156, 2, 2, 0, 172)
5 (1, 4, 149, 0, 0, 0, 31, 68, 2, 2, 0, 179)
6 (1, 4, 0, 61, 0, 2, 0, 14, 2, 2, 0, 11)
7 (1, 4, 104, 27, 45, 42, 0, 49, 2, 2, 0, 82)
8 (1, 4, 2, 4, 62, 45, 0, 58, 2, 2, 0, 181)
9 (1, 4, 0, 13, 18, 52, 0, 58, 2, 2, 0, 163)
10 (1, 4, 0, 0, 5, 47, 0, 67, 2, 1, 0, 116)
11 (1, 4, 0, 0, 21, 52, 0, 60, 2, 1, 0, 235)
12 (1, 4, 8, 0, 19, 48, 0, 65, 2, 1, 0, 225)
13 (1, 4, 25, 0, 31, 53, 0, 54, 2, 1, 0, 170)
14 (1, 4, 37, 0, 45, 47, 0, 63, 2, 1, 0, 111)
15 (1, 4, 59, 0, 45, 42, 0, 67, 2, 1, 0, 16)
16 (1, 4, 17, 0, 26, 50, 0, 60, 2, 1, 0, 30)
17 (1, 4, 23, 0, 50, 66, 0, 45, 2, 1, 0, 191)
18 (1, 4, 61, 0, 66, 67, 0, 38, 2, 1, 0, 253)
19 (1, 4, 53, 0, 60, 64, 0, 44, 2, 1, 0, 72)
20 (1, 4, 46, 0, 52, 67, 0, 45, 2, 1, 0, 136)
21 (1, 4, 40, 0, 43, 62, 0, 50, 2, 1, 0, 240)
22 (1, 4, 34, 0, 39, 59, 0, 48, 2, 1, 0, 164)
23 (1, 4, 32, 0, 37, 53, 0, 51, 2, 1, 0, 75)
24 (1, 4, 31, 0, 43, 48, 0, 56, 2, 1, 0, 20)
25 (1, 4, 32, 0, 58, 44, 0, 55, 2, 1, 0, 8)
26 (1, 4, 29, 0, 72, 46, 0, 50, 2, 1, 0, 168)
27 (1, 4, 37, 0, 78, 47, 0, 45, 2, 1, 0, 187)
28 (1, 4, 35, 0, 78, 44, 0, 45, 2, 1, 0, 190)
29 (1, 4, 29, 0, 76, 37, 0, 43, 2, 1, 0, 201)
30 (1, 4, 15, 0, 77, 34, 0, 36, 2, 1, 0, 5)
31 (1, 4, 21, 0, 97, 34, 0, 35, 2, 1, 0, 134)
0 (1, 4, 0, 0, 353, 0, 0, 0, 2, 1, 0, 29)
1 (1, 4, 0, 0, 441, 0, 0, 0, 1, 1, 0, 114)
2 (1, 4, 51, 0, 558, 0, 0, 0, 1, 1, 0, 203)
3 (1, 4, 163, 0, 610, 0, 0, 0, 1, 1, 0, 39)
4 (1, 4, 0, 0, 584, 0, 0, 0, 1, 0, 0, 225)
5 (1, 4, 0, 0, 406, 0, 0, 0, 1, 0, 0, 190)
6 (1, 4, 0, 54, 265, 0, 0, 0, 2, 0, 0, 219)
7 (1, 4, 0, 116, 175, 0, 0, 0, 2, 1, 0, 125)
8 (1, 4, 0, 231, 66, 0, 0, 7, 3, 1, 0, 54)
9 (1, 4, 0, 17, 0, 0, 0, 39, 2, 1, 0, 183)
10 (1, 4, 156, 0, 0, 0, 0, 0, 2, 0, 0, 7)
11 (1, 4, 49, 0, 0, 0, 2, 0, 2, 0, 0, 97)
12 (1, 4, 0, 0, 0, 0, 4, 0, 2, 0, 0, 89)
13 (1, 4, 0, 0, 0, 0, 2, 0, 2, 0, 0, 72)
14 (1, 4, 0, 16, 0, 0, 2, 0, 2, 0, 0, 41)
15 (1, 4, 8, 0, 9, 0, 0, 0, 2, 0, 0, 226)
16 (1, 4, 0, 16, 0, 0, 2, 0, 2, 0, 0, 41)
17 (1, 4, 0, 14, 0, 0, 0, 0, 2, 0, 0, 190)
18 (1, 4, 0, 1, 0, 0, 1, 0, 2, 0, 0, 118)
19 (1, 4, 0, 4, 0, 0, 2, 0, 2, 0, 0, 146)
20 (1, 4, 0, 3, 0, 0, 3, 0, 2, 0, 0, 233)
21 (1, 4, 0, 0, 0, 0, 4, 0, 2, 0, 0, 89)
22 (1, 4, 0, 1, 0, 0, 5, 0, 2, 0, 0, 149)
23 (1, 4, 0, 9, 0, 0, 0, 0, 2, 0, 0, 188)
24 (1, 4, 0, 25, 0, 0, 0, 0, 2, 0, 0, 221)
25 (1, 4, 0, 27, 0, 0, 0, 0, 2, 0, 0, 176)
26 (1, 4, 0, 10, 0, 0, 0, 0, 2, 0, 0, 100)
27 (1, 4, 52, 0, 0, 0, 0, 0, 2, 0, 0, 165)
28 (1, 4, 111, 0, 0, 0, 0, 0, 2, 0, 0, 174)
29 (1, 4, 341, 90, 0, 0, 0, 0, 2, 0, 0, 219)
30 (1, 4, 489, 84, 0, 0, 0, 0, 2, 0, 0, 165)
31 (1, 4, 210, 0, 0, 0, 0, 0, 2, 0, 0, 218)
0 (1, 4, 0, 0, 155, 0, 0, 0, 2, 0, 0, 51)
1 (1, 4, 0, 0, 146, 0, 0, 0, 2, 0, 0, 27)
2 (1, 4, 0, 0, 168, 0, 0, 0, 2, 0, 0, 9)
3 (1, 4, 0, 0, 351, 0, 0, 0, 2, 0, 0, 58)
4 (1, 4, 0, 75, 394, 0, 0, 0, 2, 0, 0, 109)
5 (1, 4, 0, 128, 169, 0, 0, 0, 2, 0, 0, 156)
6 (1, 4, 0, 71, 0, 0, 0, 0, 2, 0, 0, 59)
7 (1, 4, 253, 2, 52, 0, 0, 0, 2, 0, 0, 245)
8 (1, 4, 280, 43, 96, 0, 0, 0, 2, 0, 0, 132)
9 (1, 4, 173, 0, 0, 0, 0, 0, 2, 0, 0, 46)
10 (1, 4, 52, 41, 0, 0, 0, 0, 2, 0, 0, 97)
11 (1, 4, 220, 226, 0, 0, 0, 0, 2, 0, 0, 163)
12 (1, 4, 328, 338, 0, 0, 0, 0, 2, 0, 0, 43)
13 (1, 4, 223, 419, 0, 0, 0, 0, 2, 0, 0, 98)
14 (1, 4, 167, 383, 0, 0, 0, 0, 1, 0, 0, 144)
15 (1, 4, 384, 795, 0, 0, 0, 0, 2, 1, 0, 228)
16 (1, 4, 111, 684, 0, 0, 0, 21, 2, 1, 0, 219)
17 (1, 4, 31, 428, 0, 0, 0, 81, 2, 1, 0, 109)
18 (1, 4, 0, 308, 0, 0, 0, 96, 2, 1, 0, 169)
19 (1, 4, 0, 152, 0, 0, 0, 82, 2, 1, 0, 45)
20 (1, 4, 0, 56, 0, 28, 0, 77, 2, 1, 0, 183)
21 (1, 4, 0, 11, 0, 40, 0, 76, 2, 1, 0, 113)
22 (1, 4, 0, 7, 0, 46, 0, 73, 2, 1, 0, 240)
23 (1, 4, 1, 0, 0, 40, 0, 66, 2, 1, 0, 50)
24 (1, 4, 0, 0, 0, 41, 0, 61, 2, 1, 0, 237)
25 (1, 4, 0, 0, 14, 40, 0, 62, 2, 1, 0, 89)
26 (1, 4, 0, 0, 19, 45, 0, 51, 2, 1, 0, 115)
27 (1, 4, 0, 0, 0, 33, 0, 51, 2, 1, 0, 51)
28 (1, 4, 0, 0, 0, 45, 0, 49, 2, 1, 0, 14)
29 (1, 4, 0, 0, 19, 57, 0, 51, 2, 1, 0, 248)
30 (1, 4, 0, 0, 23, 60, 0, 46, 2, 1, 0, 86)
31 (1, 4, 0, 6, 13, 54, 0, 43, 2, 1, 0, 97)
0 (1, 4, 102, 319, 0, 0, 0, 0, 2, 0, 0, 39)
1 (1, 4, 45, 368, 0, 0, 0, 0, 2, 0, 0, 254)
2 (1, 4, 712, 728, 0, 0, 0, 0, 2, 0, 0, 207)
3 (1, 4, 495, 589, 0, 0, 0, 0, 1, 0, 0, 141)
4 (1, 4, 306, 635, 0, 0, 0, 0, 2, 1, 0, 110)
5 (1, 4, 72, 698, 0, 0, 8, 2, 2, 1, 0, 225)
6 (1, 4, 95, 272, 0, 0, 0, 82, 1, 1, 0, 239)
7 (1, 4, 0, 232, 0, 0, 0, 53, 1, 1, 0, 92)
8 (1, 4, 0, 114, 0, 4, 0, 40, 1, 1, 0, 13)
9 (1, 4, 0, 83, 0, 36, 0, 30, 1, 1, 0, 45)
10 (1, 4, 8, 64, 15, 40, 0, 36, 1, 1, 0, 24)
11 (1, 4, 44, 46, 41, 34, 0, 38, 1, 1, 0, 82)
12 (1, 4, 15, 30, 40, 26, 0, 37, 1, 1, 0, 48)
13 (1, 4, 12, 5, 33, 23, 0, 35, 1, 1, 0, 87)
14 (1, 4, 0, 0, 47, 25, 0, 34, 1, 1, 0, 216)
15 (1, 4, 0, 9, 39, 24, 0, 38, 1, 1, 0, 8)
16 (1, 4, 0, 14, 11, 20, 0, 31, 1, 1, 0, 213)
17 (1, 4, 0, 0, 3, 20, 0, 29, 1, 1, 0, 212)
18 (1, 4, 0, 0, 0, 21, 0, 28, 1, 1, 0, 175)
19 (1, 4, 0, 0, 0, 22, 0, 28, 1, 1, 0, 142)
20 (1, 4, 0, 0, 0, 24, 0, 29, 1, 1, 0, 235)
21 (1, 4, 0, 0, 2, 26, 0, 28, 1, 1, 0, 37)
22 (1, 4, 3, 0, 4, 25, 0, 30, 1, 1, 0, 222)
23 (1, 4, 0, 0, 1, 24, 0, 27, 1, 1, 0, 179)
24 (1, 4, 2, 0, 0, 24, 0, 28, 1, 1, 0, 40)
25 (1, 4, 6, 6, 2, 24, 0, 27, 1, 1, 0, 155)
26 (1, 4, 1, 3, 3, 23, 0, 26, 1, 1, 0, 48)
27 (1, 4, 0, 10, 4, 21, 0, 27, 1, 1, 0, 60)
28 (1, 4, 0, 0, 0, 20, 0, 28, 1, 1, 0, 176)
29 (1, 4, 0, 0, 0, 21, 0, 28, 1, 1, 0, 175)
30 (1, 4, 0, 0, 3, 20, 0, 30, 1, 1, 0, 178)
31 (1, 4, 0, 0, 4, 22, 0, 27, 1, 1, 0, 195)
0 (1, 4, 0, 210, 0, 0, 0, 0, 3, 0, 0, 86)
1 (1, 4, 0, 0, 0, 0, 0, 0, 3, 0, 0, 216)
2 (1, 4, 0, 0, 0, 0, 0, 0, 2, 0, 0, 186)
3 (1, 4, 0, 18, 0, 0, 0, 0, 2, 0, 0, 182)
4 (1, 4, 0, 13, 0, 0, 0, 0, 2, 0, 0, 102)
5 (1, 4, 0, 117, 0, 0, 0, 0, 2, 0, 0, 245)
6 (1, 4, 68, 164, 0, 0, 0, 0, 2, 0, 0, 18)
7 (1, 4, 31, 200, 0, 0, 0, 0, 2, 0, 0, 49)
8 (1, 4, 57, 164, 0, 0, 0, 0, 2, 0, 0, 250)
9 (1, 4, 117, 353, 0, 0, 0, 0, 2, 0, 0, 51)
10 (1, 4, 251, 523, 0, 0, 0, 0, 2, 0, 0, 197)
11 (1, 4, 138, 591, 0, 0, 13, 0, 2, 0, 0, 103)
12 (1, 4, 57, 713, 33, 0, 0, 0, 1, 0, 0, 102)
13 (1, 4, 50, 853, 0, 0, 0, 0, 2, 1, 0, 79)
14 (1, 4, 855, 327, 93, 0, 0, 131, 2, 1, 0, 238)
15 (1, 4, 0, 135, 0, 0, 0, 127, 2, 1, 0, 28)
16 (1, 4, 0, 0, 0, 4, 0, 82, 1, 1, 0, 36)
17 (1, 4, 0, 0, 54, 42, 0, 44, 1, 1, 0, 150)
18 (1, 4, 0, 0, 0, 41, 0, 41, 1, 1, 0, 237)
19 (1, 4, 3, 0, 0, 30, 0, 53, 1, 1, 0, 240)
20 (1, 4, 0, 0, 0, 33, 0, 54, 1, 1, 0, 63)
21 (1, 4, 0, 0, 0, 37, 0, 60, 1, 1, 0, 16)
22 (1, 4, 0, 0, 0, 36, 0, 51, 1, 1, 0, 246)
23 (1, 4, 10, 0, 0, 35, 0, 48, 1, 1, 0, 161)
24 (1, 4, 0, 0, 0, 37, 0, 49, 1, 1, 0, 80)
25 (1, 4, 1, 0, 0, 41, 0, 50, 1, 1, 0, 188)
26 (1, 4, 8, 0, 0, 39, 0, 54, 1, 1, 0, 13)
27 (1, 4, 0, 0, 0, 40, 0, 51, 1, 1, 0, 114)
28 (1, 4, 0, 0, 0, 41, 0, 48, 1, 1, 0, 11)
29 (1, 4, 0, 0, 0, 43, 0, 50, 1, 1, 0, 140)
0 (1, 4, 0, 0, 158, 0, 0, 0, 2, 0, 0, 249)
1 (1, 4, 0, 172, 173, 0, 0, 0, 3, 0, 0, 11)
2 (1, 4, 0, 225, 225, 0, 0, 0, 3, 0, 0, 77)
3 (1, 4, 176, 0, 0, 0, 0, 0, 3, 0, 0, 234)
4 (1, 4, 207, 64, 0, 0, 0, 0, 3, 0, 0, 157)
5 (1, 4, 458, 130, 0, 0, 0, 0, 2, 0, 0, 36)
6 (1, 4, 464, 423, 0, 0, 0, 0, 2, 0, 0, 224)
7 (1, 4, 355, 246, 0, 0, 0, 0, 2, 0, 0, 114)
8 (1, 4, 414, 470, 0, 0, 0, 0, 2, 0, 0, 168)
9 (1, 4, 435, 770, 0, 0, 0, 0, 1, 0, 0, 123)
10 (1, 4, 189, 723, 0, 0, 8, 0, 2, 0, 0, 249)
11 (1, 4, 0, 429, 0, 0, 50, 79, 2, 0, 0, 134)
12 (1, 4, 0, 74, 0, 0, 16, 93, 2, 0, 0, 180)
13 (1, 4, 0, 0, 0, 0, 0, 60, 2, 0, 0, 87)
14 (1, 4, 0, 0, 0, 58, 0, 62, 2, 0, 0, 54)
15 (1, 4, 0, 0, 0, 67, 0, 37, 2, 0, 0, 69)
16 (1, 4, 7, 0, 0, 57, 0, 34, 2, 0, 0, 113)
17 (1, 4, 0, 23, 0, 54, 0, 39, 2, 0, 0, 55)
18 (1, 4, 2, 42, 1, 51, 0, 42, 2, 0, 0, 227)
19 (1, 4, 0, 42, 0, 49, 0, 49, 2, 0, 0, 10)
20 (1, 4, 0, 19, 3, 47, 0, 55, 2, 0, 0, 149)
21 (1, 4, 0, 0, 0, 46, 0, 52, 2, 0, 0, 238)
22 (1, 4, 7, 0, 10, 48, 0, 49, 2, 0, 0, 176)
23 (1, 4, 0, 1, 10, 49, 0, 48, 2, 0, 0, 239)
24 (1, 4, 0, 0, 11, 49, 0, 47, 2, 0, 0, 228)
25 (1, 4, 0, 6, 10, 48, 0, 45, 2, 0, 0, 97)
26 (1, 4, 0, 0, 0, 49, 0, 46, 2, 0, 0, 60)
27 (1, 4, 0, 0, 5, 50, 0, 46, 2, 0, 0, 215)
28 (1, 4, 3, 0, 9, 49, 0, 46, 2, 0, 0, 6)
29 (1, 4, 4, 8, 13, 48, 0, 46, 2, 0, 0, 222)
30 (1, 4, 11, 4, 11, 48, 0, 48, 2, 0, 0, 105)
31 (1, 4, 9, 0, 3, 46, 0, 47, 2, 0, 0, 116)
0 (1, 4, 165, 295, 0, 0, 0, 0, 2, 0, 0, 123)
1 (1, 4, 164, 516, 0, 0, 0, 0, 2, 0, 0, 71)
2 (1, 4, 688, 860, 0, 0, 0, 0, 2, 0, 0, 47)
3 (1, 4, 569, 873, 0, 0, 0, 0, 2, 0, 0, 136)
4 (1, 4, 303, 664, 0, 0, 38, 0, 2, 0, 0, 39)
5 (1, 4, 133, 304, 0, 0, 44, 40, 2, 0, 0, 187)
6 (1, 4, 0, 186, 0, 0, 14, 55, 1, 0, 0, 209)
7 (1, 4, 0, 0, 0, 0, 0, 56, 1, 0, 0, 132)
8 (1, 4, 0, 0, 49, 45, 0, 45, 1, 0, 0, 154)
9 (1, 4, 0, 0, 45, 57, 0, 33, 1, 0, 0, 19)
10 (1, 4, 21, 1, 13, 49, 0, 23, 1, 0, 0, 200)
11 (1, 4, 47, 40, 0, 41, 0, 31, 1, 0, 0, 212)
12 (1, 4, 0, 33, 0, 42, 0, 36, 1, 0, 0, 144)
13 (1, 4, 22, 12, 0, 43, 0, 42, 1, 0, 0, 115)
14 (1, 4, 0, 15, 0, 45, 0, 40, 1, 0, 0, 148)
15 (1, 4, 0, 11, 0, 46, 0, 37, 1, 0, 0, 47)
16 (1, 4, 0, 29, 0, 47, 0, 33, 1, 0, 0, 147)
17 (1, 4, 10, 32, 0, 47, 0, 41, 1, 0, 0, 106)
18 (1, 4, 26, 15, 0, 45, 0, 44, 1, 0, 0, 109)
19 (1, 4, 24, 0, 1, 43, 0, 45, 1, 0, 0, 201)
20 (1, 4, 0, 0, 0, 44, 0, 40, 1, 0, 0, 58)
21 (1, 4, 0, 0, 0, 46, 0, 37, 1, 0, 0, 68)
22 (1, 4, 0, 0, 0, 51, 0, 38, 1, 0, 0, 78)
23 (1, 4, 2, 1, 3, 48, 0, 38, 1, 0, 0, 125)
24 (1, 4, 0, 7, 2, 47, 0, 38, 1, 0, 0, 16)
25 (1, 4, 0, 6, 0, 47, 0, 37, 1, 0, 0, 236)
26 (1, 4, 2, 9, 0, 45, 0, 40, 1, 0, 0, 63)
27 (1, 4, 0, 2, 0, 44, 0, 43, 1, 0, 0, 49)
28 (1, 4, 0, 0, 5, 44, 0, 41, 1, 0, 0, 47)
29 (1, 4, 0, 0, 8, 45, 0, 37, 1, 0, 0, 217)
30 (1, 4, 5, 5, 17, 47, 0, 36, 1, 0, 0, 54)
31 (1, 4, 14, 6, 5, 46, 0, 40, 1, 0, 0, 45)
0 (1, 4, 0, 0, 0, 0, 0, 0, 2, 0, 0, 186)
1 (1, 4, 54, 127, 0, 0, 0, 0, 2, 0, 0, 40)
2 (1, 4, 121, 169, 0, 0, 0, 0, 2, 0, 0, 175)
3 (1, 4, 109, 375, 0, 0, 0, 0, 2, 0, 0, 117)
4 (1, 4, 171, 681, 0, 0, 0, 0, 2, 1, 0, 105)
5 (1, 4, 512, 873, 0, 0, 0, 0, 2, 1, 0, 186)
6 (1, 4, 489, 873, 0, 0, 26, 0, 2, 1, 0, 47)
7 (1, 4, 873, 569, 0, 0, 105, 75, 2, 1, 0, 233)
8 (1, 4, 0, 291, 0, 0, 106, 121, 3, 1, 0, 106)
9 (1, 4, 0, 0, 50, 0, 0, 69, 3, 1, 0, 242)
10 (1, 4, 40, 0, 84, 18, 0, 19, 3, 1, 0, 162)
11 (1, 4, 0, 74, 0, 13, 0, 75, 2, 1, 0, 222)
12 (1, 4, 17, 0, 15, 7, 0, 76, 2, 1, 0, 225)
13 (1, 4, 14, 0, 14, 6, 0, 72, 2, 1, 0, 165)
14 (1, 4, 0, 0, 0, 5, 0, 68, 2, 1, 0, 130)
15 (1, 4, 0, 0, 0, 7, 0, 67, 2, 1, 0, 175)
16 (1, 4, 0, 0, 6, 9, 0, 66, 2, 1, 0, 187)
17 (1, 4, 0, 0, 2, 14, 0, 59, 2, 1, 0, 186)
18 (1, 4, 0, 28, 32, 12, 0, 56, 2, 1, 0, 59)
19 (1, 4, 0, 23, 24, 12, 0, 61, 3, 1, 0, 165)
20 (1, 4, 0, 23, 27, 9, 0, 63, 3, 1, 0, 196)
21 (1, 4, 0, 7, 15, 6, 0, 66, 3, 1, 0, 86)
22 (1, 4, 0, 0, 10, 4, 0, 66, 3, 1, 0, 160)
23 (1, 4, 0, 0, 7, 6, 0, 61, 3, 1, 0, 38)
24 (1, 4, 0, 0, 5, 5, 0, 62, 3, 1, 0, 78)
25 (1, 4, 0, 0, 5, 8, 0, 58, 3, 1, 0, 160)
26 (1, 4, 0, 0, 1, 8, 0, 57, 3, 1, 0, 152)
27 (1, 4, 0, 3, 12, 6, 0, 59, 3, 1, 0, 53)
28 (1, 4, 0, 4, 6, 6, 0, 59, 3, 1, 0, 164)
29 (1, 4, 0, 0, 1, 6, 0, 62, 3, 1, 0, 49)
30 (1, 4, 0, 0, 0, 7, 0, 60, 3, 1, 0, 3)
0 (1, 4, 0, 0, 262, 0, 0, 0, 2, 0, 0, 150)
1 (1, 4, 0, 0, 235, 0, 0, 0, 2, 0, 0, 73)
2 (1, 4, 0, 0, 186, 0, 0, 0, 2, 0, 0, 89)
3 (1, 4, 0, 156, 112, 0, 0, 0, 2, 0, 0, 201)
4 (1, 4, 97, 278, 74, 0, 0, 0, 2, 0, 0, 161)
5 (1, 4, 443, 0, 0, 0, 0, 8, 2, 0, 0, 2)
6 (1, 4, 43, 76, 0, 0, 0, 0, 2, 0, 0, 245)
7 (1, 4, 240, 359, 0, 0, 0, 0, 2, 0, 0, 167)
8 (1, 4, 118, 660, 0, 0, 0, 0, 2, 0, 0, 71)
9 (1, 4, 450, 873, 0, 0, 0, 0, 2, 0, 0, 87)
10 (1, 4, 480, 873, 0, 0, 92, 0, 2, 0, 0, 49)
11 (1, 4, 316, 856, 0, 0, 63, 11, 2, 0, 0, 3)
12 (1, 4, 153, 448, 0, 0, 76, 180, 2, 0, 0, 227)
13 (1, 4, 0, 0, 0, 0, 0, 115, 2, 0, 0, 235)
14 (1, 4, 0, 0, 12, 36, 0, 15, 2, 0, 0, 52)
15 (1, 4, 0, 33, 0, 47, 0, 17, 2, 0, 0, 141)
16 (1, 4, 0, 70, 37, 34, 0, 34, 2, 0, 0, 117)
17 (1, 4, 0, 0, 19, 23, 0, 31, 2, 0, 0, 254)
18 (1, 4, 0, 0, 10, 34, 0, 27, 2, 0, 0, 161)
19 (1, 4, 0, 0, 11, 43, 0, 13, 2, 0, 0, 205)
20 (1, 4, 0, 3, 12, 42, 0, 9, 2, 0, 0, 154)
21 (1, 4, 0, 25, 5, 40, 0, 14, 2, 0, 0, 32)
22 (1, 4, 0, 33, 0, 36, 0, 15, 2, 0, 0, 161)
23 (1, 4, 0, 26, 0, 38, 0, 13, 2, 0, 0, 238)
24 (1, 4, 3, 71, 0, 37, 0, 21, 2, 0, 0, 218)
25 (1, 4, 22, 41, 0, 34, 0, 26, 2, 0, 0, 237)
26 (1, 4, 0, 25, 2, 33, 0, 27, 2, 0, 0, 91)
27 (1, 4, 0, 22, 7, 35, 0, 19, 2, 0, 0, 244)
28 (1, 4, 2, 0, 6, 36, 0, 13, 2, 0, 0, 2)
29 (1, 4, 64, 0, 0, 33, 0, 26, 2, 0, 0, 69)
30 (1, 4, 0, 0, 0, 37, 0, 27, 2, 0, 0, 111)

