0 (1, 4, 0, 0, 0, 0, 18, 0, 0, 1, 0, 98)
1 (1, 4, 0, 0, 0, 0, 85, 4, 0, 1, 0, 101)
2 (1, 4, 90, 0, 145, 0, 133, 47, 0, 1, 0, 252)
3 (1, 4, 0, 0, 501, 0, 70, 0, 0, 1, 0, 2)
4 (1, 4, 149, 0, 682, 0, 0, 0, 0, 1, 0, 240)
5 (1, 4, 0, 0, 228, 0, 0, 0, 0, 1, 0, 191)
6 (1, 4, 460, 324, 0, 0, 0, 0, 0, 1, 0, 127)
7 (1, 4, 101, 195, 0, 0, 0, 0, 0, 1, 0, 55)
8 (1, 4, 198, 177, 0, 0, 0, 0, 0, 1, 0, 186)
9 (1, 4, 6, 38, 0, 0, 247, 102, 0, 1, 0, 162)
10 (1, 4, 0, 0, 479, 0, 327, 143, 0, 1, 0, 118)
11 (1, 4, 0, 0, 769, 0, 0, 0, 0, 1, 0, 102)
12 (1, 4, 0, 0, 40, 0, 0, 0, 1, 1, 0, 53)
13 (1, 4, 133, 253, 0, 39, 0, 0, 0, 1, 0, 127)
14 (1, 4, 0, 529, 0, 0, 0, 0, 0, 1, 0, 12)
15 (1, 4, 89, 614, 0, 0, 0, 0, 0, 1, 0, 57)
16 (1, 4, 96, 529, 0, 0, 0, 0, 1, 2, 0, 157)
17 (1, 4, 323, 278, 0, 0, 98, 35, 0, 1, 0, 157)
18 (1, 4, 0, 0, 0, 30, 233, 37, 0, 1, 0, 200)
19 (1, 4, 0, 0, 516, 0, 217, 39, 0, 0, 0, 59)
20 (1, 4, 33, 0, 873, 0, 148, 0, 0, 0, 0, 47)
21 (1, 4, 0, 0, 873, 0, 0, 0, 1, 0, 0, 214)
22 (1, 4, 464, 0, 206, 0, 0, 0, 0, 0, 0, 199)
23 (1, 4, 0, 78, 26, 21, 0, 0, 0, 0, 0, 129)
24 (1, 4, 0, 44, 0, 4, 0, 28, 0, 0, 0, 229)
25 (1, 4, 99, 0, 0, 21, 0, 0, 0, 0, 0, 182)
26 (1, 4, 2, 61, 0, 11, 0, 0, 0, 0, 0, 196)
27 (1, 4, 0, 25, 0, 21, 0, 0, 0, 0, 0, 141)
28 (1, 4, 99, 0, 7, 25, 0, 29, 0, 0, 0, 68)
29 (1, 4, 92, 0, 87, 17, 0, 12, 0, 0, 0, 73)
30 (1, 4, 19, 0, 27, 11, 0, 2, 0, 0, 0, 148)
31 (1, 4, 9, 0, 17, 14, 0, 4, 0, 0, 0, 36)
0 (1, 4, 77, 0, 0, 64, 0, 13, 1, 2, 0, 144)
1 (1, 4, 0, 0, 0, 47, 14, 0, 1, 2, 0, 86)
2 (1, 4, 45, 0, 194, 33, 26, 0, 0, 2, 0, 76)
3 (1, 4, 247, 0, 335, 0, 52, 0, 0, 2, 0, 173)
4 (1, 4, 0, 0, 578, 0, 47, 0, 1, 2, 0, 0)
5 (1, 4, 0, 0, 709, 0, 0, 0, 0, 2, 0, 210)
6 (1, 4, 0, 0, 695, 0, 0, 0, 1, 2, 0, 229)
7 (1, 4, 0, 0, 10, 0, 0, 0, 1, 2, 0, 89)
8 (1, 4, 474, 397, 0, 0, 0, 0, 1, 2, 0, 224)
9 (1, 4, 184, 194, 0, 0, 0, 0, 1, 2, 0, 103)
10 (1, 4, 379, 59, 0, 0, 0, 0, 1, 2, 0, 204)
11 (1, 4, 5, 0, 0, 0, 136, 0, 1, 2, 0, 9)
12 (1, 4, 0, 0, 0, 0, 189, 46, 1, 2, 0, 170)
13 (1, 4, 0, 0, 527, 0, 109, 26, 0, 2, 0, 135)
14 (1, 4, 0, 0, 789, 0, 0, 0, 1, 2, 0, 152)
15 (1, 4, 0, 0, 462, 0, 0, 0, 1, 2, 0, 80)
16 (1, 4, 237, 674, 0, 0, 0, 0, 1, 2, 0, 180)
17 (1, 4, 49, 593, 0, 0, 0, 0, 1, 2, 0, 121)
18 (1, 4, 92, 556, 0, 0, 0, 0, 1, 2, 0, 141)
19 (1, 4, 85, 405, 0, 0, 0, 0, 1, 2, 0, 127)
20 (1, 4, 0, 268, 0, 9, 45, 18, 2, 3, 0, 80)
21 (1, 4, 10, 50, 0, 70, 100, 12, 2, 2, 0, 50)
22 (1, 4, 0, 0, 258, 77, 128, 18, 1, 1, 0, 21)
23 (1, 4, 15, 0, 603, 16, 137, 19, 1, 1, 0, 218)
24 (1, 4, 0, 0, 873, 0, 4, 0, 1, 1, 0, 94)
25 (1, 4, 285, 0, 364, 0, 0, 0, 0, 0, 0, 96)
26 (1, 4, 0, 0, 0, 28, 0, 0, 0, 0, 0, 13)
27 (1, 4, 8, 114, 72, 4, 0, 17, 0, 0, 0, 116)
28 (1, 4, 0, 48, 17, 17, 0, 0, 0, 0, 0, 222)
29 (1, 4, 25, 21, 10, 24, 0, 0, 0, 0, 0, 114)
30 (1, 4, 106, 0, 29, 29, 0, 0, 0, 0, 0, 57)
31 (1, 4, 28, 0, 8, 23, 0, 0, 0, 0, 0, 192)
0 (1, 4, 5, 13, 0, 20, 0, 0, 0, 0, 0, 31)
1 (1, 4, 70, 0, 11, 24, 0, 0, 0, 0, 0, 219)
2 (1, 4, 13, 0, 0, 19, 0, 1, 0, 0, 0, 49)
3 (1, 4, 3, 20, 0, 25, 0, 0, 0, 0, 0, 199)
4 (1, 4, 51, 37, 0, 24, 0, 8, 0, 0, 0, 3)
5 (1, 4, 0, 68, 0, 11, 0, 7, 0, 0, 0, 237)
6 (1, 4, 0, 95, 0, 0, 0, 18, 1, 0, 0, 37)
7 (1, 4, 0, 17, 0, 0, 0, 10, 1, 1, 0, 240)
8 (1, 4, 20, 118, 0, 20, 0, 0, 1, 0, 0, 216)
9 (1, 4, 148, 213, 175, 24, 0, 11, 1, 1, 0, 227)
10 (1, 4, 0, 94, 369, 14, 0, 0, 1, 0, 0, 243)
11 (1, 4, 0, 96, 511, 0, 0, 0, 0, 0, 0, 176)
12 (1, 4, 0, 0, 0, 82, 0, 0, 1, 0, 0, 0)
13 (1, 4, 24, 201, 0, 73, 0, 0, 1, 1, 0, 81)
14 (1, 4, 0, 249, 0, 20, 0, 0, 2, 2, 0, 192)
15 (1, 4, 0, 452, 0, 0, 0, 30, 1, 2, 0, 130)
16 (1, 4, 0, 347, 36, 0, 66, 38, 1, 2, 0, 131)
17 (1, 4, 0, 64, 293, 0, 106, 103, 1, 2, 0, 243)
18 (1, 4, 0, 0, 664, 0, 91, 71, 1, 2, 0, 193)
19 (1, 4, 0, 0, 873, 0, 7, 11, 1, 2, 0, 228)
20 (1, 4, 0, 0, 635, 0, 0, 0, 1, 2, 0, 13)
21 (1, 4, 732, 645, 0, 0, 0, 0, 1, 2, 0, 89)
22 (1, 4, 243, 387, 0, 0, 0, 0, 1, 2, 0, 95)
23 (1, 4, 291, 450, 0, 0, 0, 0, 1, 1, 0, 170)
24 (1, 4, 223, 241, 0, 0, 0, 0, 1, 1, 0, 197)
25 (1, 4, 212, 183, 0, 0, 20, 0, 1, 1, 0, 245)
26 (1, 4, 68, 109, 0, 52, 81, 31, 1, 1, 0, 245)
27 (1, 4, 47, 0, 173, 45, 171, 93, 1, 1, 0, 68)
28 (1, 4, 156, 0, 803, 0, 201, 0, 1, 1, 0, 254)
29 (1, 4, 0, 262, 873, 0, 0, 0, 1, 0, 0, 132)
30 (1, 4, 639, 0, 261, 0, 0, 0, 1, 1, 0, 16)
31 (1, 4, 0, 0, 0, 0, 0, 0, 1, 1, 0, 119)
0 (1, 4, 0, 458, 3, 0, 31, 92, 2, 3, 0, 32)
1 (1, 4, 0, 93, 167, 8, 55, 16, 2, 3, 0, 24)
2 (1, 4, 0, 0, 307, 0, 68, 6, 2, 4, 0, 67)
3 (1, 4, 0, 0, 564, 0, 118, 69, 2, 3, 0, 14)
4 (1, 4, 0, 0, 865, 0, 0, 0, 2, 3, 0, 113)
5 (1, 4, 0, 0, 369, 0, 0, 0, 1, 2, 0, 121)
6 (1, 4, 427, 414, 0, 0, 0, 0, 1, 2, 0, 249)
7 (1, 4, 312, 310, 0, 0, 0, 0, 1, 2, 0, 110)
8 (1, 4, 405, 178, 0, 0, 28, 0, 1, 2, 0, 99)
9 (1, 4, 23, 92, 0, 0, 292, 68, 1, 2, 0, 70)
10 (1, 4, 0, 0, 312, 0, 164, 50, 1, 2, 0, 187)
11 (1, 4, 0, 0, 515, 0, 0, 0, 1, 2, 0, 203)
12 (1, 4, 0, 0, 86, 70, 0, 0, 1, 2, 0, 168)
13 (1, 4, 217, 515, 0, 20, 0, 0, 1, 1, 0, 235)
14 (1, 4, 198, 465, 0, 0, 0, 0, 1, 1, 0, 124)
15 (1, 4, 252, 92, 0, 0, 0, 14, 1, 1, 0, 41)
16 (1, 4, 194, 106, 0, 28, 28, 36, 1, 0, 0, 3)
17 (1, 4, 142, 0, 0, 90, 154, 18, 1, 1, 0, 58)
18 (1, 4, 0, 66, 158, 114, 170, 0, 1, 1, 0, 37)
19 (1, 4, 0, 0, 558, 26, 140, 20, 1, 1, 0, 127)
20 (1, 4, 14, 0, 832, 0, 43, 15, 2, 1, 0, 39)
21 (1, 4, 0, 0, 705, 0, 0, 3, 1, 1, 0, 53)
22 (1, 4, 0, 0, 84, 4, 0, 0, 2, 1, 0, 119)
23 (1, 4, 0, 140, 41, 14, 0, 0, 1, 1, 0, 115)
24 (1, 4, 0, 164, 0, 0, 0, 0, 1, 1, 0, 110)
25 (1, 4, 87, 285, 0, 19, 0, 0, 1, 1, 0, 186)
26 (1, 4, 36, 360, 0, 31, 0, 0, 1, 1, 0, 205)
27 (1, 4, 111, 224, 0, 59, 0, 12, 1, 1, 0, 123)
28 (1, 4, 101, 163, 0, 69, 0, 9, 1, 1, 0, 151)
29 (1, 4, 130, 62, 0, 74, 0, 22, 1, 1, 0, 213)
30 (1, 4, 54, 3, 0, 71, 0, 9, 1, 0, 0, 122)
31 (1, 4, 196, 0, 28, 65, 0, 8, 1, 1, 0, 110)
0 (1, 4, 25, 39, 43, 65, 0, 2, 1, 1, 0, 163)
1 (1, 4, 0, 74, 28, 61, 0, 28, 1, 1, 0, 126)
2 (1, 4, 0, 0, 0, 64, 0, 29, 1, 1, 0, 49)
3 (1, 4, 0, 0, 0, 64, 0, 14, 1, 1, 0, 132)
4 (1, 4, 0, 5, 0, 57, 0, 0, 1, 1, 0, 225)
5 (1, 4, 0, 29, 0, 52, 0, 0, 1, 1, 0, 168)
6 (1, 4, 0, 81, 0, 33, 0, 0, 1, 1, 0, 214)
7 (1, 4, 0, 215, 0, 66, 0, 0, 1, 1, 0, 125)
8 (1, 4, 0, 220, 0, 44, 0, 0, 1, 1, 0, 144)
9 (1, 4, 0, 362, 0, 51, 69, 0, 2, 3, 0, 194)
10 (1, 4, 0, 353, 239, 13, 81, 20, 1, 3, 0, 198)
11 (1, 4, 0, 187, 714, 0, 93, 23, 1, 3, 0, 79)
12 (1, 4, 0, 0, 812, 0, 24, 14, 2, 3, 0, 158)
13 (1, 4, 104, 0, 866, 0, 0, 0, 2, 3, 0, 244)
14 (1, 4, 0, 0, 208, 0, 0, 0, 2, 3, 0, 114)
15 (1, 4, 698, 797, 0, 0, 0, 0, 1, 2, 0, 5)
16 (1, 4, 364, 379, 0, 0, 0, 7, 1, 2, 0, 115)
17 (1, 4, 265, 88, 0, 0, 89, 9, 1, 2, 0, 245)
18 (1, 4, 13, 0, 0, 0, 255, 56, 2, 3, 0, 214)
19 (1, 4, 248, 0, 655, 0, 142, 30, 1, 3, 0, 105)
20 (1, 4, 68, 0, 562, 0, 0, 0, 1, 2, 0, 111)
21 (1, 4, 70, 0, 0, 78, 0, 0, 0, 1, 0, 215)
22 (1, 4, 0, 28, 0, 28, 0, 0, 0, 1, 0, 110)
23 (1, 4, 0, 52, 0, 0, 0, 0, 0, 1, 0, 108)
24 (1, 4, 0, 0, 0, 0, 0, 0, 0, 1, 0, 21)
25 (1, 4, 98, 0, 0, 54, 38, 0, 0, 0, 0, 108)
26 (1, 4, 328, 0, 0, 42, 78, 61, 0, 0, 0, 82)
27 (1, 4, 108, 42, 207, 117, 117, 0, 0, 0, 0, 151)
28 (1, 4, 0, 306, 501, 50, 63, 0, 0, 0, 0, 72)
29 (1, 4, 0, 366, 712, 0, 26, 0, 0, 0, 0, 100)
30 (1, 4, 0, 267, 845, 0, 0, 9, 1, 0, 0, 205)
31 (1, 4, 0, 0, 373, 0, 0, 2, 2, 2, 0, 56)
0 (1, 4, 0, 45, 0, 40, 83, 48, 2, 3, 0, 110)
1 (1, 4, 0, 0, 289, 40, 98, 42, 2, 4, 0, 32)
2 (1, 4, 0, 0, 670, 0, 85, 14, 3, 4, 0, 169)
3 (1, 4, 0, 0, 835, 0, 20, 13, 2, 3, 0, 134)
4 (1, 4, 76, 0, 873, 0, 0, 0, 2, 3, 0, 12)
5 (1, 4, 0, 0, 830, 0, 0, 0, 2, 4, 0, 186)
6 (1, 4, 253, 55, 44, 0, 0, 0, 1, 1, 0, 55)
7 (1, 4, 218, 236, 0, 0, 0, 0, 1, 1, 0, 78)
8 (1, 4, 67, 241, 0, 0, 0, 0, 1, 1, 0, 120)
9 (1, 4, 113, 250, 0, 0, 0, 0, 1, 1, 0, 40)
10 (1, 4, 125, 158, 0, 0, 0, 0, 1, 1, 0, 251)
11 (1, 4, 131, 116, 0, 0, 20, 0, 1, 1, 0, 236)
12 (1, 4, 105, 81, 0, 35, 81, 0, 1, 1, 0, 62)
13 (1, 4, 83, 52, 0, 58, 114, 24, 0, 0, 0, 253)
14 (1, 4, 193, 5, 344, 72, 157, 25, 0, 0, 0, 199)
15 (1, 4, 193, 102, 709, 0, 95, 26, 0, 0, 0, 214)
16 (1, 4, 412, 0, 695, 0, 0, 71, 1, 0, 0, 218)
17 (1, 4, 0, 0, 196, 2, 0, 0, 0, 0, 0, 20)
18 (1, 4, 0, 49, 5, 36, 0, 10, 1, 0, 0, 6)
19 (1, 4, 18, 77, 33, 23, 0, 27, 1, 0, 0, 32)
20 (1, 4, 0, 30, 3, 29, 0, 13, 1, 0, 0, 238)
21 (1, 4, 0, 29, 8, 28, 0, 8, 1, 0, 0, 132)
22 (1, 4, 0, 10, 0, 22, 0, 6, 1, 0, 0, 187)
23 (1, 4, 0, 11, 0, 26, 0, 1, 1, 0, 0, 153)
24 (1, 4, 0, 34, 4, 27, 0, 7, 1, 0, 0, 208)
25 (1, 4, 0, 12, 0, 30, 0, 8, 1, 0, 0, 210)
26 (1, 4, 0, 23, 12, 26, 0, 4, 1, 0, 0, 217)
27 (1, 4, 0, 4, 13, 29, 0, 1, 1, 0, 0, 3)
28 (1, 4, 0, 0, 5, 26, 0, 1, 1, 0, 0, 56)
29 (1, 4, 0, 0, 0, 28, 0, 0, 1, 0, 0, 111)
30 (1, 4, 0, 0, 0, 27, 0, 0, 1, 0, 0, 50)
31 (1, 4, 0, 0, 4, 30, 0, 0, 1, 0, 0, 15)
0 (1, 4, 24, 17, 0, 29, 0, 0, 1, 1, 0, 95)
1 (1, 4, 22, 0, 0, 23, 0, 0, 1, 1, 0, 25)
2 (1, 4, 25, 16, 8, 22, 0, 0, 1, 1, 0, 129)
3 (1, 4, 39, 0, 3, 21, 0, 9, 1, 1, 0, 128)
4 (1, 4, 85, 10, 4, 24, 0, 17, 1, 1, 0, 171)
5 (1, 4, 67, 35, 40, 17, 0, 16, 1, 1, 0, 143)
6 (1, 4, 0, 34, 0, 1, 0, 0, 1, 1, 0, 199)
7 (1, 4, 0, 52, 0, 0, 0, 0, 1, 1, 0, 14)
8 (1, 4, 0, 218, 0, 0, 0, 0, 1, 1, 0, 74)
9 (1, 4, 35, 290, 0, 33, 0, 0, 1, 2, 0, 163)
10 (1, 4, 89, 349, 0, 30, 5, 0, 2, 2, 0, 119)
11 (1, 4, 0, 370, 0, 39, 40, 39, 3, 5, 0, 122)
12 (1, 4, 0, 204, 194, 23, 173, 92, 2, 4, 0, 30)
13 (1, 4, 0, 0, 616, 0, 141, 57, 3, 4, 0, 88)
14 (1, 4, 0, 0, 873, 0, 29, 0, 2, 3, 0, 19)
15 (1, 4, 0, 0, 873, 0, 0, 0, 3, 6, 0, 111)
16 (1, 4, 8, 0, 17, 2, 0, 0, 1, 2, 0, 111)
17 (1, 4, 221, 309, 0, 0, 0, 0, 1, 2, 0, 217)
18 (1, 4, 332, 263, 0, 0, 0, 0, 1, 2, 0, 238)
19 (1, 4, 259, 96, 0, 0, 47, 0, 2, 3, 0, 242)
20 (1, 4, 0, 0, 0, 0, 274, 6, 2, 3, 0, 175)
21 (1, 4, 0, 0, 610, 0, 184, 30, 1, 2, 0, 210)
22 (1, 4, 0, 0, 861, 0, 0, 0, 1, 2, 0, 223)
23 (1, 4, 0, 0, 183, 0, 0, 0, 1, 2, 0, 95)
24 (1, 4, 215, 210, 0, 15, 0, 0, 1, 2, 0, 183)
25 (1, 4, 0, 244, 0, 0, 0, 0, 1, 2, 0, 49)
26 (1, 4, 143, 341, 0, 0, 0, 0, 2, 2, 0, 75)
27 (1, 4, 49, 253, 0, 0, 0, 0, 1, 2, 0, 30)
28 (1, 4, 200, 299, 0, 0, 0, 0, 1, 1, 0, 215)
29 (1, 4, 320, 42, 0, 5, 68, 29, 1, 1, 0, 233)
30 (1, 4, 308, 0, 60, 68, 178, 37, 1, 0, 0, 142)
31 (1, 4, 203, 0, 615, 71, 216, 0, 1, 0, 0, 90)
0 (1, 4, 232, 0, 0, 37, 0, 0, 1, 2, 0, 107)
1 (1, 4, 0, 0, 0, 43, 17, 0, 2, 3, 0, 203)
2 (1, 4, 158, 0, 194, 19, 45, 0, 2, 5, 0, 126)
3 (1, 4, 40, 0, 431, 0, 54, 0, 2, 4, 0, 52)
4 (1, 4, 0, 0, 646, 0, 40, 0, 1, 3, 0, 87)
5 (1, 4, 99, 0, 749, 0, 0, 26, 2, 4, 0, 245)
6 (1, 4, 0, 0, 739, 0, 0, 0, 4, 12, 0, 254)
7 (1, 4, 0, 0, 0, 0, 0, 0, 1, 3, 0, 161)
8 (1, 4, 257, 256, 0, 0, 0, 0, 1, 2, 0, 35)
9 (1, 4, 21, 223, 0, 0, 0, 0, 1, 2, 0, 78)
10 (1, 4, 141, 231, 0, 0, 0, 0, 1, 2, 0, 219)
11 (1, 4, 49, 178, 0, 0, 26, 0, 1, 2, 0, 154)
12 (1, 4, 0, 107, 0, 0, 62, 10, 1, 2, 0, 235)
13 (1, 4, 0, 0, 219, 0, 51, 33, 1, 2, 0, 197)
14 (1, 4, 0, 0, 426, 0, 2, 32, 1, 2, 0, 88)
15 (1, 4, 0, 0, 505, 0, 0, 0, 1, 2, 0, 52)
16 (1, 4, 0, 0, 53, 0, 0, 0, 1, 2, 0, 129)
17 (1, 4, 273, 268, 0, 0, 0, 0, 1, 2, 0, 170)
18 (1, 4, 0, 179, 0, 0, 0, 0, 1, 2, 0, 176)
19 (1, 4, 0, 403, 0, 0, 0, 0, 1, 2, 0, 151)
20 (1, 4, 0, 391, 0, 0, 0, 0, 2, 4, 0, 247)
21 (1, 4, 15, 335, 0, 0, 0, 0, 2, 3, 0, 138)
22 (1, 4, 39, 190, 0, 1, 11, 0, 1, 1, 0, 105)
23 (1, 4, 0, 129, 0, 41, 54, 0, 0, 1, 0, 54)
24 (1, 4, 0, 275, 0, 58, 43, 0, 1, 0, 0, 223)
25 (1, 4, 0, 140, 0, 76, 39, 8, 1, 0, 0, 170)
26 (1, 4, 314, 0, 126, 55, 102, 102, 1, 0, 0, 143)
27 (1, 4, 0, 0, 494, 58, 180, 0, 1, 0, 0, 255)
28 (1, 4, 0, 0, 813, 0, 39, 0, 1, 0, 0, 22)
29 (1, 4, 0, 12, 517, 0, 0, 0, 3, 3, 0, 124)
30 (1, 4, 629, 0, 0, 30, 0, 0, 4, 3, 0, 157)
31 (1, 4, 33, 3, 0, 137, 7, 0, 0, 0, 0, 77)
0 (1, 4, 0, 0, 0, 73, 0, 0, 0, 0, 0, 76)
1 (1, 4, 0, 7, 0, 72, 0, 0, 0, 0, 0, 81)
2 (1, 4, 3, 6, 4, 73, 0, 0, 0, 0, 0, 183)
3 (1, 4, 45, 0, 0, 75, 0, 0, 0, 0, 0, 243)
4 (1, 4, 120, 0, 0, 83, 0, 0, 0, 0, 0, 163)
5 (1, 4, 128, 0, 0, 78, 0, 0, 0, 0, 0, 4)
6 (1, 4, 0, 0, 0, 69, 0, 0, 0, 0, 0, 200)
7 (1, 4, 0, 0, 0, 77, 0, 0, 0, 1, 0, 91)
8 (1, 4, 0, 77, 0, 63, 0, 0, 1, 1, 0, 147)
9 (1, 4, 0, 3, 0, 64, 26, 0, 1, 2, 0, 113)
10 (1, 4, 0, 28, 158, 39, 36, 0, 1, 2, 0, 219)
11 (1, 4, 141, 0, 324, 29, 15, 5, 1, 2, 0, 14)
12 (1, 4, 175, 0, 585, 0, 33, 1, 1, 3, 0, 235)
13 (1, 4, 10, 0, 839, 0, 0, 29, 2, 3, 0, 1)
14 (1, 4, 128, 0, 873, 0, 0, 0, 1, 2, 0, 21)
15 (1, 4, 0, 0, 437, 0, 0, 0, 3, 4, 0, 148)
16 (1, 4, 116, 202, 0, 0, 0, 0, 3, 4, 0, 185)
17 (1, 4, 0, 304, 0, 0, 0, 0, 4, 6, 0, 202)
18 (1, 4, 130, 314, 0, 0, 0, 10, 3, 4, 0, 177)
19 (1, 4, 193, 192, 0, 0, 0, 19, 2, 3, 0, 162)
20 (1, 4, 187, 0, 0, 0, 49, 10, 2, 2, 0, 158)
21 (1, 4, 174, 0, 118, 0, 107, 0, 2, 3, 0, 215)
22 (1, 4, 31, 0, 503, 0, 61, 0, 2, 2, 0, 54)
23 (1, 4, 122, 0, 638, 0, 0, 40, 2, 2, 0, 232)
24 (1, 4, 191, 11, 516, 0, 0, 49, 2, 3, 0, 77)
25 (1, 4, 158, 133, 138, 0, 0, 52, 2, 3, 0, 173)
26 (1, 4, 0, 0, 0, 0, 0, 37, 2, 3, 0, 12)
27 (1, 4, 0, 6, 0, 2, 0, 0, 2, 3, 0, 142)
28 (1, 4, 0, 184, 0, 0, 0, 0, 2, 2, 0, 125)
29 (1, 4, 0, 292, 0, 0, 0, 0, 2, 2, 0, 145)
0 (1, 4, 0, 208, 748, 0, 0, 0, 1, 1, 0, 56)
1 (1, 4, 0, 0, 0, 0, 0, 0, 2, 2, 0, 108)
2 (1, 4, 98, 96, 0, 0, 0, 0, 1, 2, 0, 217)
3 (1, 4, 161, 196, 0, 0, 0, 0, 1, 2, 0, 78)
4 (1, 4, 83, 82, 0, 0, 0, 0, 1, 1, 0, 131)
5 (1, 4, 72, 122, 0, 0, 0, 0, 1, 2, 0, 205)
6 (1, 4, 59, 255, 0, 0, 0, 0, 3, 4, 0, 166)
7 (1, 4, 131, 286, 0, 36, 0, 0, 2, 3, 0, 21)
8 (1, 4, 310, 268, 0, 57, 0, 22, 0, 1, 0, 126)
9 (1, 4, 320, 48, 0, 73, 45, 68, 0, 0, 0, 2)
10 (1, 4, 102, 0, 49, 65, 79, 55, 1, 0, 0, 123)
11 (1, 4, 30, 0, 282, 37, 84, 58, 1, 0, 0, 206)
12 (1, 4, 0, 0, 683, 0, 9, 0, 0, 0, 0, 116)
13 (1, 4, 0, 0, 485, 0, 0, 0, 1, 0, 0, 127)
14 (1, 4, 106, 0, 0, 3, 0, 1, 0, 0, 0, 162)
15 (1, 4, 0, 0, 0, 62, 0, 0, 0, 0, 0, 218)
16 (1, 4, 0, 53, 0, 70, 0, 0, 0, 0, 0, 37)
17 (1, 4, 0, 17, 0, 61, 0, 0, 0, 0, 0, 47)
18 (1, 4, 0, 26, 0, 57, 0, 0, 0, 0, 0, 56)
19 (1, 4, 0, 16, 0, 49, 0, 0, 0, 0, 0, 30)
20 (1, 4, 0, 1, 0, 52, 0, 0, 0, 0, 0, 169)
21 (1, 4, 0, 0, 0, 59, 0, 0, 0, 0, 0, 185)
22 (1, 4, 3, 6, 13, 61, 0, 0, 0, 0, 0, 40)
23 (1, 4, 10, 20, 32, 57, 0, 0, 0, 0, 0, 174)
24 (1, 4, 8, 21, 33, 52, 0, 0, 0, 0, 0, 8)
25 (1, 4, 0, 18, 12, 60, 0, 0, 0, 0, 0, 10)
26 (1, 4, 24, 36, 6, 62, 0, 0, 0, 0, 0, 35)
27 (1, 4, 27, 34, 0, 55, 0, 0, 0, 0, 0, 16)
28 (1, 4, 7, 31, 0, 59, 0, 0, 0, 0, 0, 67)
29 (1, 4, 0, 8, 0, 55, 0, 0, 0, 0, 0, 142)
0 (1, 4, 0, 157, 0, 29, 0, 0, 1, 0, 0, 204)
1 (1, 4, 0, 226, 0, 30, 0, 0, 1, 1, 0, 23)
2 (1, 4, 3, 429, 0, 29, 0, 0, 1, 1, 0, 243)
3 (1, 4, 474, 283, 0, 20, 6, 24, 2, 2, 0, 50)
4 (1, 4, 0, 209, 0, 63, 92, 79, 2, 2, 0, 128)
5 (1, 4, 0, 64, 139, 56, 33, 180, 2, 2, 0, 6)
6 (1, 4, 0, 0, 350, 28, 62, 72, 2, 2, 0, 252)
7 (1, 4, 0, 0, 508, 0, 38, 14, 1, 2, 0, 196)
8 (1, 4, 0, 0, 640, 0, 38, 0, 1, 2, 0, 157)
9 (1, 4, 0, 0, 698, 0, 0, 0, 4, 6, 0, 213)
10 (1, 4, 0, 0, 531, 0, 0, 0, 1, 2, 0, 180)
11 (1, 4, 0, 0, 171, 0, 0, 0, 1, 2, 0, 194)
12 (1, 4, 0, 113, 0, 0, 0, 0, 1, 2, 0, 95)
13 (1, 4, 216, 276, 0, 0, 0, 0, 1, 2, 0, 152)
14 (1, 4, 231, 388, 0, 0, 0, 0, 1, 2, 0, 133)
15 (1, 4, 243, 396, 0, 0, 0, 0, 1, 2, 0, 238)
16 (1, 4, 385, 230, 0, 0, 32, 0, 1, 2, 0, 41)
17 (1, 4, 311, 132, 0, 12, 71, 22, 1, 2, 0, 247)
18 (1, 4, 56, 0, 205, 0, 67, 29, 1, 2, 0, 227)
19 (1, 4, 0, 0, 394, 0, 27, 31, 1, 2, 0, 16)
20 (1, 4, 11, 0, 578, 0, 11, 0, 1, 2, 0, 140)
21 (1, 4, 0, 0, 764, 0, 0, 0, 1, 2, 0, 25)
22 (1, 4, 0, 57, 542, 0, 0, 0, 2, 3, 0, 170)
23 (1, 4, 0, 0, 88, 0, 0, 0, 1, 2, 0, 242)
24 (1, 4, 51, 202, 0, 0, 0, 0, 1, 2, 0, 163)
25 (1, 4, 125, 273, 0, 0, 0, 0, 1, 3, 0, 120)
26 (1, 4, 94, 303, 0, 0, 0, 0, 1, 3, 0, 10)
27 (1, 4, 135, 365, 0, 0, 0, 0, 1, 2, 0, 141)
28 (1, 4, 48, 331, 0, 0, 0, 0, 1, 2, 0, 224)
29 (1, 4, 53, 285, 0, 0, 0, 2, 1, 1, 0, 135)
0 (1, 4, 60, 267, 0, 0, 0, 0, 1, 3, 0, 64)
1 (1, 4, 202, 235, 0, 0, 4, 0, 1, 3, 0, 153)
2 (1, 4, 34, 143, 0, 0, 70, 8, 1, 3, 0, 43)
3 (1, 4, 3, 16, 119, 0, 88, 39, 1, 2, 0, 202)
4 (1, 4, 0, 0, 393, 0, 58, 26, 1, 2, 0, 117)
5 (1, 4, 49, 0, 623, 0, 20, 27, 1, 3, 0, 87)
6 (1, 4, 193, 0, 833, 0, 0, 23, 2, 3, 0, 221)
7 (1, 4, 41, 0, 363, 0, 0, 0, 2, 3, 0, 225)
8 (1, 4, 0, 0, 0, 0, 0, 0, 1, 3, 0, 161)
9 (1, 4, 109, 141, 0, 0, 0, 7, 2, 3, 0, 193)
10 (1, 4, 0, 95, 0, 0, 0, 0, 1, 3, 0, 242)
11 (1, 4, 0, 190, 0, 0, 0, 0, 1, 2, 0, 108)
12 (1, 4, 0, 226, 0, 0, 0, 0, 3, 5, 0, 53)
13 (1, 4, 0, 242, 0, 0, 0, 0, 2, 3, 0, 75)
14 (1, 4, 32, 223, 0, 0, 0, 0, 1, 2, 0, 95)
15 (1, 4, 133, 157, 0, 13, 28, 11, 1, 1, 0, 88)
16 (1, 4, 0, 98, 0, 77, 94, 11, 1, 1, 0, 214)
17 (1, 4, 103, 21, 126, 94, 105, 54, 0, 0, 0, 42)
18 (1, 4, 306, 0, 463, 77, 165, 38, 0, 0, 0, 201)
19 (1, 4, 0, 63, 873, 0, 67, 13, 1, 0, 0, 21)
20 (1, 4, 0, 24, 816, 0, 0, 59, 1, 0, 0, 86)
21 (1, 4, 0, 0, 0, 69, 0, 0, 1, 1, 0, 193)
22 (1, 4, 377, 182, 0, 22, 0, 9, 1, 0, 0, 91)
23 (1, 4, 30, 117, 105, 18, 0, 40, 1, 0, 0, 72)
24 (1, 4, 0, 0, 0, 28, 0, 32, 1, 0, 0, 206)
25 (1, 4, 14, 36, 13, 24, 0, 28, 0, 0, 0, 7)
26 (1, 4, 21, 13, 0, 21, 0, 26, 1, 0, 0, 2)
27 (1, 4, 0, 7, 0, 27, 0, 23, 0, 0, 0, 146)
28 (1, 4, 41, 21, 0, 27, 0, 27, 0, 0, 0, 184)
29 (1, 4, 20, 26, 0, 28, 0, 26, 1, 0, 0, 136)
0 (1, 4, 0, 0, 0, 92, 7, 24, 1, 2, 0, 61)
1 (1, 4, 0, 0, 131, 36, 50, 0, 1, 2, 0, 111)
2 (1, 4, 0, 23, 412, 0, 41, 19, 1, 2, 0, 152)
3 (1, 4, 0, 0, 654, 0, 41, 16, 1, 2, 0, 42)
4 (1, 4, 0, 0, 808, 0, 0, 37, 1, 2, 0, 100)
5 (1, 4, 132, 0, 871, 0, 0, 30, 4, 5, 0, 238)
6 (1, 4, 0, 0, 273, 0, 0, 0, 1, 2, 0, 124)
7 (1, 4, 376, 169, 0, 0, 0, 0, 1, 2, 0, 211)
8 (1, 4, 0, 110, 0, 0, 0, 0, 1, 2, 0, 143)
9 (1, 4, 182, 356, 0, 0, 0, 0, 1, 2, 0, 162)
10 (1, 4, 131, 321, 0, 0, 58, 0, 2, 2, 0, 3)
11 (1, 4, 0, 261, 0, 0, 265, 94, 2, 2, 0, 253)
12 (1, 4, 0, 0, 590, 0, 111, 119, 1, 3, 0, 183)
13 (1, 4, 0, 0, 712, 0, 0, 0, 2, 3, 0, 11)
14 (1, 4, 0, 0, 243, 0, 0, 0, 3, 4, 0, 67)
15 (1, 4, 375, 480, 0, 5, 0, 0, 3, 4, 0, 51)
16 (1, 4, 0, 417, 0, 0, 0, 0, 3, 4, 0, 224)
17 (1, 4, 119, 549, 0, 0, 0, 0, 2, 3, 0, 227)
18 (1, 4, 48, 424, 0, 0, 0, 0, 1, 2, 0, 120)
19 (1, 4, 181, 389, 0, 0, 0, 0, 1, 1, 0, 248)
20 (1, 4, 104, 233, 0, 0, 17, 9, 0, 1, 0, 164)
21 (1, 4, 58, 209, 0, 22, 131, 1, 0, 1, 0, 221)
22 (1, 4, 138, 120, 213, 0, 289, 92, 0, 0, 0, 69)
23 (1, 4, 0, 147, 842, 0, 162, 52, 1, 1, 0, 140)
24 (1, 4, 0, 0, 873, 0, 0, 3, 1, 1, 0, 219)
25 (1, 4, 0, 0, 270, 0, 0, 0, 1, 1, 0, 231)
26 (1, 4, 270, 0, 0, 57, 0, 0, 1, 0, 0, 179)
27 (1, 4, 0, 0, 0, 93, 0, 0, 0, 0, 0, 199)
28 (1, 4, 0, 15, 0, 91, 0, 16, 1, 0, 0, 133)
29 (1, 4, 0, 15, 0, 67, 0, 2, 0, 0, 0, 130)
30 (1, 4, 7, 47, 0, 66, 0, 13, 0, 0, 0, 140)
31 (1, 4, 0, 25, 0, 74, 0, 16, 1, 0, 0, 187)
0 (1, 4, 0, 0, 11, 70, 0, 6, 0, 0, 0, 34)
1 (1, 4, 0, 3, 0, 82, 0, 1, 0, 0, 0, 101)
2 (1, 4, 30, 31, 0, 85, 0, 9, 0, 0, 0, 110)
3 (1, 4, 44, 8, 0, 74, 0, 7, 0, 0, 0, 66)
4 (1, 4, 28, 37, 0, 60, 0, 13, 0, 0, 0, 161)
5 (1, 4, 162, 57, 42, 47, 0, 28, 0, 0, 0, 120)
6 (1, 4, 188, 70, 118, 44, 0, 29, 0, 0, 0, 197)
7 (1, 4, 2, 151, 259, 67, 0, 18, 0, 0, 0, 120)
8 (1, 4, 160, 392, 471, 42, 0, 68, 0, 0, 0, 41)
9 (1, 4, 107, 24, 241, 0, 0, 120, 0, 1, 0, 41)
10 (1, 4, 0, 0, 0, 33, 0, 84, 1, 1, 0, 98)
11 (1, 4, 0, 0, 0, 31, 0, 15, 2, 2, 0, 199)
12 (1, 4, 0, 4, 0, 17, 0, 0, 3, 4, 0, 65)
13 (1, 4, 0, 145, 0, 16, 81, 0, 3, 3, 0, 161)
14 (1, 4, 0, 113, 294, 9, 159, 67, 2, 3, 0, 156)
15 (1, 4, 0, 0, 635, 0, 83, 39, 2, 2, 0, 13)
16 (1, 4, 0, 0, 873, 0, 0, 0, 3, 4, 0, 185)
17 (1, 4, 0, 0, 655, 0, 0, 0, 11, 20, 0, 218)
18 (1, 4, 1, 0, 158, 0, 0, 0, 3, 3, 0, 40)
19 (1, 4, 0, 196, 0, 0, 0, 0, 3, 4, 0, 43)
20 (1, 4, 178, 273, 0, 0, 0, 0, 3, 3, 0, 122)
21 (1, 4, 91, 343, 0, 0, 0, 0, 3, 3, 0, 107)
22 (1, 4, 1, 439, 0, 0, 0, 0, 3, 4, 0, 56)
23 (1, 4, 26, 303, 0, 0, 81, 80, 5, 7, 0, 239)
24 (1, 4, 0, 0, 187, 0, 76, 75, 4, 4, 0, 220)
25 (1, 4, 39, 0, 428, 0, 38, 3, 2, 3, 0, 32)
26 (1, 4, 0, 0, 475, 0, 0, 0, 2, 2, 0, 67)
27 (1, 4, 0, 0, 0, 0, 0, 0, 3, 3, 0, 101)
28 (1, 4, 192, 221, 0, 0, 0, 0, 5, 5, 0, 240)
29 (1, 4, 0, 381, 0, 0, 0, 0, 1, 1, 0, 110)
30 (1, 4, 23, 435, 0, 0, 0, 0, 1, 1, 0, 34)
31 (1, 4, 56, 484, 0, 0, 0, 0, 1, 1, 0, 95)
0 (1, 4, 25, 0, 0, 86, 0, 29, 1, 1, 0, 26)
1 (1, 4, 129, 0, 0, 88, 0, 18, 1, 1, 0, 220)
2 (1, 4, 199, 0, 0, 77, 0, 11, 1, 1, 0, 3)
3 (1, 4, 182, 0, 0, 72, 0, 3, 1, 1, 0, 42)
4 (1, 4, 117, 0, 0, 71, 0, 1, 1, 1, 0, 184)
5 (1, 4, 113, 0, 20, 66, 0, 3, 1, 1, 0, 123)
6 (1, 4, 135, 0, 75, 60, 0, 5, 1, 1, 0, 132)
7 (1, 4, 132, 0, 155, 40, 0, 7, 1, 1, 0, 209)
8 (1, 4, 34, 0, 392, 6, 42, 0, 2, 2, 0, 219)
9 (1, 4, 0, 0, 675, 0, 76, 0, 2, 3, 0, 49)
10 (1, 4, 0, 0, 873, 0, 77, 18, 2, 3, 0, 230)
11 (1, 4, 689, 0, 873, 0, 0, 0, 2, 2, 0, 158)
12 (1, 4, 0, 0, 224, 0, 0, 0, 2, 2, 0, 152)
13 (1, 4, 190, 359, 0, 0, 0, 0, 1, 2, 0, 10)
14 (1, 4, 0, 406, 0, 0, 0, 0, 2, 2, 0, 94)
15 (1, 4, 0, 437, 0, 0, 0, 0, 1, 2, 0, 226)
16 (1, 4, 0, 369, 0, 0, 0, 16, 1, 1, 0, 212)
17 (1, 4, 0, 222, 0, 0, 0, 29, 1, 1, 0, 3)
18 (1, 4, 0, 51, 0, 20, 40, 0, 1, 1, 0, 75)
19 (1, 4, 0, 105, 0, 76, 145, 18, 1, 1, 0, 195)
20 (1, 4, 89, 0, 217, 93, 229, 9, 1, 1, 0, 8)
21 (1, 4, 0, 84, 691, 36, 145, 0, 2, 1, 0, 197)
22 (1, 4, 0, 45, 630, 0, 0, 0, 0, 0, 0, 209)
23 (1, 4, 78, 0, 82, 0, 0, 0, 1, 0, 0, 106)
24 (1, 4, 37, 0, 0, 46, 0, 0, 1, 0, 0, 190)
25 (1, 4, 0, 90, 0, 93, 0, 0, 1, 0, 0, 153)
26 (1, 4, 0, 119, 5, 86, 0, 11, 1, 0, 0, 24)
27 (1, 4, 0, 94, 2, 82, 0, 11, 1, 0, 0, 69)
28 (1, 4, 0, 38, 0, 75, 0, 17, 1, 0, 0, 105)
29 (1, 4, 0, 32, 0, 68, 0, 8, 1, 0, 0, 157)
30 (1, 4, 0, 9, 0, 37, 0, 17, 1, 0, 0, 156)
31 (1, 4, 0, 0, 14, 35, 0, 2, 1, 0, 0, 160)
0 (1, 4, 0, 485, 0, 0, 0, 0, 1, 2, 0, 0)
1 (1, 4, 86, 540, 0, 0, 0, 0, 1, 2, 0, 66)
2 (1, 4, 167, 471, 0, 0, 23, 26, 2, 3, 0, 150)
3 (1, 4, 0, 250, 0, 0, 77, 65, 2, 3, 0, 35)
4 (1, 4, 0, 0, 258, 0, 74, 75, 2, 3, 0, 149)
5 (1, 4, 43, 0, 546, 0, 58, 55, 2, 2, 0, 120)
6 (1, 4, 37, 0, 844, 0, 21, 30, 2, 2, 0, 137)
7 (1, 4, 813, 8, 873, 0, 0, 0, 2, 2, 0, 146)
8 (1, 4, 0, 54, 0, 0, 0, 16, 1, 1, 0, 176)
9 (1, 4, 95, 59, 0, 0, 0, 28, 1, 1, 0, 192)
10 (1, 4, 0, 256, 0, 0, 0, 0, 1, 1, 0, 146)
11 (1, 4, 0, 297, 0, 0, 0, 0, 1, 1, 0, 86)
12 (1, 4, 0, 303, 0, 0, 0, 0, 1, 1, 0, 225)
13 (1, 4, 91, 182, 0, 0, 0, 0, 1, 0, 0, 2)
14 (1, 4, 167, 170, 0, 0, 5, 0, 2, 1, 0, 174)
15 (1, 4, 47, 41, 0, 42, 38, 0, 1, 1, 0, 29)
16 (1, 4, 90, 0, 0, 85, 151, 15, 2, 1, 0, 181)
17 (1, 4, 0, 0, 512, 104, 242, 0, 1, 1, 0, 93)
18 (1, 4, 0, 296, 873, 0, 78, 0, 0, 0, 0, 234)
19 (1, 4, 0, 0, 411, 0, 0, 0, 2, 2, 0, 184)
20 (1, 4, 41, 150, 0, 12, 0, 0, 3, 2, 0, 228)
21 (1, 4, 185, 89, 0, 47, 0, 0, 2, 2, 0, 136)
22 (1, 4, 15, 53, 0, 71, 0, 9, 1, 0, 0, 55)
23 (1, 4, 85, 37, 0, 42, 0, 13, 1, 1, 0, 234)
24 (1, 4, 84, 16, 43, 30, 0, 0, 1, 1, 0, 243)
25 (1, 4, 4, 34, 161, 20, 0, 6, 1, 1, 0, 60)
26 (1, 4, 90, 107, 469, 0, 3, 24, 1, 1, 0, 8)
27 (1, 4, 0, 13, 455, 0, 0, 15, 1, 1, 0, 224)
28 (1, 4, 0, 0, 482, 0, 0, 17, 2, 3, 0, 141)
29 (1, 4, 0, 0, 419, 0, 0, 0, 1, 1, 0, 158)
0 (1, 4, 0, 13, 1, 0, 0, 0, 1, 1, 0, 63)
1 (1, 4, 0, 3, 0, 0, 0, 0, 2, 1, 0, 9)
2 (1, 4, 152, 0, 0, 0, 0, 0, 2, 1, 0, 84)
3 (1, 4, 448, 55, 0, 0, 0, 68, 2, 2, 0, 99)
4 (1, 4, 305, 154, 68, 0, 43, 43, 2, 2, 0, 54)
5 (1, 4, 51, 0, 127, 0, 0, 3, 2, 1, 0, 161)
6 (1, 4, 60, 0, 0, 0, 0, 0, 2, 2, 0, 3)
7 (1, 4, 0, 44, 0, 0, 13, 17, 1, 1, 0, 139)
8 (1, 4, 0, 51, 15, 0, 11, 24, 1, 1, 0, 38)
9 (1, 4, 0, 18, 20, 0, 0, 9, 1, 1, 0, 111)
10 (1, 4, 53, 0, 0, 0, 0, 11, 1, 1, 0, 234)
11 (1, 4, 64, 0, 0, 0, 3, 11, 1, 1, 0, 249)
12 (1, 4, 145, 0, 0, 0, 0, 15, 1, 1, 0, 117)
13 (1, 4, 179, 0, 0, 0, 0, 25, 1, 1, 0, 177)
14 (1, 4, 151, 0, 0, 0, 0, 30, 1, 1, 0, 93)
15 (1, 4, 0, 0, 0, 0, 0, 47, 1, 1, 0, 47)
16 (1, 4, 0, 0, 0, 0, 0, 34, 1, 1, 0, 111)
17 (1, 4, 0, 101, 0, 0, 0, 16, 1, 1, 0, 138)
18 (1, 4, 0, 253, 0, 0, 0, 0, 2, 2, 0, 145)
19 (1, 4, 0, 432, 0, 0, 0, 0, 1, 2, 0, 141)
20 (1, 4, 0, 395, 0, 0, 13, 11, 1, 2, 0, 146)
21 (1, 4, 0, 255, 0, 0, 116, 9, 1, 2, 0, 30)
22 (1, 4, 0, 81, 218, 0, 193, 64, 1, 1, 0, 212)
23 (1, 4, 0, 0, 769, 0, 131, 31, 1, 1, 0, 145)
24 (1, 4, 0, 0, 873, 0, 0, 0, 1, 1, 0, 189)
25 (1, 4, 0, 0, 393, 0, 0, 0, 1, 1, 0, 243)
26 (1, 4, 434, 250, 0, 0, 0, 0, 0, 1, 0, 198)
27 (1, 4, 0, 368, 0, 0, 0, 0, 1, 1, 0, 178)
28 (1, 4, 115, 315, 0, 0, 0, 0, 1, 1, 0, 230)
29 (1, 4, 120, 189, 0, 0, 0, 0, 2, 3, 0, 167)
30 (1, 4, 143, 160, 0, 22, 35, 0, 1, 1, 0, 200)
31 (1, 4, 0, 80, 0, 67, 99, 0, 1, 1, 0, 253)
0 (1, 4, 0, 0, 261, 0, 0, 12, 3, 2, 0, 6)
1 (1, 4, 0, 0, 239, 0, 0, 11, 2, 2, 0, 77)
2 (1, 4, 0, 0, 205, 0, 0, 13, 2, 2, 0, 80)
3 (1, 4, 0, 0, 160, 0, 0, 6, 2, 2, 0, 175)
4 (1, 4, 0, 0, 57, 0, 0, 1, 2, 1, 0, 167)
5 (1, 4, 0, 28, 0, 0, 0, 3, 2, 1, 0, 191)
6 (1, 4, 0, 97, 0, 0, 0, 0, 2, 1, 0, 37)
7 (1, 4, 0, 164, 0, 0, 0, 0, 2, 1, 0, 200)
8 (1, 4, 0, 294, 0, 0, 0, 0, 1, 1, 0, 231)
9 (1, 4, 0, 364, 0, 0, 0, 0, 2, 1, 0, 28)
10 (1, 4, 0, 486, 0, 0, 0, 0, 1, 1, 0, 101)
11 (1, 4, 257, 471, 0, 0, 0, 14, 1, 1, 0, 89)
12 (1, 4, 260, 250, 0, 0, 73, 18, 3, 2, 0, 3)
13 (1, 4, 0, 0, 59, 0, 203, 86, 2, 2, 0, 212)
14 (1, 4, 0, 0, 746, 0, 149, 61, 1, 3, 0, 101)
15 (1, 4, 0, 0, 873, 0, 0, 0, 0, 1, 0, 223)
16 (1, 4, 0, 0, 80, 0, 0, 0, 0, 1, 0, 145)
17 (1, 4, 365, 404, 0, 0, 0, 0, 0, 1, 0, 64)
18 (1, 4, 103, 455, 0, 0, 0, 0, 0, 1, 0, 20)
19 (1, 4, 126, 504, 0, 0, 0, 0, 0, 1, 0, 152)
20 (1, 4, 39, 477, 0, 0, 0, 0, 0, 1, 0, 34)
21 (1, 4, 0, 486, 0, 0, 0, 0, 1, 1, 0, 101)
22 (1, 4, 0, 510, 0, 0, 0, 19, 1, 1, 0, 2)
23 (1, 4, 25, 221, 0, 43, 89, 132, 1, 0, 0, 85)
24 (1, 4, 0, 0, 200, 1, 172, 178, 0, 0, 0, 141)
25 (1, 4, 259, 0, 823, 0, 71, 2, 1, 0, 0, 68)
26 (1, 4, 0, 0, 709, 0, 0, 0, 0, 0, 0, 4)
27 (1, 4, 374, 0, 180, 0, 0, 0, 2, 1, 0, 119)
28 (1, 4, 0, 27, 0, 9, 0, 0, 1, 1, 0, 154)
29 (1, 4, 13, 0, 0, 26, 0, 21, 1, 1, 0, 121)
30 (1, 4, 0, 0, 0, 18, 0, 2, 1, 1, 0, 7)
31 (1, 4, 0, 0, 0, 15, 0, 0, 4, 3, 0, 233)
0 (1, 4, 0, 0, 0, 0, 0, 50, 1, 0, 0, 215)
1 (1, 4, 0, 0, 0, 0, 0, 58, 0, 1, 0, 52)
2 (1, 4, 0, 0, 0, 0, 0, 36, 0, 1, 0, 193)
3 (1, 4, 0, 1, 0, 0, 0, 0, 1, 2, 0, 127)
4 (1, 4, 0, 321, 0, 0, 0, 0, 1, 2, 0, 25)
5 (1, 4, 0, 547, 0, 0, 0, 7, 1, 3, 0, 101)
6 (1, 4, 443, 289, 0, 0, 16, 62, 1, 2, 0, 219)
7 (1, 4, 261, 0, 46, 0, 147, 106, 1, 2, 0, 64)
8 (1, 4, 0, 0, 383, 0, 68, 66, 1, 1, 0, 12)
9 (1, 4, 258, 0, 601, 0, 26, 27, 1, 1, 0, 150)
10 (1, 4, 0, 0, 783, 0, 0, 0, 3, 8, 0, 55)
11 (1, 4, 303, 0, 0, 0, 0, 0, 0, 1, 0, 138)
12 (1, 4, 49, 83, 0, 0, 0, 0, 0, 1, 0, 6)
13 (1, 4, 103, 261, 0, 0, 0, 0, 1, 1, 0, 153)
14 (1, 4, 0, 114, 0, 0, 0, 0, 0, 1, 0, 88)
15 (1, 4, 130, 113, 0, 0, 0, 0, 1, 1, 0, 235)
16 (1, 4, 199, 110, 0, 0, 0, 0, 1, 1, 0, 132)
17 (1, 4, 87, 297, 0, 25, 21, 0, 1, 0, 0, 113)
18 (1, 4, 335, 112, 0, 98, 5, 36, 0, 0, 0, 195)
19 (1, 4, 178, 0, 0, 121, 146, 51, 0, 0, 0, 43)
20 (1, 4, 0, 0, 323, 101, 168, 42, 0, 0, 0, 54)
21 (1, 4, 0, 0, 807, 0, 71, 30, 1, 0, 0, 103)
22 (1, 4, 0, 0, 854, 0, 0, 0, 2, 1, 0, 195)
23 (1, 4, 520, 0, 69, 0, 0, 31, 1, 0, 0, 115)
24 (1, 4, 0, 0, 0, 21, 0, 0, 1, 1, 0, 227)
25 (1, 4, 0, 0, 0, 40, 0, 28, 1, 0, 0, 65)
26 (1, 4, 0, 15, 20, 30, 0, 0, 1, 0, 0, 193)
27 (1, 4, 0, 14, 0, 22, 0, 0, 1, 0, 0, 173)
28 (1, 4, 0, 0, 0, 29, 0, 0, 1, 0, 0, 112)
29 (1, 4, 0, 10, 0, 31, 0, 0, 1, 0, 0, 144)
30 (1, 4, 0, 0, 0, 32, 0, 0, 1, 0, 0, 245)
31 (1, 4, 0, 0, 0, 33, 0, 0, 1, 0, 0, 234)
0 (1, 4, 0, 0, 677, 0, 73, 47, 2, 2, 0, 233)
1 (1, 4, 0, 0, 873, 0, 32, 2, 2, 2, 0, 18)
2 (1, 4, 0, 40, 873, 0, 0, 0, 3, 3, 0, 222)
3 (1, 4, 673, 0, 12, 0, 0, 0, 1, 1, 0, 77)
4 (1, 4, 0, 0, 0, 0, 0, 47, 1, 1, 0, 47)
5 (1, 4, 0, 25, 0, 0, 0, 0, 1, 1, 0, 16)
6 (1, 4, 0, 141, 0, 0, 0, 0, 1, 1, 0, 170)
7 (1, 4, 0, 214, 0, 0, 0, 0, 1, 2, 0, 158)
8 (1, 4, 0, 255, 0, 0, 0, 0, 2, 3, 0, 151)
9 (1, 4, 0, 197, 0, 9, 13, 0, 1, 1, 0, 38)
10 (1, 4, 22, 209, 0, 63, 57, 37, 1, 1, 0, 101)
11 (1, 4, 0, 72, 0, 108, 119, 32, 0, 1, 0, 198)
12 (1, 4, 1, 0, 358, 109, 154, 53, 0, 0, 0, 164)
13 (1, 4, 0, 75, 726, 14, 106, 0, 1, 0, 0, 212)
14 (1, 4, 0, 178, 828, 0, 0, 31, 0, 0, 0, 31)
15 (1, 4, 666, 0, 424, 0, 0, 133, 2, 2, 0, 63)
16 (1, 4, 0, 0, 0, 7, 0, 0, 1, 1, 0, 42)
17 (1, 4, 0, 124, 0, 25, 0, 44, 3, 2, 0, 105)
18 (1, 4, 163, 25, 0, 33, 0, 55, 2, 1, 0, 225)
19 (1, 4, 0, 69, 0, 24, 0, 45, 1, 1, 0, 117)
20 (1, 4, 0, 0, 0, 25, 0, 38, 1, 1, 0, 10)
21 (1, 4, 14, 0, 0, 26, 0, 30, 1, 1, 0, 231)
22 (1, 4, 88, 0, 3, 25, 0, 47, 1, 1, 0, 157)
23 (1, 4, 125, 0, 0, 36, 0, 39, 0, 0, 0, 177)
24 (1, 4, 13, 0, 7, 34, 0, 38, 0, 0, 0, 103)
25 (1, 4, 0, 21, 13, 31, 0, 39, 0, 0, 0, 230)
26 (1, 4, 0, 14, 16, 30, 0, 44, 0, 0, 0, 118)
27 (1, 4, 11, 0, 0, 27, 0, 44, 0, 0, 0, 12)
28 (1, 4, 35, 0, 0, 31, 0, 44, 0, 0, 0, 199)
29 (1, 4, 0, 0, 0, 34, 0, 31, 0, 0, 0, 131)
0 (1, 4, 62, 0, 817, 0, 0, 29, 4, 9, 0, 217)
1 (1, 4, 0, 0, 746, 0, 0, 0, 2, 3, 0, 218)
2 (1, 4, 161, 0, 0, 19, 0, 0, 1, 2, 0, 192)
3 (1, 4, 5, 103, 0, 13, 0, 0, 1, 2, 0, 36)
4 (1, 4, 7, 134, 0, 0, 0, 0, 1, 2, 0, 86)
5 (1, 4, 19, 156, 0, 0, 0, 0, 1, 2, 0, 49)
6 (1, 4, 5, 115, 0, 0, 15, 0, 1, 2, 0, 173)
7 (1, 4, 0, 146, 0, 0, 89, 0, 2, 3, 0, 45)
8 (1, 4, 0, 32, 296, 0, 128, 78, 1, 3, 0, 43)
9 (1, 4, 160, 0, 641, 0, 78, 36, 1, 3, 0, 178)
10 (1, 4, 20, 0, 694, 0, 0, 0, 2, 3, 0, 100)
11 (1, 4, 0, 0, 188, 0, 0, 0, 1, 2, 0, 88)
12 (1, 4, 47, 0, 0, 22, 0, 2, 1, 2, 0, 91)
13 (1, 4, 0, 0, 0, 1, 0, 0, 1, 2, 0, 213)
14 (1, 4, 0, 65, 0, 0, 0, 0, 1, 2, 0, 252)
15 (1, 4, 0, 149, 0, 0, 0, 0, 0, 1, 0, 26)
16 (1, 4, 181, 234, 0, 0, 0, 0, 2, 3, 0, 157)
17 (1, 4, 138, 69, 0, 0, 48, 0, 0, 1, 0, 8)
18 (1, 4, 0, 40, 0, 0, 133, 0, 1, 1, 0, 168)
19 (1, 4, 0, 32, 0, 24, 195, 10, 1, 1, 0, 76)
20 (1, 4, 0, 60, 438, 16, 205, 6, 1, 0, 0, 196)
21 (1, 4, 0, 85, 812, 1, 119, 0, 1, 0, 0, 143)
22 (1, 4, 0, 0, 873, 0, 0, 31, 1, 0, 0, 252)
23 (1, 4, 0, 0, 847, 0, 0, 0, 1, 1, 0, 50)
24 (1, 4, 0, 0, 12, 0, 0, 0, 2, 0, 0, 88)
25 (1, 4, 139, 100, 0, 57, 0, 0, 1, 1, 0, 98)
26 (1, 4, 216, 231, 30, 27, 0, 0, 1, 0, 0, 206)
27 (1, 4, 87, 175, 24, 34, 0, 0, 2, 2, 0, 73)
28 (1, 4, 90, 72, 0, 39, 0, 0, 2, 2, 0, 237)
29 (1, 4, 158, 60, 0, 50, 0, 0, 2, 1, 0, 154)
0 (1, 4, 41, 49, 0, 62, 0, 32, 3, 4, 0, 217)
1 (1, 4, 0, 59, 0, 57, 23, 2, 4, 5, 0, 84)
2 (1, 4, 0, 242, 234, 23, 27, 7, 2, 3, 0, 90)
3 (1, 4, 0, 173, 356, 0, 19, 39, 1, 3, 0, 4)
4 (1, 4, 68, 0, 590, 0, 23, 41, 2, 3, 0, 67)
5 (1, 4, 71, 0, 722, 0, 0, 26, 2, 3, 0, 196)
6 (1, 4, 0, 0, 521, 0, 0, 0, 4, 6, 0, 30)
7 (1, 4, 57, 5, 24, 0, 0, 0, 3, 4, 0, 134)
8 (1, 4, 186, 144, 0, 0, 0, 0, 2, 4, 0, 47)
9 (1, 4, 157, 225, 0, 0, 0, 0, 2, 3, 0, 65)
10 (1, 4, 256, 191, 0, 0, 0, 0, 2, 3, 0, 22)
11 (1, 4, 182, 101, 0, 0, 0, 0, 2, 2, 0, 84)
12 (1, 4, 66, 51, 0, 0, 71, 4, 3, 4, 0, 154)
13 (1, 4, 0, 0, 157, 0, 118, 33, 2, 3, 0, 2)
14 (1, 4, 0, 0, 583, 0, 61, 18, 3, 5, 0, 5)
15 (1, 4, 184, 0, 823, 0, 0, 0, 4, 7, 0, 38)
16 (1, 4, 0, 51, 258, 0, 0, 0, 2, 3, 0, 14)
17 (1, 4, 414, 333, 0, 0, 0, 0, 3, 3, 0, 124)
18 (1, 4, 84, 272, 0, 0, 0, 0, 2, 3, 0, 210)
19 (1, 4, 2, 231, 0, 0, 0, 0, 2, 3, 0, 89)
20 (1, 4, 0, 251, 0, 0, 0, 0, 2, 2, 0, 38)
21 (1, 4, 0, 271, 0, 0, 0, 0, 1, 1, 0, 35)
22 (1, 4, 0, 343, 0, 8, 26, 23, 1, 1, 0, 252)
23 (1, 4, 24, 131, 0, 58, 74, 60, 1, 1, 0, 34)
24 (1, 4, 142, 0, 252, 84, 92, 72, 1, 0, 0, 120)
25 (1, 4, 47, 0, 614, 0, 70, 52, 1, 0, 0, 67)
26 (1, 4, 0, 0, 803, 0, 0, 2, 2, 1, 0, 202)
27 (1, 4, 309, 0, 219, 0, 0, 0, 2, 1, 0, 176)
28 (1, 4, 0, 0, 0, 9, 0, 0, 2, 1, 0, 54)
29 (1, 4, 111, 114, 24, 0, 0, 56, 1, 1, 0, 117)
30 (1, 4, 47, 26, 57, 9, 0, 10, 2, 1, 0, 238)
31 (1, 4, 0, 23, 38, 1, 0, 1, 1, 1, 0, 91)
0 (1, 4, 0, 0, 173, 98, 167, 25, 1, 0, 0, 208)
1 (1, 4, 0, 0, 579, 41, 103, 0, 1, 0, 0, 151)
2 (1, 4, 102, 0, 543, 0, 0, 0, 1, 0, 0, 234)
3 (1, 4, 0, 151, 283, 0, 0, 0, 1, 1, 0, 48)
4 (1, 4, 421, 0, 0, 38, 0, 5, 1, 1, 0, 144)
5 (1, 4, 0, 0, 0, 108, 0, 0, 2, 1, 0, 105)
6 (1, 4, 0, 89, 1, 83, 0, 52, 2, 1, 0, 165)
7 (1, 4, 0, 13, 0, 75, 0, 37, 1, 1, 0, 172)
8 (1, 4, 0, 0, 0, 71, 0, 24, 2, 2, 0, 221)
9 (1, 4, 0, 8, 23, 80, 0, 6, 1, 1, 0, 176)
10 (1, 4, 0, 0, 0, 83, 0, 17, 1, 1, 0, 120)
11 (1, 4, 0, 3, 3, 68, 0, 1, 1, 1, 0, 98)
12 (1, 4, 0, 0, 0, 70, 0, 5, 1, 1, 0, 74)
13 (1, 4, 97, 0, 6, 71, 0, 1, 1, 1, 0, 17)
14 (1, 4, 34, 1, 6, 81, 0, 2, 1, 1, 0, 236)
15 (1, 4, 9, 25, 3, 74, 0, 15, 1, 1, 0, 63)
16 (1, 4, 0, 7, 0, 75, 0, 11, 1, 1, 0, 245)
17 (1, 4, 0, 23, 0, 74, 0, 12, 1, 1, 0, 152)
18 (1, 4, 0, 23, 0, 73, 0, 10, 1, 1, 0, 117)
19 (1, 4, 0, 33, 0, 74, 0, 8, 1, 1, 0, 249)
20 (1, 4, 0, 36, 0, 68, 0, 8, 1, 1, 0, 44)
21 (1, 4, 35, 31, 0, 72, 0, 16, 1, 1, 0, 140)
22 (1, 4, 70, 17, 0, 72, 0, 16, 1, 1, 0, 240)
23 (1, 4, 49, 17, 0, 76, 0, 20, 1, 1, 0, 125)
24 (1, 4, 9, 14, 7, 69, 0, 25, 1, 1, 0, 184)
25 (1, 4, 0, 32, 51, 52, 0, 25, 1, 1, 0, 11)
26 (1, 4, 0, 54, 171, 33, 0, 11, 2, 2, 0, 10)
27 (1, 4, 0, 115, 307, 10, 0, 0, 1, 1, 0, 46)
28 (1, 4, 0, 134, 400, 0, 0, 7, 2, 2, 0, 26)
29 (1, 4, 0, 107, 554, 0, 0, 1, 2, 2, 0, 78)
0 (1, 4, 0, 66, 126, 0, 0, 13, 2, 2, 0, 117)
1 (1, 4, 11, 0, 4, 0, 0, 8, 2, 2, 0, 186)
2 (1, 4, 53, 0, 0, 0, 0, 5, 2, 2, 0, 215)
3 (1, 4, 30, 0, 0, 0, 0, 1, 1, 1, 0, 28)
4 (1, 4, 56, 0, 0, 0, 0, 2, 1, 1, 0, 153)
5 (1, 4, 37, 0, 13, 0, 70, 75, 1, 1, 0, 50)
6 (1, 4, 0, 5, 42, 0, 11, 13, 1, 1, 0, 127)
7 (1, 4, 0, 125, 0, 0, 0, 16, 2, 2, 0, 67)
8 (1, 4, 51, 0, 0, 0, 0, 25, 2, 2, 0, 191)
9 (1, 4, 75, 0, 0, 0, 13, 17, 2, 2, 0, 208)
10 (1, 4, 49, 0, 0, 0, 19, 20, 2, 1, 0, 80)
11 (1, 4, 16, 0, 0, 0, 24, 22, 1, 1, 0, 204)
12 (1, 4, 0, 1, 0, 0, 19, 21, 1, 1, 0, 181)
13 (1, 4, 0, 0, 0, 0, 11, 24, 2, 1, 0, 162)
14 (1, 4, 0, 0, 0, 0, 14, 22, 1, 1, 0, 184)
15 (1, 4, 0, 0, 0, 0, 15, 24, 1, 1, 0, 231)
16 (1, 4, 0, 0, 0, 0, 8, 27, 2, 2, 0, 242)
17 (1, 4, 0, 10, 0, 0, 0, 26, 1, 1, 0, 41)
18 (1, 4, 0, 0, 0, 0, 0, 26, 1, 1, 0, 247)
19 (1, 4, 0, 0, 0, 0, 1, 24, 1, 1, 0, 55)
20 (1, 4, 0, 0, 12, 0, 3, 24, 1, 1, 0, 39)
21 (1, 4, 0, 3, 26, 0, 4, 23, 1, 1, 0, 96)
22 (1, 4, 0, 12, 58, 0, 3, 21, 1, 1, 0, 254)
23 (1, 4, 0, 59, 50, 0, 1, 18, 1, 1, 0, 2)
24 (1, 4, 0, 44, 13, 0, 0, 20, 2, 2, 0, 23)
25 (1, 4, 0, 60, 0, 0, 0, 33, 2, 2, 0, 216)
26 (1, 4, 0, 0, 0, 0, 0, 56, 2, 1, 0, 73)
27 (1, 4, 0, 0, 0, 0, 0, 27, 1, 2, 0, 149)
28 (1, 4, 0, 0, 0, 0, 0, 11, 2, 4, 0, 157)
29 (1, 4, 0, 183, 0, 0, 0, 0, 3, 6, 0, 5)
30 (1, 4, 0, 361, 0, 0, 0, 0, 2, 4, 0, 179)
31 (1, 4, 0, 406, 0, 0, 0, 0, 2, 4, 0, 35)
0 (1, 4, 42, 0, 578, 0, 52, 51, 1, 3, 0, 27)
1 (1, 4, 140, 0, 838, 0, 59, 74, 2, 3, 0, 227)
2 (1, 4, 0, 0, 873, 0, 0, 0, 3, 6, 0, 111)
3 (1, 4, 0, 0, 388, 0, 0, 0, 1, 3, 0, 83)
4 (1, 4, 0, 0, 0, 0, 0, 0, 2, 3, 0, 7)
5 (1, 4, 0, 0, 0, 0, 0, 0, 2, 2, 0, 108)
6 (1, 4, 0, 113, 0, 0, 0, 0, 1, 2, 0, 95)
7 (1, 4, 0, 256, 0, 0, 0, 0, 1, 2, 0, 47)
8 (1, 4, 0, 381, 0, 0, 0, 0, 1, 2, 0, 211)
9 (1, 4, 0, 530, 0, 0, 0, 0, 2, 3, 0, 198)
10 (1, 4, 198, 448, 0, 0, 0, 14, 1, 2, 0, 51)
11 (1, 4, 187, 154, 0, 0, 62, 19, 1, 1, 0, 116)
12 (1, 4, 59, 19, 0, 47, 116, 35, 1, 1, 0, 113)
13 (1, 4, 0, 0, 1, 67, 121, 22, 1, 0, 0, 73)
14 (1, 4, 130, 0, 266, 79, 166, 6, 1, 1, 0, 36)
15 (1, 4, 0, 36, 713, 13, 108, 0, 1, 0, 0, 50)
16 (1, 4, 0, 63, 682, 0, 0, 0, 3, 2, 0, 58)
17 (1, 4, 436, 68, 140, 0, 0, 0, 2, 1, 0, 147)
18 (1, 4, 0, 93, 0, 59, 0, 0, 3, 3, 0, 156)
19 (1, 4, 0, 91, 0, 85, 0, 29, 2, 2, 0, 55)
20 (1, 4, 0, 36, 0, 83, 0, 25, 2, 1, 0, 44)
21 (1, 4, 0, 7, 0, 76, 0, 18, 2, 1, 0, 232)
22 (1, 4, 18, 8, 0, 65, 0, 19, 1, 1, 0, 71)
23 (1, 4, 22, 0, 0, 60, 0, 22, 1, 1, 0, 54)
24 (1, 4, 24, 0, 0, 80, 0, 7, 1, 1, 0, 214)
25 (1, 4, 0, 0, 0, 85, 0, 3, 1, 1, 0, 80)
26 (1, 4, 12, 0, 0, 85, 0, 2, 1, 1, 0, 199)
27 (1, 4, 34, 40, 8, 81, 0, 14, 1, 1, 0, 122)
28 (1, 4, 70, 35, 32, 86, 0, 18, 1, 1, 0, 52)
29 (1, 4, 28, 34, 0, 84, 0, 20, 1, 1, 0, 136)
30 (1, 4, 69, 0, 0, 91, 0, 10, 2, 1, 0, 198)
31 (1, 4, 16, 0, 0, 95, 0, 0, 1, 1, 0, 16)
0 (1, 4, 57, 44, 0, 74, 0, 25, 1, 1, 0, 112)
1 (1, 4, 55, 20, 0, 86, 0, 21, 1, 1, 0, 216)
2 (1, 4, 7, 29, 0, 80, 0, 26, 1, 1, 0, 66)
3 (1, 4, 0, 53, 0, 75, 0, 28, 1, 1, 0, 251)
4 (1, 4, 0, 69, 3, 73, 0, 33, 1, 1, 0, 108)
5 (1, 4, 0, 96, 117, 63, 0, 27, 2, 2, 0, 121)
6 (1, 4, 0, 180, 0, 75, 0, 0, 2, 2, 0, 24)
7 (1, 4, 0, 150, 0, 83, 0, 36, 3, 3, 0, 101)
8 (1, 4, 0, 173, 0, 56, 0, 47, 2, 3, 0, 166)
9 (1, 4, 0, 160, 0, 51, 0, 39, 2, 3, 0, 73)
10 (1, 4, 0, 209, 0, 66, 79, 82, 5, 6, 0, 207)
0 (1, 4, 0, 0, 301, 0, 0, 0, 6, 7, 0, 246)
1 (1, 4, 7, 18, 0, 0, 0, 0, 3, 5, 0, 62)
2 (1, 4, 0, 122, 0, 0, 0, 0, 3, 3, 0, 155)
3 (1, 4, 10, 236, 0, 0, 0, 0, 4, 4, 0, 31)
4 (1, 4, 0, 284, 0, 0, 0, 0, 4, 5, 0, 220)
5 (1, 4, 0, 294, 0, 0, 0, 0, 4, 5, 0, 161)
6 (1, 4, 23, 204, 0, 0, 0, 7, 2, 2, 0, 94)
7 (1, 4, 101, 162, 0, 64, 191, 29, 1, 1, 0, 242)
8 (1, 4, 0, 153, 316, 59, 207, 36, 1, 1, 0, 187)
9 (1, 4, 0, 24, 873, 0, 47, 32, 1, 0, 0, 1)
10 (1, 4, 0, 0, 586, 0, 0, 0, 3, 2, 0, 220)
11 (1, 4, 372, 0, 0, 41, 0, 0, 1, 0, 0, 134)
12 (1, 4, 243, 144, 0, 39, 0, 0, 1, 1, 0, 10)
13 (1, 4, 136, 6, 0, 51, 0, 48, 1, 0, 0, 131)
14 (1, 4, 0, 15, 9, 51, 0, 0, 1, 0, 0, 186)
15 (1, 4, 0, 17, 17, 49, 0, 1, 1, 0, 0, 253)
16 (1, 4, 59, 18, 0, 47, 0, 2, 1, 0, 0, 160)
17 (1, 4, 0, 17, 0, 49, 0, 0, 1, 0, 0, 201)
18 (1, 4, 0, 5, 18, 43, 0, 6, 1, 0, 0, 223)
19 (1, 4, 12, 0, 29, 42, 0, 0, 1, 0, 0, 114)
20 (1, 4, 0, 18, 34, 41, 0, 0, 1, 0, 0, 207)
21 (1, 4, 0, 0, 13, 44, 0, 0, 1, 0, 0, 7)
22 (1, 4, 0, 29, 14, 39, 0, 0, 1, 0, 0, 216)
23 (1, 4, 0, 62, 33, 30, 0, 0, 1, 0, 0, 156)
24 (1, 4, 0, 125, 61, 15, 0, 0, 1, 0, 0, 178)
25 (1, 4, 45, 52, 8, 12, 0, 4, 1, 1, 0, 194)
26 (1, 4, 165, 0, 0, 15, 0, 10, 1, 1, 0, 101)
27 (1, 4, 21, 0, 56, 19, 0, 0, 3, 3, 0, 88)
28 (1, 4, 0, 0, 197, 1, 0, 0, 1, 1, 0, 168)
29 (1, 4, 0, 0, 295, 0, 0, 0, 1, 1, 0, 49)
0 (1, 4, 100, 0, 0, 32, 0, 13, 2, 2, 0, 179)
1 (1, 4, 193, 0, 0, 2, 17, 11, 3, 4, 0, 175)
2 (1, 4, 0, 0, 250, 0, 67, 0, 1, 2, 0, 67)
3 (1, 4, 0, 0, 626, 0, 50, 29, 2, 2, 0, 106)
4 (1, 4, 41, 0, 723, 0, 0, 46, 1, 2, 0, 128)
5 (1, 4, 76, 0, 857, 0, 0, 0, 5, 10, 0, 158)
6 (1, 4, 0, 0, 255, 0, 0, 0, 1, 2, 0, 24)
7 (1, 4, 181, 161, 0, 0, 0, 0, 1, 2, 0, 184)
8 (1, 4, 0, 201, 0, 0, 0, 0, 1, 2, 0, 78)
9 (1, 4, 0, 323, 0, 0, 0, 0, 1, 1, 0, 201)
10 (1, 4, 22, 314, 0, 0, 0, 0, 1, 1, 0, 43)
11 (1, 4, 140, 190, 0, 0, 0, 5, 3, 5, 0, 73)
12 (1, 4, 135, 89, 0, 0, 63, 4, 1, 2, 0, 69)
13 (1, 4, 158, 0, 0, 60, 122, 20, 1, 1, 0, 75)
14 (1, 4, 63, 0, 134, 99, 187, 32, 1, 1, 0, 192)
15 (1, 4, 186, 0, 583, 54, 152, 36, 1, 1, 0, 117)
16 (1, 4, 108, 141, 873, 0, 65, 32, 1, 1, 0, 164)
17 (1, 4, 0, 0, 614, 0, 0, 0, 2, 1, 0, 31)
18 (1, 4, 0, 0, 0, 47, 0, 0, 1, 1, 0, 59)
19 (1, 4, 361, 284, 78, 0, 0, 0, 1, 1, 0, 158)
20 (1, 4, 0, 0, 0, 16, 0, 0, 1, 1, 0, 128)
21 (1, 4, 16, 0, 0, 18, 0, 0, 2, 2, 0, 69)
22 (1, 4, 106, 0, 0, 23, 0, 0, 2, 1, 0, 89)
23 (1, 4, 231, 34, 0, 21, 0, 0, 1, 1, 0, 61)
24 (1, 4, 202, 0, 0, 28, 0, 5, 1, 1, 0, 94)
25 (1, 4, 90, 11, 0, 37, 0, 0, 1, 1, 0, 147)
26 (1, 4, 0, 76, 0, 44, 0, 0, 2, 1, 0, 86)
27 (1, 4, 0, 119, 0, 31, 0, 0, 2, 2, 0, 28)
28 (1, 4, 0, 28, 0, 37, 0, 1, 2, 2, 0, 49)
29 (1, 4, 51, 0, 43, 41, 0, 0, 2, 1, 0, 19)
30 (1, 4, 39, 26, 27, 42, 0, 0, 2, 1, 0, 212)
0 (1, 4, 57, 180, 760, 0, 0, 0, 3, 5, 0, 180)
1 (1, 4, 531, 209, 0, 0, 0, 0, 1, 2, 0, 106)
2 (1, 4, 152, 6, 0, 0, 0, 38, 0, 1, 0, 74)
3 (1, 4, 0, 23, 0, 0, 0, 4, 0, 1, 0, 3)
4 (1, 4, 0, 0, 0, 0, 0, 0, 1, 1, 0, 119)
5 (1, 4, 0, 0, 0, 0, 0, 0, 2, 4, 0, 17)
6 (1, 4, 0, 0, 0, 9, 0, 0, 1, 1, 0, 144)
7 (1, 4, 16, 164, 0, 67, 0, 0, 1, 1, 0, 122)
8 (1, 4, 0, 118, 0, 81, 42, 0, 1, 1, 0, 227)
9 (1, 4, 111, 0, 148, 84, 127, 50, 1, 0, 0, 118)
10 (1, 4, 92, 0, 511, 54, 118, 20, 1, 0, 0, 203)
11 (1, 4, 0, 48, 806, 0, 41, 23, 1, 0, 0, 162)
12 (1, 4, 0, 0, 608, 0, 0, 69, 1, 1, 0, 39)
13 (1, 4, 0, 0, 32, 0, 0, 0, 1, 1, 0, 137)
14 (1, 4, 0, 137, 0, 23, 0, 13, 2, 1, 0, 60)
15 (1, 4, 190, 50, 0, 20, 0, 1, 1, 1, 0, 139)
16 (1, 4, 0, 37, 0, 25, 0, 0, 2, 1, 0, 108)
17 (1, 4, 0, 47, 0, 29, 0, 0, 1, 1, 0, 104)
18 (1, 4, 12, 73, 0, 35, 0, 0, 1, 1, 0, 114)
19 (1, 4, 0, 77, 0, 33, 0, 2, 1, 1, 0, 103)
20 (1, 4, 0, 88, 0, 30, 0, 0, 1, 1, 0, 107)
21 (1, 4, 0, 103, 0, 26, 0, 0, 1, 1, 0, 5)
22 (1, 4, 0, 85, 0, 32, 0, 0, 1, 1, 0, 19)
23 (1, 4, 0, 81, 0, 49, 0, 0, 1, 1, 0, 33)
24 (1, 4, 0, 74, 0, 63, 0, 0, 1, 1, 0, 145)
25 (1, 4, 0, 90, 0, 67, 0, 2, 1, 1, 0, 6)
26 (1, 4, 0, 59, 0, 65, 0, 0, 1, 1, 0, 117)
27 (1, 4, 0, 91, 0, 65, 0, 2, 1, 1, 0, 141)
28 (1, 4, 0, 86, 30, 60, 0, 9, 1, 1, 0, 63)
29 (1, 4, 45, 55, 79, 61, 0, 20, 2, 1, 0, 112)
0 (1, 4, 0, 422, 0, 0, 0, 0, 4, 8, 0, 49)
1 (1, 4, 140, 585, 0, 0, 0, 0, 5, 9, 0, 188)
2 (1, 4, 188, 599, 0, 0, 0, 0, 3, 4, 0, 36)
3 (1, 4, 105, 562, 0, 0, 0, 0, 2, 4, 0, 34)
4 (1, 4, 0, 552, 0, 0, 0, 0, 4, 8, 0, 28)
5 (1, 4, 134, 479, 0, 0, 0, 0, 2, 2, 0, 234)
6 (1, 4, 8, 352, 0, 0, 0, 0, 1, 2, 0, 30)
7 (1, 4, 0, 321, 69, 0, 78, 47, 1, 2, 0, 186)
8 (1, 4, 0, 0, 390, 0, 86, 81, 1, 2, 0, 208)
9 (1, 4, 0, 0, 649, 0, 71, 0, 1, 2, 0, 219)
10 (1, 4, 0, 0, 871, 0, 0, 0, 2, 6, 0, 192)
11 (1, 4, 0, 0, 451, 0, 0, 0, 1, 1, 0, 155)
12 (1, 4, 111, 224, 0, 0, 0, 0, 1, 1, 0, 35)
13 (1, 4, 295, 171, 0, 0, 0, 0, 0, 1, 0, 82)
14 (1, 4, 237, 205, 0, 0, 0, 0, 1, 1, 0, 52)
15 (1, 4, 192, 183, 0, 0, 0, 0, 1, 1, 0, 75)
16 (1, 4, 0, 243, 0, 0, 0, 0, 3, 4, 0, 138)
17 (1, 4, 0, 161, 0, 0, 44, 51, 1, 1, 0, 58)
18 (1, 4, 94, 46, 0, 47, 144, 117, 0, 1, 0, 142)
19 (1, 4, 0, 0, 480, 37, 179, 88, 0, 1, 0, 125)
20 (1, 4, 0, 0, 873, 0, 1, 0, 1, 0, 0, 175)
21 (1, 4, 873, 0, 74, 0, 0, 0, 4, 2, 0, 121)
22 (1, 4, 47, 0, 0, 27, 0, 0, 2, 1, 0, 98)
23 (1, 4, 62, 0, 0, 42, 0, 28, 1, 1, 0, 103)
24 (1, 4, 0, 0, 0, 57, 0, 0, 1, 1, 0, 142)
25 (1, 4, 7, 0, 0, 52, 0, 5, 1, 1, 0, 149)
26 (1, 4, 0, 2, 0, 59, 0, 0, 1, 1, 0, 221)
27 (1, 4, 0, 0, 0, 59, 0, 2, 1, 1, 0, 9)
28 (1, 4, 50, 0, 0, 76, 0, 0, 1, 1, 0, 29)
29 (1, 4, 0, 1, 0, 72, 0, 0, 1, 1, 0, 239)
30 (1, 4, 0, 10, 0, 68, 0, 0, 1, 1, 0, 0)
31 (1, 4, 9, 0, 0, 64, 0, 0, 1, 1, 0, 220)
0 (1, 4, 170, 0, 0, 123, 0, 0, 1, 1, 0, 219)
1 (1, 4, 232, 0, 0, 108, 0, 0, 1, 1, 0, 228)
2 (1, 4, 304, 0, 0, 76, 0, 0, 2, 3, 0, 115)
3 (1, 4, 269, 0, 0, 64, 18, 0, 2, 3, 0, 225)
4 (1, 4, 153, 0, 31, 54, 46, 0, 2, 3, 0, 43)
5 (1, 4, 177, 36, 349, 51, 73, 0, 2, 4, 0, 7)
6 (1, 4, 121, 0, 513, 38, 36, 13, 2, 4, 0, 234)
7 (1, 4, 0, 0, 597, 6, 0, 0, 3, 5, 0, 174)
8 (1, 4, 0, 0, 241, 10, 0, 0, 1, 2, 0, 19)
9 (1, 4, 339, 0, 0, 60, 0, 0, 1, 2, 0, 41)
10 (1, 4, 0, 0, 101, 90, 0, 0, 2, 4, 0, 58)
11 (1, 4, 2, 0, 237, 61, 0, 0, 2, 4, 0, 10)
12 (1, 4, 459, 0, 344, 21, 39, 38, 1, 3, 0, 164)
13 (1, 4, 201, 0, 539, 0, 94, 27, 2, 3, 0, 55)
14 (1, 4, 0, 0, 687, 0, 0, 8, 2, 4, 0, 23)
15 (1, 4, 0, 0, 266, 0, 0, 0, 2, 3, 0, 201)
16 (1, 4, 124, 335, 0, 0, 0, 0, 1, 2, 0, 251)
17 (1, 4, 0, 391, 0, 0, 0, 0, 1, 2, 0, 44)
18 (1, 4, 0, 356, 0, 0, 0, 0, 1, 2, 0, 180)
19 (1, 4, 0, 368, 0, 0, 0, 0, 2, 3, 0, 194)
20 (1, 4, 39, 244, 0, 0, 0, 0, 0, 1, 0, 3)
21 (1, 4, 248, 146, 0, 0, 44, 22, 0, 1, 0, 227)
22 (1, 4, 107, 156, 0, 76, 92, 6, 0, 0, 0, 123)
23 (1, 4, 0, 181, 186, 127, 104, 18, 0, 0, 0, 130)
24 (1, 4, 103, 0, 346, 109, 92, 41, 0, 0, 0, 222)
25 (1, 4, 258, 0, 508, 7, 57, 10, 0, 0, 0, 106)
26 (1, 4, 0, 0, 694, 0, 0, 24, 1, 0, 0, 158)
27 (1, 4, 271, 0, 238, 0, 0, 0, 3, 2, 0, 111)
28 (1, 4, 0, 0, 15, 35, 0, 0, 1, 1, 0, 230)
29 (1, 4, 0, 69, 107, 18, 0, 0, 3, 2, 0, 41)
30 (1, 4, 0, 0, 37, 13, 0, 0, 3, 2, 0, 161)
31 (1, 4, 0, 0, 0, 21, 0, 0, 2, 1, 0, 69)
0 (1, 4, 288, 0, 0, 78, 0, 15, 3, 2, 0, 93)
1 (1, 4, 312, 0, 0, 78, 0, 16, 1, 1, 0, 158)
2 (1, 4, 251, 0, 0, 70, 3, 5, 3, 2, 0, 97)
3 (1, 4, 151, 0, 156, 78, 16, 5, 1, 2, 0, 57)
4 (1, 4, 13, 0, 325, 36, 54, 0, 2, 2, 0, 74)
5 (1, 4, 0, 0, 551, 0, 59, 0, 2, 3, 0, 100)
6 (1, 4, 0, 0, 739, 0, 45, 0, 3, 5, 0, 187)
7 (1, 4, 16, 0, 844, 0, 0, 1, 3, 5, 0, 217)
8 (1, 4, 0, 0, 785, 0, 0, 0, 4, 7, 0, 235)
9 (1, 4, 392, 177, 0, 0, 0, 0, 2, 3, 0, 119)
10 (1, 4, 152, 348, 0, 0, 0, 0, 2, 3, 0, 236)
11 (1, 4, 120, 459, 0, 0, 0, 0, 2, 3, 0, 213)
12 (1, 4, 102, 435, 0, 0, 0, 0, 1, 2, 0, 63)
13 (1, 4, 0, 351, 0, 0, 0, 0, 2, 4, 0, 167)
14 (1, 4, 0, 288, 0, 0, 0, 0, 1, 2, 0, 237)
15 (1, 4, 0, 187, 0, 2, 21, 0, 1, 1, 0, 159)
16 (1, 4, 0, 149, 0, 50, 13, 23, 0, 1, 0, 161)
17 (1, 4, 1, 86, 0, 62, 129, 51, 0, 1, 0, 179)
18 (1, 4, 0, 0, 293, 52, 147, 30, 0, 0, 0, 186)
19 (1, 4, 0, 0, 577, 0, 29, 9, 0, 0, 0, 64)
20 (1, 4, 0, 0, 355, 0, 0, 0, 1, 1, 0, 148)
21 (1, 4, 362, 0, 0, 41, 0, 0, 3, 2, 0, 32)
22 (1, 4, 90, 0, 0, 101, 0, 7, 1, 1, 0, 62)
23 (1, 4, 48, 25, 0, 90, 0, 24, 1, 1, 0, 234)
24 (1, 4, 56, 0, 0, 68, 0, 21, 1, 1, 0, 240)
25 (1, 4, 112, 0, 0, 67, 0, 11, 1, 1, 0, 161)
26 (1, 4, 58, 0, 0, 73, 0, 18, 1, 1, 0, 100)
27 (1, 4, 0, 0, 0, 76, 0, 15, 1, 1, 0, 223)
28 (1, 4, 0, 2, 0, 85, 0, 18, 1, 1, 0, 49)
29 (1, 4, 0, 10, 6, 80, 0, 17, 1, 1, 0, 246)
30 (1, 4, 0, 9, 0, 81, 0, 14, 1, 1, 0, 106)
31 (1, 4, 0, 10, 0, 80, 0, 14, 1, 1, 0, 173)
0 (1, 4, 0, 0, 562, 0, 33, 9, 1, 2, 0, 159)
1 (1, 4, 0, 0, 821, 0, 12, 12, 2, 3, 0, 22)
2 (1, 4, 68, 0, 873, 0, 0, 21, 2, 2, 0, 110)
3 (1, 4, 0, 0, 656, 0, 0, 0, 1, 2, 0, 254)
4 (1, 4, 65, 74, 0, 0, 0, 0, 1, 2, 0, 16)
5 (1, 4, 0, 160, 0, 0, 0, 0, 1, 1, 0, 180)
6 (1, 4, 35, 236, 0, 0, 0, 0, 1, 1, 0, 139)
7 (1, 4, 88, 215, 0, 0, 0, 0, 1, 1, 0, 143)
8 (1, 4, 96, 156, 0, 0, 22, 10, 1, 1, 0, 247)
9 (1, 4, 0, 50, 0, 0, 65, 20, 1, 2, 0, 193)
10 (1, 4, 25, 0, 228, 0, 98, 72, 3, 4, 0, 13)
11 (1, 4, 2, 0, 591, 0, 53, 50, 2, 4, 0, 204)
12 (1, 4, 0, 0, 703, 0, 0, 4, 2, 4, 0, 247)
13 (1, 4, 0, 0, 198, 0, 0, 0, 2, 3, 0, 124)
14 (1, 4, 140, 0, 0, 0, 0, 0, 3, 4, 0, 46)
15 (1, 4, 0, 0, 0, 0, 0, 0, 2, 3, 0, 7)
16 (1, 4, 0, 6, 0, 0, 0, 0, 3, 4, 0, 196)
17 (1, 4, 40, 0, 0, 0, 0, 0, 4, 7, 0, 80)
18 (1, 4, 85, 0, 0, 0, 0, 0, 0, 1, 0, 74)
19 (1, 4, 0, 0, 0, 18, 36, 0, 0, 1, 0, 50)
20 (1, 4, 0, 51, 0, 50, 52, 0, 0, 1, 0, 37)
21 (1, 4, 62, 114, 0, 65, 89, 0, 0, 0, 0, 173)
22 (1, 4, 154, 31, 0, 56, 254, 0, 0, 1, 0, 204)
23 (1, 4, 0, 152, 590, 3, 225, 0, 0, 0, 0, 90)
24 (1, 4, 0, 274, 679, 0, 0, 0, 1, 1, 0, 206)
25 (1, 4, 80, 0, 44, 76, 0, 0, 3, 1, 0, 151)
26 (1, 4, 156, 0, 0, 85, 26, 0, 2, 1, 0, 155)
27 (1, 4, 0, 63, 0, 123, 25, 0, 1, 1, 0, 74)
28 (1, 4, 0, 79, 0, 103, 1, 15, 1, 1, 0, 164)
29 (1, 4, 3, 0, 0, 101, 13, 2, 1, 1, 0, 216)
30 (1, 4, 0, 30, 20, 101, 9, 0, 1, 1, 0, 212)
31 (1, 4, 0, 0, 0, 96, 0, 2, 1, 1, 0, 242)
0 (1, 4, 0, 0, 189, 45, 37, 39, 2, 2, 0, 61)
1 (1, 4, 0, 0, 357, 6, 48, 4, 2, 2, 0, 65)
2 (1, 4, 0, 0, 550, 0, 44, 0, 2, 2, 0, 118)
3 (1, 4, 0, 0, 772, 0, 26, 0, 2, 3, 0, 8)
4 (1, 4, 37, 0, 873, 0, 0, 0, 2, 3, 0, 60)
5 (1, 4, 0, 0, 484, 0, 0, 0, 1, 1, 0, 128)
6 (1, 4, 452, 210, 35, 0, 0, 0, 1, 1, 0, 26)
7 (1, 4, 129, 12, 0, 0, 0, 0, 1, 1, 0, 5)
8 (1, 4, 140, 39, 0, 0, 0, 0, 1, 1, 0, 234)
9 (1, 4, 64, 71, 0, 0, 0, 0, 1, 1, 0, 127)
10 (1, 4, 6, 74, 0, 0, 61, 0, 1, 1, 0, 221)
11 (1, 4, 0, 92, 0, 0, 124, 44, 1, 1, 0, 114)
12 (1, 4, 0, 0, 380, 0, 73, 71, 1, 1, 0, 70)
13 (1, 4, 32, 0, 582, 0, 0, 0, 1, 1, 0, 128)
14 (1, 4, 0, 0, 223, 0, 0, 0, 1, 1, 0, 91)
15 (1, 4, 290, 160, 0, 28, 0, 0, 1, 1, 0, 30)
16 (1, 4, 0, 234, 0, 0, 0, 0, 1, 1, 0, 233)
17 (1, 4, 0, 281, 0, 0, 0, 0, 1, 1, 0, 245)
18 (1, 4, 0, 327, 0, 0, 0, 0, 0, 1, 0, 113)
19 (1, 4, 0, 326, 0, 0, 0, 0, 1, 1, 0, 166)
20 (1, 4, 0, 477, 0, 0, 0, 14, 1, 2, 0, 54)
21 (1, 4, 75, 337, 0, 0, 0, 52, 1, 1, 0, 41)
22 (1, 4, 182, 81, 0, 34, 61, 72, 1, 1, 0, 157)
23 (1, 4, 217, 0, 0, 45, 194, 102, 1, 1, 0, 243)
24 (1, 4, 66, 0, 494, 53, 229, 0, 1, 1, 0, 66)
25 (1, 4, 0, 0, 735, 0, 8, 0, 1, 1, 0, 32)
26 (1, 4, 0, 0, 177, 7, 0, 0, 1, 1, 0, 206)
27 (1, 4, 198, 0, 0, 85, 0, 0, 2, 1, 0, 40)
28 (1, 4, 140, 23, 0, 109, 29, 0, 2, 1, 0, 150)
29 (1, 4, 0, 76, 0, 109, 3, 22, 1, 1, 0, 174)
0 (1, 4, 20, 19, 8, 85, 0, 10, 1, 0, 0, 211)
1 (1, 4, 0, 47, 40, 77, 0, 9, 1, 0, 0, 86)
2 (1, 4, 0, 51, 5, 73, 0, 15, 1, 0, 0, 102)
3 (1, 4, 104, 42, 0, 89, 0, 3, 1, 1, 0, 246)
4 (1, 4, 79, 0, 0, 95, 0, 8, 1, 1, 0, 201)
5 (1, 4, 257, 0, 0, 66, 0, 5, 1, 1, 0, 58)
6 (1, 4, 294, 1, 0, 74, 60, 0, 2, 3, 0, 234)
7 (1, 4, 322, 0, 0, 65, 101, 9, 1, 1, 0, 146)
8 (1, 4, 428, 0, 11, 57, 109, 0, 1, 2, 0, 224)
9 (1, 4, 173, 286, 448, 21, 107, 0, 2, 3, 0, 141)
10 (1, 4, 0, 302, 801, 0, 58, 0, 3, 4, 0, 102)
11 (1, 4, 0, 177, 873, 0, 19, 14, 3, 4, 0, 134)
12 (1, 4, 0, 0, 873, 0, 0, 3, 6, 8, 0, 200)
13 (1, 4, 0, 0, 750, 0, 0, 0, 3, 3, 0, 230)
14 (1, 4, 0, 0, 157, 0, 0, 0, 2, 2, 0, 148)
15 (1, 4, 225, 51, 0, 25, 0, 0, 2, 2, 0, 82)
16 (1, 4, 348, 0, 0, 0, 0, 29, 2, 2, 0, 220)
17 (1, 4, 148, 0, 0, 0, 0, 6, 2, 2, 0, 109)
18 (1, 4, 0, 0, 0, 0, 57, 0, 2, 2, 0, 92)
19 (1, 4, 0, 0, 9, 0, 86, 6, 2, 2, 0, 6)
20 (1, 4, 270, 0, 441, 0, 101, 11, 2, 2, 0, 62)
21 (1, 4, 540, 0, 861, 0, 81, 85, 7, 8, 0, 101)
22 (1, 4, 0, 0, 698, 0, 0, 0, 8, 11, 0, 210)
23 (1, 4, 313, 0, 0, 0, 0, 0, 4, 4, 0, 1)
24 (1, 4, 0, 0, 0, 0, 0, 0, 4, 4, 0, 90)
25 (1, 4, 0, 0, 0, 0, 0, 36, 3, 3, 0, 177)
26 (1, 4, 0, 0, 0, 0, 0, 47, 2, 2, 0, 52)
27 (1, 4, 0, 0, 0, 0, 0, 1, 2, 2, 0, 179)
28 (1, 4, 111, 0, 0, 0, 15, 0, 2, 2, 0, 209)
29 (1, 4, 263, 0, 0, 9, 66, 0, 2, 2, 0, 75)
30 (1, 4, 305, 0, 0, 16, 93, 0, 1, 1, 0, 111)
31 (1, 4, 625, 7, 0, 33, 191, 0, 1, 1, 0, 50)
0 (1, 4, 0, 166, 0, 70, 0, 34, 1, 2, 0, 49)
1 (1, 4, 0, 77, 0, 82, 0, 24, 2, 1, 0, 171)
2 (1, 4, 0, 63, 0, 68, 0, 31, 3, 3, 0, 244)
3 (1, 4, 0, 112, 0, 38, 67, 5, 2, 3, 0, 183)
4 (1, 4, 0, 130, 201, 43, 80, 0, 2, 3, 0, 230)
5 (1, 4, 0, 179, 673, 11, 76, 24, 2, 4, 0, 146)
6 (1, 4, 0, 0, 806, 0, 33, 68, 2, 4, 0, 61)
7 (1, 4, 0, 0, 857, 0, 0, 82, 2, 4, 0, 117)
8 (1, 4, 0, 0, 873, 0, 0, 0, 3, 4, 0, 185)
9 (1, 4, 13, 0, 49, 0, 0, 0, 5, 6, 0, 189)
10 (1, 4, 70, 288, 0, 0, 0, 0, 5, 9, 0, 35)
11 (1, 4, 19, 193, 0, 0, 0, 39, 3, 5, 0, 111)
12 (1, 4, 48, 69, 0, 0, 0, 31, 1, 2, 0, 43)
13 (1, 4, 62, 10, 0, 0, 201, 0, 1, 3, 0, 154)
14 (1, 4, 55, 0, 377, 0, 179, 0, 1, 2, 0, 255)
15 (1, 4, 0, 0, 640, 0, 0, 37, 2, 3, 0, 71)
16 (1, 4, 0, 0, 0, 89, 0, 0, 2, 3, 0, 194)
17 (1, 4, 0, 256, 0, 15, 0, 0, 3, 5, 0, 88)
18 (1, 4, 0, 204, 0, 0, 0, 0, 3, 4, 0, 152)
19 (1, 4, 0, 83, 0, 0, 0, 32, 2, 2, 0, 247)
20 (1, 4, 0, 0, 0, 0, 0, 19, 1, 2, 0, 127)
21 (1, 4, 0, 0, 0, 10, 60, 0, 2, 2, 0, 0)
22 (1, 4, 0, 66, 0, 46, 155, 0, 1, 1, 0, 49)
23 (1, 4, 4, 152, 486, 71, 260, 0, 1, 1, 0, 60)
24 (1, 4, 0, 268, 873, 1, 182, 0, 1, 1, 0, 131)
25 (1, 4, 0, 219, 791, 0, 0, 0, 1, 0, 0, 233)
26 (1, 4, 0, 0, 302, 0, 0, 0, 1, 0, 0, 114)
27 (1, 4, 318, 178, 0, 20, 0, 0, 2, 1, 0, 228)
28 (1, 4, 198, 133, 0, 84, 0, 0, 2, 1, 0, 89)
29 (1, 4, 84, 80, 0, 85, 0, 23, 1, 1, 0, 69)
30 (1, 4, 26, 33, 0, 63, 0, 22, 1, 1, 0, 40)
31 (1, 4, 0, 57, 0, 61, 0, 20, 1, 1, 0, 241)
0 (1, 4, 0, 0, 24, 0, 0, 0, 4, 4, 0, 153)
1 (1, 4, 296, 430, 0, 0, 0, 0, 4, 7, 0, 112)
2 (1, 4, 0, 435, 0, 0, 0, 0, 2, 3, 0, 152)
3 (1, 4, 0, 241, 0, 0, 0, 0, 2, 3, 0, 147)
4 (1, 4, 0, 29, 0, 0, 0, 15, 2, 3, 0, 67)
5 (1, 4, 0, 44, 0, 0, 29, 10, 2, 2, 0, 74)
6 (1, 4, 0, 29, 0, 11, 75, 19, 2, 2, 0, 237)
7 (1, 4, 0, 0, 0, 44, 179, 0, 2, 2, 0, 54)
8 (1, 4, 0, 0, 266, 42, 225, 0, 3, 2, 0, 181)
9 (1, 4, 0, 0, 758, 0, 184, 0, 2, 2, 0, 81)
10 (1, 4, 0, 48, 873, 0, 99, 0, 1, 1, 0, 130)
11 (1, 4, 0, 477, 873, 0, 0, 42, 1, 0, 0, 254)
12 (1, 4, 0, 0, 0, 0, 0, 0, 1, 0, 0, 28)
13 (1, 4, 187, 247, 0, 23, 0, 0, 1, 1, 0, 174)
14 (1, 4, 155, 266, 0, 53, 0, 0, 1, 0, 0, 205)
15 (1, 4, 457, 149, 0, 38, 0, 14, 1, 0, 0, 126)
16 (1, 4, 567, 111, 0, 76, 0, 7, 2, 2, 0, 215)
17 (1, 4, 191, 0, 0, 78, 0, 26, 2, 1, 0, 86)
18 (1, 4, 0, 0, 2, 111, 0, 17, 2, 2, 0, 214)
19 (1, 4, 0, 0, 28, 119, 0, 5, 2, 2, 0, 205)
20 (1, 4, 5, 0, 46, 99, 0, 0, 2, 1, 0, 201)
21 (1, 4, 21, 0, 22, 98, 0, 9, 2, 1, 0, 62)
22 (1, 4, 34, 0, 60, 90, 0, 0, 2, 1, 0, 141)
23 (1, 4, 0, 0, 36, 89, 0, 0, 2, 1, 0, 180)
24 (1, 4, 9, 0, 58, 88, 0, 0, 1, 1, 0, 193)
25 (1, 4, 0, 0, 0, 86, 0, 5, 2, 2, 0, 166)
26 (1, 4, 162, 0, 83, 77, 0, 0, 2, 2, 0, 211)
27 (1, 4, 0, 0, 178, 84, 0, 0, 2, 2, 0, 109)
28 (1, 4, 0, 0, 214, 81, 0, 0, 2, 2, 0, 85)
29 (1, 4, 5, 0, 178, 84, 0, 0, 2, 1, 0, 230)
30 (1, 4, 0, 0, 83, 72, 0, 0, 2, 2, 0, 126)
31 (1, 4, 0, 0, 31, 70, 0, 0, 2, 2, 0, 221)
0 (1, 4, 328, 5, 0, 87, 0, 0, 6, 8, 0, 143)
1 (1, 4, 334, 0, 0, 69, 0, 0, 6, 7, 0, 74)
2 (1, 4, 143, 72, 0, 67, 10, 0, 8, 6, 0, 162)
3 (1, 4, 73, 82, 28, 63, 34, 0, 5, 6, 0, 79)
4 (1, 4, 59, 70, 226, 37, 56, 0, 9, 10, 0, 235)
5 (1, 4, 0, 63, 517, 0, 93, 0, 3, 3, 0, 195)
6 (1, 4, 0, 0, 812, 0, 104, 0, 3, 3, 0, 72)
7 (1, 4, 0, 0, 873, 0, 2, 0, 6, 6, 0, 112)
8 (1, 4, 0, 0, 873, 0, 0, 0, 6, 4, 0, 84)
9 (1, 4, 471, 0, 0, 0, 0, 0, 2, 2, 0, 56)
10 (1, 4, 255, 369, 0, 0, 0, 0, 2, 2, 0, 253)
11 (1, 4, 122, 514, 0, 0, 0, 0, 2, 1, 0, 179)
12 (1, 4, 38, 382, 0, 0, 0, 0, 2, 1, 0, 243)
13 (1, 4, 0, 314, 0, 0, 0, 0, 2, 1, 0, 73)
14 (1, 4, 22, 224, 0, 0, 0, 0, 1, 1, 0, 243)
15 (1, 4, 0, 109, 0, 0, 6, 13, 1, 1, 0, 187)
16 (1, 4, 0, 24, 0, 49, 34, 38, 1, 1, 0, 54)
17 (1, 4, 0, 0, 0, 62, 69, 28, 1, 1, 0, 31)
18 (1, 4, 31, 0, 0, 110, 122, 0, 1, 1, 0, 234)
19 (1, 4, 7, 0, 186, 129, 207, 0, 0, 0, 0, 130)
20 (1, 4, 115, 102, 616, 54, 189, 0, 0, 0, 0, 140)
21 (1, 4, 0, 524, 873, 0, 0, 0, 0, 1, 0, 123)
22 (1, 4, 0, 0, 0, 0, 0, 0, 1, 1, 0, 119)
23 (1, 4, 175, 0, 0, 85, 0, 0, 3, 2, 0, 199)
24 (1, 4, 0, 3, 0, 124, 0, 0, 1, 1, 0, 224)
25 (1, 4, 42, 82, 0, 107, 0, 0, 1, 1, 0, 182)
26 (1, 4, 44, 88, 0, 92, 0, 0, 1, 1, 0, 15)
27 (1, 4, 0, 75, 9, 74, 0, 0, 1, 1, 0, 164)
28 (1, 4, 0, 30, 0, 76, 0, 0, 1, 1, 0, 67)
29 (1, 4, 6, 9, 0, 87, 0, 0, 1, 1, 0, 42)
30 (1, 4, 90, 11, 0, 92, 0, 0, 1, 0, 0, 212)
31 (1, 4, 65, 0, 17, 94, 0, 0, 1, 1, 0, 131)
0 (1, 4, 0, 70, 446, 2, 0, 0, 1, 1, 0, 157)
1 (1, 4, 0, 49, 397, 0, 0, 0, 1, 1, 0, 187)
2 (1, 4, 0, 0, 97, 0, 0, 0, 1, 1, 0, 230)
3 (1, 4, 0, 0, 0, 2, 0, 0, 3, 3, 0, 91)
4 (1, 4, 0, 0, 0, 25, 0, 0, 4, 5, 0, 33)
5 (1, 4, 170, 95, 0, 30, 0, 0, 4, 5, 0, 145)
6 (1, 4, 336, 165, 0, 33, 5, 0, 5, 8, 0, 105)
7 (1, 4, 172, 164, 30, 38, 66, 19, 5, 8, 0, 5)
8 (1, 4, 26, 0, 372, 0, 92, 42, 6, 11, 0, 99)
9 (1, 4, 0, 0, 594, 0, 67, 17, 4, 5, 0, 189)
10 (1, 4, 0, 0, 698, 0, 0, 0, 3, 5, 0, 65)
11 (1, 4, 0, 0, 278, 0, 0, 0, 5, 7, 0, 214)
12 (1, 4, 39, 5, 0, 0, 0, 74, 2, 2, 0, 248)
13 (1, 4, 0, 0, 0, 0, 0, 0, 1, 2, 0, 202)
14 (1, 4, 61, 79, 0, 0, 0, 0, 2, 2, 0, 63)
15 (1, 4, 172, 104, 0, 0, 102, 10, 2, 3, 0, 58)
16 (1, 4, 193, 1, 516, 0, 279, 7, 2, 3, 0, 41)
17 (1, 4, 0, 0, 434, 0, 0, 0, 2, 2, 0, 110)
18 (1, 4, 275, 343, 0, 0, 0, 0, 4, 6, 0, 121)
19 (1, 4, 0, 0, 0, 26, 0, 0, 3, 5, 0, 41)
20 (1, 4, 0, 222, 0, 0, 0, 0, 3, 5, 0, 255)
21 (1, 4, 0, 146, 0, 0, 0, 0, 2, 2, 0, 97)
22 (1, 4, 0, 85, 0, 0, 0, 5, 1, 1, 0, 80)
23 (1, 4, 0, 42, 0, 17, 0, 8, 1, 1, 0, 105)
24 (1, 4, 0, 0, 0, 16, 8, 13, 1, 1, 0, 1)
25 (1, 4, 0, 0, 0, 28, 149, 0, 1, 1, 0, 47)
26 (1, 4, 165, 0, 2, 27, 247, 0, 0, 0, 0, 85)
27 (1, 4, 75, 5, 649, 0, 166, 0, 1, 1, 0, 184)
28 (1, 4, 0, 106, 873, 0, 0, 0, 1, 1, 0, 34)
29 (1, 4, 0, 0, 344, 27, 0, 0, 1, 1, 0, 60)
30 (1, 4, 0, 89, 113, 54, 0, 0, 4, 2, 0, 113)
31 (1, 4, 24, 28, 0, 83, 0, 0, 1, 1, 0, 236)
0 (1, 4, 0, 14, 6, 85, 0, 0, 1, 1, 0, 67)
1 (1, 4, 14, 20, 19, 92, 0, 0, 1, 1, 0, 250)
2 (1, 4, 20, 19, 19, 85, 0, 0, 1, 1, 0, 147)
3 (1, 4, 44, 24, 14, 86, 0, 0, 1, 1, 0, 135)
4 (1, 4, 39, 20, 15, 77, 0, 0, 1, 1, 0, 54)
5 (1, 4, 35, 55, 24, 74, 0, 0, 1, 1, 0, 211)
6 (1, 4, 29, 135, 34, 75, 0, 0, 3, 3, 0, 29)
7 (1, 4, 95, 312, 0, 75, 0, 8, 2, 2, 0, 76)
8 (1, 4, 482, 0, 0, 53, 0, 41, 1, 1, 0, 219)
9 (1, 4, 476, 0, 0, 50, 0, 0, 1, 1, 0, 97)
10 (1, 4, 253, 0, 0, 82, 44, 0, 1, 1, 0, 185)
11 (1, 4, 0, 0, 0, 79, 56, 0, 1, 2, 0, 243)
12 (1, 4, 166, 0, 0, 73, 85, 0, 2, 2, 0, 173)
13 (1, 4, 318, 34, 249, 62, 92, 0, 2, 3, 0, 99)
14 (1, 4, 97, 236, 655, 21, 88, 0, 2, 4, 0, 160)
15 (1, 4, 0, 41, 727, 0, 73, 0, 7, 14, 0, 55)
16 (1, 4, 0, 0, 873, 0, 4, 13, 5, 8, 0, 171)
17 (1, 4, 467, 0, 873, 0, 0, 0, 5, 8, 0, 100)
18 (1, 4, 0, 2, 218, 0, 0, 0, 3, 5, 0, 147)
19 (1, 4, 174, 72, 0, 15, 0, 21, 3, 4, 0, 25)
20 (1, 4, 0, 118, 0, 21, 0, 3, 2, 3, 0, 98)
21 (1, 4, 0, 199, 0, 0, 0, 0, 3, 5, 0, 152)
22 (1, 4, 0, 284, 0, 0, 60, 26, 7, 11, 0, 124)
23 (1, 4, 0, 0, 214, 0, 188, 78, 3, 4, 0, 138)
24 (1, 4, 0, 0, 608, 0, 65, 35, 3, 5, 0, 3)
25 (1, 4, 142, 0, 803, 0, 0, 0, 2, 3, 0, 228)
26 (1, 4, 0, 0, 67, 0, 0, 0, 4, 9, 0, 139)
27 (1, 4, 322, 158, 0, 0, 0, 0, 5, 7, 0, 118)
28 (1, 4, 20, 103, 0, 0, 0, 0, 2, 3, 0, 156)
29 (1, 4, 36, 155, 0, 0, 0, 0, 3, 4, 0, 135)
30 (1, 4, 31, 196, 0, 0, 0, 0, 3, 5, 0, 250)
31 (1, 4, 110, 174, 0, 0, 0, 0, 1, 1, 0, 170)
0 (1, 4, 0, 159, 6, 54, 0, 0, 1, 1, 0, 139)
1 (1, 4, 96, 262, 0, 43, 0, 26, 1, 1, 0, 219)
2 (1, 4, 105, 79, 0, 37, 0, 39, 1, 0, 0, 38)
3 (1, 4, 238, 0, 0, 51, 0, 60, 1, 0, 0, 193)
4 (1, 4, 0, 0, 147, 60, 15, 30, 1, 1, 0, 132)
5 (1, 4, 0, 0, 347, 39, 19, 16, 3, 2, 0, 185)
6 (1, 4, 0, 0, 522, 1, 24, 0, 2, 2, 0, 30)
7 (1, 4, 20, 0, 694, 0, 34, 0, 2, 2, 0, 240)
8 (1, 4, 85, 0, 741, 0, 0, 0, 2, 3, 0, 220)
9 (1, 4, 0, 0, 781, 0, 0, 0, 2, 3, 0, 150)
10 (1, 4, 335, 146, 0, 0, 0, 0, 3, 3, 0, 185)
11 (1, 4, 42, 197, 0, 0, 0, 0, 2, 2, 0, 42)
12 (1, 4, 90, 255, 0, 0, 0, 0, 1, 1, 0, 226)
13 (1, 4, 382, 134, 0, 0, 171, 70, 1, 1, 0, 195)
14 (1, 4, 48, 0, 372, 0, 184, 15, 1, 1, 0, 173)
15 (1, 4, 0, 0, 611, 0, 0, 0, 1, 1, 0, 115)
16 (1, 4, 329, 284, 0, 0, 0, 0, 2, 2, 0, 116)
17 (1, 4, 0, 308, 0, 0, 0, 0, 1, 1, 0, 235)
18 (1, 4, 0, 408, 0, 0, 0, 0, 1, 1, 0, 65)
19 (1, 4, 0, 449, 0, 0, 0, 0, 1, 1, 0, 165)
20 (1, 4, 0, 496, 0, 0, 0, 0, 1, 1, 0, 179)
21 (1, 4, 62, 478, 0, 0, 0, 0, 1, 1, 0, 6)
22 (1, 4, 172, 329, 0, 0, 0, 32, 1, 1, 0, 44)
23 (1, 4, 40, 44, 0, 34, 84, 49, 1, 1, 0, 109)
24 (1, 4, 0, 66, 423, 51, 66, 41, 1, 1, 0, 109)
25 (1, 4, 0, 121, 538, 0, 0, 0, 1, 1, 0, 7)
26 (1, 4, 0, 0, 139, 0, 0, 0, 1, 0, 0, 234)
27 (1, 4, 0, 69, 0, 26, 0, 0, 1, 1, 0, 170)
28 (1, 4, 0, 35, 0, 63, 0, 19, 1, 0, 0, 8)
29 (1, 4, 0, 83, 0, 55, 0, 19, 1, 0, 0, 208)
0 (1, 4, 0, 34, 688, 0, 0, 0, 1, 2, 0, 175)
1 (1, 4, 0, 0, 689, 0, 0, 0, 2, 2, 0, 50)
2 (1, 4, 54, 0, 873, 0, 0, 57, 2, 2, 0, 226)
3 (1, 4, 0, 0, 873, 0, 0, 0, 4, 2, 0, 237)
4 (1, 4, 0, 0, 0, 0, 0, 0, 1, 1, 0, 119)
5 (1, 4, 0, 117, 0, 0, 0, 0, 2, 1, 0, 158)
6 (1, 4, 66, 86, 0, 0, 0, 0, 2, 1, 0, 17)
7 (1, 4, 232, 80, 0, 0, 0, 26, 3, 2, 0, 71)
8 (1, 4, 186, 13, 0, 0, 152, 20, 2, 2, 0, 56)
9 (1, 4, 0, 0, 352, 0, 240, 0, 2, 1, 0, 47)
10 (1, 4, 0, 0, 537, 0, 0, 0, 7, 5, 0, 122)
11 (1, 4, 0, 0, 0, 0, 0, 0, 1, 1, 0, 119)
12 (1, 4, 0, 343, 0, 0, 0, 0, 1, 1, 0, 114)
13 (1, 4, 0, 397, 0, 0, 0, 0, 1, 1, 0, 79)
14 (1, 4, 0, 305, 0, 0, 0, 0, 1, 1, 0, 132)
15 (1, 4, 0, 189, 0, 0, 0, 23, 1, 1, 0, 201)
16 (1, 4, 71, 76, 0, 0, 70, 51, 1, 1, 0, 33)
17 (1, 4, 0, 0, 0, 29, 223, 36, 1, 1, 0, 205)
18 (1, 4, 190, 17, 510, 26, 205, 0, 0, 1, 0, 248)
19 (1, 4, 0, 260, 873, 0, 14, 0, 0, 0, 0, 91)
20 (1, 4, 0, 0, 185, 0, 0, 0, 11, 1, 0, 242)
21 (1, 4, 128, 204, 0, 70, 0, 0, 2, 1, 0, 184)
22 (1, 4, 0, 157, 0, 104, 0, 4, 1, 1, 0, 122)
23 (1, 4, 0, 82, 0, 113, 0, 0, 1, 1, 0, 44)
24 (1, 4, 0, 77, 32, 93, 0, 18, 1, 0, 0, 110)
25 (1, 4, 100, 18, 0, 84, 0, 0, 1, 0, 0, 56)
26 (1, 4, 0, 22, 4, 85, 0, 0, 1, 0, 0, 213)
27 (1, 4, 0, 33, 9, 92, 0, 5, 1, 0, 0, 79)
28 (1, 4, 0, 0, 0, 82, 0, 7, 1, 0, 0, 19)
29 (1, 4, 0, 0, 0, 89, 0, 0, 0, 0, 0, 187)
0 (1, 4, 321, 20, 173, 53, 24, 1, 1, 0, 0, 189)
1 (1, 4, 91, 37, 426, 42, 24, 0, 1, 0, 0, 16)
2 (1, 4, 0, 79, 729, 5, 0, 9, 1, 0, 0, 159)
3 (1, 4, 0, 0, 823, 0, 0, 0, 4, 4, 0, 217)
4 (1, 4, 0, 0, 588, 0, 0, 0, 1, 1, 0, 212)
5 (1, 4, 31, 0, 441, 0, 0, 0, 1, 1, 0, 200)
6 (1, 4, 0, 0, 189, 0, 0, 0, 1, 1, 0, 113)
7 (1, 4, 127, 267, 165, 39, 0, 46, 1, 1, 0, 251)
8 (1, 4, 210, 0, 0, 0, 0, 0, 7, 2, 0, 225)
9 (1, 4, 168, 0, 0, 0, 0, 0, 1, 1, 0, 213)
10 (1, 4, 0, 0, 0, 0, 0, 0, 2, 1, 0, 209)
11 (1, 4, 0, 0, 0, 0, 0, 0, 2, 2, 0, 108)
12 (1, 4, 165, 0, 0, 0, 0, 0, 2, 2, 0, 136)
13 (1, 4, 50, 0, 0, 0, 47, 0, 2, 2, 0, 243)
14 (1, 4, 42, 0, 49, 13, 121, 4, 2, 2, 0, 22)
15 (1, 4, 255, 13, 563, 0, 132, 27, 2, 2, 0, 89)
16 (1, 4, 0, 0, 819, 0, 10, 20, 1, 2, 0, 130)
17 (1, 4, 0, 0, 286, 0, 0, 0, 1, 2, 0, 37)
18 (1, 4, 353, 302, 0, 0, 0, 0, 2, 3, 0, 102)
19 (1, 4, 0, 112, 0, 0, 0, 0, 3, 3, 0, 69)
20 (1, 4, 159, 318, 0, 0, 0, 40, 2, 2, 0, 202)
21 (1, 4, 132, 99, 0, 0, 139, 76, 1, 1, 0, 103)
22 (1, 4, 0, 0, 406, 0, 137, 65, 1, 1, 0, 195)
23 (1, 4, 0, 0, 653, 0, 0, 0, 1, 2, 0, 247)
24 (1, 4, 0, 0, 195, 0, 0, 0, 1, 1, 0, 198)
25 (1, 4, 223, 313, 0, 0, 0, 0, 1, 1, 0, 17)
26 (1, 4, 0, 249, 0, 0, 0, 0, 1, 1, 0, 80)
27 (1, 4, 0, 388, 0, 0, 0, 0, 1, 1, 0, 73)
28 (1, 4, 0, 411, 0, 0, 0, 0, 1, 1, 0, 153)
29 (1, 4, 44, 156, 0, 0, 0, 37, 1, 1, 0, 250)
30 (1, 4, 0, 19, 0, 4, 14, 14, 1, 1, 0, 68)
31 (1, 4, 0, 84, 0, 34, 76, 0, 0, 0, 0, 169)
0 (1, 4, 0, 0, 0, 0, 0, 39, 1, 0, 0, 174)
1 (1, 4, 0, 0, 0, 0, 0, 0, 2, 1, 0, 209)
2 (1, 4, 0, 168, 0, 0, 0, 0, 1, 1, 0, 7)
3 (1, 4, 0, 117, 0, 0, 0, 0, 1, 2, 0, 133)
4 (1, 4, 0, 111, 0, 0, 0, 2, 1, 2, 0, 131)
5 (1, 4, 0, 151, 0, 0, 35, 22, 1, 2, 0, 49)
6 (1, 4, 2, 27, 0, 0, 155, 52, 1, 2, 0, 32)
7 (1, 4, 90, 0, 514, 0, 121, 53, 1, 2, 0, 168)
8 (1, 4, 203, 0, 798, 0, 4, 55, 1, 2, 0, 227)
9 (1, 4, 0, 0, 654, 0, 0, 24, 1, 1, 0, 200)
10 (1, 4, 0, 0, 0, 0, 0, 0, 1, 1, 0, 119)
11 (1, 4, 0, 0, 0, 0, 0, 9, 1, 1, 0, 66)
12 (1, 4, 0, 16, 0, 0, 0, 0, 1, 1, 0, 22)
13 (1, 4, 0, 56, 0, 0, 0, 0, 0, 1, 0, 5)
14 (1, 4, 0, 93, 0, 0, 0, 0, 1, 1, 0, 73)
15 (1, 4, 21, 77, 0, 0, 46, 0, 1, 2, 0, 158)
16 (1, 4, 0, 25, 115, 0, 114, 40, 1, 2, 0, 71)
17 (1, 4, 0, 0, 545, 0, 74, 36, 1, 2, 0, 231)
18 (1, 4, 53, 0, 779, 0, 4, 58, 1, 2, 0, 249)
19 (1, 4, 271, 0, 873, 0, 0, 84, 1, 2, 0, 187)
20 (1, 4, 0, 0, 627, 0, 0, 16, 1, 1, 0, 223)
21 (1, 4, 29, 0, 0, 0, 0, 0, 0, 1, 0, 179)
22 (1, 4, 0, 0, 0, 0, 0, 58, 1, 1, 0, 86)
23 (1, 4, 0, 0, 0, 0, 0, 0, 1, 1, 0, 119)
24 (1, 4, 0, 0, 0, 0, 0, 0, 0, 1, 0, 21)
25 (1, 4, 0, 123, 0, 0, 0, 0, 0, 1, 0, 94)
26 (1, 4, 0, 296, 0, 0, 0, 0, 0, 1, 0, 129)
27 (1, 4, 0, 321, 0, 0, 0, 44, 2, 3, 0, 234)
28 (1, 4, 0, 166, 0, 0, 82, 83, 0, 1, 0, 252)
29 (1, 4, 0, 0, 0, 57, 167, 89, 0, 0, 0, 117)
30 (1, 4, 0, 0, 316, 112, 172, 8, 0, 0, 0, 122)
31 (1, 4, 0, 50, 625, 69, 182, 0, 0, 0, 0, 255)

