0 (1, 4, 0, 61, 19, 0, 129, 0, 0, 0, 0, 136)
1 (1, 4, 0, 63, 612, 0, 188, 0, 0, 0, 0, 19)
2 (1, 4, 0, 33, 855, 0, 0, 0, 0, 0, 0, 143)
3 (1, 4, 0, 0, 172, 0, 0, 0, 0, 0, 0, 147)
4 (1, 4, 5, 159, 0, 0, 0, 0, 0, 0, 0, 153)
5 (1, 4, 192, 201, 0, 0, 0, 0, 0, 0, 0, 102)
6 (1, 4, 399, 141, 0, 0, 0, 0, 0, 0, 0, 238)
7 (1, 4, 237, 23, 0, 0, 141, 0, 0, 0, 0, 111)
8 (1, 4, 73, 0, 173, 0, 222, 0, 0, 0, 0, 139)
9 (1, 4, 0, 0, 579, 0, 49, 0, 0, 0, 0, 117)
10 (1, 4, 0, 0, 493, 0, 0, 0, 0, 0, 0, 161)
11 (1, 4, 212, 165, 0, 98, 0, 0, 0, 0, 0, 148)
12 (1, 4, 11, 247, 0, 15, 0, 0, 0, 0, 0, 154)
13 (1, 4, 191, 285, 0, 0, 0, 0, 0, 0, 0, 78)
14 (1, 4, 153, 189, 0, 0, 0, 0, 1, 0, 0, 233)
15 (1, 4, 269, 202, 0, 3, 70, 13, 1, 0, 0, 110)
16 (1, 4, 148, 0, 23, 44, 194, 0, 1, 0, 0, 250)
17 (1, 4, 0, 214, 577, 12, 110, 0, 2, 0, 0, 120)
18 (1, 4, 0, 127, 528, 0, 0, 0, 2, 0, 0, 238)
19 (1, 4, 0, 0, 118, 0, 0, 0, 2, 0, 0, 177)
20 (1, 4, 148, 0, 0, 0, 0, 31, 2, 0, 0, 93)
21 (1, 4, 9, 12, 31, 23, 0, 16, 2, 0, 0, 242)
22 (1, 4, 21, 103, 217, 28, 0, 26, 2, 0, 0, 129)
23 (1, 4, 0, 234, 340, 11, 0, 15, 2, 0, 0, 131)
24 (1, 4, 0, 188, 488, 0, 0, 28, 2, 0, 0, 40)
25 (1, 4, 0, 0, 599, 0, 0, 50, 2, 0, 0, 170)
26 (1, 4, 0, 0, 484, 0, 0, 0, 2, 0, 0, 77)
27 (1, 4, 0, 0, 443, 0, 0, 16, 2, 0, 0, 67)
28 (1, 4, 0, 0, 374, 0, 0, 0, 2, 0, 0, 236)
29 (1, 4, 48, 29, 383, 0, 0, 16, 2, 0, 0, 141)
30 (1, 4, 313, 88, 422, 0, 0, 31, 2, 0, 0, 185)
31 (1, 4, 0, 21, 293, 0, 0, 39, 2, 0, 0, 111)
0 (1, 4, 11, 283, 0, 0, 0, 0, 1, 0, 0, 145)
1 (1, 4, 0, 276, 0, 0, 0, 0, 1, 0, 0, 66)
2 (1, 4, 0, 308, 0, 0, 0, 0, 1, 0, 0, 128)
3 (1, 4, 0, 271, 0, 0, 0, 0, 1, 0, 0, 72)
4 (1, 4, 0, 246, 0, 0, 7, 6, 1, 0, 0, 46)
5 (1, 4, 0, 292, 0, 32, 20, 12, 1, 0, 0, 241)
6 (1, 4, 0, 145, 0, 59, 63, 22, 2, 0, 0, 150)
7 (1, 4, 51, 188, 94, 61, 171, 40, 2, 0, 0, 176)
8 (1, 4, 0, 204, 656, 0, 87, 23, 2, 0, 0, 82)
9 (1, 4, 0, 0, 618, 0, 0, 0, 2, 0, 0, 150)
10 (1, 4, 64, 113, 7, 0, 0, 0, 2, 0, 0, 67)
11 (1, 4, 210, 48, 0, 25, 0, 26, 2, 0, 0, 233)
12 (1, 4, 0, 92, 78, 26, 0, 37, 2, 0, 0, 61)
13 (1, 4, 0, 0, 0, 23, 0, 53, 2, 0, 0, 200)
14 (1, 4, 0, 0, 0, 20, 0, 20, 2, 0, 0, 151)
15 (1, 4, 0, 0, 20, 27, 0, 0, 2, 0, 0, 181)
16 (1, 4, 0, 67, 178, 10, 0, 0, 2, 0, 0, 120)
17 (1, 4, 115, 145, 415, 0, 0, 13, 2, 0, 0, 25)
18 (1, 4, 68, 0, 475, 0, 0, 0, 2, 0, 0, 36)
19 (1, 4, 0, 0, 459, 0, 0, 0, 2, 0, 0, 234)
20 (1, 4, 60, 0, 552, 0, 0, 0, 1, 0, 0, 139)
21 (1, 4, 182, 22, 563, 0, 0, 15, 2, 0, 0, 3)
22 (1, 4, 21, 0, 480, 0, 0, 0, 2, 0, 0, 197)
23 (1, 4, 0, 858, 402, 0, 0, 140, 2, 0, 0, 71)
24 (1, 4, 0, 0, 0, 0, 0, 0, 2, 0, 0, 186)
25 (1, 4, 165, 0, 100, 0, 0, 0, 2, 0, 0, 5)
26 (1, 4, 2, 133, 238, 0, 0, 0, 2, 0, 0, 241)
27 (1, 4, 77, 226, 177, 0, 0, 0, 2, 0, 0, 188)
28 (1, 4, 204, 0, 0, 0, 0, 0, 2, 0, 0, 110)
29 (1, 4, 142, 0, 0, 0, 0, 0, 2, 0, 0, 251)
30 (1, 4, 115, 172, 0, 0, 11, 41, 2, 0, 0, 114)
31 (1, 4, 0, 7, 56, 0, 11, 29, 2, 0, 0, 92)
0 (1, 4, 78, 0, 0, 0, 9, 0, 2, 0, 0, 223)
1 (1, 4, 92, 0, 0, 0, 6, 2, 2, 0, 0, 51)
2 (1, 4, 78, 3, 0, 0, 0, 4, 2, 0, 0, 202)
3 (1, 4, 26, 0, 0, 0, 0, 13, 2, 0, 0, 118)
4 (1, 4, 0, 0, 0, 0, 0, 18, 2, 0, 0, 208)
5 (1, 4, 0, 0, 0, 0, 0, 14, 1, 0, 0, 58)
6 (1, 4, 0, 0, 0, 0, 0, 3, 1, 0, 0, 122)
7 (1, 4, 0, 113, 0, 0, 0, 0, 1, 0, 0, 137)
8 (1, 4, 0, 273, 0, 0, 0, 0, 1, 0, 0, 45)
9 (1, 4, 0, 208, 0, 0, 12, 0, 1, 0, 0, 221)
10 (1, 4, 2, 87, 0, 0, 59, 1, 1, 0, 0, 253)
11 (1, 4, 0, 0, 154, 0, 121, 26, 1, 0, 0, 171)
12 (1, 4, 0, 0, 535, 0, 54, 5, 1, 0, 0, 15)
13 (1, 4, 0, 0, 683, 0, 0, 0, 1, 0, 0, 174)
14 (1, 4, 0, 0, 27, 30, 0, 0, 1, 0, 0, 41)
15 (1, 4, 224, 262, 0, 0, 0, 0, 1, 0, 0, 21)
16 (1, 4, 296, 286, 0, 0, 0, 0, 1, 0, 0, 41)
17 (1, 4, 188, 163, 0, 0, 30, 0, 1, 0, 0, 40)
18 (1, 4, 0, 39, 0, 0, 69, 5, 1, 0, 0, 246)
19 (1, 4, 69, 0, 147, 0, 117, 65, 1, 0, 0, 4)
20 (1, 4, 0, 0, 544, 0, 52, 1, 1, 0, 0, 236)
21 (1, 4, 0, 0, 461, 0, 0, 0, 1, 0, 0, 61)
22 (1, 4, 82, 73, 0, 121, 0, 0, 1, 0, 0, 192)
23 (1, 4, 260, 246, 0, 23, 0, 0, 1, 0, 0, 26)
24 (1, 4, 128, 227, 0, 0, 0, 0, 1, 0, 0, 145)
25 (1, 4, 200, 217, 0, 0, 0, 0, 1, 0, 0, 21)
26 (1, 4, 171, 174, 0, 0, 0, 0, 1, 0, 0, 107)
27 (1, 4, 61, 79, 0, 37, 38, 24, 1, 0, 0, 224)
28 (1, 4, 0, 0, 0, 52, 72, 39, 1, 0, 0, 23)
29 (1, 4, 87, 0, 0, 77, 121, 59, 0, 0, 0, 167)
30 (1, 4, 88, 0, 403, 45, 144, 20, 1, 0, 0, 8)
31 (1, 4, 0, 0, 733, 0, 39, 6, 2, 0, 0, 170)
0 (1, 4, 0, 0, 648, 0, 0, 0, 1, 1, 0, 128)
1 (1, 4, 0, 0, 216, 0, 0, 0, 1, 1, 0, 190)
2 (1, 4, 372, 226, 0, 15, 0, 0, 1, 1, 0, 107)
3 (1, 4, 0, 114, 0, 8, 0, 0, 1, 1, 0, 194)
4 (1, 4, 291, 159, 0, 0, 0, 0, 1, 1, 0, 113)
5 (1, 4, 141, 7, 0, 0, 99, 0, 1, 1, 0, 186)
6 (1, 4, 0, 0, 105, 0, 119, 14, 1, 1, 0, 134)
7 (1, 4, 0, 0, 423, 0, 31, 0, 1, 1, 0, 236)
8 (1, 4, 0, 0, 517, 0, 0, 0, 1, 1, 0, 7)
9 (1, 4, 0, 0, 115, 98, 0, 0, 1, 1, 0, 180)
10 (1, 4, 249, 287, 0, 39, 0, 0, 1, 1, 0, 51)
11 (1, 4, 52, 295, 0, 1, 0, 0, 1, 1, 0, 82)
12 (1, 4, 165, 354, 0, 0, 0, 0, 1, 1, 0, 90)
13 (1, 4, 149, 264, 0, 0, 0, 0, 1, 0, 0, 137)
14 (1, 4, 160, 0, 0, 0, 72, 27, 0, 0, 0, 40)
15 (1, 4, 0, 0, 0, 49, 174, 27, 1, 0, 0, 171)
16 (1, 4, 0, 13, 469, 32, 51, 29, 1, 0, 0, 91)
17 (1, 4, 0, 25, 485, 0, 0, 0, 2, 0, 0, 190)
18 (1, 4, 0, 0, 337, 0, 0, 0, 3, 0, 0, 149)
19 (1, 4, 0, 14, 65, 45, 0, 0, 3, 0, 0, 193)
20 (1, 4, 0, 76, 36, 74, 0, 0, 2, 0, 0, 227)
21 (1, 4, 54, 40, 32, 87, 0, 0, 2, 0, 0, 73)
22 (1, 4, 25, 2, 0, 76, 0, 1, 2, 0, 0, 199)
23 (1, 4, 10, 2, 2, 66, 0, 0, 2, 0, 0, 127)
24 (1, 4, 36, 0, 0, 67, 0, 0, 2, 0, 0, 177)
25 (1, 4, 46, 0, 0, 66, 0, 0, 2, 0, 0, 194)
26 (1, 4, 62, 33, 7, 74, 0, 0, 2, 0, 0, 72)
27 (1, 4, 126, 37, 19, 68, 0, 5, 2, 0, 0, 42)
28 (1, 4, 89, 8, 14, 68, 0, 1, 2, 0, 0, 165)
29 (1, 4, 0, 28, 7, 69, 0, 2, 2, 0, 0, 88)
30 (1, 4, 9, 12, 0, 76, 0, 3, 2, 0, 0, 154)
31 (1, 4, 6, 23, 0, 71, 0, 0, 2, 0, 0, 117)
0 (1, 4, 87, 0, 0, 0, 0, 59, 2, 0, 0, 7)
1 (1, 4, 42, 0, 0, 0, 0, 23, 2, 0, 0, 209)
2 (1, 4, 0, 0, 0, 0, 0, 18, 2, 0, 0, 208)
3 (1, 4, 0, 0, 0, 0, 0, 0, 2, 1, 0, 209)
4 (1, 4, 0, 223, 0, 0, 0, 0, 2, 1, 0, 131)
5 (1, 4, 0, 426, 0, 0, 0, 0, 3, 2, 0, 246)
6 (1, 4, 48, 431, 0, 0, 0, 0, 3, 2, 0, 190)
7 (1, 4, 147, 462, 0, 0, 12, 8, 3, 2, 0, 66)
8 (1, 4, 70, 194, 0, 0, 59, 2, 3, 2, 0, 55)
9 (1, 4, 0, 67, 130, 0, 122, 40, 3, 2, 0, 97)
10 (1, 4, 0, 0, 536, 0, 77, 48, 3, 2, 0, 68)
11 (1, 4, 0, 0, 751, 0, 0, 0, 3, 2, 0, 25)
12 (1, 4, 0, 0, 283, 0, 0, 0, 3, 1, 0, 150)
13 (1, 4, 293, 89, 0, 0, 0, 0, 3, 1, 0, 164)
14 (1, 4, 0, 199, 0, 0, 0, 0, 3, 1, 0, 51)
15 (1, 4, 149, 265, 0, 0, 0, 0, 3, 1, 0, 147)
16 (1, 4, 0, 199, 0, 0, 79, 10, 2, 1, 0, 177)
17 (1, 4, 0, 95, 213, 0, 131, 40, 2, 1, 0, 201)
18 (1, 4, 0, 0, 541, 0, 21, 0, 2, 1, 0, 125)
19 (1, 4, 0, 72, 401, 0, 0, 0, 3, 1, 0, 196)
20 (1, 4, 307, 379, 0, 17, 0, 0, 3, 1, 0, 194)
21 (1, 4, 132, 480, 0, 0, 0, 0, 2, 1, 0, 89)
22 (1, 4, 263, 434, 0, 0, 0, 0, 2, 1, 0, 211)
23 (1, 4, 191, 294, 0, 0, 0, 0, 2, 1, 0, 41)
24 (1, 4, 6, 290, 0, 11, 0, 0, 2, 1, 0, 102)
25 (1, 4, 32, 109, 0, 33, 0, 19, 2, 1, 0, 200)
26 (1, 4, 0, 34, 0, 50, 8, 42, 2, 1, 0, 109)
27 (1, 4, 0, 0, 0, 68, 33, 31, 2, 1, 0, 38)
28 (1, 4, 0, 0, 0, 59, 118, 48, 2, 1, 0, 231)
29 (1, 4, 3, 0, 457, 29, 159, 32, 2, 1, 0, 105)
30 (1, 4, 0, 0, 873, 0, 0, 0, 1, 0, 0, 214)
31 (1, 4, 0, 0, 253, 0, 0, 0, 2, 0, 0, 71)
0 (1, 4, 183, 0, 0, 0, 0, 0, 2, 1, 0, 201)
1 (1, 4, 0, 99, 0, 0, 0, 0, 1, 1, 0, 238)
2 (1, 4, 195, 84, 0, 0, 0, 0, 1, 1, 0, 193)
3 (1, 4, 202, 0, 0, 0, 24, 11, 1, 1, 0, 79)
4 (1, 4, 0, 0, 0, 0, 74, 3, 1, 1, 0, 56)
5 (1, 4, 0, 0, 79, 0, 56, 0, 1, 1, 0, 156)
6 (1, 4, 115, 0, 369, 0, 2, 0, 1, 1, 0, 138)
7 (1, 4, 0, 0, 459, 0, 0, 0, 1, 1, 0, 39)
8 (1, 4, 0, 0, 0, 0, 0, 0, 1, 1, 0, 119)
9 (1, 4, 47, 63, 0, 0, 0, 0, 1, 1, 0, 248)
10 (1, 4, 0, 58, 0, 0, 0, 0, 1, 1, 0, 10)
11 (1, 4, 83, 128, 0, 0, 0, 0, 1, 1, 0, 13)
12 (1, 4, 199, 188, 0, 0, 0, 0, 1, 1, 0, 10)
13 (1, 4, 350, 138, 0, 27, 14, 0, 1, 0, 0, 2)
14 (1, 4, 108, 4, 0, 57, 51, 5, 2, 0, 0, 54)
15 (1, 4, 1, 0, 0, 72, 53, 11, 2, 1, 0, 108)
16 (1, 4, 0, 0, 250, 78, 60, 0, 2, 0, 0, 103)
17 (1, 4, 156, 0, 391, 58, 23, 0, 2, 0, 0, 123)
18 (1, 4, 18, 189, 591, 0, 0, 0, 3, 0, 0, 66)
19 (1, 4, 0, 64, 561, 0, 0, 19, 2, 0, 0, 35)
20 (1, 4, 0, 0, 99, 0, 0, 0, 2, 0, 0, 4)
21 (1, 4, 116, 0, 0, 15, 0, 0, 2, 0, 0, 137)
22 (1, 4, 99, 129, 0, 19, 0, 9, 2, 0, 0, 177)
23 (1, 4, 0, 17, 0, 19, 0, 13, 2, 0, 0, 248)
24 (1, 4, 108, 7, 0, 20, 0, 0, 2, 0, 0, 53)
25 (1, 4, 99, 47, 0, 17, 0, 9, 2, 0, 0, 72)
26 (1, 4, 0, 24, 0, 27, 0, 10, 2, 0, 0, 21)
27 (1, 4, 4, 69, 0, 38, 0, 13, 2, 0, 0, 133)
28 (1, 4, 0, 52, 0, 36, 0, 16, 2, 0, 0, 133)
29 (1, 4, 0, 49, 0, 39, 0, 4, 2, 0, 0, 109)
0 (1, 4, 0, 0, 335, 0, 0, 0, 2, 0, 0, 69)
1 (1, 4, 0, 0, 348, 0, 0, 0, 2, 0, 0, 129)
2 (1, 4, 0, 0, 423, 0, 0, 0, 2, 0, 0, 13)
3 (1, 4, 0, 0, 350, 0, 0, 0, 2, 0, 0, 174)
4 (1, 4, 146, 0, 392, 0, 0, 0, 2, 0, 0, 67)
5 (1, 4, 250, 0, 373, 0, 0, 0, 2, 0, 0, 128)
6 (1, 4, 247, 16, 374, 0, 0, 0, 2, 0, 0, 28)
7 (1, 4, 275, 46, 305, 0, 0, 5, 2, 0, 0, 110)
8 (1, 4, 116, 38, 144, 0, 0, 0, 2, 0, 0, 215)
9 (1, 4, 76, 176, 85, 0, 0, 2, 2, 0, 0, 46)
10 (1, 4, 147, 271, 107, 0, 0, 11, 2, 0, 0, 135)
11 (1, 4, 42, 0, 30, 0, 5, 10, 2, 0, 0, 106)
12 (1, 4, 0, 0, 0, 0, 8, 0, 2, 0, 0, 123)
13 (1, 4, 0, 0, 0, 0, 5, 0, 2, 0, 0, 32)
14 (1, 4, 55, 2, 0, 0, 1, 0, 2, 0, 0, 163)
15 (1, 4, 143, 10, 8, 0, 0, 0, 2, 0, 0, 151)
16 (1, 4, 121, 26, 0, 0, 0, 0, 2, 0, 0, 213)
17 (1, 4, 109, 0, 0, 0, 0, 0, 2, 0, 0, 178)
18 (1, 4, 19, 113, 0, 0, 0, 0, 2, 0, 0, 221)
19 (1, 4, 24, 237, 0, 0, 0, 0, 2, 0, 0, 182)
20 (1, 4, 0, 366, 0, 0, 0, 0, 2, 0, 0, 26)
21 (1, 4, 41, 381, 0, 0, 0, 0, 3, 1, 0, 19)
22 (1, 4, 0, 346, 0, 0, 0, 0, 3, 1, 0, 106)
23 (1, 4, 69, 300, 0, 0, 0, 0, 3, 1, 0, 66)
24 (1, 4, 86, 330, 0, 0, 31, 0, 3, 1, 0, 106)
25 (1, 4, 4, 317, 80, 8, 41, 5, 3, 1, 0, 114)
26 (1, 4, 0, 275, 309, 0, 43, 14, 3, 1, 0, 152)
27 (1, 4, 0, 87, 497, 0, 45, 0, 3, 1, 0, 71)
28 (1, 4, 0, 0, 643, 0, 1, 0, 3, 1, 0, 58)
29 (1, 4, 0, 0, 406, 0, 0, 0, 3, 1, 0, 17)
30 (1, 4, 0, 0, 0, 0, 0, 0, 3, 1, 0, 179)
31 (1, 4, 244, 239, 0, 46, 0, 0, 3, 1, 0, 146)
0 (1, 4, 0, 0, 363, 0, 36, 15, 3, 1, 0, 251)
1 (1, 4, 0, 0, 569, 0, 0, 0, 3, 1, 0, 160)
2 (1, 4, 0, 0, 368, 0, 0, 0, 3, 1, 0, 148)
3 (1, 4, 253, 284, 32, 39, 0, 0, 3, 1, 0, 233)
4 (1, 4, 9, 424, 0, 12, 0, 0, 3, 1, 0, 220)
5 (1, 4, 44, 513, 0, 0, 0, 0, 3, 1, 0, 68)
6 (1, 4, 28, 552, 0, 0, 0, 0, 3, 1, 0, 167)
7 (1, 4, 0, 493, 0, 0, 0, 0, 3, 1, 0, 202)
8 (1, 4, 0, 372, 0, 0, 0, 0, 3, 1, 0, 172)
9 (1, 4, 5, 303, 0, 23, 0, 17, 3, 1, 0, 181)
10 (1, 4, 0, 187, 0, 60, 60, 46, 2, 1, 0, 175)
11 (1, 4, 0, 84, 0, 67, 59, 37, 2, 0, 0, 191)
12 (1, 4, 0, 0, 88, 56, 86, 56, 2, 0, 0, 114)
13 (1, 4, 6, 0, 374, 55, 120, 107, 2, 0, 0, 176)
14 (1, 4, 0, 0, 773, 0, 75, 49, 2, 0, 0, 106)
15 (1, 4, 0, 0, 587, 0, 0, 0, 3, 0, 0, 158)
16 (1, 4, 341, 0, 0, 35, 0, 0, 2, 0, 0, 47)
17 (1, 4, 97, 7, 0, 63, 0, 6, 2, 0, 0, 143)
18 (1, 4, 64, 0, 0, 72, 0, 2, 2, 0, 0, 167)
19 (1, 4, 0, 0, 5, 52, 0, 0, 2, 0, 0, 18)
20 (1, 4, 0, 13, 0, 46, 0, 0, 2, 0, 0, 53)
21 (1, 4, 30, 10, 0, 49, 0, 0, 2, 0, 0, 209)
22 (1, 4, 0, 35, 0, 54, 0, 0, 2, 0, 0, 252)
23 (1, 4, 18, 8, 0, 59, 0, 0, 2, 0, 0, 50)
24 (1, 4, 51, 0, 7, 60, 0, 0, 2, 0, 0, 240)
25 (1, 4, 22, 0, 11, 60, 0, 0, 2, 0, 0, 227)
26 (1, 4, 0, 0, 9, 57, 0, 0, 2, 0, 0, 107)
27 (1, 4, 0, 0, 6, 56, 0, 0, 2, 0, 0, 45)
28 (1, 4, 0, 0, 0, 54, 0, 0, 2, 0, 0, 230)
29 (1, 4, 0, 12, 3, 53, 0, 0, 2, 0, 0, 21)
30 (1, 4, 2, 13, 0, 54, 0, 0, 2, 0, 0, 38)
31 (1, 4, 8, 23, 0, 57, 0, 0, 2, 0, 0, 80)
0 (1, 4, 0, 61, 0, 0, 2, 15, 2, 0, 0, 206)
1 (1, 4, 49, 0, 0, 0, 24, 8, 2, 0, 0, 61)
2 (1, 4, 149, 0, 0, 0, 33, 19, 2, 0, 0, 184)
3 (1, 4, 0, 0, 0, 0, 13, 27, 2, 0, 0, 190)
4 (1, 4, 0, 0, 0, 0, 0, 26, 2, 0, 0, 58)
5 (1, 4, 0, 0, 0, 0, 0, 31, 2, 0, 0, 144)
6 (1, 4, 0, 35, 0, 0, 0, 26, 2, 0, 0, 32)
7 (1, 4, 0, 63, 0, 0, 0, 6, 2, 0, 0, 100)
8 (1, 4, 0, 121, 0, 0, 0, 0, 2, 0, 0, 156)
9 (1, 4, 0, 160, 0, 0, 0, 7, 2, 0, 0, 106)
10 (1, 4, 0, 184, 0, 0, 0, 6, 2, 0, 0, 103)
11 (1, 4, 202, 99, 0, 0, 30, 0, 2, 1, 0, 237)
12 (1, 4, 0, 252, 0, 0, 93, 0, 3, 1, 0, 63)
13 (1, 4, 0, 106, 252, 0, 69, 10, 3, 1, 0, 150)
14 (1, 4, 0, 0, 483, 0, 46, 0, 3, 1, 0, 124)
15 (1, 4, 0, 0, 613, 0, 0, 0, 3, 1, 0, 198)
16 (1, 4, 0, 0, 317, 0, 0, 0, 3, 1, 0, 25)
17 (1, 4, 65, 54, 0, 5, 0, 0, 3, 1, 0, 67)
18 (1, 4, 242, 188, 0, 0, 0, 0, 2, 1, 0, 189)
19 (1, 4, 145, 202, 0, 0, 0, 0, 2, 1, 0, 118)
20 (1, 4, 130, 176, 0, 0, 0, 0, 2, 1, 0, 122)
21 (1, 4, 207, 108, 0, 0, 0, 0, 2, 1, 0, 63)
22 (1, 4, 166, 7, 0, 0, 16, 0, 2, 1, 0, 160)
23 (1, 4, 106, 0, 0, 17, 27, 0, 2, 1, 0, 212)
24 (1, 4, 23, 0, 219, 8, 36, 0, 2, 1, 0, 127)
25 (1, 4, 0, 0, 419, 0, 17, 0, 2, 1, 0, 196)
26 (1, 4, 0, 0, 604, 0, 0, 0, 2, 1, 0, 13)
27 (1, 4, 0, 0, 524, 0, 0, 0, 2, 1, 0, 137)
28 (1, 4, 0, 0, 208, 0, 0, 0, 2, 1, 0, 164)
29 (1, 4, 86, 64, 0, 0, 0, 0, 2, 1, 0, 31)
30 (1, 4, 0, 112, 0, 0, 0, 0, 2, 1, 0, 241)
31 (1, 4, 6, 207, 0, 0, 0, 0, 2, 1, 0, 198)
0 (1, 4, 90, 0, 225, 14, 42, 0, 2, 1, 0, 48)
1 (1, 4, 51, 0, 462, 0, 37, 0, 2, 1, 0, 233)
2 (1, 4, 0, 0, 717, 0, 22, 0, 2, 1, 0, 131)
3 (1, 4, 0, 0, 469, 0, 0, 0, 2, 1, 0, 51)
4 (1, 4, 0, 0, 0, 42, 0, 0, 2, 1, 0, 254)
5 (1, 4, 68, 97, 0, 18, 0, 0, 2, 1, 0, 93)
6 (1, 4, 134, 147, 0, 0, 0, 0, 2, 1, 0, 88)
7 (1, 4, 257, 88, 0, 0, 0, 0, 2, 1, 0, 140)
8 (1, 4, 124, 0, 0, 0, 72, 0, 2, 1, 0, 236)
9 (1, 4, 0, 0, 82, 0, 100, 3, 2, 1, 0, 232)
10 (1, 4, 0, 0, 436, 0, 83, 1, 2, 1, 0, 105)
11 (1, 4, 0, 0, 640, 0, 0, 0, 2, 1, 0, 154)
12 (1, 4, 0, 0, 538, 0, 0, 0, 2, 1, 0, 135)
13 (1, 4, 58, 45, 0, 53, 0, 0, 2, 1, 0, 249)
14 (1, 4, 0, 226, 0, 0, 0, 0, 2, 1, 0, 252)
15 (1, 4, 104, 305, 0, 0, 0, 0, 2, 1, 0, 28)
16 (1, 4, 156, 318, 0, 0, 0, 0, 2, 1, 0, 46)
17 (1, 4, 290, 297, 0, 0, 0, 0, 2, 1, 0, 41)
18 (1, 4, 314, 145, 0, 10, 14, 0, 1, 0, 0, 150)
19 (1, 4, 261, 60, 0, 47, 82, 0, 1, 0, 0, 195)
20 (1, 4, 134, 0, 0, 51, 133, 5, 1, 0, 0, 22)
21 (1, 4, 0, 0, 230, 49, 93, 8, 1, 0, 0, 182)
22 (1, 4, 0, 0, 403, 42, 76, 17, 1, 0, 0, 111)
23 (1, 4, 3, 0, 745, 0, 46, 3, 2, 0, 0, 117)
24 (1, 4, 0, 85, 873, 0, 0, 0, 3, 0, 0, 159)
25 (1, 4, 137, 0, 261, 0, 0, 0, 2, 0, 0, 70)
26 (1, 4, 0, 0, 0, 55, 0, 0, 2, 0, 0, 249)
27 (1, 4, 0, 113, 47, 17, 0, 0, 2, 0, 0, 96)
28 (1, 4, 107, 4, 0, 22, 0, 0, 2, 0, 0, 249)
29 (1, 4, 0, 100, 0, 30, 0, 0, 2, 0, 0, 108)
0 (1, 4, 213, 72, 39, 0, 25, 11, 2, 0, 0, 106)
1 (1, 4, 98, 61, 91, 0, 12, 13, 2, 0, 0, 118)
2 (1, 4, 168, 0, 57, 0, 10, 5, 2, 0, 0, 40)
3 (1, 4, 128, 0, 29, 0, 14, 0, 2, 0, 0, 118)
4 (1, 4, 179, 0, 5, 0, 23, 26, 2, 0, 0, 61)
5 (1, 4, 0, 34, 3, 0, 36, 13, 2, 0, 0, 0)
6 (1, 4, 0, 332, 74, 0, 20, 4, 2, 0, 0, 206)
7 (1, 4, 0, 289, 0, 0, 0, 23, 2, 0, 0, 232)
8 (1, 4, 0, 96, 0, 0, 0, 0, 2, 0, 0, 251)
9 (1, 4, 0, 117, 0, 0, 0, 0, 2, 0, 0, 245)
10 (1, 4, 0, 0, 0, 0, 0, 0, 2, 0, 0, 186)
11 (1, 4, 86, 48, 0, 0, 0, 0, 2, 0, 0, 84)
12 (1, 4, 0, 169, 0, 0, 0, 0, 2, 1, 0, 20)
13 (1, 4, 0, 406, 0, 0, 24, 0, 3, 1, 0, 197)
14 (1, 4, 0, 296, 0, 0, 34, 39, 3, 1, 0, 106)
15 (1, 4, 0, 0, 149, 0, 42, 78, 3, 1, 0, 170)
16 (1, 4, 79, 0, 444, 0, 0, 25, 3, 1, 0, 73)
17 (1, 4, 0, 0, 355, 0, 0, 0, 3, 1, 0, 80)
18 (1, 4, 46, 0, 0, 45, 0, 0, 3, 1, 0, 82)
19 (1, 4, 214, 85, 0, 37, 0, 0, 3, 1, 0, 236)
20 (1, 4, 221, 155, 0, 1, 0, 0, 3, 1, 0, 157)
21 (1, 4, 219, 97, 0, 0, 29, 0, 3, 1, 0, 135)
22 (1, 4, 0, 27, 15, 0, 89, 19, 3, 1, 0, 114)
23 (1, 4, 0, 0, 307, 0, 37, 13, 3, 1, 0, 3)
24 (1, 4, 0, 0, 469, 0, 0, 0, 3, 1, 0, 81)
25 (1, 4, 0, 0, 143, 66, 0, 0, 3, 1, 0, 240)
26 (1, 4, 224, 265, 0, 71, 0, 0, 3, 1, 0, 131)
27 (1, 4, 0, 300, 0, 7, 0, 0, 3, 1, 0, 160)
28 (1, 4, 41, 291, 0, 0, 0, 0, 2, 1, 0, 151)
29 (1, 4, 94, 235, 0, 0, 0, 0, 2, 1, 0, 199)
0 (1, 4, 0, 0, 393, 0, 0, 0, 2, 0, 0, 62)
1 (1, 4, 0, 0, 296, 0, 0, 0, 2, 0, 0, 165)
2 (1, 4, 0, 0, 273, 0, 0, 0, 2, 0, 0, 12)
3 (1, 4, 0, 0, 324, 0, 0, 0, 2, 0, 0, 66)
4 (1, 4, 169, 0, 254, 0, 0, 0, 2, 0, 0, 80)
5 (1, 4, 127, 0, 132, 0, 0, 0, 2, 0, 0, 225)
6 (1, 4, 165, 33, 36, 0, 0, 4, 2, 0, 0, 252)
7 (1, 4, 274, 0, 0, 0, 0, 71, 2, 0, 0, 18)
8 (1, 4, 55, 0, 2, 0, 19, 0, 2, 0, 0, 150)
9 (1, 4, 0, 82, 104, 0, 0, 14, 2, 0, 0, 170)
10 (1, 4, 11, 0, 40, 0, 0, 24, 2, 0, 0, 163)
11 (1, 4, 112, 0, 0, 0, 6, 36, 2, 0, 0, 209)
12 (1, 4, 0, 0, 0, 0, 0, 58, 1, 0, 0, 61)
13 (1, 4, 0, 0, 0, 0, 0, 71, 1, 0, 0, 74)
14 (1, 4, 0, 0, 0, 0, 0, 85, 1, 0, 0, 32)
15 (1, 4, 0, 0, 0, 0, 0, 66, 1, 0, 0, 224)
16 (1, 4, 0, 0, 0, 0, 0, 38, 1, 0, 0, 113)
17 (1, 4, 0, 0, 0, 0, 0, 18, 1, 0, 0, 118)
18 (1, 4, 0, 3, 0, 0, 33, 11, 1, 1, 0, 87)
19 (1, 4, 0, 0, 23, 0, 56, 5, 1, 1, 0, 14)
20 (1, 4, 0, 0, 232, 0, 48, 11, 2, 1, 0, 157)
21 (1, 4, 0, 0, 425, 0, 2, 8, 2, 1, 0, 179)
22 (1, 4, 0, 0, 456, 0, 0, 0, 2, 1, 0, 58)
23 (1, 4, 0, 0, 0, 18, 0, 0, 2, 1, 0, 24)
24 (1, 4, 175, 0, 0, 0, 0, 0, 2, 1, 0, 89)
25 (1, 4, 21, 0, 0, 5, 0, 0, 2, 1, 0, 100)
26 (1, 4, 226, 0, 0, 0, 10, 0, 2, 1, 0, 165)
27 (1, 4, 0, 0, 0, 0, 115, 0, 2, 1, 0, 200)
28 (1, 4, 6, 0, 244, 0, 98, 17, 1, 1, 0, 111)
29 (1, 4, 2, 0, 469, 0, 17, 13, 1, 1, 0, 53)
0 (1, 4, 157, 116, 0, 0, 13, 0, 1, 0, 0, 14)
1 (1, 4, 213, 80, 0, 2, 34, 16, 1, 0, 0, 166)
2 (1, 4, 183, 0, 0, 32, 95, 0, 2, 0, 0, 125)
3 (1, 4, 84, 0, 0, 70, 136, 3, 2, 0, 0, 239)
4 (1, 4, 192, 0, 263, 89, 163, 0, 2, 0, 0, 233)
5 (1, 4, 142, 0, 652, 59, 93, 0, 3, 0, 0, 51)
6 (1, 4, 88, 185, 873, 0, 0, 0, 3, 0, 0, 175)
7 (1, 4, 0, 118, 304, 0, 0, 0, 4, 0, 0, 186)
8 (1, 4, 61, 0, 34, 32, 0, 0, 3, 0, 0, 129)
9 (1, 4, 0, 43, 0, 61, 0, 0, 3, 0, 0, 244)
10 (1, 4, 0, 62, 0, 54, 0, 0, 3, 0, 0, 35)
11 (1, 4, 0, 54, 0, 44, 0, 0, 3, 0, 0, 161)
12 (1, 4, 0, 76, 0, 45, 0, 0, 3, 0, 0, 64)
13 (1, 4, 2, 44, 0, 53, 0, 0, 3, 0, 0, 18)
14 (1, 4, 0, 85, 0, 40, 0, 0, 3, 0, 0, 68)
15 (1, 4, 0, 76, 0, 48, 0, 0, 3, 0, 0, 44)
16 (1, 4, 0, 74, 0, 57, 0, 0, 3, 0, 0, 124)
17 (1, 4, 0, 81, 0, 67, 0, 0, 3, 0, 0, 123)
18 (1, 4, 0, 53, 0, 73, 0, 5, 3, 0, 0, 140)
19 (1, 4, 24, 34, 0, 72, 0, 2, 3, 0, 0, 115)
20 (1, 4, 28, 0, 0, 75, 0, 0, 3, 0, 0, 124)
21 (1, 4, 0, 10, 0, 71, 0, 0, 3, 0, 0, 142)
22 (1, 4, 0, 11, 0, 71, 0, 0, 3, 0, 0, 59)
23 (1, 4, 0, 4, 0, 67, 0, 0, 3, 0, 0, 246)
24 (1, 4, 0, 0, 0, 69, 0, 0, 3, 0, 0, 110)
25 (1, 4, 0, 0, 0, 63, 0, 0, 3, 0, 0, 99)
26 (1, 4, 0, 4, 4, 57, 0, 0, 2, 0, 0, 199)
27 (1, 4, 17, 38, 49, 47, 0, 0, 2, 0, 0, 120)
28 (1, 4, 116, 11, 184, 16, 0, 0, 2, 0, 0, 124)
29 (1, 4, 82, 20, 398, 15, 10, 0, 2, 0, 0, 131)
30 (1, 4, 0, 13, 573, 0, 0, 0, 2, 0, 0, 43)
31 (1, 4, 0, 0, 545, 0, 0, 0, 2, 0, 0, 106)
0 (1, 4, 0, 55, 350, 0, 0, 0, 2, 0, 0, 15)
1 (1, 4, 0, 149, 356, 0, 0, 0, 2, 0, 0, 179)
2 (1, 4, 0, 203, 0, 0, 0, 30, 2, 0, 0, 166)
3 (1, 4, 0, 56, 0, 0, 0, 0, 2, 0, 0, 170)
4 (1, 4, 0, 136, 0, 0, 0, 0, 2, 0, 0, 8)
5 (1, 4, 0, 255, 0, 0, 0, 0, 1, 0, 0, 140)
6 (1, 4, 0, 294, 0, 0, 0, 0, 1, 1, 0, 231)
7 (1, 4, 215, 397, 0, 0, 0, 0, 2, 1, 0, 191)
8 (1, 4, 213, 234, 0, 0, 36, 0, 2, 1, 0, 235)
9 (1, 4, 0, 143, 0, 0, 98, 25, 2, 1, 0, 98)
10 (1, 4, 0, 0, 285, 0, 93, 46, 2, 1, 0, 198)
11 (1, 4, 6, 0, 567, 0, 31, 17, 2, 1, 0, 11)
12 (1, 4, 0, 0, 544, 0, 0, 0, 2, 1, 0, 149)
13 (1, 4, 0, 0, 35, 0, 0, 0, 2, 1, 0, 148)
14 (1, 4, 214, 281, 0, 0, 0, 0, 2, 1, 0, 11)
15 (1, 4, 286, 287, 0, 0, 0, 0, 2, 1, 0, 82)
16 (1, 4, 0, 34, 0, 0, 258, 63, 1, 1, 0, 178)
17 (1, 4, 0, 0, 489, 0, 123, 62, 1, 1, 0, 122)
18 (1, 4, 0, 0, 633, 0, 0, 0, 1, 1, 0, 159)
19 (1, 4, 0, 0, 66, 0, 0, 0, 1, 1, 0, 163)
20 (1, 4, 276, 298, 0, 0, 0, 0, 1, 1, 0, 84)
21 (1, 4, 3, 292, 0, 0, 0, 0, 1, 1, 0, 152)
22 (1, 4, 0, 381, 0, 0, 0, 0, 1, 1, 0, 110)
23 (1, 4, 0, 398, 0, 0, 0, 0, 1, 1, 0, 151)
24 (1, 4, 88, 294, 0, 0, 0, 3, 1, 0, 0, 243)
25 (1, 4, 87, 136, 0, 37, 104, 54, 1, 0, 0, 15)
26 (1, 4, 59, 0, 141, 66, 139, 28, 2, 0, 0, 161)
27 (1, 4, 0, 0, 507, 8, 43, 21, 3, 0, 0, 207)
28 (1, 4, 0, 0, 558, 0, 0, 0, 3, 0, 0, 81)
29 (1, 4, 200, 7, 186, 0, 0, 0, 3, 0, 0, 213)
0 (1, 4, 0, 6, 44, 0, 18, 0, 2, 0, 0, 102)
1 (1, 4, 0, 25, 0, 0, 0, 0, 2, 0, 0, 221)
2 (1, 4, 81, 6, 0, 0, 0, 17, 2, 0, 0, 102)
3 (1, 4, 110, 0, 0, 0, 0, 10, 2, 0, 0, 243)
4 (1, 4, 0, 0, 0, 0, 0, 0, 1, 0, 0, 28)
5 (1, 4, 0, 18, 0, 0, 0, 0, 1, 0, 0, 16)
6 (1, 4, 0, 101, 0, 0, 0, 0, 1, 0, 0, 50)
7 (1, 4, 0, 276, 0, 0, 0, 0, 1, 0, 0, 66)
8 (1, 4, 0, 446, 0, 0, 0, 0, 1, 1, 0, 52)
9 (1, 4, 0, 451, 0, 0, 0, 0, 1, 1, 0, 200)
10 (1, 4, 46, 360, 0, 0, 52, 31, 1, 1, 0, 178)
11 (1, 4, 37, 12, 166, 0, 142, 112, 1, 1, 0, 66)
12 (1, 4, 32, 0, 521, 0, 54, 49, 1, 1, 0, 22)
13 (1, 4, 0, 0, 608, 0, 0, 0, 1, 1, 0, 200)
14 (1, 4, 172, 0, 0, 28, 0, 0, 1, 1, 0, 158)
15 (1, 4, 34, 310, 0, 6, 0, 0, 1, 1, 0, 31)
16 (1, 4, 304, 378, 0, 0, 0, 0, 1, 1, 0, 73)
17 (1, 4, 164, 180, 0, 0, 29, 28, 1, 1, 0, 119)
18 (1, 4, 0, 13, 16, 0, 86, 48, 1, 1, 0, 40)
19 (1, 4, 0, 0, 350, 0, 57, 29, 1, 1, 0, 192)
20 (1, 4, 52, 0, 567, 0, 0, 0, 1, 1, 0, 182)
21 (1, 4, 0, 0, 519, 0, 0, 0, 1, 0, 0, 67)
22 (1, 4, 223, 297, 0, 12, 0, 0, 1, 1, 0, 244)
23 (1, 4, 105, 444, 0, 0, 0, 0, 1, 0, 0, 2)
24 (1, 4, 153, 484, 0, 0, 0, 0, 1, 0, 0, 232)
25 (1, 4, 134, 466, 0, 0, 0, 0, 1, 0, 0, 70)
26 (1, 4, 115, 368, 0, 0, 0, 0, 1, 0, 0, 101)
27 (1, 4, 0, 271, 0, 10, 9, 0, 1, 0, 0, 54)
28 (1, 4, 0, 241, 0, 33, 8, 24, 1, 0, 0, 134)
29 (1, 4, 53, 133, 0, 48, 38, 67, 2, 0, 0, 228)
30 (1, 4, 54, 0, 56, 52, 69, 82, 2, 0, 0, 73)
31 (1, 4, 49, 0, 322, 48, 99, 71, 2, 0, 0, 206)
0 (1, 4, 0, 0, 0, 0, 0, 15, 1, 0, 0, 229)
1 (1, 4, 0, 0, 0, 0, 0, 16, 1, 1, 0, 164)
2 (1, 4, 0, 20, 0, 0, 27, 10, 1, 1, 0, 80)
3 (1, 4, 0, 0, 0, 0, 88, 15, 2, 1, 0, 118)
4 (1, 4, 63, 0, 241, 0, 90, 38, 2, 1, 0, 114)
5 (1, 4, 0, 0, 532, 0, 38, 27, 2, 1, 0, 9)
6 (1, 4, 0, 0, 778, 0, 0, 0, 2, 1, 0, 165)
7 (1, 4, 0, 0, 293, 0, 0, 0, 2, 1, 0, 184)
8 (1, 4, 151, 75, 0, 0, 0, 0, 3, 1, 0, 132)
9 (1, 4, 0, 156, 0, 0, 0, 0, 3, 1, 0, 186)
10 (1, 4, 109, 154, 0, 0, 0, 0, 3, 1, 0, 5)
11 (1, 4, 128, 76, 0, 0, 0, 0, 3, 1, 0, 76)
12 (1, 4, 71, 0, 0, 0, 82, 18, 3, 1, 0, 23)
13 (1, 4, 0, 0, 156, 0, 92, 32, 3, 1, 0, 195)
14 (1, 4, 24, 0, 434, 0, 24, 22, 3, 1, 0, 122)
15 (1, 4, 0, 0, 561, 0, 0, 0, 4, 1, 0, 53)
16 (1, 4, 0, 0, 0, 0, 0, 0, 4, 1, 0, 154)
17 (1, 4, 0, 32, 0, 0, 0, 0, 4, 1, 0, 88)
18 (1, 4, 0, 81, 0, 0, 0, 0, 4, 1, 0, 205)
19 (1, 4, 0, 182, 0, 0, 0, 0, 3, 1, 0, 166)
20 (1, 4, 120, 225, 0, 0, 0, 0, 3, 1, 0, 152)
21 (1, 4, 162, 145, 0, 0, 0, 0, 2, 1, 0, 202)
22 (1, 4, 184, 67, 0, 0, 50, 7, 2, 0, 0, 202)
23 (1, 4, 241, 0, 0, 43, 129, 35, 1, 1, 0, 120)
24 (1, 4, 143, 0, 151, 72, 153, 0, 1, 0, 0, 28)
25 (1, 4, 0, 0, 534, 61, 39, 0, 3, 0, 0, 140)
26 (1, 4, 0, 0, 513, 16, 0, 0, 3, 0, 0, 1)
27 (1, 4, 46, 0, 293, 0, 0, 0, 3, 0, 0, 34)
28 (1, 4, 0, 110, 0, 38, 0, 0, 3, 0, 0, 54)
29 (1, 4, 141, 0, 0, 70, 0, 0, 3, 0, 0, 28)
0 (1, 4, 2, 0, 631, 0, 0, 0, 2, 0, 0, 131)
1 (1, 4, 0, 0, 460, 0, 0, 0, 2, 0, 0, 15)
2 (1, 4, 99, 0, 481, 0, 0, 0, 2, 0, 0, 219)
3 (1, 4, 289, 0, 380, 0, 0, 0, 2, 0, 0, 180)
4 (1, 4, 200, 11, 420, 0, 0, 0, 2, 0, 0, 49)
5 (1, 4, 50, 177, 395, 0, 0, 0, 2, 0, 0, 61)
6 (1, 4, 0, 410, 373, 0, 0, 34, 2, 0, 0, 20)
7 (1, 4, 0, 0, 0, 0, 0, 0, 2, 0, 0, 186)
8 (1, 4, 0, 101, 15, 0, 0, 0, 2, 0, 0, 205)
9 (1, 4, 114, 19, 0, 0, 0, 0, 2, 0, 0, 177)
10 (1, 4, 158, 98, 0, 0, 0, 0, 2, 0, 0, 55)
11 (1, 4, 79, 358, 0, 0, 0, 0, 2, 0, 0, 122)
12 (1, 4, 96, 593, 0, 0, 0, 0, 2, 0, 0, 110)
13 (1, 4, 124, 719, 0, 0, 0, 0, 2, 1, 0, 201)
14 (1, 4, 393, 629, 0, 0, 0, 0, 3, 1, 0, 88)
15 (1, 4, 413, 566, 0, 0, 26, 0, 4, 1, 0, 68)
16 (1, 4, 60, 314, 119, 0, 124, 67, 4, 1, 0, 97)
17 (1, 4, 0, 0, 303, 0, 67, 44, 4, 1, 0, 207)
18 (1, 4, 0, 0, 541, 0, 18, 3, 3, 1, 0, 17)
19 (1, 4, 0, 0, 506, 0, 0, 0, 3, 1, 0, 246)
20 (1, 4, 0, 201, 24, 0, 0, 0, 3, 1, 0, 244)
21 (1, 4, 77, 276, 0, 0, 0, 0, 3, 1, 0, 34)
22 (1, 4, 152, 310, 0, 0, 0, 0, 3, 1, 0, 199)
23 (1, 4, 243, 263, 0, 0, 0, 12, 3, 1, 0, 98)
24 (1, 4, 0, 38, 0, 0, 80, 70, 3, 1, 0, 208)
25 (1, 4, 0, 0, 224, 0, 38, 33, 3, 1, 0, 37)
26 (1, 4, 35, 0, 505, 0, 0, 0, 3, 1, 0, 152)
27 (1, 4, 0, 0, 0, 0, 0, 0, 3, 1, 0, 179)
28 (1, 4, 344, 257, 0, 0, 0, 0, 3, 1, 0, 248)
29 (1, 4, 202, 308, 0, 0, 0, 0, 3, 1, 0, 223)
30 (1, 4, 317, 287, 0, 0, 0, 0, 3, 1, 0, 229)
31 (1, 4, 206, 165, 0, 0, 0, 0, 3, 1, 0, 215)
0 (1, 4, 0, 0, 0, 0, 0, 25, 1, 0, 0, 250)
1 (1, 4, 0, 0, 0, 0, 0, 8, 1, 1, 0, 157)
2 (1, 4, 0, 0, 0, 0, 0, 0, 2, 1, 0, 209)
3 (1, 4, 180, 0, 0, 0, 0, 0, 2, 1, 0, 219)
4 (1, 4, 358, 0, 0, 0, 0, 0, 2, 1, 0, 185)
5 (1, 4, 251, 0, 0, 12, 13, 0, 2, 1, 0, 215)
6 (1, 4, 117, 0, 0, 31, 16, 0, 2, 1, 0, 158)
7 (1, 4, 102, 0, 97, 31, 27, 8, 2, 1, 0, 93)
8 (1, 4, 31, 0, 308, 24, 40, 8, 2, 1, 0, 192)
9 (1, 4, 0, 0, 501, 0, 28, 17, 2, 1, 0, 102)
10 (1, 4, 0, 0, 638, 0, 0, 5, 2, 1, 0, 118)
11 (1, 4, 0, 0, 716, 0, 0, 0, 2, 1, 0, 131)
12 (1, 4, 0, 0, 47, 0, 0, 0, 3, 1, 0, 20)
13 (1, 4, 341, 160, 0, 0, 0, 0, 3, 1, 0, 45)
14 (1, 4, 43, 76, 0, 0, 0, 0, 2, 1, 0, 158)
15 (1, 4, 0, 49, 0, 0, 0, 0, 2, 1, 0, 199)
16 (1, 4, 18, 0, 0, 0, 0, 6, 2, 1, 0, 225)
17 (1, 4, 100, 0, 0, 0, 35, 6, 2, 1, 0, 237)
18 (1, 4, 50, 0, 151, 4, 45, 0, 2, 1, 0, 171)
19 (1, 4, 56, 0, 398, 0, 14, 0, 2, 1, 0, 55)
20 (1, 4, 371, 0, 519, 0, 0, 0, 2, 1, 0, 48)
21 (1, 4, 64, 0, 699, 0, 0, 0, 2, 1, 0, 149)
22 (1, 4, 0, 0, 639, 0, 0, 0, 2, 1, 0, 72)
23 (1, 4, 0, 43, 17, 0, 0, 0, 2, 1, 0, 147)
24 (1, 4, 0, 61, 0, 0, 0, 14, 2, 1, 0, 136)
25 (1, 4, 0, 59, 0, 0, 0, 11, 2, 1, 0, 149)
26 (1, 4, 0, 53, 0, 0, 0, 0, 2, 1, 0, 29)
27 (1, 4, 0, 108, 0, 0, 0, 0, 2, 1, 0, 249)
28 (1, 4, 0, 186, 0, 0, 0, 0, 2, 1, 0, 173)
29 (1, 4, 0, 266, 0, 0, 0, 0, 2, 1, 0, 234)
30 (1, 4, 85, 275, 0, 0, 0, 0, 2, 1, 0, 210)
31 (1, 4, 315, 116, 0, 0, 5, 12, 2, 1, 0, 105)
0 (1, 4, 0, 263, 0, 7, 0, 0, 3, 0, 0, 98)
1 (1, 4, 140, 302, 0, 23, 0, 0, 3, 0, 0, 12)
2 (1, 4, 290, 273, 0, 42, 0, 0, 3, 0, 0, 31)
3 (1, 4, 348, 271, 0, 49, 0, 6, 2, 0, 0, 0)
4 (1, 4, 280, 165, 0, 55, 29, 21, 2, 0, 0, 96)
5 (1, 4, 0, 123, 0, 66, 82, 14, 2, 0, 0, 81)
6 (1, 4, 0, 153, 245, 61, 57, 22, 2, 0, 0, 55)
7 (1, 4, 0, 111, 448, 19, 40, 35, 2, 0, 0, 192)
8 (1, 4, 0, 0, 599, 0, 0, 4, 2, 0, 0, 20)
9 (1, 4, 0, 0, 726, 0, 0, 0, 2, 0, 0, 4)
10 (1, 4, 0, 0, 538, 0, 0, 0, 2, 0, 0, 236)
11 (1, 4, 26, 0, 482, 0, 0, 0, 2, 0, 0, 176)
12 (1, 4, 141, 31, 547, 0, 0, 0, 2, 0, 0, 198)
13 (1, 4, 298, 80, 376, 0, 0, 10, 2, 0, 0, 57)
14 (1, 4, 346, 100, 328, 0, 0, 28, 2, 0, 0, 112)
15 (1, 4, 113, 83, 64, 0, 0, 20, 2, 0, 0, 125)
16 (1, 4, 121, 245, 46, 0, 0, 37, 2, 0, 0, 28)
17 (1, 4, 139, 79, 165, 0, 0, 3, 2, 0, 0, 92)
18 (1, 4, 172, 78, 135, 0, 0, 0, 2, 0, 0, 179)
19 (1, 4, 143, 73, 0, 0, 0, 0, 2, 0, 0, 112)
20 (1, 4, 0, 147, 0, 0, 0, 0, 2, 0, 0, 2)
21 (1, 4, 0, 82, 0, 0, 0, 0, 2, 0, 0, 53)
22 (1, 4, 77, 97, 0, 0, 0, 0, 2, 0, 0, 129)
23 (1, 4, 23, 88, 0, 0, 0, 0, 2, 0, 0, 33)
24 (1, 4, 47, 90, 0, 0, 0, 0, 2, 0, 0, 27)
25 (1, 4, 27, 122, 0, 0, 0, 0, 2, 1, 0, 173)
26 (1, 4, 96, 127, 0, 0, 0, 0, 2, 1, 0, 14)
27 (1, 4, 96, 147, 0, 0, 0, 0, 2, 1, 0, 39)
28 (1, 4, 20, 132, 0, 3, 4, 4, 2, 1, 0, 101)
29 (1, 4, 0, 111, 71, 4, 10, 7, 2, 1, 0, 99)
30 (1, 4, 2, 53, 258, 0, 18, 10, 2, 1, 0, 87)
31 (1, 4, 0, 0, 427, 0, 17, 14, 2, 1, 0, 94)
0 (1, 4, 176, 201, 0, 0, 6, 0, 1, 1, 0, 208)
1 (1, 4, 122, 90, 0, 0, 97, 21, 1, 1, 0, 158)
2 (1, 4, 173, 0, 101, 9, 140, 21, 1, 1, 0, 164)
3 (1, 4, 0, 0, 474, 0, 71, 1, 1, 1, 0, 97)
4 (1, 4, 0, 0, 681, 0, 0, 0, 1, 1, 0, 234)
5 (1, 4, 0, 0, 519, 0, 0, 0, 1, 1, 0, 40)
6 (1, 4, 0, 0, 5, 80, 0, 0, 2, 1, 0, 57)
7 (1, 4, 88, 317, 0, 0, 0, 0, 2, 1, 0, 82)
8 (1, 4, 174, 344, 0, 0, 0, 0, 2, 1, 0, 227)
9 (1, 4, 220, 156, 0, 0, 0, 0, 2, 1, 0, 236)
10 (1, 4, 136, 0, 0, 0, 43, 6, 2, 1, 0, 63)
11 (1, 4, 70, 0, 0, 0, 62, 9, 2, 1, 0, 17)
12 (1, 4, 116, 0, 278, 0, 89, 24, 2, 1, 0, 10)
13 (1, 4, 70, 0, 659, 0, 41, 11, 1, 1, 0, 108)
14 (1, 4, 0, 0, 727, 0, 0, 0, 1, 1, 0, 93)
15 (1, 4, 0, 0, 112, 17, 0, 0, 2, 1, 0, 67)
16 (1, 4, 23, 242, 0, 5, 0, 0, 2, 1, 0, 52)
17 (1, 4, 0, 295, 0, 0, 0, 0, 2, 1, 0, 244)
18 (1, 4, 0, 415, 0, 0, 0, 0, 2, 1, 0, 229)
19 (1, 4, 56, 477, 0, 0, 0, 0, 2, 1, 0, 92)
20 (1, 4, 141, 393, 0, 0, 0, 15, 1, 1, 0, 63)
21 (1, 4, 29, 211, 0, 26, 104, 90, 1, 0, 0, 163)
22 (1, 4, 0, 0, 0, 58, 88, 68, 1, 0, 0, 170)
23 (1, 4, 0, 0, 123, 52, 74, 61, 1, 0, 0, 24)
24 (1, 4, 57, 0, 380, 7, 71, 38, 1, 0, 0, 194)
25 (1, 4, 88, 0, 585, 0, 20, 9, 2, 0, 0, 153)
26 (1, 4, 287, 0, 785, 0, 0, 0, 2, 0, 0, 14)
27 (1, 4, 7, 0, 150, 11, 0, 0, 2, 0, 0, 182)
28 (1, 4, 0, 0, 89, 10, 0, 0, 2, 0, 0, 208)
29 (1, 4, 9, 0, 48, 7, 0, 0, 2, 0, 0, 24)
30 (1, 4, 98, 34, 0, 11, 0, 0, 2, 0, 0, 158)
31 (1, 4, 28, 57, 0, 18, 0, 0, 2, 0, 0, 126)
0 (1, 4, 49, 0, 369, 0, 0, 0, 2, 0, 0, 32)
1 (1, 4, 0, 35, 555, 0, 0, 0, 2, 0, 0, 227)
2 (1, 4, 80, 128, 541, 0, 0, 0, 2, 0, 0, 97)
3 (1, 4, 71, 116, 423, 0, 0, 0, 2, 0, 0, 84)
4 (1, 4, 93, 223, 373, 0, 0, 0, 2, 0, 0, 42)
5 (1, 4, 0, 220, 318, 0, 0, 0, 2, 0, 0, 33)
6 (1, 4, 191, 422, 308, 0, 0, 47, 2, 0, 0, 153)
7 (1, 4, 185, 0, 0, 0, 0, 0, 2, 0, 0, 246)
8 (1, 4, 5, 87, 0, 0, 0, 0, 2, 0, 0, 108)
9 (1, 4, 204, 0, 0, 0, 0, 0, 2, 0, 0, 110)
10 (1, 4, 296, 130, 0, 0, 0, 0, 2, 0, 0, 99)
11 (1, 4, 324, 55, 0, 0, 0, 0, 2, 0, 0, 168)
12 (1, 4, 168, 68, 0, 0, 0, 0, 2, 0, 0, 65)
13 (1, 4, 48, 63, 0, 0, 0, 0, 2, 0, 0, 143)
14 (1, 4, 0, 0, 0, 0, 0, 0, 1, 1, 0, 119)
15 (1, 4, 0, 112, 0, 7, 17, 0, 1, 1, 0, 246)
16 (1, 4, 0, 66, 138, 0, 34, 2, 1, 1, 0, 189)
17 (1, 4, 0, 44, 353, 0, 39, 0, 1, 1, 0, 117)
18 (1, 4, 0, 0, 512, 0, 0, 27, 1, 1, 0, 146)
19 (1, 4, 260, 0, 636, 0, 0, 40, 1, 1, 0, 36)
20 (1, 4, 0, 0, 466, 0, 0, 0, 1, 1, 0, 112)
21 (1, 4, 347, 246, 0, 0, 0, 0, 2, 1, 0, 78)
22 (1, 4, 0, 154, 0, 0, 0, 0, 1, 1, 0, 201)
23 (1, 4, 173, 230, 0, 0, 0, 0, 1, 1, 0, 20)
24 (1, 4, 176, 0, 0, 0, 110, 0, 1, 1, 0, 130)
25 (1, 4, 0, 0, 0, 0, 255, 5, 1, 1, 0, 210)
26 (1, 4, 0, 0, 620, 0, 152, 24, 1, 1, 0, 99)
27 (1, 4, 0, 0, 728, 0, 0, 0, 1, 1, 0, 4)
28 (1, 4, 22, 0, 0, 103, 0, 0, 2, 1, 0, 116)
29 (1, 4, 211, 396, 0, 0, 0, 0, 2, 1, 0, 50)
30 (1, 4, 279, 436, 0, 0, 0, 0, 2, 1, 0, 132)
31 (1, 4, 270, 227, 0, 0, 0, 0, 2, 1, 0, 31)
0 (1, 4, 0, 8, 0, 0, 0, 0, 2, 0, 0, 9)
1 (1, 4, 0, 7, 0, 0, 0, 0, 2, 0, 0, 184)
2 (1, 4, 61, 40, 0, 0, 0, 0, 2, 0, 0, 170)
3 (1, 4, 0, 27, 0, 0, 0, 0, 2, 0, 0, 176)
4 (1, 4, 0, 0, 0, 0, 0, 0, 2, 0, 0, 186)
5 (1, 4, 0, 0, 0, 0, 0, 0, 1, 0, 0, 28)
6 (1, 4, 0, 58, 0, 0, 0, 0, 1, 1, 0, 10)
7 (1, 4, 53, 118, 0, 0, 0, 0, 1, 1, 0, 241)
8 (1, 4, 178, 98, 0, 0, 0, 0, 1, 1, 0, 117)
9 (1, 4, 293, 35, 0, 0, 20, 0, 1, 1, 0, 248)
10 (1, 4, 167, 9, 0, 11, 62, 0, 2, 1, 0, 174)
11 (1, 4, 0, 0, 200, 5, 54, 5, 2, 1, 0, 55)
12 (1, 4, 0, 0, 429, 0, 48, 5, 1, 1, 0, 113)
13 (1, 4, 0, 0, 578, 0, 11, 0, 1, 1, 0, 83)
14 (1, 4, 0, 0, 616, 0, 0, 0, 1, 1, 0, 116)
15 (1, 4, 0, 0, 263, 0, 0, 0, 2, 1, 0, 105)
16 (1, 4, 230, 174, 0, 0, 0, 0, 2, 1, 0, 105)
17 (1, 4, 73, 130, 0, 0, 0, 0, 1, 1, 0, 236)
18 (1, 4, 105, 145, 0, 0, 0, 0, 1, 1, 0, 146)
19 (1, 4, 178, 147, 0, 0, 0, 0, 1, 1, 0, 225)
20 (1, 4, 267, 121, 0, 0, 10, 0, 1, 1, 0, 2)
21 (1, 4, 283, 33, 0, 0, 58, 0, 1, 1, 0, 59)
22 (1, 4, 241, 0, 0, 20, 82, 0, 1, 1, 0, 36)
23 (1, 4, 179, 0, 206, 46, 75, 1, 1, 1, 0, 76)
24 (1, 4, 14, 0, 515, 7, 52, 0, 1, 1, 0, 20)
25 (1, 4, 0, 0, 716, 0, 10, 0, 1, 1, 0, 22)
26 (1, 4, 0, 0, 788, 0, 0, 0, 1, 1, 0, 177)
27 (1, 4, 0, 0, 262, 31, 0, 0, 1, 1, 0, 9)
28 (1, 4, 95, 312, 0, 69, 0, 0, 1, 1, 0, 7)
29 (1, 4, 0, 456, 0, 0, 0, 0, 1, 1, 0, 163)
30 (1, 4, 30, 478, 0, 0, 0, 0, 1, 1, 0, 193)
0 (1, 4, 0, 35, 107, 80, 0, 0, 2, 0, 0, 128)
1 (1, 4, 0, 32, 159, 83, 0, 0, 2, 0, 0, 172)
2 (1, 4, 0, 68, 176, 83, 0, 0, 2, 0, 0, 144)
3 (1, 4, 0, 90, 0, 80, 0, 0, 2, 0, 0, 164)
4 (1, 4, 0, 277, 0, 92, 0, 0, 2, 0, 0, 247)
5 (1, 4, 57, 291, 0, 71, 0, 0, 2, 0, 0, 148)
6 (1, 4, 0, 274, 0, 63, 0, 29, 2, 0, 0, 123)
7 (1, 4, 0, 259, 0, 56, 10, 36, 2, 0, 0, 134)
8 (1, 4, 0, 129, 0, 58, 58, 70, 2, 1, 0, 143)
9 (1, 4, 0, 0, 40, 50, 73, 42, 2, 1, 0, 227)
10 (1, 4, 0, 0, 211, 5, 69, 0, 3, 1, 0, 158)
11 (1, 4, 0, 0, 432, 0, 71, 0, 2, 2, 0, 51)
12 (1, 4, 0, 0, 523, 0, 18, 0, 3, 2, 0, 196)
13 (1, 4, 54, 0, 622, 0, 0, 0, 3, 2, 0, 127)
14 (1, 4, 0, 0, 480, 0, 0, 0, 3, 2, 0, 167)
15 (1, 4, 345, 248, 0, 57, 0, 0, 3, 2, 0, 112)
16 (1, 4, 309, 505, 0, 0, 0, 0, 3, 2, 0, 223)
17 (1, 4, 291, 519, 0, 0, 0, 0, 2, 2, 0, 116)
18 (1, 4, 266, 481, 0, 0, 0, 0, 2, 2, 0, 18)
19 (1, 4, 228, 369, 0, 0, 38, 0, 2, 2, 0, 99)
20 (1, 4, 243, 0, 0, 0, 232, 109, 2, 1, 0, 62)
21 (1, 4, 0, 0, 0, 0, 327, 40, 2, 1, 0, 251)
22 (1, 4, 89, 0, 569, 0, 246, 53, 1, 1, 0, 28)
23 (1, 4, 34, 0, 873, 0, 203, 12, 1, 0, 0, 246)
24 (1, 4, 0, 33, 873, 0, 0, 10, 2, 0, 0, 84)
25 (1, 4, 0, 0, 270, 0, 0, 0, 2, 0, 0, 42)
26 (1, 4, 96, 75, 48, 80, 0, 0, 2, 0, 0, 191)
27 (1, 4, 157, 157, 96, 71, 0, 0, 2, 0, 0, 56)
28 (1, 4, 0, 0, 56, 64, 0, 0, 2, 0, 0, 82)
29 (1, 4, 122, 78, 0, 44, 0, 0, 2, 0, 0, 146)
30 (1, 4, 139, 66, 0, 50, 0, 0, 2, 0, 0, 3)
31 (1, 4, 95, 81, 0, 54, 0, 0, 2, 0, 0, 130)

