1 (1, 4, 0, 0, 733, 0, 0, 0, 4, 5, 0, 136)
2 (1, 4, 0, 0, 44, 531, 0, 0, 3, 4, 0, 105)
3 (1, 4, 0, 558, 0, 213, 0, 0, 3, 4, 0, 148)
4 (1, 4, 18, 586, 0, 45, 0, 0, 3, 3, 0, 123)
5 (1, 4, 287, 487, 0, 0, 0, 0, 2, 3, 0, 24)
6 (1, 4, 229, 94, 0, 0, 23, 0, 1, 2, 0, 172)
7 (1, 4, 93, 41, 0, 0, 87, 20, 1, 2, 0, 112)
8 (1, 4, 150, 57, 38, 0, 189, 0, 1, 2, 0, 214)
9 (1, 4, 0, 71, 467, 0, 209, 0, 1, 2, 0, 10)
10 (1, 4, 0, 161, 873, 0, 59, 0, 1, 2, 0, 180)
11 (1, 4, 0, 43, 873, 0, 0, 0, 1, 2, 0, 169)
12 (1, 4, 0, 0, 646, 0, 0, 0, 0, 1, 0, 47)
13 (1, 4, 0, 0, 159, 37, 0, 28, 0, 1, 0, 4)
14 (1, 4, 0, 10, 167, 38, 0, 42, 0, 0, 0, 19)
15 (1, 4, 37, 0, 213, 29, 0, 33, 0, 0, 0, 34)
16 (1, 4, 18, 68, 147, 25, 0, 31, 0, 0, 0, 212)
17 (1, 4, 62, 98, 119, 8, 0, 39, 0, 0, 0, 244)
18 (1, 4, 72, 127, 173, 0, 0, 27, 0, 0, 0, 48)
19 (1, 4, 0, 105, 249, 0, 0, 31, 0, 0, 0, 176)
20 (1, 4, 0, 0, 294, 0, 0, 13, 0, 0, 0, 236)
21 (1, 4, 0, 0, 366, 0, 0, 9, 0, 0, 0, 222)
22 (1, 4, 0, 0, 446, 0, 0, 0, 0, 0, 0, 158)
23 (1, 4, 0, 0, 361, 0, 0, 0, 0, 0, 0, 14)
24 (1, 4, 0, 0, 282, 0, 0, 0, 0, 0, 0, 207)
25 (1, 4, 0, 16, 171, 0, 0, 3, 0, 0, 0, 113)
26 (1, 4, 0, 0, 142, 0, 0, 0, 0, 0, 0, 66)
27 (1, 4, 0, 0, 107, 0, 0, 9, 0, 0, 0, 73)
28 (1, 4, 87, 36, 57, 0, 0, 4, 0, 0, 0, 249)
29 (1, 4, 33, 37, 0, 0, 0, 4, 0, 0, 0, 111)
30 (1, 4, 117, 42, 0, 0, 0, 41, 0, 0, 0, 110)
31 (1, 4, 330, 0, 144, 0, 9, 18, 0, 1, 0, 174)
32 (1, 4, 93, 43, 45, 0, 0, 0, 0, 1, 0, 27)
1 (1, 4, 0, 0, 0, 0, 0, 56, 0, 1, 0, 141)
2 (1, 4, 0, 0, 0, 0, 0, 55, 1, 1, 0, 22)
3 (1, 4, 0, 0, 0, 0, 0, 13, 2, 2, 0, 44)
4 (1, 4, 0, 62, 0, 0, 0, 11, 3, 3, 0, 78)
5 (1, 4, 0, 143, 0, 0, 0, 0, 3, 4, 0, 195)
6 (1, 4, 0, 191, 0, 0, 6, 0, 3, 3, 0, 103)
7 (1, 4, 0, 163, 0, 0, 215, 83, 3, 4, 0, 91)
8 (1, 4, 0, 0, 686, 0, 137, 104, 4, 4, 0, 160)
9 (1, 4, 0, 0, 266, 142, 0, 0, 4, 4, 0, 131)
10 (1, 4, 387, 670, 0, 249, 0, 0, 2, 3, 0, 42)
11 (1, 4, 219, 293, 0, 0, 0, 66, 3, 4, 0, 217)
12 (1, 4, 243, 269, 0, 0, 96, 39, 3, 4, 0, 70)
13 (1, 4, 0, 0, 217, 0, 218, 19, 3, 4, 0, 3)
14 (1, 4, 0, 0, 606, 0, 0, 5, 3, 4, 0, 42)
15 (1, 4, 0, 0, 0, 415, 0, 0, 2, 2, 0, 251)
16 (1, 4, 325, 542, 0, 128, 0, 7, 2, 2, 0, 199)
17 (1, 4, 153, 96, 0, 35, 0, 42, 2, 3, 0, 247)
18 (1, 4, 278, 51, 0, 0, 0, 19, 2, 3, 0, 15)
19 (1, 4, 120, 0, 0, 6, 83, 30, 2, 2, 0, 17)
20 (1, 4, 310, 55, 0, 8, 116, 25, 1, 2, 0, 5)
21 (1, 4, 121, 80, 170, 3, 160, 0, 1, 1, 0, 193)
22 (1, 4, 0, 99, 454, 0, 180, 0, 0, 1, 0, 245)
23 (1, 4, 0, 297, 795, 0, 67, 0, 0, 1, 0, 58)
24 (1, 4, 0, 82, 873, 0, 0, 0, 0, 1, 0, 80)
25 (1, 4, 173, 0, 383, 14, 0, 44, 0, 1, 0, 123)
26 (1, 4, 0, 0, 0, 85, 0, 27, 0, 0, 0, 96)
27 (1, 4, 119, 80, 0, 87, 0, 55, 0, 0, 0, 6)
28 (1, 4, 79, 86, 0, 73, 0, 48, 0, 0, 0, 184)
29 (1, 4, 0, 97, 0, 58, 0, 58, 0, 0, 0, 115)
30 (1, 4, 201, 114, 0, 57, 0, 59, 0, 0, 0, 214)
31 (1, 4, 31, 54, 0, 52, 0, 60, 0, 0, 0, 95)
32 (1, 4, 28, 47, 0, 51, 0, 66, 0, 0, 0, 102)
1 (1, 4, 212, 39, 24, 0, 0, 8, 0, 1, 0, 184)
2 (1, 4, 58, 0, 0, 0, 0, 31, 0, 1, 0, 116)
3 (1, 4, 0, 0, 0, 0, 0, 41, 0, 1, 0, 129)
4 (1, 4, 0, 0, 0, 0, 0, 50, 0, 1, 0, 222)
5 (1, 4, 0, 0, 0, 0, 0, 0, 1, 1, 0, 119)
6 (1, 4, 0, 16, 0, 0, 0, 0, 2, 2, 0, 13)
7 (1, 4, 0, 373, 0, 0, 0, 0, 3, 3, 0, 207)
8 (1, 4, 0, 312, 0, 0, 0, 0, 4, 5, 0, 196)
9 (1, 4, 69, 333, 0, 0, 0, 2, 4, 5, 0, 141)
10 (1, 4, 0, 182, 0, 0, 39, 19, 4, 4, 0, 159)
11 (1, 4, 0, 123, 0, 0, 72, 52, 3, 4, 0, 228)
12 (1, 4, 0, 0, 270, 0, 91, 65, 3, 4, 0, 172)
13 (1, 4, 0, 0, 588, 0, 16, 38, 3, 3, 0, 46)
14 (1, 4, 0, 0, 751, 0, 0, 11, 2, 3, 0, 156)
15 (1, 4, 0, 0, 818, 0, 0, 0, 2, 3, 0, 78)
16 (1, 4, 61, 0, 398, 85, 0, 0, 2, 2, 0, 45)
17 (1, 4, 0, 0, 0, 94, 0, 0, 2, 2, 0, 244)
18 (1, 4, 0, 225, 0, 72, 0, 0, 2, 2, 0, 180)
19 (1, 4, 0, 273, 0, 45, 0, 0, 2, 2, 0, 47)
20 (1, 4, 0, 671, 0, 0, 0, 0, 2, 2, 0, 112)
21 (1, 4, 39, 597, 0, 0, 0, 0, 2, 2, 0, 193)
22 (1, 4, 119, 417, 0, 0, 0, 9, 3, 3, 0, 71)
23 (1, 4, 135, 256, 0, 0, 27, 35, 3, 3, 0, 183)
24 (1, 4, 116, 161, 0, 4, 55, 50, 2, 3, 0, 176)
25 (1, 4, 31, 0, 0, 20, 53, 52, 2, 2, 0, 72)
26 (1, 4, 91, 0, 0, 30, 53, 54, 2, 2, 0, 134)
27 (1, 4, 62, 123, 79, 24, 107, 33, 1, 2, 0, 124)
28 (1, 4, 0, 115, 239, 17, 132, 41, 1, 1, 0, 137)
29 (1, 4, 0, 148, 453, 15, 119, 50, 0, 1, 0, 166)
30 (1, 4, 0, 191, 663, 0, 71, 1, 1, 1, 0, 24) [FRAGMENTED]
31 (1, 4, 0, 8, 0, 0, 0, 28, 1, 1, 0, 136) 
32 (1, 4, 0, 1, 0, 0, 0, 24, 1, 1, 0, 251) 
1 (1, 4, 0, 12, 0, 0, 0, 27, 1, 1, 0, 65)
2 (1, 4, 19, 23, 0, 0, 0, 24, 1, 1, 0, 223)
3 (1, 4, 53, 42, 0, 0, 0, 32, 1, 1, 0, 219)
4 (1, 4, 299, 143, 0, 0, 0, 53, 1, 1, 0, 184)
5 (1, 4, 198, 77, 0, 0, 0, 48, 1, 1, 0, 226)
6 (1, 4, 0, 0, 0, 0, 0, 43, 1, 1, 0, 90)
7 (1, 4, 308, 0, 0, 0, 0, 0, 2, 2, 0, 113)
8 (1, 4, 173, 0, 0, 0, 0, 2, 3, 3, 0, 72)
9 (1, 4, 255, 48, 0, 0, 0, 0, 3, 3, 0, 39)
10 (1, 4, 136, 89, 0, 0, 0, 0, 3, 4, 0, 242)
11 (1, 4, 0, 98, 0, 0, 9, 0, 3, 4, 0, 231)
12 (1, 4, 0, 154, 0, 0, 44, 1, 3, 4, 0, 61)
13 (1, 4, 0, 90, 0, 0, 78, 62, 3, 3, 0, 199)
14 (1, 4, 0, 0, 292, 0, 98, 96, 3, 4, 0, 143)
15 (1, 4, 0, 0, 595, 0, 0, 54, 3, 4, 0, 72)
16 (1, 4, 0, 0, 711, 0, 0, 0, 3, 4, 0, 38)
17 (1, 4, 0, 0, 327, 0, 0, 0, 2, 2, 0, 47)
18 (1, 4, 108, 0, 0, 256, 0, 0, 2, 2, 0, 2)
19 (1, 4, 78, 202, 0, 120, 0, 0, 2, 2, 0, 222)
20 (1, 4, 206, 314, 0, 41, 0, 0, 2, 2, 0, 50)
21 (1, 4, 411, 322, 0, 0, 0, 0, 2, 2, 0, 242)
22 (1, 4, 509, 210, 0, 0, 0, 0, 2, 2, 0, 29)
23 (1, 4, 276, 0, 0, 0, 38, 0, 2, 2, 0, 170)
24 (1, 4, 23, 25, 0, 17, 54, 27, 1, 2, 0, 73)
25 (1, 4, 148, 70, 0, 10, 72, 58, 1, 1, 0, 178)
26 (1, 4, 334, 157, 56, 0, 173, 27, 0, 1, 0, 118)
27 (1, 4, 121, 173, 332, 7, 179, 0, 0, 1, 0, 244)
28 (1, 4, 0, 265, 602, 0, 64, 4, 0, 0, 0, 95)
29 (1, 4, 0, 101, 598, 0, 0, 0, 0, 0, 0, 31)
30 (1, 4, 0, 0, 489, 0, 0, 27, 2, 1, 0, 15)
31 (1, 4, 71, 127, 66, 0, 0, 0, 1, 2, 0, 44)
32 (1, 4, 97, 57, 39, 0, 0, 27, 1, 1, 0, 214)
1 (1, 4, 216, 0, 54, 0, 0, 14, 1, 1, 0, 173)
2 (1, 4, 112, 48, 26, 0, 0, 17, 1, 1, 0, 154)
3 (1, 4, 0, 45, 0, 0, 0, 11, 1, 1, 0, 229)
4 (1, 4, 0, 5, 0, 0, 0, 0, 1, 1, 0, 24)
5 (1, 4, 0, 21, 0, 0, 0, 3, 1, 1, 0, 31)
6 (1, 4, 53, 3, 0, 0, 0, 32, 1, 1, 0, 31)
7 (1, 4, 527, 0, 0, 0, 0, 15, 1, 1, 0, 208)
8 (1, 4, 0, 0, 0, 0, 0, 81, 1, 2, 0, 131)
9 (1, 4, 61, 0, 0, 0, 0, 45, 2, 2, 0, 236)
10 (1, 4, 0, 0, 0, 0, 0, 33, 4, 5, 0, 79)
11 (1, 4, 0, 104, 0, 0, 0, 25, 5, 5, 0, 71)
12 (1, 4, 0, 137, 0, 0, 0, 18, 5, 6, 0, 131)
13 (1, 4, 0, 176, 0, 0, 0, 13, 5, 5, 0, 177)
14 (1, 4, 0, 175, 0, 0, 29, 17, 6, 6, 0, 232)
15 (1, 4, 0, 124, 4, 2, 37, 7, 5, 6, 0, 67)
16 (1, 4, 0, 16, 129, 9, 21, 1, 4, 5, 0, 18)
17 (1, 4, 0, 5, 315, 0, 7, 9, 4, 5, 0, 216)
18 (1, 4, 0, 0, 539, 0, 0, 7, 8, 7, 0, 160)
19 (1, 4, 0, 0, 670, 0, 0, 0, 4, 5, 0, 200)
20 (1, 4, 0, 0, 293, 193, 0, 0, 4, 4, 0, 84)
21 (1, 4, 147, 302, 0, 218, 0, 0, 4, 4, 0, 215)
22 (1, 4, 97, 502, 0, 71, 0, 0, 3, 3, 0, 222)
23 (1, 4, 205, 523, 0, 2, 0, 0, 3, 3, 0, 39)
24 (1, 4, 142, 441, 0, 0, 0, 0, 3, 3, 0, 101)
25 (1, 4, 193, 296, 0, 0, 0, 6, 2, 3, 0, 205)
26 (1, 4, 124, 104, 0, 0, 14, 42, 2, 2, 0, 90)
27 (1, 4, 0, 75, 0, 17, 39, 59, 1, 2, 0, 81)
28 (1, 4, 0, 0, 0, 15, 34, 87, 1, 1, 0, 168)
29 (1, 4, 0, 0, 0, 2, 77, 94, 2, 2, 0, 163) [FRAGMENTED]
30 (1, 4, 0, 121, 0, 6, 0, 0, 5, 5, 0, 55)
31 (1, 4, 125, 460, 0, 0, 0, 0, 6, 5, 0, 19)
32 (1, 4, 341, 325, 0, 0, 0, 0, 6, 6, 0, 28)
1 (1, 4, 478, 239, 0, 0, 0, 0, 6, 6, 0, 147)
2 (1, 4, 346, 98, 0, 0, 49, 0, 6, 6, 0, 146)
3 (1, 4, 138, 0, 0, 0, 64, 18, 6, 6, 0, 65)
4 (1, 4, 118, 0, 169, 2, 71, 31, 6, 6, 0, 131)
5 (1, 4, 12, 0, 385, 0, 37, 34, 5, 6, 0, 17)
6 (1, 4, 0, 0, 545, 0, 0, 9, 10, 9, 0, 124)
7 (1, 4, 107, 0, 654, 0, 0, 0, 9, 10, 0, 40)
8 (1, 4, 0, 0, 734, 0, 0, 0, 20, 20, 0, 200)
9 (1, 4, 0, 0, 0, 250, 0, 0, 9, 9, 0, 159)
10 (1, 4, 3, 137, 0, 92, 0, 0, 7, 8, 0, 181)
11 (1, 4, 0, 272, 0, 73, 0, 0, 7, 8, 0, 176)
12 (1, 4, 26, 491, 0, 0, 0, 0, 6, 7, 0, 97)
13 (1, 4, 169, 512, 0, 0, 0, 0, 5, 6, 0, 143)
14 (1, 4, 495, 373, 0, 0, 14, 0, 4, 5, 0, 72)
15 (1, 4, 365, 54, 0, 0, 106, 0, 3, 4, 0, 73)
16 (1, 4, 281, 115, 0, 0, 199, 7, 2, 3, 0, 54)
17 (1, 4, 16, 72, 252, 0, 229, 0, 1, 2, 0, 202)
18 (1, 4, 0, 143, 661, 0, 176, 0, 1, 1, 0, 133)
19 (1, 4, 0, 170, 873, 0, 54, 0, 0, 1, 0, 91)
20 (1, 4, 0, 0, 598, 0, 0, 0, 0, 1, 0, 90)
21 (1, 4, 454, 0, 447, 34, 0, 0, 0, 0, 0, 103)
22 (1, 4, 0, 0, 9, 75, 0, 0, 0, 0, 0, 90)
23 (1, 4, 154, 132, 242, 27, 0, 19, 0, 0, 0, 3)
24 (1, 4, 37, 49, 249, 31, 0, 16, 0, 0, 0, 187)
25 (1, 4, 43, 156, 256, 1, 0, 21, 0, 0, 0, 233)
26 (1, 4, 67, 78, 249, 0, 0, 20, 0, 0, 0, 103)
27 (1, 4, 0, 55, 86, 0, 0, 3, 2, 1, 0, 227)
28 (1, 4, 0, 0, 242, 0, 0, 24, 2, 2, 0, 241)
29 (1, 4, 0, 0, 283, 0, 0, 12, 2, 2, 0, 214)
30 (1, 4, 0, 69, 0, 0, 36, 12, 5, 6, 0, 115)
31 (1, 4, 0, 60, 0, 0, 54, 30, 5, 5, 0, 245)
32 (1, 4, 0, 37, 95, 0, 103, 52, 5, 5, 0, 91)
1 (1, 4, 0, 0, 471, 0, 59, 48, 5, 5, 0, 46)
2 (1, 4, 0, 0, 717, 0, 0, 30, 4, 5, 0, 2)
3 (1, 4, 0, 0, 779, 0, 0, 0, 5, 5, 0, 179)
4 (1, 4, 0, 0, 316, 29, 0, 0, 8, 9, 0, 15)
5 (1, 4, 88, 61, 0, 150, 0, 0, 7, 8, 0, 120)
6 (1, 4, 0, 65, 0, 113, 0, 0, 5, 6, 0, 12)
7 (1, 4, 82, 230, 0, 26, 0, 0, 4, 5, 0, 130)
8 (1, 4, 80, 345, 0, 0, 0, 0, 4, 4, 0, 50)
9 (1, 4, 558, 535, 0, 0, 0, 0, 3, 4, 0, 74)
10 (1, 4, 712, 127, 0, 0, 24, 0, 3, 4, 0, 78)
11 (1, 4, 255, 0, 0, 0, 133, 0, 2, 3, 0, 72)
12 (1, 4, 10, 0, 0, 8, 153, 0, 2, 3, 0, 154)
13 (1, 4, 2, 23, 69, 4, 165, 0, 2, 2, 0, 253)
14 (1, 4, 0, 73, 433, 0, 172, 0, 1, 1, 0, 80)
15 (1, 4, 0, 141, 642, 0, 96, 0, 0, 1, 0, 187)
16 (1, 4, 0, 79, 696, 0, 30, 0, 0, 0, 0, 111)
17 (1, 4, 0, 0, 737, 0, 0, 0, 0, 0, 0, 164)
18 (1, 4, 0, 0, 544, 0, 0, 0, 0, 0, 0, 58)
19 (1, 4, 185, 0, 453, 0, 0, 0, 0, 0, 0, 175)
20 (1, 4, 0, 0, 218, 0, 0, 0, 0, 0, 0, 152)
21 (1, 4, 141, 42, 306, 0, 0, 0, 0, 0, 0, 194)
22 (1, 4, 0, 104, 386, 0, 0, 6, 0, 0, 0, 195)
23 (1, 4, 76, 25, 346, 0, 0, 18, 0, 0, 0, 248)
24 (1, 4, 0, 0, 271, 0, 0, 0, 0, 0, 0, 122)
25 (1, 4, 49, 33, 311, 0, 0, 0, 0, 0, 0, 25)
26 (1, 4, 0, 1, 202, 0, 0, 0, 0, 0, 0, 82)
27 (1, 4, 0, 33, 140, 0, 0, 0, 0, 0, 0, 26)
28 (1, 4, 0, 8, 81, 0, 0, 0, 0, 0, 0, 221)
29 (1, 4, 0, 3, 95, 0, 0, 0, 0, 0, 0, 123)
30 (1, 4, 0, 0, 0, 0, 0, 0, 0, 0, 0, 126)
31 (1, 4, 55, 32, 18, 0, 0, 0, 0, 0, 0, 225)
32 (1, 4, 61, 25, 14, 0, 0, 0, 0, 0, 0, 181)
1 (1, 4, 67, 8, 0, 0, 0, 0, 0, 0, 0, 86)
2 (1, 4, 72, 0, 0, 0, 0, 11, 0, 0, 0, 11)
3 (1, 4, 205, 0, 0, 0, 0, 0, 0, 0, 0, 164)
4 (1, 4, 0, 0, 0, 0, 0, 0, 0, 0, 0, 126)
5 (1, 4, 0, 31, 0, 0, 0, 0, 0, 0, 0, 174)
6 (1, 4, 14, 223, 0, 0, 0, 0, 0, 1, 0, 19)
7 (1, 4, 163, 138, 0, 0, 0, 0, 1, 1, 0, 104)
8 (1, 4, 208, 175, 0, 0, 0, 0, 1, 2, 0, 196)
9 (1, 4, 155, 152, 0, 0, 0, 0, 2, 2, 0, 40)
10 (1, 4, 0, 339, 0, 0, 0, 0, 2, 3, 0, 216)
11 (1, 4, 218, 350, 0, 0, 3, 0, 2, 3, 0, 159)
12 (1, 4, 62, 179, 0, 0, 139, 48, 3, 3, 0, 96)
13 (1, 4, 0, 0, 224, 0, 174, 69, 3, 3, 0, 151)
14 (1, 4, 0, 0, 691, 0, 0, 8, 2, 3, 0, 156)
15 (1, 4, 0, 0, 830, 0, 0, 0, 2, 3, 0, 172)
16 (1, 4, 0, 0, 306, 0, 0, 0, 2, 2, 0, 159)
17 (1, 4, 66, 0, 0, 301, 0, 0, 2, 2, 0, 227)
18 (1, 4, 47, 174, 0, 171, 0, 0, 2, 2, 0, 171)
19 (1, 4, 203, 334, 0, 58, 0, 0, 2, 2, 0, 40)
20 (1, 4, 271, 381, 0, 0, 0, 0, 2, 2, 0, 45)
21 (1, 4, 441, 493, 0, 0, 0, 0, 2, 2, 0, 91)
22 (1, 4, 412, 206, 0, 0, 28, 0, 1, 2, 0, 84)
23 (1, 4, 261, 74, 0, 0, 91, 15, 1, 1, 0, 50)
24 (1, 4, 196, 32, 0, 0, 143, 25, 1, 1, 0, 106)
25 (1, 4, 0, 0, 97, 4, 161, 19, 1, 1, 0, 111)
26 (1, 4, 0, 0, 316, 0, 166, 11, 0, 0, 0, 228)
27 (1, 4, 0, 183, 648, 0, 110, 0, 0, 0, 0, 238)
28 (1, 4, 0, 195, 723, 0, 0, 0, 0, 0, 0, 80)
29 (1, 4, 0, 0, 499, 0, 0, 55, 1, 1, 0, 123)
30 (1, 4, 64, 49, 31, 0, 0, 33, 1, 1, 0, 176)
31 (1, 4, 0, 1, 0, 0, 0, 0, 1, 1, 0, 194)
32 (1, 4, 8, 13, 13, 0, 0, 0, 1, 1, 0, 173)
1 (1, 4, 0, 5, 0, 0, 0, 10, 1, 1, 0, 75)
2 (1, 4, 67, 0, 0, 0, 0, 10, 1, 1, 0, 191)
3 (1, 4, 0, 0, 0, 0, 0, 0, 2, 1, 0, 209)
4 (1, 4, 0, 0, 0, 0, 0, 0, 3, 3, 0, 101)
5 (1, 4, 0, 229, 0, 0, 0, 0, 4, 4, 0, 117)
6 (1, 4, 0, 449, 0, 0, 0, 0, 4, 4, 0, 136)
7 (1, 4, 102, 426, 0, 0, 0, 0, 5, 5, 0, 193)
8 (1, 4, 191, 303, 0, 0, 0, 18, 4, 4, 0, 206)
9 (1, 4, 179, 189, 0, 0, 56, 49, 4, 5, 0, 139)
10 (1, 4, 85, 0, 105, 0, 87, 57, 4, 5, 0, 243)
11 (1, 4, 0, 0, 407, 0, 29, 52, 4, 4, 0, 181)
12 (1, 4, 0, 0, 651, 0, 0, 24, 5, 5, 0, 38)
13 (1, 4, 0, 0, 654, 0, 0, 0, 4, 4, 0, 220)
14 (1, 4, 74, 0, 0, 305, 0, 0, 3, 3, 0, 233)
15 (1, 4, 0, 99, 0, 174, 0, 0, 3, 3, 0, 2)
16 (1, 4, 62, 308, 0, 92, 0, 0, 2, 3, 0, 78)
17 (1, 4, 178, 487, 0, 0, 0, 0, 2, 3, 0, 142)
18 (1, 4, 398, 495, 0, 0, 0, 0, 2, 2, 0, 59)
19 (1, 4, 542, 374, 0, 0, 33, 0, 1, 2, 0, 124)
20 (1, 4, 253, 142, 0, 0, 126, 36, 0, 1, 0, 123)
21 (1, 4, 56, 40, 0, 20, 185, 42, 0, 1, 0, 78)
22 (1, 4, 0, 0, 159, 33, 178, 45, 0, 0, 0, 240)
23 (1, 4, 0, 0, 332, 4, 147, 0, 0, 0, 0, 124)
24 (1, 4, 0, 118, 691, 0, 54, 0, 0, 0, 0, 1)
25 (1, 4, 0, 0, 481, 0, 0, 0, 0, 0, 0, 67)
26 (1, 4, 0, 0, 479, 8, 0, 0, 0, 0, 0, 247)
27 (1, 4, 615, 84, 163, 112, 0, 0, 0, 0, 0, 89)
28 (1, 4, 0, 51, 0, 98, 0, 0, 1, 1, 0, 14)
29 (1, 4, 117, 52, 4, 90, 0, 37, 1, 1, 0, 39)
