1 (1, 4, 6, 11, 0, 0, 0, 8, 1, 1, 0, 210)
2 (1, 4, 0, 7, 0, 0, 0, 6, 1, 1, 0, 185)
3 (1, 4, 0, 27, 0, 0, 0, 12, 1, 1, 0, 226)
4 (1, 4, 0, 0, 0, 0, 0, 24, 1, 1, 0, 78)
5 (1, 4, 0, 0, 0, 0, 0, 0, 4, 2, 0, 39)
6 (1, 4, 0, 58, 0, 0, 0, 0, 4, 2, 0, 90)
7 (1, 4, 42, 302, 0, 0, 0, 0, 4, 2, 0, 175)
8 (1, 4, 154, 246, 0, 0, 0, 5, 3, 1, 0, 22)
9 (1, 4, 186, 147, 0, 0, 0, 19, 3, 1, 0, 224)
10 (1, 4, 211, 100, 0, 0, 9, 24, 3, 2, 0, 122)
11 (1, 4, 162, 65, 0, 0, 33, 25, 3, 2, 0, 100)
12 (1, 4, 35, 28, 215, 0, 74, 36, 3, 2, 0, 190)
13 (1, 4, 0, 0, 500, 0, 12, 42, 3, 3, 0, 61)
14 (1, 4, 0, 0, 722, 0, 0, 0, 3, 3, 0, 133)
15 (1, 4, 0, 0, 230, 33, 0, 0, 2, 4, 0, 98)
16 (1, 4, 91, 0, 0, 227, 0, 0, 2, 3, 0, 188)
17 (1, 4, 18, 134, 0, 114, 0, 0, 2, 2, 0, 211)
18 (1, 4, 198, 399, 0, 0, 0, 0, 2, 2, 0, 129)
19 (1, 4, 366, 289, 0, 0, 5, 0, 2, 1, 0, 193)
20 (1, 4, 149, 120, 0, 0, 142, 0, 2, 1, 0, 101)
21 (1, 4, 0, 0, 350, 0, 132, 0, 2, 2, 0, 175)
22 (1, 4, 0, 0, 733, 0, 0, 33, 2, 2, 0, 171)
23 (1, 4, 0, 0, 612, 23, 0, 0, 2, 3, 0, 76)
24 (1, 4, 0, 0, 0, 413, 0, 0, 2, 3, 0, 174)
25 (1, 4, 83, 427, 0, 82, 0, 0, 2, 2, 0, 70)
26 (1, 4, 72, 281, 0, 25, 0, 0, 2, 2, 0, 7)
27 (1, 4, 338, 410, 0, 0, 0, 0, 2, 2, 0, 64)
28 (1, 4, 370, 114, 0, 0, 27, 16, 2, 2, 0, 141)
29 (1, 4, 216, 0, 0, 0, 190, 0, 2, 2, 0, 12)
30 (1, 4, 0, 60, 313, 0, 126, 4, 1, 1, 0, 126)
31 (1, 4, 0, 82, 564, 0, 46, 16, 1, 1, 0, 147)
32 (1, 4, 0, 185, 686, 0, 0, 26, 0, 1, 0, 73)
1 (1, 4, 62, 0, 0, 182, 0, 0, 4, 5, 0, 179)
2 (1, 4, 82, 38, 0, 163, 0, 0, 3, 5, 0, 125)
3 (1, 4, 350, 236, 0, 32, 0, 26, 3, 4, 0, 12)
4 (1, 4, 146, 31, 0, 0, 84, 21, 3, 3, 0, 89)
5 (1, 4, 0, 0, 245, 0, 73, 12, 3, 3, 0, 25)
6 (1, 4, 0, 0, 566, 0, 20, 17, 3, 4, 0, 83)
7 (1, 4, 0, 23, 857, 0, 0, 13, 3, 4, 0, 27)
8 (1, 4, 0, 0, 518, 0, 0, 0, 4, 6, 0, 71)
9 (1, 4, 188, 482, 16, 218, 0, 0, 3, 4, 0, 247)
10 (1, 4, 0, 323, 0, 58, 0, 0, 2, 4, 0, 119)
11 (1, 4, 39, 369, 0, 34, 0, 0, 2, 3, 0, 77)
12 (1, 4, 83, 256, 0, 0, 0, 14, 2, 2, 0, 212)
13 (1, 4, 242, 168, 0, 0, 0, 14, 2, 1, 0, 32)
14 (1, 4, 229, 63, 0, 0, 0, 9, 2, 1, 0, 155)
15 (1, 4, 141, 70, 0, 0, 78, 10, 1, 1, 0, 137)
16 (1, 4, 206, 94, 0, 0, 136, 0, 1, 1, 0, 172)
17 (1, 4, 0, 0, 311, 0, 99, 2, 1, 1, 0, 107)
18 (1, 4, 0, 76, 499, 7, 53, 1, 1, 1, 0, 96)
19 (1, 4, 0, 229, 564, 44, 0, 61, 0, 1, 0, 0)
20 (1, 4, 0, 331, 568, 29, 0, 38, 0, 1, 0, 158)
21 (1, 4, 0, 0, 57, 88, 0, 67, 0, 1, 0, 69)
22 (1, 4, 320, 65, 13, 110, 0, 35, 0, 1, 0, 159)
23 (1, 4, 96, 5, 0, 103, 0, 34, 0, 1, 0, 77)
24 (1, 4, 0, 23, 0, 95, 0, 50, 0, 1, 0, 58)
25 (1, 4, 13, 38, 0, 89, 0, 51, 0, 1, 0, 247)
26 (1, 4, 0, 35, 0, 86, 0, 50, 0, 1, 0, 164)
27 (1, 4, 0, 5, 0, 84, 0, 56, 0, 1, 0, 188)
28 (1, 4, 0, 0, 0, 90, 0, 51, 1, 1, 0, 135)
29 (1, 4, 16, 16, 0, 93, 0, 53, 1, 1, 0, 151)
30 (1, 4, 32, 13, 0, 91, 0, 53, 1, 1, 0, 79)
31 (1, 4, 76, 17, 0, 89, 0, 50, 1, 1, 0, 108)
32 (1, 4, 65, 23, 0, 91, 0, 50, 1, 1, 0, 163)
1 (1, 4, 0, 0, 0, 48, 71, 71, 3, 3, 0, 95)
2 (1, 4, 0, 0, 0, 29, 100, 73, 3, 4, 0, 155)
3 (1, 4, 0, 0, 153, 0, 91, 60, 3, 4, 0, 237)
4 (1, 4, 0, 0, 454, 0, 11, 34, 3, 4, 0, 7)
5 (1, 4, 0, 0, 732, 0, 0, 11, 3, 4, 0, 210)
6 (1, 4, 0, 0, 846, 0, 0, 0, 3, 4, 0, 162)
7 (1, 4, 406, 0, 746, 0, 0, 18, 3, 5, 0, 124)
8 (1, 4, 173, 221, 873, 0, 0, 48, 3, 5, 0, 11)
9 (1, 4, 0, 0, 306, 0, 0, 24, 3, 6, 0, 111)
10 (1, 4, 155, 0, 0, 81, 0, 20, 3, 4, 0, 127)
11 (1, 4, 0, 0, 0, 115, 0, 0, 4, 3, 0, 166)
12 (1, 4, 48, 301, 0, 0, 0, 0, 3, 2, 0, 210)
13 (1, 4, 0, 265, 0, 0, 0, 0, 3, 2, 0, 237)
14 (1, 4, 0, 148, 0, 0, 0, 5, 3, 2, 0, 30)
15 (1, 4, 0, 115, 0, 0, 0, 40, 2, 2, 0, 223)
16 (1, 4, 0, 79, 0, 2, 0, 48, 2, 2, 0, 18)
17 (1, 4, 0, 37, 0, 6, 0, 62, 2, 2, 0, 215)
18 (1, 4, 0, 0, 0, 31, 53, 58, 2, 2, 0, 13)
19 (1, 4, 0, 76, 0, 24, 102, 63, 1, 1, 0, 31)
20 (1, 4, 0, 0, 331, 0, 150, 29, 1, 1, 0, 229)
21 (1, 4, 0, 247, 745, 0, 30, 0, 1, 1, 0, 103)
22 (1, 4, 0, 0, 593, 0, 0, 28, 0, 1, 0, 243)
23 (1, 4, 366, 90, 15, 115, 0, 60, 0, 0, 0, 4)
24 (1, 4, 80, 0, 0, 81, 0, 88, 0, 0, 0, 86)
25 (1, 4, 2, 0, 0, 79, 0, 81, 0, 0, 0, 91)
26 (1, 4, 35, 39, 0, 67, 0, 51, 0, 0, 0, 139)
27 (1, 4, 0, 51, 0, 75, 0, 67, 0, 0, 0, 42)
28 (1, 4, 9, 22, 0, 76, 0, 69, 0, 0, 0, 104)
29 (1, 4, 1, 0, 0, 74, 0, 60, 0, 0, 0, 142)
30 (1, 4, 46, 0, 0, 87, 0, 62, 0, 0, 0, 198)
31 (1, 4, 62, 8, 0, 83, 0, 62, 0, 0, 0, 233)
32 (1, 4, 69, 0, 0, 88, 0, 60, 0, 1, 0, 157)
1 (1, 4, 0, 11, 0, 86, 0, 74, 0, 1, 0, 8)
2 (1, 4, 0, 4, 0, 85, 0, 75, 1, 1, 0, 37)
3 (1, 4, 53, 11, 0, 86, 0, 76, 1, 1, 0, 183)
4 (1, 4, 13, 1, 0, 87, 0, 72, 1, 1, 0, 84)
5 (1, 4, 6, 0, 0, 86, 0, 74, 1, 1, 0, 37)
6 (1, 4, 0, 0, 0, 83, 0, 75, 1, 1, 0, 189)
7 (1, 4, 0, 0, 0, 77, 0, 85, 1, 1, 0, 5)
8 (1, 4, 0, 0, 0, 55, 0, 123, 1, 1, 0, 143)
9 (1, 4, 119, 0, 0, 81, 0, 98, 1, 1, 0, 147)
10 (1, 4, 10, 0, 0, 84, 0, 87, 2, 2, 0, 219)
11 (1, 4, 166, 0, 0, 74, 0, 46, 3, 3, 0, 7)
12 (1, 4, 394, 0, 0, 77, 1, 6, 3, 3, 0, 229)
13 (1, 4, 306, 0, 0, 36, 41, 0, 3, 4, 0, 106)
14 (1, 4, 420, 123, 227, 44, 54, 0, 4, 5, 0, 41)
15 (1, 4, 334, 120, 520, 0, 67, 0, 5, 5, 0, 136)
16 (1, 4, 46, 102, 844, 0, 18, 9, 5, 6, 0, 55)
17 (1, 4, 0, 0, 873, 0, 0, 0, 5, 10, 0, 222)
18 (1, 4, 0, 0, 421, 85, 0, 0, 6, 12, 0, 22)
19 (1, 4, 128, 72, 0, 161, 0, 0, 6, 8, 0, 26)
20 (1, 4, 0, 0, 0, 69, 0, 0, 5, 5, 0, 229)
21 (1, 4, 94, 124, 0, 41, 0, 0, 5, 4, 0, 66)
22 (1, 4, 257, 206, 0, 0, 0, 10, 5, 3, 0, 247)
23 (1, 4, 233, 79, 0, 0, 32, 8, 5, 4, 0, 200)
24 (1, 4, 77, 0, 85, 0, 80, 8, 4, 4, 0, 174)
25 (1, 4, 16, 0, 424, 0, 49, 17, 4, 5, 0, 194)
26 (1, 4, 0, 0, 608, 0, 0, 35, 4, 6, 0, 244)
27 (1, 4, 0, 0, 355, 69, 0, 0, 6, 9, 0, 90)
28 (1, 4, 288, 230, 0, 175, 0, 0, 5, 6, 0, 61)
29 (1, 4, 0, 0, 0, 107, 0, 0, 4, 5, 0, 212)
30 (1, 4, 0, 144, 0, 78, 0, 0, 4, 4, 0, 85)
31 (1, 4, 0, 221, 0, 26, 0, 0, 3, 2, 0, 0)
32 (1, 4, 0, 427, 0, 4, 0, 2, 2, 2, 0, 228)
1 (1, 4, 11, 7, 0, 86, 0, 44, 1, 1, 0, 73)
2 (1, 4, 0, 7, 0, 87, 0, 46, 1, 1, 0, 141)
3 (1, 4, 1, 5, 4, 88, 0, 47, 1, 1, 0, 202)
4 (1, 4, 0, 1, 0, 88, 0, 45, 1, 1, 0, 249)
5 (1, 4, 0, 0, 0, 89, 0, 44, 1, 1, 0, 140)
6 (1, 4, 0, 0, 0, 89, 0, 28, 1, 1, 0, 254)
7 (1, 4, 32, 21, 0, 88, 0, 41, 1, 1, 0, 240)
8 (1, 4, 256, 88, 0, 74, 0, 58, 1, 1, 0, 22)
9 (1, 4, 320, 73, 0, 57, 2, 54, 1, 1, 0, 204)
10 (1, 4, 302, 13, 0, 38, 41, 46, 2, 2, 0, 184)
11 (1, 4, 69, 0, 0, 31, 76, 32, 2, 2, 0, 24)
12 (1, 4, 51, 0, 0, 30, 75, 27, 3, 4, 0, 4)
13 (1, 4, 171, 0, 318, 17, 86, 10, 3, 4, 0, 231)
14 (1, 4, 81, 0, 714, 0, 41, 26, 4, 5, 0, 64)
15 (1, 4, 25, 0, 873, 0, 0, 31, 4, 5, 0, 79)
16 (1, 4, 0, 0, 873, 0, 0, 0, 5, 7, 0, 79)
17 (1, 4, 141, 0, 286, 175, 0, 0, 6, 8, 0, 57)
18 (1, 4, 207, 212, 0, 136, 0, 0, 5, 7, 0, 47)
19 (1, 4, 0, 20, 0, 88, 0, 0, 5, 6, 0, 143)
20 (1, 4, 0, 297, 0, 0, 0, 0, 5, 5, 0, 114)
21 (1, 4, 219, 324, 0, 0, 0, 39, 4, 4, 0, 74)
22 (1, 4, 449, 94, 0, 0, 152, 21, 4, 4, 0, 37)
23 (1, 4, 0, 12, 482, 0, 166, 0, 4, 4, 0, 157)
24 (1, 4, 0, 0, 755, 0, 0, 30, 4, 5, 0, 78)
25 (1, 4, 0, 4, 873, 0, 0, 0, 4, 5, 0, 33)
26 (1, 4, 0, 0, 0, 12, 0, 0, 9, 10, 0, 6)
27 (1, 4, 136, 536, 0, 92, 0, 0, 5, 6, 0, 50)
28 (1, 4, 0, 0, 0, 54, 0, 0, 5, 6, 0, 178)
29 (1, 4, 0, 345, 0, 51, 0, 0, 4, 4, 0, 100)
30 (1, 4, 0, 438, 0, 0, 0, 0, 3, 3, 0, 149)
31 (1, 4, 83, 410, 0, 10, 0, 0, 2, 2, 0, 138)
32 (1, 4, 215, 350, 0, 0, 0, 26, 2, 2, 0, 185)
1 (1, 4, 0, 79, 0, 48, 0, 47, 1, 1, 0, 3)
2 (1, 4, 0, 0, 0, 9, 60, 10, 3, 2, 0, 16)
3 (1, 4, 0, 23, 0, 0, 115, 61, 3, 4, 0, 59)
4 (1, 4, 0, 0, 337, 0, 43, 65, 4, 5, 0, 161)
5 (1, 4, 0, 0, 664, 0, 0, 71, 4, 6, 0, 82)
6 (1, 4, 0, 0, 757, 0, 0, 0, 4, 8, 0, 91)
7 (1, 4, 0, 0, 570, 14, 0, 0, 4, 9, 0, 217)
8 (1, 4, 363, 89, 119, 204, 0, 0, 4, 6, 0, 37)
9 (1, 4, 211, 220, 0, 106, 0, 0, 3, 5, 0, 6)
10 (1, 4, 109, 183, 0, 68, 0, 0, 4, 4, 0, 91)
11 (1, 4, 170, 253, 0, 0, 0, 1, 3, 3, 0, 249)
12 (1, 4, 169, 200, 0, 0, 0, 12, 3, 3, 0, 103)
13 (1, 4, 0, 0, 0, 0, 83, 22, 3, 3, 0, 110)
14 (1, 4, 0, 0, 364, 0, 75, 28, 3, 3, 0, 195)
15 (1, 4, 0, 0, 689, 0, 0, 29, 3, 4, 0, 190)
16 (1, 4, 0, 0, 478, 80, 0, 0, 4, 5, 0, 246)
17 (1, 4, 257, 603, 0, 190, 0, 0, 3, 4, 0, 50)
18 (1, 4, 0, 224, 0, 106, 0, 1, 3, 3, 0, 0)
19 (1, 4, 0, 296, 0, 50, 0, 0, 3, 3, 0, 209)
20 (1, 4, 0, 295, 0, 14, 0, 0, 2, 2, 0, 243)
21 (1, 4, 116, 302, 0, 0, 0, 24, 2, 2, 0, 224)
22 (1, 4, 183, 204, 0, 12, 40, 43, 2, 2, 0, 250)
23 (1, 4, 76, 129, 0, 14, 134, 32, 2, 2, 0, 39)
24 (1, 4, 104, 196, 444, 27, 140, 11, 1, 1, 0, 106)
25 (1, 4, 0, 369, 713, 0, 0, 0, 1, 1, 0, 159)
26 (1, 4, 0, 0, 462, 0, 0, 33, 1, 1, 0, 147)
27 (1, 4, 165, 0, 78, 62, 0, 21, 0, 1, 0, 26)
28 (1, 4, 0, 0, 0, 64, 0, 36, 0, 1, 0, 20)
29 (1, 4, 98, 104, 0, 60, 0, 79, 1, 1, 0, 241)
30 (1, 4, 13, 52, 63, 61, 0, 61, 0, 1, 0, 69)
31 (1, 4, 0, 0, 31, 61, 0, 66, 0, 1, 0, 74)
32 (1, 4, 8, 0, 61, 60, 0, 49, 0, 1, 0, 165)
1 (1, 4, 0, 152, 597, 6, 103, 21, 1, 1, 0, 20)
2 (1, 4, 0, 241, 827, 0, 5, 0, 1, 1, 0, 24)
3 (1, 4, 0, 0, 620, 0, 0, 69, 0, 1, 0, 167)
4 (1, 4, 873, 128, 220, 90, 0, 55, 0, 1, 0, 48)
5 (1, 4, 175, 103, 0, 80, 0, 56, 0, 1, 0, 100)
6 (1, 4, 0, 0, 61, 67, 0, 83, 0, 0, 0, 141)
7 (1, 4, 0, 0, 0, 72, 0, 57, 0, 0, 0, 20)
8 (1, 4, 0, 0, 0, 65, 0, 52, 0, 0, 0, 179)
9 (1, 4, 0, 0, 0, 68, 0, 35, 0, 0, 0, 16)
10 (1, 4, 0, 9, 0, 69, 0, 39, 0, 1, 0, 23)
11 (1, 4, 0, 8, 0, 69, 0, 35, 0, 1, 0, 215)
12 (1, 4, 0, 19, 0, 70, 0, 34, 0, 1, 0, 35)
13 (1, 4, 0, 24, 0, 72, 0, 35, 0, 1, 0, 45)
14 (1, 4, 0, 33, 0, 72, 0, 34, 0, 1, 0, 87)
15 (1, 4, 0, 13, 0, 72, 0, 36, 0, 1, 0, 48)
16 (1, 4, 41, 50, 6, 71, 0, 29, 0, 1, 0, 8)
17 (1, 4, 0, 42, 13, 76, 0, 33, 0, 1, 0, 80)
18 (1, 4, 0, 42, 0, 77, 0, 42, 0, 1, 0, 181)
19 (1, 4, 0, 41, 0, 75, 0, 38, 0, 1, 0, 176)
20 (1, 4, 0, 35, 0, 76, 0, 42, 1, 1, 0, 206)
21 (1, 4, 11, 86, 0, 81, 0, 45, 1, 1, 0, 156)
22 (1, 4, 71, 93, 0, 72, 0, 52, 0, 1, 0, 162)
23 (1, 4, 41, 52, 0, 75, 0, 55, 0, 1, 0, 184)
24 (1, 4, 29, 23, 0, 75, 0, 54, 0, 1, 0, 98)
25 (1, 4, 0, 5, 0, 75, 0, 50, 0, 1, 0, 189)
26 (1, 4, 0, 11, 0, 75, 0, 51, 0, 1, 0, 102)
27 (1, 4, 0, 13, 0, 77, 0, 51, 0, 1, 0, 147)
28 (1, 4, 3, 30, 0, 77, 0, 57, 0, 1, 0, 107)
29 (1, 4, 12, 15, 0, 78, 0, 57, 0, 1, 0, 196)
30 (1, 4, 0, 8, 1, 78, 0, 56, 0, 1, 0, 197)
31 (1, 4, 0, 3, 0, 78, 0, 56, 0, 1, 0, 58)
32 (1, 4, 0, 1, 0, 79, 0, 51, 0, 1, 0, 196)
1 (1, 4, 28, 89, 0, 84, 0, 39, 1, 1, 0, 215)
2 (1, 4, 0, 69, 0, 75, 0, 42, 1, 1, 0, 101)
3 (1, 4, 0, 74, 0, 74, 0, 49, 1, 1, 0, 148)
4 (1, 4, 62, 113, 0, 71, 0, 50, 1, 1, 0, 210)
5 (1, 4, 133, 101, 0, 75, 0, 62, 1, 1, 0, 34)
6 (1, 4, 107, 67, 0, 79, 35, 65, 1, 1, 0, 108)
7 (1, 4, 0, 0, 0, 84, 43, 65, 1, 1, 0, 244)
8 (1, 4, 0, 0, 0, 82, 26, 72, 1, 1, 0, 114)
9 (1, 4, 32, 29, 0, 89, 29, 63, 1, 1, 0, 157)
10 (1, 4, 67, 69, 0, 78, 42, 67, 1, 1, 0, 114)
11 (1, 4, 0, 0, 0, 72, 52, 67, 1, 1, 0, 18)
12 (1, 4, 0, 0, 0, 88, 60, 69, 1, 1, 0, 232)
13 (1, 4, 0, 14, 0, 68, 79, 55, 1, 1, 0, 8)
14 (1, 4, 0, 0, 26, 45, 84, 45, 2, 3, 0, 4)
15 (1, 4, 0, 0, 280, 21, 59, 36, 2, 3, 0, 27)
16 (1, 4, 0, 0, 362, 0, 17, 11, 3, 4, 0, 200)
17 (1, 4, 0, 0, 592, 58, 0, 36, 3, 4, 0, 65)
18 (1, 4, 0, 0, 391, 209, 0, 9, 3, 4, 0, 159)
19 (1, 4, 159, 205, 0, 253, 0, 11, 3, 4, 0, 243)
20 (1, 4, 283, 325, 0, 71, 0, 18, 4, 3, 0, 39)
21 (1, 4, 51, 81, 0, 42, 0, 15, 4, 3, 0, 248)
22 (1, 4, 0, 121, 0, 37, 31, 11, 4, 4, 0, 86)
23 (1, 4, 0, 152, 139, 13, 67, 0, 4, 4, 0, 117)
24 (1, 4, 0, 100, 319, 0, 41, 1, 4, 4, 0, 46)
25 (1, 4, 0, 56, 520, 0, 0, 14, 4, 4, 0, 106)
26 (1, 4, 0, 121, 682, 0, 0, 34, 4, 5, 0, 41)
27 (1, 4, 61, 378, 873, 0, 0, 46, 3, 4, 0, 68)
28 (1, 4, 0, 0, 781, 0, 0, 50, 3, 5, 0, 66)
29 (1, 4, 157, 0, 0, 0, 0, 54, 3, 4, 0, 126)
30 (1, 4, 30, 0, 0, 20, 0, 33, 3, 3, 0, 36)
31 (1, 4, 27, 0, 0, 0, 0, 0, 3, 3, 0, 231)
32 (1, 4, 0, 38, 0, 0, 0, 0, 3, 3, 0, 16)
1 (1, 4, 0, 0, 0, 52, 0, 38, 1, 1, 0, 120)
2 (1, 4, 0, 1, 0, 43, 0, 23, 1, 1, 0, 50)
3 (1, 4, 0, 120, 0, 50, 0, 38, 2, 2, 0, 178)
4 (1, 4, 97, 154, 0, 50, 13, 40, 2, 3, 0, 201)
5 (1, 4, 0, 72, 34, 32, 39, 24, 3, 3, 0, 49)
6 (1, 4, 0, 0, 217, 18, 50, 19, 3, 4, 0, 40)
7 (1, 4, 0, 0, 505, 0, 45, 16, 4, 5, 0, 74)
8 (1, 4, 0, 0, 755, 0, 0, 28, 4, 6, 0, 74)
9 (1, 4, 0, 0, 873, 0, 0, 0, 4, 7, 0, 45)
10 (1, 4, 0, 0, 384, 28, 0, 0, 4, 8, 0, 127)
11 (1, 4, 0, 93, 0, 92, 0, 0, 4, 7, 0, 127)
12 (1, 4, 92, 167, 0, 38, 0, 0, 4, 5, 0, 122)
13 (1, 4, 43, 237, 0, 0, 0, 0, 3, 4, 0, 74)
14 (1, 4, 51, 286, 0, 0, 0, 0, 3, 2, 0, 187)
15 (1, 4, 16, 388, 0, 0, 0, 0, 2, 2, 0, 178)
16 (1, 4, 78, 364, 0, 0, 0, 0, 2, 2, 0, 124)
17 (1, 4, 105, 356, 0, 24, 4, 53, 1, 1, 0, 13)
18 (1, 4, 117, 170, 0, 28, 61, 73, 1, 1, 0, 34)
19 (1, 4, 0, 0, 0, 7, 135, 53, 1, 1, 0, 174)
20 (1, 4, 0, 4, 409, 0, 109, 29, 1, 1, 0, 137)
21 (1, 4, 0, 0, 674, 0, 0, 0, 1, 0, 0, 134)
22 (1, 4, 0, 0, 180, 63, 0, 0, 1, 1, 0, 226)
23 (1, 4, 599, 210, 110, 132, 0, 7, 1, 1, 0, 180)
24 (1, 4, 11, 96, 1, 107, 0, 33, 1, 1, 0, 91)
25 (1, 4, 0, 20, 10, 97, 0, 63, 1, 1, 0, 247)
26 (1, 4, 25, 37, 0, 88, 0, 36, 1, 1, 0, 74)
27 (1, 4, 0, 64, 0, 78, 0, 42, 1, 1, 0, 105)
28 (1, 4, 31, 56, 0, 73, 0, 49, 1, 1, 0, 66)
29 (1, 4, 0, 42, 0, 74, 0, 48, 1, 1, 0, 10)
30 (1, 4, 9, 43, 0, 77, 0, 58, 1, 1, 0, 207)
31 (1, 4, 6, 24, 0, 78, 0, 57, 1, 1, 0, 169)
32 (1, 4, 6, 11, 0, 79, 0, 55, 1, 1, 0, 41)
1 (1, 4, 0, 119, 48, 43, 12, 49, 4, 5, 0, 45)
2 (1, 4, 0, 0, 87, 38, 15, 45, 4, 5, 0, 179)
3 (1, 4, 0, 0, 240, 23, 0, 65, 4, 6, 0, 55)
4 (1, 4, 0, 0, 368, 0, 6, 59, 5, 6, 0, 38)
5 (1, 4, 0, 0, 524, 0, 0, 33, 5, 6, 0, 200)
6 (1, 4, 0, 0, 798, 0, 0, 0, 5, 9, 0, 252)
7 (1, 4, 0, 0, 566, 0, 0, 0, 5, 14, 0, 245)
8 (1, 4, 44, 0, 64, 157, 0, 0, 5, 10, 0, 161)
9 (1, 4, 218, 339, 0, 69, 0, 0, 5, 6, 0, 151)
10 (1, 4, 115, 241, 0, 0, 0, 0, 4, 4, 0, 114)
11 (1, 4, 104, 294, 0, 0, 0, 0, 4, 2, 0, 137)
12 (1, 4, 103, 306, 0, 0, 0, 0, 3, 2, 0, 65)
13 (1, 4, 149, 273, 0, 0, 0, 0, 2, 1, 0, 35)
14 (1, 4, 129, 210, 0, 0, 0, 19, 2, 1, 0, 241)
15 (1, 4, 134, 259, 0, 0, 54, 69, 1, 1, 0, 13)
16 (1, 4, 200, 56, 0, 0, 189, 105, 1, 1, 0, 189)
17 (1, 4, 0, 24, 495, 0, 143, 33, 1, 1, 0, 182)
18 (1, 4, 0, 30, 547, 0, 0, 0, 1, 1, 0, 237)
19 (1, 4, 0, 0, 180, 72, 0, 6, 1, 1, 0, 184)
20 (1, 4, 76, 44, 0, 108, 0, 47, 1, 1, 0, 253)
21 (1, 4, 209, 148, 0, 92, 0, 68, 1, 1, 0, 41)
22 (1, 4, 7, 48, 0, 88, 0, 76, 1, 1, 0, 254)
23 (1, 4, 0, 20, 0, 83, 0, 72, 1, 1, 0, 96)
24 (1, 4, 0, 0, 11, 81, 0, 72, 1, 1, 0, 226)
25 (1, 4, 0, 0, 10, 80, 0, 56, 1, 1, 0, 94)
26 (1, 4, 0, 0, 0, 85, 0, 59, 1, 1, 0, 200)
27 (1, 4, 0, 11, 12, 87, 0, 56, 1, 1, 0, 25)
28 (1, 4, 0, 0, 0, 85, 0, 57, 1, 1, 0, 113)
29 (1, 4, 4, 3, 2, 82, 0, 53, 1, 1, 0, 124)
30 (1, 4, 0, 5, 0, 82, 0, 51, 1, 1, 0, 16) [FRAGMENTED]

