0 (1, 4, 0, 24, 1, 0, 0, 98, 1, 1, 0, 108)
1 (1, 4, 18, 29, 18, 0, 0, 104, 1, 1, 0, 104)
2 (1, 4, 0, 221, 46, 0, 5, 80, 1, 1, 0, 119)
3 (1, 4, 0, 47, 135, 0, 0, 62, 1, 1, 0, 68)
4 (1, 4, 0, 96, 166, 0, 0, 57, 1, 1, 0, 15)
5 (1, 4, 0, 155, 226, 0, 0, 67, 1, 1, 0, 132)
6 (1, 4, 0, 293, 357, 0, 0, 92, 1, 1, 0, 164)
7 (1, 4, 0, 113, 54, 0, 0, 71, 1, 1, 0, 68)
8 (1, 4, 0, 0, 0, 0, 0, 31, 1, 2, 0, 224)
9 (1, 4, 0, 256, 0, 0, 0, 0, 1, 2, 0, 47)
10 (1, 4, 0, 845, 96, 0, 0, 0, 2, 2, 0, 30)
11 (1, 4, 0, 703, 0, 3, 0, 0, 1, 1, 0, 136)
12 (1, 4, 39, 550, 0, 32, 0, 0, 0, 0, 0, 194)
13 (1, 4, 4, 405, 0, 57, 0, 0, 0, 0, 0, 85)
14 (1, 4, 0, 99, 0, 28, 0, 46, 0, 0, 0, 19)
15 (1, 4, 90, 0, 0, 0, 1, 80, 0, 0, 0, 148)
16 (1, 4, 0, 0, 0, 0, 136, 0, 1, 1, 0, 130)
17 (1, 4, 0, 0, 0, 0, 97, 0, 1, 1, 0, 25)
18 (1, 4, 61, 136, 87, 2, 38, 0, 1, 1, 0, 231)
19 (1, 4, 0, 0, 39, 34, 3, 0, 0, 0, 0, 57)
20 (1, 4, 28, 2, 33, 12, 33, 0, 1, 1, 0, 40)
21 (1, 4, 77, 20, 48, 0, 27, 0, 1, 1, 0, 77)
22 (1, 4, 43, 18, 47, 0, 31, 0, 1, 1, 0, 85)
23 (1, 4, 44, 11, 48, 11, 13, 0, 1, 1, 0, 144)
24 (1, 4, 0, 0, 13, 33, 20, 0, 1, 1, 0, 145)
25 (1, 4, 15, 0, 2, 26, 27, 0, 0, 0, 0, 245)
26 (1, 4, 31, 0, 0, 46, 11, 0, 0, 0, 0, 221)
27 (1, 4, 52, 0, 0, 34, 11, 0, 1, 0, 0, 158)
28 (1, 4, 35, 0, 0, 29, 19, 0, 1, 1, 0, 192)
29 (1, 4, 0, 0, 0, 18, 22, 0, 1, 1, 0, 42)
30 (1, 4, 0, 0, 0, 19, 18, 0, 1, 1, 0, 214)
31 (1, 4, 0, 0, 0, 16, 18, 0, 2, 1, 0, 81)
0 (1, 4, 0, 80, 146, 0, 0, 0, 1, 0, 0, 95)
1 (1, 4, 0, 498, 301, 0, 2, 0, 1, 0, 0, 146)
2 (1, 4, 0, 241, 306, 4, 0, 0, 2, 1, 0, 202)
3 (1, 4, 7, 406, 204, 56, 0, 0, 2, 1, 0, 199)
4 (1, 4, 352, 213, 0, 37, 0, 12, 1, 0, 0, 201)
5 (1, 4, 34, 0, 0, 0, 129, 0, 1, 0, 0, 138)
6 (1, 4, 0, 0, 0, 0, 48, 0, 1, 0, 0, 148)
7 (1, 4, 109, 176, 122, 0, 95, 0, 2, 1, 0, 164)
8 (1, 4, 116, 133, 154, 0, 0, 0, 1, 0, 0, 249)
9 (1, 4, 53, 2, 36, 7, 0, 0, 1, 0, 0, 157)
10 (1, 4, 0, 0, 0, 2, 0, 0, 0, 0, 0, 64)
11 (1, 4, 0, 0, 0, 0, 11, 0, 0, 0, 0, 52)
12 (1, 4, 0, 0, 0, 2, 16, 0, 1, 0, 0, 167)
13 (1, 4, 47, 10, 26, 1, 16, 0, 0, 0, 0, 75)
14 (1, 4, 46, 54, 55, 1, 15, 0, 0, 0, 0, 43)
15 (1, 4, 0, 17, 24, 3, 15, 0, 1, 0, 0, 131)
16 (1, 4, 0, 28, 44, 0, 11, 0, 1, 0, 0, 66)
17 (1, 4, 0, 18, 26, 2, 7, 0, 0, 0, 0, 200)
18 (1, 4, 0, 4, 10, 0, 11, 0, 1, 0, 0, 31)
19 (1, 4, 0, 4, 35, 3, 8, 0, 1, 0, 0, 99)
20 (1, 4, 89, 59, 18, 6, 2, 0, 1, 0, 0, 35)
21 (1, 4, 0, 26, 0, 19, 20, 0, 1, 0, 0, 19)
22 (1, 4, 0, 33, 0, 6, 15, 0, 1, 0, 0, 128)
23 (1, 4, 1, 9, 0, 14, 12, 0, 1, 1, 0, 231)
24 (1, 4, 20, 0, 0, 19, 14, 0, 1, 0, 0, 194)
25 (1, 4, 0, 0, 0, 22, 14, 0, 1, 1, 0, 18)
26 (1, 4, 0, 0, 0, 14, 13, 0, 1, 0, 0, 253)
27 (1, 4, 0, 0, 0, 7, 20, 0, 0, 0, 0, 69)
28 (1, 4, 0, 0, 0, 10, 20, 0, 1, 0, 0, 188)
29 (1, 4, 0, 0, 8, 5, 22, 0, 1, 0, 0, 87)
30 (1, 4, 0, 0, 12, 6, 20, 0, 0, 0, 0, 184)
31 (1, 4, 0, 5, 18, 5, 15, 0, 1, 0, 0, 233)
0 (1, 4, 0, 0, 3, 5, 21, 0, 1, 0, 0, 219)
1 (1, 4, 0, 3, 0, 3, 20, 0, 1, 0, 0, 131)
2 (1, 4, 0, 4, 0, 0, 19, 0, 0, 0, 0, 170)
3 (1, 4, 0, 0, 0, 6, 21, 0, 1, 0, 0, 65)
4 (1, 4, 0, 0, 0, 7, 22, 0, 1, 1, 0, 190)
5 (1, 4, 0, 0, 0, 10, 18, 0, 0, 0, 0, 207)
6 (1, 4, 18, 0, 0, 3, 25, 0, 1, 0, 0, 252)
7 (1, 4, 49, 57, 21, 8, 24, 0, 1, 0, 0, 153)
8 (1, 4, 256, 144, 120, 0, 8, 0, 1, 0, 0, 121)
9 (1, 4, 588, 0, 132, 0, 0, 0, 1, 0, 0, 118)
10 (1, 4, 642, 0, 254, 0, 0, 0, 1, 0, 0, 87)
11 (1, 4, 570, 0, 355, 0, 0, 0, 1, 0, 0, 176)
12 (1, 4, 564, 0, 481, 0, 0, 0, 1, 0, 0, 58)
13 (1, 4, 476, 0, 547, 0, 0, 0, 1, 1, 0, 190)
14 (1, 4, 367, 0, 240, 0, 0, 0, 0, 0, 0, 227)
15 (1, 4, 0, 211, 0, 0, 0, 0, 0, 0, 0, 69)
16 (1, 4, 0, 0, 0, 0, 0, 0, 0, 0, 0, 126)
17 (1, 4, 0, 282, 0, 0, 0, 0, 1, 0, 0, 70)
18 (1, 4, 0, 536, 59, 0, 0, 0, 0, 0, 0, 231)
19 (1, 4, 0, 430, 311, 0, 0, 0, 0, 0, 0, 101)
20 (1, 4, 0, 193, 210, 25, 0, 0, 1, 0, 0, 97)
21 (1, 4, 4, 312, 247, 19, 48, 0, 1, 0, 0, 225)
22 (1, 4, 0, 111, 0, 0, 0, 0, 3, 4, 0, 131)
23 (1, 4, 354, 0, 0, 0, 62, 0, 2, 2, 0, 100)
24 (1, 4, 0, 0, 0, 0, 67, 0, 1, 1, 0, 230)
25 (1, 4, 234, 71, 89, 0, 28, 0, 1, 1, 0, 202)
26 (1, 4, 227, 55, 50, 0, 0, 0, 1, 1, 0, 49)
27 (1, 4, 0, 0, 0, 0, 0, 0, 2, 1, 0, 209)
28 (1, 4, 19, 0, 0, 0, 0, 0, 1, 1, 0, 133)
29 (1, 4, 83, 0, 0, 0, 1, 0, 1, 1, 0, 117)
30 (1, 4, 0, 0, 0, 0, 5, 0, 2, 1, 0, 75)
31 (1, 4, 0, 0, 0, 0, 9, 0, 1, 1, 0, 207)
GLOVE DISCONNECTED
GLOVE CONNECTED
0 (1, 4, 41, 271, 134, 29, 0, 0, 0, 0, 0, 127)
1 (1, 4, 72, 138, 0, 56, 0, 0, 0, 0, 0, 190)
2 (1, 4, 238, 0, 0, 0, 0, 26, 0, 0, 0, 241)
3 (1, 4, 0, 0, 0, 0, 146, 0, 1, 1, 0, 52)
4 (1, 4, 0, 0, 0, 0, 66, 0, 0, 0, 0, 150)
5 (1, 4, 403, 272, 202, 0, 27, 0, 0, 0, 0, 73)
6 (1, 4, 0, 86, 155, 0, 0, 0, 0, 0, 0, 162)
7 (1, 4, 0, 5, 47, 0, 0, 0, 0, 0, 0, 182)
8 (1, 4, 0, 4, 42, 0, 12, 0, 0, 0, 0, 235)
9 (1, 4, 29, 20, 32, 0, 13, 0, 0, 0, 0, 198)
10 (1, 4, 42, 14, 16, 0, 14, 0, 0, 0, 0, 126)
11 (1, 4, 0, 18, 0, 0, 14, 0, 0, 0, 0, 162)
12 (1, 4, 0, 6, 0, 0, 33, 0, 0, 0, 0, 189)
13 (1, 4, 0, 6, 0, 0, 31, 0, 0, 0, 0, 229)
14 (1, 4, 0, 0, 0, 0, 16, 0, 0, 0, 0, 251)
15 (1, 4, 37, 0, 23, 0, 17, 0, 0, 0, 0, 233)
16 (1, 4, 18, 0, 7, 0, 17, 0, 0, 0, 0, 155)
17 (1, 4, 0, 0, 5, 0, 19, 0, 0, 0, 0, 186)
18 (1, 4, 0, 0, 0, 0, 19, 0, 0, 0, 0, 112)
19 (1, 4, 0, 17, 0, 0, 22, 0, 0, 0, 0, 62)
20 (1, 4, 0, 14, 0, 0, 22, 0, 0, 0, 0, 238)
21 (1, 4, 0, 9, 0, 0, 22, 0, 0, 0, 0, 236)
22 (1, 4, 0, 7, 0, 0, 26, 0, 0, 0, 0, 202)
23 (1, 4, 0, 5, 0, 0, 24, 0, 0, 0, 0, 85)
24 (1, 4, 0, 6, 0, 0, 22, 0, 0, 0, 0, 93)
25 (1, 4, 2, 7, 0, 0, 23, 0, 0, 0, 0, 141)
26 (1, 4, 0, 6, 0, 0, 23, 0, 0, 0, 0, 36)
27 (1, 4, 0, 0, 0, 0, 23, 0, 0, 0, 0, 147)
28 (1, 4, 3, 0, 0, 0, 25, 0, 0, 0, 0, 81)
29 (1, 4, 0, 0, 0, 0, 24, 0, 0, 0, 0, 58)
30 (1, 4, 0, 0, 0, 0, 25, 0, 0, 0, 0, 67)
31 (1, 4, 0, 0, 0, 0, 27, 0, 0, 0, 0, 177)
0 (1, 4, 398, 0, 232, 0, 0, 0, 0, 0, 0, 117)
1 (1, 4, 262, 0, 177, 0, 0, 0, 0, 0, 0, 188)
2 (1, 4, 229, 0, 166, 0, 0, 0, 0, 0, 0, 109)
3 (1, 4, 90, 0, 134, 0, 0, 0, 0, 0, 0, 251)
4 (1, 4, 30, 0, 178, 0, 0, 0, 0, 0, 0, 149)
5 (1, 4, 0, 0, 175, 0, 0, 0, 0, 0, 0, 40)
6 (1, 4, 0, 0, 126, 0, 0, 0, 0, 0, 0, 201)
7 (1, 4, 0, 47, 20, 0, 0, 0, 0, 0, 0, 44)
8 (1, 4, 0, 139, 0, 0, 0, 0, 1, 2, 0, 160)
9 (1, 4, 161, 298, 127, 0, 0, 0, 0, 0, 0, 120)
10 (1, 4, 254, 304, 0, 0, 0, 0, 1, 1, 0, 222)
11 (1, 4, 0, 546, 125, 0, 4, 0, 1, 1, 0, 250)
12 (1, 4, 0, 503, 173, 5, 3, 0, 1, 1, 0, 32)
13 (1, 4, 0, 428, 199, 36, 0, 0, 1, 1, 0, 66)
14 (1, 4, 84, 197, 111, 26, 0, 58, 1, 0, 0, 236)
15 (1, 4, 0, 0, 0, 0, 9, 0, 0, 0, 0, 198)
16 (1, 4, 0, 0, 0, 0, 53, 0, 0, 0, 0, 108)
17 (1, 4, 435, 136, 98, 0, 43, 0, 1, 0, 0, 225)
18 (1, 4, 0, 51, 114, 0, 0, 0, 0, 0, 0, 80)
19 (1, 4, 0, 0, 30, 14, 0, 0, 0, 0, 0, 118)
20 (1, 4, 0, 0, 0, 7, 11, 0, 1, 0, 0, 11)
21 (1, 4, 0, 0, 0, 4, 23, 0, 0, 0, 0, 239)
22 (1, 4, 0, 0, 0, 5, 29, 0, 0, 0, 0, 195)
23 (1, 4, 0, 0, 6, 3, 24, 0, 0, 0, 0, 106)
24 (1, 4, 0, 0, 0, 8, 26, 0, 0, 0, 0, 48)
25 (1, 4, 0, 0, 0, 4, 29, 0, 0, 0, 0, 220)
26 (1, 4, 5, 8, 23, 3, 30, 0, 0, 0, 0, 21)
27 (1, 4, 9, 0, 0, 1, 27, 0, 1, 0, 0, 178)
28 (1, 4, 14, 16, 16, 0, 29, 0, 0, 0, 0, 234)
29 (1, 4, 5, 5, 4, 0, 22, 0, 0, 0, 0, 237)
0 (1, 4, 0, 353, 43, 33, 0, 0, 0, 0, 0, 96)
1 (1, 4, 0, 372, 246, 51, 0, 0, 0, 0, 0, 164)
2 (1, 4, 365, 166, 0, 24, 0, 0, 0, 0, 0, 15)
3 (1, 4, 0, 0, 0, 0, 14, 0, 0, 0, 0, 174)
4 (1, 4, 99, 0, 0, 0, 65, 0, 0, 0, 0, 65)
5 (1, 4, 0, 0, 0, 0, 96, 0, 0, 0, 0, 105)
6 (1, 4, 37, 0, 57, 0, 60, 0, 0, 0, 0, 140)
7 (1, 4, 0, 79, 143, 0, 6, 0, 0, 0, 0, 245)
8 (1, 4, 0, 0, 72, 0, 0, 0, 0, 0, 0, 57)
9 (1, 4, 0, 0, 0, 0, 0, 0, 0, 0, 0, 126)
10 (1, 4, 49, 0, 0, 0, 3, 0, 0, 0, 0, 220)
11 (1, 4, 24, 0, 7, 0, 4, 0, 0, 0, 0, 232)
12 (1, 4, 7, 0, 8, 0, 4, 0, 0, 0, 0, 11)
13 (1, 4, 21, 1, 7, 0, 0, 0, 0, 0, 0, 248)
14 (1, 4, 2, 0, 0, 0, 1, 0, 0, 0, 0, 27)
15 (1, 4, 17, 0, 0, 0, 0, 0, 0, 0, 0, 144)
16 (1, 4, 20, 0, 0, 0, 0, 0, 0, 0, 0, 166)
17 (1, 4, 20, 0, 0, 0, 0, 0, 0, 0, 0, 166)
18 (1, 4, 0, 0, 0, 0, 4, 0, 0, 0, 0, 157)
19 (1, 4, 0, 0, 0, 0, 0, 0, 0, 0, 0, 126)
20 (1, 4, 0, 0, 0, 0, 0, 0, 0, 0, 0, 126)
21 (1, 4, 0, 0, 0, 0, 0, 0, 0, 0, 0, 126)
22 (1, 4, 0, 0, 0, 0, 3, 0, 0, 0, 0, 245)
23 (1, 4, 0, 0, 0, 0, 5, 0, 0, 0, 0, 228)
24 (1, 4, 3, 4, 10, 0, 2, 0, 0, 0, 0, 215)
25 (1, 4, 0, 5, 6, 0, 0, 0, 0, 0, 0, 96)
26 (1, 4, 0, 9, 5, 0, 2, 0, 0, 0, 0, 64)
27 (1, 4, 0, 17, 7, 0, 2, 0, 0, 0, 0, 189)
28 (1, 4, 0, 24, 10, 0, 1, 0, 0, 0, 0, 70)
29 (1, 4, 1, 11, 3, 0, 0, 0, 0, 0, 0, 160)
0 (1, 4, 291, 133, 124, 0, 0, 0, 1, 1, 0, 86)
1 (1, 4, 578, 163, 192, 0, 0, 0, 1, 1, 0, 247)
2 (1, 4, 633, 84, 180, 0, 0, 0, 2, 1, 0, 19)
3 (1, 4, 493, 55, 336, 0, 0, 0, 2, 1, 0, 182)
4 (1, 4, 89, 0, 305, 0, 0, 3, 1, 1, 0, 78)
5 (1, 4, 0, 0, 352, 0, 0, 0, 1, 1, 0, 47)
6 (1, 4, 0, 0, 384, 0, 0, 0, 1, 0, 0, 176)
7 (1, 4, 0, 0, 377, 0, 0, 0, 0, 0, 0, 113)
8 (1, 4, 0, 0, 400, 0, 0, 0, 1, 0, 0, 207)
9 (1, 4, 0, 155, 67, 0, 0, 0, 1, 0, 0, 87)
10 (1, 4, 0, 91, 0, 0, 0, 0, 1, 1, 0, 254)
11 (1, 4, 0, 149, 0, 0, 0, 0, 1, 0, 0, 19)
12 (1, 4, 0, 679, 22, 0, 0, 0, 1, 1, 0, 117)
13 (1, 4, 0, 733, 51, 0, 0, 0, 1, 1, 0, 191)
14 (1, 4, 0, 799, 116, 0, 0, 0, 1, 1, 0, 171)
15 (1, 4, 78, 610, 6, 33, 0, 0, 1, 1, 0, 204)
16 (1, 4, 121, 167, 0, 80, 0, 81, 1, 0, 0, 102)
17 (1, 4, 0, 0, 0, 0, 0, 101, 0, 0, 0, 48)
18 (1, 4, 0, 0, 0, 0, 15, 0, 1, 0, 0, 181)
19 (1, 4, 0, 0, 0, 0, 50, 0, 1, 1, 0, 13)
20 (1, 4, 238, 121, 107, 51, 146, 0, 1, 1, 0, 32)
21 (1, 4, 0, 132, 98, 0, 0, 0, 1, 1, 0, 134)
22 (1, 4, 39, 0, 0, 6, 0, 0, 1, 1, 0, 216)
23 (1, 4, 0, 0, 0, 1, 0, 0, 1, 1, 0, 104)
24 (1, 4, 87, 19, 0, 0, 0, 0, 1, 1, 0, 141)
25 (1, 4, 0, 60, 44, 0, 0, 0, 2, 1, 0, 7)
26 (1, 4, 31, 30, 0, 4, 0, 0, 1, 1, 0, 212)
27 (1, 4, 45, 36, 13, 6, 0, 0, 1, 1, 0, 218)
28 (1, 4, 0, 0, 0, 3, 0, 0, 1, 1, 0, 86)
0 (1, 4, 409, 288, 272, 0, 0, 0, 1, 1, 0, 251)
1 (1, 4, 545, 187, 111, 0, 0, 0, 1, 1, 0, 47)
2 (1, 4, 353, 110, 258, 0, 0, 0, 1, 1, 0, 2)
3 (1, 4, 313, 0, 383, 0, 0, 16, 2, 1, 0, 39)
4 (1, 4, 212, 0, 452, 0, 0, 0, 1, 1, 0, 58)
5 (1, 4, 0, 0, 471, 0, 0, 0, 1, 1, 0, 186)
6 (1, 4, 0, 0, 297, 0, 0, 0, 2, 2, 0, 231)
7 (1, 4, 0, 0, 193, 0, 0, 0, 2, 1, 0, 79)
8 (1, 4, 7, 86, 684, 0, 0, 0, 1, 2, 0, 226)
9 (1, 4, 440, 419, 0, 0, 0, 0, 2, 2, 0, 210)
10 (1, 4, 0, 661, 200, 0, 0, 0, 2, 1, 0, 165)
11 (1, 4, 350, 535, 337, 0, 30, 0, 1, 1, 0, 254)
12 (1, 4, 9, 650, 283, 0, 0, 0, 1, 1, 0, 62)
13 (1, 4, 0, 364, 134, 24, 0, 0, 2, 1, 0, 147)
14 (1, 4, 0, 109, 0, 78, 0, 20, 2, 2, 0, 56)
15 (1, 4, 0, 0, 0, 32, 0, 88, 1, 1, 0, 226)
16 (1, 4, 65, 0, 0, 0, 49, 0, 1, 1, 0, 1)
17 (1, 4, 172, 0, 0, 5, 35, 0, 1, 1, 0, 8)
18 (1, 4, 127, 476, 368, 0, 58, 0, 2, 2, 0, 107)
19 (1, 4, 0, 0, 49, 0, 0, 0, 1, 1, 0, 98)
20 (1, 4, 0, 0, 0, 5, 21, 0, 1, 1, 0, 11)
21 (1, 4, 55, 67, 56, 0, 0, 0, 1, 1, 0, 28)
22 (1, 4, 0, 35, 0, 0, 3, 0, 1, 1, 0, 230)
23 (1, 4, 0, 15, 0, 3, 3, 0, 1, 1, 0, 108)
24 (1, 4, 0, 9, 0, 1, 10, 0, 1, 1, 0, 93)
25 (1, 4, 9, 13, 0, 3, 12, 0, 1, 1, 0, 214)
26 (1, 4, 0, 33, 0, 0, 15, 0, 1, 1, 0, 169)
27 (1, 4, 0, 0, 18, 0, 15, 0, 1, 1, 0, 142)
28 (1, 4, 0, 8, 10, 0, 2, 0, 1, 1, 0, 165)
29 (1, 4, 21, 5, 6, 0, 5, 0, 1, 1, 0, 37)
0 (1, 4, 419, 41, 84, 0, 0, 0, 1, 1, 0, 171)
1 (1, 4, 620, 0, 124, 0, 0, 0, 1, 1, 0, 237)
2 (1, 4, 576, 0, 108, 0, 0, 0, 2, 1, 0, 187)
3 (1, 4, 513, 0, 198, 0, 0, 0, 1, 1, 0, 6)
4 (1, 4, 316, 0, 357, 0, 0, 0, 1, 1, 0, 136)
5 (1, 4, 0, 0, 476, 0, 0, 0, 2, 1, 0, 27)
6 (1, 4, 0, 0, 160, 0, 0, 0, 2, 1, 0, 222)
7 (1, 4, 0, 0, 0, 0, 0, 0, 1, 1, 0, 119)
8 (1, 4, 0, 0, 0, 0, 0, 0, 3, 3, 0, 101)
9 (1, 4, 0, 170, 0, 0, 0, 0, 3, 2, 0, 19)
10 (1, 4, 0, 279, 0, 0, 0, 0, 3, 3, 0, 227)
11 (1, 4, 0, 461, 0, 0, 0, 0, 2, 1, 0, 106)
12 (1, 4, 178, 357, 0, 0, 0, 0, 2, 2, 0, 137)
13 (1, 4, 204, 141, 0, 0, 0, 0, 1, 1, 0, 126)
14 (1, 4, 83, 54, 0, 27, 0, 40, 2, 2, 0, 102)
15 (1, 4, 270, 0, 0, 64, 0, 131, 1, 1, 0, 24)
16 (1, 4, 73, 0, 0, 131, 0, 87, 1, 1, 0, 137)
17 (1, 4, 205, 0, 0, 76, 0, 102, 3, 2, 0, 173)
18 (1, 4, 0, 0, 49, 0, 71, 0, 2, 1, 0, 182)
19 (1, 4, 0, 0, 0, 0, 0, 0, 1, 1, 0, 119)
20 (1, 4, 623, 514, 17, 0, 258, 0, 2, 2, 0, 214)
21 (1, 4, 0, 0, 74, 0, 0, 0, 2, 2, 0, 4)
22 (1, 4, 110, 83, 0, 0, 6, 0, 2, 2, 0, 93)
23 (1, 4, 0, 21, 20, 0, 4, 0, 1, 1, 0, 187)
24 (1, 4, 77, 32, 47, 0, 0, 0, 2, 1, 0, 123)
25 (1, 4, 14, 6, 10, 0, 0, 0, 2, 1, 0, 161)
26 (1, 4, 3, 6, 8, 0, 0, 0, 2, 1, 0, 200)
27 (1, 4, 8, 0, 0, 0, 0, 0, 2, 1, 0, 161)
28 (1, 4, 36, 0, 0, 0, 0, 0, 2, 1, 0, 46)
29 (1, 4, 28, 4, 0, 0, 0, 0, 1, 1, 0, 5)
30 (1, 4, 0, 0, 0, 0, 0, 0, 2, 1, 0, 209)
31 (1, 4, 49, 12, 0, 0, 0, 0, 3, 2, 0, 78)
0 (1, 4, 334, 230, 405, 0, 0, 0, 1, 1, 0, 70)
1 (1, 4, 383, 176, 452, 0, 0, 0, 2, 2, 0, 49)
2 (1, 4, 238, 0, 424, 0, 0, 13, 2, 2, 0, 205)
3 (1, 4, 0, 0, 295, 0, 0, 14, 2, 1, 0, 177)
4 (1, 4, 0, 0, 305, 0, 0, 0, 1, 1, 0, 63)
5 (1, 4, 0, 0, 544, 0, 0, 0, 3, 3, 0, 33)
6 (1, 4, 149, 68, 655, 0, 0, 0, 2, 1, 0, 89)
7 (1, 4, 75, 172, 92, 0, 0, 0, 2, 3, 0, 32)
8 (1, 4, 0, 350, 0, 0, 0, 0, 1, 1, 0, 116)
9 (1, 4, 55, 589, 122, 0, 0, 0, 2, 1, 0, 167)
10 (1, 4, 0, 668, 0, 0, 0, 0, 2, 1, 0, 21)
11 (1, 4, 301, 602, 38, 0, 10, 0, 1, 1, 0, 185)
12 (1, 4, 322, 543, 0, 0, 0, 0, 1, 1, 0, 253)
13 (1, 4, 117, 219, 0, 43, 0, 0, 1, 1, 0, 87)
14 (1, 4, 0, 0, 0, 40, 0, 122, 1, 1, 0, 2)
15 (1, 4, 0, 0, 0, 0, 0, 82, 1, 1, 0, 88)
16 (1, 4, 0, 0, 0, 0, 29, 0, 1, 1, 0, 169)
17 (1, 4, 471, 62, 0, 32, 122, 0, 2, 2, 0, 215)
18 (1, 4, 0, 243, 194, 0, 0, 0, 2, 1, 0, 13)
19 (1, 4, 193, 0, 0, 5, 0, 0, 1, 1, 0, 134)
20 (1, 4, 0, 0, 0, 3, 7, 0, 1, 1, 0, 62)
21 (1, 4, 25, 39, 78, 2, 0, 0, 1, 1, 0, 33)
22 (1, 4, 10, 0, 0, 0, 0, 0, 2, 1, 0, 189)
23 (1, 4, 0, 0, 0, 4, 0, 0, 1, 1, 0, 11)
24 (1, 4, 0, 0, 0, 1, 0, 0, 1, 1, 0, 104)
25 (1, 4, 24, 0, 0, 3, 0, 0, 2, 1, 0, 96)
26 (1, 4, 7, 0, 5, 3, 0, 0, 2, 1, 0, 16)
27 (1, 4, 0, 0, 0, 0, 0, 0, 2, 1, 0, 209)
28 (1, 4, 9, 0, 0, 0, 0, 0, 2, 1, 0, 175)
29 (1, 4, 17, 0, 10, 0, 0, 0, 2, 1, 0, 172)
0 (1, 4, 7, 15, 11, 0, 0, 0, 3, 3, 0, 249)
1 (1, 4, 6, 8, 6, 0, 0, 0, 4, 4, 0, 188)
2 (1, 4, 17, 6, 6, 0, 0, 0, 2, 1, 0, 249)
3 (1, 4, 0, 0, 0, 0, 0, 0, 2, 1, 0, 209)
4 (1, 4, 1, 0, 0, 0, 0, 0, 2, 1, 0, 223)
5 (1, 4, 0, 2, 3, 0, 0, 0, 2, 1, 0, 7)
6 (1, 4, 0, 1, 1, 0, 0, 0, 2, 1, 0, 240)
7 (1, 4, 5, 2, 1, 0, 0, 0, 2, 1, 0, 30)
8 (1, 4, 30, 13, 11, 0, 0, 0, 2, 1, 0, 190)
9 (1, 4, 90, 77, 22, 0, 0, 0, 2, 1, 0, 133)
10 (1, 4, 255, 169, 89, 0, 0, 0, 2, 1, 0, 89)
11 (1, 4, 537, 214, 224, 0, 0, 19, 3, 3, 0, 234)
12 (1, 4, 873, 149, 500, 0, 20, 9, 2, 2, 0, 142)
13 (1, 4, 217, 0, 611, 0, 0, 0, 2, 1, 0, 215)
14 (1, 4, 15, 0, 367, 0, 0, 0, 2, 1, 0, 138)
15 (1, 4, 0, 67, 115, 0, 0, 0, 1, 1, 0, 237)
16 (1, 4, 0, 0, 0, 0, 0, 0, 2, 1, 0, 209)
17 (1, 4, 0, 0, 31, 0, 0, 0, 2, 1, 0, 247)
18 (1, 4, 0, 115, 0, 0, 0, 0, 1, 1, 0, 143)
19 (1, 4, 237, 165, 0, 0, 0, 0, 2, 3, 0, 182)
20 (1, 4, 0, 206, 0, 0, 0, 0, 2, 1, 0, 87)
21 (1, 4, 0, 561, 0, 0, 0, 0, 2, 1, 0, 10)
22 (1, 4, 24, 613, 0, 0, 0, 0, 1, 1, 0, 4)
23 (1, 4, 69, 517, 0, 24, 0, 9, 1, 1, 0, 80)
24 (1, 4, 38, 310, 0, 66, 0, 29, 1, 1, 0, 29)
25 (1, 4, 98, 130, 0, 59, 0, 82, 1, 1, 0, 161)
26 (1, 4, 107, 0, 0, 24, 0, 166, 1, 1, 0, 179)
27 (1, 4, 0, 0, 0, 0, 0, 128, 1, 0, 0, 150)
28 (1, 4, 0, 0, 0, 0, 0, 11, 1, 1, 0, 251)
29 (1, 4, 0, 0, 0, 0, 79, 0, 3, 3, 0, 214)
30 (1, 4, 344, 0, 0, 0, 28, 0, 2, 1, 0, 109)
31 (1, 4, 0, 0, 118, 0, 39, 0, 2, 1, 0, 191)
0 (1, 4, 0, 0, 0, 30, 0, 64, 1, 1, 0, 127)
1 (1, 4, 0, 0, 0, 0, 0, 49, 1, 1, 0, 218)
2 (1, 4, 0, 0, 0, 0, 0, 25, 1, 1, 0, 145)
3 (1, 4, 0, 0, 0, 0, 98, 0, 2, 2, 0, 137)
4 (1, 4, 427, 0, 0, 0, 63, 0, 3, 2, 0, 157)
5 (1, 4, 0, 233, 247, 0, 51, 0, 3, 2, 0, 37)
6 (1, 4, 16, 0, 23, 0, 0, 0, 2, 1, 0, 171)
7 (1, 4, 0, 0, 0, 0, 6, 0, 1, 1, 0, 102)
8 (1, 4, 0, 32, 0, 0, 0, 0, 1, 1, 0, 181)
9 (1, 4, 37, 0, 13, 0, 4, 0, 1, 1, 0, 19)
10 (1, 4, 0, 14, 1, 0, 0, 0, 1, 1, 0, 231)
11 (1, 4, 21, 0, 0, 0, 2, 0, 1, 1, 0, 83)
12 (1, 4, 10, 0, 0, 0, 5, 0, 1, 1, 0, 129)
13 (1, 4, 0, 0, 16, 0, 0, 0, 1, 1, 0, 8)
14 (1, 4, 14, 0, 20, 0, 0, 0, 1, 1, 0, 2)
15 (1, 4, 11, 0, 15, 0, 0, 0, 1, 1, 0, 76)
16 (1, 4, 0, 0, 29, 0, 0, 0, 1, 1, 0, 126)
17 (1, 4, 12, 3, 14, 0, 0, 0, 1, 1, 0, 42)
18 (1, 4, 0, 0, 9, 0, 0, 0, 1, 1, 0, 95)
19 (1, 4, 3, 0, 1, 0, 0, 0, 1, 1, 0, 241)
20 (1, 4, 15, 0, 1, 0, 0, 0, 1, 1, 0, 185)
21 (1, 4, 0, 12, 0, 0, 0, 0, 1, 1, 0, 30)
22 (1, 4, 3, 0, 0, 0, 0, 0, 1, 1, 0, 101)
23 (1, 4, 0, 1, 0, 0, 0, 0, 1, 1, 0, 194)
24 (1, 4, 0, 0, 0, 0, 0, 0, 1, 1, 0, 119)
25 (1, 4, 0, 0, 0, 0, 0, 0, 1, 1, 0, 119)
26 (1, 4, 0, 0, 0, 0, 0, 0, 1, 1, 0, 119)
27 (1, 4, 1, 0, 0, 0, 0, 0, 1, 1, 0, 121)
28 (1, 4, 0, 0, 0, 0, 0, 0, 1, 1, 0, 119)
29 (1, 4, 3, 0, 0, 0, 0, 0, 1, 1, 0, 101)
0 (1, 4, 148, 577, 0, 0, 0, 0, 2, 1, 0, 231)
1 (1, 4, 100, 406, 0, 25, 0, 0, 2, 1, 0, 133)
2 (1, 4, 30, 250, 0, 33, 0, 0, 2, 2, 0, 209)
3 (1, 4, 47, 151, 0, 43, 0, 21, 2, 2, 0, 218)
4 (1, 4, 11, 0, 0, 26, 0, 61, 1, 1, 0, 22)
5 (1, 4, 277, 0, 0, 44, 0, 182, 1, 1, 0, 250)
6 (1, 4, 3, 0, 0, 13, 11, 48, 3, 2, 0, 191)
7 (1, 4, 0, 0, 0, 0, 145, 0, 1, 1, 0, 191)
8 (1, 4, 392, 148, 40, 0, 110, 0, 0, 0, 0, 38)
9 (1, 4, 173, 118, 81, 26, 31, 0, 0, 0, 0, 112)
10 (1, 4, 0, 107, 155, 52, 0, 0, 0, 0, 0, 191)
11 (1, 4, 0, 0, 19, 23, 0, 0, 0, 0, 0, 16)
12 (1, 4, 0, 0, 2, 9, 11, 0, 0, 0, 0, 252)
13 (1, 4, 0, 0, 9, 16, 7, 0, 0, 0, 0, 201)
14 (1, 4, 0, 0, 3, 27, 3, 0, 0, 0, 0, 96)
15 (1, 4, 0, 0, 2, 21, 9, 0, 0, 0, 0, 125)
16 (1, 4, 0, 0, 0, 12, 12, 0, 0, 0, 0, 216)
17 (1, 4, 0, 0, 0, 11, 18, 0, 0, 0, 0, 208)
18 (1, 4, 0, 22, 1, 16, 19, 0, 0, 0, 0, 197)
19 (1, 4, 0, 49, 11, 19, 14, 0, 0, 0, 0, 105)
20 (1, 4, 0, 27, 0, 28, 13, 0, 0, 0, 0, 92)
21 (1, 4, 9, 24, 0, 28, 16, 0, 0, 0, 0, 36)
22 (1, 4, 0, 19, 0, 31, 19, 0, 0, 0, 0, 155)
23 (1, 4, 0, 3, 0, 25, 21, 0, 0, 0, 0, 169)
24 (1, 4, 0, 0, 0, 22, 27, 0, 0, 0, 0, 4)
25 (1, 4, 0, 0, 11, 20, 28, 0, 0, 0, 0, 85)
26 (1, 4, 7, 18, 16, 27, 21, 0, 0, 0, 0, 22)
27 (1, 4, 11, 18, 16, 28, 20, 0, 0, 0, 0, 122)
28 (1, 4, 3, 13, 17, 28, 17, 0, 0, 0, 0, 212)
29 (1, 4, 0, 0, 12, 29, 16, 0, 0, 0, 0, 117)
30 (1, 4, 6, 1, 4, 28, 17, 0, 0, 0, 0, 62)
31 (1, 4, 0, 0, 0, 27, 20, 0, 0, 0, 0, 54)
0 (1, 4, 0, 14, 4, 31, 20, 0, 0, 0, 0, 16)
1 (1, 4, 0, 19, 2, 30, 18, 0, 0, 0, 0, 210)
2 (1, 4, 0, 4, 0, 30, 19, 0, 0, 0, 0, 231)
3 (1, 4, 48, 15, 0, 31, 14, 0, 0, 0, 0, 106)
4 (1, 4, 233, 85, 51, 31, 0, 0, 0, 0, 0, 190)
5 (1, 4, 706, 98, 89, 15, 0, 0, 0, 0, 0, 223)
6 (1, 4, 873, 156, 325, 0, 0, 0, 1, 0, 0, 79)
7 (1, 4, 873, 0, 609, 0, 0, 0, 2, 2, 0, 113)
8 (1, 4, 283, 62, 657, 0, 12, 14, 0, 0, 0, 253)
9 (1, 4, 98, 0, 571, 0, 0, 0, 0, 0, 0, 16)
10 (1, 4, 352, 124, 734, 0, 0, 0, 2, 2, 0, 107)
11 (1, 4, 0, 539, 282, 0, 0, 48, 5, 5, 0, 87)
12 (1, 4, 0, 121, 0, 0, 0, 94, 0, 0, 0, 232)
13 (1, 4, 0, 0, 0, 0, 0, 56, 0, 0, 0, 230)
14 (1, 4, 0, 188, 0, 0, 0, 0, 0, 0, 0, 181)
15 (1, 4, 0, 831, 0, 0, 0, 0, 0, 0, 0, 68)
16 (1, 4, 0, 785, 0, 0, 0, 0, 0, 0, 0, 130)
17 (1, 4, 0, 538, 0, 0, 0, 39, 0, 0, 0, 190)
18 (1, 4, 165, 0, 0, 0, 0, 178, 0, 0, 0, 219)
19 (1, 4, 74, 0, 0, 0, 0, 189, 0, 0, 0, 35)
20 (1, 4, 0, 0, 0, 0, 54, 0, 1, 1, 0, 238)
21 (1, 4, 27, 0, 0, 0, 271, 0, 1, 0, 0, 36)
22 (1, 4, 582, 333, 113, 0, 67, 0, 1, 1, 0, 27)
23 (1, 4, 0, 43, 61, 28, 0, 0, 1, 0, 0, 49)
24 (1, 4, 65, 24, 121, 0, 0, 0, 0, 0, 0, 121)
25 (1, 4, 113, 117, 106, 0, 0, 0, 0, 0, 0, 7)
26 (1, 4, 32, 97, 62, 0, 0, 0, 1, 0, 0, 99)
27 (1, 4, 0, 64, 46, 0, 11, 0, 0, 0, 0, 132)
28 (1, 4, 0, 13, 48, 0, 2, 0, 0, 0, 0, 209)
29 (1, 4, 0, 0, 28, 1, 3, 0, 1, 0, 0, 21)
30 (1, 4, 0, 0, 25, 2, 2, 0, 0, 0, 0, 229)
31 (1, 4, 0, 0, 1, 5, 1, 0, 0, 0, 0, 240)
0 (1, 4, 6, 0, 15, 1, 10, 0, 0, 0, 0, 47)
1 (1, 4, 4, 3, 14, 5, 8, 0, 1, 0, 0, 147)
2 (1, 4, 1, 0, 0, 5, 11, 0, 1, 0, 0, 59)
3 (1, 4, 0, 0, 0, 1, 14, 0, 0, 0, 0, 177)
4 (1, 4, 13, 0, 15, 4, 13, 0, 0, 0, 0, 70)
5 (1, 4, 137, 38, 39, 0, 0, 0, 1, 0, 0, 25)
6 (1, 4, 630, 0, 12, 0, 0, 0, 0, 0, 0, 18)
7 (1, 4, 873, 0, 93, 0, 0, 0, 0, 0, 0, 186)
8 (1, 4, 873, 8, 313, 0, 0, 0, 1, 0, 0, 109)
9 (1, 4, 873, 7, 435, 0, 0, 0, 0, 0, 0, 220)
10 (1, 4, 754, 11, 397, 0, 0, 21, 0, 1, 0, 126)
11 (1, 4, 0, 0, 117, 0, 0, 45, 1, 0, 0, 77)
12 (1, 4, 0, 0, 0, 0, 0, 4, 1, 1, 0, 2)
13 (1, 4, 0, 301, 132, 0, 0, 0, 1, 1, 0, 35)
14 (1, 4, 0, 380, 313, 0, 0, 0, 1, 1, 0, 47)
15 (1, 4, 0, 336, 316, 0, 0, 0, 1, 1, 0, 78)
16 (1, 4, 0, 207, 246, 84, 0, 0, 2, 1, 0, 70)
17 (1, 4, 475, 73, 0, 65, 0, 0, 1, 1, 0, 36)
18 (1, 4, 293, 0, 0, 0, 22, 0, 2, 1, 0, 182)
19 (1, 4, 0, 0, 0, 0, 128, 0, 1, 1, 0, 67)
20 (1, 4, 150, 199, 89, 0, 45, 32, 1, 1, 0, 125)
21 (1, 4, 0, 10, 156, 0, 10, 0, 1, 1, 0, 246)
22 (1, 4, 0, 51, 108, 0, 0, 0, 1, 1, 0, 235)
23 (1, 4, 55, 36, 50, 0, 20, 0, 1, 1, 0, 170)
24 (1, 4, 64, 42, 41, 0, 16, 0, 1, 1, 0, 177)
25 (1, 4, 99, 64, 42, 0, 17, 0, 1, 1, 0, 57)
26 (1, 4, 69, 45, 14, 0, 16, 0, 1, 1, 0, 158)
27 (1, 4, 25, 15, 17, 0, 17, 0, 1, 1, 0, 79)
28 (1, 4, 0, 0, 12, 0, 13, 0, 1, 1, 0, 206)
29 (1, 4, 0, 0, 11, 0, 12, 0, 1, 1, 0, 82)
30 (1, 4, 0, 0, 10, 0, 14, 0, 1, 1, 0, 52)
31 (1, 4, 0, 0, 1, 0, 12, 0, 1, 1, 0, 193)
0 (1, 4, 0, 3, 13, 0, 12, 0, 1, 1, 0, 251)
1 (1, 4, 5, 1, 12, 0, 15, 0, 1, 1, 0, 191)
2 (1, 4, 0, 2, 13, 0, 17, 0, 1, 1, 0, 144)
3 (1, 4, 13, 12, 27, 0, 20, 0, 1, 1, 0, 70)
4 (1, 4, 14, 30, 49, 0, 19, 0, 1, 1, 0, 93)
5 (1, 4, 55, 88, 78, 0, 18, 0, 1, 1, 0, 106)
6 (1, 4, 152, 163, 159, 0, 23, 0, 1, 1, 0, 211)
7 (1, 4, 340, 279, 314, 0, 15, 0, 1, 0, 0, 47)
8 (1, 4, 574, 131, 432, 0, 0, 0, 2, 2, 0, 239)
9 (1, 4, 873, 0, 520, 0, 0, 0, 1, 1, 0, 71)
10 (1, 4, 873, 0, 572, 0, 0, 0, 1, 1, 0, 152)
11 (1, 4, 873, 0, 630, 0, 0, 0, 1, 0, 0, 155)
12 (1, 4, 702, 253, 580, 0, 0, 0, 0, 0, 0, 254)
13 (1, 4, 177, 447, 45, 0, 0, 45, 1, 0, 0, 191)
14 (1, 4, 0, 517, 0, 0, 0, 10, 2, 2, 0, 157)
15 (1, 4, 0, 585, 0, 0, 0, 0, 1, 1, 0, 63)
16 (1, 4, 0, 597, 0, 0, 0, 0, 1, 1, 0, 55)
17 (1, 4, 0, 679, 0, 0, 0, 0, 4, 3, 0, 64)
18 (1, 4, 0, 262, 0, 0, 0, 0, 2, 1, 0, 131)
19 (1, 4, 0, 292, 167, 74, 0, 0, 1, 0, 0, 24)
20 (1, 4, 267, 179, 0, 104, 0, 0, 1, 0, 0, 194)
21 (1, 4, 71, 0, 0, 105, 0, 0, 1, 0, 0, 100)
22 (1, 4, 146, 0, 0, 0, 0, 21, 0, 0, 0, 238)
23 (1, 4, 179, 0, 0, 0, 1, 0, 1, 0, 0, 69)
24 (1, 4, 118, 0, 0, 0, 55, 0, 1, 1, 0, 29)
25 (1, 4, 133, 167, 159, 4, 69, 0, 1, 1, 0, 190)
26 (1, 4, 0, 117, 236, 0, 0, 0, 4, 3, 0, 21)
27 (1, 4, 32, 0, 0, 0, 0, 0, 1, 1, 0, 176)
28 (1, 4, 0, 0, 0, 0, 2, 0, 1, 1, 0, 133)
29 (1, 4, 38, 16, 38, 0, 0, 0, 1, 1, 0, 122)
30 (1, 4, 0, 13, 0, 0, 0, 0, 1, 1, 0, 171)
31 (1, 4, 23, 0, 0, 0, 0, 0, 1, 1, 0, 189)
0 (1, 4, 2, 0, 0, 0, 0, 0, 1, 1, 0, 107)
1 (1, 4, 0, 0, 0, 0, 0, 0, 1, 1, 0, 119)
2 (1, 4, 0, 28, 0, 0, 0, 0, 1, 1, 0, 127)
3 (1, 4, 0, 68, 17, 0, 0, 0, 1, 1, 0, 197)
4 (1, 4, 41, 142, 67, 0, 0, 0, 1, 1, 0, 139)
5 (1, 4, 177, 199, 85, 0, 0, 0, 1, 1, 0, 133)
6 (1, 4, 500, 202, 78, 0, 0, 0, 1, 1, 0, 156)
7 (1, 4, 545, 81, 120, 0, 0, 0, 1, 1, 0, 43)
8 (1, 4, 295, 23, 138, 0, 0, 0, 2, 1, 0, 63)
9 (1, 4, 378, 0, 249, 0, 0, 0, 2, 1, 0, 178)
10 (1, 4, 509, 0, 355, 0, 0, 18, 1, 1, 0, 1)
11 (1, 4, 597, 0, 454, 0, 0, 0, 1, 1, 0, 10)
12 (1, 4, 53, 0, 456, 0, 0, 1, 2, 1, 0, 244)
13 (1, 4, 0, 0, 419, 0, 0, 35, 1, 1, 0, 89)
14 (1, 4, 95, 0, 376, 0, 0, 42, 1, 1, 0, 45)
15 (1, 4, 0, 0, 293, 0, 0, 23, 1, 0, 0, 181)
16 (1, 4, 0, 24, 282, 0, 0, 18, 1, 0, 0, 21)
17 (1, 4, 0, 0, 205, 0, 0, 39, 1, 1, 0, 185)
18 (1, 4, 126, 0, 184, 0, 0, 18, 1, 1, 0, 43)
19 (1, 4, 33, 64, 86, 0, 0, 33, 1, 1, 0, 182)
20 (1, 4, 0, 29, 0, 0, 0, 19, 1, 1, 0, 127)
21 (1, 4, 0, 46, 0, 0, 0, 36, 1, 1, 0, 101)
22 (1, 4, 158, 52, 0, 0, 0, 12, 1, 1, 0, 48)
23 (1, 4, 0, 177, 0, 0, 0, 0, 1, 1, 0, 96)
24 (1, 4, 106, 178, 0, 0, 0, 0, 1, 1, 0, 154)
25 (1, 4, 72, 315, 0, 0, 0, 0, 2, 1, 0, 5)
26 (1, 4, 0, 340, 0, 0, 0, 0, 2, 1, 0, 12)
27 (1, 4, 0, 596, 0, 0, 0, 0, 1, 1, 0, 130)
28 (1, 4, 0, 709, 0, 0, 0, 0, 2, 1, 0, 241)
29 (1, 4, 0, 613, 26, 0, 0, 0, 2, 1, 0, 222)
30 (1, 4, 0, 460, 50, 0, 0, 0, 1, 1, 0, 215)
31 (1, 4, 0, 289, 16, 12, 0, 0, 1, 1, 0, 30)
0 (1, 4, 0, 25, 6, 0, 25, 0, 1, 1, 0, 92)
1 (1, 4, 23, 24, 8, 0, 25, 0, 1, 1, 0, 238)
2 (1, 4, 5, 12, 0, 0, 27, 0, 1, 1, 0, 231)
3 (1, 4, 34, 24, 2, 0, 28, 0, 1, 1, 0, 246)
4 (1, 4, 51, 28, 5, 0, 22, 0, 1, 1, 0, 20)
5 (1, 4, 173, 41, 35, 0, 3, 0, 1, 1, 0, 233)
6 (1, 4, 401, 0, 0, 0, 0, 0, 2, 1, 0, 40)
7 (1, 4, 699, 0, 0, 0, 0, 0, 2, 1, 0, 133)
8 (1, 4, 873, 0, 0, 0, 0, 0, 2, 1, 0, 231)
9 (1, 4, 873, 0, 44, 0, 0, 0, 1, 1, 0, 93)
10 (1, 4, 873, 0, 125, 0, 0, 0, 2, 1, 0, 235)
11 (1, 4, 437, 0, 204, 0, 0, 18, 1, 1, 0, 243)
12 (1, 4, 309, 163, 386, 0, 0, 43, 1, 1, 0, 209)
13 (1, 4, 482, 351, 425, 0, 0, 62, 1, 1, 0, 170)
14 (1, 4, 0, 446, 239, 0, 0, 77, 2, 2, 0, 135)
15 (1, 4, 0, 27, 0, 0, 0, 146, 1, 1, 0, 157)
16 (1, 4, 0, 0, 0, 0, 0, 42, 1, 1, 0, 133)
17 (1, 4, 0, 246, 0, 0, 0, 0, 1, 1, 0, 225)
18 (1, 4, 0, 578, 0, 0, 0, 0, 1, 1, 0, 84)
19 (1, 4, 0, 849, 0, 0, 0, 0, 1, 1, 0, 8)
20 (1, 4, 58, 812, 0, 0, 0, 0, 1, 1, 0, 191)
21 (1, 4, 39, 690, 0, 0, 0, 0, 1, 1, 0, 152)
22 (1, 4, 0, 558, 0, 0, 0, 0, 1, 1, 0, 124)
23 (1, 4, 0, 325, 0, 9, 0, 23, 1, 0, 0, 50)
24 (1, 4, 0, 0, 0, 9, 0, 23, 1, 1, 0, 80)
25 (1, 4, 0, 0, 0, 9, 0, 15, 2, 1, 0, 207)
26 (1, 4, 0, 0, 0, 0, 9, 1, 1, 1, 0, 16)
27 (1, 4, 34, 0, 0, 0, 4, 0, 2, 1, 0, 233)
28 (1, 4, 12, 0, 0, 0, 42, 0, 3, 2, 0, 120)
29 (1, 4, 0, 0, 0, 0, 138, 0, 2, 1, 0, 214)
30 (1, 4, 38, 0, 0, 0, 80, 0, 1, 0, 0, 96)
31 (1, 4, 63, 3, 47, 6, 38, 0, 1, 0, 0, 64)
0 (1, 4, 265, 72, 320, 0, 0, 54, 2, 1, 0, 133)
1 (1, 4, 359, 169, 358, 0, 0, 50, 1, 1, 0, 54)
2 (1, 4, 270, 229, 282, 0, 0, 72, 2, 1, 0, 182)
3 (1, 4, 143, 0, 0, 0, 0, 134, 3, 2, 0, 7)
4 (1, 4, 127, 0, 0, 0, 0, 85, 2, 1, 0, 25)
5 (1, 4, 0, 0, 0, 0, 0, 68, 2, 1, 0, 225)
6 (1, 4, 0, 356, 0, 0, 0, 5, 2, 1, 0, 5)
7 (1, 4, 0, 873, 0, 0, 0, 0, 1, 1, 0, 24)
8 (1, 4, 0, 873, 0, 0, 0, 0, 3, 2, 0, 97)
9 (1, 4, 0, 873, 0, 0, 0, 0, 2, 1, 0, 190)
10 (1, 4, 0, 630, 0, 0, 0, 0, 1, 1, 0, 45)
11 (1, 4, 0, 365, 0, 3, 0, 0, 1, 1, 0, 46)
12 (1, 4, 0, 121, 0, 15, 0, 5, 1, 1, 0, 94)
13 (1, 4, 0, 0, 0, 19, 0, 0, 1, 1, 0, 161)
14 (1, 4, 0, 0, 0, 4, 0, 11, 2, 2, 0, 156)
15 (1, 4, 0, 0, 0, 0, 0, 14, 2, 1, 0, 247)
16 (1, 4, 0, 0, 0, 0, 60, 0, 3, 2, 0, 164)
17 (1, 4, 0, 0, 0, 0, 151, 0, 1, 0, 0, 197)
18 (1, 4, 166, 9, 0, 0, 67, 0, 1, 1, 0, 22)
19 (1, 4, 0, 114, 68, 0, 7, 0, 1, 1, 0, 247)
20 (1, 4, 225, 171, 0, 0, 23, 0, 1, 1, 0, 103)
21 (1, 4, 47, 134, 0, 0, 46, 0, 1, 0, 0, 234)
22 (1, 4, 0, 78, 0, 0, 23, 0, 1, 1, 0, 29)
23 (1, 4, 0, 27, 0, 0, 26, 0, 1, 0, 0, 160)
24 (1, 4, 0, 0, 0, 0, 22, 0, 1, 0, 0, 136)
25 (1, 4, 32, 0, 0, 0, 35, 0, 1, 0, 0, 93)
26 (1, 4, 0, 3, 10, 0, 30, 0, 1, 0, 0, 2)
27 (1, 4, 21, 0, 4, 0, 24, 0, 1, 0, 0, 208)
28 (1, 4, 0, 0, 14, 0, 32, 0, 1, 0, 0, 220)
29 (1, 4, 0, 0, 13, 0, 23, 0, 1, 0, 0, 135)
0 (1, 4, 792, 0, 2, 0, 0, 0, 1, 1, 0, 206)
1 (1, 4, 760, 0, 109, 0, 0, 0, 1, 1, 0, 203)
2 (1, 4, 508, 0, 213, 0, 0, 0, 1, 1, 0, 57)
3 (1, 4, 204, 0, 327, 0, 0, 19, 1, 0, 0, 62)
4 (1, 4, 37, 0, 426, 0, 0, 24, 1, 0, 0, 21)
5 (1, 4, 0, 0, 537, 0, 0, 24, 1, 0, 0, 200)
6 (1, 4, 0, 255, 686, 0, 0, 0, 1, 0, 0, 244)
7 (1, 4, 0, 540, 457, 0, 0, 0, 1, 0, 0, 166)
8 (1, 4, 0, 292, 170, 0, 0, 0, 1, 1, 0, 22)
9 (1, 4, 0, 122, 0, 0, 0, 0, 1, 1, 0, 137)
10 (1, 4, 0, 555, 0, 0, 0, 0, 1, 1, 0, 19)
11 (1, 4, 32, 847, 0, 0, 0, 0, 1, 0, 0, 193)
12 (1, 4, 32, 873, 0, 0, 0, 0, 1, 0, 0, 180)
13 (1, 4, 122, 716, 0, 0, 0, 0, 0, 0, 0, 154)
14 (1, 4, 97, 406, 0, 0, 0, 0, 0, 0, 0, 12)
15 (1, 4, 0, 187, 0, 7, 0, 0, 1, 0, 0, 136)
16 (1, 4, 0, 23, 0, 9, 0, 9, 0, 0, 0, 207)
17 (1, 4, 0, 0, 0, 0, 0, 87, 1, 0, 0, 153)
18 (1, 4, 0, 0, 0, 0, 34, 0, 0, 0, 0, 129)
19 (1, 4, 120, 0, 0, 0, 166, 0, 1, 0, 0, 234)
20 (1, 4, 161, 34, 103, 35, 43, 0, 1, 0, 0, 0)
21 (1, 4, 23, 19, 93, 21, 0, 0, 0, 0, 0, 107)
22 (1, 4, 5, 44, 0, 0, 11, 0, 0, 0, 0, 169)
23 (1, 4, 0, 77, 0, 0, 16, 0, 1, 0, 0, 198)
24 (1, 4, 0, 14, 0, 0, 14, 0, 0, 0, 0, 170)
25 (1, 4, 0, 0, 0, 3, 21, 0, 0, 0, 0, 64)
26 (1, 4, 0, 0, 0, 6, 18, 0, 0, 0, 0, 75)
27 (1, 4, 0, 0, 2, 3, 25, 0, 0, 0, 0, 77)
28 (1, 4, 0, 0, 0, 0, 23, 0, 0, 0, 0, 147)
29 (1, 4, 0, 0, 3, 0, 23, 0, 0, 0, 0, 40)
30 (1, 4, 0, 0, 0, 1, 24, 0, 1, 0, 0, 71)
31 (1, 4, 0, 0, 0, 0, 24, 0, 0, 0, 0, 58)
0 (1, 4, 0, 6, 6, 0, 37, 0, 0, 0, 0, 47)
1 (1, 4, 0, 5, 4, 0, 31, 0, 0, 0, 0, 99)
2 (1, 4, 4, 0, 9, 0, 29, 0, 1, 0, 0, 210)
3 (1, 4, 0, 0, 2, 0, 27, 0, 0, 0, 0, 158)
4 (1, 4, 0, 0, 2, 0, 29, 0, 0, 0, 0, 143)
5 (1, 4, 0, 0, 5, 0, 29, 0, 1, 0, 0, 8)
6 (1, 4, 10, 11, 19, 0, 21, 0, 0, 0, 0, 162)
7 (1, 4, 242, 107, 163, 0, 0, 0, 0, 0, 0, 71)
8 (1, 4, 836, 166, 297, 0, 0, 0, 1, 0, 0, 84)
9 (1, 4, 873, 0, 323, 0, 0, 0, 0, 0, 0, 85)
10 (1, 4, 706, 0, 388, 0, 0, 0, 0, 0, 0, 8)
11 (1, 4, 546, 0, 438, 0, 0, 0, 1, 1, 0, 244)
12 (1, 4, 361, 0, 552, 0, 0, 0, 1, 1, 0, 189)
13 (1, 4, 131, 116, 828, 0, 2, 0, 0, 0, 0, 245)
14 (1, 4, 44, 198, 699, 0, 0, 0, 1, 0, 0, 107)
15 (1, 4, 92, 221, 571, 0, 0, 0, 2, 1, 0, 243)
16 (1, 4, 0, 310, 0, 0, 0, 4, 3, 2, 0, 138)
17 (1, 4, 0, 302, 0, 0, 0, 0, 2, 2, 0, 79)
18 (1, 4, 0, 383, 0, 0, 0, 0, 2, 1, 0, 165)
19 (1, 4, 0, 781, 0, 0, 0, 0, 1, 1, 0, 131)
20 (1, 4, 0, 802, 0, 0, 0, 0, 0, 0, 0, 249)
21 (1, 4, 0, 463, 0, 0, 0, 0, 0, 0, 0, 168)
22 (1, 4, 0, 289, 0, 0, 0, 0, 1, 0, 0, 142)
23 (1, 4, 0, 21, 0, 13, 0, 0, 0, 0, 0, 235)
24 (1, 4, 304, 0, 0, 54, 0, 1, 2, 2, 0, 202)
25 (1, 4, 102, 0, 0, 13, 0, 0, 2, 1, 0, 32)
26 (1, 4, 0, 0, 0, 0, 0, 0, 1, 1, 0, 119)
27 (1, 4, 0, 0, 0, 0, 20, 0, 2, 2, 0, 10)
28 (1, 4, 293, 0, 0, 0, 46, 0, 2, 1, 0, 255)
29 (1, 4, 0, 21, 0, 0, 60, 0, 1, 1, 0, 211)
30 (1, 4, 0, 180, 95, 0, 0, 0, 1, 1, 0, 210)
31 (1, 4, 0, 52, 0, 0, 0, 0, 1, 1, 0, 14)
0 (1, 4, 0, 44, 0, 0, 5, 0, 1, 0, 0, 45)
1 (1, 4, 0, 60, 6, 0, 7, 0, 1, 0, 0, 207)
2 (1, 4, 110, 61, 58, 0, 17, 0, 0, 0, 0, 245)
3 (1, 4, 278, 81, 197, 0, 11, 0, 1, 1, 0, 108)
4 (1, 4, 555, 0, 339, 0, 0, 0, 2, 1, 0, 18)
5 (1, 4, 745, 0, 443, 0, 0, 0, 1, 1, 0, 124)
6 (1, 4, 497, 0, 481, 0, 0, 0, 2, 1, 0, 91)
7 (1, 4, 222, 0, 463, 0, 0, 0, 2, 1, 0, 247)
8 (1, 4, 273, 0, 521, 0, 0, 0, 1, 1, 0, 9)
9 (1, 4, 155, 0, 507, 0, 0, 0, 1, 1, 0, 49)
10 (1, 4, 0, 0, 379, 0, 0, 0, 1, 1, 0, 87)
11 (1, 4, 0, 215, 339, 0, 0, 0, 1, 1, 0, 244)
12 (1, 4, 0, 183, 269, 0, 0, 11, 1, 1, 0, 112)
13 (1, 4, 0, 186, 140, 0, 0, 24, 1, 1, 0, 33)
14 (1, 4, 13, 38, 79, 0, 0, 46, 1, 1, 0, 97)
15 (1, 4, 54, 0, 0, 0, 2, 38, 1, 1, 0, 235)
16 (1, 4, 103, 0, 0, 0, 9, 29, 1, 1, 0, 56)
17 (1, 4, 128, 0, 0, 0, 18, 21, 1, 1, 0, 108)
18 (1, 4, 68, 0, 0, 0, 18, 15, 1, 1, 0, 72)
19 (1, 4, 131, 45, 33, 0, 24, 12, 0, 1, 0, 189)
20 (1, 4, 0, 165, 0, 0, 0, 9, 2, 1, 0, 72)
21 (1, 4, 182, 0, 0, 0, 0, 0, 1, 1, 0, 97)
22 (1, 4, 42, 0, 0, 0, 0, 0, 1, 1, 0, 220)
23 (1, 4, 0, 172, 0, 0, 0, 0, 1, 1, 0, 221)
24 (1, 4, 0, 335, 0, 0, 0, 0, 1, 0, 0, 203)
25 (1, 4, 0, 537, 0, 0, 0, 0, 0, 1, 0, 191)
26 (1, 4, 0, 572, 0, 0, 0, 24, 1, 1, 0, 73)
27 (1, 4, 0, 133, 0, 2, 0, 55, 1, 0, 0, 45)
28 (1, 4, 0, 0, 0, 8, 0, 33, 0, 0, 0, 248)
29 (1, 4, 0, 0, 0, 0, 0, 14, 1, 0, 0, 58)
30 (1, 4, 0, 0, 0, 0, 41, 1, 1, 0, 0, 118)
31 (1, 4, 0, 0, 0, 0, 105, 0, 1, 1, 0, 216)
0 (1, 4, 0, 0, 0, 0, 0, 34, 2, 2, 0, 116)
1 (1, 4, 0, 0, 0, 0, 0, 19, 1, 1, 0, 194)
2 (1, 4, 0, 103, 0, 0, 0, 0, 3, 2, 0, 77)
3 (1, 4, 0, 274, 0, 0, 0, 0, 2, 2, 0, 133)
4 (1, 4, 0, 483, 0, 0, 0, 0, 1, 2, 0, 183)
5 (1, 4, 0, 652, 0, 0, 0, 0, 3, 1, 0, 22)
6 (1, 4, 0, 341, 0, 0, 0, 0, 3, 2, 0, 102)
7 (1, 4, 0, 0, 0, 7, 0, 0, 1, 1, 0, 42)
8 (1, 4, 0, 0, 0, 16, 0, 0, 1, 1, 0, 128)
9 (1, 4, 0, 0, 0, 43, 0, 0, 1, 1, 0, 71)
10 (1, 4, 226, 0, 0, 23, 0, 0, 0, 1, 0, 248)
11 (1, 4, 7, 0, 0, 0, 0, 0, 1, 0, 0, 54)
12 (1, 4, 0, 0, 0, 0, 100, 0, 2, 1, 0, 37)
13 (1, 4, 271, 92, 0, 0, 72, 0, 1, 1, 0, 127)
14 (1, 4, 160, 87, 59, 0, 61, 0, 1, 1, 0, 16)
15 (1, 4, 0, 38, 53, 3, 0, 0, 2, 1, 0, 206)
16 (1, 4, 40, 0, 8, 0, 18, 0, 1, 1, 0, 11)
17 (1, 4, 0, 5, 18, 0, 14, 0, 2, 1, 0, 62)
18 (1, 4, 3, 4, 15, 0, 11, 0, 1, 1, 0, 172)
19 (1, 4, 0, 4, 3, 0, 12, 0, 0, 1, 0, 86)
20 (1, 4, 0, 0, 0, 0, 15, 0, 1, 0, 0, 181)
21 (1, 4, 0, 0, 0, 0, 16, 0, 1, 1, 0, 242)
22 (1, 4, 0, 0, 0, 0, 17, 0, 0, 0, 0, 130)
23 (1, 4, 0, 0, 0, 0, 18, 0, 1, 0, 0, 107)
24 (1, 4, 0, 7, 0, 0, 20, 0, 1, 0, 0, 120)
25 (1, 4, 0, 11, 0, 0, 24, 0, 0, 0, 0, 81)
26 (1, 4, 0, 21, 15, 0, 23, 0, 1, 1, 0, 205)
27 (1, 4, 0, 6, 1, 0, 23, 0, 2, 1, 0, 31)
28 (1, 4, 0, 11, 0, 0, 22, 0, 0, 1, 0, 234)
29 (1, 4, 0, 2, 0, 0, 26, 0, 1, 1, 0, 172)
0 (1, 4, 0, 236, 76, 66, 0, 0, 1, 1, 0, 172)
1 (1, 4, 4, 0, 0, 26, 0, 51, 1, 1, 0, 106)
2 (1, 4, 0, 0, 0, 0, 21, 21, 1, 1, 0, 17)
3 (1, 4, 0, 0, 0, 0, 69, 0, 1, 1, 0, 247)
4 (1, 4, 123, 0, 0, 0, 71, 0, 1, 1, 0, 201)
5 (1, 4, 0, 161, 176, 0, 26, 0, 1, 1, 0, 199)
6 (1, 4, 0, 21, 58, 0, 0, 0, 1, 1, 0, 107)
7 (1, 4, 10, 0, 14, 0, 19, 0, 1, 1, 0, 216)
8 (1, 4, 0, 0, 9, 0, 17, 0, 1, 1, 0, 163)
9 (1, 4, 0, 0, 6, 0, 24, 0, 1, 1, 0, 66)
10 (1, 4, 17, 0, 16, 0, 21, 0, 1, 1, 0, 249)
11 (1, 4, 0, 0, 10, 0, 15, 0, 1, 1, 0, 77)
12 (1, 4, 0, 0, 0, 0, 20, 0, 1, 1, 0, 17)
13 (1, 4, 0, 0, 0, 0, 22, 0, 1, 1, 0, 227)
14 (1, 4, 0, 0, 0, 0, 20, 0, 1, 1, 0, 17)
15 (1, 4, 4, 0, 8, 0, 22, 0, 1, 1, 0, 103)
16 (1, 4, 0, 23, 21, 0, 21, 0, 1, 1, 0, 190)
17 (1, 4, 0, 19, 20, 0, 19, 0, 1, 1, 0, 225)
18 (1, 4, 0, 10, 12, 0, 19, 0, 1, 1, 0, 69)
19 (1, 4, 0, 16, 11, 0, 21, 0, 1, 1, 0, 14)
20 (1, 4, 0, 23, 23, 0, 20, 0, 1, 1, 0, 232)
21 (1, 4, 0, 18, 18, 0, 18, 0, 1, 1, 0, 92)
22 (1, 4, 0, 16, 12, 0, 18, 0, 1, 1, 0, 131)
23 (1, 4, 0, 25, 0, 1, 23, 0, 1, 1, 0, 226)
24 (1, 4, 0, 37, 11, 2, 27, 0, 1, 1, 0, 44)
25 (1, 4, 0, 30, 9, 4, 24, 0, 1, 1, 0, 2)
26 (1, 4, 0, 22, 10, 6, 23, 0, 1, 1, 0, 157)
27 (1, 4, 0, 25, 7, 5, 25, 0, 1, 1, 0, 171)
28 (1, 4, 0, 23, 19, 4, 26, 0, 1, 1, 0, 26)
29 (1, 4, 0, 25, 15, 11, 29, 0, 1, 1, 0, 78)
30 (1, 4, 0, 14, 7, 14, 35, 0, 1, 1, 0, 170)
0 (1, 4, 0, 0, 0, 14, 36, 0, 1, 1, 0, 35)
1 (1, 4, 8, 0, 0, 14, 36, 0, 1, 1, 0, 83)
2 (1, 4, 0, 0, 0, 13, 33, 0, 1, 1, 0, 152)
3 (1, 4, 13, 0, 0, 12, 33, 0, 1, 1, 0, 193)
4 (1, 4, 11, 0, 0, 15, 28, 0, 1, 1, 0, 23)
5 (1, 4, 34, 0, 0, 13, 29, 0, 1, 1, 0, 233)
6 (1, 4, 69, 0, 0, 8, 35, 0, 1, 1, 0, 182)
7 (1, 4, 68, 0, 0, 0, 32, 0, 1, 1, 0, 203)
8 (1, 4, 94, 0, 19, 0, 10, 0, 1, 1, 0, 189)
9 (1, 4, 243, 0, 26, 0, 0, 0, 1, 1, 0, 50)
10 (1, 4, 524, 0, 79, 0, 0, 0, 1, 1, 0, 153)
11 (1, 4, 873, 0, 201, 0, 0, 0, 1, 1, 0, 99)
12 (1, 4, 873, 0, 421, 0, 0, 0, 1, 1, 0, 217)
13 (1, 4, 873, 0, 873, 0, 14, 5, 2, 1, 0, 87)
14 (1, 4, 590, 0, 873, 0, 9, 39, 5, 4, 0, 33)
15 (1, 4, 303, 442, 671, 0, 18, 42, 8, 20, 0, 128)
16 (1, 4, 0, 251, 0, 0, 0, 57, 1, 1, 0, 122)
17 (1, 4, 0, 273, 0, 0, 0, 104, 0, 0, 0, 65)
18 (1, 4, 146, 0, 0, 0, 0, 31, 2, 2, 0, 175)
19 (1, 4, 0, 0, 0, 0, 0, 0, 7, 6, 0, 42)
20 (1, 4, 0, 73, 0, 0, 0, 0, 5, 4, 0, 189)
21 (1, 4, 0, 308, 0, 0, 0, 0, 3, 2, 0, 146)
22 (1, 4, 0, 803, 0, 0, 0, 0, 3, 2, 0, 60)
23 (1, 4, 0, 873, 0, 0, 0, 0, 3, 2, 0, 97)
24 (1, 4, 0, 467, 0, 8, 0, 5, 4, 3, 0, 192)
25 (1, 4, 0, 34, 0, 92, 0, 0, 2, 2, 0, 101)
26 (1, 4, 77, 0, 0, 108, 0, 43, 2, 1, 0, 139)
27 (1, 4, 133, 0, 0, 0, 0, 19, 2, 2, 0, 250)
28 (1, 4, 0, 0, 0, 0, 105, 0, 4, 4, 0, 245)
29 (1, 4, 183, 0, 0, 0, 63, 0, 1, 0, 0, 37)
30 (1, 4, 238, 116, 73, 0, 94, 0, 0, 0, 0, 23)
31 (1, 4, 0, 48, 128, 0, 0, 0, 1, 0, 0, 78)
0 (1, 4, 0, 12, 0, 0, 18, 0, 0, 0, 0, 96)
1 (1, 4, 0, 16, 1, 0, 18, 0, 0, 0, 0, 252)
2 (1, 4, 0, 10, 0, 0, 19, 0, 0, 0, 0, 174)
3 (1, 4, 0, 14, 0, 0, 20, 0, 0, 0, 0, 28)
4 (1, 4, 0, 9, 0, 0, 21, 0, 0, 0, 0, 103)
5 (1, 4, 7, 10, 9, 0, 19, 0, 0, 0, 0, 172)
6 (1, 4, 129, 44, 70, 0, 8, 0, 0, 0, 0, 133)
7 (1, 4, 452, 101, 156, 0, 3, 0, 1, 0, 0, 115)
8 (1, 4, 736, 11, 272, 0, 0, 0, 0, 0, 0, 104)
9 (1, 4, 873, 0, 370, 0, 0, 0, 1, 0, 0, 34)
10 (1, 4, 873, 0, 493, 0, 0, 0, 1, 0, 0, 245)
11 (1, 4, 800, 0, 706, 0, 0, 1, 1, 1, 0, 246)
12 (1, 4, 366, 0, 533, 0, 0, 30, 1, 0, 0, 254)
13 (1, 4, 32, 136, 457, 0, 24, 29, 0, 0, 0, 163)
14 (1, 4, 0, 225, 390, 0, 0, 59, 0, 0, 0, 168)
15 (1, 4, 0, 73, 192, 0, 0, 77, 0, 0, 0, 244)
16 (1, 4, 0, 72, 0, 0, 0, 47, 0, 0, 0, 22)
17 (1, 4, 0, 0, 0, 0, 0, 62, 1, 1, 0, 35)
18 (1, 4, 90, 0, 0, 0, 0, 20, 1, 0, 0, 191)
19 (1, 4, 0, 28, 0, 0, 0, 19, 0, 0, 0, 195)
20 (1, 4, 0, 242, 0, 0, 0, 0, 1, 0, 0, 80)
21 (1, 4, 0, 332, 0, 0, 0, 0, 1, 0, 0, 19)
22 (1, 4, 0, 493, 0, 0, 0, 0, 1, 0, 0, 101)
23 (1, 4, 0, 477, 0, 0, 0, 0, 1, 1, 0, 173)
24 (1, 4, 0, 538, 0, 0, 0, 0, 1, 1, 0, 5)
25 (1, 4, 0, 404, 150, 0, 0, 0, 1, 1, 0, 215)
26 (1, 4, 0, 285, 213, 38, 0, 0, 1, 1, 0, 59)
27 (1, 4, 0, 91, 0, 80, 0, 0, 1, 1, 0, 220)
28 (1, 4, 170, 0, 0, 26, 0, 0, 1, 0, 0, 147)
29 (1, 4, 0, 0, 0, 0, 34, 14, 0, 0, 0, 167)
30 (1, 4, 0, 0, 0, 0, 27, 0, 1, 0, 0, 211)
31 (1, 4, 213, 0, 0, 0, 29, 0, 0, 0, 0, 234)
0 (1, 4, 0, 11, 0, 11, 0, 0, 1, 1, 0, 197)
1 (1, 4, 0, 0, 0, 11, 17, 0, 1, 1, 0, 82)
2 (1, 4, 0, 15, 0, 4, 15, 0, 1, 1, 0, 19)
3 (1, 4, 12, 7, 0, 6, 6, 0, 1, 0, 0, 5)
4 (1, 4, 181, 0, 0, 11, 0, 0, 0, 0, 0, 163)
5 (1, 4, 322, 10, 41, 0, 0, 0, 1, 1, 0, 232)
6 (1, 4, 496, 0, 129, 0, 0, 0, 3, 2, 0, 210)
7 (1, 4, 714, 0, 222, 0, 0, 0, 3, 3, 0, 41)
8 (1, 4, 873, 0, 406, 0, 0, 0, 2, 2, 0, 248)
9 (1, 4, 873, 0, 548, 0, 0, 0, 2, 1, 0, 253)
10 (1, 4, 873, 0, 528, 0, 0, 0, 1, 0, 0, 239)
11 (1, 4, 306, 249, 423, 0, 12, 35, 1, 0, 0, 80)
12 (1, 4, 157, 357, 392, 0, 0, 114, 1, 0, 0, 250)
13 (1, 4, 24, 192, 127, 0, 0, 112, 1, 0, 0, 26)
14 (1, 4, 0, 146, 22, 0, 0, 119, 1, 0, 0, 59)
15 (1, 4, 53, 29, 0, 0, 0, 113, 1, 0, 0, 88)
16 (1, 4, 68, 0, 0, 0, 0, 83, 1, 0, 0, 93)
17 (1, 4, 71, 0, 0, 0, 0, 57, 1, 0, 0, 248)
18 (1, 4, 0, 20, 0, 0, 0, 42, 2, 2, 0, 37)
19 (1, 4, 0, 0, 0, 0, 0, 13, 2, 1, 0, 145)
20 (1, 4, 0, 136, 0, 0, 0, 0, 3, 2, 0, 188)
21 (1, 4, 0, 347, 0, 0, 0, 26, 3, 2, 0, 226)
22 (1, 4, 0, 386, 0, 5, 0, 0, 3, 1, 0, 89)
23 (1, 4, 0, 363, 0, 40, 0, 0, 2, 1, 0, 15)
24 (1, 4, 0, 0, 0, 119, 0, 30, 1, 1, 0, 20)
25 (1, 4, 134, 0, 0, 34, 0, 60, 1, 0, 0, 23)
26 (1, 4, 0, 0, 0, 0, 67, 0, 2, 1, 0, 64)
27 (1, 4, 137, 0, 0, 0, 49, 0, 0, 0, 0, 228)
28 (1, 4, 197, 310, 221, 0, 121, 0, 1, 0, 0, 110)
29 (1, 4, 0, 84, 149, 0, 0, 0, 1, 0, 0, 96)
0 (1, 4, 0, 72, 0, 0, 0, 52, 0, 0, 0, 73)
1 (1, 4, 85, 31, 0, 0, 0, 57, 1, 0, 0, 212)
2 (1, 4, 108, 0, 0, 0, 0, 68, 1, 0, 0, 42)
3 (1, 4, 0, 0, 0, 0, 0, 84, 0, 0, 0, 157)
4 (1, 4, 0, 0, 0, 0, 0, 35, 2, 1, 0, 22)
5 (1, 4, 0, 42, 0, 0, 0, 1, 1, 1, 0, 180)
6 (1, 4, 0, 120, 0, 0, 0, 0, 1, 1, 0, 228)
7 (1, 4, 0, 427, 0, 0, 0, 0, 1, 1, 0, 58)
8 (1, 4, 0, 487, 0, 0, 0, 0, 1, 1, 0, 208)
9 (1, 4, 0, 524, 180, 0, 0, 0, 1, 1, 0, 253)
10 (1, 4, 0, 428, 384, 0, 0, 0, 1, 1, 0, 148)
11 (1, 4, 0, 143, 421, 22, 0, 0, 1, 0, 0, 129)
12 (1, 4, 0, 286, 456, 59, 0, 0, 1, 1, 0, 219)
13 (1, 4, 341, 109, 0, 42, 0, 0, 2, 2, 0, 131)
14 (1, 4, 415, 0, 0, 0, 29, 24, 3, 1, 0, 249)
15 (1, 4, 0, 0, 0, 0, 171, 0, 1, 1, 0, 4)
16 (1, 4, 37, 172, 84, 0, 57, 0, 2, 1, 0, 96)
17 (1, 4, 101, 173, 167, 0, 0, 0, 2, 1, 0, 92)
18 (1, 4, 15, 0, 0, 0, 0, 0, 2, 2, 0, 54)
19 (1, 4, 0, 0, 0, 0, 18, 0, 2, 1, 0, 166)
20 (1, 4, 20, 4, 22, 0, 9, 0, 1, 1, 0, 195)
21 (1, 4, 45, 14, 47, 0, 10, 0, 1, 1, 0, 102)
22 (1, 4, 0, 0, 24, 0, 2, 0, 2, 1, 0, 224)
23 (1, 4, 5, 0, 18, 0, 6, 0, 1, 1, 0, 0)
24 (1, 4, 4, 2, 23, 0, 6, 0, 1, 1, 0, 169)
25 (1, 4, 0, 26, 47, 0, 10, 0, 2, 1, 0, 250)
26 (1, 4, 0, 35, 41, 0, 3, 0, 2, 1, 0, 150)
27 (1, 4, 2, 36, 35, 0, 5, 0, 1, 1, 0, 172)
28 (1, 4, 0, 31, 17, 0, 12, 0, 1, 1, 0, 110)
29 (1, 4, 0, 46, 43, 0, 12, 0, 2, 2, 0, 113)
30 (1, 4, 0, 32, 34, 0, 10, 0, 1, 1, 0, 87)
0 (1, 4, 540, 0, 324, 0, 0, 0, 1, 1, 0, 35)
1 (1, 4, 346, 0, 409, 0, 0, 3, 1, 1, 0, 237)
2 (1, 4, 164, 0, 504, 0, 0, 0, 1, 1, 0, 247)
3 (1, 4, 46, 0, 582, 0, 0, 0, 1, 1, 0, 212)
4 (1, 4, 233, 0, 456, 0, 0, 20, 2, 1, 0, 185)
5 (1, 4, 0, 0, 225, 0, 0, 45, 1, 1, 0, 246)
6 (1, 4, 46, 0, 124, 0, 0, 48, 1, 1, 0, 14)
7 (1, 4, 254, 0, 12, 0, 0, 56, 1, 1, 0, 226)
8 (1, 4, 126, 0, 0, 0, 0, 74, 1, 1, 0, 155)
9 (1, 4, 0, 0, 0, 0, 0, 63, 1, 1, 0, 252)
10 (1, 4, 0, 0, 0, 0, 0, 52, 1, 1, 0, 112)
11 (1, 4, 0, 0, 0, 0, 0, 31, 1, 1, 0, 93)
12 (1, 4, 0, 241, 0, 0, 0, 4, 1, 1, 0, 150)
13 (1, 4, 0, 417, 0, 0, 0, 0, 1, 1, 0, 228)
14 (1, 4, 0, 689, 0, 0, 0, 0, 1, 1, 0, 173)
15 (1, 4, 0, 873, 0, 0, 0, 0, 2, 3, 0, 104)
16 (1, 4, 6, 617, 0, 16, 0, 168, 1, 1, 0, 239)
17 (1, 4, 0, 0, 0, 66, 0, 116, 1, 0, 0, 181)
18 (1, 4, 0, 0, 0, 0, 0, 37, 1, 0, 0, 23)
19 (1, 4, 0, 0, 0, 0, 90, 0, 1, 0, 0, 176)
20 (1, 4, 234, 0, 0, 0, 69, 0, 1, 0, 0, 171)
21 (1, 4, 78, 47, 101, 0, 64, 0, 1, 0, 0, 103)
22 (1, 4, 0, 26, 105, 4, 0, 0, 0, 0, 0, 144)
23 (1, 4, 0, 0, 0, 1, 3, 0, 0, 0, 0, 234)
24 (1, 4, 5, 0, 24, 0, 4, 0, 1, 0, 0, 10)
25 (1, 4, 0, 11, 40, 0, 5, 0, 0, 0, 0, 205)
26 (1, 4, 0, 21, 39, 0, 5, 0, 0, 0, 0, 241)
27 (1, 4, 8, 6, 28, 0, 0, 0, 1, 0, 0, 70)
28 (1, 4, 12, 6, 23, 0, 0, 0, 1, 0, 0, 121)
29 (1, 4, 0, 4, 13, 0, 2, 0, 0, 0, 0, 32)
30 (1, 4, 9, 0, 8, 0, 0, 0, 1, 0, 0, 222)
0 (1, 4, 163, 0, 33, 0, 0, 0, 1, 0, 0, 182)
1 (1, 4, 349, 0, 86, 0, 0, 0, 0, 0, 0, 166)
2 (1, 4, 587, 0, 89, 0, 0, 0, 1, 0, 0, 95)
3 (1, 4, 873, 0, 71, 0, 0, 0, 1, 0, 0, 52)
4 (1, 4, 873, 0, 90, 0, 0, 0, 1, 2, 0, 235)
5 (1, 4, 873, 74, 284, 0, 10, 3, 1, 0, 0, 226)
6 (1, 4, 216, 79, 274, 0, 5, 39, 1, 0, 0, 7)
7 (1, 4, 131, 213, 290, 0, 0, 87, 1, 0, 0, 158)
8 (1, 4, 0, 108, 0, 0, 0, 94, 0, 0, 0, 230)
9 (1, 4, 0, 0, 0, 0, 12, 195, 1, 0, 0, 151)
10 (1, 4, 0, 0, 0, 0, 0, 74, 0, 0, 0, 104)
11 (1, 4, 0, 0, 0, 0, 0, 10, 1, 1, 0, 36)
12 (1, 4, 0, 0, 0, 0, 0, 20, 1, 1, 0, 209)
13 (1, 4, 0, 81, 0, 0, 0, 0, 1, 1, 0, 32)
14 (1, 4, 0, 194, 0, 5, 0, 0, 1, 0, 0, 144)
15 (1, 4, 0, 322, 0, 5, 0, 0, 1, 1, 0, 31)
16 (1, 4, 0, 285, 0, 22, 0, 0, 1, 1, 0, 154)
17 (1, 4, 0, 244, 78, 41, 0, 4, 1, 1, 0, 193)
18 (1, 4, 0, 0, 0, 76, 0, 0, 1, 1, 0, 38)
19 (1, 4, 0, 0, 0, 29, 0, 14, 1, 1, 0, 61)
20 (1, 4, 0, 0, 0, 0, 36, 0, 1, 1, 0, 153)
21 (1, 4, 0, 0, 0, 0, 50, 0, 2, 2, 0, 22)
22 (1, 4, 335, 0, 0, 0, 64, 0, 0, 0, 0, 181)
23 (1, 4, 0, 137, 130, 0, 39, 0, 1, 0, 0, 160)
24 (1, 4, 43, 85, 76, 0, 0, 0, 0, 0, 0, 79)
25 (1, 4, 4, 0, 4, 0, 0, 0, 0, 0, 0, 24)
26 (1, 4, 0, 0, 0, 0, 1, 0, 1, 0, 0, 101)
27 (1, 4, 0, 0, 15, 0, 3, 0, 0, 0, 0, 172)
28 (1, 4, 0, 4, 56, 0, 5, 0, 0, 0, 0, 3)
29 (1, 4, 0, 30, 50, 0, 0, 0, 1, 0, 0, 215)
30 (1, 4, 0, 45, 45, 0, 2, 0, 0, 0, 0, 26)
31 (1, 4, 0, 34, 20, 0, 0, 0, 0, 0, 0, 240)
0 (1, 4, 0, 438, 59, 25, 0, 0, 1, 0, 0, 122)
1 (1, 4, 0, 144, 3, 87, 0, 3, 0, 0, 0, 188)
2 (1, 4, 258, 0, 0, 0, 25, 13, 0, 0, 0, 29)
3 (1, 4, 0, 0, 0, 0, 84, 0, 2, 4, 0, 109)
4 (1, 4, 352, 0, 0, 0, 22, 0, 1, 0, 0, 196)
5 (1, 4, 143, 110, 72, 0, 92, 0, 0, 0, 0, 142)
6 (1, 4, 0, 89, 165, 0, 0, 0, 1, 0, 0, 61)
7 (1, 4, 3, 8, 29, 0, 0, 0, 1, 0, 0, 180)
8 (1, 4, 0, 0, 62, 0, 3, 0, 1, 0, 0, 219)
9 (1, 4, 0, 15, 54, 0, 0, 0, 0, 0, 0, 63)
10 (1, 4, 17, 0, 20, 0, 0, 0, 1, 0, 0, 211)
11 (1, 4, 22, 0, 36, 0, 0, 0, 1, 0, 0, 120)
12 (1, 4, 4, 0, 15, 0, 0, 0, 0, 0, 0, 31)
13 (1, 4, 16, 0, 21, 0, 0, 0, 1, 0, 0, 73)
14 (1, 4, 7, 3, 11, 0, 0, 0, 1, 0, 0, 233)
15 (1, 4, 4, 5, 9, 0, 0, 0, 0, 0, 0, 1)
16 (1, 4, 0, 17, 33, 0, 0, 0, 1, 0, 0, 162)
17 (1, 4, 0, 9, 17, 0, 0, 0, 1, 0, 0, 241)
18 (1, 4, 0, 13, 10, 0, 0, 0, 1, 0, 0, 83)
19 (1, 4, 0, 23, 0, 0, 0, 0, 1, 0, 0, 127)
20 (1, 4, 0, 30, 1, 0, 0, 0, 1, 0, 0, 237)
21 (1, 4, 43, 28, 0, 0, 0, 0, 1, 0, 0, 177)
22 (1, 4, 42, 6, 2, 0, 3, 0, 1, 0, 0, 164)
23 (1, 4, 13, 0, 0, 0, 0, 0, 1, 0, 0, 90)
24 (1, 4, 0, 28, 0, 0, 11, 0, 1, 0, 0, 94)
25 (1, 4, 0, 42, 32, 0, 14, 0, 1, 0, 0, 46)
26 (1, 4, 0, 28, 42, 0, 11, 0, 1, 0, 0, 51)
27 (1, 4, 0, 0, 58, 7, 19, 0, 1, 0, 0, 93)
28 (1, 4, 0, 0, 58, 9, 0, 0, 1, 0, 0, 233)
29 (1, 4, 0, 0, 19, 2, 9, 0, 1, 0, 0, 94)
30 (1, 4, 0, 7, 36, 3, 9, 0, 1, 0, 0, 39)
31 (1, 4, 15, 16, 35, 0, 4, 0, 1, 0, 0, 129)
0 (1, 4, 6, 21, 10, 2, 26, 0, 1, 0, 0, 45)
1 (1, 4, 1, 54, 12, 2, 23, 0, 1, 0, 0, 55)
2 (1, 4, 0, 32, 24, 4, 22, 0, 1, 0, 0, 245)
3 (1, 4, 1, 12, 17, 3, 16, 0, 0, 0, 0, 86)
4 (1, 4, 16, 14, 6, 0, 21, 0, 1, 0, 0, 150)
5 (1, 4, 3, 13, 14, 3, 12, 0, 1, 0, 0, 28)
6 (1, 4, 72, 0, 9, 0, 3, 0, 1, 0, 0, 70)
7 (1, 4, 172, 0, 12, 0, 0, 0, 1, 0, 0, 100)
8 (1, 4, 469, 0, 80, 0, 0, 0, 1, 0, 0, 208)
9 (1, 4, 630, 0, 222, 0, 0, 0, 1, 1, 0, 65)
10 (1, 4, 543, 0, 309, 0, 0, 0, 3, 2, 0, 166)
11 (1, 4, 380, 0, 216, 0, 0, 0, 3, 3, 0, 72)
12 (1, 4, 475, 0, 140, 0, 0, 0, 1, 1, 0, 120)
13 (1, 4, 496, 0, 133, 0, 0, 0, 1, 0, 0, 158)
14 (1, 4, 242, 0, 152, 0, 0, 0, 1, 0, 0, 137)
15 (1, 4, 39, 0, 399, 0, 0, 0, 0, 0, 0, 102)
16 (1, 4, 0, 202, 382, 0, 0, 0, 9, 4, 0, 24)
17 (1, 4, 0, 46, 0, 0, 0, 1, 1, 1, 0, 110)
18 (1, 4, 0, 35, 0, 0, 0, 0, 2, 1, 0, 203)
19 (1, 4, 0, 637, 41, 0, 0, 22, 4, 2, 0, 223)
20 (1, 4, 0, 51, 0, 12, 0, 0, 1, 1, 0, 136)
21 (1, 4, 0, 613, 0, 0, 0, 0, 1, 1, 0, 148)
22 (1, 4, 0, 494, 0, 31, 0, 0, 1, 1, 0, 132)
23 (1, 4, 0, 358, 0, 49, 0, 0, 1, 1, 0, 101)
24 (1, 4, 0, 92, 0, 67, 0, 18, 1, 1, 0, 98)
25 (1, 4, 106, 0, 0, 0, 0, 41, 1, 0, 0, 170)
26 (1, 4, 0, 0, 24, 0, 132, 0, 4, 3, 0, 88)
27 (1, 4, 0, 0, 0, 0, 52, 0, 2, 2, 0, 7)
28 (1, 4, 0, 48, 119, 0, 49, 0, 2, 1, 0, 28)
29 (1, 4, 0, 55, 125, 0, 0, 0, 2, 1, 0, 124)
30 (1, 4, 0, 0, 0, 1, 0, 0, 2, 2, 0, 115)
31 (1, 4, 0, 0, 0, 0, 19, 0, 2, 1, 0, 223)
0 (1, 4, 0, 55, 68, 3, 19, 0, 2, 1, 0, 250)
1 (1, 4, 0, 47, 56, 9, 19, 0, 2, 1, 0, 118)
2 (1, 4, 0, 26, 23, 11, 23, 0, 1, 1, 0, 102)
3 (1, 4, 0, 22, 27, 14, 22, 0, 2, 1, 0, 81)
4 (1, 4, 0, 0, 1, 15, 19, 0, 2, 1, 0, 238)
5 (1, 4, 0, 0, 1, 14, 20, 0, 1, 1, 0, 63)
6 (1, 4, 0, 0, 0, 4, 30, 0, 2, 1, 0, 248)
7 (1, 4, 27, 0, 4, 7, 30, 0, 2, 1, 0, 5)
8 (1, 4, 60, 7, 35, 10, 21, 0, 2, 2, 0, 157)
9 (1, 4, 284, 79, 163, 2, 3, 0, 3, 3, 0, 252)
10 (1, 4, 696, 29, 242, 0, 0, 0, 3, 2, 0, 81)
11 (1, 4, 801, 0, 259, 0, 0, 0, 3, 3, 0, 76)
12 (1, 4, 576, 0, 382, 0, 0, 0, 2, 2, 0, 11)
13 (1, 4, 195, 0, 421, 0, 0, 0, 3, 2, 0, 24)
14 (1, 4, 59, 0, 445, 0, 0, 0, 2, 1, 0, 207)
15 (1, 4, 0, 0, 338, 0, 0, 0, 3, 2, 0, 248)
16 (1, 4, 0, 0, 272, 0, 0, 0, 1, 1, 0, 85)
17 (1, 4, 0, 0, 221, 0, 0, 0, 1, 0, 0, 31)
18 (1, 4, 0, 31, 65, 0, 0, 0, 1, 0, 0, 163)
19 (1, 4, 0, 246, 17, 0, 0, 0, 1, 1, 0, 10)
20 (1, 4, 0, 58, 0, 0, 0, 0, 3, 2, 0, 115)
21 (1, 4, 0, 123, 0, 0, 0, 0, 1, 1, 0, 60)
22 (1, 4, 0, 354, 0, 0, 0, 0, 0, 0, 0, 183)
23 (1, 4, 0, 586, 0, 0, 0, 0, 0, 0, 0, 238)
24 (1, 4, 0, 831, 0, 0, 0, 0, 1, 0, 0, 38)
25 (1, 4, 0, 675, 0, 0, 0, 0, 0, 0, 0, 168)
26 (1, 4, 0, 397, 19, 19, 0, 0, 0, 0, 0, 84)
27 (1, 4, 106, 219, 33, 63, 0, 0, 0, 0, 0, 5)
28 (1, 4, 353, 212, 0, 50, 0, 105, 1, 0, 0, 150)
29 (1, 4, 0, 0, 0, 0, 23, 0, 1, 1, 0, 154)
30 (1, 4, 218, 0, 0, 0, 76, 0, 3, 3, 0, 77)
31 (1, 4, 239, 0, 0, 0, 92, 0, 3, 3, 0, 217)
0 (1, 4, 17, 13, 10, 0, 9, 0, 2, 1, 0, 200)
1 (1, 4, 0, 13, 8, 0, 7, 0, 2, 1, 0, 217)
2 (1, 4, 0, 7, 5, 0, 6, 0, 2, 1, 0, 8)
3 (1, 4, 0, 0, 0, 0, 6, 0, 2, 1, 0, 192)
4 (1, 4, 49, 0, 9, 0, 5, 0, 2, 1, 0, 74)
5 (1, 4, 381, 0, 79, 0, 0, 0, 2, 1, 0, 153)
6 (1, 4, 873, 0, 272, 0, 0, 0, 4, 3, 0, 88)
7 (1, 4, 873, 0, 552, 0, 0, 0, 7, 3, 0, 36)
8 (1, 4, 873, 0, 354, 0, 0, 0, 1, 0, 0, 93)
9 (1, 4, 783, 114, 243, 0, 10, 0, 1, 0, 0, 14)
10 (1, 4, 242, 325, 155, 0, 20, 0, 1, 0, 0, 93)
11 (1, 4, 0, 333, 14, 0, 0, 0, 1, 0, 0, 107)
12 (1, 4, 28, 370, 0, 0, 0, 0, 1, 0, 0, 28)
13 (1, 4, 495, 442, 0, 0, 0, 17, 1, 0, 0, 138)
14 (1, 4, 236, 282, 0, 0, 0, 0, 1, 1, 0, 62)
15 (1, 4, 237, 572, 0, 0, 0, 31, 4, 3, 0, 124)
16 (1, 4, 0, 245, 0, 0, 0, 0, 2, 2, 0, 34)
17 (1, 4, 0, 522, 0, 0, 0, 0, 2, 2, 0, 127)
18 (1, 4, 0, 424, 0, 0, 0, 0, 1, 1, 0, 226)
19 (1, 4, 0, 327, 23, 2, 0, 0, 2, 1, 0, 17)
20 (1, 4, 79, 94, 0, 61, 0, 0, 1, 1, 0, 199)
21 (1, 4, 299, 0, 0, 0, 0, 26, 1, 1, 0, 80)
22 (1, 4, 0, 0, 0, 0, 115, 0, 2, 2, 0, 117)
23 (1, 4, 137, 0, 0, 0, 81, 0, 1, 1, 0, 250)
24 (1, 4, 164, 117, 85, 0, 84, 0, 0, 0, 0, 233)
25 (1, 4, 17, 170, 146, 0, 0, 0, 1, 0, 0, 78)
26 (1, 4, 53, 8, 28, 0, 0, 0, 1, 0, 0, 35)
27 (1, 4, 0, 0, 0, 0, 0, 0, 0, 0, 0, 126)
28 (1, 4, 23, 0, 0, 0, 0, 0, 1, 0, 0, 214)
29 (1, 4, 0, 0, 0, 0, 0, 0, 1, 0, 0, 28)
30 (1, 4, 12, 0, 0, 0, 0, 0, 1, 0, 0, 84)
31 (1, 4, 0, 0, 0, 0, 0, 0, 1, 0, 0, 28)
0 (1, 4, 0, 4, 1, 0, 0, 0, 1, 0, 0, 82)
1 (1, 4, 0, 9, 0, 0, 0, 0, 1, 0, 0, 26)
2 (1, 4, 0, 5, 0, 0, 0, 0, 0, 0, 0, 17)
3 (1, 4, 0, 6, 0, 0, 0, 0, 0, 0, 0, 201)
4 (1, 4, 10, 21, 2, 0, 0, 0, 1, 0, 0, 81)
5 (1, 4, 47, 58, 20, 0, 0, 0, 1, 0, 0, 221)
6 (1, 4, 332, 109, 74, 0, 0, 0, 0, 0, 0, 72)
7 (1, 4, 873, 11, 140, 0, 0, 0, 1, 0, 0, 82)
8 (1, 4, 873, 0, 362, 0, 0, 0, 1, 1, 0, 138)
9 (1, 4, 873, 0, 312, 0, 28, 0, 0, 0, 0, 143)
10 (1, 4, 186, 153, 205, 0, 53, 6, 1, 0, 0, 134)
11 (1, 4, 0, 287, 363, 0, 17, 21, 1, 0, 0, 243)
12 (1, 4, 0, 155, 298, 0, 0, 48, 1, 1, 0, 62)
13 (1, 4, 0, 0, 0, 0, 0, 82, 1, 0, 0, 51)
14 (1, 4, 0, 0, 8, 0, 0, 85, 1, 0, 0, 156)
15 (1, 4, 0, 0, 0, 0, 0, 61, 0, 0, 0, 76)
16 (1, 4, 0, 0, 0, 9, 0, 16, 1, 0, 0, 40)
17 (1, 4, 0, 164, 0, 14, 0, 0, 0, 0, 0, 221)
18 (1, 4, 0, 284, 0, 0, 0, 0, 1, 0, 0, 241)
19 (1, 4, 0, 456, 0, 0, 0, 0, 1, 0, 0, 200)
20 (1, 4, 0, 426, 0, 25, 0, 0, 0, 0, 0, 150)
21 (1, 4, 0, 503, 0, 31, 0, 0, 1, 0, 0, 136)
22 (1, 4, 0, 94, 0, 30, 0, 0, 1, 0, 0, 183)
23 (1, 4, 0, 0, 0, 0, 0, 60, 0, 0, 0, 147)
24 (1, 4, 213, 0, 0, 0, 51, 0, 1, 1, 0, 62)
25 (1, 4, 0, 0, 0, 0, 94, 0, 1, 1, 0, 56)
26 (1, 4, 464, 198, 15, 0, 21, 0, 0, 0, 0, 115)
27 (1, 4, 14, 67, 124, 0, 27, 0, 1, 0, 0, 68)
28 (1, 4, 0, 64, 93, 15, 0, 0, 1, 0, 0, 200)
29 (1, 4, 32, 0, 0, 0, 0, 0, 0, 0, 0, 185)
30 (1, 4, 0, 6, 15, 0, 9, 0, 0, 0, 0, 40)
31 (1, 4, 0, 0, 42, 0, 0, 0, 1, 0, 0, 113)
0 (1, 4, 0, 159, 0, 12, 0, 62, 1, 0, 0, 29)
1 (1, 4, 58, 0, 0, 37, 0, 73, 1, 1, 0, 198)
2 (1, 4, 155, 0, 0, 0, 0, 75, 1, 1, 0, 41)
3 (1, 4, 5, 0, 0, 0, 76, 0, 1, 1, 0, 121)
4 (1, 4, 0, 0, 0, 0, 52, 0, 0, 0, 0, 21)
5 (1, 4, 0, 42, 0, 0, 79, 0, 0, 0, 0, 209)
6 (1, 4, 126, 156, 128, 6, 45, 0, 0, 0, 0, 104)
7 (1, 4, 0, 6, 76, 34, 13, 0, 0, 0, 0, 92)
8 (1, 4, 0, 18, 31, 24, 4, 0, 0, 0, 0, 184)
9 (1, 4, 0, 0, 0, 17, 15, 0, 0, 0, 0, 63)
10 (1, 4, 0, 0, 1, 17, 28, 0, 0, 0, 0, 165)
11 (1, 4, 0, 0, 35, 15, 23, 0, 0, 0, 0, 115)
12 (1, 4, 8, 0, 31, 16, 17, 0, 0, 0, 0, 35)
13 (1, 4, 3, 0, 41, 17, 26, 0, 0, 0, 0, 228)
14 (1, 4, 0, 5, 35, 13, 18, 0, 0, 0, 0, 184)
15 (1, 4, 16, 0, 29, 15, 19, 0, 0, 0, 0, 60)
16 (1, 4, 0, 2, 12, 17, 19, 0, 0, 0, 0, 23)
17 (1, 4, 0, 0, 6, 16, 20, 0, 0, 0, 0, 158)
18 (1, 4, 1, 0, 0, 14, 23, 0, 0, 0, 0, 39)
19 (1, 4, 0, 0, 0, 21, 22, 0, 0, 0, 0, 126)
20 (1, 4, 18, 0, 9, 15, 22, 0, 0, 0, 0, 155)
21 (1, 4, 0, 0, 8, 10, 26, 0, 0, 0, 0, 178)
22 (1, 4, 0, 0, 10, 10, 22, 0, 0, 0, 0, 191)
23 (1, 4, 0, 0, 5, 13, 20, 0, 0, 0, 0, 73)
24 (1, 4, 0, 0, 6, 13, 21, 0, 0, 0, 0, 139)
25 (1, 4, 0, 9, 6, 12, 20, 0, 0, 0, 0, 235)
26 (1, 4, 0, 19, 5, 11, 21, 0, 0, 0, 0, 203)
27 (1, 4, 0, 20, 0, 12, 20, 0, 0, 0, 0, 39)
28 (1, 4, 0, 11, 0, 13, 19, 0, 0, 0, 0, 128)
29 (1, 4, 0, 0, 0, 16, 21, 0, 0, 0, 0, 150)
0 (1, 4, 0, 182, 0, 0, 0, 17, 0, 2, 0, 177)
1 (1, 4, 272, 0, 0, 0, 0, 0, 1, 1, 0, 149)
2 (1, 4, 0, 170, 0, 0, 0, 0, 1, 1, 0, 106)
3 (1, 4, 0, 307, 0, 0, 0, 0, 1, 1, 0, 233)
4 (1, 4, 0, 498, 0, 0, 0, 0, 1, 1, 0, 222)
5 (1, 4, 0, 457, 0, 0, 0, 0, 1, 1, 0, 22)
6 (1, 4, 0, 435, 137, 7, 0, 0, 1, 1, 0, 108)
7 (1, 4, 0, 344, 192, 111, 0, 0, 1, 1, 0, 80)
8 (1, 4, 58, 106, 0, 108, 0, 18, 1, 1, 0, 113)
9 (1, 4, 0, 49, 0, 0, 71, 0, 3, 3, 0, 1)
10 (1, 4, 24, 0, 0, 0, 155, 0, 1, 0, 0, 119)
11 (1, 4, 86, 256, 128, 0, 85, 0, 1, 0, 0, 64)
12 (1, 4, 110, 32, 83, 4, 4, 0, 1, 0, 0, 100)
13 (1, 4, 0, 0, 25, 12, 4, 0, 0, 0, 0, 78)
14 (1, 4, 0, 0, 0, 7, 10, 0, 0, 0, 0, 16)
15 (1, 4, 39, 0, 0, 18, 20, 0, 0, 0, 0, 60)
16 (1, 4, 0, 0, 0, 22, 23, 0, 1, 0, 0, 68)
17 (1, 4, 59, 0, 0, 11, 27, 0, 1, 0, 0, 79)
18 (1, 4, 0, 21, 0, 8, 33, 0, 0, 0, 0, 252)
19 (1, 4, 0, 21, 1, 9, 31, 0, 1, 0, 0, 77)
20 (1, 4, 0, 8, 13, 10, 33, 0, 1, 0, 0, 107)
21 (1, 4, 0, 7, 24, 12, 23, 0, 0, 0, 0, 214)
22 (1, 4, 0, 0, 10, 10, 25, 0, 0, 0, 0, 22)
23 (1, 4, 0, 0, 0, 10, 25, 0, 1, 0, 0, 231)
24 (1, 4, 0, 0, 0, 10, 26, 0, 0, 0, 0, 14)
25 (1, 4, 0, 0, 6, 10, 28, 0, 1, 0, 0, 12)
26 (1, 4, 17, 0, 0, 11, 28, 0, 1, 0, 0, 140)
27 (1, 4, 0, 1, 0, 12, 27, 0, 0, 0, 0, 128)
28 (1, 4, 9, 7, 0, 11, 30, 0, 0, 0, 0, 142)
29 (1, 4, 0, 0, 0, 12, 28, 0, 0, 0, 0, 93)
0 (1, 4, 0, 0, 0, 6, 36, 0, 1, 0, 0, 176)
1 (1, 4, 0, 0, 5, 13, 30, 0, 0, 0, 0, 122)
2 (1, 4, 2, 0, 0, 15, 28, 0, 1, 0, 0, 2)
3 (1, 4, 24, 0, 0, 17, 35, 0, 1, 0, 0, 226)
4 (1, 4, 0, 0, 0, 14, 36, 0, 1, 0, 0, 72)
5 (1, 4, 0, 0, 15, 10, 34, 0, 1, 0, 0, 124)
6 (1, 4, 0, 0, 20, 2, 30, 0, 1, 0, 0, 86)
7 (1, 4, 0, 0, 0, 0, 29, 0, 0, 0, 0, 160)
8 (1, 4, 12, 0, 36, 2, 26, 0, 0, 0, 0, 30)
9 (1, 4, 123, 13, 98, 0, 14, 0, 1, 0, 0, 246)
10 (1, 4, 227, 67, 139, 0, 1, 0, 0, 0, 0, 227)
11 (1, 4, 731, 119, 124, 0, 0, 0, 1, 0, 0, 188)
12 (1, 4, 873, 95, 460, 0, 0, 0, 3, 2, 0, 222)
13 (1, 4, 873, 0, 639, 0, 59, 32, 1, 1, 0, 187)
14 (1, 4, 392, 0, 737, 0, 37, 0, 1, 1, 0, 93)
15 (1, 4, 69, 0, 788, 0, 0, 0, 1, 1, 0, 14)
16 (1, 4, 0, 339, 327, 0, 0, 0, 1, 2, 0, 86)
17 (1, 4, 0, 325, 0, 0, 0, 0, 1, 0, 0, 21)
18 (1, 4, 0, 0, 0, 0, 0, 0, 1, 0, 0, 28)
19 (1, 4, 0, 0, 0, 0, 0, 0, 1, 0, 0, 28)
20 (1, 4, 0, 282, 0, 0, 0, 0, 1, 0, 0, 70)
21 (1, 4, 0, 447, 0, 0, 25, 0, 1, 0, 0, 215)
22 (1, 4, 0, 399, 72, 3, 9, 0, 1, 0, 0, 151)
23 (1, 4, 0, 272, 5, 39, 0, 0, 1, 0, 0, 230)
24 (1, 4, 0, 189, 0, 67, 0, 0, 0, 0, 0, 244)
25 (1, 4, 63, 0, 0, 93, 0, 0, 0, 0, 0, 186)
26 (1, 4, 421, 0, 0, 0, 0, 0, 1, 0, 0, 250)
27 (1, 4, 0, 0, 0, 0, 166, 0, 0, 0, 0, 86)
28 (1, 4, 286, 239, 50, 0, 70, 0, 0, 0, 0, 156)
29 (1, 4, 0, 185, 159, 0, 50, 0, 0, 0, 0, 119)
30 (1, 4, 0, 27, 120, 10, 0, 0, 0, 0, 0, 116)
31 (1, 4, 0, 0, 60, 11, 18, 0, 0, 0, 0, 179)
0 (1, 4, 31, 2, 12, 0, 33, 0, 0, 0, 0, 63)
1 (1, 4, 38, 0, 31, 0, 34, 0, 0, 0, 0, 68)
2 (1, 4, 6, 0, 49, 0, 28, 0, 0, 0, 0, 232)
3 (1, 4, 8, 0, 35, 0, 18, 0, 0, 0, 0, 60)
4 (1, 4, 4, 4, 12, 0, 23, 0, 0, 0, 0, 147)
5 (1, 4, 8, 22, 20, 0, 21, 0, 1, 0, 0, 132)
6 (1, 4, 43, 25, 19, 0, 25, 0, 0, 0, 0, 69)
7 (1, 4, 149, 64, 56, 0, 28, 0, 0, 0, 0, 164)
8 (1, 4, 400, 58, 139, 0, 24, 0, 0, 0, 0, 70)
9 (1, 4, 653, 90, 288, 0, 0, 0, 0, 0, 0, 182)
10 (1, 4, 873, 62, 448, 0, 0, 0, 0, 0, 0, 184)
11 (1, 4, 873, 0, 654, 0, 0, 0, 1, 0, 0, 172)
12 (1, 4, 873, 253, 535, 0, 0, 0, 3, 3, 0, 142)
13 (1, 4, 526, 489, 204, 0, 18, 65, 1, 1, 0, 129)
14 (1, 4, 0, 259, 0, 0, 0, 167, 4, 2, 0, 34)
15 (1, 4, 0, 0, 0, 0, 0, 87, 3, 2, 0, 139)
16 (1, 4, 0, 0, 0, 0, 0, 0, 4, 3, 0, 76)
17 (1, 4, 0, 151, 0, 0, 0, 0, 2, 2, 0, 14)
18 (1, 4, 0, 459, 9, 10, 0, 0, 2, 1, 0, 51)
19 (1, 4, 0, 359, 0, 152, 0, 49, 1, 1, 0, 222)
20 (1, 4, 41, 0, 0, 18, 0, 83, 2, 1, 0, 81)
21 (1, 4, 0, 0, 0, 0, 101, 0, 2, 2, 0, 225)
22 (1, 4, 294, 211, 0, 0, 107, 0, 1, 1, 0, 240)
23 (1, 4, 162, 153, 79, 0, 80, 14, 1, 1, 0, 196)
24 (1, 4, 0, 37, 138, 0, 0, 0, 1, 1, 0, 184)
25 (1, 4, 0, 0, 3, 0, 0, 0, 1, 1, 0, 204)
26 (1, 4, 0, 0, 0, 0, 7, 0, 1, 1, 0, 31)
27 (1, 4, 0, 0, 0, 0, 0, 0, 1, 1, 0, 119)
28 (1, 4, 19, 0, 0, 0, 0, 0, 1, 1, 0, 133)
29 (1, 4, 30, 1, 0, 0, 6, 0, 1, 1, 0, 103)
30 (1, 4, 0, 8, 9, 0, 3, 0, 1, 1, 0, 103)
31 (1, 4, 0, 14, 11, 0, 0, 0, 1, 1, 0, 116)
0 (1, 4, 1, 0, 0, 0, 5, 0, 1, 1, 0, 227)
1 (1, 4, 0, 0, 0, 0, 7, 0, 1, 1, 0, 31)
2 (1, 4, 0, 0, 0, 0, 6, 0, 1, 1, 0, 102)
3 (1, 4, 0, 0, 0, 0, 7, 0, 1, 1, 0, 31)
4 (1, 4, 0, 1, 2, 0, 6, 0, 1, 1, 0, 252)
5 (1, 4, 0, 9, 4, 0, 10, 0, 1, 1, 0, 28)
6 (1, 4, 7, 11, 21, 0, 11, 0, 1, 1, 0, 201)
7 (1, 4, 77, 31, 38, 0, 11, 0, 1, 1, 0, 173)
8 (1, 4, 189, 105, 114, 0, 11, 0, 1, 1, 0, 91)
9 (1, 4, 495, 175, 204, 0, 0, 0, 1, 1, 0, 238)
10 (1, 4, 873, 112, 228, 0, 0, 0, 2, 1, 0, 109)
11 (1, 4, 873, 0, 407, 0, 0, 0, 5, 4, 0, 56)
12 (1, 4, 873, 0, 394, 0, 0, 0, 10, 4, 0, 1)
13 (1, 4, 572, 225, 307, 0, 0, 0, 1, 1, 0, 142)
14 (1, 4, 277, 424, 270, 0, 0, 0, 1, 1, 0, 166)
15 (1, 4, 179, 527, 18, 0, 0, 0, 2, 2, 0, 96)
16 (1, 4, 0, 599, 0, 0, 0, 0, 3, 2, 0, 35)
17 (1, 4, 0, 753, 0, 0, 0, 0, 4, 3, 0, 21)
18 (1, 4, 0, 813, 160, 0, 0, 0, 3, 2, 0, 55)
19 (1, 4, 0, 405, 323, 0, 0, 0, 3, 2, 0, 249)
20 (1, 4, 70, 163, 117, 29, 0, 19, 3, 2, 0, 209)
21 (1, 4, 206, 0, 0, 9, 0, 86, 2, 1, 0, 164)
22 (1, 4, 0, 0, 0, 0, 135, 0, 1, 0, 0, 64)
23 (1, 4, 249, 17, 0, 0, 121, 0, 1, 0, 0, 39)
24 (1, 4, 0, 204, 95, 0, 81, 0, 1, 0, 0, 204)
25 (1, 4, 0, 63, 87, 7, 0, 0, 0, 0, 0, 80)
26 (1, 4, 0, 0, 0, 2, 13, 0, 0, 0, 0, 27)
27 (1, 4, 0, 0, 0, 0, 28, 0, 0, 0, 0, 217)
28 (1, 4, 0, 0, 0, 0, 25, 0, 0, 0, 0, 67)
29 (1, 4, 5, 0, 0, 0, 33, 0, 0, 0, 0, 60)
30 (1, 4, 0, 2, 7, 0, 21, 0, 0, 0, 0, 233)
31 (1, 4, 33, 0, 0, 0, 30, 0, 0, 0, 0, 226)
0 (1, 4, 0, 0, 7, 0, 25, 0, 0, 0, 0, 166)
1 (1, 4, 7, 4, 12, 0, 20, 0, 0, 0, 0, 10)
2 (1, 4, 29, 0, 2, 0, 13, 0, 0, 0, 0, 172)
3 (1, 4, 72, 0, 0, 0, 4, 0, 0, 0, 0, 100)
4 (1, 4, 342, 8, 13, 0, 0, 0, 0, 0, 0, 244)
5 (1, 4, 873, 0, 0, 0, 0, 0, 0, 0, 0, 72)
6 (1, 4, 873, 0, 0, 0, 0, 0, 0, 0, 0, 72)
7 (1, 4, 873, 135, 125, 0, 9, 0, 0, 0, 0, 255)
8 (1, 4, 749, 65, 190, 18, 52, 31, 3, 2, 0, 20)
9 (1, 4, 0, 282, 271, 0, 33, 61, 2, 2, 0, 116)
10 (1, 4, 13, 363, 553, 0, 0, 78, 2, 2, 0, 234)
11 (1, 4, 0, 357, 388, 0, 0, 75, 2, 2, 0, 156)
12 (1, 4, 0, 295, 183, 0, 0, 76, 1, 1, 0, 29)
13 (1, 4, 0, 216, 0, 0, 0, 62, 1, 1, 0, 115)
14 (1, 4, 0, 132, 0, 0, 0, 37, 1, 1, 0, 167)
15 (1, 4, 0, 139, 27, 0, 0, 41, 1, 1, 0, 241)
16 (1, 4, 0, 0, 28, 0, 0, 23, 1, 1, 0, 42)
17 (1, 4, 29, 0, 4, 0, 0, 17, 1, 1, 0, 131)
18 (1, 4, 138, 0, 0, 0, 0, 0, 4, 2, 0, 94)
19 (1, 4, 62, 39, 0, 0, 0, 0, 3, 2, 0, 189)
20 (1, 4, 0, 211, 0, 0, 0, 0, 0, 0, 0, 69)
21 (1, 4, 0, 190, 0, 0, 0, 0, 1, 0, 0, 186)
22 (1, 4, 0, 180, 0, 0, 0, 0, 1, 0, 0, 100)
23 (1, 4, 0, 274, 0, 0, 0, 0, 1, 0, 0, 245)
24 (1, 4, 0, 378, 0, 0, 0, 0, 1, 0, 0, 7)
25 (1, 4, 0, 405, 0, 0, 0, 0, 1, 0, 0, 246)
26 (1, 4, 0, 374, 0, 16, 0, 0, 1, 0, 0, 153)
27 (1, 4, 0, 274, 0, 39, 0, 2, 1, 0, 0, 248)
28 (1, 4, 0, 41, 0, 56, 0, 53, 1, 0, 0, 230)
29 (1, 4, 0, 0, 0, 39, 0, 75, 0, 0, 0, 3)
30 (1, 4, 0, 0, 0, 0, 0, 47, 0, 0, 0, 38)
31 (1, 4, 0, 0, 0, 0, 124, 0, 1, 1, 0, 199)

