1 (1, 4, 11, 77, 39, 0, 0, 0, 0, 0, 0, 88)
2 (1, 4, 45, 25, 34, 0, 0, 0, 0, 1, 0, 34)
3 (1, 4, 56, 0, 37, 0, 0, 0, 0, 1, 0, 118)
4 (1, 4, 116, 0, 69, 0, 0, 0, 0, 1, 0, 178)
5 (1, 4, 198, 0, 93, 0, 0, 0, 0, 1, 0, 95)
6 (1, 4, 352, 0, 58, 0, 0, 5, 0, 1, 0, 225)
7 (1, 4, 342, 0, 119, 0, 0, 0, 0, 1, 0, 197)
8 (1, 4, 0, 0, 8, 0, 0, 2, 0, 1, 0, 16)
9 (1, 4, 0, 0, 9, 0, 0, 6, 0, 1, 0, 241)
10 (1, 4, 0, 0, 0, 0, 0, 0, 0, 0, 0, 126)
11 (1, 4, 0, 0, 0, 0, 0, 0, 2, 1, 0, 209)
12 (1, 4, 0, 167, 0, 0, 0, 0, 4, 2, 0, 230)
13 (1, 4, 0, 305, 0, 24, 0, 0, 5, 3, 0, 210)
14 (1, 4, 0, 371, 0, 46, 0, 0, 5, 5, 0, 29)
15 (1, 4, 0, 399, 0, 51, 0, 0, 5, 5, 0, 57)
16 (1, 4, 0, 305, 0, 49, 0, 7, 5, 4, 0, 217)
17 (1, 4, 219, 107, 0, 39, 0, 103, 4, 4, 0, 45)
18 (1, 4, 0, 0, 137, 0, 0, 34, 4, 3, 0, 141)
19 (1, 4, 105, 0, 164, 0, 0, 0, 4, 4, 0, 59)
20 (1, 4, 0, 0, 0, 13, 0, 0, 4, 4, 0, 193)
21 (1, 4, 0, 36, 44, 28, 0, 0, 4, 4, 0, 45)
22 (1, 4, 0, 121, 42, 18, 0, 0, 4, 4, 0, 216)
23 (1, 4, 54, 16, 6, 24, 0, 0, 4, 4, 0, 70)
24 (1, 4, 0, 0, 0, 29, 0, 0, 4, 4, 0, 54)
25 (1, 4, 26, 13, 0, 29, 0, 0, 4, 3, 0, 112)
26 (1, 4, 4, 31, 0, 27, 0, 0, 4, 4, 0, 156)
27 (1, 4, 17, 0, 0, 29, 0, 0, 4, 4, 0, 216)
28 (1, 4, 4, 0, 0, 31, 0, 0, 4, 4, 0, 48)
29 (1, 4, 1, 5, 0, 30, 0, 0, 4, 4, 0, 118)
30 (1, 4, 6, 7, 0, 28, 0, 0, 4, 4, 0, 15)
31 (1, 4, 0, 21, 4, 28, 0, 0, 4, 4, 0, 121)
32 (1, 4, 0, 13, 0, 30, 0, 0, 4, 4, 0, 203)
1 (1, 4, 0, 109, 36, 13, 0, 0, 4, 3, 0, 234)
2 (1, 4, 253, 262, 157, 2, 0, 0, 3, 3, 0, 12)
3 (1, 4, 603, 344, 351, 0, 0, 0, 2, 3, 0, 60)
4 (1, 4, 696, 205, 483, 0, 0, 15, 1, 2, 0, 57)
5 (1, 4, 494, 58, 555, 0, 0, 12, 1, 1, 0, 219)
6 (1, 4, 24, 0, 556, 0, 0, 5, 0, 1, 0, 137)
7 (1, 4, 57, 142, 762, 0, 0, 14, 0, 1, 0, 205)
8 (1, 4, 0, 341, 434, 0, 0, 22, 0, 1, 0, 96)
9 (1, 4, 0, 83, 56, 0, 0, 61, 0, 2, 0, 157)
10 (1, 4, 0, 0, 0, 0, 0, 173, 0, 2, 0, 195)
11 (1, 4, 534, 0, 0, 0, 0, 35, 0, 1, 0, 18)
12 (1, 4, 330, 0, 0, 0, 0, 0, 0, 0, 0, 153)
13 (1, 4, 0, 0, 0, 0, 0, 4, 0, 0, 0, 11)
14 (1, 4, 70, 60, 0, 0, 0, 0, 0, 0, 0, 25)
15 (1, 4, 77, 255, 0, 0, 0, 0, 1, 0, 0, 67)
16 (1, 4, 0, 307, 0, 0, 0, 0, 1, 0, 0, 130)
17 (1, 4, 0, 306, 0, 0, 0, 0, 2, 1, 0, 250)
18 (1, 4, 0, 151, 0, 46, 0, 0, 3, 3, 0, 84)
19 (1, 4, 0, 131, 0, 88, 0, 0, 4, 4, 0, 89)
20 (1, 4, 0, 0, 0, 64, 0, 39, 4, 4, 0, 61)
21 (1, 4, 137, 0, 45, 64, 0, 43, 4, 4, 0, 65)
22 (1, 4, 106, 0, 0, 0, 0, 0, 4, 4, 0, 120)
23 (1, 4, 0, 0, 0, 0, 0, 0, 5, 5, 0, 83)
24 (1, 4, 315, 316, 32, 0, 19, 0, 4, 4, 0, 194)
25 (1, 4, 0, 0, 0, 39, 5, 0, 4, 4, 0, 116)
26 (1, 4, 0, 5, 0, 49, 0, 0, 4, 4, 0, 52)
27 (1, 4, 0, 0, 0, 50, 0, 0, 4, 4, 0, 122)
28 (1, 4, 40, 0, 0, 48, 0, 0, 4, 4, 0, 243)
29 (1, 4, 42, 8, 0, 50, 2, 0, 4, 4, 0, 144)
30 (1, 4, 0, 0, 0, 47, 0, 0, 4, 3, 0, 0)
31 (1, 4, 42, 14, 0, 41, 0, 0, 4, 3, 0, 237)
32 (1, 4, 17, 19, 0, 35, 1, 0, 3, 3, 0, 131)
1 (1, 4, 0, 151, 0, 0, 0, 0, 2, 4, 0, 115)
2 (1, 4, 218, 145, 0, 0, 0, 12, 2, 3, 0, 93)
3 (1, 4, 147, 44, 0, 3, 0, 42, 2, 2, 0, 243)
4 (1, 4, 136, 0, 0, 23, 0, 49, 3, 2, 0, 108)
5 (1, 4, 107, 0, 0, 51, 0, 7, 4, 3, 0, 76)
6 (1, 4, 0, 0, 0, 74, 0, 0, 4, 3, 0, 95)
7 (1, 4, 0, 227, 0, 88, 0, 0, 4, 3, 0, 14)
8 (1, 4, 0, 473, 0, 82, 0, 0, 4, 3, 0, 80)
9 (1, 4, 0, 460, 0, 57, 0, 44, 4, 3, 0, 133)
10 (1, 4, 0, 321, 0, 50, 0, 92, 4, 3, 0, 182)
11 (1, 4, 0, 175, 0, 39, 0, 126, 4, 3, 0, 155)
12 (1, 4, 21, 0, 0, 37, 0, 112, 4, 3, 0, 39)
13 (1, 4, 32, 0, 0, 32, 0, 93, 4, 3, 0, 180)
14 (1, 4, 155, 0, 0, 45, 0, 52, 4, 4, 0, 184)
15 (1, 4, 205, 0, 0, 36, 0, 58, 3, 4, 0, 29)
16 (1, 4, 176, 0, 0, 31, 3, 34, 3, 4, 0, 128)
17 (1, 4, 188, 0, 0, 2, 3, 0, 3, 4, 0, 188)
18 (1, 4, 0, 0, 0, 0, 27, 0, 3, 6, 0, 106)
19 (1, 4, 109, 0, 0, 18, 15, 0, 4, 7, 0, 143)
20 (1, 4, 114, 0, 6, 35, 89, 0, 4, 7, 0, 203)
21 (1, 4, 29, 0, 0, 48, 11, 0, 4, 6, 0, 126)
22 (1, 4, 19, 6, 0, 28, 29, 0, 4, 4, 0, 178)
23 (1, 4, 42, 8, 0, 21, 16, 0, 3, 4, 0, 122)
24 (1, 4, 5, 32, 0, 11, 23, 0, 3, 4, 0, 179)
25 (1, 4, 8, 0, 0, 15, 19, 0, 3, 4, 0, 168)
26 (1, 4, 0, 6, 0, 14, 20, 0, 3, 3, 0, 14)
27 (1, 4, 3, 0, 0, 16, 23, 0, 3, 3, 0, 109)
28 (1, 4, 0, 0, 0, 13, 23, 0, 3, 3, 0, 19)
29 (1, 4, 22, 0, 0, 14, 22, 0, 3, 3, 0, 143)
30 (1, 4, 0, 0, 11, 11, 21, 0, 3, 3, 0, 164)
31 (1, 4, 20, 0, 7, 14, 18, 0, 3, 3, 0, 149)
32 (1, 4, 0, 0, 12, 9, 20, 0, 3, 3, 0, 6)
1 (1, 4, 7, 4, 2, 7, 16, 0, 3, 3, 0, 98)
2 (1, 4, 9, 0, 0, 7, 18, 0, 3, 3, 0, 49)
3 (1, 4, 0, 1, 0, 7, 15, 0, 3, 3, 0, 36)
4 (1, 4, 8, 8, 0, 9, 17, 0, 3, 3, 0, 189)
5 (1, 4, 0, 3, 0, 8, 15, 0, 3, 3, 0, 236)
6 (1, 4, 17, 25, 4, 8, 14, 0, 3, 3, 0, 154)
7 (1, 4, 55, 73, 50, 8, 7, 0, 3, 3, 0, 211)
8 (1, 4, 326, 375, 288, 8, 0, 0, 3, 3, 0, 86)
9 (1, 4, 860, 593, 602, 0, 0, 0, 3, 3, 0, 117)
10 (1, 4, 827, 459, 743, 0, 0, 0, 2, 2, 0, 136)
11 (1, 4, 468, 214, 656, 0, 0, 25, 1, 1, 0, 183)
12 (1, 4, 256, 0, 551, 0, 0, 26, 0, 1, 0, 54)
13 (1, 4, 64, 0, 543, 0, 0, 0, 0, 1, 0, 0)
14 (1, 4, 0, 0, 445, 0, 0, 0, 0, 1, 0, 78)
15 (1, 4, 0, 0, 238, 0, 0, 0, 0, 1, 0, 44)
16 (1, 4, 0, 0, 0, 0, 0, 11, 0, 1, 0, 153)
17 (1, 4, 0, 0, 0, 0, 0, 19, 0, 0, 0, 203)
18 (1, 4, 0, 0, 0, 0, 0, 137, 0, 0, 0, 193)
19 (1, 4, 272, 0, 0, 0, 0, 0, 1, 1, 0, 149)
20 (1, 4, 0, 0, 0, 15, 0, 27, 2, 2, 0, 150)
21 (1, 4, 0, 0, 0, 22, 0, 9, 3, 2, 0, 142)
22 (1, 4, 0, 112, 0, 30, 0, 0, 3, 3, 0, 8)
23 (1, 4, 0, 200, 0, 22, 0, 0, 3, 3, 0, 225)
24 (1, 4, 0, 300, 0, 22, 0, 24, 3, 3, 0, 167)
25 (1, 4, 0, 162, 0, 27, 7, 48, 3, 3, 0, 255)
26 (1, 4, 0, 0, 0, 33, 8, 54, 3, 3, 0, 236)
27 (1, 4, 0, 0, 0, 35, 1, 43, 3, 3, 0, 249)
28 (1, 4, 98, 0, 0, 19, 0, 38, 3, 3, 0, 140)
29 (1, 4, 53, 0, 0, 0, 11, 3, 3, 4, 0, 78)
30 (1, 4, 99, 0, 0, 0, 13, 0, 3, 4, 0, 116)
31 (1, 4, 0, 0, 0, 0, 9, 0, 4, 5, 0, 137)
32 (1, 4, 363, 0, 0, 0, 48, 0, 4, 7, 0, 65)
1 (1, 4, 765, 536, 735, 0, 0, 0, 1, 1, 0, 7)
2 (1, 4, 266, 214, 622, 0, 0, 0, 1, 1, 0, 63)
3 (1, 4, 0, 201, 475, 0, 0, 0, 1, 1, 0, 220)
4 (1, 4, 0, 47, 338, 0, 0, 0, 1, 2, 0, 79)
5 (1, 4, 4, 167, 79, 0, 0, 0, 0, 2, 0, 243)
6 (1, 4, 38, 117, 0, 0, 0, 11, 0, 2, 0, 136)
7 (1, 4, 313, 27, 24, 0, 0, 0, 0, 1, 0, 135)
8 (1, 4, 371, 72, 161, 0, 0, 0, 0, 0, 0, 107)
9 (1, 4, 252, 0, 0, 0, 0, 0, 0, 0, 0, 141)
10 (1, 4, 239, 50, 0, 0, 0, 0, 0, 0, 0, 177)
11 (1, 4, 149, 245, 0, 0, 0, 0, 0, 0, 0, 243)
12 (1, 4, 43, 472, 0, 0, 0, 0, 0, 0, 0, 110)
13 (1, 4, 0, 471, 0, 0, 0, 0, 0, 0, 0, 122)
14 (1, 4, 0, 339, 0, 9, 0, 0, 1, 0, 0, 36)
15 (1, 4, 0, 119, 0, 26, 0, 0, 1, 1, 0, 100)
16 (1, 4, 0, 0, 0, 68, 0, 11, 1, 1, 0, 82)
17 (1, 4, 47, 0, 0, 115, 0, 0, 2, 1, 0, 166)
18 (1, 4, 0, 0, 0, 73, 0, 5, 3, 3, 0, 253)
19 (1, 4, 435, 0, 57, 0, 0, 6, 3, 2, 0, 73)
20 (1, 4, 0, 0, 0, 0, 0, 0, 3, 3, 0, 101)
21 (1, 4, 371, 0, 0, 0, 0, 0, 3, 3, 0, 219)
22 (1, 4, 259, 70, 121, 0, 11, 0, 2, 3, 0, 59)
23 (1, 4, 0, 65, 63, 0, 0, 0, 2, 2, 0, 130)
24 (1, 4, 131, 0, 45, 0, 0, 0, 2, 3, 0, 136)
25 (1, 4, 0, 0, 5, 0, 0, 0, 2, 3, 0, 205)
26 (1, 4, 3, 0, 2, 3, 0, 0, 2, 3, 0, 27)
27 (1, 4, 34, 21, 30, 0, 0, 0, 2, 3, 0, 96)
28 (1, 4, 2, 0, 28, 0, 0, 0, 2, 3, 0, 134)
29 (1, 4, 19, 0, 0, 0, 0, 0, 2, 2, 0, 158)
30 (1, 4, 0, 6, 4, 0, 0, 0, 2, 3, 0, 238)
31 (1, 4, 2, 15, 6, 0, 0, 0, 2, 2, 0, 176)
32 (1, 4, 0, 15, 3, 0, 0, 0, 2, 2, 0, 102)
1 (1, 4, 0, 0, 0, 0, 0, 0, 2, 2, 0, 108)
2 (1, 4, 9, 0, 3, 0, 0, 0, 2, 2, 0, 169)
3 (1, 4, 0, 29, 6, 0, 0, 0, 2, 2, 0, 160)
4 (1, 4, 0, 75, 13, 0, 0, 0, 2, 2, 0, 242)
5 (1, 4, 16, 165, 16, 0, 0, 0, 2, 2, 0, 95)
6 (1, 4, 46, 287, 80, 0, 0, 0, 2, 2, 0, 78)
7 (1, 4, 151, 319, 119, 0, 0, 0, 1, 2, 0, 125)
8 (1, 4, 269, 204, 181, 0, 0, 0, 1, 2, 0, 223)
9 (1, 4, 481, 54, 242, 0, 0, 17, 1, 1, 0, 156)
10 (1, 4, 665, 0, 357, 0, 0, 0, 1, 1, 0, 106)
11 (1, 4, 413, 0, 455, 0, 0, 0, 0, 1, 0, 22)
12 (1, 4, 92, 66, 489, 0, 0, 18, 0, 1, 0, 49)
13 (1, 4, 0, 30, 447, 0, 0, 23, 0, 1, 0, 196)
14 (1, 4, 0, 0, 365, 0, 0, 26, 0, 1, 0, 187)
15 (1, 4, 0, 0, 220, 0, 0, 58, 0, 0, 0, 200)
16 (1, 4, 125, 106, 215, 0, 0, 38, 0, 0, 0, 244)
17 (1, 4, 27, 114, 0, 0, 0, 36, 0, 0, 0, 101)
18 (1, 4, 0, 41, 0, 0, 0, 32, 0, 0, 0, 27)
19 (1, 4, 53, 0, 0, 0, 0, 31, 1, 1, 0, 76)
20 (1, 4, 151, 0, 0, 0, 0, 0, 2, 2, 0, 179)
21 (1, 4, 0, 128, 0, 0, 0, 0, 2, 2, 0, 109)
22 (1, 4, 0, 212, 0, 0, 0, 0, 2, 2, 0, 85)
23 (1, 4, 0, 381, 0, 0, 0, 0, 3, 2, 0, 23)
24 (1, 4, 0, 571, 0, 0, 0, 0, 3, 2, 0, 11)
25 (1, 4, 0, 758, 0, 0, 0, 0, 3, 3, 0, 62)
26 (1, 4, 0, 696, 285, 0, 0, 0, 3, 3, 0, 237)
27 (1, 4, 0, 482, 353, 19, 0, 51, 2, 2, 0, 170)
28 (1, 4, 0, 50, 117, 21, 0, 91, 2, 2, 0, 156)
29 (1, 4, 115, 0, 134, 9, 0, 33, 2, 1, 0, 116)
30 (1, 4, 184, 0, 93, 0, 0, 7, 2, 1, 0, 114)
31 (1, 4, 263, 0, 9, 0, 0, 0, 2, 2, 0, 108)
32 (1, 4, 82, 0, 45, 11, 0, 0, 2, 3, 0, 35)
1 (1, 4, 103, 0, 278, 29, 0, 0, 1, 1, 0, 44)
2 (1, 4, 0, 0, 168, 49, 0, 0, 1, 1, 0, 197)
3 (1, 4, 0, 0, 0, 84, 0, 0, 1, 2, 0, 148)
4 (1, 4, 0, 0, 0, 66, 0, 0, 3, 2, 0, 229)
5 (1, 4, 0, 0, 0, 62, 0, 0, 3, 3, 0, 193)
6 (1, 4, 0, 449, 160, 47, 0, 0, 3, 4, 0, 226)
7 (1, 4, 0, 342, 5, 30, 0, 0, 3, 3, 0, 82)
8 (1, 4, 0, 227, 156, 30, 0, 0, 3, 5, 0, 161)
9 (1, 4, 0, 210, 242, 73, 14, 0, 3, 3, 0, 173)
10 (1, 4, 0, 107, 103, 62, 0, 0, 2, 3, 0, 105)
11 (1, 4, 0, 0, 0, 0, 0, 0, 2, 3, 0, 7)
12 (1, 4, 48, 0, 0, 0, 32, 0, 2, 3, 0, 45)
13 (1, 4, 87, 52, 53, 0, 33, 0, 2, 2, 0, 105)
14 (1, 4, 0, 89, 92, 0, 9, 0, 2, 2, 0, 86)
15 (1, 4, 0, 67, 75, 3, 4, 0, 2, 2, 0, 9)
16 (1, 4, 0, 0, 9, 32, 1, 0, 2, 2, 0, 212)
17 (1, 4, 46, 0, 9, 27, 18, 0, 2, 2, 0, 142)
18 (1, 4, 1, 0, 0, 25, 17, 0, 2, 2, 0, 142)
19 (1, 4, 1, 0, 0, 20, 23, 0, 2, 2, 0, 4)
20 (1, 4, 10, 0, 0, 20, 25, 0, 2, 2, 0, 182)
21 (1, 4, 0, 7, 0, 20, 23, 0, 2, 2, 0, 8)
22 (1, 4, 33, 0, 0, 20, 22, 0, 2, 2, 0, 186)
23 (1, 4, 0, 6, 0, 16, 30, 0, 2, 2, 0, 121)
24 (1, 4, 0, 2, 8, 17, 24, 0, 2, 2, 0, 17)
25 (1, 4, 10, 0, 3, 19, 21, 0, 2, 2, 0, 114)
26 (1, 4, 0, 0, 0, 19, 22, 0, 2, 2, 0, 46)
27 (1, 4, 2, 0, 0, 17, 21, 0, 2, 2, 0, 135)
28 (1, 4, 5, 5, 0, 16, 22, 0, 2, 2, 0, 86)
29 (1, 4, 10, 0, 0, 15, 20, 0, 2, 2, 0, 195)
30 (1, 4, 0, 0, 0, 17, 23, 0, 2, 2, 0, 105)
31 (1, 4, 3, 0, 0, 14, 20, 0, 2, 3, 0, 201)
32 (1, 4, 10, 0, 0, 15, 23, 0, 2, 2, 0, 72)
1 (1, 4, 317, 0, 0, 0, 0, 20, 1, 2, 0, 15)
2 (1, 4, 0, 0, 0, 0, 0, 33, 2, 2, 0, 18)
3 (1, 4, 0, 0, 0, 18, 0, 14, 3, 1, 0, 92)
4 (1, 4, 0, 0, 0, 4, 0, 0, 3, 2, 0, 114)
5 (1, 4, 0, 0, 0, 31, 0, 0, 3, 2, 0, 92)
6 (1, 4, 0, 0, 0, 62, 0, 0, 4, 3, 0, 232)
7 (1, 4, 0, 110, 0, 119, 0, 8, 4, 4, 0, 99)
8 (1, 4, 0, 15, 0, 88, 0, 27, 3, 4, 0, 71)
9 (1, 4, 0, 0, 0, 61, 9, 0, 3, 4, 0, 78)
10 (1, 4, 0, 0, 0, 31, 0, 0, 3, 4, 0, 33)
11 (1, 4, 559, 0, 0, 0, 0, 0, 3, 3, 0, 252)
12 (1, 4, 475, 0, 99, 0, 0, 0, 3, 3, 0, 199)
13 (1, 4, 0, 0, 0, 10, 0, 0, 4, 3, 0, 138)
14 (1, 4, 0, 35, 36, 0, 1, 0, 4, 3, 0, 143)
15 (1, 4, 0, 117, 87, 0, 0, 0, 3, 3, 0, 75)
16 (1, 4, 0, 49, 64, 1, 0, 0, 3, 3, 0, 151)
17 (1, 4, 0, 28, 32, 5, 0, 0, 3, 4, 0, 230)
18 (1, 4, 1, 0, 13, 0, 0, 0, 3, 4, 0, 11)
19 (1, 4, 0, 0, 31, 9, 0, 0, 3, 4, 0, 178)
20 (1, 4, 15, 0, 12, 12, 0, 0, 3, 4, 0, 79)
21 (1, 4, 14, 13, 17, 9, 0, 0, 3, 4, 0, 247)
22 (1, 4, 3, 18, 3, 8, 0, 0, 3, 4, 0, 46)
23 (1, 4, 8, 0, 0, 5, 0, 0, 3, 4, 0, 96)
24 (1, 4, 0, 0, 0, 6, 0, 0, 3, 4, 0, 49)
25 (1, 4, 8, 2, 2, 8, 0, 0, 3, 4, 0, 185)
26 (1, 4, 22, 18, 9, 10, 0, 0, 3, 4, 0, 85)
27 (1, 4, 7, 25, 13, 6, 0, 0, 3, 4, 0, 10)
28 (1, 4, 12, 3, 4, 8, 0, 0, 3, 3, 0, 83)
29 (1, 4, 0, 2, 2, 9, 0, 0, 3, 4, 0, 214)
30 (1, 4, 5, 3, 0, 9, 0, 0, 3, 4, 0, 122) [FRAGMENTED]
31 (1, 4, 125, 290, 231, 57, 0, 0, 2, 2, 0, 38)
32 (1, 4, 261, 276, 257, 40, 0, 23, 2, 2, 0, 30)
1 (1, 4, 481, 184, 437, 52, 0, 37, 1, 2, 0, 2)
2 (1, 4, 244, 51, 422, 26, 7, 34, 1, 1, 0, 237)
3 (1, 4, 0, 0, 392, 0, 0, 10, 1, 1, 0, 52)
4 (1, 4, 0, 0, 685, 0, 0, 6, 0, 1, 0, 26)
5 (1, 4, 328, 151, 873, 0, 0, 11, 0, 1, 0, 202)
6 (1, 4, 0, 238, 828, 0, 0, 4, 0, 1, 0, 160)
7 (1, 4, 0, 170, 392, 0, 0, 0, 0, 1, 0, 24)
8 (1, 4, 0, 20, 0, 0, 0, 95, 0, 1, 0, 193)
9 (1, 4, 458, 0, 0, 0, 0, 0, 0, 0, 0, 140)
10 (1, 4, 12, 31, 0, 0, 0, 0, 0, 0, 0, 230)
11 (1, 4, 0, 0, 0, 0, 0, 5, 0, 0, 0, 212)
12 (1, 4, 0, 0, 0, 0, 0, 0, 2, 1, 0, 209)
13 (1, 4, 0, 0, 0, 31, 0, 0, 3, 2, 0, 92)
14 (1, 4, 0, 0, 0, 88, 0, 0, 3, 3, 0, 191)
15 (1, 4, 0, 430, 0, 103, 0, 0, 3, 3, 0, 38)
16 (1, 4, 0, 502, 0, 114, 0, 0, 3, 3, 0, 227)
17 (1, 4, 0, 242, 0, 94, 0, 25, 3, 2, 0, 60)
18 (1, 4, 90, 0, 0, 36, 0, 77, 3, 2, 0, 155)
19 (1, 4, 132, 0, 121, 0, 0, 13, 3, 2, 0, 49)
20 (1, 4, 333, 0, 49, 0, 0, 0, 2, 2, 0, 180)
21 (1, 4, 0, 0, 0, 35, 0, 0, 3, 3, 0, 173)
22 (1, 4, 0, 59, 160, 6, 4, 0, 3, 3, 0, 3)
23 (1, 4, 0, 0, 25, 22, 0, 0, 3, 3, 0, 135)
24 (1, 4, 48, 0, 0, 17, 0, 0, 3, 2, 0, 193)
25 (1, 4, 0, 0, 0, 29, 0, 0, 3, 2, 0, 98)
26 (1, 4, 88, 47, 0, 26, 0, 0, 3, 2, 0, 85)
27 (1, 4, 26, 48, 8, 22, 0, 0, 3, 2, 0, 40)
28 (1, 4, 26, 30, 0, 25, 0, 0, 3, 2, 0, 247)
29 (1, 4, 8, 60, 0, 27, 0, 0, 3, 3, 0, 241) [FRAGMENTED]
30 (1, 4, 43, 55, 0, 25, 0, 0, 3, 3, 0, 113)
31 (1, 4, 0, 0, 0, 32, 0, 0, 3, 3, 0, 140)
32 (1, 4, 0, 11, 0, 35, 0, 0, 2, 3, 0, 164)
1 (1, 4, 0, 18, 0, 35, 0, 0, 3, 3, 0, 161)
2 (1, 4, 0, 28, 0, 37, 0, 0, 3, 3, 0, 231)
3 (1, 4, 0, 106, 0, 33, 0, 0, 3, 3, 0, 12)
4 (1, 4, 0, 307, 76, 17, 0, 0, 2, 2, 0, 3)
5 (1, 4, 105, 416, 132, 6, 0, 0, 2, 2, 0, 151)
6 (1, 4, 328, 460, 163, 19, 0, 0, 1, 2, 0, 93)
7 (1, 4, 317, 452, 230, 3, 0, 1, 1, 1, 0, 210)
8 (1, 4, 268, 311, 295, 12, 0, 37, 1, 1, 0, 176)
9 (1, 4, 124, 39, 284, 3, 0, 40, 1, 1, 0, 251)
10 (1, 4, 133, 0, 394, 0, 0, 41, 1, 1, 0, 255)
11 (1, 4, 1, 0, 478, 0, 0, 16, 1, 1, 0, 79)
12 (1, 4, 0, 0, 554, 0, 0, 0, 1, 1, 0, 160)
13 (1, 4, 0, 0, 635, 0, 0, 0, 1, 1, 0, 176)
14 (1, 4, 0, 0, 370, 0, 0, 0, 0, 1, 0, 29)
15 (1, 4, 0, 0, 0, 0, 0, 0, 0, 2, 0, 168)
16 (1, 4, 0, 0, 0, 0, 0, 52, 0, 1, 0, 18)
17 (1, 4, 56, 0, 0, 1, 0, 16, 0, 1, 0, 142)
18 (1, 4, 0, 0, 0, 12, 0, 0, 1, 1, 0, 243)
19 (1, 4, 0, 29, 0, 14, 0, 0, 1, 1, 0, 112)
20 (1, 4, 0, 177, 0, 16, 0, 0, 2, 2, 0, 140)
21 (1, 4, 0, 238, 0, 18, 0, 0, 3, 2, 0, 131)
22 (1, 4, 0, 307, 0, 35, 0, 0, 3, 3, 0, 51)
23 (1, 4, 0, 279, 0, 46, 0, 0, 3, 3, 0, 176)
24 (1, 4, 0, 146, 0, 87, 0, 0, 3, 3, 0, 23)
25 (1, 4, 0, 0, 0, 103, 0, 0, 3, 3, 0, 4)
26 (1, 4, 313, 0, 25, 59, 0, 22, 3, 3, 0, 177)
27 (1, 4, 426, 0, 3, 0, 8, 0, 3, 2, 0, 200)
28 (1, 4, 348, 0, 0, 0, 0, 0, 3, 2, 0, 45)
29 (1, 4, 296, 0, 0, 8, 5, 0, 3, 3, 0, 178)
30 (1, 4, 29, 31, 13, 24, 16, 0, 3, 3, 0, 239)
31 (1, 4, 147, 79, 58, 23, 0, 0, 3, 3, 0, 8)
32 (1, 4, 616, 384, 278, 36, 0, 0, 2, 3, 0, 31)
1 (1, 4, 873, 560, 503, 30, 0, 0, 2, 2, 0, 74)
2 (1, 4, 873, 513, 689, 25, 0, 0, 1, 1, 0, 119)
3 (1, 4, 873, 433, 685, 5, 0, 31, 1, 1, 0, 57)
4 (1, 4, 231, 244, 268, 0, 0, 137, 0, 0, 0, 244)
5 (1, 4, 103, 0, 19, 0, 0, 149, 0, 0, 0, 45)
6 (1, 4, 190, 0, 10, 0, 0, 135, 0, 0, 0, 18)
7 (1, 4, 105, 0, 0, 0, 0, 125, 0, 0, 0, 57)
8 (1, 4, 68, 0, 0, 0, 0, 117, 0, 0, 0, 82)
9 (1, 4, 50, 0, 4, 0, 0, 102, 0, 0, 0, 51)
10 (1, 4, 29, 25, 5, 0, 0, 84, 0, 0, 0, 150)
11 (1, 4, 0, 59, 39, 0, 0, 71, 0, 0, 0, 251)
12 (1, 4, 0, 127, 68, 0, 0, 50, 0, 0, 0, 129)
13 (1, 4, 0, 217, 96, 0, 0, 42, 0, 1, 0, 7)
14 (1, 4, 0, 190, 0, 0, 0, 77, 0, 1, 0, 182)
15 (1, 4, 0, 354, 0, 0, 0, 114, 0, 1, 0, 82)
16 (1, 4, 0, 328, 70, 0, 0, 41, 0, 1, 0, 222)
17 (1, 4, 0, 0, 0, 0, 0, 73, 0, 1, 0, 101)
18 (1, 4, 0, 0, 17, 0, 0, 3, 0, 1, 0, 152)
19 (1, 4, 142, 136, 54, 0, 0, 0, 0, 1, 0, 22)
20 (1, 4, 323, 58, 0, 0, 0, 0, 0, 1, 0, 241)
21 (1, 4, 0, 0, 0, 0, 0, 0, 0, 0, 0, 126)
22 (1, 4, 0, 56, 0, 0, 0, 0, 0, 0, 0, 110)
23 (1, 4, 0, 128, 0, 0, 0, 0, 0, 1, 0, 20)
24 (1, 4, 0, 206, 0, 8, 0, 0, 1, 1, 0, 9)
25 (1, 4, 0, 191, 0, 80, 0, 0, 2, 3, 0, 54)
26 (1, 4, 0, 357, 0, 76, 0, 0, 3, 4, 0, 233)
27 (1, 4, 0, 363, 294, 60, 0, 14, 3, 3, 0, 196) [FRAGMENTED]
28 (1, 4, 152, 19, 203, 0, 0, 60, 2, 1, 0, 13)
29 (1, 4, 10, 0, 0, 0, 32, 0, 3, 1, 0, 210)
30 (1, 4, 0, 307, 289, 0, 0, 10, 0, 1, 0, 239)
31 (1, 4, 0, 126, 26, 0, 0, 16, 0, 1, 0, 14)
32 (1, 4, 0, 0, 0, 0, 0, 11, 0, 1, 0, 153)
1 (1, 4, 0, 0, 0, 0, 0, 82, 0, 1, 0, 58)
2 (1, 4, 177, 0, 13, 0, 0, 0, 0, 1, 0, 95)
3 (1, 4, 158, 48, 171, 0, 0, 3, 0, 1, 0, 121)
4 (1, 4, 515, 118, 482, 0, 0, 57, 0, 1, 0, 85)
5 (1, 4, 206, 0, 126, 0, 0, 41, 0, 1, 0, 254)
6 (1, 4, 0, 0, 0, 0, 0, 68, 0, 0, 0, 78)
7 (1, 4, 0, 0, 0, 0, 0, 79, 2, 1, 0, 109)
8 (1, 4, 0, 0, 0, 0, 0, 97, 3, 3, 0, 94)
9 (1, 4, 0, 0, 0, 10, 0, 101, 3, 3, 0, 237)
10 (1, 4, 0, 0, 0, 23, 0, 49, 3, 3, 0, 98)
11 (1, 4, 0, 0, 0, 0, 0, 14, 3, 3, 0, 67)
12 (1, 4, 0, 0, 0, 0, 0, 0, 3, 3, 0, 101)
13 (1, 4, 0, 0, 0, 0, 0, 0, 3, 4, 0, 115)
14 (1, 4, 53, 159, 0, 0, 46, 0, 3, 3, 0, 120)
15 (1, 4, 0, 141, 14, 19, 0, 0, 3, 3, 0, 163)
16 (1, 4, 0, 19, 0, 39, 9, 0, 3, 3, 0, 208)
17 (1, 4, 0, 0, 0, 37, 6, 0, 3, 3, 0, 254)
18 (1, 4, 0, 0, 0, 37, 19, 0, 3, 3, 0, 225)
19 (1, 4, 0, 0, 4, 36, 20, 0, 3, 3, 0, 200)
20 (1, 4, 0, 0, 0, 36, 10, 0, 3, 3, 0, 195)
21 (1, 4, 0, 0, 0, 31, 8, 0, 3, 3, 0, 246)
22 (1, 4, 30, 10, 36, 36, 19, 0, 3, 3, 0, 52)
23 (1, 4, 0, 0, 9, 35, 7, 0, 3, 3, 0, 237)
24 (1, 4, 7, 0, 5, 37, 12, 0, 3, 3, 0, 45)
25 (1, 4, 0, 0, 0, 33, 13, 0, 3, 3, 0, 200)
26 (1, 4, 0, 0, 0, 36, 14, 0, 3, 3, 0, 32)
27 (1, 4, 0, 0, 0, 29, 17, 0, 3, 3, 0, 245)
28 (1, 4, 60, 89, 76, 13, 13, 0, 3, 3, 0, 55)
29 (1, 4, 207, 165, 187, 1, 0, 0, 3, 3, 0, 103)
30 (1, 4, 351, 163, 296, 1, 0, 0, 3, 3, 0, 79)
31 (1, 4, 744, 197, 480, 10, 0, 0, 2, 2, 0, 193)
32 (1, 4, 801, 188, 647, 4, 0, 0, 2, 2, 0, 186)
1 (1, 4, 415, 232, 760, 0, 0, 0, 1, 1, 0, 164)
2 (1, 4, 260, 393, 780, 0, 0, 10, 0, 1, 0, 155)
3 (1, 4, 40, 340, 556, 0, 0, 12, 0, 1, 0, 70)
4 (1, 4, 0, 242, 103, 0, 0, 25, 0, 1, 0, 95)
5 (1, 4, 0, 0, 0, 0, 0, 148, 0, 0, 0, 82)
6 (1, 4, 9, 0, 0, 0, 0, 0, 0, 0, 0, 0)
7 (1, 4, 0, 39, 0, 0, 0, 0, 0, 0, 0, 190)
8 (1, 4, 0, 37, 34, 0, 0, 0, 0, 0, 0, 2)
9 (1, 4, 32, 0, 5, 0, 0, 0, 0, 0, 0, 115)
10 (1, 4, 0, 0, 0, 0, 0, 0, 0, 0, 0, 126)
11 (1, 4, 0, 0, 0, 0, 0, 0, 0, 0, 0, 126)
12 (1, 4, 22, 5, 0, 0, 0, 0, 0, 0, 0, 213)
13 (1, 4, 155, 62, 23, 0, 0, 0, 0, 0, 0, 212)
14 (1, 4, 214, 83, 25, 0, 0, 0, 0, 0, 0, 75)
15 (1, 4, 145, 97, 0, 0, 0, 0, 0, 0, 0, 113)
16 (1, 4, 29, 103, 0, 0, 0, 0, 0, 0, 0, 155)
17 (1, 4, 13, 164, 0, 0, 0, 0, 0, 0, 0, 33)
18 (1, 4, 6, 212, 0, 0, 0, 0, 0, 0, 0, 99)
19 (1, 4, 152, 225, 0, 0, 0, 0, 0, 1, 0, 101)
20 (1, 4, 163, 186, 0, 0, 0, 0, 1, 1, 0, 203)
21 (1, 4, 0, 159, 0, 0, 0, 0, 1, 1, 0, 166)
22 (1, 4, 0, 181, 0, 26, 0, 0, 1, 1, 0, 139)
23 (1, 4, 0, 160, 0, 45, 0, 0, 2, 2, 0, 221)
24 (1, 4, 0, 128, 0, 62, 0, 0, 2, 2, 0, 201)
25 (1, 4, 0, 117, 0, 72, 0, 0, 3, 3, 0, 7)
26 (1, 4, 0, 84, 0, 66, 0, 0, 3, 3, 0, 182)
27 (1, 4, 0, 16, 0, 72, 0, 0, 3, 3, 0, 41)
28 (1, 4, 94, 79, 65, 4, 6, 0, 3, 3, 0, 104)
29 (1, 4, 198, 151, 147, 8, 0, 0, 2, 3, 0, 16)
30 (1, 4, 506, 289, 261, 14, 0, 0, 2, 2, 0, 6)
31 (1, 4, 646, 463, 421, 28, 0, 0, 2, 2, 0, 100)
32 (1, 4, 558, 489, 448, 22, 0, 0, 1, 1, 0, 161)
1 (1, 4, 636, 567, 464, 5, 0, 8, 1, 1, 0, 88)
2 (1, 4, 358, 474, 370, 0, 0, 41, 1, 1, 0, 91)
3 (1, 4, 124, 383, 259, 0, 0, 54, 1, 1, 0, 189)
4 (1, 4, 70, 494, 332, 0, 0, 42, 0, 1, 0, 175)
5 (1, 4, 0, 372, 154, 0, 0, 35, 0, 1, 0, 208)
6 (1, 4, 0, 0, 0, 0, 0, 120, 0, 1, 0, 200)
7 (1, 4, 421, 184, 55, 0, 0, 0, 0, 1, 0, 134)
8 (1, 4, 0, 129, 0, 0, 0, 0, 0, 1, 0, 161)
9 (1, 4, 0, 148, 0, 0, 0, 0, 0, 1, 0, 175)
10 (1, 4, 0, 296, 0, 22, 0, 0, 0, 1, 0, 52)
11 (1, 4, 0, 330, 0, 27, 0, 0, 1, 1, 0, 225)
12 (1, 4, 0, 334, 0, 28, 0, 0, 2, 2, 0, 125)
13 (1, 4, 0, 247, 0, 41, 0, 0, 3, 2, 0, 35)
14 (1, 4, 0, 191, 0, 37, 0, 0, 3, 3, 0, 252)
15 (1, 4, 0, 0, 0, 30, 0, 0, 3, 3, 0, 40)
16 (1, 4, 0, 0, 0, 16, 0, 26, 3, 3, 0, 18)
17 (1, 4, 156, 0, 0, 14, 0, 0, 3, 4, 0, 116)
18 (1, 4, 0, 0, 0, 9, 12, 0, 3, 5, 0, 221)
19 (1, 4, 52, 0, 0, 8, 61, 0, 4, 6, 0, 184)
20 (1, 4, 104, 0, 0, 2, 31, 0, 3, 7, 0, 226)
21 (1, 4, 0, 0, 0, 2, 58, 0, 3, 6, 0, 32)
22 (1, 4, 0, 0, 0, 0, 47, 0, 3, 7, 0, 106)
23 (1, 4, 7, 0, 0, 0, 41, 0, 3, 6, 0, 58)
24 (1, 4, 0, 0, 16, 0, 19, 0, 3, 5, 0, 105)
25 (1, 4, 9, 12, 0, 0, 22, 0, 3, 5, 0, 155)
26 (1, 4, 0, 13, 0, 0, 21, 0, 3, 4, 0, 176)
27 (1, 4, 9, 11, 0, 0, 24, 0, 3, 4, 0, 34)
28 (1, 4, 0, 17, 0, 0, 25, 0, 3, 5, 0, 241)
29 (1, 4, 0, 7, 0, 0, 23, 0, 3, 4, 0, 156)
30 (1, 4, 0, 14, 0, 0, 23, 0, 3, 3, 0, 140)
31 (1, 4, 0, 12, 0, 0, 23, 0, 3, 3, 0, 225)
32 (1, 4, 0, 15, 0, 0, 24, 0, 3, 3, 0, 144)
1 (1, 4, 0, 21, 0, 0, 24, 0, 3, 3, 0, 47)
2 (1, 4, 0, 36, 3, 0, 24, 0, 3, 3, 0, 130)
3 (1, 4, 0, 39, 0, 0, 24, 0, 3, 2, 0, 138)
4 (1, 4, 0, 96, 39, 0, 38, 0, 3, 2, 0, 72)
5 (1, 4, 0, 204, 128, 0, 10, 0, 3, 2, 0, 39)
6 (1, 4, 341, 315, 176, 0, 0, 0, 3, 1, 0, 179)
7 (1, 4, 772, 304, 188, 0, 0, 0, 2, 1, 0, 59)
8 (1, 4, 873, 220, 333, 0, 0, 0, 1, 0, 0, 112)
9 (1, 4, 873, 0, 548, 0, 0, 0, 0, 0, 0, 82)
10 (1, 4, 725, 0, 745, 0, 0, 0, 0, 0, 0, 86)
11 (1, 4, 71, 91, 511, 0, 0, 0, 0, 0, 0, 219)
12 (1, 4, 0, 145, 135, 0, 0, 9, 0, 0, 0, 138)
13 (1, 4, 0, 114, 78, 0, 0, 23, 0, 1, 0, 174)
14 (1, 4, 0, 50, 0, 0, 0, 31, 0, 1, 0, 241)
15 (1, 4, 0, 0, 0, 0, 0, 157, 0, 1, 0, 12)
16 (1, 4, 0, 0, 0, 0, 0, 0, 0, 0, 0, 126)
17 (1, 4, 0, 6, 0, 20, 0, 12, 0, 0, 0, 221)
18 (1, 4, 0, 218, 0, 0, 0, 0, 1, 1, 0, 74)
19 (1, 4, 0, 314, 0, 7, 0, 0, 2, 1, 0, 20)
20 (1, 4, 0, 270, 0, 33, 0, 0, 3, 2, 0, 25)
21 (1, 4, 0, 166, 0, 80, 0, 0, 3, 2, 0, 88)
22 (1, 4, 0, 137, 0, 74, 6, 0, 3, 2, 0, 11)
23 (1, 4, 0, 0, 0, 69, 0, 51, 3, 2, 0, 172)
24 (1, 4, 0, 0, 0, 48, 0, 106, 3, 3, 0, 204)
25 (1, 4, 170, 0, 0, 37, 0, 105, 3, 3, 0, 128)
26 (1, 4, 0, 0, 0, 0, 15, 0, 3, 3, 0, 204)
27 (1, 4, 0, 0, 0, 12, 0, 0, 3, 4, 0, 247)
28 (1, 4, 0, 4, 0, 21, 0, 0, 2, 2, 0, 34)
29 (1, 4, 0, 3, 0, 22, 0, 0, 2, 2, 0, 1)
30 (1, 4, 0, 38, 0, 16, 0, 0, 2, 2, 0, 238)
31 (1, 4, 0, 201, 20, 20, 0, 0, 2, 2, 0, 66)
32 (1, 4, 331, 660, 125, 0, 0, 0, 2, 2, 0, 254)
1 (1, 4, 873, 873, 350, 0, 0, 0, 2, 2, 0, 33)
2 (1, 4, 684, 873, 563, 0, 26, 0, 1, 1, 0, 176)
3 (1, 4, 169, 588, 468, 0, 0, 41, 1, 1, 0, 30)
4 (1, 4, 0, 474, 419, 0, 0, 57, 1, 1, 0, 1)
5 (1, 4, 0, 328, 339, 0, 0, 63, 1, 1, 0, 75)
6 (1, 4, 0, 344, 437, 0, 0, 77, 0, 1, 0, 67)
7 (1, 4, 0, 276, 147, 0, 0, 47, 0, 1, 0, 38)
8 (1, 4, 0, 0, 0, 0, 0, 127, 0, 1, 0, 219)
9 (1, 4, 0, 0, 0, 0, 0, 25, 0, 1, 0, 243)
10 (1, 4, 0, 0, 0, 0, 0, 24, 0, 1, 0, 44)
11 (1, 4, 146, 39, 0, 0, 0, 0, 1, 1, 0, 94)
12 (1, 4, 0, 219, 0, 14, 0, 0, 2, 1, 0, 227)
13 (1, 4, 0, 341, 0, 16, 0, 2, 2, 2, 0, 74)
14 (1, 4, 0, 263, 0, 33, 0, 48, 3, 2, 0, 109)
15 (1, 4, 0, 0, 0, 42, 0, 72, 3, 2, 0, 142)
16 (1, 4, 89, 0, 0, 30, 0, 60, 3, 2, 0, 185)
17 (1, 4, 114, 0, 0, 0, 0, 10, 3, 3, 0, 132)
18 (1, 4, 0, 0, 0, 0, 13, 0, 3, 3, 0, 62)
19 (1, 4, 445, 0, 130, 0, 0, 0, 3, 3, 0, 205)
20 (1, 4, 193, 0, 0, 24, 0, 0, 3, 3, 0, 248)
21 (1, 4, 0, 0, 0, 22, 0, 0, 3, 3, 0, 208)
22 (1, 4, 22, 0, 36, 22, 0, 0, 3, 3, 0, 180)
23 (1, 4, 53, 0, 0, 18, 0, 0, 3, 3, 0, 189)
24 (1, 4, 0, 0, 0, 20, 0, 0, 3, 3, 0, 238)
25 (1, 4, 0, 0, 9, 16, 0, 0, 3, 3, 0, 186)
26 (1, 4, 0, 20, 22, 16, 0, 0, 3, 3, 0, 39)
27 (1, 4, 20, 1, 0, 14, 0, 0, 3, 3, 0, 178)
28 (1, 4, 0, 0, 0, 0, 0, 32, 0, 1, 0, 180)
29 (1, 4, 0, 0, 0, 0, 0, 0, 0, 1, 0, 21)
30 (1, 4, 0, 29, 0, 0, 0, 0, 0, 1, 0, 168)
31 (1, 4, 0, 86, 0, 6, 0, 0, 0, 1, 0, 2)
32 (1, 4, 0, 243, 0, 14, 0, 0, 1, 1, 0, 52)
1 (1, 4, 239, 386, 0, 33, 0, 0, 1, 0, 0, 98)
2 (1, 4, 0, 238, 0, 45, 0, 0, 2, 1, 0, 231)
3 (1, 4, 0, 256, 0, 64, 0, 10, 2, 1, 0, 178)
4 (1, 4, 0, 175, 0, 74, 0, 15, 3, 2, 0, 150)
5 (1, 4, 0, 16, 0, 66, 0, 55, 3, 2, 0, 229)
6 (1, 4, 0, 0, 0, 31, 0, 39, 3, 2, 0, 238)
7 (1, 4, 0, 0, 97, 0, 1, 0, 3, 3, 0, 141)
8 (1, 4, 0, 0, 0, 0, 0, 0, 3, 3, 0, 101)
9 (1, 4, 233, 0, 0, 0, 0, 0, 3, 3, 0, 64)
10 (1, 4, 196, 0, 0, 0, 26, 0, 3, 3, 0, 119)
11 (1, 4, 0, 0, 50, 8, 0, 0, 3, 3, 0, 51)
12 (1, 4, 43, 0, 0, 3, 0, 0, 3, 3, 0, 225)
13 (1, 4, 0, 0, 12, 2, 0, 0, 3, 3, 0, 185)
14 (1, 4, 2, 0, 49, 11, 0, 0, 3, 3, 0, 181)
15 (1, 4, 0, 44, 32, 1, 0, 0, 3, 3, 0, 47)
16 (1, 4, 0, 22, 22, 3, 0, 0, 3, 3, 0, 156)
17 (1, 4, 0, 0, 0, 4, 0, 0, 3, 3, 0, 25)
18 (1, 4, 0, 14, 6, 6, 0, 0, 3, 3, 0, 82)
19 (1, 4, 0, 14, 3, 4, 0, 0, 3, 3, 0, 166)
20 (1, 4, 0, 11, 0, 7, 0, 0, 3, 3, 0, 83)
21 (1, 4, 8, 21, 0, 7, 0, 0, 3, 3, 0, 70)
22 (1, 4, 0, 16, 0, 4, 0, 0, 3, 3, 0, 120)
23 (1, 4, 5, 22, 0, 6, 0, 0, 3, 3, 0, 199)
24 (1, 4, 7, 17, 0, 5, 0, 0, 3, 3, 0, 248)
25 (1, 4, 9, 25, 0, 9, 0, 0, 3, 3, 0, 155)
26 (1, 4, 0, 31, 0, 11, 0, 0, 3, 3, 0, 108)
27 (1, 4, 0, 38, 3, 9, 0, 0, 3, 3, 0, 76)
28 (1, 4, 16, 5, 6, 21, 0, 0, 3, 3, 0, 15)
29 (1, 4, 3, 8, 6, 24, 0, 0, 3, 3, 0, 186)
30 (1, 4, 9, 9, 0, 23, 0, 0, 3, 3, 0, 183)
31 (1, 4, 0, 5, 0, 23, 0, 0, 3, 3, 0, 160)
32 (1, 4, 18, 0, 0, 22, 0, 0, 3, 3, 0, 44)
1 (1, 4, 17, 3, 0, 20, 0, 0, 3, 3, 0, 216)
2 (1, 4, 23, 2, 0, 20, 0, 0, 3, 3, 0, 73)
3 (1, 4, 16, 0, 0, 19, 0, 0, 3, 3, 0, 83)
4 (1, 4, 32, 2, 0, 19, 0, 0, 3, 3, 0, 25)
5 (1, 4, 81, 42, 19, 15, 0, 0, 3, 3, 0, 127)
6 (1, 4, 290, 309, 237, 14, 0, 0, 3, 3, 0, 173)
7 (1, 4, 552, 639, 513, 0, 0, 0, 3, 3, 0, 164)
8 (1, 4, 444, 637, 566, 0, 0, 0, 2, 2, 0, 111)
9 (1, 4, 521, 535, 547, 0, 0, 7, 1, 1, 0, 79)
10 (1, 4, 206, 364, 486, 0, 0, 47, 0, 1, 0, 144)
11 (1, 4, 0, 220, 318, 0, 0, 10, 0, 1, 0, 221)
12 (1, 4, 0, 191, 116, 0, 0, 0, 0, 1, 0, 34)
13 (1, 4, 0, 48, 0, 0, 0, 7, 0, 1, 0, 165)
14 (1, 4, 288, 0, 0, 0, 0, 255, 0, 2, 0, 41)
15 (1, 4, 0, 0, 0, 7, 0, 0, 1, 1, 0, 42)
16 (1, 4, 0, 99, 0, 2, 0, 0, 1, 1, 0, 208)
17 (1, 4, 31, 127, 0, 29, 0, 0, 2, 1, 0, 150)
18 (1, 4, 0, 265, 0, 39, 0, 0, 3, 2, 0, 89)
19 (1, 4, 0, 303, 0, 44, 0, 1, 3, 2, 0, 42)
20 (1, 4, 0, 192, 0, 49, 0, 32, 3, 2, 0, 44)
21 (1, 4, 0, 0, 0, 45, 0, 65, 4, 3, 0, 164)
22 (1, 4, 244, 0, 0, 1, 0, 38, 3, 3, 0, 148)
23 (1, 4, 359, 0, 0, 0, 0, 0, 3, 3, 0, 3)
24 (1, 4, 136, 0, 0, 0, 0, 0, 3, 3, 0, 0)
25 (1, 4, 151, 0, 0, 17, 17, 0, 4, 4, 0, 145)
26 (1, 4, 0, 0, 0, 22, 36, 0, 4, 4, 0, 1)
27 (1, 4, 150, 70, 195, 23, 0, 0, 3, 4, 0, 141)
28 (1, 4, 35, 0, 0, 19, 0, 0, 3, 3, 0, 102)
29 (1, 4, 0, 4, 0, 17, 0, 0, 3, 3, 0, 87)
30 (1, 4, 21, 0, 0, 17, 0, 0, 3, 3, 0, 91)
31 (1, 4, 0, 0, 0, 18, 0, 0, 3, 3, 0, 172)
32 (1, 4, 12, 0, 0, 21, 0, 0, 3, 3, 0, 185)
1 (1, 4, 0, 2, 0, 18, 0, 0, 3, 3, 0, 193)
2 (1, 4, 0, 11, 0, 20, 0, 0, 3, 4, 0, 147)
3 (1, 4, 0, 10, 0, 18, 0, 0, 3, 3, 0, 114)
4 (1, 4, 0, 25, 0, 18, 0, 0, 3, 3, 0, 203)
5 (1, 4, 0, 72, 5, 15, 0, 0, 3, 3, 0, 58)
6 (1, 4, 279, 321, 259, 0, 0, 0, 3, 3, 0, 152)
7 (1, 4, 873, 792, 873, 0, 0, 0, 2, 3, 0, 1)
8 (1, 4, 873, 738, 873, 0, 5, 0, 1, 1, 0, 241)
9 (1, 4, 491, 384, 523, 0, 0, 24, 1, 1, 0, 44)
10 (1, 4, 0, 262, 172, 0, 0, 39, 0, 1, 0, 24)
11 (1, 4, 0, 96, 55, 0, 0, 50, 0, 1, 0, 251)
12 (1, 4, 0, 0, 0, 0, 0, 23, 0, 1, 0, 213)
13 (1, 4, 0, 0, 0, 0, 0, 36, 0, 1, 0, 193)
14 (1, 4, 0, 0, 0, 0, 0, 103, 4, 7, 0, 16)
15 (1, 4, 0, 0, 0, 0, 0, 0, 1, 2, 0, 202)
16 (1, 4, 0, 0, 0, 4, 0, 0, 1, 2, 0, 182)
17 (1, 4, 0, 0, 0, 5, 0, 0, 1, 2, 0, 169)
18 (1, 4, 0, 1, 0, 26, 0, 0, 1, 2, 0, 78)
19 (1, 4, 0, 202, 0, 63, 0, 0, 1, 2, 0, 45)
20 (1, 4, 0, 287, 0, 46, 0, 0, 3, 2, 0, 104)
21 (1, 4, 0, 161, 0, 42, 0, 0, 3, 2, 0, 87)
22 (1, 4, 0, 0, 0, 26, 0, 0, 3, 2, 0, 63)
23 (1, 4, 0, 0, 0, 12, 0, 29, 3, 3, 0, 114)
24 (1, 4, 383, 0, 0, 0, 0, 19, 3, 3, 0, 38)
25 (1, 4, 250, 0, 0, 0, 0, 0, 3, 3, 0, 178)
26 (1, 4, 46, 0, 0, 0, 0, 0, 4, 4, 0, 201)
27 (1, 4, 0, 0, 0, 24, 29, 0, 4, 4, 0, 139)
28 (1, 4, 0, 13, 33, 12, 0, 0, 3, 4, 0, 65)
29 (1, 4, 10, 4, 3, 9, 0, 0, 3, 4, 0, 153)
30 (1, 4, 0, 10, 16, 11, 0, 0, 3, 3, 0, 29)
31 (1, 4, 12, 21, 24, 13, 0, 0, 3, 3, 0, 123)
32 (1, 4, 11, 9, 7, 14, 0, 0, 3, 3, 0, 94)
1 (1, 4, 7, 12, 8, 17, 0, 0, 4, 4, 0, 77)
2 (1, 4, 6, 17, 0, 17, 0, 0, 3, 4, 0, 107)
3 (1, 4, 9, 30, 7, 15, 0, 0, 3, 4, 0, 40)
4 (1, 4, 20, 43, 28, 15, 0, 0, 4, 4, 0, 19)
5 (1, 4, 68, 91, 71, 21, 0, 0, 3, 4, 0, 193)
6 (1, 4, 457, 451, 394, 7, 0, 0, 3, 3, 0, 88)
7 (1, 4, 778, 526, 565, 0, 0, 0, 3, 3, 0, 55)
8 (1, 4, 595, 542, 516, 0, 0, 0, 2, 2, 0, 95)
9 (1, 4, 563, 436, 369, 0, 0, 0, 1, 2, 0, 213)
10 (1, 4, 360, 444, 320, 0, 0, 20, 1, 1, 0, 101)
11 (1, 4, 0, 275, 248, 0, 0, 41, 0, 1, 0, 234)
12 (1, 4, 0, 197, 274, 0, 0, 43, 0, 1, 0, 216)
13 (1, 4, 0, 148, 214, 0, 0, 24, 0, 1, 0, 146)
14 (1, 4, 0, 51, 122, 0, 0, 4, 0, 2, 0, 79)
15 (1, 4, 0, 228, 98, 0, 0, 5, 0, 4, 0, 207)
16 (1, 4, 0, 0, 0, 0, 0, 43, 0, 2, 0, 133)
17 (1, 4, 524, 88, 93, 0, 0, 0, 0, 1, 0, 250)
18 (1, 4, 0, 0, 0, 0, 0, 0, 1, 1, 0, 119)
19 (1, 4, 0, 48, 0, 0, 0, 0, 2, 1, 0, 114)
20 (1, 4, 0, 283, 0, 0, 0, 0, 2, 1, 0, 62)
21 (1, 4, 0, 358, 0, 4, 0, 0, 2, 1, 0, 190)
22 (1, 4, 0, 241, 0, 14, 0, 0, 2, 1, 0, 255)
23 (1, 4, 0, 23, 0, 15, 0, 13, 3, 2, 0, 136)
24 (1, 4, 0, 0, 0, 0, 0, 22, 3, 2, 0, 17)
25 (1, 4, 0, 0, 0, 0, 0, 0, 3, 2, 0, 14)
26 (1, 4, 0, 0, 0, 0, 0, 0, 3, 3, 0, 101)
27 (1, 4, 220, 0, 0, 0, 1, 0, 3, 4, 0, 62)

