0 (1, 4, 7, 3, 0, 0, 38, 0, 2, 0, 0, 84)
1 (1, 4, 0, 0, 24, 0, 24, 0, 2, 0, 0, 61)
2 (1, 4, 0, 0, 12, 0, 19, 0, 2, 0, 0, 86)
3 (1, 4, 0, 40, 17, 0, 15, 0, 2, 0, 0, 137)
4 (1, 4, 0, 103, 23, 0, 9, 0, 2, 0, 0, 219)
5 (1, 4, 0, 458, 0, 0, 6, 136, 2, 0, 0, 114)
6 (1, 4, 0, 0, 0, 0, 0, 0, 2, 0, 0, 186)
7 (1, 4, 290, 0, 74, 0, 4, 0, 2, 0, 0, 232)
8 (1, 4, 275, 0, 90, 0, 13, 0, 2, 0, 0, 6)
9 (1, 4, 152, 0, 60, 0, 20, 0, 2, 0, 0, 58)
10 (1, 4, 86, 0, 0, 0, 31, 0, 2, 0, 0, 219)
11 (1, 4, 79, 0, 17, 0, 29, 0, 2, 0, 0, 92)
12 (1, 4, 60, 0, 13, 0, 35, 0, 2, 0, 0, 37)
13 (1, 4, 10, 9, 24, 0, 30, 0, 2, 0, 0, 70)
14 (1, 4, 0, 16, 20, 0, 22, 0, 2, 0, 0, 110)
15 (1, 4, 23, 7, 15, 0, 21, 0, 2, 0, 0, 52)
16 (1, 4, 31, 0, 3, 0, 24, 0, 2, 0, 0, 255)
17 (1, 4, 37, 0, 0, 0, 21, 0, 2, 0, 0, 84)
18 (1, 4, 57, 0, 0, 0, 22, 0, 2, 0, 0, 119)
19 (1, 4, 57, 0, 0, 0, 26, 0, 2, 0, 0, 85)
20 (1, 4, 52, 0, 0, 0, 23, 0, 2, 0, 0, 72)
21 (1, 4, 71, 0, 0, 0, 20, 0, 2, 0, 0, 127)
22 (1, 4, 96, 0, 0, 0, 15, 0, 2, 0, 0, 93)
23 (1, 4, 85, 0, 0, 0, 19, 0, 2, 0, 0, 235)
24 (1, 4, 84, 4, 52, 0, 24, 0, 2, 0, 0, 170)
25 (1, 4, 135, 0, 67, 0, 25, 0, 2, 0, 0, 248)
26 (1, 4, 0, 21, 6, 0, 29, 0, 2, 0, 0, 27)
27 (1, 4, 0, 14, 0, 0, 24, 0, 2, 0, 0, 250)
28 (1, 4, 7, 7, 0, 0, 22, 0, 2, 0, 0, 6)
29 (1, 4, 0, 20, 0, 0, 16, 0, 2, 0, 0, 132)
30 (1, 4, 80, 0, 0, 0, 0, 0, 2, 0, 0, 211)
31 (1, 4, 198, 0, 0, 0, 0, 0, 2, 0, 0, 2)
32 (1, 4, 0, 0, 0, 0, 0, 0, 2, 0, 0, 186)
0 (1, 4, 0, 0, 0, 0, 50, 0, 4, 0, 0, 139)
1 (1, 4, 0, 0, 25, 0, 15, 0, 4, 0, 0, 15)
2 (1, 4, 36, 0, 14, 0, 52, 0, 4, 0, 0, 168)
3 (1, 4, 0, 36, 117, 0, 0, 0, 4, 0, 0, 89)
4 (1, 4, 0, 0, 49, 0, 0, 0, 4, 0, 0, 228)
5 (1, 4, 0, 0, 15, 2, 0, 0, 4, 0, 0, 150)
6 (1, 4, 4, 0, 22, 8, 0, 0, 4, 0, 0, 63)
7 (1, 4, 69, 0, 16, 0, 0, 0, 4, 0, 0, 49)
8 (1, 4, 253, 0, 87, 0, 4, 0, 4, 0, 0, 142)
9 (1, 4, 679, 0, 275, 0, 0, 0, 4, 0, 0, 148)
10 (1, 4, 873, 0, 506, 0, 0, 0, 4, 0, 0, 130)
11 (1, 4, 873, 0, 653, 0, 0, 0, 3, 0, 0, 211)
12 (1, 4, 616, 0, 666, 0, 12, 33, 2, 0, 0, 123)
13 (1, 4, 0, 23, 496, 0, 24, 9, 2, 0, 0, 126)
14 (1, 4, 0, 189, 482, 0, 0, 0, 2, 0, 0, 66)
15 (1, 4, 0, 377, 433, 0, 0, 0, 3, 0, 0, 162)
16 (1, 4, 0, 358, 232, 0, 0, 0, 3, 0, 0, 131)
17 (1, 4, 0, 150, 0, 0, 0, 0, 3, 0, 0, 15)
18 (1, 4, 0, 195, 0, 0, 0, 0, 3, 0, 0, 130)
19 (1, 4, 0, 194, 0, 0, 0, 0, 2, 0, 0, 85)
20 (1, 4, 0, 178, 0, 0, 49, 57, 3, 0, 0, 161)
21 (1, 4, 0, 0, 0, 0, 8, 16, 3, 0, 0, 202)
22 (1, 4, 230, 0, 0, 0, 0, 0, 3, 0, 0, 167)
23 (1, 4, 425, 0, 0, 0, 0, 11, 2, 0, 0, 152)
24 (1, 4, 113, 0, 0, 0, 0, 9, 2, 0, 0, 47)
25 (1, 4, 0, 0, 0, 0, 0, 42, 2, 0, 0, 72)
26 (1, 4, 0, 0, 0, 0, 0, 56, 3, 0, 0, 64)
27 (1, 4, 0, 61, 0, 0, 0, 20, 3, 0, 0, 1)
28 (1, 4, 0, 364, 0, 6, 0, 0, 3, 0, 0, 87)
29 (1, 4, 0, 573, 0, 7, 0, 0, 3, 0, 0, 55)
30 (1, 4, 0, 159, 0, 43, 0, 8, 3, 0, 0, 211)
31 (1, 4, 0, 0, 0, 0, 21, 44, 3, 0, 0, 249)
0 (1, 4, 24, 0, 10, 0, 4, 0, 3, 0, 0, 56)
1 (1, 4, 223, 31, 108, 0, 26, 0, 3, 0, 0, 127)
2 (1, 4, 521, 142, 301, 0, 32, 0, 2, 0, 0, 29)
3 (1, 4, 704, 0, 455, 0, 18, 0, 2, 0, 0, 231)
4 (1, 4, 537, 0, 644, 0, 0, 0, 1, 0, 0, 147)
5 (1, 4, 150, 0, 570, 0, 0, 0, 1, 0, 0, 101)
6 (1, 4, 176, 0, 445, 0, 0, 5, 2, 0, 0, 121)
7 (1, 4, 403, 0, 300, 0, 0, 0, 2, 0, 0, 30)
8 (1, 4, 0, 139, 447, 0, 14, 0, 2, 0, 0, 116)
9 (1, 4, 0, 201, 320, 0, 0, 2, 2, 0, 0, 33)
10 (1, 4, 0, 0, 256, 0, 0, 0, 3, 0, 0, 133)
11 (1, 4, 0, 158, 38, 0, 0, 0, 3, 0, 0, 51)
12 (1, 4, 0, 114, 0, 0, 0, 0, 2, 0, 0, 247)
13 (1, 4, 0, 0, 0, 0, 11, 0, 2, 0, 0, 240)
14 (1, 4, 0, 0, 0, 0, 17, 0, 2, 0, 0, 70)
15 (1, 4, 0, 47, 47, 0, 0, 0, 2, 0, 0, 110)
16 (1, 4, 0, 30, 0, 0, 18, 96, 3, 0, 0, 46)
17 (1, 4, 11, 0, 0, 0, 9, 0, 2, 0, 0, 96)
18 (1, 4, 65, 0, 0, 0, 10, 0, 2, 0, 0, 14)
19 (1, 4, 6, 0, 0, 0, 18, 0, 2, 0, 0, 233)
20 (1, 4, 34, 20, 0, 0, 14, 0, 2, 0, 0, 10)
21 (1, 4, 94, 7, 0, 0, 14, 0, 2, 0, 0, 85)
22 (1, 4, 95, 0, 0, 0, 33, 13, 2, 0, 0, 189)
23 (1, 4, 0, 0, 1, 0, 20, 0, 2, 0, 0, 72)
24 (1, 4, 0, 18, 4, 0, 11, 0, 2, 0, 0, 162)
25 (1, 4, 0, 12, 0, 0, 9, 0, 2, 0, 0, 107)
26 (1, 4, 0, 8, 0, 0, 9, 0, 2, 0, 0, 177)
27 (1, 4, 58, 0, 0, 0, 7, 0, 2, 0, 0, 153)
28 (1, 4, 73, 40, 0, 0, 0, 0, 2, 0, 0, 60)
29 (1, 4, 219, 6, 0, 0, 0, 0, 2, 0, 0, 19)
30 (1, 4, 38, 0, 0, 0, 0, 0, 2, 0, 0, 89)
31 (1, 4, 0, 52, 0, 0, 0, 0, 2, 0, 0, 195)
0 (1, 4, 0, 0, 0, 0, 22, 0, 2, 0, 0, 46)
1 (1, 4, 224, 0, 0, 0, 5, 0, 3, 0, 0, 25)
2 (1, 4, 46, 99, 180, 12, 70, 0, 2, 0, 0, 17)
3 (1, 4, 158, 158, 135, 0, 0, 14, 2, 0, 0, 77)
4 (1, 4, 0, 0, 0, 0, 0, 0, 2, 0, 0, 186)
5 (1, 4, 7, 0, 20, 0, 0, 0, 2, 0, 0, 177)
6 (1, 4, 24, 0, 28, 0, 0, 0, 2, 0, 0, 183)
7 (1, 4, 0, 0, 7, 0, 0, 0, 2, 0, 0, 95)
8 (1, 4, 18, 0, 10, 0, 0, 0, 2, 0, 0, 213)
9 (1, 4, 0, 27, 0, 0, 0, 0, 2, 0, 0, 176)
10 (1, 4, 129, 103, 0, 0, 0, 0, 2, 0, 0, 226)
11 (1, 4, 873, 450, 0, 0, 0, 0, 2, 0, 0, 134)
12 (1, 4, 873, 461, 0, 0, 0, 0, 2, 0, 0, 55)
13 (1, 4, 873, 367, 119, 16, 79, 6, 2, 0, 0, 142)
14 (1, 4, 66, 387, 444, 26, 66, 76, 1, 0, 0, 121)
15 (1, 4, 0, 141, 430, 0, 0, 39, 1, 0, 0, 236)
16 (1, 4, 0, 0, 428, 0, 0, 50, 2, 0, 0, 193)
17 (1, 4, 0, 0, 411, 0, 0, 38, 2, 0, 0, 3)
18 (1, 4, 26, 33, 448, 0, 0, 26, 2, 0, 0, 150)
19 (1, 4, 0, 11, 337, 0, 0, 21, 2, 0, 0, 229)
20 (1, 4, 0, 97, 398, 0, 0, 15, 2, 0, 0, 214)
21 (1, 4, 0, 127, 378, 0, 0, 0, 2, 0, 0, 159)
22 (1, 4, 0, 210, 298, 0, 0, 0, 2, 0, 0, 4)
23 (1, 4, 0, 230, 87, 0, 0, 0, 2, 0, 0, 44)
24 (1, 4, 41, 142, 0, 0, 0, 4, 2, 0, 0, 115)
25 (1, 4, 0, 0, 0, 0, 72, 100, 3, 0, 0, 146)
26 (1, 4, 0, 0, 14, 0, 19, 0, 2, 0, 0, 121)
27 (1, 4, 45, 30, 38, 0, 5, 0, 2, 0, 0, 75)
28 (1, 4, 115, 0, 0, 0, 19, 0, 2, 0, 0, 8)
29 (1, 4, 116, 0, 0, 0, 32, 23, 2, 0, 0, 225)
30 (1, 4, 134, 0, 0, 0, 0, 43, 2, 0, 0, 166)
31 (1, 4, 0, 0, 0, 0, 2, 39, 2, 0, 0, 250)
0 (1, 4, 873, 280, 402, 0, 11, 25, 1, 0, 0, 77)
1 (1, 4, 685, 147, 576, 6, 29, 43, 1, 0, 0, 196)
2 (1, 4, 0, 238, 538, 0, 37, 48, 1, 0, 0, 235)
3 (1, 4, 0, 349, 647, 0, 0, 27, 2, 0, 0, 144)
4 (1, 4, 0, 470, 594, 0, 0, 9, 2, 0, 0, 47)
5 (1, 4, 0, 165, 309, 0, 0, 0, 3, 0, 0, 98)
6 (1, 4, 0, 0, 317, 0, 0, 0, 3, 0, 0, 114)
7 (1, 4, 0, 70, 276, 0, 0, 0, 3, 0, 0, 144)
8 (1, 4, 0, 317, 76, 0, 0, 0, 3, 0, 0, 91)
9 (1, 4, 0, 222, 0, 0, 0, 5, 3, 0, 0, 149)
10 (1, 4, 0, 0, 0, 0, 12, 46, 3, 0, 0, 125)
11 (1, 4, 156, 0, 47, 0, 21, 0, 3, 0, 0, 221)
12 (1, 4, 194, 0, 47, 0, 15, 0, 3, 0, 0, 86)
13 (1, 4, 220, 17, 28, 0, 27, 0, 3, 0, 0, 106)
14 (1, 4, 70, 48, 12, 0, 34, 0, 2, 0, 0, 169)
15 (1, 4, 35, 0, 0, 0, 22, 0, 2, 0, 0, 251)
16 (1, 4, 0, 0, 0, 0, 0, 2, 2, 0, 0, 3)
17 (1, 4, 0, 0, 0, 0, 0, 14, 1, 0, 0, 58)
18 (1, 4, 0, 1, 0, 0, 0, 0, 1, 0, 0, 169)
19 (1, 4, 0, 406, 0, 0, 0, 0, 2, 0, 0, 136)
20 (1, 4, 0, 762, 0, 0, 0, 0, 3, 0, 0, 234)
21 (1, 4, 203, 548, 0, 19, 7, 17, 2, 0, 0, 35)
22 (1, 4, 33, 179, 0, 39, 0, 88, 2, 0, 0, 193)
23 (1, 4, 0, 0, 0, 27, 0, 61, 2, 0, 0, 166)
24 (1, 4, 0, 0, 0, 0, 7, 30, 2, 0, 0, 39)
25 (1, 4, 27, 0, 0, 0, 37, 0, 2, 0, 0, 175)
26 (1, 4, 157, 0, 0, 0, 0, 0, 2, 0, 0, 9)
27 (1, 4, 0, 0, 0, 35, 58, 0, 2, 0, 0, 201)
28 (1, 4, 32, 82, 129, 0, 0, 0, 2, 0, 0, 151)
29 (1, 4, 69, 0, 10, 5, 0, 0, 2, 0, 0, 245)
30 (1, 4, 0, 0, 0, 1, 0, 0, 2, 0, 0, 165)
31 (1, 4, 0, 3, 10, 3, 0, 0, 2, 0, 0, 208)
0 (1, 4, 3, 11, 0, 5, 0, 0, 2, 0, 0, 160)
1 (1, 4, 0, 76, 4, 5, 0, 0, 2, 0, 0, 109)
2 (1, 4, 0, 91, 0, 6, 0, 0, 2, 0, 0, 113)
3 (1, 4, 0, 125, 0, 9, 0, 0, 2, 0, 0, 161)
4 (1, 4, 0, 189, 20, 12, 0, 0, 2, 0, 0, 97)
5 (1, 4, 56, 240, 58, 6, 0, 0, 2, 0, 0, 156)
6 (1, 4, 169, 293, 116, 9, 4, 0, 2, 0, 0, 126)
7 (1, 4, 496, 250, 272, 16, 0, 0, 2, 0, 0, 41)
8 (1, 4, 566, 226, 389, 17, 0, 0, 1, 0, 0, 184)
9 (1, 4, 500, 201, 472, 5, 0, 0, 2, 0, 0, 72)
10 (1, 4, 330, 126, 529, 0, 0, 33, 2, 0, 0, 86)
11 (1, 4, 93, 0, 490, 0, 0, 1, 2, 0, 0, 112)
12 (1, 4, 0, 129, 422, 0, 0, 0, 2, 0, 0, 45)
13 (1, 4, 0, 0, 585, 0, 0, 0, 2, 0, 0, 211)
14 (1, 4, 87, 0, 693, 0, 0, 0, 2, 0, 0, 249)
15 (1, 4, 0, 36, 566, 0, 0, 0, 3, 0, 0, 138)
16 (1, 4, 203, 144, 500, 0, 0, 4, 3, 0, 0, 187)
17 (1, 4, 236, 53, 174, 0, 0, 0, 3, 0, 0, 197)
18 (1, 4, 0, 141, 0, 0, 66, 158, 3, 0, 0, 146)
19 (1, 4, 40, 0, 0, 0, 8, 0, 3, 0, 0, 174)
20 (1, 4, 101, 12, 48, 0, 37, 0, 3, 0, 0, 223)
21 (1, 4, 97, 25, 49, 0, 19, 0, 3, 0, 0, 228)
22 (1, 4, 259, 0, 69, 0, 6, 0, 3, 0, 0, 232)
23 (1, 4, 272, 0, 47, 0, 35, 0, 3, 0, 0, 27)
24 (1, 4, 154, 0, 32, 0, 33, 0, 3, 0, 0, 203)
25 (1, 4, 120, 0, 5, 0, 29, 0, 2, 0, 0, 112)
26 (1, 4, 79, 0, 6, 0, 27, 0, 3, 0, 0, 181)
27 (1, 4, 96, 4, 2, 0, 26, 0, 3, 0, 0, 213)
28 (1, 4, 116, 0, 28, 0, 26, 0, 3, 0, 0, 101)
29 (1, 4, 152, 0, 11, 0, 0, 0, 3, 0, 0, 90)
30 (1, 4, 408, 0, 0, 0, 0, 0, 3, 0, 0, 95)
31 (1, 4, 271, 0, 0, 0, 0, 0, 3, 0, 0, 128)
0 (1, 4, 0, 277, 0, 2, 0, 80, 3, 0, 0, 155)
1 (1, 4, 0, 0, 0, 0, 12, 92, 3, 0, 0, 243)
2 (1, 4, 0, 0, 0, 0, 0, 76, 3, 0, 0, 2)
3 (1, 4, 0, 0, 0, 0, 78, 0, 3, 0, 0, 18)
4 (1, 4, 240, 0, 0, 13, 0, 0, 3, 0, 0, 248)
5 (1, 4, 0, 12, 114, 6, 0, 0, 3, 0, 0, 166)
6 (1, 4, 106, 3, 76, 0, 0, 0, 3, 0, 0, 59)
7 (1, 4, 0, 0, 16, 0, 0, 0, 3, 0, 0, 167)
8 (1, 4, 0, 0, 0, 0, 0, 0, 3, 0, 0, 216)
9 (1, 4, 30, 51, 44, 0, 0, 0, 3, 0, 0, 11)
10 (1, 4, 4, 50, 1, 0, 0, 0, 3, 0, 0, 186)
11 (1, 4, 85, 104, 56, 0, 0, 0, 3, 0, 0, 72)
12 (1, 4, 58, 87, 62, 6, 0, 0, 3, 0, 0, 125)
13 (1, 4, 0, 42, 0, 9, 0, 0, 3, 0, 0, 35)
14 (1, 4, 0, 13, 0, 13, 0, 0, 3, 0, 0, 159)
15 (1, 4, 0, 0, 0, 12, 0, 0, 3, 0, 0, 92)
16 (1, 4, 12, 20, 0, 5, 0, 0, 3, 0, 0, 72)
17 (1, 4, 126, 29, 15, 0, 0, 0, 3, 0, 0, 198)
18 (1, 4, 461, 0, 94, 0, 0, 0, 2, 0, 0, 43)
19 (1, 4, 576, 0, 134, 0, 0, 0, 2, 0, 0, 183)
20 (1, 4, 541, 0, 204, 0, 0, 0, 2, 0, 0, 240)
21 (1, 4, 424, 0, 355, 0, 0, 0, 2, 0, 0, 249)
22 (1, 4, 178, 0, 455, 0, 0, 12, 3, 0, 0, 219)
23 (1, 4, 0, 0, 454, 0, 0, 0, 3, 0, 0, 254)
24 (1, 4, 0, 0, 542, 0, 0, 0, 3, 0, 0, 208)
25 (1, 4, 0, 0, 507, 0, 0, 0, 3, 0, 0, 9)
26 (1, 4, 0, 6, 378, 0, 0, 0, 3, 0, 0, 219)
27 (1, 4, 0, 109, 219, 0, 0, 0, 3, 0, 0, 55)
28 (1, 4, 0, 153, 90, 0, 0, 0, 3, 0, 0, 169)
29 (1, 4, 0, 145, 0, 0, 0, 0, 3, 0, 0, 13)
30 (1, 4, 0, 0, 0, 0, 0, 30, 3, 0, 0, 45)
31 (1, 4, 27, 0, 0, 0, 11, 19, 3, 0, 0, 165)
0 (1, 4, 221, 11, 0, 0, 0, 0, 2, 0, 0, 235)
1 (1, 4, 231, 87, 0, 0, 0, 0, 2, 0, 0, 43)
2 (1, 4, 105, 309, 0, 0, 0, 0, 3, 0, 0, 193)
3 (1, 4, 0, 531, 0, 0, 0, 0, 3, 0, 0, 172)
4 (1, 4, 0, 761, 0, 0, 0, 0, 3, 0, 0, 50)
5 (1, 4, 0, 873, 0, 0, 0, 0, 3, 0, 0, 183)
6 (1, 4, 0, 873, 0, 0, 0, 0, 3, 0, 0, 183)
7 (1, 4, 0, 770, 30, 0, 0, 0, 3, 0, 0, 47)
8 (1, 4, 0, 344, 0, 0, 0, 45, 3, 0, 0, 141)
9 (1, 4, 0, 0, 0, 0, 0, 81, 3, 0, 0, 145)
10 (1, 4, 0, 0, 0, 0, 0, 49, 3, 0, 0, 117)
11 (1, 4, 0, 0, 0, 0, 76, 0, 3, 0, 0, 224)
12 (1, 4, 0, 0, 0, 0, 151, 0, 3, 0, 0, 1)
13 (1, 4, 188, 16, 16, 11, 78, 0, 3, 0, 0, 175)
14 (1, 4, 6, 0, 40, 22, 2, 0, 3, 0, 0, 249)
15 (1, 4, 38, 0, 0, 8, 0, 0, 3, 0, 0, 195)
16 (1, 4, 65, 0, 0, 0, 24, 0, 3, 0, 0, 27)
17 (1, 4, 32, 10, 15, 2, 16, 0, 3, 0, 0, 35)
18 (1, 4, 17, 0, 0, 4, 10, 0, 3, 0, 0, 121)
19 (1, 4, 8, 0, 0, 0, 15, 0, 3, 0, 0, 1)
20 (1, 4, 14, 0, 0, 3, 17, 0, 3, 0, 0, 81)
21 (1, 4, 14, 0, 0, 0, 14, 0, 3, 0, 0, 92)
22 (1, 4, 21, 12, 0, 0, 12, 0, 3, 0, 0, 69)
23 (1, 4, 10, 0, 0, 0, 13, 0, 3, 0, 0, 239)
24 (1, 4, 17, 13, 9, 0, 10, 0, 3, 0, 0, 241)
25 (1, 4, 20, 7, 0, 0, 8, 0, 3, 0, 0, 195)
26 (1, 4, 0, 14, 15, 0, 9, 0, 3, 0, 0, 61)
27 (1, 4, 12, 7, 0, 0, 8, 0, 3, 0, 0, 83)
28 (1, 4, 2, 17, 22, 0, 9, 0, 3, 0, 0, 166)
29 (1, 4, 15, 6, 4, 0, 4, 0, 3, 0, 0, 136)
30 (1, 4, 4, 15, 8, 0, 6, 0, 3, 0, 0, 252)
31 (1, 4, 6, 2, 0, 0, 4, 0, 3, 0, 0, 114)
0 (1, 4, 0, 0, 0, 0, 29, 69, 3, 0, 0, 233)
1 (1, 4, 0, 0, 0, 0, 24, 8, 3, 0, 0, 118)
2 (1, 4, 0, 0, 0, 0, 118, 0, 3, 0, 0, 91)
3 (1, 4, 89, 0, 0, 0, 73, 0, 3, 0, 0, 109)
4 (1, 4, 120, 38, 24, 0, 132, 0, 3, 0, 0, 103)
5 (1, 4, 0, 0, 106, 14, 33, 0, 3, 0, 0, 128)
6 (1, 4, 0, 57, 64, 0, 42, 0, 3, 0, 0, 184)
7 (1, 4, 13, 58, 53, 0, 41, 0, 3, 0, 0, 29)
8 (1, 4, 0, 18, 46, 0, 31, 0, 3, 0, 0, 203)
9 (1, 4, 29, 0, 0, 2, 25, 0, 3, 0, 0, 125)
10 (1, 4, 0, 0, 2, 0, 34, 0, 3, 0, 0, 8)
11 (1, 4, 0, 0, 11, 2, 31, 0, 3, 0, 0, 205)
12 (1, 4, 6, 0, 6, 0, 33, 0, 3, 0, 0, 249)
13 (1, 4, 0, 5, 14, 0, 31, 0, 3, 0, 0, 86)
14 (1, 4, 5, 0, 0, 0, 27, 0, 3, 0, 0, 33)
15 (1, 4, 6, 0, 0, 0, 35, 0, 3, 0, 0, 122)
16 (1, 4, 0, 0, 0, 0, 38, 0, 3, 0, 0, 196)
17 (1, 4, 0, 0, 0, 0, 39, 0, 3, 0, 0, 189)
18 (1, 4, 0, 0, 0, 0, 38, 0, 3, 0, 0, 196)
19 (1, 4, 0, 0, 0, 0, 40, 0, 3, 0, 0, 20)
20 (1, 4, 0, 0, 0, 0, 36, 0, 3, 0, 0, 54)
21 (1, 4, 1, 4, 1, 0, 39, 0, 3, 0, 0, 253)
22 (1, 4, 2, 0, 0, 0, 38, 0, 3, 0, 0, 216)
23 (1, 4, 0, 10, 0, 0, 36, 0, 3, 0, 0, 232)
24 (1, 4, 0, 8, 0, 0, 39, 0, 3, 0, 0, 14)
25 (1, 4, 0, 6, 4, 0, 39, 0, 3, 0, 0, 84)
26 (1, 4, 0, 2, 5, 0, 37, 0, 3, 0, 0, 232)
27 (1, 4, 0, 0, 0, 0, 35, 0, 3, 0, 0, 94)
28 (1, 4, 0, 4, 0, 0, 37, 0, 3, 0, 0, 149)
29 (1, 4, 0, 0, 0, 0, 38, 0, 3, 0, 0, 196)
0 (1, 4, 624, 42, 180, 0, 3, 0, 1, 0, 0, 15)
1 (1, 4, 755, 84, 346, 0, 0, 0, 2, 0, 0, 101)
2 (1, 4, 641, 58, 505, 0, 0, 0, 3, 0, 0, 68)
3 (1, 4, 547, 127, 605, 0, 0, 0, 3, 0, 0, 208)
4 (1, 4, 413, 116, 624, 0, 0, 0, 3, 0, 0, 83)
5 (1, 4, 363, 8, 532, 0, 0, 0, 3, 0, 0, 222)
6 (1, 4, 264, 43, 467, 0, 0, 2, 3, 0, 0, 41)
7 (1, 4, 195, 133, 408, 0, 0, 0, 3, 0, 0, 87)
8 (1, 4, 0, 203, 215, 0, 0, 0, 3, 0, 0, 161)
9 (1, 4, 0, 314, 182, 0, 0, 0, 3, 0, 0, 65)
10 (1, 4, 0, 159, 0, 0, 0, 61, 3, 0, 0, 59)
11 (1, 4, 116, 0, 23, 0, 16, 0, 3, 0, 0, 81)
12 (1, 4, 94, 0, 45, 0, 23, 0, 3, 0, 0, 128)
13 (1, 4, 30, 30, 33, 0, 21, 0, 3, 0, 0, 124)
14 (1, 4, 10, 8, 22, 0, 12, 0, 3, 0, 0, 43)
15 (1, 4, 113, 0, 24, 0, 4, 0, 3, 0, 0, 88)
16 (1, 4, 180, 0, 13, 0, 11, 0, 3, 0, 0, 238)
17 (1, 4, 191, 0, 29, 0, 6, 0, 3, 0, 0, 168)
18 (1, 4, 225, 0, 40, 0, 2, 0, 3, 0, 0, 61)
19 (1, 4, 233, 0, 43, 0, 0, 0, 3, 0, 0, 4)
20 (1, 4, 31, 0, 0, 0, 0, 0, 3, 0, 0, 98)
21 (1, 4, 0, 0, 0, 0, 0, 0, 3, 0, 0, 216)
22 (1, 4, 0, 106, 0, 0, 0, 0, 2, 0, 0, 37)
23 (1, 4, 0, 196, 0, 0, 0, 0, 4, 1, 0, 194)
24 (1, 4, 0, 317, 0, 0, 0, 0, 3, 0, 0, 66)
25 (1, 4, 0, 427, 0, 0, 0, 0, 3, 0, 0, 149)
26 (1, 4, 0, 514, 0, 0, 0, 0, 3, 0, 0, 120)
27 (1, 4, 0, 380, 0, 13, 0, 0, 3, 0, 0, 239)
28 (1, 4, 56, 206, 0, 28, 0, 0, 3, 0, 0, 122)
29 (1, 4, 0, 0, 0, 24, 0, 32, 3, 0, 0, 118)
30 (1, 4, 0, 0, 0, 0, 0, 32, 3, 0, 0, 121)
31 (1, 4, 0, 0, 0, 0, 52, 0, 3, 0, 0, 179)
0 (1, 4, 322, 383, 0, 0, 0, 0, 2, 0, 0, 89)
1 (1, 4, 402, 361, 0, 0, 0, 0, 2, 0, 0, 243)
2 (1, 4, 391, 529, 0, 0, 0, 0, 2, 0, 0, 158)
3 (1, 4, 344, 578, 0, 0, 0, 0, 2, 0, 0, 130)
4 (1, 4, 333, 606, 0, 0, 0, 0, 2, 0, 0, 92)
5 (1, 4, 191, 664, 0, 0, 0, 0, 2, 0, 0, 204)
6 (1, 4, 0, 748, 0, 0, 0, 28, 2, 0, 0, 18)
7 (1, 4, 0, 375, 0, 0, 0, 113, 2, 0, 0, 149)
8 (1, 4, 0, 0, 0, 0, 0, 221, 2, 0, 0, 230)
9 (1, 4, 0, 0, 0, 0, 55, 29, 3, 0, 0, 171)
10 (1, 4, 0, 0, 0, 0, 115, 0, 4, 0, 0, 232)
11 (1, 4, 255, 0, 11, 0, 74, 0, 4, 0, 0, 62)
12 (1, 4, 0, 63, 114, 0, 0, 0, 3, 0, 0, 159)
13 (1, 4, 0, 18, 16, 4, 0, 0, 3, 0, 0, 215)
14 (1, 4, 69, 25, 25, 0, 0, 0, 3, 0, 0, 87)
15 (1, 4, 16, 50, 0, 3, 9, 0, 3, 0, 0, 111)
16 (1, 4, 2, 38, 7, 1, 2, 0, 3, 0, 0, 185)
17 (1, 4, 13, 29, 0, 11, 1, 0, 3, 0, 0, 131)
18 (1, 4, 0, 34, 0, 9, 6, 0, 3, 0, 0, 129)
19 (1, 4, 0, 55, 0, 9, 11, 0, 3, 0, 0, 212)
20 (1, 4, 0, 13, 0, 19, 11, 0, 3, 0, 0, 152)
21 (1, 4, 0, 16, 31, 19, 3, 0, 3, 0, 0, 194)
22 (1, 4, 18, 0, 0, 20, 0, 0, 3, 0, 0, 175)
23 (1, 4, 5, 0, 0, 18, 5, 0, 3, 0, 0, 189)
24 (1, 4, 0, 0, 6, 10, 0, 0, 3, 0, 0, 111)
25 (1, 4, 7, 0, 0, 9, 4, 0, 3, 0, 0, 246)
26 (1, 4, 0, 0, 0, 10, 8, 0, 3, 0, 0, 223)
27 (1, 4, 5, 0, 0, 6, 0, 0, 3, 0, 0, 172)
28 (1, 4, 8, 0, 0, 3, 0, 0, 3, 0, 0, 137)
29 (1, 4, 14, 0, 0, 0, 0, 0, 3, 0, 0, 140)
30 (1, 4, 140, 0, 0, 0, 0, 0, 3, 0, 0, 133)
31 (1, 4, 321, 0, 49, 0, 0, 0, 3, 0, 0, 72)
0 (1, 4, 105, 0, 0, 0, 23, 2, 2, 0, 0, 222)
1 (1, 4, 0, 0, 0, 0, 17, 16, 2, 0, 0, 149)
2 (1, 4, 0, 0, 0, 0, 15, 29, 2, 0, 0, 128)
3 (1, 4, 0, 0, 0, 0, 6, 44, 2, 0, 0, 149)
4 (1, 4, 0, 0, 0, 0, 0, 28, 2, 0, 0, 246)
5 (1, 4, 0, 0, 0, 0, 0, 35, 2, 0, 0, 125)
6 (1, 4, 0, 30, 0, 0, 0, 14, 2, 0, 0, 249)
7 (1, 4, 0, 0, 0, 0, 0, 0, 3, 0, 0, 216)
8 (1, 4, 0, 193, 0, 0, 0, 55, 3, 0, 0, 142)
9 (1, 4, 0, 115, 0, 11, 0, 60, 3, 0, 0, 20)
10 (1, 4, 0, 0, 0, 34, 0, 63, 2, 0, 0, 230)
11 (1, 4, 0, 0, 0, 75, 59, 72, 3, 0, 0, 185)
12 (1, 4, 0, 0, 0, 50, 76, 0, 3, 0, 0, 192)
13 (1, 4, 0, 0, 213, 0, 38, 0, 3, 0, 0, 123)
14 (1, 4, 0, 0, 220, 0, 0, 0, 3, 0, 0, 79)
15 (1, 4, 388, 85, 0, 0, 32, 0, 3, 0, 0, 119)
16 (1, 4, 0, 28, 0, 36, 0, 0, 3, 0, 0, 69)
17 (1, 4, 0, 46, 94, 32, 0, 0, 3, 0, 0, 190)
18 (1, 4, 0, 36, 35, 20, 0, 0, 3, 0, 0, 14)
19 (1, 4, 0, 20, 0, 29, 0, 0, 3, 0, 0, 15)
20 (1, 4, 0, 7, 0, 21, 0, 0, 3, 0, 0, 78)
21 (1, 4, 0, 7, 0, 27, 0, 0, 3, 0, 0, 244)
22 (1, 4, 0, 4, 0, 22, 0, 0, 3, 0, 0, 183)
23 (1, 4, 0, 0, 0, 21, 0, 0, 3, 0, 0, 76)
24 (1, 4, 0, 0, 1, 24, 0, 0, 3, 0, 0, 67)
25 (1, 4, 0, 0, 0, 20, 0, 0, 3, 0, 0, 83)
26 (1, 4, 0, 0, 0, 19, 0, 0, 3, 0, 0, 14)
27 (1, 4, 2, 0, 0, 15, 0, 0, 2, 0, 0, 3)
28 (1, 4, 0, 0, 0, 15, 0, 0, 2, 0, 0, 31)
29 (1, 4, 11, 0, 0, 18, 0, 0, 2, 0, 0, 17)
30 (1, 4, 0, 0, 7, 13, 0, 0, 2, 0, 0, 196)
31 (1, 4, 0, 8, 0, 16, 0, 0, 2, 0, 0, 254)
0 (1, 4, 36, 0, 541, 0, 0, 0, 2, 0, 0, 246)
1 (1, 4, 0, 0, 428, 0, 0, 0, 2, 0, 0, 10)
2 (1, 4, 0, 0, 334, 0, 0, 0, 2, 0, 0, 209)
3 (1, 4, 0, 0, 369, 0, 0, 0, 2, 0, 0, 9)
4 (1, 4, 0, 284, 274, 0, 0, 0, 2, 0, 0, 90)
5 (1, 4, 0, 89, 0, 0, 0, 43, 2, 0, 0, 115)
6 (1, 4, 250, 0, 0, 0, 16, 0, 2, 0, 0, 232)
7 (1, 4, 248, 0, 21, 0, 25, 0, 2, 0, 0, 249)
8 (1, 4, 215, 0, 43, 0, 35, 7, 2, 0, 0, 128)
9 (1, 4, 0, 0, 23, 0, 32, 0, 2, 0, 0, 45)
10 (1, 4, 0, 23, 0, 0, 21, 0, 2, 0, 0, 198)
11 (1, 4, 0, 10, 0, 0, 18, 0, 2, 0, 0, 19)
12 (1, 4, 0, 10, 0, 0, 16, 0, 2, 0, 0, 225)
13 (1, 4, 0, 0, 0, 0, 24, 0, 2, 0, 0, 254)
14 (1, 4, 0, 0, 0, 0, 30, 0, 2, 0, 0, 239)
15 (1, 4, 0, 16, 0, 0, 31, 0, 2, 0, 0, 247)
16 (1, 4, 0, 45, 0, 0, 14, 0, 2, 0, 0, 116)
17 (1, 4, 0, 27, 0, 0, 6, 0, 2, 0, 0, 161)
18 (1, 4, 0, 16, 0, 0, 5, 0, 2, 0, 0, 65)
19 (1, 4, 0, 7, 0, 0, 0, 0, 2, 0, 0, 184)
20 (1, 4, 0, 0, 0, 0, 0, 6, 2, 0, 0, 118)
21 (1, 4, 0, 0, 0, 0, 0, 0, 2, 0, 0, 186)
22 (1, 4, 0, 9, 0, 0, 0, 0, 2, 0, 0, 188)
23 (1, 4, 0, 78, 0, 0, 0, 0, 2, 0, 0, 61)
24 (1, 4, 0, 416, 0, 0, 0, 0, 3, 0, 0, 254)
25 (1, 4, 0, 704, 0, 0, 0, 0, 3, 0, 0, 151)
26 (1, 4, 0, 421, 0, 21, 0, 83, 3, 0, 0, 245)
27 (1, 4, 0, 0, 0, 72, 0, 108, 3, 0, 0, 142)
28 (1, 4, 0, 0, 0, 53, 0, 65, 2, 0, 0, 93)
29 (1, 4, 0, 0, 0, 0, 66, 1, 2, 0, 0, 141)
30 (1, 4, 0, 0, 0, 0, 164, 0, 2, 0, 0, 96)
31 (1, 4, 416, 198, 49, 0, 93, 0, 2, 0, 0, 142)
0 (1, 4, 0, 0, 5, 20, 20, 0, 2, 0, 0, 157)
1 (1, 4, 0, 4, 4, 21, 19, 0, 2, 0, 0, 164)
2 (1, 4, 0, 0, 2, 23, 21, 0, 2, 0, 0, 32)
3 (1, 4, 0, 4, 5, 23, 19, 0, 2, 0, 0, 14)
4 (1, 4, 0, 4, 0, 23, 20, 0, 2, 0, 0, 172)
5 (1, 4, 0, 7, 0, 21, 23, 0, 2, 0, 0, 193)
6 (1, 4, 43, 38, 27, 19, 27, 0, 2, 0, 0, 11)
7 (1, 4, 264, 133, 89, 10, 21, 0, 2, 0, 0, 211)
8 (1, 4, 642, 173, 95, 8, 9, 0, 2, 0, 0, 53)
9 (1, 4, 873, 185, 197, 15, 3, 0, 2, 0, 0, 198)
10 (1, 4, 720, 332, 428, 10, 34, 0, 2, 0, 0, 68)
11 (1, 4, 101, 465, 586, 0, 5, 0, 2, 0, 0, 57)
12 (1, 4, 13, 344, 644, 0, 0, 0, 2, 0, 0, 93)
13 (1, 4, 31, 304, 570, 0, 0, 0, 2, 0, 0, 238)
14 (1, 4, 0, 433, 305, 0, 0, 0, 2, 0, 0, 0)
15 (1, 4, 0, 401, 53, 0, 0, 0, 2, 0, 0, 193)
16 (1, 4, 189, 146, 32, 0, 0, 0, 2, 0, 0, 61)
17 (1, 4, 384, 52, 221, 0, 0, 9, 2, 0, 0, 226)
18 (1, 4, 312, 0, 349, 0, 0, 30, 2, 0, 0, 181)
19 (1, 4, 206, 0, 332, 0, 0, 9, 2, 0, 0, 3)
20 (1, 4, 212, 0, 508, 0, 0, 0, 2, 0, 0, 202)
21 (1, 4, 290, 49, 533, 0, 0, 0, 2, 0, 0, 122)
22 (1, 4, 81, 120, 217, 0, 0, 0, 2, 0, 0, 19)
23 (1, 4, 53, 131, 61, 0, 0, 0, 2, 0, 0, 133)
24 (1, 4, 72, 139, 6, 0, 0, 0, 3, 0, 0, 58)
25 (1, 4, 175, 0, 29, 0, 0, 5, 3, 0, 0, 243)
26 (1, 4, 267, 0, 0, 0, 0, 0, 3, 0, 0, 184)
27 (1, 4, 263, 0, 0, 0, 0, 0, 2, 0, 0, 146)
28 (1, 4, 12, 0, 0, 0, 0, 0, 2, 0, 0, 242)
29 (1, 4, 0, 466, 0, 0, 0, 0, 3, 0, 0, 179)
0 (1, 4, 213, 0, 431, 0, 0, 7, 2, 0, 0, 232)
1 (1, 4, 0, 0, 326, 0, 0, 0, 2, 0, 0, 109)
2 (1, 4, 0, 0, 316, 0, 0, 0, 3, 0, 0, 230)
3 (1, 4, 0, 0, 292, 0, 0, 0, 3, 0, 0, 37)
4 (1, 4, 0, 36, 300, 0, 0, 0, 3, 0, 0, 129)
5 (1, 4, 0, 174, 369, 0, 0, 0, 3, 0, 0, 172)
6 (1, 4, 100, 250, 312, 0, 0, 0, 3, 0, 0, 49)
7 (1, 4, 0, 275, 0, 0, 0, 44, 3, 0, 0, 186)
8 (1, 4, 130, 0, 0, 0, 0, 0, 3, 0, 0, 209)
9 (1, 4, 189, 0, 0, 0, 10, 0, 3, 0, 0, 159)
10 (1, 4, 142, 0, 0, 0, 28, 0, 3, 0, 0, 62)
11 (1, 4, 25, 1, 2, 0, 35, 0, 3, 0, 0, 90)
12 (1, 4, 40, 0, 17, 0, 0, 0, 2, 0, 0, 230)
13 (1, 4, 330, 0, 0, 0, 0, 30, 2, 0, 0, 168)
14 (1, 4, 521, 0, 0, 0, 0, 0, 2, 0, 0, 192)
15 (1, 4, 0, 0, 0, 0, 0, 17, 2, 0, 0, 182)
16 (1, 4, 0, 0, 0, 0, 0, 34, 2, 0, 0, 162)
17 (1, 4, 0, 0, 0, 0, 0, 30, 2, 0, 0, 79)
18 (1, 4, 0, 160, 0, 0, 0, 27, 2, 0, 0, 38)
19 (1, 4, 0, 199, 0, 9, 0, 24, 2, 0, 0, 228)
20 (1, 4, 0, 100, 0, 25, 0, 0, 2, 0, 0, 49)
21 (1, 4, 0, 0, 0, 0, 0, 8, 2, 0, 0, 80)
22 (1, 4, 0, 0, 0, 0, 50, 0, 2, 0, 0, 192)
23 (1, 4, 0, 0, 0, 0, 12, 0, 2, 0, 0, 152)
24 (1, 4, 67, 0, 0, 0, 30, 0, 3, 0, 0, 22)
25 (1, 4, 0, 65, 65, 0, 20, 0, 3, 0, 0, 231)
26 (1, 4, 41, 45, 62, 0, 0, 0, 3, 0, 0, 51)
27 (1, 4, 0, 8, 59, 0, 0, 0, 3, 0, 0, 237)
28 (1, 4, 0, 0, 13, 0, 0, 0, 3, 0, 0, 174)
29 (1, 4, 0, 0, 9, 0, 0, 0, 3, 0, 0, 240)
30 (1, 4, 5, 0, 9, 0, 0, 0, 3, 0, 0, 198)
31 (1, 4, 3, 0, 0, 0, 0, 0, 3, 0, 0, 202)
0 (1, 4, 408, 92, 273, 0, 15, 2, 2, 0, 0, 16)
1 (1, 4, 59, 58, 357, 0, 2, 6, 2, 0, 0, 46)
2 (1, 4, 0, 80, 425, 0, 0, 0, 2, 0, 0, 34)
3 (1, 4, 12, 75, 486, 0, 0, 0, 3, 0, 0, 160)
4 (1, 4, 0, 215, 371, 0, 0, 15, 3, 0, 0, 92)
5 (1, 4, 139, 694, 351, 0, 0, 226, 3, 0, 0, 32)
6 (1, 4, 184, 0, 0, 0, 0, 0, 2, 0, 0, 248)
7 (1, 4, 268, 0, 0, 0, 19, 0, 2, 0, 0, 254)
8 (1, 4, 0, 89, 0, 0, 35, 0, 2, 0, 0, 216)
9 (1, 4, 0, 133, 0, 0, 20, 0, 2, 0, 0, 178)
10 (1, 4, 37, 9, 0, 0, 16, 28, 2, 0, 0, 132)
11 (1, 4, 59, 0, 0, 0, 14, 5, 2, 0, 0, 133)
12 (1, 4, 0, 0, 0, 0, 0, 0, 2, 0, 0, 186)
13 (1, 4, 86, 0, 0, 0, 0, 0, 2, 0, 0, 247)
14 (1, 4, 134, 34, 0, 0, 0, 0, 2, 0, 0, 36)
15 (1, 4, 14, 245, 0, 0, 0, 0, 2, 0, 0, 160)
16 (1, 4, 0, 788, 0, 0, 0, 0, 3, 0, 0, 75)
17 (1, 4, 0, 873, 0, 0, 0, 0, 3, 0, 0, 183)
18 (1, 4, 0, 162, 120, 0, 0, 119, 3, 0, 0, 148)
19 (1, 4, 0, 0, 0, 0, 58, 0, 3, 0, 0, 99)
20 (1, 4, 38, 0, 25, 0, 55, 0, 3, 0, 0, 140)
21 (1, 4, 0, 138, 61, 0, 28, 0, 3, 0, 0, 87)
22 (1, 4, 0, 25, 19, 0, 3, 0, 3, 0, 0, 240)
23 (1, 4, 0, 0, 0, 0, 0, 0, 3, 0, 0, 216)
24 (1, 4, 0, 1, 0, 0, 12, 0, 3, 0, 0, 79)
25 (1, 4, 0, 12, 31, 0, 23, 0, 3, 0, 0, 122)
26 (1, 4, 0, 37, 50, 0, 11, 0, 3, 0, 0, 145)
27 (1, 4, 0, 0, 6, 0, 2, 0, 3, 0, 0, 91)
28 (1, 4, 0, 26, 15, 0, 1, 0, 3, 0, 0, 71)
29 (1, 4, 28, 0, 0, 0, 8, 0, 3, 0, 0, 177)
30 (1, 4, 0, 0, 0, 0, 8, 0, 3, 0, 0, 25)
31 (1, 4, 0, 9, 0, 0, 12, 0, 3, 0, 0, 252)
0 (1, 4, 0, 416, 0, 0, 0, 74, 3, 0, 0, 232)
1 (1, 4, 0, 0, 0, 0, 0, 50, 3, 0, 0, 19)
2 (1, 4, 0, 0, 0, 0, 123, 9, 3, 0, 0, 53)
3 (1, 4, 0, 0, 0, 0, 118, 0, 3, 0, 0, 91)
4 (1, 4, 100, 111, 0, 0, 58, 0, 3, 0, 0, 229)
5 (1, 4, 0, 202, 184, 0, 29, 0, 3, 0, 0, 150)
6 (1, 4, 0, 0, 12, 0, 0, 0, 3, 0, 0, 58)
7 (1, 4, 0, 0, 0, 0, 9, 0, 2, 0, 0, 2)
8 (1, 4, 26, 18, 21, 0, 15, 0, 2, 0, 0, 38)
9 (1, 4, 6, 25, 61, 0, 2, 0, 2, 0, 0, 252)
10 (1, 4, 3, 0, 0, 0, 5, 0, 2, 0, 0, 50)
11 (1, 4, 22, 0, 0, 0, 10, 0, 2, 0, 0, 77)
12 (1, 4, 0, 0, 0, 0, 11, 0, 2, 0, 0, 240)
13 (1, 4, 13, 20, 11, 0, 12, 0, 2, 0, 0, 98)
14 (1, 4, 2, 6, 0, 0, 11, 0, 2, 0, 0, 91)
15 (1, 4, 0, 2, 0, 0, 11, 0, 2, 0, 0, 157)
16 (1, 4, 3, 15, 0, 0, 11, 0, 2, 0, 0, 83)
17 (1, 4, 39, 40, 33, 0, 12, 0, 2, 0, 0, 110)
18 (1, 4, 33, 60, 33, 0, 12, 0, 3, 0, 0, 147)
19 (1, 4, 24, 53, 36, 0, 14, 0, 3, 0, 0, 244)
20 (1, 4, 11, 17, 21, 0, 8, 0, 3, 0, 0, 26)
21 (1, 4, 5, 5, 5, 0, 9, 0, 3, 0, 0, 243)
22 (1, 4, 0, 15, 0, 0, 11, 0, 3, 0, 0, 35)
23 (1, 4, 0, 32, 11, 0, 10, 0, 3, 0, 0, 46)
24 (1, 4, 0, 48, 0, 0, 13, 0, 3, 0, 0, 32)
25 (1, 4, 0, 74, 4, 0, 16, 0, 3, 0, 0, 94)
26 (1, 4, 0, 118, 10, 0, 24, 0, 3, 0, 0, 152)
27 (1, 4, 0, 149, 57, 0, 28, 0, 3, 0, 0, 217)
28 (1, 4, 98, 113, 81, 0, 25, 0, 3, 0, 0, 50)
29 (1, 4, 73, 26, 92, 0, 19, 0, 2, 0, 0, 154)
30 (1, 4, 11, 0, 51, 0, 2, 0, 2, 0, 0, 16)
31 (1, 4, 76, 0, 8, 0, 2, 0, 2, 0, 0, 53)
0 (1, 4, 0, 0, 0, 0, 0, 0, 2, 0, 0, 186)
1 (1, 4, 0, 0, 0, 0, 6, 0, 2, 0, 0, 171)
2 (1, 4, 26, 27, 0, 0, 14, 0, 2, 0, 0, 236)
3 (1, 4, 33, 64, 0, 0, 25, 0, 2, 0, 0, 205)
4 (1, 4, 53, 48, 41, 0, 14, 0, 2, 0, 0, 14)
5 (1, 4, 226, 0, 79, 0, 2, 0, 2, 0, 0, 173)
6 (1, 4, 490, 0, 135, 0, 0, 0, 2, 0, 0, 155)
7 (1, 4, 650, 0, 145, 0, 0, 0, 2, 0, 0, 221)
8 (1, 4, 680, 0, 160, 0, 0, 0, 2, 0, 0, 19)
9 (1, 4, 556, 0, 166, 0, 2, 0, 2, 0, 0, 189)
10 (1, 4, 494, 0, 204, 0, 5, 0, 2, 0, 0, 197)
11 (1, 4, 314, 59, 213, 0, 2, 0, 2, 0, 0, 118)
12 (1, 4, 426, 0, 0, 0, 0, 18, 2, 0, 0, 108)
13 (1, 4, 584, 0, 0, 0, 0, 0, 2, 0, 0, 71)
14 (1, 4, 203, 0, 0, 0, 0, 0, 2, 0, 0, 68)
15 (1, 4, 277, 320, 0, 0, 0, 0, 2, 0, 0, 8)
16 (1, 4, 0, 490, 0, 0, 0, 0, 2, 0, 0, 193)
17 (1, 4, 0, 567, 0, 0, 0, 0, 3, 0, 0, 180)
18 (1, 4, 0, 249, 0, 0, 0, 0, 3, 0, 0, 255)
19 (1, 4, 0, 99, 0, 0, 0, 0, 3, 0, 0, 65)
20 (1, 4, 0, 0, 0, 0, 0, 21, 3, 0, 0, 161)
21 (1, 4, 0, 0, 0, 0, 45, 0, 3, 0, 0, 142)
22 (1, 4, 0, 0, 0, 0, 107, 0, 3, 0, 0, 133)
23 (1, 4, 109, 261, 321, 0, 0, 0, 3, 0, 0, 104)
24 (1, 4, 0, 0, 0, 0, 0, 0, 3, 0, 0, 216)
25 (1, 4, 0, 0, 0, 0, 0, 0, 3, 0, 0, 216)
26 (1, 4, 0, 0, 0, 0, 0, 0, 3, 0, 0, 216)
27 (1, 4, 0, 22, 30, 0, 0, 0, 3, 0, 0, 188)
28 (1, 4, 11, 36, 14, 0, 0, 0, 3, 0, 0, 111)
29 (1, 4, 17, 53, 20, 0, 0, 0, 3, 0, 0, 219)
30 (1, 4, 26, 46, 0, 0, 0, 0, 3, 0, 0, 146)
31 (1, 4, 7, 53, 2, 0, 0, 0, 3, 0, 0, 17)
0 (1, 4, 279, 1, 35, 0, 0, 0, 3, 0, 0, 224)
1 (1, 4, 759, 0, 201, 0, 8, 0, 2, 0, 0, 204)
2 (1, 4, 689, 0, 340, 0, 30, 0, 2, 0, 0, 80)
3 (1, 4, 310, 0, 390, 0, 14, 0, 2, 0, 0, 182)
4 (1, 4, 0, 0, 361, 0, 0, 0, 2, 0, 0, 202)
5 (1, 4, 0, 0, 388, 0, 0, 0, 2, 0, 0, 72)
6 (1, 4, 0, 0, 409, 0, 0, 0, 2, 0, 0, 65)
7 (1, 4, 0, 0, 545, 0, 0, 0, 2, 0, 0, 106)
8 (1, 4, 0, 0, 524, 0, 0, 0, 3, 0, 0, 128)
9 (1, 4, 0, 462, 315, 0, 0, 0, 3, 0, 0, 96)
10 (1, 4, 0, 464, 0, 0, 0, 0, 2, 0, 0, 188)
11 (1, 4, 0, 113, 0, 0, 0, 0, 2, 0, 0, 47)
12 (1, 4, 0, 0, 0, 0, 0, 0, 2, 0, 0, 186)
13 (1, 4, 104, 0, 0, 0, 0, 0, 2, 0, 0, 132)
14 (1, 4, 239, 12, 0, 0, 0, 13, 2, 0, 0, 146)
15 (1, 4, 409, 0, 0, 0, 0, 94, 2, 0, 0, 131)
16 (1, 4, 0, 0, 0, 0, 0, 0, 2, 0, 0, 186)
17 (1, 4, 0, 14, 0, 0, 0, 26, 2, 0, 0, 62)
18 (1, 4, 0, 138, 0, 0, 0, 0, 2, 0, 0, 101)
19 (1, 4, 0, 610, 0, 0, 0, 0, 2, 0, 0, 91)
20 (1, 4, 0, 873, 0, 0, 0, 0, 3, 0, 0, 183)
21 (1, 4, 0, 776, 121, 0, 0, 0, 3, 0, 0, 17)
22 (1, 4, 0, 563, 127, 0, 0, 0, 3, 0, 0, 77)
23 (1, 4, 0, 182, 69, 8, 0, 0, 3, 0, 0, 4)
24 (1, 4, 63, 0, 0, 0, 0, 14, 3, 0, 0, 131)
25 (1, 4, 0, 0, 0, 0, 20, 0, 3, 0, 0, 190)
26 (1, 4, 61, 0, 0, 0, 46, 0, 3, 0, 0, 100)
27 (1, 4, 0, 0, 0, 1, 53, 0, 3, 0, 0, 213)
28 (1, 4, 112, 167, 220, 0, 0, 0, 3, 0, 0, 32)
29 (1, 4, 141, 0, 73, 0, 0, 0, 3, 0, 0, 88)
30 (1, 4, 43, 0, 17, 0, 0, 0, 3, 0, 0, 150)
31 (1, 4, 65, 0, 27, 0, 0, 0, 3, 0, 0, 39)
0 (1, 4, 0, 29, 7, 0, 0, 0, 3, 0, 0, 128)
1 (1, 4, 0, 26, 0, 0, 0, 0, 3, 0, 0, 103)
2 (1, 4, 0, 23, 0, 0, 0, 0, 2, 0, 0, 217)
3 (1, 4, 11, 90, 8, 0, 0, 0, 2, 0, 0, 88)
4 (1, 4, 185, 54, 75, 0, 0, 0, 2, 0, 0, 30)
5 (1, 4, 483, 0, 243, 0, 0, 8, 2, 0, 0, 43)
6 (1, 4, 480, 0, 264, 0, 0, 0, 2, 0, 0, 2)
7 (1, 4, 572, 0, 272, 0, 0, 0, 2, 0, 0, 243)
8 (1, 4, 499, 52, 419, 0, 13, 0, 2, 0, 0, 218)
9 (1, 4, 104, 0, 293, 0, 6, 11, 2, 0, 0, 112)
10 (1, 4, 0, 0, 131, 0, 0, 0, 2, 0, 0, 240)
11 (1, 4, 0, 64, 179, 0, 0, 0, 2, 0, 0, 242)
12 (1, 4, 0, 101, 151, 0, 0, 0, 2, 0, 0, 255)
13 (1, 4, 0, 186, 0, 0, 0, 0, 2, 0, 0, 198)
14 (1, 4, 0, 46, 0, 0, 0, 0, 2, 0, 0, 124)
15 (1, 4, 0, 12, 0, 0, 0, 1, 2, 0, 0, 12)
16 (1, 4, 0, 31, 0, 0, 0, 0, 3, 0, 0, 8)
17 (1, 4, 0, 0, 0, 0, 0, 0, 2, 0, 0, 186)
18 (1, 4, 0, 184, 0, 0, 0, 0, 1, 0, 0, 13)
19 (1, 4, 0, 373, 0, 0, 0, 0, 2, 0, 0, 16)
20 (1, 4, 0, 429, 0, 0, 0, 0, 2, 0, 0, 64)
21 (1, 4, 0, 581, 0, 0, 0, 0, 2, 0, 0, 155)
22 (1, 4, 0, 517, 0, 0, 0, 0, 2, 0, 0, 24)
23 (1, 4, 153, 41, 0, 0, 23, 23, 2, 0, 0, 216)
24 (1, 4, 1, 0, 0, 0, 46, 0, 2, 0, 0, 105)
25 (1, 4, 163, 0, 0, 0, 47, 0, 2, 0, 0, 222)
26 (1, 4, 0, 0, 0, 32, 110, 0, 2, 0, 0, 148)
27 (1, 4, 50, 87, 140, 4, 16, 0, 2, 0, 0, 139)
28 (1, 4, 9, 20, 89, 7, 0, 0, 2, 0, 0, 142)
29 (1, 4, 0, 0, 4, 21, 0, 0, 2, 0, 0, 112)
30 (1, 4, 0, 13, 0, 18, 16, 0, 2, 0, 0, 42)
31 (1, 4, 0, 53, 31, 15, 20, 0, 2, 0, 0, 147)
0 (1, 4, 77, 0, 49, 12, 0, 0, 2, 0, 0, 228)
1 (1, 4, 296, 0, 130, 0, 8, 0, 2, 0, 0, 16)
2 (1, 4, 535, 0, 331, 0, 19, 0, 2, 0, 0, 219)
3 (1, 4, 672, 0, 552, 0, 0, 0, 2, 0, 0, 148)
4 (1, 4, 669, 0, 732, 0, 0, 0, 2, 0, 0, 32)
5 (1, 4, 494, 0, 735, 0, 0, 0, 2, 0, 0, 33)
6 (1, 4, 405, 38, 769, 0, 0, 0, 2, 0, 0, 125)
7 (1, 4, 0, 0, 442, 0, 0, 0, 2, 0, 0, 4)
8 (1, 4, 0, 455, 358, 0, 0, 48, 6, 1, 0, 96)
9 (1, 4, 0, 129, 0, 0, 0, 62, 3, 0, 0, 56)
10 (1, 4, 93, 0, 0, 0, 42, 0, 2, 0, 0, 171)
11 (1, 4, 113, 8, 43, 0, 16, 0, 2, 0, 0, 213)
12 (1, 4, 67, 138, 21, 0, 6, 0, 2, 0, 0, 90)
13 (1, 4, 140, 126, 0, 0, 0, 0, 2, 0, 0, 195)
14 (1, 4, 0, 230, 0, 0, 0, 0, 2, 0, 0, 77)
15 (1, 4, 0, 384, 0, 0, 0, 0, 2, 0, 0, 94)
16 (1, 4, 0, 402, 0, 0, 0, 0, 2, 0, 0, 82)
17 (1, 4, 0, 633, 0, 0, 0, 0, 2, 0, 0, 81)
18 (1, 4, 0, 597, 0, 0, 0, 37, 2, 0, 0, 241)
19 (1, 4, 0, 0, 0, 0, 0, 187, 2, 0, 0, 206)
20 (1, 4, 0, 0, 0, 0, 67, 13, 2, 0, 0, 107)
21 (1, 4, 0, 0, 0, 0, 168, 0, 2, 0, 0, 66)
22 (1, 4, 123, 66, 0, 0, 183, 0, 2, 0, 0, 76)
23 (1, 4, 69, 28, 29, 25, 65, 0, 2, 0, 0, 119)
24 (1, 4, 0, 0, 65, 28, 46, 0, 2, 0, 0, 123)
25 (1, 4, 6, 0, 42, 13, 26, 0, 2, 0, 0, 222)
26 (1, 4, 36, 1, 48, 0, 36, 0, 2, 0, 0, 159)
27 (1, 4, 31, 14, 65, 0, 25, 0, 2, 0, 0, 86)
28 (1, 4, 42, 12, 39, 0, 20, 0, 2, 0, 0, 5)
29 (1, 4, 1, 16, 36, 0, 23, 0, 2, 0, 0, 152)
30 (1, 4, 26, 0, 27, 0, 24, 0, 2, 0, 0, 10)
31 (1, 4, 16, 0, 35, 0, 25, 0, 2, 0, 0, 34)

