0 (1, 4, 87, 0, 0, 0, 110, 0, 1, 2, 0, 78)
1 (1, 4, 0, 0, 103, 0, 55, 0, 1, 2, 0, 202)
2 (1, 4, 43, 0, 259, 0, 0, 0, 1, 2, 0, 137)
3 (1, 4, 76, 282, 329, 1, 0, 0, 1, 2, 0, 192)
4 (1, 4, 0, 467, 177, 0, 0, 68, 1, 2, 0, 192)
5 (1, 4, 159, 179, 0, 37, 0, 190, 1, 2, 0, 75)
6 (1, 4, 16, 0, 0, 65, 0, 175, 1, 1, 0, 143)
7 (1, 4, 0, 0, 0, 30, 0, 140, 1, 1, 0, 47)
8 (1, 4, 0, 0, 0, 5, 0, 53, 1, 1, 0, 204)
9 (1, 4, 0, 0, 0, 13, 2, 17, 1, 1, 0, 18)
10 (1, 4, 58, 0, 0, 39, 41, 0, 1, 1, 0, 61)
11 (1, 4, 104, 0, 170, 63, 31, 0, 1, 1, 0, 66)
12 (1, 4, 0, 88, 326, 62, 0, 0, 1, 1, 0, 85)
13 (1, 4, 0, 118, 228, 37, 0, 3, 1, 1, 0, 166)
14 (1, 4, 80, 158, 133, 13, 0, 57, 1, 1, 0, 157)
15 (1, 4, 80, 57, 0, 42, 0, 63, 1, 1, 0, 31)
16 (1, 4, 6, 61, 8, 41, 0, 54, 0, 1, 0, 66)
17 (1, 4, 13, 47, 19, 38, 0, 45, 1, 1, 0, 204)
18 (1, 4, 0, 52, 15, 32, 0, 38, 1, 1, 0, 211)
19 (1, 4, 5, 80, 11, 27, 0, 48, 0, 1, 0, 154)
20 (1, 4, 0, 84, 1, 32, 0, 49, 1, 1, 0, 159)
21 (1, 4, 0, 76, 0, 27, 0, 56, 1, 1, 0, 43)
22 (1, 4, 0, 60, 0, 29, 0, 53, 0, 1, 0, 107)
23 (1, 4, 0, 61, 0, 28, 0, 52, 0, 1, 0, 30)
24 (1, 4, 0, 56, 0, 23, 0, 60, 1, 1, 0, 32)
25 (1, 4, 0, 53, 0, 25, 0, 59, 0, 1, 0, 55)
26 (1, 4, 0, 43, 0, 26, 0, 59, 0, 1, 0, 115)
27 (1, 4, 0, 53, 28, 24, 0, 50, 0, 1, 0, 128)
28 (1, 4, 0, 73, 49, 23, 0, 51, 0, 1, 0, 59)
29 (1, 4, 11, 71, 107, 10, 0, 53, 0, 1, 0, 234)
30 (1, 4, 0, 93, 159, 0, 0, 54, 0, 0, 0, 41)
31 (1, 4, 0, 66, 235, 0, 0, 58, 0, 0, 0, 66)
0 (1, 4, 0, 0, 0, 0, 0, 29, 1, 1, 0, 228)
1 (1, 4, 0, 0, 0, 0, 0, 9, 1, 1, 0, 66)
2 (1, 4, 124, 0, 0, 0, 0, 13, 1, 1, 0, 209)
3 (1, 4, 120, 108, 0, 0, 0, 43, 1, 2, 0, 17)
4 (1, 4, 0, 0, 0, 0, 0, 178, 1, 2, 0, 139)
5 (1, 4, 0, 0, 0, 0, 0, 185, 1, 2, 0, 7)
6 (1, 4, 0, 0, 0, 0, 0, 181, 1, 2, 0, 152)
7 (1, 4, 0, 0, 0, 0, 50, 115, 2, 2, 0, 71)
8 (1, 4, 0, 0, 0, 0, 70, 68, 3, 3, 0, 94)
9 (1, 4, 0, 0, 0, 0, 59, 11, 3, 4, 0, 61)
10 (1, 4, 0, 0, 10, 0, 29, 0, 1, 1, 0, 58)
11 (1, 4, 3, 0, 111, 0, 0, 0, 1, 1, 0, 57)
12 (1, 4, 85, 207, 151, 0, 0, 0, 1, 1, 0, 112)
13 (1, 4, 231, 470, 188, 0, 0, 0, 0, 1, 0, 71)
14 (1, 4, 214, 644, 0, 3, 0, 221, 0, 1, 0, 38)
15 (1, 4, 35, 35, 0, 40, 0, 320, 0, 0, 0, 204)
16 (1, 4, 0, 0, 0, 4, 0, 177, 0, 0, 0, 37)
17 (1, 4, 0, 0, 0, 0, 0, 118, 0, 0, 0, 133)
18 (1, 4, 0, 0, 0, 0, 0, 53, 0, 0, 0, 166)
19 (1, 4, 0, 0, 35, 0, 0, 0, 0, 1, 0, 80)
20 (1, 4, 9, 0, 112, 0, 0, 0, 1, 2, 0, 206)
21 (1, 4, 199, 65, 98, 0, 0, 0, 1, 1, 0, 221)
22 (1, 4, 237, 253, 195, 0, 0, 0, 1, 1, 0, 38)
23 (1, 4, 170, 405, 379, 0, 0, 25, 0, 1, 0, 135)
24 (1, 4, 80, 386, 396, 0, 0, 9, 0, 1, 0, 142)
25 (1, 4, 174, 459, 217, 0, 0, 70, 0, 1, 0, 75)
26 (1, 4, 0, 410, 0, 0, 0, 136, 0, 0, 0, 69)
27 (1, 4, 179, 0, 0, 0, 0, 181, 0, 0, 0, 12)
28 (1, 4, 50, 0, 0, 0, 0, 95, 0, 0, 0, 42)
29 (1, 4, 0, 0, 0, 0, 0, 60, 0, 1, 0, 248)
30 (1, 4, 0, 58, 0, 0, 0, 49, 1, 1, 0, 167)
31 (1, 4, 0, 194, 135, 0, 0, 32, 1, 1, 0, 45)
0 (1, 4, 0, 46, 333, 0, 0, 15, 1, 1, 0, 152)
1 (1, 4, 0, 240, 282, 0, 0, 0, 3, 2, 0, 158)
2 (1, 4, 0, 140, 121, 0, 3, 0, 0, 1, 0, 164)
3 (1, 4, 0, 105, 85, 0, 0, 15, 1, 1, 0, 135)
4 (1, 4, 0, 40, 0, 0, 0, 17, 1, 1, 0, 10)
5 (1, 4, 2, 0, 0, 0, 0, 0, 1, 1, 0, 107)
6 (1, 4, 181, 0, 0, 0, 0, 0, 1, 1, 0, 115)
7 (1, 4, 171, 48, 0, 0, 1, 0, 1, 1, 0, 29)
8 (1, 4, 151, 112, 1, 0, 16, 0, 1, 2, 0, 36)
9 (1, 4, 53, 89, 85, 0, 0, 44, 1, 1, 0, 242)
10 (1, 4, 292, 0, 42, 0, 0, 15, 1, 1, 0, 30)
11 (1, 4, 0, 4, 0, 0, 0, 0, 0, 1, 0, 207)
12 (1, 4, 0, 14, 0, 0, 0, 0, 1, 1, 0, 115)
13 (1, 4, 303, 0, 0, 0, 0, 0, 1, 1, 0, 232)
14 (1, 4, 243, 0, 0, 0, 0, 0, 0, 1, 0, 188)
15 (1, 4, 403, 0, 0, 0, 0, 0, 0, 1, 0, 240)
16 (1, 4, 718, 171, 0, 0, 0, 0, 1, 1, 0, 19)
17 (1, 4, 703, 370, 0, 0, 0, 40, 1, 1, 0, 248)
18 (1, 4, 610, 0, 0, 0, 0, 187, 1, 1, 0, 85)
19 (1, 4, 196, 0, 0, 0, 0, 168, 1, 1, 0, 18)
20 (1, 4, 0, 0, 0, 0, 0, 96, 1, 1, 0, 147)
21 (1, 4, 5, 0, 0, 0, 14, 34, 1, 2, 0, 52)
22 (1, 4, 0, 0, 51, 0, 29, 0, 2, 2, 0, 136)
23 (1, 4, 0, 0, 58, 0, 40, 0, 2, 2, 0, 178)
24 (1, 4, 11, 0, 153, 0, 26, 0, 1, 2, 0, 184)
25 (1, 4, 84, 0, 150, 0, 0, 24, 2, 2, 0, 251)
26 (1, 4, 151, 42, 203, 0, 0, 18, 0, 1, 0, 177)
27 (1, 4, 120, 161, 299, 0, 0, 12, 0, 1, 0, 134)
28 (1, 4, 238, 228, 31, 0, 0, 36, 0, 1, 0, 114)
29 (1, 4, 348, 138, 0, 0, 0, 204, 0, 1, 0, 185)
30 (1, 4, 276, 0, 0, 4, 0, 300, 1, 1, 0, 198)
31 (1, 4, 48, 0, 0, 17, 62, 203, 2, 2, 0, 184)
0 (1, 4, 0, 157, 235, 0, 0, 0, 1, 1, 0, 56)
1 (1, 4, 0, 315, 232, 0, 0, 32, 1, 1, 0, 179)
2 (1, 4, 0, 463, 206, 0, 0, 86, 1, 1, 0, 60)
3 (1, 4, 0, 503, 266, 0, 0, 84, 0, 1, 0, 254)
4 (1, 4, 19, 494, 335, 0, 0, 90, 1, 1, 0, 30)
5 (1, 4, 0, 560, 426, 0, 0, 42, 1, 1, 0, 42)
6 (1, 4, 0, 313, 364, 0, 0, 61, 1, 1, 0, 191)
7 (1, 4, 0, 0, 348, 0, 0, 33, 0, 1, 0, 80)
8 (1, 4, 29, 0, 355, 0, 0, 7, 0, 1, 0, 67)
9 (1, 4, 0, 74, 309, 0, 0, 14, 0, 1, 0, 120)
10 (1, 4, 0, 53, 235, 0, 0, 28, 0, 0, 0, 13)
11 (1, 4, 0, 173, 182, 0, 0, 23, 0, 1, 0, 203)
12 (1, 4, 0, 0, 62, 0, 0, 5, 0, 1, 0, 243)
13 (1, 4, 5, 0, 64, 0, 0, 0, 0, 1, 0, 216)
14 (1, 4, 1, 89, 0, 0, 0, 8, 0, 1, 0, 21)
15 (1, 4, 108, 2, 0, 0, 4, 37, 1, 1, 0, 244)
16 (1, 4, 247, 0, 0, 0, 0, 36, 1, 1, 0, 50)
17 (1, 4, 230, 0, 0, 0, 0, 26, 1, 1, 0, 136)
18 (1, 4, 186, 0, 0, 0, 0, 13, 1, 1, 0, 105)
19 (1, 4, 302, 0, 0, 0, 0, 0, 1, 1, 0, 230)
20 (1, 4, 380, 0, 0, 0, 0, 0, 2, 2, 0, 136)
21 (1, 4, 540, 49, 0, 0, 0, 0, 1, 1, 0, 205)
22 (1, 4, 463, 177, 0, 0, 0, 0, 1, 1, 0, 164)
23 (1, 4, 577, 85, 0, 0, 0, 75, 1, 1, 0, 176)
24 (1, 4, 242, 0, 0, 0, 0, 114, 0, 1, 0, 60)
25 (1, 4, 167, 0, 0, 0, 0, 98, 0, 1, 0, 176)
26 (1, 4, 199, 0, 0, 0, 0, 104, 0, 1, 0, 173)
27 (1, 4, 128, 0, 0, 0, 0, 106, 1, 1, 0, 213)
28 (1, 4, 0, 0, 0, 0, 15, 107, 0, 1, 0, 212)
29 (1, 4, 0, 0, 42, 0, 20, 78, 1, 1, 0, 31)
30 (1, 4, 0, 0, 49, 0, 25, 43, 1, 1, 0, 114)
31 (1, 4, 0, 0, 106, 0, 12, 12, 1, 1, 0, 92)
0 (1, 4, 93, 0, 65, 8, 0, 149, 1, 1, 0, 60)
1 (1, 4, 26, 0, 53, 0, 0, 182, 0, 0, 0, 141)
2 (1, 4, 42, 0, 95, 0, 0, 139, 0, 0, 0, 14)
3 (1, 4, 0, 0, 65, 0, 0, 81, 1, 1, 0, 81)
4 (1, 4, 163, 0, 70, 0, 0, 23, 1, 1, 0, 253)
5 (1, 4, 179, 0, 295, 0, 0, 0, 1, 1, 0, 17)
6 (1, 4, 224, 101, 411, 0, 5, 0, 1, 1, 0, 76)
7 (1, 4, 340, 280, 439, 0, 0, 0, 1, 1, 0, 219)
8 (1, 4, 397, 579, 526, 0, 0, 29, 1, 1, 0, 84)
9 (1, 4, 503, 724, 413, 0, 0, 86, 2, 2, 0, 244)
10 (1, 4, 167, 415, 0, 0, 0, 96, 1, 1, 0, 95)
11 (1, 4, 472, 262, 0, 0, 0, 97, 1, 1, 0, 16)
12 (1, 4, 517, 68, 0, 0, 0, 150, 1, 1, 0, 137)
13 (1, 4, 318, 0, 0, 0, 0, 149, 1, 1, 0, 245)
14 (1, 4, 30, 0, 0, 0, 0, 128, 1, 1, 0, 73)
15 (1, 4, 33, 0, 0, 0, 0, 90, 1, 1, 0, 123)
16 (1, 4, 62, 0, 0, 0, 48, 51, 1, 1, 0, 152)
17 (1, 4, 89, 0, 0, 0, 40, 24, 1, 1, 0, 149)
18 (1, 4, 173, 0, 26, 0, 31, 0, 1, 1, 0, 35)
19 (1, 4, 246, 0, 128, 0, 12, 0, 1, 1, 0, 59)
20 (1, 4, 351, 0, 195, 16, 0, 0, 1, 1, 0, 0)
21 (1, 4, 413, 0, 251, 10, 0, 0, 1, 1, 0, 140)
22 (1, 4, 449, 153, 382, 0, 0, 2, 1, 1, 0, 210)
23 (1, 4, 201, 217, 327, 0, 0, 39, 1, 1, 0, 129)
24 (1, 4, 297, 273, 303, 0, 0, 39, 1, 1, 0, 181)
25 (1, 4, 236, 445, 169, 0, 0, 68, 1, 1, 0, 232)
26 (1, 4, 253, 481, 0, 0, 0, 108, 1, 1, 0, 225)
27 (1, 4, 84, 500, 0, 0, 0, 138, 1, 1, 0, 225)
28 (1, 4, 159, 369, 0, 0, 0, 155, 1, 1, 0, 125)
29 (1, 4, 48, 163, 0, 0, 0, 191, 1, 1, 0, 74)
30 (1, 4, 94, 0, 0, 0, 0, 146, 1, 1, 0, 170)
31 (1, 4, 0, 0, 0, 0, 0, 91, 1, 1, 0, 109)
0 (1, 4, 629, 873, 166, 0, 0, 0, 1, 1, 0, 250)
1 (1, 4, 143, 709, 0, 0, 0, 156, 1, 1, 0, 222)
2 (1, 4, 399, 0, 0, 0, 0, 240, 1, 2, 0, 58)
3 (1, 4, 9, 0, 0, 0, 1, 245, 1, 1, 0, 103)
4 (1, 4, 100, 0, 0, 0, 0, 209, 1, 1, 0, 194)
5 (1, 4, 141, 0, 0, 0, 28, 119, 1, 1, 0, 167)
6 (1, 4, 66, 0, 127, 0, 34, 55, 1, 1, 0, 95)
7 (1, 4, 139, 0, 169, 0, 18, 15, 1, 1, 0, 169)
8 (1, 4, 153, 0, 194, 0, 5, 0, 1, 1, 0, 67)
9 (1, 4, 207, 0, 243, 0, 0, 0, 1, 1, 0, 129)
10 (1, 4, 356, 0, 240, 0, 0, 0, 1, 1, 0, 136)
11 (1, 4, 561, 249, 312, 0, 0, 0, 1, 1, 0, 29)
12 (1, 4, 481, 760, 352, 0, 0, 0, 0, 1, 0, 69)
13 (1, 4, 137, 649, 197, 0, 0, 118, 1, 1, 0, 237)
14 (1, 4, 142, 564, 0, 0, 0, 177, 1, 1, 0, 165)
15 (1, 4, 114, 410, 0, 0, 0, 195, 0, 1, 0, 85)
16 (1, 4, 206, 18, 0, 0, 0, 229, 1, 1, 0, 119)
17 (1, 4, 21, 0, 0, 0, 8, 190, 1, 1, 0, 190)
18 (1, 4, 0, 0, 0, 0, 18, 135, 1, 1, 0, 153)
19 (1, 4, 0, 0, 0, 0, 26, 57, 1, 1, 0, 134)
20 (1, 4, 0, 0, 0, 0, 3, 11, 1, 1, 0, 112)
21 (1, 4, 0, 0, 23, 30, 0, 0, 1, 1, 0, 160)
22 (1, 4, 0, 75, 40, 69, 0, 6, 1, 1, 0, 167)
23 (1, 4, 12, 130, 76, 78, 0, 41, 1, 1, 0, 177)
24 (1, 4, 0, 67, 34, 57, 0, 59, 1, 1, 0, 250)
25 (1, 4, 16, 0, 4, 51, 0, 60, 1, 1, 0, 27)
26 (1, 4, 14, 0, 0, 43, 0, 45, 1, 1, 0, 242)
27 (1, 4, 12, 0, 0, 47, 0, 43, 1, 1, 0, 94)
28 (1, 4, 0, 0, 0, 48, 0, 41, 1, 1, 0, 253)
29 (1, 4, 5, 0, 0, 48, 0, 44, 1, 1, 0, 97)
0 (1, 4, 70, 163, 0, 0, 0, 33, 1, 1, 0, 191)
1 (1, 4, 251, 4, 0, 0, 0, 9, 1, 1, 0, 65)
2 (1, 4, 358, 5, 0, 0, 0, 0, 0, 1, 0, 18)
3 (1, 4, 370, 60, 0, 0, 0, 0, 0, 1, 0, 111)
4 (1, 4, 282, 149, 0, 0, 0, 0, 0, 0, 0, 255)
5 (1, 4, 272, 238, 0, 0, 0, 26, 0, 0, 0, 88)
6 (1, 4, 538, 0, 0, 0, 0, 67, 0, 0, 0, 213)
7 (1, 4, 422, 0, 0, 0, 0, 90, 0, 0, 0, 79)
8 (1, 4, 186, 0, 0, 0, 8, 123, 1, 0, 0, 56)
9 (1, 4, 39, 0, 0, 0, 38, 139, 1, 0, 0, 235)
10 (1, 4, 0, 0, 49, 0, 39, 93, 1, 1, 0, 209)
11 (1, 4, 0, 0, 21, 0, 12, 34, 1, 1, 0, 248)
12 (1, 4, 0, 0, 38, 0, 0, 2, 1, 1, 0, 65)
13 (1, 4, 141, 0, 20, 0, 0, 0, 1, 1, 0, 5)
14 (1, 4, 232, 0, 21, 0, 0, 0, 1, 1, 0, 233)
15 (1, 4, 269, 113, 162, 0, 0, 0, 1, 1, 0, 134)
16 (1, 4, 251, 425, 432, 0, 0, 0, 1, 1, 0, 163)
17 (1, 4, 33, 689, 496, 0, 0, 18, 1, 1, 0, 216)
18 (1, 4, 341, 587, 250, 0, 0, 109, 1, 1, 0, 179)
19 (1, 4, 140, 537, 0, 0, 0, 153, 1, 1, 0, 236)
20 (1, 4, 100, 350, 0, 0, 0, 158, 1, 1, 0, 125)
21 (1, 4, 348, 35, 0, 0, 0, 153, 1, 1, 0, 34)
22 (1, 4, 197, 0, 0, 0, 0, 127, 1, 1, 0, 19)
23 (1, 4, 0, 0, 0, 0, 0, 124, 1, 1, 0, 223)
24 (1, 4, 0, 0, 0, 0, 0, 87, 1, 1, 0, 242)
25 (1, 4, 0, 0, 0, 0, 1, 56, 1, 1, 0, 150)
26 (1, 4, 0, 0, 0, 0, 0, 12, 1, 1, 0, 232)
27 (1, 4, 0, 0, 8, 0, 0, 5, 1, 1, 0, 97)
28 (1, 4, 0, 0, 13, 18, 0, 2, 1, 2, 0, 204)
29 (1, 4, 65, 0, 10, 65, 0, 5, 1, 1, 0, 3)
0 (1, 4, 88, 459, 0, 0, 0, 37, 1, 0, 0, 2)
1 (1, 4, 285, 426, 0, 0, 0, 101, 0, 0, 0, 108)
2 (1, 4, 135, 217, 0, 0, 0, 203, 0, 1, 0, 140)
3 (1, 4, 79, 0, 0, 0, 0, 251, 1, 1, 0, 149)
4 (1, 4, 51, 0, 0, 0, 0, 213, 0, 1, 0, 150)
5 (1, 4, 48, 0, 0, 0, 0, 157, 1, 1, 0, 73)
6 (1, 4, 0, 0, 0, 0, 25, 129, 1, 1, 0, 31)
7 (1, 4, 0, 0, 72, 0, 56, 74, 1, 1, 0, 111)
8 (1, 4, 0, 0, 135, 0, 63, 36, 1, 1, 0, 150)
9 (1, 4, 134, 0, 165, 0, 52, 0, 1, 1, 0, 232)
10 (1, 4, 160, 0, 261, 0, 38, 0, 1, 1, 0, 46)
11 (1, 4, 58, 59, 351, 0, 0, 0, 1, 1, 0, 116)
12 (1, 4, 224, 248, 320, 0, 0, 0, 1, 1, 0, 24)
13 (1, 4, 208, 201, 59, 0, 0, 143, 1, 1, 0, 122)
14 (1, 4, 0, 85, 0, 49, 0, 191, 1, 2, 0, 71)
15 (1, 4, 0, 35, 0, 71, 0, 213, 1, 1, 0, 83)
16 (1, 4, 0, 0, 0, 52, 0, 238, 1, 1, 0, 93)
17 (1, 4, 67, 0, 0, 27, 76, 137, 1, 1, 0, 69)
18 (1, 4, 0, 0, 88, 2, 59, 71, 1, 1, 0, 229)
19 (1, 4, 0, 0, 93, 0, 12, 42, 1, 2, 0, 232)
20 (1, 4, 114, 0, 74, 6, 0, 0, 1, 2, 0, 82)
21 (1, 4, 147, 0, 136, 0, 0, 0, 1, 1, 0, 221)
22 (1, 4, 20, 3, 179, 0, 0, 0, 1, 1, 0, 188)
23 (1, 4, 141, 110, 157, 21, 0, 2, 1, 1, 0, 180)
24 (1, 4, 64, 129, 167, 17, 0, 85, 1, 1, 0, 116)
25 (1, 4, 0, 92, 143, 32, 0, 94, 1, 1, 0, 13)
26 (1, 4, 14, 40, 45, 31, 0, 114, 1, 1, 0, 6)
27 (1, 4, 15, 2, 0, 35, 0, 92, 1, 1, 0, 129)
28 (1, 4, 0, 0, 0, 20, 0, 77, 1, 1, 0, 249)
29 (1, 4, 46, 0, 0, 27, 0, 67, 1, 1, 0, 233)
30 (1, 4, 0, 0, 0, 14, 0, 72, 1, 1, 0, 98)
0 (1, 4, 0, 0, 427, 0, 0, 0, 1, 1, 0, 34)
1 (1, 4, 242, 0, 247, 0, 0, 0, 1, 2, 0, 3)
2 (1, 4, 0, 280, 297, 0, 0, 0, 1, 2, 0, 118)
3 (1, 4, 103, 391, 113, 0, 0, 107, 1, 2, 0, 206)
4 (1, 4, 38, 141, 0, 0, 0, 246, 1, 1, 0, 56)
5 (1, 4, 93, 0, 0, 10, 0, 295, 1, 1, 0, 5)
6 (1, 4, 29, 0, 0, 5, 0, 211, 1, 1, 0, 200)
7 (1, 4, 0, 0, 0, 0, 41, 118, 1, 1, 0, 57)
8 (1, 4, 0, 0, 41, 0, 50, 58, 1, 1, 0, 250)
9 (1, 4, 0, 0, 95, 0, 30, 26, 1, 1, 0, 127)
10 (1, 4, 34, 0, 75, 7, 20, 4, 1, 2, 0, 163)
11 (1, 4, 125, 0, 129, 12, 10, 0, 1, 2, 0, 240)
12 (1, 4, 71, 18, 217, 0, 0, 3, 1, 1, 0, 227)
13 (1, 4, 156, 51, 186, 0, 0, 0, 1, 1, 0, 82)
14 (1, 4, 96, 171, 260, 0, 0, 0, 1, 2, 0, 47)
15 (1, 4, 366, 301, 199, 0, 0, 63, 1, 1, 0, 240)
16 (1, 4, 18, 204, 30, 5, 0, 208, 1, 1, 0, 173)
17 (1, 4, 0, 72, 0, 35, 0, 241, 1, 1, 0, 237)
18 (1, 4, 0, 0, 0, 19, 0, 204, 1, 1, 0, 241)
19 (1, 4, 0, 0, 0, 2, 0, 125, 1, 1, 0, 62)
20 (1, 4, 0, 0, 0, 3, 0, 77, 1, 1, 0, 83)
21 (1, 4, 0, 0, 0, 9, 0, 37, 1, 1, 0, 155)
22 (1, 4, 25, 0, 0, 16, 0, 15, 1, 1, 0, 231)
23 (1, 4, 80, 0, 7, 16, 0, 29, 1, 1, 0, 159)
24 (1, 4, 62, 0, 0, 27, 0, 48, 1, 1, 0, 88)
25 (1, 4, 13, 0, 5, 39, 0, 53, 1, 1, 0, 151)
26 (1, 4, 24, 0, 25, 51, 0, 53, 1, 1, 0, 87)
27 (1, 4, 47, 18, 27, 49, 0, 65, 1, 1, 0, 5)
28 (1, 4, 46, 37, 12, 49, 0, 60, 1, 1, 0, 71)
29 (1, 4, 26, 37, 24, 36, 0, 75, 1, 1, 0, 201)
30 (1, 4, 37, 38, 5, 44, 0, 61, 1, 1, 0, 102)
31 (1, 4, 33, 30, 4, 24, 0, 74, 1, 1, 0, 156)
0 (1, 4, 0, 229, 0, 0, 0, 105, 1, 1, 0, 137)
1 (1, 4, 109, 164, 0, 0, 0, 107, 1, 1, 0, 14)
2 (1, 4, 308, 43, 0, 0, 0, 132, 1, 1, 0, 60)
3 (1, 4, 235, 0, 0, 7, 13, 154, 0, 0, 0, 75)
4 (1, 4, 87, 0, 0, 0, 25, 140, 0, 0, 0, 21)
5 (1, 4, 10, 0, 147, 0, 23, 108, 1, 0, 0, 211)
6 (1, 4, 0, 0, 213, 0, 40, 36, 2, 2, 0, 203)
7 (1, 4, 0, 0, 335, 0, 15, 0, 1, 1, 0, 33)
8 (1, 4, 208, 347, 356, 0, 0, 0, 1, 1, 0, 97)
9 (1, 4, 0, 810, 244, 0, 0, 27, 1, 1, 0, 201)
10 (1, 4, 247, 459, 0, 0, 0, 259, 1, 1, 0, 165)
11 (1, 4, 194, 36, 0, 35, 0, 292, 1, 1, 0, 218)
12 (1, 4, 31, 0, 0, 24, 0, 218, 1, 1, 0, 141)
13 (1, 4, 37, 0, 0, 0, 0, 159, 1, 1, 0, 38)
14 (1, 4, 0, 0, 0, 0, 19, 103, 1, 1, 0, 142)
15 (1, 4, 0, 0, 7, 0, 36, 57, 1, 1, 0, 59)
16 (1, 4, 48, 0, 89, 0, 43, 0, 1, 1, 0, 187)
17 (1, 4, 207, 0, 199, 0, 24, 0, 1, 1, 0, 26)
18 (1, 4, 234, 209, 293, 0, 0, 0, 1, 1, 0, 127)
19 (1, 4, 175, 456, 270, 0, 0, 0, 1, 1, 0, 187)
20 (1, 4, 0, 596, 179, 0, 0, 96, 1, 1, 0, 173)
21 (1, 4, 64, 319, 0, 62, 0, 182, 1, 0, 0, 242)
22 (1, 4, 21, 116, 0, 80, 0, 203, 1, 1, 0, 58)
23 (1, 4, 126, 0, 0, 6, 21, 172, 1, 1, 0, 100)
24 (1, 4, 0, 0, 0, 13, 0, 69, 1, 1, 0, 3)
25 (1, 4, 0, 0, 0, 7, 0, 34, 1, 1, 0, 50)
26 (1, 4, 0, 0, 0, 20, 0, 35, 1, 1, 0, 59)
27 (1, 4, 0, 16, 0, 45, 0, 36, 1, 1, 0, 176)
28 (1, 4, 0, 81, 0, 61, 0, 79, 1, 1, 0, 25)
0 (1, 4, 142, 0, 245, 13, 0, 176, 0, 0, 0, 29)
1 (1, 4, 368, 0, 169, 0, 0, 160, 1, 1, 0, 215)
2 (1, 4, 261, 0, 278, 0, 0, 124, 0, 0, 0, 177)
3 (1, 4, 199, 0, 347, 0, 0, 73, 0, 0, 0, 102)
4 (1, 4, 245, 0, 339, 0, 0, 0, 1, 1, 0, 152)
5 (1, 4, 396, 0, 425, 0, 0, 0, 1, 1, 0, 82)
6 (1, 4, 401, 0, 453, 0, 0, 0, 1, 1, 0, 19)
7 (1, 4, 199, 92, 451, 0, 0, 34, 0, 0, 0, 183)
8 (1, 4, 216, 269, 333, 0, 0, 12, 0, 1, 0, 111)
9 (1, 4, 185, 630, 52, 0, 0, 76, 1, 1, 0, 100)
10 (1, 4, 147, 495, 0, 0, 0, 249, 1, 1, 0, 12)
11 (1, 4, 16, 169, 0, 5, 0, 310, 1, 1, 0, 166)
12 (1, 4, 55, 0, 0, 0, 0, 248, 1, 1, 0, 45)
13 (1, 4, 92, 0, 0, 0, 9, 173, 1, 1, 0, 133)
14 (1, 4, 49, 0, 0, 0, 30, 128, 1, 1, 0, 129)
15 (1, 4, 120, 0, 0, 0, 32, 79, 1, 1, 0, 24)
16 (1, 4, 103, 0, 173, 0, 29, 42, 1, 1, 0, 70)
17 (1, 4, 0, 0, 281, 0, 13, 18, 1, 1, 0, 76)
18 (1, 4, 65, 0, 261, 0, 0, 0, 1, 1, 0, 103)
19 (1, 4, 89, 0, 282, 0, 0, 0, 1, 1, 0, 209)
20 (1, 4, 150, 49, 263, 0, 0, 0, 1, 1, 0, 8)
21 (1, 4, 149, 213, 281, 0, 0, 4, 1, 1, 0, 71)
22 (1, 4, 35, 320, 325, 0, 0, 31, 1, 1, 0, 130)
23 (1, 4, 133, 345, 167, 0, 0, 60, 1, 1, 0, 82)
24 (1, 4, 184, 321, 0, 0, 0, 92, 1, 1, 0, 239)
25 (1, 4, 178, 313, 0, 0, 0, 160, 1, 1, 0, 50)
26 (1, 4, 0, 197, 0, 0, 0, 135, 0, 0, 0, 10)
27 (1, 4, 0, 117, 0, 0, 0, 155, 0, 0, 0, 228)
28 (1, 4, 0, 6, 0, 0, 0, 87, 0, 0, 0, 76)
29 (1, 4, 0, 0, 0, 0, 0, 65, 0, 0, 0, 228)
30 (1, 4, 0, 0, 0, 17, 0, 48, 0, 0, 0, 228)
31 (1, 4, 0, 0, 0, 26, 0, 58, 0, 0, 0, 110)
0 (1, 4, 0, 2, 0, 25, 0, 54, 1, 1, 0, 180)
1 (1, 4, 0, 14, 0, 24, 0, 51, 1, 1, 0, 104)
2 (1, 4, 0, 10, 0, 23, 0, 53, 1, 1, 0, 219)
3 (1, 4, 0, 20, 0, 23, 0, 51, 1, 1, 0, 114)
4 (1, 4, 0, 43, 16, 21, 0, 51, 1, 1, 0, 33)
5 (1, 4, 0, 90, 31, 10, 0, 45, 1, 1, 0, 74)
6 (1, 4, 135, 101, 139, 0, 12, 38, 1, 1, 0, 223)
7 (1, 4, 134, 241, 341, 0, 23, 40, 1, 1, 0, 103)
8 (1, 4, 0, 338, 489, 0, 0, 65, 1, 1, 0, 6)
9 (1, 4, 0, 151, 474, 0, 0, 56, 1, 1, 0, 54)
10 (1, 4, 0, 92, 529, 0, 0, 47, 1, 1, 0, 245)
11 (1, 4, 0, 332, 622, 0, 0, 6, 1, 1, 0, 198)
12 (1, 4, 0, 253, 576, 0, 0, 0, 1, 1, 0, 203)
13 (1, 4, 0, 192, 481, 0, 0, 0, 0, 0, 0, 193)
14 (1, 4, 0, 210, 165, 0, 0, 0, 0, 0, 0, 53)
15 (1, 4, 0, 90, 0, 0, 0, 4, 0, 0, 0, 55)
16 (1, 4, 0, 0, 0, 0, 0, 3, 0, 0, 0, 24)
17 (1, 4, 262, 0, 0, 0, 0, 0, 0, 0, 0, 88)
18 (1, 4, 476, 0, 0, 0, 0, 0, 0, 0, 0, 72)
19 (1, 4, 704, 0, 0, 0, 0, 0, 1, 1, 0, 239)
20 (1, 4, 530, 0, 0, 0, 0, 0, 0, 0, 0, 134)
21 (1, 4, 390, 145, 0, 0, 0, 0, 0, 1, 0, 243)
22 (1, 4, 546, 0, 0, 0, 0, 0, 1, 1, 0, 168)
23 (1, 4, 578, 0, 0, 0, 0, 75, 1, 1, 0, 47)
24 (1, 4, 457, 0, 0, 0, 0, 82, 1, 2, 0, 5)
25 (1, 4, 207, 0, 0, 0, 17, 77, 1, 2, 0, 245)
26 (1, 4, 0, 0, 36, 0, 2, 86, 1, 2, 0, 194)
27 (1, 4, 92, 0, 60, 0, 8, 67, 1, 1, 0, 215)
28 (1, 4, 59, 0, 194, 7, 25, 40, 2, 3, 0, 76)
29 (1, 4, 119, 0, 143, 0, 13, 32, 1, 2, 0, 28)
0 (1, 4, 0, 0, 0, 0, 0, 65, 0, 0, 0, 228)
1 (1, 4, 0, 0, 0, 0, 0, 19, 0, 0, 0, 203)
2 (1, 4, 101, 0, 0, 0, 0, 0, 0, 1, 0, 109)
3 (1, 4, 190, 0, 41, 0, 2, 0, 1, 1, 0, 53)
4 (1, 4, 217, 0, 160, 0, 0, 0, 1, 1, 0, 122)
5 (1, 4, 239, 101, 254, 0, 0, 0, 1, 1, 0, 30)
6 (1, 4, 283, 313, 364, 0, 0, 0, 1, 1, 0, 13)
7 (1, 4, 196, 611, 395, 0, 0, 4, 1, 1, 0, 89)
8 (1, 4, 380, 643, 79, 0, 0, 99, 1, 1, 0, 167)
9 (1, 4, 195, 453, 0, 0, 0, 229, 1, 1, 0, 53)
10 (1, 4, 194, 206, 0, 0, 0, 310, 1, 1, 0, 230)
11 (1, 4, 51, 0, 0, 0, 0, 242, 1, 1, 0, 70)
12 (1, 4, 0, 0, 0, 0, 0, 191, 1, 1, 0, 118)
13 (1, 4, 69, 0, 0, 0, 0, 144, 1, 1, 0, 145)
14 (1, 4, 0, 0, 0, 0, 0, 119, 1, 1, 0, 83)
15 (1, 4, 59, 0, 0, 0, 0, 71, 1, 1, 0, 100)
16 (1, 4, 191, 0, 124, 0, 33, 0, 1, 1, 0, 243)
17 (1, 4, 138, 0, 192, 0, 0, 0, 1, 1, 0, 4)
18 (1, 4, 218, 0, 178, 0, 0, 0, 1, 1, 0, 56)
19 (1, 4, 279, 20, 163, 0, 0, 0, 1, 1, 0, 176)
20 (1, 4, 369, 192, 176, 0, 0, 21, 1, 1, 0, 94)
21 (1, 4, 199, 221, 274, 0, 0, 96, 0, 1, 0, 117)
22 (1, 4, 102, 247, 273, 0, 0, 135, 0, 1, 0, 115)
23 (1, 4, 123, 100, 96, 1, 0, 162, 0, 1, 0, 202)
24 (1, 4, 49, 14, 0, 10, 0, 145, 0, 1, 0, 120)
25 (1, 4, 8, 0, 0, 6, 0, 120, 0, 0, 0, 145)
26 (1, 4, 0, 0, 0, 9, 0, 90, 0, 0, 0, 92)
27 (1, 4, 0, 0, 0, 6, 0, 71, 0, 0, 0, 106)
28 (1, 4, 0, 0, 0, 10, 0, 68, 0, 0, 0, 136)
29 (1, 4, 0, 12, 0, 14, 0, 63, 0, 0, 0, 38)
0 (1, 4, 167, 0, 109, 15, 0, 76, 1, 1, 0, 131)
1 (1, 4, 184, 8, 239, 0, 27, 54, 1, 1, 0, 90)
2 (1, 4, 87, 105, 396, 0, 20, 43, 1, 1, 0, 118)
3 (1, 4, 123, 262, 585, 0, 0, 41, 1, 1, 0, 20)
4 (1, 4, 176, 319, 578, 0, 0, 44, 1, 1, 0, 226)
5 (1, 4, 206, 434, 599, 0, 0, 35, 1, 1, 0, 137)
6 (1, 4, 81, 419, 434, 0, 0, 40, 0, 1, 0, 197)
7 (1, 4, 5, 353, 336, 0, 0, 50, 1, 1, 0, 66)
8 (1, 4, 0, 93, 129, 0, 0, 19, 1, 0, 0, 242)
9 (1, 4, 157, 21, 0, 0, 0, 12, 0, 1, 0, 55)
10 (1, 4, 271, 0, 0, 0, 0, 0, 1, 0, 0, 68)
11 (1, 4, 321, 0, 0, 0, 3, 0, 1, 1, 0, 121)
12 (1, 4, 314, 105, 0, 0, 0, 0, 0, 1, 0, 27)
13 (1, 4, 99, 186, 0, 0, 0, 34, 1, 1, 0, 79)
14 (1, 4, 272, 0, 0, 0, 0, 44, 1, 1, 0, 171)
15 (1, 4, 473, 0, 0, 0, 0, 71, 1, 1, 0, 33)
16 (1, 4, 177, 0, 0, 0, 31, 68, 1, 1, 0, 87)
17 (1, 4, 77, 0, 0, 0, 36, 41, 1, 1, 0, 194)
18 (1, 4, 64, 0, 0, 0, 17, 16, 1, 1, 0, 209)
19 (1, 4, 109, 0, 0, 0, 2, 0, 1, 1, 0, 141)
20 (1, 4, 229, 0, 8, 0, 0, 0, 1, 2, 0, 27)
21 (1, 4, 272, 0, 63, 17, 0, 0, 1, 1, 0, 165)
22 (1, 4, 372, 0, 146, 35, 0, 0, 1, 1, 0, 138)
23 (1, 4, 414, 0, 222, 46, 0, 0, 1, 1, 0, 63)
24 (1, 4, 416, 158, 375, 14, 0, 15, 1, 1, 0, 66)
25 (1, 4, 256, 137, 377, 0, 0, 21, 1, 1, 0, 4)
26 (1, 4, 258, 303, 449, 0, 0, 14, 1, 1, 0, 26)
27 (1, 4, 244, 365, 370, 0, 0, 31, 1, 1, 0, 174)
28 (1, 4, 99, 431, 184, 0, 0, 68, 1, 1, 0, 64)
0 (1, 4, 82, 1, 273, 0, 0, 56, 0, 0, 0, 144)
1 (1, 4, 35, 0, 349, 0, 0, 71, 0, 0, 0, 82)
2 (1, 4, 115, 0, 402, 0, 0, 76, 0, 0, 0, 228)
3 (1, 4, 168, 0, 373, 0, 0, 74, 0, 0, 0, 39)
4 (1, 4, 150, 62, 480, 0, 0, 57, 0, 0, 0, 230)
5 (1, 4, 0, 330, 829, 0, 0, 19, 0, 0, 0, 99)
6 (1, 4, 0, 666, 873, 0, 0, 0, 1, 1, 0, 206)
7 (1, 4, 162, 156, 51, 0, 0, 0, 1, 2, 0, 55)
8 (1, 4, 246, 0, 0, 0, 0, 1, 2, 1, 0, 145)
9 (1, 4, 213, 4, 0, 0, 0, 0, 1, 1, 0, 231)
10 (1, 4, 416, 108, 0, 0, 0, 3, 1, 1, 0, 233)
11 (1, 4, 415, 151, 0, 0, 0, 41, 1, 1, 0, 44)
12 (1, 4, 329, 0, 0, 0, 0, 103, 1, 1, 0, 117)
13 (1, 4, 221, 0, 0, 0, 0, 106, 1, 1, 0, 250)
14 (1, 4, 76, 0, 0, 0, 13, 95, 1, 1, 0, 130)
15 (1, 4, 53, 0, 0, 0, 19, 76, 2, 2, 0, 169)
16 (1, 4, 51, 0, 0, 0, 13, 40, 1, 1, 0, 82)
17 (1, 4, 114, 0, 31, 0, 4, 15, 1, 1, 0, 249)
18 (1, 4, 122, 0, 100, 0, 0, 0, 1, 1, 0, 238)
19 (1, 4, 224, 0, 205, 0, 0, 0, 1, 1, 0, 80)
20 (1, 4, 228, 0, 335, 0, 0, 0, 1, 1, 0, 235)
21 (1, 4, 296, 245, 419, 0, 0, 0, 1, 1, 0, 101)
22 (1, 4, 191, 489, 399, 0, 0, 0, 1, 1, 0, 73)
23 (1, 4, 131, 554, 268, 0, 0, 46, 1, 1, 0, 153)
24 (1, 4, 120, 553, 55, 0, 0, 71, 1, 1, 0, 146)
25 (1, 4, 300, 491, 0, 0, 0, 110, 1, 1, 0, 246)
26 (1, 4, 334, 278, 0, 0, 0, 152, 1, 1, 0, 40)
27 (1, 4, 135, 31, 0, 0, 0, 159, 1, 1, 0, 56)
28 (1, 4, 0, 0, 0, 0, 0, 121, 1, 1, 0, 117)
0 (1, 4, 82, 0, 36, 11, 0, 121, 1, 1, 0, 121)
1 (1, 4, 206, 0, 54, 18, 0, 119, 1, 1, 0, 162)
2 (1, 4, 183, 0, 143, 6, 0, 88, 1, 1, 0, 249)
3 (1, 4, 116, 0, 215, 0, 0, 54, 1, 1, 0, 207)
4 (1, 4, 108, 0, 229, 0, 0, 8, 1, 1, 0, 165)
5 (1, 4, 192, 0, 192, 0, 0, 0, 1, 1, 0, 225)
6 (1, 4, 202, 174, 221, 0, 0, 0, 1, 1, 0, 67)
7 (1, 4, 0, 427, 182, 0, 0, 0, 1, 1, 0, 59)
8 (1, 4, 52, 542, 0, 0, 0, 14, 1, 1, 0, 230)
9 (1, 4, 211, 630, 0, 0, 0, 12, 1, 1, 0, 220)
10 (1, 4, 430, 721, 0, 0, 0, 35, 1, 1, 0, 175)
11 (1, 4, 639, 419, 0, 0, 0, 109, 1, 1, 0, 221)
12 (1, 4, 325, 109, 0, 0, 0, 167, 1, 1, 0, 111)
13 (1, 4, 158, 0, 0, 0, 0, 222, 1, 1, 0, 236)
14 (1, 4, 0, 0, 0, 0, 0, 161, 1, 1, 0, 131)
15 (1, 4, 5, 0, 0, 0, 0, 122, 1, 1, 0, 37)
16 (1, 4, 0, 0, 0, 0, 3, 79, 1, 1, 0, 64)
17 (1, 4, 0, 0, 15, 0, 27, 50, 1, 1, 0, 42)
18 (1, 4, 52, 0, 111, 0, 63, 29, 1, 1, 0, 134)
19 (1, 4, 18, 0, 278, 11, 38, 0, 1, 1, 0, 29)
20 (1, 4, 127, 0, 316, 0, 0, 0, 1, 2, 0, 0)
21 (1, 4, 295, 62, 233, 0, 0, 0, 1, 1, 0, 227)
22 (1, 4, 282, 193, 196, 0, 0, 0, 1, 1, 0, 154)
23 (1, 4, 121, 429, 264, 0, 0, 0, 1, 1, 0, 188)
24 (1, 4, 64, 464, 140, 0, 0, 64, 1, 1, 0, 174)
25 (1, 4, 82, 421, 0, 0, 0, 132, 1, 1, 0, 180)
26 (1, 4, 216, 248, 0, 0, 0, 178, 1, 1, 0, 168)
27 (1, 4, 92, 106, 0, 0, 0, 245, 1, 1, 0, 222)
28 (1, 4, 127, 0, 0, 4, 56, 180, 1, 1, 0, 59)
29 (1, 4, 0, 0, 3, 14, 40, 62, 1, 1, 0, 238)
30 (1, 4, 0, 0, 102, 0, 0, 33, 2, 2, 0, 102)
31 (1, 4, 70, 0, 102, 0, 0, 0, 1, 1, 0, 174)
0 (1, 4, 0, 0, 268, 0, 0, 62, 1, 1, 0, 156)
1 (1, 4, 0, 0, 209, 0, 0, 14, 1, 1, 0, 176)
2 (1, 4, 0, 0, 155, 0, 0, 0, 1, 1, 0, 254)
3 (1, 4, 221, 0, 186, 0, 0, 0, 1, 1, 0, 174)
4 (1, 4, 111, 124, 189, 0, 0, 0, 1, 1, 0, 44)
5 (1, 4, 87, 522, 160, 0, 0, 0, 2, 2, 0, 51)
6 (1, 4, 0, 798, 0, 0, 0, 91, 2, 2, 0, 59)
7 (1, 4, 385, 584, 0, 0, 0, 242, 1, 1, 0, 151)
8 (1, 4, 466, 42, 0, 0, 0, 331, 1, 1, 0, 233)
9 (1, 4, 218, 0, 0, 0, 87, 274, 1, 1, 0, 211)
10 (1, 4, 0, 0, 0, 0, 68, 147, 1, 1, 0, 177)
11 (1, 4, 0, 0, 12, 0, 14, 96, 1, 1, 0, 161)
12 (1, 4, 32, 0, 107, 0, 19, 33, 1, 1, 0, 194)
13 (1, 4, 60, 0, 180, 0, 4, 0, 1, 1, 0, 213)
14 (1, 4, 147, 0, 191, 0, 0, 0, 1, 1, 0, 185)
15 (1, 4, 246, 0, 264, 0, 0, 0, 1, 1, 0, 9)
16 (1, 4, 346, 103, 389, 0, 0, 0, 1, 1, 0, 85)
17 (1, 4, 305, 482, 436, 0, 0, 0, 1, 1, 0, 231)
18 (1, 4, 51, 590, 354, 0, 0, 58, 1, 1, 0, 94)
19 (1, 4, 269, 539, 53, 0, 0, 108, 1, 1, 0, 196)
20 (1, 4, 139, 457, 0, 0, 0, 185, 1, 1, 0, 172)
21 (1, 4, 111, 135, 0, 0, 0, 203, 1, 1, 0, 35)
22 (1, 4, 99, 0, 0, 0, 0, 190, 1, 1, 0, 245)
23 (1, 4, 27, 0, 0, 0, 0, 138, 1, 1, 0, 44)
24 (1, 4, 0, 0, 0, 0, 0, 76, 1, 1, 0, 173)
25 (1, 4, 0, 0, 0, 0, 0, 26, 1, 1, 0, 247)
26 (1, 4, 0, 0, 26, 0, 0, 11, 1, 1, 0, 23)
27 (1, 4, 0, 0, 74, 16, 0, 0, 1, 1, 0, 232)
28 (1, 4, 0, 0, 80, 43, 0, 5, 1, 0, 0, 2)
29 (1, 4, 0, 3, 87, 57, 0, 0, 1, 0, 0, 92)
30 (1, 4, 0, 90, 33, 60, 0, 19, 1, 0, 0, 101)
31 (1, 4, 31, 74, 17, 46, 0, 44, 1, 0, 0, 125)
0 (1, 4, 238, 37, 0, 0, 0, 5, 1, 1, 0, 127)
1 (1, 4, 343, 184, 0, 0, 6, 29, 1, 1, 0, 165)
2 (1, 4, 109, 211, 0, 0, 0, 15, 1, 1, 0, 189)
3 (1, 4, 58, 173, 0, 0, 0, 5, 1, 1, 0, 137)
4 (1, 4, 224, 0, 0, 0, 0, 25, 1, 1, 0, 202)
5 (1, 4, 339, 0, 0, 0, 0, 13, 1, 1, 0, 78)
6 (1, 4, 195, 0, 0, 0, 0, 103, 1, 1, 0, 14)
7 (1, 4, 122, 0, 0, 0, 10, 129, 1, 1, 0, 211)
8 (1, 4, 38, 0, 0, 0, 42, 108, 1, 1, 0, 209)
9 (1, 4, 38, 0, 0, 0, 43, 46, 1, 1, 0, 84)
10 (1, 4, 0, 0, 55, 0, 36, 5, 1, 1, 0, 87)
11 (1, 4, 0, 0, 150, 0, 16, 0, 1, 1, 0, 13)
12 (1, 4, 48, 0, 175, 0, 1, 0, 1, 1, 0, 127)
13 (1, 4, 137, 0, 206, 0, 0, 0, 1, 2, 0, 102)
14 (1, 4, 103, 178, 314, 0, 0, 0, 1, 1, 0, 147)
15 (1, 4, 283, 458, 232, 0, 0, 53, 1, 1, 0, 222)
16 (1, 4, 0, 374, 155, 0, 0, 88, 1, 1, 0, 240)
17 (1, 4, 279, 301, 0, 0, 0, 135, 1, 1, 0, 221)
18 (1, 4, 272, 171, 0, 0, 0, 190, 1, 1, 0, 227)
19 (1, 4, 0, 0, 0, 0, 0, 204, 1, 1, 0, 39)
20 (1, 4, 0, 0, 0, 0, 0, 190, 1, 1, 0, 169)
21 (1, 4, 0, 0, 0, 0, 27, 144, 1, 1, 0, 225)
22 (1, 4, 20, 0, 0, 0, 48, 81, 1, 1, 0, 110)
23 (1, 4, 0, 0, 0, 16, 41, 28, 1, 1, 0, 121)
24 (1, 4, 18, 0, 97, 17, 22, 0, 1, 1, 0, 102)
25 (1, 4, 95, 0, 143, 20, 1, 0, 1, 1, 0, 30)
26 (1, 4, 137, 0, 237, 15, 0, 0, 1, 1, 0, 59)
27 (1, 4, 197, 34, 223, 2, 0, 0, 1, 1, 0, 96)
28 (1, 4, 200, 202, 230, 0, 0, 7, 1, 1, 0, 81)
29 (1, 4, 119, 269, 179, 0, 0, 50, 1, 1, 0, 202)
30 (1, 4, 192, 247, 65, 0, 0, 69, 1, 1, 0, 72)
31 (1, 4, 65, 367, 111, 0, 0, 82, 1, 1, 0, 150)
0 (1, 4, 190, 0, 245, 0, 0, 3, 1, 1, 0, 54)
1 (1, 4, 199, 0, 238, 0, 0, 1, 1, 1, 0, 39)
2 (1, 4, 101, 159, 319, 0, 0, 0, 1, 1, 0, 91)
3 (1, 4, 0, 279, 120, 0, 0, 43, 1, 1, 0, 26)
4 (1, 4, 24, 343, 0, 6, 0, 207, 1, 1, 0, 150)
5 (1, 4, 101, 0, 0, 39, 0, 252, 0, 1, 0, 251)
6 (1, 4, 0, 0, 0, 31, 0, 201, 1, 1, 0, 223)
7 (1, 4, 0, 0, 0, 6, 27, 128, 1, 1, 0, 112)
8 (1, 4, 0, 0, 0, 0, 44, 70, 1, 1, 0, 209)
9 (1, 4, 0, 0, 46, 0, 31, 32, 1, 1, 0, 201)
10 (1, 4, 26, 0, 104, 0, 25, 1, 1, 1, 0, 160)
11 (1, 4, 110, 0, 134, 0, 12, 0, 1, 1, 0, 207)
12 (1, 4, 214, 1, 165, 0, 10, 0, 1, 1, 0, 108)
13 (1, 4, 294, 131, 216, 0, 0, 0, 1, 1, 0, 134)
14 (1, 4, 276, 393, 262, 0, 0, 19, 1, 1, 0, 214)
15 (1, 4, 0, 417, 247, 0, 0, 75, 1, 1, 0, 67)
16 (1, 4, 44, 508, 46, 0, 0, 132, 1, 1, 0, 153)
17 (1, 4, 72, 337, 0, 0, 0, 234, 1, 1, 0, 1)
18 (1, 4, 46, 155, 0, 0, 0, 285, 1, 1, 0, 85)
19 (1, 4, 34, 0, 0, 0, 0, 241, 1, 1, 0, 206)
20 (1, 4, 0, 0, 0, 0, 0, 152, 1, 1, 0, 196)
21 (1, 4, 0, 0, 0, 0, 11, 96, 1, 1, 0, 217)
22 (1, 4, 33, 0, 0, 0, 18, 45, 1, 1, 0, 40)
23 (1, 4, 83, 0, 28, 0, 12, 18, 1, 1, 0, 217)
24 (1, 4, 97, 0, 118, 0, 0, 3, 1, 1, 0, 90)
25 (1, 4, 76, 0, 194, 0, 0, 0, 1, 2, 0, 46)
26 (1, 4, 128, 58, 202, 0, 0, 23, 1, 1, 0, 70)
27 (1, 4, 130, 47, 167, 0, 0, 41, 1, 2, 0, 206)
28 (1, 4, 0, 111, 202, 14, 0, 67, 1, 1, 0, 135)
29 (1, 4, 7, 51, 166, 7, 0, 85, 1, 1, 0, 57)
30 (1, 4, 33, 27, 83, 8, 0, 81, 1, 1, 0, 58)
31 (1, 4, 46, 3, 13, 2, 0, 89, 1, 1, 0, 215)
0 (1, 4, 108, 150, 26, 0, 0, 40, 1, 1, 0, 1)
1 (1, 4, 112, 230, 103, 0, 0, 26, 1, 1, 0, 78)
2 (1, 4, 246, 380, 164, 0, 0, 42, 1, 2, 0, 90)
3 (1, 4, 161, 435, 160, 0, 6, 47, 1, 1, 0, 114)
4 (1, 4, 89, 340, 138, 0, 0, 88, 1, 1, 0, 163)
5 (1, 4, 122, 287, 118, 0, 0, 72, 1, 1, 0, 36)
6 (1, 4, 211, 326, 126, 0, 0, 113, 1, 1, 0, 151)
7 (1, 4, 77, 165, 93, 0, 0, 94, 1, 1, 0, 86)
8 (1, 4, 0, 311, 24, 0, 0, 169, 1, 1, 0, 238)
9 (1, 4, 0, 0, 0, 0, 0, 62, 1, 1, 0, 35)
10 (1, 4, 68, 0, 0, 0, 0, 8, 1, 1, 0, 44)
11 (1, 4, 128, 1, 0, 0, 0, 0, 1, 1, 0, 215)
12 (1, 4, 276, 3, 0, 0, 0, 19, 1, 1, 0, 192)
13 (1, 4, 265, 0, 0, 0, 0, 14, 1, 1, 0, 45)
14 (1, 4, 166, 0, 0, 0, 0, 6, 1, 1, 0, 77)
15 (1, 4, 338, 0, 0, 0, 0, 0, 1, 1, 0, 0)
16 (1, 4, 412, 0, 0, 0, 0, 0, 1, 1, 0, 200)
17 (1, 4, 314, 64, 0, 0, 0, 0, 1, 1, 0, 189)
18 (1, 4, 129, 163, 0, 0, 0, 8, 1, 1, 0, 157)
19 (1, 4, 211, 0, 0, 0, 0, 179, 1, 1, 0, 135)
20 (1, 4, 0, 0, 0, 0, 0, 197, 1, 1, 0, 18)
21 (1, 4, 40, 0, 0, 0, 0, 168, 1, 1, 0, 1)
22 (1, 4, 74, 0, 0, 0, 33, 124, 1, 1, 0, 78)
23 (1, 4, 54, 0, 0, 0, 46, 67, 1, 1, 0, 138)
24 (1, 4, 57, 0, 62, 0, 35, 37, 1, 1, 0, 239)
25 (1, 4, 83, 0, 166, 0, 13, 18, 1, 2, 0, 254)
26 (1, 4, 122, 0, 202, 0, 0, 15, 1, 1, 0, 213)
27 (1, 4, 179, 0, 252, 0, 0, 8, 1, 1, 0, 212)
28 (1, 4, 143, 0, 236, 0, 0, 3, 1, 1, 0, 72)
29 (1, 4, 125, 75, 288, 0, 0, 0, 1, 1, 0, 212)
30 (1, 4, 29, 215, 255, 0, 0, 0, 1, 1, 0, 226)
31 (1, 4, 149, 321, 238, 0, 0, 25, 1, 1, 0, 184)
0 (1, 4, 89, 0, 252, 0, 0, 73, 1, 1, 0, 121)
1 (1, 4, 0, 0, 287, 0, 0, 98, 1, 1, 0, 81)
2 (1, 4, 0, 0, 259, 0, 0, 102, 1, 1, 0, 185)
3 (1, 4, 0, 0, 349, 0, 0, 69, 0, 1, 0, 85)
4 (1, 4, 97, 0, 441, 0, 0, 48, 1, 1, 0, 64)
5 (1, 4, 116, 0, 454, 0, 0, 28, 1, 1, 0, 139)
6 (1, 4, 8, 0, 527, 0, 0, 23, 1, 1, 0, 36)
7 (1, 4, 44, 9, 546, 0, 0, 0, 1, 1, 0, 149)
8 (1, 4, 0, 141, 446, 0, 0, 0, 1, 1, 0, 74)
9 (1, 4, 112, 301, 345, 0, 0, 4, 1, 1, 0, 166)
10 (1, 4, 325, 271, 92, 0, 0, 0, 1, 1, 0, 248)
11 (1, 4, 248, 208, 0, 0, 0, 44, 1, 1, 0, 97)
12 (1, 4, 116, 371, 0, 0, 0, 62, 0, 1, 0, 202)
13 (1, 4, 154, 208, 0, 0, 0, 102, 1, 1, 0, 37)
14 (1, 4, 360, 0, 0, 0, 0, 72, 1, 1, 0, 228)
15 (1, 4, 359, 0, 0, 0, 0, 110, 0, 1, 0, 177)
16 (1, 4, 310, 0, 0, 0, 0, 89, 1, 1, 0, 213)
17 (1, 4, 192, 0, 0, 0, 0, 70, 1, 1, 0, 98)
18 (1, 4, 102, 0, 0, 0, 0, 44, 1, 1, 0, 35)
19 (1, 4, 168, 0, 0, 0, 8, 20, 1, 1, 0, 178)
20 (1, 4, 143, 0, 70, 4, 5, 6, 1, 1, 0, 152)
21 (1, 4, 176, 0, 116, 6, 0, 0, 1, 1, 0, 35)
22 (1, 4, 209, 0, 181, 8, 0, 0, 1, 1, 0, 71)
23 (1, 4, 257, 14, 224, 3, 0, 0, 1, 1, 0, 170)
24 (1, 4, 295, 192, 256, 0, 0, 0, 1, 1, 0, 71)
25 (1, 4, 261, 447, 309, 0, 0, 7, 1, 1, 0, 176)
26 (1, 4, 110, 567, 318, 0, 0, 53, 1, 1, 0, 200)
27 (1, 4, 139, 604, 100, 0, 0, 128, 1, 1, 0, 151)
28 (1, 4, 132, 473, 0, 0, 0, 178, 1, 1, 0, 27)
29 (1, 4, 204, 134, 0, 0, 0, 229, 1, 1, 0, 209)
30 (1, 4, 0, 0, 0, 0, 0, 202, 1, 1, 0, 235)
31 (1, 4, 0, 0, 0, 0, 0, 143, 1, 1, 0, 4)
0 (1, 4, 14, 0, 0, 0, 5, 117, 1, 1, 0, 36)
1 (1, 4, 0, 0, 0, 0, 12, 108, 1, 1, 0, 46)
2 (1, 4, 0, 0, 0, 0, 9, 94, 1, 1, 0, 127)
3 (1, 4, 0, 0, 0, 0, 14, 51, 1, 1, 0, 179)
4 (1, 4, 0, 0, 0, 0, 15, 29, 1, 1, 0, 77)
5 (1, 4, 16, 0, 37, 0, 19, 0, 1, 1, 0, 173)
6 (1, 4, 103, 0, 141, 0, 5, 0, 1, 1, 0, 14)
7 (1, 4, 204, 0, 195, 0, 0, 0, 1, 1, 0, 18)
8 (1, 4, 206, 186, 248, 0, 0, 4, 1, 1, 0, 129)
9 (1, 4, 94, 256, 309, 0, 0, 41, 1, 1, 0, 45)
10 (1, 4, 127, 290, 116, 0, 0, 87, 1, 1, 0, 104)
11 (1, 4, 112, 244, 0, 0, 0, 145, 1, 1, 0, 164)
12 (1, 4, 29, 171, 0, 0, 0, 200, 1, 1, 0, 92)
13 (1, 4, 37, 19, 0, 0, 0, 202, 1, 1, 0, 163)
14 (1, 4, 0, 0, 0, 0, 0, 176, 1, 1, 0, 143)
15 (1, 4, 0, 0, 0, 0, 0, 169, 1, 1, 0, 105)
16 (1, 4, 10, 0, 0, 7, 40, 90, 1, 1, 0, 79)
17 (1, 4, 110, 0, 0, 17, 44, 44, 1, 1, 0, 148)
18 (1, 4, 0, 0, 122, 5, 25, 8, 1, 1, 0, 42)
19 (1, 4, 4, 0, 155, 16, 0, 23, 1, 1, 0, 241)
20 (1, 4, 236, 0, 74, 11, 0, 15, 1, 1, 0, 44)
21 (1, 4, 207, 58, 143, 20, 0, 17, 1, 1, 0, 227)
22 (1, 4, 142, 92, 200, 14, 0, 65, 1, 1, 0, 43)
23 (1, 4, 71, 91, 159, 14, 0, 83, 1, 1, 0, 192)
24 (1, 4, 65, 79, 85, 19, 0, 98, 1, 1, 0, 7)
25 (1, 4, 41, 50, 20, 20, 0, 110, 1, 1, 0, 104)
26 (1, 4, 13, 36, 0, 23, 0, 105, 1, 1, 0, 82)
27 (1, 4, 0, 13, 0, 21, 0, 98, 1, 1, 0, 98)
28 (1, 4, 0, 17, 0, 18, 0, 91, 1, 1, 0, 112)
29 (1, 4, 13, 0, 0, 16, 0, 85, 1, 1, 0, 250)
30 (1, 4, 13, 7, 0, 15, 0, 74, 1, 1, 0, 128)
0 (1, 4, 0, 223, 262, 0, 0, 57, 0, 1, 0, 44)
1 (1, 4, 115, 241, 312, 0, 0, 50, 1, 1, 0, 244)
2 (1, 4, 110, 172, 250, 0, 0, 60, 0, 0, 0, 59)
3 (1, 4, 173, 131, 249, 0, 21, 66, 0, 0, 0, 115)
4 (1, 4, 0, 138, 167, 0, 13, 31, 0, 0, 0, 58)
5 (1, 4, 0, 174, 145, 0, 0, 34, 0, 1, 0, 208)
6 (1, 4, 12, 44, 91, 0, 0, 35, 0, 1, 0, 178)
7 (1, 4, 0, 140, 17, 0, 6, 37, 2, 2, 0, 245)
8 (1, 4, 0, 19, 0, 0, 0, 69, 1, 1, 0, 33)
9 (1, 4, 265, 0, 0, 0, 16, 12, 1, 1, 0, 17)
10 (1, 4, 151, 0, 0, 0, 34, 0, 1, 2, 0, 234)
11 (1, 4, 167, 0, 0, 0, 38, 11, 1, 1, 0, 31)
12 (1, 4, 88, 41, 15, 0, 40, 21, 1, 1, 0, 70)
13 (1, 4, 60, 3, 14, 0, 23, 28, 1, 1, 0, 172)
14 (1, 4, 127, 0, 0, 0, 12, 24, 1, 1, 0, 152)
15 (1, 4, 199, 0, 0, 0, 15, 24, 1, 1, 0, 81)
16 (1, 4, 236, 0, 0, 0, 12, 23, 1, 1, 0, 134)
17 (1, 4, 86, 26, 0, 0, 12, 7, 1, 1, 0, 180)
18 (1, 4, 153, 0, 0, 0, 0, 8, 1, 1, 0, 22)
19 (1, 4, 347, 0, 0, 0, 0, 0, 0, 1, 0, 28)
20 (1, 4, 311, 0, 0, 0, 0, 0, 0, 1, 0, 26)
21 (1, 4, 193, 0, 0, 0, 0, 22, 0, 1, 0, 152)
22 (1, 4, 241, 0, 0, 0, 0, 15, 1, 1, 0, 59)
23 (1, 4, 189, 0, 0, 0, 0, 0, 1, 1, 0, 3)
24 (1, 4, 336, 0, 0, 0, 0, 0, 2, 2, 0, 7)
25 (1, 4, 309, 0, 0, 0, 0, 42, 1, 1, 0, 150)
26 (1, 4, 0, 0, 0, 0, 0, 182, 1, 1, 0, 67)
27 (1, 4, 0, 0, 0, 0, 0, 157, 1, 1, 0, 110)
28 (1, 4, 0, 0, 0, 0, 14, 123, 1, 1, 0, 28)
29 (1, 4, 0, 0, 0, 0, 24, 75, 1, 1, 0, 250)
30 (1, 4, 0, 0, 91, 0, 26, 21, 1, 1, 0, 59)
31 (1, 4, 136, 0, 146, 0, 13, 12, 1, 1, 0, 119)
0 (1, 4, 0, 290, 161, 0, 0, 137, 0, 1, 0, 123)
1 (1, 4, 46, 227, 0, 0, 0, 218, 0, 1, 0, 81)
2 (1, 4, 69, 51, 0, 0, 0, 197, 1, 1, 0, 214)
3 (1, 4, 0, 0, 0, 0, 0, 202, 0, 1, 0, 137)
4 (1, 4, 0, 0, 0, 0, 0, 169, 0, 1, 0, 11)
5 (1, 4, 64, 0, 0, 0, 51, 104, 0, 1, 0, 145)
6 (1, 4, 0, 0, 0, 0, 42, 44, 0, 1, 0, 21)
7 (1, 4, 0, 0, 8, 5, 13, 21, 1, 1, 0, 138)
8 (1, 4, 0, 0, 47, 26, 0, 14, 0, 1, 0, 165)
9 (1, 4, 32, 0, 34, 23, 0, 30, 0, 1, 0, 92)
10 (1, 4, 0, 63, 80, 34, 0, 30, 0, 1, 0, 161)
11 (1, 4, 60, 41, 42, 40, 0, 69, 0, 1, 0, 45)
12 (1, 4, 41, 55, 53, 39, 0, 77, 0, 0, 0, 156)
13 (1, 4, 18, 24, 54, 39, 0, 86, 0, 0, 0, 78)
14 (1, 4, 17, 33, 24, 29, 0, 84, 0, 0, 0, 171)
15 (1, 4, 0, 19, 11, 30, 0, 71, 1, 1, 0, 210)
16 (1, 4, 20, 151, 0, 8, 0, 40, 0, 0, 0, 119)
17 (1, 4, 143, 217, 0, 2, 10, 22, 1, 1, 0, 207)
18 (1, 4, 110, 200, 0, 0, 4, 54, 1, 1, 0, 1)
19 (1, 4, 0, 154, 63, 0, 0, 61, 1, 1, 0, 35)
20 (1, 4, 0, 225, 172, 0, 0, 88, 1, 1, 0, 19)
21 (1, 4, 0, 247, 245, 0, 0, 93, 1, 1, 0, 195)
22 (1, 4, 0, 148, 259, 0, 0, 83, 2, 2, 0, 192)
23 (1, 4, 0, 164, 312, 0, 0, 86, 1, 1, 0, 84)
24 (1, 4, 0, 128, 347, 0, 0, 76, 1, 2, 0, 207)
25 (1, 4, 0, 114, 350, 0, 0, 78, 1, 1, 0, 77)
26 (1, 4, 0, 42, 347, 0, 0, 60, 1, 1, 0, 88)
27 (1, 4, 0, 3, 279, 0, 0, 32, 1, 1, 0, 201)
28 (1, 4, 0, 14, 264, 0, 0, 7, 1, 1, 0, 129)
29 (1, 4, 0, 202, 149, 0, 0, 83, 1, 2, 0, 34)
30 (1, 4, 0, 10, 22, 0, 0, 27, 1, 1, 0, 248)
31 (1, 4, 0, 91, 170, 0, 35, 34, 1, 1, 0, 252)
0 (1, 4, 137, 0, 0, 0, 21, 5, 0, 1, 0, 203)
1 (1, 4, 145, 0, 0, 0, 16, 5, 1, 1, 0, 163)
2 (1, 4, 294, 0, 0, 0, 9, 4, 1, 1, 0, 91)
3 (1, 4, 315, 0, 0, 0, 1, 4, 0, 1, 0, 94)
4 (1, 4, 322, 0, 0, 0, 0, 3, 1, 1, 0, 134)
5 (1, 4, 223, 0, 0, 0, 0, 18, 1, 1, 0, 59)
6 (1, 4, 226, 0, 0, 0, 0, 59, 1, 1, 0, 206)
7 (1, 4, 408, 0, 0, 0, 0, 86, 1, 1, 0, 170)
8 (1, 4, 287, 0, 0, 0, 0, 91, 1, 1, 0, 213)
9 (1, 4, 208, 0, 0, 0, 0, 94, 1, 1, 0, 187)
10 (1, 4, 193, 0, 0, 0, 0, 90, 1, 1, 0, 32)
11 (1, 4, 45, 0, 0, 0, 0, 112, 1, 1, 0, 193)
12 (1, 4, 86, 0, 0, 0, 52, 128, 1, 1, 0, 219)
13 (1, 4, 0, 0, 98, 0, 75, 102, 1, 1, 0, 37)
14 (1, 4, 0, 0, 129, 0, 64, 76, 1, 2, 0, 111)
15 (1, 4, 0, 0, 157, 0, 43, 52, 1, 1, 0, 207)
16 (1, 4, 0, 0, 125, 0, 0, 31, 1, 1, 0, 81)
17 (1, 4, 0, 0, 124, 10, 0, 13, 1, 2, 0, 212)
18 (1, 4, 58, 0, 96, 21, 0, 3, 1, 1, 0, 203)
19 (1, 4, 63, 0, 74, 19, 0, 0, 1, 1, 0, 180)
20 (1, 4, 23, 66, 85, 21, 0, 2, 1, 2, 0, 141)
21 (1, 4, 0, 166, 131, 25, 0, 1, 1, 2, 0, 59)
22 (1, 4, 8, 151, 4, 42, 0, 48, 1, 2, 0, 219)
23 (1, 4, 0, 261, 19, 79, 0, 67, 1, 1, 0, 106)
24 (1, 4, 0, 192, 0, 101, 0, 108, 2, 2, 0, 202)
25 (1, 4, 0, 140, 0, 107, 0, 152, 1, 1, 0, 73)
26 (1, 4, 0, 0, 0, 94, 0, 133, 1, 2, 0, 114)
27 (1, 4, 0, 0, 0, 86, 2, 85, 2, 2, 0, 194)
28 (1, 4, 0, 0, 0, 61, 19, 71, 2, 2, 0, 177)
29 (1, 4, 62, 0, 0, 44, 29, 37, 2, 2, 0, 167)
0 (1, 4, 43, 133, 330, 0, 0, 29, 1, 1, 0, 26)
1 (1, 4, 62, 112, 363, 0, 0, 25, 1, 1, 0, 157)
2 (1, 4, 72, 104, 353, 0, 0, 33, 1, 1, 0, 206)
3 (1, 4, 135, 98, 357, 0, 0, 35, 1, 1, 0, 49)
4 (1, 4, 102, 116, 342, 0, 0, 38, 0, 1, 0, 64)
5 (1, 4, 0, 97, 301, 0, 0, 28, 0, 0, 0, 19)
6 (1, 4, 0, 139, 300, 0, 0, 18, 0, 0, 0, 63)
7 (1, 4, 41, 129, 262, 0, 0, 30, 0, 0, 0, 170)
8 (1, 4, 141, 198, 255, 0, 0, 18, 2, 2, 0, 178)
9 (1, 4, 0, 405, 186, 0, 0, 36, 1, 1, 0, 170)
10 (1, 4, 79, 0, 0, 0, 0, 16, 1, 1, 0, 119)
11 (1, 4, 157, 0, 0, 0, 17, 0, 1, 1, 0, 56)
12 (1, 4, 60, 0, 0, 0, 25, 0, 1, 1, 0, 37)
13 (1, 4, 0, 39, 0, 0, 22, 0, 1, 1, 0, 35)
14 (1, 4, 0, 48, 12, 0, 19, 0, 1, 1, 0, 56)
15 (1, 4, 0, 72, 31, 0, 11, 0, 1, 1, 0, 43)
16 (1, 4, 0, 13, 4, 0, 2, 0, 1, 1, 0, 7)
17 (1, 4, 16, 0, 0, 0, 6, 0, 1, 1, 0, 134)
18 (1, 4, 41, 0, 0, 0, 12, 0, 0, 1, 0, 142)
19 (1, 4, 5, 0, 0, 0, 16, 0, 0, 1, 0, 166)
20 (1, 4, 0, 9, 0, 0, 12, 0, 1, 1, 0, 83)
21 (1, 4, 0, 7, 0, 0, 10, 0, 0, 1, 0, 36)
22 (1, 4, 0, 3, 0, 0, 10, 0, 0, 1, 0, 254)
23 (1, 4, 0, 4, 0, 0, 11, 0, 1, 1, 0, 231)
24 (1, 4, 0, 0, 0, 0, 11, 0, 1, 1, 0, 61)
25 (1, 4, 0, 5, 0, 0, 11, 0, 0, 1, 0, 48)
26 (1, 4, 0, 3, 0, 0, 10, 0, 1, 1, 0, 156)
27 (1, 4, 0, 2, 0, 0, 10, 0, 1, 1, 0, 41)
28 (1, 4, 0, 1, 0, 0, 11, 0, 0, 1, 0, 234)
29 (1, 4, 0, 3, 0, 0, 11, 0, 1, 1, 0, 229)
0 (1, 4, 0, 0, 0, 11, 0, 93, 0, 1, 0, 26)
1 (1, 4, 81, 0, 0, 32, 0, 78, 0, 1, 0, 248)
2 (1, 4, 84, 0, 0, 35, 0, 71, 1, 1, 0, 184)
3 (1, 4, 103, 0, 29, 26, 0, 51, 1, 1, 0, 63)
4 (1, 4, 95, 0, 32, 20, 0, 28, 1, 1, 0, 125)
5 (1, 4, 174, 0, 84, 27, 0, 0, 1, 1, 0, 5)
6 (1, 4, 197, 0, 118, 32, 0, 0, 1, 1, 0, 63)
7 (1, 4, 238, 0, 175, 22, 0, 0, 1, 1, 0, 155)
8 (1, 4, 186, 78, 175, 0, 0, 0, 1, 1, 0, 248)
9 (1, 4, 193, 210, 132, 0, 0, 0, 1, 1, 0, 196)
10 (1, 4, 18, 439, 126, 0, 0, 0, 1, 1, 0, 121)
11 (1, 4, 0, 716, 184, 0, 0, 33, 1, 1, 0, 227)
12 (1, 4, 0, 668, 0, 0, 0, 161, 1, 1, 0, 71)
13 (1, 4, 58, 347, 0, 29, 0, 224, 1, 1, 0, 82)
14 (1, 4, 0, 6, 0, 46, 0, 225, 1, 1, 0, 34)
15 (1, 4, 4, 0, 0, 28, 0, 178, 1, 1, 0, 125)
16 (1, 4, 0, 0, 0, 0, 0, 100, 1, 1, 0, 230)
17 (1, 4, 27, 0, 0, 0, 0, 47, 1, 1, 0, 173)
18 (1, 4, 56, 0, 37, 3, 0, 12, 1, 1, 0, 170)
19 (1, 4, 97, 0, 110, 13, 0, 0, 1, 1, 0, 100)
20 (1, 4, 198, 0, 157, 29, 0, 0, 1, 1, 0, 91)
21 (1, 4, 126, 77, 217, 23, 0, 9, 1, 1, 0, 16)
22 (1, 4, 69, 45, 172, 31, 0, 38, 1, 1, 0, 4)
23 (1, 4, 106, 18, 134, 50, 0, 29, 1, 1, 0, 106)
24 (1, 4, 8, 48, 130, 48, 0, 39, 1, 1, 0, 214)
25 (1, 4, 4, 29, 94, 43, 0, 31, 1, 1, 0, 161)
26 (1, 4, 3, 52, 28, 35, 0, 24, 1, 1, 0, 112)
27 (1, 4, 0, 71, 0, 41, 0, 26, 1, 1, 0, 120)
28 (1, 4, 0, 89, 0, 38, 0, 39, 1, 1, 0, 138)
29 (1, 4, 0, 63, 0, 35, 0, 44, 1, 1, 0, 147)
30 (1, 4, 0, 64, 0, 39, 0, 40, 1, 1, 0, 11)
31 (1, 4, 0, 64, 0, 39, 0, 43, 1, 1, 0, 109)
0 (1, 4, 85, 0, 0, 0, 0, 0, 1, 1, 0, 40)
1 (1, 4, 285, 12, 0, 0, 0, 0, 1, 1, 0, 186)
2 (1, 4, 326, 19, 0, 0, 0, 2, 0, 1, 0, 186)
3 (1, 4, 289, 0, 0, 0, 0, 43, 0, 1, 0, 243)
4 (1, 4, 187, 0, 0, 0, 0, 60, 1, 1, 0, 202)
5 (1, 4, 252, 0, 0, 0, 0, 81, 1, 1, 0, 205)
6 (1, 4, 242, 0, 0, 0, 0, 71, 1, 2, 0, 59)
7 (1, 4, 92, 0, 0, 0, 0, 40, 1, 2, 0, 160)
8 (1, 4, 0, 0, 21, 0, 0, 22, 1, 2, 0, 96)
9 (1, 4, 0, 0, 71, 0, 0, 0, 1, 2, 0, 212)
10 (1, 4, 29, 174, 110, 0, 0, 0, 1, 2, 0, 99)
11 (1, 4, 0, 404, 143, 0, 0, 0, 1, 2, 0, 61)
12 (1, 4, 3, 629, 36, 0, 0, 88, 1, 2, 0, 134)
13 (1, 4, 158, 376, 0, 0, 0, 218, 1, 1, 0, 239)
14 (1, 4, 68, 48, 0, 0, 0, 218, 1, 1, 0, 42)
15 (1, 4, 33, 0, 0, 0, 0, 201, 1, 1, 0, 68)
16 (1, 4, 8, 0, 0, 0, 0, 125, 1, 1, 0, 112)
17 (1, 4, 7, 0, 0, 0, 0, 83, 1, 1, 0, 173)
18 (1, 4, 16, 0, 0, 0, 3, 43, 1, 1, 0, 49)
19 (1, 4, 56, 0, 63, 0, 7, 3, 1, 1, 0, 246)
20 (1, 4, 81, 0, 119, 5, 0, 0, 1, 1, 0, 236)
21 (1, 4, 169, 0, 199, 3, 0, 0, 1, 2, 0, 168)
22 (1, 4, 207, 124, 271, 0, 0, 0, 1, 2, 0, 65)
23 (1, 4, 188, 281, 347, 0, 0, 21, 1, 1, 0, 40)
24 (1, 4, 11, 321, 331, 0, 0, 59, 1, 2, 0, 36)
25 (1, 4, 68, 281, 173, 26, 0, 82, 1, 2, 0, 158)
26 (1, 4, 0, 225, 0, 43, 0, 125, 1, 1, 0, 197)
27 (1, 4, 49, 70, 0, 37, 0, 130, 1, 1, 0, 211)
28 (1, 4, 0, 0, 0, 23, 0, 120, 1, 1, 0, 0)
29 (1, 4, 0, 0, 0, 19, 0, 110, 1, 1, 0, 99)
0 (1, 4, 0, 0, 10, 0, 0, 0, 2, 3, 0, 148)
1 (1, 4, 0, 189, 131, 0, 0, 0, 1, 4, 0, 131)
2 (1, 4, 0, 323, 126, 0, 0, 0, 1, 3, 0, 168)
3 (1, 4, 0, 581, 97, 0, 0, 46, 1, 2, 0, 253)
4 (1, 4, 94, 233, 0, 0, 0, 224, 1, 2, 0, 223)
5 (1, 4, 0, 0, 0, 8, 0, 256, 1, 2, 0, 27)
6 (1, 4, 0, 0, 0, 0, 0, 194, 1, 2, 0, 188)
7 (1, 4, 0, 0, 0, 0, 37, 99, 1, 2, 0, 223)
8 (1, 4, 16, 0, 0, 0, 31, 33, 1, 2, 0, 120)
9 (1, 4, 123, 0, 22, 0, 12, 3, 1, 2, 0, 76)
10 (1, 4, 209, 0, 129, 0, 0, 0, 1, 2, 0, 221)
11 (1, 4, 280, 0, 215, 0, 0, 0, 1, 2, 0, 200)
12 (1, 4, 397, 157, 301, 0, 0, 0, 1, 2, 0, 242)
13 (1, 4, 324, 434, 380, 0, 0, 1, 1, 2, 0, 73)
14 (1, 4, 161, 467, 223, 0, 0, 98, 1, 2, 0, 185)
15 (1, 4, 61, 328, 0, 0, 0, 123, 1, 2, 0, 197)
16 (1, 4, 0, 150, 0, 62, 0, 206, 1, 2, 0, 80)
17 (1, 4, 0, 0, 0, 57, 0, 196, 1, 1, 0, 52)
18 (1, 4, 0, 0, 0, 23, 5, 121, 1, 1, 0, 69)
19 (1, 4, 0, 0, 0, 0, 0, 57, 1, 1, 0, 48)
20 (1, 4, 19, 0, 0, 0, 0, 0, 1, 1, 0, 133)
21 (1, 4, 69, 0, 39, 2, 0, 0, 1, 1, 0, 237)
22 (1, 4, 40, 81, 99, 18, 0, 0, 1, 1, 0, 224)
23 (1, 4, 71, 298, 218, 25, 0, 6, 1, 1, 0, 23)
24 (1, 4, 0, 353, 271, 24, 0, 18, 1, 1, 0, 7)
25 (1, 4, 0, 384, 356, 0, 0, 26, 1, 1, 0, 21)
26 (1, 4, 0, 284, 462, 0, 0, 17, 1, 1, 0, 12)
27 (1, 4, 0, 114, 420, 0, 0, 35, 1, 1, 0, 241)
28 (1, 4, 268, 158, 372, 0, 0, 24, 1, 1, 0, 25)
29 (1, 4, 332, 167, 321, 0, 0, 36, 1, 1, 0, 147)
0 (1, 4, 54, 0, 0, 0, 0, 14, 1, 1, 0, 82)
1 (1, 4, 55, 4, 0, 0, 0, 15, 1, 1, 0, 89)
2 (1, 4, 158, 0, 0, 0, 0, 26, 2, 2, 0, 77)
3 (1, 4, 175, 19, 0, 0, 0, 6, 1, 2, 0, 55)
4 (1, 4, 172, 0, 0, 0, 0, 3, 2, 2, 0, 144)
5 (1, 4, 240, 0, 0, 0, 0, 3, 1, 1, 0, 170)
6 (1, 4, 239, 0, 0, 0, 0, 0, 1, 1, 0, 118)
7 (1, 4, 266, 37, 0, 0, 0, 0, 1, 1, 0, 180)
8 (1, 4, 534, 12, 0, 0, 0, 33, 2, 2, 0, 187)
9 (1, 4, 518, 0, 0, 0, 18, 57, 1, 2, 0, 218)
10 (1, 4, 318, 0, 0, 0, 40, 31, 1, 1, 0, 224)
11 (1, 4, 228, 0, 0, 0, 26, 0, 1, 2, 0, 31)
12 (1, 4, 0, 0, 17, 0, 0, 0, 1, 2, 0, 33)
13 (1, 4, 0, 455, 0, 0, 0, 0, 2, 2, 0, 9)
14 (1, 4, 103, 548, 0, 0, 0, 236, 1, 2, 0, 138)
15 (1, 4, 133, 0, 0, 4, 93, 325, 1, 2, 0, 151)
16 (1, 4, 0, 0, 0, 9, 39, 252, 1, 2, 0, 106)
17 (1, 4, 0, 0, 0, 0, 6, 151, 1, 1, 0, 44)
18 (1, 4, 0, 0, 0, 0, 20, 78, 1, 1, 0, 114)
19 (1, 4, 0, 0, 77, 0, 15, 24, 1, 1, 0, 106)
20 (1, 4, 48, 0, 119, 0, 14, 0, 1, 1, 0, 31)
21 (1, 4, 74, 0, 151, 0, 3, 0, 1, 1, 0, 114)
22 (1, 4, 181, 10, 171, 0, 0, 0, 1, 1, 0, 165)
23 (1, 4, 216, 315, 214, 0, 0, 0, 1, 2, 0, 239)
24 (1, 4, 352, 593, 363, 0, 0, 2, 2, 3, 0, 55)
25 (1, 4, 0, 768, 336, 0, 0, 127, 1, 1, 0, 72)
26 (1, 4, 301, 316, 0, 25, 0, 168, 1, 1, 0, 10)
27 (1, 4, 2, 175, 0, 58, 0, 209, 1, 1, 0, 2)
28 (1, 4, 64, 0, 0, 51, 0, 208, 1, 1, 0, 221)
29 (1, 4, 0, 0, 0, 26, 21, 168, 1, 1, 0, 152)
0 (1, 4, 67, 108, 57, 68, 0, 42, 1, 1, 0, 54)
1 (1, 4, 21, 76, 61, 62, 0, 51, 1, 1, 0, 12)
2 (1, 4, 11, 89, 56, 56, 0, 51, 1, 1, 0, 62)
3 (1, 4, 0, 1, 4, 52, 0, 56, 1, 1, 0, 102)
4 (1, 4, 95, 57, 47, 49, 0, 41, 0, 1, 0, 177)
5 (1, 4, 126, 150, 162, 41, 0, 39, 1, 1, 0, 198)
6 (1, 4, 213, 358, 399, 0, 9, 39, 1, 1, 0, 209)
7 (1, 4, 0, 436, 416, 0, 1, 51, 1, 1, 0, 213)
8 (1, 4, 0, 311, 504, 0, 0, 65, 1, 1, 0, 195)
9 (1, 4, 0, 176, 385, 0, 0, 40, 1, 1, 0, 166)
10 (1, 4, 0, 67, 392, 0, 0, 42, 0, 0, 0, 199)
11 (1, 4, 0, 0, 400, 0, 0, 26, 0, 0, 0, 45)
12 (1, 4, 0, 0, 345, 0, 0, 9, 0, 0, 0, 186)
13 (1, 4, 0, 58, 279, 0, 0, 6, 0, 0, 0, 8)
14 (1, 4, 0, 123, 249, 0, 0, 17, 0, 0, 0, 154)
15 (1, 4, 0, 187, 202, 0, 0, 46, 0, 0, 0, 169)
16 (1, 4, 0, 0, 0, 0, 0, 35, 0, 0, 0, 185)
17 (1, 4, 0, 0, 0, 0, 8, 18, 0, 0, 0, 213)
18 (1, 4, 0, 6, 8, 0, 8, 31, 0, 0, 0, 158)
19 (1, 4, 0, 21, 31, 0, 6, 44, 1, 0, 0, 27)
20 (1, 4, 0, 0, 47, 0, 0, 43, 0, 0, 0, 244)
21 (1, 4, 6, 0, 34, 0, 0, 30, 0, 0, 0, 126)
22 (1, 4, 5, 0, 0, 0, 0, 22, 0, 0, 0, 87)
23 (1, 4, 26, 0, 0, 0, 2, 18, 0, 0, 0, 106)
24 (1, 4, 16, 0, 0, 0, 23, 15, 0, 0, 0, 138)
25 (1, 4, 2, 0, 0, 0, 25, 18, 0, 0, 0, 53)
26 (1, 4, 0, 43, 18, 0, 26, 24, 0, 0, 0, 8)
27 (1, 4, 0, 69, 67, 0, 8, 20, 0, 0, 0, 181)
28 (1, 4, 0, 84, 90, 0, 0, 29, 0, 0, 0, 194)
29 (1, 4, 0, 62, 89, 0, 0, 27, 0, 0, 0, 42)
30 (1, 4, 0, 36, 48, 0, 0, 23, 0, 0, 0, 39)
31 (1, 4, 0, 19, 14, 0, 13, 22, 0, 0, 0, 78)

