1 (1, 4, 427, 0, 0, 0, 0, 141, 20, 20, 0, 178)
2 (1, 4, 471, 0, 0, 0, 0, 145, 18, 18, 0, 46)
3 (1, 4, 380, 0, 0, 0, 0, 120, 8, 8, 0, 15)
4 (1, 4, 248, 0, 44, 0, 23, 60, 8, 8, 0, 225)
5 (1, 4, 162, 0, 139, 0, 10, 7, 9, 9, 0, 39)
6 (1, 4, 209, 0, 153, 0, 1, 0, 11, 11, 0, 128)
7 (1, 4, 27, 76, 250, 0, 0, 0, 12, 13, 0, 9)
8 (1, 4, 0, 380, 212, 0, 0, 0, 14, 14, 0, 135)
9 (1, 4, 0, 688, 111, 0, 0, 20, 16, 15, 0, 158)
10 (1, 4, 0, 513, 0, 61, 0, 331, 14, 14, 0, 29)
11 (1, 4, 56, 79, 0, 73, 0, 374, 17, 16, 0, 9)
12 (1, 4, 325, 0, 0, 41, 75, 242, 18, 18, 0, 27)
13 (1, 4, 41, 0, 0, 1, 52, 135, 18, 18, 0, 168)
14 (1, 4, 182, 0, 77, 0, 23, 90, 18, 18, 0, 79)
15 (1, 4, 138, 0, 174, 0, 12, 25, 19, 19, 0, 138)
16 (1, 4, 124, 0, 227, 0, 0, 8, 19, 20, 0, 160)
17 (1, 4, 67, 5, 0, 0, 0, 15, 17, 15, 0, 100)
18 (1, 4, 15, 5, 0, 0, 0, 13, 20, 19, 0, 169)
19 (1, 4, 17, 17, 0, 0, 0, 11, 18, 17, 0, 247)
20 (1, 4, 28, 16, 0, 0, 0, 14, 15, 14, 0, 141)
21 (1, 4, 19, 12, 0, 0, 0, 13, 20, 20, 0, 17)
22 (1, 4, 11, 9, 0, 0, 0, 13, 20, 20, 0, 238)
23 (1, 4, 8, 7, 0, 0, 0, 13, 20, 20, 0, 248)
24 (1, 4, 0, 7, 0, 0, 0, 13, 20, 20, 0, 136)
25 (1, 4, 0, 5, 0, 0, 0, 13, 20, 20, 0, 229)
26 (1, 4, 0, 6, 0, 0, 0, 13, 20, 20, 0, 61)
27 (1, 4, 0, 3, 0, 0, 0, 14, 20, 20, 0, 52)
28 (1, 4, 0, 3, 0, 0, 0, 13, 20, 20, 0, 82)
29 (1, 4, 0, 4, 0, 0, 0, 13, 20, 20, 0, 80)
30 (1, 4, 0, 7, 0, 0, 0, 14, 20, 20, 0, 238)
31 (1, 4, 0, 8, 0, 0, 0, 14, 20, 20, 0, 95)
32 (1, 4, 0, 8, 0, 0, 0, 14, 20, 20, 0, 95)
1 (1, 4, 391, 0, 0, 0, 0, 90, 20, 20, 0, 50)
2 (1, 4, 556, 0, 0, 0, 0, 202, 20, 18, 0, 160)
3 (1, 4, 413, 0, 0, 0, 0, 202, 18, 15, 0, 226)
4 (1, 4, 358, 0, 0, 0, 22, 126, 15, 14, 0, 143)
5 (1, 4, 292, 0, 146, 0, 15, 28, 16, 16, 0, 87)
6 (1, 4, 223, 0, 272, 0, 0, 0, 18, 20, 0, 133)
7 (1, 4, 178, 0, 361, 0, 0, 0, 20, 20, 0, 148)
8 (1, 4, 91, 259, 418, 0, 0, 0, 20, 20, 0, 129)
9 (1, 4, 0, 756, 529, 0, 0, 0, 20, 20, 0, 173)
10 (1, 4, 0, 766, 43, 0, 0, 189, 20, 20, 0, 99)
11 (1, 4, 0, 482, 0, 0, 0, 206, 20, 20, 0, 235)
12 (1, 4, 152, 292, 0, 0, 0, 249, 20, 20, 0, 58)
13 (1, 4, 267, 11, 0, 0, 67, 189, 20, 20, 0, 232)
14 (1, 4, 122, 0, 0, 0, 65, 82, 20, 20, 0, 68)
15 (1, 4, 0, 30, 127, 0, 28, 41, 20, 0, 0, 182)
16 (1, 4, 0, 186, 243, 0, 0, 52, 20, 20, 0, 129)
17 (1, 4, 51, 10, 3, 0, 0, 16, 20, 20, 0, 73)
18 (1, 4, 77, 11, 10, 0, 0, 11, 20, 20, 0, 113)
19 (1, 4, 64, 9, 9, 0, 0, 9, 20, 20, 0, 88)
20 (1, 4, 42, 7, 8, 0, 0, 9, 20, 20, 0, 234)
21 (1, 4, 23, 6, 6, 0, 0, 11, 20, 20, 0, 74)
22 (1, 4, 10, 9, 3, 0, 0, 11, 20, 20, 0, 151)
23 (1, 4, 4, 9, 0, 0, 0, 13, 20, 20, 0, 180)
24 (1, 4, 5, 6, 0, 0, 0, 13, 20, 20, 0, 11)
25 (1, 4, 12, 5, 0, 0, 0, 13, 20, 20, 0, 173)
26 (1, 4, 24, 7, 0, 0, 0, 13, 20, 20, 0, 24)
27 (1, 4, 29, 5, 3, 0, 0, 12, 20, 20, 0, 39)
28 (1, 4, 17, 6, 0, 0, 0, 11, 20, 20, 0, 31)
29 (1, 4, 2, 6, 0, 0, 0, 11, 20, 20, 0, 237)
30 (1, 4, 0, 5, 0, 0, 0, 12, 20, 20, 0, 58)
31 (1, 4, 0, 7, 0, 0, 0, 13, 20, 20, 0, 136)
32 (1, 4, 0, 6, 0, 0, 0, 14, 20, 20, 0, 91)
1 (1, 4, 22, 0, 0, 0, 0, 78, 20, 20, 0, 109)
2 (1, 4, 23, 0, 0, 0, 0, 86, 20, 20, 0, 90)
3 (1, 4, 133, 0, 0, 0, 0, 64, 0, 0, 0, 24)
4 (1, 4, 123, 0, 0, 0, 0, 2, 20, 20, 0, 191)
5 (1, 4, 264, 159, 0, 0, 0, 41, 0, 0, 0, 73)
6 (1, 4, 293, 0, 0, 0, 0, 273, 20, 20, 0, 28)
7 (1, 4, 135, 0, 0, 0, 0, 312, 20, 20, 0, 68)
8 (1, 4, 402, 0, 0, 0, 18, 243, 16, 18, 0, 127)
9 (1, 4, 511, 0, 0, 0, 78, 79, 16, 18, 0, 173)
10 (1, 4, 294, 0, 291, 0, 46, 0, 17, 20, 0, 3)
11 (1, 4, 50, 0, 506, 0, 0, 0, 0, 0, 0, 0)
12 (1, 4, 185, 249, 370, 0, 0, 0, 0, 0, 0, 29)
13 (1, 4, 0, 664, 425, 0, 0, 0, 20, 20, 0, 174)
14 (1, 4, 0, 665, 271, 0, 0, 91, 20, 20, 0, 127)
15 (1, 4, 0, 436, 0, 55, 0, 185, 20, 20, 0, 217)
16 (1, 4, 141, 247, 0, 32, 0, 281, 20, 20, 0, 156)
17 (1, 4, 0, 15, 1, 0, 0, 12, 20, 20, 0, 112)
18 (1, 4, 28, 15, 0, 0, 0, 15, 20, 20, 0, 42)
19 (1, 4, 17, 12, 0, 0, 0, 13, 20, 20, 0, 13)
20 (1, 4, 7, 9, 4, 0, 0, 10, 20, 20, 0, 235)
21 (1, 4, 21, 0, 4, 0, 0, 15, 20, 20, 0, 187)
22 (1, 4, 0, 3, 0, 0, 0, 13, 20, 20, 0, 82)
23 (1, 4, 0, 0, 0, 0, 0, 12, 20, 20, 0, 85)
24 (1, 4, 0, 1, 1, 0, 0, 15, 0, 0, 0, 166)
25 (1, 4, 15, 9, 4, 0, 0, 15, 20, 20, 0, 49)
26 (1, 4, 12, 13, 4, 0, 0, 14, 20, 20, 0, 38)
27 (1, 4, 0, 12, 5, 0, 0, 15, 20, 20, 0, 144)
28 (1, 4, 0, 7, 0, 0, 0, 12, 20, 20, 0, 87)
29 (1, 4, 0, 5, 0, 0, 0, 14, 20, 20, 0, 131)
30 (1, 4, 0, 6, 0, 0, 0, 15, 20, 20, 0, 132)
31 (1, 4, 6, 9, 0, 0, 0, 15, 20, 20, 0, 17)
32 (1, 4, 0, 0, 0, 0, 0, 10, 20, 20, 0, 153)
1 (1, 4, 97, 50, 213, 27, 0, 43, 20, 20, 0, 248)
2 (1, 4, 54, 119, 228, 29, 0, 48, 20, 20, 0, 95)
3 (1, 4, 7, 234, 259, 24, 0, 55, 20, 20, 0, 246)
4 (1, 4, 0, 361, 321, 0, 0, 60, 20, 20, 0, 183)
5 (1, 4, 0, 364, 361, 0, 0, 84, 20, 20, 0, 148)
6 (1, 4, 0, 452, 447, 0, 0, 88, 20, 20, 0, 127)
7 (1, 4, 0, 357, 346, 0, 0, 87, 20, 20, 0, 206)
8 (1, 4, 0, 297, 354, 0, 0, 74, 20, 20, 0, 138)
9 (1, 4, 0, 330, 369, 0, 0, 49, 20, 20, 0, 108)
10 (1, 4, 53, 509, 316, 0, 0, 15, 20, 20, 0, 4)
11 (1, 4, 0, 519, 255, 0, 0, 38, 20, 20, 0, 186)
12 (1, 4, 0, 59, 0, 0, 0, 84, 20, 20, 0, 225)
13 (1, 4, 545, 71, 0, 0, 0, 0, 20, 20, 0, 134)
14 (1, 4, 358, 73, 54, 0, 0, 0, 20, 20, 0, 215)
15 (1, 4, 155, 73, 30, 0, 4, 9, 20, 20, 0, 188)
16 (1, 4, 39, 3, 13, 0, 0, 6, 20, 20, 0, 69)
17 (1, 4, 0, 7, 0, 0, 0, 6, 20, 20, 0, 4)
18 (1, 4, 1, 6, 0, 0, 0, 6, 20, 20, 0, 191)
19 (1, 4, 1, 6, 0, 0, 0, 7, 20, 20, 0, 96)
20 (1, 4, 0, 6, 0, 0, 0, 6, 20, 20, 0, 177)
21 (1, 4, 0, 4, 0, 0, 0, 6, 20, 20, 0, 220)
22 (1, 4, 0, 6, 0, 0, 0, 7, 20, 20, 0, 110)
23 (1, 4, 0, 6, 0, 0, 0, 5, 20, 20, 0, 215)
24 (1, 4, 0, 6, 0, 0, 0, 7, 20, 20, 0, 110)
25 (1, 4, 1, 5, 0, 0, 0, 6, 20, 20, 0, 103)
26 (1, 4, 0, 6, 0, 0, 0, 6, 20, 20, 0, 177)
27 (1, 4, 0, 6, 0, 0, 0, 6, 20, 20, 0, 177)
28 (1, 4, 0, 6, 0, 0, 0, 7, 20, 20, 0, 110)
29 (1, 4, 0, 7, 0, 0, 0, 6, 20, 20, 0, 4)
30 (1, 4, 0, 6, 0, 0, 0, 6, 20, 20, 0, 177)
31 (1, 4, 0, 6, 0, 0, 0, 7, 20, 20, 0, 110)
32 (1, 4, 0, 6, 0, 0, 0, 7, 20, 20, 0, 110)
1 (1, 4, 0, 100, 235, 0, 0, 86, 20, 20, 0, 248)
2 (1, 4, 0, 66, 265, 0, 0, 91, 20, 20, 0, 75)
3 (1, 4, 0, 137, 249, 0, 0, 72, 20, 20, 0, 193)
4 (1, 4, 0, 268, 284, 0, 0, 67, 20, 20, 0, 165)
5 (1, 4, 0, 358, 275, 0, 0, 52, 20, 20, 0, 71)
6 (1, 4, 0, 631, 310, 0, 0, 3, 0, 0, 0, 90)
7 (1, 4, 0, 142, 8, 0, 0, 82, 20, 20, 0, 92)
8 (1, 4, 10, 0, 0, 0, 0, 30, 20, 20, 0, 83)
9 (1, 4, 138, 53, 10, 0, 0, 0, 20, 20, 0, 236)
10 (1, 4, 134, 36, 36, 0, 0, 36, 20, 20, 0, 151)
11 (1, 4, 114, 0, 21, 0, 0, 8, 20, 20, 0, 39)
12 (1, 4, 23, 26, 24, 0, 0, 7, 20, 20, 0, 111)
13 (1, 4, 3, 9, 1, 0, 0, 20, 20, 20, 0, 236)
14 (1, 4, 0, 13, 0, 0, 0, 11, 20, 20, 0, 154)
15 (1, 4, 0, 9, 0, 0, 0, 14, 20, 20, 0, 234)
16 (1, 4, 0, 8, 0, 0, 0, 14, 20, 20, 0, 95)
17 (1, 4, 5, 7, 0, 0, 0, 15, 20, 20, 0, 7)
18 (1, 4, 6, 5, 0, 0, 0, 15, 20, 20, 0, 120)
19 (1, 4, 0, 5, 0, 0, 0, 14, 20, 20, 0, 131)
20 (1, 4, 0, 10, 0, 0, 0, 15, 20, 20, 0, 237)
21 (1, 4, 5, 13, 0, 0, 0, 16, 20, 20, 0, 243)
22 (1, 4, 5, 10, 0, 0, 0, 14, 20, 20, 0, 4)
23 (1, 4, 0, 14, 0, 0, 0, 13, 20, 20, 0, 142)
24 (1, 4, 1, 10, 0, 0, 0, 14, 20, 0, 0, 53)
25 (1, 4, 3, 7, 0, 0, 0, 13, 20, 20, 0, 154)
26 (1, 4, 5, 14, 0, 0, 0, 14, 0, 20, 0, 99)
27 (1, 4, 11, 9, 0, 0, 0, 14, 20, 20, 0, 136)
28 (1, 4, 22, 4, 0, 0, 0, 16, 20, 20, 0, 7)
29 (1, 4, 58, 4, 0, 0, 0, 20, 20, 20, 0, 253)
30 (1, 4, 98, 0, 0, 0, 0, 22, 0, 0, 0, 51)
31 (1, 4, 16, 119, 64, 1, 0, 90, 20, 20, 0, 41)
32 (1, 4, 0, 150, 67, 0, 0, 86, 20, 20, 0, 7)
1 (1, 4, 2, 252, 77, 0, 0, 96, 20, 20, 0, 247)
2 (1, 4, 0, 204, 107, 0, 0, 91, 0, 0, 0, 141)
3 (1, 4, 0, 354, 188, 0, 0, 96, 20, 0, 0, 124)
4 (1, 4, 0, 256, 227, 0, 0, 111, 20, 0, 0, 116)
5 (1, 4, 0, 517, 213, 0, 0, 89, 20, 20, 0, 116)
6 (1, 4, 0, 235, 55, 0, 0, 88, 20, 20, 0, 249)
7 (1, 4, 77, 321, 0, 0, 0, 59, 20, 20, 0, 40)
8 (1, 4, 0, 191, 0, 0, 13, 169, 20, 20, 0, 156)
9 (1, 4, 53, 0, 0, 0, 0, 10, 0, 0, 0, 60)
10 (1, 4, 196, 328, 75, 0, 0, 1, 20, 0, 0, 145)
11 (1, 4, 133, 187, 150, 0, 0, 0, 20, 20, 0, 223)
12 (1, 4, 224, 6, 61, 0, 0, 56, 20, 20, 0, 73)
13 (1, 4, 176, 21, 33, 0, 15, 15, 20, 20, 0, 204)
14 (1, 4, 0, 0, 7, 0, 0, 15, 20, 20, 0, 214)
15 (1, 4, 5, 14, 0, 0, 0, 14, 20, 20, 0, 222)
