1 (1, 4, 539, 0, 0, 0, 0, 40, 0, 0, 0, 179)
2 (1, 4, 498, 0, 0, 0, 0, 109, 0, 0, 0, 127)
3 (1, 4, 688, 0, 0, 0, 0, 118, 0, 0, 0, 179)
4 (1, 4, 581, 0, 0, 0, 0, 71, 0, 0, 0, 147)
5 (1, 4, 300, 0, 0, 0, 0, 42, 0, 0, 0, 1)
6 (1, 4, 388, 0, 7, 0, 5, 7, 0, 0, 0, 61)
7 (1, 4, 274, 0, 94, 0, 24, 0, 0, 0, 0, 141)
8 (1, 4, 42, 18, 201, 0, 20, 0, 0, 0, 0, 157)
9 (1, 4, 0, 263, 307, 0, 0, 0, 0, 0, 0, 254)
10 (1, 4, 0, 463, 270, 6, 0, 22, 0, 0, 0, 101)
11 (1, 4, 0, 422, 81, 68, 0, 188, 1, 1, 0, 56)
12 (1, 4, 0, 295, 0, 125, 0, 278, 0, 0, 0, 61)
13 (1, 4, 94, 75, 0, 66, 0, 319, 0, 0, 0, 226)
14 (1, 4, 289, 0, 0, 0, 32, 256, 0, 0, 0, 145)
15 (1, 4, 200, 0, 0, 0, 65, 144, 0, 0, 0, 168)
16 (1, 4, 152, 0, 13, 0, 27, 96, 0, 0, 0, 166)
17 (1, 4, 151, 0, 118, 0, 9, 29, 0, 0, 0, 129)
18 (1, 4, 117, 0, 140, 11, 0, 0, 0, 0, 0, 44)
19 (1, 4, 40, 133, 183, 15, 0, 0, 0, 0, 0, 151)
20 (1, 4, 0, 389, 159, 17, 0, 0, 0, 0, 0, 202)
21 (1, 4, 0, 535, 165, 0, 0, 61, 0, 0, 0, 39)
22 (1, 4, 0, 489, 216, 0, 0, 62, 0, 0, 0, 64)
23 (1, 4, 0, 578, 128, 21, 0, 157, 0, 0, 0, 33)
24 (1, 4, 100, 322, 0, 17, 0, 236, 0, 0, 0, 26)
25 (1, 4, 136, 78, 0, 0, 0, 271, 0, 0, 0, 76)
26 (1, 4, 327, 0, 0, 0, 0, 155, 0, 0, 0, 10)
27 (1, 4, 87, 0, 0, 0, 0, 96, 0, 0, 0, 217)
28 (1, 4, 174, 0, 0, 0, 0, 67, 0, 0, 0, 219)
29 (1, 4, 38, 0, 42, 0, 0, 48, 0, 0, 0, 130)
30 (1, 4, 0, 0, 89, 11, 0, 57, 0, 0, 0, 76)
31 (1, 4, 0, 73, 128, 8, 0, 72, 0, 0, 0, 93)
32 (1, 4, 0, 131, 192, 0, 0, 70, 0, 0, 0, 36)
1 (1, 4, 72, 7, 16, 0, 0, 12, 1, 1, 0, 108)
2 (1, 4, 62, 8, 17, 0, 0, 11, 1, 1, 0, 208)
3 (1, 4, 72, 0, 9, 0, 0, 25, 1, 1, 0, 64)
4 (1, 4, 210, 0, 22, 0, 0, 36, 1, 1, 0, 205)
5 (1, 4, 330, 0, 0, 0, 0, 51, 1, 1, 0, 132)
6 (1, 4, 300, 0, 0, 0, 0, 53, 1, 1, 0, 34)
7 (1, 4, 465, 0, 0, 0, 0, 77, 1, 1, 0, 2)
8 (1, 4, 539, 0, 0, 0, 0, 129, 0, 1, 0, 198)
9 (1, 4, 401, 0, 0, 0, 0, 162, 0, 0, 0, 21)
10 (1, 4, 375, 0, 0, 0, 0, 160, 0, 1, 0, 184)
11 (1, 4, 373, 0, 0, 0, 29, 133, 0, 0, 0, 26)
12 (1, 4, 155, 0, 99, 0, 18, 130, 0, 0, 0, 19)
13 (1, 4, 222, 0, 175, 0, 11, 99, 0, 0, 0, 200)
14 (1, 4, 202, 0, 241, 0, 10, 61, 0, 0, 0, 144)
15 (1, 4, 167, 0, 276, 0, 0, 39, 0, 0, 0, 72)
16 (1, 4, 184, 0, 271, 0, 0, 14, 0, 0, 0, 30)
17 (1, 4, 101, 28, 280, 12, 0, 0, 0, 0, 0, 20)
18 (1, 4, 0, 260, 321, 10, 0, 0, 0, 0, 0, 181)
19 (1, 4, 0, 445, 256, 0, 0, 34, 0, 0, 0, 160)
20 (1, 4, 0, 625, 215, 0, 0, 87, 0, 0, 0, 51)
21 (1, 4, 0, 552, 89, 0, 0, 176, 0, 0, 0, 150)
22 (1, 4, 0, 512, 0, 0, 0, 176, 0, 0, 0, 75)
23 (1, 4, 127, 623, 0, 0, 0, 203, 0, 0, 0, 244)
24 (1, 4, 394, 354, 0, 0, 0, 226, 0, 0, 0, 27)
25 (1, 4, 305, 31, 0, 0, 0, 178, 0, 0, 0, 196)
26 (1, 4, 94, 0, 0, 0, 0, 142, 0, 0, 0, 239)
27 (1, 4, 172, 0, 0, 0, 0, 100, 0, 0, 0, 117)
28 (1, 4, 103, 0, 0, 0, 0, 84, 0, 1, 0, 146)
29 (1, 4, 104, 0, 0, 0, 0, 75, 0, 0, 0, 137)
30 (1, 4, 92, 0, 0, 10, 0, 87, 0, 0, 0, 28)
31 (1, 4, 69, 0, 0, 22, 0, 93, 1, 1, 0, 171)
32 (1, 4, 44, 0, 4, 39, 0, 96, 1, 1, 0, 246)
1 (1, 4, 0, 137, 135, 0, 0, 29, 1, 1, 0, 247)
2 (1, 4, 36, 94, 68, 0, 0, 18, 1, 1, 0, 161)
3 (1, 4, 85, 39, 3, 0, 0, 48, 1, 1, 0, 33)
4 (1, 4, 73, 3, 18, 0, 0, 0, 1, 1, 0, 8)
5 (1, 4, 0, 63, 16, 0, 0, 0, 1, 1, 0, 26)
6 (1, 4, 4, 20, 11, 0, 0, 9, 1, 1, 0, 198)
7 (1, 4, 0, 0, 0, 0, 0, 6, 1, 1, 0, 187)
8 (1, 4, 41, 23, 18, 0, 0, 6, 1, 1, 0, 49)
9 (1, 4, 222, 0, 0, 0, 0, 81, 1, 1, 0, 22)
10 (1, 4, 873, 0, 0, 0, 0, 56, 1, 1, 0, 217)
11 (1, 4, 54, 0, 0, 0, 0, 114, 1, 1, 0, 250)
12 (1, 4, 294, 0, 0, 0, 0, 137, 1, 1, 0, 41)
13 (1, 4, 99, 0, 0, 0, 0, 82, 0, 1, 0, 102)
14 (1, 4, 113, 0, 30, 0, 0, 23, 0, 0, 0, 172)
15 (1, 4, 7, 0, 0, 0, 0, 3, 0, 0, 0, 50)
16 (1, 4, 0, 88, 0, 0, 0, 28, 0, 0, 0, 99)
17 (1, 4, 0, 206, 0, 7, 0, 83, 0, 0, 0, 85)
18 (1, 4, 0, 195, 0, 0, 0, 221, 0, 0, 0, 120)
19 (1, 4, 0, 0, 0, 7, 0, 297, 0, 0, 0, 158)
20 (1, 4, 309, 0, 0, 0, 0, 231, 0, 0, 0, 16)
21 (1, 4, 306, 0, 0, 0, 30, 142, 0, 0, 0, 190)
22 (1, 4, 208, 0, 0, 0, 21, 96, 0, 1, 0, 146)
23 (1, 4, 266, 0, 101, 0, 20, 46, 0, 1, 0, 85)
24 (1, 4, 205, 0, 165, 0, 14, 27, 0, 1, 0, 133)
25 (1, 4, 165, 0, 227, 0, 2, 14, 0, 0, 0, 1)
26 (1, 4, 154, 86, 235, 13, 3, 20, 0, 0, 0, 247)
27 (1, 4, 163, 257, 335, 12, 0, 10, 0, 1, 0, 173)
28 (1, 4, 0, 331, 269, 0, 0, 68, 0, 0, 0, 104)
29 (1, 4, 0, 345, 211, 21, 0, 106, 0, 0, 0, 146)
30 (1, 4, 0, 307, 72, 44, 0, 125, 0, 0, 0, 189)
31 (1, 4, 0, 287, 0, 64, 0, 150, 0, 0, 0, 11)
32 (1, 4, 0, 281, 0, 73, 0, 187, 0, 0, 0, 186)
1 (1, 4, 261, 0, 0, 0, 0, 119, 1, 1, 0, 103)
2 (1, 4, 302, 0, 0, 0, 0, 127, 1, 1, 0, 40)
3 (1, 4, 413, 0, 0, 0, 0, 108, 2, 2, 0, 166)
4 (1, 4, 398, 0, 0, 0, 0, 100, 1, 1, 0, 165)
5 (1, 4, 291, 0, 38, 0, 1, 59, 0, 1, 0, 202)
6 (1, 4, 142, 220, 272, 0, 0, 27, 0, 0, 0, 200)
7 (1, 4, 0, 214, 145, 0, 0, 169, 1, 1, 0, 39)
8 (1, 4, 294, 0, 0, 0, 0, 207, 0, 0, 0, 169)
9 (1, 4, 0, 0, 0, 0, 34, 174, 0, 0, 0, 140)
10 (1, 4, 0, 0, 0, 0, 73, 110, 0, 0, 0, 30)
11 (1, 4, 0, 0, 40, 0, 75, 50, 0, 1, 0, 204)
12 (1, 4, 40, 0, 136, 0, 63, 16, 0, 0, 0, 118)
13 (1, 4, 13, 0, 196, 18, 38, 4, 1, 1, 0, 197)
14 (1, 4, 45, 81, 231, 1, 12, 9, 0, 1, 0, 218)
15 (1, 4, 0, 153, 260, 0, 0, 0, 0, 1, 0, 112)
16 (1, 4, 0, 306, 269, 0, 0, 14, 0, 1, 0, 51)
17 (1, 4, 0, 283, 94, 5, 0, 117, 0, 1, 0, 77)
18 (1, 4, 0, 286, 0, 38, 0, 223, 0, 1, 0, 219)
19 (1, 4, 0, 151, 0, 58, 0, 327, 0, 0, 0, 187)
20 (1, 4, 120, 0, 0, 4, 0, 321, 0, 0, 0, 111)
21 (1, 4, 255, 0, 0, 0, 0, 234, 0, 0, 0, 162)
22 (1, 4, 207, 0, 0, 0, 48, 109, 0, 0, 0, 148)
23 (1, 4, 95, 0, 42, 0, 30, 48, 0, 1, 0, 108)
24 (1, 4, 0, 0, 94, 0, 7, 0, 0, 1, 0, 52)
25 (1, 4, 2, 0, 74, 25, 0, 0, 0, 0, 0, 26)
26 (1, 4, 0, 11, 87, 30, 0, 5, 0, 0, 0, 147)
27 (1, 4, 0, 122, 171, 53, 0, 20, 0, 0, 0, 83)
28 (1, 4, 0, 173, 155, 47, 0, 65, 0, 0, 0, 62)
29 (1, 4, 0, 214, 135, 51, 0, 113, 0, 0, 0, 233)
30 (1, 4, 0, 181, 88, 49, 0, 160, 0, 0, 0, 161)
31 (1, 4, 0, 64, 34, 50, 0, 173, 0, 0, 0, 103)
32 (1, 4, 29, 48, 0, 49, 0, 148, 0, 0, 0, 86)
1 (1, 4, 0, 122, 32, 0, 0, 75, 0, 1, 0, 220)
2 (1, 4, 0, 83, 10, 0, 0, 81, 0, 1, 0, 245)
3 (1, 4, 0, 53, 56, 0, 0, 91, 1, 1, 0, 156)
4 (1, 4, 0, 69, 116, 0, 0, 82, 1, 1, 0, 144)
5 (1, 4, 0, 168, 201, 0, 0, 90, 1, 1, 0, 224)
6 (1, 4, 0, 201, 305, 0, 0, 87, 1, 1, 0, 62)
7 (1, 4, 0, 343, 411, 0, 0, 95, 3, 3, 0, 219)
8 (1, 4, 0, 462, 497, 0, 0, 79, 5, 6, 0, 115)
9 (1, 4, 0, 525, 401, 0, 0, 65, 2, 3, 0, 203)
10 (1, 4, 0, 458, 287, 0, 0, 35, 2, 2, 0, 105)
11 (1, 4, 0, 325, 0, 0, 0, 72, 1, 2, 0, 108)
12 (1, 4, 346, 0, 16, 0, 0, 12, 1, 2, 0, 45)
13 (1, 4, 435, 0, 52, 0, 0, 0, 1, 1, 0, 138)
14 (1, 4, 186, 0, 0, 0, 21, 0, 1, 1, 0, 54)
15 (1, 4, 0, 0, 0, 0, 10, 0, 1, 2, 0, 249)
16 (1, 4, 0, 5, 0, 0, 0, 0, 1, 1, 0, 24)
17 (1, 4, 0, 0, 0, 0, 0, 0, 1, 1, 0, 119)
18 (1, 4, 16, 0, 13, 0, 0, 6, 1, 1, 0, 45)
19 (1, 4, 92, 11, 52, 0, 0, 7, 1, 1, 0, 241)
20 (1, 4, 354, 0, 284, 0, 0, 19, 1, 2, 0, 239)
21 (1, 4, 327, 0, 243, 0, 0, 1, 1, 1, 0, 57)
22 (1, 4, 381, 0, 220, 0, 0, 13, 1, 1, 0, 74)
23 (1, 4, 60, 0, 0, 0, 13, 3, 0, 1, 0, 71)
24 (1, 4, 0, 0, 0, 0, 0, 12, 0, 1, 0, 138)
25 (1, 4, 0, 0, 0, 0, 0, 62, 0, 1, 0, 65)
26 (1, 4, 200, 0, 0, 0, 0, 103, 1, 1, 0, 108)
27 (1, 4, 205, 0, 0, 0, 0, 119, 1, 2, 0, 52)
28 (1, 4, 298, 0, 0, 0, 0, 154, 1, 1, 0, 212)
29 (1, 4, 347, 0, 0, 0, 0, 142, 1, 1, 0, 210)
30 (1, 4, 341, 0, 0, 0, 36, 73, 1, 1, 0, 180)
31 (1, 4, 157, 0, 11, 0, 35, 38, 0, 1, 0, 74)
32 (1, 4, 120, 0, 133, 0, 0, 10, 0, 1, 0, 163)
1 (1, 4, 5, 10, 0, 0, 0, 10, 2, 2, 0, 215)
2 (1, 4, 5, 8, 0, 0, 0, 10, 2, 2, 0, 186)
3 (1, 4, 3, 11, 0, 0, 0, 10, 2, 2, 0, 70)
4 (1, 4, 7, 11, 0, 0, 0, 10, 2, 2, 0, 126)
5 (1, 4, 29, 16, 5, 0, 0, 11, 2, 2, 0, 237)
6 (1, 4, 137, 3, 13, 0, 0, 18, 1, 2, 0, 101)
7 (1, 4, 453, 0, 0, 0, 0, 21, 1, 2, 0, 27)
8 (1, 4, 624, 0, 0, 0, 0, 13, 2, 2, 0, 134)
9 (1, 4, 273, 82, 0, 0, 0, 80, 1, 2, 0, 63)
10 (1, 4, 491, 0, 0, 0, 0, 108, 1, 2, 0, 138)
11 (1, 4, 317, 0, 0, 0, 0, 153, 1, 2, 0, 197)
12 (1, 4, 505, 0, 0, 0, 0, 123, 1, 1, 0, 11)
13 (1, 4, 444, 0, 0, 0, 0, 85, 1, 1, 0, 51)
14 (1, 4, 394, 0, 0, 0, 0, 15, 1, 1, 0, 245)
15 (1, 4, 318, 0, 82, 0, 0, 0, 0, 1, 0, 207)
16 (1, 4, 259, 0, 158, 0, 0, 0, 0, 0, 0, 45)
17 (1, 4, 149, 56, 266, 27, 0, 0, 0, 0, 0, 77)
18 (1, 4, 0, 358, 342, 20, 0, 0, 0, 0, 0, 78)
19 (1, 4, 0, 581, 290, 0, 0, 14, 0, 0, 0, 245)
20 (1, 4, 0, 533, 99, 57, 0, 146, 1, 1, 0, 19)
21 (1, 4, 0, 474, 0, 89, 0, 272, 2, 1, 0, 54)
22 (1, 4, 244, 121, 0, 20, 0, 318, 1, 1, 0, 36)
23 (1, 4, 193, 0, 0, 0, 13, 241, 1, 1, 0, 220)
24 (1, 4, 162, 0, 0, 0, 0, 176, 0, 1, 0, 35)
25 (1, 4, 208, 0, 0, 0, 0, 104, 1, 1, 0, 5)
26 (1, 4, 177, 0, 26, 0, 0, 48, 0, 1, 0, 183)
27 (1, 4, 114, 0, 74, 1, 0, 14, 0, 1, 0, 246)
28 (1, 4, 65, 0, 80, 31, 0, 13, 0, 0, 0, 111)
29 (1, 4, 0, 147, 142, 71, 0, 22, 0, 0, 0, 109)
30 (1, 4, 0, 210, 134, 98, 0, 88, 0, 0, 0, 14)
31 (1, 4, 0, 159, 71, 89, 0, 154, 0, 0, 0, 126)
32 (1, 4, 6, 34, 0, 80, 0, 155, 0, 0, 0, 2)
1 (1, 4, 0, 162, 147, 29, 0, 49, 0, 1, 0, 79)
2 (1, 4, 0, 60, 21, 126, 0, 165, 0, 1, 0, 154)
3 (1, 4, 0, 11, 0, 156, 0, 244, 0, 1, 0, 104)
4 (1, 4, 106, 0, 0, 79, 0, 280, 0, 1, 0, 87)
5 (1, 4, 227, 0, 0, 0, 0, 260, 0, 1, 0, 0)
6 (1, 4, 232, 0, 0, 0, 0, 179, 0, 1, 0, 160)
7 (1, 4, 183, 0, 10, 0, 0, 69, 0, 1, 0, 113)
8 (1, 4, 246, 0, 81, 0, 0, 0, 0, 1, 0, 154)
9 (1, 4, 61, 0, 119, 0, 0, 0, 0, 1, 0, 235)
10 (1, 4, 0, 100, 212, 0, 0, 0, 0, 1, 0, 165)
11 (1, 4, 0, 293, 292, 0, 0, 0, 0, 1, 0, 160)
12 (1, 4, 0, 480, 435, 0, 0, 0, 0, 1, 0, 38)
13 (1, 4, 0, 325, 508, 0, 0, 9, 0, 1, 0, 29)
14 (1, 4, 85, 616, 218, 90, 0, 62, 0, 1, 0, 35)
15 (1, 4, 104, 580, 0, 27, 0, 181, 0, 1, 0, 195)
16 (1, 4, 421, 194, 0, 0, 0, 220, 1, 1, 0, 253)
17 (1, 4, 106, 0, 0, 0, 0, 107, 1, 1, 0, 61)
18 (1, 4, 224, 0, 0, 0, 0, 81, 0, 1, 0, 7)
19 (1, 4, 178, 0, 0, 13, 0, 50, 0, 1, 0, 107)
20 (1, 4, 136, 0, 0, 27, 0, 60, 0, 1, 0, 179)
21 (1, 4, 75, 0, 0, 44, 0, 76, 0, 1, 0, 73)
22 (1, 4, 53, 0, 0, 48, 0, 86, 0, 1, 0, 64)
23 (1, 4, 34, 19, 0, 52, 0, 94, 0, 1, 0, 165)
24 (1, 4, 10, 17, 0, 51, 0, 98, 0, 1, 0, 207)
25 (1, 4, 3, 9, 7, 50, 0, 104, 0, 1, 0, 202)
26 (1, 4, 0, 0, 4, 56, 0, 103, 0, 1, 0, 90)
27 (1, 4, 0, 32, 15, 52, 0, 101, 0, 1, 0, 162)
28 (1, 4, 0, 20, 11, 45, 0, 101, 0, 1, 0, 149)
29 (1, 4, 24, 13, 13, 46, 0, 101, 0, 1, 0, 50)
30 (1, 4, 0, 0, 4, 44, 0, 100, 0, 1, 0, 183)
31 (1, 4, 0, 8, 10, 47, 0, 100, 0, 1, 0, 232)
32 (1, 4, 0, 11, 0, 48, 0, 101, 0, 1, 0, 46)
1 (1, 4, 73, 35, 0, 0, 0, 0, 1, 2, 0, 39)
2 (1, 4, 77, 45, 7, 0, 0, 8, 1, 1, 0, 169)
3 (1, 4, 0, 0, 0, 0, 0, 7, 1, 2, 0, 217)
4 (1, 4, 0, 0, 0, 0, 0, 0, 1, 2, 0, 202)
5 (1, 4, 0, 8, 0, 0, 0, 3, 1, 1, 0, 162)
6 (1, 4, 54, 23, 13, 0, 0, 9, 1, 1, 0, 84)
7 (1, 4, 96, 15, 20, 0, 0, 6, 1, 2, 0, 216)
8 (1, 4, 166, 36, 58, 0, 0, 8, 1, 1, 0, 97)
9 (1, 4, 247, 0, 61, 0, 0, 23, 1, 2, 0, 108)
10 (1, 4, 514, 0, 104, 0, 0, 14, 1, 2, 0, 77)
11 (1, 4, 133, 20, 0, 0, 0, 6, 1, 2, 0, 158)
12 (1, 4, 399, 13, 0, 0, 0, 9, 1, 1, 0, 211)
13 (1, 4, 484, 0, 0, 0, 0, 33, 1, 1, 0, 104)
14 (1, 4, 600, 0, 0, 0, 0, 82, 1, 1, 0, 69)
15 (1, 4, 707, 0, 0, 0, 0, 84, 1, 1, 0, 30)
16 (1, 4, 566, 0, 0, 0, 0, 54, 1, 1, 0, 206)
17 (1, 4, 370, 0, 34, 0, 0, 14, 1, 1, 0, 48)
18 (1, 4, 315, 0, 122, 0, 0, 0, 0, 1, 0, 187)
19 (1, 4, 314, 0, 174, 0, 0, 0, 0, 0, 0, 245)
20 (1, 4, 265, 0, 204, 21, 0, 0, 0, 0, 0, 126)
21 (1, 4, 127, 101, 269, 34, 0, 0, 0, 0, 0, 88)
22 (1, 4, 0, 293, 320, 37, 0, 0, 0, 0, 0, 26)
23 (1, 4, 0, 473, 372, 11, 0, 44, 0, 0, 0, 224)
24 (1, 4, 0, 422, 256, 0, 0, 110, 0, 0, 0, 112)
25 (1, 4, 0, 435, 118, 8, 0, 131, 0, 0, 0, 254)
26 (1, 4, 0, 466, 0, 18, 0, 169, 0, 1, 0, 169)
27 (1, 4, 138, 382, 0, 0, 0, 200, 0, 1, 0, 136)
28 (1, 4, 205, 129, 0, 0, 0, 210, 0, 1, 0, 222)
29 (1, 4, 222, 0, 0, 0, 0, 191, 1, 1, 0, 94)
30 (1, 4, 160, 0, 0, 0, 0, 153, 0, 1, 0, 171)
31 (1, 4, 82, 0, 0, 0, 0, 126, 0, 1, 0, 113)
32 (1, 4, 138, 0, 0, 0, 0, 96, 0, 1, 0, 136)
1 (1, 4, 0, 283, 224, 0, 0, 46, 2, 2, 0, 240)
2 (1, 4, 0, 253, 128, 0, 0, 70, 2, 2, 0, 233)
3 (1, 4, 14, 0, 0, 0, 0, 5, 2, 2, 0, 146)
4 (1, 4, 0, 0, 0, 0, 0, 0, 2, 2, 0, 108)
5 (1, 4, 4, 35, 19, 0, 0, 3, 1, 2, 0, 74)
6 (1, 4, 19, 12, 29, 0, 0, 1, 1, 2, 0, 135)
7 (1, 4, 254, 54, 83, 0, 0, 0, 1, 2, 0, 14)
8 (1, 4, 731, 100, 0, 0, 0, 0, 1, 1, 0, 246)
9 (1, 4, 398, 12, 0, 0, 0, 42, 2, 2, 0, 180)
10 (1, 4, 398, 0, 0, 0, 0, 118, 1, 2, 0, 114)
11 (1, 4, 279, 0, 0, 0, 0, 130, 1, 1, 0, 140)
12 (1, 4, 753, 0, 0, 0, 0, 127, 1, 1, 0, 8)
13 (1, 4, 863, 0, 0, 0, 0, 87, 1, 1, 0, 199)
14 (1, 4, 464, 0, 200, 0, 3, 39, 1, 1, 0, 134)
15 (1, 4, 235, 0, 280, 0, 0, 17, 0, 1, 0, 190)
16 (1, 4, 262, 0, 360, 0, 0, 0, 0, 1, 0, 215)
17 (1, 4, 176, 12, 233, 0, 0, 0, 0, 0, 0, 249)
18 (1, 4, 90, 250, 273, 0, 0, 0, 0, 0, 0, 50)
19 (1, 4, 0, 451, 283, 0, 0, 0, 0, 0, 0, 228)
20 (1, 4, 0, 643, 295, 0, 0, 77, 0, 0, 0, 41)
21 (1, 4, 0, 465, 70, 0, 0, 164, 0, 1, 0, 114)
22 (1, 4, 0, 403, 0, 0, 0, 221, 1, 1, 0, 118)
23 (1, 4, 175, 68, 0, 0, 0, 318, 1, 1, 0, 219)
24 (1, 4, 165, 0, 0, 0, 0, 249, 1, 1, 0, 27)
25 (1, 4, 134, 0, 0, 0, 0, 178, 0, 1, 0, 101)
26 (1, 4, 237, 0, 0, 0, 0, 117, 0, 0, 0, 254)
27 (1, 4, 261, 0, 38, 0, 0, 65, 0, 1, 0, 52)
28 (1, 4, 127, 0, 77, 0, 0, 54, 0, 1, 0, 210)
29 (1, 4, 83, 0, 73, 0, 0, 56, 0, 1, 0, 37)
30 (1, 4, 19, 38, 85, 32, 0, 46, 0, 1, 0, 178)
31 (1, 4, 0, 120, 86, 45, 0, 78, 0, 1, 0, 98)
32 (1, 4, 0, 136, 89, 47, 0, 113, 0, 1, 0, 175)
1 (1, 4, 0, 391, 151, 0, 0, 48, 1, 1, 0, 136)
2 (1, 4, 0, 543, 245, 0, 0, 42, 1, 1, 0, 217)
3 (1, 4, 0, 387, 219, 0, 0, 69, 1, 1, 0, 214)
4 (1, 4, 0, 300, 326, 0, 0, 71, 2, 2, 0, 163)
5 (1, 4, 0, 295, 239, 0, 0, 51, 2, 2, 0, 240)
6 (1, 4, 0, 208, 203, 0, 0, 43, 1, 2, 0, 9)
7 (1, 4, 0, 226, 186, 0, 0, 24, 1, 1, 0, 128)
8 (1, 4, 0, 232, 76, 0, 0, 24, 1, 2, 0, 25)
9 (1, 4, 0, 96, 0, 0, 0, 64, 2, 2, 0, 104)
10 (1, 4, 198, 0, 0, 0, 0, 2, 1, 2, 0, 203)
11 (1, 4, 27, 0, 0, 0, 0, 0, 1, 2, 0, 72)
12 (1, 4, 0, 41, 0, 0, 0, 0, 1, 1, 0, 179)
13 (1, 4, 137, 50, 32, 0, 0, 4, 1, 1, 0, 89)
14 (1, 4, 0, 33, 0, 0, 0, 1, 1, 2, 0, 98)
15 (1, 4, 17, 20, 11, 0, 0, 0, 1, 2, 0, 152)
16 (1, 4, 156, 54, 44, 0, 0, 2, 1, 1, 0, 123)
17 (1, 4, 104, 104, 0, 0, 0, 0, 1, 2, 0, 6)
18 (1, 4, 109, 35, 0, 0, 0, 27, 1, 2, 0, 135)
19 (1, 4, 161, 23, 0, 0, 0, 0, 1, 1, 0, 200)
20 (1, 4, 272, 0, 0, 0, 0, 37, 1, 1, 0, 158)
21 (1, 4, 563, 0, 0, 0, 0, 42, 1, 1, 0, 180)
22 (1, 4, 684, 0, 0, 0, 0, 49, 1, 1, 0, 68)
23 (1, 4, 507, 0, 31, 0, 0, 28, 1, 1, 0, 198)
24 (1, 4, 361, 0, 111, 0, 0, 24, 1, 1, 0, 32)
25 (1, 4, 200, 0, 173, 0, 0, 0, 1, 1, 0, 226)
26 (1, 4, 103, 0, 184, 0, 0, 0, 1, 1, 0, 223)
27 (1, 4, 43, 0, 253, 0, 0, 0, 0, 1, 0, 77)
28 (1, 4, 0, 37, 356, 0, 0, 0, 0, 1, 0, 190)
29 (1, 4, 0, 90, 307, 0, 0, 27, 0, 1, 0, 17)
30 (1, 4, 0, 209, 302, 0, 0, 25, 0, 1, 0, 203)
31 (1, 4, 0, 243, 321, 0, 0, 43, 0, 1, 0, 243)
32 (1, 4, 0, 155, 321, 21, 0, 81, 0, 0, 0, 154)
