1 (1, 4, 0, 0, 0, 0, 0, 0, 0, 0, 0, 126)
2 (1, 4, 10, 0, 0, 0, 0, 0, 0, 0, 0, 18)
3 (1, 4, 344, 0, 93, 0, 0, 13, 0, 0, 0, 215)
4 (1, 4, 425, 0, 0, 0, 0, 8, 0, 0, 0, 58)
5 (1, 4, 614, 0, 0, 0, 0, 14, 0, 0, 0, 54)
6 (1, 4, 582, 0, 0, 0, 0, 28, 0, 0, 0, 155)
7 (1, 4, 531, 0, 0, 0, 0, 65, 0, 0, 0, 18)
8 (1, 4, 441, 0, 0, 0, 0, 107, 0, 0, 0, 88)
9 (1, 4, 376, 0, 0, 0, 0, 85, 0, 0, 0, 158)
10 (1, 4, 458, 0, 0, 0, 0, 67, 0, 0, 0, 175)
11 (1, 4, 322, 0, 128, 0, 28, 5, 0, 0, 0, 21)
12 (1, 4, 146, 0, 179, 0, 11, 2, 0, 0, 0, 175)
13 (1, 4, 70, 0, 200, 3, 0, 0, 1, 1, 0, 77)
14 (1, 4, 0, 5, 190, 24, 0, 0, 1, 1, 0, 170)
15 (1, 4, 0, 151, 174, 49, 0, 0, 1, 1, 0, 214)
16 (1, 4, 0, 362, 154, 55, 0, 21, 1, 1, 0, 42)
17 (1, 4, 0, 447, 0, 37, 0, 168, 1, 1, 0, 202)
18 (1, 4, 0, 292, 0, 36, 0, 256, 1, 1, 0, 54)
19 (1, 4, 77, 27, 0, 0, 0, 324, 1, 1, 0, 171)
20 (1, 4, 319, 0, 0, 0, 114, 199, 1, 1, 0, 180)
21 (1, 4, 0, 0, 0, 0, 100, 101, 1, 1, 0, 205)
22 (1, 4, 49, 0, 53, 0, 40, 76, 1, 1, 0, 3)
23 (1, 4, 84, 0, 137, 0, 33, 72, 1, 1, 0, 36)
24 (1, 4, 96, 0, 158, 4, 0, 82, 1, 1, 0, 41)
25 (1, 4, 131, 0, 209, 32, 0, 59, 1, 1, 0, 134)
26 (1, 4, 37, 66, 190, 52, 0, 62, 1, 1, 0, 227)
27 (1, 4, 14, 92, 93, 84, 0, 94, 1, 1, 0, 180)
28 (1, 4, 17, 148, 6, 94, 0, 129, 1, 1, 0, 159)
29 (1, 4, 0, 47, 0, 45, 0, 154, 1, 1, 0, 124)
30 (1, 4, 55, 20, 0, 46, 0, 118, 1, 1, 0, 105) [FRAGMENTED]
31 (1, 4, 0, 10, 188, 0, 0, 30, 1, 3, 0, 24)
32 (1, 4, 0, 179, 188, 0, 0, 13, 1, 2, 0, 98)
1 (1, 4, 0, 350, 198, 0, 0, 8, 1, 2, 0, 88)
2 (1, 4, 90, 307, 160, 0, 0, 4, 1, 2, 0, 43)
3 (1, 4, 17, 32, 20, 0, 0, 75, 1, 2, 0, 14)
4 (1, 4, 100, 0, 0, 0, 2, 22, 1, 3, 0, 58)
5 (1, 4, 23, 31, 72, 0, 0, 0, 1, 2, 0, 151)
6 (1, 4, 0, 13, 31, 0, 0, 0, 1, 2, 0, 48)
7 (1, 4, 0, 0, 0, 0, 0, 6, 1, 2, 0, 6)
8 (1, 4, 0, 0, 0, 0, 0, 75, 1, 1, 0, 190)
9 (1, 4, 395, 0, 0, 0, 0, 79, 1, 0, 0, 213)
10 (1, 4, 0, 0, 0, 0, 0, 110, 1, 0, 0, 222)
11 (1, 4, 157, 0, 0, 0, 0, 123, 0, 0, 0, 118)
12 (1, 4, 104, 0, 0, 0, 0, 63, 0, 0, 0, 203)
13 (1, 4, 191, 0, 0, 0, 0, 115, 0, 0, 0, 71)
14 (1, 4, 360, 0, 0, 0, 0, 234, 0, 0, 0, 127)
15 (1, 4, 237, 0, 0, 0, 9, 215, 0, 0, 0, 212)
16 (1, 4, 288, 0, 0, 0, 55, 138, 1, 0, 0, 224)
17 (1, 4, 111, 0, 101, 0, 53, 89, 1, 1, 0, 29)
18 (1, 4, 116, 0, 184, 0, 32, 86, 1, 1, 0, 122)
19 (1, 4, 178, 0, 251, 0, 25, 24, 1, 1, 0, 209)
20 (1, 4, 120, 0, 276, 0, 0, 4, 1, 1, 0, 160)
21 (1, 4, 186, 14, 286, 11, 0, 11, 1, 1, 0, 151)
22 (1, 4, 122, 153, 229, 16, 0, 28, 1, 1, 0, 86)
23 (1, 4, 104, 256, 250, 8, 0, 46, 1, 1, 0, 203)
24 (1, 4, 0, 255, 171, 27, 0, 73, 1, 1, 0, 177)
25 (1, 4, 0, 309, 79, 18, 0, 100, 1, 1, 0, 164)
26 (1, 4, 0, 321, 0, 29, 0, 122, 1, 1, 0, 172)
27 (1, 4, 0, 312, 0, 11, 0, 183, 1, 1, 0, 176)
28 (1, 4, 0, 203, 0, 10, 0, 210, 1, 1, 0, 253)
29 (1, 4, 37, 100, 0, 1, 0, 211, 1, 1, 0, 120)
30 (1, 4, 64, 14, 0, 0, 0, 224, 1, 1, 0, 148)
31 (1, 4, 0, 133, 0, 0, 0, 18, 1, 2, 0, 206)
32 (1, 4, 208, 0, 32, 0, 0, 19, 1, 2, 0, 253)
1 (1, 4, 0, 1, 6, 0, 19, 48, 1, 2, 0, 114)
2 (1, 4, 0, 0, 0, 0, 0, 12, 1, 1, 0, 232)
3 (1, 4, 0, 42, 0, 0, 0, 15, 1, 1, 0, 146)
4 (1, 4, 386, 0, 9, 0, 0, 24, 1, 1, 0, 109)
5 (1, 4, 0, 0, 0, 0, 0, 0, 1, 1, 0, 119)
6 (1, 4, 177, 0, 0, 0, 0, 28, 1, 0, 0, 108)
7 (1, 4, 391, 0, 0, 0, 0, 43, 1, 0, 0, 12)
8 (1, 4, 413, 0, 0, 0, 0, 59, 1, 0, 0, 83)
9 (1, 4, 636, 0, 0, 0, 0, 69, 1, 0, 0, 17)
10 (1, 4, 692, 0, 0, 0, 0, 53, 1, 1, 0, 161)
11 (1, 4, 425, 0, 10, 0, 48, 27, 1, 1, 0, 157)
12 (1, 4, 82, 0, 99, 0, 21, 33, 1, 1, 0, 221)
13 (1, 4, 0, 110, 126, 0, 0, 29, 1, 1, 0, 22)
14 (1, 4, 0, 235, 124, 0, 0, 11, 1, 1, 0, 72)
15 (1, 4, 0, 425, 0, 0, 0, 28, 1, 1, 0, 27)
16 (1, 4, 0, 396, 0, 0, 0, 161, 1, 1, 0, 14)
17 (1, 4, 0, 232, 0, 0, 0, 254, 1, 1, 0, 31)
18 (1, 4, 32, 11, 0, 0, 0, 306, 0, 1, 0, 91)
19 (1, 4, 272, 0, 0, 0, 0, 260, 0, 1, 0, 171)
20 (1, 4, 433, 0, 0, 0, 0, 171, 0, 1, 0, 140)
21 (1, 4, 377, 0, 0, 0, 0, 111, 0, 1, 0, 218)
22 (1, 4, 427, 0, 82, 0, 16, 54, 0, 1, 0, 55)
23 (1, 4, 269, 0, 178, 0, 0, 22, 0, 1, 0, 17)
24 (1, 4, 234, 0, 222, 2, 0, 0, 1, 1, 0, 198)
25 (1, 4, 159, 0, 244, 16, 0, 0, 1, 1, 0, 250)
26 (1, 4, 126, 137, 218, 22, 0, 0, 1, 1, 0, 217)
27 (1, 4, 0, 392, 180, 21, 0, 0, 1, 1, 0, 154)
28 (1, 4, 0, 639, 131, 27, 0, 43, 1, 1, 0, 98)
29 (1, 4, 0, 535, 0, 45, 0, 205, 1, 1, 0, 36)
30 (1, 4, 38, 363, 0, 75, 0, 261, 1, 1, 0, 212)
31 (1, 4, 52, 36, 0, 0, 0, 3, 1, 1, 0, 22)
32 (1, 4, 30, 35, 2, 0, 0, 3, 1, 1, 0, 144)
1 (1, 4, 33, 35, 2, 0, 0, 1, 1, 1, 0, 84)
2 (1, 4, 46, 40, 6, 0, 0, 1, 1, 1, 0, 59)
3 (1, 4, 22, 27, 0, 0, 0, 0, 1, 1, 0, 185)
4 (1, 4, 0, 14, 2, 0, 0, 4, 1, 1, 0, 41)
5 (1, 4, 39, 0, 0, 0, 0, 37, 1, 1, 0, 145)
6 (1, 4, 547, 0, 0, 0, 0, 41, 1, 1, 0, 50)
7 (1, 4, 283, 0, 0, 0, 0, 52, 1, 0, 0, 155)
8 (1, 4, 345, 0, 0, 0, 0, 67, 1, 0, 0, 42)
9 (1, 4, 362, 0, 0, 0, 0, 22, 1, 0, 0, 35)
10 (1, 4, 302, 9, 0, 0, 0, 10, 1, 0, 0, 216)
11 (1, 4, 256, 109, 0, 0, 0, 129, 1, 0, 0, 214)
12 (1, 4, 324, 0, 0, 0, 0, 275, 1, 0, 0, 51)
13 (1, 4, 384, 0, 0, 0, 22, 176, 1, 0, 0, 103)
14 (1, 4, 232, 0, 0, 0, 38, 113, 1, 1, 0, 168)
15 (1, 4, 245, 0, 140, 0, 0, 41, 1, 1, 0, 125)
16 (1, 4, 209, 0, 199, 0, 0, 5, 1, 1, 0, 64)
17 (1, 4, 212, 0, 197, 2, 0, 0, 1, 1, 0, 205)
18 (1, 4, 226, 0, 231, 23, 0, 0, 1, 1, 0, 139)
19 (1, 4, 50, 130, 253, 28, 0, 0, 1, 1, 0, 174)
20 (1, 4, 11, 309, 280, 41, 0, 0, 1, 1, 0, 172)
21 (1, 4, 0, 480, 122, 15, 0, 45, 1, 1, 0, 127)
22 (1, 4, 0, 475, 0, 57, 0, 124, 1, 1, 0, 75)
23 (1, 4, 0, 386, 0, 58, 0, 255, 1, 1, 0, 98)
24 (1, 4, 0, 116, 0, 53, 0, 301, 1, 1, 0, 56)
25 (1, 4, 130, 0, 0, 6, 0, 242, 1, 1, 0, 56)
26 (1, 4, 170, 0, 0, 0, 5, 167, 1, 1, 0, 107)
27 (1, 4, 164, 0, 0, 0, 25, 102, 1, 1, 0, 136)
28 (1, 4, 93, 0, 11, 0, 5, 74, 1, 1, 0, 211)
29 (1, 4, 64, 0, 29, 6, 0, 58, 1, 1, 0, 148)
30 (1, 4, 94, 0, 51, 25, 0, 59, 1, 1, 0, 158)
31 (1, 4, 0, 497, 144, 0, 0, 43, 1, 2, 0, 24)
32 (1, 4, 0, 439, 236, 0, 0, 61, 1, 2, 0, 171)
1 (1, 4, 0, 622, 373, 0, 0, 75, 1, 2, 0, 102)
2 (1, 4, 0, 596, 169, 0, 0, 76, 1, 2, 0, 194)
3 (1, 4, 363, 589, 210, 0, 0, 53, 1, 2, 0, 244)
4 (1, 4, 419, 553, 194, 0, 0, 29, 1, 3, 0, 220)
5 (1, 4, 339, 365, 0, 0, 0, 128, 1, 3, 0, 42)
6 (1, 4, 0, 0, 0, 0, 0, 13, 1, 2, 0, 138)
7 (1, 4, 0, 21, 0, 0, 0, 14, 1, 1, 0, 95)
8 (1, 4, 316, 15, 0, 0, 0, 15, 1, 1, 0, 82)
9 (1, 4, 311, 0, 0, 0, 0, 12, 1, 1, 0, 231)
10 (1, 4, 182, 0, 0, 0, 0, 3, 1, 0, 0, 108)
11 (1, 4, 210, 0, 0, 0, 0, 10, 1, 0, 0, 47)
12 (1, 4, 406, 0, 0, 0, 0, 1, 1, 0, 0, 16)
13 (1, 4, 436, 62, 0, 0, 0, 4, 1, 0, 0, 198)
14 (1, 4, 405, 119, 0, 0, 0, 9, 1, 0, 0, 202)
15 (1, 4, 260, 201, 0, 0, 0, 85, 1, 1, 0, 245)
16 (1, 4, 153, 68, 0, 0, 0, 138, 1, 1, 0, 124)
17 (1, 4, 187, 0, 0, 0, 0, 154, 1, 1, 0, 45)
18 (1, 4, 170, 0, 0, 0, 0, 154, 2, 1, 0, 101)
19 (1, 4, 193, 0, 0, 0, 0, 151, 1, 1, 0, 175)
20 (1, 4, 191, 0, 0, 0, 0, 151, 1, 1, 0, 85)
21 (1, 4, 178, 0, 6, 0, 18, 130, 1, 1, 0, 108)
22 (1, 4, 71, 0, 45, 0, 16, 112, 1, 1, 0, 238)
23 (1, 4, 128, 0, 126, 0, 9, 85, 1, 1, 0, 81)
24 (1, 4, 57, 0, 122, 0, 0, 76, 1, 1, 0, 29)
25 (1, 4, 100, 0, 125, 11, 0, 69, 1, 1, 0, 59)
26 (1, 4, 77, 0, 108, 25, 0, 78, 1, 1, 0, 44)
27 (1, 4, 77, 0, 146, 27, 1, 71, 1, 1, 0, 24)
28 (1, 4, 14, 71, 188, 24, 0, 60, 1, 1, 0, 210)
29 (1, 4, 0, 160, 188, 25, 0, 65, 1, 1, 0, 172)
30 (1, 4, 63, 238, 194, 13, 0, 72, 1, 1, 0, 95)
31 (1, 4, 0, 6, 0, 47, 0, 119, 1, 1, 0, 168)
32 (1, 4, 0, 1, 0, 43, 0, 116, 1, 1, 0, 176)
1 (1, 4, 0, 9, 0, 46, 0, 112, 1, 1, 0, 21)
2 (1, 4, 0, 7, 0, 42, 0, 113, 1, 1, 0, 178)
3 (1, 4, 0, 19, 0, 41, 0, 109, 1, 1, 0, 100)
4 (1, 4, 0, 57, 0, 32, 13, 74, 1, 1, 0, 118)
5 (1, 4, 0, 306, 82, 12, 38, 40, 1, 1, 0, 36)
6 (1, 4, 0, 578, 135, 0, 20, 21, 1, 1, 0, 95)
7 (1, 4, 0, 550, 209, 0, 0, 7, 1, 1, 0, 61)
8 (1, 4, 0, 384, 228, 0, 0, 40, 1, 1, 0, 114)
9 (1, 4, 0, 363, 382, 0, 0, 38, 1, 1, 0, 63)
10 (1, 4, 0, 346, 236, 0, 0, 36, 1, 2, 0, 209)
11 (1, 4, 0, 261, 169, 0, 0, 42, 1, 2, 0, 149)
12 (1, 4, 0, 261, 121, 0, 0, 24, 1, 3, 0, 64)
13 (1, 4, 38, 117, 13, 0, 0, 0, 1, 3, 0, 123)
14 (1, 4, 171, 179, 0, 0, 0, 0, 1, 2, 0, 0)
15 (1, 4, 297, 113, 127, 0, 0, 1, 1, 2, 0, 24)
16 (1, 4, 44, 49, 27, 0, 0, 0, 1, 1, 0, 150)
17 (1, 4, 92, 35, 41, 0, 0, 0, 1, 1, 0, 154)
18 (1, 4, 41, 2, 1, 0, 0, 0, 1, 1, 0, 55)
19 (1, 4, 0, 0, 0, 0, 0, 0, 1, 1, 0, 119)
20 (1, 4, 84, 8, 23, 0, 0, 0, 1, 1, 0, 15)
21 (1, 4, 124, 22, 39, 0, 0, 0, 1, 1, 0, 92)
22 (1, 4, 119, 3, 21, 0, 0, 0, 1, 1, 0, 158)
23 (1, 4, 106, 9, 21, 0, 0, 0, 1, 1, 0, 230)
24 (1, 4, 169, 10, 59, 0, 0, 0, 1, 1, 0, 131)
25 (1, 4, 198, 26, 82, 0, 0, 0, 1, 1, 0, 219)
26 (1, 4, 0, 0, 0, 0, 0, 9, 1, 1, 0, 66)
27 (1, 4, 0, 0, 0, 0, 0, 15, 1, 1, 0, 142)
28 (1, 4, 0, 0, 0, 0, 0, 5, 1, 1, 0, 221)
29 (1, 4, 0, 0, 0, 0, 0, 11, 1, 1, 0, 251)
30 (1, 4, 26, 20, 0, 0, 0, 11, 1, 1, 0, 204)
31 (1, 4, 2, 13, 0, 50, 0, 109, 1, 1, 0, 51)
32 (1, 4, 0, 37, 0, 43, 0, 93, 1, 1, 0, 60)
1 (1, 4, 0, 117, 1, 41, 8, 70, 1, 1, 0, 234)
2 (1, 4, 0, 183, 16, 32, 9, 85, 1, 1, 0, 197)
3 (1, 4, 0, 250, 49, 20, 2, 101, 1, 1, 0, 170)
4 (1, 4, 0, 255, 107, 0, 0, 96, 2, 2, 0, 26)
5 (1, 4, 0, 272, 64, 0, 0, 87, 1, 2, 0, 48)
6 (1, 4, 0, 405, 169, 0, 0, 49, 1, 2, 0, 170)
7 (1, 4, 0, 659, 183, 0, 0, 20, 1, 2, 0, 140)
8 (1, 4, 0, 665, 32, 0, 0, 16, 1, 2, 0, 76)
9 (1, 4, 0, 349, 0, 0, 0, 44, 1, 2, 0, 47)
10 (1, 4, 0, 323, 86, 0, 0, 65, 1, 2, 0, 27)
11 (1, 4, 0, 227, 30, 0, 0, 74, 1, 2, 0, 246)
12 (1, 4, 0, 141, 0, 0, 0, 61, 1, 2, 0, 37)
13 (1, 4, 293, 163, 113, 0, 0, 98, 1, 2, 0, 145)
14 (1, 4, 0, 0, 15, 0, 0, 32, 1, 2, 0, 50)
15 (1, 4, 0, 0, 0, 0, 0, 57, 1, 1, 0, 48)
16 (1, 4, 252, 0, 0, 0, 0, 67, 1, 0, 0, 204)
17 (1, 4, 291, 0, 0, 0, 0, 97, 1, 0, 0, 240)
18 (1, 4, 94, 0, 0, 0, 0, 41, 1, 0, 0, 181)
19 (1, 4, 109, 0, 0, 0, 0, 18, 1, 0, 0, 126)
20 (1, 4, 231, 0, 0, 0, 0, 0, 1, 0, 0, 109)
21 (1, 4, 199, 200, 0, 0, 0, 0, 1, 1, 0, 240)
22 (1, 4, 99, 215, 13, 0, 0, 19, 1, 1, 0, 9)
23 (1, 4, 106, 325, 0, 0, 0, 73, 1, 1, 0, 44)
24 (1, 4, 373, 182, 0, 0, 0, 101, 1, 1, 0, 182)
25 (1, 4, 135, 16, 0, 0, 0, 151, 1, 1, 0, 99)
26 (1, 4, 183, 0, 0, 0, 0, 190, 1, 1, 0, 177)
27 (1, 4, 137, 0, 0, 0, 13, 180, 1, 1, 0, 202)
28 (1, 4, 185, 0, 0, 0, 21, 165, 1, 1, 0, 165)
29 (1, 4, 155, 0, 0, 0, 20, 135, 1, 1, 0, 31)
30 (1, 4, 178, 0, 0, 0, 21, 102, 1, 1, 0, 110)
31 (1, 4, 30, 164, 1, 0, 0, 17, 1, 2, 0, 255)
32 (1, 4, 78, 53, 68, 0, 0, 40, 1, 2, 0, 53)
1 (1, 4, 162, 77, 108, 0, 0, 0, 1, 2, 0, 188)
2 (1, 4, 169, 137, 134, 0, 0, 0, 1, 2, 0, 225)
3 (1, 4, 163, 62, 149, 0, 0, 60, 1, 2, 0, 4)
4 (1, 4, 444, 0, 150, 0, 0, 55, 1, 1, 0, 145)
5 (1, 4, 13, 0, 0, 0, 0, 87, 1, 0, 0, 223)
6 (1, 4, 383, 0, 0, 0, 0, 81, 1, 0, 0, 163)
7 (1, 4, 280, 0, 0, 0, 0, 93, 1, 0, 0, 88)
8 (1, 4, 224, 0, 0, 0, 0, 97, 1, 0, 0, 124)
9 (1, 4, 307, 0, 0, 0, 0, 52, 1, 1, 0, 71)
10 (1, 4, 245, 0, 47, 0, 0, 31, 1, 1, 0, 119)
11 (1, 4, 153, 0, 60, 0, 0, 14, 1, 1, 0, 185)
12 (1, 4, 44, 0, 60, 0, 0, 24, 1, 1, 0, 162)
13 (1, 4, 3, 1, 0, 22, 0, 60, 1, 1, 0, 136)
14 (1, 4, 0, 47, 0, 20, 0, 119, 1, 1, 0, 171)
15 (1, 4, 0, 3, 0, 44, 0, 172, 1, 1, 0, 118)
16 (1, 4, 0, 0, 0, 10, 0, 221, 1, 1, 0, 237)
17 (1, 4, 0, 0, 0, 7, 23, 183, 1, 1, 0, 44)
18 (1, 4, 20, 0, 0, 4, 37, 138, 1, 1, 0, 157)
19 (1, 4, 74, 0, 0, 16, 45, 100, 2, 1, 0, 4)
20 (1, 4, 32, 0, 50, 16, 47, 76, 2, 2, 0, 140)
21 (1, 4, 14, 0, 103, 20, 21, 67, 2, 2, 0, 111)
22 (1, 4, 18, 0, 123, 36, 1, 58, 1, 2, 0, 134)
23 (1, 4, 1, 47, 129, 32, 0, 63, 1, 1, 0, 13)
24 (1, 4, 0, 105, 130, 31, 0, 61, 1, 2, 0, 51)
25 (1, 4, 0, 149, 114, 22, 0, 81, 1, 2, 0, 108)
26 (1, 4, 0, 205, 43, 19, 0, 126, 1, 2, 0, 170) 
27 (1, 4, 0, 157, 0, 30, 0, 149, 1, 2, 0, 200)
28 (1, 4, 0, 119, 0, 27, 0, 168, 1, 1, 0, 186)
29 (1, 4, 43, 0, 0, 32, 7, 87, 1, 1, 0, 214)
30 (1, 4, 0, 54, 0, 2, 21, 18, 2, 2, 0, 51)
31 (1, 4, 0, 179, 0, 0, 13, 38, 2, 2, 0, 32)
32 (1, 4, 10, 187, 0, 0, 0, 65, 2, 3, 0, 56)
1 (1, 4, 0, 245, 69, 0, 0, 72, 2, 2, 0, 188)
2 (1, 4, 0, 368, 176, 0, 0, 103, 1, 1, 0, 53)
3 (1, 4, 0, 346, 211, 0, 0, 86, 1, 2, 0, 135)
4 (1, 4, 31, 703, 230, 0, 0, 132, 1, 2, 0, 212)
5 (1, 4, 0, 240, 42, 0, 0, 118, 1, 2, 0, 125)
6 (1, 4, 12, 299, 11, 0, 0, 104, 1, 2, 0, 199)
7 (1, 4, 16, 287, 26, 0, 0, 81, 1, 2, 0, 186)
8 (1, 4, 41, 287, 36, 0, 0, 77, 1, 2, 0, 227)
9 (1, 4, 122, 281, 41, 0, 0, 60, 1, 2, 0, 177)
10 (1, 4, 63, 297, 38, 0, 0, 73, 2, 3, 0, 164)
11 (1, 4, 155, 154, 111, 0, 0, 34, 1, 2, 0, 167)
12 (1, 4, 26, 176, 87, 0, 0, 5, 1, 2, 0, 47)
13 (1, 4, 80, 81, 65, 0, 0, 10, 1, 1, 0, 117)
14 (1, 4, 119, 60, 68, 0, 0, 3, 1, 1, 0, 250)
15 (1, 4, 111, 59, 44, 0, 0, 1, 1, 1, 0, 104)
16 (1, 4, 154, 29, 35, 0, 0, 0, 1, 1, 0, 22)
17 (1, 4, 228, 58, 87, 0, 0, 0, 1, 1, 0, 8)
18 (1, 4, 279, 50, 114, 0, 0, 0, 1, 1, 0, 36)
19 (1, 4, 257, 0, 151, 0, 0, 4, 1, 1, 0, 101)
20 (1, 4, 114, 0, 0, 0, 0, 54, 1, 1, 0, 123)
21 (1, 4, 0, 0, 0, 0, 0, 94, 1, 0, 0, 172)
22 (1, 4, 97, 0, 0, 0, 0, 61, 1, 0, 0, 110)
23 (1, 4, 172, 0, 0, 0, 0, 80, 1, 0, 0, 16)
24 (1, 4, 384, 0, 0, 0, 0, 46, 1, 0, 0, 140)
25 (1, 4, 333, 0, 0, 0, 0, 26, 1, 1, 0, 58)
26 (1, 4, 206, 0, 0, 0, 0, 13, 1, 1, 0, 255)
27 (1, 4, 35, 0, 0, 38, 26, 211, 1, 1, 0, 197)
28 (1, 4, 86, 0, 0, 29, 30, 198, 1, 1, 0, 0) [FRAGMENTED]
29 (1, 4, 37, 0, 0, 20, 34, 152, 1, 1, 0, 65)
30 (1, 4, 56, 0, 0, 20, 38, 115, 1, 1, 0, 230)
31 (1, 4, 0, 0, 23, 16, 39, 93, 1, 1, 0, 169)
32 (1, 4, 12, 0, 41, 28, 28, 71, 1, 1, 0, 107)
1 (1, 4, 75, 0, 51, 36, 33, 59, 1, 1, 0, 185)
2 (1, 4, 63, 12, 78, 39, 30, 68, 1, 1, 0, 132)
3 (1, 4, 0, 23, 91, 50, 1, 66, 1, 1, 0, 50)
4 (1, 4, 101, 100, 81, 49, 1, 66, 1, 1, 0, 0)
5 (1, 4, 9, 147, 83, 47, 0, 78, 1, 1, 0, 161)
6 (1, 4, 9, 163, 71, 40, 0, 101, 1, 1, 0, 83)
7 (1, 4, 0, 166, 50, 39, 0, 113, 1, 1, 0, 241)
8 (1, 4, 0, 150, 10, 36, 0, 129, 1, 1, 0, 243)
9 (1, 4, 0, 129, 0, 35, 0, 147, 1, 1, 0, 52)
10 (1, 4, 0, 89, 0, 32, 0, 156, 1, 1, 0, 188)
11 (1, 4, 0, 42, 0, 29, 0, 171, 1, 1, 0, 160)
12 (1, 4, 0, 0, 0, 21, 11, 177, 1, 1, 0, 142)
13 (1, 4, 0, 0, 0, 19, 20, 153, 1, 1, 0, 171)
14 (1, 4, 0, 0, 0, 19, 13, 131, 1, 1, 0, 22)
15 (1, 4, 16, 0, 0, 24, 9, 105, 1, 1, 0, 241)
16 (1, 4, 7, 0, 0, 29, 5, 99, 1, 1, 0, 41)
17 (1, 4, 16, 0, 0, 31, 7, 100, 1, 1, 0, 60)
18 (1, 4, 0, 17, 0, 32, 6, 109, 1, 1, 0, 255)
19 (1, 4, 0, 26, 0, 34, 5, 115, 1, 1, 0, 212)
20 (1, 4, 10, 37, 1, 33, 7, 122, 1, 1, 0, 216)
21 (1, 4, 0, 31, 10, 33, 5, 127, 1, 1, 0, 150)
22 (1, 4, 8, 22, 7, 32, 3, 130, 1, 1, 0, 101)
23 (1, 4, 9, 13, 7, 33, 3, 126, 1, 1, 0, 92)
24 (1, 4, 6, 11, 3, 32, 1, 125, 1, 1, 0, 100)
25 (1, 4, 6, 6, 5, 32, 0, 123, 1, 1, 0, 124)
26 (1, 4, 5, 7, 0, 31, 0, 123, 1, 1, 0, 170) [FRAGMENTED]
27 (1, 4, 0, 0, 0, 0, 0, 105, 1, 0, 0, 205)
28 (1, 4, 82, 0, 0, 0, 0, 80, 1, 0, 0, 255)
29 (1, 4, 222, 0, 0, 0, 0, 70, 1, 0, 0, 189)
30 (1, 4, 366, 0, 0, 0, 0, 69, 0, 0, 0, 137)
31 (1, 4, 394, 0, 0, 0, 0, 77, 0, 0, 0, 0)
32 (1, 4, 324, 0, 0, 0, 24, 62, 1, 0, 0, 191)
1 (1, 4, 284, 0, 81, 0, 38, 39, 0, 0, 0, 106)
2 (1, 4, 132, 0, 164, 0, 13, 19, 0, 0, 0, 236)
3 (1, 4, 32, 114, 185, 28, 0, 0, 1, 0, 0, 189)
4 (1, 4, 0, 207, 97, 62, 0, 104, 1, 0, 0, 20)
5 (1, 4, 0, 133, 0, 106, 0, 176, 1, 0, 0, 112)
6 (1, 4, 17, 61, 0, 86, 0, 246, 1, 1, 0, 247)
7 (1, 4, 96, 0, 0, 16, 21, 290, 1, 1, 0, 224)
8 (1, 4, 120, 0, 0, 0, 95, 209, 1, 1, 0, 92)
9 (1, 4, 110, 0, 0, 0, 81, 123, 1, 1, 0, 48)
10 (1, 4, 153, 0, 74, 0, 51, 61, 1, 1, 0, 165)
11 (1, 4, 135, 0, 196, 8, 27, 0, 1, 1, 0, 43)
12 (1, 4, 111, 45, 248, 3, 0, 0, 1, 1, 0, 107)
13 (1, 4, 42, 146, 209, 17, 0, 0, 1, 1, 0, 216)
14 (1, 4, 0, 226, 124, 62, 0, 10, 1, 1, 0, 53)
15 (1, 4, 0, 313, 0, 111, 0, 77, 1, 1, 0, 171)
16 (1, 4, 0, 259, 0, 126, 0, 197, 1, 1, 0, 94)
17 (1, 4, 0, 82, 0, 118, 0, 251, 1, 1, 0, 64)
18 (1, 4, 118, 0, 0, 62, 5, 187, 1, 1, 0, 183)
19 (1, 4, 44, 0, 0, 32, 22, 113, 1, 1, 0, 109)
20 (1, 4, 76, 0, 0, 29, 6, 74, 0, 1, 0, 191)
21 (1, 4, 23, 0, 0, 37, 1, 59, 0, 1, 0, 210)
22 (1, 4, 0, 19, 0, 53, 0, 74, 0, 1, 0, 199)
23 (1, 4, 2, 48, 2, 66, 0, 86, 0, 1, 0, 52)
24 (1, 4, 0, 42, 28, 70, 0, 117, 0, 1, 0, 158)
25 (1, 4, 0, 13, 10, 72, 0, 122, 0, 1, 0, 19) [FRAGMENTED]
26 (1, 4, 130, 101, 79, 0, 0, 0, 1, 1, 0, 242)
27 (1, 4, 191, 98, 89, 0, 0, 0, 1, 1, 0, 159)
28 (1, 4, 160, 79, 59, 0, 0, 0, 1, 1, 0, 17)
29 (1, 4, 251, 98, 60, 0, 0, 0, 1, 1, 0, 225)
30 (1, 4, 552, 120, 70, 0, 0, 0, 1, 1, 0, 221)
31 (1, 4, 566, 28, 0, 0, 0, 0, 1, 1, 0, 120)
32 (1, 4, 654, 0, 0, 0, 0, 0, 1, 1, 0, 50)
1 (1, 4, 734, 0, 0, 0, 0, 0, 1, 1, 0, 91)
2 (1, 4, 531, 0, 0, 0, 0, 65, 1, 1, 0, 27)
3 (1, 4, 409, 0, 0, 0, 0, 174, 0, 0, 0, 250)
4 (1, 4, 328, 0, 0, 0, 0, 155, 1, 0, 0, 50)
5 (1, 4, 415, 0, 0, 0, 0, 136, 0, 0, 0, 179)
6 (1, 4, 424, 0, 33, 0, 5, 129, 0, 0, 0, 123)
7 (1, 4, 321, 0, 81, 0, 27, 107, 0, 0, 0, 76)
8 (1, 4, 272, 0, 180, 0, 20, 71, 0, 0, 0, 130)
9 (1, 4, 110, 0, 193, 0, 1, 26, 1, 1, 0, 10)
10 (1, 4, 101, 0, 188, 11, 0, 0, 1, 1, 0, 68)
11 (1, 4, 27, 0, 121, 34, 0, 0, 1, 1, 0, 112)
12 (1, 4, 0, 54, 119, 88, 0, 0, 1, 1, 0, 38)
13 (1, 4, 0, 210, 36, 92, 0, 0, 1, 1, 0, 255)
14 (1, 4, 0, 293, 0, 112, 0, 75, 1, 1, 0, 61)
15 (1, 4, 0, 278, 0, 135, 0, 135, 1, 1, 0, 45)
16 (1, 4, 0, 182, 0, 119, 0, 172, 1, 1, 0, 64)
17 (1, 4, 0, 71, 0, 72, 32, 187, 1, 1, 0, 162)
18 (1, 4, 0, 0, 0, 47, 43, 166, 1, 1, 0, 155)
19 (1, 4, 0, 0, 0, 41, 37, 127, 1, 1, 0, 32)
20 (1, 4, 0, 0, 0, 31, 14, 119, 1, 1, 0, 209)
21 (1, 4, 0, 0, 0, 49, 1, 79, 1, 1, 0, 179)
22 (1, 4, 12, 0, 0, 58, 0, 80, 1, 1, 0, 113)
23 (1, 4, 66, 0, 0, 75, 27, 77, 1, 1, 0, 36)
24 (1, 4, 28, 0, 0, 93, 26, 81, 1, 1, 0, 153)
25 (1, 4, 14, 30, 91, 83, 18, 68, 0, 1, 0, 227)
