1 (1, 4, 298, 0, 0, 0, 14, 61, 1, 0, 0, 87)
2 (1, 4, 333, 0, 0, 0, 39, 8, 1, 0, 0, 94)
3 (1, 4, 202, 0, 198, 0, 46, 0, 1, 1, 0, 33)
4 (1, 4, 0, 0, 213, 0, 0, 0, 1, 1, 0, 200)
5 (1, 4, 0, 153, 238, 28, 0, 0, 1, 1, 0, 91)
6 (1, 4, 0, 472, 96, 58, 0, 6, 1, 1, 0, 211)
7 (1, 4, 0, 478, 0, 44, 0, 216, 12, 10, 0, 246)
8 (1, 4, 68, 190, 0, 71, 0, 290, 1, 2, 0, 100)
9 (1, 4, 121, 0, 0, 37, 0, 267, 1, 1, 0, 136)
10 (1, 4, 225, 0, 0, 0, 50, 209, 1, 1, 0, 155)
11 (1, 4, 120, 0, 1, 0, 54, 128, 1, 1, 0, 46)
12 (1, 4, 68, 0, 86, 0, 9, 86, 1, 1, 0, 209)
13 (1, 4, 116, 0, 126, 0, 0, 48, 1, 1, 0, 36)
14 (1, 4, 73, 0, 154, 11, 0, 32, 1, 1, 0, 229)
15 (1, 4, 41, 1, 225, 29, 0, 15, 1, 1, 0, 142)
16 (1, 4, 0, 131, 208, 50, 0, 31, 1, 1, 0, 209)
17 (1, 4, 0, 215, 149, 50, 0, 75, 1, 1, 0, 59)
18 (1, 4, 0, 217, 68, 50, 0, 104, 1, 1, 0, 25)
19 (1, 4, 0, 244, 0, 61, 0, 124, 1, 1, 0, 161)
20 (1, 4, 0, 202, 0, 47, 0, 149, 1, 1, 0, 148)
21 (1, 4, 0, 150, 0, 43, 0, 148, 2, 1, 0, 26)
22 (1, 4, 0, 86, 0, 30, 0, 140, 2, 2, 0, 97)
23 (1, 4, 26, 28, 0, 21, 0, 127, 2, 2, 0, 178)
24 (1, 4, 0, 0, 0, 26, 0, 112, 2, 2, 0, 106)
25 (1, 4, 44, 0, 0, 20, 0, 106, 2, 2, 0, 223)
26 (1, 4, 20, 4, 0, 20, 0, 103, 2, 2, 0, 18)
27 (1, 4, 0, 4, 0, 24, 0, 104, 2, 2, 0, 183)
28 (1, 4, 12, 3, 0, 25, 0, 106, 2, 2, 0, 91)
29 (1, 4, 0, 4, 0, 29, 0, 104, 2, 2, 0, 212)
30 (1, 4, 0, 0, 0, 31, 0, 107, 2, 2, 0, 86)
31 (1, 4, 7, 3, 0, 30, 0, 106, 2, 2, 0, 100)
32 (1, 4, 1, 0, 0, 32, 0, 106, 2, 2, 0, 60)
1 (1, 4, 2, 19, 0, 0, 0, 1, 1, 1, 0, 13)
2 (1, 4, 119, 22, 53, 0, 0, 12, 1, 1, 0, 241)
3 (1, 4, 628, 146, 230, 0, 0, 47, 1, 1, 0, 53)
4 (1, 4, 857, 0, 306, 0, 0, 6, 1, 1, 0, 89)
5 (1, 4, 331, 0, 25, 0, 0, 0, 1, 1, 0, 201)
6 (1, 4, 100, 0, 0, 0, 0, 12, 1, 1, 0, 158)
7 (1, 4, 328, 0, 0, 0, 0, 19, 1, 1, 0, 57)
8 (1, 4, 228, 0, 0, 0, 0, 74, 2, 2, 0, 25)
9 (1, 4, 323, 0, 0, 0, 0, 119, 2, 1, 0, 108)
10 (1, 4, 171, 0, 0, 0, 0, 122, 2, 1, 0, 5)
11 (1, 4, 152, 0, 0, 0, 8, 136, 2, 1, 0, 245)
12 (1, 4, 186, 0, 0, 0, 20, 116, 2, 1, 0, 171)
13 (1, 4, 191, 0, 74, 0, 0, 82, 1, 1, 0, 88)
14 (1, 4, 225, 0, 137, 0, 0, 27, 1, 1, 0, 164)
15 (1, 4, 262, 0, 125, 0, 0, 14, 1, 1, 0, 123)
16 (1, 4, 198, 0, 182, 2, 0, 0, 0, 1, 0, 146)
17 (1, 4, 32, 0, 181, 37, 0, 0, 0, 1, 0, 226)
18 (1, 4, 0, 138, 246, 26, 0, 0, 0, 1, 0, 1)
19 (1, 4, 0, 311, 323, 12, 0, 0, 0, 1, 0, 200)
20 (1, 4, 0, 445, 304, 0, 0, 25, 0, 1, 0, 180)
21 (1, 4, 0, 583, 75, 0, 0, 115, 1, 1, 0, 150)
22 (1, 4, 8, 462, 0, 0, 0, 203, 1, 1, 0, 39)
23 (1, 4, 113, 307, 0, 0, 0, 277, 1, 1, 0, 25)
24 (1, 4, 280, 70, 0, 0, 0, 273, 1, 1, 0, 244)
25 (1, 4, 240, 0, 0, 0, 47, 173, 1, 1, 0, 3)
26 (1, 4, 95, 0, 0, 0, 17, 108, 1, 1, 0, 195)
27 (1, 4, 121, 0, 0, 0, 0, 66, 1, 1, 0, 91)
28 (1, 4, 52, 0, 0, 3, 0, 62, 1, 1, 0, 29)
29 (1, 4, 18, 0, 0, 17, 0, 82, 1, 1, 0, 76)
30 (1, 4, 0, 31, 0, 28, 0, 124, 1, 1, 0, 124) [FRAGMENTED]
31 (1, 4, 0, 254, 36, 65, 0, 113, 2, 2, 0, 203)
32 (1, 4, 0, 270, 0, 85, 0, 170, 2, 2, 0, 180)
1 (1, 4, 0, 179, 0, 50, 0, 222, 2, 2, 0, 12)
2 (1, 4, 102, 26, 0, 17, 0, 231, 2, 2, 0, 44)
3 (1, 4, 203, 0, 0, 0, 47, 200, 2, 2, 0, 19)
4 (1, 4, 169, 0, 39, 0, 73, 168, 1, 2, 0, 30)
5 (1, 4, 27, 0, 128, 0, 18, 153, 1, 1, 0, 31)
6 (1, 4, 108, 0, 171, 0, 0, 101, 1, 2, 0, 138)
7 (1, 4, 81, 0, 141, 0, 0, 54, 1, 1, 0, 41)
8 (1, 4, 96, 0, 138, 13, 0, 34, 1, 1, 0, 216)
9 (1, 4, 0, 0, 67, 51, 0, 44, 1, 2, 0, 139)
10 (1, 4, 54, 87, 53, 76, 0, 68, 1, 2, 0, 3)
11 (1, 4, 0, 105, 36, 75, 0, 114, 1, 2, 0, 175)
12 (1, 4, 2, 79, 52, 69, 0, 136, 1, 2, 0, 237)
13 (1, 4, 0, 32, 1, 61, 0, 137, 1, 2, 0, 166)
14 (1, 4, 67, 10, 0, 56, 0, 126, 1, 2, 0, 120)
15 (1, 4, 19, 1, 0, 48, 0, 114, 1, 2, 0, 29)
16 (1, 4, 35, 4, 0, 46, 0, 111, 1, 2, 0, 139)
17 (1, 4, 6, 7, 0, 47, 0, 109, 1, 1, 0, 185)
18 (1, 4, 9, 15, 0, 47, 0, 113, 1, 1, 0, 28)
19 (1, 4, 9, 12, 0, 46, 0, 116, 1, 2, 0, 204)
20 (1, 4, 7, 8, 0, 46, 0, 116, 1, 1, 0, 255)
21 (1, 4, 0, 6, 0, 45, 0, 117, 1, 1, 0, 47)
22 (1, 4, 5, 5, 0, 47, 0, 116, 1, 2, 0, 157)
23 (1, 4, 8, 3, 0, 46, 0, 117, 1, 1, 0, 17)
24 (1, 4, 9, 6, 0, 47, 0, 115, 1, 1, 0, 163)
25 (1, 4, 22, 5, 0, 46, 0, 117, 1, 1, 0, 18)
26 (1, 4, 12, 5, 0, 47, 0, 115, 1, 1, 0, 77)
27 (1, 4, 7, 2, 0, 46, 0, 117, 1, 1, 0, 254)
28 (1, 4, 0, 2, 0, 47, 0, 115, 1, 1, 0, 7)
29 (1, 4, 0, 2, 0, 46, 0, 114, 1, 1, 0, 199)
30 (1, 4, 8, 5, 0, 47, 0, 110, 1, 2, 0, 91)
31 (1, 4, 0, 0, 0, 0, 0, 7, 1, 1, 0, 100)
32 (1, 4, 0, 0, 0, 0, 0, 0, 1, 1, 0, 119)
1 (1, 4, 4, 0, 0, 0, 0, 0, 1, 1, 0, 79)
2 (1, 4, 0, 0, 0, 0, 0, 2, 1, 1, 0, 206)
3 (1, 4, 0, 0, 0, 0, 0, 17, 1, 1, 0, 123)
4 (1, 4, 0, 0, 0, 0, 0, 4, 1, 0, 0, 105)
5 (1, 4, 0, 0, 0, 0, 0, 18, 1, 0, 0, 118)
6 (1, 4, 0, 0, 0, 0, 0, 17, 1, 0, 0, 16)
7 (1, 4, 95, 5, 35, 0, 0, 5, 1, 1, 0, 196)
8 (1, 4, 18, 179, 0, 0, 0, 77, 1, 1, 0, 244)
9 (1, 4, 336, 0, 0, 0, 0, 134, 1, 1, 0, 90)
10 (1, 4, 245, 0, 0, 0, 0, 167, 1, 1, 0, 194)
11 (1, 4, 300, 0, 0, 0, 0, 175, 1, 1, 0, 40)
12 (1, 4, 343, 0, 0, 0, 0, 128, 1, 1, 0, 188)
13 (1, 4, 319, 0, 0, 0, 0, 71, 1, 1, 0, 94)
14 (1, 4, 295, 0, 22, 0, 0, 19, 1, 1, 0, 35)
15 (1, 4, 193, 0, 125, 0, 0, 0, 1, 1, 0, 233)
16 (1, 4, 199, 0, 178, 3, 0, 0, 1, 1, 0, 191)
17 (1, 4, 116, 19, 199, 24, 0, 0, 1, 1, 0, 184)
18 (1, 4, 94, 217, 188, 6, 0, 0, 1, 1, 0, 127)
19 (1, 4, 41, 484, 223, 0, 0, 7, 1, 1, 0, 142)
20 (1, 4, 0, 651, 187, 0, 0, 79, 1, 1, 0, 27)
21 (1, 4, 0, 542, 0, 0, 0, 175, 1, 1, 0, 13)
22 (1, 4, 54, 464, 0, 0, 0, 206, 1, 1, 0, 155)
23 (1, 4, 199, 299, 0, 0, 0, 262, 1, 1, 0, 104)
24 (1, 4, 253, 0, 0, 0, 0, 248, 1, 1, 0, 221)
25 (1, 4, 74, 0, 0, 0, 25, 187, 1, 1, 0, 219)
26 (1, 4, 48, 0, 0, 0, 14, 141, 1, 2, 0, 247)
27 (1, 4, 51, 0, 0, 0, 3, 88, 1, 2, 0, 8)
28 (1, 4, 0, 0, 32, 0, 0, 61, 1, 2, 0, 6)
29 (1, 4, 75, 0, 78, 14, 0, 56, 1, 2, 0, 53)
30 (1, 4, 42, 0, 63, 44, 0, 53, 1, 1, 0, 177)
31 (1, 4, 0, 442, 0, 0, 6, 48, 3, 3, 0, 159)
32 (1, 4, 75, 510, 0, 0, 90, 139, 2, 3, 0, 134)
1 (1, 4, 0, 426, 158, 0, 191, 200, 1, 2, 0, 65)
2 (1, 4, 0, 379, 410, 0, 106, 264, 1, 2, 0, 195)
3 (1, 4, 0, 79, 484, 0, 0, 356, 3, 3, 0, 24)
4 (1, 4, 0, 0, 234, 27, 0, 267, 2, 2, 0, 128)
5 (1, 4, 166, 0, 0, 47, 0, 152, 1, 1, 0, 126)
6 (1, 4, 76, 0, 0, 4, 0, 124, 3, 3, 0, 112)
7 (1, 4, 0, 0, 0, 0, 0, 102, 3, 3, 0, 77)
8 (1, 4, 24, 0, 0, 0, 0, 39, 2, 2, 0, 78)
9 (1, 4, 0, 0, 0, 1, 0, 16, 2, 2, 0, 160)
10 (1, 4, 25, 0, 0, 3, 0, 14, 1, 2, 0, 83)
11 (1, 4, 0, 121, 0, 18, 27, 6, 2, 2, 0, 128)
12 (1, 4, 92, 265, 0, 0, 82, 55, 1, 2, 0, 4)
13 (1, 4, 0, 232, 0, 24, 74, 128, 1, 2, 0, 149)
14 (1, 4, 0, 223, 87, 40, 30, 200, 1, 2, 0, 152)
15 (1, 4, 0, 40, 74, 50, 0, 194, 1, 2, 0, 133)
16 (1, 4, 0, 0, 44, 42, 0, 151, 1, 2, 0, 179)
17 (1, 4, 0, 0, 4, 38, 0, 123, 1, 2, 0, 132)
18 (1, 4, 1, 0, 4, 39, 0, 105, 1, 2, 0, 255)
19 (1, 4, 0, 9, 0, 35, 0, 110, 1, 2, 0, 198)
20 (1, 4, 5, 22, 0, 33, 0, 112, 1, 2, 0, 235)
21 (1, 4, 14, 47, 0, 37, 0, 110, 2, 2, 0, 3)
22 (1, 4, 26, 53, 0, 31, 0, 126, 2, 2, 0, 111)
23 (1, 4, 0, 35, 0, 31, 0, 132, 2, 2, 0, 219)
24 (1, 4, 9, 14, 0, 32, 0, 132, 2, 2, 0, 0)
25 (1, 4, 10, 14, 0, 32, 0, 127, 2, 2, 0, 35)
26 (1, 4, 1, 4, 4, 30, 0, 125, 2, 2, 0, 220)
27 (1, 4, 0, 1, 9, 31, 0, 121, 2, 2, 0, 161)
28 (1, 4, 0, 3, 3, 31, 0, 120, 2, 2, 0, 128)
29 (1, 4, 3, 7, 0, 32, 0, 119, 2, 2, 0, 177)
30 (1, 4, 0, 12, 0, 32, 0, 121, 2, 2, 0, 238)
31 (1, 4, 220, 0, 23, 0, 0, 35, 1, 1, 0, 30)
32 (1, 4, 0, 0, 0, 0, 0, 69, 1, 1, 0, 152)
1 (1, 4, 135, 0, 0, 0, 0, 83, 1, 1, 0, 184)
2 (1, 4, 104, 0, 0, 0, 0, 63, 1, 1, 0, 194)
3 (1, 4, 73, 0, 0, 0, 0, 87, 1, 1, 0, 5)
4 (1, 4, 230, 0, 0, 0, 0, 125, 1, 1, 0, 127)
5 (1, 4, 176, 0, 12, 0, 77, 142, 2, 1, 0, 236)
6 (1, 4, 84, 0, 160, 0, 65, 147, 1, 1, 0, 117)
7 (1, 4, 149, 0, 259, 0, 0, 160, 2, 1, 0, 223)
8 (1, 4, 0, 0, 188, 0, 0, 198, 2, 2, 0, 253)
9 (1, 4, 0, 0, 0, 0, 0, 136, 1, 1, 0, 23)
10 (1, 4, 57, 0, 0, 0, 0, 76, 1, 1, 0, 244)
11 (1, 4, 81, 0, 0, 0, 0, 52, 1, 1, 0, 23)
12 (1, 4, 29, 0, 0, 7, 0, 25, 1, 1, 0, 106)
13 (1, 4, 35, 0, 0, 1, 0, 21, 1, 1, 0, 196)
14 (1, 4, 0, 0, 0, 6, 2, 0, 2, 2, 0, 220)
15 (1, 4, 0, 176, 0, 5, 7, 0, 1, 2, 0, 99)
16 (1, 4, 0, 310, 0, 10, 13, 48, 1, 1, 0, 105)
17 (1, 4, 0, 420, 71, 7, 84, 90, 1, 1, 0, 113)
18 (1, 4, 0, 468, 228, 0, 89, 191, 1, 1, 0, 39)
19 (1, 4, 18, 310, 318, 0, 47, 270, 1, 1, 0, 192)
20 (1, 4, 0, 158, 396, 0, 0, 289, 1, 1, 0, 10)
21 (1, 4, 0, 0, 387, 0, 0, 238, 1, 1, 0, 40)
22 (1, 4, 0, 0, 232, 3, 0, 166, 1, 1, 0, 249)
23 (1, 4, 0, 0, 131, 13, 0, 123, 1, 1, 0, 29)
24 (1, 4, 29, 0, 0, 16, 0, 95, 1, 1, 0, 73)
25 (1, 4, 15, 0, 0, 17, 0, 70, 1, 1, 0, 76)
26 (1, 4, 0, 0, 0, 24, 0, 69, 1, 1, 0, 151)
27 (1, 4, 0, 0, 0, 30, 0, 57, 1, 1, 0, 125)
28 (1, 4, 0, 25, 0, 31, 0, 65, 1, 1, 0, 216) [FRAGMENTED]
29 (1, 4, 0, 50, 0, 40, 21, 95, 1, 1, 0, 216)
30 (1, 4, 0, 88, 0, 64, 24, 123, 1, 1, 0, 12)
31 (1, 4, 0, 487, 234, 0, 0, 68, 1, 2, 0, 58)
32 (1, 4, 0, 459, 255, 0, 0, 67, 1, 2, 0, 55)
1 (1, 4, 0, 523, 306, 0, 0, 70, 1, 2, 0, 22)
2 (1, 4, 0, 232, 95, 0, 0, 39, 1, 2, 0, 86)
3 (1, 4, 0, 18, 228, 0, 0, 42, 2, 2, 0, 56)
4 (1, 4, 0, 0, 139, 0, 0, 11, 1, 2, 0, 176)
5 (1, 4, 0, 0, 77, 0, 0, 0, 1, 2, 0, 71)
6 (1, 4, 0, 0, 0, 0, 0, 0, 1, 2, 0, 202)
7 (1, 4, 0, 96, 55, 0, 0, 9, 1, 2, 0, 218)
8 (1, 4, 356, 200, 171, 0, 0, 28, 1, 2, 0, 203)
9 (1, 4, 334, 39, 91, 0, 0, 12, 1, 2, 0, 201)
10 (1, 4, 127, 37, 0, 0, 0, 0, 1, 2, 0, 147)
11 (1, 4, 0, 13, 0, 0, 0, 0, 1, 1, 0, 171)
12 (1, 4, 0, 0, 0, 0, 0, 0, 1, 1, 0, 119)
13 (1, 4, 0, 0, 0, 0, 0, 0, 1, 1, 0, 119)
14 (1, 4, 0, 0, 0, 0, 0, 0, 1, 1, 0, 119)
15 (1, 4, 0, 0, 0, 0, 0, 0, 1, 1, 0, 119)
16 (1, 4, 0, 0, 0, 0, 0, 0, 1, 1, 0, 119)
17 (1, 4, 0, 0, 0, 0, 0, 0, 1, 1, 0, 119)
18 (1, 4, 0, 0, 0, 0, 0, 0, 1, 1, 0, 119)
19 (1, 4, 0, 0, 0, 0, 0, 0, 1, 1, 0, 119)
20 (1, 4, 0, 0, 0, 0, 0, 0, 1, 1, 0, 119)
21 (1, 4, 0, 0, 0, 0, 0, 0, 1, 1, 0, 119)
22 (1, 4, 0, 0, 0, 0, 0, 0, 1, 1, 0, 119)
23 (1, 4, 0, 0, 0, 0, 0, 0, 1, 1, 0, 119)
24 (1, 4, 18, 10, 0, 0, 0, 0, 1, 1, 0, 85)
25 (1, 4, 13, 6, 0, 0, 0, 0, 1, 1, 0, 134)
26 (1, 4, 5, 2, 0, 0, 0, 0, 1, 1, 0, 44)
27 (1, 4, 0, 0, 0, 0, 0, 0, 1, 1, 0, 119)
28 (1, 4, 0, 0, 0, 0, 0, 0, 1, 1, 0, 119)
29 (1, 4, 30, 17, 11, 0, 0, 0, 1, 1, 0, 16)
30 (1, 4, 12, 13, 3, 0, 0, 0, 1, 1, 0, 88)
31 (1, 4, 10, 9, 0, 0, 0, 0, 1, 1, 0, 29)
32 (1, 4, 0, 10, 0, 0, 0, 0, 1, 1, 0, 169)
1 (1, 4, 0, 7, 0, 0, 0, 2, 1, 1, 0, 204)
2 (1, 4, 7, 12, 0, 0, 0, 0, 1, 1, 0, 52)
3 (1, 4, 10, 6, 0, 0, 0, 4, 1, 1, 0, 217)
4 (1, 4, 353, 0, 26, 0, 0, 36, 1, 1, 0, 13)
5 (1, 4, 262, 0, 0, 0, 0, 59, 1, 1, 0, 175)
6 (1, 4, 260, 0, 0, 0, 0, 13, 1, 1, 0, 13)
7 (1, 4, 461, 194, 0, 0, 0, 0, 1, 1, 0, 64)
8 (1, 4, 419, 201, 0, 0, 0, 65, 1, 1, 0, 171)
9 (1, 4, 166, 0, 0, 0, 0, 195, 1, 1, 0, 40)
10 (1, 4, 335, 0, 0, 0, 0, 237, 1, 1, 0, 136)
11 (1, 4, 320, 0, 0, 0, 27, 146, 1, 1, 0, 211)
12 (1, 4, 252, 0, 58, 0, 20, 87, 2, 1, 0, 211)
13 (1, 4, 273, 0, 220, 0, 15, 22, 2, 1, 0, 28)
14 (1, 4, 117, 0, 262, 0, 0, 9, 1, 1, 0, 246)
15 (1, 4, 117, 0, 265, 0, 0, 10, 1, 1, 0, 201)
16 (1, 4, 72, 0, 240, 0, 0, 16, 1, 1, 0, 214)
17 (1, 4, 83, 120, 201, 0, 0, 13, 1, 1, 0, 253)
18 (1, 4, 1, 265, 101, 0, 0, 47, 1, 1, 0, 13)
19 (1, 4, 0, 328, 0, 21, 0, 77, 1, 1, 0, 51)
20 (1, 4, 0, 356, 0, 40, 0, 181, 1, 2, 0, 247)
21 (1, 4, 0, 242, 0, 36, 0, 263, 1, 1, 0, 148)
22 (1, 4, 112, 100, 0, 14, 0, 274, 1, 1, 0, 187)
23 (1, 4, 232, 0, 0, 0, 35, 259, 1, 1, 0, 149)
24 (1, 4, 146, 0, 0, 0, 72, 194, 1, 1, 0, 51)
25 (1, 4, 59, 0, 98, 0, 55, 125, 1, 1, 0, 143)
26 (1, 4, 22, 0, 169, 0, 12, 87, 1, 1, 0, 51)
27 (1, 4, 0, 0, 198, 0, 0, 45, 1, 1, 0, 237)
28 (1, 4, 0, 0, 200, 0, 0, 31, 1, 1, 0, 235)
29 (1, 4, 766, 384, 0, 0, 0, 0, 1, 0, 0, 19)
30 (1, 4, 473, 385, 0, 0, 0, 0, 1, 1, 0, 38)
31 (1, 4, 529, 318, 0, 0, 0, 66, 1, 1, 0, 35)
32 (1, 4, 535, 135, 0, 0, 0, 125, 1, 1, 0, 205)
1 (1, 4, 514, 0, 0, 0, 0, 150, 1, 1, 0, 250)
2 (1, 4, 436, 0, 0, 0, 0, 132, 1, 0, 0, 235)
3 (1, 4, 282, 0, 0, 0, 31, 111, 1, 0, 0, 163)
4 (1, 4, 128, 0, 87, 0, 48, 105, 1, 1, 0, 90)
5 (1, 4, 1, 0, 210, 0, 21, 72, 1, 1, 0, 147)
6 (1, 4, 8, 0, 237, 0, 0, 60, 1, 1, 0, 104)
7 (1, 4, 0, 0, 277, 0, 0, 14, 1, 1, 0, 185)
8 (1, 4, 0, 0, 179, 15, 0, 0, 1, 2, 0, 164)
9 (1, 4, 12, 83, 123, 14, 0, 3, 1, 2, 0, 25)
10 (1, 4, 0, 248, 118, 9, 0, 30, 1, 2, 0, 65)
11 (1, 4, 0, 355, 168, 0, 0, 53, 1, 2, 0, 221)
12 (1, 4, 0, 487, 98, 0, 0, 131, 1, 2, 0, 171)
13 (1, 4, 87, 362, 0, 0, 0, 204, 1, 2, 0, 163)
14 (1, 4, 377, 185, 0, 0, 0, 237, 1, 2, 0, 146)
15 (1, 4, 319, 0, 0, 0, 49, 195, 1, 2, 0, 237)
16 (1, 4, 113, 0, 0, 0, 72, 157, 1, 1, 0, 21)
17 (1, 4, 0, 0, 0, 0, 25, 141, 1, 1, 0, 128)
18 (1, 4, 17, 0, 42, 0, 0, 108, 1, 1, 0, 143)
19 (1, 4, 20, 0, 80, 0, 0, 75, 1, 1, 0, 226)
20 (1, 4, 0, 0, 64, 6, 0, 75, 1, 1, 0, 7)
21 (1, 4, 5, 0, 72, 11, 0, 75, 1, 1, 0, 22)
22 (1, 4, 0, 15, 65, 18, 0, 96, 1, 1, 0, 132)
23 (1, 4, 0, 42, 56, 21, 0, 111, 1, 1, 0, 223)
24 (1, 4, 0, 51, 45, 25, 0, 128, 1, 1, 0, 30)
25 (1, 4, 0, 37, 28, 16, 0, 137, 1, 1, 0, 15)
26 (1, 4, 18, 22, 8, 21, 0, 133, 1, 1, 0, 85)
27 (1, 4, 24, 20, 1, 18, 0, 127, 1, 1, 0, 207)
28 (1, 4, 12, 13, 0, 17, 0, 125, 1, 1, 0, 124)
29 (1, 4, 0, 109, 0, 67, 0, 149, 0, 1, 0, 143)
30 (1, 4, 0, 23, 0, 92, 0, 199, 1, 1, 0, 110)
31 (1, 4, 0, 0, 0, 74, 1, 216, 1, 1, 0, 235)
32 (1, 4, 0, 0, 0, 59, 26, 171, 1, 1, 0, 161)
1 (1, 4, 60, 0, 0, 39, 17, 136, 1, 1, 0, 48)
2 (1, 4, 88, 0, 0, 32, 19, 106, 1, 1, 0, 62)
3 (1, 4, 131, 0, 3, 32, 28, 92, 1, 1, 0, 140)
4 (1, 4, 126, 0, 100, 32, 46, 67, 0, 1, 0, 163)
5 (1, 4, 149, 0, 153, 40, 11, 62, 0, 1, 0, 127)
6 (1, 4, 132, 0, 161, 48, 0, 47, 0, 1, 0, 229)
7 (1, 4, 136, 40, 145, 56, 0, 51, 0, 0, 0, 130)
8 (1, 4, 90, 93, 109, 58, 0, 55, 0, 1, 0, 228)
9 (1, 4, 64, 116, 63, 58, 0, 56, 0, 1, 0, 254)
10 (1, 4, 10, 156, 50, 63, 0, 60, 0, 1, 0, 136)
11 (1, 4, 0, 229, 67, 64, 0, 67, 0, 1, 0, 140)
12 (1, 4, 0, 301, 35, 67, 0, 85, 0, 1, 0, 99)
13 (1, 4, 0, 290, 0, 66, 0, 176, 1, 1, 0, 46)
14 (1, 4, 0, 130, 0, 78, 0, 194, 0, 1, 0, 96)
15 (1, 4, 0, 64, 0, 63, 0, 195, 0, 1, 0, 132)
16 (1, 4, 20, 0, 0, 33, 0, 175, 0, 1, 0, 233)
17 (1, 4, 36, 0, 0, 23, 0, 129, 0, 1, 0, 21)
18 (1, 4, 49, 0, 0, 14, 9, 105, 0, 1, 0, 239)
19 (1, 4, 44, 0, 0, 21, 3, 80, 0, 1, 0, 19)
20 (1, 4, 29, 0, 0, 43, 0, 81, 0, 1, 0, 202)
21 (1, 4, 0, 29, 0, 51, 0, 88, 0, 1, 0, 235)
22 (1, 4, 2, 59, 16, 56, 0, 105, 0, 1, 0, 137)
23 (1, 4, 0, 47, 0, 56, 0, 117, 0, 1, 0, 29)
24 (1, 4, 4, 26, 0, 55, 0, 121, 0, 1, 0, 211)
25 (1, 4, 0, 15, 0, 52, 0, 120, 0, 1, 0, 27)
26 (1, 4, 8, 5, 0, 52, 0, 112, 0, 1, 0, 95)
27 (1, 4, 224, 0, 0, 0, 12, 81, 1, 0, 0, 44)
28 (1, 4, 200, 0, 0, 0, 29, 55, 1, 0, 0, 79)
29 (1, 4, 244, 0, 106, 0, 23, 41, 1, 0, 0, 112)
30 (1, 4, 216, 0, 187, 5, 6, 39, 1, 0, 0, 167)
31 (1, 4, 177, 0, 235, 17, 0, 51, 1, 1, 0, 68)
32 (1, 4, 185, 80, 225, 16, 0, 56, 1, 1, 0, 214)
1 (1, 4, 134, 231, 220, 22, 0, 40, 1, 1, 0, 109)
2 (1, 4, 7, 380, 218, 21, 0, 64, 1, 1, 0, 198)
3 (1, 4, 0, 431, 226, 33, 0, 97, 1, 1, 0, 246)
4 (1, 4, 0, 296, 14, 50, 0, 157, 1, 1, 0, 23)
5 (1, 4, 0, 315, 0, 64, 0, 166, 1, 1, 0, 104)
6 (1, 4, 0, 232, 0, 12, 0, 259, 1, 1, 0, 79)
7 (1, 4, 360, 0, 0, 0, 0, 284, 0, 1, 0, 76)
8 (1, 4, 108, 0, 0, 0, 37, 167, 0, 0, 0, 215)
9 (1, 4, 96, 0, 0, 0, 0, 110, 0, 0, 0, 242)
10 (1, 4, 162, 0, 0, 0, 0, 67, 0, 1, 0, 248)
11 (1, 4, 96, 0, 34, 9, 0, 60, 0, 1, 0, 128)
12 (1, 4, 67, 0, 36, 49, 0, 47, 0, 1, 0, 119)
13 (1, 4, 11, 77, 67, 97, 0, 64, 0, 1, 0, 14)
14 (1, 4, 0, 72, 15, 90, 0, 109, 0, 1, 0, 60)
15 (1, 4, 35, 59, 11, 83, 0, 119, 0, 1, 0, 40)
16 (1, 4, 0, 14, 0, 68, 0, 124, 0, 1, 0, 16)
17 (1, 4, 18, 5, 0, 65, 0, 113, 0, 1, 0, 164)
18 (1, 4, 0, 0, 0, 58, 0, 111, 0, 1, 0, 208)
19 (1, 4, 7, 0, 0, 65, 0, 97, 0, 1, 0, 206)
20 (1, 4, 0, 0, 0, 70, 0, 98, 0, 1, 0, 223)
21 (1, 4, 0, 0, 0, 72, 0, 99, 0, 1, 0, 186)
22 (1, 4, 7, 0, 0, 74, 0, 98, 0, 1, 0, 113)
23 (1, 4, 0, 0, 0, 74, 0, 97, 0, 1, 0, 61)
24 (1, 4, 10, 0, 0, 71, 0, 99, 0, 1, 0, 115)
25 (1, 4, 12, 9, 0, 71, 0, 99, 1, 1, 0, 51)
26 (1, 4, 0, 12, 0, 70, 0, 99, 1, 1, 0, 11) [FRAGMENTED]



