0 (1, 4, 0, 0, 0, 0, 48, 12, 1, 0, 0, 11)
1 (1, 4, 0, 0, 3, 0, 44, 15, 1, 0, 0, 113)
2 (1, 4, 0, 0, 7, 0, 33, 15, 1, 0, 0, 116)
3 (1, 4, 0, 0, 13, 0, 26, 20, 1, 0, 0, 122)
4 (1, 4, 0, 1, 9, 0, 18, 17, 1, 0, 0, 250)
5 (1, 4, 0, 21, 12, 0, 13, 28, 1, 0, 0, 231)
6 (1, 4, 3, 0, 2, 0, 3, 31, 1, 0, 0, 128)
7 (1, 4, 49, 0, 0, 0, 3, 28, 1, 0, 0, 242)
8 (1, 4, 41, 0, 0, 0, 2, 33, 1, 0, 0, 41)
9 (1, 4, 0, 0, 0, 0, 2, 34, 1, 0, 0, 246)
10 (1, 4, 0, 0, 0, 0, 0, 35, 1, 0, 0, 219)
11 (1, 4, 0, 0, 0, 0, 0, 100, 1, 0, 0, 141)
12 (1, 4, 0, 0, 0, 0, 0, 226, 2, 0, 0, 109)
13 (1, 4, 0, 0, 0, 0, 198, 186, 2, 0, 0, 46)
14 (1, 4, 0, 0, 0, 0, 272, 12, 2, 1, 0, 216)
15 (1, 4, 0, 0, 748, 0, 187, 0, 2, 1, 0, 139)
16 (1, 4, 0, 192, 715, 0, 0, 0, 2, 0, 0, 143)
17 (1, 4, 873, 873, 0, 0, 0, 0, 3, 1, 0, 234)
18 (1, 4, 273, 122, 0, 0, 0, 405, 7, 3, 0, 34)
19 (1, 4, 0, 0, 0, 0, 75, 288, 4, 2, 0, 255)
20 (1, 4, 0, 0, 0, 0, 148, 94, 2, 0, 0, 88)
21 (1, 4, 0, 0, 420, 0, 222, 0, 2, 1, 0, 166)
22 (1, 4, 0, 0, 873, 0, 174, 0, 2, 0, 0, 153)
23 (1, 4, 344, 335, 845, 0, 0, 0, 2, 0, 0, 28)
24 (1, 4, 773, 873, 486, 0, 62, 0, 1, 0, 0, 195)
25 (1, 4, 557, 873, 117, 0, 0, 0, 1, 0, 0, 70)
26 (1, 4, 510, 728, 0, 0, 10, 0, 1, 0, 0, 95)
27 (1, 4, 285, 244, 0, 0, 36, 50, 1, 0, 0, 102)
28 (1, 4, 263, 69, 0, 0, 53, 15, 1, 0, 0, 51)
29 (1, 4, 107, 37, 0, 0, 54, 0, 1, 0, 0, 4)
30 (1, 4, 0, 28, 0, 9, 32, 0, 1, 0, 0, 254)
31 (1, 4, 0, 67, 62, 34, 0, 0, 1, 0, 0, 220)
0 (1, 4, 486, 0, 0, 0, 0, 34, 1, 1, 0, 18)
1 (1, 4, 384, 0, 0, 0, 0, 91, 0, 1, 0, 24)
2 (1, 4, 220, 0, 0, 0, 40, 85, 0, 0, 0, 186)
3 (1, 4, 87, 0, 0, 0, 41, 39, 0, 0, 0, 58)
4 (1, 4, 0, 0, 44, 0, 32, 0, 0, 0, 0, 111)
5 (1, 4, 105, 0, 236, 0, 6, 0, 0, 0, 0, 73)
6 (1, 4, 175, 0, 440, 0, 27, 0, 0, 0, 0, 168)
7 (1, 4, 109, 0, 771, 0, 21, 0, 0, 0, 0, 53)
8 (1, 4, 0, 0, 873, 0, 0, 0, 1, 0, 0, 214)
9 (1, 4, 0, 0, 873, 0, 0, 0, 1, 1, 0, 189)
10 (1, 4, 167, 297, 873, 0, 0, 0, 1, 1, 0, 100)
11 (1, 4, 465, 450, 873, 0, 52, 0, 0, 0, 0, 165)
12 (1, 4, 752, 0, 415, 0, 0, 0, 0, 0, 0, 75)
13 (1, 4, 759, 62, 0, 0, 91, 0, 1, 0, 0, 251)
14 (1, 4, 207, 808, 0, 0, 105, 0, 1, 0, 0, 44)
15 (1, 4, 223, 359, 0, 0, 28, 72, 1, 0, 0, 148)
16 (1, 4, 189, 112, 0, 0, 53, 17, 1, 0, 0, 86)
17 (1, 4, 120, 42, 0, 0, 8, 31, 1, 0, 0, 53)
18 (1, 4, 88, 0, 0, 0, 6, 0, 1, 0, 0, 20)
19 (1, 4, 0, 0, 17, 17, 0, 0, 2, 0, 0, 185)
20 (1, 4, 0, 0, 107, 19, 0, 0, 2, 0, 0, 110)
21 (1, 4, 0, 0, 153, 16, 0, 0, 2, 0, 0, 235)
22 (1, 4, 0, 0, 59, 1, 0, 0, 2, 0, 0, 35)
23 (1, 4, 43, 0, 0, 0, 0, 0, 2, 0, 0, 31)
24 (1, 4, 73, 19, 36, 0, 0, 0, 2, 0, 0, 84)
25 (1, 4, 212, 45, 173, 0, 0, 0, 2, 0, 0, 153)
26 (1, 4, 189, 0, 329, 0, 0, 0, 2, 0, 0, 64)
27 (1, 4, 0, 0, 346, 0, 0, 0, 2, 0, 0, 240)
28 (1, 4, 0, 0, 363, 0, 0, 0, 2, 0, 0, 229)
29 (1, 4, 18, 0, 360, 0, 0, 0, 2, 0, 0, 162)
30 (1, 4, 0, 0, 221, 0, 0, 0, 2, 0, 0, 185)
31 (1, 4, 91, 0, 304, 0, 0, 0, 2, 0, 0, 109)
0 (1, 4, 0, 87, 60, 0, 0, 0, 2, 0, 0, 57)
1 (1, 4, 132, 113, 62, 0, 0, 0, 2, 0, 0, 78)
2 (1, 4, 0, 324, 16, 0, 97, 84, 2, 0, 0, 244)
3 (1, 4, 0, 0, 0, 0, 0, 27, 1, 0, 0, 67)
4 (1, 4, 61, 2, 0, 0, 0, 0, 2, 0, 0, 182)
5 (1, 4, 201, 0, 0, 0, 7, 0, 2, 0, 0, 48)
6 (1, 4, 222, 0, 0, 0, 25, 3, 2, 0, 0, 201)
7 (1, 4, 113, 0, 10, 0, 38, 0, 1, 0, 0, 51)
8 (1, 4, 0, 20, 0, 0, 27, 0, 1, 0, 0, 104)
9 (1, 4, 0, 119, 0, 0, 20, 0, 1, 0, 0, 88)
10 (1, 4, 0, 7, 0, 0, 12, 39, 1, 0, 0, 142)
11 (1, 4, 24, 0, 0, 0, 0, 69, 1, 0, 0, 99)
12 (1, 4, 0, 0, 0, 0, 0, 43, 2, 0, 0, 151)
13 (1, 4, 0, 0, 0, 0, 0, 70, 2, 0, 0, 51)
14 (1, 4, 0, 0, 0, 0, 0, 81, 2, 0, 0, 243)
15 (1, 4, 0, 84, 0, 0, 0, 77, 1, 1, 0, 74)
16 (1, 4, 224, 199, 0, 0, 0, 61, 1, 1, 0, 158)
17 (1, 4, 279, 0, 0, 0, 114, 58, 1, 1, 0, 254)
18 (1, 4, 10, 0, 0, 0, 226, 29, 1, 1, 0, 89)
19 (1, 4, 28, 0, 521, 0, 189, 0, 0, 1, 0, 200)
20 (1, 4, 0, 0, 873, 0, 68, 0, 0, 1, 0, 38)
21 (1, 4, 0, 356, 873, 0, 0, 0, 0, 1, 0, 161)
22 (1, 4, 873, 703, 0, 0, 0, 0, 0, 1, 0, 253)
23 (1, 4, 226, 196, 0, 0, 0, 351, 1, 1, 0, 46)
24 (1, 4, 28, 0, 0, 0, 28, 202, 1, 1, 0, 228)
25 (1, 4, 58, 0, 0, 0, 307, 21, 0, 0, 0, 92)
26 (1, 4, 199, 0, 417, 0, 335, 0, 0, 1, 0, 197)
27 (1, 4, 0, 293, 873, 0, 70, 0, 0, 0, 0, 247)
28 (1, 4, 392, 368, 629, 0, 0, 0, 1, 0, 0, 180)
29 (1, 4, 281, 796, 0, 0, 0, 0, 1, 1, 0, 203)
30 (1, 4, 122, 457, 0, 0, 0, 45, 1, 1, 0, 53)
31 (1, 4, 0, 153, 0, 0, 0, 0, 1, 0, 0, 122)
0 (1, 4, 0, 9, 39, 18, 0, 0, 2, 0, 0, 110)
1 (1, 4, 0, 0, 43, 26, 0, 0, 2, 0, 0, 114)
2 (1, 4, 0, 0, 33, 24, 0, 0, 2, 0, 0, 223)
3 (1, 4, 0, 47, 55, 17, 0, 0, 2, 0, 0, 69)
4 (1, 4, 168, 105, 42, 5, 0, 0, 2, 0, 0, 81)
5 (1, 4, 463, 162, 131, 0, 0, 0, 2, 0, 0, 154)
6 (1, 4, 568, 169, 258, 0, 15, 0, 2, 0, 0, 247)
7 (1, 4, 341, 139, 550, 0, 10, 0, 2, 0, 0, 139)
8 (1, 4, 137, 137, 706, 0, 0, 0, 2, 0, 0, 73)
9 (1, 4, 0, 71, 635, 0, 0, 24, 2, 0, 0, 197)
10 (1, 4, 456, 0, 467, 0, 0, 0, 2, 0, 0, 199)
11 (1, 4, 54, 55, 508, 0, 0, 0, 2, 0, 0, 44)
12 (1, 4, 0, 20, 576, 0, 0, 0, 2, 0, 0, 64)
13 (1, 4, 0, 126, 563, 0, 0, 0, 1, 0, 0, 184)
14 (1, 4, 0, 461, 0, 0, 0, 0, 1, 0, 0, 167)
15 (1, 4, 0, 39, 0, 0, 0, 0, 1, 0, 0, 220)
16 (1, 4, 14, 12, 0, 0, 3, 0, 1, 0, 0, 170)
17 (1, 4, 0, 28, 0, 0, 0, 0, 1, 0, 0, 20)
18 (1, 4, 304, 0, 0, 0, 0, 0, 1, 0, 0, 57)
19 (1, 4, 258, 89, 0, 0, 0, 0, 1, 0, 0, 230)
20 (1, 4, 295, 305, 0, 0, 0, 0, 1, 0, 0, 0)
21 (1, 4, 465, 149, 0, 0, 0, 67, 1, 0, 0, 64)
22 (1, 4, 174, 0, 0, 0, 9, 92, 1, 0, 0, 43)
23 (1, 4, 0, 0, 0, 0, 30, 76, 1, 0, 0, 147)
24 (1, 4, 0, 0, 0, 0, 74, 27, 0, 0, 0, 8)
25 (1, 4, 0, 0, 27, 0, 68, 0, 0, 0, 0, 255)
26 (1, 4, 25, 0, 308, 0, 68, 0, 0, 0, 0, 155)
27 (1, 4, 0, 0, 571, 0, 63, 0, 0, 0, 0, 99)
28 (1, 4, 0, 0, 873, 0, 0, 0, 1, 0, 0, 214)
29 (1, 4, 664, 691, 239, 0, 0, 0, 1, 0, 0, 135)
30 (1, 4, 307, 742, 0, 0, 0, 142, 1, 0, 0, 189)
31 (1, 4, 385, 52, 0, 0, 0, 211, 1, 1, 0, 109)
0 (1, 4, 260, 138, 873, 0, 0, 0, 1, 0, 0, 51)
1 (1, 4, 873, 267, 279, 0, 0, 0, 1, 0, 0, 99)
2 (1, 4, 750, 854, 0, 0, 0, 0, 0, 0, 0, 8)
3 (1, 4, 563, 873, 0, 0, 0, 0, 0, 0, 0, 32)
4 (1, 4, 94, 308, 0, 0, 0, 0, 1, 0, 0, 189)
5 (1, 4, 0, 266, 0, 0, 30, 0, 1, 0, 0, 114)
6 (1, 4, 0, 240, 0, 0, 25, 0, 2, 0, 0, 166)
7 (1, 4, 50, 167, 0, 0, 15, 0, 2, 0, 0, 233)
8 (1, 4, 152, 120, 0, 0, 20, 0, 2, 0, 0, 202)
9 (1, 4, 63, 113, 0, 0, 0, 0, 2, 0, 0, 82)
10 (1, 4, 0, 0, 0, 16, 0, 0, 2, 0, 0, 77)
11 (1, 4, 45, 1, 0, 24, 0, 0, 2, 0, 0, 129)
12 (1, 4, 0, 22, 39, 24, 0, 0, 2, 0, 0, 120)
13 (1, 4, 7, 0, 26, 21, 0, 0, 2, 0, 0, 232)
14 (1, 4, 0, 0, 17, 22, 0, 0, 2, 0, 0, 228)
15 (1, 4, 0, 0, 14, 17, 0, 0, 2, 0, 0, 159)
16 (1, 4, 33, 0, 7, 13, 0, 0, 2, 0, 0, 13)
17 (1, 4, 69, 6, 16, 0, 0, 0, 2, 0, 0, 205)
18 (1, 4, 212, 35, 49, 0, 0, 0, 2, 0, 0, 241)
19 (1, 4, 272, 120, 201, 0, 0, 0, 2, 0, 0, 233)
20 (1, 4, 165, 69, 279, 0, 0, 0, 2, 0, 0, 117)
21 (1, 4, 48, 0, 322, 0, 0, 0, 2, 0, 0, 20)
22 (1, 4, 0, 0, 461, 0, 0, 0, 2, 0, 0, 155)
23 (1, 4, 0, 0, 575, 0, 0, 0, 2, 0, 0, 216)
24 (1, 4, 0, 0, 473, 0, 0, 0, 2, 0, 0, 186)
25 (1, 4, 0, 0, 180, 0, 0, 0, 2, 0, 0, 148)
26 (1, 4, 0, 0, 215, 0, 0, 0, 2, 0, 0, 42)
27 (1, 4, 0, 0, 248, 0, 0, 0, 2, 0, 0, 141)
28 (1, 4, 0, 79, 173, 0, 0, 0, 2, 0, 0, 241)
29 (1, 4, 14, 167, 69, 0, 0, 0, 2, 0, 0, 30)
30 (1, 4, 0, 137, 0, 0, 0, 0, 2, 0, 0, 189)
31 (1, 4, 87, 0, 0, 0, 0, 110, 2, 0, 0, 59)
0 (1, 4, 101, 0, 0, 0, 24, 65, 1, 0, 0, 186)
1 (1, 4, 0, 0, 0, 0, 96, 130, 1, 0, 0, 56)
2 (1, 4, 0, 0, 61, 0, 104, 71, 1, 0, 0, 107)
3 (1, 4, 0, 0, 296, 0, 82, 0, 1, 0, 0, 110)
4 (1, 4, 0, 0, 528, 0, 83, 0, 1, 0, 0, 205)
5 (1, 4, 0, 0, 746, 0, 113, 0, 1, 0, 0, 42)
6 (1, 4, 0, 0, 873, 0, 79, 0, 1, 0, 0, 101)
7 (1, 4, 0, 0, 516, 0, 0, 0, 1, 0, 0, 248)
8 (1, 4, 256, 615, 486, 0, 0, 0, 1, 0, 0, 72)
9 (1, 4, 553, 784, 124, 0, 0, 0, 1, 0, 0, 112)
10 (1, 4, 297, 433, 0, 0, 0, 0, 1, 0, 0, 85)
11 (1, 4, 169, 379, 0, 0, 54, 0, 1, 0, 0, 135)
12 (1, 4, 238, 326, 0, 0, 60, 0, 2, 0, 0, 206)
13 (1, 4, 310, 180, 0, 0, 39, 32, 2, 0, 0, 7)
14 (1, 4, 84, 34, 0, 0, 31, 44, 2, 0, 0, 86)
15 (1, 4, 6, 0, 0, 2, 0, 4, 2, 0, 0, 213)
16 (1, 4, 0, 0, 43, 5, 0, 0, 2, 0, 0, 32)
17 (1, 4, 0, 0, 56, 0, 0, 0, 2, 0, 0, 135)
18 (1, 4, 0, 0, 33, 4, 0, 0, 2, 0, 0, 172)
19 (1, 4, 0, 0, 54, 0, 0, 0, 2, 0, 0, 74)
20 (1, 4, 0, 12, 38, 0, 0, 0, 2, 0, 0, 92)
21 (1, 4, 0, 0, 0, 0, 0, 0, 2, 0, 0, 186)
22 (1, 4, 25, 13, 8, 0, 0, 0, 2, 0, 0, 68)
23 (1, 4, 16, 10, 3, 1, 0, 0, 2, 0, 0, 32)
24 (1, 4, 62, 29, 7, 0, 0, 0, 2, 0, 0, 145)
25 (1, 4, 42, 34, 0, 1, 0, 0, 2, 0, 0, 161)
26 (1, 4, 62, 48, 0, 2, 0, 0, 2, 0, 0, 84)
27 (1, 4, 19, 47, 0, 13, 0, 0, 2, 0, 0, 160)
28 (1, 4, 29, 30, 0, 12, 0, 0, 2, 0, 0, 253)
29 (1, 4, 28, 18, 0, 11, 0, 0, 2, 0, 0, 199)
30 (1, 4, 32, 14, 6, 15, 0, 0, 2, 0, 0, 173)
31 (1, 4, 52, 25, 11, 15, 0, 0, 2, 0, 0, 96)
0 (1, 4, 125, 0, 201, 0, 0, 0, 2, 0, 0, 112)
1 (1, 4, 265, 0, 218, 0, 0, 0, 2, 0, 0, 32)
2 (1, 4, 410, 0, 152, 0, 0, 0, 2, 0, 0, 19)
3 (1, 4, 467, 0, 147, 0, 0, 0, 1, 0, 0, 69)
4 (1, 4, 542, 0, 35, 0, 0, 0, 1, 0, 0, 233)
5 (1, 4, 176, 0, 36, 0, 0, 1, 1, 0, 0, 81)
6 (1, 4, 121, 101, 22, 0, 0, 20, 1, 0, 0, 74)
7 (1, 4, 274, 110, 40, 0, 0, 16, 1, 0, 0, 54)
8 (1, 4, 235, 0, 14, 0, 5, 38, 1, 0, 0, 31)
9 (1, 4, 10, 0, 46, 0, 18, 0, 1, 0, 0, 52)
10 (1, 4, 0, 46, 48, 0, 5, 3, 1, 0, 0, 167)
11 (1, 4, 0, 0, 7, 0, 0, 15, 1, 0, 0, 0)
12 (1, 4, 39, 0, 0, 0, 0, 10, 1, 0, 0, 162)
13 (1, 4, 348, 0, 0, 0, 0, 0, 1, 0, 0, 63)
14 (1, 4, 725, 0, 0, 0, 0, 0, 1, 0, 0, 82)
15 (1, 4, 440, 58, 0, 0, 0, 3, 1, 0, 0, 71)
16 (1, 4, 224, 189, 0, 0, 0, 52, 1, 0, 0, 62)
17 (1, 4, 208, 0, 0, 0, 0, 96, 1, 1, 0, 239)
18 (1, 4, 200, 0, 0, 0, 0, 115, 1, 1, 0, 202)
19 (1, 4, 198, 0, 0, 0, 0, 100, 1, 1, 0, 94)
20 (1, 4, 75, 0, 0, 0, 13, 83, 1, 1, 0, 55)
21 (1, 4, 0, 0, 10, 0, 10, 52, 1, 1, 0, 208)
22 (1, 4, 0, 0, 116, 0, 15, 21, 1, 1, 0, 131)
23 (1, 4, 0, 0, 290, 0, 0, 0, 1, 1, 0, 251)
24 (1, 4, 0, 0, 354, 0, 0, 0, 1, 1, 0, 0)
25 (1, 4, 137, 0, 510, 0, 10, 0, 1, 1, 0, 52)
26 (1, 4, 89, 0, 728, 0, 24, 0, 1, 1, 0, 87)
27 (1, 4, 78, 63, 873, 0, 0, 0, 1, 0, 0, 25)
28 (1, 4, 634, 392, 873, 0, 0, 0, 1, 0, 0, 71)
29 (1, 4, 837, 792, 0, 0, 0, 26, 1, 1, 0, 180)
30 (1, 4, 524, 115, 0, 0, 0, 135, 1, 1, 0, 90)
31 (1, 4, 261, 5, 0, 0, 0, 146, 1, 1, 0, 204)
0 (1, 4, 4, 0, 317, 0, 0, 0, 1, 0, 0, 142)
1 (1, 4, 180, 0, 496, 0, 0, 0, 1, 0, 0, 192)
2 (1, 4, 5, 141, 727, 0, 0, 0, 1, 0, 0, 221)
3 (1, 4, 132, 404, 738, 0, 0, 0, 1, 0, 0, 15)
4 (1, 4, 436, 771, 873, 0, 0, 0, 1, 0, 0, 46)
5 (1, 4, 161, 558, 216, 0, 0, 0, 1, 0, 0, 2)
6 (1, 4, 825, 443, 106, 0, 0, 0, 1, 0, 0, 249)
7 (1, 4, 155, 648, 0, 0, 11, 0, 2, 0, 0, 24)
8 (1, 4, 0, 506, 0, 0, 0, 0, 2, 0, 0, 160)
9 (1, 4, 30, 311, 0, 0, 0, 0, 2, 0, 0, 74)
10 (1, 4, 76, 189, 0, 0, 14, 0, 2, 0, 0, 213)
11 (1, 4, 9, 139, 0, 0, 0, 0, 2, 0, 0, 174)
12 (1, 4, 0, 100, 0, 0, 0, 0, 2, 0, 0, 33)
13 (1, 4, 0, 12, 0, 0, 0, 0, 2, 0, 0, 211)
14 (1, 4, 0, 8, 8, 6, 0, 0, 2, 0, 0, 247)
15 (1, 4, 0, 0, 7, 12, 0, 0, 2, 0, 0, 219)
16 (1, 4, 0, 0, 0, 8, 0, 0, 2, 0, 0, 66)
17 (1, 4, 4, 0, 0, 11, 0, 0, 2, 0, 0, 91)
18 (1, 4, 9, 6, 11, 7, 0, 0, 2, 0, 0, 41)
19 (1, 4, 7, 6, 7, 7, 0, 0, 2, 0, 0, 159)
20 (1, 4, 8, 15, 0, 0, 0, 0, 2, 0, 0, 123)
21 (1, 4, 6, 0, 0, 0, 0, 0, 2, 0, 0, 158)
22 (1, 4, 18, 0, 9, 0, 0, 0, 2, 0, 0, 110)
23 (1, 4, 120, 0, 67, 0, 0, 0, 2, 0, 0, 36)
24 (1, 4, 218, 0, 123, 0, 0, 0, 2, 0, 0, 215)
25 (1, 4, 258, 0, 222, 0, 0, 0, 2, 0, 0, 28)
26 (1, 4, 230, 0, 289, 0, 0, 0, 2, 0, 0, 242)
27 (1, 4, 107, 0, 318, 0, 0, 0, 2, 0, 0, 135)
28 (1, 4, 0, 0, 307, 0, 0, 0, 2, 0, 0, 221)
29 (1, 4, 0, 0, 266, 0, 0, 0, 2, 0, 0, 116)
30 (1, 4, 0, 0, 292, 0, 0, 0, 2, 0, 0, 71)
31 (1, 4, 0, 0, 253, 0, 0, 0, 2, 0, 0, 71)
0 (1, 4, 145, 0, 0, 0, 0, 87, 1, 0, 0, 98)
1 (1, 4, 0, 0, 0, 0, 0, 85, 1, 0, 0, 32)
2 (1, 4, 0, 0, 0, 0, 0, 68, 1, 0, 0, 44)
3 (1, 4, 40, 0, 0, 0, 0, 52, 1, 0, 0, 172)
4 (1, 4, 180, 0, 0, 0, 34, 19, 1, 0, 0, 92)
5 (1, 4, 6, 0, 0, 0, 43, 3, 1, 0, 0, 25)
6 (1, 4, 2, 0, 0, 0, 39, 0, 1, 0, 0, 101)
7 (1, 4, 76, 0, 127, 0, 38, 0, 1, 0, 0, 226)
8 (1, 4, 158, 0, 379, 0, 54, 0, 1, 0, 0, 4)
9 (1, 4, 60, 0, 696, 0, 50, 0, 1, 0, 0, 127)
10 (1, 4, 93, 0, 835, 0, 0, 0, 1, 0, 0, 148)
11 (1, 4, 0, 565, 873, 0, 0, 0, 1, 0, 0, 215)
12 (1, 4, 554, 800, 804, 0, 0, 0, 1, 0, 0, 30)
13 (1, 4, 671, 756, 2, 0, 0, 0, 1, 0, 0, 174)
14 (1, 4, 65, 847, 0, 0, 0, 0, 1, 0, 0, 129)
15 (1, 4, 0, 498, 0, 0, 0, 0, 1, 0, 0, 181)
16 (1, 4, 0, 358, 0, 0, 25, 0, 1, 0, 0, 50)
17 (1, 4, 0, 249, 0, 0, 24, 7, 1, 0, 0, 108)
18 (1, 4, 119, 220, 35, 2, 5, 30, 1, 0, 0, 6)
19 (1, 4, 81, 9, 46, 27, 0, 29, 1, 0, 0, 243)
20 (1, 4, 0, 0, 22, 69, 0, 0, 2, 0, 0, 2)
21 (1, 4, 0, 0, 55, 83, 0, 0, 2, 0, 0, 221)
22 (1, 4, 0, 0, 68, 67, 0, 0, 2, 0, 0, 235)
23 (1, 4, 89, 0, 62, 60, 0, 0, 2, 0, 0, 123)
24 (1, 4, 45, 0, 39, 52, 0, 0, 2, 0, 0, 66)
25 (1, 4, 43, 0, 29, 56, 0, 0, 2, 0, 0, 240)
26 (1, 4, 31, 22, 23, 49, 0, 0, 2, 0, 0, 77)
27 (1, 4, 5, 21, 11, 50, 0, 0, 2, 0, 0, 165)
28 (1, 4, 1, 17, 0, 45, 0, 0, 2, 0, 0, 18)
29 (1, 4, 0, 0, 0, 53, 0, 0, 2, 0, 0, 199)
0 (1, 4, 467, 0, 0, 0, 0, 60, 1, 0, 0, 157)
1 (1, 4, 445, 0, 0, 0, 17, 23, 1, 0, 0, 86)
2 (1, 4, 263, 0, 28, 0, 21, 0, 1, 1, 0, 221)
3 (1, 4, 51, 0, 314, 0, 7, 0, 1, 0, 0, 14)
4 (1, 4, 86, 0, 389, 0, 0, 0, 1, 0, 0, 55)
5 (1, 4, 332, 0, 480, 0, 0, 0, 1, 0, 0, 118)
6 (1, 4, 0, 0, 603, 0, 0, 0, 1, 0, 0, 37)
7 (1, 4, 0, 0, 819, 0, 2, 0, 1, 0, 0, 51)
8 (1, 4, 0, 0, 805, 0, 0, 0, 1, 1, 0, 164)
9 (1, 4, 158, 273, 859, 0, 27, 0, 1, 0, 0, 39)
10 (1, 4, 0, 118, 784, 0, 26, 0, 1, 0, 0, 165)
11 (1, 4, 805, 0, 315, 0, 0, 0, 1, 0, 0, 48)
12 (1, 4, 409, 513, 6, 0, 78, 0, 1, 0, 0, 86)
13 (1, 4, 351, 728, 21, 0, 49, 0, 1, 0, 0, 244)
14 (1, 4, 363, 663, 0, 0, 23, 0, 1, 0, 0, 112)
15 (1, 4, 611, 435, 0, 0, 16, 0, 1, 0, 0, 94)
16 (1, 4, 31, 75, 0, 0, 29, 0, 2, 0, 0, 54)
17 (1, 4, 0, 105, 0, 14, 0, 1, 2, 0, 0, 152)
18 (1, 4, 12, 9, 0, 25, 0, 0, 2, 0, 0, 228)
19 (1, 4, 0, 0, 0, 31, 0, 0, 2, 0, 0, 232)
20 (1, 4, 0, 0, 17, 41, 0, 0, 2, 0, 0, 95)
21 (1, 4, 0, 0, 5, 58, 0, 0, 2, 0, 0, 168)
22 (1, 4, 0, 26, 58, 52, 0, 0, 2, 0, 0, 117)
23 (1, 4, 0, 25, 0, 58, 0, 0, 2, 0, 0, 5)
24 (1, 4, 56, 0, 0, 55, 0, 0, 2, 0, 0, 174)
25 (1, 4, 0, 0, 2, 52, 0, 0, 2, 0, 0, 247)
26 (1, 4, 0, 0, 16, 46, 0, 0, 2, 0, 0, 150)
27 (1, 4, 0, 0, 0, 49, 0, 0, 2, 0, 0, 187)
28 (1, 4, 0, 0, 15, 45, 0, 0, 2, 0, 0, 145)
29 (1, 4, 0, 0, 0, 47, 0, 0, 2, 0, 0, 246)
30 (1, 4, 0, 0, 17, 46, 0, 0, 2, 0, 0, 2)
0 (1, 4, 250, 0, 379, 0, 0, 0, 2, 0, 0, 77)
1 (1, 4, 337, 0, 480, 0, 0, 0, 2, 0, 0, 118)
2 (1, 4, 244, 0, 358, 0, 0, 19, 2, 0, 0, 165)
3 (1, 4, 0, 259, 234, 0, 0, 83, 1, 0, 0, 182)
4 (1, 4, 0, 22, 92, 0, 0, 91, 1, 0, 0, 182)
5 (1, 4, 541, 0, 0, 0, 0, 34, 1, 0, 0, 166)
6 (1, 4, 0, 0, 0, 0, 41, 93, 1, 0, 0, 127)
7 (1, 4, 0, 47, 0, 0, 0, 102, 1, 0, 0, 71)
8 (1, 4, 0, 0, 0, 0, 0, 80, 1, 1, 0, 225)
9 (1, 4, 0, 0, 0, 0, 17, 81, 1, 1, 0, 194)
10 (1, 4, 0, 0, 0, 0, 77, 32, 1, 1, 0, 151)
11 (1, 4, 0, 0, 0, 0, 117, 0, 1, 1, 0, 127)
12 (1, 4, 136, 0, 86, 0, 88, 0, 1, 1, 0, 185)
13 (1, 4, 0, 0, 364, 0, 42, 0, 1, 1, 0, 243)
14 (1, 4, 171, 0, 661, 0, 0, 0, 1, 1, 0, 57)
15 (1, 4, 0, 487, 689, 0, 0, 0, 1, 1, 0, 142)
16 (1, 4, 423, 873, 258, 0, 0, 0, 1, 1, 0, 144)
17 (1, 4, 364, 108, 0, 0, 0, 223, 2, 1, 0, 24)
18 (1, 4, 0, 0, 0, 0, 0, 122, 1, 0, 0, 120)
19 (1, 4, 0, 0, 0, 0, 84, 67, 1, 0, 0, 67)
20 (1, 4, 105, 0, 0, 0, 228, 0, 1, 1, 0, 135)
21 (1, 4, 231, 0, 623, 0, 163, 0, 1, 1, 0, 82)
22 (1, 4, 0, 573, 395, 0, 0, 0, 1, 1, 0, 110)
23 (1, 4, 378, 299, 0, 0, 0, 123, 1, 0, 0, 43)
24 (1, 4, 118, 0, 0, 0, 0, 130, 1, 0, 0, 165)
25 (1, 4, 0, 0, 0, 0, 65, 84, 1, 0, 0, 156)
26 (1, 4, 4, 0, 175, 0, 147, 0, 1, 0, 0, 72)
27 (1, 4, 0, 0, 650, 0, 103, 0, 1, 0, 0, 187)
28 (1, 4, 0, 0, 721, 0, 30, 0, 1, 0, 0, 18)
29 (1, 4, 453, 178, 588, 0, 17, 0, 1, 0, 0, 36)
30 (1, 4, 25, 446, 856, 0, 42, 0, 1, 0, 0, 32)
31 (1, 4, 315, 427, 591, 0, 0, 0, 1, 0, 0, 14)
0 (1, 4, 523, 182, 0, 0, 0, 0, 2, 0, 0, 201)
1 (1, 4, 870, 362, 0, 0, 0, 0, 2, 0, 0, 172)
2 (1, 4, 607, 85, 0, 0, 0, 0, 2, 0, 0, 0)
3 (1, 4, 208, 0, 0, 0, 0, 39, 1, 0, 0, 210)
4 (1, 4, 0, 0, 0, 0, 21, 46, 1, 0, 0, 132)
5 (1, 4, 0, 0, 0, 0, 155, 2, 1, 0, 0, 94)
6 (1, 4, 0, 0, 0, 0, 175, 0, 1, 0, 0, 140)
7 (1, 4, 0, 0, 174, 0, 184, 0, 1, 1, 0, 200)
8 (1, 4, 0, 0, 700, 0, 96, 0, 0, 0, 0, 65)
9 (1, 4, 0, 218, 862, 0, 0, 0, 1, 0, 0, 143)
10 (1, 4, 165, 821, 415, 0, 0, 0, 0, 0, 0, 244)
11 (1, 4, 219, 562, 0, 0, 0, 8, 0, 0, 0, 137)
12 (1, 4, 393, 203, 0, 0, 0, 100, 0, 0, 0, 111)
13 (1, 4, 339, 0, 0, 0, 40, 117, 0, 0, 0, 86)
14 (1, 4, 328, 0, 0, 0, 94, 44, 0, 0, 0, 244)
15 (1, 4, 241, 0, 408, 0, 72, 0, 0, 0, 0, 127)
16 (1, 4, 0, 0, 520, 0, 56, 0, 1, 0, 0, 83)
17 (1, 4, 653, 0, 557, 0, 127, 0, 1, 0, 0, 66)
18 (1, 4, 210, 545, 533, 0, 14, 0, 1, 0, 0, 25)
19 (1, 4, 397, 873, 239, 0, 0, 0, 0, 0, 0, 237)
20 (1, 4, 556, 873, 58, 0, 27, 0, 1, 0, 0, 37)
21 (1, 4, 259, 607, 35, 0, 48, 0, 1, 0, 0, 95)
22 (1, 4, 94, 356, 6, 0, 8, 1, 1, 0, 0, 48)
23 (1, 4, 32, 144, 0, 0, 9, 0, 1, 0, 0, 3)
24 (1, 4, 0, 72, 0, 0, 0, 0, 1, 0, 0, 44)
25 (1, 4, 0, 31, 25, 8, 0, 0, 2, 0, 0, 197)
26 (1, 4, 0, 48, 17, 43, 0, 0, 2, 0, 0, 194)
27 (1, 4, 0, 1, 43, 53, 0, 0, 3, 0, 0, 233)
28 (1, 4, 0, 0, 24, 56, 0, 0, 3, 0, 0, 253)
29 (1, 4, 0, 3, 39, 53, 0, 0, 3, 0, 0, 102)
30 (1, 4, 0, 0, 0, 46, 0, 0, 3, 0, 0, 139)
31 (1, 4, 45, 24, 12, 50, 0, 0, 3, 0, 0, 73)
0 (1, 4, 12, 0, 103, 0, 0, 0, 2, 0, 0, 18)
1 (1, 4, 66, 0, 151, 0, 0, 0, 2, 0, 0, 68)
2 (1, 4, 46, 0, 186, 0, 0, 0, 2, 0, 0, 202)
3 (1, 4, 216, 0, 212, 0, 0, 0, 1, 0, 0, 59)
4 (1, 4, 470, 0, 304, 0, 0, 0, 1, 0, 0, 154)
5 (1, 4, 830, 0, 336, 0, 0, 0, 1, 0, 0, 176)
6 (1, 4, 873, 35, 146, 0, 0, 0, 1, 0, 0, 145)
7 (1, 4, 54, 0, 131, 0, 38, 293, 2, 0, 0, 205)
8 (1, 4, 3, 40, 169, 0, 0, 0, 2, 0, 0, 254)
9 (1, 4, 341, 0, 0, 0, 0, 8, 2, 0, 0, 13)
10 (1, 4, 189, 0, 0, 0, 0, 0, 2, 0, 0, 206)
11 (1, 4, 71, 0, 0, 0, 0, 0, 1, 0, 0, 191)
12 (1, 4, 263, 211, 0, 0, 0, 0, 1, 1, 0, 100)
13 (1, 4, 393, 141, 0, 0, 0, 0, 1, 1, 0, 195)
14 (1, 4, 396, 0, 0, 0, 27, 98, 1, 1, 0, 186)
15 (1, 4, 61, 0, 0, 0, 93, 70, 1, 1, 0, 91)
16 (1, 4, 0, 0, 0, 0, 86, 27, 1, 1, 0, 166)
17 (1, 4, 0, 0, 95, 0, 76, 0, 1, 1, 0, 146)
18 (1, 4, 0, 0, 442, 0, 49, 0, 1, 1, 0, 56)
19 (1, 4, 0, 0, 873, 0, 0, 0, 1, 1, 0, 189)
20 (1, 4, 241, 832, 253, 0, 0, 0, 1, 1, 0, 148)
21 (1, 4, 125, 471, 0, 0, 0, 306, 1, 1, 0, 121)
22 (1, 4, 207, 0, 0, 0, 0, 243, 1, 1, 0, 106)
23 (1, 4, 0, 0, 0, 0, 0, 52, 1, 1, 0, 112)
24 (1, 4, 0, 0, 0, 0, 0, 0, 1, 1, 0, 119)
25 (1, 4, 159, 0, 0, 0, 25, 0, 1, 1, 0, 229)
26 (1, 4, 112, 0, 175, 9, 63, 0, 1, 1, 0, 73)
27 (1, 4, 6, 0, 479, 0, 61, 0, 1, 1, 0, 241)
28 (1, 4, 337, 219, 873, 0, 36, 0, 1, 1, 0, 190)
29 (1, 4, 863, 687, 873, 0, 67, 0, 1, 0, 0, 205)
30 (1, 4, 366, 331, 411, 0, 0, 0, 1, 0, 0, 221)
31 (1, 4, 671, 137, 46, 0, 24, 0, 1, 0, 0, 199)
0 (1, 4, 157, 0, 42, 0, 0, 0, 2, 0, 0, 100)
1 (1, 4, 186, 0, 32, 0, 0, 0, 2, 0, 0, 26)
2 (1, 4, 276, 0, 101, 0, 0, 0, 2, 0, 0, 175)
3 (1, 4, 309, 0, 224, 0, 0, 0, 2, 0, 0, 93)
4 (1, 4, 516, 0, 367, 0, 0, 0, 2, 0, 0, 135)
5 (1, 4, 345, 0, 429, 0, 0, 0, 2, 0, 0, 139)
6 (1, 4, 15, 214, 410, 0, 0, 0, 2, 0, 0, 244)
7 (1, 4, 0, 255, 347, 0, 0, 0, 2, 0, 0, 244)
8 (1, 4, 0, 281, 160, 0, 0, 0, 2, 0, 0, 55)
9 (1, 4, 193, 3, 0, 0, 0, 55, 2, 0, 0, 145)
10 (1, 4, 284, 40, 0, 0, 0, 0, 2, 0, 0, 97)
11 (1, 4, 351, 30, 0, 0, 0, 0, 2, 0, 0, 238)
12 (1, 4, 463, 0, 0, 0, 0, 0, 2, 0, 0, 126)
13 (1, 4, 346, 28, 0, 0, 0, 0, 1, 0, 0, 19)
14 (1, 4, 203, 0, 0, 0, 0, 10, 1, 0, 0, 177)
15 (1, 4, 283, 0, 0, 0, 0, 59, 1, 0, 0, 98)
16 (1, 4, 87, 0, 0, 0, 22, 50, 2, 1, 0, 205)
17 (1, 4, 0, 0, 0, 0, 21, 38, 2, 1, 0, 163)
18 (1, 4, 0, 0, 0, 0, 32, 0, 2, 1, 0, 220)
19 (1, 4, 0, 0, 163, 0, 60, 0, 2, 1, 0, 207)
20 (1, 4, 0, 0, 443, 0, 70, 0, 2, 1, 0, 240)
21 (1, 4, 0, 2, 873, 0, 119, 0, 2, 1, 0, 140)
22 (1, 4, 0, 576, 684, 0, 0, 0, 2, 0, 0, 163)
23 (1, 4, 619, 642, 0, 0, 0, 0, 2, 0, 0, 51)
24 (1, 4, 410, 250, 0, 0, 0, 112, 3, 1, 0, 224)
25 (1, 4, 330, 0, 0, 0, 0, 92, 2, 0, 0, 84)
26 (1, 4, 194, 0, 0, 0, 92, 47, 2, 0, 0, 223)
27 (1, 4, 153, 0, 0, 0, 123, 0, 2, 0, 0, 233)
28 (1, 4, 16, 0, 385, 0, 142, 0, 2, 0, 0, 134)
29 (1, 4, 0, 0, 873, 0, 159, 0, 2, 0, 0, 104)
30 (1, 4, 0, 175, 873, 0, 2, 0, 1, 0, 0, 86)
31 (1, 4, 111, 0, 668, 0, 0, 0, 1, 0, 0, 222)
0 (1, 4, 146, 0, 0, 0, 0, 0, 2, 0, 0, 83)
1 (1, 4, 63, 0, 0, 0, 0, 0, 2, 0, 0, 199)
2 (1, 4, 304, 0, 0, 0, 0, 0, 2, 0, 0, 159)
3 (1, 4, 313, 0, 0, 0, 0, 0, 2, 0, 0, 225)
4 (1, 4, 304, 0, 0, 1, 0, 0, 2, 0, 0, 128)
5 (1, 4, 328, 0, 0, 20, 0, 0, 1, 0, 0, 108)
6 (1, 4, 312, 0, 0, 24, 0, 0, 1, 0, 0, 70)
7 (1, 4, 138, 0, 0, 18, 0, 0, 1, 1, 0, 199)
8 (1, 4, 63, 0, 0, 29, 0, 0, 2, 1, 0, 192)
9 (1, 4, 263, 0, 0, 14, 0, 0, 1, 1, 0, 229)
10 (1, 4, 413, 0, 191, 0, 0, 0, 1, 1, 0, 239)
11 (1, 4, 77, 0, 437, 0, 31, 0, 1, 1, 0, 115)
12 (1, 4, 0, 0, 609, 0, 26, 0, 1, 1, 0, 234)
13 (1, 4, 0, 0, 652, 0, 0, 0, 1, 1, 0, 222)
14 (1, 4, 0, 0, 506, 0, 0, 0, 1, 1, 0, 50)
15 (1, 4, 0, 161, 327, 0, 0, 0, 1, 1, 0, 66)
16 (1, 4, 224, 837, 102, 0, 0, 0, 1, 1, 0, 156)
17 (1, 4, 721, 873, 0, 0, 0, 0, 1, 1, 0, 110)
18 (1, 4, 873, 433, 0, 0, 0, 0, 1, 1, 0, 179)
19 (1, 4, 481, 0, 0, 0, 93, 73, 1, 1, 0, 148)
20 (1, 4, 473, 0, 0, 0, 124, 12, 1, 1, 0, 88)
21 (1, 4, 132, 0, 348, 0, 102, 0, 1, 1, 0, 103)
22 (1, 4, 0, 0, 630, 0, 85, 0, 1, 1, 0, 195)
23 (1, 4, 0, 0, 652, 0, 46, 0, 1, 1, 0, 3)
24 (1, 4, 228, 0, 572, 0, 0, 0, 1, 1, 0, 205)
25 (1, 4, 414, 682, 599, 0, 0, 0, 1, 1, 0, 223)
26 (1, 4, 247, 651, 184, 0, 0, 0, 1, 1, 0, 141)
27 (1, 4, 0, 733, 25, 0, 0, 0, 1, 1, 0, 210)
28 (1, 4, 256, 618, 0, 0, 29, 0, 2, 0, 0, 52)
29 (1, 4, 236, 476, 0, 0, 22, 4, 2, 0, 0, 39)
30 (1, 4, 193, 244, 0, 0, 22, 7, 2, 1, 0, 63)
31 (1, 4, 141, 116, 25, 29, 0, 10, 2, 0, 0, 123)
0 (1, 4, 0, 246, 0, 0, 0, 0, 1, 0, 0, 138)
1 (1, 4, 0, 246, 0, 0, 0, 18, 1, 0, 0, 224)
2 (1, 4, 40, 107, 0, 0, 0, 79, 1, 0, 0, 61)
3 (1, 4, 175, 0, 0, 0, 15, 94, 1, 0, 0, 141)
4 (1, 4, 103, 0, 0, 0, 96, 77, 1, 0, 0, 106)
5 (1, 4, 261, 0, 140, 0, 143, 0, 1, 0, 0, 166)
6 (1, 4, 55, 0, 751, 0, 87, 0, 1, 0, 0, 241)
7 (1, 4, 0, 109, 873, 0, 0, 0, 1, 0, 0, 75)
8 (1, 4, 37, 786, 203, 0, 0, 0, 2, 0, 0, 98)
9 (1, 4, 274, 638, 0, 0, 0, 54, 2, 1, 0, 120)
10 (1, 4, 150, 207, 0, 0, 0, 163, 2, 1, 0, 126)
11 (1, 4, 175, 0, 0, 0, 12, 73, 1, 0, 0, 198)
12 (1, 4, 21, 0, 0, 0, 124, 21, 1, 0, 0, 3)
13 (1, 4, 0, 0, 162, 4, 144, 0, 1, 0, 0, 241)
14 (1, 4, 0, 0, 568, 0, 64, 0, 1, 0, 0, 129)
15 (1, 4, 0, 0, 587, 0, 0, 0, 1, 0, 0, 90)
16 (1, 4, 459, 499, 251, 0, 0, 0, 1, 0, 0, 112)
17 (1, 4, 256, 717, 0, 0, 0, 30, 1, 0, 0, 120)
18 (1, 4, 355, 120, 0, 0, 0, 128, 1, 0, 0, 91)
19 (1, 4, 211, 0, 0, 0, 0, 84, 1, 0, 0, 145)
20 (1, 4, 128, 0, 0, 0, 8, 41, 1, 0, 0, 92)
21 (1, 4, 160, 0, 0, 0, 85, 0, 1, 0, 0, 203)
22 (1, 4, 5, 0, 306, 0, 97, 0, 1, 0, 0, 183)
23 (1, 4, 0, 0, 685, 0, 61, 0, 1, 0, 0, 12)
24 (1, 4, 0, 0, 873, 0, 42, 0, 1, 0, 0, 232)
25 (1, 4, 443, 80, 472, 0, 0, 0, 1, 0, 0, 56)
26 (1, 4, 425, 722, 459, 0, 0, 0, 1, 0, 0, 161)
27 (1, 4, 404, 832, 342, 0, 0, 0, 1, 0, 0, 208)
28 (1, 4, 672, 629, 0, 0, 0, 0, 1, 0, 0, 72)
29 (1, 4, 302, 449, 0, 0, 0, 0, 1, 0, 0, 95)
0 (1, 4, 39, 0, 0, 0, 0, 0, 2, 0, 0, 87)
1 (1, 4, 175, 0, 0, 0, 0, 0, 2, 0, 0, 50)
2 (1, 4, 232, 0, 0, 0, 0, 0, 2, 0, 0, 145)
3 (1, 4, 236, 0, 0, 0, 0, 0, 2, 0, 0, 169)
4 (1, 4, 119, 0, 0, 0, 0, 0, 2, 0, 0, 62)
5 (1, 4, 0, 0, 0, 0, 0, 0, 2, 0, 0, 186)
6 (1, 4, 0, 0, 0, 0, 0, 0, 2, 0, 0, 186)
7 (1, 4, 0, 0, 0, 0, 5, 0, 2, 0, 0, 32)
8 (1, 4, 0, 0, 0, 0, 0, 0, 2, 1, 0, 209)
9 (1, 4, 0, 0, 46, 0, 0, 0, 2, 1, 0, 226)
10 (1, 4, 0, 0, 0, 0, 0, 0, 2, 1, 0, 209)
11 (1, 4, 330, 666, 44, 0, 0, 0, 2, 1, 0, 89)
12 (1, 4, 498, 754, 19, 0, 0, 0, 2, 1, 0, 49)
13 (1, 4, 578, 647, 0, 0, 0, 0, 1, 1, 0, 40)
14 (1, 4, 619, 74, 0, 0, 0, 134, 1, 1, 0, 68)
15 (1, 4, 327, 0, 0, 0, 69, 162, 1, 1, 0, 196)
16 (1, 4, 0, 0, 172, 0, 91, 15, 1, 1, 0, 182)
17 (1, 4, 0, 0, 456, 0, 89, 0, 1, 1, 0, 187)
18 (1, 4, 0, 0, 873, 0, 0, 0, 2, 1, 0, 27)
19 (1, 4, 379, 708, 606, 0, 0, 0, 1, 1, 0, 223)
20 (1, 4, 370, 873, 98, 0, 0, 0, 1, 1, 0, 130)
21 (1, 4, 386, 549, 0, 0, 0, 101, 1, 1, 0, 82)
22 (1, 4, 255, 168, 0, 0, 0, 147, 1, 1, 0, 217)
23 (1, 4, 274, 0, 0, 0, 53, 139, 1, 0, 0, 246)
24 (1, 4, 328, 0, 0, 0, 136, 122, 1, 1, 0, 29)
25 (1, 4, 176, 0, 481, 0, 137, 0, 1, 1, 0, 244)
26 (1, 4, 0, 0, 873, 0, 28, 0, 1, 0, 0, 113)
27 (1, 4, 117, 0, 708, 0, 0, 0, 1, 0, 0, 106)
28 (1, 4, 787, 488, 575, 0, 0, 0, 1, 1, 0, 247)
29 (1, 4, 873, 873, 422, 0, 0, 0, 1, 0, 0, 102)
30 (1, 4, 873, 873, 63, 0, 99, 0, 1, 0, 0, 1)
31 (1, 4, 463, 583, 0, 0, 11, 0, 1, 0, 0, 222)
0 (1, 4, 0, 0, 873, 0, 56, 0, 1, 0, 0, 159)
1 (1, 4, 0, 0, 559, 0, 0, 0, 1, 0, 0, 1)
2 (1, 4, 873, 654, 356, 0, 0, 0, 1, 0, 0, 228)
3 (1, 4, 873, 873, 46, 0, 0, 0, 1, 0, 0, 118)
4 (1, 4, 659, 873, 0, 0, 0, 0, 1, 0, 0, 144)
5 (1, 4, 202, 649, 0, 0, 39, 0, 1, 0, 0, 67)
6 (1, 4, 0, 144, 0, 0, 47, 0, 2, 0, 0, 126)
7 (1, 4, 36, 201, 0, 0, 55, 0, 2, 0, 0, 33)
8 (1, 4, 103, 192, 0, 0, 57, 2, 2, 0, 0, 213)
9 (1, 4, 26, 25, 0, 0, 31, 52, 2, 0, 0, 122)
10 (1, 4, 0, 0, 70, 0, 0, 0, 2, 0, 0, 48)
11 (1, 4, 0, 0, 75, 37, 0, 0, 2, 0, 0, 204)
12 (1, 4, 0, 31, 90, 15, 0, 0, 2, 0, 0, 216)
13 (1, 4, 0, 0, 58, 15, 0, 0, 2, 0, 0, 13)
14 (1, 4, 0, 0, 16, 22, 0, 0, 2, 0, 0, 112)
15 (1, 4, 41, 51, 14, 19, 0, 0, 2, 0, 0, 99)
16 (1, 4, 21, 107, 44, 14, 0, 0, 2, 0, 0, 224)
17 (1, 4, 0, 78, 6, 0, 0, 0, 2, 0, 0, 76)
18 (1, 4, 1, 30, 0, 2, 0, 0, 2, 0, 0, 239)
19 (1, 4, 115, 34, 208, 0, 0, 0, 2, 0, 0, 220)
20 (1, 4, 1, 0, 311, 0, 0, 0, 2, 0, 0, 141)
21 (1, 4, 0, 0, 308, 0, 0, 0, 2, 0, 0, 56)
22 (1, 4, 0, 0, 207, 0, 0, 0, 2, 0, 0, 233)
23 (1, 4, 327, 0, 259, 0, 0, 0, 2, 0, 0, 253)
24 (1, 4, 590, 0, 431, 0, 0, 0, 2, 0, 0, 104)
25 (1, 4, 499, 0, 538, 0, 0, 0, 2, 0, 0, 71)
26 (1, 4, 0, 0, 613, 0, 0, 0, 2, 0, 0, 207)
27 (1, 4, 0, 0, 678, 0, 0, 0, 2, 0, 0, 126)
28 (1, 4, 0, 0, 550, 0, 0, 0, 2, 0, 0, 143)
29 (1, 4, 77, 0, 0, 0, 0, 0, 2, 0, 0, 117)
30 (1, 4, 0, 125, 0, 0, 1, 0, 2, 0, 0, 63)
31 (1, 4, 0, 97, 0, 0, 0, 0, 1, 0, 0, 232)
0 (1, 4, 128, 248, 0, 0, 3, 0, 2, 0, 0, 182)
1 (1, 4, 178, 0, 0, 0, 32, 12, 2, 0, 0, 6)
2 (1, 4, 26, 0, 0, 0, 39, 0, 2, 0, 0, 83)
3 (1, 4, 20, 0, 42, 0, 26, 0, 2, 0, 0, 185)
4 (1, 4, 38, 0, 24, 0, 33, 6, 2, 0, 0, 34)
5 (1, 4, 4, 0, 0, 0, 33, 7, 2, 0, 0, 229)
6 (1, 4, 14, 0, 0, 0, 32, 0, 2, 0, 0, 227)
7 (1, 4, 3, 0, 13, 0, 31, 0, 2, 0, 0, 242)
8 (1, 4, 32, 0, 50, 0, 32, 9, 2, 0, 0, 235)
9 (1, 4, 292, 0, 117, 0, 12, 34, 2, 0, 0, 205)
10 (1, 4, 790, 0, 195, 0, 0, 44, 2, 0, 0, 247)
11 (1, 4, 765, 0, 220, 0, 70, 42, 2, 0, 0, 45)
12 (1, 4, 0, 0, 0, 0, 141, 45, 1, 0, 0, 146)
13 (1, 4, 0, 0, 0, 0, 116, 78, 1, 0, 0, 14)
14 (1, 4, 0, 0, 0, 0, 58, 59, 1, 0, 0, 89)
15 (1, 4, 0, 0, 0, 0, 33, 42, 0, 0, 0, 248)
16 (1, 4, 49, 0, 0, 0, 74, 0, 0, 0, 0, 126)
17 (1, 4, 35, 0, 0, 0, 149, 0, 0, 0, 0, 128)
18 (1, 4, 189, 0, 0, 0, 207, 0, 0, 0, 0, 141)
19 (1, 4, 400, 165, 873, 0, 227, 0, 0, 0, 0, 71)
20 (1, 4, 0, 705, 873, 0, 43, 0, 0, 0, 0, 9)
21 (1, 4, 0, 504, 403, 0, 0, 0, 0, 0, 0, 97)
22 (1, 4, 617, 823, 0, 0, 0, 0, 0, 0, 0, 195)
23 (1, 4, 635, 321, 0, 0, 0, 127, 1, 1, 0, 162)
24 (1, 4, 571, 0, 0, 0, 34, 99, 1, 0, 0, 32)
25 (1, 4, 163, 0, 0, 0, 225, 21, 0, 0, 0, 157)
26 (1, 4, 0, 0, 76, 0, 294, 0, 0, 0, 0, 104)
27 (1, 4, 0, 0, 798, 0, 231, 0, 0, 0, 0, 96)
28 (1, 4, 0, 0, 873, 0, 150, 0, 0, 0, 0, 20)
29 (1, 4, 0, 0, 873, 0, 0, 0, 0, 0, 0, 180)
30 (1, 4, 833, 57, 392, 0, 3, 0, 1, 0, 0, 163)
31 (1, 4, 485, 804, 434, 0, 0, 0, 0, 0, 0, 35)
0 (1, 4, 0, 69, 289, 0, 0, 0, 2, 0, 0, 97)
1 (1, 4, 0, 142, 275, 0, 0, 0, 2, 0, 0, 38)
2 (1, 4, 258, 70, 265, 0, 0, 0, 2, 0, 0, 229)
3 (1, 4, 260, 93, 165, 0, 0, 0, 2, 0, 0, 123)
4 (1, 4, 380, 204, 0, 0, 0, 0, 2, 0, 0, 181)
5 (1, 4, 475, 220, 0, 0, 0, 0, 2, 0, 0, 44)
6 (1, 4, 417, 323, 0, 0, 0, 0, 2, 0, 0, 218)
7 (1, 4, 216, 158, 0, 0, 0, 0, 1, 0, 0, 116)
8 (1, 4, 195, 0, 0, 0, 0, 2, 1, 0, 0, 43)
9 (1, 4, 27, 0, 0, 0, 33, 30, 1, 1, 0, 116)
10 (1, 4, 0, 0, 0, 0, 148, 44, 1, 1, 0, 27)
11 (1, 4, 0, 0, 287, 0, 164, 13, 1, 1, 0, 150)
12 (1, 4, 0, 0, 873, 0, 155, 0, 1, 0, 0, 45)
13 (1, 4, 0, 0, 873, 0, 0, 0, 1, 0, 0, 214)
14 (1, 4, 873, 246, 18, 0, 0, 0, 1, 0, 0, 236)
15 (1, 4, 89, 701, 0, 0, 0, 0, 1, 0, 0, 184)
16 (1, 4, 585, 0, 0, 0, 59, 99, 1, 0, 0, 175)
17 (1, 4, 0, 0, 0, 0, 145, 113, 1, 0, 0, 60)
18 (1, 4, 38, 0, 90, 0, 133, 0, 1, 0, 0, 70)
19 (1, 4, 0, 0, 582, 0, 32, 0, 1, 0, 0, 33)
20 (1, 4, 168, 157, 160, 0, 0, 0, 1, 0, 0, 13)
21 (1, 4, 0, 694, 216, 0, 0, 0, 1, 0, 0, 13)
22 (1, 4, 302, 643, 0, 0, 0, 0, 1, 0, 0, 153)
23 (1, 4, 381, 678, 0, 0, 0, 0, 1, 0, 0, 79)
24 (1, 4, 171, 414, 0, 0, 28, 0, 1, 0, 0, 138)
25 (1, 4, 37, 477, 118, 0, 0, 18, 2, 0, 0, 240)
26 (1, 4, 0, 286, 104, 0, 0, 13, 2, 0, 0, 195)
27 (1, 4, 0, 2, 0, 0, 0, 9, 4, 1, 0, 194)
28 (1, 4, 0, 0, 0, 19, 0, 0, 3, 0, 0, 14)
29 (1, 4, 77, 0, 0, 45, 0, 0, 3, 0, 0, 101)
30 (1, 4, 57, 41, 0, 61, 0, 0, 3, 0, 0, 192)
31 (1, 4, 104, 55, 20, 56, 0, 0, 2, 0, 0, 226)
0 (1, 4, 0, 0, 766, 0, 0, 0, 2, 0, 0, 70)
1 (1, 4, 0, 0, 551, 0, 0, 0, 2, 0, 0, 27)
2 (1, 4, 0, 0, 522, 0, 0, 0, 2, 0, 0, 147)
3 (1, 4, 0, 0, 450, 0, 0, 0, 2, 0, 0, 194)
4 (1, 4, 0, 0, 450, 0, 0, 0, 2, 0, 0, 194)
5 (1, 4, 0, 118, 365, 0, 0, 0, 2, 0, 0, 3)
6 (1, 4, 0, 178, 229, 0, 0, 0, 2, 0, 0, 75)
7 (1, 4, 0, 77, 40, 0, 0, 0, 2, 0, 0, 167)
8 (1, 4, 0, 48, 0, 0, 8, 0, 2, 0, 0, 216)
9 (1, 4, 0, 6, 0, 0, 11, 14, 1, 0, 0, 199)
10 (1, 4, 146, 0, 0, 0, 77, 89, 1, 0, 0, 23)
11 (1, 4, 0, 2, 28, 0, 53, 0, 1, 0, 0, 254)
12 (1, 4, 0, 96, 46, 0, 18, 0, 1, 0, 0, 25)
13 (1, 4, 0, 128, 0, 0, 17, 0, 1, 0, 0, 225)
14 (1, 4, 0, 62, 8, 0, 21, 19, 1, 0, 0, 173)
15 (1, 4, 0, 0, 74, 0, 37, 8, 1, 0, 0, 9)
16 (1, 4, 0, 0, 65, 0, 8, 58, 1, 0, 0, 147)
17 (1, 4, 0, 0, 0, 0, 2, 77, 1, 0, 0, 235)
18 (1, 4, 0, 214, 0, 0, 0, 98, 1, 0, 0, 21)
19 (1, 4, 0, 2, 0, 0, 0, 76, 1, 0, 0, 171)
20 (1, 4, 0, 0, 0, 0, 0, 56, 1, 0, 0, 132)
21 (1, 4, 0, 0, 0, 0, 51, 34, 1, 0, 0, 7)
22 (1, 4, 0, 0, 0, 0, 167, 13, 1, 0, 0, 13)
23 (1, 4, 0, 0, 40, 0, 211, 45, 1, 0, 0, 159)
24 (1, 4, 0, 0, 457, 0, 177, 0, 1, 0, 0, 166)
25 (1, 4, 0, 0, 747, 0, 142, 0, 1, 0, 0, 177)
26 (1, 4, 0, 1, 656, 0, 0, 0, 1, 0, 0, 157)
27 (1, 4, 0, 451, 464, 0, 0, 0, 1, 0, 0, 139)
28 (1, 4, 218, 523, 75, 0, 0, 0, 1, 0, 0, 86)
29 (1, 4, 678, 626, 0, 0, 0, 0, 1, 0, 0, 110)
30 (1, 4, 870, 129, 0, 0, 0, 0, 1, 0, 0, 196)
31 (1, 4, 576, 0, 0, 0, 70, 15, 1, 0, 0, 99)
0 (1, 4, 552, 138, 44, 0, 27, 0, 1, 0, 0, 163)
1 (1, 4, 158, 798, 472, 0, 129, 0, 1, 0, 0, 41)
2 (1, 4, 180, 773, 873, 0, 0, 0, 1, 0, 0, 155)
3 (1, 4, 295, 808, 806, 0, 7, 0, 1, 0, 0, 170)
4 (1, 4, 127, 446, 685, 0, 7, 0, 2, 0, 0, 166)
5 (1, 4, 228, 344, 403, 0, 0, 28, 2, 0, 0, 73)
6 (1, 4, 153, 0, 0, 0, 8, 0, 2, 0, 0, 240)
7 (1, 4, 348, 82, 64, 0, 0, 14, 2, 0, 0, 203)
8 (1, 4, 247, 74, 85, 0, 0, 42, 2, 0, 0, 202)
9 (1, 4, 0, 0, 20, 10, 0, 0, 2, 0, 0, 93)
10 (1, 4, 0, 0, 40, 19, 0, 0, 2, 0, 0, 46)
11 (1, 4, 28, 35, 10, 7, 0, 0, 2, 0, 0, 198)
12 (1, 4, 84, 121, 35, 9, 0, 0, 2, 0, 0, 111)
13 (1, 4, 150, 213, 54, 0, 0, 0, 2, 0, 0, 23)
14 (1, 4, 135, 242, 60, 0, 0, 0, 2, 0, 0, 170)
15 (1, 4, 321, 262, 162, 0, 0, 0, 2, 0, 0, 77)
16 (1, 4, 0, 129, 61, 0, 0, 0, 2, 0, 0, 249)
17 (1, 4, 0, 30, 0, 0, 0, 0, 2, 0, 0, 223)
18 (1, 4, 0, 0, 0, 22, 0, 0, 2, 0, 0, 15)
19 (1, 4, 0, 0, 0, 50, 0, 0, 2, 0, 0, 154)
20 (1, 4, 0, 0, 0, 62, 0, 0, 2, 0, 0, 30)
21 (1, 4, 0, 0, 0, 66, 0, 0, 2, 0, 0, 81)
22 (1, 4, 0, 0, 0, 45, 0, 0, 2, 0, 0, 200)
23 (1, 4, 146, 0, 9, 44, 0, 0, 2, 0, 0, 22)
24 (1, 4, 256, 0, 0, 33, 0, 0, 1, 0, 0, 232)
25 (1, 4, 627, 0, 0, 0, 0, 0, 2, 0, 0, 2)
26 (1, 4, 680, 0, 0, 0, 0, 0, 2, 0, 0, 28)
27 (1, 4, 518, 0, 0, 0, 0, 0, 2, 0, 0, 154)
28 (1, 4, 459, 0, 0, 0, 0, 0, 2, 1, 0, 45)
29 (1, 4, 352, 0, 0, 0, 34, 0, 2, 1, 0, 98)
30 (1, 4, 301, 0, 129, 0, 82, 0, 1, 1, 0, 252)
31 (1, 4, 72, 0, 419, 0, 106, 0, 1, 1, 0, 67)
0 (1, 4, 495, 435, 0, 0, 0, 180, 1, 0, 0, 13)
1 (1, 4, 79, 0, 0, 0, 10, 99, 1, 0, 0, 126)
2 (1, 4, 1, 0, 0, 0, 65, 80, 1, 0, 0, 231)
3 (1, 4, 185, 0, 0, 0, 97, 4, 1, 0, 0, 75)
4 (1, 4, 139, 0, 407, 0, 106, 0, 1, 0, 0, 121)
5 (1, 4, 313, 0, 873, 0, 100, 0, 1, 1, 0, 18)
6 (1, 4, 0, 307, 873, 0, 0, 0, 1, 0, 0, 72)
7 (1, 4, 873, 86, 602, 0, 0, 0, 1, 0, 0, 210)
8 (1, 4, 430, 873, 277, 0, 0, 0, 1, 0, 0, 31)
9 (1, 4, 515, 592, 0, 0, 0, 0, 1, 0, 0, 37)
10 (1, 4, 242, 381, 0, 0, 23, 0, 1, 0, 0, 79)
11 (1, 4, 0, 0, 0, 0, 39, 0, 2, 0, 0, 223)
12 (1, 4, 0, 34, 0, 0, 39, 0, 2, 0, 0, 112)
13 (1, 4, 0, 0, 0, 0, 10, 0, 2, 0, 0, 137)
14 (1, 4, 0, 107, 0, 0, 0, 0, 2, 0, 0, 144)
15 (1, 4, 20, 60, 0, 0, 0, 0, 3, 0, 0, 202)
16 (1, 4, 6, 0, 2, 4, 0, 0, 3, 0, 0, 175)
17 (1, 4, 0, 43, 38, 9, 0, 0, 3, 0, 0, 25)
18 (1, 4, 39, 32, 21, 9, 0, 0, 3, 0, 0, 165)
19 (1, 4, 46, 35, 4, 9, 0, 0, 3, 0, 0, 232)
20 (1, 4, 113, 45, 45, 0, 0, 0, 2, 0, 0, 140)
21 (1, 4, 150, 34, 69, 0, 0, 0, 2, 0, 0, 245)
22 (1, 4, 244, 14, 139, 0, 0, 0, 2, 0, 0, 203)
23 (1, 4, 270, 0, 225, 0, 0, 0, 2, 0, 0, 140)
24 (1, 4, 20, 0, 227, 0, 0, 0, 2, 0, 0, 45)
25 (1, 4, 0, 0, 246, 0, 0, 0, 2, 0, 0, 64)
26 (1, 4, 31, 0, 274, 0, 0, 0, 2, 0, 0, 13)
27 (1, 4, 0, 0, 299, 0, 0, 0, 2, 0, 0, 30)
28 (1, 4, 34, 0, 437, 0, 0, 0, 2, 0, 0, 134)
29 (1, 4, 0, 0, 356, 0, 0, 0, 2, 0, 0, 188)
30 (1, 4, 0, 0, 339, 0, 0, 0, 2, 0, 0, 216)
31 (1, 4, 0, 0, 238, 0, 0, 0, 2, 0, 0, 131)

