1 (1, 4, 15, 6, 0, 0, 0, 14, 0, 1, 0, 222)
2 (1, 4, 37, 10, 0, 0, 0, 19, 0, 1, 0, 143)
3 (1, 4, 40, 0, 0, 0, 0, 19, 0, 1, 0, 23)
4 (1, 4, 113, 16, 0, 0, 0, 24, 0, 1, 0, 237)
5 (1, 4, 277, 22, 0, 0, 0, 50, 3, 2, 0, 199)
6 (1, 4, 362, 0, 0, 0, 0, 96, 4, 5, 0, 245)
7 (1, 4, 0, 0, 0, 0, 0, 93, 5, 6, 0, 56)
8 (1, 4, 0, 0, 0, 0, 0, 84, 5, 3, 0, 205)
9 (1, 4, 0, 0, 0, 0, 0, 87, 4, 2, 0, 162)
10 (1, 4, 126, 0, 0, 0, 0, 96, 4, 2, 0, 57)
11 (1, 4, 315, 0, 0, 0, 123, 72, 4, 2, 0, 23)
12 (1, 4, 132, 0, 124, 0, 117, 5, 4, 3, 0, 91)
13 (1, 4, 0, 0, 458, 0, 22, 0, 3, 3, 0, 53)
14 (1, 4, 122, 0, 642, 0, 0, 0, 3, 3, 0, 195)
15 (1, 4, 0, 0, 673, 0, 0, 0, 4, 5, 0, 16)
16 (1, 4, 0, 105, 765, 0, 0, 0, 4, 5, 0, 49)
17 (1, 4, 0, 167, 507, 0, 0, 0, 4, 7, 0, 247)
18 (1, 4, 0, 454, 178, 0, 0, 0, 5, 14, 0, 48)
19 (1, 4, 21, 873, 12, 0, 0, 0, 5, 11, 0, 36)
20 (1, 4, 0, 844, 0, 0, 0, 0, 4, 3, 0, 142)
21 (1, 4, 27, 717, 0, 0, 0, 0, 4, 2, 0, 54)
22 (1, 4, 298, 538, 0, 0, 0, 54, 2, 1, 0, 180)
23 (1, 4, 121, 185, 0, 0, 34, 63, 1, 1, 0, 119)
24 (1, 4, 182, 44, 0, 0, 10, 41, 1, 1, 0, 109)
25 (1, 4, 91, 4, 2, 42, 0, 20, 1, 1, 0, 0)
26 (1, 4, 37, 0, 63, 69, 0, 14, 1, 1, 0, 206)
27 (1, 4, 0, 0, 71, 80, 0, 0, 1, 1, 0, 75)
28 (1, 4, 0, 0, 0, 78, 0, 0, 0, 1, 0, 122)
29 (1, 4, 0, 0, 7, 80, 0, 0, 0, 1, 0, 210)
30 (1, 4, 0, 0, 0, 69, 0, 0, 0, 1, 0, 163)
31 (1, 4, 76, 0, 13, 72, 0, 0, 0, 1, 0, 143)
32 (1, 4, 0, 0, 0, 62, 0, 0, 0, 1, 0, 177)
1 (1, 4, 106, 0, 265, 0, 0, 0, 0, 2, 0, 255)
2 (1, 4, 93, 25, 155, 0, 0, 14, 0, 1, 0, 242)
3 (1, 4, 176, 69, 50, 0, 0, 33, 1, 1, 0, 121)
4 (1, 4, 237, 44, 0, 0, 0, 42, 1, 1, 0, 51)
5 (1, 4, 156, 49, 0, 0, 0, 37, 1, 1, 0, 215)
6 (1, 4, 274, 147, 0, 0, 0, 43, 1, 2, 0, 161)
7 (1, 4, 373, 153, 68, 0, 20, 6, 1, 2, 0, 57)
8 (1, 4, 0, 0, 26, 0, 0, 12, 1, 1, 0, 4)
9 (1, 4, 50, 51, 33, 0, 0, 6, 1, 1, 0, 145)
10 (1, 4, 105, 105, 48, 0, 0, 0, 0, 1, 0, 227)
11 (1, 4, 56, 79, 42, 0, 0, 0, 0, 1, 0, 29)
12 (1, 4, 124, 177, 72, 0, 0, 13, 0, 1, 0, 227)
13 (1, 4, 167, 185, 112, 0, 0, 11, 0, 1, 0, 191)
14 (1, 4, 268, 42, 216, 0, 0, 56, 0, 1, 0, 18)
15 (1, 4, 873, 41, 556, 0, 0, 10, 0, 2, 0, 175)
16 (1, 4, 873, 0, 226, 0, 0, 0, 1, 3, 0, 76)
17 (1, 4, 0, 0, 0, 0, 0, 21, 1, 2, 0, 179)
18 (1, 4, 255, 0, 0, 0, 0, 0, 2, 2, 0, 141)
19 (1, 4, 108, 0, 0, 0, 0, 29, 2, 1, 0, 68)
20 (1, 4, 129, 0, 0, 0, 0, 106, 2, 0, 0, 22)
21 (1, 4, 117, 0, 0, 0, 2, 109, 2, 0, 0, 116)
22 (1, 4, 0, 0, 0, 0, 50, 96, 1, 0, 0, 130)
23 (1, 4, 0, 0, 0, 0, 60, 62, 1, 0, 0, 226)
24 (1, 4, 0, 0, 0, 0, 8, 10, 1, 1, 0, 229)
25 (1, 4, 64, 0, 168, 0, 59, 0, 1, 1, 0, 143)
26 (1, 4, 0, 0, 338, 0, 0, 0, 1, 1, 0, 129)
27 (1, 4, 0, 14, 553, 0, 0, 0, 1, 1, 0, 31)
28 (1, 4, 0, 376, 266, 0, 0, 0, 1, 1, 0, 207)
29 (1, 4, 152, 818, 0, 0, 0, 123, 1, 1, 0, 175)
30 (1, 4, 98, 144, 0, 0, 0, 321, 1, 2, 0, 75)
31 (1, 4, 159, 0, 0, 0, 0, 223, 0, 1, 0, 95)
32 (1, 4, 86, 0, 0, 0, 0, 91, 0, 1, 0, 66)
1 (1, 4, 0, 393, 75, 0, 0, 41, 0, 3, 0, 73)
2 (1, 4, 46, 0, 0, 0, 0, 56, 0, 2, 0, 163)
3 (1, 4, 72, 37, 49, 0, 0, 0, 0, 1, 0, 84)
4 (1, 4, 40, 37, 0, 0, 0, 1, 0, 1, 0, 208)
5 (1, 4, 114, 11, 17, 0, 0, 14, 0, 1, 0, 1)
6 (1, 4, 87, 57, 25, 0, 0, 2, 0, 1, 0, 29)
7 (1, 4, 245, 117, 24, 0, 0, 4, 0, 1, 0, 97)
8 (1, 4, 504, 135, 77, 0, 0, 0, 0, 1, 0, 82)
9 (1, 4, 664, 162, 132, 0, 0, 3, 0, 1, 0, 243)
10 (1, 4, 799, 17, 102, 0, 0, 4, 1, 2, 0, 163)
11 (1, 4, 363, 0, 0, 0, 0, 26, 2, 2, 0, 194)
12 (1, 4, 383, 0, 0, 0, 0, 45, 2, 1, 0, 198)
13 (1, 4, 216, 0, 0, 0, 0, 63, 2, 1, 0, 86)
14 (1, 4, 168, 0, 0, 0, 0, 77, 2, 0, 0, 29)
15 (1, 4, 138, 0, 0, 0, 0, 77, 1, 1, 0, 11)
16 (1, 4, 12, 0, 0, 0, 0, 91, 1, 1, 0, 37)
17 (1, 4, 7, 0, 0, 0, 0, 92, 1, 1, 0, 84)
18 (1, 4, 0, 0, 0, 0, 0, 87, 1, 1, 0, 242)
19 (1, 4, 0, 0, 0, 0, 0, 67, 1, 1, 0, 84)
20 (1, 4, 0, 0, 19, 1, 0, 54, 1, 1, 0, 18)
21 (1, 4, 0, 0, 102, 6, 0, 40, 1, 1, 0, 10)
22 (1, 4, 0, 0, 193, 6, 0, 35, 1, 1, 0, 108)
23 (1, 4, 0, 0, 294, 0, 0, 26, 1, 1, 0, 37)
24 (1, 4, 0, 0, 431, 0, 0, 2, 1, 1, 0, 197)
25 (1, 4, 0, 0, 364, 0, 0, 0, 1, 2, 0, 112)
26 (1, 4, 0, 0, 380, 0, 0, 0, 1, 2, 0, 15)
27 (1, 4, 0, 67, 332, 0, 0, 0, 1, 1, 0, 104)
28 (1, 4, 0, 131, 333, 0, 0, 0, 1, 2, 0, 195)
29 (1, 4, 0, 140, 265, 0, 0, 0, 1, 2, 0, 215)
30 (1, 4, 0, 220, 310, 0, 0, 0, 1, 2, 0, 237)
31 (1, 4, 0, 288, 163, 0, 0, 0, 1, 3, 0, 50)
32 (1, 4, 14, 533, 135, 0, 0, 0, 1, 4, 0, 52)
1 (1, 4, 3, 2, 7, 0, 0, 7, 1, 1, 0, 254)
2 (1, 4, 24, 19, 10, 0, 0, 3, 1, 1, 0, 171)
3 (1, 4, 17, 24, 8, 0, 0, 0, 0, 1, 0, 149)
4 (1, 4, 11, 17, 5, 0, 0, 0, 0, 1, 0, 105)
5 (1, 4, 44, 31, 13, 0, 0, 1, 0, 1, 0, 227)
6 (1, 4, 96, 42, 30, 0, 0, 4, 0, 1, 0, 128)
7 (1, 4, 146, 78, 68, 0, 0, 9, 0, 1, 0, 235)
8 (1, 4, 385, 0, 0, 0, 0, 31, 0, 1, 0, 38)
9 (1, 4, 313, 0, 0, 0, 0, 15, 0, 0, 0, 220)
10 (1, 4, 0, 0, 0, 0, 0, 31, 1, 0, 0, 54)
11 (1, 4, 250, 0, 0, 0, 0, 80, 1, 0, 0, 93)
12 (1, 4, 100, 0, 0, 0, 0, 104, 2, 0, 0, 194)
13 (1, 4, 0, 0, 0, 0, 0, 89, 1, 1, 0, 212)
14 (1, 4, 105, 0, 0, 0, 0, 69, 1, 1, 0, 168)
15 (1, 4, 136, 0, 0, 0, 0, 54, 1, 1, 0, 172)
16 (1, 4, 127, 0, 0, 0, 0, 34, 1, 1, 0, 155)
17 (1, 4, 36, 0, 3, 0, 0, 9, 1, 1, 0, 6)
18 (1, 4, 59, 0, 127, 0, 0, 5, 1, 1, 0, 187)
19 (1, 4, 55, 0, 238, 0, 7, 0, 1, 1, 0, 43)
20 (1, 4, 0, 0, 360, 0, 0, 0, 1, 1, 0, 147)
21 (1, 4, 0, 0, 424, 0, 0, 0, 1, 1, 0, 153)
22 (1, 4, 0, 0, 317, 62, 0, 0, 1, 1, 0, 121)
23 (1, 4, 0, 269, 131, 97, 0, 0, 1, 1, 0, 39)
24 (1, 4, 0, 411, 0, 83, 0, 0, 1, 1, 0, 154)
25 (1, 4, 100, 381, 0, 0, 0, 50, 1, 1, 0, 211)
26 (1, 4, 281, 226, 0, 0, 0, 83, 1, 1, 0, 54)
27 (1, 4, 318, 0, 0, 0, 0, 62, 1, 1, 0, 82)
28 (1, 4, 336, 0, 0, 0, 0, 26, 1, 1, 0, 156)
29 (1, 4, 251, 0, 0, 0, 31, 0, 1, 1, 0, 130)
30 (1, 4, 120, 0, 144, 0, 29, 0, 1, 1, 0, 249)
31 (1, 4, 81, 0, 328, 0, 35, 0, 1, 1, 0, 140)
32 (1, 4, 8, 0, 595, 0, 28, 0, 1, 1, 0, 37)
1 (1, 4, 0, 0, 270, 0, 50, 0, 0, 1, 0, 255)
2 (1, 4, 0, 0, 591, 0, 62, 0, 0, 1, 0, 85)
3 (1, 4, 0, 0, 873, 0, 0, 0, 0, 1, 0, 223)
4 (1, 4, 129, 0, 728, 0, 0, 0, 0, 2, 0, 192)
5 (1, 4, 0, 822, 825, 0, 0, 0, 0, 3, 0, 177)
6 (1, 4, 0, 600, 160, 0, 0, 0, 0, 3, 0, 80)
7 (1, 4, 0, 771, 168, 0, 0, 0, 1, 0, 0, 95)
8 (1, 4, 170, 602, 21, 0, 0, 0, 1, 0, 0, 230)
9 (1, 4, 330, 513, 52, 0, 44, 0, 0, 0, 0, 17)
10 (1, 4, 79, 269, 0, 0, 38, 68, 0, 0, 0, 184)
11 (1, 4, 218, 37, 23, 0, 46, 44, 0, 0, 0, 186)
12 (1, 4, 104, 0, 37, 55, 8, 3, 0, 1, 0, 251)
13 (1, 4, 96, 0, 82, 87, 0, 0, 1, 1, 0, 237)
14 (1, 4, 8, 0, 50, 88, 0, 0, 1, 1, 0, 115)
15 (1, 4, 1, 0, 67, 78, 0, 0, 0, 1, 0, 52)
16 (1, 4, 0, 0, 36, 73, 0, 0, 0, 1, 0, 135)
17 (1, 4, 53, 0, 17, 70, 0, 0, 1, 1, 0, 26)
18 (1, 4, 22, 12, 0, 64, 0, 0, 0, 1, 0, 109)
19 (1, 4, 0, 0, 0, 68, 0, 0, 1, 1, 0, 222)
20 (1, 4, 0, 13, 0, 62, 0, 0, 0, 1, 0, 109)
21 (1, 4, 0, 17, 2, 68, 0, 0, 0, 1, 0, 71)
22 (1, 4, 10, 0, 0, 68, 0, 0, 0, 1, 0, 208)
23 (1, 4, 0, 12, 0, 62, 0, 0, 0, 1, 0, 216)
24 (1, 4, 16, 0, 0, 60, 0, 0, 0, 1, 0, 111)
25 (1, 4, 1, 16, 0, 61, 0, 0, 0, 1, 0, 255)
26 (1, 4, 0, 6, 0, 60, 0, 0, 0, 1, 0, 56)
27 (1, 4, 0, 15, 0, 63, 0, 0, 0, 1, 0, 31)
28 (1, 4, 0, 2, 0, 62, 0, 0, 0, 1, 0, 220)
29 (1, 4, 4, 0, 6, 63, 0, 0, 0, 0, 0, 140)
30 (1, 4, 0, 11, 9, 61, 0, 0, 0, 0, 0, 184)
31 (1, 4, 0, 11, 18, 63, 0, 0, 0, 0, 0, 254)
32 (1, 4, 0, 10, 10, 62, 0, 0, 0, 0, 0, 151)
1 (1, 4, 0, 3, 3, 0, 0, 0, 0, 1, 0, 118)
2 (1, 4, 82, 36, 36, 0, 0, 0, 0, 1, 0, 216)
3 (1, 4, 338, 110, 88, 0, 0, 3, 0, 1, 0, 121)
4 (1, 4, 873, 218, 170, 0, 0, 0, 0, 1, 0, 130)
5 (1, 4, 653, 0, 0, 0, 0, 0, 0, 1, 0, 66)
6 (1, 4, 107, 0, 0, 0, 0, 20, 1, 1, 0, 253)
7 (1, 4, 426, 36, 0, 0, 0, 0, 2, 1, 0, 117)
8 (1, 4, 286, 119, 0, 0, 0, 30, 2, 1, 0, 176)
9 (1, 4, 283, 0, 0, 0, 0, 84, 2, 1, 0, 178)
10 (1, 4, 217, 0, 0, 0, 0, 90, 1, 1, 0, 176)
11 (1, 4, 156, 0, 0, 0, 0, 65, 1, 1, 0, 80)
12 (1, 4, 187, 0, 0, 0, 0, 27, 1, 1, 0, 120)
13 (1, 4, 208, 0, 0, 0, 0, 25, 1, 1, 0, 237)
14 (1, 4, 141, 0, 90, 0, 23, 5, 1, 1, 0, 116)
15 (1, 4, 0, 0, 240, 0, 28, 0, 1, 1, 0, 91)
16 (1, 4, 0, 0, 462, 0, 0, 0, 1, 1, 0, 237)
17 (1, 4, 0, 0, 560, 0, 0, 0, 1, 1, 0, 76)
18 (1, 4, 0, 0, 536, 0, 0, 0, 2, 2, 0, 21)
19 (1, 4, 0, 0, 790, 0, 0, 0, 2, 2, 0, 133)
20 (1, 4, 57, 341, 873, 19, 0, 0, 2, 2, 0, 65)
21 (1, 4, 3, 698, 0, 0, 0, 0, 3, 5, 0, 187)
22 (1, 4, 0, 756, 0, 0, 0, 0, 3, 6, 0, 147)
23 (1, 4, 0, 633, 0, 0, 0, 0, 2, 3, 0, 236)
24 (1, 4, 0, 425, 0, 0, 0, 0, 1, 1, 0, 87)
25 (1, 4, 0, 296, 0, 0, 0, 1, 1, 1, 0, 60)
26 (1, 4, 0, 234, 0, 0, 2, 26, 1, 0, 0, 240)
27 (1, 4, 167, 112, 0, 0, 1, 36, 1, 1, 0, 2)
28 (1, 4, 102, 0, 0, 51, 13, 4, 1, 1, 0, 12)
29 (1, 4, 125, 14, 34, 80, 0, 0, 1, 1, 0, 104)
30 (1, 4, 0, 0, 44, 90, 0, 0, 1, 1, 0, 143)
31 (1, 4, 26, 0, 29, 87, 0, 0, 1, 1, 0, 141) [FRAGMENTED]
32 (1, 4, 126, 0, 136, 0, 28, 0, 1, 1, 0, 103)
1 (1, 4, 7, 0, 316, 0, 3, 0, 1, 1, 0, 232)
2 (1, 4, 0, 0, 403, 0, 0, 0, 1, 1, 0, 31)
3 (1, 4, 0, 0, 493, 0, 0, 0, 1, 1, 0, 168)
4 (1, 4, 0, 0, 474, 0, 0, 0, 1, 2, 0, 113)
5 (1, 4, 0, 174, 384, 0, 0, 0, 1, 2, 0, 161)
6 (1, 4, 0, 355, 44, 0, 0, 0, 1, 2, 0, 170)
7 (1, 4, 0, 384, 0, 0, 0, 0, 1, 1, 0, 147)
8 (1, 4, 137, 474, 0, 0, 0, 12, 1, 1, 0, 91)
9 (1, 4, 434, 227, 0, 0, 0, 50, 1, 1, 0, 8)
10 (1, 4, 534, 0, 0, 0, 20, 57, 1, 1, 0, 150)
11 (1, 4, 333, 0, 0, 0, 87, 0, 1, 1, 0, 77)
12 (1, 4, 172, 0, 215, 0, 77, 0, 1, 1, 0, 60)
13 (1, 4, 210, 0, 468, 0, 45, 0, 1, 1, 0, 55)
14 (1, 4, 29, 96, 870, 0, 0, 0, 1, 1, 0, 3)
15 (1, 4, 0, 161, 614, 0, 0, 0, 1, 2, 0, 114)
16 (1, 4, 0, 873, 509, 0, 0, 0, 2, 3, 0, 200)
17 (1, 4, 0, 862, 93, 0, 0, 0, 1, 4, 0, 139)
18 (1, 4, 0, 873, 0, 0, 0, 0, 1, 2, 0, 165)
19 (1, 4, 98, 632, 0, 0, 0, 0, 1, 1, 0, 123)
20 (1, 4, 198, 444, 0, 0, 0, 0, 0, 0, 0, 232)
21 (1, 4, 259, 320, 0, 0, 0, 10, 0, 0, 0, 91)
22 (1, 4, 224, 161, 0, 0, 12, 9, 0, 0, 0, 68)
23 (1, 4, 46, 54, 0, 35, 0, 16, 0, 0, 0, 226)
24 (1, 4, 71, 0, 0, 72, 0, 1, 0, 1, 0, 68)
25 (1, 4, 0, 7, 0, 82, 0, 0, 0, 1, 0, 11)
26 (1, 4, 0, 0, 0, 94, 0, 0, 0, 1, 0, 141)
27 (1, 4, 0, 20, 0, 94, 0, 0, 0, 1, 0, 54)
28 (1, 4, 0, 0, 0, 91, 0, 0, 0, 1, 0, 238)
29 (1, 4, 3, 13, 0, 87, 0, 0, 0, 0, 0, 207)
30 (1, 4, 0, 0, 0, 84, 0, 0, 0, 0, 0, 32)
31 (1, 4, 0, 2, 1, 84, 0, 0, 0, 1, 0, 178)
32 (1, 4, 76, 51, 21, 0, 0, 1, 0, 0, 0, 174)
1 (1, 4, 77, 46, 23, 0, 0, 0, 0, 1, 0, 134)
2 (1, 4, 70, 36, 1, 0, 0, 0, 0, 1, 0, 52)
3 (1, 4, 48, 17, 0, 0, 0, 16, 0, 1, 0, 53)
4 (1, 4, 712, 0, 43, 0, 0, 46, 0, 0, 0, 232)
5 (1, 4, 656, 0, 0, 0, 0, 0, 2, 1, 0, 32)
6 (1, 4, 103, 0, 0, 0, 0, 73, 1, 1, 0, 99)
7 (1, 4, 213, 0, 0, 0, 0, 76, 1, 1, 0, 231)
8 (1, 4, 212, 0, 0, 0, 0, 135, 2, 1, 0, 12)
9 (1, 4, 265, 0, 0, 0, 0, 130, 1, 1, 0, 56)
10 (1, 4, 170, 0, 0, 0, 11, 94, 1, 1, 0, 51)
11 (1, 4, 29, 0, 0, 0, 4, 65, 1, 1, 0, 168)
12 (1, 4, 0, 0, 148, 0, 6, 19, 1, 1, 0, 3)
13 (1, 4, 0, 0, 299, 0, 0, 10, 1, 1, 0, 128)
14 (1, 4, 20, 0, 473, 0, 0, 1, 1, 1, 0, 112)
15 (1, 4, 0, 0, 645, 0, 0, 0, 1, 1, 0, 246)
16 (1, 4, 0, 0, 738, 0, 0, 0, 1, 1, 0, 22)
17 (1, 4, 0, 63, 873, 0, 0, 0, 1, 1, 0, 175)
18 (1, 4, 180, 0, 385, 86, 0, 0, 1, 1, 0, 37)
19 (1, 4, 0, 630, 151, 0, 0, 0, 1, 2, 0, 251)
20 (1, 4, 138, 873, 100, 0, 0, 0, 2, 3, 0, 74)
21 (1, 4, 0, 873, 0, 0, 0, 0, 2, 5, 0, 21)
22 (1, 4, 0, 873, 0, 0, 0, 0, 2, 3, 0, 104)
23 (1, 4, 0, 620, 0, 0, 0, 0, 1, 1, 0, 146)
24 (1, 4, 39, 459, 0, 0, 0, 32, 1, 1, 0, 55)
25 (1, 4, 291, 193, 0, 0, 2, 50, 1, 1, 0, 174)
26 (1, 4, 0, 0, 0, 0, 0, 34, 1, 1, 0, 111)
27 (1, 4, 163, 0, 0, 42, 0, 4, 1, 1, 0, 237)
28 (1, 4, 139, 0, 0, 76, 0, 0, 1, 1, 0, 81)
29 (1, 4, 15, 0, 0, 101, 0, 0, 1, 1, 0, 114)
30 (1, 4, 83, 8, 0, 100, 0, 0, 1, 1, 0, 255)
31 (1, 4, 44, 0, 0, 114, 0, 0, 1, 1, 0, 13)
32 (1, 4, 153, 0, 108, 0, 0, 0, 1, 2, 0, 166)
1 (1, 4, 281, 0, 180, 0, 0, 0, 1, 2, 0, 120)
2 (1, 4, 290, 0, 301, 0, 0, 0, 1, 2, 0, 198)
3 (1, 4, 344, 0, 407, 0, 0, 0, 1, 1, 0, 90)
4 (1, 4, 93, 0, 676, 0, 0, 0, 1, 2, 0, 14)
5 (1, 4, 69, 0, 674, 0, 0, 0, 1, 2, 0, 239)
6 (1, 4, 94, 103, 340, 67, 0, 0, 1, 2, 0, 199)
7 (1, 4, 348, 873, 0, 30, 0, 0, 1, 2, 0, 203)
8 (1, 4, 395, 403, 0, 0, 0, 62, 1, 1, 0, 11)
9 (1, 4, 167, 169, 0, 0, 0, 86, 1, 1, 0, 16)
10 (1, 4, 324, 4, 0, 0, 0, 68, 1, 1, 0, 46)
11 (1, 4, 285, 0, 0, 0, 11, 50, 1, 1, 0, 82)
12 (1, 4, 316, 0, 5, 0, 71, 67, 1, 1, 0, 129)
13 (1, 4, 207, 0, 372, 0, 51, 20, 1, 1, 0, 109)
14 (1, 4, 0, 0, 584, 0, 0, 0, 1, 1, 0, 138)
15 (1, 4, 0, 0, 577, 0, 0, 0, 1, 1, 0, 162)
16 (1, 4, 262, 0, 546, 0, 0, 0, 0, 1, 0, 88)
17 (1, 4, 0, 0, 481, 0, 0, 0, 0, 1, 0, 40)
18 (1, 4, 0, 0, 186, 5, 0, 0, 1, 1, 0, 247)
19 (1, 4, 0, 0, 0, 49, 0, 0, 1, 1, 0, 118)
20 (1, 4, 0, 644, 0, 0, 0, 0, 1, 2, 0, 220)
21 (1, 4, 0, 678, 0, 0, 0, 0, 1, 3, 0, 24)
22 (1, 4, 0, 821, 41, 0, 0, 0, 1, 1, 0, 69)
23 (1, 4, 0, 558, 0, 0, 0, 0, 1, 1, 0, 124)
24 (1, 4, 0, 419, 0, 0, 0, 0, 0, 0, 0, 128)
25 (1, 4, 9, 487, 3, 0, 0, 2, 0, 0, 0, 165)
26 (1, 4, 134, 356, 0, 0, 0, 30, 0, 0, 0, 196)
27 (1, 4, 121, 277, 0, 0, 0, 38, 0, 0, 0, 40)
28 (1, 4, 18, 129, 0, 39, 18, 40, 0, 0, 0, 190)
29 (1, 4, 194, 36, 0, 90, 52, 18, 1, 1, 0, 10)
30 (1, 4, 45, 0, 0, 115, 34, 24, 1, 1, 0, 218)
31 (1, 4, 6, 0, 40, 107, 14, 0, 0, 1, 0, 70)
32 (1, 4, 131, 0, 195, 0, 0, 13, 0, 1, 0, 227)
1 (1, 4, 239, 0, 281, 0, 0, 0, 0, 1, 0, 30)
2 (1, 4, 296, 0, 394, 0, 0, 0, 0, 1, 0, 159)
3 (1, 4, 154, 0, 562, 0, 0, 0, 0, 1, 0, 152)
4 (1, 4, 106, 0, 483, 0, 0, 0, 0, 1, 0, 37)
5 (1, 4, 66, 0, 457, 0, 0, 0, 0, 1, 0, 255)
6 (1, 4, 28, 81, 438, 0, 0, 0, 0, 1, 0, 182)
7 (1, 4, 288, 125, 318, 0, 0, 0, 0, 1, 0, 61)
8 (1, 4, 125, 182, 181, 0, 0, 5, 0, 1, 0, 248)
9 (1, 4, 100, 213, 155, 0, 0, 7, 0, 1, 0, 117)
10 (1, 4, 285, 314, 208, 0, 0, 44, 0, 1, 0, 98)
11 (1, 4, 43, 42, 54, 0, 0, 0, 0, 1, 0, 92)
12 (1, 4, 439, 62, 0, 0, 0, 0, 0, 1, 0, 168)
13 (1, 4, 382, 0, 0, 0, 0, 0, 1, 1, 0, 143)
14 (1, 4, 0, 223, 0, 0, 0, 3, 2, 2, 0, 88)
15 (1, 4, 135, 0, 0, 0, 0, 41, 1, 2, 0, 97)
16 (1, 4, 0, 0, 0, 0, 0, 73, 1, 2, 0, 186)
17 (1, 4, 14, 0, 0, 0, 0, 79, 1, 1, 0, 159)
18 (1, 4, 28, 0, 0, 0, 0, 46, 1, 1, 0, 88)
19 (1, 4, 0, 0, 4, 0, 0, 0, 1, 1, 0, 41)
20 (1, 4, 0, 0, 119, 0, 0, 0, 1, 1, 0, 232)
21 (1, 4, 0, 0, 28, 0, 22, 0, 1, 1, 0, 126)
22 (1, 4, 13, 157, 364, 13, 32, 0, 2, 2, 0, 186)
23 (1, 4, 0, 285, 252, 0, 0, 0, 1, 2, 0, 251)
24 (1, 4, 0, 498, 86, 0, 0, 0, 1, 3, 0, 253)
25 (1, 4, 0, 570, 0, 0, 0, 0, 1, 4, 0, 7)
26 (1, 4, 211, 586, 0, 0, 0, 14, 1, 3, 0, 121)
27 (1, 4, 779, 482, 0, 0, 0, 18, 1, 1, 0, 177)
28 (1, 4, 210, 0, 0, 0, 0, 21, 1, 0, 0, 5)
29 (1, 4, 273, 0, 0, 0, 0, 8, 1, 0, 0, 26)
30 (1, 4, 338, 0, 43, 0, 3, 0, 1, 0, 0, 25)
31 (1, 4, 522, 0, 387, 0, 0, 0, 1, 0, 0, 99)

