0 (1, 4, 0, 11, 12, 0, 30, 29, 0, 0, 0, 49)
1 (1, 4, 0, 3, 4, 0, 35, 30, 0, 0, 0, 139)
2 (1, 4, 0, 19, 1, 0, 36, 31, 0, 0, 0, 151)
3 (1, 4, 0, 5, 11, 0, 38, 33, 0, 0, 0, 116)
4 (1, 4, 0, 0, 22, 0, 30, 30, 0, 0, 0, 208)
5 (1, 4, 1, 0, 20, 0, 27, 29, 0, 0, 0, 13)
6 (1, 4, 6, 0, 1, 0, 16, 30, 0, 0, 0, 190)
7 (1, 4, 124, 0, 0, 0, 0, 49, 1, 1, 0, 60)
8 (1, 4, 61, 0, 0, 0, 0, 54, 1, 0, 0, 195)
9 (1, 4, 0, 0, 0, 0, 0, 141, 1, 1, 0, 189)
10 (1, 4, 0, 0, 0, 0, 0, 158, 1, 2, 0, 181)
11 (1, 4, 0, 0, 0, 0, 15, 141, 2, 3, 0, 100)
12 (1, 4, 0, 0, 0, 0, 109, 92, 2, 3, 0, 66)
13 (1, 4, 0, 0, 0, 0, 189, 8, 2, 3, 0, 10)
14 (1, 4, 86, 0, 423, 0, 134, 0, 2, 3, 0, 216)
15 (1, 4, 1, 0, 789, 0, 92, 0, 2, 3, 0, 230)
16 (1, 4, 0, 0, 783, 0, 0, 0, 2, 3, 0, 185)
17 (1, 4, 873, 729, 0, 0, 0, 0, 2, 3, 0, 25)
18 (1, 4, 95, 493, 0, 0, 0, 200, 2, 2, 0, 3)
19 (1, 4, 41, 80, 0, 0, 0, 246, 1, 2, 0, 224)
20 (1, 4, 39, 0, 0, 0, 79, 184, 1, 2, 0, 134)
21 (1, 4, 7, 0, 0, 0, 123, 90, 1, 2, 0, 253)
22 (1, 4, 0, 0, 170, 0, 81, 15, 1, 2, 0, 73)
23 (1, 4, 6, 0, 403, 0, 50, 3, 1, 2, 0, 154)
24 (1, 4, 470, 0, 475, 0, 4, 0, 1, 2, 0, 92)
25 (1, 4, 0, 0, 873, 0, 0, 0, 1, 2, 0, 0)
26 (1, 4, 873, 365, 307, 0, 0, 0, 1, 2, 0, 227)
27 (1, 4, 210, 873, 133, 0, 0, 0, 1, 2, 0, 254)
28 (1, 4, 0, 628, 0, 0, 0, 0, 1, 2, 0, 253)
29 (1, 4, 98, 873, 0, 0, 0, 2, 1, 1, 0, 243)
30 (1, 4, 305, 448, 0, 0, 24, 76, 1, 1, 0, 165)
31 (1, 4, 0, 317, 0, 0, 13, 79, 1, 1, 0, 10)
0 (1, 4, 291, 0, 0, 0, 0, 0, 0, 1, 0, 194)
1 (1, 4, 242, 29, 0, 0, 0, 0, 0, 1, 0, 15)
2 (1, 4, 122, 108, 0, 0, 0, 24, 1, 1, 0, 164)
3 (1, 4, 14, 111, 0, 0, 0, 60, 1, 1, 0, 62)
4 (1, 4, 0, 7, 0, 0, 0, 89, 1, 2, 0, 107)
5 (1, 4, 0, 0, 0, 0, 0, 113, 1, 2, 0, 34)
6 (1, 4, 47, 0, 0, 0, 16, 112, 1, 2, 0, 229)
7 (1, 4, 66, 0, 0, 0, 32, 101, 1, 2, 0, 28)
8 (1, 4, 63, 0, 45, 0, 6, 62, 1, 2, 0, 122)
9 (1, 4, 146, 0, 188, 0, 0, 37, 1, 2, 0, 186)
10 (1, 4, 279, 0, 321, 0, 0, 4, 1, 2, 0, 69)
11 (1, 4, 384, 0, 547, 0, 0, 0, 1, 2, 0, 34)
12 (1, 4, 370, 0, 728, 0, 0, 0, 1, 3, 0, 98)
13 (1, 4, 247, 467, 873, 0, 0, 0, 1, 3, 0, 36)
14 (1, 4, 335, 203, 611, 0, 0, 0, 1, 2, 0, 246)
15 (1, 4, 848, 352, 0, 0, 0, 0, 1, 3, 0, 106)
16 (1, 4, 319, 754, 0, 0, 66, 0, 1, 1, 0, 97)
17 (1, 4, 125, 820, 0, 0, 37, 0, 0, 1, 0, 59)
18 (1, 4, 153, 598, 0, 0, 36, 3, 1, 1, 0, 236)
19 (1, 4, 159, 331, 0, 0, 22, 52, 1, 1, 0, 70)
20 (1, 4, 0, 2, 0, 0, 14, 26, 1, 1, 0, 74)
21 (1, 4, 102, 94, 0, 0, 0, 0, 1, 1, 0, 251)
22 (1, 4, 128, 24, 0, 0, 0, 0, 1, 1, 0, 176)
23 (1, 4, 90, 0, 0, 0, 0, 0, 1, 2, 0, 207)
24 (1, 4, 80, 0, 6, 4, 0, 0, 1, 1, 0, 19)
25 (1, 4, 231, 0, 79, 0, 0, 0, 1, 1, 0, 164)
26 (1, 4, 258, 0, 130, 0, 0, 0, 0, 1, 0, 213)
27 (1, 4, 160, 0, 156, 0, 0, 0, 0, 1, 0, 171)
28 (1, 4, 172, 0, 331, 0, 0, 0, 1, 1, 0, 76)
29 (1, 4, 95, 0, 408, 0, 0, 0, 0, 1, 0, 73)
30 (1, 4, 135, 0, 407, 0, 0, 0, 0, 1, 0, 28)
31 (1, 4, 204, 0, 404, 0, 0, 24, 0, 1, 0, 117)
0 (1, 4, 0, 0, 0, 0, 66, 43, 1, 2, 0, 15)
1 (1, 4, 0, 0, 0, 0, 105, 0, 1, 2, 0, 101)
2 (1, 4, 0, 0, 240, 0, 130, 0, 1, 2, 0, 135)
3 (1, 4, 0, 0, 442, 0, 121, 0, 1, 2, 0, 94)
4 (1, 4, 0, 0, 873, 0, 0, 0, 1, 2, 0, 0)
5 (1, 4, 0, 0, 349, 0, 0, 0, 1, 2, 0, 101)
6 (1, 4, 499, 635, 0, 0, 0, 0, 0, 2, 0, 133)
7 (1, 4, 528, 565, 0, 0, 0, 0, 0, 2, 0, 77)
8 (1, 4, 333, 373, 0, 0, 20, 0, 0, 2, 0, 169)
9 (1, 4, 0, 179, 0, 0, 51, 5, 0, 2, 0, 123)
10 (1, 4, 179, 0, 0, 0, 102, 52, 0, 1, 0, 52)
11 (1, 4, 134, 0, 0, 15, 130, 45, 1, 2, 0, 121)
12 (1, 4, 21, 0, 278, 0, 66, 22, 1, 2, 0, 184)
13 (1, 4, 1, 0, 366, 0, 50, 0, 1, 1, 0, 150)
14 (1, 4, 0, 0, 661, 0, 0, 0, 1, 1, 0, 137)
15 (1, 4, 155, 0, 177, 0, 0, 0, 1, 1, 0, 4)
16 (1, 4, 0, 435, 228, 0, 0, 0, 1, 1, 0, 66)
17 (1, 4, 68, 532, 18, 0, 0, 0, 1, 1, 0, 224)
18 (1, 4, 87, 758, 0, 0, 0, 0, 1, 1, 0, 111)
19 (1, 4, 240, 682, 0, 0, 9, 0, 0, 1, 0, 198)
20 (1, 4, 199, 471, 0, 0, 50, 65, 1, 1, 0, 37)
21 (1, 4, 208, 62, 0, 0, 29, 66, 1, 1, 0, 142)
22 (1, 4, 31, 137, 87, 0, 17, 20, 0, 1, 0, 147)
23 (1, 4, 50, 29, 29, 0, 0, 9, 1, 1, 0, 205)
24 (1, 4, 214, 0, 120, 0, 0, 0, 0, 1, 0, 139)
25 (1, 4, 206, 0, 269, 0, 0, 0, 0, 1, 0, 246)
26 (1, 4, 329, 0, 347, 0, 0, 0, 0, 1, 0, 62)
27 (1, 4, 384, 0, 424, 0, 0, 0, 0, 1, 0, 236)
28 (1, 4, 232, 0, 474, 0, 0, 0, 1, 1, 0, 231)
29 (1, 4, 0, 0, 395, 0, 0, 0, 0, 0, 0, 213)
30 (1, 4, 470, 0, 408, 0, 0, 11, 1, 1, 0, 206)
31 (1, 4, 394, 0, 344, 0, 0, 0, 0, 1, 0, 11)
0 (1, 4, 200, 0, 382, 0, 7, 0, 0, 1, 0, 123)
1 (1, 4, 145, 0, 493, 0, 7, 0, 0, 1, 0, 89)
2 (1, 4, 11, 0, 695, 0, 41, 0, 0, 1, 0, 237)
3 (1, 4, 393, 0, 844, 0, 0, 7, 0, 1, 0, 145)
4 (1, 4, 186, 160, 873, 0, 0, 18, 0, 1, 0, 40)
5 (1, 4, 171, 0, 507, 0, 0, 0, 0, 1, 0, 116)
6 (1, 4, 771, 526, 0, 0, 0, 0, 0, 1, 0, 200)
7 (1, 4, 686, 873, 0, 0, 36, 0, 0, 1, 0, 22)
8 (1, 4, 348, 700, 0, 0, 41, 0, 1, 1, 0, 231)
9 (1, 4, 570, 580, 0, 0, 82, 0, 1, 1, 0, 193)
10 (1, 4, 18, 252, 0, 0, 115, 0, 1, 1, 0, 218)
11 (1, 4, 147, 218, 0, 0, 72, 12, 0, 1, 0, 139)
12 (1, 4, 156, 53, 0, 0, 74, 52, 0, 0, 0, 33)
13 (1, 4, 212, 0, 0, 0, 31, 62, 0, 1, 0, 41)
14 (1, 4, 0, 0, 0, 0, 0, 3, 0, 1, 0, 115)
15 (1, 4, 0, 0, 0, 21, 0, 0, 0, 1, 0, 129)
16 (1, 4, 134, 105, 56, 2, 0, 33, 1, 1, 0, 124)
17 (1, 4, 51, 0, 123, 0, 0, 8, 0, 1, 0, 183)
18 (1, 4, 162, 0, 286, 0, 0, 20, 0, 1, 0, 146)
19 (1, 4, 56, 0, 348, 0, 0, 0, 1, 1, 0, 27)
20 (1, 4, 0, 0, 376, 0, 0, 0, 1, 1, 0, 236)
21 (1, 4, 0, 0, 541, 0, 0, 0, 1, 1, 0, 196)
22 (1, 4, 0, 0, 526, 0, 0, 0, 1, 1, 0, 0)
23 (1, 4, 0, 0, 459, 0, 0, 0, 0, 1, 0, 69)
24 (1, 4, 0, 0, 459, 0, 0, 0, 0, 1, 0, 69)
25 (1, 4, 0, 0, 302, 0, 0, 0, 0, 1, 0, 123)
26 (1, 4, 0, 0, 231, 0, 0, 0, 0, 1, 0, 4)
27 (1, 4, 0, 0, 15, 0, 0, 0, 0, 1, 0, 76)
28 (1, 4, 0, 0, 0, 0, 0, 0, 0, 1, 0, 21)
29 (1, 4, 91, 191, 0, 0, 0, 0, 0, 0, 0, 102)
30 (1, 4, 252, 117, 0, 0, 0, 3, 0, 0, 0, 164)
31 (1, 4, 141, 171, 0, 0, 2, 22, 0, 0, 0, 104)
0 (1, 4, 0, 22, 27, 0, 17, 5, 0, 0, 0, 134)
1 (1, 4, 0, 35, 46, 0, 0, 11, 0, 0, 0, 219)
2 (1, 4, 68, 0, 25, 0, 0, 2, 0, 0, 0, 33)
3 (1, 4, 24, 0, 24, 0, 0, 0, 0, 0, 0, 45)
4 (1, 4, 79, 7, 0, 0, 0, 0, 0, 0, 0, 175)
5 (1, 4, 231, 55, 0, 0, 0, 0, 0, 0, 0, 174)
6 (1, 4, 292, 129, 0, 0, 0, 0, 0, 0, 0, 55)
7 (1, 4, 312, 172, 0, 0, 0, 0, 0, 1, 0, 234)
8 (1, 4, 334, 137, 0, 0, 0, 0, 0, 1, 0, 205)
9 (1, 4, 441, 298, 0, 0, 0, 0, 0, 1, 0, 162)
10 (1, 4, 375, 142, 0, 0, 0, 0, 0, 1, 0, 150)
11 (1, 4, 109, 0, 0, 0, 5, 91, 0, 1, 0, 157)
12 (1, 4, 0, 0, 0, 0, 62, 101, 0, 1, 0, 3)
13 (1, 4, 0, 0, 0, 0, 107, 63, 0, 1, 0, 195)
14 (1, 4, 0, 0, 288, 0, 118, 0, 0, 1, 0, 53)
15 (1, 4, 0, 0, 637, 0, 87, 0, 0, 1, 0, 84)
16 (1, 4, 0, 223, 820, 0, 0, 0, 0, 1, 0, 127)
17 (1, 4, 328, 552, 91, 0, 0, 0, 0, 1, 0, 209)
18 (1, 4, 294, 362, 0, 0, 0, 127, 0, 1, 0, 64)
19 (1, 4, 127, 0, 0, 0, 27, 209, 0, 1, 0, 237)
20 (1, 4, 0, 0, 0, 0, 131, 112, 0, 1, 0, 157)
21 (1, 4, 0, 0, 65, 0, 66, 0, 0, 1, 0, 146)
22 (1, 4, 126, 0, 227, 0, 2, 0, 0, 1, 0, 82)
23 (1, 4, 49, 0, 450, 0, 82, 0, 0, 1, 0, 41)
24 (1, 4, 0, 0, 510, 0, 0, 0, 0, 1, 0, 14)
25 (1, 4, 176, 550, 873, 0, 67, 0, 0, 1, 0, 196)
26 (1, 4, 873, 751, 759, 0, 0, 0, 1, 1, 0, 169)
27 (1, 4, 839, 873, 316, 0, 138, 0, 1, 1, 0, 132)
28 (1, 4, 386, 451, 192, 0, 41, 37, 1, 1, 0, 119)
29 (1, 4, 149, 0, 0, 0, 78, 0, 1, 1, 0, 126)
30 (1, 4, 7, 0, 0, 0, 18, 25, 1, 1, 0, 204)
31 (1, 4, 47, 0, 0, 0, 5, 0, 1, 1, 0, 112)
0 (1, 4, 20, 0, 0, 0, 19, 34, 0, 2, 0, 102)
1 (1, 4, 0, 0, 0, 0, 60, 37, 0, 2, 0, 9)
2 (1, 4, 3, 0, 0, 0, 100, 28, 0, 2, 0, 2)
3 (1, 4, 0, 0, 316, 0, 82, 0, 0, 2, 0, 251)
4 (1, 4, 0, 0, 522, 0, 128, 0, 0, 2, 0, 181)
5 (1, 4, 0, 0, 873, 0, 94, 0, 1, 4, 0, 50)
6 (1, 4, 534, 369, 597, 0, 0, 0, 1, 3, 0, 229)
7 (1, 4, 73, 644, 119, 0, 0, 0, 0, 2, 0, 214)
8 (1, 4, 611, 576, 0, 0, 0, 0, 1, 2, 0, 220)
9 (1, 4, 399, 133, 0, 0, 0, 74, 0, 2, 0, 157)
10 (1, 4, 225, 0, 0, 0, 71, 114, 0, 1, 0, 188)
11 (1, 4, 0, 0, 0, 0, 144, 52, 0, 2, 0, 30)
12 (1, 4, 108, 0, 47, 0, 198, 0, 0, 2, 0, 54)
13 (1, 4, 412, 0, 873, 0, 371, 0, 1, 2, 0, 181)
14 (1, 4, 0, 12, 873, 0, 46, 0, 0, 1, 0, 107)
15 (1, 4, 873, 91, 413, 0, 0, 0, 0, 1, 0, 15)
16 (1, 4, 766, 873, 407, 0, 83, 0, 1, 1, 0, 209)
17 (1, 4, 446, 428, 0, 0, 13, 0, 1, 2, 0, 186)
18 (1, 4, 183, 378, 0, 0, 94, 0, 0, 1, 0, 89)
19 (1, 4, 230, 187, 0, 0, 28, 36, 0, 0, 0, 187)
20 (1, 4, 241, 0, 0, 0, 25, 23, 0, 0, 0, 54)
21 (1, 4, 107, 56, 0, 0, 16, 0, 0, 0, 0, 199)
22 (1, 4, 27, 78, 0, 0, 0, 16, 0, 1, 0, 195)
23 (1, 4, 206, 0, 59, 0, 0, 11, 0, 1, 0, 215)
24 (1, 4, 278, 0, 0, 0, 0, 6, 0, 1, 0, 31)
25 (1, 4, 252, 0, 161, 0, 0, 0, 1, 1, 0, 31)
26 (1, 4, 0, 0, 357, 0, 0, 0, 0, 1, 0, 135)
27 (1, 4, 0, 0, 362, 0, 0, 0, 0, 1, 0, 222)
28 (1, 4, 24, 0, 343, 0, 0, 0, 0, 0, 0, 210)
29 (1, 4, 0, 0, 253, 0, 0, 0, 0, 0, 0, 131)
30 (1, 4, 0, 0, 258, 0, 0, 0, 0, 0, 0, 12)
31 (1, 4, 0, 0, 330, 0, 0, 0, 0, 1, 0, 32)
0 (1, 4, 0, 0, 68, 0, 80, 84, 0, 1, 0, 204)
1 (1, 4, 0, 0, 204, 0, 32, 29, 0, 1, 0, 99)
2 (1, 4, 0, 0, 321, 0, 62, 0, 0, 1, 0, 127)
3 (1, 4, 83, 0, 528, 0, 116, 0, 0, 1, 0, 218)
4 (1, 4, 0, 0, 448, 0, 0, 0, 0, 1, 0, 66)
5 (1, 4, 753, 633, 258, 0, 0, 0, 1, 3, 0, 137)
6 (1, 4, 132, 602, 101, 0, 0, 0, 1, 2, 0, 217)
7 (1, 4, 498, 762, 0, 0, 0, 0, 1, 2, 0, 93)
8 (1, 4, 318, 375, 0, 0, 0, 21, 1, 2, 0, 5)
9 (1, 4, 339, 105, 0, 0, 32, 50, 1, 1, 0, 143)
10 (1, 4, 161, 0, 0, 0, 89, 46, 0, 1, 0, 105)
11 (1, 4, 33, 0, 0, 0, 54, 42, 0, 1, 0, 183)
12 (1, 4, 74, 0, 110, 0, 35, 31, 0, 1, 0, 148)
13 (1, 4, 34, 0, 251, 0, 56, 18, 0, 1, 0, 97)
14 (1, 4, 0, 0, 464, 0, 78, 0, 0, 1, 0, 247)
15 (1, 4, 0, 0, 722, 0, 0, 0, 1, 1, 0, 151)
16 (1, 4, 408, 105, 385, 0, 0, 0, 0, 1, 0, 237)
17 (1, 4, 273, 555, 339, 0, 0, 0, 1, 1, 0, 157)
18 (1, 4, 464, 585, 0, 0, 0, 0, 1, 1, 0, 65)
19 (1, 4, 336, 573, 0, 0, 0, 0, 1, 1, 0, 174)
20 (1, 4, 448, 334, 0, 0, 1, 0, 1, 2, 0, 79)
21 (1, 4, 248, 84, 0, 0, 56, 0, 2, 4, 0, 171)
22 (1, 4, 67, 215, 0, 0, 24, 34, 1, 1, 0, 81)
23 (1, 4, 83, 96, 0, 0, 27, 25, 1, 1, 0, 100)
24 (1, 4, 13, 67, 0, 12, 1, 9, 1, 1, 0, 162)
25 (1, 4, 11, 28, 0, 35, 0, 0, 1, 1, 0, 213)
26 (1, 4, 41, 32, 129, 16, 0, 0, 1, 1, 0, 158)
27 (1, 4, 15, 0, 210, 1, 0, 0, 1, 1, 0, 104)
28 (1, 4, 0, 0, 256, 0, 0, 0, 1, 1, 0, 42)
29 (1, 4, 0, 0, 311, 0, 0, 0, 1, 1, 0, 78)
30 (1, 4, 0, 0, 347, 0, 0, 0, 1, 1, 0, 169)
31 (1, 4, 0, 0, 334, 0, 0, 0, 1, 1, 0, 28)
0 (1, 4, 0, 149, 0, 0, 0, 40, 1, 2, 0, 142)
1 (1, 4, 184, 0, 0, 0, 0, 71, 0, 1, 0, 1)
2 (1, 4, 162, 0, 0, 0, 0, 69, 0, 1, 0, 52)
3 (1, 4, 110, 0, 0, 0, 14, 30, 0, 1, 0, 42)
4 (1, 4, 0, 0, 172, 0, 27, 0, 0, 1, 0, 55)
5 (1, 4, 0, 0, 341, 0, 47, 0, 0, 1, 0, 162)
6 (1, 4, 0, 0, 410, 0, 51, 0, 0, 1, 0, 86)
7 (1, 4, 0, 0, 663, 0, 97, 0, 0, 1, 0, 170)
8 (1, 4, 0, 0, 873, 0, 32, 0, 0, 1, 0, 210)
9 (1, 4, 285, 0, 851, 0, 0, 0, 1, 2, 0, 182)
10 (1, 4, 873, 47, 306, 0, 0, 0, 2, 3, 0, 177)
11 (1, 4, 318, 727, 89, 0, 55, 0, 1, 1, 0, 102)
12 (1, 4, 377, 378, 0, 0, 61, 0, 1, 2, 0, 208)
13 (1, 4, 411, 657, 0, 0, 102, 0, 0, 1, 0, 158)
14 (1, 4, 268, 558, 0, 0, 27, 0, 1, 1, 0, 249)
15 (1, 4, 464, 308, 0, 0, 27, 9, 1, 1, 0, 111)
16 (1, 4, 111, 102, 0, 0, 0, 19, 1, 2, 0, 157)
17 (1, 4, 46, 13, 0, 11, 0, 10, 1, 1, 0, 178)
18 (1, 4, 69, 0, 0, 14, 0, 0, 1, 1, 0, 114)
19 (1, 4, 0, 0, 16, 22, 0, 0, 1, 1, 0, 189)
20 (1, 4, 0, 0, 72, 0, 0, 0, 1, 1, 0, 48)
21 (1, 4, 76, 0, 81, 0, 0, 0, 1, 1, 0, 166)
22 (1, 4, 164, 0, 235, 0, 0, 0, 1, 1, 0, 110)
23 (1, 4, 45, 0, 133, 0, 0, 0, 1, 1, 0, 205)
24 (1, 4, 57, 0, 179, 0, 0, 0, 1, 1, 0, 229)
25 (1, 4, 2, 0, 249, 0, 0, 0, 1, 1, 0, 200)
26 (1, 4, 0, 0, 230, 0, 0, 0, 1, 1, 0, 242)
27 (1, 4, 0, 0, 263, 0, 0, 0, 1, 1, 0, 207)
28 (1, 4, 0, 0, 228, 0, 0, 0, 1, 1, 0, 221)
29 (1, 4, 0, 0, 186, 0, 0, 0, 1, 1, 0, 148)
0 (1, 4, 0, 0, 120, 0, 0, 0, 1, 1, 0, 177)
1 (1, 4, 0, 0, 209, 0, 5, 0, 1, 1, 0, 12)
2 (1, 4, 0, 0, 253, 0, 8, 0, 0, 1, 0, 41)
3 (1, 4, 0, 0, 277, 0, 68, 0, 1, 1, 0, 102)
4 (1, 4, 0, 0, 181, 0, 0, 0, 1, 1, 0, 205)
5 (1, 4, 55, 0, 255, 0, 5, 0, 1, 2, 0, 143)
6 (1, 4, 537, 146, 325, 0, 93, 0, 0, 2, 0, 151)
7 (1, 4, 858, 472, 582, 0, 138, 0, 1, 2, 0, 75)
8 (1, 4, 263, 806, 228, 0, 106, 0, 1, 1, 0, 140)
9 (1, 4, 177, 669, 244, 0, 72, 0, 0, 1, 0, 86)
10 (1, 4, 339, 690, 98, 0, 28, 0, 1, 1, 0, 129)
11 (1, 4, 231, 484, 0, 0, 14, 0, 0, 0, 0, 160)
12 (1, 4, 266, 337, 0, 0, 0, 11, 1, 0, 0, 76)
13 (1, 4, 165, 178, 0, 0, 0, 19, 0, 0, 0, 224)
14 (1, 4, 62, 65, 0, 17, 0, 0, 0, 0, 0, 211)
15 (1, 4, 18, 47, 35, 31, 0, 0, 0, 0, 0, 230)
16 (1, 4, 96, 0, 49, 44, 0, 0, 0, 0, 0, 72)
17 (1, 4, 65, 0, 128, 41, 0, 0, 0, 0, 0, 6)
18 (1, 4, 34, 0, 181, 16, 0, 0, 0, 0, 0, 232)
19 (1, 4, 0, 0, 189, 0, 0, 0, 0, 1, 0, 19)
20 (1, 4, 0, 0, 153, 0, 0, 0, 1, 1, 0, 209)
21 (1, 4, 0, 0, 190, 0, 0, 0, 0, 1, 0, 168)
22 (1, 4, 20, 0, 220, 0, 0, 0, 0, 0, 0, 49)
23 (1, 4, 0, 0, 246, 0, 0, 0, 0, 0, 0, 132)
24 (1, 4, 0, 0, 209, 0, 0, 0, 0, 0, 0, 159)
25 (1, 4, 0, 0, 258, 0, 0, 0, 0, 0, 0, 12)
26 (1, 4, 65, 0, 238, 0, 0, 0, 0, 0, 0, 192)
0 (1, 4, 202, 0, 0, 0, 0, 18, 0, 2, 0, 50)
1 (1, 4, 158, 0, 0, 0, 6, 35, 0, 2, 0, 223)
2 (1, 4, 68, 0, 0, 0, 14, 33, 0, 2, 0, 183)
3 (1, 4, 68, 0, 0, 0, 20, 9, 0, 1, 0, 247)
4 (1, 4, 78, 0, 219, 0, 8, 0, 0, 1, 0, 123)
5 (1, 4, 0, 0, 372, 0, 18, 0, 0, 1, 0, 27)
6 (1, 4, 0, 0, 515, 0, 0, 0, 0, 1, 0, 20)
7 (1, 4, 0, 0, 477, 0, 0, 0, 0, 1, 0, 75)
8 (1, 4, 128, 312, 503, 0, 0, 0, 0, 1, 0, 198)
9 (1, 4, 0, 436, 268, 0, 0, 0, 0, 1, 0, 55)
10 (1, 4, 127, 490, 0, 0, 0, 0, 0, 1, 0, 154)
11 (1, 4, 224, 436, 0, 0, 0, 23, 0, 1, 0, 19)
12 (1, 4, 314, 71, 0, 0, 0, 64, 0, 1, 0, 152)
13 (1, 4, 182, 0, 0, 0, 3, 57, 0, 1, 0, 207)
14 (1, 4, 94, 0, 0, 0, 38, 14, 0, 1, 0, 18)
15 (1, 4, 117, 0, 0, 0, 50, 0, 0, 1, 0, 247)
16 (1, 4, 159, 0, 269, 0, 59, 0, 0, 1, 0, 83)
17 (1, 4, 35, 0, 555, 0, 83, 0, 0, 1, 0, 151)
18 (1, 4, 14, 0, 873, 0, 63, 0, 0, 2, 0, 23)
19 (1, 4, 0, 37, 873, 0, 0, 0, 0, 2, 0, 207)
20 (1, 4, 585, 542, 354, 0, 0, 0, 0, 1, 0, 57)
21 (1, 4, 479, 873, 327, 0, 5, 0, 0, 1, 0, 135)
22 (1, 4, 515, 597, 10, 0, 5, 0, 0, 1, 0, 74)
23 (1, 4, 262, 549, 0, 0, 9, 0, 0, 1, 0, 235)
24 (1, 4, 294, 326, 0, 0, 17, 2, 0, 1, 0, 96)
25 (1, 4, 86, 268, 0, 0, 23, 2, 0, 1, 0, 128)
26 (1, 4, 76, 136, 0, 0, 0, 11, 1, 1, 0, 136)
27 (1, 4, 47, 111, 23, 10, 0, 9, 1, 1, 0, 115)
28 (1, 4, 0, 0, 24, 27, 0, 6, 1, 1, 0, 86)
29 (1, 4, 0, 0, 132, 0, 0, 0, 0, 0, 0, 209)
30 (1, 4, 0, 0, 185, 0, 0, 0, 1, 0, 0, 68)
31 (1, 4, 2, 0, 224, 0, 0, 0, 0, 1, 0, 253)
0 (1, 4, 276, 309, 0, 0, 0, 0, 0, 1, 0, 230)
1 (1, 4, 160, 183, 0, 0, 0, 5, 0, 1, 0, 205)
2 (1, 4, 48, 82, 0, 0, 0, 0, 0, 1, 0, 189)
3 (1, 4, 66, 277, 0, 0, 0, 41, 0, 1, 0, 255)
4 (1, 4, 138, 0, 0, 0, 8, 61, 0, 1, 0, 159)
5 (1, 4, 0, 0, 0, 0, 52, 52, 0, 1, 0, 121)
6 (1, 4, 0, 0, 83, 0, 58, 15, 0, 1, 0, 104)
7 (1, 4, 0, 0, 327, 0, 47, 0, 0, 1, 0, 242)
8 (1, 4, 0, 0, 568, 0, 3, 0, 0, 1, 0, 25)
9 (1, 4, 0, 0, 716, 0, 0, 0, 0, 1, 0, 71)
10 (1, 4, 244, 0, 785, 0, 0, 0, 0, 1, 0, 154)
11 (1, 4, 0, 112, 772, 0, 0, 0, 1, 2, 0, 83)
12 (1, 4, 873, 0, 152, 0, 0, 0, 0, 1, 0, 17)
13 (1, 4, 504, 446, 22, 0, 42, 0, 0, 1, 0, 175)
14 (1, 4, 596, 208, 0, 0, 140, 0, 0, 1, 0, 181)
15 (1, 4, 372, 517, 0, 0, 153, 0, 0, 1, 0, 42)
16 (1, 4, 257, 800, 0, 0, 147, 0, 0, 0, 0, 162)
17 (1, 4, 231, 691, 0, 0, 26, 26, 0, 1, 0, 229)
18 (1, 4, 282, 391, 0, 0, 3, 45, 0, 1, 0, 23)
19 (1, 4, 355, 102, 0, 0, 13, 15, 1, 1, 0, 125)
20 (1, 4, 199, 100, 0, 0, 0, 32, 0, 1, 0, 153)
21 (1, 4, 192, 0, 0, 0, 0, 10, 1, 1, 0, 184)
22 (1, 4, 80, 0, 0, 0, 0, 55, 1, 1, 0, 127)
23 (1, 4, 13, 0, 16, 0, 0, 23, 1, 1, 0, 142)
24 (1, 4, 29, 0, 11, 0, 0, 14, 0, 1, 0, 146)
25 (1, 4, 41, 0, 154, 0, 0, 0, 2, 1, 0, 117)
26 (1, 4, 41, 0, 327, 0, 0, 0, 1, 2, 0, 48)
27 (1, 4, 0, 0, 277, 0, 0, 0, 1, 1, 0, 159)
28 (1, 4, 0, 0, 229, 0, 0, 0, 1, 1, 0, 73)
29 (1, 4, 0, 0, 206, 0, 0, 0, 1, 1, 0, 176)
30 (1, 4, 0, 0, 52, 0, 0, 0, 1, 1, 0, 168)
31 (1, 4, 0, 0, 69, 0, 0, 0, 1, 1, 0, 70)
0 (1, 4, 0, 225, 0, 0, 0, 0, 0, 0, 0, 139)
1 (1, 4, 0, 180, 0, 0, 0, 0, 0, 1, 0, 109)
2 (1, 4, 0, 330, 0, 0, 0, 0, 0, 1, 0, 173)
3 (1, 4, 211, 286, 0, 0, 0, 21, 0, 1, 0, 130)
4 (1, 4, 108, 260, 0, 0, 0, 80, 0, 1, 0, 186)
5 (1, 4, 325, 0, 0, 0, 0, 110, 0, 1, 0, 106)
6 (1, 4, 71, 0, 0, 0, 18, 8, 0, 1, 0, 43)
7 (1, 4, 169, 0, 135, 0, 18, 0, 0, 1, 0, 218)
8 (1, 4, 420, 0, 327, 0, 30, 0, 0, 1, 0, 235)
9 (1, 4, 30, 0, 493, 0, 0, 0, 0, 1, 0, 126)
10 (1, 4, 0, 0, 547, 0, 0, 0, 0, 1, 0, 234)
11 (1, 4, 209, 180, 525, 0, 0, 0, 0, 1, 0, 211)
12 (1, 4, 0, 509, 474, 0, 0, 0, 0, 1, 0, 182)
13 (1, 4, 13, 698, 182, 0, 0, 0, 0, 1, 0, 227)
14 (1, 4, 225, 741, 0, 0, 0, 0, 0, 1, 0, 162)
15 (1, 4, 426, 365, 0, 0, 0, 74, 0, 1, 0, 199)
16 (1, 4, 308, 0, 0, 0, 0, 79, 0, 1, 0, 180)
17 (1, 4, 138, 0, 0, 0, 61, 24, 0, 1, 0, 134)
18 (1, 4, 184, 0, 0, 0, 59, 0, 0, 1, 0, 149)
19 (1, 4, 215, 0, 324, 0, 88, 0, 0, 1, 0, 229)
20 (1, 4, 119, 0, 798, 0, 124, 0, 0, 1, 0, 116)
21 (1, 4, 0, 0, 873, 0, 0, 0, 1, 2, 0, 0)
22 (1, 4, 873, 444, 482, 0, 17, 0, 2, 5, 0, 24)
23 (1, 4, 165, 873, 268, 0, 0, 0, 1, 2, 0, 254)
24 (1, 4, 548, 873, 0, 0, 0, 0, 1, 1, 0, 227)
25 (1, 4, 226, 665, 0, 0, 19, 0, 0, 1, 0, 247)
26 (1, 4, 642, 579, 0, 0, 32, 67, 1, 1, 0, 194)
27 (1, 4, 445, 45, 0, 0, 55, 43, 1, 1, 0, 210)
28 (1, 4, 222, 70, 0, 0, 49, 40, 0, 1, 0, 179)
29 (1, 4, 189, 0, 0, 12, 33, 24, 1, 1, 0, 202)
30 (1, 4, 56, 0, 58, 40, 6, 10, 1, 1, 0, 97)
31 (1, 4, 0, 0, 125, 26, 0, 0, 1, 1, 0, 74)
0 (1, 4, 0, 0, 0, 0, 165, 0, 0, 1, 0, 182)
1 (1, 4, 210, 0, 498, 0, 233, 0, 1, 2, 0, 200)
2 (1, 4, 0, 563, 873, 0, 0, 0, 0, 1, 0, 105)
3 (1, 4, 0, 440, 384, 0, 0, 0, 0, 1, 0, 77)
4 (1, 4, 97, 411, 0, 0, 0, 0, 1, 1, 0, 217)
5 (1, 4, 171, 223, 0, 0, 0, 13, 0, 1, 0, 183)
6 (1, 4, 325, 0, 0, 0, 0, 22, 0, 1, 0, 183)
7 (1, 4, 371, 0, 0, 0, 92, 41, 0, 1, 0, 130)
8 (1, 4, 50, 0, 0, 0, 230, 0, 1, 2, 0, 195)
9 (1, 4, 0, 0, 441, 0, 187, 0, 1, 2, 0, 57)
10 (1, 4, 0, 86, 873, 0, 0, 0, 1, 1, 0, 232)
11 (1, 4, 119, 765, 618, 0, 0, 0, 1, 2, 0, 82)
12 (1, 4, 298, 660, 74, 0, 0, 0, 1, 2, 0, 124)
13 (1, 4, 556, 325, 0, 0, 0, 69, 1, 2, 0, 167)
14 (1, 4, 421, 0, 0, 0, 0, 22, 0, 1, 0, 236)
15 (1, 4, 85, 0, 0, 0, 24, 14, 0, 1, 0, 40)
16 (1, 4, 140, 0, 0, 0, 39, 0, 1, 1, 0, 79)
17 (1, 4, 242, 0, 119, 0, 76, 0, 1, 1, 0, 119)
18 (1, 4, 0, 0, 494, 0, 173, 0, 1, 1, 0, 113)
19 (1, 4, 0, 0, 873, 0, 75, 0, 0, 1, 0, 143)
20 (1, 4, 121, 0, 873, 0, 151, 0, 1, 1, 0, 180)
21 (1, 4, 852, 127, 675, 0, 31, 0, 1, 1, 0, 147)
22 (1, 4, 351, 598, 481, 0, 34, 0, 1, 1, 0, 28)
23 (1, 4, 659, 703, 397, 0, 29, 0, 0, 1, 0, 44)
24 (1, 4, 510, 455, 141, 0, 39, 10, 0, 1, 0, 44)
25 (1, 4, 382, 460, 27, 0, 34, 27, 1, 1, 0, 89)
26 (1, 4, 345, 101, 0, 0, 11, 35, 4, 5, 0, 135)
27 (1, 4, 193, 58, 0, 0, 13, 20, 0, 0, 0, 108)
28 (1, 4, 122, 46, 0, 0, 8, 19, 0, 1, 0, 101)
29 (1, 4, 30, 0, 90, 0, 0, 15, 1, 1, 0, 45)
30 (1, 4, 56, 0, 153, 0, 0, 12, 0, 0, 0, 16)
31 (1, 4, 26, 0, 237, 0, 0, 0, 1, 1, 0, 121)
0 (1, 4, 74, 0, 0, 0, 11, 42, 0, 1, 0, 72)
1 (1, 4, 85, 0, 0, 0, 50, 34, 0, 1, 0, 40)
2 (1, 4, 0, 0, 0, 0, 108, 2, 0, 1, 0, 153)
3 (1, 4, 0, 0, 197, 0, 91, 0, 0, 1, 0, 0)
4 (1, 4, 0, 0, 447, 0, 123, 0, 0, 1, 0, 185)
5 (1, 4, 0, 0, 717, 0, 1, 0, 1, 2, 0, 117)
6 (1, 4, 172, 59, 426, 0, 0, 0, 0, 1, 0, 134)
7 (1, 4, 0, 491, 167, 0, 0, 0, 0, 1, 0, 49)
8 (1, 4, 388, 674, 0, 0, 0, 0, 0, 1, 0, 89)
9 (1, 4, 406, 591, 0, 0, 0, 0, 0, 1, 0, 57)
10 (1, 4, 423, 331, 0, 0, 0, 8, 0, 1, 0, 8)
11 (1, 4, 258, 128, 0, 0, 44, 23, 0, 1, 0, 229)
12 (1, 4, 273, 0, 0, 0, 35, 84, 0, 1, 0, 156)
13 (1, 4, 97, 0, 21, 0, 63, 39, 0, 1, 0, 115)
14 (1, 4, 0, 0, 182, 0, 46, 13, 0, 1, 0, 137)
15 (1, 4, 0, 0, 305, 0, 84, 0, 0, 1, 0, 33)
16 (1, 4, 0, 0, 355, 0, 8, 0, 0, 1, 0, 55)
17 (1, 4, 0, 0, 519, 0, 0, 0, 0, 1, 0, 74)
18 (1, 4, 0, 201, 525, 0, 0, 0, 0, 1, 0, 93)
19 (1, 4, 274, 559, 261, 0, 0, 0, 0, 1, 0, 194)
20 (1, 4, 417, 714, 77, 0, 0, 0, 0, 1, 0, 215)
21 (1, 4, 679, 554, 0, 0, 0, 0, 0, 1, 0, 56)
22 (1, 4, 181, 260, 0, 0, 31, 0, 1, 1, 0, 96)
23 (1, 4, 129, 147, 0, 0, 3, 0, 1, 1, 0, 95)
24 (1, 4, 317, 53, 0, 0, 0, 0, 0, 1, 0, 186)
25 (1, 4, 395, 40, 0, 0, 20, 0, 1, 1, 0, 21)
26 (1, 4, 329, 0, 0, 18, 33, 3, 0, 1, 0, 59)
27 (1, 4, 241, 0, 241, 15, 26, 0, 1, 1, 0, 206)
28 (1, 4, 0, 42, 497, 0, 5, 0, 0, 0, 0, 186)
29 (1, 4, 0, 67, 634, 0, 0, 0, 0, 0, 0, 118)
30 (1, 4, 0, 0, 334, 0, 0, 0, 0, 0, 0, 21)
31 (1, 4, 0, 0, 233, 0, 0, 0, 0, 0, 0, 162)
0 (1, 4, 0, 24, 110, 0, 0, 0, 0, 0, 0, 100)
1 (1, 4, 0, 10, 43, 0, 0, 0, 0, 0, 0, 89)
2 (1, 4, 0, 15, 47, 0, 0, 0, 0, 0, 0, 104)
3 (1, 4, 75, 0, 12, 0, 0, 0, 0, 0, 0, 119)
4 (1, 4, 41, 16, 42, 0, 0, 0, 0, 0, 0, 203)
5 (1, 4, 0, 88, 9, 0, 0, 0, 0, 0, 0, 7)
6 (1, 4, 0, 203, 0, 0, 0, 0, 0, 0, 0, 151)
7 (1, 4, 281, 371, 0, 0, 0, 0, 0, 0, 0, 255)
8 (1, 4, 209, 529, 0, 0, 0, 0, 0, 0, 0, 21)
9 (1, 4, 219, 500, 0, 0, 0, 0, 0, 1, 0, 21)
10 (1, 4, 366, 476, 0, 0, 0, 0, 0, 1, 0, 98)
11 (1, 4, 255, 264, 0, 0, 0, 0, 0, 1, 0, 162)
12 (1, 4, 243, 113, 0, 0, 0, 36, 0, 1, 0, 253)
13 (1, 4, 264, 0, 0, 0, 0, 54, 0, 1, 0, 217)
14 (1, 4, 224, 0, 0, 0, 0, 51, 0, 1, 0, 90)
15 (1, 4, 138, 0, 31, 0, 18, 5, 0, 1, 0, 151)
16 (1, 4, 64, 0, 228, 0, 17, 0, 0, 1, 0, 202)
17 (1, 4, 97, 0, 430, 0, 5, 0, 0, 1, 0, 80)
18 (1, 4, 215, 0, 658, 0, 0, 0, 0, 1, 0, 88)
19 (1, 4, 251, 78, 667, 0, 0, 0, 0, 1, 0, 120)
20 (1, 4, 324, 408, 323, 0, 0, 0, 0, 1, 0, 141)
21 (1, 4, 446, 585, 0, 0, 0, 0, 0, 1, 0, 57)
22 (1, 4, 276, 437, 0, 0, 0, 0, 0, 1, 0, 231)
23 (1, 4, 108, 346, 0, 0, 0, 22, 0, 1, 0, 213)
24 (1, 4, 42, 190, 0, 0, 0, 38, 0, 1, 0, 117)
25 (1, 4, 127, 1, 0, 0, 0, 51, 0, 1, 0, 64)
26 (1, 4, 170, 0, 0, 0, 23, 26, 0, 1, 0, 198)
27 (1, 4, 123, 0, 0, 0, 56, 11, 0, 1, 0, 28)
28 (1, 4, 159, 0, 60, 10, 64, 0, 0, 1, 0, 5)
29 (1, 4, 254, 0, 351, 0, 62, 0, 0, 1, 0, 34)
30 (1, 4, 439, 0, 521, 0, 26, 0, 0, 1, 0, 43)
31 (1, 4, 120, 470, 873, 0, 13, 0, 1, 2, 0, 52)
0 (1, 4, 206, 30, 0, 0, 0, 0, 0, 1, 0, 184)
1 (1, 4, 298, 0, 0, 0, 0, 24, 0, 1, 0, 133)
2 (1, 4, 147, 0, 0, 0, 18, 34, 0, 1, 0, 157)
3 (1, 4, 139, 0, 0, 0, 35, 25, 0, 1, 0, 2)
4 (1, 4, 168, 0, 36, 0, 45, 0, 0, 1, 0, 65)
5 (1, 4, 17, 0, 266, 0, 56, 0, 0, 1, 0, 124)
6 (1, 4, 0, 0, 464, 0, 39, 0, 0, 1, 0, 88)
7 (1, 4, 19, 0, 692, 0, 3, 0, 0, 1, 0, 248)
8 (1, 4, 0, 0, 826, 0, 0, 0, 0, 1, 0, 224)
9 (1, 4, 0, 265, 481, 0, 0, 0, 0, 1, 0, 203)
10 (1, 4, 0, 533, 131, 0, 0, 0, 0, 1, 0, 156)
11 (1, 4, 516, 346, 0, 0, 0, 0, 0, 1, 0, 240)
12 (1, 4, 483, 231, 0, 0, 0, 0, 0, 1, 0, 28)
13 (1, 4, 380, 13, 0, 0, 0, 31, 0, 1, 0, 7)
14 (1, 4, 257, 0, 0, 0, 28, 44, 0, 1, 0, 128)
15 (1, 4, 133, 0, 0, 0, 40, 43, 0, 1, 0, 215)
16 (1, 4, 98, 0, 81, 0, 57, 14, 0, 1, 0, 65)
17 (1, 4, 235, 0, 291, 0, 89, 0, 0, 1, 0, 19)
18 (1, 4, 464, 0, 873, 0, 131, 0, 0, 1, 0, 30)
19 (1, 4, 0, 215, 873, 0, 0, 0, 0, 1, 0, 62)
20 (1, 4, 0, 418, 316, 0, 0, 0, 0, 1, 0, 96)
21 (1, 4, 873, 595, 316, 0, 0, 0, 1, 1, 0, 136)
22 (1, 4, 445, 815, 151, 0, 0, 0, 0, 1, 0, 83)
23 (1, 4, 378, 534, 0, 0, 7, 0, 0, 1, 0, 166)
24 (1, 4, 250, 517, 0, 0, 27, 0, 1, 1, 0, 205)
25 (1, 4, 22, 472, 0, 0, 0, 18, 0, 0, 0, 101)
26 (1, 4, 0, 182, 0, 0, 0, 32, 0, 0, 0, 202)
27 (1, 4, 90, 34, 0, 0, 0, 19, 0, 0, 0, 97)
28 (1, 4, 60, 0, 45, 0, 0, 8, 0, 0, 0, 115)
29 (1, 4, 0, 0, 43, 0, 0, 0, 0, 0, 0, 135)
30 (1, 4, 0, 0, 51, 0, 0, 0, 0, 0, 0, 68)
31 (1, 4, 0, 0, 44, 0, 0, 0, 1, 0, 0, 0)
0 (1, 4, 164, 37, 0, 0, 0, 0, 0, 1, 0, 82)
1 (1, 4, 103, 5, 0, 0, 0, 21, 0, 1, 0, 103)
2 (1, 4, 124, 0, 0, 0, 0, 26, 0, 1, 0, 115)
3 (1, 4, 231, 0, 0, 0, 0, 32, 0, 1, 0, 197)
4 (1, 4, 327, 0, 0, 0, 15, 12, 0, 1, 0, 130)
5 (1, 4, 139, 0, 78, 0, 18, 0, 0, 1, 0, 35)
6 (1, 4, 34, 0, 234, 0, 0, 0, 0, 1, 0, 169)
7 (1, 4, 25, 0, 364, 0, 0, 0, 0, 1, 0, 49)
8 (1, 4, 0, 0, 501, 0, 18, 0, 0, 1, 0, 126)
9 (1, 4, 0, 0, 750, 0, 116, 0, 0, 1, 0, 231)
10 (1, 4, 0, 0, 873, 0, 107, 0, 0, 1, 0, 130)
11 (1, 4, 206, 0, 653, 0, 0, 0, 0, 1, 0, 224)
12 (1, 4, 653, 527, 432, 0, 4, 0, 1, 1, 0, 146)
13 (1, 4, 398, 606, 112, 0, 0, 0, 0, 1, 0, 7)
14 (1, 4, 742, 705, 0, 0, 19, 0, 0, 1, 0, 154)
15 (1, 4, 243, 334, 0, 0, 79, 54, 0, 1, 0, 211)
16 (1, 4, 161, 157, 0, 0, 0, 38, 0, 0, 0, 115)
17 (1, 4, 106, 65, 0, 0, 14, 0, 1, 1, 0, 179)
18 (1, 4, 0, 48, 0, 0, 11, 0, 1, 1, 0, 158)
19 (1, 4, 24, 0, 55, 0, 0, 0, 1, 1, 0, 131)
20 (1, 4, 0, 0, 87, 0, 0, 0, 0, 1, 0, 116)
21 (1, 4, 0, 0, 209, 0, 0, 0, 1, 1, 0, 150)
22 (1, 4, 0, 0, 248, 0, 0, 0, 1, 1, 0, 64)
23 (1, 4, 0, 0, 285, 0, 0, 0, 1, 1, 0, 35)
24 (1, 4, 0, 0, 161, 0, 0, 0, 1, 1, 0, 236)
25 (1, 4, 0, 0, 165, 0, 0, 0, 1, 1, 0, 178)
26 (1, 4, 0, 0, 236, 0, 0, 0, 1, 1, 0, 97)
27 (1, 4, 0, 0, 231, 0, 0, 0, 1, 1, 0, 102)
28 (1, 4, 0, 0, 107, 0, 0, 0, 1, 1, 0, 117)
29 (1, 4, 0, 25, 84, 0, 0, 0, 1, 1, 0, 202)
30 (1, 4, 0, 0, 30, 0, 0, 0, 0, 1, 0, 167)
31 (1, 4, 0, 10, 29, 0, 0, 0, 1, 1, 0, 160)
0 (1, 4, 88, 0, 312, 0, 53, 0, 0, 1, 0, 126)
1 (1, 4, 118, 0, 498, 0, 59, 0, 0, 1, 0, 164)
2 (1, 4, 0, 0, 873, 0, 70, 0, 0, 1, 0, 212)
3 (1, 4, 14, 0, 820, 0, 0, 0, 0, 1, 0, 121)
4 (1, 4, 54, 455, 370, 0, 0, 0, 1, 1, 0, 25)
5 (1, 4, 37, 705, 4, 0, 0, 0, 0, 1, 0, 64)
6 (1, 4, 650, 488, 0, 0, 0, 0, 0, 1, 0, 126)
7 (1, 4, 537, 538, 0, 0, 0, 0, 0, 1, 0, 253)
8 (1, 4, 561, 215, 0, 0, 48, 24, 0, 1, 0, 104)
9 (1, 4, 333, 52, 0, 0, 119, 57, 0, 1, 0, 28)
10 (1, 4, 201, 0, 0, 0, 111, 79, 0, 1, 0, 245)
11 (1, 4, 108, 0, 128, 2, 78, 41, 0, 1, 0, 130)
12 (1, 4, 0, 0, 455, 0, 44, 15, 0, 1, 0, 113)
13 (1, 4, 0, 0, 631, 0, 36, 0, 1, 1, 0, 188)
14 (1, 4, 0, 0, 567, 0, 92, 0, 0, 1, 0, 118)
15 (1, 4, 112, 0, 763, 0, 89, 0, 0, 1, 0, 170)
16 (1, 4, 159, 63, 681, 0, 0, 0, 0, 1, 0, 53)
17 (1, 4, 727, 311, 306, 0, 0, 0, 1, 1, 0, 146)
18 (1, 4, 873, 366, 0, 0, 102, 0, 0, 1, 0, 133)
19 (1, 4, 406, 549, 0, 0, 138, 0, 0, 1, 0, 161)
20 (1, 4, 389, 731, 0, 0, 118, 0, 1, 1, 0, 144)
21 (1, 4, 523, 614, 0, 0, 92, 0, 1, 1, 0, 151)
22 (1, 4, 204, 388, 0, 0, 46, 41, 1, 1, 0, 212)
23 (1, 4, 31, 119, 35, 0, 36, 65, 1, 1, 0, 222)
24 (1, 4, 0, 0, 0, 0, 2, 34, 0, 1, 0, 255)
25 (1, 4, 76, 0, 15, 0, 0, 9, 0, 1, 0, 184)
26 (1, 4, 0, 0, 50, 0, 0, 3, 0, 1, 0, 221)
27 (1, 4, 0, 0, 116, 0, 0, 0, 0, 1, 0, 49)
28 (1, 4, 0, 0, 120, 0, 0, 0, 0, 1, 0, 211)
29 (1, 4, 24, 0, 177, 0, 0, 0, 0, 1, 0, 97)
30 (1, 4, 27, 0, 168, 0, 0, 0, 1, 1, 0, 70)
0 (1, 4, 742, 516, 0, 0, 0, 0, 0, 1, 0, 121)
1 (1, 4, 409, 455, 0, 0, 0, 0, 0, 1, 0, 249)
2 (1, 4, 376, 110, 0, 0, 0, 56, 0, 1, 0, 20)
3 (1, 4, 230, 0, 0, 0, 42, 79, 0, 1, 0, 232)
4 (1, 4, 108, 0, 0, 0, 88, 76, 0, 1, 0, 151)
5 (1, 4, 75, 0, 73, 0, 88, 1, 0, 1, 0, 172)
6 (1, 4, 121, 0, 346, 0, 15, 0, 0, 1, 0, 38)
7 (1, 4, 222, 0, 540, 0, 15, 0, 0, 1, 0, 179)
8 (1, 4, 91, 0, 873, 0, 0, 0, 0, 0, 0, 191)
9 (1, 4, 0, 697, 765, 0, 0, 0, 0, 1, 0, 59)
10 (1, 4, 834, 113, 112, 0, 0, 0, 0, 1, 0, 105)
11 (1, 4, 0, 517, 0, 0, 0, 0, 0, 1, 0, 183)
12 (1, 4, 412, 182, 0, 0, 0, 12, 0, 1, 0, 32)
13 (1, 4, 248, 0, 0, 0, 0, 53, 0, 1, 0, 6)
14 (1, 4, 173, 0, 0, 0, 40, 32, 0, 1, 0, 236)
15 (1, 4, 176, 0, 0, 0, 58, 0, 0, 1, 0, 156)
16 (1, 4, 107, 0, 208, 7, 50, 0, 0, 1, 0, 107)
17 (1, 4, 63, 0, 431, 0, 47, 0, 0, 1, 0, 199)
18 (1, 4, 62, 0, 653, 0, 68, 0, 0, 1, 0, 162)
19 (1, 4, 390, 55, 740, 0, 0, 0, 0, 1, 0, 151)
20 (1, 4, 423, 694, 535, 0, 0, 0, 0, 0, 0, 124)
21 (1, 4, 873, 663, 45, 0, 0, 0, 0, 0, 0, 111)
22 (1, 4, 485, 873, 0, 0, 80, 0, 0, 0, 0, 225)
23 (1, 4, 273, 788, 0, 0, 49, 0, 0, 0, 0, 240)
24 (1, 4, 295, 607, 0, 0, 49, 0, 0, 0, 0, 254)
25 (1, 4, 106, 422, 0, 0, 28, 19, 0, 1, 0, 180)
26 (1, 4, 114, 292, 0, 0, 2, 44, 0, 1, 0, 150)
27 (1, 4, 62, 62, 0, 0, 2, 28, 0, 1, 0, 127)
28 (1, 4, 38, 58, 0, 0, 0, 30, 0, 1, 0, 126)
29 (1, 4, 11, 0, 65, 0, 0, 34, 0, 1, 0, 0)
0 (1, 4, 200, 346, 0, 0, 0, 0, 0, 1, 0, 32)
1 (1, 4, 194, 28, 0, 0, 0, 38, 0, 1, 0, 240)
2 (1, 4, 152, 0, 0, 0, 1, 45, 0, 1, 0, 8)
3 (1, 4, 144, 0, 0, 0, 24, 21, 0, 1, 0, 221)
4 (1, 4, 19, 0, 130, 0, 33, 0, 0, 1, 0, 77)
5 (1, 4, 0, 0, 344, 0, 67, 0, 0, 1, 0, 225)
6 (1, 4, 0, 0, 586, 0, 46, 0, 0, 0, 0, 113)
7 (1, 4, 0, 0, 630, 0, 0, 0, 0, 0, 0, 207)
8 (1, 4, 121, 38, 225, 0, 0, 0, 0, 0, 0, 187)
9 (1, 4, 0, 481, 66, 0, 0, 0, 0, 0, 0, 186)
10 (1, 4, 251, 501, 0, 0, 0, 0, 0, 0, 0, 12)
11 (1, 4, 250, 420, 0, 0, 0, 0, 0, 0, 0, 85)
12 (1, 4, 234, 344, 0, 0, 0, 0, 0, 0, 0, 253)
13 (1, 4, 214, 126, 0, 0, 0, 30, 0, 0, 0, 247)
14 (1, 4, 195, 0, 0, 0, 0, 31, 0, 0, 0, 218)
15 (1, 4, 120, 0, 0, 0, 24, 10, 0, 0, 0, 183)
16 (1, 4, 0, 0, 0, 0, 47, 0, 0, 0, 0, 218)
17 (1, 4, 0, 0, 145, 0, 52, 0, 0, 0, 0, 15)
18 (1, 4, 0, 0, 348, 0, 51, 0, 0, 0, 0, 70)
19 (1, 4, 0, 0, 574, 0, 45, 0, 0, 0, 0, 222)
20 (1, 4, 0, 0, 559, 0, 0, 0, 0, 0, 0, 99)
21 (1, 4, 100, 137, 441, 0, 0, 0, 0, 0, 0, 10)
22 (1, 4, 45, 502, 325, 0, 0, 0, 0, 0, 0, 224)
23 (1, 4, 445, 616, 136, 0, 0, 0, 0, 0, 0, 122)
24 (1, 4, 517, 588, 0, 0, 7, 0, 0, 0, 0, 3)
25 (1, 4, 354, 515, 0, 0, 12, 1, 0, 1, 0, 173)
26 (1, 4, 192, 256, 0, 0, 18, 31, 0, 0, 0, 90)
27 (1, 4, 159, 167, 0, 0, 17, 26, 0, 0, 0, 108)
28 (1, 4, 58, 172, 0, 0, 16, 16, 0, 0, 0, 201)
29 (1, 4, 88, 149, 0, 0, 2, 31, 1, 1, 0, 185)
30 (1, 4, 12, 0, 108, 0, 0, 24, 1, 1, 0, 225)
0 (1, 4, 0, 232, 0, 0, 0, 0, 0, 1, 0, 230)
1 (1, 4, 0, 499, 0, 0, 0, 0, 0, 1, 0, 9)
2 (1, 4, 0, 631, 0, 0, 0, 0, 0, 1, 0, 250)
3 (1, 4, 110, 829, 0, 0, 0, 0, 0, 1, 0, 88)
4 (1, 4, 358, 583, 0, 0, 0, 0, 0, 1, 0, 49)
5 (1, 4, 510, 278, 0, 0, 0, 0, 0, 1, 0, 203)
6 (1, 4, 341, 0, 0, 0, 0, 6, 0, 1, 0, 132)
7 (1, 4, 362, 0, 0, 0, 8, 0, 0, 1, 0, 244)
8 (1, 4, 173, 0, 0, 0, 27, 0, 0, 1, 0, 78)
9 (1, 4, 221, 0, 109, 0, 34, 0, 0, 1, 0, 163)
10 (1, 4, 0, 0, 243, 0, 50, 0, 0, 1, 0, 95)
11 (1, 4, 181, 0, 407, 0, 12, 0, 0, 1, 0, 5)
12 (1, 4, 0, 0, 539, 0, 0, 0, 0, 1, 0, 215)
13 (1, 4, 98, 187, 429, 0, 0, 0, 0, 1, 0, 170)
14 (1, 4, 17, 464, 334, 0, 0, 0, 0, 0, 0, 253)
15 (1, 4, 192, 612, 89, 0, 0, 0, 0, 0, 0, 24)
16 (1, 4, 268, 617, 0, 0, 0, 0, 0, 0, 0, 190)
17 (1, 4, 479, 413, 0, 0, 0, 3, 0, 0, 0, 101)
18 (1, 4, 408, 120, 0, 0, 0, 30, 0, 0, 0, 159)
19 (1, 4, 271, 0, 0, 0, 0, 52, 0, 0, 0, 33)
20 (1, 4, 246, 0, 0, 0, 16, 33, 0, 0, 0, 26)
21 (1, 4, 146, 0, 0, 0, 10, 0, 0, 0, 0, 164)
22 (1, 4, 114, 0, 90, 0, 12, 0, 0, 0, 0, 249)
23 (1, 4, 133, 0, 337, 0, 71, 0, 0, 0, 0, 98)
24 (1, 4, 0, 0, 804, 0, 51, 0, 0, 0, 0, 58)
25 (1, 4, 0, 0, 849, 0, 0, 0, 0, 0, 0, 137)
26 (1, 4, 556, 114, 652, 0, 0, 0, 0, 0, 0, 17)
27 (1, 4, 289, 662, 365, 0, 0, 0, 0, 1, 0, 234)
28 (1, 4, 873, 657, 100, 0, 0, 0, 0, 0, 0, 11)
29 (1, 4, 459, 536, 0, 0, 28, 4, 0, 0, 0, 79)
30 (1, 4, 265, 289, 0, 0, 11, 41, 0, 0, 0, 78)
31 (1, 4, 188, 115, 0, 0, 26, 6, 0, 0, 0, 134)
0 (1, 4, 238, 667, 0, 0, 51, 0, 0, 0, 0, 180)
1 (1, 4, 200, 521, 0, 0, 23, 0, 0, 0, 0, 180)
2 (1, 4, 690, 117, 0, 0, 0, 60, 0, 1, 0, 157)
3 (1, 4, 372, 228, 0, 0, 74, 10, 1, 1, 0, 3)
4 (1, 4, 74, 155, 0, 0, 4, 45, 1, 1, 0, 155)
5 (1, 4, 68, 2, 0, 4, 24, 7, 1, 1, 0, 128)
6 (1, 4, 0, 29, 0, 28, 1, 0, 1, 1, 0, 192)
7 (1, 4, 8, 2, 132, 2, 0, 0, 0, 1, 0, 153)
8 (1, 4, 0, 0, 213, 0, 0, 0, 1, 1, 0, 200)
9 (1, 4, 35, 0, 343, 0, 0, 0, 0, 1, 0, 252)
10 (1, 4, 0, 0, 329, 0, 0, 0, 1, 1, 0, 249)
11 (1, 4, 0, 0, 271, 0, 0, 0, 1, 1, 0, 115)
12 (1, 4, 0, 0, 251, 0, 0, 0, 1, 1, 0, 251)
13 (1, 4, 0, 0, 257, 0, 0, 0, 0, 0, 0, 183)
14 (1, 4, 0, 0, 191, 0, 0, 0, 0, 0, 0, 87)
15 (1, 4, 0, 0, 161, 0, 0, 0, 1, 1, 0, 236)
16 (1, 4, 0, 0, 209, 0, 0, 0, 0, 1, 0, 244)
17 (1, 4, 0, 0, 171, 0, 0, 0, 0, 1, 0, 29)
18 (1, 4, 0, 0, 98, 0, 0, 0, 1, 1, 0, 93)
19 (1, 4, 0, 41, 63, 0, 0, 0, 0, 1, 0, 9)
20 (1, 4, 7, 86, 0, 0, 0, 0, 0, 0, 0, 1)
21 (1, 4, 39, 87, 0, 0, 0, 0, 1, 0, 0, 17)
22 (1, 4, 43, 90, 0, 0, 0, 0, 0, 0, 0, 231)
23 (1, 4, 62, 98, 0, 0, 0, 0, 0, 0, 0, 33)
24 (1, 4, 97, 88, 0, 0, 1, 0, 1, 0, 0, 116)
25 (1, 4, 136, 89, 0, 0, 1, 0, 0, 0, 0, 134)
26 (1, 4, 148, 80, 0, 0, 2, 0, 0, 0, 0, 163)
27 (1, 4, 119, 54, 0, 0, 5, 0, 0, 0, 0, 116)
28 (1, 4, 96, 44, 0, 0, 4, 0, 0, 0, 0, 120)
29 (1, 4, 64, 23, 0, 0, 6, 0, 0, 0, 0, 133)
30 (1, 4, 16, 8, 2, 0, 7, 0, 0, 0, 0, 106)
31 (1, 4, 16, 0, 35, 0, 2, 0, 0, 0, 0, 41)
0 (1, 4, 218, 0, 0, 0, 0, 55, 0, 1, 0, 100)
1 (1, 4, 95, 0, 90, 0, 13, 10, 0, 1, 0, 57)
2 (1, 4, 37, 0, 254, 9, 13, 0, 0, 1, 0, 30)
3 (1, 4, 104, 0, 405, 1, 3, 0, 0, 1, 0, 166)
4 (1, 4, 33, 0, 527, 0, 0, 0, 0, 1, 0, 63)
5 (1, 4, 0, 0, 639, 0, 28, 0, 0, 1, 0, 43)
6 (1, 4, 0, 0, 778, 0, 37, 0, 0, 1, 0, 246)
7 (1, 4, 0, 115, 806, 0, 0, 0, 0, 1, 0, 133)
8 (1, 4, 873, 49, 620, 0, 0, 0, 0, 1, 0, 104)
9 (1, 4, 873, 442, 378, 0, 126, 0, 2, 2, 0, 53)
10 (1, 4, 763, 666, 27, 0, 214, 0, 1, 2, 0, 166)
11 (1, 4, 562, 627, 0, 0, 144, 0, 0, 1, 0, 174)
12 (1, 4, 700, 569, 0, 0, 144, 0, 1, 1, 0, 208)
13 (1, 4, 252, 427, 0, 0, 81, 0, 0, 1, 0, 77)
14 (1, 4, 0, 371, 0, 0, 51, 47, 0, 1, 0, 83)
15 (1, 4, 0, 94, 0, 0, 0, 36, 0, 1, 0, 39)
16 (1, 4, 0, 0, 0, 29, 0, 0, 0, 1, 0, 121)
17 (1, 4, 37, 0, 0, 49, 0, 0, 0, 0, 0, 142)
18 (1, 4, 0, 0, 14, 17, 0, 0, 0, 1, 0, 48)
19 (1, 4, 0, 0, 0, 0, 0, 0, 0, 1, 0, 21)
20 (1, 4, 0, 0, 0, 0, 0, 0, 1, 2, 0, 202)
21 (1, 4, 0, 0, 0, 0, 0, 0, 1, 1, 0, 119)
22 (1, 4, 0, 0, 0, 0, 0, 0, 1, 1, 0, 119)
23 (1, 4, 0, 0, 0, 0, 10, 0, 1, 1, 0, 68)
24 (1, 4, 0, 0, 0, 0, 31, 0, 0, 1, 0, 57)
25 (1, 4, 0, 0, 0, 0, 33, 0, 0, 1, 0, 97)
26 (1, 4, 0, 0, 0, 0, 10, 0, 1, 1, 0, 68)
27 (1, 4, 0, 0, 48, 0, 6, 0, 0, 1, 0, 133)
28 (1, 4, 0, 0, 46, 0, 7, 0, 0, 1, 0, 78)
29 (1, 4, 0, 0, 76, 0, 0, 0, 1, 1, 0, 110)
30 (1, 4, 0, 0, 55, 0, 0, 0, 0, 1, 0, 113)
31 (1, 4, 0, 0, 75, 0, 0, 0, 0, 1, 0, 233)
0 (1, 4, 279, 0, 0, 0, 0, 11, 0, 1, 0, 81)
1 (1, 4, 14, 6, 0, 0, 12, 0, 0, 1, 0, 212)
2 (1, 4, 0, 108, 0, 0, 0, 0, 0, 0, 0, 86)
3 (1, 4, 0, 35, 0, 0, 0, 0, 0, 1, 0, 15)
4 (1, 4, 4, 6, 0, 0, 5, 0, 0, 0, 0, 107)
5 (1, 4, 0, 43, 0, 0, 3, 0, 0, 1, 0, 55)
6 (1, 4, 0, 63, 27, 0, 0, 0, 0, 1, 0, 127)
7 (1, 4, 0, 68, 83, 0, 0, 0, 0, 0, 0, 24)
8 (1, 4, 0, 0, 27, 0, 0, 0, 0, 0, 0, 6)
9 (1, 4, 0, 135, 0, 0, 0, 0, 0, 1, 0, 22)
10 (1, 4, 0, 376, 0, 0, 0, 0, 0, 1, 0, 99)
11 (1, 4, 0, 95, 0, 0, 0, 0, 1, 1, 0, 36)
12 (1, 4, 0, 379, 0, 0, 0, 0, 0, 1, 0, 187)
13 (1, 4, 371, 396, 0, 0, 0, 0, 0, 1, 0, 38)
14 (1, 4, 480, 63, 0, 0, 0, 0, 0, 1, 0, 94)
15 (1, 4, 296, 0, 0, 0, 5, 15, 0, 1, 0, 195)
16 (1, 4, 129, 0, 0, 0, 37, 48, 0, 1, 0, 235)
17 (1, 4, 0, 0, 0, 0, 31, 22, 0, 1, 0, 38)
18 (1, 4, 0, 0, 70, 0, 18, 0, 0, 1, 0, 232)
19 (1, 4, 0, 0, 318, 0, 38, 0, 0, 1, 0, 24)
20 (1, 4, 0, 0, 440, 0, 71, 0, 0, 1, 0, 246)
21 (1, 4, 0, 0, 620, 0, 82, 0, 0, 1, 0, 37)
22 (1, 4, 0, 0, 379, 0, 0, 0, 0, 1, 0, 53)
23 (1, 4, 0, 0, 427, 0, 0, 0, 0, 1, 0, 64)
24 (1, 4, 225, 411, 285, 0, 0, 0, 0, 1, 0, 250)
25 (1, 4, 231, 730, 134, 0, 0, 0, 0, 0, 0, 127)
26 (1, 4, 483, 583, 0, 0, 0, 0, 0, 0, 0, 121)
27 (1, 4, 424, 515, 0, 0, 51, 0, 0, 0, 0, 200)
28 (1, 4, 344, 389, 0, 0, 48, 22, 0, 1, 0, 18)
29 (1, 4, 179, 220, 0, 0, 38, 23, 0, 1, 0, 99)
30 (1, 4, 108, 162, 0, 0, 24, 32, 0, 0, 0, 51)
31 (1, 4, 0, 2, 0, 22, 12, 14, 2, 2, 0, 176)
0 (1, 4, 163, 11, 0, 0, 0, 0, 1, 2, 0, 97)
1 (1, 4, 146, 109, 0, 0, 0, 0, 1, 1, 0, 3)
2 (1, 4, 104, 157, 0, 0, 0, 0, 0, 1, 0, 151)
3 (1, 4, 242, 261, 0, 0, 0, 0, 0, 1, 0, 56)
4 (1, 4, 321, 153, 0, 0, 0, 0, 1, 1, 0, 148)
5 (1, 4, 257, 0, 0, 0, 0, 37, 0, 1, 0, 18)
6 (1, 4, 238, 0, 0, 0, 0, 58, 0, 1, 0, 59)
7 (1, 4, 267, 0, 0, 0, 14, 42, 0, 1, 0, 87)
8 (1, 4, 175, 0, 0, 0, 28, 0, 0, 1, 0, 58)
9 (1, 4, 73, 0, 148, 0, 28, 0, 0, 1, 0, 149)
10 (1, 4, 0, 0, 275, 0, 29, 0, 0, 1, 0, 82)
11 (1, 4, 0, 0, 386, 0, 27, 0, 0, 1, 0, 89)
12 (1, 4, 0, 0, 628, 0, 33, 0, 0, 1, 0, 255)
13 (1, 4, 455, 0, 873, 0, 54, 0, 0, 1, 0, 242)
14 (1, 4, 0, 522, 873, 0, 0, 0, 2, 2, 0, 181)
15 (1, 4, 873, 472, 442, 0, 0, 0, 0, 1, 0, 40)
16 (1, 4, 574, 469, 3, 0, 2, 0, 0, 1, 0, 66)
17 (1, 4, 234, 635, 0, 0, 91, 0, 0, 0, 0, 26)
18 (1, 4, 0, 250, 0, 0, 44, 29, 0, 0, 0, 61)
19 (1, 4, 19, 210, 0, 0, 39, 12, 0, 0, 0, 248)
20 (1, 4, 3, 254, 0, 0, 5, 31, 0, 0, 0, 249)
21 (1, 4, 122, 111, 0, 0, 2, 60, 0, 0, 0, 83)
22 (1, 4, 0, 0, 42, 0, 14, 39, 0, 0, 0, 113)
23 (1, 4, 0, 0, 86, 0, 16, 21, 0, 1, 0, 28)
24 (1, 4, 5, 0, 207, 0, 26, 0, 0, 1, 0, 198)
25 (1, 4, 0, 0, 329, 0, 45, 0, 1, 1, 0, 175)
26 (1, 4, 0, 0, 580, 0, 22, 0, 1, 1, 0, 252)
27 (1, 4, 0, 0, 459, 0, 0, 0, 1, 1, 0, 39)
28 (1, 4, 0, 0, 193, 0, 0, 0, 1, 1, 0, 233)
0 (1, 4, 212, 0, 0, 0, 0, 33, 0, 0, 0, 68)
1 (1, 4, 86, 0, 0, 0, 0, 15, 0, 0, 0, 202)
2 (1, 4, 38, 0, 0, 0, 0, 48, 0, 1, 0, 132)
3 (1, 4, 0, 21, 0, 0, 0, 12, 0, 1, 0, 132)
4 (1, 4, 29, 74, 0, 0, 0, 9, 0, 1, 0, 219)
5 (1, 4, 185, 222, 0, 0, 0, 0, 0, 1, 0, 190)
6 (1, 4, 271, 348, 2, 0, 0, 0, 0, 1, 0, 12)
7 (1, 4, 389, 394, 105, 0, 0, 0, 0, 1, 0, 35)
8 (1, 4, 537, 350, 141, 0, 0, 0, 0, 2, 0, 182)
9 (1, 4, 545, 172, 0, 0, 0, 0, 1, 2, 0, 173)
10 (1, 4, 401, 190, 0, 0, 0, 0, 1, 2, 0, 149)
11 (1, 4, 183, 117, 0, 0, 0, 3, 1, 2, 0, 251)
12 (1, 4, 205, 0, 0, 0, 0, 7, 1, 2, 0, 3)
13 (1, 4, 185, 0, 0, 0, 0, 12, 0, 1, 0, 198)
14 (1, 4, 131, 0, 0, 0, 0, 21, 0, 1, 0, 107)
15 (1, 4, 78, 0, 0, 0, 0, 25, 0, 1, 0, 46)
16 (1, 4, 81, 0, 0, 0, 0, 15, 0, 1, 0, 139)
17 (1, 4, 30, 0, 64, 14, 0, 0, 0, 1, 0, 224)
18 (1, 4, 0, 0, 59, 24, 0, 0, 0, 1, 0, 156)
19 (1, 4, 14, 0, 83, 23, 0, 0, 0, 1, 0, 212)
20 (1, 4, 0, 0, 151, 0, 0, 0, 0, 1, 0, 126)
21 (1, 4, 0, 0, 308, 0, 27, 0, 0, 1, 0, 88)
22 (1, 4, 204, 0, 541, 0, 30, 0, 0, 1, 0, 39)
23 (1, 4, 113, 54, 739, 0, 81, 0, 0, 1, 0, 178)
24 (1, 4, 0, 404, 873, 0, 34, 0, 0, 1, 0, 127)
25 (1, 4, 613, 222, 734, 0, 0, 0, 0, 0, 0, 231)
26 (1, 4, 861, 670, 25, 0, 52, 0, 0, 0, 0, 194)
27 (1, 4, 601, 873, 0, 0, 76, 0, 0, 0, 0, 58)
0 (1, 4, 108, 0, 214, 0, 2, 45, 0, 0, 0, 111)
1 (1, 4, 59, 0, 305, 0, 0, 18, 0, 0, 0, 25)
2 (1, 4, 0, 0, 455, 0, 0, 0, 0, 0, 0, 204)
3 (1, 4, 0, 0, 454, 0, 0, 0, 0, 0, 0, 88)
4 (1, 4, 0, 0, 332, 0, 0, 0, 0, 0, 0, 58)
5 (1, 4, 83, 0, 246, 0, 0, 0, 0, 0, 0, 255)
6 (1, 4, 346, 0, 405, 0, 0, 0, 0, 0, 0, 96)
7 (1, 4, 257, 102, 521, 0, 0, 0, 0, 0, 0, 22)
8 (1, 4, 0, 32, 407, 0, 0, 0, 0, 0, 0, 138)
9 (1, 4, 0, 218, 379, 0, 0, 0, 0, 0, 0, 99)
10 (1, 4, 93, 407, 157, 0, 0, 0, 0, 0, 0, 46)
11 (1, 4, 183, 750, 109, 0, 0, 0, 0, 0, 0, 156)
12 (1, 4, 219, 770, 0, 0, 0, 0, 0, 1, 0, 78)
13 (1, 4, 125, 623, 0, 0, 0, 1, 0, 1, 0, 31)
14 (1, 4, 170, 501, 0, 0, 0, 26, 0, 1, 0, 128)
15 (1, 4, 194, 317, 0, 0, 3, 19, 0, 0, 0, 90)
16 (1, 4, 102, 267, 0, 0, 8, 11, 0, 0, 0, 215)
17 (1, 4, 95, 172, 0, 0, 2, 15, 0, 0, 0, 236)
18 (1, 4, 105, 37, 0, 24, 0, 8, 0, 0, 0, 6)
19 (1, 4, 57, 0, 54, 28, 0, 0, 0, 0, 0, 164)
20 (1, 4, 48, 0, 108, 11, 0, 0, 0, 0, 0, 103)
21 (1, 4, 0, 0, 150, 12, 0, 0, 0, 0, 0, 5)
22 (1, 4, 0, 0, 176, 0, 0, 0, 0, 0, 0, 14)
23 (1, 4, 0, 0, 139, 0, 0, 0, 0, 0, 0, 136)
24 (1, 4, 0, 0, 188, 0, 0, 0, 0, 0, 0, 236)
25 (1, 4, 0, 0, 153, 0, 0, 0, 0, 0, 0, 216)
26 (1, 4, 18, 0, 148, 0, 0, 0, 0, 0, 0, 82)
27 (1, 4, 9, 0, 158, 0, 0, 0, 0, 0, 0, 67)
28 (1, 4, 0, 0, 64, 0, 0, 0, 0, 0, 0, 133)
29 (1, 4, 0, 0, 46, 0, 0, 0, 0, 0, 0, 77)
0 (1, 4, 295, 201, 0, 0, 0, 0, 0, 1, 0, 126)
1 (1, 4, 232, 505, 0, 0, 0, 0, 0, 0, 0, 151)
2 (1, 4, 214, 415, 0, 0, 0, 0, 0, 0, 0, 18)
3 (1, 4, 340, 328, 0, 0, 0, 0, 0, 0, 0, 248)
4 (1, 4, 340, 80, 0, 0, 0, 31, 0, 0, 0, 229)
5 (1, 4, 235, 0, 0, 0, 0, 59, 0, 0, 0, 185)
6 (1, 4, 170, 0, 0, 0, 19, 53, 0, 0, 0, 22)
7 (1, 4, 36, 0, 0, 0, 44, 27, 0, 0, 0, 241)
8 (1, 4, 0, 0, 162, 0, 49, 0, 0, 0, 0, 175)
9 (1, 4, 0, 0, 379, 0, 28, 0, 0, 0, 0, 249)
10 (1, 4, 0, 0, 633, 0, 2, 0, 0, 0, 0, 100)
11 (1, 4, 0, 0, 701, 0, 0, 0, 0, 0, 0, 194)
12 (1, 4, 436, 552, 425, 0, 0, 0, 0, 0, 0, 176)
13 (1, 4, 271, 873, 69, 0, 0, 0, 0, 0, 0, 120)
14 (1, 4, 349, 524, 0, 0, 0, 67, 0, 0, 0, 212)
15 (1, 4, 190, 250, 0, 0, 0, 92, 0, 0, 0, 238)
16 (1, 4, 267, 0, 0, 0, 1, 57, 0, 0, 0, 32)
17 (1, 4, 106, 0, 0, 0, 55, 30, 0, 0, 0, 73)
18 (1, 4, 1, 0, 0, 0, 68, 3, 0, 0, 0, 239)
19 (1, 4, 0, 0, 214, 0, 63, 0, 0, 0, 0, 91)
20 (1, 4, 0, 0, 415, 0, 82, 0, 0, 0, 0, 153)
21 (1, 4, 0, 0, 873, 0, 102, 0, 0, 0, 0, 178)
22 (1, 4, 0, 0, 709, 0, 0, 0, 0, 0, 0, 4)
23 (1, 4, 604, 342, 383, 0, 0, 0, 0, 0, 0, 149)
24 (1, 4, 283, 720, 327, 0, 0, 0, 0, 0, 0, 147)
25 (1, 4, 521, 568, 125, 0, 0, 0, 0, 0, 0, 213)
26 (1, 4, 510, 635, 14, 0, 0, 0, 0, 1, 0, 179)
27 (1, 4, 329, 338, 0, 0, 14, 0, 0, 1, 0, 90)
28 (1, 4, 171, 150, 0, 0, 2, 10, 0, 0, 0, 184)
29 (1, 4, 81, 57, 0, 0, 2, 0, 2, 2, 0, 92)
30 (1, 4, 3, 5, 0, 0, 0, 0, 1, 1, 0, 10)
0 (1, 4, 110, 0, 0, 0, 0, 0, 0, 0, 0, 100)
1 (1, 4, 0, 131, 0, 0, 0, 0, 0, 0, 0, 167)
2 (1, 4, 0, 221, 0, 0, 0, 0, 0, 1, 0, 42)
3 (1, 4, 0, 450, 0, 0, 0, 0, 0, 1, 0, 31)
4 (1, 4, 108, 247, 0, 0, 0, 0, 0, 1, 0, 48)
5 (1, 4, 367, 83, 0, 0, 0, 7, 0, 1, 0, 42)
6 (1, 4, 136, 0, 0, 0, 7, 33, 0, 1, 0, 102)
7 (1, 4, 149, 0, 0, 0, 37, 39, 0, 1, 0, 243)
8 (1, 4, 80, 0, 0, 0, 61, 0, 0, 1, 0, 175)
9 (1, 4, 0, 0, 95, 0, 41, 0, 0, 1, 0, 125)
10 (1, 4, 0, 0, 266, 0, 35, 0, 0, 1, 0, 93)
11 (1, 4, 0, 0, 473, 0, 1, 0, 0, 0, 0, 7)
12 (1, 4, 0, 0, 486, 0, 0, 0, 0, 0, 0, 166)
13 (1, 4, 375, 108, 338, 0, 0, 0, 0, 0, 0, 38)
14 (1, 4, 87, 497, 56, 0, 0, 0, 0, 0, 0, 113)
15 (1, 4, 344, 532, 0, 0, 0, 0, 0, 0, 0, 19)
16 (1, 4, 277, 358, 0, 0, 0, 21, 0, 0, 0, 192)
17 (1, 4, 328, 107, 0, 0, 0, 56, 0, 0, 0, 55)
18 (1, 4, 226, 0, 0, 0, 15, 48, 0, 0, 0, 226)
19 (1, 4, 181, 0, 0, 0, 27, 31, 0, 0, 0, 159)
20 (1, 4, 49, 0, 7, 0, 33, 11, 0, 0, 0, 74)
21 (1, 4, 34, 0, 205, 0, 45, 0, 0, 0, 0, 143)
22 (1, 4, 4, 0, 464, 0, 51, 0, 0, 0, 0, 109)
23 (1, 4, 0, 0, 873, 0, 38, 0, 0, 0, 0, 168)
0 (1, 4, 141, 483, 112, 0, 0, 0, 0, 0, 0, 42)
1 (1, 4, 131, 464, 0, 0, 0, 0, 0, 0, 0, 127)
2 (1, 4, 159, 299, 0, 0, 0, 23, 0, 0, 0, 93)
3 (1, 4, 203, 89, 0, 0, 0, 48, 0, 0, 0, 22)
4 (1, 4, 102, 0, 0, 0, 0, 62, 0, 0, 0, 64)
5 (1, 4, 93, 0, 0, 0, 0, 60, 0, 0, 0, 188)
6 (1, 4, 19, 0, 0, 0, 41, 9, 0, 0, 0, 12)
7 (1, 4, 78, 0, 196, 0, 57, 0, 0, 0, 0, 199)
8 (1, 4, 9, 0, 421, 0, 44, 0, 0, 0, 0, 183)
9 (1, 4, 56, 0, 515, 0, 0, 0, 0, 0, 0, 40)
10 (1, 4, 110, 67, 543, 0, 0, 0, 0, 0, 0, 163)
11 (1, 4, 199, 139, 486, 0, 0, 0, 0, 0, 0, 122)
12 (1, 4, 449, 213, 315, 0, 0, 0, 0, 0, 0, 185)
13 (1, 4, 567, 367, 193, 0, 0, 0, 0, 0, 0, 252)
14 (1, 4, 455, 480, 55, 0, 11, 0, 0, 0, 0, 65)
15 (1, 4, 147, 428, 0, 0, 0, 0, 0, 0, 0, 214)
16 (1, 4, 0, 338, 0, 0, 0, 0, 0, 0, 0, 20)
17 (1, 4, 123, 392, 0, 0, 8, 0, 0, 0, 0, 36)
18 (1, 4, 268, 451, 0, 0, 47, 0, 0, 0, 0, 47)
19 (1, 4, 257, 365, 0, 0, 30, 10, 0, 0, 0, 12)
20 (1, 4, 207, 196, 0, 0, 15, 42, 0, 0, 0, 187)
21 (1, 4, 125, 44, 0, 0, 0, 48, 0, 0, 0, 79)
22 (1, 4, 173, 0, 23, 0, 0, 29, 0, 0, 0, 227)
23 (1, 4, 12, 0, 216, 0, 0, 0, 0, 1, 0, 148)
24 (1, 4, 114, 0, 191, 0, 0, 0, 0, 0, 0, 229)
25 (1, 4, 0, 0, 81, 0, 0, 0, 0, 0, 0, 110)
26 (1, 4, 0, 0, 86, 0, 0, 0, 0, 1, 0, 224)
27 (1, 4, 0, 0, 56, 0, 0, 0, 1, 1, 0, 74)
28 (1, 4, 0, 0, 73, 0, 0, 0, 1, 1, 0, 164)
29 (1, 4, 0, 0, 59, 0, 0, 0, 1, 1, 0, 241)
0 (1, 4, 0, 82, 0, 0, 0, 0, 0, 0, 0, 241)
1 (1, 4, 13, 130, 0, 0, 0, 0, 0, 0, 0, 84)
2 (1, 4, 0, 152, 0, 0, 0, 0, 0, 0, 0, 173)
3 (1, 4, 0, 158, 0, 0, 0, 0, 0, 1, 0, 113)
4 (1, 4, 0, 302, 0, 0, 0, 0, 0, 1, 0, 54)
5 (1, 4, 88, 210, 0, 0, 0, 0, 0, 1, 0, 130)
6 (1, 4, 135, 28, 0, 0, 0, 9, 0, 1, 0, 23)
7 (1, 4, 128, 0, 0, 0, 0, 12, 0, 1, 0, 159)
8 (1, 4, 49, 0, 0, 0, 44, 0, 0, 1, 0, 19)
9 (1, 4, 0, 0, 0, 0, 68, 0, 0, 1, 0, 236)
10 (1, 4, 12, 0, 59, 0, 58, 0, 0, 0, 0, 11)
11 (1, 4, 0, 0, 231, 0, 66, 0, 0, 0, 0, 135)
12 (1, 4, 0, 0, 425, 0, 113, 0, 1, 2, 0, 91)
13 (1, 4, 0, 41, 506, 0, 0, 0, 0, 1, 0, 148)
14 (1, 4, 290, 520, 232, 0, 0, 0, 0, 1, 0, 250)
15 (1, 4, 349, 521, 0, 0, 0, 0, 1, 1, 0, 145)
16 (1, 4, 272, 349, 0, 0, 0, 0, 0, 1, 0, 44)
17 (1, 4, 326, 172, 0, 0, 0, 33, 0, 1, 0, 110)
18 (1, 4, 248, 0, 0, 0, 19, 34, 0, 0, 0, 163)
19 (1, 4, 151, 0, 0, 0, 6, 32, 0, 0, 0, 17)
20 (1, 4, 145, 0, 0, 0, 35, 8, 0, 0, 0, 233)
21 (1, 4, 67, 0, 94, 0, 38, 0, 0, 0, 0, 176)
22 (1, 4, 179, 0, 318, 0, 47, 0, 0, 0, 0, 235)
23 (1, 4, 523, 0, 698, 0, 95, 0, 0, 0, 0, 119)
24 (1, 4, 0, 0, 873, 0, 0, 0, 0, 0, 0, 180)
25 (1, 4, 135, 0, 145, 0, 0, 0, 0, 1, 0, 48)
26 (1, 4, 399, 316, 244, 0, 0, 0, 0, 1, 0, 162)
27 (1, 4, 654, 700, 46, 0, 3, 0, 0, 0, 0, 133)
28 (1, 4, 49, 643, 0, 0, 34, 0, 0, 0, 0, 188)
0 (1, 4, 309, 444, 0, 0, 0, 0, 0, 0, 0, 67)
1 (1, 4, 331, 470, 0, 0, 0, 0, 0, 1, 0, 77)
2 (1, 4, 524, 458, 0, 0, 0, 0, 0, 1, 0, 224)
3 (1, 4, 511, 33, 0, 0, 0, 49, 0, 1, 0, 44)
4 (1, 4, 395, 0, 0, 0, 3, 83, 0, 1, 0, 27)
5 (1, 4, 242, 0, 0, 0, 27, 57, 0, 1, 0, 58)
6 (1, 4, 73, 0, 100, 0, 28, 22, 0, 1, 0, 1)
7 (1, 4, 0, 0, 280, 0, 8, 0, 0, 1, 0, 74)
8 (1, 4, 268, 0, 328, 0, 0, 0, 0, 1, 0, 69)
9 (1, 4, 320, 0, 518, 0, 33, 0, 0, 1, 0, 33)
10 (1, 4, 24, 47, 717, 0, 0, 0, 0, 1, 0, 48)
11 (1, 4, 0, 200, 775, 0, 0, 0, 0, 0, 0, 77)
12 (1, 4, 748, 611, 292, 0, 0, 0, 0, 0, 0, 192)
13 (1, 4, 734, 803, 0, 0, 0, 0, 0, 0, 0, 96)
14 (1, 4, 873, 873, 0, 0, 1, 0, 0, 1, 0, 53)
15 (1, 4, 0, 409, 0, 0, 53, 0, 0, 1, 0, 132)
16 (1, 4, 0, 798, 0, 0, 0, 0, 0, 1, 0, 88)
17 (1, 4, 360, 697, 0, 0, 11, 33, 0, 1, 0, 116)
18 (1, 4, 269, 195, 0, 0, 10, 40, 0, 1, 0, 115)
19 (1, 4, 255, 2, 0, 0, 0, 29, 0, 1, 0, 10)
20 (1, 4, 103, 0, 0, 0, 0, 28, 0, 1, 0, 61)
21 (1, 4, 35, 0, 68, 1, 0, 25, 0, 1, 0, 156)
22 (1, 4, 41, 0, 110, 0, 0, 13, 0, 1, 0, 36)
23 (1, 4, 0, 0, 138, 0, 0, 0, 0, 1, 0, 119)
24 (1, 4, 0, 0, 170, 0, 0, 0, 0, 1, 0, 137)
25 (1, 4, 0, 0, 160, 0, 0, 0, 0, 1, 0, 26)
26 (1, 4, 164, 0, 223, 0, 0, 0, 0, 1, 0, 211)
27 (1, 4, 127, 0, 407, 0, 0, 0, 0, 1, 0, 215)
28 (1, 4, 0, 0, 323, 0, 0, 0, 0, 0, 0, 99)
29 (1, 4, 0, 0, 353, 0, 0, 0, 0, 0, 0, 178)
0 (1, 4, 45, 269, 0, 0, 0, 0, 0, 1, 0, 173)
1 (1, 4, 33, 107, 0, 0, 0, 29, 0, 0, 0, 14)
2 (1, 4, 30, 0, 0, 0, 0, 73, 0, 0, 0, 186)
3 (1, 4, 44, 0, 0, 0, 9, 79, 0, 0, 0, 245)
4 (1, 4, 24, 0, 0, 0, 23, 53, 0, 0, 0, 219)
5 (1, 4, 0, 0, 141, 0, 26, 10, 0, 0, 0, 28)
6 (1, 4, 34, 0, 366, 0, 9, 0, 0, 0, 0, 136)
7 (1, 4, 123, 0, 629, 0, 0, 0, 0, 0, 0, 184)
8 (1, 4, 0, 0, 482, 0, 0, 0, 0, 0, 0, 248)
9 (1, 4, 37, 347, 516, 0, 0, 0, 0, 0, 0, 7)
10 (1, 4, 107, 668, 273, 0, 0, 0, 0, 0, 0, 32)
11 (1, 4, 732, 687, 0, 0, 0, 0, 0, 0, 0, 241)
12 (1, 4, 344, 447, 0, 0, 0, 20, 0, 0, 0, 53)
13 (1, 4, 324, 169, 0, 0, 0, 51, 0, 0, 0, 28)
14 (1, 4, 203, 0, 0, 0, 27, 62, 0, 0, 0, 27)
15 (1, 4, 52, 0, 0, 0, 8, 95, 0, 0, 0, 207)
16 (1, 4, 0, 0, 0, 0, 11, 25, 0, 0, 0, 210)
17 (1, 4, 0, 0, 126, 0, 11, 0, 0, 0, 0, 131)
18 (1, 4, 0, 0, 305, 0, 46, 0, 0, 0, 0, 235)
19 (1, 4, 0, 0, 448, 0, 84, 0, 0, 0, 0, 85)
20 (1, 4, 0, 0, 760, 0, 85, 0, 1, 3, 0, 41)
21 (1, 4, 873, 13, 873, 0, 141, 0, 0, 1, 0, 90)
22 (1, 4, 532, 538, 693, 0, 5, 0, 0, 1, 0, 33)
23 (1, 4, 7, 585, 0, 0, 87, 0, 0, 0, 0, 235)
24 (1, 4, 526, 802, 571, 0, 12, 0, 0, 0, 0, 183)
25 (1, 4, 451, 416, 163, 0, 43, 0, 0, 0, 0, 39)
26 (1, 4, 229, 489, 173, 0, 0, 28, 0, 1, 0, 238)
27 (1, 4, 272, 224, 58, 0, 0, 23, 0, 0, 0, 14)
28 (1, 4, 175, 40, 0, 0, 0, 29, 0, 0, 0, 20)
29 (1, 4, 17, 0, 0, 0, 0, 24, 0, 0, 0, 169)
30 (1, 4, 0, 0, 0, 0, 0, 7, 0, 0, 0, 109)
31 (1, 4, 0, 0, 13, 0, 0, 0, 0, 0, 0, 8)
0 (1, 4, 0, 0, 0, 0, 53, 0, 1, 1, 0, 101)
1 (1, 4, 0, 0, 0, 0, 46, 0, 1, 1, 0, 170)
2 (1, 4, 0, 0, 0, 0, 24, 0, 1, 2, 0, 142)
3 (1, 4, 0, 0, 0, 0, 25, 0, 1, 1, 0, 74)
4 (1, 4, 80, 0, 147, 0, 11, 0, 0, 1, 0, 3)
5 (1, 4, 76, 0, 137, 0, 0, 0, 0, 1, 0, 13)
6 (1, 4, 65, 0, 125, 0, 0, 0, 1, 1, 0, 252)
7 (1, 4, 0, 42, 0, 0, 0, 0, 0, 1, 0, 9)
8 (1, 4, 0, 267, 0, 0, 0, 18, 1, 1, 0, 147)
9 (1, 4, 0, 0, 0, 0, 0, 0, 1, 1, 0, 119)
10 (1, 4, 0, 538, 0, 0, 0, 0, 0, 1, 0, 103)
11 (1, 4, 152, 211, 0, 0, 0, 0, 0, 1, 0, 171)
12 (1, 4, 277, 420, 0, 0, 0, 0, 0, 1, 0, 61)
13 (1, 4, 489, 37, 0, 0, 0, 0, 0, 1, 0, 159)
14 (1, 4, 351, 0, 0, 0, 0, 19, 0, 1, 0, 145)
15 (1, 4, 422, 0, 0, 0, 42, 12, 0, 1, 0, 64)
16 (1, 4, 108, 0, 208, 0, 103, 0, 0, 1, 0, 25)
17 (1, 4, 0, 0, 371, 0, 82, 0, 0, 0, 0, 143)
18 (1, 4, 0, 0, 533, 0, 95, 0, 0, 0, 0, 71)
19 (1, 4, 0, 0, 497, 0, 0, 0, 0, 0, 0, 60)
20 (1, 4, 169, 0, 443, 0, 0, 0, 1, 2, 0, 76)
21 (1, 4, 0, 336, 473, 0, 0, 0, 1, 1, 0, 112)
22 (1, 4, 431, 576, 265, 0, 0, 0, 0, 1, 0, 164)
23 (1, 4, 585, 651, 0, 0, 0, 0, 0, 1, 0, 65)
24 (1, 4, 560, 386, 0, 0, 0, 0, 0, 0, 0, 212)
25 (1, 4, 590, 149, 0, 0, 0, 27, 0, 0, 0, 247)
26 (1, 4, 540, 0, 0, 0, 51, 32, 0, 0, 0, 112)
27 (1, 4, 185, 0, 0, 0, 79, 44, 0, 0, 0, 191)
28 (1, 4, 131, 0, 182, 0, 62, 24, 0, 0, 0, 25)
29 (1, 4, 0, 0, 437, 0, 109, 0, 0, 0, 0, 213)
30 (1, 4, 0, 0, 873, 0, 89, 0, 0, 0, 0, 147)
31 (1, 4, 0, 0, 873, 0, 0, 0, 0, 0, 0, 180)
0 (1, 4, 24, 76, 0, 0, 0, 0, 0, 0, 0, 4)
1 (1, 4, 157, 159, 0, 0, 0, 0, 0, 0, 0, 28)
2 (1, 4, 262, 172, 0, 0, 0, 0, 0, 0, 0, 242)
3 (1, 4, 357, 207, 0, 0, 3, 0, 0, 0, 0, 188)
4 (1, 4, 313, 193, 0, 0, 11, 0, 0, 0, 0, 88)
5 (1, 4, 316, 151, 0, 0, 9, 0, 0, 0, 0, 201)
6 (1, 4, 351, 16, 0, 0, 0, 0, 0, 0, 0, 46)
7 (1, 4, 593, 0, 0, 0, 0, 0, 1, 2, 0, 169)
8 (1, 4, 268, 580, 0, 0, 0, 0, 1, 2, 0, 20)
9 (1, 4, 315, 396, 0, 0, 0, 61, 1, 2, 0, 50)
10 (1, 4, 269, 17, 0, 0, 0, 59, 0, 1, 0, 123)
11 (1, 4, 59, 8, 0, 0, 0, 71, 0, 0, 0, 222)
12 (1, 4, 0, 0, 0, 0, 0, 50, 0, 0, 0, 181)
13 (1, 4, 69, 0, 0, 0, 0, 31, 0, 0, 0, 235)
14 (1, 4, 81, 0, 0, 0, 0, 19, 0, 0, 0, 172)
15 (1, 4, 55, 0, 0, 11, 0, 11, 0, 0, 0, 38)
16 (1, 4, 55, 0, 40, 21, 0, 5, 0, 0, 0, 15)
17 (1, 4, 0, 0, 108, 29, 0, 0, 0, 0, 0, 245)
18 (1, 4, 0, 0, 131, 14, 0, 0, 0, 0, 0, 142)
19 (1, 4, 0, 0, 60, 12, 0, 0, 0, 0, 0, 153)
20 (1, 4, 0, 0, 18, 23, 0, 0, 0, 0, 0, 132)
21 (1, 4, 0, 0, 15, 24, 0, 0, 0, 0, 0, 40)
22 (1, 4, 27, 0, 0, 14, 0, 0, 0, 0, 0, 70)
23 (1, 4, 13, 0, 28, 0, 0, 0, 0, 0, 0, 165)
24 (1, 4, 0, 0, 100, 0, 0, 0, 0, 0, 0, 37)
25 (1, 4, 0, 0, 159, 0, 0, 0, 0, 0, 0, 169)
26 (1, 4, 0, 0, 211, 0, 0, 0, 0, 0, 0, 176)
27 (1, 4, 0, 0, 267, 0, 0, 0, 0, 0, 0, 36)
28 (1, 4, 42, 0, 334, 0, 0, 0, 0, 0, 0, 190)
29 (1, 4, 95, 0, 331, 0, 0, 0, 0, 0, 0, 236)
30 (1, 4, 127, 0, 300, 0, 0, 0, 0, 0, 0, 203)
31 (1, 4, 138, 0, 205, 0, 0, 0, 0, 0, 0, 123)
0 (1, 4, 214, 0, 0, 0, 152, 6, 0, 0, 0, 154)
1 (1, 4, 146, 0, 338, 0, 252, 0, 0, 0, 0, 229)
2 (1, 4, 0, 0, 821, 0, 114, 0, 0, 0, 0, 178)
3 (1, 4, 0, 0, 873, 0, 0, 0, 0, 0, 0, 180)
4 (1, 4, 844, 0, 772, 0, 0, 0, 0, 0, 0, 0)
5 (1, 4, 233, 873, 223, 0, 0, 0, 0, 0, 0, 24)
6 (1, 4, 639, 494, 0, 0, 0, 0, 0, 0, 0, 47)
7 (1, 4, 422, 538, 0, 0, 0, 0, 0, 0, 0, 248)
8 (1, 4, 457, 190, 0, 0, 54, 86, 0, 0, 0, 251)
9 (1, 4, 304, 0, 0, 0, 139, 97, 0, 0, 0, 30)
10 (1, 4, 0, 0, 0, 0, 120, 21, 0, 0, 0, 84)
11 (1, 4, 0, 0, 269, 0, 212, 0, 0, 1, 0, 118)
12 (1, 4, 0, 0, 873, 0, 355, 0, 1, 2, 0, 143)
13 (1, 4, 629, 0, 735, 0, 0, 0, 1, 3, 0, 171)
14 (1, 4, 591, 505, 412, 0, 115, 0, 1, 2, 0, 247)
15 (1, 4, 657, 634, 321, 0, 33, 0, 1, 2, 0, 64)
16 (1, 4, 861, 472, 3, 0, 88, 0, 0, 1, 0, 108)
17 (1, 4, 555, 315, 0, 0, 54, 0, 1, 1, 0, 98)
18 (1, 4, 446, 85, 0, 0, 61, 4, 1, 1, 0, 56)
19 (1, 4, 199, 17, 0, 0, 38, 32, 0, 1, 0, 202)
20 (1, 4, 161, 0, 0, 0, 31, 28, 1, 1, 0, 203)
21 (1, 4, 0, 0, 30, 0, 8, 25, 1, 1, 0, 226)
22 (1, 4, 0, 0, 169, 0, 0, 17, 0, 1, 0, 62)
23 (1, 4, 0, 0, 205, 0, 0, 0, 0, 1, 0, 105)
24 (1, 4, 0, 0, 261, 0, 0, 0, 1, 1, 0, 224)
25 (1, 4, 0, 0, 171, 0, 0, 0, 0, 1, 0, 29)
26 (1, 4, 0, 0, 256, 0, 0, 0, 0, 1, 0, 72)
27 (1, 4, 0, 0, 127, 0, 0, 0, 0, 1, 0, 54)
28 (1, 4, 0, 0, 37, 0, 0, 0, 0, 1, 0, 33)
29 (1, 4, 0, 0, 57, 0, 0, 0, 0, 1, 0, 188)
30 (1, 4, 0, 0, 213, 0, 0, 0, 0, 1, 0, 170)
31 (1, 4, 22, 0, 222, 0, 0, 0, 0, 1, 0, 105)
0 (1, 4, 176, 4, 0, 0, 16, 56, 0, 1, 0, 224)
1 (1, 4, 216, 0, 0, 0, 27, 68, 1, 1, 0, 132)
2 (1, 4, 0, 210, 65, 0, 1, 21, 1, 1, 0, 150)
3 (1, 4, 189, 88, 37, 0, 0, 17, 1, 1, 0, 106)
4 (1, 4, 203, 0, 0, 0, 37, 0, 1, 1, 0, 30)
5 (1, 4, 0, 46, 21, 0, 31, 0, 1, 1, 0, 40)
6 (1, 4, 0, 124, 28, 0, 28, 7, 0, 1, 0, 117)
7 (1, 4, 0, 7, 0, 0, 1, 29, 1, 1, 0, 159)
8 (1, 4, 103, 0, 1, 0, 0, 6, 1, 1, 0, 75)
9 (1, 4, 397, 0, 0, 0, 0, 29, 1, 1, 0, 181)
10 (1, 4, 371, 0, 0, 0, 0, 4, 1, 1, 0, 188)
11 (1, 4, 0, 29, 0, 0, 0, 85, 0, 1, 0, 148)
12 (1, 4, 0, 0, 0, 0, 0, 97, 1, 1, 0, 76)
13 (1, 4, 0, 6, 0, 0, 0, 48, 0, 1, 0, 208)
14 (1, 4, 0, 0, 0, 0, 0, 24, 0, 1, 0, 44)
15 (1, 4, 0, 0, 0, 0, 0, 20, 0, 1, 0, 179)
16 (1, 4, 0, 0, 0, 0, 0, 30, 0, 1, 0, 224)
17 (1, 4, 0, 0, 0, 0, 28, 22, 0, 1, 0, 173)
18 (1, 4, 0, 0, 0, 0, 44, 8, 0, 1, 0, 208)
19 (1, 4, 0, 0, 195, 0, 47, 0, 0, 1, 0, 0)
20 (1, 4, 0, 0, 385, 0, 49, 0, 0, 1, 0, 220)
21 (1, 4, 0, 0, 568, 0, 17, 0, 0, 0, 0, 5)
22 (1, 4, 0, 0, 523, 0, 0, 0, 0, 0, 0, 195)
23 (1, 4, 143, 233, 292, 0, 0, 0, 0, 0, 0, 138)
24 (1, 4, 95, 515, 119, 0, 0, 0, 0, 0, 0, 199)
25 (1, 4, 165, 536, 0, 0, 0, 0, 0, 0, 0, 133)
26 (1, 4, 309, 431, 0, 0, 0, 0, 0, 0, 0, 250)
27 (1, 4, 335, 250, 0, 0, 0, 3, 0, 0, 0, 54)
28 (1, 4, 261, 72, 0, 0, 0, 27, 0, 0, 0, 37)
29 (1, 4, 216, 0, 0, 0, 5, 29, 0, 0, 0, 123)
30 (1, 4, 137, 0, 0, 0, 12, 27, 0, 0, 0, 104)
31 (1, 4, 90, 0, 21, 0, 25, 7, 0, 0, 0, 224)
0 (1, 4, 167, 118, 383, 0, 0, 0, 0, 0, 0, 111)
1 (1, 4, 118, 541, 305, 0, 0, 0, 0, 0, 0, 204)
2 (1, 4, 210, 726, 207, 0, 0, 0, 0, 0, 0, 212)
3 (1, 4, 222, 700, 68, 0, 0, 0, 0, 0, 0, 245)
4 (1, 4, 196, 667, 0, 0, 0, 0, 0, 0, 0, 28)
5 (1, 4, 287, 598, 0, 0, 0, 2, 0, 0, 0, 231)
6 (1, 4, 231, 339, 0, 0, 0, 33, 0, 1, 0, 197)
7 (1, 4, 291, 149, 0, 0, 18, 33, 0, 0, 0, 175)
8 (1, 4, 258, 17, 0, 0, 19, 28, 0, 0, 0, 246)
9 (1, 4, 131, 0, 74, 0, 5, 0, 0, 0, 0, 139)
10 (1, 4, 46, 0, 129, 0, 0, 0, 0, 0, 0, 136)
11 (1, 4, 0, 0, 212, 0, 0, 0, 0, 1, 0, 62)
12 (1, 4, 0, 0, 271, 0, 0, 0, 0, 1, 0, 17)
13 (1, 4, 0, 0, 362, 0, 0, 0, 0, 1, 0, 222)
14 (1, 4, 0, 0, 383, 0, 0, 0, 0, 1, 0, 107)
15 (1, 4, 0, 0, 305, 0, 0, 0, 0, 0, 0, 54)
16 (1, 4, 47, 0, 217, 0, 0, 0, 0, 0, 0, 190)
17 (1, 4, 0, 0, 178, 0, 0, 0, 0, 0, 0, 33)
18 (1, 4, 0, 0, 123, 0, 0, 0, 0, 0, 0, 3)
19 (1, 4, 27, 0, 95, 0, 0, 0, 0, 0, 0, 33)
20 (1, 4, 66, 52, 64, 0, 0, 0, 0, 0, 0, 105)
21 (1, 4, 0, 59, 4, 0, 0, 0, 0, 0, 0, 232)
22 (1, 4, 0, 73, 0, 0, 0, 0, 0, 0, 0, 251)
23 (1, 4, 55, 60, 0, 0, 0, 0, 0, 0, 0, 185)
24 (1, 4, 73, 26, 0, 0, 0, 0, 0, 0, 0, 54)
25 (1, 4, 16, 28, 0, 0, 2, 0, 0, 0, 0, 100)
26 (1, 4, 28, 24, 4, 0, 0, 0, 0, 0, 0, 90)
27 (1, 4, 21, 0, 7, 0, 0, 0, 0, 0, 0, 77)
28 (1, 4, 8, 0, 8, 0, 0, 0, 0, 0, 0, 178)
29 (1, 4, 33, 0, 21, 0, 0, 0, 0, 0, 0, 2)
30 (1, 4, 33, 0, 7, 0, 0, 0, 0, 0, 0, 82)
31 (1, 4, 43, 9, 10, 0, 0, 0, 0, 0, 0, 78)
0 (1, 4, 69, 180, 0, 0, 0, 0, 0, 0, 0, 185)
1 (1, 4, 372, 96, 0, 0, 0, 1, 0, 0, 0, 116)
2 (1, 4, 452, 0, 0, 0, 0, 0, 0, 0, 0, 216)
3 (1, 4, 210, 0, 0, 0, 45, 0, 0, 0, 0, 72)
4 (1, 4, 0, 0, 91, 0, 41, 0, 0, 0, 0, 72)
5 (1, 4, 29, 0, 340, 0, 28, 0, 0, 0, 0, 248)
6 (1, 4, 0, 0, 495, 0, 37, 0, 0, 0, 0, 25)
7 (1, 4, 0, 0, 649, 0, 28, 0, 0, 0, 0, 186)
8 (1, 4, 0, 0, 545, 0, 0, 0, 0, 0, 0, 174)
9 (1, 4, 191, 416, 430, 0, 0, 0, 0, 0, 0, 175)
10 (1, 4, 0, 633, 198, 0, 0, 0, 0, 0, 0, 238)
11 (1, 4, 0, 543, 0, 0, 0, 0, 0, 0, 0, 99)
12 (1, 4, 265, 538, 0, 0, 0, 0, 0, 0, 0, 112)
13 (1, 4, 679, 182, 0, 0, 0, 0, 0, 0, 0, 151)
14 (1, 4, 555, 0, 0, 0, 20, 10, 0, 0, 0, 234)
15 (1, 4, 402, 0, 0, 0, 71, 25, 0, 0, 0, 1)
16 (1, 4, 106, 0, 289, 0, 129, 0, 0, 0, 0, 38)
17 (1, 4, 0, 0, 534, 0, 156, 0, 0, 0, 0, 89)
18 (1, 4, 0, 0, 860, 0, 75, 0, 0, 0, 0, 175)
19 (1, 4, 471, 85, 566, 0, 4, 0, 0, 0, 0, 14)
20 (1, 4, 343, 637, 553, 0, 49, 0, 0, 0, 0, 147)
21 (1, 4, 346, 652, 400, 0, 0, 0, 0, 0, 0, 15)
22 (1, 4, 824, 579, 177, 0, 22, 0, 0, 0, 0, 201)
23 (1, 4, 865, 529, 211, 0, 17, 24, 0, 1, 0, 65)
24 (1, 4, 567, 0, 30, 0, 18, 35, 0, 1, 0, 30)
25 (1, 4, 285, 0, 0, 0, 28, 0, 0, 1, 0, 22)
26 (1, 4, 0, 0, 2, 0, 13, 2, 0, 1, 0, 216)
27 (1, 4, 0, 0, 166, 0, 0, 0, 0, 1, 0, 107)
28 (1, 4, 0, 0, 287, 0, 0, 0, 0, 1, 0, 110)
29 (1, 4, 0, 0, 333, 0, 0, 0, 0, 1, 0, 197)

