1 (1, 4, 0, 0, 0, 0, 0, 23, 1, 1, 0, 183)
2 (1, 4, 2, 0, 6, 0, 0, 21, 0, 1, 0, 1)
3 (1, 4, 0, 0, 27, 0, 0, 19, 0, 1, 0, 216)
4 (1, 4, 0, 3, 12, 0, 0, 7, 0, 1, 0, 60)
5 (1, 4, 149, 0, 0, 0, 0, 86, 0, 1, 0, 140)
6 (1, 4, 357, 0, 0, 0, 0, 56, 2, 2, 0, 142)
7 (1, 4, 10, 0, 0, 0, 0, 61, 4, 3, 0, 18)
8 (1, 4, 134, 0, 0, 0, 0, 128, 4, 4, 0, 225)
9 (1, 4, 272, 0, 0, 0, 0, 131, 5, 5, 0, 93)
10 (1, 4, 241, 0, 0, 0, 110, 76, 7, 7, 0, 233)
11 (1, 4, 12, 0, 81, 0, 148, 0, 6, 6, 0, 66)
12 (1, 4, 0, 0, 552, 0, 74, 0, 16, 14, 0, 177)
13 (1, 4, 0, 373, 823, 0, 0, 0, 9, 10, 0, 171)
14 (1, 4, 0, 650, 261, 0, 0, 0, 6, 8, 0, 225)
15 (1, 4, 0, 586, 0, 0, 0, 263, 4, 5, 0, 155)
16 (1, 4, 377, 25, 0, 0, 0, 345, 4, 4, 0, 101)
17 (1, 4, 303, 0, 0, 0, 95, 80, 4, 4, 0, 101)
18 (1, 4, 277, 0, 206, 0, 80, 0, 6, 6, 0, 196)
19 (1, 4, 100, 0, 498, 0, 0, 0, 20, 15, 0, 11)
20 (1, 4, 0, 0, 492, 0, 0, 0, 12, 13, 0, 50)
21 (1, 4, 0, 160, 630, 0, 0, 0, 7, 8, 0, 116)
22 (1, 4, 400, 710, 425, 0, 0, 0, 10, 10, 0, 81)
23 (1, 4, 0, 873, 70, 0, 0, 0, 11, 12, 0, 222)
24 (1, 4, 168, 873, 0, 0, 0, 0, 11, 11, 0, 224)
25 (1, 4, 108, 384, 0, 0, 0, 68, 2, 3, 0, 213)
26 (1, 4, 195, 166, 0, 0, 86, 89, 3, 3, 0, 178)
27 (1, 4, 162, 25, 0, 0, 13, 123, 2, 3, 0, 78)
28 (1, 4, 192, 0, 60, 30, 23, 18, 2, 3, 0, 50)
29 (1, 4, 0, 0, 111, 40, 0, 0, 2, 2, 0, 33)
30 (1, 4, 12, 0, 59, 51, 0, 0, 1, 2, 0, 59)
31 (1, 4, 75, 0, 52, 23, 0, 10, 1, 2, 0, 7)
32 (1, 4, 127, 0, 27, 5, 0, 16, 1, 1, 0, 75)
1 (1, 4, 141, 18, 0, 0, 0, 35, 1, 1, 0, 239)
2 (1, 4, 0, 0, 0, 0, 0, 11, 1, 1, 0, 251)
3 (1, 4, 0, 0, 0, 0, 0, 20, 1, 1, 0, 209)
4 (1, 4, 136, 98, 0, 0, 0, 0, 2, 2, 0, 37)
5 (1, 4, 188, 276, 0, 0, 0, 4, 3, 3, 0, 52)
6 (1, 4, 272, 284, 0, 0, 0, 53, 5, 5, 0, 132)
7 (1, 4, 789, 0, 0, 0, 0, 109, 5, 5, 0, 39)
8 (1, 4, 587, 0, 0, 0, 50, 87, 5, 5, 0, 67)
9 (1, 4, 319, 0, 0, 0, 74, 38, 5, 5, 0, 104)
10 (1, 4, 376, 0, 196, 0, 18, 24, 5, 5, 0, 149)
11 (1, 4, 203, 0, 515, 0, 2, 0, 5, 5, 0, 94)
12 (1, 4, 0, 0, 560, 0, 0, 0, 5, 5, 0, 104)
13 (1, 4, 0, 0, 873, 0, 25, 0, 5, 5, 0, 164)
14 (1, 4, 48, 0, 873, 0, 0, 0, 5, 5, 0, 190)
15 (1, 4, 0, 134, 599, 0, 0, 0, 12, 11, 0, 105)
16 (1, 4, 0, 873, 484, 0, 0, 0, 11, 11, 0, 181)
17 (1, 4, 0, 873, 168, 0, 0, 0, 4, 5, 0, 237)
18 (1, 4, 8, 873, 346, 0, 0, 0, 1, 2, 0, 159)
19 (1, 4, 0, 241, 0, 0, 0, 0, 1, 2, 0, 94)
20 (1, 4, 0, 169, 65, 0, 0, 102, 2, 3, 0, 133)
21 (1, 4, 357, 0, 132, 0, 0, 73, 3, 3, 0, 192)
22 (1, 4, 181, 0, 0, 22, 0, 12, 2, 3, 0, 41)
23 (1, 4, 156, 49, 49, 61, 0, 0, 2, 3, 0, 60)
24 (1, 4, 36, 1, 10, 56, 0, 0, 1, 2, 0, 245)
25 (1, 4, 0, 0, 0, 69, 0, 0, 1, 2, 0, 124)
26 (1, 4, 0, 26, 0, 58, 0, 0, 1, 2, 0, 173)
27 (1, 4, 50, 3, 0, 54, 0, 0, 2, 2, 0, 211)
28 (1, 4, 11, 9, 3, 59, 0, 0, 2, 2, 0, 116)
29 (1, 4, 127, 93, 56, 53, 0, 8, 2, 2, 0, 12)
30 (1, 4, 129, 92, 98, 41, 0, 27, 2, 2, 0, 135)
31 (1, 4, 133, 84, 219, 10, 0, 39, 2, 2, 0, 113)
32 (1, 4, 273, 0, 289, 7, 0, 0, 2, 2, 0, 234)
1 (1, 4, 196, 0, 308, 0, 0, 0, 1, 2, 0, 236)
2 (1, 4, 97, 0, 353, 0, 0, 0, 1, 1, 0, 251)
3 (1, 4, 1, 0, 302, 0, 0, 0, 2, 2, 0, 12)
4 (1, 4, 0, 0, 215, 0, 0, 4, 1, 1, 0, 146)
5 (1, 4, 0, 0, 136, 0, 0, 0, 1, 1, 0, 58)
6 (1, 4, 123, 73, 107, 0, 0, 7, 1, 1, 0, 47)
7 (1, 4, 247, 171, 91, 0, 0, 6, 1, 1, 0, 1)
8 (1, 4, 0, 4, 10, 0, 0, 121, 2, 2, 0, 39)
9 (1, 4, 0, 0, 14, 0, 0, 0, 2, 2, 0, 161)
10 (1, 4, 49, 111, 25, 0, 0, 2, 2, 2, 0, 91)
11 (1, 4, 195, 99, 54, 0, 0, 0, 2, 2, 0, 139)
12 (1, 4, 39, 24, 4, 0, 0, 13, 2, 2, 0, 77)
13 (1, 4, 0, 0, 1, 0, 0, 16, 2, 2, 0, 43)
14 (1, 4, 0, 20, 0, 0, 0, 12, 2, 2, 0, 72)
15 (1, 4, 51, 32, 0, 0, 0, 14, 2, 2, 0, 189)
16 (1, 4, 286, 90, 81, 0, 0, 25, 2, 2, 0, 16)
17 (1, 4, 459, 73, 149, 0, 0, 20, 2, 2, 0, 247)
18 (1, 4, 465, 0, 106, 0, 0, 44, 2, 2, 0, 180)
19 (1, 4, 0, 0, 0, 0, 0, 65, 6, 4, 0, 4)
20 (1, 4, 0, 0, 0, 0, 0, 98, 8, 7, 0, 44)
21 (1, 4, 0, 0, 0, 0, 0, 96, 9, 8, 0, 176)
22 (1, 4, 0, 0, 0, 0, 0, 103, 9, 9, 0, 200)
23 (1, 4, 1, 0, 0, 0, 0, 89, 8, 8, 0, 155)
24 (1, 4, 219, 0, 0, 0, 0, 63, 6, 6, 0, 221)
25 (1, 4, 207, 0, 0, 0, 4, 19, 5, 5, 0, 195)
26 (1, 4, 64, 0, 26, 0, 46, 0, 6, 5, 0, 77)
27 (1, 4, 29, 0, 278, 0, 63, 0, 6, 6, 0, 156)
28 (1, 4, 0, 148, 687, 0, 40, 0, 7, 6, 0, 176)
29 (1, 4, 0, 337, 254, 0, 0, 0, 20, 18, 0, 67)
30 (1, 4, 84, 846, 0, 131, 0, 72, 5, 6, 0, 51)
31 (1, 4, 327, 334, 0, 0, 0, 386, 6, 6, 0, 145)
32 (1, 4, 503, 0, 0, 0, 7, 151, 7, 7, 0, 240)
1 (1, 4, 0, 0, 324, 0, 0, 0, 1, 1, 0, 143)
2 (1, 4, 155, 0, 413, 0, 0, 0, 1, 1, 0, 69)
3 (1, 4, 254, 0, 453, 0, 0, 0, 1, 1, 0, 5)
4 (1, 4, 293, 91, 518, 0, 0, 7, 1, 1, 0, 213)
5 (1, 4, 198, 158, 461, 0, 0, 4, 1, 1, 0, 255)
6 (1, 4, 108, 295, 401, 0, 0, 19, 2, 2, 0, 189)
7 (1, 4, 0, 149, 102, 0, 0, 80, 2, 2, 0, 129)
8 (1, 4, 366, 0, 8, 0, 0, 0, 2, 2, 0, 200)
9 (1, 4, 387, 2, 13, 0, 0, 0, 2, 2, 0, 114)
10 (1, 4, 195, 65, 5, 0, 0, 4, 2, 2, 0, 107)
11 (1, 4, 11, 43, 19, 0, 0, 37, 1, 2, 0, 206)
12 (1, 4, 4, 0, 0, 0, 0, 52, 2, 2, 0, 83)
13 (1, 4, 0, 0, 0, 0, 0, 80, 4, 4, 0, 204)
14 (1, 4, 0, 0, 0, 0, 0, 96, 7, 6, 0, 206)
15 (1, 4, 0, 0, 0, 0, 0, 73, 7, 7, 0, 49)
16 (1, 4, 0, 0, 0, 0, 0, 46, 7, 7, 0, 198)
17 (1, 4, 60, 0, 0, 0, 0, 42, 5, 6, 0, 115)
18 (1, 4, 120, 0, 0, 0, 87, 45, 5, 5, 0, 155)
19 (1, 4, 181, 0, 89, 0, 108, 10, 5, 5, 0, 157)
20 (1, 4, 23, 0, 580, 0, 116, 0, 5, 5, 0, 247)
21 (1, 4, 0, 0, 588, 0, 0, 0, 16, 12, 0, 21)
22 (1, 4, 189, 623, 131, 151, 0, 0, 11, 8, 0, 148)
23 (1, 4, 0, 263, 0, 46, 0, 219, 4, 5, 0, 21)
24 (1, 4, 431, 147, 0, 0, 0, 161, 4, 4, 0, 156)
25 (1, 4, 362, 0, 0, 0, 44, 5, 4, 4, 0, 255)
26 (1, 4, 368, 0, 159, 0, 129, 0, 4, 4, 0, 108)
27 (1, 4, 0, 0, 594, 0, 123, 0, 4, 4, 0, 147)
28 (1, 4, 0, 0, 843, 0, 0, 0, 18, 10, 0, 20)
29 (1, 4, 0, 0, 562, 61, 0, 0, 11, 10, 0, 215)
30 (1, 4, 0, 750, 210, 23, 0, 0, 10, 10, 0, 93)
31 (1, 4, 0, 722, 12, 0, 0, 0, 11, 11, 0, 140)
32 (1, 4, 0, 739, 0, 0, 0, 0, 8, 8, 0, 99)
1 (1, 4, 0, 0, 0, 0, 0, 65, 2, 2, 0, 246)
2 (1, 4, 181, 0, 29, 0, 0, 45, 2, 2, 0, 128)
3 (1, 4, 38, 50, 0, 0, 0, 21, 2, 2, 0, 56)
4 (1, 4, 149, 67, 0, 0, 0, 32, 2, 2, 0, 85)
5 (1, 4, 211, 47, 0, 0, 0, 40, 2, 2, 0, 58)
6 (1, 4, 237, 77, 0, 0, 0, 44, 2, 2, 0, 16)
7 (1, 4, 327, 150, 0, 0, 0, 25, 2, 1, 0, 65)
8 (1, 4, 464, 201, 0, 0, 0, 5, 2, 2, 0, 60)
9 (1, 4, 366, 216, 0, 0, 0, 0, 2, 1, 0, 153)
10 (1, 4, 455, 167, 25, 0, 0, 0, 2, 2, 0, 78)
11 (1, 4, 456, 205, 0, 0, 0, 0, 3, 2, 0, 190)
12 (1, 4, 287, 319, 0, 0, 0, 0, 3, 3, 0, 42)
13 (1, 4, 526, 407, 0, 0, 0, 0, 4, 4, 0, 141)
14 (1, 4, 595, 0, 0, 0, 0, 92, 6, 6, 0, 62)
15 (1, 4, 75, 0, 0, 0, 185, 100, 7, 6, 0, 84)
16 (1, 4, 87, 0, 0, 0, 139, 0, 5, 5, 0, 110)
17 (1, 4, 0, 0, 569, 0, 65, 0, 20, 16, 0, 17)
18 (1, 4, 0, 0, 308, 175, 0, 0, 0, 20, 0, 20)
19 (1, 4, 0, 697, 104, 131, 0, 0, 10, 10, 0, 120)
20 (1, 4, 334, 604, 0, 0, 0, 222, 4, 5, 0, 146)
21 (1, 4, 473, 0, 0, 0, 8, 182, 8, 8, 0, 195)
22 (1, 4, 268, 0, 65, 0, 225, 0, 4, 4, 0, 37)
23 (1, 4, 133, 0, 582, 0, 140, 0, 5, 5, 0, 86)
24 (1, 4, 0, 0, 650, 0, 0, 0, 7, 7, 0, 153)
25 (1, 4, 0, 0, 817, 0, 0, 0, 12, 11, 0, 246)
26 (1, 4, 164, 0, 529, 0, 0, 0, 5, 6, 0, 85)
27 (1, 4, 417, 790, 309, 0, 27, 0, 4, 4, 0, 163)
28 (1, 4, 60, 873, 180, 0, 0, 0, 2, 2, 0, 66)
29 (1, 4, 357, 873, 55, 0, 0, 0, 3, 3, 0, 20)
30 (1, 4, 122, 596, 0, 0, 0, 0, 2, 2, 0, 91)
31 (1, 4, 465, 464, 18, 0, 0, 17, 2, 2, 0, 70)
32 (1, 4, 470, 212, 0, 0, 23, 80, 2, 2, 0, 116)
1 (1, 4, 29, 0, 0, 0, 0, 39, 1, 1, 0, 99)
2 (1, 4, 0, 0, 0, 0, 0, 38, 1, 1, 0, 26)
3 (1, 4, 0, 0, 0, 0, 0, 40, 2, 2, 0, 39)
4 (1, 4, 0, 0, 0, 0, 0, 29, 3, 3, 0, 246)
5 (1, 4, 129, 0, 0, 0, 0, 26, 3, 3, 0, 254)
6 (1, 4, 248, 0, 0, 0, 0, 15, 4, 3, 0, 126)
7 (1, 4, 255, 0, 0, 0, 12, 1, 4, 4, 0, 70)
8 (1, 4, 0, 0, 0, 0, 105, 4, 4, 4, 0, 128)
9 (1, 4, 0, 0, 29, 0, 177, 76, 4, 4, 0, 76)
10 (1, 4, 0, 0, 400, 0, 101, 0, 4, 4, 0, 4)
11 (1, 4, 0, 0, 834, 0, 0, 0, 8, 7, 0, 66)
12 (1, 4, 303, 521, 644, 39, 0, 0, 9, 7, 0, 230)
13 (1, 4, 0, 833, 1, 0, 0, 0, 6, 6, 0, 194)
14 (1, 4, 527, 758, 0, 0, 0, 64, 3, 3, 0, 37)
15 (1, 4, 697, 141, 0, 0, 0, 95, 3, 3, 0, 159)
16 (1, 4, 359, 0, 0, 0, 98, 65, 3, 3, 0, 124)
17 (1, 4, 203, 0, 234, 0, 101, 0, 3, 3, 0, 113)
18 (1, 4, 103, 0, 572, 0, 11, 0, 3, 3, 0, 146)
19 (1, 4, 0, 36, 575, 0, 0, 0, 20, 20, 0, 176)
20 (1, 4, 65, 579, 743, 78, 0, 0, 3, 4, 0, 166)
21 (1, 4, 0, 650, 754, 0, 0, 0, 3, 3, 0, 105)
22 (1, 4, 90, 247, 844, 0, 0, 0, 2, 3, 0, 223)
23 (1, 4, 177, 329, 642, 0, 38, 0, 4, 4, 0, 126)
24 (1, 4, 302, 494, 410, 0, 8, 0, 5, 5, 0, 226)
25 (1, 4, 274, 623, 73, 0, 32, 0, 1, 2, 0, 215)
26 (1, 4, 0, 604, 0, 0, 0, 0, 1, 1, 0, 49)
27 (1, 4, 187, 396, 0, 0, 0, 0, 1, 1, 0, 170)
28 (1, 4, 138, 243, 0, 0, 0, 23, 1, 1, 0, 55)
29 (1, 4, 85, 95, 0, 0, 0, 30, 1, 1, 0, 142)
30 (1, 4, 132, 19, 0, 18, 0, 24, 1, 1, 0, 19)
31 (1, 4, 116, 0, 31, 41, 0, 0, 1, 1, 0, 201)
32 (1, 4, 21, 0, 74, 39, 0, 0, 1, 1, 0, 125)
1 (1, 4, 198, 0, 480, 0, 0, 0, 1, 1, 0, 102)
2 (1, 4, 378, 0, 583, 0, 0, 0, 1, 1, 0, 19)
3 (1, 4, 21, 0, 345, 0, 0, 0, 1, 1, 0, 80)
4 (1, 4, 0, 0, 28, 0, 0, 0, 1, 1, 0, 234)
5 (1, 4, 325, 278, 125, 0, 0, 21, 1, 1, 0, 140)
6 (1, 4, 341, 108, 38, 0, 0, 4, 1, 1, 0, 248)
7 (1, 4, 126, 68, 0, 0, 0, 12, 1, 1, 0, 75)
8 (1, 4, 131, 114, 87, 0, 0, 15, 1, 1, 0, 165)
9 (1, 4, 0, 0, 0, 0, 0, 0, 1, 1, 0, 119)
10 (1, 4, 175, 29, 0, 0, 0, 0, 1, 1, 0, 66)
11 (1, 4, 174, 63, 0, 0, 0, 0, 2, 2, 0, 248)
12 (1, 4, 238, 322, 0, 0, 0, 0, 3, 3, 0, 97)
13 (1, 4, 230, 510, 0, 0, 0, 0, 4, 4, 0, 229)
14 (1, 4, 354, 467, 0, 0, 0, 0, 4, 4, 0, 212)
15 (1, 4, 306, 340, 0, 0, 0, 21, 5, 5, 0, 206)
16 (1, 4, 309, 110, 0, 0, 0, 116, 8, 6, 0, 14)
17 (1, 4, 0, 0, 0, 0, 8, 100, 7, 7, 0, 17)
18 (1, 4, 0, 0, 0, 0, 36, 49, 6, 7, 0, 96)
19 (1, 4, 0, 0, 224, 0, 34, 1, 5, 6, 0, 58)
20 (1, 4, 0, 0, 409, 0, 9, 0, 5, 5, 0, 16)
21 (1, 4, 0, 0, 695, 0, 0, 0, 5, 6, 0, 193)
22 (1, 4, 0, 0, 873, 0, 0, 0, 4, 4, 0, 144)
23 (1, 4, 0, 0, 724, 0, 0, 0, 10, 8, 0, 99)
24 (1, 4, 474, 0, 533, 0, 0, 0, 13, 11, 0, 123)
25 (1, 4, 69, 873, 113, 0, 0, 0, 9, 9, 0, 1)
26 (1, 4, 0, 844, 0, 0, 0, 0, 3, 4, 0, 177)
27 (1, 4, 0, 873, 0, 0, 0, 0, 1, 3, 0, 206)
28 (1, 4, 273, 687, 0, 0, 0, 0, 1, 2, 0, 153)
29 (1, 4, 367, 249, 0, 0, 43, 72, 2, 3, 0, 222)
30 (1, 4, 234, 114, 0, 0, 27, 57, 2, 2, 0, 158)
31 (1, 4, 133, 74, 0, 0, 23, 31, 2, 2, 0, 213)
32 (1, 4, 32, 71, 7, 62, 5, 6, 1, 2, 0, 155)
1 (1, 4, 0, 0, 0, 0, 0, 143, 2, 2, 0, 31)
2 (1, 4, 432, 0, 0, 0, 0, 0, 1, 1, 0, 71)
3 (1, 4, 230, 28, 0, 0, 0, 0, 2, 2, 0, 27)
4 (1, 4, 373, 528, 0, 0, 0, 0, 2, 2, 0, 90)
5 (1, 4, 284, 377, 0, 0, 0, 0, 3, 3, 0, 12)
6 (1, 4, 205, 463, 0, 0, 0, 0, 4, 4, 0, 86)
7 (1, 4, 205, 314, 0, 0, 0, 64, 5, 5, 0, 84)
8 (1, 4, 372, 118, 0, 0, 0, 129, 5, 5, 0, 5)
9 (1, 4, 131, 0, 0, 0, 0, 119, 4, 4, 0, 121)
10 (1, 4, 117, 0, 0, 0, 0, 74, 4, 4, 0, 212)
11 (1, 4, 111, 0, 79, 0, 33, 16, 4, 4, 0, 75)
12 (1, 4, 0, 0, 253, 0, 35, 0, 3, 4, 0, 8)
13 (1, 4, 0, 0, 427, 0, 8, 0, 4, 4, 0, 206)
14 (1, 4, 0, 0, 783, 0, 0, 0, 20, 20, 0, 116)
15 (1, 4, 0, 195, 580, 30, 0, 0, 7, 9, 0, 101)
16 (1, 4, 0, 329, 122, 72, 0, 0, 9, 9, 0, 155)
17 (1, 4, 135, 359, 0, 0, 0, 28, 8, 9, 0, 136)
18 (1, 4, 198, 117, 0, 0, 0, 29, 3, 4, 0, 23)
19 (1, 4, 332, 8, 0, 0, 0, 13, 3, 3, 0, 85)
20 (1, 4, 453, 0, 0, 0, 0, 0, 3, 3, 0, 205)
21 (1, 4, 413, 0, 0, 0, 9, 0, 3, 3, 0, 108)
22 (1, 4, 344, 0, 0, 0, 24, 0, 3, 3, 0, 58)
23 (1, 4, 222, 0, 141, 0, 24, 0, 3, 3, 0, 142)
24 (1, 4, 53, 0, 260, 0, 12, 0, 3, 3, 0, 85)
25 (1, 4, 0, 24, 418, 0, 0, 0, 3, 3, 0, 202)
26 (1, 4, 0, 57, 566, 0, 0, 0, 2, 3, 0, 232)
27 (1, 4, 0, 64, 725, 0, 0, 0, 5, 4, 0, 190)
28 (1, 4, 0, 405, 713, 0, 0, 0, 6, 6, 0, 58)
29 (1, 4, 0, 576, 410, 0, 0, 0, 3, 3, 0, 107)
30 (1, 4, 0, 676, 310, 0, 0, 0, 4, 4, 0, 35)
31 (1, 4, 85, 614, 216, 0, 0, 0, 2, 3, 0, 170)
32 (1, 4, 112, 565, 17, 0, 0, 0, 1, 2, 0, 142)
1 (1, 4, 8, 40, 79, 0, 0, 0, 1, 1, 0, 212)
2 (1, 4, 62, 3, 0, 0, 0, 45, 2, 2, 0, 38)
3 (1, 4, 205, 0, 0, 0, 0, 49, 2, 2, 0, 27)
4 (1, 4, 0, 0, 0, 0, 0, 35, 2, 2, 0, 171)
5 (1, 4, 0, 0, 0, 0, 0, 44, 2, 2, 0, 82)
6 (1, 4, 0, 0, 0, 0, 0, 26, 3, 3, 0, 229)
7 (1, 4, 0, 0, 0, 0, 0, 8, 4, 4, 0, 176)
8 (1, 4, 56, 102, 0, 0, 0, 24, 5, 5, 0, 203)
9 (1, 4, 49, 81, 0, 0, 0, 75, 6, 5, 0, 66)
10 (1, 4, 367, 0, 0, 0, 0, 132, 5, 5, 0, 186)
11 (1, 4, 154, 0, 27, 0, 83, 30, 6, 6, 0, 72)
12 (1, 4, 0, 0, 379, 0, 35, 0, 6, 6, 0, 238)
13 (1, 4, 0, 0, 717, 0, 33, 0, 8, 7, 0, 195)
14 (1, 4, 0, 0, 706, 0, 0, 0, 7, 8, 0, 153)
15 (1, 4, 243, 621, 599, 0, 0, 0, 6, 7, 0, 1)
16 (1, 4, 0, 850, 560, 0, 0, 0, 5, 5, 0, 207)
17 (1, 4, 0, 805, 481, 0, 0, 0, 4, 4, 0, 226)
18 (1, 4, 0, 644, 338, 0, 0, 0, 3, 3, 0, 133)
19 (1, 4, 44, 358, 143, 0, 0, 45, 1, 2, 0, 31)
20 (1, 4, 8, 163, 2, 0, 0, 45, 1, 1, 0, 210)
21 (1, 4, 228, 0, 59, 0, 0, 12, 1, 1, 0, 13)
22 (1, 4, 130, 0, 5, 30, 0, 0, 1, 1, 0, 249)
23 (1, 4, 62, 0, 0, 57, 0, 0, 1, 1, 0, 253)
24 (1, 4, 0, 0, 0, 56, 0, 0, 1, 1, 0, 145)
25 (1, 4, 1, 0, 0, 54, 0, 0, 1, 1, 0, 37)
26 (1, 4, 37, 0, 0, 46, 0, 0, 1, 1, 0, 213)
27 (1, 4, 0, 0, 0, 44, 0, 0, 1, 1, 0, 26)
28 (1, 4, 0, 0, 0, 46, 0, 0, 1, 1, 0, 36)
29 (1, 4, 0, 0, 0, 44, 0, 0, 1, 1, 0, 26)
30 (1, 4, 23, 4, 5, 43, 0, 0, 1, 1, 0, 157)
31 (1, 4, 5, 0, 0, 44, 0, 0, 1, 1, 0, 44)
32 (1, 4, 533, 0, 0, 0, 50, 53, 5, 4, 0, 72) [FRAGMENTED]
1 (1, 4, 0, 0, 0, 0, 116, 18, 6, 5, 0, 238)
2 (1, 4, 0, 0, 231, 0, 86, 0, 3, 3, 0, 250)
3 (1, 4, 0, 0, 458, 0, 40, 0, 4, 4, 0, 82)
4 (1, 4, 0, 0, 694, 0, 0, 0, 4, 4, 0, 225)
5 (1, 4, 0, 0, 873, 0, 0, 0, 6, 6, 0, 130)
6 (1, 4, 0, 0, 873, 0, 0, 0, 0, 16, 0, 22)
7 (1, 4, 873, 868, 697, 0, 0, 0, 20, 14, 0, 136)
8 (1, 4, 59, 873, 57, 0, 0, 0, 2, 3, 0, 132)
9 (1, 4, 671, 544, 0, 0, 0, 0, 2, 2, 0, 200)
10 (1, 4, 150, 381, 0, 0, 0, 0, 1, 1, 0, 191)
11 (1, 4, 0, 79, 0, 0, 6, 0, 1, 1, 0, 84)
12 (1, 4, 123, 239, 0, 0, 25, 12, 1, 1, 0, 232)
13 (1, 4, 109, 156, 0, 0, 10, 18, 1, 1, 0, 47)
14 (1, 4, 71, 34, 0, 8, 0, 14, 1, 1, 0, 165)
15 (1, 4, 77, 0, 0, 52, 0, 7, 1, 1, 0, 201)
16 (1, 4, 0, 0, 0, 73, 0, 0, 1, 1, 0, 69)
17 (1, 4, 94, 0, 0, 71, 0, 0, 1, 1, 0, 194)
18 (1, 4, 38, 0, 0, 59, 0, 0, 1, 1, 0, 83)
19 (1, 4, 11, 0, 15, 71, 0, 0, 1, 1, 0, 196)
20 (1, 4, 0, 0, 2, 60, 0, 0, 1, 1, 0, 194)
21 (1, 4, 0, 0, 0, 65, 0, 0, 1, 1, 0, 189)
22 (1, 4, 0, 0, 0, 59, 0, 0, 1, 1, 0, 176)
23 (1, 4, 0, 0, 0, 60, 0, 0, 1, 1, 0, 237)
24 (1, 4, 0, 5, 0, 57, 0, 0, 1, 1, 0, 225)
25 (1, 4, 0, 0, 0, 59, 0, 0, 1, 1, 0, 176)
26 (1, 4, 0, 0, 0, 58, 0, 0, 0, 0, 0, 166)
27 (1, 4, 0, 5, 0, 57, 0, 0, 0, 0, 0, 232)
28 (1, 4, 0, 28, 1, 56, 0, 0, 0, 0, 0, 4)
29 (1, 4, 10, 0, 0, 54, 0, 0, 0, 0, 0, 78)
30 (1, 4, 3, 5, 0, 55, 0, 0, 0, 0, 0, 64)
31 (1, 4, 0, 0, 0, 53, 0, 0, 0, 0, 0, 3)
