1 (1, 4, 317, 0, 859, 0, 0, 0, 20, 20, 0, 205)
2 (1, 4, 873, 706, 609, 0, 59, 0, 20, 20, 0, 55)
3 (1, 4, 0, 873, 504, 0, 0, 0, 11, 13, 0, 85)
4 (1, 4, 565, 873, 279, 0, 0, 0, 13, 14, 0, 27)
5 (1, 4, 175, 594, 0, 0, 0, 0, 10, 11, 0, 133)
6 (1, 4, 330, 40, 0, 0, 88, 0, 20, 20, 0, 2)
7 (1, 4, 202, 178, 0, 0, 12, 52, 20, 20, 0, 208)
8 (1, 4, 346, 228, 0, 0, 16, 94, 20, 20, 0, 98)
9 (1, 4, 328, 0, 0, 0, 21, 10, 20, 20, 0, 125)
10 (1, 4, 162, 0, 0, 31, 0, 0, 0, 20, 0, 235)
11 (1, 4, 147, 126, 134, 12, 0, 0, 20, 20, 0, 13)
12 (1, 4, 248, 35, 98, 0, 0, 0, 20, 20, 0, 49)
13 (1, 4, 257, 57, 167, 0, 0, 10, 20, 20, 0, 218)
14 (1, 4, 396, 0, 210, 0, 0, 5, 20, 20, 0, 101)
15 (1, 4, 251, 0, 316, 8, 0, 25, 20, 20, 0, 51)
16 (1, 4, 28, 0, 330, 0, 0, 24, 20, 20, 0, 110)
17 (1, 4, 26, 9, 0, 0, 0, 13, 16, 17, 0, 79)
18 (1, 4, 13, 6, 0, 0, 0, 11, 15, 14, 0, 31)
19 (1, 4, 0, 12, 0, 0, 0, 12, 16, 15, 0, 253)
20 (1, 4, 1, 9, 0, 0, 0, 13, 19, 19, 0, 189)
21 (1, 4, 27, 7, 0, 0, 0, 13, 18, 18, 0, 60)
22 (1, 4, 31, 11, 0, 0, 0, 11, 19, 18, 0, 195)
23 (1, 4, 19, 12, 0, 0, 0, 9, 20, 20, 0, 100)
24 (1, 4, 0, 9, 0, 0, 0, 10, 20, 20, 0, 159)
25 (1, 4, 0, 11, 0, 0, 0, 13, 20, 19, 0, 247)
26 (1, 4, 0, 7, 0, 0, 0, 12, 20, 20, 0, 87)
27 (1, 4, 0, 10, 0, 0, 0, 13, 20, 20, 0, 84)
28 (1, 4, 0, 3, 0, 0, 0, 13, 20, 19, 0, 68)
29 (1, 4, 0, 4, 0, 0, 0, 12, 20, 20, 0, 143)
30 (1, 4, 4, 5, 0, 0, 0, 12, 20, 20, 0, 2)
31 (1, 4, 3, 4, 0, 0, 0, 12, 20, 20, 0, 157)
32 (1, 4, 0, 7, 0, 0, 0, 12, 20, 20, 0, 87)
1 (1, 4, 0, 0, 0, 0, 0, 44, 20, 20, 0, 244)
2 (1, 4, 201, 19, 0, 0, 0, 73, 20, 20, 0, 225)
3 (1, 4, 0, 0, 0, 0, 0, 55, 20, 20, 0, 171)
4 (1, 4, 147, 0, 0, 0, 0, 36, 20, 20, 0, 249)
5 (1, 4, 246, 0, 0, 0, 0, 39, 20, 20, 0, 231)
6 (1, 4, 371, 0, 0, 0, 41, 12, 20, 20, 0, 94)
7 (1, 4, 197, 0, 0, 0, 77, 0, 20, 20, 0, 33)
8 (1, 4, 2, 0, 208, 0, 51, 0, 20, 20, 0, 160)
9 (1, 4, 0, 0, 497, 0, 6, 0, 20, 20, 0, 153)
10 (1, 4, 35, 0, 873, 0, 0, 0, 0, 20, 0, 104)
11 (1, 4, 0, 873, 873, 0, 0, 0, 19, 20, 0, 70)
12 (1, 4, 94, 557, 102, 0, 0, 0, 20, 20, 0, 80)
13 (1, 4, 42, 537, 0, 0, 0, 78, 20, 20, 0, 168)
14 (1, 4, 524, 184, 0, 0, 0, 166, 20, 20, 0, 112)
15 (1, 4, 458, 0, 0, 0, 55, 107, 19, 19, 0, 143)
16 (1, 4, 474, 0, 0, 0, 116, 0, 20, 20, 0, 169)
17 (1, 4, 417, 303, 532, 0, 0, 107, 18, 17, 0, 250)
18 (1, 4, 136, 35, 439, 0, 0, 85, 20, 20, 0, 65)
19 (1, 4, 0, 55, 398, 0, 0, 54, 15, 16, 0, 146)
20 (1, 4, 0, 52, 376, 0, 0, 20, 9, 13, 0, 208)
21 (1, 4, 0, 0, 193, 0, 0, 0, 12, 12, 0, 140)
22 (1, 4, 0, 0, 0, 0, 0, 0, 15, 19, 0, 81)
23 (1, 4, 0, 0, 0, 0, 0, 0, 17, 17, 0, 231)
24 (1, 4, 364, 285, 0, 0, 0, 0, 14, 14, 0, 92)
25 (1, 4, 543, 85, 134, 0, 0, 181, 19, 20, 0, 2)
26 (1, 4, 428, 277, 7, 0, 29, 0, 20, 20, 0, 130)
27 (1, 4, 0, 250, 78, 0, 0, 0, 20, 20, 0, 3)
28 (1, 4, 212, 64, 34, 0, 0, 31, 12, 13, 0, 69)
29 (1, 4, 348, 0, 0, 0, 0, 0, 20, 20, 0, 233)
30 (1, 4, 137, 39, 24, 0, 18, 28, 20, 20, 0, 153)
31 (1, 4, 0, 0, 15, 0, 0, 0, 20, 19, 0, 133)
32 (1, 4, 0, 27, 7, 0, 0, 16, 20, 20, 0, 246)
1 (1, 4, 0, 0, 0, 0, 0, 19, 20, 20, 0, 127)
2 (1, 4, 0, 0, 3, 0, 10, 10, 20, 20, 0, 17)
3 (1, 4, 0, 0, 69, 0, 10, 0, 20, 20, 0, 200)
4 (1, 4, 0, 53, 0, 0, 0, 0, 20, 20, 0, 6)
5 (1, 4, 0, 125, 0, 17, 0, 0, 0, 0, 0, 106)
6 (1, 4, 0, 873, 0, 0, 0, 0, 6, 9, 0, 96)
7 (1, 4, 0, 873, 0, 0, 0, 0, 13, 13, 0, 116)
8 (1, 4, 1, 873, 0, 0, 0, 0, 20, 20, 0, 171)
9 (1, 4, 0, 594, 3, 0, 16, 82, 20, 20, 0, 153)
10 (1, 4, 229, 510, 155, 0, 13, 108, 20, 20, 0, 206)
11 (1, 4, 245, 56, 251, 0, 21, 134, 20, 20, 0, 130)
12 (1, 4, 271, 0, 255, 4, 4, 97, 20, 20, 0, 228)
13 (1, 4, 440, 0, 443, 12, 0, 3, 20, 20, 0, 66)
14 (1, 4, 0, 0, 425, 39, 0, 0, 20, 20, 0, 4)
15 (1, 4, 147, 0, 397, 22, 0, 0, 20, 20, 0, 66)
16 (1, 4, 339, 0, 447, 14, 0, 0, 20, 20, 0, 125)
17 (1, 4, 0, 7, 0, 0, 0, 8, 20, 20, 0, 34)
18 (1, 4, 3, 8, 0, 0, 0, 11, 20, 20, 0, 231)
19 (1, 4, 8, 10, 0, 0, 0, 9, 20, 20, 0, 81)
20 (1, 4, 5, 8, 0, 0, 0, 8, 20, 20, 0, 165)
21 (1, 4, 0, 4, 0, 0, 0, 8, 20, 20, 0, 250)
22 (1, 4, 0, 5, 0, 0, 0, 10, 20, 20, 0, 246)
23 (1, 4, 2, 5, 0, 0, 0, 11, 20, 20, 0, 53)
24 (1, 4, 9, 6, 0, 0, 0, 9, 20, 20, 0, 54)
25 (1, 4, 6, 10, 0, 0, 0, 9, 20, 20, 0, 5)
26 (1, 4, 2, 5, 0, 0, 0, 9, 20, 20, 0, 140)
27 (1, 4, 0, 6, 0, 0, 0, 9, 20, 20, 0, 72)
28 (1, 4, 0, 7, 0, 0, 0, 10, 20, 20, 0, 155)
29 (1, 4, 3, 7, 0, 0, 0, 9, 20, 20, 0, 239)
30 (1, 4, 3, 7, 0, 0, 0, 9, 20, 20, 0, 239)
31 (1, 4, 0, 8, 0, 0, 0, 10, 20, 20, 0, 42)
32 (1, 4, 2, 6, 0, 0, 0, 10, 20, 20, 0, 50)
1 (1, 4, 0, 6, 0, 0, 0, 9, 20, 20, 0, 72)
2 (1, 4, 0, 7, 0, 0, 0, 9, 20, 20, 0, 253)
3 (1, 4, 0, 7, 0, 0, 0, 10, 20, 20, 0, 155)
4 (1, 4, 0, 9, 0, 0, 0, 9, 20, 20, 0, 249)
5 (1, 4, 1, 9, 0, 0, 0, 9, 20, 20, 0, 247)
6 (1, 4, 42, 7, 0, 0, 0, 19, 20, 20, 0, 214)
7 (1, 4, 273, 13, 57, 0, 0, 29, 20, 20, 0, 192)
8 (1, 4, 497, 0, 108, 0, 0, 26, 20, 20, 0, 26)
9 (1, 4, 636, 0, 180, 0, 0, 19, 20, 20, 0, 179)
10 (1, 4, 565, 0, 133, 0, 0, 20, 20, 20, 0, 66)
11 (1, 4, 193, 0, 0, 0, 10, 65, 20, 20, 0, 241)
12 (1, 4, 63, 0, 0, 0, 0, 116, 20, 20, 0, 245)
13 (1, 4, 20, 0, 0, 0, 0, 113, 20, 20, 0, 250)
14 (1, 4, 184, 0, 0, 0, 1, 85, 20, 20, 0, 205)
15 (1, 4, 188, 0, 0, 0, 39, 44, 20, 20, 0, 235)
16 (1, 4, 0, 0, 198, 0, 33, 0, 20, 20, 0, 197)
17 (1, 4, 282, 4, 610, 0, 0, 27, 20, 15, 0, 31)
18 (1, 4, 196, 88, 630, 0, 0, 3, 16, 15, 0, 41)
19 (1, 4, 0, 142, 428, 0, 0, 3, 20, 20, 0, 25)
20 (1, 4, 0, 112, 174, 0, 0, 3, 20, 20, 0, 78)
21 (1, 4, 0, 128, 0, 0, 0, 2, 20, 20, 0, 114)
22 (1, 4, 0, 120, 0, 0, 0, 7, 20, 20, 0, 74)
23 (1, 4, 26, 0, 0, 0, 11, 81, 6, 9, 0, 128)
24 (1, 4, 134, 0, 30, 0, 0, 0, 9, 10, 0, 1)
25 (1, 4, 160, 40, 17, 0, 0, 0, 10, 10, 0, 108)
26 (1, 4, 206, 39, 0, 0, 1, 0, 11, 11, 0, 92)
27 (1, 4, 53, 33, 24, 0, 0, 0, 11, 11, 0, 136)
28 (1, 4, 15, 26, 22, 0, 0, 2, 12, 12, 0, 64)
29 (1, 4, 43, 5, 0, 0, 0, 3, 14, 14, 0, 172)
30 (1, 4, 28, 3, 1, 0, 0, 3, 15, 15, 0, 139)
31 (1, 4, 28, 11, 6, 0, 0, 3, 15, 14, 0, 182)
32 (1, 4, 36, 8, 3, 0, 0, 3, 16, 16, 0, 127)
1 (1, 4, 0, 0, 0, 0, 0, 0, 20, 20, 0, 202)
2 (1, 4, 0, 0, 0, 0, 0, 11, 20, 20, 0, 70)
3 (1, 4, 528, 0, 0, 0, 0, 21, 20, 20, 0, 87)
4 (1, 4, 593, 0, 0, 0, 91, 0, 20, 20, 0, 124)
5 (1, 4, 18, 0, 473, 0, 97, 0, 0, 0, 0, 236)
6 (1, 4, 0, 0, 850, 0, 0, 0, 20, 20, 0, 134)
7 (1, 4, 0, 407, 616, 0, 0, 0, 20, 20, 0, 78)
8 (1, 4, 0, 873, 570, 0, 0, 0, 20, 20, 0, 13)
9 (1, 4, 0, 873, 690, 0, 0, 0, 20, 20, 0, 64)
10 (1, 4, 359, 873, 307, 0, 0, 0, 20, 20, 0, 164)
11 (1, 4, 265, 772, 76, 0, 0, 0, 18, 18, 0, 107)
12 (1, 4, 128, 387, 0, 0, 0, 0, 13, 14, 0, 143)
13 (1, 4, 216, 104, 0, 0, 0, 25, 20, 20, 0, 210)
14 (1, 4, 150, 82, 56, 0, 6, 47, 20, 20, 0, 224)
15 (1, 4, 6, 30, 162, 0, 0, 65, 20, 20, 0, 49)
16 (1, 4, 0, 0, 232, 0, 0, 47, 20, 20, 0, 218)
17 (1, 4, 91, 2, 0, 0, 0, 34, 20, 0, 0, 189)
18 (1, 4, 11, 0, 0, 0, 0, 14, 20, 20, 0, 142)
19 (1, 4, 0, 0, 0, 0, 0, 18, 20, 20, 0, 160)
20 (1, 4, 0, 0, 0, 0, 0, 29, 20, 20, 0, 89)
21 (1, 4, 32, 17, 0, 0, 0, 25, 20, 20, 0, 63)
22 (1, 4, 70, 31, 0, 0, 0, 20, 20, 20, 0, 17)
23 (1, 4, 41, 23, 4, 0, 0, 17, 20, 20, 0, 66)
24 (1, 4, 12, 15, 4, 0, 0, 18, 20, 20, 0, 7)
25 (1, 4, 0, 6, 0, 0, 0, 20, 20, 20, 0, 219)
26 (1, 4, 2, 7, 0, 0, 0, 18, 20, 20, 0, 190)
27 (1, 4, 0, 4, 0, 0, 0, 20, 20, 20, 0, 182)
28 (1, 4, 0, 5, 0, 0, 0, 21, 20, 20, 0, 220)
29 (1, 4, 3, 6, 0, 0, 0, 19, 20, 20, 0, 218)
30 (1, 4, 0, 6, 0, 0, 0, 21, 20, 20, 0, 4)
31 (1, 4, 0, 7, 0, 0, 0, 21, 20, 20, 0, 177)
32 (1, 4, 1, 5, 0, 0, 0, 19, 20, 20, 0, 30)
1 (1, 4, 80, 70, 0, 0, 0, 13, 20, 20, 0, 215)
2 (1, 4, 163, 87, 0, 0, 0, 15, 20, 20, 0, 19)
3 (1, 4, 320, 23, 77, 0, 0, 25, 20, 20, 0, 73)
4 (1, 4, 517, 61, 110, 0, 0, 1, 20, 20, 0, 144)
5 (1, 4, 570, 79, 138, 0, 0, 0, 20, 20, 0, 213)
6 (1, 4, 873, 112, 349, 0, 0, 27, 20, 20, 0, 44)
7 (1, 4, 825, 0, 278, 0, 0, 15, 16, 18, 0, 205)
8 (1, 4, 196, 0, 0, 0, 0, 60, 20, 20, 0, 131)
9 (1, 4, 60, 0, 0, 0, 0, 106, 20, 20, 0, 18)
10 (1, 4, 0, 0, 0, 0, 0, 83, 20, 20, 0, 58)
11 (1, 4, 0, 0, 0, 0, 0, 74, 20, 20, 0, 220)
12 (1, 4, 0, 0, 0, 0, 75, 38, 20, 20, 0, 247)
13 (1, 4, 44, 0, 0, 0, 144, 32, 20, 20, 0, 85)
14 (1, 4, 62, 0, 498, 0, 125, 0, 20, 20, 0, 137)
15 (1, 4, 0, 0, 859, 0, 0, 0, 20, 20, 0, 174)
16 (1, 4, 0, 0, 873, 0, 0, 0, 0, 0, 0, 180)
17 (1, 4, 527, 380, 327, 0, 0, 11, 7, 10, 0, 237)
18 (1, 4, 628, 255, 259, 0, 45, 71, 9, 10, 0, 102)
19 (1, 4, 776, 0, 147, 0, 59, 26, 12, 12, 0, 19)
20 (1, 4, 346, 175, 55, 0, 0, 0, 16, 16, 0, 255)
21 (1, 4, 0, 0, 0, 0, 0, 0, 16, 14, 0, 96)
22 (1, 4, 107, 0, 0, 0, 0, 0, 16, 16, 0, 194)
23 (1, 4, 0, 51, 0, 0, 0, 0, 17, 16, 0, 247)
24 (1, 4, 0, 43, 7, 0, 75, 68, 19, 19, 0, 217)
25 (1, 4, 197, 0, 94, 0, 0, 1, 20, 20, 0, 246)
26 (1, 4, 59, 44, 0, 0, 0, 0, 20, 20, 0, 36)
27 (1, 4, 0, 17, 0, 0, 7, 7, 18, 16, 0, 133)
28 (1, 4, 0, 21, 6, 0, 7, 13, 18, 17, 0, 22)
29 (1, 4, 0, 13, 0, 0, 0, 13, 18, 18, 0, 96)
30 (1, 4, 0, 15, 0, 0, 0, 16, 17, 17, 0, 133)
31 (1, 4, 17, 2, 0, 0, 2, 13, 18, 17, 0, 112)
32 (1, 4, 23, 2, 0, 0, 0, 8, 18, 18, 0, 177)
