1 (1, 4, 77, 65, 0, 0, 0, 5, 1, 2, 0, 153)
2 (1, 4, 48, 72, 0, 0, 0, 5, 1, 2, 0, 119)
3 (1, 4, 0, 97, 0, 0, 0, 16, 1, 1, 0, 80)
4 (1, 4, 0, 24, 0, 0, 0, 14, 1, 1, 0, 131)
5 (1, 4, 0, 10, 0, 0, 0, 26, 1, 1, 0, 41)
6 (1, 4, 0, 0, 0, 0, 0, 58, 1, 1, 0, 86)
7 (1, 4, 121, 0, 0, 0, 0, 84, 1, 1, 0, 68)
8 (1, 4, 312, 0, 0, 0, 0, 78, 2, 1, 0, 231)
9 (1, 4, 152, 0, 0, 0, 0, 88, 1, 1, 0, 142)
10 (1, 4, 328, 0, 185, 0, 20, 27, 1, 1, 0, 237)
11 (1, 4, 0, 0, 467, 0, 0, 0, 1, 1, 0, 228)
12 (1, 4, 0, 0, 579, 0, 0, 0, 1, 1, 0, 141)
13 (1, 4, 0, 0, 301, 0, 0, 0, 2, 2, 0, 185)
14 (1, 4, 0, 306, 231, 0, 0, 0, 1, 2, 0, 240)
15 (1, 4, 0, 500, 16, 0, 0, 0, 1, 2, 0, 171)
16 (1, 4, 0, 761, 0, 0, 0, 0, 1, 3, 0, 75)
17 (1, 4, 0, 873, 0, 0, 0, 0, 1, 2, 0, 165)
18 (1, 4, 0, 764, 0, 0, 0, 0, 1, 1, 0, 242)
19 (1, 4, 0, 418, 0, 0, 0, 9, 1, 1, 0, 9)
20 (1, 4, 2, 318, 0, 0, 0, 77, 1, 1, 0, 44)
21 (1, 4, 98, 97, 0, 0, 15, 35, 1, 1, 0, 191)
22 (1, 4, 39, 216, 41, 8, 0, 26, 1, 1, 0, 100)
23 (1, 4, 21, 6, 6, 45, 0, 16, 1, 1, 0, 198)
24 (1, 4, 0, 0, 37, 88, 0, 0, 1, 1, 0, 153)
25 (1, 4, 0, 0, 116, 87, 0, 0, 1, 1, 0, 44)
26 (1, 4, 0, 0, 76, 106, 0, 0, 1, 1, 0, 148)
27 (1, 4, 17, 0, 60, 83, 0, 0, 1, 1, 0, 249)
28 (1, 4, 91, 86, 0, 79, 0, 0, 1, 1, 0, 89)
29 (1, 4, 60, 0, 2, 74, 0, 0, 1, 1, 0, 36)
30 (1, 4, 0, 0, 0, 84, 0, 0, 1, 1, 0, 41)
31 (1, 4, 0, 0, 0, 78, 0, 0, 1, 1, 0, 24)
32 (1, 4, 0, 17, 0, 80, 0, 0, 1, 1, 0, 129)
1 (1, 4, 123, 160, 3, 0, 0, 21, 1, 2, 0, 7)
2 (1, 4, 873, 112, 0, 0, 0, 0, 1, 1, 0, 97)
3 (1, 4, 290, 81, 0, 0, 0, 0, 1, 1, 0, 249)
4 (1, 4, 378, 128, 0, 0, 0, 22, 1, 1, 0, 169)
5 (1, 4, 357, 0, 0, 0, 0, 98, 1, 0, 0, 59)
6 (1, 4, 271, 0, 0, 0, 0, 118, 1, 1, 0, 212)
7 (1, 4, 248, 0, 0, 0, 0, 118, 0, 1, 0, 37)
8 (1, 4, 113, 0, 0, 0, 16, 51, 0, 0, 0, 79)
9 (1, 4, 50, 0, 221, 0, 12, 0, 0, 1, 0, 15)
10 (1, 4, 25, 0, 299, 0, 0, 0, 0, 1, 0, 47)
11 (1, 4, 75, 0, 570, 0, 0, 0, 0, 1, 0, 86)
12 (1, 4, 0, 0, 645, 0, 0, 0, 0, 1, 0, 148)
13 (1, 4, 0, 0, 468, 125, 0, 0, 1, 1, 0, 81)
14 (1, 4, 0, 775, 62, 78, 0, 0, 1, 1, 0, 126)
15 (1, 4, 0, 768, 0, 0, 0, 152, 1, 1, 0, 236)
16 (1, 4, 207, 293, 0, 0, 0, 256, 0, 1, 0, 178)
17 (1, 4, 252, 0, 0, 0, 0, 134, 0, 1, 0, 160)
18 (1, 4, 317, 0, 0, 0, 0, 65, 0, 0, 0, 135)
19 (1, 4, 579, 0, 82, 0, 0, 6, 0, 1, 0, 237)
20 (1, 4, 470, 0, 359, 0, 0, 0, 0, 1, 0, 242)
21 (1, 4, 272, 0, 488, 0, 0, 0, 0, 0, 0, 137)
22 (1, 4, 0, 0, 582, 0, 0, 0, 1, 1, 0, 71)
23 (1, 4, 0, 271, 784, 0, 0, 0, 1, 1, 0, 187)
24 (1, 4, 0, 515, 842, 0, 0, 0, 3, 2, 0, 148)
25 (1, 4, 0, 625, 337, 0, 0, 0, 2, 3, 0, 18)
26 (1, 4, 0, 772, 196, 0, 0, 0, 1, 4, 0, 17)
27 (1, 4, 0, 420, 113, 0, 0, 0, 1, 3, 0, 179)
28 (1, 4, 36, 134, 72, 0, 0, 42, 1, 2, 0, 54)
29 (1, 4, 189, 137, 0, 0, 0, 47, 1, 1, 0, 92)
30 (1, 4, 276, 125, 0, 0, 0, 20, 1, 1, 0, 247)
31 (1, 4, 191, 98, 12, 0, 3, 0, 1, 1, 0, 90)
32 (1, 4, 0, 0, 0, 0, 0, 0, 1, 1, 0, 119)
1 (1, 4, 279, 179, 181, 0, 0, 0, 0, 1, 0, 29)
2 (1, 4, 332, 102, 202, 0, 0, 0, 0, 1, 0, 185)
3 (1, 4, 256, 0, 159, 0, 0, 9, 1, 1, 0, 151)
4 (1, 4, 583, 0, 367, 0, 0, 0, 1, 1, 0, 209)
5 (1, 4, 358, 90, 428, 0, 0, 0, 1, 2, 0, 46)
6 (1, 4, 157, 184, 478, 0, 0, 0, 1, 2, 0, 141)
7 (1, 4, 130, 318, 444, 0, 0, 0, 1, 2, 0, 78)
8 (1, 4, 136, 17, 189, 0, 0, 0, 1, 2, 0, 125)
9 (1, 4, 323, 190, 16, 0, 0, 0, 1, 3, 0, 225)
10 (1, 4, 508, 422, 0, 0, 0, 0, 2, 4, 0, 113)
11 (1, 4, 453, 485, 0, 0, 0, 0, 1, 3, 0, 195)
12 (1, 4, 329, 481, 0, 0, 0, 0, 1, 2, 0, 47)
13 (1, 4, 396, 241, 0, 0, 0, 44, 0, 1, 0, 224)
14 (1, 4, 328, 16, 0, 0, 0, 89, 0, 0, 0, 71)
15 (1, 4, 352, 0, 0, 0, 0, 127, 0, 0, 0, 252)
16 (1, 4, 312, 0, 0, 0, 88, 36, 0, 0, 0, 161)
17 (1, 4, 103, 0, 318, 0, 42, 0, 0, 0, 0, 53)
18 (1, 4, 0, 0, 507, 0, 52, 0, 0, 1, 0, 175)
19 (1, 4, 0, 0, 873, 0, 0, 0, 0, 1, 0, 223)
20 (1, 4, 0, 0, 467, 17, 0, 0, 0, 1, 0, 110)
21 (1, 4, 139, 532, 290, 48, 0, 0, 1, 1, 0, 228)
22 (1, 4, 0, 618, 20, 39, 0, 0, 1, 1, 0, 176)
23 (1, 4, 137, 726, 0, 0, 0, 0, 1, 1, 0, 133)
24 (1, 4, 204, 547, 0, 0, 0, 25, 1, 1, 0, 146)
25 (1, 4, 494, 364, 0, 0, 0, 65, 1, 1, 0, 45)
26 (1, 4, 873, 207, 0, 0, 0, 50, 1, 1, 0, 185)
27 (1, 4, 468, 0, 0, 0, 110, 18, 1, 1, 0, 156)
28 (1, 4, 243, 0, 301, 0, 125, 0, 1, 1, 0, 194)
29 (1, 4, 0, 0, 555, 0, 72, 0, 1, 1, 0, 239)
30 (1, 4, 0, 0, 716, 0, 0, 0, 1, 1, 0, 37) [FRAGMENTED]
31 (1, 4, 0, 661, 8, 0, 0, 0, 1, 2, 0, 180)
32 (1, 4, 120, 679, 0, 0, 0, 0, 1, 2, 0, 24)
1 (1, 4, 370, 525, 0, 0, 0, 6, 1, 1, 0, 26)
2 (1, 4, 191, 172, 0, 0, 0, 21, 2, 1, 0, 106)
3 (1, 4, 246, 27, 0, 0, 0, 23, 1, 1, 0, 34)
4 (1, 4, 365, 0, 0, 0, 0, 22, 1, 1, 0, 98)
5 (1, 4, 466, 0, 0, 0, 3, 11, 1, 1, 0, 18)
6 (1, 4, 288, 0, 84, 0, 36, 0, 1, 1, 0, 134)
7 (1, 4, 139, 0, 301, 0, 24, 0, 1, 1, 0, 145)
8 (1, 4, 0, 0, 556, 0, 48, 0, 1, 1, 0, 89)
9 (1, 4, 0, 0, 564, 0, 21, 0, 1, 2, 0, 176)
10 (1, 4, 0, 0, 814, 0, 0, 0, 4, 4, 0, 142)
11 (1, 4, 0, 0, 435, 21, 0, 0, 3, 6, 0, 167)
12 (1, 4, 0, 561, 482, 0, 0, 0, 2, 6, 0, 154)
13 (1, 4, 0, 639, 222, 0, 0, 0, 1, 3, 0, 69)
14 (1, 4, 9, 646, 216, 0, 0, 0, 0, 1, 0, 217)
15 (1, 4, 276, 271, 79, 0, 0, 0, 0, 0, 0, 82)
16 (1, 4, 73, 243, 0, 0, 0, 0, 0, 0, 0, 112)
17 (1, 4, 152, 152, 0, 0, 0, 0, 0, 0, 0, 40)
18 (1, 4, 56, 96, 0, 6, 0, 0, 0, 0, 0, 42)
19 (1, 4, 0, 0, 0, 41, 0, 0, 0, 0, 0, 112)
20 (1, 4, 0, 0, 5, 60, 0, 0, 0, 0, 0, 46)
21 (1, 4, 0, 0, 22, 65, 0, 0, 0, 0, 0, 186)
22 (1, 4, 14, 21, 31, 66, 0, 0, 0, 0, 0, 233)
23 (1, 4, 51, 0, 21, 58, 0, 0, 0, 0, 0, 38)
24 (1, 4, 0, 0, 0, 49, 0, 0, 0, 0, 0, 127)
25 (1, 4, 0, 0, 0, 56, 0, 0, 0, 0, 0, 152)
26 (1, 4, 27, 0, 16, 56, 0, 0, 0, 0, 0, 101)
27 (1, 4, 0, 0, 0, 54, 0, 0, 0, 0, 0, 34)
28 (1, 4, 3, 9, 2, 53, 0, 0, 0, 0, 0, 56)
29 (1, 4, 9, 10, 0, 55, 0, 0, 0, 0, 0, 157)
30 (1, 4, 0, 0, 0, 56, 0, 0, 0, 0, 0, 152)
31 (1, 4, 35, 0, 0, 40, 0, 0, 0, 0, 0, 186)
32 (1, 4, 42, 0, 2, 33, 0, 0, 0, 0, 0, 12)
1 (1, 4, 51, 0, 0, 16, 0, 0, 0, 1, 0, 215)
2 (1, 4, 105, 0, 27, 0, 0, 0, 0, 1, 0, 93)
3 (1, 4, 142, 0, 78, 0, 0, 0, 0, 1, 0, 98)
4 (1, 4, 119, 0, 124, 0, 0, 0, 0, 1, 0, 9)
5 (1, 4, 224, 0, 200, 0, 0, 0, 0, 1, 0, 248)
6 (1, 4, 358, 0, 139, 0, 0, 0, 0, 1, 0, 139)
7 (1, 4, 180, 0, 245, 0, 0, 0, 0, 1, 0, 94)
8 (1, 4, 32, 30, 313, 0, 0, 0, 0, 1, 0, 67)
9 (1, 4, 204, 108, 414, 0, 0, 0, 0, 1, 0, 247)
10 (1, 4, 61, 61, 318, 0, 0, 0, 0, 1, 0, 26)
11 (1, 4, 0, 101, 245, 0, 0, 0, 0, 2, 0, 199)
12 (1, 4, 0, 0, 0, 0, 0, 38, 0, 2, 0, 197)
13 (1, 4, 17, 46, 1, 0, 0, 0, 0, 1, 0, 169)
14 (1, 4, 100, 190, 28, 0, 0, 0, 0, 1, 0, 88)
15 (1, 4, 138, 92, 0, 0, 0, 0, 0, 0, 0, 140)
16 (1, 4, 336, 157, 0, 0, 0, 0, 1, 0, 0, 203)
17 (1, 4, 445, 133, 0, 0, 0, 1, 1, 1, 0, 176)
18 (1, 4, 303, 0, 0, 0, 0, 44, 2, 1, 0, 112)
19 (1, 4, 332, 0, 0, 0, 0, 74, 2, 1, 0, 4)
20 (1, 4, 332, 0, 0, 0, 0, 87, 2, 1, 0, 151)
21 (1, 4, 406, 0, 0, 0, 0, 74, 1, 1, 0, 178)
22 (1, 4, 299, 0, 0, 0, 0, 72, 1, 1, 0, 127)
23 (1, 4, 279, 0, 150, 0, 8, 44, 1, 1, 0, 191)
24 (1, 4, 59, 0, 289, 0, 0, 8, 1, 2, 0, 82)
25 (1, 4, 0, 0, 339, 0, 0, 0, 1, 2, 0, 168)
26 (1, 4, 7, 0, 257, 0, 0, 0, 1, 2, 0, 41)
27 (1, 4, 0, 0, 474, 0, 0, 0, 1, 2, 0, 113)
28 (1, 4, 0, 0, 873, 0, 0, 0, 2, 3, 0, 205)
29 (1, 4, 0, 0, 596, 0, 0, 0, 3, 4, 0, 19)
30 (1, 4, 0, 873, 589, 0, 0, 0, 4, 6, 0, 212)
31 (1, 4, 44, 5, 43, 62, 0, 0, 0, 0, 0, 195)
32 (1, 4, 110, 28, 100, 56, 0, 0, 0, 0, 0, 209)
1 (1, 4, 247, 97, 219, 36, 0, 22, 0, 0, 0, 227)
2 (1, 4, 402, 60, 357, 10, 0, 20, 1, 1, 0, 164)
3 (1, 4, 495, 61, 560, 0, 0, 0, 1, 1, 0, 48)
4 (1, 4, 300, 159, 633, 0, 0, 0, 1, 1, 0, 195)
5 (1, 4, 171, 192, 600, 0, 0, 0, 1, 1, 0, 199)
6 (1, 4, 0, 337, 410, 0, 0, 9, 0, 1, 0, 210)
7 (1, 4, 10, 371, 368, 0, 0, 58, 1, 2, 0, 189)
8 (1, 4, 244, 243, 241, 0, 0, 51, 1, 3, 0, 208)
9 (1, 4, 0, 643, 0, 0, 0, 82, 0, 2, 0, 147)
10 (1, 4, 261, 0, 63, 0, 0, 0, 0, 1, 0, 249)
11 (1, 4, 0, 89, 68, 0, 0, 0, 0, 1, 0, 84)
12 (1, 4, 98, 29, 72, 0, 0, 54, 0, 1, 0, 3)
13 (1, 4, 58, 18, 0, 0, 0, 2, 0, 1, 0, 235)
14 (1, 4, 353, 153, 17, 0, 0, 0, 0, 0, 0, 177)
15 (1, 4, 323, 59, 0, 0, 0, 27, 1, 1, 0, 121)
16 (1, 4, 0, 0, 0, 0, 0, 69, 2, 2, 0, 131)
17 (1, 4, 69, 0, 0, 0, 0, 77, 2, 1, 0, 107)
18 (1, 4, 39, 0, 0, 0, 0, 29, 2, 1, 0, 175)
19 (1, 4, 306, 0, 0, 0, 0, 12, 2, 1, 0, 119)
20 (1, 4, 304, 0, 0, 0, 0, 16, 2, 1, 0, 39)
21 (1, 4, 110, 0, 0, 0, 45, 9, 1, 1, 0, 14)
22 (1, 4, 325, 0, 172, 0, 44, 0, 1, 1, 0, 8)
23 (1, 4, 88, 0, 491, 0, 54, 0, 1, 1, 0, 89)
24 (1, 4, 0, 0, 531, 0, 0, 0, 1, 1, 0, 9)
25 (1, 4, 0, 0, 618, 0, 0, 0, 1, 1, 0, 91)
26 (1, 4, 0, 360, 647, 9, 0, 0, 1, 1, 0, 41)
27 (1, 4, 0, 873, 389, 0, 0, 0, 1, 2, 0, 195)
28 (1, 4, 48, 331, 0, 0, 0, 127, 1, 3, 0, 69)
29 (1, 4, 68, 201, 0, 0, 0, 97, 1, 2, 0, 196)
30 (1, 4, 344, 0, 0, 0, 0, 53, 1, 1, 0, 180)
31 (1, 4, 44, 0, 873, 0, 0, 0, 1, 3, 0, 228)
32 (1, 4, 701, 444, 873, 0, 0, 0, 2, 5, 0, 238)
1 (1, 4, 0, 479, 156, 0, 0, 0, 1, 5, 0, 7)
2 (1, 4, 313, 534, 361, 0, 0, 0, 1, 5, 0, 236)
3 (1, 4, 146, 334, 73, 0, 0, 35, 1, 1, 0, 232)
4 (1, 4, 454, 98, 0, 0, 0, 0, 1, 0, 0, 138)
5 (1, 4, 107, 50, 0, 0, 0, 0, 1, 0, 0, 254)
6 (1, 4, 202, 29, 54, 0, 0, 0, 1, 0, 0, 161)
7 (1, 4, 0, 0, 0, 6, 0, 0, 1, 0, 0, 94)
8 (1, 4, 42, 0, 0, 17, 0, 0, 1, 1, 0, 52)
9 (1, 4, 7, 0, 0, 10, 0, 0, 1, 1, 0, 155)
10 (1, 4, 9, 0, 1, 14, 0, 0, 1, 1, 0, 39)
11 (1, 4, 21, 0, 0, 9, 0, 0, 1, 1, 0, 70)
12 (1, 4, 19, 10, 0, 3, 0, 0, 1, 1, 0, 122)
13 (1, 4, 10, 28, 9, 7, 0, 0, 1, 1, 0, 102)
14 (1, 4, 52, 31, 23, 6, 0, 0, 1, 1, 0, 96)
15 (1, 4, 76, 21, 32, 3, 0, 0, 1, 1, 0, 103)
16 (1, 4, 90, 17, 53, 2, 0, 0, 1, 1, 0, 211)
17 (1, 4, 91, 39, 66, 0, 0, 0, 1, 1, 0, 104)
18 (1, 4, 37, 26, 17, 0, 0, 0, 1, 1, 0, 210)
19 (1, 4, 40, 10, 3, 0, 0, 0, 1, 1, 0, 165)
20 (1, 4, 25, 0, 0, 0, 0, 0, 1, 1, 0, 233)
21 (1, 4, 0, 0, 0, 0, 0, 0, 1, 1, 0, 119)
22 (1, 4, 28, 0, 0, 0, 0, 0, 1, 1, 0, 223)
23 (1, 4, 2, 0, 0, 0, 0, 0, 1, 1, 0, 107)
24 (1, 4, 0, 0, 0, 0, 0, 0, 1, 1, 0, 119)
25 (1, 4, 10, 0, 0, 0, 0, 0, 1, 1, 0, 27)
26 (1, 4, 0, 0, 0, 0, 0, 0, 1, 1, 0, 119)
27 (1, 4, 0, 0, 0, 0, 0, 0, 1, 1, 0, 119)
28 (1, 4, 0, 0, 0, 0, 0, 0, 1, 1, 0, 119)
29 (1, 4, 0, 0, 0, 0, 0, 0, 1, 1, 0, 119)
30 (1, 4, 0, 0, 0, 0, 0, 0, 1, 1, 0, 119)
31 (1, 4, 0, 116, 1, 15, 0, 0, 0, 1, 0, 222)
32 (1, 4, 0, 170, 0, 0, 0, 0, 0, 0, 0, 99)
1 (1, 4, 137, 155, 0, 0, 0, 0, 1, 1, 0, 23)
2 (1, 4, 193, 153, 0, 0, 0, 5, 0, 0, 0, 32)
3 (1, 4, 169, 33, 0, 0, 0, 19, 0, 0, 0, 16)
4 (1, 4, 113, 0, 0, 0, 0, 0, 0, 0, 0, 222)
5 (1, 4, 163, 29, 0, 0, 0, 0, 0, 0, 0, 3)
6 (1, 4, 364, 0, 0, 0, 0, 27, 0, 0, 0, 37)
7 (1, 4, 514, 0, 0, 0, 0, 17, 1, 1, 0, 99)
8 (1, 4, 555, 0, 0, 0, 0, 30, 3, 2, 0, 90)
9 (1, 4, 340, 0, 65, 0, 0, 0, 2, 3, 0, 59)
10 (1, 4, 73, 0, 285, 0, 0, 0, 2, 3, 0, 164)
11 (1, 4, 0, 0, 454, 0, 0, 0, 2, 3, 0, 33)
12 (1, 4, 0, 0, 569, 0, 0, 0, 2, 3, 0, 20)
13 (1, 4, 0, 0, 697, 0, 0, 0, 2, 4, 0, 243)
14 (1, 4, 0, 0, 527, 0, 0, 0, 1, 3, 0, 66)
15 (1, 4, 0, 591, 328, 0, 0, 0, 1, 3, 0, 68)
16 (1, 4, 0, 712, 0, 0, 0, 0, 2, 4, 0, 237)
17 (1, 4, 177, 690, 0, 0, 0, 9, 2, 3, 0, 12)
18 (1, 4, 314, 227, 0, 0, 0, 77, 2, 2, 0, 184)
19 (1, 4, 553, 0, 0, 0, 28, 48, 2, 1, 0, 185)
20 (1, 4, 191, 0, 0, 0, 41, 17, 2, 1, 0, 0)
21 (1, 4, 287, 0, 150, 0, 22, 0, 2, 1, 0, 2)
22 (1, 4, 27, 0, 358, 0, 0, 0, 1, 1, 0, 220)
23 (1, 4, 0, 0, 463, 0, 0, 0, 1, 1, 0, 121)
24 (1, 4, 37, 12, 302, 0, 0, 0, 1, 1, 0, 129)
25 (1, 4, 0, 436, 329, 0, 0, 0, 1, 2, 0, 217)
26 (1, 4, 0, 678, 252, 0, 0, 0, 2, 2, 0, 188)
27 (1, 4, 2, 647, 90, 0, 0, 0, 1, 2, 0, 15)
28 (1, 4, 0, 607, 0, 0, 0, 0, 1, 1, 0, 233)
29 (1, 4, 113, 571, 0, 0, 0, 0, 1, 1, 0, 210)
30 (1, 4, 150, 452, 0, 0, 0, 0, 1, 0, 0, 112)
31 (1, 4, 12, 0, 336, 0, 0, 0, 0, 1, 0, 132)
32 (1, 4, 0, 0, 295, 0, 0, 0, 0, 1, 0, 83)
1 (1, 4, 14, 16, 312, 0, 0, 0, 0, 1, 0, 64)
2 (1, 4, 0, 58, 277, 0, 0, 0, 0, 1, 0, 128)
3 (1, 4, 0, 23, 142, 0, 0, 0, 0, 1, 0, 74)
4 (1, 4, 0, 4, 0, 0, 0, 0, 0, 1, 0, 207)
5 (1, 4, 0, 0, 0, 0, 0, 0, 0, 1, 0, 21)
6 (1, 4, 117, 73, 61, 0, 0, 0, 0, 1, 0, 255)
7 (1, 4, 514, 183, 69, 0, 0, 0, 0, 1, 0, 156)
8 (1, 4, 360, 168, 0, 0, 0, 0, 1, 1, 0, 59)
9 (1, 4, 690, 358, 0, 0, 0, 0, 1, 1, 0, 78)
10 (1, 4, 602, 91, 0, 0, 0, 22, 2, 2, 0, 251)
11 (1, 4, 384, 0, 0, 0, 0, 81, 3, 2, 0, 80)
12 (1, 4, 392, 0, 0, 0, 0, 85, 2, 2, 0, 55)
13 (1, 4, 207, 0, 0, 0, 0, 84, 2, 2, 0, 73)
14 (1, 4, 322, 0, 0, 0, 0, 88, 2, 2, 0, 135)
15 (1, 4, 156, 0, 167, 0, 0, 44, 1, 1, 0, 30)
16 (1, 4, 0, 0, 226, 0, 0, 1, 1, 1, 0, 115)
17 (1, 4, 0, 0, 272, 0, 0, 0, 1, 1, 0, 85)
18 (1, 4, 183, 0, 398, 0, 0, 0, 1, 1, 0, 14)
19 (1, 4, 316, 0, 715, 0, 0, 0, 1, 1, 0, 173)
20 (1, 4, 24, 287, 873, 0, 0, 0, 1, 1, 0, 24)
21 (1, 4, 222, 385, 778, 0, 0, 0, 1, 1, 0, 122)
22 (1, 4, 0, 252, 176, 0, 0, 0, 1, 2, 0, 242)
23 (1, 4, 0, 710, 72, 0, 0, 0, 1, 2, 0, 117)
24 (1, 4, 52, 873, 52, 0, 0, 0, 2, 2, 0, 195)
25 (1, 4, 72, 644, 0, 0, 0, 0, 1, 2, 0, 37)
26 (1, 4, 0, 459, 0, 0, 0, 0, 0, 1, 0, 25)
27 (1, 4, 0, 405, 0, 0, 0, 0, 0, 1, 0, 255)
28 (1, 4, 0, 379, 0, 0, 0, 0, 0, 1, 0, 187)
29 (1, 4, 26, 292, 0, 0, 0, 0, 0, 0, 0, 15)
30 (1, 4, 194, 181, 0, 0, 0, 14, 0, 0, 0, 21)
31 (1, 4, 0, 0, 659, 0, 0, 0, 2, 2, 0, 227)
32 (1, 4, 68, 590, 468, 0, 0, 0, 1, 2, 0, 71)
1 (1, 4, 0, 726, 62, 0, 0, 55, 2, 3, 0, 179)
2 (1, 4, 215, 523, 0, 0, 0, 164, 1, 3, 0, 15)
3 (1, 4, 156, 78, 0, 0, 0, 149, 1, 2, 0, 3)
4 (1, 4, 210, 0, 0, 0, 0, 99, 1, 1, 0, 149)
5 (1, 4, 551, 0, 0, 0, 0, 59, 1, 1, 0, 96)
6 (1, 4, 609, 0, 0, 0, 60, 0, 1, 1, 0, 153)
7 (1, 4, 198, 0, 325, 0, 56, 0, 2, 1, 0, 76)
8 (1, 4, 0, 0, 739, 0, 0, 0, 1, 1, 0, 130)
9 (1, 4, 0, 195, 873, 0, 0, 0, 2, 1, 0, 65)
10 (1, 4, 0, 855, 873, 0, 0, 0, 1, 1, 0, 117)
11 (1, 4, 296, 873, 307, 0, 0, 0, 1, 3, 0, 28)
12 (1, 4, 0, 655, 0, 0, 0, 0, 1, 4, 0, 202)
13 (1, 4, 0, 627, 0, 0, 0, 0, 1, 4, 0, 130)
14 (1, 4, 0, 436, 0, 0, 0, 0, 0, 2, 0, 53)
15 (1, 4, 62, 341, 0, 0, 0, 0, 0, 0, 0, 101)
16 (1, 4, 109, 285, 0, 0, 0, 0, 0, 0, 0, 46)
17 (1, 4, 0, 84, 0, 0, 0, 21, 0, 0, 0, 63)
18 (1, 4, 136, 0, 52, 34, 0, 0, 0, 0, 0, 19)
19 (1, 4, 0, 0, 5, 58, 0, 0, 0, 0, 0, 108)
20 (1, 4, 0, 0, 41, 60, 0, 0, 0, 0, 0, 50)
21 (1, 4, 0, 0, 0, 64, 0, 0, 0, 0, 0, 171)
22 (1, 4, 20, 0, 14, 60, 0, 0, 0, 0, 0, 241)
23 (1, 4, 20, 0, 7, 59, 0, 0, 0, 0, 0, 132)
24 (1, 4, 0, 14, 0, 54, 0, 0, 0, 0, 0, 38)
25 (1, 4, 0, 19, 0, 48, 0, 0, 0, 0, 0, 217)
26 (1, 4, 0, 0, 0, 51, 0, 0, 0, 0, 0, 65)
27 (1, 4, 0, 0, 0, 54, 0, 0, 0, 0, 0, 34)
28 (1, 4, 7, 0, 0, 55, 0, 0, 0, 0, 0, 23)
29 (1, 4, 6, 0, 0, 58, 0, 0, 0, 0, 0, 130)
30 (1, 4, 0, 6, 0, 56, 0, 0, 0, 0, 0, 47)
31 (1, 4, 218, 0, 0, 0, 0, 9, 0, 1, 0, 48)
32 (1, 4, 317, 31, 0, 0, 0, 0, 0, 1, 0, 166)
1 (1, 4, 194, 18, 0, 0, 0, 31, 0, 0, 0, 216)
2 (1, 4, 167, 0, 0, 0, 0, 71, 1, 0, 0, 178)
3 (1, 4, 124, 0, 0, 0, 0, 88, 2, 1, 0, 75)
4 (1, 4, 116, 0, 0, 0, 0, 56, 1, 1, 0, 121)
5 (1, 4, 327, 0, 0, 0, 0, 28, 1, 1, 0, 154)
6 (1, 4, 422, 0, 0, 0, 0, 10, 1, 1, 0, 208)
7 (1, 4, 408, 0, 0, 0, 0, 12, 1, 1, 0, 111)
8 (1, 4, 325, 0, 15, 0, 16, 11, 1, 1, 0, 154)
9 (1, 4, 126, 0, 180, 0, 16, 12, 1, 1, 0, 185)
10 (1, 4, 144, 0, 368, 0, 6, 21, 1, 1, 0, 205)
11 (1, 4, 102, 0, 497, 0, 3, 10, 1, 1, 0, 135)
12 (1, 4, 0, 0, 588, 0, 0, 0, 1, 1, 0, 212)
13 (1, 4, 0, 0, 709, 0, 0, 0, 1, 1, 0, 13)
14 (1, 4, 0, 0, 655, 0, 0, 0, 1, 1, 0, 101)
15 (1, 4, 0, 13, 247, 0, 0, 0, 1, 1, 0, 197)
16 (1, 4, 0, 63, 155, 43, 0, 0, 1, 1, 0, 220)
17 (1, 4, 79, 720, 76, 39, 0, 0, 1, 1, 0, 39)
18 (1, 4, 28, 715, 0, 0, 0, 0, 1, 1, 0, 251)
19 (1, 4, 134, 507, 0, 0, 0, 48, 1, 1, 0, 155)
20 (1, 4, 344, 331, 0, 0, 0, 90, 1, 1, 0, 164)
21 (1, 4, 618, 145, 0, 0, 0, 57, 1, 1, 0, 195)
22 (1, 4, 376, 0, 0, 0, 37, 33, 1, 1, 0, 66)
23 (1, 4, 247, 0, 133, 0, 34, 14, 1, 1, 0, 4)
24 (1, 4, 113, 0, 395, 0, 23, 0, 1, 1, 0, 145)
25 (1, 4, 280, 0, 873, 0, 12, 0, 1, 1, 0, 13)
26 (1, 4, 0, 0, 873, 0, 0, 0, 1, 1, 0, 189)
27 (1, 4, 0, 113, 581, 0, 0, 0, 0, 1, 0, 11)
28 (1, 4, 0, 488, 403, 0, 0, 0, 0, 1, 0, 107)
29 (1, 4, 0, 638, 24, 0, 0, 0, 0, 1, 0, 63)
30 (1, 4, 111, 873, 0, 0, 0, 0, 1, 2, 0, 177)

