0 (1, 4, 48, 0, 0, 7, 0, 89, 0, 0, 0, 167)
1 (1, 4, 53, 0, 0, 13, 0, 89, 0, 0, 0, 87)
2 (1, 4, 16, 0, 0, 17, 0, 90, 0, 0, 0, 179)
3 (1, 4, 52, 0, 0, 20, 0, 91, 0, 0, 0, 240)
4 (1, 4, 49, 0, 0, 21, 0, 91, 0, 0, 0, 217)
5 (1, 4, 18, 0, 0, 24, 0, 90, 0, 0, 0, 72)
6 (1, 4, 2, 0, 0, 22, 0, 91, 0, 0, 0, 205)
7 (1, 4, 2, 0, 6, 26, 0, 88, 0, 0, 0, 94)
8 (1, 4, 16, 0, 9, 19, 0, 92, 0, 0, 0, 105)
9 (1, 4, 31, 0, 26, 12, 14, 101, 0, 0, 0, 50)
10 (1, 4, 55, 0, 154, 0, 93, 136, 0, 0, 0, 202)
11 (1, 4, 35, 0, 465, 0, 139, 123, 0, 0, 0, 210)
12 (1, 4, 0, 0, 758, 0, 31, 24, 0, 0, 0, 43)
13 (1, 4, 27, 85, 454, 0, 0, 20, 0, 0, 0, 241)
14 (1, 4, 123, 39, 0, 0, 0, 88, 0, 0, 0, 14)
15 (1, 4, 0, 93, 0, 0, 0, 90, 0, 0, 0, 133)
16 (1, 4, 0, 0, 0, 0, 422, 115, 0, 0, 0, 20)
17 (1, 4, 0, 0, 661, 0, 209, 67, 0, 0, 0, 113)
18 (1, 4, 66, 56, 761, 0, 0, 0, 0, 0, 0, 226)
19 (1, 4, 377, 46, 376, 0, 0, 99, 0, 0, 0, 115)
20 (1, 4, 0, 66, 14, 0, 0, 126, 0, 0, 0, 76)
21 (1, 4, 0, 12, 0, 17, 0, 86, 0, 0, 0, 165)
22 (1, 4, 16, 74, 0, 9, 0, 110, 0, 0, 0, 230)
23 (1, 4, 0, 48, 0, 0, 0, 104, 0, 0, 0, 211)
24 (1, 4, 0, 36, 0, 0, 5, 92, 0, 0, 0, 245)
25 (1, 4, 0, 49, 79, 3, 4, 90, 0, 0, 0, 205)
26 (1, 4, 0, 55, 110, 1, 0, 75, 0, 0, 0, 193)
27 (1, 4, 0, 127, 143, 0, 0, 93, 0, 0, 0, 145)
28 (1, 4, 0, 91, 101, 0, 0, 111, 0, 0, 0, 37)
29 (1, 4, 0, 40, 78, 0, 0, 99, 0, 0, 0, 187)
30 (1, 4, 0, 43, 69, 0, 0, 101, 0, 0, 0, 168)
31 (1, 4, 39, 21, 29, 0, 0, 96, 0, 0, 0, 112)
0 (1, 4, 0, 51, 0, 0, 0, 102, 0, 0, 0, 45)
1 (1, 4, 0, 0, 0, 0, 0, 75, 0, 0, 0, 183)
2 (1, 4, 0, 0, 0, 0, 15, 80, 0, 0, 0, 65)
3 (1, 4, 72, 0, 0, 7, 196, 154, 0, 0, 0, 29)
4 (1, 4, 206, 0, 498, 0, 162, 78, 0, 0, 0, 231)
5 (1, 4, 8, 106, 692, 0, 0, 20, 0, 0, 0, 163)
6 (1, 4, 650, 34, 59, 0, 0, 125, 0, 0, 0, 93)
7 (1, 4, 0, 0, 0, 0, 0, 68, 0, 0, 0, 78)
8 (1, 4, 184, 0, 0, 0, 94, 156, 0, 0, 0, 181)
9 (1, 4, 0, 0, 17, 22, 370, 76, 0, 0, 0, 137)
10 (1, 4, 0, 0, 747, 0, 115, 54, 0, 0, 0, 144)
11 (1, 4, 20, 43, 717, 0, 0, 11, 0, 0, 0, 69)
12 (1, 4, 280, 73, 286, 0, 0, 112, 0, 0, 0, 177)
13 (1, 4, 0, 61, 0, 0, 0, 87, 0, 0, 0, 132)
14 (1, 4, 0, 84, 0, 0, 0, 69, 0, 0, 0, 169)
15 (1, 4, 0, 122, 0, 2, 0, 76, 0, 0, 0, 100)
16 (1, 4, 0, 153, 0, 0, 0, 100, 0, 0, 0, 137)
17 (1, 4, 0, 144, 0, 0, 0, 102, 0, 0, 0, 54)
18 (1, 4, 0, 116, 0, 0, 0, 111, 0, 0, 0, 153)
19 (1, 4, 0, 77, 16, 0, 0, 101, 0, 0, 0, 16)
20 (1, 4, 0, 82, 0, 0, 0, 91, 0, 0, 0, 235)
21 (1, 4, 0, 87, 0, 0, 0, 91, 0, 0, 0, 132)
22 (1, 4, 0, 77, 0, 0, 0, 88, 0, 0, 0, 93)
23 (1, 4, 0, 58, 0, 0, 0, 90, 0, 0, 0, 198)
24 (1, 4, 16, 34, 0, 0, 0, 91, 0, 0, 0, 43)
25 (1, 4, 19, 10, 0, 0, 0, 85, 0, 0, 0, 110)
26 (1, 4, 24, 0, 0, 0, 0, 87, 0, 0, 0, 107)
27 (1, 4, 17, 0, 0, 0, 0, 84, 0, 0, 0, 115)
28 (1, 4, 1, 0, 1, 0, 0, 82, 0, 0, 0, 203)
29 (1, 4, 0, 0, 16, 0, 0, 78, 0, 0, 0, 98)
30 (1, 4, 1, 0, 21, 0, 0, 79, 0, 0, 0, 121)
31 (1, 4, 10, 0, 16, 0, 0, 77, 0, 0, 0, 104)
0 (1, 4, 9, 0, 0, 0, 0, 89, 0, 0, 0, 163)
1 (1, 4, 0, 0, 0, 0, 0, 83, 0, 0, 0, 142)
2 (1, 4, 0, 0, 0, 0, 0, 77, 0, 0, 0, 123)
3 (1, 4, 0, 4, 0, 0, 0, 79, 0, 0, 0, 24)
4 (1, 4, 35, 21, 0, 0, 0, 89, 0, 0, 0, 6)
5 (1, 4, 30, 15, 0, 0, 0, 95, 0, 0, 0, 20)
6 (1, 4, 35, 0, 0, 0, 0, 96, 0, 0, 0, 79)
7 (1, 4, 39, 20, 0, 0, 0, 122, 0, 0, 0, 76)
8 (1, 4, 93, 0, 0, 0, 0, 143, 0, 0, 0, 34)
9 (1, 4, 126, 0, 0, 0, 0, 119, 0, 0, 0, 160)
10 (1, 4, 0, 0, 0, 3, 45, 54, 0, 0, 0, 183)
11 (1, 4, 0, 0, 0, 16, 83, 71, 0, 0, 0, 203)
12 (1, 4, 335, 0, 408, 10, 109, 69, 0, 0, 0, 165)
13 (1, 4, 215, 0, 726, 0, 68, 4, 0, 0, 0, 26)
14 (1, 4, 0, 159, 539, 0, 0, 89, 0, 0, 0, 206)
15 (1, 4, 104, 0, 0, 0, 0, 73, 0, 0, 0, 48)
16 (1, 4, 0, 177, 0, 0, 0, 85, 0, 0, 0, 85)
17 (1, 4, 61, 0, 0, 0, 404, 115, 0, 0, 0, 15)
18 (1, 4, 0, 39, 802, 0, 231, 91, 0, 0, 0, 217)
19 (1, 4, 17, 39, 751, 0, 0, 68, 0, 0, 0, 119)
20 (1, 4, 0, 0, 55, 0, 0, 45, 0, 0, 0, 251)
21 (1, 4, 0, 93, 0, 2, 0, 46, 0, 0, 0, 249)
22 (1, 4, 66, 174, 0, 0, 0, 76, 0, 0, 0, 246)
23 (1, 4, 0, 140, 49, 1, 0, 104, 0, 0, 0, 18)
24 (1, 4, 0, 114, 61, 0, 0, 102, 0, 0, 0, 236)
25 (1, 4, 0, 56, 52, 0, 0, 90, 0, 0, 0, 116)
26 (1, 4, 0, 80, 0, 0, 0, 84, 0, 0, 0, 127)
27 (1, 4, 0, 76, 0, 0, 0, 88, 0, 0, 0, 232)
28 (1, 4, 0, 100, 0, 0, 0, 82, 0, 0, 0, 202)
29 (1, 4, 32, 116, 0, 0, 0, 81, 0, 0, 0, 10)
30 (1, 4, 54, 108, 0, 0, 0, 77, 0, 0, 0, 80)
31 (1, 4, 53, 100, 0, 0, 0, 82, 0, 0, 0, 219)
0 (1, 4, 158, 0, 0, 0, 48, 106, 0, 0, 0, 224)
1 (1, 4, 169, 0, 258, 0, 128, 116, 0, 0, 0, 214)
2 (1, 4, 80, 0, 613, 0, 65, 51, 0, 0, 0, 21)
3 (1, 4, 0, 39, 634, 0, 0, 0, 0, 0, 0, 237)
4 (1, 4, 0, 232, 354, 0, 0, 122, 0, 0, 0, 158)
5 (1, 4, 326, 66, 0, 0, 0, 112, 0, 0, 0, 8)
6 (1, 4, 0, 0, 0, 0, 0, 111, 0, 0, 0, 99)
7 (1, 4, 90, 0, 0, 0, 144, 154, 0, 0, 0, 192)
8 (1, 4, 0, 0, 86, 16, 266, 87, 0, 0, 0, 217)
9 (1, 4, 38, 0, 619, 0, 84, 27, 0, 0, 0, 6)
10 (1, 4, 67, 75, 652, 0, 0, 14, 0, 0, 0, 130)
11 (1, 4, 619, 101, 169, 0, 0, 105, 0, 0, 0, 142)
12 (1, 4, 0, 55, 0, 0, 0, 50, 0, 0, 0, 20)
13 (1, 4, 0, 172, 0, 0, 0, 83, 0, 0, 0, 36)
14 (1, 4, 93, 150, 0, 0, 0, 84, 0, 0, 0, 101)
15 (1, 4, 55, 197, 28, 0, 0, 82, 0, 0, 0, 44)
16 (1, 4, 0, 230, 0, 0, 0, 97, 0, 0, 0, 178)
17 (1, 4, 0, 112, 0, 0, 0, 102, 0, 0, 0, 118)
18 (1, 4, 0, 72, 0, 0, 0, 102, 0, 0, 0, 102)
19 (1, 4, 0, 49, 0, 0, 0, 96, 0, 0, 0, 140)
20 (1, 4, 0, 47, 0, 0, 0, 100, 0, 0, 0, 156)
21 (1, 4, 22, 21, 0, 0, 0, 96, 0, 0, 0, 80)
22 (1, 4, 47, 0, 0, 0, 0, 84, 0, 0, 0, 0)
23 (1, 4, 41, 3, 0, 0, 0, 83, 0, 0, 0, 239)
24 (1, 4, 56, 0, 1, 0, 0, 84, 0, 0, 0, 94)
25 (1, 4, 35, 0, 17, 0, 0, 83, 0, 0, 0, 176)
26 (1, 4, 30, 0, 14, 0, 0, 83, 0, 0, 0, 247)
27 (1, 4, 7, 0, 0, 0, 0, 77, 0, 0, 0, 81)
28 (1, 4, 9, 0, 3, 0, 0, 78, 0, 0, 0, 216)
29 (1, 4, 0, 0, 0, 0, 0, 74, 0, 0, 0, 104)
0 (1, 4, 70, 0, 0, 0, 0, 100, 0, 0, 0, 66)
1 (1, 4, 30, 0, 0, 0, 0, 95, 0, 0, 0, 165)
2 (1, 4, 66, 0, 0, 0, 39, 109, 0, 0, 0, 42)
3 (1, 4, 187, 0, 156, 0, 81, 107, 0, 0, 0, 204)
4 (1, 4, 0, 0, 472, 0, 109, 56, 0, 0, 0, 62)
5 (1, 4, 0, 0, 674, 0, 13, 14, 0, 0, 0, 153)
6 (1, 4, 0, 211, 376, 0, 0, 111, 0, 0, 0, 195)
7 (1, 4, 133, 0, 0, 0, 0, 67, 0, 0, 0, 126)
8 (1, 4, 112, 48, 0, 0, 0, 88, 0, 0, 0, 15)
9 (1, 4, 172, 0, 0, 0, 22, 102, 0, 0, 0, 88)
10 (1, 4, 0, 0, 0, 0, 294, 85, 0, 0, 0, 77)
11 (1, 4, 27, 0, 600, 0, 235, 54, 0, 0, 0, 169)
12 (1, 4, 22, 257, 873, 0, 23, 0, 0, 0, 0, 205)
13 (1, 4, 0, 64, 383, 0, 0, 128, 0, 0, 0, 9)
14 (1, 4, 0, 0, 0, 0, 0, 64, 0, 0, 0, 59)
15 (1, 4, 23, 96, 0, 0, 0, 76, 0, 0, 0, 47)
16 (1, 4, 56, 82, 0, 0, 0, 66, 0, 0, 0, 90)
17 (1, 4, 0, 131, 0, 0, 0, 80, 0, 0, 0, 49)
18 (1, 4, 0, 130, 42, 0, 0, 90, 0, 0, 0, 186)
19 (1, 4, 0, 82, 31, 0, 0, 89, 0, 0, 0, 116)
20 (1, 4, 0, 107, 0, 0, 0, 84, 0, 0, 0, 183)
21 (1, 4, 0, 93, 0, 0, 0, 87, 0, 0, 0, 197)
22 (1, 4, 40, 76, 0, 0, 0, 87, 0, 0, 0, 166)
23 (1, 4, 72, 56, 0, 0, 0, 81, 0, 0, 0, 222)
24 (1, 4, 119, 34, 0, 0, 0, 81, 0, 0, 0, 28)
25 (1, 4, 129, 17, 0, 0, 0, 73, 0, 0, 0, 193)
26 (1, 4, 71, 35, 0, 0, 0, 72, 0, 0, 0, 104)
27 (1, 4, 75, 22, 0, 0, 0, 78, 0, 0, 0, 32)
28 (1, 4, 33, 16, 0, 0, 0, 76, 0, 0, 0, 12)
29 (1, 4, 22, 12, 0, 0, 0, 75, 0, 0, 0, 26)
0 (1, 4, 96, 0, 0, 0, 0, 105, 0, 0, 0, 225)
1 (1, 4, 0, 0, 0, 0, 0, 65, 0, 0, 0, 228)
2 (1, 4, 0, 0, 0, 11, 0, 41, 0, 0, 0, 51)
3 (1, 4, 0, 0, 0, 18, 66, 78, 0, 0, 0, 60)
4 (1, 4, 225, 0, 648, 14, 131, 53, 0, 0, 0, 1)
5 (1, 4, 9, 117, 766, 0, 0, 26, 0, 0, 0, 51)
6 (1, 4, 47, 84, 198, 0, 0, 133, 0, 0, 0, 128)
7 (1, 4, 0, 0, 0, 0, 0, 34, 0, 0, 0, 102)
8 (1, 4, 87, 69, 0, 0, 0, 85, 0, 0, 0, 237)
9 (1, 4, 277, 0, 0, 0, 249, 132, 0, 0, 0, 75)
10 (1, 4, 0, 0, 555, 19, 287, 73, 0, 0, 0, 164)
11 (1, 4, 14, 0, 776, 0, 0, 45, 0, 0, 0, 144)
12 (1, 4, 79, 0, 308, 0, 0, 71, 0, 0, 0, 121)
13 (1, 4, 28, 68, 0, 0, 0, 35, 0, 0, 0, 72)
14 (1, 4, 124, 154, 0, 0, 0, 79, 0, 0, 0, 154)
15 (1, 4, 21, 104, 0, 5, 0, 82, 0, 0, 0, 22)
16 (1, 4, 0, 114, 0, 5, 0, 83, 0, 0, 0, 160)
17 (1, 4, 0, 87, 0, 0, 0, 89, 0, 0, 0, 61)
18 (1, 4, 0, 95, 0, 0, 0, 96, 0, 0, 0, 201)
19 (1, 4, 0, 68, 1, 0, 0, 93, 0, 0, 0, 101)
20 (1, 4, 0, 61, 0, 0, 0, 94, 0, 0, 0, 177)
21 (1, 4, 0, 46, 0, 0, 0, 90, 0, 0, 0, 125)
22 (1, 4, 0, 48, 0, 0, 0, 86, 0, 0, 0, 135)
23 (1, 4, 0, 42, 0, 0, 0, 85, 0, 0, 0, 94)
24 (1, 4, 17, 36, 0, 0, 0, 82, 0, 0, 0, 167)
25 (1, 4, 31, 28, 0, 0, 0, 84, 0, 0, 0, 47)
26 (1, 4, 31, 17, 0, 0, 0, 79, 0, 0, 0, 172)
27 (1, 4, 14, 16, 0, 0, 0, 82, 0, 0, 0, 100)
28 (1, 4, 0, 4, 0, 0, 0, 80, 0, 0, 0, 50)
29 (1, 4, 3, 2, 0, 0, 0, 79, 0, 0, 0, 189)
30 (1, 4, 0, 0, 1, 0, 0, 80, 0, 0, 0, 124)
31 (1, 4, 0, 0, 11, 0, 0, 78, 0, 0, 0, 26)
0 (1, 4, 0, 186, 604, 0, 0, 14, 0, 0, 0, 248)
1 (1, 4, 194, 0, 0, 0, 0, 40, 0, 0, 0, 181)
2 (1, 4, 53, 214, 0, 0, 0, 41, 0, 0, 0, 175)
3 (1, 4, 412, 0, 0, 0, 112, 124, 0, 0, 0, 251)
4 (1, 4, 0, 0, 112, 70, 418, 5, 0, 0, 0, 225)
5 (1, 4, 0, 141, 873, 0, 173, 26, 0, 0, 0, 139)
6 (1, 4, 0, 163, 763, 0, 0, 73, 0, 0, 0, 35)
7 (1, 4, 0, 84, 66, 0, 0, 72, 0, 0, 0, 61)
8 (1, 4, 151, 57, 0, 0, 0, 49, 0, 0, 0, 169)
9 (1, 4, 81, 132, 0, 0, 0, 74, 0, 0, 0, 212)
10 (1, 4, 13, 119, 0, 0, 0, 80, 0, 0, 0, 140)
11 (1, 4, 0, 139, 0, 0, 0, 81, 0, 0, 0, 93)
12 (1, 4, 0, 193, 17, 0, 0, 89, 0, 0, 0, 1)
13 (1, 4, 0, 116, 0, 0, 0, 90, 0, 0, 0, 65)
14 (1, 4, 0, 107, 0, 0, 0, 80, 0, 0, 0, 194)
15 (1, 4, 38, 77, 0, 0, 0, 73, 0, 0, 0, 178)
16 (1, 4, 108, 35, 0, 0, 0, 69, 0, 0, 0, 141)
17 (1, 4, 105, 20, 0, 0, 0, 68, 0, 0, 0, 197)
18 (1, 4, 102, 15, 0, 0, 0, 72, 0, 0, 0, 10)
19 (1, 4, 94, 33, 0, 0, 0, 77, 0, 0, 0, 49)
20 (1, 4, 79, 15, 0, 0, 0, 78, 0, 0, 0, 127)
21 (1, 4, 54, 0, 0, 0, 0, 79, 0, 0, 0, 193)
22 (1, 4, 10, 0, 0, 0, 0, 74, 0, 0, 0, 4)
23 (1, 4, 0, 0, 0, 0, 0, 73, 0, 0, 0, 14)
24 (1, 4, 0, 0, 0, 0, 0, 68, 0, 0, 0, 78)
25 (1, 4, 0, 0, 0, 0, 0, 69, 0, 0, 0, 145)
26 (1, 4, 0, 0, 0, 0, 0, 69, 0, 0, 0, 145)
27 (1, 4, 0, 1, 0, 0, 0, 67, 0, 0, 0, 232)
28 (1, 4, 1, 11, 0, 0, 0, 70, 0, 0, 0, 146)
29 (1, 4, 14, 9, 0, 0, 0, 71, 0, 0, 0, 122)
30 (1, 4, 19, 6, 0, 0, 0, 73, 0, 0, 0, 75)
31 (1, 4, 33, 3, 0, 0, 0, 72, 0, 0, 0, 192)
0 (1, 4, 0, 0, 223, 0, 0, 0, 0, 0, 0, 82)
1 (1, 4, 219, 55, 0, 0, 0, 0, 0, 0, 0, 193)
2 (1, 4, 129, 471, 0, 0, 0, 0, 0, 0, 0, 97)
3 (1, 4, 601, 425, 0, 0, 0, 105, 0, 0, 0, 156)
4 (1, 4, 800, 0, 41, 34, 267, 144, 0, 0, 0, 190)
5 (1, 4, 0, 84, 631, 21, 224, 45, 0, 0, 0, 53)
6 (1, 4, 0, 83, 700, 0, 0, 82, 0, 0, 0, 67)
7 (1, 4, 4, 0, 0, 0, 0, 39, 0, 0, 0, 244)
8 (1, 4, 0, 225, 0, 3, 0, 21, 0, 0, 0, 211)
9 (1, 4, 132, 324, 0, 0, 0, 83, 0, 0, 0, 31)
10 (1, 4, 31, 172, 0, 0, 0, 74, 0, 0, 0, 120)
11 (1, 4, 0, 168, 0, 5, 0, 73, 0, 0, 0, 29)
12 (1, 4, 0, 121, 41, 0, 0, 86, 0, 0, 0, 212)
13 (1, 4, 24, 53, 21, 0, 0, 81, 0, 0, 0, 222)
14 (1, 4, 0, 76, 0, 0, 0, 75, 0, 0, 0, 93)
15 (1, 4, 10, 76, 0, 0, 0, 73, 0, 0, 0, 136)
16 (1, 4, 8, 56, 0, 0, 0, 68, 0, 0, 0, 46)
17 (1, 4, 41, 43, 0, 0, 0, 66, 0, 0, 0, 146)
18 (1, 4, 42, 40, 0, 0, 0, 67, 0, 0, 0, 135)
19 (1, 4, 43, 6, 0, 0, 0, 65, 0, 0, 0, 246)
20 (1, 4, 0, 0, 0, 0, 0, 62, 0, 0, 0, 42)
21 (1, 4, 2, 0, 0, 0, 0, 59, 0, 0, 0, 156)
22 (1, 4, 4, 0, 0, 0, 0, 58, 0, 0, 0, 103)
23 (1, 4, 8, 0, 0, 0, 0, 60, 0, 0, 0, 227)
24 (1, 4, 0, 0, 0, 0, 0, 59, 0, 0, 0, 128)
25 (1, 4, 0, 11, 0, 0, 0, 63, 0, 0, 0, 158)
26 (1, 4, 3, 7, 0, 0, 0, 62, 0, 0, 0, 58)
27 (1, 4, 17, 13, 0, 0, 0, 64, 0, 0, 0, 9)
28 (1, 4, 19, 27, 0, 0, 0, 65, 0, 0, 0, 28)
29 (1, 4, 6, 28, 0, 0, 0, 65, 0, 0, 0, 200)
30 (1, 4, 0, 37, 0, 0, 0, 65, 0, 0, 0, 73)
31 (1, 4, 17, 33, 0, 0, 0, 68, 0, 0, 0, 215)
0 (1, 4, 0, 0, 548, 0, 123, 21, 0, 0, 0, 197)
1 (1, 4, 0, 0, 861, 0, 0, 0, 0, 0, 0, 107)
2 (1, 4, 172, 364, 330, 0, 0, 52, 0, 0, 0, 27)
3 (1, 4, 252, 127, 0, 0, 0, 133, 0, 0, 0, 60)
4 (1, 4, 48, 0, 0, 0, 0, 114, 0, 0, 0, 215)
5 (1, 4, 188, 0, 0, 0, 148, 125, 0, 0, 0, 33)
6 (1, 4, 167, 0, 303, 34, 255, 38, 1, 1, 0, 192)
7 (1, 4, 62, 23, 817, 0, 91, 33, 1, 0, 0, 85)
8 (1, 4, 318, 94, 765, 0, 0, 108, 0, 0, 0, 213)
9 (1, 4, 139, 127, 268, 0, 0, 115, 0, 0, 0, 118)
10 (1, 4, 0, 4, 26, 0, 0, 95, 0, 0, 0, 39)
11 (1, 4, 0, 8, 0, 0, 0, 51, 0, 0, 0, 217)
12 (1, 4, 0, 161, 0, 0, 0, 66, 0, 0, 0, 244)
13 (1, 4, 0, 183, 0, 0, 0, 81, 0, 0, 0, 151)
14 (1, 4, 0, 196, 0, 0, 0, 95, 0, 0, 0, 73)
15 (1, 4, 0, 143, 0, 0, 0, 102, 0, 0, 0, 230)
16 (1, 4, 0, 112, 0, 0, 0, 92, 0, 0, 0, 87)
17 (1, 4, 0, 98, 0, 0, 0, 94, 0, 0, 0, 226)
18 (1, 4, 19, 63, 0, 0, 0, 86, 0, 0, 0, 196)
19 (1, 4, 1, 54, 0, 0, 0, 80, 0, 0, 0, 242)
20 (1, 4, 19, 74, 0, 0, 0, 77, 0, 0, 0, 212)
21 (1, 4, 38, 60, 0, 0, 0, 76, 0, 0, 0, 141)
22 (1, 4, 57, 40, 0, 0, 0, 72, 0, 0, 0, 249)
23 (1, 4, 38, 39, 0, 0, 0, 71, 0, 0, 0, 11)
24 (1, 4, 16, 21, 0, 0, 0, 74, 0, 0, 0, 134)
25 (1, 4, 13, 0, 0, 0, 0, 75, 0, 0, 0, 241)
26 (1, 4, 0, 0, 4, 0, 0, 72, 0, 0, 0, 143)
27 (1, 4, 0, 0, 5, 0, 0, 71, 0, 0, 0, 226)
28 (1, 4, 0, 0, 21, 0, 0, 72, 0, 0, 0, 100)
29 (1, 4, 0, 0, 15, 0, 0, 71, 0, 0, 0, 113)
30 (1, 4, 0, 0, 16, 0, 0, 71, 0, 0, 0, 87)
31 (1, 4, 0, 0, 13, 0, 0, 69, 0, 0, 0, 231)
0 (1, 4, 106, 57, 779, 0, 72, 7, 0, 0, 0, 209)
1 (1, 4, 0, 155, 400, 0, 0, 123, 0, 0, 0, 29)
2 (1, 4, 0, 53, 0, 0, 0, 39, 0, 0, 0, 0)
3 (1, 4, 0, 230, 0, 0, 0, 0, 0, 0, 0, 137)
4 (1, 4, 268, 219, 0, 0, 0, 101, 0, 0, 0, 242)
5 (1, 4, 566, 0, 0, 0, 291, 177, 0, 0, 0, 203)
6 (1, 4, 86, 103, 787, 0, 269, 83, 0, 0, 0, 235)
7 (1, 4, 0, 151, 782, 0, 0, 102, 0, 0, 0, 30)
8 (1, 4, 0, 19, 158, 0, 0, 56, 0, 0, 0, 28)
9 (1, 4, 13, 86, 0, 0, 0, 24, 0, 0, 0, 84)
10 (1, 4, 0, 190, 0, 0, 0, 68, 0, 0, 0, 232)
11 (1, 4, 56, 110, 0, 0, 2, 77, 0, 0, 0, 155)
12 (1, 4, 0, 168, 0, 0, 0, 92, 0, 0, 0, 7)
13 (1, 4, 0, 108, 19, 0, 0, 99, 0, 0, 0, 16)
14 (1, 4, 0, 81, 34, 0, 0, 95, 0, 0, 0, 151)
15 (1, 4, 0, 107, 0, 0, 0, 94, 0, 0, 0, 228)
16 (1, 4, 0, 69, 0, 0, 0, 79, 0, 0, 0, 46)
17 (1, 4, 32, 64, 0, 0, 0, 76, 0, 0, 0, 224)
18 (1, 4, 35, 56, 0, 0, 0, 67, 0, 0, 0, 152)
19 (1, 4, 71, 77, 0, 0, 0, 71, 0, 0, 0, 212)
20 (1, 4, 101, 66, 0, 0, 0, 76, 0, 0, 0, 50)
21 (1, 4, 96, 43, 0, 0, 0, 74, 0, 0, 0, 143)
22 (1, 4, 55, 29, 0, 0, 0, 74, 0, 0, 0, 216)
23 (1, 4, 29, 12, 0, 0, 0, 68, 0, 0, 0, 129)
24 (1, 4, 8, 13, 0, 0, 0, 68, 0, 0, 0, 226)
25 (1, 4, 0, 15, 0, 0, 0, 70, 0, 0, 0, 70)
26 (1, 4, 0, 13, 0, 0, 0, 71, 0, 0, 0, 244)
27 (1, 4, 0, 19, 9, 0, 0, 75, 0, 0, 0, 38)
28 (1, 4, 0, 8, 20, 0, 0, 76, 0, 0, 0, 54)
29 (1, 4, 0, 6, 11, 0, 0, 75, 0, 0, 0, 7)
30 (1, 4, 0, 8, 14, 0, 0, 73, 0, 0, 0, 112)
31 (1, 4, 6, 12, 11, 0, 0, 75, 0, 0, 0, 253)
0 (1, 4, 0, 0, 6, 0, 0, 72, 0, 0, 0, 160)
1 (1, 4, 0, 0, 1, 0, 0, 71, 0, 0, 0, 188)
2 (1, 4, 16, 0, 0, 0, 0, 69, 0, 0, 0, 113)
3 (1, 4, 27, 0, 0, 0, 0, 82, 0, 0, 0, 211)
4 (1, 4, 104, 0, 0, 0, 0, 82, 0, 0, 0, 111)
5 (1, 4, 96, 10, 0, 0, 0, 102, 0, 0, 0, 198)
6 (1, 4, 106, 32, 0, 0, 0, 128, 0, 0, 0, 20)
7 (1, 4, 99, 0, 0, 0, 0, 138, 0, 0, 0, 251)
8 (1, 4, 195, 0, 0, 0, 0, 106, 0, 0, 0, 71)
9 (1, 4, 159, 0, 0, 0, 0, 62, 0, 0, 0, 133)
10 (1, 4, 16, 0, 0, 13, 58, 43, 0, 0, 0, 147)
11 (1, 4, 322, 0, 544, 1, 140, 84, 0, 0, 0, 71)
12 (1, 4, 382, 154, 873, 0, 84, 42, 0, 0, 0, 124)
13 (1, 4, 0, 167, 609, 0, 0, 97, 0, 0, 0, 175)
14 (1, 4, 33, 0, 0, 0, 0, 104, 0, 0, 0, 185)
15 (1, 4, 0, 43, 0, 0, 0, 12, 0, 0, 0, 72)
16 (1, 4, 237, 0, 0, 0, 188, 146, 0, 0, 0, 29)
17 (1, 4, 0, 0, 421, 12, 453, 129, 0, 0, 0, 144)
18 (1, 4, 143, 0, 873, 0, 155, 31, 0, 0, 0, 42)
19 (1, 4, 0, 145, 713, 0, 0, 78, 0, 0, 0, 80)
20 (1, 4, 109, 0, 0, 0, 0, 25, 0, 0, 0, 144)
21 (1, 4, 79, 223, 0, 0, 0, 22, 0, 0, 0, 224)
22 (1, 4, 161, 273, 0, 0, 0, 75, 0, 0, 0, 90)
23 (1, 4, 135, 266, 0, 0, 0, 89, 0, 0, 0, 217)
24 (1, 4, 0, 201, 0, 0, 14, 102, 0, 0, 0, 2)
25 (1, 4, 0, 151, 0, 0, 0, 125, 0, 0, 0, 107)
26 (1, 4, 0, 93, 0, 0, 0, 118, 0, 0, 0, 187)
27 (1, 4, 49, 118, 0, 0, 0, 118, 0, 0, 0, 59)
28 (1, 4, 94, 87, 0, 0, 0, 94, 0, 0, 0, 19)
29 (1, 4, 128, 71, 0, 0, 0, 82, 0, 0, 0, 197)
30 (1, 4, 138, 86, 0, 0, 0, 84, 0, 0, 0, 177)
31 (1, 4, 98, 54, 0, 0, 0, 89, 0, 0, 0, 155)
0 (1, 4, 230, 0, 676, 0, 73, 60, 0, 0, 0, 165)
1 (1, 4, 0, 33, 670, 0, 0, 44, 0, 0, 0, 206)
2 (1, 4, 0, 0, 0, 0, 0, 68, 0, 0, 0, 78)
3 (1, 4, 29, 125, 0, 0, 0, 7, 0, 0, 0, 55)
4 (1, 4, 191, 146, 0, 0, 0, 87, 0, 0, 0, 158)
5 (1, 4, 265, 0, 0, 0, 259, 131, 0, 0, 0, 118)
6 (1, 4, 0, 44, 517, 27, 364, 31, 0, 0, 0, 135)
7 (1, 4, 0, 165, 873, 0, 58, 26, 0, 0, 0, 35)
8 (1, 4, 0, 0, 321, 0, 0, 75, 0, 0, 0, 133)
9 (1, 4, 82, 0, 0, 0, 0, 0, 0, 0, 0, 11)
10 (1, 4, 171, 229, 0, 0, 0, 28, 0, 0, 0, 173)
11 (1, 4, 99, 238, 0, 0, 9, 63, 0, 0, 0, 85)
12 (1, 4, 0, 219, 0, 0, 0, 88, 0, 0, 0, 138)
13 (1, 4, 0, 258, 38, 0, 0, 118, 0, 0, 0, 130)
14 (1, 4, 0, 106, 101, 0, 0, 124, 0, 0, 0, 134)
15 (1, 4, 0, 44, 58, 0, 0, 96, 0, 0, 0, 35)
16 (1, 4, 0, 49, 0, 0, 0, 84, 0, 0, 0, 139)
17 (1, 4, 21, 59, 0, 0, 0, 84, 0, 0, 0, 131)
18 (1, 4, 17, 0, 0, 0, 0, 79, 0, 0, 0, 44)
19 (1, 4, 34, 0, 0, 0, 0, 88, 0, 0, 0, 217)
20 (1, 4, 0, 0, 0, 0, 0, 78, 0, 0, 0, 29)
21 (1, 4, 0, 0, 0, 0, 0, 73, 0, 0, 0, 14)
22 (1, 4, 0, 0, 0, 0, 0, 70, 0, 0, 0, 247)
23 (1, 4, 11, 0, 0, 0, 0, 67, 0, 0, 0, 63)
24 (1, 4, 0, 0, 0, 0, 0, 60, 0, 0, 0, 147)
25 (1, 4, 1, 24, 0, 0, 0, 65, 0, 0, 0, 56)
26 (1, 4, 51, 23, 0, 0, 0, 76, 0, 0, 0, 242)
27 (1, 4, 0, 20, 0, 0, 0, 74, 0, 0, 0, 211)
28 (1, 4, 0, 25, 0, 0, 0, 74, 0, 0, 0, 15)
29 (1, 4, 0, 24, 0, 0, 0, 71, 0, 0, 0, 250)
30 (1, 4, 0, 38, 0, 0, 0, 68, 0, 0, 0, 59)
31 (1, 4, 0, 60, 0, 0, 0, 67, 0, 0, 0, 151)
0 (1, 4, 0, 76, 817, 0, 0, 60, 0, 0, 0, 139)
1 (1, 4, 0, 0, 0, 0, 0, 88, 0, 0, 0, 2)
2 (1, 4, 44, 0, 0, 0, 0, 2, 0, 0, 0, 72)
3 (1, 4, 208, 30, 0, 0, 54, 99, 0, 0, 0, 124)
4 (1, 4, 67, 0, 0, 20, 423, 101, 0, 0, 0, 98)
5 (1, 4, 67, 124, 873, 0, 304, 57, 1, 1, 0, 179)
6 (1, 4, 0, 383, 873, 0, 0, 16, 0, 0, 0, 19)
7 (1, 4, 0, 0, 284, 0, 0, 78, 0, 0, 0, 221)
8 (1, 4, 200, 0, 0, 0, 0, 57, 0, 0, 0, 213)
9 (1, 4, 58, 146, 0, 0, 0, 63, 0, 0, 0, 179)
10 (1, 4, 52, 142, 0, 0, 0, 83, 0, 0, 0, 148)
11 (1, 4, 0, 144, 0, 0, 0, 88, 0, 0, 0, 98)
12 (1, 4, 0, 173, 0, 0, 0, 82, 0, 0, 0, 78)
13 (1, 4, 0, 164, 0, 0, 0, 105, 0, 0, 0, 182)
14 (1, 4, 0, 128, 0, 0, 0, 97, 0, 0, 0, 68)
15 (1, 4, 0, 126, 0, 0, 0, 95, 0, 0, 0, 53)
16 (1, 4, 64, 128, 0, 0, 0, 77, 0, 0, 0, 243)
17 (1, 4, 120, 158, 0, 0, 0, 73, 0, 0, 0, 180)
18 (1, 4, 121, 138, 0, 0, 0, 78, 0, 0, 0, 18)
19 (1, 4, 102, 92, 0, 0, 0, 83, 0, 0, 0, 111)
20 (1, 4, 83, 54, 0, 0, 0, 81, 0, 0, 0, 88)
21 (1, 4, 46, 27, 0, 0, 0, 82, 0, 0, 0, 200)
22 (1, 4, 0, 1, 0, 0, 0, 81, 0, 0, 0, 130)
23 (1, 4, 0, 0, 0, 0, 0, 78, 0, 0, 0, 29)
24 (1, 4, 0, 0, 6, 0, 0, 76, 0, 0, 0, 213)
25 (1, 4, 0, 0, 17, 0, 0, 75, 0, 0, 0, 92)
26 (1, 4, 0, 0, 29, 0, 0, 73, 0, 0, 0, 7)
27 (1, 4, 0, 0, 33, 0, 0, 75, 0, 0, 0, 221)
28 (1, 4, 0, 0, 22, 0, 0, 72, 0, 0, 0, 223)
29 (1, 4, 0, 0, 14, 0, 0, 71, 0, 0, 0, 229)
30 (1, 4, 14, 2, 41, 0, 0, 72, 0, 0, 0, 62)
31 (1, 4, 29, 0, 43, 0, 0, 75, 0, 0, 0, 232)
0 (1, 4, 73, 0, 834, 0, 11, 5, 0, 0, 0, 90)
1 (1, 4, 0, 113, 441, 0, 0, 96, 0, 0, 0, 10)
2 (1, 4, 12, 0, 0, 0, 0, 52, 0, 0, 0, 49)
3 (1, 4, 39, 119, 0, 0, 0, 68, 0, 0, 0, 129)
4 (1, 4, 90, 0, 0, 0, 139, 144, 0, 0, 0, 92)
5 (1, 4, 72, 0, 123, 58, 337, 54, 0, 0, 0, 105)
6 (1, 4, 59, 147, 783, 0, 136, 52, 0, 0, 0, 207)
7 (1, 4, 0, 235, 824, 0, 0, 65, 0, 0, 0, 21)
8 (1, 4, 0, 101, 467, 0, 0, 79, 0, 0, 0, 127)
9 (1, 4, 0, 0, 132, 0, 0, 104, 0, 0, 0, 223)
10 (1, 4, 0, 49, 0, 0, 0, 73, 0, 0, 0, 24)
11 (1, 4, 0, 115, 0, 0, 0, 67, 0, 0, 0, 165)
12 (1, 4, 38, 138, 0, 0, 0, 90, 0, 0, 0, 135)
13 (1, 4, 44, 111, 0, 0, 0, 102, 0, 0, 0, 41)
14 (1, 4, 0, 89, 0, 0, 0, 93, 0, 0, 0, 76)
15 (1, 4, 0, 66, 0, 0, 0, 91, 0, 0, 0, 138)
16 (1, 4, 38, 74, 0, 0, 0, 77, 0, 0, 0, 197)
17 (1, 4, 57, 102, 0, 0, 0, 59, 0, 0, 0, 47)
18 (1, 4, 185, 130, 0, 0, 0, 65, 0, 0, 0, 196)
19 (1, 4, 77, 149, 0, 0, 0, 79, 0, 0, 0, 2)
20 (1, 4, 122, 63, 0, 0, 0, 83, 0, 0, 0, 94)
21 (1, 4, 84, 39, 0, 0, 0, 86, 0, 0, 0, 181)
22 (1, 4, 59, 0, 0, 0, 0, 82, 0, 0, 0, 20)
23 (1, 4, 23, 0, 0, 0, 0, 81, 0, 0, 0, 253)
24 (1, 4, 11, 0, 0, 0, 0, 80, 0, 0, 0, 138)
25 (1, 4, 0, 0, 0, 0, 0, 76, 0, 0, 0, 164)
26 (1, 4, 0, 0, 0, 0, 0, 76, 0, 0, 0, 164)
27 (1, 4, 0, 0, 0, 0, 0, 74, 0, 0, 0, 104)
28 (1, 4, 0, 0, 0, 0, 0, 75, 0, 0, 0, 183)
29 (1, 4, 13, 0, 0, 0, 0, 79, 0, 0, 0, 132)
30 (1, 4, 44, 0, 0, 0, 0, 83, 0, 0, 0, 1)
31 (1, 4, 78, 0, 0, 0, 0, 83, 0, 0, 0, 83)
0 (1, 4, 127, 0, 0, 0, 0, 99, 0, 0, 0, 8)
1 (1, 4, 136, 0, 0, 0, 0, 95, 0, 0, 0, 116)
2 (1, 4, 125, 0, 0, 0, 0, 91, 0, 0, 0, 140)
3 (1, 4, 139, 0, 0, 0, 0, 99, 0, 0, 0, 139)
4 (1, 4, 145, 0, 0, 2, 3, 105, 0, 0, 0, 225)
5 (1, 4, 135, 0, 0, 5, 13, 104, 0, 0, 0, 119)
6 (1, 4, 177, 0, 0, 7, 33, 103, 0, 0, 0, 156)
7 (1, 4, 225, 0, 10, 14, 53, 99, 0, 0, 0, 146)
8 (1, 4, 259, 0, 34, 20, 96, 93, 0, 0, 0, 245)
9 (1, 4, 285, 7, 124, 15, 173, 82, 0, 0, 0, 168)
10 (1, 4, 166, 103, 560, 0, 250, 66, 0, 0, 0, 153)
11 (1, 4, 0, 131, 873, 0, 77, 29, 0, 0, 0, 191)
12 (1, 4, 0, 22, 614, 0, 0, 47, 0, 0, 0, 62)
13 (1, 4, 63, 0, 0, 0, 0, 48, 0, 0, 0, 113)
14 (1, 4, 0, 24, 0, 26, 0, 16, 0, 0, 0, 78)
15 (1, 4, 167, 82, 0, 12, 0, 58, 0, 0, 0, 172)
16 (1, 4, 0, 0, 0, 19, 317, 97, 0, 0, 0, 83)
17 (1, 4, 0, 0, 111, 18, 347, 159, 0, 0, 0, 141)
18 (1, 4, 190, 27, 615, 4, 188, 72, 0, 0, 0, 5)
19 (1, 4, 0, 40, 730, 0, 124, 39, 0, 0, 0, 81)
20 (1, 4, 0, 163, 868, 0, 14, 0, 0, 0, 0, 9)
21 (1, 4, 0, 216, 301, 0, 0, 0, 0, 0, 0, 251)
22 (1, 4, 0, 81, 0, 0, 0, 0, 0, 0, 0, 41)
23 (1, 4, 0, 361, 0, 0, 0, 16, 0, 0, 0, 15)
24 (1, 4, 23, 359, 0, 4, 0, 74, 0, 0, 0, 120)
25 (1, 4, 36, 397, 0, 0, 0, 122, 0, 0, 0, 221)
26 (1, 4, 0, 325, 0, 0, 0, 111, 0, 0, 0, 106)
27 (1, 4, 0, 221, 34, 0, 0, 127, 0, 0, 0, 94)
28 (1, 4, 0, 223, 89, 0, 0, 141, 0, 0, 0, 74)
29 (1, 4, 0, 158, 69, 0, 0, 121, 0, 0, 0, 41)
30 (1, 4, 75, 196, 0, 0, 0, 109, 0, 0, 0, 105)
31 (1, 4, 135, 277, 0, 0, 0, 134, 0, 0, 0, 236)
0 (1, 4, 74, 13, 0, 0, 0, 77, 0, 0, 0, 66)
1 (1, 4, 0, 45, 0, 0, 0, 80, 0, 0, 0, 246)
2 (1, 4, 24, 33, 0, 0, 0, 85, 0, 0, 0, 165)
3 (1, 4, 0, 21, 5, 0, 0, 82, 0, 0, 0, 149)
4 (1, 4, 37, 37, 32, 0, 0, 96, 0, 0, 0, 56)
5 (1, 4, 205, 53, 0, 0, 0, 141, 0, 0, 0, 162)
6 (1, 4, 211, 0, 0, 0, 0, 157, 0, 0, 0, 9)
7 (1, 4, 366, 0, 0, 0, 0, 155, 0, 0, 0, 179)
8 (1, 4, 438, 0, 0, 0, 6, 141, 0, 0, 0, 177)
9 (1, 4, 487, 0, 26, 25, 21, 108, 0, 0, 0, 149)
10 (1, 4, 447, 0, 80, 26, 77, 89, 0, 0, 0, 67)
11 (1, 4, 165, 45, 335, 22, 147, 10, 0, 0, 0, 167)
12 (1, 4, 141, 233, 662, 0, 126, 11, 0, 0, 0, 224)
13 (1, 4, 175, 347, 650, 0, 76, 0, 0, 0, 0, 122)
14 (1, 4, 0, 509, 537, 0, 8, 36, 0, 0, 0, 158)
15 (1, 4, 0, 225, 250, 0, 0, 116, 0, 0, 0, 209)
16 (1, 4, 0, 0, 0, 0, 0, 104, 0, 0, 0, 112)
17 (1, 4, 69, 0, 0, 0, 0, 60, 0, 0, 0, 44)
18 (1, 4, 110, 0, 0, 0, 8, 62, 0, 0, 0, 241)
19 (1, 4, 77, 0, 0, 0, 90, 54, 0, 0, 0, 163)
20 (1, 4, 0, 0, 0, 0, 237, 71, 0, 0, 0, 80)
21 (1, 4, 101, 0, 221, 0, 442, 124, 0, 0, 0, 49)
22 (1, 4, 271, 206, 873, 0, 233, 46, 0, 0, 0, 118)
23 (1, 4, 128, 350, 873, 0, 109, 38, 0, 0, 0, 131)
24 (1, 4, 0, 425, 785, 0, 30, 2, 0, 0, 0, 190)
25 (1, 4, 0, 494, 380, 0, 0, 122, 0, 0, 0, 126)
26 (1, 4, 0, 0, 0, 0, 0, 38, 0, 0, 0, 19)
27 (1, 4, 0, 14, 0, 0, 0, 11, 0, 0, 0, 246)
28 (1, 4, 73, 132, 0, 0, 0, 64, 0, 0, 0, 23)
29 (1, 4, 80, 259, 0, 0, 24, 96, 0, 0, 0, 138)
30 (1, 4, 0, 269, 0, 0, 48, 119, 0, 0, 0, 235)
31 (1, 4, 0, 180, 0, 0, 34, 110, 0, 0, 0, 59)
0 (1, 4, 463, 34, 544, 9, 100, 55, 0, 0, 0, 35)
1 (1, 4, 339, 232, 640, 0, 161, 38, 0, 0, 0, 146)
2 (1, 4, 252, 487, 742, 0, 120, 64, 0, 0, 0, 3)
3 (1, 4, 0, 419, 762, 0, 4, 104, 0, 0, 0, 207)
4 (1, 4, 0, 131, 707, 0, 0, 127, 0, 0, 0, 98)
5 (1, 4, 0, 25, 0, 0, 0, 20, 0, 0, 0, 191)
6 (1, 4, 295, 224, 0, 0, 0, 13, 0, 0, 0, 145)
7 (1, 4, 218, 318, 0, 0, 0, 83, 0, 0, 0, 220)
8 (1, 4, 307, 61, 0, 0, 83, 150, 0, 0, 0, 183)
9 (1, 4, 4, 0, 0, 0, 244, 156, 0, 0, 0, 197)
10 (1, 4, 0, 0, 169, 0, 227, 121, 0, 0, 0, 243)
11 (1, 4, 0, 0, 464, 0, 121, 73, 0, 0, 0, 12)
12 (1, 4, 0, 15, 689, 0, 75, 34, 0, 0, 0, 217)
13 (1, 4, 46, 134, 761, 0, 27, 22, 0, 0, 0, 146)
14 (1, 4, 0, 256, 674, 0, 0, 33, 0, 0, 0, 127)
15 (1, 4, 0, 139, 287, 0, 0, 85, 0, 0, 0, 83)
16 (1, 4, 0, 0, 0, 0, 0, 43, 0, 0, 0, 83)
17 (1, 4, 0, 35, 0, 0, 0, 45, 0, 0, 0, 133)
18 (1, 4, 0, 84, 0, 0, 0, 53, 0, 0, 0, 158)
19 (1, 4, 92, 86, 0, 0, 0, 62, 0, 0, 0, 94)
20 (1, 4, 184, 88, 0, 0, 0, 81, 0, 0, 0, 36)
21 (1, 4, 206, 83, 0, 0, 0, 79, 0, 0, 0, 48)
22 (1, 4, 85, 45, 0, 0, 0, 82, 0, 0, 0, 16)
23 (1, 4, 146, 11, 0, 0, 0, 93, 0, 0, 0, 42)
24 (1, 4, 56, 0, 0, 0, 0, 86, 0, 0, 0, 115)
25 (1, 4, 34, 0, 0, 0, 23, 100, 0, 0, 0, 217)
26 (1, 4, 41, 0, 0, 0, 0, 87, 0, 0, 0, 66)
27 (1, 4, 72, 0, 0, 0, 0, 68, 0, 0, 0, 183)
28 (1, 4, 25, 0, 0, 0, 0, 69, 0, 0, 0, 15)
29 (1, 4, 51, 0, 0, 0, 0, 74, 0, 0, 0, 93)
30 (1, 4, 39, 0, 24, 0, 0, 76, 0, 0, 0, 138)
31 (1, 4, 60, 0, 32, 0, 0, 78, 0, 0, 0, 140)
0 (1, 4, 9, 16, 0, 0, 0, 90, 0, 0, 0, 164)
1 (1, 4, 8, 8, 0, 0, 0, 94, 0, 0, 0, 13)
2 (1, 4, 37, 2, 0, 0, 0, 95, 0, 0, 0, 141)
3 (1, 4, 50, 0, 0, 0, 0, 103, 0, 0, 0, 178)
4 (1, 4, 17, 0, 0, 0, 0, 114, 0, 0, 0, 30)
5 (1, 4, 51, 0, 0, 0, 0, 135, 0, 0, 0, 210)
6 (1, 4, 23, 0, 0, 0, 0, 109, 0, 0, 0, 16)
7 (1, 4, 198, 0, 0, 0, 4, 78, 0, 0, 0, 70)
8 (1, 4, 61, 0, 0, 0, 49, 44, 0, 0, 0, 208)
9 (1, 4, 66, 0, 19, 4, 55, 47, 0, 0, 0, 235)
10 (1, 4, 103, 1, 304, 0, 81, 43, 0, 0, 0, 184)
11 (1, 4, 56, 44, 625, 0, 127, 38, 0, 0, 0, 128)
12 (1, 4, 59, 210, 873, 0, 130, 40, 0, 0, 0, 242)
13 (1, 4, 0, 569, 873, 0, 11, 0, 0, 0, 0, 150)
14 (1, 4, 76, 0, 459, 0, 0, 77, 0, 0, 0, 234)
15 (1, 4, 0, 0, 0, 0, 0, 13, 0, 0, 0, 62)
16 (1, 4, 175, 50, 0, 0, 0, 21, 0, 0, 0, 65)
17 (1, 4, 213, 119, 0, 0, 0, 58, 0, 0, 0, 55)
18 (1, 4, 391, 0, 0, 0, 96, 97, 0, 0, 0, 111)
19 (1, 4, 124, 0, 0, 0, 339, 106, 0, 0, 0, 40)
20 (1, 4, 111, 12, 608, 0, 228, 85, 0, 0, 0, 64)
21 (1, 4, 114, 218, 873, 0, 130, 54, 0, 0, 0, 67)
22 (1, 4, 0, 362, 873, 0, 20, 12, 0, 0, 0, 55)
23 (1, 4, 0, 610, 469, 0, 0, 22, 0, 0, 0, 98)
24 (1, 4, 63, 0, 0, 0, 0, 22, 0, 0, 0, 28)
25 (1, 4, 192, 25, 0, 0, 0, 20, 0, 0, 0, 35)
26 (1, 4, 42, 89, 0, 0, 0, 60, 0, 0, 0, 220)
27 (1, 4, 78, 78, 0, 0, 0, 67, 0, 0, 0, 7)
28 (1, 4, 105, 138, 0, 0, 14, 83, 0, 0, 0, 177)
29 (1, 4, 0, 158, 0, 0, 0, 64, 0, 0, 0, 95)
30 (1, 4, 0, 186, 0, 0, 0, 83, 0, 0, 0, 242)
31 (1, 4, 70, 140, 0, 0, 0, 96, 0, 0, 0, 95)
0 (1, 4, 55, 29, 0, 0, 0, 55, 0, 0, 0, 175)
1 (1, 4, 43, 26, 1, 0, 0, 55, 0, 0, 0, 145)
2 (1, 4, 51, 12, 19, 0, 0, 56, 0, 0, 0, 126)
3 (1, 4, 12, 9, 5, 0, 0, 70, 0, 0, 0, 115)
4 (1, 4, 20, 0, 0, 0, 0, 80, 0, 0, 0, 48)
5 (1, 4, 9, 0, 0, 0, 0, 94, 0, 0, 0, 176)
6 (1, 4, 58, 0, 0, 0, 0, 89, 0, 0, 0, 150)
7 (1, 4, 210, 0, 0, 0, 16, 118, 0, 0, 0, 96)
8 (1, 4, 214, 0, 154, 0, 72, 120, 0, 0, 0, 61)
9 (1, 4, 145, 0, 428, 0, 98, 91, 0, 0, 0, 202)
10 (1, 4, 171, 0, 647, 0, 87, 72, 0, 0, 0, 56)
11 (1, 4, 36, 0, 751, 0, 74, 47, 0, 0, 0, 231)
12 (1, 4, 0, 60, 653, 0, 15, 64, 1, 1, 0, 108)
13 (1, 4, 0, 111, 536, 0, 0, 75, 1, 1, 0, 55)
14 (1, 4, 0, 37, 253, 0, 0, 68, 0, 0, 0, 30)
15 (1, 4, 0, 0, 57, 0, 0, 62, 0, 0, 0, 131)
16 (1, 4, 14, 7, 0, 0, 0, 65, 0, 0, 0, 178)
17 (1, 4, 5, 51, 0, 0, 0, 81, 0, 0, 0, 122)
18 (1, 4, 1, 21, 0, 0, 0, 72, 0, 0, 0, 209)
19 (1, 4, 72, 24, 0, 0, 0, 59, 0, 0, 0, 171)
20 (1, 4, 33, 76, 0, 0, 0, 56, 0, 0, 0, 197)
21 (1, 4, 138, 91, 0, 0, 0, 67, 0, 0, 0, 173)
22 (1, 4, 396, 0, 0, 0, 219, 183, 0, 0, 0, 43)
23 (1, 4, 72, 0, 1, 48, 488, 80, 0, 0, 0, 106)
24 (1, 4, 0, 95, 873, 0, 331, 43, 0, 0, 0, 137)
25 (1, 4, 0, 226, 873, 0, 50, 68, 0, 0, 0, 211)
26 (1, 4, 0, 80, 546, 0, 0, 52, 0, 0, 0, 240)
27 (1, 4, 0, 0, 0, 0, 0, 9, 0, 0, 0, 75)
28 (1, 4, 99, 94, 0, 0, 0, 35, 0, 0, 0, 3)
29 (1, 4, 60, 95, 0, 0, 0, 90, 0, 0, 0, 135)
30 (1, 4, 48, 153, 0, 0, 4, 101, 0, 0, 0, 146)
31 (1, 4, 0, 113, 0, 0, 10, 77, 0, 0, 0, 221)
0 (1, 4, 0, 173, 0, 0, 0, 108, 0, 0, 0, 26)
1 (1, 4, 16, 83, 0, 0, 0, 113, 0, 0, 0, 76)
2 (1, 4, 157, 0, 0, 0, 0, 91, 0, 0, 0, 215)
3 (1, 4, 140, 0, 0, 0, 0, 75, 0, 0, 0, 234)
4 (1, 4, 78, 0, 0, 0, 0, 74, 0, 0, 0, 181)
5 (1, 4, 136, 0, 0, 0, 0, 78, 0, 0, 0, 120)
6 (1, 4, 162, 0, 0, 0, 0, 89, 0, 0, 0, 19)
7 (1, 4, 251, 0, 0, 0, 0, 84, 0, 0, 0, 68)
8 (1, 4, 173, 0, 0, 0, 1, 103, 0, 0, 0, 100)
9 (1, 4, 218, 0, 0, 0, 115, 114, 0, 0, 0, 249)
10 (1, 4, 232, 0, 278, 0, 164, 87, 0, 0, 0, 89)
11 (1, 4, 195, 24, 634, 0, 127, 62, 0, 0, 0, 30)
12 (1, 4, 130, 159, 797, 0, 101, 48, 0, 0, 0, 183)
13 (1, 4, 60, 327, 770, 0, 72, 39, 0, 0, 0, 212)
14 (1, 4, 0, 321, 650, 0, 4, 67, 0, 0, 0, 181)
15 (1, 4, 0, 264, 372, 0, 0, 44, 0, 0, 0, 111)
16 (1, 4, 91, 0, 0, 0, 0, 12, 0, 0, 0, 234)
17 (1, 4, 206, 38, 0, 0, 0, 41, 0, 0, 0, 87)
18 (1, 4, 161, 0, 0, 0, 0, 60, 0, 0, 0, 79)
19 (1, 4, 351, 62, 0, 0, 1, 74, 0, 0, 0, 135)
20 (1, 4, 331, 0, 0, 0, 124, 92, 0, 0, 0, 46)
21 (1, 4, 0, 0, 0, 0, 277, 95, 0, 0, 0, 29)
22 (1, 4, 206, 0, 137, 26, 279, 91, 0, 0, 0, 186)
23 (1, 4, 121, 173, 625, 0, 176, 50, 0, 0, 0, 146)
24 (1, 4, 102, 245, 785, 0, 107, 65, 0, 0, 0, 145)
25 (1, 4, 45, 288, 799, 0, 75, 41, 0, 0, 0, 221)
26 (1, 4, 0, 388, 675, 0, 61, 5, 0, 0, 0, 55)
27 (1, 4, 0, 281, 455, 0, 0, 69, 0, 0, 0, 161)
28 (1, 4, 0, 115, 0, 0, 0, 61, 0, 0, 0, 180)
29 (1, 4, 0, 43, 0, 0, 0, 76, 0, 0, 0, 13)
30 (1, 4, 0, 14, 0, 0, 0, 51, 0, 0, 0, 110)
31 (1, 4, 74, 158, 0, 0, 0, 48, 0, 0, 0, 141)
0 (1, 4, 0, 0, 748, 0, 96, 115, 1, 0, 0, 246)
1 (1, 4, 0, 0, 735, 0, 0, 38, 0, 0, 0, 133)
2 (1, 4, 0, 0, 486, 0, 0, 15, 0, 0, 0, 95)
3 (1, 4, 0, 0, 72, 0, 0, 0, 0, 0, 0, 57)
4 (1, 4, 65, 94, 0, 12, 0, 0, 0, 0, 0, 155)
5 (1, 4, 343, 199, 0, 4, 0, 0, 0, 0, 0, 195)
6 (1, 4, 249, 249, 0, 12, 82, 50, 0, 0, 0, 190)
7 (1, 4, 0, 0, 0, 57, 259, 83, 0, 0, 0, 239)
8 (1, 4, 0, 0, 162, 77, 294, 92, 0, 0, 0, 22)
9 (1, 4, 0, 0, 591, 32, 192, 41, 0, 0, 0, 53)
10 (1, 4, 0, 0, 756, 2, 63, 20, 0, 0, 0, 168)
11 (1, 4, 0, 0, 654, 0, 0, 0, 0, 0, 0, 248)
12 (1, 4, 0, 81, 368, 0, 0, 35, 0, 0, 0, 201)
13 (1, 4, 0, 92, 83, 0, 0, 8, 0, 0, 0, 32)
14 (1, 4, 0, 187, 0, 17, 0, 0, 0, 0, 0, 95)
15 (1, 4, 0, 417, 0, 8, 0, 6, 0, 0, 0, 217)
16 (1, 4, 0, 532, 102, 0, 0, 29, 0, 0, 0, 239)
17 (1, 4, 0, 588, 193, 0, 0, 46, 0, 0, 0, 64)
18 (1, 4, 0, 469, 197, 0, 0, 20, 0, 0, 0, 113)
19 (1, 4, 0, 195, 208, 0, 0, 16, 0, 0, 0, 130)
20 (1, 4, 0, 215, 137, 0, 0, 0, 0, 0, 0, 70)
21 (1, 4, 0, 227, 63, 0, 0, 0, 0, 0, 0, 62)
22 (1, 4, 106, 170, 57, 0, 0, 0, 0, 0, 0, 232)
23 (1, 4, 121, 150, 28, 0, 0, 0, 0, 0, 0, 228)
24 (1, 4, 76, 132, 24, 0, 0, 0, 0, 0, 0, 167)
25 (1, 4, 41, 73, 0, 0, 0, 0, 0, 0, 0, 66)
26 (1, 4, 23, 47, 5, 0, 0, 0, 0, 0, 0, 13)
27 (1, 4, 26, 40, 0, 0, 0, 0, 0, 0, 0, 131)
28 (1, 4, 15, 39, 3, 0, 0, 0, 0, 0, 0, 95)
29 (1, 4, 18, 22, 5, 0, 0, 0, 0, 0, 0, 158)
30 (1, 4, 0, 3, 6, 0, 0, 0, 0, 0, 0, 215)
31 (1, 4, 0, 14, 8, 0, 0, 0, 0, 0, 0, 198)

