1 (1, 4, 481, 88, 312, 0, 164, 201, 0, 0, 0, 56)
2 (1, 4, 205, 28, 717, 0, 91, 124, 0, 0, 0, 23)
3 (1, 4, 0, 0, 573, 0, 0, 57, 0, 0, 0, 116)
4 (1, 4, 182, 104, 64, 171, 0, 68, 0, 0, 0, 204)
5 (1, 4, 0, 59, 0, 122, 0, 35, 0, 0, 0, 124)
6 (1, 4, 60, 276, 0, 0, 0, 90, 0, 0, 0, 138)
7 (1, 4, 246, 260, 0, 0, 200, 201, 0, 0, 0, 203)
8 (1, 4, 0, 0, 292, 0, 428, 119, 0, 0, 0, 175)
9 (1, 4, 34, 0, 873, 0, 61, 37, 0, 0, 0, 183)
10 (1, 4, 0, 126, 377, 141, 0, 132, 0, 0, 0, 156)
11 (1, 4, 0, 0, 0, 114, 0, 39, 0, 0, 0, 57)
12 (1, 4, 0, 108, 0, 0, 63, 88, 0, 0, 0, 11)
13 (1, 4, 0, 101, 0, 0, 47, 137, 0, 0, 0, 75)
14 (1, 4, 0, 28, 23, 14, 0, 126, 0, 0, 0, 71)
15 (1, 4, 0, 57, 54, 3, 0, 114, 0, 0, 0, 132)
16 (1, 4, 0, 18, 26, 6, 0, 120, 0, 0, 0, 1)
17 (1, 4, 0, 20, 73, 7, 0, 114, 0, 0, 0, 197)
18 (1, 4, 0, 66, 169, 3, 0, 117, 0, 0, 0, 11)
19 (1, 4, 0, 0, 91, 7, 0, 118, 0, 0, 0, 91)
20 (1, 4, 0, 0, 112, 22, 0, 125, 0, 0, 0, 198)
21 (1, 4, 0, 0, 80, 26, 0, 108, 0, 0, 0, 176)
22 (1, 4, 0, 0, 1, 43, 0, 114, 0, 0, 0, 84)
23 (1, 4, 0, 24, 0, 43, 0, 111, 0, 0, 0, 129)
24 (1, 4, 67, 79, 0, 31, 0, 98, 0, 0, 0, 216)
25 (1, 4, 89, 95, 0, 23, 0, 100, 0, 0, 0, 1)
26 (1, 4, 118, 113, 0, 19, 0, 101, 0, 0, 0, 249)
27 (1, 4, 130, 82, 0, 11, 0, 101, 0, 0, 0, 111)
28 (1, 4, 94, 58, 0, 8, 0, 98, 0, 0, 0, 155)
29 (1, 4, 79, 34, 0, 8, 0, 94, 0, 0, 0, 74)
30 (1, 4, 67, 25, 0, 6, 0, 94, 0, 0, 0, 112)
31 (1, 4, 24, 11, 3, 9, 0, 99, 0, 0, 0, 91)
32 (1, 4, 3, 0, 3, 8, 0, 100, 0, 0, 0, 190)
1 (1, 4, 229, 0, 104, 0, 22, 143, 0, 0, 0, 77)
2 (1, 4, 215, 0, 391, 0, 93, 118, 0, 0, 0, 94)
3 (1, 4, 66, 0, 761, 0, 38, 65, 0, 0, 0, 116)
4 (1, 4, 0, 0, 634, 0, 0, 42, 0, 0, 0, 223)
5 (1, 4, 87, 85, 131, 153, 0, 101, 0, 0, 0, 9)
6 (1, 4, 44, 34, 0, 77, 0, 65, 0, 0, 0, 138)
7 (1, 4, 107, 212, 0, 0, 0, 106, 0, 0, 0, 220)
8 (1, 4, 393, 85, 0, 0, 193, 127, 0, 0, 0, 3)
9 (1, 4, 0, 0, 285, 0, 270, 76, 0, 0, 0, 51)
10 (1, 4, 0, 0, 670, 0, 14, 54, 0, 0, 0, 233)
11 (1, 4, 0, 0, 375, 109, 0, 69, 0, 0, 0, 244)
12 (1, 4, 102, 10, 0, 66, 0, 84, 0, 0, 0, 194)
13 (1, 4, 0, 0, 0, 28, 0, 99, 0, 0, 0, 143)
14 (1, 4, 0, 18, 0, 8, 0, 104, 0, 0, 0, 132)
15 (1, 4, 0, 89, 0, 24, 0, 100, 0, 0, 0, 4)
16 (1, 4, 0, 137, 0, 0, 0, 105, 0, 0, 0, 168)
17 (1, 4, 0, 171, 0, 0, 0, 129, 0, 0, 0, 131)
18 (1, 4, 0, 102, 24, 0, 0, 130, 0, 0, 0, 120)
19 (1, 4, 0, 52, 21, 0, 0, 120, 0, 0, 0, 111)
20 (1, 4, 0, 13, 26, 0, 0, 116, 0, 0, 0, 12)
21 (1, 4, 0, 34, 20, 3, 0, 106, 0, 0, 0, 102)
22 (1, 4, 0, 32, 10, 0, 0, 107, 0, 0, 0, 71)
23 (1, 4, 0, 16, 22, 0, 0, 96, 0, 0, 0, 245)
24 (1, 4, 0, 79, 43, 0, 0, 109, 0, 0, 0, 17)
25 (1, 4, 20, 66, 12, 0, 0, 105, 0, 0, 0, 123)
26 (1, 4, 0, 42, 0, 0, 0, 107, 0, 0, 0, 10)
27 (1, 4, 2, 20, 0, 0, 0, 104, 0, 0, 0, 215)
28 (1, 4, 0, 20, 0, 0, 0, 106, 0, 0, 0, 114)
29 (1, 4, 17, 16, 10, 0, 0, 104, 0, 0, 0, 108)
30 (1, 4, 9, 11, 0, 0, 0, 103, 0, 0, 0, 156)
31 (1, 4, 24, 21, 0, 0, 0, 104, 0, 0, 0, 238)
32 (1, 4, 17, 0, 0, 0, 0, 100, 0, 0, 0, 1)
1 (1, 4, 110, 0, 0, 4, 0, 77, 0, 0, 0, 29)
2 (1, 4, 49, 106, 0, 0, 0, 82, 0, 0, 0, 231)
3 (1, 4, 587, 318, 33, 0, 105, 160, 0, 0, 0, 61)
4 (1, 4, 174, 39, 592, 0, 200, 81, 0, 0, 0, 160)
5 (1, 4, 0, 0, 763, 0, 0, 95, 0, 0, 0, 39)
6 (1, 4, 16, 0, 159, 215, 0, 112, 0, 0, 0, 172)
7 (1, 4, 0, 0, 0, 124, 0, 57, 0, 0, 0, 118)
8 (1, 4, 0, 145, 0, 0, 0, 86, 0, 0, 0, 241)
9 (1, 4, 180, 208, 0, 0, 168, 153, 0, 0, 0, 3)
10 (1, 4, 0, 0, 270, 0, 338, 83, 0, 0, 0, 96)
11 (1, 4, 0, 5, 873, 0, 34, 64, 0, 0, 0, 97)
12 (1, 4, 0, 0, 549, 63, 0, 97, 0, 0, 0, 112)
13 (1, 4, 61, 30, 0, 86, 0, 117, 0, 0, 0, 135)
14 (1, 4, 0, 42, 0, 31, 0, 99, 0, 0, 0, 178)
15 (1, 4, 0, 45, 0, 0, 3, 102, 0, 0, 0, 195)
16 (1, 4, 0, 26, 0, 15, 0, 103, 0, 0, 0, 147)
17 (1, 4, 0, 54, 15, 5, 0, 110, 0, 0, 0, 146)
18 (1, 4, 0, 68, 46, 4, 0, 120, 0, 0, 0, 181)
19 (1, 4, 0, 31, 40, 0, 0, 122, 0, 0, 0, 136)
20 (1, 4, 0, 20, 39, 4, 0, 116, 0, 0, 0, 224)
21 (1, 4, 0, 22, 17, 4, 0, 118, 0, 0, 0, 196)
22 (1, 4, 0, 21, 0, 10, 0, 115, 0, 0, 0, 231)
23 (1, 4, 0, 43, 0, 12, 0, 105, 0, 0, 0, 130)
24 (1, 4, 0, 99, 0, 6, 0, 102, 0, 0, 0, 141)
25 (1, 4, 31, 133, 0, 6, 0, 92, 0, 0, 0, 225)
26 (1, 4, 64, 191, 0, 0, 0, 92, 0, 0, 0, 237)
27 (1, 4, 7, 126, 0, 0, 0, 101, 0, 0, 0, 62)
28 (1, 4, 14, 88, 0, 0, 0, 100, 0, 0, 0, 234)
29 (1, 4, 0, 47, 0, 0, 0, 102, 0, 0, 0, 37)
30 (1, 4, 0, 41, 0, 0, 0, 106, 0, 0, 0, 13)
31 (1, 4, 0, 8, 0, 0, 0, 101, 0, 0, 0, 131)
32 (1, 4, 0, 12, 0, 10, 0, 89, 0, 0, 0, 114)
1 (1, 4, 0, 71, 0, 5, 0, 63, 0, 0, 0, 23)
2 (1, 4, 0, 157, 0, 0, 0, 110, 0, 0, 0, 0)
3 (1, 4, 145, 187, 0, 0, 0, 222, 0, 0, 0, 118)
4 (1, 4, 329, 0, 0, 0, 0, 180, 0, 0, 0, 6)
5 (1, 4, 386, 0, 0, 0, 0, 109, 0, 0, 0, 209)
6 (1, 4, 495, 0, 66, 0, 0, 120, 0, 0, 0, 116)
7 (1, 4, 482, 0, 349, 0, 94, 117, 0, 0, 0, 70)
8 (1, 4, 131, 0, 873, 0, 74, 14, 0, 0, 0, 188)
9 (1, 4, 0, 0, 601, 51, 0, 0, 0, 0, 0, 87)
10 (1, 4, 175, 45, 0, 284, 0, 24, 0, 0, 0, 202)
11 (1, 4, 0, 125, 0, 92, 0, 21, 0, 0, 0, 93)
12 (1, 4, 294, 494, 0, 0, 81, 188, 0, 0, 0, 191)
13 (1, 4, 94, 0, 155, 0, 384, 99, 0, 0, 0, 111)
14 (1, 4, 0, 0, 791, 0, 60, 54, 0, 0, 0, 23)
15 (1, 4, 0, 0, 677, 16, 0, 40, 0, 0, 0, 189)
16 (1, 4, 0, 64, 153, 76, 0, 112, 0, 0, 0, 61)
17 (1, 4, 68, 87, 0, 51, 0, 102, 0, 0, 0, 56)
18 (1, 4, 0, 97, 0, 0, 0, 99, 0, 0, 0, 8)
19 (1, 4, 0, 77, 0, 0, 0, 92, 0, 0, 0, 40)
20 (1, 4, 0, 126, 0, 0, 0, 89, 0, 0, 0, 249)
21 (1, 4, 0, 162, 0, 0, 0, 113, 0, 0, 0, 56)
22 (1, 4, 0, 103, 24, 0, 0, 128, 0, 0, 0, 116)
23 (1, 4, 0, 0, 39, 0, 0, 105, 0, 0, 0, 180)
24 (1, 4, 0, 53, 112, 7, 0, 131, 0, 0, 0, 121)
25 (1, 4, 0, 51, 0, 8, 0, 124, 0, 0, 0, 85)
26 (1, 4, 7, 141, 0, 1, 0, 117, 0, 0, 0, 11)
27 (1, 4, 72, 203, 0, 0, 0, 109, 0, 0, 0, 202)
28 (1, 4, 113, 155, 0, 0, 0, 93, 0, 0, 0, 3)
29 (1, 4, 118, 172, 0, 0, 0, 94, 0, 0, 0, 238)
30 (1, 4, 79, 141, 0, 0, 0, 97, 0, 0, 0, 75)
31 (1, 4, 78, 119, 0, 0, 0, 98, 0, 0, 0, 220)
32 (1, 4, 22, 70, 0, 0, 0, 91, 0, 0, 0, 148)
1 (1, 4, 232, 0, 0, 0, 0, 92, 0, 0, 0, 92)
2 (1, 4, 194, 0, 0, 0, 0, 85, 0, 0, 0, 194)
3 (1, 4, 115, 0, 0, 0, 0, 95, 0, 0, 0, 173)
4 (1, 4, 132, 0, 0, 0, 37, 95, 0, 0, 0, 171)
5 (1, 4, 64, 0, 53, 0, 88, 100, 0, 0, 0, 115)
6 (1, 4, 73, 44, 366, 0, 94, 113, 0, 0, 0, 16)
7 (1, 4, 94, 180, 721, 0, 78, 116, 0, 0, 0, 232)
8 (1, 4, 0, 0, 817, 0, 0, 77, 0, 0, 0, 137)
9 (1, 4, 0, 13, 484, 22, 0, 130, 0, 0, 0, 211)
10 (1, 4, 22, 0, 0, 143, 0, 131, 0, 0, 0, 94)
11 (1, 4, 0, 55, 0, 66, 0, 64, 0, 0, 0, 113)
12 (1, 4, 195, 214, 0, 0, 0, 101, 0, 0, 0, 234)
13 (1, 4, 262, 129, 0, 0, 166, 132, 0, 0, 0, 59)
14 (1, 4, 0, 0, 0, 0, 206, 124, 0, 0, 0, 40)
15 (1, 4, 146, 48, 562, 0, 86, 123, 0, 0, 0, 21)
16 (1, 4, 158, 174, 778, 0, 59, 69, 0, 0, 0, 65)
17 (1, 4, 0, 0, 328, 0, 0, 102, 0, 0, 0, 76)
18 (1, 4, 70, 0, 111, 106, 0, 105, 0, 0, 0, 164)
19 (1, 4, 0, 0, 0, 85, 0, 54, 0, 0, 0, 129)
20 (1, 4, 0, 110, 0, 46, 0, 69, 0, 0, 0, 135)
21 (1, 4, 0, 193, 0, 29, 0, 88, 0, 0, 0, 89)
22 (1, 4, 0, 280, 0, 11, 0, 127, 0, 0, 0, 94)
23 (1, 4, 21, 109, 51, 0, 0, 125, 0, 0, 0, 120)
24 (1, 4, 0, 73, 32, 12, 0, 124, 0, 0, 0, 41)
25 (1, 4, 0, 77, 62, 16, 0, 124, 0, 0, 0, 50)
26 (1, 4, 0, 50, 22, 16, 0, 110, 0, 0, 0, 139)
27 (1, 4, 0, 74, 0, 16, 0, 115, 0, 0, 0, 133)
28 (1, 4, 0, 90, 0, 12, 0, 105, 0, 0, 0, 23)
29 (1, 4, 0, 129, 0, 5, 0, 112, 0, 0, 0, 158)
30 (1, 4, 9, 161, 0, 0, 0, 119, 0, 0, 0, 82)
31 (1, 4, 0, 81, 0, 0, 0, 111, 0, 0, 0, 52) [FRAGMENTED]
32 (1, 4, 159, 0, 0, 0, 6, 132, 0, 0, 0, 63)
1 (1, 4, 220, 0, 180, 0, 92, 129, 0, 0, 0, 140)
2 (1, 4, 127, 4, 481, 0, 105, 116, 0, 0, 0, 128)
3 (1, 4, 104, 122, 788, 0, 56, 92, 0, 0, 0, 56)
4 (1, 4, 0, 67, 794, 0, 0, 49, 0, 0, 0, 131)
5 (1, 4, 0, 0, 359, 0, 0, 123, 0, 0, 0, 120)
6 (1, 4, 0, 0, 5, 56, 0, 146, 0, 0, 0, 178)
7 (1, 4, 0, 0, 0, 47, 0, 96, 0, 0, 0, 214)
8 (1, 4, 106, 66, 0, 0, 0, 115, 0, 0, 0, 227)
9 (1, 4, 106, 57, 0, 0, 0, 101, 0, 0, 0, 183)
10 (1, 4, 140, 101, 0, 0, 91, 135, 0, 0, 0, 65)
11 (1, 4, 124, 42, 18, 0, 262, 120, 0, 0, 0, 11)
12 (1, 4, 20, 59, 483, 0, 179, 97, 0, 0, 0, 112)
13 (1, 4, 159, 313, 873, 0, 128, 55, 0, 0, 0, 14)
14 (1, 4, 0, 529, 873, 0, 38, 11, 0, 0, 0, 61)
15 (1, 4, 0, 95, 397, 0, 0, 148, 0, 1, 0, 176)
16 (1, 4, 0, 0, 0, 18, 0, 105, 0, 0, 0, 102)
17 (1, 4, 0, 0, 0, 0, 0, 110, 0, 0, 0, 188)
18 (1, 4, 0, 0, 0, 0, 0, 116, 0, 0, 0, 60)
19 (1, 4, 0, 0, 0, 0, 0, 117, 0, 0, 0, 227)
20 (1, 4, 0, 2, 0, 0, 0, 111, 0, 0, 0, 14)
21 (1, 4, 0, 86, 0, 0, 0, 103, 0, 0, 0, 220)
22 (1, 4, 0, 109, 0, 0, 0, 143, 0, 0, 0, 144)
23 (1, 4, 0, 68, 0, 0, 0, 124, 0, 0, 0, 143)
24 (1, 4, 0, 81, 0, 0, 0, 119, 0, 0, 0, 13)
25 (1, 4, 19, 87, 0, 2, 0, 112, 0, 0, 0, 101)
26 (1, 4, 0, 86, 0, 0, 0, 96, 0, 0, 0, 207)
27 (1, 4, 0, 123, 0, 0, 0, 105, 0, 0, 0, 228)
28 (1, 4, 0, 121, 0, 0, 0, 108, 0, 0, 0, 35)
29 (1, 4, 81, 143, 0, 0, 0, 99, 0, 0, 0, 43)
30 (1, 4, 50, 152, 0, 0, 0, 96, 0, 0, 0, 114)
31 (1, 4, 76, 149, 0, 0, 0, 95, 0, 0, 0, 223)
32 (1, 4, 0, 124, 630, 0, 27, 93, 0, 0, 0, 159)
1 (1, 4, 0, 0, 592, 17, 0, 104, 0, 0, 0, 166)
2 (1, 4, 98, 270, 323, 77, 0, 161, 0, 0, 0, 106)
3 (1, 4, 11, 0, 0, 74, 0, 124, 0, 0, 0, 167)
4 (1, 4, 0, 0, 0, 40, 0, 95, 0, 0, 0, 0)
5 (1, 4, 132, 52, 0, 1, 0, 95, 0, 0, 0, 90)
6 (1, 4, 58, 74, 0, 0, 124, 122, 0, 0, 0, 188)
7 (1, 4, 0, 0, 0, 0, 243, 127, 0, 0, 0, 157)
8 (1, 4, 27, 49, 523, 0, 107, 112, 0, 0, 0, 61)
9 (1, 4, 0, 60, 600, 0, 12, 67, 0, 0, 0, 55)
10 (1, 4, 0, 139, 376, 3, 0, 116, 0, 0, 0, 236)
11 (1, 4, 106, 70, 0, 66, 0, 119, 0, 0, 0, 167)
12 (1, 4, 0, 29, 0, 31, 0, 101, 0, 0, 0, 223)
13 (1, 4, 11, 85, 0, 0, 0, 108, 0, 0, 0, 234)
14 (1, 4, 0, 76, 0, 0, 2, 114, 0, 0, 0, 232)
15 (1, 4, 0, 45, 0, 8, 0, 124, 0, 0, 0, 48)
16 (1, 4, 0, 66, 0, 0, 0, 123, 0, 0, 0, 43)
17 (1, 4, 0, 40, 0, 0, 0, 107, 0, 0, 0, 103)
18 (1, 4, 0, 32, 0, 0, 0, 98, 0, 0, 0, 225)
19 (1, 4, 0, 20, 11, 0, 0, 88, 0, 0, 0, 190)
20 (1, 4, 0, 154, 125, 0, 0, 116, 0, 0, 0, 142)
21 (1, 4, 0, 142, 73, 0, 0, 121, 0, 0, 0, 170)
22 (1, 4, 0, 88, 0, 0, 0, 116, 0, 0, 0, 109)
23 (1, 4, 0, 83, 0, 0, 0, 122, 0, 0, 0, 32)
24 (1, 4, 43, 68, 0, 0, 0, 112, 0, 0, 0, 181)
25 (1, 4, 61, 66, 0, 0, 0, 95, 0, 0, 0, 158)
26 (1, 4, 0, 47, 0, 0, 0, 101, 0, 0, 0, 67)
27 (1, 4, 29, 1, 0, 0, 0, 87, 0, 0, 0, 232)
28 (1, 4, 34, 21, 0, 0, 0, 82, 0, 0, 0, 132)
29 (1, 4, 66, 21, 0, 0, 0, 79, 0, 0, 0, 89)
30 (1, 4, 56, 47, 3, 0, 0, 85, 0, 0, 0, 221)
31 (1, 4, 48, 8, 0, 0, 0, 84, 0, 0, 0, 9)
32 (1, 4, 0, 18, 0, 0, 0, 87, 0, 0, 0, 247)
1 (1, 4, 0, 29, 0, 0, 0, 88, 0, 0, 0, 191)
2 (1, 4, 0, 18, 0, 0, 0, 84, 0, 0, 0, 145)
3 (1, 4, 0, 33, 6, 0, 0, 88, 0, 0, 0, 4)
4 (1, 4, 0, 6, 0, 0, 0, 85, 0, 0, 0, 245)
5 (1, 4, 0, 18, 0, 0, 0, 88, 0, 0, 0, 14)
6 (1, 4, 0, 50, 14, 0, 0, 100, 0, 0, 0, 236)
7 (1, 4, 4, 78, 20, 0, 0, 120, 0, 0, 0, 61)
8 (1, 4, 79, 31, 3, 0, 0, 133, 0, 0, 0, 230)
9 (1, 4, 173, 2, 0, 0, 0, 135, 0, 0, 0, 30)
10 (1, 4, 323, 0, 0, 0, 0, 115, 0, 0, 0, 182)
11 (1, 4, 325, 0, 0, 0, 0, 101, 0, 0, 0, 141)
12 (1, 4, 272, 0, 0, 0, 80, 107, 0, 0, 0, 107)
13 (1, 4, 409, 0, 484, 0, 107, 102, 0, 0, 0, 117)
14 (1, 4, 256, 129, 824, 0, 50, 55, 0, 0, 0, 9)
15 (1, 4, 0, 0, 711, 0, 0, 45, 0, 0, 0, 202)
16 (1, 4, 0, 0, 0, 82, 0, 103, 0, 0, 0, 149)
17 (1, 4, 0, 0, 0, 77, 0, 34, 0, 0, 0, 40)
18 (1, 4, 129, 237, 0, 0, 0, 117, 0, 0, 0, 100)
19 (1, 4, 423, 186, 0, 0, 74, 124, 0, 0, 0, 121)
20 (1, 4, 0, 0, 0, 0, 266, 122, 0, 0, 0, 58)
21 (1, 4, 0, 0, 368, 0, 169, 119, 0, 0, 0, 252)
22 (1, 4, 196, 276, 821, 0, 85, 79, 0, 0, 0, 145)
23 (1, 4, 0, 185, 772, 0, 4, 63, 0, 0, 0, 11)
24 (1, 4, 0, 0, 289, 0, 0, 204, 0, 0, 0, 25)
25 (1, 4, 36, 0, 0, 15, 0, 107, 0, 0, 0, 76)
26 (1, 4, 0, 0, 0, 35, 0, 45, 0, 0, 0, 87)
27 (1, 4, 0, 106, 0, 14, 0, 85, 0, 0, 0, 103)
28 (1, 4, 85, 161, 0, 10, 0, 111, 0, 0, 0, 140)
29 (1, 4, 0, 111, 0, 0, 21, 108, 0, 0, 0, 234)
30 (1, 4, 0, 98, 0, 0, 0, 141, 0, 0, 0, 152)
31 (1, 4, 0, 65, 0, 0, 0, 140, 0, 0, 0, 93)
32 (1, 4, 274, 0, 0, 19, 0, 152, 0, 0, 0, 229)
1 (1, 4, 245, 0, 0, 13, 0, 100, 0, 0, 0, 249)
2 (1, 4, 254, 0, 0, 0, 2, 119, 0, 0, 0, 71)
3 (1, 4, 197, 0, 0, 0, 95, 114, 0, 0, 0, 108)
4 (1, 4, 42, 0, 157, 0, 122, 83, 0, 0, 0, 124)
5 (1, 4, 197, 30, 703, 0, 65, 72, 0, 0, 0, 238)
6 (1, 4, 0, 0, 673, 0, 0, 48, 0, 0, 0, 45)
7 (1, 4, 114, 232, 142, 43, 0, 160, 0, 0, 0, 24)
8 (1, 4, 39, 0, 0, 47, 0, 51, 0, 0, 0, 203)
9 (1, 4, 0, 46, 0, 29, 0, 61, 0, 0, 0, 230)
10 (1, 4, 174, 284, 0, 0, 84, 156, 0, 0, 0, 175)
11 (1, 4, 2, 19, 102, 0, 356, 156, 0, 0, 0, 142)
12 (1, 4, 0, 0, 763, 0, 201, 81, 0, 0, 0, 151)
13 (1, 4, 0, 0, 849, 0, 0, 22, 0, 0, 0, 150)
14 (1, 4, 0, 0, 289, 12, 0, 100, 0, 0, 0, 92)
15 (1, 4, 73, 0, 0, 64, 0, 57, 0, 0, 0, 27)
16 (1, 4, 72, 256, 0, 32, 0, 78, 0, 0, 0, 232)
17 (1, 4, 79, 311, 0, 19, 0, 87, 0, 0, 0, 186)
18 (1, 4, 0, 343, 0, 0, 0, 108, 0, 0, 0, 0)
19 (1, 4, 0, 162, 0, 0, 0, 116, 0, 0, 0, 146)
20 (1, 4, 0, 118, 0, 0, 0, 126, 0, 0, 0, 248)
21 (1, 4, 0, 44, 0, 0, 0, 120, 0, 0, 0, 8)
22 (1, 4, 0, 38, 0, 0, 0, 111, 0, 0, 0, 22)
23 (1, 4, 0, 12, 0, 0, 0, 103, 0, 0, 0, 224)
24 (1, 4, 0, 63, 0, 0, 0, 112, 0, 0, 0, 91)
25 (1, 4, 30, 132, 0, 0, 0, 124, 0, 0, 0, 185)
26 (1, 4, 0, 85, 0, 0, 0, 120, 0, 0, 0, 46)
27 (1, 4, 0, 93, 0, 0, 0, 111, 0, 0, 0, 93)
28 (1, 4, 40, 104, 0, 0, 0, 108, 0, 0, 0, 64)
29 (1, 4, 40, 77, 0, 0, 0, 101, 0, 0, 0, 216)
30 (1, 4, 60, 80, 0, 0, 0, 101, 0, 0, 0, 189)
31 (1, 4, 45, 63, 0, 0, 0, 99, 0, 0, 0, 111)
32 (1, 4, 210, 0, 0, 0, 43, 99, 0, 0, 0, 219)
1 (1, 4, 171, 7, 145, 0, 114, 113, 0, 0, 0, 94)
2 (1, 4, 88, 88, 578, 0, 121, 100, 0, 0, 0, 227)
3 (1, 4, 0, 46, 759, 0, 24, 82, 0, 0, 0, 7)
4 (1, 4, 0, 0, 513, 0, 0, 156, 0, 0, 0, 150)
5 (1, 4, 113, 0, 0, 38, 0, 160, 0, 0, 0, 94)
6 (1, 4, 153, 0, 0, 36, 0, 47, 0, 0, 0, 56)
7 (1, 4, 51, 40, 0, 0, 0, 80, 0, 0, 0, 172)
8 (1, 4, 104, 22, 0, 0, 117, 92, 0, 0, 0, 151)
9 (1, 4, 0, 0, 0, 0, 256, 85, 0, 0, 0, 81)
10 (1, 4, 0, 208, 637, 0, 156, 92, 0, 0, 0, 177)
11 (1, 4, 0, 203, 782, 0, 0, 95, 0, 0, 0, 210)
12 (1, 4, 0, 0, 308, 0, 0, 148, 0, 0, 0, 208)
13 (1, 4, 277, 0, 0, 27, 0, 95, 0, 0, 0, 235)
14 (1, 4, 0, 0, 0, 38, 0, 59, 0, 0, 0, 43)
15 (1, 4, 0, 73, 0, 22, 0, 70, 0, 0, 0, 199)
16 (1, 4, 0, 141, 0, 13, 0, 90, 0, 0, 0, 253)
17 (1, 4, 0, 98, 0, 10, 0, 110, 0, 0, 0, 86)
18 (1, 4, 0, 84, 0, 9, 0, 108, 0, 0, 0, 218)
19 (1, 4, 0, 78, 0, 1, 0, 115, 0, 0, 0, 183)
20 (1, 4, 0, 94, 67, 3, 0, 123, 0, 0, 0, 66)
21 (1, 4, 85, 128, 104, 0, 0, 117, 0, 0, 0, 4)
22 (1, 4, 0, 24, 0, 0, 0, 101, 0, 0, 0, 226)
23 (1, 4, 0, 33, 20, 0, 0, 119, 0, 0, 0, 12)
24 (1, 4, 23, 34, 26, 0, 0, 112, 0, 0, 0, 192)
25 (1, 4, 0, 43, 35, 0, 0, 116, 0, 0, 0, 208)
26 (1, 4, 0, 10, 23, 0, 0, 114, 0, 0, 0, 180)
27 (1, 4, 0, 0, 0, 0, 0, 106, 0, 0, 0, 201)
28 (1, 4, 3, 0, 0, 0, 0, 102, 0, 0, 0, 68)
29 (1, 4, 4, 0, 0, 0, 0, 96, 0, 0, 0, 162)
30 (1, 4, 18, 0, 0, 0, 0, 99, 0, 0, 0, 0)
31 (1, 4, 0, 0, 0, 0, 0, 96, 0, 0, 0, 154)
32 (1, 4, 34, 84, 0, 0, 0, 98, 0, 0, 0, 192)
1 (1, 4, 24, 102, 0, 0, 0, 93, 0, 0, 0, 206)
2 (1, 4, 37, 95, 0, 0, 0, 98, 0, 0, 0, 129)
3 (1, 4, 43, 87, 0, 0, 0, 98, 0, 0, 0, 102)
4 (1, 4, 48, 81, 0, 0, 0, 104, 0, 0, 0, 0)
5 (1, 4, 19, 54, 0, 0, 0, 96, 0, 0, 0, 124)
6 (1, 4, 0, 86, 0, 0, 0, 106, 0, 0, 0, 156)
7 (1, 4, 129, 62, 0, 0, 0, 117, 0, 0, 0, 95)
8 (1, 4, 117, 26, 0, 0, 0, 139, 0, 0, 0, 95)
9 (1, 4, 164, 0, 0, 0, 0, 133, 0, 0, 0, 180)
10 (1, 4, 140, 0, 30, 0, 6, 125, 0, 0, 0, 247)
11 (1, 4, 6, 0, 207, 0, 76, 86, 0, 0, 0, 107)
12 (1, 4, 22, 0, 556, 0, 48, 72, 0, 0, 0, 59)
13 (1, 4, 0, 0, 778, 0, 0, 46, 0, 0, 0, 141)
14 (1, 4, 0, 0, 708, 0, 0, 84, 0, 0, 0, 115)
15 (1, 4, 0, 0, 345, 0, 0, 110, 0, 0, 0, 77)
16 (1, 4, 0, 0, 0, 22, 0, 34, 0, 0, 0, 211)
17 (1, 4, 139, 67, 0, 0, 0, 57, 0, 0, 0, 21)
18 (1, 4, 319, 126, 0, 0, 0, 65, 0, 0, 0, 191)
19 (1, 4, 238, 214, 0, 0, 54, 95, 0, 0, 0, 211)
20 (1, 4, 108, 124, 0, 0, 179, 117, 0, 0, 0, 155)
21 (1, 4, 0, 17, 147, 0, 191, 113, 0, 0, 0, 98)
22 (1, 4, 3, 252, 578, 0, 114, 103, 0, 0, 0, 221)
23 (1, 4, 0, 363, 746, 0, 59, 77, 0, 0, 0, 171)
24 (1, 4, 0, 315, 745, 0, 0, 40, 0, 0, 0, 126)
25 (1, 4, 0, 61, 562, 0, 0, 88, 0, 0, 0, 105)
26 (1, 4, 0, 0, 125, 0, 0, 98, 0, 0, 0, 47)
27 (1, 4, 83, 0, 0, 0, 0, 109, 0, 0, 0, 161)
28 (1, 4, 0, 0, 0, 0, 0, 112, 0, 0, 0, 73)
29 (1, 4, 0, 0, 0, 0, 0, 114, 0, 0, 0, 240)
30 (1, 4, 0, 22, 0, 0, 0, 106, 0, 0, 0, 31)
31 (1, 4, 3, 33, 0, 0, 0, 111, 0, 0, 0, 6)
32 (1, 4, 6, 30, 569, 0, 41, 87, 0, 0, 0, 28)
1 (1, 4, 0, 0, 535, 0, 4, 57, 0, 0, 0, 250)
2 (1, 4, 0, 0, 214, 0, 0, 60, 0, 0, 0, 151)
3 (1, 4, 80, 9, 0, 70, 0, 84, 0, 0, 0, 101)
4 (1, 4, 62, 28, 0, 52, 0, 76, 0, 0, 0, 189)
5 (1, 4, 211, 144, 0, 7, 0, 110, 0, 0, 0, 239)
6 (1, 4, 299, 168, 0, 0, 48, 128, 0, 0, 0, 171)
7 (1, 4, 91, 0, 0, 0, 165, 120, 0, 0, 0, 11)
8 (1, 4, 0, 118, 123, 0, 227, 126, 0, 0, 0, 45)
9 (1, 4, 51, 168, 480, 0, 145, 123, 0, 0, 0, 225)
10 (1, 4, 0, 120, 572, 0, 65, 76, 0, 0, 0, 141)
11 (1, 4, 0, 80, 509, 0, 0, 70, 0, 0, 0, 181)
12 (1, 4, 0, 101, 205, 0, 0, 104, 0, 0, 0, 34)
13 (1, 4, 0, 0, 0, 9, 0, 76, 0, 0, 0, 67)
14 (1, 4, 0, 2, 0, 0, 0, 86, 0, 0, 0, 73)
15 (1, 4, 0, 92, 0, 0, 0, 99, 0, 0, 0, 119)
16 (1, 4, 0, 92, 0, 2, 0, 125, 0, 0, 0, 188)
17 (1, 4, 0, 72, 0, 0, 0, 130, 0, 0, 0, 125)
18 (1, 4, 0, 61, 0, 9, 0, 138, 0, 0, 0, 63)
19 (1, 4, 0, 38, 0, 0, 0, 129, 0, 0, 0, 94)
20 (1, 4, 0, 32, 22, 0, 0, 120, 0, 0, 0, 111)
21 (1, 4, 0, 40, 62, 0, 0, 134, 0, 0, 0, 5)
22 (1, 4, 0, 2, 47, 0, 0, 120, 0, 0, 0, 105)
23 (1, 4, 0, 0, 63, 0, 0, 112, 0, 0, 0, 145)
24 (1, 4, 0, 0, 58, 0, 0, 105, 0, 0, 0, 189)
25 (1, 4, 0, 0, 98, 0, 0, 99, 0, 0, 0, 214)
26 (1, 4, 0, 0, 64, 5, 0, 98, 0, 0, 0, 187)
27 (1, 4, 0, 0, 19, 3, 0, 106, 0, 0, 0, 44)
28 (1, 4, 10, 24, 0, 0, 0, 107, 0, 0, 0, 168)
29 (1, 4, 80, 17, 0, 0, 0, 98, 0, 0, 0, 158)
30 (1, 4, 79, 65, 0, 0, 0, 100, 0, 0, 0, 10)
31 (1, 4, 87, 17, 0, 0, 0, 99, 0, 0, 0, 107)
32 (1, 4, 0, 0, 520, 0, 0, 40, 0, 0, 0, 51)
1 (1, 4, 0, 0, 0, 69, 0, 19, 0, 0, 0, 125)
2 (1, 4, 228, 126, 0, 36, 0, 17, 0, 0, 0, 160)
3 (1, 4, 134, 251, 0, 0, 0, 77, 0, 0, 0, 0)
4 (1, 4, 234, 198, 0, 0, 71, 154, 0, 0, 0, 4)
5 (1, 4, 225, 0, 15, 0, 287, 142, 0, 0, 0, 225)
6 (1, 4, 0, 29, 464, 0, 142, 87, 0, 0, 0, 138)
7 (1, 4, 0, 147, 703, 0, 19, 87, 0, 0, 0, 222)
8 (1, 4, 0, 67, 637, 0, 0, 140, 0, 0, 0, 134)
9 (1, 4, 0, 0, 152, 0, 0, 98, 0, 0, 0, 17)
10 (1, 4, 181, 17, 0, 28, 0, 58, 0, 0, 0, 252)
11 (1, 4, 24, 201, 0, 0, 0, 99, 0, 0, 0, 232)
12 (1, 4, 0, 124, 0, 0, 0, 117, 0, 0, 0, 170)
13 (1, 4, 0, 87, 0, 0, 9, 127, 0, 0, 0, 232)
14 (1, 4, 0, 88, 0, 0, 0, 136, 0, 0, 0, 79)
15 (1, 4, 0, 54, 0, 0, 0, 131, 0, 0, 0, 134)
16 (1, 4, 0, 81, 0, 3, 0, 110, 0, 0, 0, 202)
17 (1, 4, 0, 117, 0, 0, 0, 126, 0, 0, 0, 32)
18 (1, 4, 0, 83, 0, 0, 0, 117, 0, 0, 0, 217)
19 (1, 4, 0, 85, 0, 0, 0, 116, 0, 0, 0, 177)
20 (1, 4, 0, 76, 0, 0, 0, 119, 0, 0, 0, 176)
21 (1, 4, 0, 44, 0, 0, 0, 114, 0, 0, 0, 91)
22 (1, 4, 0, 39, 0, 0, 0, 113, 0, 0, 0, 86)
23 (1, 4, 0, 46, 0, 0, 0, 115, 0, 0, 0, 233)
24 (1, 4, 10, 50, 0, 0, 0, 116, 0, 0, 0, 158)
25 (1, 4, 3, 40, 0, 0, 0, 114, 0, 0, 0, 147)
26 (1, 4, 7, 30, 0, 0, 0, 111, 0, 0, 0, 44)
27 (1, 4, 9, 23, 5, 0, 0, 111, 0, 0, 0, 180)
28 (1, 4, 0, 11, 27, 3, 0, 113, 0, 0, 0, 164)
29 (1, 4, 0, 17, 31, 3, 0, 113, 0, 0, 0, 69)
30 (1, 4, 8, 7, 16, 5, 0, 110, 0, 0, 0, 210)
31 (1, 4, 30, 22, 9, 15, 0, 108, 0, 0, 0, 234)
32 (1, 4, 0, 6, 0, 6, 0, 113, 0, 0, 0, 99)
1 (1, 4, 0, 14, 13, 8, 0, 114, 0, 0, 0, 122)
2 (1, 4, 0, 4, 8, 9, 0, 113, 0, 0, 0, 23)
3 (1, 4, 6, 18, 8, 7, 0, 123, 0, 0, 0, 12)
4 (1, 4, 28, 21, 0, 24, 0, 132, 0, 0, 0, 40)
5 (1, 4, 88, 30, 0, 35, 0, 155, 0, 0, 0, 31)
6 (1, 4, 205, 37, 0, 13, 0, 192, 0, 0, 0, 93)
7 (1, 4, 270, 0, 0, 0, 0, 161, 0, 0, 0, 220)
8 (1, 4, 379, 0, 0, 0, 0, 134, 0, 0, 0, 246)
9 (1, 4, 314, 0, 64, 0, 57, 105, 0, 0, 0, 45)
10 (1, 4, 135, 0, 311, 0, 77, 89, 0, 0, 0, 154)
11 (1, 4, 11, 51, 610, 0, 73, 86, 0, 0, 0, 15)
12 (1, 4, 0, 0, 779, 0, 9, 64, 0, 0, 0, 99)
13 (1, 4, 0, 0, 574, 0, 0, 65, 0, 0, 0, 18)
14 (1, 4, 25, 0, 97, 109, 0, 97, 0, 0, 0, 237)
15 (1, 4, 0, 0, 0, 97, 0, 59, 0, 0, 0, 163)
16 (1, 4, 188, 160, 0, 11, 0, 96, 0, 0, 0, 250)
17 (1, 4, 178, 105, 0, 0, 118, 120, 0, 0, 0, 73)
18 (1, 4, 0, 0, 0, 0, 254, 104, 0, 0, 0, 6)
19 (1, 4, 14, 146, 552, 0, 136, 122, 0, 0, 0, 78)
20 (1, 4, 0, 150, 836, 0, 51, 73, 0, 0, 0, 152)
21 (1, 4, 0, 292, 873, 0, 0, 97, 0, 0, 0, 114)
22 (1, 4, 0, 490, 873, 0, 0, 39, 0, 0, 0, 125)
23 (1, 4, 0, 0, 0, 0, 0, 170, 0, 1, 0, 109)
24 (1, 4, 72, 0, 0, 0, 0, 65, 0, 1, 0, 118)
25 (1, 4, 142, 38, 0, 0, 0, 91, 0, 1, 0, 59)
26 (1, 4, 69, 28, 0, 0, 0, 114, 0, 1, 0, 44)
27 (1, 4, 0, 17, 0, 0, 0, 118, 0, 1, 0, 58)
28 (1, 4, 115, 3, 0, 0, 0, 119, 0, 1, 0, 85)
29 (1, 4, 99, 26, 0, 10, 0, 113, 0, 1, 0, 216)
30 (1, 4, 0, 63, 0, 7, 0, 85, 0, 1, 0, 102)
31 (1, 4, 0, 152, 0, 0, 0, 80, 0, 1, 0, 80)
32 (1, 4, 188, 221, 0, 0, 0, 105, 0, 2, 0, 60)
1 (1, 4, 265, 244, 0, 0, 0, 92, 0, 1, 0, 155)
2 (1, 4, 285, 252, 0, 0, 0, 88, 0, 1, 0, 133)
3 (1, 4, 294, 214, 0, 0, 0, 91, 0, 1, 0, 186)
4 (1, 4, 296, 178, 0, 0, 0, 89, 0, 1, 0, 204)
5 (1, 4, 241, 87, 0, 0, 0, 99, 0, 1, 0, 194)
6 (1, 4, 121, 0, 0, 0, 0, 104, 0, 1, 0, 203)
7 (1, 4, 134, 0, 0, 0, 0, 115, 0, 1, 0, 117)
8 (1, 4, 116, 0, 0, 0, 0, 111, 0, 1, 0, 158)
9 (1, 4, 154, 0, 0, 0, 0, 129, 0, 1, 0, 217)
10 (1, 4, 78, 27, 111, 0, 70, 113, 0, 1, 0, 125)
11 (1, 4, 61, 126, 387, 0, 85, 112, 0, 1, 0, 117)
12 (1, 4, 18, 21, 562, 0, 71, 94, 0, 1, 0, 49)
13 (1, 4, 0, 143, 756, 0, 27, 79, 0, 1, 0, 185)
14 (1, 4, 0, 365, 859, 0, 0, 64, 0, 0, 0, 39)
15 (1, 4, 0, 290, 817, 0, 0, 146, 0, 0, 0, 38)
16 (1, 4, 0, 0, 0, 0, 0, 128, 0, 0, 0, 244)
17 (1, 4, 0, 0, 0, 0, 0, 89, 0, 0, 0, 221)
18 (1, 4, 5, 0, 0, 2, 0, 98, 0, 0, 0, 43)
19 (1, 4, 3, 41, 0, 0, 64, 129, 0, 0, 0, 231)
20 (1, 4, 0, 188, 0, 0, 169, 149, 0, 0, 0, 199)
21 (1, 4, 0, 210, 476, 0, 151, 138, 0, 0, 0, 58)
22 (1, 4, 0, 0, 716, 0, 64, 98, 0, 0, 0, 107)
23 (1, 4, 0, 0, 817, 0, 0, 87, 0, 0, 0, 9)
24 (1, 4, 101, 61, 730, 0, 0, 93, 0, 0, 0, 243)
25 (1, 4, 0, 0, 118, 0, 0, 88, 0, 0, 0, 9)
26 (1, 4, 0, 0, 0, 0, 0, 87, 0, 0, 0, 251)
27 (1, 4, 104, 64, 0, 0, 0, 87, 0, 0, 0, 70)
28 (1, 4, 20, 145, 0, 0, 0, 95, 0, 0, 0, 28)
29 (1, 4, 13, 155, 0, 0, 0, 99, 0, 0, 0, 177)
30 (1, 4, 87, 184, 0, 0, 0, 109, 0, 0, 0, 136)
31 (1, 4, 98, 166, 0, 0, 0, 107, 0, 0, 0, 48)
32 (1, 4, 144, 10, 525, 0, 78, 141, 0, 0, 0, 153)
1 (1, 4, 0, 0, 699, 0, 28, 91, 0, 0, 0, 14)
2 (1, 4, 0, 0, 867, 0, 0, 88, 0, 0, 0, 91)
3 (1, 4, 0, 0, 611, 0, 0, 53, 0, 0, 0, 162)
4 (1, 4, 0, 0, 53, 14, 0, 133, 0, 0, 0, 175)
5 (1, 4, 0, 0, 0, 79, 0, 47, 0, 0, 0, 86)
6 (1, 4, 0, 46, 0, 75, 0, 33, 0, 0, 0, 202)
7 (1, 4, 34, 321, 0, 10, 0, 72, 0, 0, 0, 31)
8 (1, 4, 299, 358, 0, 0, 24, 153, 0, 0, 0, 226)
9 (1, 4, 265, 148, 0, 0, 194, 173, 0, 0, 0, 15)
10 (1, 4, 0, 0, 283, 0, 174, 154, 0, 0, 0, 184)
11 (1, 4, 0, 0, 689, 0, 63, 103, 0, 0, 0, 246)
12 (1, 4, 0, 0, 818, 0, 0, 98, 0, 0, 0, 106)
13 (1, 4, 0, 0, 474, 0, 0, 61, 0, 0, 0, 247)
14 (1, 4, 0, 0, 0, 20, 0, 53, 0, 0, 0, 45)
15 (1, 4, 24, 92, 0, 44, 0, 44, 0, 0, 0, 54)
16 (1, 4, 109, 293, 0, 24, 0, 75, 0, 0, 0, 248)
17 (1, 4, 0, 289, 0, 25, 0, 103, 0, 0, 0, 11)
18 (1, 4, 0, 288, 0, 11, 0, 127, 0, 0, 0, 78)
19 (1, 4, 0, 211, 0, 4, 0, 136, 0, 0, 0, 89)
20 (1, 4, 0, 170, 0, 2, 0, 147, 0, 0, 0, 98)
21 (1, 4, 0, 119, 0, 0, 0, 136, 0, 0, 0, 60)
22 (1, 4, 0, 77, 0, 0, 0, 126, 0, 0, 0, 48)
23 (1, 4, 0, 49, 0, 0, 0, 121, 0, 0, 0, 106)
24 (1, 4, 0, 44, 0, 0, 0, 116, 0, 0, 0, 151)
25 (1, 4, 0, 48, 0, 0, 0, 117, 0, 0, 0, 64)
26 (1, 4, 0, 21, 0, 0, 0, 117, 0, 0, 0, 237)
27 (1, 4, 0, 26, 8, 0, 0, 113, 0, 0, 0, 149)
28 (1, 4, 0, 12, 0, 0, 0, 109, 0, 0, 0, 179)
29 (1, 4, 1, 36, 0, 0, 0, 110, 0, 0, 0, 170)
30 (1, 4, 0, 7, 0, 0, 0, 109, 0, 0, 0, 216)
31 (1, 4, 5, 26, 0, 0, 0, 108, 0, 0, 0, 140)
32 (1, 4, 17, 42, 0, 0, 0, 108, 0, 0, 0, 247)
1 (1, 4, 1, 17, 0, 0, 0, 107, 0, 0, 0, 204)
2 (1, 4, 6, 40, 0, 0, 0, 106, 0, 0, 0, 156)
3 (1, 4, 0, 20, 0, 0, 0, 106, 0, 0, 0, 114)
4 (1, 4, 16, 47, 0, 0, 0, 109, 0, 0, 0, 73)
5 (1, 4, 34, 47, 0, 0, 0, 124, 0, 0, 0, 126)
6 (1, 4, 58, 45, 0, 0, 0, 139, 0, 0, 0, 45)
7 (1, 4, 61, 0, 0, 0, 0, 162, 0, 0, 0, 141)
8 (1, 4, 123, 0, 0, 0, 0, 156, 0, 0, 0, 116)
9 (1, 4, 123, 0, 0, 0, 0, 134, 0, 0, 0, 244)
10 (1, 4, 300, 87, 0, 0, 0, 126, 0, 0, 0, 2)
11 (1, 4, 282, 66, 0, 0, 43, 149, 0, 0, 0, 170)
12 (1, 4, 186, 0, 192, 0, 108, 120, 0, 0, 0, 194)
13 (1, 4, 68, 0, 532, 0, 75, 84, 0, 0, 0, 231)
14 (1, 4, 0, 84, 824, 0, 0, 50, 0, 0, 0, 87)
15 (1, 4, 0, 0, 579, 0, 0, 65, 0, 0, 0, 30)
16 (1, 4, 0, 0, 0, 4, 0, 82, 0, 0, 0, 45)
17 (1, 4, 299, 52, 0, 25, 0, 63, 0, 0, 0, 59)
18 (1, 4, 235, 218, 0, 0, 10, 96, 0, 0, 0, 173)
19 (1, 4, 355, 183, 0, 0, 164, 111, 0, 0, 0, 71)
20 (1, 4, 0, 124, 210, 0, 259, 104, 0, 0, 0, 251)
21 (1, 4, 0, 175, 728, 0, 137, 95, 0, 0, 0, 156)
22 (1, 4, 0, 111, 843, 0, 0, 76, 0, 0, 0, 79)
23 (1, 4, 0, 0, 517, 0, 0, 55, 0, 0, 0, 111)
24 (1, 4, 0, 0, 0, 7, 0, 51, 0, 0, 0, 55)
25 (1, 4, 0, 14, 0, 18, 0, 41, 0, 0, 0, 39)
26 (1, 4, 117, 188, 0, 11, 0, 75, 0, 0, 0, 61)
27 (1, 4, 111, 211, 0, 12, 0, 91, 0, 0, 0, 207)
28 (1, 4, 27, 238, 0, 0, 0, 99, 0, 0, 0, 58)
29 (1, 4, 83, 223, 0, 0, 0, 121, 0, 0, 0, 85)
30 (1, 4, 307, 197, 0, 0, 0, 118, 0, 0, 0, 95)
31 (1, 4, 0, 99, 0, 0, 0, 109, 0, 0, 0, 67)
32 (1, 4, 0, 34, 0, 0, 0, 122, 0, 0, 0, 181)
1 (1, 4, 0, 35, 0, 0, 0, 120, 0, 0, 0, 185)
2 (1, 4, 2, 0, 0, 0, 0, 117, 0, 0, 0, 255)
3 (1, 4, 59, 0, 0, 0, 0, 108, 0, 0, 0, 64)
4 (1, 4, 55, 0, 2, 0, 0, 111, 0, 0, 0, 65)
5 (1, 4, 82, 0, 0, 0, 0, 114, 0, 0, 0, 133)
6 (1, 4, 109, 0, 0, 0, 0, 117, 0, 0, 0, 235)
7 (1, 4, 127, 0, 0, 0, 0, 101, 0, 0, 0, 196)
8 (1, 4, 119, 0, 0, 0, 0, 94, 0, 0, 0, 74)
9 (1, 4, 239, 0, 0, 0, 46, 128, 0, 0, 0, 40)
10 (1, 4, 338, 0, 494, 0, 144, 118, 0, 0, 0, 39)
11 (1, 4, 0, 125, 873, 0, 54, 90, 0, 0, 0, 20)
12 (1, 4, 0, 0, 873, 0, 0, 98, 0, 0, 0, 233)
13 (1, 4, 0, 0, 369, 0, 0, 70, 0, 0, 0, 68)
14 (1, 4, 0, 0, 0, 14, 0, 41, 0, 0, 0, 80)
15 (1, 4, 0, 128, 0, 0, 0, 57, 0, 0, 0, 56)
16 (1, 4, 0, 169, 0, 0, 0, 143, 0, 0, 0, 200)
17 (1, 4, 372, 115, 0, 0, 176, 196, 0, 0, 0, 20)
18 (1, 4, 185, 0, 283, 0, 209, 144, 0, 0, 0, 156)
19 (1, 4, 9, 0, 603, 0, 89, 93, 0, 0, 0, 200)
20 (1, 4, 0, 23, 773, 0, 0, 103, 0, 0, 0, 199)
21 (1, 4, 0, 8, 538, 0, 0, 148, 0, 0, 0, 183)
22 (1, 4, 0, 0, 236, 0, 0, 90, 0, 0, 0, 173)
23 (1, 4, 37, 0, 0, 34, 0, 3, 0, 0, 0, 62)
24 (1, 4, 110, 138, 0, 2, 0, 51, 0, 0, 0, 145)
25 (1, 4, 0, 208, 0, 0, 0, 90, 0, 0, 0, 88)
26 (1, 4, 0, 185, 0, 0, 0, 106, 0, 0, 0, 109)
27 (1, 4, 0, 197, 0, 0, 0, 118, 0, 0, 0, 104)
28 (1, 4, 0, 139, 0, 0, 0, 132, 0, 0, 0, 235)
29 (1, 4, 0, 97, 0, 0, 0, 131, 0, 0, 0, 102)
30 (1, 4, 0, 104, 0, 0, 0, 113, 0, 0, 0, 100)
31 (1, 4, 0, 148, 0, 0, 0, 116, 0, 0, 0, 134)
32 (1, 4, 0, 154, 0, 0, 0, 111, 0, 0, 0, 221)
1 (1, 4, 16, 174, 0, 0, 0, 118, 0, 0, 0, 162)
2 (1, 4, 16, 159, 0, 0, 0, 113, 0, 0, 0, 167)
3 (1, 4, 42, 155, 0, 0, 0, 109, 0, 0, 0, 122)
4 (1, 4, 54, 168, 0, 0, 0, 114, 0, 0, 0, 131)
5 (1, 4, 71, 191, 0, 1, 0, 125, 0, 0, 0, 166)
6 (1, 4, 113, 170, 0, 0, 0, 141, 0, 0, 0, 9)
7 (1, 4, 176, 92, 0, 0, 0, 138, 0, 0, 0, 30)
8 (1, 4, 203, 39, 0, 0, 0, 138, 0, 0, 0, 153)
9 (1, 4, 215, 5, 0, 0, 8, 137, 0, 0, 0, 57)
10 (1, 4, 141, 0, 89, 0, 73, 143, 0, 0, 0, 80)
11 (1, 4, 67, 0, 412, 0, 99, 152, 0, 0, 0, 251)
12 (1, 4, 60, 0, 711, 0, 44, 122, 0, 0, 0, 15)
13 (1, 4, 0, 0, 750, 0, 0, 39, 0, 0, 0, 79)
14 (1, 4, 0, 0, 638, 0, 0, 84, 0, 0, 0, 144)
15 (1, 4, 0, 0, 88, 12, 0, 0, 0, 0, 0, 194)
16 (1, 4, 69, 120, 0, 95, 0, 0, 0, 0, 0, 213)
17 (1, 4, 18, 422, 0, 48, 0, 17, 0, 0, 0, 1)
18 (1, 4, 246, 469, 0, 0, 7, 122, 0, 0, 0, 132)
19 (1, 4, 348, 183, 0, 0, 193, 165, 0, 0, 0, 43)
20 (1, 4, 0, 0, 156, 0, 258, 114, 0, 0, 0, 125)
21 (1, 4, 0, 12, 594, 0, 114, 91, 0, 0, 0, 124)
22 (1, 4, 0, 0, 791, 0, 0, 85, 0, 0, 0, 63)
23 (1, 4, 0, 10, 737, 0, 0, 92, 0, 0, 0, 115)
24 (1, 4, 0, 0, 79, 0, 0, 86, 0, 0, 0, 134)
25 (1, 4, 13, 0, 0, 44, 0, 58, 0, 0, 0, 116)
26 (1, 4, 222, 205, 0, 32, 0, 70, 0, 0, 0, 104)
27 (1, 4, 93, 245, 0, 2, 0, 90, 0, 0, 0, 228)
28 (1, 4, 0, 269, 0, 0, 0, 107, 0, 0, 0, 47)
29 (1, 4, 0, 172, 0, 0, 0, 132, 0, 0, 0, 43)
30 (1, 4, 0, 141, 0, 0, 0, 135, 0, 0, 0, 58)
31 (1, 4, 0, 126, 0, 0, 0, 135, 0, 0, 0, 195)
32 (1, 4, 0, 36, 0, 1, 0, 101, 0, 0, 0, 55)
1 (1, 4, 27, 60, 0, 7, 0, 91, 0, 0, 0, 113)
2 (1, 4, 1, 54, 0, 23, 0, 89, 0, 0, 0, 109)
3 (1, 4, 13, 133, 0, 29, 0, 103, 0, 0, 0, 205)
4 (1, 4, 82, 124, 0, 28, 0, 134, 0, 0, 0, 119)
5 (1, 4, 155, 30, 0, 0, 0, 149, 0, 0, 0, 127)
6 (1, 4, 268, 0, 0, 0, 0, 144, 0, 0, 0, 109)
7 (1, 4, 386, 0, 0, 0, 48, 141, 0, 0, 0, 55)
8 (1, 4, 318, 0, 393, 0, 105, 108, 0, 0, 0, 95)
9 (1, 4, 127, 0, 652, 0, 21, 54, 0, 0, 0, 130)
10 (1, 4, 0, 0, 449, 37, 0, 104, 0, 0, 0, 57)
11 (1, 4, 147, 0, 0, 124, 0, 87, 0, 0, 0, 83)
12 (1, 4, 41, 4, 0, 54, 0, 58, 0, 0, 0, 96)
13 (1, 4, 225, 140, 0, 0, 0, 82, 0, 0, 0, 108)
14 (1, 4, 298, 148, 0, 0, 213, 146, 0, 0, 0, 188)
15 (1, 4, 0, 0, 267, 0, 299, 74, 0, 0, 0, 102)
16 (1, 4, 0, 17, 654, 0, 0, 110, 0, 0, 0, 238)
17 (1, 4, 0, 0, 391, 29, 0, 146, 0, 0, 0, 187)
18 (1, 4, 77, 0, 0, 78, 0, 109, 0, 0, 0, 122)
19 (1, 4, 0, 0, 0, 48, 0, 73, 0, 0, 0, 16)
20 (1, 4, 9, 109, 0, 0, 0, 89, 0, 0, 0, 62)
21 (1, 4, 0, 97, 0, 0, 5, 108, 0, 0, 0, 107)
22 (1, 4, 0, 0, 0, 0, 0, 131, 0, 0, 0, 146)
23 (1, 4, 0, 0, 0, 0, 0, 132, 0, 0, 0, 129)
24 (1, 4, 0, 0, 0, 23, 0, 114, 0, 0, 0, 90)
25 (1, 4, 0, 5, 0, 19, 0, 117, 0, 0, 0, 90)
26 (1, 4, 0, 33, 46, 24, 0, 113, 0, 0, 0, 221)
27 (1, 4, 0, 34, 66, 33, 0, 112, 0, 0, 0, 196)
28 (1, 4, 0, 28, 13, 38, 0, 104, 0, 0, 0, 165)
29 (1, 4, 0, 28, 0, 36, 0, 91, 0, 0, 0, 249)
30 (1, 4, 0, 20, 0, 37, 0, 90, 0, 0, 0, 138)
31 (1, 4, 4, 72, 0, 40, 0, 83, 0, 0, 0, 151)
32 (1, 4, 0, 14, 202, 10, 0, 191, 0, 0, 0, 36)
1 (1, 4, 0, 0, 0, 64, 0, 67, 0, 0, 0, 136)
2 (1, 4, 0, 0, 0, 36, 0, 68, 0, 0, 0, 219)
3 (1, 4, 80, 95, 0, 0, 6, 82, 0, 0, 0, 122)
4 (1, 4, 91, 150, 0, 0, 171, 115, 0, 0, 0, 128)
5 (1, 4, 57, 0, 17, 0, 337, 142, 0, 0, 0, 149)
6 (1, 4, 65, 194, 669, 0, 212, 87, 0, 0, 0, 153)
7 (1, 4, 0, 147, 752, 0, 77, 70, 0, 0, 0, 63)
8 (1, 4, 0, 0, 500, 0, 0, 58, 0, 0, 0, 215)
9 (1, 4, 0, 0, 393, 39, 0, 85, 0, 0, 0, 114)
10 (1, 4, 57, 0, 0, 86, 0, 20, 0, 0, 0, 225)
11 (1, 4, 0, 272, 0, 45, 0, 74, 0, 0, 0, 158)
12 (1, 4, 116, 272, 0, 10, 0, 102, 0, 0, 0, 130)
13 (1, 4, 0, 221, 0, 0, 0, 99, 0, 0, 0, 195)
14 (1, 4, 0, 259, 0, 0, 26, 131, 0, 0, 0, 25)
15 (1, 4, 0, 77, 0, 0, 18, 120, 0, 0, 0, 139)
16 (1, 4, 0, 61, 0, 0, 0, 132, 0, 0, 0, 254)
17 (1, 4, 0, 25, 0, 0, 0, 127, 0, 0, 0, 215)
18 (1, 4, 0, 14, 139, 0, 0, 133, 0, 0, 0, 172)
19 (1, 4, 0, 0, 140, 0, 0, 139, 0, 0, 0, 107)
20 (1, 4, 0, 0, 5, 0, 0, 132, 0, 0, 0, 75)
21 (1, 4, 0, 29, 26, 1, 0, 147, 0, 0, 0, 15)
22 (1, 4, 33, 0, 0, 4, 0, 120, 0, 0, 0, 22)
23 (1, 4, 99, 32, 0, 10, 0, 100, 0, 0, 0, 183)
24 (1, 4, 86, 71, 0, 6, 0, 98, 0, 0, 0, 173)
25 (1, 4, 63, 58, 0, 4, 0, 98, 0, 0, 0, 95)
26 (1, 4, 81, 56, 0, 5, 0, 99, 0, 0, 0, 232)
27 (1, 4, 74, 48, 0, 3, 0, 103, 0, 0, 0, 238)
28 (1, 4, 60, 8, 0, 1, 0, 96, 0, 0, 0, 89)
29 (1, 4, 39, 24, 0, 5, 0, 89, 0, 0, 0, 129)
30 (1, 4, 109, 87, 0, 0, 0, 89, 0, 0, 0, 53)
31 (1, 4, 72, 97, 0, 0, 0, 87, 0, 0, 0, 246)

