1 (1, 4, 232, 0, 0, 56, 36, 148, 4, 4, 0, 85)
2 (1, 4, 245, 0, 0, 65, 24, 89, 4, 4, 0, 250)
3 (1, 4, 276, 0, 0, 59, 38, 65, 4, 4, 0, 193)
4 (1, 4, 335, 0, 0, 53, 50, 55, 4, 4, 0, 237)
5 (1, 4, 311, 0, 0, 39, 72, 37, 4, 4, 0, 49)
6 (1, 4, 247, 0, 0, 30, 55, 10, 4, 4, 0, 53)
7 (1, 4, 242, 0, 0, 7, 67, 0, 4, 4, 0, 49)
8 (1, 4, 211, 0, 0, 0, 107, 0, 3, 4, 0, 64)
9 (1, 4, 200, 0, 192, 0, 174, 0, 12, 5, 0, 39)
10 (1, 4, 249, 380, 380, 0, 121, 0, 4, 4, 0, 220)
11 (1, 4, 96, 873, 496, 0, 0, 0, 2, 1, 0, 38)
12 (1, 4, 88, 873, 95, 0, 0, 0, 0, 1, 0, 190)
13 (1, 4, 0, 753, 0, 0, 0, 84, 0, 0, 0, 196)
14 (1, 4, 0, 608, 0, 0, 0, 122, 0, 0, 0, 150)
15 (1, 4, 0, 360, 10, 0, 7, 161, 0, 0, 0, 102)
16 (1, 4, 0, 57, 0, 0, 25, 172, 0, 0, 0, 82)
17 (1, 4, 0, 60, 20, 47, 10, 98, 1, 1, 0, 190)
18 (1, 4, 0, 111, 28, 54, 0, 121, 1, 1, 0, 68)
19 (1, 4, 0, 139, 12, 42, 0, 126, 1, 1, 0, 193)
20 (1, 4, 0, 81, 0, 33, 0, 124, 1, 1, 0, 126)
21 (1, 4, 0, 58, 0, 30, 0, 124, 1, 1, 0, 239)
22 (1, 4, 0, 0, 0, 35, 0, 115, 1, 1, 0, 238)
23 (1, 4, 22, 0, 0, 37, 0, 109, 1, 1, 0, 157)
24 (1, 4, 29, 0, 0, 45, 0, 114, 1, 1, 0, 45)
25 (1, 4, 0, 0, 0, 46, 0, 113, 1, 1, 0, 204)
26 (1, 4, 4, 0, 0, 41, 0, 119, 1, 1, 0, 101)
27 (1, 4, 0, 0, 0, 37, 0, 117, 1, 1, 0, 96)
28 (1, 4, 0, 1, 0, 36, 0, 117, 1, 1, 0, 202)
29 (1, 4, 0, 0, 0, 33, 0, 116, 1, 1, 0, 195)
30 (1, 4, 0, 0, 0, 35, 0, 113, 1, 1, 0, 87)
31 (1, 4, 0, 0, 0, 37, 0, 110, 1, 1, 0, 63)
32 (1, 4, 0, 15, 0, 38, 0, 113, 1, 1, 0, 133)
1 (1, 4, 32, 0, 0, 94, 65, 0, 4, 4, 0, 102)
2 (1, 4, 0, 0, 0, 66, 74, 0, 4, 4, 0, 152)
3 (1, 4, 0, 0, 0, 25, 84, 0, 3, 4, 0, 31)
4 (1, 4, 33, 0, 0, 0, 97, 0, 3, 4, 0, 212)
5 (1, 4, 37, 101, 194, 0, 95, 0, 3, 4, 0, 191)
6 (1, 4, 0, 863, 573, 0, 53, 0, 3, 4, 0, 87)
7 (1, 4, 0, 873, 439, 0, 0, 0, 1, 3, 0, 6)
8 (1, 4, 132, 873, 0, 0, 0, 51, 0, 1, 0, 67)
9 (1, 4, 0, 738, 0, 0, 0, 137, 0, 0, 0, 33)
10 (1, 4, 0, 370, 34, 0, 0, 139, 0, 0, 0, 1)
11 (1, 4, 18, 175, 0, 0, 0, 145, 0, 0, 0, 118)
12 (1, 4, 46, 130, 0, 0, 3, 156, 0, 1, 0, 167)
13 (1, 4, 97, 81, 0, 0, 21, 132, 0, 1, 0, 226)
14 (1, 4, 0, 117, 0, 0, 13, 136, 0, 1, 0, 97)
15 (1, 4, 0, 64, 0, 0, 4, 117, 1, 1, 0, 138)
16 (1, 4, 0, 19, 0, 0, 0, 118, 1, 1, 0, 53)
17 (1, 4, 0, 0, 0, 0, 0, 62, 1, 1, 0, 35)
18 (1, 4, 0, 0, 0, 0, 0, 61, 1, 1, 0, 69)
19 (1, 4, 0, 0, 0, 0, 0, 58, 1, 1, 0, 86)
20 (1, 4, 0, 0, 0, 0, 0, 58, 1, 1, 0, 86)
21 (1, 4, 0, 12, 0, 0, 0, 59, 1, 1, 0, 224)
22 (1, 4, 0, 0, 0, 0, 0, 60, 1, 1, 0, 154)
23 (1, 4, 0, 0, 1, 0, 0, 59, 1, 1, 0, 29)
24 (1, 4, 0, 0, 0, 0, 0, 58, 1, 1, 0, 86)
25 (1, 4, 0, 0, 0, 0, 0, 56, 1, 1, 0, 239)
26 (1, 4, 0, 0, 0, 0, 0, 54, 1, 1, 0, 201)
27 (1, 4, 0, 0, 0, 0, 0, 54, 1, 1, 0, 201)
28 (1, 4, 0, 0, 0, 0, 0, 52, 1, 1, 0, 112)
29 (1, 4, 0, 0, 0, 0, 0, 55, 1, 1, 0, 22)
30 (1, 4, 0, 0, 0, 0, 0, 68, 1, 1, 0, 71)
31 (1, 4, 0, 0, 0, 0, 0, 68, 1, 1, 0, 71)
32 (1, 4, 0, 0, 0, 0, 0, 85, 1, 1, 0, 75)
1 (1, 4, 92, 0, 0, 68, 51, 0, 4, 4, 0, 209)
2 (1, 4, 147, 63, 0, 81, 57, 0, 4, 4, 0, 162)
3 (1, 4, 108, 0, 0, 82, 57, 0, 4, 4, 0, 112)
4 (1, 4, 61, 0, 0, 83, 45, 0, 4, 4, 0, 110)
5 (1, 4, 22, 0, 0, 62, 60, 0, 3, 4, 0, 185)
6 (1, 4, 0, 0, 0, 34, 84, 0, 3, 4, 0, 216)
7 (1, 4, 58, 0, 0, 0, 94, 0, 3, 4, 0, 119)
8 (1, 4, 8, 50, 207, 0, 116, 0, 3, 4, 0, 239)
9 (1, 4, 0, 873, 506, 0, 0, 0, 2, 3, 0, 45)
10 (1, 4, 0, 873, 222, 0, 0, 0, 0, 1, 0, 194)
11 (1, 4, 0, 873, 0, 0, 0, 177, 0, 0, 0, 54)
12 (1, 4, 19, 287, 0, 0, 0, 224, 0, 0, 0, 215)
13 (1, 4, 0, 311, 0, 0, 20, 123, 0, 0, 0, 231)
14 (1, 4, 0, 384, 0, 0, 1, 137, 0, 0, 0, 92)
15 (1, 4, 0, 377, 0, 0, 1, 157, 0, 0, 0, 221)
16 (1, 4, 0, 259, 0, 0, 0, 111, 0, 1, 0, 53)
17 (1, 4, 0, 5, 0, 0, 0, 40, 1, 1, 0, 83)
18 (1, 4, 0, 0, 0, 0, 0, 40, 1, 1, 0, 60)
19 (1, 4, 53, 10, 0, 0, 0, 36, 1, 1, 0, 108)
20 (1, 4, 76, 34, 0, 0, 0, 38, 1, 1, 0, 116)
21 (1, 4, 105, 25, 0, 0, 0, 38, 1, 1, 0, 77)
22 (1, 4, 138, 10, 0, 0, 0, 33, 1, 1, 0, 174)
23 (1, 4, 85, 0, 0, 0, 0, 29, 1, 1, 0, 187)
24 (1, 4, 33, 0, 0, 0, 0, 29, 1, 1, 0, 45)
25 (1, 4, 28, 0, 0, 0, 0, 28, 1, 1, 0, 147)
26 (1, 4, 19, 0, 0, 0, 0, 26, 1, 1, 0, 5)
27 (1, 4, 3, 0, 0, 0, 0, 26, 1, 1, 0, 229)
28 (1, 4, 15, 36, 1, 0, 0, 29, 1, 1, 0, 50)
29 (1, 4, 8, 42, 18, 0, 0, 30, 1, 1, 0, 190)
30 (1, 4, 0, 55, 29, 0, 0, 31, 1, 1, 0, 245)
31 (1, 4, 0, 51, 34, 0, 0, 33, 1, 1, 0, 163)
32 (1, 4, 0, 27, 23, 0, 0, 35, 1, 1, 0, 32)
1 (1, 4, 152, 0, 164, 0, 67, 0, 2, 2, 0, 41)
2 (1, 4, 0, 110, 461, 0, 45, 0, 2, 2, 0, 94)
3 (1, 4, 0, 658, 791, 0, 0, 0, 2, 2, 0, 209)
4 (1, 4, 0, 873, 660, 0, 0, 0, 2, 2, 0, 105)
5 (1, 4, 0, 873, 83, 0, 0, 0, 1, 2, 0, 154)
6 (1, 4, 0, 472, 348, 0, 0, 362, 1, 1, 0, 103)
7 (1, 4, 0, 0, 0, 0, 0, 192, 0, 1, 0, 218)
8 (1, 4, 212, 58, 0, 4, 0, 141, 1, 1, 0, 248)
9 (1, 4, 219, 67, 0, 0, 0, 158, 1, 1, 0, 77)
10 (1, 4, 134, 188, 0, 1, 10, 127, 1, 1, 0, 111)
11 (1, 4, 43, 80, 0, 0, 22, 105, 1, 1, 0, 117)
12 (1, 4, 17, 177, 0, 0, 12, 105, 1, 1, 0, 125)
13 (1, 4, 0, 120, 15, 0, 13, 112, 1, 1, 0, 209)
14 (1, 4, 0, 155, 52, 0, 0, 107, 1, 1, 0, 203)
15 (1, 4, 0, 176, 38, 0, 0, 126, 1, 1, 0, 75)
16 (1, 4, 0, 118, 55, 0, 0, 131, 1, 1, 0, 104)
17 (1, 4, 5, 0, 0, 0, 0, 110, 0, 1, 0, 225)
18 (1, 4, 7, 0, 0, 0, 0, 109, 0, 1, 0, 155)
19 (1, 4, 10, 5, 0, 0, 0, 110, 0, 1, 0, 212)
20 (1, 4, 18, 27, 9, 0, 0, 116, 0, 1, 0, 137)
21 (1, 4, 19, 28, 4, 0, 0, 121, 0, 1, 0, 179)
22 (1, 4, 11, 28, 0, 0, 0, 119, 0, 1, 0, 91)
23 (1, 4, 29, 33, 0, 0, 0, 118, 0, 1, 0, 63)
24 (1, 4, 47, 45, 0, 0, 0, 118, 0, 1, 0, 109)
25 (1, 4, 53, 35, 0, 0, 0, 116, 0, 1, 0, 92)
26 (1, 4, 57, 52, 0, 0, 0, 119, 0, 1, 0, 17)
27 (1, 4, 87, 23, 0, 0, 0, 120, 0, 1, 0, 232)
28 (1, 4, 87, 19, 0, 0, 0, 121, 0, 1, 0, 237)
29 (1, 4, 100, 1, 0, 0, 0, 131, 0, 1, 0, 58)
30 (1, 4, 79, 0, 0, 0, 0, 130, 0, 1, 0, 245)
31 (1, 4, 46, 0, 0, 0, 0, 127, 0, 1, 0, 72)
32 (1, 4, 51, 0, 0, 0, 0, 131, 0, 1, 0, 204)
1 (1, 4, 0, 0, 228, 0, 14, 0, 3, 3, 0, 31)
2 (1, 4, 0, 0, 290, 0, 0, 0, 2, 3, 0, 139)
3 (1, 4, 0, 341, 441, 0, 0, 0, 2, 2, 0, 1)
4 (1, 4, 0, 873, 641, 0, 0, 0, 2, 2, 0, 220)
5 (1, 4, 0, 873, 107, 0, 0, 0, 1, 2, 0, 167)
6 (1, 4, 177, 503, 0, 0, 0, 262, 0, 1, 0, 10)
7 (1, 4, 0, 0, 0, 0, 41, 190, 0, 1, 0, 126)
8 (1, 4, 0, 0, 0, 10, 16, 121, 0, 1, 0, 84)
9 (1, 4, 238, 196, 0, 0, 28, 158, 1, 1, 0, 248)
10 (1, 4, 30, 291, 51, 0, 39, 118, 1, 1, 0, 152)
11 (1, 4, 0, 190, 80, 0, 21, 86, 1, 1, 0, 16)
12 (1, 4, 0, 210, 83, 0, 3, 87, 1, 1, 0, 200)
13 (1, 4, 0, 187, 128, 0, 0, 77, 1, 1, 0, 74)
14 (1, 4, 0, 319, 164, 0, 0, 86, 1, 1, 0, 139)
15 (1, 4, 0, 308, 163, 0, 0, 101, 1, 1, 0, 17)
16 (1, 4, 0, 241, 154, 0, 0, 88, 1, 1, 0, 130)
17 (1, 4, 93, 0, 0, 0, 0, 48, 1, 1, 0, 42)
18 (1, 4, 78, 0, 0, 0, 0, 44, 1, 1, 0, 148)
19 (1, 4, 54, 11, 0, 0, 0, 44, 1, 1, 0, 33)
20 (1, 4, 0, 4, 0, 0, 0, 42, 1, 1, 0, 95)
21 (1, 4, 0, 44, 39, 0, 0, 47, 1, 1, 0, 159)
22 (1, 4, 0, 67, 122, 0, 0, 51, 1, 1, 0, 209)
23 (1, 4, 0, 83, 195, 0, 0, 56, 1, 1, 0, 100)
24 (1, 4, 0, 59, 224, 0, 0, 56, 1, 1, 0, 211)
25 (1, 4, 0, 46, 219, 0, 0, 56, 1, 1, 0, 91)
26 (1, 4, 0, 36, 168, 0, 0, 58, 1, 1, 0, 253)
27 (1, 4, 0, 36, 139, 0, 0, 58, 1, 1, 0, 184)
28 (1, 4, 0, 21, 93, 0, 0, 58, 1, 1, 0, 170)
29 (1, 4, 0, 11, 59, 0, 0, 61, 1, 1, 0, 168)
30 (1, 4, 0, 0, 15, 0, 0, 59, 1, 1, 0, 208)
31 (1, 4, 29, 2, 0, 0, 0, 60, 1, 1, 0, 81)
32 (1, 4, 62, 0, 0, 0, 0, 57, 0, 1, 0, 33)

