0 (1, 4, 0, 61, 0, 84, 3, 25, 2, 1, 0, 157)
1 (1, 4, 76, 34, 0, 86, 6, 28, 1, 1, 0, 36)
2 (1, 4, 81, 0, 0, 88, 6, 32, 1, 1, 0, 122)
3 (1, 4, 0, 0, 0, 61, 12, 10, 1, 1, 0, 131)
4 (1, 4, 0, 0, 0, 22, 49, 0, 2, 1, 0, 149)
5 (1, 4, 0, 0, 0, 1, 116, 0, 2, 1, 0, 191)
6 (1, 4, 0, 0, 0, 0, 171, 0, 3, 2, 0, 125)
7 (1, 4, 0, 0, 152, 3, 227, 0, 3, 2, 0, 181)
8 (1, 4, 14, 0, 803, 0, 143, 0, 2, 1, 0, 186)
9 (1, 4, 59, 511, 873, 0, 62, 0, 0, 1, 0, 183)
10 (1, 4, 570, 873, 873, 0, 0, 0, 0, 0, 0, 148)
11 (1, 4, 503, 873, 790, 0, 0, 0, 0, 0, 0, 107)
12 (1, 4, 444, 579, 377, 0, 0, 92, 0, 0, 0, 150)
13 (1, 4, 161, 287, 106, 0, 0, 164, 0, 0, 0, 95)
14 (1, 4, 0, 128, 0, 0, 0, 127, 0, 0, 0, 177)
15 (1, 4, 0, 37, 0, 0, 0, 104, 0, 0, 0, 221)
16 (1, 4, 0, 57, 4, 0, 0, 91, 0, 0, 0, 159)
17 (1, 4, 0, 57, 0, 0, 0, 81, 0, 0, 0, 146)
18 (1, 4, 0, 35, 0, 0, 0, 82, 0, 0, 0, 75)
19 (1, 4, 0, 53, 0, 0, 0, 83, 0, 0, 0, 66)
20 (1, 4, 0, 50, 0, 0, 0, 81, 0, 0, 0, 249)
21 (1, 4, 0, 30, 0, 0, 0, 85, 0, 0, 0, 39)
22 (1, 4, 0, 44, 0, 0, 0, 84, 0, 0, 0, 54)
23 (1, 4, 0, 0, 0, 0, 0, 75, 0, 0, 0, 183)
24 (1, 4, 0, 0, 0, 0, 0, 75, 0, 0, 0, 183)
25 (1, 4, 0, 0, 0, 0, 0, 63, 0, 0, 0, 245)
26 (1, 4, 37, 0, 0, 0, 0, 70, 0, 0, 0, 6)
27 (1, 4, 0, 0, 0, 0, 0, 68, 0, 0, 0, 78)
28 (1, 4, 0, 0, 0, 0, 0, 66, 0, 0, 0, 130)
29 (1, 4, 1, 0, 0, 0, 0, 68, 0, 0, 0, 64)
30 (1, 4, 36, 0, 0, 0, 0, 69, 0, 0, 0, 110)
0 (1, 4, 8, 0, 0, 0, 0, 130, 0, 0, 0, 61)
1 (1, 4, 0, 0, 0, 10, 0, 140, 0, 0, 0, 173)
2 (1, 4, 0, 0, 0, 32, 0, 131, 1, 1, 0, 114)
3 (1, 4, 0, 0, 0, 46, 0, 111, 1, 1, 0, 57)
4 (1, 4, 8, 0, 0, 43, 0, 73, 1, 1, 0, 71)
5 (1, 4, 0, 0, 0, 48, 0, 39, 2, 1, 0, 125)
6 (1, 4, 0, 0, 0, 49, 0, 25, 2, 1, 0, 54)
7 (1, 4, 40, 0, 0, 47, 0, 13, 1, 1, 0, 204)
8 (1, 4, 0, 0, 0, 47, 14, 3, 1, 1, 0, 141)
9 (1, 4, 11, 0, 0, 41, 19, 0, 1, 1, 0, 21)
10 (1, 4, 0, 0, 0, 19, 50, 0, 1, 1, 0, 219)
11 (1, 4, 0, 0, 0, 0, 93, 0, 1, 1, 0, 179)
12 (1, 4, 11, 0, 0, 0, 154, 0, 2, 1, 0, 49)
13 (1, 4, 159, 0, 0, 0, 210, 0, 2, 1, 0, 39)
14 (1, 4, 84, 0, 306, 0, 195, 0, 2, 1, 0, 214)
15 (1, 4, 13, 22, 622, 0, 140, 0, 1, 1, 0, 131)
16 (1, 4, 9, 451, 873, 2, 81, 0, 0, 0, 0, 173)
17 (1, 4, 537, 853, 873, 0, 0, 0, 0, 0, 0, 139)
18 (1, 4, 813, 853, 493, 0, 1, 0, 0, 0, 0, 250)
19 (1, 4, 715, 522, 314, 0, 36, 158, 0, 0, 0, 73)
20 (1, 4, 52, 141, 63, 0, 28, 114, 0, 0, 0, 77)
21 (1, 4, 0, 109, 0, 0, 0, 77, 0, 0, 0, 230)
22 (1, 4, 0, 167, 0, 0, 0, 53, 1, 0, 0, 5)
23 (1, 4, 36, 256, 0, 0, 0, 87, 1, 0, 0, 131)
24 (1, 4, 0, 240, 0, 0, 0, 75, 1, 0, 0, 244)
25 (1, 4, 0, 257, 27, 0, 0, 86, 1, 0, 0, 110)
26 (1, 4, 0, 259, 41, 0, 0, 105, 1, 0, 0, 38)
27 (1, 4, 0, 205, 15, 0, 0, 101, 0, 0, 0, 55)
28 (1, 4, 0, 134, 3, 0, 0, 95, 0, 0, 0, 28)
29 (1, 4, 0, 117, 0, 0, 0, 90, 0, 0, 0, 244)
30 (1, 4, 0, 52, 0, 0, 0, 78, 0, 0, 0, 100)
31 (1, 4, 0, 25, 0, 0, 0, 67, 0, 0, 0, 58)
0 (1, 4, 0, 68, 0, 0, 0, 33, 0, 0, 0, 89)
1 (1, 4, 123, 107, 0, 0, 0, 24, 0, 0, 0, 161)
2 (1, 4, 110, 203, 0, 0, 0, 11, 0, 0, 0, 1)
3 (1, 4, 204, 192, 0, 0, 0, 14, 0, 0, 0, 14)
4 (1, 4, 276, 0, 0, 0, 0, 32, 0, 0, 0, 5)
5 (1, 4, 309, 0, 0, 0, 0, 40, 1, 1, 0, 47)
6 (1, 4, 362, 0, 0, 0, 0, 37, 1, 1, 0, 92)
7 (1, 4, 179, 0, 0, 11, 0, 0, 1, 1, 0, 142)
8 (1, 4, 13, 0, 0, 21, 41, 0, 1, 1, 0, 16)
9 (1, 4, 0, 0, 0, 23, 95, 0, 1, 1, 0, 235)
10 (1, 4, 0, 0, 0, 29, 136, 0, 2, 1, 0, 72)
11 (1, 4, 0, 0, 0, 31, 155, 0, 2, 1, 0, 120)
12 (1, 4, 0, 0, 91, 4, 162, 0, 2, 1, 0, 229)
13 (1, 4, 0, 0, 360, 0, 128, 0, 2, 1, 0, 1)
14 (1, 4, 0, 0, 745, 4, 100, 0, 1, 1, 0, 153)
15 (1, 4, 148, 614, 873, 0, 38, 0, 0, 1, 0, 53)
16 (1, 4, 771, 873, 676, 0, 2, 0, 0, 0, 0, 28)
17 (1, 4, 511, 584, 293, 0, 48, 189, 0, 0, 0, 57)
18 (1, 4, 0, 313, 143, 0, 0, 156, 0, 0, 0, 80)
19 (1, 4, 0, 145, 5, 0, 0, 141, 0, 0, 0, 171)
20 (1, 4, 89, 48, 0, 0, 0, 114, 0, 0, 0, 68)
21 (1, 4, 86, 72, 0, 0, 3, 102, 0, 0, 0, 160)
22 (1, 4, 29, 66, 0, 0, 3, 90, 0, 0, 0, 120)
23 (1, 4, 0, 91, 0, 0, 5, 89, 0, 0, 0, 206)
24 (1, 4, 0, 130, 0, 0, 0, 91, 0, 0, 0, 8)
25 (1, 4, 0, 99, 0, 0, 0, 84, 0, 0, 0, 4)
26 (1, 4, 0, 113, 0, 0, 0, 85, 0, 0, 0, 215)
27 (1, 4, 0, 69, 0, 0, 0, 75, 0, 0, 0, 91)
28 (1, 4, 0, 93, 35, 0, 0, 80, 0, 0, 0, 147)
29 (1, 4, 0, 87, 0, 0, 0, 64, 0, 0, 0, 219)
30 (1, 4, 0, 74, 0, 0, 0, 52, 0, 0, 0, 36)
31 (1, 4, 0, 81, 25, 0, 0, 59, 0, 0, 0, 128)
0 (1, 4, 265, 591, 873, 0, 211, 0, 2, 2, 0, 5)
1 (1, 4, 668, 873, 873, 0, 125, 0, 0, 0, 0, 171)
2 (1, 4, 873, 873, 661, 0, 62, 0, 0, 0, 0, 129)
3 (1, 4, 147, 680, 162, 0, 66, 50, 0, 0, 0, 39)
4 (1, 4, 372, 460, 358, 0, 68, 137, 0, 0, 0, 139)
5 (1, 4, 0, 105, 0, 0, 0, 140, 0, 0, 0, 44)
6 (1, 4, 36, 23, 0, 0, 0, 79, 0, 0, 0, 94)
7 (1, 4, 26, 56, 0, 0, 16, 79, 0, 0, 0, 219)
8 (1, 4, 86, 107, 0, 0, 20, 73, 0, 0, 0, 15)
9 (1, 4, 0, 192, 0, 0, 35, 40, 0, 0, 0, 49)
10 (1, 4, 0, 258, 41, 0, 32, 51, 0, 0, 0, 57)
11 (1, 4, 0, 296, 98, 0, 25, 51, 0, 0, 0, 233)
12 (1, 4, 0, 320, 130, 0, 19, 35, 0, 0, 0, 15)
13 (1, 4, 0, 313, 80, 0, 23, 21, 0, 0, 0, 46)
14 (1, 4, 0, 282, 115, 0, 5, 46, 0, 0, 0, 248)
15 (1, 4, 0, 296, 188, 0, 0, 32, 0, 0, 0, 217)
16 (1, 4, 0, 199, 154, 0, 0, 40, 0, 0, 0, 168)
17 (1, 4, 74, 206, 185, 0, 0, 53, 0, 0, 0, 157)
18 (1, 4, 0, 33, 13, 0, 0, 37, 0, 0, 0, 116)
19 (1, 4, 0, 32, 0, 0, 0, 40, 0, 0, 0, 247)
20 (1, 4, 0, 10, 50, 0, 0, 34, 0, 0, 0, 22)
21 (1, 4, 0, 0, 49, 0, 0, 31, 0, 0, 0, 65)
22 (1, 4, 0, 0, 12, 0, 0, 36, 0, 0, 0, 72)
23 (1, 4, 0, 0, 0, 0, 0, 36, 0, 0, 0, 170)
24 (1, 4, 0, 0, 0, 0, 0, 39, 0, 0, 0, 204)
25 (1, 4, 61, 0, 0, 0, 0, 35, 0, 0, 0, 216)
26 (1, 4, 103, 0, 0, 0, 0, 36, 0, 0, 0, 206)
27 (1, 4, 0, 0, 0, 0, 2, 28, 0, 0, 0, 192)
28 (1, 4, 28, 0, 0, 0, 0, 29, 0, 0, 0, 69)
29 (1, 4, 54, 0, 0, 0, 0, 26, 0, 0, 0, 253)
30 (1, 4, 86, 0, 0, 0, 0, 28, 0, 0, 0, 127)
0 (1, 4, 67, 39, 0, 0, 0, 36, 1, 0, 0, 147)
1 (1, 4, 75, 45, 0, 0, 0, 53, 0, 0, 0, 83)
2 (1, 4, 0, 0, 0, 0, 0, 94, 0, 0, 0, 206)
3 (1, 4, 0, 0, 0, 0, 0, 108, 1, 1, 0, 12)
4 (1, 4, 20, 0, 0, 0, 0, 110, 1, 1, 0, 109)
5 (1, 4, 38, 0, 0, 0, 0, 65, 1, 1, 0, 14)
6 (1, 4, 44, 0, 0, 0, 30, 5, 2, 2, 0, 28)
7 (1, 4, 0, 0, 0, 0, 98, 0, 2, 2, 0, 137)
8 (1, 4, 0, 0, 0, 11, 113, 0, 2, 2, 0, 94)
9 (1, 4, 0, 0, 0, 39, 92, 0, 2, 2, 0, 101)
10 (1, 4, 0, 5, 69, 36, 48, 0, 1, 1, 0, 52)
11 (1, 4, 0, 35, 74, 51, 22, 0, 1, 1, 0, 174)
12 (1, 4, 0, 0, 0, 59, 30, 0, 1, 1, 0, 229)
13 (1, 4, 0, 0, 0, 68, 55, 0, 1, 1, 0, 62)
14 (1, 4, 0, 0, 0, 64, 74, 0, 1, 1, 0, 139)
15 (1, 4, 0, 0, 0, 63, 85, 0, 1, 1, 0, 201)
16 (1, 4, 0, 0, 0, 57, 85, 0, 1, 1, 0, 139)
17 (1, 4, 2, 8, 0, 53, 73, 0, 1, 1, 0, 7)
18 (1, 4, 4, 0, 0, 50, 79, 0, 1, 1, 0, 220)
19 (1, 4, 0, 16, 0, 49, 74, 0, 1, 1, 0, 62)
20 (1, 4, 0, 20, 0, 47, 75, 0, 1, 1, 0, 208)
21 (1, 4, 0, 13, 0, 48, 84, 0, 1, 1, 0, 201)
22 (1, 4, 0, 0, 0, 44, 91, 0, 1, 1, 0, 207)
23 (1, 4, 0, 0, 0, 40, 111, 0, 1, 1, 0, 216)
24 (1, 4, 131, 0, 24, 22, 170, 0, 2, 1, 0, 170)
25 (1, 4, 284, 33, 391, 38, 227, 0, 3, 2, 0, 153)
26 (1, 4, 417, 500, 813, 33, 196, 0, 1, 1, 0, 227)
27 (1, 4, 706, 768, 860, 0, 121, 0, 1, 0, 0, 27)
28 (1, 4, 869, 873, 750, 0, 59, 0, 0, 0, 0, 46)
29 (1, 4, 87, 385, 259, 0, 57, 100, 1, 0, 0, 73)
30 (1, 4, 105, 342, 331, 0, 0, 115, 0, 0, 0, 14)
31 (1, 4, 37, 63, 0, 0, 0, 112, 0, 0, 0, 170)
0 (1, 4, 220, 397, 808, 0, 177, 0, 1, 1, 0, 27)
1 (1, 4, 393, 873, 873, 0, 88, 0, 0, 0, 0, 236)
2 (1, 4, 623, 873, 766, 0, 51, 0, 0, 0, 0, 254)
3 (1, 4, 304, 697, 323, 0, 62, 35, 0, 0, 0, 176)
4 (1, 4, 125, 420, 385, 0, 19, 103, 0, 0, 0, 171)
5 (1, 4, 0, 126, 0, 0, 0, 102, 0, 0, 0, 114)
6 (1, 4, 0, 58, 0, 0, 0, 63, 0, 0, 0, 136)
7 (1, 4, 0, 109, 0, 0, 20, 52, 0, 0, 0, 130)
8 (1, 4, 0, 115, 0, 0, 0, 71, 0, 0, 0, 208)
9 (1, 4, 0, 91, 73, 0, 0, 85, 0, 0, 0, 24)
10 (1, 4, 0, 174, 185, 0, 0, 93, 0, 0, 0, 55)
11 (1, 4, 0, 113, 226, 0, 0, 101, 0, 0, 0, 126)
12 (1, 4, 0, 104, 304, 0, 0, 78, 0, 0, 0, 51)
13 (1, 4, 0, 157, 383, 0, 0, 79, 0, 0, 0, 0)
14 (1, 4, 0, 93, 351, 0, 0, 60, 0, 0, 0, 45)
15 (1, 4, 0, 91, 368, 0, 0, 40, 0, 0, 0, 155)
16 (1, 4, 0, 97, 323, 0, 0, 28, 0, 0, 0, 219)
17 (1, 4, 0, 30, 224, 0, 0, 17, 0, 0, 0, 227)
18 (1, 4, 0, 0, 150, 0, 0, 10, 0, 0, 0, 210)
19 (1, 4, 0, 0, 50, 0, 0, 7, 0, 0, 0, 195)
20 (1, 4, 0, 16, 0, 0, 0, 11, 0, 0, 0, 147)
21 (1, 4, 0, 10, 0, 0, 0, 13, 0, 0, 0, 224)
22 (1, 4, 0, 36, 0, 0, 0, 17, 0, 0, 0, 106)
23 (1, 4, 36, 43, 0, 0, 0, 27, 0, 0, 0, 119)
24 (1, 4, 25, 44, 0, 0, 0, 29, 0, 0, 0, 216)
25 (1, 4, 39, 41, 0, 0, 8, 33, 0, 0, 0, 232)
26 (1, 4, 36, 32, 0, 0, 10, 34, 0, 0, 0, 104)
27 (1, 4, 29, 10, 0, 0, 5, 33, 0, 0, 0, 226)
28 (1, 4, 39, 0, 0, 0, 1, 28, 0, 0, 0, 166)
29 (1, 4, 19, 1, 8, 0, 0, 29, 0, 0, 0, 22)
30 (1, 4, 14, 0, 17, 0, 0, 24, 0, 0, 0, 248)
31 (1, 4, 1, 0, 14, 0, 0, 23, 0, 0, 0, 125)
0 (1, 4, 11, 0, 0, 58, 43, 0, 2, 2, 0, 145)
1 (1, 4, 5, 0, 0, 51, 54, 0, 2, 2, 0, 252)
2 (1, 4, 0, 0, 0, 41, 63, 0, 2, 2, 0, 67)
3 (1, 4, 0, 0, 0, 17, 96, 0, 2, 2, 0, 147)
4 (1, 4, 46, 0, 0, 12, 120, 0, 2, 2, 0, 40)
5 (1, 4, 56, 0, 0, 0, 185, 0, 2, 2, 0, 63)
6 (1, 4, 134, 0, 237, 0, 177, 0, 2, 2, 0, 26)
7 (1, 4, 237, 36, 480, 0, 181, 0, 2, 2, 0, 230)
8 (1, 4, 510, 720, 873, 0, 175, 0, 3, 2, 0, 151)
9 (1, 4, 873, 873, 873, 0, 68, 0, 1, 1, 0, 29)
10 (1, 4, 873, 646, 481, 0, 0, 312, 2, 2, 0, 173)
11 (1, 4, 0, 460, 275, 0, 0, 110, 1, 1, 0, 34)
12 (1, 4, 84, 0, 0, 0, 0, 114, 1, 1, 0, 168)
13 (1, 4, 175, 0, 0, 33, 14, 65, 1, 0, 0, 40)
14 (1, 4, 0, 158, 0, 15, 1, 89, 1, 1, 0, 108)
15 (1, 4, 39, 104, 0, 10, 8, 78, 1, 1, 0, 12)
16 (1, 4, 0, 120, 0, 6, 9, 69, 1, 1, 0, 241)
17 (1, 4, 0, 209, 2, 0, 5, 65, 1, 0, 0, 101)
18 (1, 4, 18, 185, 43, 0, 11, 71, 1, 0, 0, 161)
19 (1, 4, 0, 262, 51, 0, 1, 68, 1, 1, 0, 86)
20 (1, 4, 0, 221, 75, 0, 0, 58, 1, 0, 0, 254)
21 (1, 4, 39, 203, 74, 0, 0, 82, 1, 0, 0, 95)
22 (1, 4, 0, 185, 34, 0, 0, 91, 1, 0, 0, 115)
23 (1, 4, 0, 170, 113, 0, 4, 72, 1, 0, 0, 163)
24 (1, 4, 0, 220, 98, 0, 0, 81, 1, 0, 0, 245)
25 (1, 4, 0, 206, 167, 0, 3, 66, 1, 0, 0, 7)
26 (1, 4, 0, 148, 220, 0, 0, 59, 1, 0, 0, 207)
27 (1, 4, 0, 171, 250, 0, 0, 61, 1, 0, 0, 158)
28 (1, 4, 0, 149, 252, 0, 0, 61, 1, 0, 0, 72)
29 (1, 4, 0, 129, 238, 0, 0, 62, 0, 0, 0, 167)
30 (1, 4, 0, 56, 156, 0, 0, 50, 0, 0, 0, 201)
31 (1, 4, 0, 36, 109, 0, 0, 38, 0, 0, 0, 120)
0 (1, 4, 0, 72, 0, 0, 0, 11, 1, 1, 0, 203)
1 (1, 4, 0, 6, 0, 34, 0, 10, 2, 1, 0, 226)
2 (1, 4, 0, 0, 0, 59, 1, 5, 2, 1, 0, 197)
3 (1, 4, 0, 0, 0, 57, 22, 4, 2, 1, 0, 201)
4 (1, 4, 0, 0, 0, 56, 31, 5, 2, 2, 0, 12)
5 (1, 4, 0, 0, 0, 52, 53, 6, 2, 2, 0, 208)
6 (1, 4, 0, 0, 0, 37, 77, 0, 2, 2, 0, 167)
7 (1, 4, 59, 0, 0, 31, 102, 10, 2, 2, 0, 46)
8 (1, 4, 188, 0, 0, 15, 161, 0, 2, 2, 0, 243)
9 (1, 4, 222, 0, 103, 1, 204, 0, 2, 2, 0, 183)
10 (1, 4, 410, 220, 585, 19, 200, 0, 2, 1, 0, 144)
11 (1, 4, 569, 869, 873, 0, 163, 0, 0, 1, 0, 54)
12 (1, 4, 825, 873, 873, 0, 32, 6, 0, 0, 0, 69)
13 (1, 4, 171, 215, 279, 0, 0, 106, 0, 0, 0, 95)
14 (1, 4, 244, 323, 263, 0, 0, 174, 0, 0, 0, 246)
15 (1, 4, 20, 2, 67, 13, 0, 82, 0, 0, 0, 63)
16 (1, 4, 83, 0, 32, 45, 0, 66, 0, 0, 0, 117)
17 (1, 4, 54, 93, 62, 23, 0, 62, 0, 0, 0, 241)
18 (1, 4, 75, 101, 59, 9, 0, 69, 0, 0, 0, 53)
19 (1, 4, 0, 137, 68, 0, 2, 45, 0, 0, 0, 207)
20 (1, 4, 0, 184, 61, 0, 0, 49, 0, 0, 0, 53)
21 (1, 4, 0, 181, 93, 0, 0, 61, 0, 0, 0, 115)
22 (1, 4, 50, 192, 119, 0, 0, 84, 0, 0, 0, 187)
23 (1, 4, 0, 217, 154, 0, 0, 92, 0, 0, 0, 143)
24 (1, 4, 0, 272, 236, 0, 0, 94, 0, 0, 0, 92)
25 (1, 4, 0, 278, 225, 0, 0, 109, 0, 0, 0, 137)
26 (1, 4, 0, 189, 201, 0, 0, 97, 0, 0, 0, 25)
27 (1, 4, 0, 142, 195, 0, 0, 81, 0, 0, 0, 131)
28 (1, 4, 0, 96, 168, 0, 0, 84, 0, 0, 0, 111)
29 (1, 4, 0, 55, 138, 0, 0, 62, 0, 0, 0, 233)
30 (1, 4, 0, 53, 87, 0, 0, 54, 0, 0, 0, 109)
31 (1, 4, 0, 26, 36, 0, 0, 54, 0, 0, 0, 223)
0 (1, 4, 0, 0, 0, 0, 0, 62, 0, 0, 0, 42)
1 (1, 4, 0, 0, 0, 0, 0, 66, 0, 0, 0, 130)
2 (1, 4, 0, 0, 0, 0, 0, 72, 0, 0, 0, 209)
3 (1, 4, 0, 0, 0, 0, 0, 75, 0, 0, 0, 183)
4 (1, 4, 0, 0, 0, 0, 0, 64, 0, 0, 0, 59)
5 (1, 4, 0, 0, 0, 0, 0, 51, 0, 0, 0, 106)
6 (1, 4, 0, 0, 0, 0, 0, 50, 0, 0, 0, 181)
7 (1, 4, 4, 0, 0, 0, 0, 27, 0, 0, 0, 25)
8 (1, 4, 84, 0, 0, 0, 8, 0, 1, 0, 0, 140)
9 (1, 4, 74, 0, 0, 14, 40, 0, 1, 1, 0, 228)
10 (1, 4, 5, 0, 0, 21, 71, 0, 1, 1, 0, 167)
11 (1, 4, 0, 0, 0, 30, 73, 0, 1, 1, 0, 152)
12 (1, 4, 0, 0, 0, 22, 94, 0, 1, 1, 0, 141)
13 (1, 4, 241, 0, 0, 0, 185, 0, 1, 1, 0, 198)
14 (1, 4, 92, 9, 336, 26, 222, 0, 1, 1, 0, 195)
15 (1, 4, 369, 525, 825, 46, 179, 0, 0, 0, 0, 231)
16 (1, 4, 725, 873, 824, 0, 50, 0, 0, 0, 0, 255)
17 (1, 4, 454, 601, 278, 0, 34, 12, 0, 0, 0, 222)
18 (1, 4, 873, 385, 359, 0, 87, 326, 1, 0, 0, 145)
19 (1, 4, 0, 172, 200, 44, 2, 4, 0, 0, 0, 136)
20 (1, 4, 0, 9, 0, 11, 0, 85, 0, 0, 0, 157)
21 (1, 4, 186, 10, 0, 37, 0, 87, 0, 0, 0, 241)
22 (1, 4, 0, 30, 0, 30, 0, 80, 0, 0, 0, 192)
23 (1, 4, 0, 0, 0, 33, 10, 69, 0, 0, 0, 84)
24 (1, 4, 0, 78, 0, 35, 7, 46, 0, 0, 0, 222)
25 (1, 4, 0, 138, 0, 7, 1, 62, 1, 0, 0, 179)
26 (1, 4, 0, 156, 0, 0, 0, 73, 1, 0, 0, 101)
27 (1, 4, 0, 138, 0, 2, 0, 73, 1, 0, 0, 141)
28 (1, 4, 0, 218, 0, 0, 0, 104, 1, 0, 0, 47)
29 (1, 4, 0, 82, 0, 0, 0, 102, 1, 0, 0, 187)
30 (1, 4, 0, 113, 0, 0, 0, 112, 1, 0, 0, 190)
31 (1, 4, 0, 107, 0, 0, 0, 92, 0, 0, 0, 93)
0 (1, 4, 0, 0, 0, 53, 0, 33, 1, 1, 0, 116)
1 (1, 4, 0, 0, 0, 42, 0, 0, 1, 1, 0, 88)
2 (1, 4, 0, 0, 0, 32, 6, 0, 2, 2, 0, 148)
3 (1, 4, 0, 0, 0, 39, 66, 0, 2, 2, 0, 48)
4 (1, 4, 0, 0, 0, 35, 106, 0, 2, 2, 0, 128)
5 (1, 4, 0, 0, 0, 35, 119, 0, 2, 2, 0, 94)
6 (1, 4, 0, 0, 0, 31, 187, 0, 2, 1, 0, 117)
7 (1, 4, 136, 200, 436, 27, 189, 0, 1, 1, 0, 153)
8 (1, 4, 299, 602, 866, 29, 142, 0, 1, 1, 0, 100)
9 (1, 4, 739, 873, 848, 0, 22, 0, 0, 0, 0, 171)
10 (1, 4, 463, 809, 394, 0, 27, 5, 0, 0, 0, 12)
11 (1, 4, 873, 400, 344, 0, 57, 224, 0, 0, 0, 246)
12 (1, 4, 0, 99, 114, 36, 42, 56, 0, 0, 0, 129)
13 (1, 4, 0, 8, 0, 3, 0, 93, 0, 0, 0, 58)
14 (1, 4, 136, 0, 0, 42, 0, 58, 0, 0, 0, 21)
15 (1, 4, 45, 102, 0, 28, 3, 69, 0, 0, 0, 30)
16 (1, 4, 4, 73, 0, 20, 7, 75, 0, 0, 0, 233)
17 (1, 4, 0, 133, 0, 21, 12, 60, 0, 0, 0, 75)
18 (1, 4, 0, 218, 6, 6, 0, 72, 0, 0, 0, 223)
19 (1, 4, 0, 256, 31, 0, 0, 87, 0, 0, 0, 56)
20 (1, 4, 0, 209, 36, 0, 0, 107, 0, 0, 0, 224)
21 (1, 4, 0, 163, 7, 0, 0, 107, 0, 0, 0, 232)
22 (1, 4, 0, 155, 31, 0, 0, 104, 0, 0, 0, 93)
23 (1, 4, 0, 130, 18, 0, 0, 106, 0, 0, 0, 245)
24 (1, 4, 0, 99, 0, 0, 0, 98, 0, 0, 0, 186)
25 (1, 4, 0, 80, 0, 0, 0, 94, 0, 0, 0, 44)
26 (1, 4, 0, 80, 0, 0, 0, 90, 0, 0, 0, 89)
27 (1, 4, 0, 64, 0, 0, 0, 89, 0, 0, 0, 94)
28 (1, 4, 0, 51, 0, 0, 0, 84, 0, 0, 0, 230)
29 (1, 4, 0, 67, 0, 0, 0, 81, 0, 0, 0, 108)
30 (1, 4, 0, 41, 0, 0, 0, 66, 0, 0, 0, 70)
31 (1, 4, 0, 50, 0, 0, 0, 66, 0, 0, 0, 76)
0 (1, 4, 0, 0, 0, 54, 87, 0, 1, 1, 0, 220)
1 (1, 4, 18, 0, 0, 56, 117, 0, 1, 1, 0, 101)
2 (1, 4, 0, 0, 24, 62, 112, 0, 1, 1, 0, 130)
3 (1, 4, 43, 0, 62, 70, 96, 0, 1, 1, 0, 30)
4 (1, 4, 22, 0, 144, 59, 94, 0, 1, 1, 0, 181)
5 (1, 4, 80, 76, 290, 46, 84, 0, 1, 0, 0, 60)
6 (1, 4, 176, 458, 462, 30, 47, 0, 1, 0, 0, 228)
7 (1, 4, 418, 873, 785, 0, 21, 0, 0, 0, 0, 206)
8 (1, 4, 286, 873, 522, 0, 1, 0, 0, 0, 0, 247)
9 (1, 4, 323, 543, 372, 0, 5, 128, 0, 0, 0, 147)
10 (1, 4, 96, 209, 204, 0, 0, 100, 0, 0, 0, 31)
11 (1, 4, 0, 207, 17, 0, 0, 94, 0, 0, 0, 22)
12 (1, 4, 0, 121, 33, 0, 0, 105, 0, 0, 0, 227)
13 (1, 4, 0, 142, 38, 0, 0, 109, 0, 0, 0, 80)
14 (1, 4, 0, 93, 12, 0, 0, 90, 0, 0, 0, 103)
15 (1, 4, 0, 74, 0, 0, 0, 83, 0, 0, 0, 211)
16 (1, 4, 0, 45, 0, 0, 0, 88, 0, 0, 0, 28)
17 (1, 4, 0, 55, 0, 0, 0, 85, 0, 0, 0, 227)
18 (1, 4, 15, 58, 0, 0, 0, 93, 0, 0, 0, 143)
19 (1, 4, 23, 82, 4, 0, 0, 103, 0, 0, 0, 146)
20 (1, 4, 0, 28, 0, 0, 0, 93, 0, 0, 0, 160)
21 (1, 4, 0, 13, 0, 0, 0, 97, 0, 0, 0, 153)
22 (1, 4, 0, 0, 0, 0, 0, 78, 0, 0, 0, 29)
23 (1, 4, 0, 0, 0, 0, 0, 72, 0, 0, 0, 209)
24 (1, 4, 0, 0, 3, 0, 0, 65, 0, 0, 0, 95)
25 (1, 4, 0, 0, 25, 0, 0, 75, 0, 0, 0, 224)
26 (1, 4, 0, 0, 9, 0, 0, 54, 0, 0, 0, 232)
27 (1, 4, 0, 0, 0, 0, 0, 43, 0, 0, 0, 83)
28 (1, 4, 0, 0, 0, 0, 0, 33, 0, 0, 0, 0)
29 (1, 4, 0, 0, 13, 3, 0, 27, 0, 0, 0, 118)
30 (1, 4, 0, 0, 55, 0, 0, 25, 0, 0, 0, 252)
31 (1, 4, 61, 0, 51, 0, 0, 26, 0, 0, 0, 165)
0 (1, 4, 415, 0, 107, 50, 0, 1, 1, 0, 0, 76)
1 (1, 4, 365, 0, 86, 71, 0, 0, 1, 0, 0, 107)
2 (1, 4, 288, 0, 53, 79, 0, 0, 1, 1, 0, 137)
3 (1, 4, 79, 0, 22, 128, 30, 0, 1, 1, 0, 82)
4 (1, 4, 16, 0, 0, 146, 31, 0, 2, 2, 0, 196)
5 (1, 4, 0, 7, 0, 148, 37, 10, 2, 1, 0, 49)
6 (1, 4, 0, 0, 0, 119, 38, 23, 2, 1, 0, 155)
7 (1, 4, 0, 0, 0, 111, 52, 0, 2, 1, 0, 35)
8 (1, 4, 0, 0, 0, 105, 63, 0, 2, 1, 0, 43)
9 (1, 4, 0, 0, 0, 97, 94, 0, 2, 1, 0, 189)
10 (1, 4, 44, 0, 184, 97, 98, 0, 1, 1, 0, 242)
11 (1, 4, 0, 61, 709, 34, 52, 0, 1, 0, 0, 165)
12 (1, 4, 0, 286, 770, 2, 0, 0, 0, 0, 0, 8)
13 (1, 4, 120, 751, 792, 0, 0, 0, 0, 0, 0, 184)
14 (1, 4, 193, 873, 420, 0, 0, 92, 0, 0, 0, 134)
15 (1, 4, 301, 377, 50, 0, 0, 223, 1, 1, 0, 124)
16 (1, 4, 25, 0, 0, 15, 50, 136, 0, 0, 0, 95)
17 (1, 4, 0, 97, 0, 17, 19, 143, 0, 0, 0, 31)
18 (1, 4, 0, 58, 0, 3, 14, 117, 0, 0, 0, 111)
19 (1, 4, 14, 14, 0, 0, 0, 116, 0, 0, 0, 108)
20 (1, 4, 0, 0, 36, 2, 0, 98, 0, 0, 0, 189)
21 (1, 4, 0, 0, 80, 10, 0, 91, 0, 0, 0, 38)
22 (1, 4, 0, 0, 41, 3, 0, 78, 0, 0, 0, 234)
23 (1, 4, 0, 0, 28, 9, 0, 77, 0, 0, 0, 1)
24 (1, 4, 57, 0, 62, 17, 0, 77, 0, 0, 0, 134)
25 (1, 4, 57, 0, 126, 13, 0, 81, 0, 0, 0, 66)
26 (1, 4, 26, 0, 197, 28, 0, 72, 0, 0, 0, 238)
27 (1, 4, 16, 0, 239, 21, 0, 75, 0, 0, 0, 110)
28 (1, 4, 0, 0, 261, 29, 0, 55, 0, 0, 0, 228)
29 (1, 4, 0, 0, 286, 24, 0, 54, 0, 0, 0, 32)
30 (1, 4, 0, 0, 346, 20, 0, 55, 0, 0, 0, 222)
0 (1, 4, 0, 0, 0, 42, 137, 0, 2, 2, 0, 207)
1 (1, 4, 112, 29, 416, 24, 156, 0, 1, 1, 0, 170)
2 (1, 4, 147, 785, 873, 0, 96, 0, 0, 0, 0, 184)
3 (1, 4, 680, 873, 873, 0, 0, 0, 0, 0, 0, 125)
4 (1, 4, 647, 873, 527, 0, 45, 49, 0, 0, 0, 50)
5 (1, 4, 572, 499, 449, 0, 89, 204, 0, 0, 0, 189)
6 (1, 4, 0, 126, 0, 0, 0, 138, 0, 0, 0, 131)
7 (1, 4, 73, 0, 0, 0, 0, 121, 0, 0, 0, 139)
8 (1, 4, 31, 0, 0, 0, 0, 102, 0, 0, 0, 236)
9 (1, 4, 12, 2, 0, 0, 0, 105, 0, 0, 0, 138)
10 (1, 4, 0, 0, 0, 0, 2, 88, 0, 0, 0, 240)
11 (1, 4, 0, 0, 0, 0, 0, 81, 0, 0, 0, 55)
12 (1, 4, 0, 0, 0, 0, 0, 79, 0, 0, 0, 194)
13 (1, 4, 0, 59, 0, 0, 0, 93, 0, 0, 0, 96)
14 (1, 4, 0, 45, 0, 0, 0, 92, 0, 0, 0, 105)
15 (1, 4, 0, 28, 0, 16, 0, 85, 0, 0, 0, 189)
16 (1, 4, 0, 32, 51, 27, 0, 83, 0, 0, 0, 88)
17 (1, 4, 0, 0, 114, 14, 0, 66, 0, 0, 0, 109)
18 (1, 4, 0, 0, 105, 31, 0, 45, 0, 0, 0, 224)
19 (1, 4, 0, 0, 125, 20, 0, 34, 0, 0, 0, 225)
20 (1, 4, 0, 0, 114, 19, 0, 26, 0, 0, 0, 125)
21 (1, 4, 0, 0, 66, 18, 0, 15, 0, 0, 0, 154)
22 (1, 4, 0, 0, 5, 17, 0, 11, 0, 0, 0, 208)
23 (1, 4, 0, 0, 0, 16, 0, 9, 0, 0, 0, 188)
24 (1, 4, 38, 0, 0, 14, 0, 9, 0, 0, 0, 18)
25 (1, 4, 42, 0, 0, 11, 0, 9, 0, 0, 0, 57)
26 (1, 4, 11, 0, 0, 9, 0, 14, 0, 0, 0, 221)
27 (1, 4, 11, 0, 0, 7, 0, 17, 0, 0, 0, 77)
28 (1, 4, 15, 0, 0, 8, 0, 17, 0, 0, 0, 208)
29 (1, 4, 20, 0, 0, 14, 0, 20, 0, 0, 0, 186)
30 (1, 4, 4, 0, 0, 14, 0, 22, 0, 0, 0, 227)
0 (1, 4, 0, 0, 0, 41, 89, 0, 2, 1, 0, 248)
1 (1, 4, 0, 0, 0, 28, 103, 0, 2, 2, 0, 96)
2 (1, 4, 0, 0, 0, 14, 140, 0, 2, 1, 0, 125)
3 (1, 4, 80, 0, 289, 0, 159, 0, 2, 2, 0, 42)
4 (1, 4, 91, 0, 749, 9, 107, 0, 2, 1, 0, 88)
5 (1, 4, 55, 595, 873, 0, 36, 0, 1, 1, 0, 169)
6 (1, 4, 447, 873, 873, 0, 7, 0, 0, 0, 0, 217)
7 (1, 4, 641, 873, 804, 0, 0, 32, 0, 1, 0, 131)
8 (1, 4, 377, 282, 158, 0, 23, 171, 1, 0, 0, 157)
9 (1, 4, 52, 99, 43, 0, 0, 150, 0, 0, 0, 148)
10 (1, 4, 71, 43, 0, 0, 4, 109, 0, 0, 0, 51)
11 (1, 4, 0, 49, 0, 0, 1, 106, 0, 0, 0, 166)
12 (1, 4, 32, 77, 0, 0, 0, 112, 0, 0, 0, 209)
13 (1, 4, 0, 19, 0, 0, 0, 100, 0, 0, 0, 86)
14 (1, 4, 0, 27, 0, 0, 0, 104, 0, 0, 0, 122)
15 (1, 4, 0, 3, 0, 0, 0, 99, 0, 0, 0, 36)
16 (1, 4, 0, 0, 0, 0, 0, 101, 0, 0, 0, 48)
17 (1, 4, 0, 4, 0, 0, 0, 102, 0, 0, 0, 140)
18 (1, 4, 0, 0, 0, 1, 0, 92, 0, 0, 0, 104)
19 (1, 4, 0, 11, 0, 0, 0, 90, 0, 0, 0, 208)
20 (1, 4, 0, 3, 0, 3, 0, 83, 0, 0, 0, 119)
21 (1, 4, 0, 0, 32, 11, 0, 81, 0, 0, 0, 16)
22 (1, 4, 0, 0, 79, 7, 0, 74, 0, 0, 0, 151)
23 (1, 4, 0, 0, 95, 8, 0, 68, 0, 0, 0, 107)
24 (1, 4, 0, 0, 109, 9, 0, 60, 0, 0, 0, 7)
25 (1, 4, 0, 0, 95, 12, 0, 59, 0, 0, 0, 217)
26 (1, 4, 0, 0, 76, 11, 0, 55, 0, 0, 0, 223)
27 (1, 4, 0, 0, 29, 14, 0, 50, 0, 0, 0, 6)
28 (1, 4, 2, 0, 0, 12, 0, 51, 0, 0, 0, 242)
29 (1, 4, 0, 0, 0, 13, 0, 48, 0, 0, 0, 151)
0 (1, 4, 0, 0, 0, 23, 14, 0, 1, 1, 0, 13)
1 (1, 4, 0, 0, 0, 0, 41, 0, 1, 1, 0, 194)
2 (1, 4, 30, 0, 0, 0, 110, 0, 1, 1, 0, 4)
3 (1, 4, 0, 0, 0, 0, 152, 0, 1, 1, 0, 7)
4 (1, 4, 65, 0, 0, 0, 201, 0, 2, 1, 0, 192)
5 (1, 4, 46, 0, 289, 0, 201, 0, 1, 1, 0, 69)
6 (1, 4, 21, 0, 594, 0, 147, 0, 1, 1, 0, 138)
7 (1, 4, 217, 441, 873, 7, 133, 0, 1, 1, 0, 13)
8 (1, 4, 567, 873, 873, 0, 38, 0, 0, 0, 0, 206)
9 (1, 4, 703, 873, 807, 0, 14, 2, 0, 0, 0, 232)
10 (1, 4, 279, 378, 200, 0, 28, 135, 1, 0, 0, 71)
11 (1, 4, 167, 282, 159, 0, 0, 170, 1, 0, 0, 17)
12 (1, 4, 11, 55, 0, 0, 0, 109, 1, 0, 0, 123)
13 (1, 4, 56, 33, 0, 0, 0, 108, 0, 0, 0, 37)
14 (1, 4, 0, 29, 0, 0, 0, 107, 0, 0, 0, 171)
15 (1, 4, 0, 36, 0, 0, 0, 110, 0, 0, 0, 164)
16 (1, 4, 0, 23, 0, 0, 0, 104, 0, 0, 0, 19)
17 (1, 4, 0, 52, 0, 0, 0, 102, 0, 0, 0, 47)
18 (1, 4, 0, 24, 0, 0, 0, 106, 0, 0, 0, 27)
19 (1, 4, 0, 34, 0, 0, 0, 106, 0, 0, 0, 102)
20 (1, 4, 0, 13, 0, 0, 0, 106, 0, 0, 0, 21)
21 (1, 4, 0, 0, 0, 0, 0, 95, 0, 0, 0, 17)
22 (1, 4, 0, 0, 0, 0, 0, 99, 0, 0, 0, 252)
23 (1, 4, 0, 0, 0, 0, 0, 87, 0, 0, 0, 251)
24 (1, 4, 0, 0, 0, 6, 0, 89, 0, 0, 0, 159)
25 (1, 4, 0, 0, 3, 1, 0, 85, 0, 0, 0, 230)
26 (1, 4, 0, 0, 13, 13, 0, 84, 0, 0, 0, 112)
27 (1, 4, 0, 0, 48, 15, 0, 77, 0, 0, 0, 95)
28 (1, 4, 0, 0, 77, 18, 0, 74, 0, 0, 0, 44)
29 (1, 4, 0, 0, 97, 12, 0, 56, 0, 0, 0, 243)
30 (1, 4, 0, 0, 94, 6, 0, 46, 0, 0, 0, 242)
31 (1, 4, 0, 0, 69, 11, 0, 38, 0, 0, 0, 251)
0 (1, 4, 0, 0, 15, 30, 101, 0, 2, 2, 0, 245)
1 (1, 4, 0, 0, 117, 6, 117, 0, 2, 2, 0, 150)
2 (1, 4, 19, 0, 249, 16, 129, 0, 3, 3, 0, 142)
3 (1, 4, 97, 139, 458, 28, 84, 0, 3, 3, 0, 132)
4 (1, 4, 97, 390, 531, 35, 60, 0, 3, 2, 0, 1)
5 (1, 4, 397, 578, 641, 31, 34, 0, 1, 1, 0, 119)
6 (1, 4, 695, 845, 674, 0, 18, 0, 1, 0, 0, 154)
7 (1, 4, 262, 793, 290, 0, 18, 75, 0, 0, 0, 37)
8 (1, 4, 176, 260, 261, 0, 0, 132, 0, 0, 0, 27)
9 (1, 4, 0, 184, 90, 0, 0, 119, 0, 0, 0, 92)
10 (1, 4, 48, 47, 4, 6, 0, 108, 0, 0, 0, 77)
11 (1, 4, 8, 85, 2, 11, 0, 114, 0, 0, 0, 251)
12 (1, 4, 0, 0, 0, 0, 0, 99, 0, 0, 0, 252)
13 (1, 4, 27, 0, 0, 1, 0, 96, 0, 0, 0, 7)
14 (1, 4, 0, 0, 0, 4, 0, 83, 0, 0, 0, 242)
15 (1, 4, 0, 0, 0, 0, 0, 66, 0, 0, 0, 130)
16 (1, 4, 0, 133, 0, 0, 0, 65, 0, 0, 0, 138)
17 (1, 4, 0, 137, 0, 8, 0, 73, 0, 0, 0, 241)
18 (1, 4, 0, 133, 0, 7, 0, 69, 0, 0, 0, 162)
19 (1, 4, 0, 123, 0, 0, 0, 62, 0, 0, 0, 97)
20 (1, 4, 0, 137, 23, 13, 0, 64, 0, 0, 0, 61)
21 (1, 4, 0, 0, 86, 0, 0, 45, 0, 0, 0, 106)
22 (1, 4, 0, 0, 90, 3, 0, 40, 0, 0, 0, 3)
23 (1, 4, 0, 0, 99, 2, 0, 18, 0, 0, 0, 148)
24 (1, 4, 0, 0, 62, 1, 0, 8, 0, 0, 0, 199)
25 (1, 4, 0, 0, 63, 0, 0, 1, 0, 0, 0, 121)
26 (1, 4, 0, 0, 60, 0, 0, 0, 0, 0, 0, 29)
27 (1, 4, 0, 0, 73, 0, 0, 0, 0, 0, 0, 173)
28 (1, 4, 0, 0, 71, 0, 0, 0, 0, 0, 0, 96)
29 (1, 4, 0, 0, 26, 0, 0, 0, 0, 0, 0, 146)
30 (1, 4, 0, 0, 5, 0, 0, 0, 0, 0, 0, 180)
31 (1, 4, 30, 0, 0, 0, 0, 0, 0, 0, 0, 202)
0 (1, 4, 0, 0, 0, 1, 0, 0, 0, 0, 0, 97)
1 (1, 4, 0, 0, 0, 6, 0, 0, 0, 0, 0, 60)
2 (1, 4, 0, 1, 0, 10, 0, 0, 0, 0, 0, 13)
3 (1, 4, 0, 9, 0, 13, 0, 0, 0, 0, 0, 227)
4 (1, 4, 0, 18, 0, 14, 0, 0, 0, 0, 0, 200)
5 (1, 4, 0, 22, 0, 15, 0, 2, 0, 0, 0, 180)
6 (1, 4, 18, 28, 0, 16, 0, 9, 0, 0, 0, 72)
7 (1, 4, 56, 35, 0, 18, 0, 23, 0, 0, 0, 58)
8 (1, 4, 74, 0, 0, 31, 0, 40, 0, 0, 0, 130)
9 (1, 4, 471, 0, 0, 36, 0, 24, 0, 0, 0, 134)
10 (1, 4, 207, 0, 0, 62, 0, 36, 0, 0, 0, 200)
11 (1, 4, 98, 0, 0, 51, 0, 2, 1, 1, 0, 163)
12 (1, 4, 0, 0, 0, 41, 0, 0, 1, 1, 0, 121)
13 (1, 4, 0, 0, 0, 46, 0, 0, 1, 1, 0, 36)
14 (1, 4, 0, 0, 0, 44, 33, 0, 1, 1, 0, 110)
15 (1, 4, 0, 0, 0, 40, 67, 0, 1, 1, 0, 247)
16 (1, 4, 0, 0, 0, 48, 90, 0, 1, 1, 0, 197)
17 (1, 4, 0, 0, 0, 49, 90, 0, 1, 1, 0, 218)
18 (1, 4, 0, 0, 27, 31, 120, 0, 1, 1, 0, 14)
19 (1, 4, 0, 259, 504, 69, 140, 0, 1, 1, 0, 128)
20 (1, 4, 292, 819, 873, 0, 78, 0, 0, 0, 0, 208)
21 (1, 4, 607, 873, 687, 0, 11, 0, 0, 0, 0, 128)
22 (1, 4, 269, 731, 302, 0, 8, 96, 0, 0, 0, 52)
23 (1, 4, 139, 322, 159, 0, 0, 94, 0, 0, 0, 101)
24 (1, 4, 150, 130, 107, 0, 0, 118, 0, 0, 0, 58)
25 (1, 4, 0, 13, 0, 0, 0, 99, 0, 0, 0, 32)
26 (1, 4, 0, 2, 0, 0, 0, 99, 0, 0, 0, 145)
27 (1, 4, 0, 18, 0, 3, 0, 95, 0, 0, 0, 60)
28 (1, 4, 0, 28, 0, 3, 0, 97, 0, 0, 0, 108)
29 (1, 4, 0, 26, 0, 0, 0, 106, 0, 0, 0, 118)
30 (1, 4, 0, 17, 0, 14, 0, 93, 0, 0, 0, 198)
31 (1, 4, 0, 44, 0, 0, 0, 102, 0, 0, 0, 253)
0 (1, 4, 314, 123, 0, 14, 0, 0, 1, 1, 0, 207)
1 (1, 4, 171, 34, 0, 0, 16, 0, 1, 1, 0, 237)
2 (1, 4, 152, 0, 0, 0, 82, 0, 1, 1, 0, 159)
3 (1, 4, 164, 0, 0, 0, 140, 14, 1, 1, 0, 173)
4 (1, 4, 215, 0, 0, 6, 216, 0, 1, 1, 0, 9)
5 (1, 4, 159, 0, 57, 33, 240, 0, 2, 1, 0, 135)
6 (1, 4, 0, 0, 587, 24, 147, 0, 1, 1, 0, 4)
7 (1, 4, 308, 343, 873, 49, 83, 0, 1, 1, 0, 176)
8 (1, 4, 561, 796, 873, 0, 9, 0, 1, 0, 0, 99)
9 (1, 4, 444, 798, 666, 0, 0, 2, 0, 0, 0, 85)
10 (1, 4, 202, 363, 260, 0, 0, 91, 0, 0, 0, 88)
11 (1, 4, 270, 234, 192, 0, 0, 143, 0, 0, 0, 207)
12 (1, 4, 0, 0, 0, 0, 0, 113, 0, 0, 0, 150)
13 (1, 4, 0, 25, 0, 8, 0, 89, 0, 0, 0, 66)
14 (1, 4, 0, 70, 0, 3, 0, 86, 0, 0, 0, 49)
15 (1, 4, 0, 100, 0, 0, 0, 89, 0, 0, 0, 70)
16 (1, 4, 0, 101, 0, 0, 0, 89, 0, 0, 0, 243)
17 (1, 4, 0, 93, 0, 0, 0, 87, 0, 0, 0, 197)
18 (1, 4, 0, 88, 7, 0, 0, 85, 0, 0, 0, 246)
19 (1, 4, 0, 89, 40, 0, 0, 91, 0, 0, 0, 194)
20 (1, 4, 0, 66, 42, 0, 0, 81, 0, 0, 0, 180)
21 (1, 4, 0, 38, 35, 0, 0, 67, 0, 0, 0, 109)
22 (1, 4, 0, 41, 56, 0, 0, 57, 0, 0, 0, 192)
23 (1, 4, 0, 26, 52, 0, 0, 54, 0, 0, 0, 160)
24 (1, 4, 0, 18, 43, 0, 0, 43, 0, 0, 0, 166)
25 (1, 4, 0, 0, 53, 0, 0, 36, 0, 0, 0, 225)
26 (1, 4, 0, 0, 75, 0, 0, 33, 0, 0, 0, 252)
27 (1, 4, 0, 0, 46, 0, 0, 18, 0, 0, 0, 39)
28 (1, 4, 0, 0, 23, 0, 0, 17, 0, 0, 0, 232)
29 (1, 4, 0, 0, 0, 0, 0, 3, 0, 0, 0, 24)
30 (1, 4, 0, 0, 0, 0, 0, 0, 0, 0, 0, 126)
31 (1, 4, 29, 0, 0, 0, 0, 5, 0, 0, 0, 114)
0 (1, 4, 0, 0, 0, 64, 86, 0, 1, 1, 0, 44)
1 (1, 4, 0, 0, 0, 61, 96, 0, 1, 1, 0, 229)
2 (1, 4, 128, 0, 2, 85, 86, 0, 2, 2, 0, 153)
3 (1, 4, 0, 0, 122, 77, 81, 0, 2, 1, 0, 144)
4 (1, 4, 121, 0, 256, 76, 135, 0, 2, 1, 0, 81)
5 (1, 4, 129, 331, 684, 49, 98, 0, 1, 1, 0, 210)
6 (1, 4, 322, 709, 821, 0, 31, 0, 1, 0, 0, 43)
7 (1, 4, 528, 858, 600, 0, 0, 19, 0, 0, 0, 185)
8 (1, 4, 519, 671, 404, 0, 0, 132, 0, 0, 0, 62)
9 (1, 4, 161, 268, 2, 0, 0, 86, 0, 0, 0, 91)
10 (1, 4, 36, 191, 0, 0, 0, 109, 0, 0, 0, 54)
11 (1, 4, 62, 117, 0, 0, 0, 100, 0, 0, 0, 211)
12 (1, 4, 18, 151, 0, 0, 20, 99, 0, 0, 0, 4)
13 (1, 4, 0, 130, 0, 0, 3, 102, 0, 0, 0, 177)
14 (1, 4, 0, 112, 0, 0, 6, 94, 0, 0, 0, 255)
15 (1, 4, 0, 111, 3, 0, 0, 91, 0, 0, 0, 47)
16 (1, 4, 0, 58, 51, 0, 0, 101, 0, 0, 0, 119)
17 (1, 4, 99, 0, 53, 0, 0, 86, 0, 0, 0, 51)
18 (1, 4, 0, 56, 0, 0, 0, 96, 0, 0, 0, 138)
19 (1, 4, 0, 81, 0, 0, 0, 95, 0, 0, 0, 70)
20 (1, 4, 0, 89, 23, 0, 0, 99, 0, 0, 0, 130)
21 (1, 4, 0, 63, 58, 0, 0, 83, 0, 0, 0, 142)
22 (1, 4, 0, 20, 61, 0, 0, 71, 0, 0, 0, 100)
23 (1, 4, 0, 0, 59, 0, 0, 48, 0, 0, 0, 138)
24 (1, 4, 0, 0, 40, 0, 0, 37, 0, 0, 0, 55)
25 (1, 4, 0, 0, 0, 0, 0, 30, 0, 0, 0, 139)
26 (1, 4, 0, 26, 0, 0, 0, 46, 0, 0, 0, 70)
27 (1, 4, 0, 22, 0, 0, 0, 53, 0, 0, 0, 112)
28 (1, 4, 0, 11, 0, 0, 0, 49, 0, 0, 0, 184)
29 (1, 4, 31, 0, 0, 0, 0, 58, 0, 0, 0, 229)
30 (1, 4, 15, 0, 0, 0, 0, 49, 0, 0, 0, 137)
31 (1, 4, 0, 0, 0, 0, 0, 29, 0, 0, 0, 237)
0 (1, 4, 0, 0, 0, 81, 86, 1, 1, 0, 0, 112)
1 (1, 4, 114, 0, 4, 77, 78, 0, 1, 0, 0, 116)
2 (1, 4, 135, 0, 416, 100, 75, 0, 1, 1, 0, 10)
3 (1, 4, 160, 416, 759, 62, 47, 0, 1, 0, 0, 60)
4 (1, 4, 419, 627, 745, 0, 6, 0, 0, 0, 0, 254)
5 (1, 4, 500, 624, 562, 0, 8, 34, 0, 0, 0, 223)
6 (1, 4, 111, 598, 322, 0, 24, 56, 0, 0, 0, 167)
7 (1, 4, 0, 848, 123, 0, 0, 138, 0, 0, 0, 16)
8 (1, 4, 0, 169, 0, 0, 0, 97, 0, 0, 0, 128)
9 (1, 4, 36, 0, 0, 0, 0, 76, 0, 0, 0, 91)
10 (1, 4, 53, 22, 0, 0, 0, 83, 0, 0, 0, 73)
11 (1, 4, 99, 31, 0, 0, 0, 86, 0, 0, 0, 168)
12 (1, 4, 10, 13, 0, 0, 0, 87, 0, 0, 0, 75)
13 (1, 4, 0, 0, 0, 0, 0, 78, 0, 0, 0, 29)
14 (1, 4, 0, 2, 0, 0, 0, 74, 0, 0, 0, 5)
15 (1, 4, 0, 0, 0, 0, 0, 68, 0, 0, 0, 78)
16 (1, 4, 0, 0, 10, 0, 0, 64, 0, 0, 0, 168)
17 (1, 4, 0, 0, 31, 0, 0, 56, 0, 0, 0, 192)
18 (1, 4, 0, 0, 38, 0, 0, 55, 0, 0, 0, 144)
19 (1, 4, 0, 0, 46, 0, 0, 58, 0, 0, 0, 108)
20 (1, 4, 0, 0, 99, 0, 0, 33, 0, 0, 0, 190)
21 (1, 4, 0, 0, 114, 0, 0, 0, 0, 0, 0, 43)
22 (1, 4, 0, 0, 76, 0, 0, 0, 0, 0, 0, 103)
23 (1, 4, 0, 0, 75, 0, 0, 0, 0, 0, 0, 130)
24 (1, 4, 0, 0, 33, 1, 0, 0, 0, 0, 0, 11)
25 (1, 4, 0, 0, 0, 4, 0, 0, 0, 0, 0, 2)
26 (1, 4, 0, 0, 6, 0, 0, 0, 0, 0, 0, 15)
27 (1, 4, 0, 0, 3, 4, 0, 0, 0, 0, 0, 185)
28 (1, 4, 0, 0, 22, 7, 0, 0, 0, 0, 0, 45)
29 (1, 4, 0, 0, 0, 11, 0, 0, 0, 0, 0, 167)
30 (1, 4, 0, 0, 0, 13, 0, 0, 0, 0, 0, 229)
0 (1, 4, 54, 37, 0, 0, 0, 0, 0, 0, 0, 208)
1 (1, 4, 76, 29, 0, 1, 0, 0, 0, 0, 0, 29)
2 (1, 4, 107, 0, 0, 0, 0, 0, 0, 0, 0, 82)
3 (1, 4, 119, 0, 0, 2, 0, 0, 0, 0, 0, 196)
4 (1, 4, 0, 0, 0, 14, 0, 0, 0, 0, 0, 196)
5 (1, 4, 0, 0, 0, 19, 0, 0, 0, 0, 0, 168)
6 (1, 4, 47, 0, 0, 25, 0, 0, 0, 0, 0, 243)
7 (1, 4, 45, 0, 0, 27, 0, 0, 0, 0, 0, 209)
8 (1, 4, 12, 0, 0, 34, 0, 0, 0, 0, 0, 225)
9 (1, 4, 135, 0, 0, 49, 0, 0, 0, 0, 0, 64)
10 (1, 4, 466, 0, 0, 66, 0, 0, 1, 0, 0, 149)
11 (1, 4, 98, 150, 0, 75, 0, 0, 1, 0, 0, 149)
12 (1, 4, 127, 99, 0, 75, 0, 0, 1, 0, 0, 125)
13 (1, 4, 26, 0, 0, 42, 0, 0, 1, 1, 0, 212)
14 (1, 4, 0, 0, 0, 8, 0, 0, 1, 1, 0, 143)
15 (1, 4, 0, 0, 0, 16, 75, 0, 1, 1, 0, 208)
16 (1, 4, 0, 0, 0, 43, 119, 0, 1, 1, 0, 189)
17 (1, 4, 0, 0, 0, 69, 123, 0, 1, 1, 0, 25)
18 (1, 4, 0, 0, 215, 71, 129, 0, 1, 1, 0, 34)
19 (1, 4, 0, 95, 712, 71, 89, 0, 1, 0, 0, 236)
20 (1, 4, 179, 396, 873, 30, 56, 0, 0, 0, 0, 29)
21 (1, 4, 563, 564, 873, 0, 0, 0, 0, 0, 0, 49)
22 (1, 4, 295, 642, 485, 0, 0, 69, 0, 0, 0, 188)
23 (1, 4, 310, 361, 202, 0, 0, 169, 0, 0, 0, 90)
24 (1, 4, 0, 42, 0, 0, 0, 83, 0, 0, 0, 146)
25 (1, 4, 0, 116, 0, 0, 0, 84, 0, 0, 0, 103)
26 (1, 4, 84, 134, 0, 0, 0, 107, 0, 0, 0, 241)
27 (1, 4, 37, 83, 0, 0, 0, 112, 0, 0, 0, 130)
28 (1, 4, 0, 78, 1, 0, 11, 104, 0, 0, 0, 41)
29 (1, 4, 0, 74, 45, 0, 0, 98, 0, 0, 0, 246)
30 (1, 4, 0, 82, 95, 0, 0, 90, 0, 0, 0, 233)
31 (1, 4, 0, 67, 127, 0, 0, 77, 0, 0, 0, 3)

