1 (1, 4, 69, 0, 0, 8, 0, 176, 1, 2, 0, 117)
2 (1, 4, 62, 0, 0, 22, 2, 151, 2, 2, 0, 18)
3 (1, 4, 109, 0, 0, 29, 13, 108, 2, 2, 0, 40)
4 (1, 4, 120, 0, 0, 30, 22, 91, 2, 2, 0, 113)
5 (1, 4, 84, 0, 0, 47, 43, 58, 2, 2, 0, 23)
6 (1, 4, 63, 0, 0, 58, 47, 39, 2, 2, 0, 223)
7 (1, 4, 131, 0, 0, 67, 65, 32, 2, 2, 0, 93)
8 (1, 4, 49, 0, 0, 65, 83, 0, 2, 2, 0, 155)
9 (1, 4, 0, 0, 0, 62, 62, 0, 3, 3, 0, 153)
10 (1, 4, 20, 0, 0, 59, 72, 0, 3, 3, 0, 161)
11 (1, 4, 0, 0, 0, 50, 70, 0, 4, 4, 0, 113)
12 (1, 4, 0, 0, 0, 47, 65, 0, 4, 4, 0, 117)
13 (1, 4, 4, 0, 11, 42, 68, 0, 5, 4, 0, 209)
14 (1, 4, 0, 0, 18, 37, 68, 0, 5, 4, 0, 27)
15 (1, 4, 0, 0, 0, 19, 90, 0, 5, 5, 0, 41)
16 (1, 4, 0, 0, 78, 9, 123, 0, 3, 3, 0, 108)
17 (1, 4, 0, 355, 488, 10, 107, 0, 2, 2, 0, 158)
18 (1, 4, 6, 853, 687, 17, 49, 0, 1, 1, 0, 3)
19 (1, 4, 143, 873, 550, 0, 0, 97, 0, 0, 0, 80)
20 (1, 4, 34, 404, 94, 0, 4, 118, 0, 0, 0, 171)
21 (1, 4, 230, 287, 106, 14, 0, 114, 0, 0, 0, 150)
22 (1, 4, 0, 413, 89, 9, 1, 124, 0, 0, 0, 189)
23 (1, 4, 0, 227, 47, 11, 0, 172, 0, 0, 0, 44)
24 (1, 4, 64, 0, 0, 0, 0, 151, 0, 0, 0, 189)
25 (1, 4, 26, 0, 0, 17, 0, 107, 1, 1, 0, 123)
26 (1, 4, 0, 0, 0, 26, 1, 84, 1, 1, 0, 220)
27 (1, 4, 0, 0, 0, 32, 0, 81, 1, 1, 0, 215)
28 (1, 4, 0, 103, 0, 17, 15, 92, 1, 1, 0, 124)
29 (1, 4, 0, 70, 0, 45, 31, 108, 1, 1, 0, 102)
30 (1, 4, 0, 49, 0, 22, 33, 124, 1, 1, 0, 8)
31 (1, 4, 0, 51, 0, 35, 48, 133, 1, 1, 0, 108)
32 (1, 4, 0, 55, 0, 52, 41, 153, 1, 1, 0, 109)
1 (1, 4, 126, 0, 80, 28, 0, 173, 1, 1, 0, 17)
2 (1, 4, 200, 0, 35, 40, 0, 168, 1, 1, 0, 14)
3 (1, 4, 267, 0, 0, 51, 0, 153, 1, 1, 0, 68)
4 (1, 4, 343, 0, 0, 56, 0, 106, 2, 2, 0, 124)
5 (1, 4, 267, 0, 0, 61, 0, 45, 3, 3, 0, 97)
6 (1, 4, 206, 0, 0, 72, 1, 15, 4, 4, 0, 63)
7 (1, 4, 125, 0, 0, 66, 26, 0, 4, 4, 0, 239)
8 (1, 4, 5, 0, 0, 75, 40, 0, 3, 4, 0, 133)
9 (1, 4, 0, 0, 0, 62, 54, 0, 3, 3, 0, 88)
10 (1, 4, 0, 0, 0, 63, 65, 0, 3, 4, 0, 171)
11 (1, 4, 0, 0, 44, 37, 67, 0, 4, 4, 0, 93)
12 (1, 4, 0, 0, 170, 68, 75, 0, 3, 3, 0, 0)
13 (1, 4, 0, 191, 306, 57, 50, 0, 2, 3, 0, 100)
14 (1, 4, 0, 369, 406, 50, 24, 0, 2, 3, 0, 177)
15 (1, 4, 0, 700, 449, 17, 0, 0, 1, 2, 0, 231)
16 (1, 4, 0, 778, 348, 0, 0, 31, 1, 2, 0, 45)
17 (1, 4, 79, 566, 106, 0, 0, 129, 0, 1, 0, 220)
18 (1, 4, 16, 360, 56, 0, 0, 139, 0, 1, 0, 217)
19 (1, 4, 0, 192, 0, 0, 0, 158, 0, 1, 0, 232)
20 (1, 4, 0, 107, 0, 0, 0, 159, 0, 1, 0, 159)
21 (1, 4, 0, 53, 0, 0, 0, 152, 0, 1, 0, 106)
22 (1, 4, 24, 6, 0, 0, 0, 131, 1, 1, 0, 188)
23 (1, 4, 0, 55, 0, 0, 2, 116, 1, 1, 0, 102)
24 (1, 4, 17, 132, 0, 0, 5, 117, 1, 1, 0, 69)
25 (1, 4, 0, 126, 0, 0, 14, 103, 1, 1, 0, 116)
26 (1, 4, 0, 102, 41, 0, 0, 101, 1, 1, 0, 25)
27 (1, 4, 0, 120, 99, 0, 0, 116, 1, 1, 0, 24)
28 (1, 4, 0, 100, 158, 0, 0, 112, 1, 1, 0, 152)
29 (1, 4, 0, 24, 185, 0, 0, 112, 1, 1, 0, 202)
30 (1, 4, 0, 5, 206, 0, 0, 111, 1, 1, 0, 194)
31 (1, 4, 0, 0, 248, 0, 0, 104, 1, 1, 0, 78)
32 (1, 4, 0, 0, 267, 0, 0, 97, 1, 1, 0, 22)
1 (1, 4, 332, 0, 0, 0, 0, 103, 3, 3, 0, 81)
2 (1, 4, 313, 0, 0, 0, 0, 82, 3, 3, 0, 17)
3 (1, 4, 226, 0, 0, 25, 15, 57, 3, 4, 0, 202)
4 (1, 4, 157, 0, 0, 51, 27, 33, 2, 3, 0, 58)
5 (1, 4, 0, 0, 0, 66, 38, 30, 2, 2, 0, 110)
6 (1, 4, 58, 0, 0, 63, 55, 28, 2, 2, 0, 48)
7 (1, 4, 84, 0, 0, 61, 102, 0, 2, 3, 0, 213)
8 (1, 4, 9, 0, 66, 73, 110, 0, 2, 3, 0, 88)
9 (1, 4, 4, 113, 174, 75, 109, 0, 2, 3, 0, 40)
10 (1, 4, 0, 385, 274, 61, 76, 0, 2, 2, 0, 141)
11 (1, 4, 0, 523, 307, 25, 33, 15, 1, 2, 0, 150)
12 (1, 4, 0, 633, 312, 0, 0, 52, 1, 1, 0, 251)
13 (1, 4, 0, 605, 265, 0, 0, 50, 1, 1, 0, 58)
14 (1, 4, 0, 519, 248, 0, 0, 86, 0, 1, 0, 183)
15 (1, 4, 0, 393, 186, 0, 0, 107, 0, 0, 0, 23)
16 (1, 4, 0, 175, 9, 0, 0, 89, 0, 0, 0, 135)
17 (1, 4, 0, 179, 0, 0, 0, 85, 0, 1, 0, 83)
18 (1, 4, 0, 168, 0, 0, 0, 96, 0, 1, 0, 129)
19 (1, 4, 0, 183, 19, 0, 0, 95, 0, 1, 0, 30)
20 (1, 4, 0, 188, 71, 0, 0, 91, 0, 1, 0, 218)
21 (1, 4, 0, 176, 76, 0, 0, 84, 1, 1, 0, 47)
22 (1, 4, 0, 278, 117, 0, 0, 108, 1, 1, 0, 143)
23 (1, 4, 57, 225, 125, 0, 0, 87, 1, 1, 0, 82)
24 (1, 4, 0, 164, 88, 0, 0, 69, 1, 1, 0, 185)
25 (1, 4, 0, 91, 17, 0, 0, 49, 1, 1, 0, 184)
26 (1, 4, 0, 100, 8, 0, 0, 44, 1, 1, 0, 110)
27 (1, 4, 0, 100, 54, 0, 0, 48, 1, 1, 0, 110)
28 (1, 4, 0, 89, 87, 0, 0, 43, 1, 1, 0, 223)
29 (1, 4, 0, 94, 76, 0, 0, 41, 1, 1, 0, 28)
30 (1, 4, 0, 96, 37, 0, 0, 35, 1, 1, 0, 197)
31 (1, 4, 0, 17, 40, 0, 0, 35, 1, 1, 0, 38)
32 (1, 4, 0, 0, 3, 0, 0, 29, 1, 1, 0, 95)
1 (1, 4, 14, 0, 0, 32, 113, 0, 3, 3, 0, 51)
2 (1, 4, 0, 0, 59, 44, 149, 0, 2, 2, 0, 172)
3 (1, 4, 0, 56, 344, 39, 79, 0, 2, 2, 0, 30)
4 (1, 4, 0, 349, 464, 52, 50, 0, 1, 1, 0, 156)
5 (1, 4, 0, 873, 587, 0, 36, 0, 1, 1, 0, 176)
6 (1, 4, 0, 873, 610, 0, 0, 0, 0, 0, 0, 129)
7 (1, 4, 133, 619, 245, 0, 0, 69, 0, 0, 0, 20)
8 (1, 4, 36, 429, 60, 0, 0, 93, 0, 0, 0, 206)
9 (1, 4, 0, 270, 0, 0, 0, 94, 0, 0, 0, 47)
10 (1, 4, 0, 158, 0, 0, 0, 99, 0, 0, 0, 152)
11 (1, 4, 0, 170, 6, 0, 0, 80, 0, 0, 0, 132)
12 (1, 4, 0, 226, 28, 0, 0, 78, 0, 0, 0, 173)
13 (1, 4, 0, 231, 73, 0, 0, 86, 0, 0, 0, 181)
14 (1, 4, 0, 173, 94, 0, 0, 77, 0, 1, 0, 70)
15 (1, 4, 0, 193, 117, 0, 0, 73, 1, 1, 0, 128)
16 (1, 4, 0, 179, 149, 0, 0, 63, 0, 1, 0, 160)
17 (1, 4, 0, 132, 98, 0, 0, 54, 0, 1, 0, 90)
18 (1, 4, 0, 96, 99, 0, 0, 51, 0, 1, 0, 254)
19 (1, 4, 0, 55, 79, 0, 0, 49, 0, 1, 0, 187)
20 (1, 4, 0, 25, 65, 0, 0, 37, 1, 1, 0, 116)
21 (1, 4, 0, 0, 13, 0, 0, 24, 1, 1, 0, 56)
22 (1, 4, 0, 0, 0, 0, 0, 16, 1, 1, 0, 164)
23 (1, 4, 0, 0, 0, 0, 0, 17, 1, 1, 0, 123)
24 (1, 4, 0, 15, 3, 0, 0, 16, 1, 1, 0, 174)
25 (1, 4, 0, 18, 3, 0, 0, 15, 1, 1, 0, 57)
26 (1, 4, 0, 0, 0, 0, 0, 14, 1, 1, 0, 81)
27 (1, 4, 0, 0, 0, 0, 0, 14, 1, 1, 0, 81)
28 (1, 4, 0, 0, 0, 0, 0, 13, 1, 1, 0, 55)
29 (1, 4, 0, 0, 0, 0, 0, 16, 1, 1, 0, 164)
30 (1, 4, 0, 0, 0, 0, 0, 18, 1, 1, 0, 29)
31 (1, 4, 0, 24, 1, 0, 0, 20, 1, 1, 0, 151)
32 (1, 4, 0, 28, 15, 0, 0, 18, 1, 1, 0, 76)
1 (1, 4, 106, 0, 0, 0, 0, 76, 0, 1, 0, 237)
2 (1, 4, 157, 0, 0, 0, 0, 83, 0, 1, 0, 86)
3 (1, 4, 253, 0, 0, 0, 0, 86, 0, 1, 0, 178)
4 (1, 4, 306, 0, 0, 0, 0, 83, 1, 1, 0, 190)
5 (1, 4, 247, 0, 0, 0, 0, 70, 1, 1, 0, 111)
6 (1, 4, 271, 0, 0, 6, 0, 52, 1, 1, 0, 106)
7 (1, 4, 233, 0, 0, 28, 6, 29, 1, 2, 0, 30)
8 (1, 4, 167, 0, 0, 41, 32, 15, 2, 2, 0, 110)
9 (1, 4, 93, 0, 0, 46, 54, 0, 2, 2, 0, 137)
10 (1, 4, 72, 0, 0, 56, 73, 0, 2, 3, 0, 186)
11 (1, 4, 32, 0, 0, 58, 83, 0, 3, 3, 0, 110)
12 (1, 4, 0, 0, 0, 51, 98, 0, 3, 3, 0, 191)
13 (1, 4, 0, 0, 78, 63, 83, 0, 2, 3, 0, 158)
14 (1, 4, 0, 42, 134, 68, 68, 0, 2, 2, 0, 160)
15 (1, 4, 0, 186, 208, 61, 55, 0, 2, 2, 0, 0)
16 (1, 4, 0, 343, 279, 49, 52, 0, 2, 2, 0, 196)
17 (1, 4, 0, 873, 522, 0, 0, 0, 1, 1, 0, 49)
18 (1, 4, 0, 873, 365, 0, 0, 39, 0, 0, 0, 141)
19 (1, 4, 184, 743, 320, 0, 0, 101, 0, 0, 0, 91)
20 (1, 4, 0, 351, 20, 0, 5, 95, 0, 0, 0, 28)
21 (1, 4, 0, 130, 0, 0, 0, 79, 0, 0, 0, 174)
22 (1, 4, 0, 169, 0, 0, 0, 79, 0, 0, 0, 7)
23 (1, 4, 0, 251, 22, 0, 0, 93, 1, 1, 0, 229)
24 (1, 4, 0, 173, 26, 0, 0, 94, 0, 1, 0, 86)
25 (1, 4, 0, 83, 0, 0, 0, 82, 0, 0, 0, 107)
26 (1, 4, 0, 133, 12, 0, 0, 89, 1, 1, 0, 88)
27 (1, 4, 0, 143, 117, 0, 0, 78, 1, 1, 0, 20)
28 (1, 4, 0, 133, 103, 0, 0, 73, 1, 1, 0, 137)
29 (1, 4, 0, 2, 101, 0, 0, 43, 1, 1, 0, 248)
30 (1, 4, 0, 19, 126, 0, 0, 33, 1, 1, 0, 7)
31 (1, 4, 0, 3, 129, 0, 0, 21, 1, 1, 0, 179)
32 (1, 4, 0, 11, 117, 0, 0, 14, 1, 1, 0, 138)
1 (1, 4, 239, 0, 0, 42, 11, 56, 3, 3, 0, 153)
2 (1, 4, 211, 0, 0, 51, 33, 47, 3, 3, 0, 24)
3 (1, 4, 152, 0, 0, 51, 36, 39, 2, 3, 0, 225)
4 (1, 4, 127, 0, 0, 45, 48, 24, 2, 3, 0, 48)
5 (1, 4, 71, 0, 0, 39, 57, 13, 2, 3, 0, 96)
6 (1, 4, 92, 0, 0, 33, 69, 0, 2, 3, 0, 80)
7 (1, 4, 63, 0, 0, 22, 79, 0, 2, 3, 0, 124)
8 (1, 4, 67, 0, 0, 17, 97, 0, 2, 2, 0, 113)
9 (1, 4, 0, 0, 0, 9, 109, 0, 2, 2, 0, 199)
10 (1, 4, 0, 0, 98, 26, 135, 0, 2, 2, 0, 43)
11 (1, 4, 0, 110, 262, 35, 122, 0, 2, 2, 0, 108)
12 (1, 4, 0, 394, 553, 54, 95, 0, 1, 1, 0, 75)
13 (1, 4, 0, 595, 544, 21, 0, 14, 0, 0, 0, 127)
14 (1, 4, 0, 391, 273, 43, 0, 33, 0, 0, 0, 96)
15 (1, 4, 69, 451, 246, 18, 0, 69, 0, 0, 0, 162)
16 (1, 4, 61, 382, 175, 0, 0, 121, 0, 0, 0, 138)
17 (1, 4, 0, 0, 0, 15, 0, 136, 1, 1, 0, 178)
18 (1, 4, 0, 0, 0, 19, 0, 116, 1, 1, 0, 227)
19 (1, 4, 93, 0, 0, 30, 3, 71, 1, 1, 0, 200)
20 (1, 4, 66, 0, 0, 30, 19, 55, 1, 1, 0, 192)
21 (1, 4, 0, 0, 0, 43, 31, 49, 1, 1, 0, 198)
22 (1, 4, 0, 121, 0, 62, 44, 63, 2, 2, 0, 74)
23 (1, 4, 0, 149, 0, 55, 72, 78, 2, 2, 0, 152)
24 (1, 4, 0, 184, 0, 55, 88, 89, 1, 2, 0, 101)
25 (1, 4, 0, 151, 120, 59, 69, 127, 1, 1, 0, 90)
26 (1, 4, 0, 48, 213, 42, 22, 138, 1, 1, 0, 9)
27 (1, 4, 0, 36, 329, 29, 0, 133, 1, 1, 0, 173)
28 (1, 4, 0, 25, 354, 32, 0, 143, 1, 1, 0, 253)
29 (1, 4, 0, 22, 349, 25, 0, 141, 1, 1, 0, 212)
30 (1, 4, 0, 0, 255, 34, 0, 126, 1, 1, 0, 99)
31 (1, 4, 0, 0, 207, 47, 0, 108, 1, 1, 0, 19)
32 (1, 4, 0, 0, 177, 57, 0, 98, 1, 1, 0, 55)
1 (1, 4, 0, 21, 177, 58, 66, 0, 2, 2, 0, 182)
2 (1, 4, 0, 145, 270, 45, 27, 0, 2, 2, 0, 148)
3 (1, 4, 0, 477, 436, 32, 0, 0, 1, 1, 0, 55)
4 (1, 4, 0, 805, 437, 0, 0, 1, 1, 1, 0, 202)
5 (1, 4, 0, 808, 290, 0, 0, 130, 0, 0, 0, 152)
6 (1, 4, 163, 491, 241, 0, 0, 168, 1, 1, 0, 167)
7 (1, 4, 0, 43, 0, 0, 0, 174, 1, 1, 0, 211)
8 (1, 4, 0, 0, 0, 0, 0, 135, 1, 1, 0, 238)
9 (1, 4, 8, 0, 0, 0, 0, 121, 1, 1, 0, 5)
10 (1, 4, 14, 18, 0, 0, 0, 114, 1, 1, 0, 161)
11 (1, 4, 0, 37, 0, 0, 0, 98, 1, 1, 0, 135)
12 (1, 4, 0, 96, 0, 11, 3, 139, 1, 1, 0, 98)
13 (1, 4, 0, 12, 32, 13, 20, 131, 1, 1, 0, 241)
14 (1, 4, 0, 0, 157, 13, 0, 136, 1, 1, 0, 116)
15 (1, 4, 0, 0, 223, 17, 0, 118, 1, 1, 0, 72)
16 (1, 4, 0, 0, 261, 44, 0, 111, 1, 1, 0, 144)
17 (1, 4, 0, 0, 216, 44, 0, 88, 1, 1, 0, 175)
18 (1, 4, 0, 0, 120, 55, 0, 68, 1, 1, 0, 194)
19 (1, 4, 19, 0, 100, 42, 0, 71, 1, 1, 0, 167)
20 (1, 4, 0, 0, 97, 24, 0, 62, 1, 1, 0, 189)
21 (1, 4, 0, 0, 34, 23, 0, 65, 1, 1, 0, 150)
22 (1, 4, 49, 7, 30, 12, 0, 68, 1, 1, 0, 90)
23 (1, 4, 72, 66, 67, 7, 0, 66, 1, 1, 0, 129)
24 (1, 4, 0, 38, 43, 3, 0, 77, 1, 1, 0, 223)
25 (1, 4, 0, 48, 52, 2, 0, 72, 1, 1, 0, 154)
26 (1, 4, 0, 51, 32, 0, 0, 71, 1, 1, 0, 164)
27 (1, 4, 0, 5, 43, 0, 0, 66, 1, 1, 0, 29)
28 (1, 4, 0, 0, 53, 0, 0, 68, 1, 1, 0, 12)
29 (1, 4, 0, 0, 59, 0, 0, 70, 1, 1, 0, 120)
30 (1, 4, 0, 0, 59, 0, 0, 73, 1, 1, 0, 129)
31 (1, 4, 0, 0, 79, 0, 0, 77, 1, 1, 0, 208)
32 (1, 4, 0, 0, 42, 0, 0, 72, 0, 1, 0, 215)
1 (1, 4, 0, 0, 0, 63, 0, 13, 2, 2, 0, 151)
2 (1, 4, 0, 0, 0, 63, 0, 17, 2, 2, 0, 219)
3 (1, 4, 29, 0, 0, 59, 19, 30, 2, 2, 0, 246)
4 (1, 4, 159, 0, 0, 52, 38, 42, 2, 2, 0, 79)
5 (1, 4, 153, 0, 0, 50, 72, 26, 2, 2, 0, 156)
6 (1, 4, 96, 0, 0, 38, 95, 2, 2, 2, 0, 6)
7 (1, 4, 0, 0, 0, 38, 121, 0, 3, 3, 0, 228)
8 (1, 4, 0, 0, 132, 39, 132, 0, 2, 2, 0, 160)
9 (1, 4, 0, 87, 342, 48, 87, 0, 2, 2, 0, 205)
10 (1, 4, 0, 337, 449, 60, 43, 0, 1, 2, 0, 102)
11 (1, 4, 0, 661, 455, 33, 19, 17, 1, 1, 0, 243)
12 (1, 4, 0, 710, 370, 0, 0, 45, 0, 0, 0, 111)
13 (1, 4, 111, 763, 313, 0, 0, 93, 0, 0, 0, 207)
14 (1, 4, 115, 577, 140, 0, 5, 122, 0, 0, 0, 212)
15 (1, 4, 67, 248, 101, 0, 1, 161, 0, 0, 0, 53)
16 (1, 4, 0, 2, 0, 0, 0, 138, 0, 1, 0, 161)
17 (1, 4, 0, 0, 0, 4, 0, 115, 1, 1, 0, 90)
18 (1, 4, 59, 10, 0, 18, 0, 96, 1, 1, 0, 193)
19 (1, 4, 25, 104, 0, 11, 6, 89, 1, 1, 0, 112)
20 (1, 4, 0, 163, 0, 0, 9, 83, 1, 1, 0, 36)
21 (1, 4, 0, 173, 0, 0, 15, 90, 1, 1, 0, 4)
22 (1, 4, 0, 187, 0, 0, 15, 94, 1, 1, 0, 167)
23 (1, 4, 0, 182, 0, 0, 14, 97, 1, 1, 0, 137)
24 (1, 4, 0, 152, 0, 0, 12, 92, 1, 1, 0, 143)
25 (1, 4, 0, 147, 4, 0, 0, 91, 1, 1, 0, 139)
26 (1, 4, 0, 159, 34, 0, 0, 94, 2, 1, 0, 97)
27 (1, 4, 0, 223, 74, 0, 0, 84, 1, 1, 0, 174)
28 (1, 4, 0, 149, 70, 0, 0, 74, 1, 1, 0, 228)
29 (1, 4, 0, 0, 101, 0, 0, 55, 2, 2, 0, 194)
30 (1, 4, 0, 80, 267, 0, 0, 68, 2, 2, 0, 228)
31 (1, 4, 0, 41, 295, 0, 0, 34, 1, 1, 0, 237)
32 (1, 4, 0, 0, 268, 0, 0, 33, 1, 2, 0, 11)
1 (1, 4, 410, 0, 0, 0, 0, 89, 3, 3, 0, 93)
2 (1, 4, 409, 0, 0, 0, 0, 71, 4, 4, 0, 133)
3 (1, 4, 343, 0, 0, 0, 41, 25, 4, 4, 0, 72)
4 (1, 4, 72, 0, 0, 6, 96, 0, 4, 4, 0, 246)
5 (1, 4, 0, 0, 0, 41, 116, 0, 3, 4, 0, 12)
6 (1, 4, 0, 54, 209, 61, 122, 0, 3, 3, 0, 180)
7 (1, 4, 0, 310, 293, 51, 61, 0, 2, 2, 0, 24)
8 (1, 4, 0, 463, 297, 38, 1, 0, 2, 2, 0, 227)
9 (1, 4, 0, 591, 282, 26, 0, 0, 1, 1, 0, 8)
10 (1, 4, 0, 694, 251, 0, 0, 10, 0, 1, 0, 18)
11 (1, 4, 0, 582, 252, 0, 0, 44, 0, 0, 0, 208)
12 (1, 4, 0, 514, 272, 0, 0, 63, 0, 0, 0, 119)
13 (1, 4, 0, 495, 244, 0, 0, 104, 0, 0, 0, 177)
14 (1, 4, 0, 262, 97, 0, 0, 84, 0, 0, 0, 94)
15 (1, 4, 0, 279, 0, 0, 0, 75, 0, 0, 0, 49)
16 (1, 4, 0, 242, 0, 0, 0, 68, 0, 1, 0, 105)
17 (1, 4, 0, 224, 0, 0, 0, 65, 0, 1, 0, 207)
18 (1, 4, 0, 228, 111, 0, 0, 48, 0, 1, 0, 161)
19 (1, 4, 28, 286, 189, 0, 0, 53, 0, 1, 0, 227)
20 (1, 4, 0, 195, 152, 0, 0, 38, 0, 1, 0, 16)
21 (1, 4, 0, 157, 95, 0, 0, 30, 0, 1, 0, 129)
22 (1, 4, 0, 95, 44, 0, 0, 27, 0, 1, 0, 5)
23 (1, 4, 0, 26, 53, 0, 0, 17, 1, 1, 0, 143)
24 (1, 4, 0, 0, 51, 0, 0, 11, 1, 1, 0, 193)
25 (1, 4, 0, 37, 94, 0, 0, 20, 1, 1, 0, 53)
26 (1, 4, 0, 72, 74, 0, 0, 27, 1, 1, 0, 112)
27 (1, 4, 0, 67, 26, 0, 0, 30, 0, 1, 0, 87)
28 (1, 4, 0, 48, 0, 0, 0, 18, 0, 1, 0, 220)
29 (1, 4, 0, 0, 0, 0, 0, 18, 0, 1, 0, 127)
30 (1, 4, 126, 0, 0, 0, 0, 1, 1, 1, 0, 82)
31 (1, 4, 285, 0, 0, 0, 0, 0, 0, 1, 0, 177)
32 (1, 4, 64, 0, 0, 0, 0, 30, 1, 1, 0, 11)
1 (1, 4, 126, 0, 0, 0, 0, 51, 1, 1, 0, 153)
2 (1, 4, 0, 0, 0, 0, 0, 85, 1, 1, 0, 75)
3 (1, 4, 0, 0, 0, 0, 0, 81, 1, 1, 0, 62)
4 (1, 4, 107, 0, 0, 0, 0, 70, 1, 1, 0, 210)
5 (1, 4, 159, 0, 0, 0, 0, 65, 1, 1, 0, 66)
6 (1, 4, 211, 0, 0, 0, 0, 57, 1, 1, 0, 94)
7 (1, 4, 267, 0, 0, 0, 0, 58, 1, 1, 0, 54)
8 (1, 4, 466, 0, 0, 9, 0, 49, 1, 2, 0, 226)
9 (1, 4, 435, 0, 0, 24, 0, 29, 1, 2, 0, 116)
10 (1, 4, 222, 0, 0, 35, 0, 0, 2, 2, 0, 140)
11 (1, 4, 124, 0, 0, 48, 8, 0, 2, 2, 0, 85)
12 (1, 4, 34, 0, 0, 44, 2, 0, 2, 2, 0, 40)
13 (1, 4, 59, 0, 0, 48, 26, 0, 2, 2, 0, 129)
14 (1, 4, 0, 0, 0, 36, 54, 0, 2, 2, 0, 96)
15 (1, 4, 0, 0, 0, 19, 94, 0, 2, 2, 0, 245)
16 (1, 4, 0, 0, 0, 0, 134, 0, 2, 2, 0, 73)
17 (1, 4, 0, 0, 137, 15, 114, 0, 2, 2, 0, 112)
18 (1, 4, 0, 0, 237, 51, 91, 0, 2, 2, 0, 4)
19 (1, 4, 0, 0, 304, 64, 76, 0, 1, 2, 0, 251)
20 (1, 4, 0, 189, 367, 87, 61, 0, 1, 2, 0, 25)
21 (1, 4, 0, 650, 490, 58, 34, 0, 1, 1, 0, 120)
22 (1, 4, 0, 811, 352, 18, 0, 6, 0, 0, 0, 162)
23 (1, 4, 0, 773, 330, 0, 0, 63, 0, 0, 0, 135)
24 (1, 4, 0, 687, 239, 0, 0, 53, 0, 0, 0, 180)
25 (1, 4, 18, 514, 291, 0, 0, 116, 0, 0, 0, 120)
26 (1, 4, 0, 333, 167, 0, 0, 99, 0, 0, 0, 172)
27 (1, 4, 0, 107, 0, 0, 0, 109, 0, 0, 0, 240)
28 (1, 4, 0, 71, 0, 0, 0, 89, 0, 0, 0, 92)
29 (1, 4, 0, 130, 0, 0, 0, 89, 0, 0, 0, 177)
30 (1, 4, 0, 87, 0, 0, 0, 81, 0, 1, 0, 188)
31 (1, 4, 747, 0, 0, 0, 0, 72, 0, 1, 0, 135) [FRAGMENTED]
32 (1, 4, 558, 0, 0, 0, 0, 55, 1, 1, 0, 129)
1 (1, 4, 434, 0, 0, 0, 0, 41, 1, 1, 0, 207)
2 (1, 4, 323, 0, 0, 15, 1, 36, 1, 1, 0, 230)
3 (1, 4, 211, 0, 0, 34, 32, 11, 2, 2, 0, 84)
4 (1, 4, 167, 0, 0, 48, 40, 7, 2, 2, 0, 85)
5 (1, 4, 65, 0, 0, 50, 55, 4, 2, 2, 0, 94)
6 (1, 4, 21, 0, 0, 48, 74, 0, 1, 2, 0, 43)
7 (1, 4, 11, 0, 0, 48, 90, 0, 1, 2, 0, 26)
8 (1, 4, 0, 0, 0, 50, 92, 0, 1, 2, 0, 87)
9 (1, 4, 0, 0, 2, 52, 87, 0, 1, 2, 0, 112)
10 (1, 4, 0, 0, 9, 55, 84, 0, 1, 1, 0, 96)
11 (1, 4, 0, 0, 38, 53, 86, 0, 1, 1, 0, 11)
12 (1, 4, 8, 0, 73, 57, 89, 0, 1, 1, 0, 10)
13 (1, 4, 0, 17, 84, 53, 102, 0, 1, 2, 0, 191)
14 (1, 4, 43, 138, 194, 48, 111, 0, 1, 2, 0, 53)
15 (1, 4, 0, 397, 413, 53, 74, 0, 1, 1, 0, 190)
16 (1, 4, 0, 695, 497, 17, 34, 0, 1, 1, 0, 79)
17 (1, 4, 0, 857, 527, 0, 0, 26, 0, 0, 0, 209)
18 (1, 4, 0, 677, 371, 0, 0, 36, 0, 0, 0, 87)
19 (1, 4, 0, 581, 295, 0, 0, 66, 0, 0, 0, 229)
20 (1, 4, 0, 462, 279, 0, 0, 85, 0, 0, 0, 230)
21 (1, 4, 0, 292, 60, 0, 0, 78, 0, 1, 0, 232)
22 (1, 4, 0, 233, 57, 0, 0, 97, 0, 1, 0, 193)
23 (1, 4, 0, 177, 40, 0, 0, 79, 0, 1, 0, 252)
24 (1, 4, 0, 171, 0, 0, 0, 78, 0, 1, 0, 222)
25 (1, 4, 0, 171, 0, 0, 0, 68, 0, 1, 0, 141)
26 (1, 4, 0, 161, 0, 0, 0, 59, 0, 0, 0, 246)
27 (1, 4, 0, 148, 20, 0, 0, 43, 0, 1, 0, 163)
28 (1, 4, 0, 220, 100, 0, 0, 48, 0, 0, 0, 221)
29 (1, 4, 0, 204, 163, 0, 0, 53, 0, 0, 0, 249)
30 (1, 4, 0, 126, 217, 0, 0, 30, 0, 0, 0, 242) [FRAGMENTED]
31 (1, 4, 158, 0, 0, 21, 45, 24, 1, 1, 0, 45)
32 (1, 4, 124, 0, 0, 34, 68, 7, 1, 1, 0, 172)
1 (1, 4, 22, 0, 0, 51, 80, 2, 1, 1, 0, 170)
2 (1, 4, 0, 0, 0, 58, 88, 0, 1, 1, 0, 241)
3 (1, 4, 0, 0, 0, 57, 83, 1, 1, 1, 0, 69)
4 (1, 4, 0, 0, 0, 65, 80, 4, 1, 1, 0, 87)
5 (1, 4, 0, 0, 0, 65, 84, 1, 1, 1, 0, 30)
6 (1, 4, 0, 0, 0, 58, 92, 0, 1, 1, 0, 18)
7 (1, 4, 10, 0, 0, 64, 107, 0, 1, 1, 0, 147)
8 (1, 4, 1, 42, 58, 63, 110, 0, 1, 1, 0, 11)
9 (1, 4, 0, 126, 132, 49, 105, 0, 1, 1, 0, 82)
10 (1, 4, 0, 296, 273, 46, 96, 0, 1, 1, 0, 17)
11 (1, 4, 0, 719, 487, 13, 55, 0, 1, 1, 0, 190)
12 (1, 4, 0, 873, 595, 0, 0, 8, 0, 1, 0, 21)
13 (1, 4, 0, 852, 416, 0, 0, 19, 0, 0, 0, 137)
14 (1, 4, 0, 654, 259, 0, 0, 82, 0, 0, 0, 127)
15 (1, 4, 0, 312, 139, 0, 0, 102, 0, 0, 0, 85)
16 (1, 4, 0, 168, 0, 0, 0, 95, 0, 0, 0, 97)
17 (1, 4, 0, 105, 0, 0, 0, 86, 0, 0, 0, 99)
18 (1, 4, 0, 90, 0, 0, 0, 79, 0, 0, 0, 254)
19 (1, 4, 0, 154, 0, 0, 0, 68, 0, 0, 0, 240)
20 (1, 4, 0, 131, 0, 0, 0, 70, 0, 0, 0, 46)
21 (1, 4, 0, 215, 83, 0, 0, 68, 0, 0, 0, 144)
22 (1, 4, 0, 175, 145, 0, 0, 71, 0, 0, 0, 64)
23 (1, 4, 0, 57, 157, 0, 0, 46, 0, 0, 0, 164)
24 (1, 4, 0, 47, 109, 0, 0, 35, 0, 0, 0, 185)
25 (1, 4, 0, 0, 109, 0, 0, 18, 0, 1, 0, 12)
26 (1, 4, 0, 0, 139, 0, 0, 7, 0, 0, 0, 155)
27 (1, 4, 0, 0, 134, 0, 0, 3, 0, 1, 0, 243)
28 (1, 4, 0, 50, 117, 0, 0, 3, 0, 1, 0, 13)
29 (1, 4, 0, 398, 341, 61, 53, 0, 1, 1, 0, 19)
30 (1, 4, 0, 581, 406, 29, 6, 9, 1, 1, 0, 188)
31 (1, 4, 0, 625, 417, 0, 0, 27, 1, 1, 0, 182)
32 (1, 4, 0, 547, 351, 0, 0, 4, 0, 1, 0, 55)
1 (1, 4, 0, 707, 337, 0, 0, 11, 0, 1, 0, 67)
2 (1, 4, 0, 650, 352, 0, 0, 113, 0, 1, 0, 183)
3 (1, 4, 0, 155, 0, 0, 0, 72, 0, 1, 0, 177)
4 (1, 4, 0, 177, 0, 0, 0, 57, 0, 1, 0, 69)
5 (1, 4, 0, 249, 0, 0, 0, 59, 0, 1, 0, 204)
6 (1, 4, 0, 314, 7, 0, 0, 56, 0, 0, 0, 155)
7 (1, 4, 117, 371, 46, 0, 0, 49, 0, 1, 0, 14)
8 (1, 4, 137, 391, 95, 0, 0, 40, 0, 1, 0, 14)
9 (1, 4, 456, 471, 0, 0, 0, 32, 0, 0, 0, 53)
10 (1, 4, 468, 351, 0, 0, 0, 30, 0, 1, 0, 16)
11 (1, 4, 207, 203, 0, 0, 0, 20, 0, 1, 0, 156)
12 (1, 4, 195, 219, 0, 0, 0, 32, 0, 0, 0, 217)
13 (1, 4, 205, 166, 0, 0, 0, 42, 0, 0, 0, 34)
14 (1, 4, 182, 74, 0, 0, 0, 36, 0, 0, 0, 225)
15 (1, 4, 33, 29, 0, 0, 0, 39, 0, 0, 0, 184)
16 (1, 4, 0, 30, 0, 0, 0, 44, 0, 0, 0, 37)
17 (1, 4, 0, 14, 0, 0, 0, 47, 0, 0, 0, 34)
18 (1, 4, 0, 0, 0, 0, 0, 52, 0, 0, 0, 121)
19 (1, 4, 0, 0, 40, 0, 0, 55, 0, 0, 0, 93)
20 (1, 4, 0, 0, 71, 0, 0, 47, 0, 0, 0, 56)
21 (1, 4, 0, 0, 71, 0, 0, 36, 0, 0, 0, 180)
22 (1, 4, 0, 0, 79, 0, 0, 34, 0, 0, 0, 196)
23 (1, 4, 0, 0, 112, 0, 0, 30, 0, 0, 0, 241)
24 (1, 4, 0, 0, 138, 0, 0, 25, 0, 0, 0, 250)
25 (1, 4, 0, 0, 132, 0, 0, 22, 0, 1, 0, 165)
26 (1, 4, 0, 0, 139, 0, 0, 18, 0, 1, 0, 137)
27 (1, 4, 0, 0, 151, 0, 0, 10, 0, 1, 0, 45)
28 (1, 4, 0, 0, 122, 0, 0, 19, 0, 1, 0, 73) [FRAGMENTED]
29 (1, 4, 308, 0, 0, 0, 17, 1, 1, 1, 0, 73)
30 (1, 4, 122, 0, 0, 18, 44, 0, 1, 1, 0, 83)
31 (1, 4, 35, 0, 0, 46, 63, 0, 1, 2, 0, 109)
32 (1, 4, 0, 0, 0, 54, 72, 0, 2, 2, 0, 235)
1 (1, 4, 0, 0, 0, 59, 79, 0, 2, 2, 0, 24)
2 (1, 4, 21, 126, 21, 82, 98, 0, 2, 2, 0, 210)
3 (1, 4, 0, 156, 44, 83, 96, 0, 2, 2, 0, 109)
4 (1, 4, 0, 71, 51, 86, 110, 0, 2, 2, 0, 112)
5 (1, 4, 0, 101, 136, 89, 124, 0, 2, 2, 0, 122)
6 (1, 4, 0, 510, 373, 78, 100, 0, 1, 1, 0, 193)
7 (1, 4, 0, 767, 414, 15, 19, 0, 1, 0, 0, 244)
8 (1, 4, 0, 794, 454, 0, 0, 21, 0, 0, 0, 182)
9 (1, 4, 0, 659, 338, 0, 0, 0, 0, 0, 0, 253)
10 (1, 4, 0, 655, 316, 0, 0, 83, 0, 0, 0, 205)
11 (1, 4, 0, 292, 121, 0, 0, 73, 0, 0, 0, 161)
12 (1, 4, 0, 236, 0, 0, 0, 75, 0, 0, 0, 158)
13 (1, 4, 0, 241, 0, 0, 0, 77, 0, 1, 0, 132)
14 (1, 4, 0, 247, 0, 0, 0, 60, 0, 0, 0, 176)
15 (1, 4, 4, 295, 4, 0, 0, 67, 0, 1, 0, 117)
16 (1, 4, 0, 308, 0, 0, 0, 68, 0, 0, 0, 210)
17 (1, 4, 0, 235, 50, 0, 0, 63, 0, 0, 0, 112)
18 (1, 4, 0, 196, 76, 0, 0, 77, 0, 0, 0, 58)
19 (1, 4, 0, 12, 42, 0, 0, 40, 0, 0, 0, 49)
20 (1, 4, 0, 0, 0, 0, 0, 17, 0, 0, 0, 114)
21 (1, 4, 0, 0, 0, 0, 0, 22, 0, 0, 0, 97)
22 (1, 4, 0, 0, 77, 0, 0, 15, 0, 0, 0, 10)
23 (1, 4, 0, 13, 165, 0, 0, 11, 0, 0, 0, 235)
24 (1, 4, 0, 63, 186, 0, 0, 12, 0, 0, 0, 16)
25 (1, 4, 0, 76, 126, 0, 0, 9, 0, 0, 0, 22)
26 (1, 4, 0, 54, 33, 0, 0, 3, 0, 0, 0, 102)
27 (1, 4, 0, 0, 0, 0, 0, 4, 0, 0, 0, 11)
28 (1, 4, 0, 0, 0, 0, 0, 9, 0, 1, 0, 32)
29 (1, 4, 52, 0, 0, 0, 0, 63, 0, 0, 0, 234)
30 (1, 4, 60, 0, 0, 0, 0, 66, 0, 0, 0, 237)
31 (1, 4, 123, 0, 0, 0, 0, 73, 0, 0, 0, 194)
32 (1, 4, 127, 0, 0, 0, 0, 73, 0, 0, 0, 250)
1 (1, 4, 253, 0, 0, 0, 0, 72, 0, 0, 0, 44)
2 (1, 4, 382, 0, 0, 0, 0, 61, 0, 1, 0, 223)
3 (1, 4, 395, 0, 0, 0, 0, 29, 1, 1, 0, 145)
4 (1, 4, 371, 0, 0, 0, 18, 11, 1, 1, 0, 50)
5 (1, 4, 223, 0, 0, 9, 40, 0, 1, 1, 0, 122)
6 (1, 4, 139, 0, 0, 20, 67, 0, 1, 1, 0, 26)
7 (1, 4, 87, 0, 0, 31, 76, 0, 1, 1, 0, 94)
8 (1, 4, 86, 0, 0, 35, 98, 0, 1, 1, 0, 23)
9 (1, 4, 58, 0, 0, 21, 125, 0, 1, 2, 0, 220)
10 (1, 4, 10, 7, 32, 29, 142, 0, 2, 2, 0, 116)
11 (1, 4, 0, 120, 213, 33, 133, 0, 1, 2, 0, 190)
12 (1, 4, 0, 286, 377, 37, 87, 0, 1, 1, 0, 133)
13 (1, 4, 0, 873, 555, 0, 27, 0, 0, 0, 0, 157)
14 (1, 4, 0, 873, 528, 0, 0, 14, 0, 0, 0, 242)
15 (1, 4, 13, 808, 333, 0, 0, 53, 0, 0, 0, 105)
16 (1, 4, 0, 593, 209, 0, 0, 102, 0, 0, 0, 45)
17 (1, 4, 0, 228, 45, 0, 0, 102, 0, 0, 0, 68)
18 (1, 4, 0, 172, 0, 0, 0, 86, 0, 0, 0, 142)
19 (1, 4, 0, 172, 0, 0, 0, 86, 0, 0, 0, 142)
20 (1, 4, 0, 188, 0, 0, 0, 80, 0, 0, 0, 35)
21 (1, 4, 0, 212, 0, 0, 0, 81, 0, 0, 0, 14)
22 (1, 4, 0, 280, 0, 0, 0, 89, 0, 0, 0, 234)
23 (1, 4, 0, 237, 0, 0, 0, 93, 0, 0, 0, 52)
24 (1, 4, 0, 214, 0, 0, 0, 85, 0, 0, 0, 22)
25 (1, 4, 0, 148, 0, 0, 0, 81, 0, 0, 0, 141)
26 (1, 4, 0, 108, 0, 0, 0, 102, 0, 0, 0, 126)
27 (1, 4, 0, 0, 0, 0, 0, 93, 0, 0, 0, 168)
28 (1, 4, 0, 0, 0, 0, 0, 69, 0, 0, 0, 145)
29 (1, 4, 351, 0, 0, 24, 28, 0, 1, 1, 0, 238)
30 (1, 4, 261, 0, 0, 21, 71, 0, 1, 1, 0, 165)
31 (1, 4, 98, 0, 0, 22, 103, 0, 1, 1, 0, 239)
32 (1, 4, 29, 0, 0, 17, 124, 0, 1, 1, 0, 137)
1 (1, 4, 0, 104, 147, 7, 143, 0, 1, 1, 0, 112)
2 (1, 4, 0, 348, 491, 32, 123, 0, 1, 1, 0, 134)
3 (1, 4, 0, 873, 696, 3, 56, 0, 0, 0, 0, 15)
4 (1, 4, 0, 873, 503, 0, 0, 0, 0, 0, 0, 34)
5 (1, 4, 0, 865, 437, 0, 0, 69, 0, 0, 0, 170)
6 (1, 4, 0, 503, 209, 0, 0, 84, 0, 0, 0, 186)
7 (1, 4, 0, 309, 216, 0, 0, 108, 0, 0, 0, 229)
8 (1, 4, 0, 219, 68, 0, 0, 109, 0, 0, 0, 247)
9 (1, 4, 0, 104, 0, 0, 0, 86, 0, 0, 0, 214)
10 (1, 4, 0, 148, 0, 0, 0, 76, 0, 0, 0, 30)
11 (1, 4, 0, 214, 0, 0, 0, 68, 0, 0, 0, 26)
12 (1, 4, 0, 263, 0, 0, 0, 69, 0, 0, 0, 118)
13 (1, 4, 0, 243, 54, 0, 0, 71, 0, 0, 0, 33)
14 (1, 4, 0, 165, 122, 0, 0, 44, 0, 1, 0, 110)
15 (1, 4, 0, 184, 156, 0, 0, 32, 0, 0, 0, 162)
16 (1, 4, 32, 263, 109, 0, 0, 38, 0, 0, 0, 64)
17 (1, 4, 0, 126, 26, 0, 0, 13, 0, 0, 0, 246)
18 (1, 4, 0, 0, 0, 0, 0, 0, 0, 0, 0, 126)
19 (1, 4, 0, 0, 0, 0, 0, 0, 0, 0, 0, 126)
20 (1, 4, 0, 0, 121, 0, 0, 0, 0, 0, 0, 44)
21 (1, 4, 0, 0, 213, 0, 0, 0, 0, 0, 0, 193)
22 (1, 4, 0, 0, 248, 0, 0, 0, 0, 0, 0, 73)
23 (1, 4, 0, 0, 204, 0, 0, 0, 0, 0, 0, 150)
24 (1, 4, 0, 0, 94, 0, 0, 0, 0, 0, 0, 55)
25 (1, 4, 0, 0, 0, 0, 0, 0, 0, 0, 0, 126)
26 (1, 4, 0, 0, 0, 0, 0, 0, 0, 0, 0, 126)
27 (1, 4, 0, 0, 0, 0, 0, 11, 0, 0, 0, 242)
28 (1, 4, 0, 1, 0, 0, 0, 26, 0, 0, 0, 75)
29 (1, 4, 85, 7, 0, 0, 0, 31, 0, 0, 0, 9)
30 (1, 4, 148, 0, 0, 0, 0, 36, 0, 0, 0, 103)
31 (1, 4, 79, 0, 0, 0, 0, 57, 1, 1, 0, 227)
32 (1, 4, 40, 0, 0, 0, 0, 72, 1, 1, 0, 111)
1 (1, 4, 35, 0, 0, 1, 0, 57, 1, 1, 0, 250)
2 (1, 4, 233, 0, 0, 1, 0, 61, 1, 1, 0, 127)
3 (1, 4, 212, 0, 0, 1, 2, 43, 1, 1, 0, 243)
4 (1, 4, 155, 0, 0, 2, 27, 40, 1, 1, 0, 90)
5 (1, 4, 126, 0, 0, 0, 52, 34, 1, 1, 0, 254)
6 (1, 4, 39, 0, 0, 0, 91, 2, 1, 1, 0, 246)
7 (1, 4, 0, 0, 0, 0, 119, 0, 1, 1, 0, 141)
8 (1, 4, 50, 0, 0, 0, 136, 0, 1, 1, 0, 185)
9 (1, 4, 0, 0, 53, 0, 121, 0, 1, 1, 0, 22)
10 (1, 4, 0, 0, 154, 12, 106, 0, 1, 1, 0, 202)
11 (1, 4, 0, 0, 268, 0, 124, 0, 1, 1, 0, 120)
12 (1, 4, 0, 0, 395, 6, 93, 0, 1, 1, 0, 90)
13 (1, 4, 0, 335, 605, 45, 50, 0, 1, 1, 0, 224)
14 (1, 4, 0, 741, 649, 10, 11, 0, 1, 0, 0, 17)
15 (1, 4, 0, 873, 593, 0, 0, 10, 0, 0, 0, 232)
16 (1, 4, 0, 871, 520, 0, 0, 24, 0, 0, 0, 42)
17 (1, 4, 0, 831, 433, 0, 0, 62, 0, 0, 0, 169)
18 (1, 4, 0, 492, 307, 0, 0, 77, 0, 0, 0, 208)
19 (1, 4, 0, 201, 38, 0, 0, 85, 0, 0, 0, 73)
20 (1, 4, 0, 84, 0, 0, 0, 45, 0, 0, 0, 167)
21 (1, 4, 0, 121, 0, 0, 0, 43, 0, 0, 0, 117)
22 (1, 4, 0, 264, 128, 0, 0, 38, 0, 0, 0, 180)
23 (1, 4, 0, 276, 142, 0, 0, 21, 0, 0, 0, 101)
24 (1, 4, 0, 183, 108, 0, 0, 21, 0, 0, 0, 64)
25 (1, 4, 0, 72, 26, 0, 0, 7, 0, 0, 0, 177)
26 (1, 4, 0, 68, 95, 0, 0, 0, 0, 0, 0, 250)
27 (1, 4, 0, 136, 108, 0, 0, 0, 0, 0, 0, 43)
28 (1, 4, 0, 228, 123, 0, 0, 0, 0, 0, 0, 153)
29 (1, 4, 151, 0, 0, 0, 137, 0, 1, 1, 0, 36)
30 (1, 4, 0, 0, 140, 0, 153, 0, 1, 1, 0, 109)
31 (1, 4, 0, 0, 477, 6, 87, 0, 1, 1, 0, 156)
32 (1, 4, 0, 268, 666, 43, 72, 0, 1, 1, 0, 183)
1 (1, 4, 105, 769, 845, 42, 16, 0, 0, 0, 0, 19)
2 (1, 4, 35, 873, 714, 0, 0, 30, 0, 0, 0, 18)
3 (1, 4, 193, 705, 258, 0, 0, 87, 0, 0, 0, 225)
4 (1, 4, 168, 525, 206, 0, 0, 155, 0, 0, 0, 223)
5 (1, 4, 97, 193, 0, 0, 0, 111, 0, 0, 0, 20)
6 (1, 4, 0, 171, 0, 0, 0, 102, 0, 0, 0, 254)
7 (1, 4, 0, 166, 0, 0, 0, 96, 0, 0, 0, 238)
8 (1, 4, 18, 225, 0, 0, 0, 96, 0, 1, 0, 248)
9 (1, 4, 0, 218, 0, 0, 0, 98, 0, 1, 0, 117)
10 (1, 4, 0, 203, 0, 0, 0, 90, 0, 1, 0, 57)
11 (1, 4, 0, 189, 0, 0, 0, 82, 0, 0, 0, 47)
12 (1, 4, 0, 191, 28, 0, 0, 91, 0, 0, 0, 234)
13 (1, 4, 0, 211, 130, 0, 0, 92, 0, 0, 0, 146)
14 (1, 4, 0, 143, 172, 0, 0, 74, 0, 1, 0, 94)
15 (1, 4, 0, 118, 166, 0, 0, 80, 0, 0, 0, 1)
16 (1, 4, 0, 93, 209, 0, 0, 66, 0, 0, 0, 93)
17 (1, 4, 0, 43, 123, 0, 0, 41, 0, 0, 0, 62)
18 (1, 4, 0, 34, 62, 0, 0, 45, 0, 0, 0, 124)
19 (1, 4, 0, 22, 96, 0, 0, 39, 0, 0, 0, 31)
20 (1, 4, 0, 0, 87, 0, 0, 28, 0, 1, 0, 56)
21 (1, 4, 0, 0, 49, 0, 0, 31, 0, 1, 0, 42)
22 (1, 4, 0, 0, 47, 0, 0, 38, 0, 0, 0, 180)
23 (1, 4, 0, 5, 52, 0, 0, 44, 0, 1, 0, 155)
24 (1, 4, 0, 25, 63, 0, 0, 47, 0, 0, 0, 153)
25 (1, 4, 0, 46, 40, 0, 0, 43, 0, 0, 0, 215)
26 (1, 4, 6, 34, 0, 0, 0, 44, 0, 0, 0, 203)
27 (1, 4, 35, 0, 0, 0, 0, 39, 0, 0, 0, 25)
28 (1, 4, 29, 0, 0, 0, 0, 30, 0, 0, 0, 45)
29 (1, 4, 156, 0, 0, 37, 45, 33, 4, 4, 0, 69)
30 (1, 4, 117, 0, 0, 38, 53, 17, 4, 4, 0, 119)
31 (1, 4, 141, 0, 0, 36, 61, 0, 4, 5, 0, 36)
32 (1, 4, 123, 0, 0, 22, 72, 0, 4, 4, 0, 248)
1 (1, 4, 74, 0, 0, 13, 94, 0, 4, 4, 0, 107)
2 (1, 4, 0, 0, 0, 0, 125, 0, 3, 4, 0, 186)
3 (1, 4, 6, 76, 189, 0, 129, 0, 3, 3, 0, 224)
4 (1, 4, 0, 188, 296, 4, 101, 0, 3, 3, 0, 64)
5 (1, 4, 0, 320, 394, 24, 84, 0, 3, 3, 0, 79)
6 (1, 4, 0, 428, 409, 38, 48, 0, 3, 3, 0, 242)
7 (1, 4, 0, 598, 473, 37, 50, 0, 3, 3, 0, 13)
8 (1, 4, 0, 873, 534, 0, 10, 0, 1, 1, 0, 159)
9 (1, 4, 0, 873, 652, 0, 0, 0, 0, 1, 0, 211)
10 (1, 4, 0, 873, 509, 0, 0, 101, 0, 0, 0, 255)
11 (1, 4, 0, 379, 182, 0, 0, 86, 0, 0, 0, 139)
12 (1, 4, 0, 185, 18, 0, 0, 76, 0, 0, 0, 80)
13 (1, 4, 0, 240, 0, 0, 0, 61, 0, 0, 0, 109)
14 (1, 4, 0, 245, 0, 0, 0, 59, 0, 0, 0, 206)
15 (1, 4, 0, 187, 0, 0, 0, 52, 0, 0, 0, 176)
16 (1, 4, 0, 195, 27, 0, 0, 46, 0, 0, 0, 219)
17 (1, 4, 0, 172, 86, 0, 0, 46, 0, 0, 0, 166)
18 (1, 4, 20, 142, 93, 0, 0, 30, 0, 1, 0, 207)
19 (1, 4, 0, 140, 0, 0, 0, 23, 0, 0, 0, 214)
20 (1, 4, 0, 48, 0, 0, 0, 20, 0, 0, 0, 123)
21 (1, 4, 0, 43, 0, 0, 0, 13, 0, 1, 0, 252)
22 (1, 4, 0, 25, 88, 0, 0, 13, 0, 0, 0, 97)
23 (1, 4, 0, 0, 102, 0, 0, 0, 0, 0, 0, 10)
24 (1, 4, 0, 0, 60, 0, 0, 0, 0, 1, 0, 118)
25 (1, 4, 0, 0, 44, 0, 0, 0, 0, 0, 0, 98)
26 (1, 4, 0, 10, 28, 0, 0, 1, 0, 0, 0, 226) [FRAGMENTED]
27 (1, 4, 71, 76, 72, 0, 137, 0, 2, 2, 0, 238)
28 (1, 4, 56, 257, 289, 0, 115, 0, 2, 2, 0, 69)
29 (1, 4, 24, 412, 443, 0, 87, 0, 1, 2, 0, 107)
30 (1, 4, 0, 653, 522, 26, 67, 0, 1, 1, 0, 238)
31 (1, 4, 0, 873, 667, 0, 0, 0, 0, 0, 0, 34)
32 (1, 4, 0, 873, 528, 0, 0, 8, 0, 0, 0, 62)
1 (1, 4, 0, 729, 269, 0, 0, 42, 0, 0, 0, 143)
2 (1, 4, 0, 512, 21, 0, 0, 55, 0, 0, 0, 103)
3 (1, 4, 0, 356, 0, 0, 0, 85, 0, 0, 0, 60)
4 (1, 4, 0, 166, 36, 0, 0, 67, 0, 0, 0, 137)
5 (1, 4, 0, 168, 54, 0, 0, 42, 0, 0, 0, 12)
6 (1, 4, 0, 216, 108, 0, 0, 23, 0, 0, 0, 9)
7 (1, 4, 0, 301, 231, 0, 0, 18, 0, 1, 0, 149)
8 (1, 4, 0, 390, 357, 0, 0, 0, 0, 0, 0, 191)
9 (1, 4, 0, 423, 395, 0, 0, 3, 0, 0, 0, 151)
10 (1, 4, 0, 356, 251, 0, 0, 0, 0, 0, 0, 140)
11 (1, 4, 0, 196, 119, 0, 0, 3, 0, 0, 0, 223)
12 (1, 4, 0, 274, 175, 0, 0, 55, 0, 0, 0, 160)
13 (1, 4, 0, 396, 231, 0, 0, 45, 0, 0, 0, 3)
14 (1, 4, 0, 202, 126, 0, 0, 51, 0, 1, 0, 234)
15 (1, 4, 52, 0, 0, 0, 0, 45, 0, 0, 0, 128)
16 (1, 4, 222, 0, 0, 0, 0, 14, 0, 0, 0, 112)
17 (1, 4, 304, 0, 0, 0, 0, 0, 0, 0, 0, 91)
18 (1, 4, 246, 0, 0, 0, 0, 0, 0, 0, 0, 225)
19 (1, 4, 124, 0, 0, 0, 0, 0, 0, 0, 0, 152)
20 (1, 4, 101, 0, 0, 0, 0, 0, 0, 0, 0, 6)
21 (1, 4, 139, 0, 0, 0, 0, 0, 0, 0, 0, 9)
22 (1, 4, 163, 0, 0, 0, 0, 0, 0, 0, 0, 190)
23 (1, 4, 142, 0, 0, 0, 0, 0, 0, 0, 0, 63)
24 (1, 4, 119, 0, 0, 0, 0, 0, 0, 0, 0, 250) [FRAGMENTED]
