0 (1, 4, 0, 0, 873, 0, 54, 0, 7, 12, 0, 254)
1 (1, 4, 390, 0, 873, 0, 0, 0, 12, 15, 0, 86)
2 (1, 4, 350, 284, 873, 0, 0, 0, 20, 20, 0, 210)
3 (1, 4, 696, 334, 428, 0, 0, 0, 2, 3, 0, 147)
4 (1, 4, 778, 873, 122, 0, 0, 0, 2, 2, 0, 128)
5 (1, 4, 775, 794, 0, 0, 0, 0, 8, 12, 0, 38)
6 (1, 4, 856, 409, 0, 0, 0, 5, 2, 3, 0, 49)
7 (1, 4, 743, 0, 0, 0, 0, 31, 2, 3, 0, 88)
8 (1, 4, 769, 0, 0, 0, 0, 21, 2, 3, 0, 118)
9 (1, 4, 646, 0, 16, 0, 45, 0, 2, 3, 0, 27)
10 (1, 4, 434, 0, 234, 0, 0, 1, 2, 3, 0, 147)
11 (1, 4, 337, 0, 347, 0, 0, 14, 2, 2, 0, 241)
12 (1, 4, 0, 0, 395, 0, 0, 0, 2, 3, 0, 172)
13 (1, 4, 0, 0, 258, 0, 40, 0, 3, 4, 0, 205)
14 (1, 4, 0, 0, 235, 0, 93, 0, 2, 3, 0, 48)
15 (1, 4, 685, 0, 441, 0, 76, 0, 0, 0, 0, 211)
16 (1, 4, 403, 0, 822, 0, 30, 0, 2, 3, 0, 160)
GLOVE DISCONNECTED
GLOVE CONNECTED
0 (1, 4, 259, 0, 0, 0, 0, 126, 1, 2, 0, 203)
1 (1, 4, 164, 0, 114, 0, 4, 66, 1, 2, 0, 106)
2 (1, 4, 148, 0, 237, 0, 0, 40, 1, 2, 0, 206)
3 (1, 4, 126, 0, 338, 0, 0, 13, 1, 2, 0, 134)
4 (1, 4, 18, 0, 466, 0, 0, 0, 1, 2, 0, 49)
5 (1, 4, 0, 0, 650, 0, 0, 0, 2, 2, 0, 180)
6 (1, 4, 0, 0, 572, 0, 0, 0, 2, 3, 0, 222)
7 (1, 4, 667, 0, 631, 0, 0, 0, 2, 3, 0, 177)
8 (1, 4, 541, 595, 873, 0, 0, 0, 4, 5, 0, 174)
9 (1, 4, 781, 500, 623, 0, 0, 0, 2, 3, 0, 191)
10 (1, 4, 782, 873, 25, 0, 0, 0, 2, 2, 0, 6)
11 (1, 4, 430, 533, 0, 0, 0, 29, 2, 2, 0, 184)
12 (1, 4, 126, 399, 0, 0, 0, 74, 2, 2, 0, 213)
13 (1, 4, 148, 171, 0, 0, 0, 16, 2, 2, 0, 218)
14 (1, 4, 226, 101, 0, 0, 0, 9, 2, 2, 0, 48)
15 (1, 4, 228, 54, 0, 12, 0, 2, 2, 2, 0, 38)
16 (1, 4, 252, 11, 0, 20, 0, 10, 2, 2, 0, 44)
17 (1, 4, 238, 54, 28, 17, 0, 28, 1, 2, 0, 232)
18 (1, 4, 147, 33, 43, 17, 0, 32, 1, 2, 0, 234)
19 (1, 4, 214, 25, 34, 22, 0, 51, 1, 2, 0, 133)
20 (1, 4, 442, 0, 44, 23, 0, 56, 1, 1, 0, 5)
21 (1, 4, 457, 64, 35, 18, 0, 66, 1, 1, 0, 100)
22 (1, 4, 392, 110, 40, 7, 0, 90, 1, 1, 0, 143)
23 (1, 4, 338, 80, 17, 0, 0, 95, 1, 2, 0, 219)
24 (1, 4, 122, 169, 21, 0, 0, 93, 2, 2, 0, 8)
25 (1, 4, 0, 219, 17, 0, 0, 103, 1, 1, 0, 227)
26 (1, 4, 14, 117, 7, 0, 0, 112, 1, 1, 0, 190)
27 (1, 4, 6, 2, 0, 0, 0, 100, 1, 1, 0, 175)
28 (1, 4, 0, 20, 0, 0, 0, 102, 1, 1, 0, 228)
29 (1, 4, 24, 3, 0, 0, 0, 91, 1, 1, 0, 37)
30 (1, 4, 8, 57, 0, 0, 1, 86, 1, 1, 0, 129)
31 (1, 4, 6, 49, 0, 0, 0, 87, 2, 2, 0, 219)
0 (1, 4, 0, 0, 6, 0, 3, 95, 2, 2, 0, 249)
1 (1, 4, 0, 0, 16, 0, 5, 95, 1, 2, 0, 64)
2 (1, 4, 0, 0, 11, 0, 8, 93, 0, 1, 0, 5)
3 (1, 4, 13, 0, 0, 0, 6, 94, 1, 1, 0, 144)
4 (1, 4, 56, 67, 34, 0, 24, 127, 0, 1, 0, 66)
5 (1, 4, 0, 0, 9, 0, 42, 163, 0, 1, 0, 78)
6 (1, 4, 0, 0, 66, 0, 32, 129, 1, 1, 0, 251)
7 (1, 4, 0, 0, 259, 0, 17, 66, 1, 1, 0, 145)
8 (1, 4, 0, 0, 374, 0, 0, 22, 1, 1, 0, 62)
9 (1, 4, 0, 0, 464, 0, 0, 0, 10, 9, 0, 177)
10 (1, 4, 0, 0, 520, 0, 15, 0, 0, 20, 0, 216)
11 (1, 4, 0, 0, 510, 0, 63, 0, 0, 0, 0, 68)
12 (1, 4, 0, 0, 387, 0, 13, 0, 0, 0, 0, 50)
13 (1, 4, 873, 310, 655, 0, 0, 0, 5, 5, 0, 134)
14 (1, 4, 222, 435, 873, 0, 0, 0, 4, 6, 0, 241)
15 (1, 4, 873, 621, 425, 0, 0, 0, 4, 4, 0, 70)
16 (1, 4, 473, 761, 0, 0, 0, 0, 2, 2, 0, 134)
17 (1, 4, 578, 593, 0, 0, 0, 4, 2, 2, 0, 18)
18 (1, 4, 657, 184, 0, 0, 0, 15, 2, 2, 0, 123)
19 (1, 4, 859, 0, 0, 0, 0, 22, 3, 4, 0, 97)
20 (1, 4, 649, 0, 0, 0, 22, 0, 2, 2, 0, 151)
21 (1, 4, 297, 0, 32, 0, 50, 0, 2, 2, 0, 83)
22 (1, 4, 0, 0, 0, 0, 86, 0, 2, 2, 0, 226)
23 (1, 4, 0, 0, 0, 0, 140, 0, 2, 3, 0, 17)
24 (1, 4, 0, 0, 63, 0, 197, 0, 2, 3, 0, 107)
25 (1, 4, 309, 0, 577, 0, 106, 0, 2, 2, 0, 142)
26 (1, 4, 409, 0, 873, 0, 0, 0, 1, 2, 0, 137)
27 (1, 4, 873, 0, 873, 0, 0, 0, 1, 3, 0, 93)
28 (1, 4, 508, 563, 845, 0, 70, 0, 1, 2, 0, 236)
29 (1, 4, 339, 573, 536, 0, 0, 0, 1, 0, 0, 174)
30 (1, 4, 416, 464, 204, 0, 0, 0, 0, 0, 0, 64)
31 (1, 4, 448, 548, 151, 0, 0, 0, 0, 0, 0, 94)
0 (1, 4, 30, 0, 0, 33, 0, 0, 1, 1, 0, 53)
1 (1, 4, 72, 0, 3, 34, 0, 0, 1, 1, 0, 226)
2 (1, 4, 58, 0, 24, 31, 0, 0, 0, 1, 0, 207)
3 (1, 4, 132, 0, 68, 21, 0, 0, 1, 1, 0, 107)
4 (1, 4, 135, 0, 93, 38, 0, 0, 1, 1, 0, 17)
5 (1, 4, 93, 0, 128, 30, 0, 0, 0, 1, 0, 134)
6 (1, 4, 377, 0, 198, 15, 0, 0, 1, 1, 0, 123)
7 (1, 4, 504, 0, 202, 12, 0, 18, 1, 0, 0, 162)
8 (1, 4, 532, 0, 106, 0, 0, 39, 0, 0, 0, 134)
9 (1, 4, 409, 0, 0, 0, 0, 98, 1, 0, 0, 200)
10 (1, 4, 541, 0, 0, 0, 0, 139, 1, 1, 0, 211)
11 (1, 4, 288, 0, 0, 0, 0, 94, 1, 1, 0, 2)
12 (1, 4, 0, 0, 0, 0, 0, 57, 1, 1, 0, 48)
13 (1, 4, 0, 0, 14, 0, 11, 16, 1, 1, 0, 35)
14 (1, 4, 303, 0, 203, 0, 35, 0, 1, 1, 0, 99)
15 (1, 4, 82, 0, 710, 0, 50, 0, 1, 1, 0, 185)
16 (1, 4, 0, 0, 677, 0, 0, 0, 1, 2, 0, 181)
17 (1, 4, 690, 0, 667, 0, 0, 0, 2, 2, 0, 117)
18 (1, 4, 456, 583, 421, 0, 0, 0, 1, 2, 0, 240)
19 (1, 4, 265, 750, 366, 0, 0, 0, 1, 2, 0, 170)
20 (1, 4, 276, 873, 332, 0, 0, 0, 2, 2, 0, 157)
21 (1, 4, 187, 873, 230, 0, 0, 0, 1, 2, 0, 112)
22 (1, 4, 280, 777, 10, 0, 0, 0, 1, 2, 0, 229)
23 (1, 4, 588, 700, 0, 0, 0, 0, 1, 2, 0, 9)
24 (1, 4, 873, 337, 0, 0, 0, 35, 2, 3, 0, 68)
25 (1, 4, 873, 0, 0, 0, 9, 52, 3, 3, 0, 236)
26 (1, 4, 427, 0, 0, 0, 74, 52, 3, 3, 0, 249)
27 (1, 4, 0, 0, 3, 0, 76, 5, 3, 4, 0, 90)
28 (1, 4, 0, 0, 166, 0, 40, 0, 2, 3, 0, 181)
29 (1, 4, 341, 0, 315, 0, 6, 0, 2, 2, 0, 251)
30 (1, 4, 0, 0, 606, 0, 95, 0, 3, 3, 0, 160)
31 (1, 4, 0, 0, 853, 0, 0, 0, 3, 4, 0, 218)
0 (1, 4, 159, 0, 0, 9, 17, 57, 1, 1, 0, 132)
1 (1, 4, 124, 0, 73, 2, 40, 19, 1, 1, 0, 5)
2 (1, 4, 0, 0, 230, 0, 36, 0, 1, 1, 0, 28)
3 (1, 4, 0, 0, 385, 0, 35, 0, 1, 2, 0, 116)
4 (1, 4, 0, 0, 337, 0, 0, 0, 1, 2, 0, 135)
5 (1, 4, 0, 0, 705, 0, 0, 0, 2, 3, 0, 35)
6 (1, 4, 364, 0, 525, 0, 0, 0, 2, 3, 0, 207)
7 (1, 4, 0, 122, 782, 0, 0, 0, 2, 3, 0, 211)
8 (1, 4, 498, 529, 801, 0, 0, 0, 3, 3, 0, 84)
9 (1, 4, 778, 828, 573, 0, 0, 0, 3, 4, 0, 182)
10 (1, 4, 535, 863, 284, 0, 0, 0, 2, 3, 0, 114)
11 (1, 4, 459, 723, 0, 0, 0, 0, 1, 2, 0, 192)
12 (1, 4, 438, 563, 0, 0, 0, 0, 1, 2, 0, 104)
13 (1, 4, 395, 415, 0, 0, 0, 25, 1, 2, 0, 109)
14 (1, 4, 368, 191, 0, 0, 0, 69, 1, 1, 0, 39)
15 (1, 4, 104, 0, 0, 0, 43, 45, 2, 3, 0, 159)
16 (1, 4, 189, 0, 0, 0, 93, 33, 2, 3, 0, 201)
17 (1, 4, 0, 0, 0, 0, 249, 0, 3, 5, 0, 6)
18 (1, 4, 0, 0, 0, 0, 203, 0, 8, 15, 0, 68)
19 (1, 4, 253, 0, 264, 0, 126, 0, 2, 2, 0, 50)
20 (1, 4, 0, 0, 66, 0, 149, 0, 2, 2, 0, 147)
21 (1, 4, 139, 0, 240, 0, 86, 0, 1, 2, 0, 184)
22 (1, 4, 473, 0, 861, 0, 65, 0, 0, 1, 0, 99)
23 (1, 4, 564, 457, 873, 0, 13, 0, 1, 1, 0, 156)
24 (1, 4, 592, 561, 686, 0, 0, 0, 1, 1, 0, 185)
25 (1, 4, 557, 599, 338, 0, 0, 0, 1, 0, 0, 66)
26 (1, 4, 298, 466, 118, 0, 0, 0, 1, 0, 0, 213)
27 (1, 4, 310, 269, 24, 0, 0, 0, 0, 0, 0, 133)
28 (1, 4, 234, 183, 0, 0, 0, 0, 0, 0, 0, 233)
29 (1, 4, 172, 138, 34, 8, 0, 0, 0, 0, 0, 18)
30 (1, 4, 213, 74, 42, 30, 0, 10, 0, 0, 0, 26)
31 (1, 4, 257, 31, 63, 35, 0, 38, 0, 0, 0, 223)
0 (1, 4, 256, 0, 27, 22, 0, 67, 0, 0, 0, 146)
1 (1, 4, 275, 0, 33, 25, 0, 70, 0, 0, 0, 125)
2 (1, 4, 425, 0, 10, 24, 0, 85, 0, 0, 0, 112)
3 (1, 4, 315, 0, 106, 13, 0, 58, 1, 1, 0, 28)
4 (1, 4, 330, 0, 201, 0, 2, 15, 1, 1, 0, 185)
5 (1, 4, 84, 0, 281, 0, 6, 0, 1, 1, 0, 61)
6 (1, 4, 0, 0, 198, 0, 0, 0, 2, 2, 0, 23)
7 (1, 4, 0, 0, 424, 0, 8, 0, 1, 2, 0, 229)
8 (1, 4, 320, 0, 393, 0, 0, 0, 1, 2, 0, 197)
9 (1, 4, 592, 0, 562, 0, 0, 0, 2, 3, 0, 126)
10 (1, 4, 116, 62, 686, 0, 0, 0, 2, 2, 0, 37)
11 (1, 4, 478, 251, 537, 0, 0, 0, 1, 2, 0, 71)
12 (1, 4, 687, 639, 620, 0, 0, 0, 2, 2, 0, 225)
13 (1, 4, 742, 800, 434, 0, 0, 0, 2, 2, 0, 255)
14 (1, 4, 639, 808, 165, 0, 0, 0, 2, 2, 0, 0)
15 (1, 4, 324, 696, 0, 0, 0, 0, 2, 2, 0, 3)
16 (1, 4, 257, 599, 0, 0, 0, 0, 1, 1, 0, 86)
17 (1, 4, 493, 449, 0, 0, 0, 13, 1, 1, 0, 250)
18 (1, 4, 633, 208, 0, 0, 0, 30, 1, 1, 0, 181)
19 (1, 4, 648, 0, 0, 0, 28, 40, 1, 2, 0, 71)
20 (1, 4, 578, 0, 68, 20, 60, 17, 2, 2, 0, 117)
21 (1, 4, 362, 0, 315, 9, 50, 17, 2, 2, 0, 6)
22 (1, 4, 6, 0, 475, 0, 37, 0, 2, 2, 0, 240)
23 (1, 4, 0, 0, 393, 0, 0, 0, 2, 2, 0, 232)
24 (1, 4, 0, 0, 232, 0, 76, 0, 1, 2, 0, 186)
25 (1, 4, 0, 0, 248, 0, 36, 0, 1, 2, 0, 19)
26 (1, 4, 573, 49, 873, 0, 0, 0, 1, 2, 0, 115)
27 (1, 4, 640, 657, 873, 0, 0, 0, 1, 1, 0, 180)
28 (1, 4, 510, 873, 873, 0, 12, 0, 0, 0, 0, 20)
29 (1, 4, 724, 708, 873, 0, 0, 0, 1, 0, 0, 3)
30 (1, 4, 614, 537, 319, 0, 0, 0, 1, 1, 0, 54)
31 (1, 4, 365, 479, 169, 0, 0, 0, 0, 0, 0, 228)
0 (1, 4, 143, 0, 360, 0, 64, 0, 2, 2, 0, 221)
1 (1, 4, 512, 0, 619, 0, 38, 0, 1, 2, 0, 106)
2 (1, 4, 866, 98, 732, 0, 0, 0, 1, 2, 0, 159)
3 (1, 4, 873, 534, 602, 0, 0, 0, 2, 2, 0, 236)
4 (1, 4, 672, 816, 327, 0, 0, 0, 1, 2, 0, 212)
5 (1, 4, 271, 605, 0, 0, 0, 0, 1, 2, 0, 97)
6 (1, 4, 15, 505, 0, 0, 0, 0, 1, 1, 0, 239)
7 (1, 4, 587, 536, 0, 0, 0, 0, 1, 2, 0, 58)
8 (1, 4, 873, 262, 0, 0, 0, 0, 1, 2, 0, 174)
9 (1, 4, 700, 0, 0, 0, 54, 7, 1, 2, 0, 62)
10 (1, 4, 406, 0, 0, 0, 34, 18, 1, 2, 0, 140)
11 (1, 4, 526, 0, 0, 0, 39, 0, 1, 2, 0, 255)
12 (1, 4, 376, 0, 24, 0, 35, 0, 1, 2, 0, 83)
13 (1, 4, 0, 0, 0, 0, 115, 0, 2, 3, 0, 30)
14 (1, 4, 0, 0, 0, 0, 163, 0, 2, 2, 0, 222)
15 (1, 4, 261, 0, 94, 0, 0, 0, 2, 2, 0, 17)
16 (1, 4, 873, 0, 719, 0, 56, 0, 0, 1, 0, 131)
17 (1, 4, 872, 441, 873, 0, 0, 0, 0, 1, 0, 166)
18 (1, 4, 573, 557, 821, 0, 0, 0, 0, 0, 0, 100)
19 (1, 4, 563, 681, 263, 0, 0, 0, 0, 0, 0, 255)
20 (1, 4, 331, 603, 19, 0, 0, 0, 0, 0, 0, 23)
21 (1, 4, 355, 457, 0, 0, 0, 0, 0, 0, 0, 65)
22 (1, 4, 374, 278, 0, 0, 0, 0, 0, 0, 0, 197)
23 (1, 4, 377, 88, 0, 7, 0, 0, 0, 0, 0, 160)
24 (1, 4, 317, 0, 0, 28, 0, 0, 0, 0, 0, 110)
25 (1, 4, 297, 0, 55, 28, 0, 0, 0, 0, 0, 210)
26 (1, 4, 226, 0, 131, 36, 0, 0, 0, 0, 0, 230)
27 (1, 4, 129, 0, 145, 26, 0, 0, 0, 0, 0, 78)
28 (1, 4, 14, 0, 154, 19, 0, 0, 0, 0, 0, 225)
29 (1, 4, 0, 0, 144, 6, 0, 0, 1, 0, 0, 208)
30 (1, 4, 0, 0, 64, 0, 0, 0, 0, 0, 0, 133)
31 (1, 4, 0, 0, 16, 0, 0, 0, 1, 0, 0, 99)
0 (1, 4, 0, 14, 0, 0, 24, 0, 1, 1, 0, 55)
1 (1, 4, 0, 25, 130, 0, 66, 0, 1, 1, 0, 38)
2 (1, 4, 95, 183, 268, 2, 45, 0, 1, 1, 0, 51)
3 (1, 4, 562, 39, 254, 0, 4, 0, 1, 1, 0, 45)
4 (1, 4, 768, 0, 495, 16, 0, 0, 1, 1, 0, 118)
5 (1, 4, 337, 355, 731, 0, 0, 0, 1, 1, 0, 166)
6 (1, 4, 873, 222, 0, 0, 0, 0, 1, 1, 0, 166)
7 (1, 4, 461, 726, 0, 0, 0, 0, 1, 2, 0, 139)
8 (1, 4, 430, 453, 0, 0, 0, 0, 1, 1, 0, 251)
9 (1, 4, 436, 0, 0, 0, 0, 4, 1, 1, 0, 10)
10 (1, 4, 535, 0, 0, 0, 0, 0, 1, 1, 0, 185)
11 (1, 4, 379, 0, 95, 0, 22, 9, 2, 2, 0, 222)
12 (1, 4, 123, 0, 176, 0, 33, 3, 2, 2, 0, 194)
13 (1, 4, 0, 0, 116, 0, 25, 0, 2, 2, 0, 117)
14 (1, 4, 0, 0, 0, 0, 0, 0, 2, 2, 0, 108)
15 (1, 4, 139, 0, 0, 0, 15, 0, 2, 2, 0, 178)
16 (1, 4, 0, 0, 0, 0, 205, 0, 2, 2, 0, 25)
17 (1, 4, 792, 0, 507, 0, 59, 0, 1, 2, 0, 79)
18 (1, 4, 382, 0, 695, 0, 51, 0, 1, 2, 0, 30)
19 (1, 4, 378, 0, 713, 0, 0, 0, 4, 3, 0, 20)
20 (1, 4, 531, 0, 313, 0, 14, 0, 0, 1, 0, 199)
21 (1, 4, 353, 873, 595, 0, 77, 0, 1, 1, 0, 158)
22 (1, 4, 390, 802, 409, 0, 0, 0, 0, 1, 0, 90)
23 (1, 4, 534, 523, 192, 0, 0, 0, 0, 1, 0, 121)
24 (1, 4, 568, 393, 52, 0, 0, 0, 1, 0, 0, 114)
25 (1, 4, 374, 303, 0, 0, 0, 0, 1, 1, 0, 105)
26 (1, 4, 257, 245, 0, 0, 0, 0, 0, 0, 0, 60)
27 (1, 4, 236, 147, 0, 11, 0, 1, 0, 0, 0, 211)
28 (1, 4, 236, 69, 8, 26, 0, 19, 1, 0, 0, 219)
29 (1, 4, 102, 69, 101, 26, 0, 29, 0, 0, 0, 149)
30 (1, 4, 0, 0, 189, 19, 0, 41, 0, 0, 0, 58)
31 (1, 4, 0, 0, 231, 1, 0, 8, 1, 0, 0, 248)
0 (1, 4, 336, 0, 0, 0, 0, 49, 2, 2, 0, 170)
1 (1, 4, 486, 0, 0, 0, 120, 5, 1, 2, 0, 78)
2 (1, 4, 0, 0, 0, 0, 203, 0, 2, 2, 0, 8)
3 (1, 4, 0, 0, 172, 0, 168, 0, 3, 3, 0, 112)
4 (1, 4, 416, 0, 644, 0, 197, 0, 2, 2, 0, 29)
5 (1, 4, 0, 0, 858, 0, 0, 0, 2, 2, 0, 156)
6 (1, 4, 312, 203, 823, 0, 0, 0, 2, 2, 0, 83)
7 (1, 4, 873, 873, 526, 0, 0, 0, 2, 2, 0, 66)
8 (1, 4, 347, 873, 0, 0, 0, 0, 2, 2, 0, 10)
9 (1, 4, 280, 767, 0, 0, 0, 13, 2, 2, 0, 227)
10 (1, 4, 65, 318, 0, 0, 0, 25, 2, 2, 0, 79)
11 (1, 4, 366, 0, 0, 0, 0, 41, 2, 2, 0, 224)
12 (1, 4, 574, 0, 0, 0, 29, 12, 2, 2, 0, 90)
13 (1, 4, 459, 0, 0, 0, 56, 0, 1, 2, 0, 127)
14 (1, 4, 87, 0, 15, 0, 53, 0, 1, 2, 0, 194)
15 (1, 4, 0, 0, 0, 0, 54, 0, 2, 2, 0, 245)
16 (1, 4, 0, 0, 0, 0, 90, 0, 2, 2, 0, 192)
17 (1, 4, 199, 0, 0, 0, 169, 0, 2, 2, 0, 91)
18 (1, 4, 253, 0, 142, 0, 102, 0, 1, 2, 0, 13)
19 (1, 4, 586, 0, 581, 0, 60, 0, 1, 2, 0, 10)
20 (1, 4, 328, 241, 630, 0, 59, 0, 1, 1, 0, 107)
21 (1, 4, 326, 596, 864, 0, 19, 0, 0, 0, 0, 200)
22 (1, 4, 468, 478, 687, 0, 0, 0, 0, 0, 0, 214)
23 (1, 4, 630, 621, 490, 0, 4, 0, 0, 0, 0, 121)
24 (1, 4, 591, 696, 260, 0, 18, 0, 0, 0, 0, 1)
25 (1, 4, 395, 501, 151, 0, 0, 0, 0, 0, 0, 203)
26 (1, 4, 405, 331, 0, 0, 0, 0, 0, 0, 0, 178)
27 (1, 4, 296, 243, 0, 0, 0, 0, 0, 0, 0, 50)
28 (1, 4, 187, 124, 0, 16, 0, 0, 0, 0, 0, 144)
29 (1, 4, 131, 9, 0, 39, 0, 0, 0, 0, 0, 203)
30 (1, 4, 139, 0, 0, 56, 0, 0, 0, 0, 0, 239)
31 (1, 4, 173, 23, 42, 61, 0, 0, 0, 0, 0, 97)
GLOVE DISCONNECTED
GLOVE CONNECTED
0 (1, 4, 0, 0, 0, 0, 26, 50, 0, 0, 0, 3)
1 (1, 4, 0, 0, 0, 0, 45, 0, 0, 1, 0, 67)
2 (1, 4, 0, 0, 68, 0, 68, 0, 1, 1, 0, 43)
3 (1, 4, 0, 0, 116, 0, 100, 0, 1, 2, 0, 26)
4 (1, 4, 393, 0, 402, 0, 0, 0, 1, 2, 0, 95)
5 (1, 4, 134, 0, 873, 0, 0, 0, 1, 2, 0, 49)
6 (1, 4, 832, 486, 873, 0, 0, 0, 1, 2, 0, 157)
7 (1, 4, 873, 873, 823, 0, 0, 0, 1, 1, 0, 173)
8 (1, 4, 700, 873, 188, 0, 0, 0, 1, 1, 0, 244)
9 (1, 4, 478, 667, 0, 0, 0, 0, 1, 1, 0, 155)
10 (1, 4, 488, 437, 0, 0, 0, 0, 1, 1, 0, 118)
11 (1, 4, 616, 130, 0, 0, 0, 0, 1, 1, 0, 33)
12 (1, 4, 601, 0, 0, 0, 20, 17, 1, 1, 0, 14)
13 (1, 4, 451, 0, 0, 0, 33, 26, 1, 1, 0, 15)
14 (1, 4, 222, 0, 0, 0, 46, 0, 1, 1, 0, 130)
15 (1, 4, 79, 0, 0, 0, 98, 0, 1, 2, 0, 252)
16 (1, 4, 0, 0, 0, 0, 141, 0, 1, 2, 0, 165)
17 (1, 4, 242, 0, 44, 0, 142, 0, 1, 2, 0, 149)
18 (1, 4, 151, 0, 549, 0, 38, 0, 1, 1, 0, 58)
19 (1, 4, 873, 118, 873, 0, 0, 0, 0, 1, 0, 126)
20 (1, 4, 823, 562, 873, 0, 0, 0, 0, 0, 0, 188)
21 (1, 4, 468, 643, 641, 0, 0, 0, 0, 0, 0, 243)
22 (1, 4, 222, 620, 155, 0, 0, 0, 0, 0, 0, 58)
23 (1, 4, 0, 493, 0, 0, 0, 0, 0, 0, 0, 7)
24 (1, 4, 232, 494, 134, 0, 0, 0, 0, 0, 0, 116)
25 (1, 4, 400, 303, 161, 0, 0, 0, 0, 0, 0, 132)
26 (1, 4, 492, 220, 128, 1, 0, 0, 0, 0, 0, 11)
27 (1, 4, 294, 84, 137, 21, 0, 0, 0, 0, 0, 234)
28 (1, 4, 61, 37, 53, 35, 0, 14, 0, 0, 0, 23)
29 (1, 4, 58, 9, 80, 43, 0, 19, 0, 0, 0, 50)
30 (1, 4, 34, 8, 27, 38, 0, 21, 0, 0, 0, 188)
31 (1, 4, 25, 0, 11, 47, 0, 20, 0, 0, 0, 13)
0 (1, 4, 0, 0, 0, 0, 24, 0, 1, 1, 0, 51)
1 (1, 4, 0, 0, 0, 0, 22, 0, 1, 2, 0, 94)
2 (1, 4, 127, 0, 347, 0, 0, 0, 1, 2, 0, 224)
3 (1, 4, 243, 0, 706, 0, 0, 0, 1, 2, 0, 252)
4 (1, 4, 500, 393, 577, 0, 0, 0, 1, 2, 0, 124)
5 (1, 4, 571, 690, 698, 0, 0, 0, 1, 1, 0, 109)
6 (1, 4, 726, 873, 452, 0, 0, 0, 1, 1, 0, 77)
7 (1, 4, 652, 872, 0, 0, 0, 0, 1, 1, 0, 244)
8 (1, 4, 586, 611, 0, 0, 0, 0, 1, 1, 0, 194)
9 (1, 4, 488, 330, 0, 0, 0, 0, 1, 1, 0, 230)
10 (1, 4, 571, 0, 0, 0, 0, 22, 1, 1, 0, 41)
11 (1, 4, 873, 0, 7, 0, 0, 25, 1, 1, 0, 66)
12 (1, 4, 641, 0, 274, 0, 4, 0, 1, 1, 0, 134)
13 (1, 4, 289, 0, 179, 0, 0, 0, 1, 2, 0, 202)
14 (1, 4, 69, 0, 50, 0, 0, 0, 2, 2, 0, 125)
15 (1, 4, 0, 0, 110, 0, 44, 0, 2, 2, 0, 139)
16 (1, 4, 0, 0, 228, 0, 129, 0, 1, 2, 0, 45)
17 (1, 4, 139, 0, 539, 0, 0, 0, 2, 2, 0, 217)
18 (1, 4, 263, 0, 3, 0, 0, 0, 1, 1, 0, 228)
19 (1, 4, 873, 424, 699, 0, 74, 0, 0, 1, 0, 82)
20 (1, 4, 308, 686, 873, 0, 5, 0, 0, 0, 0, 57)
21 (1, 4, 373, 535, 583, 0, 0, 0, 1, 0, 0, 140)
22 (1, 4, 315, 620, 435, 0, 0, 0, 0, 0, 0, 74)
23 (1, 4, 325, 583, 258, 0, 0, 0, 0, 0, 0, 253)
24 (1, 4, 295, 504, 135, 0, 0, 0, 0, 0, 0, 242)
25 (1, 4, 259, 495, 17, 0, 0, 0, 0, 0, 0, 145)
26 (1, 4, 156, 325, 0, 0, 0, 0, 0, 0, 0, 202)
27 (1, 4, 161, 226, 0, 24, 0, 0, 0, 0, 0, 128)
28 (1, 4, 159, 168, 3, 48, 0, 0, 0, 0, 0, 4)
29 (1, 4, 114, 106, 0, 63, 0, 0, 0, 0, 0, 232)
30 (1, 4, 174, 63, 0, 79, 0, 5, 0, 0, 0, 48)
31 (1, 4, 293, 3, 0, 82, 0, 6, 1, 0, 0, 231)
0 (1, 4, 81, 42, 0, 92, 0, 34, 1, 0, 0, 217)
1 (1, 4, 49, 70, 0, 89, 0, 41, 0, 0, 0, 50)
2 (1, 4, 45, 69, 22, 80, 0, 45, 0, 0, 0, 222)
3 (1, 4, 43, 101, 39, 65, 0, 58, 0, 0, 0, 5)
4 (1, 4, 0, 66, 83, 50, 0, 88, 0, 0, 0, 243)
5 (1, 4, 184, 0, 158, 11, 0, 110, 1, 1, 0, 109)
6 (1, 4, 560, 0, 226, 0, 0, 133, 0, 0, 0, 166)
7 (1, 4, 254, 0, 68, 0, 0, 21, 0, 0, 0, 77)
8 (1, 4, 174, 0, 49, 0, 0, 0, 1, 1, 0, 228)
9 (1, 4, 21, 0, 262, 0, 70, 0, 1, 1, 0, 134)
10 (1, 4, 644, 0, 617, 0, 29, 0, 1, 2, 0, 170)
11 (1, 4, 508, 0, 873, 0, 0, 0, 2, 2, 0, 87)
12 (1, 4, 873, 274, 786, 0, 0, 0, 2, 2, 0, 4)
13 (1, 4, 873, 873, 373, 0, 0, 0, 2, 2, 0, 216)
14 (1, 4, 815, 758, 0, 0, 0, 0, 1, 2, 0, 10)
15 (1, 4, 654, 417, 0, 0, 0, 38, 1, 1, 0, 204)
16 (1, 4, 360, 59, 0, 0, 0, 0, 1, 1, 0, 131)
17 (1, 4, 392, 0, 0, 0, 0, 1, 1, 2, 0, 114)
18 (1, 4, 579, 0, 0, 0, 0, 16, 1, 2, 0, 134)
19 (1, 4, 572, 0, 0, 0, 31, 0, 1, 2, 0, 141)
20 (1, 4, 397, 0, 133, 0, 9, 0, 1, 2, 0, 24)
21 (1, 4, 120, 0, 181, 0, 21, 0, 1, 2, 0, 177)
22 (1, 4, 0, 0, 180, 0, 19, 0, 1, 2, 0, 234)
23 (1, 4, 0, 0, 164, 0, 77, 0, 1, 2, 0, 218)
24 (1, 4, 0, 0, 18, 0, 5, 0, 1, 2, 0, 0)
0 (1, 4, 0, 0, 0, 0, 119, 0, 2, 2, 0, 150)
1 (1, 4, 0, 0, 318, 0, 98, 0, 2, 2, 0, 152)
2 (1, 4, 477, 0, 622, 0, 0, 0, 2, 2, 0, 38)
3 (1, 4, 29, 0, 779, 0, 0, 0, 1, 2, 0, 140)
4 (1, 4, 873, 0, 873, 0, 0, 0, 1, 2, 0, 54)
5 (1, 4, 873, 512, 580, 0, 0, 0, 1, 1, 0, 147)
6 (1, 4, 873, 873, 0, 0, 0, 0, 1, 1, 0, 46)
7 (1, 4, 498, 835, 0, 0, 0, 0, 1, 1, 0, 161)
8 (1, 4, 768, 452, 0, 0, 0, 0, 1, 1, 0, 204)
9 (1, 4, 873, 179, 0, 0, 23, 0, 1, 1, 0, 214)
10 (1, 4, 779, 0, 0, 0, 74, 0, 1, 1, 0, 58)
11 (1, 4, 363, 0, 0, 0, 95, 0, 1, 2, 0, 210)
12 (1, 4, 587, 0, 85, 0, 63, 0, 2, 2, 0, 236)
13 (1, 4, 379, 0, 198, 0, 40, 0, 2, 2, 0, 21)
14 (1, 4, 0, 0, 15, 0, 129, 0, 1, 2, 0, 222)
15 (1, 4, 0, 0, 88, 0, 133, 0, 2, 2, 0, 250)
16 (1, 4, 774, 0, 485, 0, 0, 0, 1, 1, 0, 54)
17 (1, 4, 873, 0, 807, 0, 0, 0, 0, 1, 0, 223)
18 (1, 4, 873, 357, 873, 0, 18, 0, 3, 1, 0, 243)
19 (1, 4, 0, 665, 650, 0, 16, 0, 1, 1, 0, 129)
20 (1, 4, 306, 873, 481, 0, 57, 0, 1, 0, 0, 71)
21 (1, 4, 656, 783, 277, 0, 63, 0, 0, 0, 0, 223)
22 (1, 4, 535, 562, 105, 0, 28, 0, 0, 0, 0, 57)
23 (1, 4, 441, 381, 14, 0, 13, 0, 0, 0, 0, 191)
24 (1, 4, 400, 274, 0, 0, 14, 0, 0, 0, 0, 176)
25 (1, 4, 324, 215, 0, 11, 5, 11, 0, 0, 0, 227)
26 (1, 4, 188, 108, 4, 36, 0, 21, 0, 0, 0, 158)
27 (1, 4, 172, 14, 20, 49, 0, 38, 0, 0, 0, 173)
28 (1, 4, 193, 42, 74, 69, 0, 46, 0, 0, 0, 169)
29 (1, 4, 185, 34, 96, 70, 0, 45, 0, 1, 0, 133)
30 (1, 4, 131, 80, 85, 62, 0, 65, 1, 1, 0, 226)
31 (1, 4, 101, 68, 96, 50, 0, 65, 1, 0, 0, 130)
0 (1, 4, 266, 0, 52, 6, 0, 98, 0, 0, 0, 208)
1 (1, 4, 273, 0, 99, 13, 0, 87, 0, 0, 0, 50)
2 (1, 4, 150, 0, 184, 13, 22, 63, 0, 0, 0, 231)
3 (1, 4, 16, 0, 279, 0, 21, 32, 0, 0, 0, 231)
4 (1, 4, 0, 0, 386, 0, 19, 0, 0, 0, 0, 243)
5 (1, 4, 0, 0, 396, 0, 11, 0, 0, 0, 0, 122)
6 (1, 4, 0, 0, 251, 0, 0, 0, 0, 1, 0, 153)
7 (1, 4, 159, 0, 465, 0, 8, 0, 1, 1, 0, 165)
8 (1, 4, 418, 0, 873, 0, 0, 0, 1, 1, 0, 113)
9 (1, 4, 736, 326, 873, 0, 0, 0, 1, 2, 0, 142)
10 (1, 4, 873, 873, 695, 0, 0, 0, 2, 2, 0, 26)
11 (1, 4, 645, 806, 0, 0, 0, 0, 1, 2, 0, 176)
12 (1, 4, 303, 594, 0, 0, 0, 22, 2, 2, 0, 174)
13 (1, 4, 218, 330, 0, 0, 0, 0, 1, 2, 0, 98)
14 (1, 4, 451, 144, 0, 0, 0, 3, 1, 2, 0, 64)
15 (1, 4, 686, 0, 0, 0, 0, 0, 2, 2, 0, 238)
16 (1, 4, 769, 0, 0, 0, 0, 0, 2, 2, 0, 100)
17 (1, 4, 664, 0, 151, 0, 0, 0, 2, 2, 0, 134)
18 (1, 4, 401, 0, 255, 0, 0, 0, 1, 2, 0, 225)
19 (1, 4, 252, 0, 425, 0, 0, 0, 1, 2, 0, 67)
20 (1, 4, 233, 0, 452, 0, 0, 0, 1, 2, 0, 230)
21 (1, 4, 0, 0, 50, 0, 45, 0, 2, 2, 0, 148)
22 (1, 4, 0, 0, 27, 0, 81, 0, 2, 2, 0, 242)
23 (1, 4, 258, 0, 634, 0, 0, 0, 1, 2, 0, 135)
24 (1, 4, 802, 34, 382, 0, 10, 0, 1, 2, 0, 97)
25 (1, 4, 806, 402, 729, 0, 0, 0, 1, 1, 0, 157)
26 (1, 4, 459, 701, 444, 0, 7, 0, 1, 1, 0, 159)
27 (1, 4, 267, 858, 423, 0, 12, 0, 0, 1, 0, 244)
28 (1, 4, 230, 774, 331, 0, 6, 0, 0, 0, 0, 46)
29 (1, 4, 231, 704, 192, 0, 0, 0, 0, 0, 0, 74)
30 (1, 4, 137, 478, 46, 0, 0, 0, 0, 0, 0, 36)
31 (1, 4, 227, 406, 95, 0, 0, 0, 0, 0, 0, 216)
0 (1, 4, 102, 0, 36, 57, 0, 34, 0, 0, 0, 85)
1 (1, 4, 110, 0, 67, 54, 0, 30, 0, 0, 0, 141)
2 (1, 4, 178, 0, 74, 53, 0, 28, 0, 0, 0, 9)
3 (1, 4, 269, 0, 161, 42, 0, 22, 0, 0, 0, 145)
4 (1, 4, 696, 0, 288, 34, 0, 26, 0, 0, 0, 204)
5 (1, 4, 778, 0, 149, 42, 0, 29, 0, 0, 0, 236)
6 (1, 4, 544, 0, 25, 38, 0, 61, 0, 0, 0, 115)
7 (1, 4, 483, 0, 12, 32, 0, 91, 0, 0, 0, 36)
8 (1, 4, 661, 0, 50, 35, 0, 89, 0, 0, 0, 124)
9 (1, 4, 529, 0, 73, 47, 56, 49, 0, 0, 0, 239)
10 (1, 4, 267, 0, 183, 41, 54, 28, 0, 0, 0, 80)
11 (1, 4, 356, 0, 308, 27, 35, 19, 0, 0, 0, 149)
12 (1, 4, 396, 0, 648, 0, 19, 0, 0, 0, 0, 216)
13 (1, 4, 339, 0, 821, 0, 0, 0, 1, 0, 0, 201)
14 (1, 4, 0, 0, 873, 0, 0, 0, 1, 1, 0, 189)
15 (1, 4, 223, 0, 873, 0, 0, 0, 1, 1, 0, 155)
16 (1, 4, 201, 221, 873, 0, 0, 0, 1, 1, 0, 96)
17 (1, 4, 604, 651, 571, 0, 0, 0, 1, 1, 0, 201)
18 (1, 4, 629, 873, 356, 0, 0, 0, 1, 1, 0, 130)
19 (1, 4, 873, 873, 10, 0, 0, 0, 1, 2, 0, 0)
20 (1, 4, 678, 766, 0, 0, 0, 0, 1, 1, 0, 109)
21 (1, 4, 282, 277, 0, 0, 0, 0, 1, 1, 0, 18)
22 (1, 4, 438, 65, 0, 0, 0, 0, 1, 1, 0, 85)
23 (1, 4, 715, 0, 0, 0, 0, 0, 1, 1, 0, 141)
24 (1, 4, 745, 0, 0, 0, 0, 0, 1, 1, 0, 86)
25 (1, 4, 693, 0, 0, 0, 26, 0, 1, 1, 0, 193)
26 (1, 4, 646, 0, 0, 0, 50, 0, 1, 1, 0, 56)
27 (1, 4, 400, 0, 281, 0, 67, 0, 1, 1, 0, 27)
28 (1, 4, 330, 0, 536, 0, 27, 0, 1, 2, 0, 155)
29 (1, 4, 82, 0, 637, 0, 19, 0, 1, 2, 0, 7)
30 (1, 4, 0, 0, 667, 0, 4, 0, 1, 2, 0, 26)
31 (1, 4, 0, 0, 576, 0, 0, 0, 1, 2, 0, 139)
0 (1, 4, 313, 388, 0, 0, 4, 0, 0, 0, 0, 248)
1 (1, 4, 122, 269, 0, 0, 2, 0, 0, 0, 0, 119)
2 (1, 4, 34, 326, 0, 0, 0, 0, 0, 0, 0, 116)
3 (1, 4, 92, 253, 0, 22, 0, 6, 0, 0, 0, 219)
4 (1, 4, 115, 106, 0, 41, 0, 3, 0, 0, 0, 53)
5 (1, 4, 124, 73, 0, 59, 0, 6, 0, 0, 0, 22)
6 (1, 4, 64, 37, 26, 57, 0, 0, 0, 0, 0, 79)
7 (1, 4, 115, 21, 25, 54, 0, 2, 0, 0, 0, 126)
8 (1, 4, 158, 0, 51, 59, 0, 2, 0, 0, 0, 155)
9 (1, 4, 342, 0, 110, 62, 0, 9, 0, 0, 0, 104)
10 (1, 4, 873, 0, 310, 38, 0, 32, 0, 0, 0, 239)
11 (1, 4, 873, 0, 115, 42, 0, 5, 0, 0, 0, 12)
12 (1, 4, 873, 0, 0, 41, 10, 41, 0, 0, 0, 225)
13 (1, 4, 245, 0, 0, 32, 59, 63, 0, 0, 0, 83)
14 (1, 4, 0, 0, 0, 35, 47, 54, 1, 0, 0, 206)
15 (1, 4, 0, 0, 46, 25, 37, 55, 1, 1, 0, 162)
16 (1, 4, 199, 0, 282, 23, 42, 18, 1, 1, 0, 142)
17 (1, 4, 203, 0, 598, 0, 36, 0, 1, 1, 0, 40)
18 (1, 4, 0, 0, 823, 0, 50, 0, 1, 1, 0, 142)
19 (1, 4, 0, 0, 699, 0, 0, 0, 1, 2, 0, 7)
20 (1, 4, 573, 75, 492, 0, 0, 0, 1, 2, 0, 12)
21 (1, 4, 0, 222, 873, 0, 0, 0, 1, 2, 0, 231)
22 (1, 4, 162, 45, 809, 0, 0, 0, 1, 1, 0, 150)
23 (1, 4, 510, 211, 660, 0, 0, 0, 2, 2, 0, 208)
24 (1, 4, 674, 533, 395, 0, 0, 0, 2, 1, 0, 115)
25 (1, 4, 828, 704, 0, 0, 0, 0, 2, 1, 0, 247)
26 (1, 4, 567, 665, 0, 0, 0, 0, 1, 1, 0, 213)
27 (1, 4, 408, 519, 0, 0, 0, 0, 1, 1, 0, 63)
28 (1, 4, 286, 365, 0, 0, 0, 0, 1, 1, 0, 185)
29 (1, 4, 179, 252, 0, 0, 0, 0, 1, 1, 0, 31)
30 (1, 4, 296, 160, 0, 0, 0, 10, 1, 1, 0, 82)
31 (1, 4, 394, 5, 0, 0, 0, 27, 1, 1, 0, 60)
0 (1, 4, 0, 0, 229, 0, 18, 0, 1, 2, 0, 131)
1 (1, 4, 0, 0, 485, 0, 19, 0, 1, 2, 0, 167)
2 (1, 4, 0, 0, 579, 0, 0, 0, 2, 2, 0, 150)
3 (1, 4, 745, 0, 360, 0, 0, 0, 1, 1, 0, 178)
4 (1, 4, 673, 403, 424, 0, 51, 0, 1, 1, 0, 31)
5 (1, 4, 40, 695, 664, 0, 22, 0, 0, 0, 0, 184)
6 (1, 4, 281, 619, 544, 0, 0, 0, 1, 0, 0, 35)
7 (1, 4, 354, 592, 356, 0, 0, 0, 0, 0, 0, 7)
8 (1, 4, 276, 552, 209, 0, 0, 0, 0, 0, 0, 249)
9 (1, 4, 279, 389, 95, 0, 0, 0, 0, 0, 0, 224)
10 (1, 4, 291, 268, 23, 0, 0, 0, 0, 0, 0, 191)
11 (1, 4, 192, 253, 0, 4, 0, 0, 0, 0, 0, 99)
12 (1, 4, 121, 132, 0, 25, 0, 0, 0, 0, 0, 101)
13 (1, 4, 95, 89, 0, 45, 0, 0, 0, 0, 0, 219)
14 (1, 4, 34, 0, 0, 53, 0, 0, 0, 0, 0, 216)
15 (1, 4, 57, 0, 0, 62, 0, 0, 0, 0, 0, 131)
16 (1, 4, 72, 0, 50, 61, 0, 0, 0, 0, 0, 172)
17 (1, 4, 284, 0, 138, 50, 0, 0, 0, 0, 0, 150)
18 (1, 4, 654, 0, 196, 23, 0, 0, 0, 0, 0, 197)
19 (1, 4, 873, 0, 0, 0, 0, 0, 0, 0, 0, 72)
20 (1, 4, 416, 0, 0, 0, 0, 45, 1, 1, 0, 70)
21 (1, 4, 0, 0, 0, 0, 0, 114, 1, 1, 0, 249)
22 (1, 4, 248, 0, 0, 0, 26, 57, 1, 1, 0, 77)
23 (1, 4, 88, 0, 133, 0, 74, 0, 2, 2, 0, 103)
24 (1, 4, 143, 0, 416, 0, 125, 0, 2, 2, 0, 184)
25 (1, 4, 873, 0, 873, 0, 60, 0, 2, 2, 0, 58)
26 (1, 4, 497, 873, 870, 0, 0, 0, 1, 1, 0, 60)
27 (1, 4, 873, 873, 82, 0, 0, 0, 1, 1, 0, 133)
28 (1, 4, 515, 873, 0, 0, 0, 10, 1, 1, 0, 93)
29 (1, 4, 873, 445, 0, 0, 0, 29, 1, 1, 0, 73)
30 (1, 4, 658, 0, 0, 0, 182, 35, 1, 1, 0, 240)
31 (1, 4, 498, 0, 0, 0, 291, 0, 1, 1, 0, 71)
0 (1, 4, 678, 873, 365, 0, 0, 0, 0, 0, 0, 205)
1 (1, 4, 690, 613, 10, 0, 3, 0, 0, 0, 0, 175)
2 (1, 4, 579, 292, 0, 0, 16, 0, 0, 0, 0, 153)
3 (1, 4, 317, 311, 0, 0, 10, 0, 0, 0, 0, 106)
4 (1, 4, 184, 309, 0, 0, 3, 0, 0, 0, 0, 158)
5 (1, 4, 122, 185, 0, 16, 0, 13, 0, 0, 0, 175)
6 (1, 4, 194, 67, 0, 45, 0, 24, 0, 0, 0, 238)
7 (1, 4, 298, 0, 117, 71, 0, 39, 1, 1, 0, 84)
8 (1, 4, 517, 0, 248, 36, 0, 23, 1, 1, 0, 39)
9 (1, 4, 82, 118, 341, 26, 0, 20, 1, 0, 0, 122)
10 (1, 4, 342, 131, 122, 0, 0, 74, 0, 0, 0, 23)
11 (1, 4, 716, 0, 77, 0, 0, 69, 0, 0, 0, 204)
12 (1, 4, 744, 0, 132, 0, 0, 39, 0, 0, 0, 76)
13 (1, 4, 408, 0, 173, 0, 74, 23, 1, 0, 0, 11)
14 (1, 4, 0, 0, 597, 0, 112, 0, 1, 1, 0, 17)
15 (1, 4, 0, 0, 647, 0, 112, 0, 1, 1, 0, 75)
16 (1, 4, 456, 0, 873, 0, 143, 0, 1, 2, 0, 115)
17 (1, 4, 0, 575, 873, 0, 0, 0, 1, 1, 0, 98)
18 (1, 4, 873, 278, 873, 0, 0, 0, 2, 2, 0, 163)
19 (1, 4, 250, 623, 0, 0, 0, 0, 0, 1, 0, 255)
20 (1, 4, 371, 650, 0, 0, 0, 0, 1, 1, 0, 219)
21 (1, 4, 509, 499, 0, 0, 0, 0, 1, 1, 0, 148)
22 (1, 4, 873, 0, 0, 0, 29, 0, 1, 1, 0, 159)
23 (1, 4, 810, 0, 0, 0, 266, 37, 1, 1, 0, 241)
24 (1, 4, 379, 0, 439, 0, 186, 0, 1, 1, 0, 254)
25 (1, 4, 0, 0, 746, 0, 144, 0, 1, 1, 0, 27)
26 (1, 4, 537, 137, 873, 0, 0, 0, 2, 1, 0, 134)
27 (1, 4, 529, 501, 829, 0, 0, 0, 2, 2, 0, 61)
28 (1, 4, 354, 842, 299, 0, 0, 0, 1, 1, 0, 246)
29 (1, 4, 623, 871, 0, 0, 0, 0, 1, 1, 0, 12)
30 (1, 4, 783, 786, 0, 0, 0, 0, 1, 1, 0, 15)
31 (1, 4, 626, 150, 0, 0, 0, 0, 1, 1, 0, 22)
0 (1, 4, 0, 0, 562, 0, 291, 0, 1, 2, 0, 75)
1 (1, 4, 396, 0, 577, 0, 21, 0, 1, 1, 0, 226)
2 (1, 4, 873, 96, 873, 0, 91, 0, 1, 1, 0, 31)
3 (1, 4, 328, 512, 873, 0, 0, 0, 0, 0, 0, 130)
4 (1, 4, 626, 632, 629, 0, 0, 0, 0, 0, 0, 156)
5 (1, 4, 300, 425, 179, 0, 0, 0, 0, 0, 0, 24)
6 (1, 4, 290, 516, 91, 0, 0, 0, 0, 0, 0, 51)
7 (1, 4, 207, 405, 16, 0, 0, 0, 0, 0, 0, 45)
8 (1, 4, 291, 242, 27, 0, 0, 0, 0, 0, 0, 157)
9 (1, 4, 394, 85, 69, 5, 0, 0, 0, 0, 0, 218)
10 (1, 4, 355, 47, 143, 22, 0, 0, 0, 0, 0, 78)
11 (1, 4, 577, 54, 260, 47, 0, 14, 1, 0, 0, 226)
12 (1, 4, 614, 123, 288, 28, 0, 36, 1, 0, 0, 61)
13 (1, 4, 566, 29, 172, 0, 0, 54, 0, 0, 0, 151)
14 (1, 4, 663, 0, 99, 0, 0, 83, 0, 0, 0, 235)
15 (1, 4, 477, 0, 0, 0, 0, 125, 1, 0, 0, 83)
16 (1, 4, 124, 0, 55, 8, 44, 114, 1, 1, 0, 172)
17 (1, 4, 0, 0, 309, 0, 51, 64, 1, 0, 0, 76)
18 (1, 4, 0, 0, 550, 0, 15, 0, 0, 0, 0, 226)
19 (1, 4, 27, 0, 684, 0, 2, 0, 1, 1, 0, 80)
20 (1, 4, 112, 0, 651, 0, 26, 0, 1, 1, 0, 35)
21 (1, 4, 454, 82, 873, 0, 0, 0, 1, 1, 0, 136)
22 (1, 4, 197, 327, 673, 0, 0, 0, 1, 1, 0, 152)
23 (1, 4, 873, 873, 0, 0, 0, 0, 1, 1, 0, 46)
24 (1, 4, 448, 691, 0, 0, 0, 46, 1, 2, 0, 100)
25 (1, 4, 307, 442, 0, 0, 0, 85, 1, 1, 0, 229)
26 (1, 4, 479, 0, 0, 0, 0, 55, 1, 1, 0, 50)
27 (1, 4, 327, 0, 0, 0, 144, 4, 1, 1, 0, 18)
28 (1, 4, 244, 0, 0, 0, 151, 0, 1, 1, 0, 45)
29 (1, 4, 586, 0, 317, 0, 106, 0, 1, 1, 0, 24)
30 (1, 4, 353, 0, 873, 0, 21, 0, 1, 1, 0, 224)
31 (1, 4, 336, 357, 873, 0, 0, 0, 2, 1, 0, 187)
0 (1, 4, 321, 0, 0, 0, 36, 12, 1, 1, 0, 131)
1 (1, 4, 287, 0, 0, 0, 24, 17, 1, 1, 0, 135)
2 (1, 4, 313, 0, 16, 0, 43, 0, 1, 1, 0, 20)
3 (1, 4, 81, 0, 11, 0, 57, 0, 1, 1, 0, 39)
4 (1, 4, 0, 0, 176, 0, 44, 0, 2, 2, 0, 51)
5 (1, 4, 212, 0, 700, 0, 117, 0, 2, 2, 0, 8)
6 (1, 4, 0, 0, 873, 0, 0, 0, 2, 2, 0, 166)
7 (1, 4, 473, 184, 873, 0, 0, 0, 1, 1, 0, 172)
8 (1, 4, 844, 662, 873, 0, 0, 0, 1, 1, 0, 96)
9 (1, 4, 369, 764, 356, 0, 0, 0, 0, 0, 0, 95)
10 (1, 4, 535, 716, 169, 0, 0, 0, 0, 0, 0, 177)
11 (1, 4, 283, 533, 0, 0, 0, 0, 0, 0, 0, 61)
12 (1, 4, 177, 251, 0, 0, 0, 0, 0, 0, 0, 8)
13 (1, 4, 220, 167, 0, 0, 0, 0, 0, 0, 0, 139)
14 (1, 4, 168, 73, 0, 11, 0, 6, 0, 0, 0, 76)
15 (1, 4, 83, 0, 0, 41, 0, 16, 0, 0, 0, 216)
16 (1, 4, 73, 0, 0, 64, 0, 9, 0, 0, 0, 105)
17 (1, 4, 71, 0, 0, 67, 0, 0, 0, 0, 0, 41)
18 (1, 4, 13, 0, 0, 71, 0, 0, 0, 0, 0, 176)
19 (1, 4, 0, 0, 0, 65, 0, 0, 0, 0, 0, 180)
20 (1, 4, 17, 0, 0, 66, 0, 0, 0, 0, 0, 123)
21 (1, 4, 19, 0, 0, 66, 0, 0, 0, 0, 0, 103)
22 (1, 4, 29, 0, 0, 66, 0, 0, 0, 0, 0, 51)
23 (1, 4, 16, 0, 0, 67, 0, 0, 0, 0, 0, 106)
24 (1, 4, 5, 0, 0, 67, 0, 0, 0, 0, 0, 188)
25 (1, 4, 6, 0, 0, 68, 0, 0, 0, 0, 0, 243)
26 (1, 4, 0, 0, 0, 69, 0, 0, 0, 0, 0, 200)
27 (1, 4, 0, 0, 0, 68, 0, 0, 0, 0, 0, 215)
28 (1, 4, 0, 0, 0, 69, 0, 0, 0, 0, 0, 200)
29 (1, 4, 0, 0, 0, 70, 0, 0, 0, 0, 0, 233)
30 (1, 4, 1, 0, 0, 70, 0, 0, 0, 0, 0, 231)
31 (1, 4, 1, 0, 0, 71, 0, 0, 0, 0, 0, 248)
0 (1, 4, 521, 0, 77, 27, 0, 0, 0, 0, 0, 167)
1 (1, 4, 362, 0, 0, 19, 0, 31, 0, 0, 0, 162)
2 (1, 4, 503, 0, 0, 24, 0, 58, 0, 0, 0, 195)
3 (1, 4, 618, 0, 0, 28, 0, 72, 1, 0, 0, 230)
4 (1, 4, 698, 0, 43, 19, 0, 26, 1, 1, 0, 130)
5 (1, 4, 549, 0, 223, 0, 0, 0, 1, 1, 0, 174)
6 (1, 4, 189, 0, 374, 0, 17, 0, 1, 1, 0, 169)
7 (1, 4, 0, 0, 499, 0, 22, 0, 1, 1, 0, 142)
8 (1, 4, 0, 0, 500, 0, 0, 0, 1, 2, 0, 66)
9 (1, 4, 673, 500, 873, 0, 0, 0, 2, 2, 0, 96)
10 (1, 4, 341, 594, 873, 0, 0, 0, 1, 1, 0, 162)
11 (1, 4, 873, 873, 464, 0, 0, 0, 1, 1, 0, 6)
12 (1, 4, 757, 873, 0, 0, 0, 0, 2, 2, 0, 138)
13 (1, 4, 550, 389, 0, 0, 0, 0, 1, 1, 0, 27)
14 (1, 4, 547, 453, 0, 0, 0, 1, 1, 1, 0, 113)
15 (1, 4, 609, 0, 0, 0, 24, 17, 1, 1, 0, 123)
16 (1, 4, 444, 0, 0, 0, 49, 29, 1, 1, 0, 109)
17 (1, 4, 338, 0, 0, 0, 87, 14, 1, 1, 0, 209)
18 (1, 4, 548, 0, 132, 0, 55, 0, 1, 1, 0, 195)
19 (1, 4, 84, 0, 301, 0, 68, 0, 1, 1, 0, 10)
20 (1, 4, 251, 0, 501, 0, 0, 0, 1, 2, 0, 15)
21 (1, 4, 78, 73, 873, 0, 0, 0, 2, 1, 0, 67)
22 (1, 4, 759, 552, 839, 0, 0, 0, 2, 1, 0, 1)
23 (1, 4, 813, 873, 107, 0, 0, 0, 1, 1, 0, 157)
24 (1, 4, 684, 873, 0, 0, 0, 0, 1, 1, 0, 134)
25 (1, 4, 668, 683, 0, 0, 0, 3, 1, 1, 0, 205)
26 (1, 4, 620, 344, 0, 0, 0, 57, 1, 1, 0, 134)
27 (1, 4, 572, 0, 0, 0, 1, 79, 1, 1, 0, 217)
28 (1, 4, 531, 0, 0, 0, 34, 13, 1, 1, 0, 62)
29 (1, 4, 93, 0, 0, 0, 90, 0, 1, 1, 0, 244)
30 (1, 4, 103, 0, 0, 0, 109, 0, 1, 1, 0, 95)
31 (1, 4, 120, 0, 0, 0, 137, 0, 1, 2, 0, 152)
0 (1, 4, 184, 0, 435, 0, 46, 0, 1, 0, 0, 21)
1 (1, 4, 457, 341, 873, 0, 0, 0, 1, 1, 0, 53)
2 (1, 4, 485, 864, 873, 0, 0, 0, 1, 1, 0, 187)
3 (1, 4, 873, 751, 338, 0, 0, 0, 1, 2, 0, 54)
4 (1, 4, 757, 873, 0, 0, 0, 0, 1, 1, 0, 145)
5 (1, 4, 609, 790, 0, 0, 0, 0, 1, 1, 0, 205)
6 (1, 4, 541, 409, 0, 0, 0, 0, 1, 1, 0, 86)
7 (1, 4, 380, 191, 0, 0, 0, 18, 1, 1, 0, 234)
8 (1, 4, 584, 0, 0, 0, 0, 31, 1, 1, 0, 160)
9 (1, 4, 756, 0, 0, 0, 6, 46, 1, 1, 0, 102)
10 (1, 4, 619, 0, 53, 0, 26, 0, 1, 1, 0, 162)
11 (1, 4, 720, 0, 396, 0, 1, 0, 1, 1, 0, 56)
12 (1, 4, 286, 0, 645, 0, 35, 0, 1, 1, 0, 198)
13 (1, 4, 165, 0, 851, 0, 0, 0, 1, 1, 0, 75)
14 (1, 4, 710, 44, 797, 0, 0, 0, 1, 1, 0, 142)
15 (1, 4, 696, 816, 873, 0, 0, 0, 1, 1, 0, 112)
16 (1, 4, 873, 447, 42, 0, 0, 0, 1, 1, 0, 218)
17 (1, 4, 723, 873, 0, 0, 0, 0, 1, 1, 0, 114)
18 (1, 4, 574, 556, 0, 0, 0, 33, 1, 0, 0, 115)
19 (1, 4, 545, 277, 0, 0, 0, 16, 1, 0, 0, 233)
20 (1, 4, 369, 151, 0, 0, 0, 50, 1, 0, 0, 23)
21 (1, 4, 355, 0, 0, 0, 2, 51, 1, 0, 0, 164)
22 (1, 4, 327, 0, 0, 0, 0, 86, 1, 1, 0, 140)
23 (1, 4, 328, 0, 21, 0, 0, 38, 1, 1, 0, 84)
24 (1, 4, 369, 0, 119, 0, 0, 0, 1, 1, 0, 74)
25 (1, 4, 327, 0, 248, 0, 35, 0, 1, 1, 0, 103)
26 (1, 4, 0, 0, 93, 0, 60, 0, 1, 1, 0, 47)
27 (1, 4, 287, 0, 293, 0, 81, 0, 2, 2, 0, 91)
28 (1, 4, 152, 88, 873, 0, 0, 0, 1, 1, 0, 105)
29 (1, 4, 791, 402, 873, 0, 0, 0, 1, 1, 0, 153)
30 (1, 4, 814, 873, 772, 0, 0, 0, 1, 1, 0, 52)
31 (1, 4, 437, 873, 595, 0, 0, 0, 1, 0, 0, 240)
0 (1, 4, 75, 0, 780, 0, 80, 0, 1, 1, 0, 6)
1 (1, 4, 600, 103, 873, 0, 0, 0, 1, 1, 0, 227)
2 (1, 4, 238, 317, 873, 0, 0, 0, 1, 1, 0, 40)
3 (1, 4, 437, 635, 388, 0, 0, 0, 1, 1, 0, 5)
4 (1, 4, 873, 873, 183, 0, 0, 0, 1, 1, 0, 187)
5 (1, 4, 690, 873, 0, 0, 0, 0, 1, 1, 0, 50)
6 (1, 4, 873, 234, 0, 0, 0, 16, 1, 1, 0, 12)
7 (1, 4, 873, 0, 8, 0, 19, 0, 1, 1, 0, 243)
8 (1, 4, 378, 0, 96, 0, 107, 0, 1, 1, 0, 239)
9 (1, 4, 0, 0, 314, 0, 78, 0, 1, 1, 0, 242)
10 (1, 4, 0, 0, 108, 0, 6, 0, 1, 1, 0, 129)
11 (1, 4, 0, 0, 0, 0, 110, 0, 1, 1, 0, 176)
12 (1, 4, 344, 0, 609, 0, 164, 0, 1, 2, 0, 32)
13 (1, 4, 755, 0, 873, 0, 0, 0, 1, 1, 0, 16)
14 (1, 4, 873, 324, 750, 0, 0, 0, 1, 1, 0, 126)
15 (1, 4, 873, 873, 635, 0, 91, 0, 0, 0, 0, 53)
16 (1, 4, 367, 734, 270, 0, 0, 0, 0, 0, 0, 210)
17 (1, 4, 555, 462, 0, 0, 0, 0, 0, 0, 0, 188)
18 (1, 4, 265, 448, 0, 0, 0, 0, 0, 0, 0, 101)
19 (1, 4, 192, 347, 0, 0, 0, 0, 0, 0, 0, 142)
20 (1, 4, 192, 241, 0, 0, 0, 0, 0, 0, 0, 118)
21 (1, 4, 295, 150, 0, 21, 0, 0, 0, 0, 0, 210)
22 (1, 4, 297, 18, 0, 36, 0, 0, 0, 0, 0, 92)
23 (1, 4, 150, 0, 13, 48, 0, 0, 0, 0, 0, 199)
24 (1, 4, 210, 0, 35, 57, 0, 5, 0, 0, 0, 8)
25 (1, 4, 195, 0, 93, 53, 0, 1, 0, 0, 0, 160)
26 (1, 4, 139, 0, 58, 49, 0, 6, 0, 0, 0, 214)
27 (1, 4, 78, 0, 97, 39, 0, 9, 0, 0, 0, 179)
28 (1, 4, 73, 0, 107, 36, 0, 8, 0, 0, 0, 244)
29 (1, 4, 55, 0, 160, 30, 0, 13, 0, 0, 0, 113)
30 (1, 4, 67, 0, 215, 25, 0, 22, 0, 0, 0, 122)
31 (1, 4, 221, 0, 225, 24, 0, 23, 0, 0, 0, 235)
0 (1, 4, 0, 0, 0, 0, 0, 107, 0, 0, 0, 22)
1 (1, 4, 68, 0, 0, 0, 0, 100, 0, 0, 0, 94)
2 (1, 4, 119, 0, 0, 0, 0, 52, 0, 0, 0, 253)
3 (1, 4, 59, 0, 0, 0, 5, 24, 0, 0, 0, 152)
4 (1, 4, 115, 0, 70, 0, 22, 0, 0, 0, 0, 220)
5 (1, 4, 0, 0, 170, 0, 63, 0, 0, 0, 0, 195)
6 (1, 4, 0, 0, 249, 0, 48, 0, 0, 0, 0, 85)
7 (1, 4, 512, 0, 359, 0, 0, 0, 1, 1, 0, 206)
8 (1, 4, 730, 17, 756, 0, 0, 0, 1, 1, 0, 216)
9 (1, 4, 161, 40, 873, 0, 0, 0, 1, 1, 0, 16)
10 (1, 4, 873, 450, 689, 0, 0, 0, 1, 1, 0, 21)
11 (1, 4, 873, 873, 369, 0, 0, 0, 1, 1, 0, 157)
12 (1, 4, 370, 873, 0, 0, 0, 0, 1, 1, 0, 168)
13 (1, 4, 335, 641, 0, 0, 0, 0, 1, 1, 0, 223)
14 (1, 4, 229, 549, 0, 0, 0, 0, 1, 1, 0, 122)
15 (1, 4, 645, 223, 0, 0, 0, 0, 1, 1, 0, 2)
16 (1, 4, 873, 0, 0, 0, 16, 0, 1, 1, 0, 196)
17 (1, 4, 873, 0, 0, 0, 84, 0, 1, 1, 0, 61)
18 (1, 4, 873, 0, 391, 0, 28, 0, 1, 1, 0, 175)
19 (1, 4, 481, 0, 649, 0, 0, 0, 1, 1, 0, 67)
20 (1, 4, 0, 0, 497, 0, 0, 0, 1, 1, 0, 53)
21 (1, 4, 344, 0, 91, 0, 0, 0, 1, 1, 0, 239)
22 (1, 4, 873, 309, 368, 0, 0, 0, 1, 1, 0, 79)
23 (1, 4, 123, 258, 395, 0, 0, 0, 1, 1, 0, 152)
24 (1, 4, 0, 621, 559, 0, 0, 0, 5, 2, 0, 8)
25 (1, 4, 345, 873, 679, 0, 0, 0, 1, 1, 0, 93)
26 (1, 4, 524, 873, 352, 0, 3, 0, 1, 0, 0, 236)
27 (1, 4, 219, 761, 54, 0, 0, 0, 0, 0, 0, 122)
28 (1, 4, 253, 539, 0, 0, 0, 0, 0, 0, 0, 68)
29 (1, 4, 302, 402, 0, 0, 0, 0, 0, 0, 0, 7)
30 (1, 4, 147, 305, 0, 0, 0, 0, 0, 0, 0, 106)
31 (1, 4, 178, 210, 0, 9, 0, 0, 0, 0, 0, 57)
0 (1, 4, 108, 84, 74, 68, 0, 15, 0, 0, 0, 120)
1 (1, 4, 84, 65, 109, 62, 0, 22, 0, 0, 0, 209)
2 (1, 4, 182, 64, 164, 69, 0, 54, 0, 0, 0, 178)
3 (1, 4, 507, 139, 124, 58, 0, 92, 0, 0, 0, 134)
4 (1, 4, 635, 105, 8, 37, 0, 147, 0, 0, 0, 248)
5 (1, 4, 335, 0, 0, 23, 0, 165, 0, 0, 0, 132)
6 (1, 4, 31, 0, 0, 37, 32, 79, 0, 0, 0, 255)
7 (1, 4, 0, 0, 200, 12, 24, 24, 0, 0, 0, 49)
8 (1, 4, 0, 0, 324, 0, 37, 0, 0, 0, 0, 17)
9 (1, 4, 0, 0, 442, 0, 19, 0, 0, 0, 0, 206)
10 (1, 4, 77, 0, 463, 0, 14, 0, 1, 1, 0, 102)
11 (1, 4, 229, 0, 400, 0, 0, 0, 1, 1, 0, 201)
12 (1, 4, 847, 272, 736, 0, 0, 0, 1, 1, 0, 104)
13 (1, 4, 489, 494, 730, 0, 0, 0, 1, 1, 0, 173)
14 (1, 4, 742, 798, 108, 0, 0, 0, 1, 1, 0, 166)
15 (1, 4, 223, 873, 0, 0, 0, 30, 1, 1, 0, 203)
16 (1, 4, 95, 757, 0, 0, 0, 47, 1, 1, 0, 159)
17 (1, 4, 84, 415, 0, 0, 0, 10, 1, 1, 0, 65)
18 (1, 4, 257, 277, 0, 0, 0, 13, 1, 1, 0, 208)
19 (1, 4, 527, 0, 0, 0, 9, 18, 1, 1, 0, 251)
20 (1, 4, 628, 0, 0, 0, 138, 183, 1, 1, 0, 9)
21 (1, 4, 528, 0, 336, 0, 127, 0, 1, 1, 0, 113)
22 (1, 4, 68, 0, 455, 0, 18, 0, 1, 1, 0, 3)
23 (1, 4, 459, 0, 772, 0, 0, 0, 1, 1, 0, 50)
24 (1, 4, 208, 0, 873, 0, 0, 0, 1, 1, 0, 193)
25 (1, 4, 873, 751, 775, 0, 0, 0, 1, 1, 0, 127)
26 (1, 4, 873, 873, 304, 0, 0, 0, 1, 1, 0, 242)
27 (1, 4, 383, 815, 0, 0, 0, 0, 1, 1, 0, 218)
28 (1, 4, 359, 621, 0, 0, 0, 0, 1, 1, 0, 65)
29 (1, 4, 655, 291, 0, 0, 0, 0, 1, 1, 0, 195)
30 (1, 4, 655, 0, 0, 0, 20, 0, 1, 1, 0, 90)
31 (1, 4, 573, 0, 0, 0, 56, 0, 1, 1, 0, 91)
0 (1, 4, 0, 0, 158, 0, 0, 0, 0, 2, 0, 235)
1 (1, 4, 0, 0, 0, 0, 125, 0, 1, 2, 0, 3)
2 (1, 4, 458, 0, 873, 0, 103, 0, 1, 1, 0, 48)
3 (1, 4, 873, 392, 873, 0, 1, 0, 3, 3, 0, 183)
4 (1, 4, 873, 873, 873, 0, 19, 0, 7, 7, 0, 220)
5 (1, 4, 786, 873, 612, 0, 0, 0, 3, 3, 0, 17)
6 (1, 4, 376, 546, 167, 0, 0, 0, 1, 1, 0, 35)
7 (1, 4, 618, 273, 0, 0, 0, 0, 0, 0, 0, 105)
8 (1, 4, 419, 0, 0, 0, 0, 0, 1, 0, 0, 222)
9 (1, 4, 145, 0, 0, 0, 0, 2, 1, 0, 0, 94)
10 (1, 4, 162, 0, 0, 31, 0, 0, 0, 0, 0, 226)
11 (1, 4, 153, 0, 0, 54, 0, 0, 1, 0, 0, 203)
12 (1, 4, 65, 0, 0, 70, 0, 0, 2, 2, 0, 124)
13 (1, 4, 58, 0, 1, 61, 0, 0, 2, 1, 0, 139)
14 (1, 4, 53, 0, 20, 55, 0, 0, 4, 3, 0, 63)
15 (1, 4, 63, 0, 14, 51, 0, 0, 3, 3, 0, 234)
16 (1, 4, 41, 0, 11, 44, 0, 0, 2, 2, 0, 191)
17 (1, 4, 64, 0, 0, 51, 0, 0, 4, 4, 0, 236)
18 (1, 4, 69, 0, 0, 54, 0, 0, 2, 1, 0, 50)
19 (1, 4, 65, 0, 0, 51, 0, 0, 2, 2, 0, 212)
20 (1, 4, 38, 0, 0, 59, 0, 0, 1, 1, 0, 83)
21 (1, 4, 19, 0, 0, 50, 0, 3, 2, 1, 0, 101)
22 (1, 4, 38, 0, 20, 45, 0, 6, 2, 1, 0, 173)
23 (1, 4, 57, 0, 61, 34, 0, 5, 2, 1, 0, 2)
24 (1, 4, 114, 0, 57, 20, 0, 16, 2, 2, 0, 47)
25 (1, 4, 243, 0, 58, 15, 0, 26, 2, 1, 0, 79)
26 (1, 4, 332, 0, 111, 21, 0, 23, 2, 1, 0, 26)
27 (1, 4, 192, 0, 0, 25, 0, 44, 3, 3, 0, 215)
28 (1, 4, 205, 0, 0, 17, 0, 65, 2, 2, 0, 196)
29 (1, 4, 190, 0, 0, 8, 0, 49, 3, 3, 0, 86)
30 (1, 4, 63, 0, 0, 0, 6, 22, 2, 2, 0, 31)
31 (1, 4, 0, 0, 0, 0, 47, 0, 1, 1, 0, 211)
0 (1, 4, 873, 792, 123, 0, 0, 0, 2, 2, 0, 221)
1 (1, 4, 464, 873, 0, 0, 0, 0, 1, 1, 0, 102)
2 (1, 4, 368, 539, 0, 0, 0, 60, 1, 1, 0, 241)
3 (1, 4, 478, 265, 0, 0, 0, 34, 1, 1, 0, 166)
4 (1, 4, 501, 0, 0, 0, 0, 26, 1, 1, 0, 120)
5 (1, 4, 474, 0, 0, 0, 20, 24, 1, 1, 0, 58)
6 (1, 4, 146, 0, 0, 0, 78, 0, 1, 1, 0, 84)
7 (1, 4, 256, 0, 0, 0, 115, 0, 2, 2, 0, 119)
8 (1, 4, 231, 0, 0, 0, 164, 0, 2, 2, 0, 199)
9 (1, 4, 517, 0, 310, 0, 155, 0, 2, 2, 0, 8)
10 (1, 4, 581, 388, 873, 0, 34, 0, 5, 6, 0, 94)
11 (1, 4, 0, 0, 815, 0, 0, 0, 0, 0, 0, 62)
12 (1, 4, 873, 585, 873, 0, 0, 0, 0, 0, 0, 202)
13 (1, 4, 416, 873, 783, 0, 0, 0, 0, 0, 0, 127)
14 (1, 4, 546, 776, 639, 0, 0, 0, 0, 0, 0, 163)
15 (1, 4, 516, 518, 204, 0, 0, 0, 0, 0, 0, 208)
16 (1, 4, 155, 443, 17, 0, 0, 0, 0, 0, 0, 46)
17 (1, 4, 183, 262, 0, 0, 0, 0, 0, 0, 0, 52)
18 (1, 4, 225, 186, 22, 0, 0, 0, 0, 0, 0, 89)
19 (1, 4, 188, 92, 26, 21, 0, 0, 1, 0, 0, 149)
20 (1, 4, 28, 0, 0, 48, 0, 0, 0, 0, 0, 200)
21 (1, 4, 0, 0, 0, 54, 0, 0, 0, 0, 0, 34)
22 (1, 4, 143, 0, 59, 57, 0, 0, 1, 1, 0, 71)
23 (1, 4, 349, 0, 91, 41, 0, 0, 1, 0, 0, 188)
24 (1, 4, 331, 21, 44, 42, 0, 0, 0, 0, 0, 170)
25 (1, 4, 183, 49, 22, 42, 0, 11, 0, 0, 0, 221)
26 (1, 4, 116, 73, 51, 37, 0, 24, 1, 0, 0, 134)
27 (1, 4, 238, 0, 60, 45, 0, 29, 1, 1, 0, 250)
28 (1, 4, 308, 0, 124, 34, 0, 45, 1, 1, 0, 196)
29 (1, 4, 405, 0, 68, 29, 0, 50, 1, 2, 0, 9)
30 (1, 4, 378, 0, 0, 16, 0, 62, 0, 0, 0, 29)
31 (1, 4, 142, 0, 0, 14, 0, 75, 0, 0, 0, 76)
0 (1, 4, 305, 0, 535, 0, 0, 0, 1, 1, 0, 124)
1 (1, 4, 520, 174, 861, 0, 0, 0, 5, 6, 0, 72)
2 (1, 4, 162, 325, 758, 0, 0, 0, 3, 3, 0, 226)
3 (1, 4, 552, 726, 401, 0, 0, 0, 11, 11, 0, 64)
4 (1, 4, 528, 873, 0, 0, 0, 0, 8, 9, 0, 214)
5 (1, 4, 114, 667, 0, 0, 0, 0, 1, 1, 0, 3)
6 (1, 4, 334, 458, 0, 0, 0, 0, 1, 1, 0, 17)
7 (1, 4, 678, 186, 0, 0, 0, 3, 1, 1, 0, 159)
8 (1, 4, 862, 0, 0, 0, 57, 26, 1, 1, 0, 252)
9 (1, 4, 621, 0, 0, 0, 55, 0, 1, 1, 0, 155)
10 (1, 4, 354, 0, 169, 0, 68, 0, 5, 5, 0, 221)
11 (1, 4, 21, 0, 0, 0, 64, 0, 5, 7, 0, 73)
12 (1, 4, 425, 0, 359, 0, 80, 0, 18, 20, 0, 13)
13 (1, 4, 631, 195, 873, 0, 0, 0, 18, 20, 0, 145)
14 (1, 4, 222, 512, 873, 0, 0, 0, 20, 20, 0, 229)
15 (1, 4, 0, 595, 569, 0, 0, 0, 1, 1, 0, 147)
16 (1, 4, 141, 850, 427, 0, 0, 0, 0, 0, 0, 223)
17 (1, 4, 185, 644, 29, 0, 0, 0, 0, 0, 0, 45)
18 (1, 4, 160, 629, 0, 0, 0, 0, 0, 0, 0, 46)
19 (1, 4, 199, 430, 0, 0, 0, 0, 0, 0, 0, 234)
20 (1, 4, 151, 346, 0, 0, 0, 0, 0, 0, 0, 120)
21 (1, 4, 168, 219, 0, 8, 0, 0, 0, 0, 0, 172)
22 (1, 4, 252, 109, 0, 44, 0, 3, 0, 0, 0, 27)
23 (1, 4, 222, 84, 32, 53, 0, 0, 0, 0, 0, 237)
24 (1, 4, 185, 14, 0, 71, 0, 8, 0, 0, 0, 84)
25 (1, 4, 112, 5, 32, 74, 0, 6, 0, 0, 0, 158)
26 (1, 4, 134, 37, 72, 73, 0, 10, 0, 0, 0, 196)
27 (1, 4, 165, 19, 94, 68, 0, 13, 0, 0, 0, 131)
28 (1, 4, 79, 19, 77, 65, 0, 17, 1, 1, 0, 86)
29 (1, 4, 78, 0, 78, 65, 0, 21, 1, 1, 0, 47)
30 (1, 4, 65, 3, 80, 56, 0, 29, 0, 0, 0, 208)
31 (1, 4, 111, 0, 91, 61, 0, 28, 3, 6, 0, 251)
0 (1, 4, 0, 0, 192, 4, 0, 50, 0, 0, 0, 195)
1 (1, 4, 0, 0, 151, 0, 0, 51, 0, 0, 0, 1)
2 (1, 4, 0, 0, 112, 0, 0, 53, 0, 0, 0, 220)
3 (1, 4, 0, 0, 14, 0, 0, 47, 0, 0, 0, 235)
4 (1, 4, 29, 0, 0, 0, 0, 32, 0, 0, 0, 121)
5 (1, 4, 75, 0, 0, 0, 0, 15, 0, 0, 0, 108)
6 (1, 4, 110, 0, 0, 0, 0, 0, 0, 0, 0, 100)
7 (1, 4, 0, 0, 0, 0, 1, 0, 0, 0, 0, 7)
8 (1, 4, 0, 0, 0, 0, 0, 0, 0, 0, 0, 126)
9 (1, 4, 0, 0, 63, 0, 0, 0, 1, 1, 0, 175)
10 (1, 4, 384, 0, 399, 0, 0, 0, 1, 1, 0, 149)
11 (1, 4, 446, 174, 584, 0, 0, 0, 1, 1, 0, 41)
12 (1, 4, 0, 367, 608, 0, 0, 0, 1, 1, 0, 221)
13 (1, 4, 560, 569, 397, 0, 0, 0, 1, 1, 0, 230)
14 (1, 4, 327, 873, 234, 0, 0, 0, 0, 1, 0, 188)
15 (1, 4, 87, 873, 106, 0, 0, 0, 1, 1, 0, 205)
16 (1, 4, 0, 674, 0, 0, 0, 0, 1, 1, 0, 20)
17 (1, 4, 42, 580, 0, 0, 0, 0, 1, 0, 0, 35)
18 (1, 4, 234, 447, 0, 0, 0, 0, 0, 0, 0, 191)
19 (1, 4, 265, 279, 0, 0, 0, 0, 1, 0, 0, 230)
20 (1, 4, 346, 116, 0, 0, 0, 0, 0, 0, 0, 131)
21 (1, 4, 508, 0, 0, 0, 0, 0, 0, 0, 0, 143)
22 (1, 4, 768, 0, 0, 0, 24, 15, 1, 1, 0, 204)
23 (1, 4, 873, 0, 0, 0, 0, 0, 1, 1, 0, 65)
24 (1, 4, 873, 0, 0, 0, 0, 0, 1, 1, 0, 65)
25 (1, 4, 474, 0, 0, 0, 62, 0, 2, 3, 0, 77)
26 (1, 4, 492, 0, 305, 0, 49, 0, 8, 5, 0, 15)
27 (1, 4, 0, 0, 873, 0, 0, 0, 1, 1, 0, 189)
28 (1, 4, 873, 873, 873, 0, 0, 0, 1, 1, 0, 228)
29 (1, 4, 794, 873, 873, 0, 74, 0, 11, 20, 0, 206)
30 (1, 4, 295, 679, 334, 0, 0, 0, 3, 5, 0, 144)
31 (1, 4, 380, 512, 0, 0, 0, 0, 2, 2, 0, 69)
0 (1, 4, 150, 0, 0, 49, 0, 0, 1, 1, 0, 167)
1 (1, 4, 82, 0, 0, 54, 0, 0, 2, 2, 0, 69)
2 (1, 4, 63, 0, 0, 57, 0, 0, 2, 2, 0, 232)
3 (1, 4, 57, 0, 0, 59, 0, 0, 2, 2, 0, 242)
4 (1, 4, 50, 6, 0, 58, 0, 0, 4, 3, 0, 24)
5 (1, 4, 86, 0, 0, 58, 0, 0, 10, 3, 0, 139)
6 (1, 4, 50, 11, 0, 51, 0, 0, 2, 2, 0, 3)
7 (1, 4, 56, 0, 0, 41, 0, 0, 7, 8, 0, 95)
8 (1, 4, 89, 0, 0, 22, 0, 0, 3, 3, 0, 199)
9 (1, 4, 102, 0, 20, 7, 0, 0, 1, 1, 0, 97)
10 (1, 4, 453, 0, 112, 0, 0, 0, 0, 0, 0, 172)
11 (1, 4, 736, 0, 271, 0, 0, 0, 0, 0, 0, 37)
12 (1, 4, 598, 0, 277, 10, 0, 7, 1, 1, 0, 3)
13 (1, 4, 402, 0, 233, 7, 0, 13, 1, 1, 0, 93)
14 (1, 4, 431, 0, 221, 0, 0, 0, 0, 0, 0, 247)
15 (1, 4, 403, 0, 186, 0, 0, 0, 0, 1, 0, 19)
16 (1, 4, 351, 0, 257, 0, 0, 0, 0, 1, 0, 237)
17 (1, 4, 94, 0, 421, 0, 0, 0, 1, 1, 0, 210)
18 (1, 4, 0, 0, 306, 0, 7, 0, 2, 2, 0, 247)
19 (1, 4, 0, 0, 509, 0, 0, 0, 1, 2, 0, 106)
20 (1, 4, 648, 0, 794, 0, 0, 0, 1, 2, 0, 160)
21 (1, 4, 603, 10, 598, 0, 0, 0, 2, 2, 0, 242)
22 (1, 4, 66, 343, 380, 0, 0, 0, 3, 5, 0, 77)
23 (1, 4, 243, 663, 263, 0, 0, 0, 4, 4, 0, 228)
24 (1, 4, 319, 873, 184, 0, 0, 0, 3, 4, 0, 175)
25 (1, 4, 232, 873, 121, 0, 0, 0, 3, 4, 0, 101)
26 (1, 4, 279, 745, 0, 0, 0, 0, 3, 4, 0, 48)
27 (1, 4, 420, 579, 0, 0, 0, 0, 4, 4, 0, 36)
28 (1, 4, 700, 357, 0, 0, 0, 0, 3, 3, 0, 208)
29 (1, 4, 873, 45, 0, 0, 0, 0, 1, 1, 0, 95)
30 (1, 4, 873, 0, 0, 0, 0, 2, 1, 1, 0, 248)
31 (1, 4, 873, 0, 516, 0, 0, 0, 18, 20, 0, 83)
0 (1, 4, 0, 301, 411, 0, 0, 0, 8, 12, 0, 178)
1 (1, 4, 302, 746, 427, 0, 0, 0, 14, 20, 0, 178)
2 (1, 4, 313, 823, 437, 0, 0, 0, 1, 1, 0, 66)
3 (1, 4, 485, 780, 245, 0, 0, 0, 2, 3, 0, 104)
4 (1, 4, 316, 582, 34, 0, 0, 0, 0, 0, 0, 59)
5 (1, 4, 360, 505, 0, 0, 0, 0, 0, 0, 0, 128)
6 (1, 4, 399, 331, 5, 0, 0, 0, 0, 0, 0, 244)
7 (1, 4, 386, 226, 0, 6, 0, 0, 0, 0, 0, 26)
8 (1, 4, 293, 117, 0, 27, 0, 4, 0, 0, 0, 153)
9 (1, 4, 165, 118, 0, 24, 0, 15, 0, 0, 0, 251)
10 (1, 4, 222, 45, 33, 41, 0, 29, 4, 3, 0, 141)
11 (1, 4, 339, 55, 136, 37, 0, 45, 4, 5, 0, 207)
12 (1, 4, 443, 0, 193, 38, 0, 60, 2, 2, 0, 230)
13 (1, 4, 462, 0, 261, 46, 0, 67, 20, 0, 0, 238)
14 (1, 4, 261, 0, 207, 45, 0, 69, 5, 4, 0, 194)
15 (1, 4, 184, 0, 165, 33, 0, 82, 3, 3, 0, 59)
16 (1, 4, 128, 0, 140, 7, 0, 93, 2, 3, 0, 138)
17 (1, 4, 102, 0, 154, 0, 0, 104, 2, 2, 0, 21)
18 (1, 4, 119, 0, 153, 0, 0, 109, 2, 2, 0, 234)
19 (1, 4, 76, 0, 225, 0, 0, 98, 3, 3, 0, 153)
20 (1, 4, 103, 0, 310, 0, 0, 60, 0, 0, 0, 90)
21 (1, 4, 89, 0, 402, 0, 4, 3, 0, 0, 0, 16)
22 (1, 4, 0, 0, 370, 0, 8, 0, 1, 1, 0, 190)
23 (1, 4, 0, 0, 228, 0, 44, 0, 8, 9, 0, 216)
24 (1, 4, 0, 0, 548, 0, 0, 0, 3, 5, 0, 2)
25 (1, 4, 873, 195, 789, 0, 0, 0, 9, 9, 0, 1)
26 (1, 4, 387, 0, 873, 0, 0, 0, 3, 4, 0, 188)
27 (1, 4, 826, 328, 563, 0, 0, 0, 12, 20, 0, 249)
28 (1, 4, 873, 866, 401, 0, 0, 0, 7, 7, 0, 52)
29 (1, 4, 659, 873, 149, 0, 2, 0, 12, 20, 0, 219)
30 (1, 4, 672, 693, 0, 0, 0, 0, 5, 5, 0, 133)
31 (1, 4, 284, 551, 0, 0, 0, 0, 9, 17, 0, 107)
0 (1, 4, 0, 0, 0, 0, 199, 0, 4, 4, 0, 28)
1 (1, 4, 0, 0, 463, 0, 139, 0, 8, 7, 0, 1)
2 (1, 4, 784, 0, 484, 0, 0, 0, 5, 5, 0, 66)
3 (1, 4, 303, 0, 524, 0, 43, 0, 5, 5, 0, 211)
4 (1, 4, 221, 0, 580, 0, 0, 0, 14, 20, 0, 0)
5 (1, 4, 291, 235, 856, 0, 46, 0, 1, 1, 0, 137)
6 (1, 4, 539, 641, 764, 0, 0, 0, 2, 2, 0, 64)
7 (1, 4, 603, 683, 533, 0, 0, 0, 5, 5, 0, 54)
8 (1, 4, 538, 570, 291, 0, 0, 0, 6, 7, 0, 3)
9 (1, 4, 372, 448, 133, 0, 0, 0, 8, 3, 0, 18)
10 (1, 4, 379, 289, 61, 0, 0, 16, 1, 1, 0, 15)
11 (1, 4, 238, 174, 61, 0, 0, 9, 1, 1, 0, 125)
12 (1, 4, 231, 44, 47, 17, 0, 24, 0, 0, 0, 210)
13 (1, 4, 156, 0, 57, 32, 0, 38, 0, 0, 0, 238)
14 (1, 4, 114, 0, 78, 39, 0, 22, 1, 1, 0, 88)
15 (1, 4, 141, 0, 79, 36, 0, 24, 0, 0, 0, 35)
16 (1, 4, 112, 22, 68, 23, 0, 30, 0, 0, 0, 252)
17 (1, 4, 103, 16, 40, 10, 0, 31, 0, 0, 0, 213)
18 (1, 4, 56, 23, 22, 0, 0, 36, 0, 0, 0, 144)
19 (1, 4, 43, 0, 0, 0, 0, 39, 0, 0, 0, 105)
20 (1, 4, 0, 0, 0, 0, 0, 67, 1, 1, 0, 84)
21 (1, 4, 0, 0, 0, 0, 0, 68, 1, 1, 0, 71)
22 (1, 4, 73, 0, 0, 0, 0, 52, 1, 1, 0, 135)
23 (1, 4, 387, 0, 0, 0, 0, 0, 1, 1, 0, 114)
24 (1, 4, 173, 0, 0, 0, 36, 0, 1, 1, 0, 13)
25 (1, 4, 92, 0, 0, 0, 130, 0, 4, 5, 0, 214)
26 (1, 4, 466, 0, 293, 0, 0, 0, 4, 5, 0, 58)
27 (1, 4, 873, 481, 841, 0, 0, 0, 12, 11, 0, 22)
28 (1, 4, 873, 873, 650, 0, 0, 0, 3, 3, 0, 228)
29 (1, 4, 366, 873, 394, 0, 0, 0, 4, 8, 0, 232)
30 (1, 4, 542, 859, 0, 0, 0, 0, 4, 4, 0, 75)
31 (1, 4, 306, 690, 0, 0, 0, 0, 20, 20, 0, 241)
0 (1, 4, 0, 0, 0, 0, 128, 0, 2, 2, 0, 88)
1 (1, 4, 0, 0, 0, 0, 217, 0, 2, 3, 0, 20)
2 (1, 4, 513, 0, 279, 0, 38, 0, 2, 2, 0, 189)
3 (1, 4, 873, 0, 776, 0, 0, 0, 1, 1, 0, 26)
4 (1, 4, 873, 873, 373, 0, 91, 0, 1, 1, 0, 22)
5 (1, 4, 873, 873, 873, 0, 165, 0, 5, 3, 0, 30)
6 (1, 4, 267, 735, 276, 0, 0, 0, 0, 0, 0, 253)
7 (1, 4, 236, 454, 0, 0, 0, 0, 0, 0, 0, 189)
8 (1, 4, 339, 479, 0, 0, 3, 0, 0, 0, 0, 59)
9 (1, 4, 133, 426, 0, 0, 0, 0, 0, 0, 0, 165)
10 (1, 4, 122, 297, 0, 0, 0, 0, 1, 1, 0, 148)
11 (1, 4, 122, 247, 0, 1, 0, 0, 1, 1, 0, 137)
12 (1, 4, 41, 110, 0, 19, 0, 0, 5, 11, 0, 85)
13 (1, 4, 91, 86, 20, 28, 0, 0, 1, 1, 0, 123)
14 (1, 4, 255, 5, 117, 44, 0, 0, 0, 0, 0, 45)
15 (1, 4, 331, 0, 140, 38, 0, 0, 0, 0, 0, 47)
16 (1, 4, 394, 72, 166, 20, 0, 0, 0, 0, 0, 192)
17 (1, 4, 440, 80, 156, 0, 0, 40, 0, 0, 0, 251)
18 (1, 4, 506, 60, 71, 0, 0, 75, 0, 0, 0, 182)
19 (1, 4, 261, 0, 83, 0, 0, 101, 0, 1, 0, 80)
20 (1, 4, 0, 0, 100, 0, 0, 146, 1, 1, 0, 204)
21 (1, 4, 0, 0, 153, 0, 39, 55, 1, 1, 0, 213)
22 (1, 4, 0, 0, 60, 0, 146, 0, 20, 6, 0, 158)
23 (1, 4, 0, 0, 22, 0, 107, 0, 5, 8, 0, 145)
24 (1, 4, 630, 465, 873, 0, 37, 0, 0, 0, 0, 30)
25 (1, 4, 716, 475, 671, 0, 0, 0, 8, 14, 0, 155)
26 (1, 4, 757, 873, 155, 0, 0, 0, 20, 20, 0, 165)
27 (1, 4, 322, 873, 0, 0, 0, 0, 6, 5, 0, 13)
28 (1, 4, 154, 635, 0, 0, 102, 136, 1, 2, 0, 179)
29 (1, 4, 126, 0, 0, 0, 128, 281, 1, 2, 0, 203)
30 (1, 4, 825, 0, 101, 0, 279, 0, 1, 2, 0, 164)
31 (1, 4, 873, 0, 873, 0, 0, 0, 2, 1, 0, 45)
0 (1, 4, 107, 0, 0, 0, 162, 4, 1, 1, 0, 229)
1 (1, 4, 461, 0, 0, 0, 220, 6, 1, 1, 0, 234)
2 (1, 4, 392, 0, 0, 0, 262, 0, 1, 1, 0, 18)
3 (1, 4, 756, 0, 386, 0, 67, 0, 0, 1, 0, 128)
4 (1, 4, 574, 366, 813, 0, 116, 0, 0, 0, 0, 183)
5 (1, 4, 285, 645, 873, 0, 19, 0, 1, 0, 0, 223)
6 (1, 4, 684, 483, 583, 0, 0, 0, 0, 0, 0, 57)
7 (1, 4, 465, 628, 281, 0, 10, 0, 0, 0, 0, 0)
8 (1, 4, 397, 456, 145, 0, 0, 0, 0, 0, 0, 225)
9 (1, 4, 271, 371, 10, 0, 0, 0, 0, 0, 0, 168)
10 (1, 4, 318, 286, 33, 0, 0, 0, 0, 0, 0, 229)
11 (1, 4, 292, 203, 0, 16, 0, 2, 1, 1, 0, 45)
12 (1, 4, 260, 153, 53, 34, 0, 1, 0, 0, 0, 97)
13 (1, 4, 269, 3, 125, 43, 0, 17, 0, 0, 0, 210)
14 (1, 4, 535, 0, 170, 57, 0, 26, 0, 0, 0, 85)
15 (1, 4, 572, 5, 180, 51, 0, 48, 0, 0, 0, 25)
16 (1, 4, 664, 0, 168, 33, 0, 53, 0, 0, 0, 98)
17 (1, 4, 523, 0, 32, 19, 0, 75, 0, 0, 0, 249)
18 (1, 4, 255, 0, 68, 13, 25, 74, 0, 0, 0, 138)
19 (1, 4, 20, 0, 170, 0, 63, 52, 0, 0, 0, 28)
20 (1, 4, 0, 0, 458, 0, 85, 0, 1, 1, 0, 182)
21 (1, 4, 0, 0, 641, 0, 79, 0, 2, 2, 0, 0)
22 (1, 4, 0, 0, 215, 0, 44, 0, 1, 2, 0, 117)
23 (1, 4, 873, 142, 873, 0, 0, 0, 1, 2, 0, 51)
24 (1, 4, 0, 24, 873, 0, 0, 0, 1, 1, 0, 111)
25 (1, 4, 873, 550, 737, 0, 0, 0, 1, 1, 0, 35)
26 (1, 4, 873, 873, 395, 0, 0, 0, 0, 1, 0, 231)
27 (1, 4, 407, 734, 0, 0, 0, 0, 0, 1, 0, 226)
28 (1, 4, 577, 498, 0, 0, 0, 0, 0, 1, 0, 63)
29 (1, 4, 563, 232, 0, 0, 0, 0, 0, 1, 0, 215)
30 (1, 4, 521, 66, 0, 0, 13, 7, 0, 1, 0, 201)
31 (1, 4, 369, 0, 0, 0, 61, 23, 0, 1, 0, 164)

