1 (1, 4, 100, 136, 42, 0, 0, 52, 0, 0, 0, 208)
2 (1, 4, 181, 0, 132, 0, 0, 73, 0, 0, 0, 165)
3 (1, 4, 351, 0, 101, 0, 0, 32, 0, 0, 0, 33)
4 (1, 4, 693, 0, 0, 0, 0, 0, 0, 0, 0, 126)
5 (1, 4, 234, 0, 0, 0, 0, 0, 0, 0, 0, 73)
6 (1, 4, 873, 0, 0, 0, 0, 0, 0, 0, 0, 72)
7 (1, 4, 105, 0, 20, 87, 0, 0, 0, 0, 0, 16)
8 (1, 4, 59, 231, 50, 66, 0, 0, 0, 0, 0, 60)
9 (1, 4, 0, 342, 94, 49, 0, 0, 0, 0, 0, 134)
10 (1, 4, 0, 306, 0, 47, 0, 0, 0, 0, 0, 25)
11 (1, 4, 0, 332, 76, 56, 0, 45, 0, 0, 0, 111)
12 (1, 4, 0, 254, 60, 54, 0, 41, 0, 0, 0, 240)
13 (1, 4, 0, 173, 28, 49, 0, 44, 0, 0, 0, 195)
14 (1, 4, 0, 133, 0, 49, 0, 49, 0, 0, 0, 188)
15 (1, 4, 0, 120, 11, 44, 0, 45, 0, 0, 0, 102)
16 (1, 4, 0, 111, 65, 45, 0, 42, 0, 0, 0, 97)
17 (1, 4, 25, 82, 102, 46, 0, 45, 0, 0, 0, 169)
18 (1, 4, 52, 79, 34, 46, 0, 26, 0, 0, 0, 81)
19 (1, 4, 0, 37, 0, 42, 0, 24, 0, 0, 0, 197)
20 (1, 4, 3, 116, 14, 43, 0, 36, 0, 0, 0, 191)
21 (1, 4, 0, 129, 8, 41, 0, 35, 0, 0, 0, 191)
22 (1, 4, 0, 69, 0, 43, 0, 28, 0, 0, 0, 238)
23 (1, 4, 0, 57, 0, 47, 0, 18, 0, 0, 0, 253)
24 (1, 4, 0, 106, 0, 48, 0, 17, 0, 0, 0, 243)
25 (1, 4, 2, 149, 16, 47, 0, 17, 0, 0, 0, 82)
26 (1, 4, 0, 161, 2, 42, 0, 25, 0, 0, 0, 238)
27 (1, 4, 0, 132, 0, 42, 0, 26, 0, 0, 0, 10)
28 (1, 4, 0, 121, 0, 46, 0, 28, 0, 0, 0, 71)
29 (1, 4, 0, 76, 0, 52, 0, 28, 0, 0, 0, 186)
30 (1, 4, 0, 28, 0, 51, 0, 21, 0, 0, 0, 48)
31 (1, 4, 0, 48, 0, 51, 0, 17, 0, 0, 0, 238)
32 (1, 4, 0, 63, 0, 48, 0, 21, 0, 0, 0, 11)
1 (1, 4, 420, 0, 64, 0, 0, 17, 0, 0, 0, 97)
2 (1, 4, 573, 0, 0, 0, 0, 15, 0, 0, 0, 226)
3 (1, 4, 620, 0, 0, 0, 0, 0, 0, 0, 0, 124)
4 (1, 4, 696, 0, 0, 0, 0, 0, 0, 0, 0, 56)
5 (1, 4, 379, 0, 0, 10, 0, 0, 0, 0, 0, 118)
6 (1, 4, 73, 66, 39, 65, 0, 0, 0, 0, 0, 182)
7 (1, 4, 0, 358, 30, 41, 0, 0, 0, 0, 0, 209)
8 (1, 4, 2, 398, 129, 53, 0, 0, 0, 0, 0, 154)
9 (1, 4, 0, 400, 108, 54, 0, 28, 0, 0, 0, 12)
10 (1, 4, 0, 363, 62, 45, 0, 30, 0, 0, 0, 122)
11 (1, 4, 0, 242, 42, 41, 0, 44, 0, 0, 0, 111)
12 (1, 4, 0, 35, 0, 55, 0, 44, 0, 0, 0, 25)
13 (1, 4, 0, 36, 24, 51, 0, 24, 0, 0, 0, 163)
14 (1, 4, 0, 114, 43, 48, 0, 38, 0, 0, 0, 185)
15 (1, 4, 0, 0, 0, 35, 0, 16, 0, 0, 0, 101)
16 (1, 4, 0, 0, 36, 33, 0, 0, 0, 0, 0, 40)
17 (1, 4, 0, 0, 112, 51, 0, 0, 0, 1, 0, 80)
18 (1, 4, 0, 123, 249, 59, 0, 0, 0, 0, 0, 81)
19 (1, 4, 0, 199, 210, 28, 0, 0, 0, 0, 0, 215)
20 (1, 4, 50, 228, 142, 27, 0, 0, 0, 0, 0, 205)
21 (1, 4, 65, 185, 123, 25, 0, 0, 0, 0, 0, 48)
22 (1, 4, 0, 121, 55, 26, 0, 0, 0, 0, 0, 13)
23 (1, 4, 17, 68, 35, 29, 0, 0, 0, 0, 0, 224)
24 (1, 4, 7, 31, 23, 27, 0, 0, 0, 0, 0, 48)
25 (1, 4, 12, 45, 3, 30, 0, 0, 0, 0, 0, 222)
26 (1, 4, 23, 25, 0, 24, 0, 0, 0, 0, 0, 220)
27 (1, 4, 4, 1, 0, 25, 0, 0, 0, 0, 0, 227)
28 (1, 4, 0, 4, 0, 26, 0, 0, 0, 0, 0, 149)
29 (1, 4, 29, 34, 0, 25, 0, 0, 0, 0, 0, 103)
30 (1, 4, 1, 22, 0, 26, 0, 0, 0, 0, 0, 151)
31 (1, 4, 0, 16, 5, 25, 0, 0, 0, 0, 0, 197)
32 (1, 4, 0, 9, 2, 27, 0, 0, 0, 0, 0, 121)
1 (1, 4, 0, 0, 0, 36, 0, 0, 0, 0, 0, 235)
2 (1, 4, 222, 190, 0, 33, 0, 0, 0, 1, 0, 109)
3 (1, 4, 0, 281, 32, 31, 0, 0, 0, 1, 0, 59)
4 (1, 4, 0, 351, 121, 30, 0, 0, 0, 0, 0, 215)
5 (1, 4, 0, 478, 201, 21, 0, 0, 0, 0, 0, 202)
6 (1, 4, 0, 643, 292, 14, 0, 11, 0, 0, 0, 161)
7 (1, 4, 0, 421, 137, 0, 0, 16, 0, 0, 0, 61)
8 (1, 4, 0, 182, 39, 0, 0, 5, 0, 0, 0, 218)
9 (1, 4, 0, 205, 76, 6, 0, 23, 0, 0, 0, 187)
10 (1, 4, 0, 139, 56, 1, 0, 0, 0, 0, 0, 54)
11 (1, 4, 0, 124, 61, 0, 0, 0, 0, 0, 0, 192)
12 (1, 4, 1, 243, 110, 2, 0, 3, 0, 0, 0, 25)
13 (1, 4, 0, 259, 29, 0, 0, 6, 0, 0, 0, 134)
14 (1, 4, 0, 185, 25, 0, 0, 10, 0, 0, 0, 222)
15 (1, 4, 47, 136, 26, 0, 0, 7, 0, 0, 0, 174)
16 (1, 4, 43, 131, 29, 4, 0, 5, 0, 0, 0, 221)
17 (1, 4, 18, 82, 12, 6, 0, 5, 0, 0, 0, 7)
18 (1, 4, 8, 49, 0, 8, 0, 5, 0, 0, 0, 74)
19 (1, 4, 9, 15, 0, 11, 0, 4, 0, 0, 0, 29)
20 (1, 4, 9, 0, 0, 11, 0, 2, 0, 0, 0, 96)
21 (1, 4, 16, 0, 0, 13, 0, 1, 0, 0, 0, 218)
22 (1, 4, 20, 0, 0, 14, 0, 1, 0, 0, 0, 195)
23 (1, 4, 0, 2, 0, 14, 0, 4, 0, 0, 0, 220)
24 (1, 4, 0, 3, 0, 14, 0, 6, 0, 0, 0, 208)
25 (1, 4, 0, 0, 0, 14, 0, 6, 0, 0, 0, 8)
26 (1, 4, 0, 0, 0, 14, 0, 3, 0, 0, 0, 162)
27 (1, 4, 0, 0, 0, 14, 0, 3, 0, 0, 0, 162)
28 (1, 4, 2, 0, 0, 15, 0, 1, 0, 0, 0, 24)
29 (1, 4, 0, 9, 0, 15, 0, 4, 0, 0, 0, 168)
30 (1, 4, 11, 14, 0, 15, 0, 6, 0, 0, 0, 113)
31 (1, 4, 9, 8, 1, 13, 0, 6, 0, 0, 0, 112)
32 (1, 4, 11, 5, 6, 13, 0, 5, 0, 0, 0, 51)
1 (1, 4, 21, 60, 0, 31, 0, 11, 0, 0, 0, 188)
2 (1, 4, 79, 80, 0, 35, 0, 13, 0, 0, 0, 199)
3 (1, 4, 42, 74, 0, 38, 0, 11, 0, 0, 0, 175)
4 (1, 4, 29, 114, 0, 40, 0, 17, 0, 0, 0, 136)
5 (1, 4, 0, 198, 0, 29, 0, 32, 0, 0, 0, 134)
6 (1, 4, 0, 345, 0, 0, 0, 64, 0, 0, 0, 58)
7 (1, 4, 0, 224, 0, 0, 0, 76, 0, 0, 0, 228)
8 (1, 4, 64, 0, 0, 0, 0, 72, 0, 0, 0, 88)
9 (1, 4, 343, 0, 23, 0, 0, 51, 0, 0, 0, 177)
10 (1, 4, 376, 0, 0, 0, 0, 18, 0, 0, 0, 200)
11 (1, 4, 841, 0, 0, 0, 0, 0, 0, 0, 0, 143)
12 (1, 4, 809, 0, 0, 0, 0, 0, 2, 1, 0, 110)
13 (1, 4, 99, 0, 0, 64, 0, 0, 0, 1, 0, 156)
14 (1, 4, 157, 1, 20, 35, 0, 0, 0, 1, 0, 250)
15 (1, 4, 108, 27, 70, 50, 0, 0, 0, 1, 0, 179)
16 (1, 4, 0, 84, 147, 66, 0, 0, 1, 1, 0, 145)
17 (1, 4, 0, 99, 171, 50, 0, 0, 0, 1, 0, 164)
18 (1, 4, 0, 84, 169, 44, 0, 0, 0, 1, 0, 103)
19 (1, 4, 0, 108, 190, 47, 0, 0, 0, 0, 0, 167)
20 (1, 4, 0, 122, 191, 37, 0, 0, 0, 0, 0, 35)
21 (1, 4, 0, 178, 217, 26, 0, 0, 0, 0, 0, 221)
22 (1, 4, 0, 289, 256, 29, 0, 0, 0, 0, 0, 221)
23 (1, 4, 0, 275, 173, 13, 0, 0, 0, 0, 0, 192)
24 (1, 4, 0, 243, 154, 11, 0, 0, 0, 0, 0, 67)
25 (1, 4, 0, 323, 174, 13, 0, 0, 0, 0, 0, 153)
26 (1, 4, 0, 385, 112, 10, 0, 0, 0, 0, 0, 147)
27 (1, 4, 19, 391, 95, 10, 0, 0, 0, 0, 0, 113)
28 (1, 4, 0, 347, 77, 13, 0, 0, 0, 1, 0, 111)
29 (1, 4, 0, 272, 89, 18, 0, 3, 0, 1, 0, 146)
30 (1, 4, 0, 203, 93, 22, 0, 6, 0, 1, 0, 119)
31 (1, 4, 0, 140, 45, 26, 0, 7, 0, 1, 0, 215)
32 (1, 4, 0, 68, 28, 28, 0, 9, 0, 1, 0, 151)
1 (1, 4, 70, 134, 0, 52, 0, 33, 0, 0, 0, 121)
2 (1, 4, 153, 106, 0, 46, 0, 31, 0, 0, 0, 19)
3 (1, 4, 156, 85, 0, 43, 0, 29, 0, 0, 0, 237)
4 (1, 4, 126, 48, 0, 37, 0, 31, 0, 0, 0, 135)
5 (1, 4, 58, 38, 0, 38, 0, 30, 0, 0, 0, 30)
6 (1, 4, 0, 41, 0, 43, 0, 39, 0, 0, 0, 56)
7 (1, 4, 0, 54, 0, 40, 0, 53, 0, 0, 0, 163)
8 (1, 4, 0, 91, 0, 24, 0, 94, 0, 0, 0, 72)
9 (1, 4, 0, 0, 0, 0, 0, 174, 0, 0, 0, 115)
10 (1, 4, 232, 0, 0, 0, 0, 103, 0, 0, 0, 162)
11 (1, 4, 655, 0, 0, 0, 0, 0, 0, 0, 0, 53)
12 (1, 4, 763, 0, 0, 0, 0, 0, 0, 0, 0, 163)
13 (1, 4, 638, 0, 0, 0, 0, 0, 0, 0, 0, 128)
14 (1, 4, 234, 38, 0, 2, 0, 0, 0, 0, 0, 2)
15 (1, 4, 153, 258, 0, 20, 0, 0, 0, 0, 0, 246)
16 (1, 4, 62, 249, 0, 40, 0, 0, 0, 0, 0, 59)
17 (1, 4, 0, 216, 42, 60, 0, 0, 0, 0, 0, 217)
18 (1, 4, 0, 270, 94, 56, 0, 0, 0, 0, 0, 48)
19 (1, 4, 0, 322, 126, 76, 0, 13, 0, 0, 0, 211)
20 (1, 4, 0, 315, 129, 65, 0, 18, 0, 0, 0, 150)
21 (1, 4, 0, 345, 138, 50, 0, 32, 0, 0, 0, 156)
22 (1, 4, 0, 198, 81, 54, 0, 34, 0, 0, 0, 31)
23 (1, 4, 0, 148, 103, 44, 0, 29, 0, 0, 0, 218)
24 (1, 4, 0, 192, 114, 46, 0, 36, 0, 0, 0, 46)
25 (1, 4, 0, 106, 67, 43, 0, 28, 0, 0, 0, 221)
26 (1, 4, 0, 41, 50, 38, 0, 16, 0, 0, 0, 108)
27 (1, 4, 0, 61, 57, 43, 0, 23, 0, 0, 0, 88)
28 (1, 4, 0, 42, 63, 39, 0, 10, 0, 0, 0, 93)
29 (1, 4, 0, 0, 28, 40, 0, 0, 0, 0, 0, 242)
30 (1, 4, 0, 29, 28, 40, 0, 0, 0, 0, 0, 79)
31 (1, 4, 0, 89, 38, 36, 0, 0, 0, 0, 0, 128)
32 (1, 4, 0, 83, 29, 33, 0, 1, 0, 0, 0, 100)
1 (1, 4, 0, 64, 113, 25, 0, 32, 0, 0, 0, 162)
2 (1, 4, 0, 73, 113, 0, 0, 20, 0, 0, 0, 179)
3 (1, 4, 0, 0, 0, 0, 0, 19, 0, 0, 0, 203)
4 (1, 4, 807, 0, 0, 0, 0, 0, 0, 0, 0, 149)
5 (1, 4, 565, 0, 0, 0, 0, 0, 1, 1, 0, 98)
6 (1, 4, 232, 0, 0, 27, 0, 0, 0, 0, 0, 123)
7 (1, 4, 40, 125, 27, 39, 0, 0, 0, 0, 0, 249)
8 (1, 4, 0, 138, 17, 55, 0, 0, 0, 0, 0, 9)
9 (1, 4, 0, 126, 42, 66, 0, 0, 0, 0, 0, 220)
10 (1, 4, 0, 93, 72, 63, 0, 0, 0, 0, 0, 188)
11 (1, 4, 0, 145, 133, 61, 0, 5, 0, 0, 0, 191)
12 (1, 4, 0, 180, 93, 78, 0, 0, 0, 0, 0, 155)
13 (1, 4, 0, 171, 110, 56, 0, 12, 0, 0, 0, 103)
14 (1, 4, 0, 206, 98, 53, 0, 6, 0, 0, 0, 99)
15 (1, 4, 0, 184, 87, 60, 0, 10, 0, 0, 0, 199)
16 (1, 4, 0, 176, 63, 56, 0, 20, 0, 0, 0, 68)
17 (1, 4, 0, 154, 50, 51, 0, 14, 0, 0, 0, 119)
18 (1, 4, 0, 134, 20, 54, 0, 24, 0, 0, 0, 140)
19 (1, 4, 0, 117, 0, 52, 0, 19, 0, 0, 0, 230)
20 (1, 4, 0, 120, 6, 52, 0, 25, 0, 0, 0, 24)
21 (1, 4, 0, 118, 0, 52, 0, 27, 0, 0, 0, 212)
22 (1, 4, 0, 93, 21, 49, 0, 27, 0, 0, 0, 171)
23 (1, 4, 0, 84, 31, 47, 0, 31, 0, 0, 0, 6)
24 (1, 4, 0, 68, 15, 48, 0, 26, 0, 0, 0, 224)
25 (1, 4, 0, 63, 0, 48, 0, 28, 0, 0, 0, 62)
26 (1, 4, 0, 58, 0, 47, 0, 25, 0, 0, 0, 169)
27 (1, 4, 0, 54, 0, 48, 0, 27, 0, 0, 0, 43)
28 (1, 4, 0, 27, 0, 49, 0, 26, 0, 0, 0, 245)
29 (1, 4, 3, 27, 0, 50, 0, 25, 0, 0, 0, 160)
30 (1, 4, 0, 14, 0, 52, 0, 26, 0, 0, 0, 152)
31 (1, 4, 0, 13, 0, 51, 0, 25, 0, 0, 0, 123)
32 (1, 4, 0, 13, 0, 51, 0, 25, 0, 0, 0, 123)
1 (1, 4, 0, 224, 66, 46, 0, 0, 0, 0, 0, 185)
2 (1, 4, 0, 241, 161, 33, 0, 16, 0, 0, 0, 84)
3 (1, 4, 0, 345, 205, 18, 0, 35, 0, 0, 0, 13)
4 (1, 4, 0, 255, 134, 0, 0, 63, 0, 0, 0, 229)
5 (1, 4, 203, 0, 0, 0, 0, 75, 0, 0, 0, 73)
6 (1, 4, 554, 0, 0, 0, 0, 7, 0, 0, 0, 194)
7 (1, 4, 624, 0, 0, 0, 0, 0, 0, 0, 0, 212)
8 (1, 4, 182, 0, 0, 0, 0, 0, 0, 0, 0, 104)
9 (1, 4, 100, 149, 0, 29, 0, 0, 0, 0, 0, 107)
10 (1, 4, 0, 188, 0, 50, 0, 0, 0, 0, 0, 149)
11 (1, 4, 0, 222, 89, 45, 0, 0, 0, 0, 0, 71)
12 (1, 4, 0, 304, 214, 60, 0, 0, 0, 0, 0, 166)
13 (1, 4, 0, 465, 202, 39, 0, 0, 0, 0, 0, 224)
14 (1, 4, 0, 551, 216, 26, 0, 3, 0, 0, 0, 237)
15 (1, 4, 0, 491, 177, 28, 0, 31, 0, 0, 0, 13)
16 (1, 4, 0, 378, 155, 28, 0, 35, 0, 0, 0, 88)
17 (1, 4, 0, 314, 130, 26, 0, 51, 0, 0, 0, 29)
18 (1, 4, 0, 184, 123, 15, 0, 55, 0, 0, 0, 214)
19 (1, 4, 0, 77, 81, 16, 0, 55, 0, 0, 0, 167)
20 (1, 4, 14, 0, 28, 16, 0, 45, 0, 0, 0, 161)
21 (1, 4, 0, 0, 0, 17, 0, 38, 0, 0, 0, 251)
22 (1, 4, 0, 0, 0, 21, 0, 31, 0, 0, 0, 192)
23 (1, 4, 0, 0, 0, 25, 0, 29, 0, 0, 0, 253)
24 (1, 4, 0, 0, 0, 27, 0, 26, 0, 0, 0, 208)
25 (1, 4, 0, 0, 0, 27, 0, 27, 0, 0, 0, 15)
26 (1, 4, 9, 0, 0, 31, 0, 26, 0, 0, 0, 210)
27 (1, 4, 0, 0, 0, 31, 0, 26, 0, 0, 0, 172)
28 (1, 4, 0, 1, 0, 30, 0, 27, 0, 0, 0, 217)
29 (1, 4, 3, 2, 0, 31, 0, 26, 0, 0, 0, 211)
30 (1, 4, 0, 9, 0, 31, 0, 27, 0, 0, 0, 117)
31 (1, 4, 0, 6, 0, 30, 0, 27, 0, 0, 0, 219)
32 (1, 4, 0, 7, 0, 31, 0, 27, 0, 0, 0, 113)
1 (1, 4, 0, 25, 0, 41, 0, 0, 0, 0, 0, 23)
2 (1, 4, 8, 28, 8, 40, 0, 0, 0, 0, 0, 171)
3 (1, 4, 0, 32, 13, 40, 0, 0, 0, 0, 0, 219)
4 (1, 4, 0, 43, 22, 40, 0, 0, 0, 0, 0, 200)
5 (1, 4, 0, 67, 34, 43, 0, 0, 0, 0, 0, 196)
6 (1, 4, 26, 135, 88, 36, 0, 0, 0, 0, 0, 92)
7 (1, 4, 22, 163, 142, 33, 0, 0, 0, 0, 0, 107)
8 (1, 4, 132, 217, 222, 25, 0, 0, 0, 0, 0, 30)
9 (1, 4, 42, 282, 159, 17, 0, 6, 0, 0, 0, 124)
10 (1, 4, 0, 356, 44, 0, 0, 28, 0, 0, 0, 80)
11 (1, 4, 0, 281, 0, 0, 0, 64, 0, 0, 0, 185)
12 (1, 4, 247, 0, 0, 0, 0, 110, 0, 0, 0, 45)
13 (1, 4, 396, 0, 0, 0, 0, 0, 0, 0, 0, 33)
14 (1, 4, 243, 0, 0, 0, 0, 0, 0, 0, 0, 215)
15 (1, 4, 94, 0, 0, 37, 0, 0, 0, 0, 0, 201)
16 (1, 4, 0, 0, 0, 16, 0, 0, 0, 0, 0, 137)
17 (1, 4, 23, 189, 13, 35, 0, 0, 0, 0, 0, 116)
18 (1, 4, 0, 261, 81, 40, 0, 0, 0, 0, 0, 245)
19 (1, 4, 0, 363, 192, 42, 0, 0, 0, 0, 0, 148)
20 (1, 4, 0, 587, 263, 39, 0, 0, 0, 0, 0, 87)
21 (1, 4, 0, 691, 201, 13, 0, 7, 0, 0, 0, 99)
22 (1, 4, 0, 701, 229, 0, 0, 11, 0, 0, 0, 127)
23 (1, 4, 0, 518, 185, 0, 0, 49, 0, 0, 0, 241)
24 (1, 4, 0, 171, 124, 0, 0, 64, 0, 0, 0, 11)
25 (1, 4, 68, 0, 54, 11, 0, 53, 0, 0, 0, 62)
26 (1, 4, 39, 0, 0, 9, 0, 33, 0, 0, 0, 10)
27 (1, 4, 0, 0, 0, 19, 0, 23, 0, 0, 0, 104)
28 (1, 4, 0, 0, 0, 20, 0, 18, 0, 0, 0, 159)
29 (1, 4, 0, 0, 0, 24, 0, 16, 0, 0, 0, 162)
30 (1, 4, 0, 0, 0, 24, 0, 16, 0, 0, 0, 162) [FRAGMENTED]
31 (1, 4, 0, 0, 0, 0, 0, 33, 0, 0, 0, 0)
32 (1, 4, 21, 0, 0, 1, 0, 63, 0, 0, 0, 60)
1 (1, 4, 118, 0, 0, 0, 0, 29, 0, 0, 0, 103)
2 (1, 4, 123, 0, 0, 0, 0, 0, 0, 0, 0, 178)
3 (1, 4, 679, 0, 0, 0, 0, 0, 0, 0, 0, 130)
4 (1, 4, 0, 0, 0, 0, 0, 0, 0, 0, 0, 126)
5 (1, 4, 0, 166, 73, 36, 0, 0, 0, 0, 0, 76)
6 (1, 4, 0, 269, 125, 20, 0, 0, 0, 0, 0, 192)
7 (1, 4, 0, 347, 273, 24, 0, 0, 0, 0, 0, 171)
8 (1, 4, 0, 564, 308, 7, 0, 0, 0, 0, 0, 21)
9 (1, 4, 38, 599, 288, 12, 0, 0, 0, 0, 0, 151)
10 (1, 4, 129, 735, 324, 9, 0, 5, 0, 0, 0, 79)
11 (1, 4, 4, 599, 221, 0, 0, 27, 0, 0, 0, 55)
12 (1, 4, 0, 441, 155, 0, 0, 60, 0, 0, 0, 91)
13 (1, 4, 0, 113, 73, 0, 0, 64, 0, 0, 0, 125)
14 (1, 4, 66, 0, 6, 4, 0, 48, 0, 0, 0, 148)
15 (1, 4, 26, 0, 0, 6, 0, 29, 0, 0, 0, 35)
16 (1, 4, 0, 0, 0, 9, 0, 19, 0, 0, 0, 44)
17 (1, 4, 0, 0, 0, 15, 0, 18, 0, 0, 0, 177)
18 (1, 4, 0, 1, 0, 16, 0, 18, 0, 0, 0, 86)
19 (1, 4, 0, 3, 0, 16, 0, 22, 0, 0, 0, 78)
20 (1, 4, 2, 0, 0, 17, 0, 21, 0, 0, 0, 243)
21 (1, 4, 11, 0, 0, 18, 0, 19, 0, 0, 0, 96)
22 (1, 4, 0, 6, 0, 17, 0, 19, 0, 0, 0, 148)
23 (1, 4, 0, 7, 0, 18, 0, 20, 0, 0, 0, 19)
24 (1, 4, 10, 10, 2, 17, 0, 21, 0, 0, 0, 114)
25 (1, 4, 0, 8, 0, 16, 0, 21, 0, 0, 0, 67)
26 (1, 4, 0, 11, 0, 17, 0, 22, 0, 0, 0, 226)
27 (1, 4, 5, 7, 0, 16, 0, 21, 0, 0, 0, 196) [FRAGMENTED]
28 (1, 4, 46, 0, 0, 0, 0, 20, 0, 0, 0, 75)
29 (1, 4, 0, 0, 0, 0, 0, 0, 0, 0, 0, 126)
30 (1, 4, 710, 0, 0, 0, 0, 0, 0, 0, 0, 194)
31 (1, 4, 0, 0, 0, 6, 0, 0, 0, 0, 0, 60)
32 (1, 4, 0, 197, 105, 0, 0, 0, 0, 0, 0, 190)
1 (1, 4, 0, 238, 132, 10, 0, 0, 0, 0, 0, 83)
2 (1, 4, 0, 349, 177, 17, 0, 0, 0, 0, 0, 169)
3 (1, 4, 0, 386, 265, 16, 0, 0, 0, 0, 0, 117)
4 (1, 4, 0, 576, 321, 13, 0, 0, 0, 0, 0, 153)
5 (1, 4, 0, 806, 242, 3, 0, 0, 0, 0, 0, 166)
6 (1, 4, 0, 705, 201, 0, 0, 0, 0, 0, 0, 166)
7 (1, 4, 0, 388, 210, 7, 0, 45, 0, 0, 0, 166)
8 (1, 4, 97, 47, 153, 18, 0, 42, 0, 0, 0, 208)
9 (1, 4, 174, 0, 52, 32, 0, 17, 0, 0, 0, 194)
10 (1, 4, 73, 0, 0, 37, 0, 5, 0, 0, 0, 169)
11 (1, 4, 0, 0, 0, 39, 0, 0, 0, 0, 0, 202)
12 (1, 4, 0, 0, 0, 42, 0, 0, 0, 0, 0, 81)
13 (1, 4, 1, 0, 0, 45, 0, 0, 0, 0, 0, 2)
14 (1, 4, 0, 0, 0, 47, 0, 0, 0, 0, 0, 50)
15 (1, 4, 0, 0, 0, 47, 0, 0, 0, 0, 0, 50)
16 (1, 4, 1, 0, 0, 48, 0, 0, 0, 0, 0, 110)
17 (1, 4, 6, 0, 0, 48, 0, 0, 0, 0, 0, 68)
18 (1, 4, 3, 6, 1, 48, 0, 0, 0, 0, 0, 81)
19 (1, 4, 0, 0, 0, 49, 0, 0, 0, 0, 0, 127)
20 (1, 4, 2, 3, 0, 46, 0, 0, 0, 0, 0, 233)
21 (1, 4, 5, 3, 2, 48, 0, 0, 0, 0, 0, 161)
22 (1, 4, 0, 4, 0, 46, 0, 0, 0, 0, 0, 247)
23 (1, 4, 5, 0, 0, 47, 0, 0, 0, 0, 0, 4)
24 (1, 4, 5, 0, 0, 46, 0, 0, 0, 0, 0, 27)
25 (1, 4, 0, 0, 0, 46, 0, 0, 0, 0, 0, 45)
26 (1, 4, 0, 0, 0, 46, 0, 0, 0, 0, 0, 45)
27 (1, 4, 3, 0, 0, 46, 0, 0, 0, 0, 0, 63)
28 (1, 4, 0, 9, 0, 44, 0, 0, 0, 1, 0, 126)
29 (1, 4, 0, 13, 0, 45, 0, 0, 0, 0, 0, 208)
30 (1, 4, 0, 19, 0, 45, 0, 0, 0, 0, 0, 181)
31 (1, 4, 7, 13, 5, 43, 0, 0, 0, 0, 0, 114)
32 (1, 4, 11, 19, 11, 43, 0, 0, 0, 0, 0, 146)
1 (1, 4, 34, 13, 12, 43, 0, 0, 0, 0, 0, 171)
2 (1, 4, 5, 26, 20, 40, 0, 0, 0, 0, 0, 199)
3 (1, 4, 0, 99, 96, 33, 0, 2, 0, 0, 0, 173)
4 (1, 4, 0, 227, 128, 18, 0, 20, 0, 0, 0, 120)
5 (1, 4, 27, 264, 65, 0, 0, 43, 0, 0, 0, 232)
6 (1, 4, 0, 0, 0, 0, 0, 63, 0, 0, 0, 245)
7 (1, 4, 290, 0, 0, 0, 0, 57, 0, 0, 0, 224)
8 (1, 4, 397, 0, 0, 0, 0, 18, 0, 0, 0, 69)
9 (1, 4, 737, 0, 0, 0, 0, 0, 0, 1, 0, 68)
10 (1, 4, 0, 0, 0, 73, 0, 0, 0, 0, 0, 76)
11 (1, 4, 0, 81, 47, 17, 0, 0, 0, 0, 0, 102)
12 (1, 4, 0, 214, 96, 47, 0, 0, 0, 0, 0, 99)
13 (1, 4, 0, 426, 224, 59, 0, 0, 0, 0, 0, 181)
14 (1, 4, 0, 710, 203, 14, 0, 0, 0, 0, 0, 49)
15 (1, 4, 0, 718, 239, 0, 0, 0, 0, 0, 0, 152)
16 (1, 4, 0, 714, 186, 0, 0, 18, 0, 0, 0, 102)
17 (1, 4, 0, 471, 72, 0, 0, 46, 0, 0, 0, 186)
18 (1, 4, 42, 84, 29, 2, 0, 59, 0, 0, 0, 36)
19 (1, 4, 171, 0, 11, 17, 0, 41, 0, 0, 0, 181)
20 (1, 4, 29, 0, 0, 30, 0, 19, 0, 0, 0, 32)
21 (1, 4, 0, 0, 0, 35, 0, 15, 0, 0, 0, 79)
22 (1, 4, 28, 0, 0, 38, 0, 13, 0, 0, 0, 61)
23 (1, 4, 29, 0, 0, 42, 0, 12, 0, 0, 0, 104)
24 (1, 4, 11, 0, 0, 45, 0, 14, 0, 0, 0, 72)
25 (1, 4, 0, 0, 0, 45, 0, 13, 0, 0, 0, 76)
26 (1, 4, 0, 0, 0, 46, 0, 14, 0, 0, 0, 11)
27 (1, 4, 0, 0, 0, 50, 0, 13, 0, 0, 0, 30)
28 (1, 4, 448, 0, 0, 0, 15, 0, 0, 1, 0, 34)
29 (1, 4, 7, 14, 0, 0, 0, 0, 0, 0, 0, 80)
30 (1, 4, 0, 330, 91, 0, 0, 0, 0, 0, 0, 69)
31 (1, 4, 0, 629, 398, 9, 0, 0, 0, 0, 0, 122)
32 (1, 4, 0, 873, 509, 0, 0, 0, 0, 0, 0, 177)
1 (1, 4, 0, 751, 393, 0, 0, 52, 0, 0, 0, 193)
2 (1, 4, 74, 210, 0, 0, 0, 78, 0, 0, 0, 118)
3 (1, 4, 0, 0, 0, 24, 0, 47, 0, 0, 0, 41)
4 (1, 4, 0, 0, 0, 50, 0, 16, 0, 0, 0, 141)
5 (1, 4, 59, 0, 20, 54, 0, 6, 0, 0, 0, 138)
6 (1, 4, 3, 0, 0, 51, 0, 0, 0, 0, 0, 83)
7 (1, 4, 10, 0, 0, 54, 0, 0, 0, 0, 0, 78)
8 (1, 4, 0, 5, 0, 51, 0, 0, 0, 0, 0, 46)
9 (1, 4, 11, 4, 0, 50, 0, 0, 0, 0, 0, 230)
10 (1, 4, 29, 59, 0, 54, 0, 0, 0, 0, 0, 76)
11 (1, 4, 0, 32, 0, 49, 0, 0, 0, 0, 0, 189)
12 (1, 4, 16, 13, 0, 52, 0, 0, 0, 0, 0, 32)
13 (1, 4, 0, 0, 0, 52, 0, 0, 0, 0, 0, 28)
14 (1, 4, 0, 0, 0, 54, 0, 0, 0, 0, 0, 34)
15 (1, 4, 0, 0, 5, 53, 0, 0, 0, 0, 0, 201)
16 (1, 4, 3, 0, 0, 53, 0, 0, 0, 0, 0, 17)
17 (1, 4, 0, 0, 0, 53, 0, 0, 0, 0, 0, 3)
18 (1, 4, 10, 0, 0, 53, 0, 0, 0, 0, 0, 111)
19 (1, 4, 0, 0, 0, 53, 0, 0, 0, 0, 0, 3)
20 (1, 4, 5, 0, 0, 55, 0, 0, 0, 0, 0, 11)
21 (1, 4, 0, 4, 0, 54, 0, 0, 0, 0, 0, 248)
22 (1, 4, 0, 19, 4, 51, 0, 0, 0, 0, 0, 166)
23 (1, 4, 2, 23, 1, 51, 0, 0, 0, 0, 0, 170)
24 (1, 4, 0, 21, 16, 51, 0, 0, 0, 0, 0, 48)
25 (1, 4, 3, 23, 20, 52, 0, 0, 0, 0, 0, 76)
26 (1, 4, 4, 42, 24, 52, 0, 0, 0, 0, 0, 251)
27 (1, 4, 0, 36, 0, 51, 0, 0, 0, 0, 0, 89)
28 (1, 4, 0, 105, 0, 15, 0, 20, 0, 0, 0, 58)
29 (1, 4, 0, 2, 41, 0, 0, 24, 0, 0, 0, 252)
30 (1, 4, 239, 0, 0, 0, 0, 39, 0, 0, 0, 205)
31 (1, 4, 495, 0, 0, 0, 0, 74, 0, 0, 0, 107)
32 (1, 4, 520, 0, 0, 0, 0, 0, 0, 0, 0, 10)
1 (1, 4, 344, 0, 0, 0, 25, 0, 0, 0, 0, 88)
2 (1, 4, 0, 155, 85, 12, 0, 0, 0, 0, 0, 191)
3 (1, 4, 87, 327, 59, 17, 0, 0, 0, 0, 0, 55)
4 (1, 4, 0, 208, 85, 43, 0, 0, 0, 0, 0, 227)
5 (1, 4, 0, 252, 174, 54, 0, 0, 0, 0, 0, 168)
6 (1, 4, 0, 290, 255, 56, 0, 0, 0, 0, 0, 0)
7 (1, 4, 0, 286, 196, 46, 0, 13, 0, 0, 0, 185)
8 (1, 4, 0, 211, 117, 43, 0, 23, 0, 0, 0, 5)
9 (1, 4, 0, 167, 95, 52, 0, 7, 0, 0, 0, 19)
10 (1, 4, 0, 63, 31, 50, 0, 11, 0, 0, 0, 230)
11 (1, 4, 0, 21, 16, 51, 0, 0, 0, 0, 0, 48)
12 (1, 4, 0, 4, 16, 50, 0, 0, 0, 0, 0, 251)
13 (1, 4, 0, 0, 0, 50, 0, 0, 0, 0, 0, 94)
14 (1, 4, 8, 7, 2, 50, 0, 0, 0, 0, 0, 3)
15 (1, 4, 0, 0, 0, 50, 0, 0, 0, 0, 0, 94)
16 (1, 4, 0, 4, 0, 49, 0, 0, 0, 0, 0, 165)
17 (1, 4, 0, 0, 5, 53, 0, 0, 0, 0, 0, 201)
18 (1, 4, 0, 0, 0, 54, 0, 0, 0, 0, 0, 34)
19 (1, 4, 0, 0, 11, 54, 0, 0, 0, 0, 0, 37)
20 (1, 4, 0, 12, 0, 55, 0, 0, 0, 0, 0, 84)
21 (1, 4, 27, 34, 4, 49, 0, 0, 0, 0, 0, 12)
22 (1, 4, 4, 24, 0, 52, 0, 0, 0, 0, 0, 246)
23 (1, 4, 0, 28, 17, 51, 0, 0, 0, 0, 0, 162)
24 (1, 4, 26, 51, 21, 50, 0, 0, 0, 0, 0, 28)
25 (1, 4, 16, 64, 19, 49, 0, 0, 0, 0, 0, 216)
26 (1, 4, 0, 48, 16, 46, 0, 0, 0, 0, 0, 241)
27 (1, 4, 0, 41, 23, 45, 0, 0, 0, 0, 0, 82)
28 (1, 4, 648, 0, 0, 0, 0, 86, 0, 0, 0, 69)
29 (1, 4, 168, 0, 0, 0, 0, 0, 0, 0, 0, 220)
30 (1, 4, 602, 0, 0, 0, 0, 0, 0, 0, 0, 127)
31 (1, 4, 229, 0, 0, 0, 0, 0, 0, 0, 0, 19)
32 (1, 4, 0, 60, 10, 6, 0, 0, 0, 0, 0, 101)
1 (1, 4, 0, 229, 139, 31, 0, 0, 0, 0, 0, 245)
2 (1, 4, 0, 381, 204, 39, 0, 0, 0, 0, 0, 59)
3 (1, 4, 0, 429, 261, 35, 0, 0, 0, 0, 0, 219)
4 (1, 4, 0, 519, 261, 12, 0, 0, 0, 0, 0, 162)
5 (1, 4, 0, 570, 251, 7, 0, 0, 0, 0, 0, 31)
6 (1, 4, 0, 365, 122, 0, 0, 13, 0, 0, 0, 175)
7 (1, 4, 0, 158, 81, 9, 0, 22, 0, 0, 0, 242)
8 (1, 4, 83, 1, 20, 21, 0, 5, 0, 0, 0, 175)
9 (1, 4, 74, 0, 0, 28, 0, 0, 0, 0, 0, 232)
10 (1, 4, 77, 0, 0, 30, 0, 0, 0, 0, 0, 252)
11 (1, 4, 57, 0, 0, 34, 0, 0, 0, 0, 0, 240)
12 (1, 4, 15, 0, 0, 41, 0, 0, 0, 0, 0, 42)
13 (1, 4, 14, 0, 9, 49, 0, 0, 0, 0, 0, 3)
14 (1, 4, 17, 1, 13, 44, 0, 0, 0, 0, 0, 62)
15 (1, 4, 35, 0, 0, 48, 0, 0, 0, 0, 0, 181)
16 (1, 4, 6, 10, 0, 47, 0, 0, 0, 0, 0, 200)
17 (1, 4, 9, 6, 5, 42, 0, 0, 0, 0, 0, 82)
18 (1, 4, 3, 0, 18, 43, 0, 0, 0, 0, 0, 12)
19 (1, 4, 0, 0, 2, 42, 0, 0, 0, 0, 0, 126)
20 (1, 4, 0, 0, 0, 43, 0, 0, 0, 0, 0, 78)
21 (1, 4, 0, 6, 0, 46, 0, 0, 0, 0, 0, 154)
22 (1, 4, 0, 16, 0, 42, 0, 0, 0, 0, 0, 48)
23 (1, 4, 8, 14, 0, 45, 0, 0, 0, 0, 0, 120)
24 (1, 4, 7, 27, 0, 45, 0, 0, 0, 0, 0, 44)
25 (1, 4, 13, 28, 0, 44, 0, 0, 0, 0, 0, 93)
26 (1, 4, 24, 22, 0, 44, 0, 0, 0, 0, 0, 85)
27 (1, 4, 35, 18, 0, 42, 0, 0, 0, 0, 0, 136)
28 (1, 4, 408, 0, 0, 0, 0, 0, 0, 0, 0, 249)
29 (1, 4, 37, 0, 0, 0, 0, 0, 0, 0, 0, 143)
30 (1, 4, 0, 0, 0, 5, 9, 0, 0, 0, 0, 165)
31 (1, 4, 0, 200, 264, 0, 0, 0, 0, 0, 0, 174)
32 (1, 4, 0, 351, 470, 4, 0, 0, 0, 0, 0, 237)
1 (1, 4, 0, 519, 468, 1, 0, 0, 0, 0, 0, 216)
2 (1, 4, 0, 711, 406, 0, 0, 0, 0, 0, 0, 145)
3 (1, 4, 0, 713, 322, 0, 0, 0, 0, 0, 0, 190)
4 (1, 4, 0, 359, 140, 0, 0, 36, 0, 0, 0, 31)
5 (1, 4, 0, 122, 0, 0, 0, 37, 0, 0, 0, 139)
6 (1, 4, 0, 38, 0, 18, 0, 18, 0, 0, 0, 168)
7 (1, 4, 0, 0, 0, 31, 0, 12, 0, 0, 0, 179)
8 (1, 4, 45, 0, 0, 32, 0, 0, 0, 0, 0, 22)
9 (1, 4, 25, 0, 0, 32, 0, 0, 0, 0, 0, 9)
10 (1, 4, 3, 0, 0, 38, 0, 0, 0, 0, 0, 199)
11 (1, 4, 0, 0, 0, 43, 0, 0, 0, 0, 0, 78)
12 (1, 4, 0, 11, 0, 43, 0, 0, 0, 0, 0, 37)
13 (1, 4, 4, 9, 6, 39, 0, 0, 0, 0, 0, 133)
14 (1, 4, 11, 3, 5, 39, 0, 0, 0, 0, 0, 186)
15 (1, 4, 20, 2, 0, 40, 0, 0, 0, 0, 0, 218)
16 (1, 4, 11, 7, 3, 39, 0, 0, 0, 0, 0, 17)
17 (1, 4, 0, 0, 0, 39, 0, 0, 0, 0, 0, 202)
18 (1, 4, 0, 0, 4, 41, 0, 0, 0, 0, 0, 46)
19 (1, 4, 0, 0, 13, 42, 0, 0, 0, 0, 0, 39)
20 (1, 4, 0, 10, 11, 44, 0, 0, 0, 0, 0, 202)
21 (1, 4, 0, 13, 6, 39, 0, 0, 0, 0, 0, 103)
22 (1, 4, 16, 16, 3, 37, 0, 0, 0, 0, 0, 206)
23 (1, 4, 0, 20, 0, 35, 0, 0, 0, 0, 0, 13)
24 (1, 4, 0, 20, 0, 34, 0, 0, 0, 0, 0, 18)
25 (1, 4, 5, 8, 0, 35, 0, 0, 0, 0, 0, 51)
26 (1, 4, 0, 3, 0, 40, 0, 0, 0, 0, 0, 183)
27 (1, 4, 0, 7, 0, 37, 0, 0, 0, 0, 0, 246)
28 (1, 4, 617, 0, 0, 0, 0, 0, 0, 0, 0, 74)
29 (1, 4, 314, 0, 0, 0, 0, 0, 0, 0, 0, 55)
30 (1, 4, 545, 0, 0, 0, 0, 0, 0, 1, 0, 216)
31 (1, 4, 83, 0, 0, 0, 34, 0, 0, 0, 0, 250)
32 (1, 4, 0, 162, 57, 0, 19, 0, 0, 0, 0, 119)
1 (1, 4, 0, 331, 390, 7, 0, 0, 0, 0, 0, 243)
2 (1, 4, 0, 459, 607, 0, 0, 0, 0, 0, 0, 21)
3 (1, 4, 0, 753, 557, 0, 0, 0, 0, 0, 0, 21)
4 (1, 4, 0, 731, 420, 0, 0, 0, 0, 0, 0, 55)
5 (1, 4, 0, 448, 290, 0, 0, 4, 0, 0, 0, 224)
6 (1, 4, 0, 157, 180, 0, 0, 8, 0, 0, 0, 6)
7 (1, 4, 135, 34, 134, 13, 0, 14, 0, 0, 0, 211)
8 (1, 4, 0, 0, 0, 19, 0, 0, 0, 0, 0, 168)
9 (1, 4, 0, 0, 0, 27, 0, 0, 0, 0, 0, 80)
10 (1, 4, 27, 0, 0, 25, 0, 0, 0, 0, 0, 236)
11 (1, 4, 62, 0, 0, 34, 0, 0, 0, 0, 0, 218)
12 (1, 4, 32, 34, 0, 36, 0, 0, 0, 0, 0, 131)
13 (1, 4, 0, 52, 0, 28, 0, 0, 0, 0, 0, 116)
14 (1, 4, 19, 20, 0, 35, 0, 0, 0, 0, 0, 255)
15 (1, 4, 19, 13, 10, 45, 0, 0, 0, 0, 0, 177)
16 (1, 4, 0, 8, 23, 50, 0, 0, 0, 0, 0, 119)
17 (1, 4, 0, 7, 11, 45, 0, 0, 0, 0, 0, 9)
18 (1, 4, 0, 43, 0, 37, 0, 0, 0, 0, 0, 93)
19 (1, 4, 0, 55, 0, 35, 0, 0, 0, 0, 0, 23)
20 (1, 4, 17, 60, 0, 26, 0, 0, 0, 0, 0, 107)
21 (1, 4, 7, 25, 3, 27, 0, 0, 0, 0, 0, 166)
22 (1, 4, 0, 23, 27, 31, 0, 0, 0, 0, 0, 55)
23 (1, 4, 11, 24, 11, 27, 0, 0, 0, 0, 0, 231)
24 (1, 4, 0, 0, 0, 27, 0, 0, 0, 0, 0, 80)
25 (1, 4, 1, 0, 0, 34, 0, 0, 0, 0, 0, 167)
26 (1, 4, 2, 0, 0, 38, 0, 0, 0, 0, 0, 201)
27 (1, 4, 0, 0, 0, 39, 0, 0, 0, 0, 0, 202)
28 (1, 4, 0, 54, 0, 43, 0, 0, 0, 1, 0, 49)
29 (1, 4, 0, 48, 0, 44, 0, 0, 0, 0, 0, 176)
30 (1, 4, 0, 62, 0, 44, 0, 0, 0, 0, 0, 180)
31 (1, 4, 0, 69, 0, 37, 0, 0, 0, 0, 0, 24)
32 (1, 4, 0, 90, 11, 37, 0, 0, 0, 0, 0, 207)
1 (1, 4, 0, 144, 51, 33, 0, 0, 0, 0, 0, 210)
2 (1, 4, 0, 200, 28, 26, 0, 0, 0, 0, 0, 227)
3 (1, 4, 0, 235, 0, 0, 0, 23, 0, 0, 0, 149)
4 (1, 4, 147, 0, 0, 0, 0, 44, 0, 0, 0, 167)
5 (1, 4, 430, 0, 0, 0, 0, 18, 0, 0, 0, 144)
6 (1, 4, 621, 0, 0, 0, 0, 0, 0, 0, 0, 114)
7 (1, 4, 411, 0, 0, 0, 0, 0, 0, 0, 0, 235)
8 (1, 4, 379, 0, 0, 0, 0, 0, 0, 0, 0, 176)
9 (1, 4, 0, 0, 0, 0, 15, 0, 0, 0, 0, 215)
10 (1, 4, 0, 151, 32, 0, 6, 0, 0, 0, 0, 243)
11 (1, 4, 0, 352, 243, 3, 0, 0, 0, 0, 0, 203)
12 (1, 4, 0, 467, 412, 0, 0, 0, 0, 0, 0, 145)
13 (1, 4, 0, 626, 468, 0, 0, 0, 0, 0, 0, 136)
14 (1, 4, 0, 646, 385, 0, 0, 1, 0, 0, 0, 226)
15 (1, 4, 0, 349, 138, 0, 0, 20, 0, 0, 0, 97)
16 (1, 4, 80, 33, 69, 14, 0, 51, 0, 0, 0, 255)
17 (1, 4, 108, 50, 1, 27, 0, 21, 0, 0, 0, 117)
18 (1, 4, 0, 4, 0, 33, 0, 22, 0, 0, 0, 77)
19 (1, 4, 0, 0, 0, 38, 0, 9, 0, 0, 0, 224)
20 (1, 4, 18, 0, 0, 43, 0, 4, 0, 0, 0, 199)
21 (1, 4, 0, 0, 0, 45, 0, 3, 0, 0, 0, 106)
22 (1, 4, 0, 0, 9, 48, 0, 0, 0, 0, 0, 72)
23 (1, 4, 10, 0, 25, 53, 0, 0, 0, 0, 0, 56)
24 (1, 4, 27, 0, 27, 57, 0, 0, 0, 0, 0, 125)
25 (1, 4, 54, 0, 17, 47, 0, 0, 0, 0, 0, 218)
26 (1, 4, 105, 0, 25, 51, 0, 0, 0, 0, 0, 38)
27 (1, 4, 44, 0, 1, 57, 0, 0, 0, 0, 0, 156)
28 (1, 4, 71, 0, 0, 0, 0, 0, 0, 0, 0, 221)
29 (1, 4, 0, 0, 0, 19, 0, 0, 0, 0, 0, 168)
30 (1, 4, 0, 228, 119, 27, 0, 0, 0, 0, 0, 85)
31 (1, 4, 0, 388, 239, 14, 0, 0, 0, 0, 0, 87)
32 (1, 4, 0, 569, 330, 5, 0, 0, 0, 0, 0, 64)
1 (1, 4, 0, 786, 367, 0, 0, 0, 0, 0, 0, 91)
2 (1, 4, 0, 583, 199, 0, 0, 22, 0, 0, 0, 194)
3 (1, 4, 0, 341, 11, 0, 0, 38, 0, 0, 0, 124)
4 (1, 4, 36, 141, 24, 2, 0, 43, 0, 1, 0, 231)
5 (1, 4, 0, 46, 0, 24, 0, 21, 0, 0, 0, 206)
6 (1, 4, 0, 75, 49, 32, 0, 23, 0, 0, 0, 170)
7 (1, 4, 7, 27, 14, 31, 0, 13, 0, 0, 0, 129)
8 (1, 4, 5, 3, 14, 42, 0, 7, 0, 0, 0, 97)
9 (1, 4, 0, 24, 35, 42, 0, 3, 0, 0, 0, 160)
10 (1, 4, 3, 12, 11, 44, 0, 4, 0, 0, 0, 26)
11 (1, 4, 38, 27, 15, 42, 0, 2, 0, 0, 0, 88)
12 (1, 4, 25, 8, 14, 40, 0, 8, 0, 0, 0, 101)
13 (1, 4, 1, 2, 22, 43, 0, 5, 0, 0, 0, 137)
14 (1, 4, 22, 6, 27, 43, 0, 8, 0, 0, 0, 175)
15 (1, 4, 14, 5, 15, 41, 0, 2, 0, 0, 0, 171)
16 (1, 4, 8, 7, 13, 39, 0, 4, 0, 0, 0, 187)
17 (1, 4, 0, 0, 0, 36, 0, 2, 0, 0, 0, 82)
18 (1, 4, 0, 3, 0, 40, 0, 3, 0, 0, 0, 209)
19 (1, 4, 0, 19, 0, 37, 0, 5, 0, 0, 0, 231)
20 (1, 4, 0, 12, 0, 37, 0, 6, 0, 0, 0, 81)
21 (1, 4, 0, 13, 0, 37, 0, 6, 0, 0, 0, 228)
22 (1, 4, 0, 11, 0, 36, 0, 5, 0, 0, 0, 42)
23 (1, 4, 0, 8, 0, 37, 0, 6, 0, 0, 0, 139)
24 (1, 4, 4, 10, 0, 38, 0, 5, 0, 0, 0, 153)
25 (1, 4, 0, 9, 0, 38, 0, 6, 0, 0, 0, 31)
26 (1, 4, 0, 2, 0, 39, 0, 5, 0, 0, 0, 13)
27 (1, 4, 0, 4, 0, 40, 0, 4, 0, 0, 0, 192)
28 (1, 4, 1, 27, 0, 40, 0, 5, 0, 1, 0, 170)
29 (1, 4, 13, 18, 0, 39, 0, 3, 0, 1, 0, 141)
30 (1, 4, 8, 24, 0, 37, 0, 0, 0, 0, 0, 86)
31 (1, 4, 0, 96, 19, 34, 0, 0, 0, 0, 0, 44)
32 (1, 4, 0, 160, 39, 27, 0, 13, 0, 0, 0, 200)
1 (1, 4, 0, 98, 0, 19, 0, 33, 0, 0, 0, 250)
2 (1, 4, 0, 17, 0, 6, 0, 53, 0, 0, 0, 48)
3 (1, 4, 124, 0, 0, 0, 0, 74, 0, 1, 0, 229)
4 (1, 4, 521, 0, 0, 0, 0, 64, 0, 0, 0, 65)
5 (1, 4, 803, 0, 0, 0, 0, 0, 0, 0, 0, 173)
6 (1, 4, 334, 0, 0, 0, 0, 0, 0, 0, 0, 161)
7 (1, 4, 137, 0, 0, 0, 0, 0, 0, 0, 0, 21)
8 (1, 4, 77, 0, 0, 0, 0, 0, 0, 0, 0, 177)
9 (1, 4, 59, 146, 12, 0, 0, 0, 0, 0, 0, 212)
10 (1, 4, 0, 249, 122, 10, 0, 0, 0, 0, 0, 118)
11 (1, 4, 0, 391, 237, 14, 0, 0, 0, 0, 0, 160)
12 (1, 4, 0, 585, 210, 0, 0, 0, 0, 0, 0, 108)
13 (1, 4, 0, 731, 283, 0, 0, 0, 0, 0, 0, 30)
14 (1, 4, 0, 873, 435, 0, 0, 0, 0, 0, 0, 135)
15 (1, 4, 0, 741, 320, 0, 0, 37, 0, 0, 0, 49)
16 (1, 4, 0, 207, 118, 0, 0, 33, 0, 0, 0, 56)
17 (1, 4, 103, 0, 26, 0, 0, 11, 0, 0, 0, 122)
18 (1, 4, 0, 0, 0, 11, 0, 6, 0, 0, 0, 107)
19 (1, 4, 58, 0, 0, 26, 0, 0, 0, 0, 0, 4)
20 (1, 4, 146, 0, 0, 34, 0, 0, 0, 0, 0, 64)
21 (1, 4, 76, 0, 0, 34, 0, 0, 0, 0, 0, 104)
22 (1, 4, 35, 4, 0, 40, 0, 0, 0, 0, 0, 96)
23 (1, 4, 48, 40, 0, 37, 0, 5, 0, 0, 0, 8)
24 (1, 4, 23, 7, 0, 39, 0, 6, 0, 0, 0, 206)
25 (1, 4, 23, 0, 0, 40, 0, 4, 0, 0, 0, 208)
26 (1, 4, 18, 4, 0, 41, 0, 5, 0, 0, 0, 252)
27 (1, 4, 0, 2, 0, 41, 0, 4, 0, 0, 0, 104)
28 (1, 4, 3, 0, 0, 42, 0, 6, 0, 1, 0, 228)
29 (1, 4, 10, 0, 0, 46, 0, 5, 0, 0, 0, 235)
30 (1, 4, 36, 0, 5, 44, 0, 2, 0, 0, 0, 159)
31 (1, 4, 18, 0, 0, 45, 0, 0, 0, 0, 0, 240)
32 (1, 4, 42, 107, 67, 46, 0, 2, 0, 0, 0, 85)
1 (1, 4, 75, 406, 119, 39, 0, 65, 0, 0, 0, 22)
2 (1, 4, 1, 706, 283, 0, 0, 61, 0, 0, 0, 69)
3 (1, 4, 0, 0, 46, 0, 0, 104, 0, 0, 0, 67)
4 (1, 4, 187, 0, 0, 0, 0, 29, 0, 0, 0, 189)
5 (1, 4, 241, 0, 0, 0, 0, 0, 0, 0, 0, 203)
6 (1, 4, 34, 0, 0, 0, 0, 0, 0, 0, 0, 165)
7 (1, 4, 240, 0, 0, 0, 0, 0, 0, 0, 0, 197)
8 (1, 4, 265, 0, 0, 0, 5, 0, 0, 0, 0, 152)
9 (1, 4, 0, 0, 0, 0, 14, 0, 0, 0, 0, 174)
10 (1, 4, 0, 278, 194, 0, 0, 0, 0, 0, 0, 104)
11 (1, 4, 0, 365, 319, 0, 0, 0, 0, 0, 0, 131)
12 (1, 4, 0, 444, 256, 3, 0, 0, 0, 0, 0, 44)
13 (1, 4, 0, 468, 191, 2, 0, 0, 0, 0, 0, 181)
14 (1, 4, 0, 376, 142, 6, 0, 7, 0, 0, 0, 101)
15 (1, 4, 0, 304, 130, 19, 0, 20, 0, 0, 0, 150)
16 (1, 4, 0, 189, 42, 24, 0, 25, 0, 0, 0, 132)
17 (1, 4, 0, 137, 42, 29, 0, 23, 0, 0, 0, 184)
18 (1, 4, 0, 101, 4, 33, 0, 14, 0, 0, 0, 222)
19 (1, 4, 0, 89, 14, 31, 0, 15, 0, 0, 0, 252)
20 (1, 4, 0, 82, 24, 40, 0, 12, 0, 0, 0, 188)
21 (1, 4, 0, 63, 13, 39, 0, 7, 0, 0, 0, 189)
22 (1, 4, 0, 51, 4, 44, 0, 6, 0, 0, 0, 250)
23 (1, 4, 0, 47, 23, 46, 0, 8, 0, 0, 0, 46)
24 (1, 4, 15, 52, 35, 51, 0, 2, 0, 0, 0, 158)
25 (1, 4, 0, 53, 7, 49, 0, 0, 0, 0, 0, 86)
26 (1, 4, 0, 45, 0, 42, 0, 0, 0, 0, 0, 79)
27 (1, 4, 0, 46, 0, 59, 0, 0, 0, 0, 0, 127)
28 (1, 4, 0, 72, 15, 56, 0, 6, 0, 1, 0, 86)
29 (1, 4, 0, 60, 47, 49, 0, 3, 0, 0, 0, 116)
30 (1, 4, 0, 77, 37, 54, 0, 4, 0, 0, 0, 60)
31 (1, 4, 0, 112, 69, 45, 0, 0, 0, 0, 0, 29)
32 (1, 4, 0, 106, 75, 39, 0, 12, 0, 0, 0, 54)
1 (1, 4, 0, 98, 91, 31, 0, 6, 0, 0, 0, 79)
2 (1, 4, 0, 172, 200, 38, 0, 48, 0, 0, 0, 187)
3 (1, 4, 611, 0, 0, 0, 0, 107, 0, 1, 0, 37)
4 (1, 4, 314, 0, 0, 0, 0, 0, 0, 0, 0, 55)
5 (1, 4, 530, 0, 0, 0, 0, 0, 0, 1, 0, 237)
6 (1, 4, 246, 0, 0, 38, 114, 0, 0, 0, 0, 42)
7 (1, 4, 0, 337, 134, 0, 17, 0, 0, 0, 0, 176)
8 (1, 4, 0, 323, 253, 11, 0, 0, 0, 0, 0, 228)
9 (1, 4, 0, 196, 203, 56, 0, 0, 0, 0, 0, 205)
10 (1, 4, 0, 143, 135, 68, 0, 0, 0, 0, 0, 115)
11 (1, 4, 0, 147, 99, 53, 0, 0, 0, 0, 0, 5)
12 (1, 4, 0, 116, 74, 60, 0, 0, 0, 0, 0, 118)
13 (1, 4, 0, 123, 81, 62, 0, 0, 0, 0, 0, 129)
14 (1, 4, 0, 110, 61, 57, 0, 0, 0, 0, 0, 53)
15 (1, 4, 0, 56, 44, 56, 0, 0, 0, 0, 0, 148)
16 (1, 4, 0, 52, 13, 53, 0, 1, 0, 0, 0, 211)
17 (1, 4, 0, 42, 12, 55, 0, 0, 0, 0, 0, 195)
18 (1, 4, 0, 40, 10, 47, 0, 3, 0, 0, 0, 182)
19 (1, 4, 0, 9, 7, 49, 0, 3, 0, 0, 0, 250)
20 (1, 4, 5, 6, 1, 47, 0, 4, 0, 0, 0, 82)
21 (1, 4, 22, 9, 4, 48, 0, 4, 0, 0, 0, 137)
22 (1, 4, 36, 0, 0, 49, 0, 6, 0, 0, 0, 76)
23 (1, 4, 40, 0, 0, 50, 0, 0, 0, 0, 0, 233)
24 (1, 4, 26, 0, 0, 53, 0, 0, 0, 0, 0, 143)
25 (1, 4, 40, 0, 0, 58, 0, 0, 0, 0, 0, 17)
26 (1, 4, 32, 0, 0, 59, 0, 0, 0, 0, 0, 126)
27 (1, 4, 31, 0, 0, 60, 0, 0, 0, 0, 0, 94)

