0 (1, 4, 0, 42, 15, 49, 0, 12, 2, 2, 0, 183)
1 (1, 4, 0, 58, 6, 55, 0, 11, 2, 2, 0, 175)
2 (1, 4, 0, 126, 0, 55, 0, 2, 5, 4, 0, 230)
3 (1, 4, 0, 231, 0, 49, 0, 0, 3, 3, 0, 38)
4 (1, 4, 0, 301, 0, 36, 0, 0, 2, 1, 0, 191)
5 (1, 4, 0, 384, 0, 17, 0, 19, 3, 3, 0, 220)
6 (1, 4, 0, 289, 21, 0, 0, 58, 4, 4, 0, 92)
7 (1, 4, 114, 0, 0, 0, 0, 80, 1, 1, 0, 83)
8 (1, 4, 249, 0, 0, 0, 0, 58, 4, 3, 0, 168)
9 (1, 4, 291, 0, 0, 0, 0, 24, 2, 1, 0, 63)
10 (1, 4, 183, 0, 0, 0, 0, 0, 3, 2, 0, 22)
11 (1, 4, 0, 0, 0, 0, 0, 0, 1, 1, 0, 119)
12 (1, 4, 259, 354, 11, 0, 0, 0, 1, 0, 0, 194)
13 (1, 4, 440, 447, 31, 14, 0, 0, 1, 0, 0, 54)
14 (1, 4, 85, 305, 6, 40, 0, 0, 1, 1, 0, 187)
15 (1, 4, 0, 271, 0, 48, 0, 3, 1, 1, 0, 91)
16 (1, 4, 0, 234, 0, 45, 0, 1, 1, 1, 0, 68)
17 (1, 4, 0, 215, 9, 42, 0, 17, 3, 4, 0, 153)
18 (1, 4, 0, 202, 25, 39, 0, 15, 3, 4, 0, 53)
19 (1, 4, 0, 151, 57, 39, 0, 18, 3, 2, 0, 27)
20 (1, 4, 0, 81, 39, 34, 0, 14, 2, 2, 0, 209)
21 (1, 4, 0, 43, 32, 36, 0, 0, 2, 1, 0, 19)
22 (1, 4, 0, 31, 34, 41, 0, 0, 2, 2, 0, 99)
23 (1, 4, 0, 20, 33, 43, 0, 0, 1, 1, 0, 150)
24 (1, 4, 0, 27, 54, 43, 0, 0, 1, 1, 0, 189)
25 (1, 4, 0, 0, 35, 41, 0, 0, 1, 1, 0, 60)
26 (1, 4, 0, 0, 24, 38, 0, 0, 1, 1, 0, 31)
27 (1, 4, 0, 22, 18, 37, 0, 0, 1, 1, 0, 123)
28 (1, 4, 14, 32, 11, 35, 0, 0, 1, 1, 0, 46)
29 (1, 4, 16, 17, 0, 33, 0, 0, 1, 1, 0, 181)
30 (1, 4, 10, 5, 0, 33, 0, 0, 1, 1, 0, 130)
31 (1, 4, 0, 6, 0, 32, 0, 0, 1, 1, 0, 41)
0 (1, 4, 0, 21, 0, 0, 0, 73, 2, 2, 0, 18)
1 (1, 4, 0, 0, 0, 0, 0, 72, 1, 1, 0, 216)
2 (1, 4, 9, 0, 0, 0, 0, 57, 1, 1, 0, 78)
3 (1, 4, 12, 0, 0, 0, 0, 9, 2, 2, 0, 17)
4 (1, 4, 432, 0, 0, 0, 0, 0, 1, 1, 0, 71)
5 (1, 4, 294, 0, 0, 0, 16, 0, 1, 1, 0, 19)
6 (1, 4, 97, 150, 0, 0, 0, 0, 1, 0, 0, 139)
7 (1, 4, 172, 338, 91, 33, 0, 0, 1, 1, 0, 242)
8 (1, 4, 154, 471, 185, 37, 0, 0, 1, 1, 0, 56)
9 (1, 4, 78, 478, 137, 29, 0, 0, 4, 5, 0, 91)
10 (1, 4, 40, 335, 26, 38, 0, 7, 4, 4, 0, 110)
11 (1, 4, 0, 332, 0, 33, 0, 19, 4, 5, 0, 125)
12 (1, 4, 0, 219, 53, 34, 0, 40, 4, 3, 0, 19)
13 (1, 4, 0, 0, 55, 36, 0, 10, 3, 2, 0, 172)
14 (1, 4, 0, 0, 65, 35, 0, 0, 2, 3, 0, 160)
15 (1, 4, 32, 0, 53, 37, 0, 0, 2, 2, 0, 106)
16 (1, 4, 0, 0, 22, 40, 0, 0, 2, 2, 0, 115)
17 (1, 4, 0, 0, 1, 39, 0, 0, 2, 2, 0, 76)
18 (1, 4, 0, 0, 3, 38, 0, 0, 2, 2, 0, 124)
19 (1, 4, 0, 0, 7, 37, 0, 0, 3, 2, 0, 97)
20 (1, 4, 0, 3, 0, 34, 0, 0, 2, 2, 0, 99)
21 (1, 4, 0, 11, 0, 35, 0, 0, 2, 2, 0, 207)
22 (1, 4, 0, 18, 0, 33, 0, 0, 2, 2, 0, 150)
23 (1, 4, 16, 6, 0, 32, 0, 0, 2, 2, 0, 210)
24 (1, 4, 16, 0, 3, 31, 0, 0, 2, 2, 0, 101)
25 (1, 4, 0, 9, 0, 31, 0, 0, 2, 2, 0, 56)
26 (1, 4, 0, 5, 0, 31, 0, 0, 2, 2, 0, 81)
27 (1, 4, 0, 1, 0, 33, 0, 0, 2, 2, 0, 47)
28 (1, 4, 0, 0, 0, 33, 0, 0, 2, 2, 0, 154)
29 (1, 4, 0, 1, 0, 33, 0, 0, 2, 2, 0, 47)
30 (1, 4, 0, 0, 0, 33, 0, 0, 2, 2, 0, 154)
31 (1, 4, 0, 0, 0, 33, 0, 0, 2, 2, 0, 154)
0 (1, 4, 508, 0, 0, 0, 0, 23, 2, 2, 0, 93)
1 (1, 4, 443, 0, 0, 0, 0, 0, 2, 2, 0, 62)
2 (1, 4, 391, 0, 0, 0, 0, 0, 4, 5, 0, 12)
3 (1, 4, 0, 0, 0, 0, 0, 0, 1, 1, 0, 119)
4 (1, 4, 106, 0, 0, 0, 4, 0, 1, 0, 0, 221)
5 (1, 4, 215, 289, 0, 11, 0, 0, 1, 0, 0, 1)
6 (1, 4, 158, 452, 212, 45, 0, 0, 1, 1, 0, 50)
7 (1, 4, 70, 444, 222, 37, 0, 0, 10, 10, 0, 149)
8 (1, 4, 0, 506, 197, 21, 0, 0, 7, 3, 0, 164)
9 (1, 4, 0, 572, 226, 13, 0, 0, 6, 4, 0, 217)
10 (1, 4, 0, 659, 211, 0, 0, 0, 14, 11, 0, 123)
11 (1, 4, 0, 472, 38, 12, 0, 0, 5, 4, 0, 134)
12 (1, 4, 0, 205, 52, 17, 0, 0, 2, 2, 0, 5)
13 (1, 4, 55, 0, 128, 6, 0, 0, 2, 1, 0, 111)
14 (1, 4, 318, 0, 224, 13, 0, 0, 0, 0, 0, 96)
15 (1, 4, 260, 0, 242, 16, 0, 0, 1, 0, 0, 117)
16 (1, 4, 221, 0, 187, 10, 0, 0, 20, 20, 0, 65)
17 (1, 4, 139, 7, 79, 6, 0, 0, 4, 7, 0, 114)
18 (1, 4, 0, 171, 0, 0, 0, 0, 20, 2, 0, 189)
19 (1, 4, 0, 162, 0, 0, 0, 1, 10, 10, 0, 85)
20 (1, 4, 0, 97, 0, 0, 0, 1, 1, 1, 0, 92)
21 (1, 4, 0, 52, 0, 0, 0, 0, 1, 1, 0, 14)
22 (1, 4, 0, 39, 0, 0, 0, 0, 8, 8, 0, 246)
23 (1, 4, 0, 38, 0, 0, 0, 0, 6, 7, 0, 86)
24 (1, 4, 4, 28, 0, 0, 0, 0, 6, 5, 0, 197)
25 (1, 4, 0, 11, 0, 3, 0, 0, 11, 10, 0, 12)
26 (1, 4, 0, 0, 0, 9, 0, 0, 7, 6, 0, 205)
27 (1, 4, 0, 0, 2, 7, 0, 0, 0, 0, 0, 12)
28 (1, 4, 1, 0, 21, 10, 0, 0, 3, 2, 0, 115)
29 (1, 4, 18, 13, 29, 8, 0, 0, 5, 5, 0, 130)
30 (1, 4, 7, 46, 19, 9, 0, 0, 2, 2, 0, 163)
31 (1, 4, 0, 40, 2, 7, 0, 0, 4, 3, 0, 79)
0 (1, 4, 10, 8, 8, 48, 0, 0, 1, 1, 0, 10)
1 (1, 4, 0, 6, 5, 50, 0, 0, 1, 1, 0, 42)
2 (1, 4, 0, 0, 14, 52, 0, 0, 1, 1, 0, 216)
3 (1, 4, 14, 15, 40, 55, 0, 0, 4, 4, 0, 190)
4 (1, 4, 71, 77, 81, 67, 0, 0, 4, 4, 0, 66)
5 (1, 4, 102, 152, 91, 67, 0, 0, 0, 0, 0, 176)
6 (1, 4, 72, 276, 11, 54, 0, 0, 4, 4, 0, 166)
7 (1, 4, 33, 383, 0, 38, 0, 0, 4, 5, 0, 39)
8 (1, 4, 0, 474, 0, 19, 0, 25, 16, 13, 0, 53)
9 (1, 4, 0, 400, 0, 0, 0, 62, 2, 1, 0, 0)
10 (1, 4, 0, 0, 0, 0, 0, 102, 11, 9, 0, 211)
11 (1, 4, 356, 0, 0, 0, 0, 158, 1, 1, 0, 124)
12 (1, 4, 205, 0, 0, 0, 0, 96, 1, 1, 0, 73)
13 (1, 4, 237, 0, 0, 0, 0, 0, 5, 7, 0, 152)
14 (1, 4, 0, 0, 0, 4, 0, 0, 0, 0, 0, 2)
15 (1, 4, 235, 188, 0, 0, 0, 0, 0, 0, 0, 140)
16 (1, 4, 183, 464, 189, 43, 0, 0, 0, 0, 0, 86)
17 (1, 4, 0, 631, 251, 31, 0, 0, 10, 19, 0, 141)
18 (1, 4, 173, 670, 188, 10, 0, 30, 2, 3, 0, 155)
19 (1, 4, 150, 521, 146, 12, 0, 48, 2, 2, 0, 33)
20 (1, 4, 0, 215, 89, 21, 0, 69, 3, 2, 0, 56)
21 (1, 4, 0, 1, 40, 10, 0, 55, 3, 3, 0, 53)
22 (1, 4, 0, 0, 17, 5, 0, 43, 2, 2, 0, 201)
23 (1, 4, 0, 0, 0, 15, 0, 29, 3, 2, 0, 56)
24 (1, 4, 0, 0, 0, 22, 0, 12, 5, 3, 0, 4)
25 (1, 4, 0, 0, 0, 29, 0, 0, 1, 1, 0, 27)
26 (1, 4, 0, 0, 0, 27, 0, 0, 3, 3, 0, 75)
27 (1, 4, 0, 0, 0, 27, 0, 0, 6, 5, 0, 219)
28 (1, 4, 0, 0, 21, 28, 0, 0, 3, 3, 0, 163)
29 (1, 4, 0, 0, 29, 25, 0, 0, 3, 2, 0, 23)
30 (1, 4, 31, 19, 31, 23, 0, 0, 5, 5, 0, 220)
31 (1, 4, 29, 23, 3, 23, 0, 0, 3, 3, 0, 177)
0 (1, 4, 0, 288, 0, 0, 0, 65, 0, 2, 0, 21)
1 (1, 4, 10, 0, 0, 0, 0, 90, 8, 14, 0, 226)
2 (1, 4, 114, 0, 0, 0, 0, 14, 1, 1, 0, 227)
3 (1, 4, 0, 0, 0, 0, 0, 0, 2, 1, 0, 209)
4 (1, 4, 0, 0, 0, 0, 0, 3, 3, 2, 0, 104)
5 (1, 4, 0, 0, 0, 0, 17, 0, 1, 0, 0, 224)
6 (1, 4, 0, 0, 0, 20, 0, 0, 0, 0, 0, 245)
7 (1, 4, 134, 386, 0, 0, 0, 0, 0, 0, 0, 198)
8 (1, 4, 140, 403, 211, 0, 0, 0, 0, 0, 0, 176)
9 (1, 4, 11, 478, 174, 31, 0, 0, 1, 1, 0, 135)
10 (1, 4, 99, 503, 196, 19, 0, 0, 5, 4, 0, 32)
11 (1, 4, 163, 403, 152, 20, 0, 0, 15, 6, 0, 23)
12 (1, 4, 126, 301, 151, 21, 0, 0, 6, 6, 0, 182)
13 (1, 4, 5, 327, 141, 15, 0, 1, 5, 5, 0, 252)
14 (1, 4, 0, 233, 122, 9, 0, 12, 2, 1, 0, 6)
15 (1, 4, 0, 93, 113, 7, 0, 6, 1, 1, 0, 54)
16 (1, 4, 0, 0, 37, 0, 0, 0, 5, 20, 0, 174)
17 (1, 4, 0, 0, 0, 1, 0, 0, 3, 3, 0, 122)
18 (1, 4, 0, 0, 0, 4, 0, 0, 1, 1, 0, 11)
19 (1, 4, 0, 0, 0, 0, 0, 0, 8, 6, 0, 26)
20 (1, 4, 0, 0, 0, 4, 0, 0, 0, 16, 0, 160)
21 (1, 4, 57, 9, 16, 4, 0, 0, 4, 3, 0, 16)
22 (1, 4, 96, 42, 62, 1, 0, 0, 12, 3, 0, 84)
23 (1, 4, 123, 0, 63, 3, 0, 0, 8, 9, 0, 104)
24 (1, 4, 64, 0, 15, 0, 0, 0, 2, 2, 0, 188)
25 (1, 4, 51, 0, 0, 0, 0, 0, 2, 2, 0, 89)
26 (1, 4, 5, 20, 0, 0, 0, 0, 1, 1, 0, 250)
27 (1, 4, 0, 26, 0, 2, 0, 0, 2, 2, 0, 237)
28 (1, 4, 0, 40, 0, 0, 0, 0, 2, 1, 0, 160)
29 (1, 4, 0, 46, 0, 0, 0, 0, 2, 1, 0, 23)
30 (1, 4, 0, 28, 0, 0, 0, 0, 1, 1, 0, 127)
0 (1, 4, 98, 32, 83, 0, 0, 0, 2, 2, 0, 195)
1 (1, 4, 190, 236, 138, 0, 0, 19, 2, 1, 0, 73)
2 (1, 4, 145, 295, 85, 0, 0, 30, 1, 1, 0, 18)
3 (1, 4, 0, 0, 0, 0, 0, 24, 1, 1, 0, 78)
4 (1, 4, 0, 0, 0, 0, 0, 0, 15, 20, 0, 71)
5 (1, 4, 0, 0, 0, 0, 0, 0, 2, 1, 0, 209)
6 (1, 4, 0, 0, 0, 0, 40, 0, 1, 0, 0, 208)
7 (1, 4, 15, 114, 81, 7, 5, 0, 1, 0, 0, 220)
8 (1, 4, 30, 244, 202, 17, 0, 0, 1, 0, 0, 34)
9 (1, 4, 49, 267, 166, 27, 0, 0, 1, 0, 0, 235)
10 (1, 4, 92, 339, 231, 48, 0, 0, 1, 0, 0, 237)
11 (1, 4, 98, 373, 251, 25, 0, 0, 1, 1, 0, 19)
12 (1, 4, 63, 409, 263, 20, 0, 0, 8, 4, 0, 1)
13 (1, 4, 45, 298, 195, 15, 0, 0, 1, 1, 0, 27)
14 (1, 4, 30, 220, 128, 15, 0, 0, 8, 6, 0, 112)
15 (1, 4, 62, 211, 144, 11, 0, 3, 5, 4, 0, 65)
16 (1, 4, 18, 173, 102, 9, 0, 8, 13, 12, 0, 234)
17 (1, 4, 0, 101, 39, 11, 0, 5, 3, 2, 0, 72)
18 (1, 4, 0, 71, 0, 7, 0, 3, 20, 18, 0, 13)
19 (1, 4, 0, 59, 0, 13, 0, 0, 5, 5, 0, 0)
20 (1, 4, 0, 71, 0, 11, 0, 0, 2, 2, 0, 52)
21 (1, 4, 0, 58, 0, 11, 0, 0, 1, 1, 0, 211)
22 (1, 4, 0, 56, 1, 11, 0, 0, 2, 2, 0, 49)
23 (1, 4, 0, 49, 2, 9, 0, 0, 20, 20, 0, 20)
24 (1, 4, 0, 26, 0, 9, 0, 0, 1, 1, 0, 47)
25 (1, 4, 0, 15, 2, 9, 0, 0, 1, 1, 0, 14)
26 (1, 4, 0, 3, 0, 8, 0, 0, 1, 1, 0, 87)
27 (1, 4, 0, 7, 0, 10, 0, 0, 1, 1, 0, 179)
28 (1, 4, 0, 6, 0, 12, 0, 0, 1, 1, 0, 68)
0 (1, 4, 0, 0, 0, 2, 0, 0, 0, 0, 0, 64)
1 (1, 4, 118, 131, 55, 11, 0, 0, 0, 0, 0, 144)
2 (1, 4, 137, 275, 177, 22, 0, 0, 0, 0, 0, 24)
3 (1, 4, 137, 291, 215, 14, 0, 0, 1, 0, 0, 162)
4 (1, 4, 234, 335, 229, 20, 0, 0, 1, 1, 0, 34)
5 (1, 4, 279, 436, 288, 1, 0, 0, 7, 5, 0, 126)
6 (1, 4, 36, 411, 227, 0, 0, 0, 20, 16, 0, 63)
7 (1, 4, 0, 360, 208, 0, 0, 0, 11, 10, 0, 36)
8 (1, 4, 0, 329, 179, 0, 0, 0, 3, 2, 0, 165)
9 (1, 4, 0, 159, 161, 0, 0, 0, 4, 3, 0, 6)
10 (1, 4, 0, 0, 143, 0, 0, 0, 7, 3, 0, 66)
11 (1, 4, 0, 0, 0, 0, 0, 0, 20, 20, 0, 202)
12 (1, 4, 0, 0, 0, 0, 0, 0, 3, 2, 0, 14)
13 (1, 4, 0, 0, 0, 6, 0, 0, 12, 5, 0, 106)
14 (1, 4, 0, 0, 0, 9, 0, 0, 5, 6, 0, 9)
15 (1, 4, 0, 0, 0, 5, 0, 0, 2, 1, 0, 178)
16 (1, 4, 34, 0, 0, 0, 0, 0, 9, 7, 0, 200)
17 (1, 4, 10, 69, 0, 0, 0, 0, 4, 3, 0, 204)
18 (1, 4, 0, 63, 0, 0, 0, 0, 3, 3, 0, 119)
19 (1, 4, 19, 42, 0, 0, 0, 0, 4, 3, 0, 162)
20 (1, 4, 5, 39, 0, 0, 0, 0, 4, 3, 0, 186)
21 (1, 4, 0, 31, 0, 0, 0, 0, 4, 3, 0, 156)
22 (1, 4, 0, 3, 0, 0, 0, 0, 4, 3, 0, 148)
23 (1, 4, 7, 0, 0, 6, 0, 0, 3, 3, 0, 13)
24 (1, 4, 0, 0, 11, 7, 0, 0, 8, 7, 0, 43)
25 (1, 4, 17, 0, 7, 10, 0, 0, 4, 4, 0, 151)
26 (1, 4, 38, 27, 9, 10, 0, 0, 4, 3, 0, 75)
27 (1, 4, 35, 27, 1, 12, 0, 0, 4, 3, 0, 131)
28 (1, 4, 10, 25, 3, 10, 0, 0, 5, 4, 0, 78)
29 (1, 4, 0, 45, 24, 5, 0, 0, 6, 5, 0, 75)
30 (1, 4, 0, 79, 35, 1, 0, 0, 5, 4, 0, 80)
31 (1, 4, 25, 86, 46, 5, 0, 0, 4, 4, 0, 193)
GLOVE DISCONNECTED
GLOVE CONNECTED
0 (1, 4, 0, 127, 0, 2, 0, 23, 2, 2, 0, 3)
1 (1, 4, 0, 82, 0, 10, 0, 19, 2, 1, 0, 45)
2 (1, 4, 0, 80, 0, 25, 0, 6, 2, 1, 0, 239)
3 (1, 4, 0, 92, 0, 35, 0, 0, 2, 1, 0, 146)
4 (1, 4, 0, 143, 0, 34, 0, 0, 20, 20, 0, 173)
5 (1, 4, 0, 155, 29, 34, 0, 0, 8, 7, 0, 164)
6 (1, 4, 0, 113, 87, 15, 0, 13, 2, 2, 0, 125)
7 (1, 4, 20, 0, 46, 0, 0, 30, 2, 2, 0, 114)
8 (1, 4, 309, 0, 0, 0, 0, 40, 3, 2, 0, 86)
9 (1, 4, 485, 0, 0, 0, 0, 24, 6, 6, 0, 30)
10 (1, 4, 189, 0, 0, 0, 0, 0, 9, 8, 0, 32)
11 (1, 4, 0, 0, 0, 0, 0, 0, 6, 12, 0, 207)
12 (1, 4, 206, 0, 0, 0, 19, 0, 2, 2, 0, 170)
13 (1, 4, 297, 82, 0, 0, 114, 0, 4, 3, 0, 24)
14 (1, 4, 296, 376, 139, 0, 40, 0, 4, 4, 0, 163)
15 (1, 4, 199, 259, 158, 14, 0, 0, 8, 14, 0, 57)
16 (1, 4, 145, 211, 191, 36, 0, 0, 7, 5, 0, 235)
17 (1, 4, 70, 266, 295, 34, 0, 0, 5, 4, 0, 63)
18 (1, 4, 3, 398, 371, 22, 0, 0, 4, 3, 0, 151)
19 (1, 4, 0, 418, 397, 3, 0, 0, 2, 1, 0, 97)
20 (1, 4, 0, 466, 362, 0, 0, 0, 6, 4, 0, 62)
21 (1, 4, 0, 390, 332, 0, 0, 0, 20, 20, 0, 221)
22 (1, 4, 0, 313, 241, 0, 0, 0, 20, 20, 0, 149)
23 (1, 4, 112, 308, 171, 0, 0, 0, 4, 2, 0, 29)
24 (1, 4, 0, 196, 71, 0, 0, 0, 3, 3, 0, 35)
25 (1, 4, 21, 133, 80, 0, 0, 0, 4, 3, 0, 112)
26 (1, 4, 90, 76, 85, 0, 0, 0, 4, 3, 0, 237)
27 (1, 4, 86, 7, 56, 0, 0, 0, 5, 4, 0, 74)
0 (1, 4, 0, 27, 0, 12, 0, 10, 7, 4, 0, 33)
1 (1, 4, 0, 323, 0, 0, 0, 45, 20, 20, 0, 149)
2 (1, 4, 0, 248, 47, 0, 0, 93, 6, 6, 0, 171)
3 (1, 4, 0, 0, 101, 0, 0, 46, 20, 20, 0, 130)
4 (1, 4, 0, 0, 0, 0, 0, 0, 4, 3, 0, 76)
5 (1, 4, 0, 0, 0, 0, 0, 0, 20, 14, 0, 239)
6 (1, 4, 0, 0, 0, 0, 0, 0, 3, 2, 0, 14)
7 (1, 4, 0, 0, 0, 0, 5, 0, 1, 1, 0, 237)
8 (1, 4, 106, 0, 0, 0, 54, 0, 1, 0, 0, 167)
9 (1, 4, 209, 37, 0, 0, 61, 0, 0, 0, 0, 114)
10 (1, 4, 178, 126, 45, 0, 30, 0, 1, 0, 0, 203)
11 (1, 4, 178, 207, 160, 1, 0, 0, 1, 0, 0, 17)
12 (1, 4, 154, 214, 200, 15, 0, 0, 1, 0, 0, 194)
13 (1, 4, 129, 286, 261, 0, 0, 0, 1, 1, 0, 123)
14 (1, 4, 123, 324, 301, 0, 0, 0, 2, 2, 0, 201)
15 (1, 4, 103, 473, 402, 0, 0, 0, 4, 4, 0, 194)
16 (1, 4, 0, 465, 312, 0, 0, 0, 7, 11, 0, 104)
17 (1, 4, 59, 450, 283, 0, 0, 0, 4, 3, 0, 38)
18 (1, 4, 62, 340, 214, 0, 0, 0, 4, 3, 0, 230)
19 (1, 4, 64, 252, 178, 0, 0, 0, 3, 2, 0, 144)
20 (1, 4, 151, 219, 207, 0, 0, 0, 5, 3, 0, 42)
21 (1, 4, 91, 211, 200, 0, 0, 0, 10, 8, 0, 116)
22 (1, 4, 0, 121, 138, 0, 0, 0, 5, 4, 0, 124)
23 (1, 4, 27, 27, 111, 0, 0, 0, 2, 2, 0, 184)
24 (1, 4, 33, 11, 90, 0, 0, 0, 2, 2, 0, 217)
25 (1, 4, 15, 0, 55, 0, 0, 0, 2, 2, 0, 82)
26 (1, 4, 16, 1, 52, 0, 0, 0, 2, 1, 0, 91)
27 (1, 4, 0, 3, 29, 0, 0, 0, 1, 1, 0, 166)
28 (1, 4, 0, 3, 15, 0, 0, 0, 1, 1, 0, 246)
29 (1, 4, 0, 13, 2, 0, 0, 0, 1, 1, 0, 132)
30 (1, 4, 5, 12, 9, 0, 0, 0, 1, 1, 0, 0)
31 (1, 4, 39, 0, 9, 0, 0, 0, 1, 1, 0, 178)
0 (1, 4, 0, 0, 0, 0, 0, 0, 3, 3, 0, 101)
1 (1, 4, 0, 0, 0, 0, 4, 0, 2, 1, 0, 50)
2 (1, 4, 0, 0, 0, 0, 0, 0, 1, 0, 0, 28)
3 (1, 4, 304, 172, 0, 0, 0, 0, 1, 0, 0, 147)
4 (1, 4, 250, 261, 34, 0, 0, 0, 0, 0, 0, 242)
5 (1, 4, 42, 310, 148, 0, 0, 0, 1, 0, 0, 150)
6 (1, 4, 102, 323, 155, 0, 0, 0, 1, 1, 0, 42)
7 (1, 4, 113, 409, 104, 0, 0, 0, 6, 4, 0, 4)
8 (1, 4, 94, 503, 138, 0, 0, 0, 9, 12, 0, 102)
9 (1, 4, 73, 515, 160, 0, 0, 0, 20, 5, 0, 238)
10 (1, 4, 81, 459, 157, 0, 0, 0, 4, 4, 0, 201)
11 (1, 4, 186, 386, 133, 0, 0, 1, 6, 7, 0, 16)
12 (1, 4, 54, 281, 94, 0, 0, 9, 5, 4, 0, 197)
13 (1, 4, 0, 227, 32, 0, 0, 8, 7, 6, 0, 166)
14 (1, 4, 0, 118, 29, 0, 0, 14, 3, 3, 0, 221)
15 (1, 4, 0, 0, 17, 0, 0, 1, 2, 2, 0, 88)
16 (1, 4, 0, 0, 0, 0, 0, 0, 3, 3, 0, 101)
17 (1, 4, 0, 0, 0, 0, 0, 0, 3, 2, 0, 14)
18 (1, 4, 0, 0, 0, 0, 0, 0, 3, 3, 0, 101)
19 (1, 4, 0, 0, 0, 4, 0, 0, 3, 2, 0, 114)
20 (1, 4, 0, 0, 0, 7, 0, 0, 2, 2, 0, 49)
21 (1, 4, 36, 0, 44, 2, 0, 0, 2, 2, 0, 177)
22 (1, 4, 30, 14, 30, 0, 0, 0, 20, 20, 0, 200)
23 (1, 4, 33, 0, 0, 0, 0, 0, 11, 9, 0, 50)
24 (1, 4, 40, 9, 0, 0, 0, 0, 9, 8, 0, 229)
25 (1, 4, 53, 9, 0, 0, 0, 0, 20, 7, 0, 194)
26 (1, 4, 43, 18, 0, 0, 0, 0, 7, 6, 0, 131)
27 (1, 4, 54, 38, 13, 0, 0, 0, 6, 5, 0, 245)
28 (1, 4, 135, 18, 69, 0, 0, 0, 5, 4, 0, 58)
29 (1, 4, 365, 0, 95, 0, 0, 0, 3, 2, 0, 217)
30 (1, 4, 496, 272, 231, 0, 0, 0, 2, 2, 0, 64)
31 (1, 4, 361, 532, 212, 0, 0, 0, 2, 2, 0, 3)
0 (1, 4, 122, 106, 0, 2, 0, 9, 0, 4, 0, 131)
1 (1, 4, 141, 107, 0, 0, 0, 23, 10, 20, 0, 19)
2 (1, 4, 109, 72, 0, 0, 0, 28, 2, 2, 0, 24)
3 (1, 4, 32, 0, 0, 0, 0, 36, 2, 2, 0, 127)
4 (1, 4, 0, 28, 0, 22, 0, 25, 3, 3, 0, 62)
5 (1, 4, 0, 207, 0, 17, 0, 36, 9, 9, 0, 48)
6 (1, 4, 0, 188, 13, 0, 0, 60, 2, 1, 0, 129)
7 (1, 4, 0, 0, 355, 0, 0, 47, 1, 1, 0, 204)
8 (1, 4, 289, 0, 462, 0, 0, 26, 4, 4, 0, 139)
9 (1, 4, 0, 0, 0, 0, 0, 0, 7, 6, 0, 42)
10 (1, 4, 0, 0, 0, 0, 0, 0, 5, 3, 0, 46)
11 (1, 4, 0, 0, 0, 0, 0, 0, 0, 0, 0, 126)
12 (1, 4, 0, 0, 0, 0, 22, 0, 0, 0, 0, 234)
13 (1, 4, 167, 18, 0, 0, 68, 0, 0, 0, 0, 115)
14 (1, 4, 281, 266, 167, 0, 27, 0, 0, 0, 0, 252)
15 (1, 4, 202, 363, 255, 10, 0, 0, 0, 0, 0, 85)
16 (1, 4, 130, 349, 309, 32, 0, 0, 0, 0, 0, 83)
17 (1, 4, 114, 439, 363, 19, 0, 0, 1, 1, 0, 9)
18 (1, 4, 23, 550, 357, 0, 0, 0, 3, 2, 0, 238)
19 (1, 4, 0, 546, 290, 0, 0, 0, 2, 2, 0, 130)
20 (1, 4, 0, 430, 222, 0, 0, 0, 2, 2, 0, 246)
21 (1, 4, 107, 292, 121, 0, 0, 0, 4, 3, 0, 207)
22 (1, 4, 30, 267, 70, 0, 0, 0, 4, 4, 0, 234)
23 (1, 4, 21, 252, 50, 0, 0, 0, 15, 12, 0, 132)
24 (1, 4, 55, 175, 58, 0, 0, 18, 20, 20, 0, 205)
25 (1, 4, 17, 107, 40, 0, 0, 9, 5, 4, 0, 139)
26 (1, 4, 0, 61, 26, 0, 0, 10, 5, 4, 0, 248)
27 (1, 4, 0, 0, 0, 3, 0, 6, 7, 6, 0, 199)
28 (1, 4, 0, 0, 0, 12, 0, 0, 4, 4, 0, 222)
29 (1, 4, 0, 0, 0, 14, 0, 0, 7, 6, 0, 144)
30 (1, 4, 0, 0, 0, 16, 0, 0, 6, 5, 0, 2)
31 (1, 4, 0, 0, 0, 19, 0, 0, 2, 2, 0, 186)
0 (1, 4, 41, 171, 150, 32, 0, 0, 2, 2, 0, 107)
1 (1, 4, 68, 372, 275, 30, 0, 0, 1, 1, 0, 13)
2 (1, 4, 119, 553, 295, 9, 0, 0, 13, 15, 0, 225)
3 (1, 4, 20, 574, 248, 0, 0, 0, 16, 7, 0, 223)
4 (1, 4, 0, 630, 270, 0, 0, 0, 7, 7, 0, 139)
5 (1, 4, 0, 639, 244, 0, 0, 0, 1, 1, 0, 254)
6 (1, 4, 140, 569, 199, 0, 0, 0, 1, 1, 0, 173)
7 (1, 4, 84, 433, 143, 0, 0, 4, 3, 2, 0, 112)
8 (1, 4, 0, 205, 84, 0, 0, 12, 2, 1, 0, 202)
9 (1, 4, 20, 33, 10, 0, 0, 9, 2, 2, 0, 101)
10 (1, 4, 0, 3, 0, 0, 0, 4, 3, 4, 0, 222)
11 (1, 4, 0, 0, 0, 0, 0, 0, 3, 2, 0, 14)
12 (1, 4, 0, 0, 0, 0, 0, 0, 1, 0, 0, 28)
13 (1, 4, 0, 0, 0, 0, 0, 0, 1, 1, 0, 119)
14 (1, 4, 0, 0, 0, 7, 0, 0, 2, 1, 0, 140)
15 (1, 4, 0, 0, 0, 8, 0, 0, 3, 3, 0, 157)
16 (1, 4, 0, 0, 0, 11, 0, 0, 2, 1, 0, 8)
17 (1, 4, 0, 0, 0, 12, 0, 0, 1, 1, 0, 243)
18 (1, 4, 0, 0, 2, 10, 0, 0, 2, 2, 0, 133)
19 (1, 4, 5, 8, 25, 8, 0, 0, 1, 1, 0, 93)
20 (1, 4, 19, 15, 30, 7, 0, 0, 2, 2, 0, 192)
21 (1, 4, 0, 32, 12, 5, 0, 0, 3, 3, 0, 38)
22 (1, 4, 1, 25, 3, 2, 0, 0, 2, 2, 0, 128)
23 (1, 4, 13, 4, 3, 2, 0, 0, 2, 2, 0, 117)
24 (1, 4, 2, 0, 0, 4, 0, 0, 2, 2, 0, 12)
25 (1, 4, 0, 5, 0, 2, 0, 0, 2, 2, 0, 61)
26 (1, 4, 0, 2, 0, 5, 0, 0, 2, 1, 0, 223)
27 (1, 4, 1, 8, 3, 6, 0, 0, 2, 2, 0, 40)
28 (1, 4, 10, 11, 16, 4, 0, 0, 2, 1, 0, 213)
29 (1, 4, 54, 0, 35, 0, 0, 0, 3, 3, 0, 35)
30 (1, 4, 87, 0, 46, 3, 0, 0, 12, 3, 0, 4)
31 (1, 4, 31, 0, 0, 4, 0, 0, 4, 4, 0, 156)
0 (1, 4, 164, 0, 0, 0, 0, 0, 2, 2, 0, 134)
1 (1, 4, 129, 0, 0, 0, 0, 0, 3, 1, 0, 168)
2 (1, 4, 206, 0, 0, 0, 0, 0, 2, 2, 0, 164)
3 (1, 4, 295, 0, 0, 0, 0, 0, 5, 5, 0, 188)
4 (1, 4, 0, 0, 0, 0, 2, 0, 1, 0, 0, 238)
5 (1, 4, 0, 0, 0, 0, 45, 0, 0, 0, 0, 40)
6 (1, 4, 0, 119, 73, 0, 71, 0, 0, 0, 0, 253)
7 (1, 4, 165, 208, 147, 7, 31, 0, 0, 0, 0, 61)
8 (1, 4, 114, 219, 263, 29, 17, 0, 0, 0, 0, 108)
9 (1, 4, 10, 210, 310, 42, 0, 0, 0, 0, 0, 30)
10 (1, 4, 125, 382, 490, 46, 0, 0, 1, 1, 0, 55)
11 (1, 4, 86, 513, 625, 15, 0, 0, 16, 18, 0, 252)
12 (1, 4, 0, 583, 620, 0, 0, 0, 11, 14, 0, 252)
13 (1, 4, 0, 495, 522, 0, 0, 0, 11, 5, 0, 60)
14 (1, 4, 48, 258, 221, 0, 0, 0, 12, 20, 0, 77)
15 (1, 4, 38, 120, 62, 0, 0, 0, 6, 5, 0, 201)
16 (1, 4, 0, 45, 0, 0, 0, 0, 3, 3, 0, 123)
17 (1, 4, 0, 16, 0, 0, 0, 0, 2, 2, 0, 13)
18 (1, 4, 2, 0, 0, 0, 0, 0, 2, 2, 0, 112)
19 (1, 4, 31, 0, 0, 4, 0, 0, 2, 2, 0, 170)
20 (1, 4, 22, 0, 0, 8, 0, 0, 1, 1, 0, 75)
21 (1, 4, 0, 0, 0, 10, 0, 0, 2, 1, 0, 23)
22 (1, 4, 0, 0, 0, 10, 0, 0, 2, 1, 0, 23)
23 (1, 4, 11, 0, 0, 12, 0, 0, 2, 2, 0, 138)
24 (1, 4, 0, 1, 0, 12, 0, 0, 2, 2, 0, 93)
25 (1, 4, 0, 1, 0, 12, 0, 0, 2, 1, 0, 224)
26 (1, 4, 0, 4, 0, 10, 0, 0, 2, 2, 0, 112)
27 (1, 4, 7, 5, 0, 9, 0, 0, 2, 2, 0, 206)
28 (1, 4, 7, 2, 0, 11, 0, 0, 2, 2, 0, 242)
29 (1, 4, 5, 0, 0, 11, 0, 0, 3, 3, 0, 138)
30 (1, 4, 7, 0, 0, 13, 0, 0, 20, 20, 0, 123)
31 (1, 4, 7, 0, 0, 13, 0, 0, 19, 15, 0, 28)
GLOVE DISCONNECTED
GLOVE CONNECTED
0 (1, 4, 0, 0, 0, 0, 0, 0, 4, 20, 0, 248)
1 (1, 4, 0, 0, 0, 0, 0, 0, 1, 0, 0, 28)
2 (1, 4, 0, 0, 0, 0, 3, 0, 0, 0, 0, 245)
3 (1, 4, 41, 0, 0, 0, 21, 0, 0, 0, 0, 216)
4 (1, 4, 112, 129, 55, 0, 9, 0, 0, 0, 0, 184)
5 (1, 4, 83, 244, 160, 0, 0, 0, 0, 0, 0, 241)
6 (1, 4, 101, 347, 265, 10, 0, 0, 0, 0, 0, 217)
7 (1, 4, 142, 448, 347, 5, 0, 0, 1, 0, 0, 135)
8 (1, 4, 163, 519, 381, 7, 0, 0, 2, 1, 0, 210)
9 (1, 4, 247, 536, 396, 0, 0, 0, 3, 3, 0, 165)
10 (1, 4, 179, 552, 309, 0, 0, 0, 10, 10, 0, 174)
11 (1, 4, 67, 505, 277, 0, 0, 12, 2, 2, 0, 66)
12 (1, 4, 85, 246, 185, 0, 0, 14, 2, 2, 0, 219)
13 (1, 4, 32, 80, 90, 0, 0, 11, 3, 3, 0, 219)
14 (1, 4, 0, 0, 35, 0, 0, 9, 2, 1, 0, 161)
15 (1, 4, 0, 0, 0, 0, 0, 0, 4, 8, 0, 160)
16 (1, 4, 0, 0, 0, 0, 0, 0, 2, 2, 0, 108)
17 (1, 4, 0, 0, 0, 0, 0, 0, 8, 7, 0, 113)
18 (1, 4, 0, 0, 0, 0, 0, 0, 2, 1, 0, 209)
19 (1, 4, 0, 0, 0, 0, 0, 0, 4, 4, 0, 90)
20 (1, 4, 0, 0, 0, 0, 0, 0, 3, 3, 0, 101)
21 (1, 4, 0, 0, 0, 0, 0, 0, 2, 2, 0, 108)
22 (1, 4, 0, 0, 0, 0, 0, 0, 2, 3, 0, 7)
23 (1, 4, 0, 0, 0, 0, 0, 0, 2, 1, 0, 209)
24 (1, 4, 0, 0, 0, 0, 0, 0, 2, 2, 0, 108)
25 (1, 4, 0, 0, 0, 0, 0, 0, 1, 1, 0, 119)
26 (1, 4, 4, 0, 0, 0, 0, 0, 1, 1, 0, 79)
27 (1, 4, 3, 0, 1, 0, 0, 0, 1, 1, 0, 241)
28 (1, 4, 2, 0, 4, 0, 0, 0, 1, 1, 0, 53)
29 (1, 4, 0, 0, 3, 0, 0, 0, 2, 2, 0, 215)
30 (1, 4, 2, 0, 4, 0, 0, 0, 2, 2, 0, 46)
0 (1, 4, 0, 0, 0, 0, 0, 11, 0, 2, 0, 36)
1 (1, 4, 97, 0, 0, 0, 0, 0, 5, 4, 0, 120)
2 (1, 4, 0, 0, 0, 0, 0, 0, 3, 4, 0, 115)
3 (1, 4, 0, 0, 0, 0, 58, 0, 1, 1, 0, 204)
4 (1, 4, 152, 115, 0, 0, 80, 0, 1, 1, 0, 149)
5 (1, 4, 150, 248, 278, 4, 36, 0, 1, 1, 0, 245)
6 (1, 4, 139, 361, 446, 35, 0, 0, 1, 1, 0, 138)
7 (1, 4, 163, 498, 602, 35, 0, 0, 2, 1, 0, 221)
8 (1, 4, 160, 684, 591, 0, 0, 0, 6, 20, 0, 145)
9 (1, 4, 67, 673, 477, 0, 0, 0, 10, 11, 0, 49)
10 (1, 4, 47, 598, 371, 0, 0, 0, 0, 0, 0, 231)
11 (1, 4, 180, 399, 207, 0, 0, 0, 3, 3, 0, 105)
12 (1, 4, 91, 292, 141, 0, 0, 14, 2, 2, 0, 59)
13 (1, 4, 19, 114, 44, 0, 0, 21, 2, 2, 0, 182)
14 (1, 4, 16, 0, 0, 0, 0, 11, 3, 3, 0, 9)
15 (1, 4, 0, 0, 0, 0, 0, 7, 4, 4, 0, 73)
16 (1, 4, 0, 0, 0, 0, 0, 1, 5, 5, 0, 140)
17 (1, 4, 0, 0, 0, 0, 0, 0, 20, 0, 0, 195)
18 (1, 4, 0, 0, 0, 0, 0, 0, 7, 16, 0, 245)
19 (1, 4, 0, 0, 0, 4, 0, 0, 3, 2, 0, 114)
20 (1, 4, 0, 0, 0, 5, 0, 0, 3, 3, 0, 6)
21 (1, 4, 0, 0, 0, 4, 0, 0, 3, 3, 0, 25)
22 (1, 4, 3, 0, 0, 3, 0, 0, 2, 1, 0, 226)
23 (1, 4, 4, 12, 6, 1, 0, 0, 1, 1, 0, 72)
24 (1, 4, 3, 10, 0, 0, 0, 0, 1, 1, 0, 187)
25 (1, 4, 5, 2, 0, 0, 0, 0, 1, 1, 0, 44)
26 (1, 4, 7, 0, 0, 0, 0, 0, 1, 1, 0, 93)
27 (1, 4, 10, 0, 0, 1, 0, 0, 1, 1, 0, 4)
28 (1, 4, 4, 0, 0, 1, 0, 0, 1, 1, 0, 80)
29 (1, 4, 0, 5, 0, 2, 0, 0, 1, 1, 0, 38)
30 (1, 4, 3, 0, 0, 2, 0, 0, 1, 1, 0, 91)
31 (1, 4, 2, 5, 0, 2, 0, 0, 1, 1, 0, 58)
GLOVE DISCONNECTED
GLOVE CONNECTED
GLOVE DISCONNECTED
GLOVE CONNECTED
0 (1, 4, 49, 37, 22, 4, 0, 0, 0, 1, 0, 227)
1 (1, 4, 12, 58, 4, 1, 0, 0, 1, 1, 0, 3)
2 (1, 4, 0, 63, 0, 2, 0, 0, 1, 1, 0, 91)
3 (1, 4, 0, 50, 0, 4, 0, 0, 1, 1, 0, 197)
4 (1, 4, 9, 37, 0, 3, 0, 0, 1, 0, 0, 238)
5 (1, 4, 36, 17, 0, 6, 0, 0, 1, 0, 0, 117)
6 (1, 4, 74, 7, 0, 12, 0, 0, 1, 0, 0, 127)
7 (1, 4, 281, 0, 4, 14, 0, 0, 0, 0, 0, 6)
8 (1, 4, 633, 0, 27, 27, 0, 0, 4, 4, 0, 216)
9 (1, 4, 760, 0, 0, 34, 0, 6, 0, 0, 0, 170)
10 (1, 4, 668, 0, 0, 25, 0, 29, 1, 1, 0, 77)
11 (1, 4, 781, 0, 0, 24, 0, 57, 1, 1, 0, 127)
12 (1, 4, 721, 0, 0, 11, 0, 74, 1, 1, 0, 206)
13 (1, 4, 236, 19, 0, 16, 50, 75, 2, 2, 0, 130)
14 (1, 4, 206, 194, 103, 0, 21, 105, 1, 1, 0, 126)
15 (1, 4, 193, 143, 137, 0, 29, 95, 2, 1, 0, 155)
16 (1, 4, 100, 98, 116, 0, 24, 102, 2, 2, 0, 126)
17 (1, 4, 44, 17, 60, 0, 24, 99, 1, 1, 0, 137)
18 (1, 4, 36, 40, 50, 6, 32, 94, 2, 2, 0, 179)
19 (1, 4, 2, 54, 89, 12, 33, 88, 3, 3, 0, 77)
20 (1, 4, 35, 90, 65, 16, 38, 83, 4, 4, 0, 199)
21 (1, 4, 29, 79, 52, 11, 40, 89, 5, 4, 0, 197)
22 (1, 4, 24, 35, 46, 10, 39, 91, 9, 9, 0, 63)
23 (1, 4, 9, 0, 21, 10, 43, 86, 2, 2, 0, 124)
24 (1, 4, 0, 0, 0, 10, 44, 88, 3, 3, 0, 240)
25 (1, 4, 0, 0, 5, 10, 39, 93, 20, 20, 0, 117)
26 (1, 4, 0, 0, 1, 11, 42, 90, 20, 20, 0, 124)
27 (1, 4, 0, 0, 0, 17, 39, 86, 12, 9, 0, 5)
28 (1, 4, 0, 11, 0, 14, 38, 86, 6, 4, 0, 9)
29 (1, 4, 0, 49, 0, 13, 39, 83, 4, 2, 0, 63)
30 (1, 4, 0, 0, 0, 4, 29, 105, 1, 1, 0, 4)
31 (1, 4, 0, 0, 0, 0, 4, 99, 1, 1, 0, 22)

