0 (1, 4, 0, 0, 424, 0, 0, 0, 3, 2, 0, 224)
1 (1, 4, 62, 0, 0, 31, 0, 0, 8, 5, 0, 134)
2 (1, 4, 0, 167, 0, 17, 0, 10, 2, 1, 0, 171)
3 (1, 4, 210, 190, 0, 0, 4, 87, 3, 2, 0, 174)
4 (1, 4, 137, 104, 0, 0, 197, 170, 2, 1, 0, 132)
5 (1, 4, 0, 0, 68, 0, 321, 177, 1, 1, 0, 133)
6 (1, 4, 162, 0, 702, 0, 187, 98, 2, 1, 0, 179)
7 (1, 4, 0, 24, 799, 0, 0, 0, 1, 1, 0, 100)
8 (1, 4, 167, 102, 219, 0, 0, 54, 2, 2, 0, 174)
9 (1, 4, 0, 0, 0, 41, 0, 18, 2, 1, 0, 181)
10 (1, 4, 0, 259, 0, 16, 0, 81, 1, 1, 0, 244)
11 (1, 4, 49, 187, 0, 0, 16, 102, 3, 2, 0, 67)
12 (1, 4, 8, 122, 0, 3, 28, 103, 6, 4, 0, 97)
13 (1, 4, 0, 92, 0, 1, 1, 123, 6, 4, 0, 200)
14 (1, 4, 0, 30, 15, 3, 0, 114, 7, 5, 0, 4)
15 (1, 4, 0, 1, 70, 8, 0, 103, 7, 5, 0, 167)
16 (1, 4, 0, 0, 67, 9, 0, 97, 3, 2, 0, 146)
17 (1, 4, 0, 0, 71, 13, 0, 96, 2, 2, 0, 13)
18 (1, 4, 0, 0, 69, 14, 0, 85, 4, 3, 0, 251)
19 (1, 4, 0, 0, 50, 17, 0, 81, 3, 2, 0, 1)
20 (1, 4, 0, 0, 49, 17, 0, 75, 4, 3, 0, 120)
21 (1, 4, 0, 11, 51, 16, 0, 72, 5, 4, 0, 49)
22 (1, 4, 0, 24, 33, 10, 0, 73, 2, 1, 0, 223)
23 (1, 4, 0, 21, 0, 10, 0, 71, 3, 2, 0, 144)
24 (1, 4, 0, 12, 0, 8, 0, 73, 2, 2, 0, 141)
25 (1, 4, 0, 0, 0, 6, 0, 67, 2, 1, 0, 176)
26 (1, 4, 0, 0, 0, 3, 0, 62, 2, 2, 0, 25)
27 (1, 4, 0, 0, 0, 3, 0, 64, 2, 1, 0, 181)
28 (1, 4, 0, 0, 0, 6, 0, 62, 2, 1, 0, 199)
29 (1, 4, 3, 12, 45, 4, 0, 65, 2, 1, 0, 196)
30 (1, 4, 26, 19, 47, 0, 0, 68, 2, 1, 0, 115)
31 (1, 4, 1, 35, 21, 0, 0, 73, 2, 1, 0, 0)
0 (1, 4, 0, 12, 0, 8, 0, 68, 2, 2, 0, 205)
1 (1, 4, 2, 33, 0, 2, 0, 78, 2, 2, 0, 90)
2 (1, 4, 0, 36, 0, 1, 0, 82, 2, 1, 0, 249)
3 (1, 4, 0, 18, 0, 0, 0, 84, 2, 1, 0, 62)
4 (1, 4, 0, 27, 0, 0, 0, 72, 2, 1, 0, 116)
5 (1, 4, 77, 0, 0, 0, 0, 89, 2, 1, 0, 189)
6 (1, 4, 291, 0, 0, 1, 0, 110, 2, 2, 0, 102)
7 (1, 4, 485, 0, 207, 0, 82, 151, 2, 2, 0, 119)
8 (1, 4, 328, 0, 589, 0, 141, 132, 2, 1, 0, 141)
9 (1, 4, 0, 0, 838, 0, 0, 29, 3, 2, 0, 240)
10 (1, 4, 41, 0, 93, 0, 0, 25, 3, 2, 0, 163)
11 (1, 4, 0, 0, 0, 13, 0, 0, 7, 5, 0, 12)
12 (1, 4, 30, 176, 0, 13, 0, 14, 2, 1, 0, 122)
13 (1, 4, 195, 196, 0, 14, 74, 120, 2, 1, 0, 73)
14 (1, 4, 52, 0, 22, 37, 244, 188, 1, 1, 0, 206)
15 (1, 4, 0, 0, 496, 9, 247, 120, 1, 1, 0, 85)
16 (1, 4, 0, 100, 818, 0, 0, 6, 1, 1, 0, 105)
17 (1, 4, 0, 0, 32, 0, 0, 28, 2, 1, 0, 99)
18 (1, 4, 17, 64, 0, 34, 0, 27, 2, 1, 0, 52)
19 (1, 4, 0, 166, 0, 30, 26, 69, 2, 1, 0, 177)
20 (1, 4, 0, 152, 39, 19, 0, 75, 2, 1, 0, 6)
21 (1, 4, 0, 124, 96, 0, 0, 72, 1, 1, 0, 148)
22 (1, 4, 0, 107, 134, 0, 0, 80, 1, 1, 0, 75)
23 (1, 4, 0, 63, 116, 0, 0, 82, 1, 1, 0, 110)
24 (1, 4, 0, 0, 103, 0, 0, 81, 1, 0, 0, 181)
25 (1, 4, 0, 0, 102, 0, 0, 68, 1, 1, 0, 51)
26 (1, 4, 0, 0, 139, 0, 0, 62, 1, 1, 0, 213)
27 (1, 4, 0, 0, 140, 0, 0, 63, 1, 1, 0, 239)
28 (1, 4, 0, 0, 86, 0, 0, 54, 1, 1, 0, 60)
29 (1, 4, 0, 0, 58, 0, 0, 52, 1, 0, 0, 9)
30 (1, 4, 0, 0, 48, 0, 0, 51, 1, 0, 0, 137)
31 (1, 4, 0, 0, 50, 0, 0, 54, 1, 0, 0, 12)
0 (1, 4, 90, 88, 0, 0, 0, 58, 1, 1, 0, 2)
1 (1, 4, 70, 76, 0, 0, 0, 50, 1, 1, 0, 251)
2 (1, 4, 62, 82, 0, 0, 0, 42, 1, 1, 0, 121)
3 (1, 4, 63, 116, 0, 0, 0, 49, 1, 1, 0, 93)
4 (1, 4, 35, 121, 0, 0, 0, 67, 1, 1, 0, 167)
5 (1, 4, 79, 92, 0, 0, 0, 63, 1, 1, 0, 164)
6 (1, 4, 110, 103, 0, 0, 0, 65, 1, 1, 0, 180)
7 (1, 4, 158, 86, 0, 0, 0, 73, 1, 1, 0, 243)
8 (1, 4, 167, 23, 0, 0, 0, 63, 1, 1, 0, 103)
9 (1, 4, 312, 0, 0, 6, 0, 69, 1, 1, 0, 143)
10 (1, 4, 56, 0, 0, 20, 0, 70, 1, 1, 0, 34)
11 (1, 4, 0, 0, 0, 25, 0, 80, 1, 0, 0, 154)
12 (1, 4, 26, 0, 0, 19, 23, 99, 1, 1, 0, 66)
13 (1, 4, 112, 0, 46, 10, 128, 122, 1, 1, 0, 124)
14 (1, 4, 290, 0, 487, 0, 152, 116, 1, 1, 0, 208)
15 (1, 4, 0, 0, 659, 0, 61, 18, 1, 1, 0, 65)
16 (1, 4, 0, 71, 136, 0, 0, 30, 2, 1, 0, 232)
17 (1, 4, 0, 7, 0, 32, 0, 0, 3, 2, 0, 229)
18 (1, 4, 0, 245, 0, 0, 0, 59, 3, 2, 0, 190)
19 (1, 4, 65, 257, 0, 0, 30, 122, 3, 1, 0, 85)
20 (1, 4, 18, 0, 0, 0, 225, 236, 1, 1, 0, 32)
21 (1, 4, 56, 0, 360, 0, 301, 161, 1, 1, 0, 117)
22 (1, 4, 110, 0, 867, 0, 34, 18, 20, 20, 0, 28)
23 (1, 4, 54, 0, 148, 0, 0, 23, 1, 1, 0, 100)
24 (1, 4, 6, 0, 0, 43, 0, 0, 8, 4, 0, 216)
25 (1, 4, 0, 223, 0, 14, 0, 71, 2, 1, 0, 111)
26 (1, 4, 17, 190, 0, 3, 0, 76, 2, 1, 0, 98)
27 (1, 4, 150, 167, 65, 8, 0, 96, 3, 2, 0, 109)
28 (1, 4, 54, 101, 10, 9, 0, 88, 2, 1, 0, 244)
29 (1, 4, 0, 176, 29, 0, 0, 103, 4, 2, 0, 123)
30 (1, 4, 0, 95, 110, 0, 0, 119, 2, 1, 0, 110)
31 (1, 4, 0, 32, 142, 0, 0, 107, 2, 1, 0, 71)
0 (1, 4, 0, 0, 629, 0, 0, 70, 20, 20, 0, 73)
1 (1, 4, 0, 0, 260, 0, 0, 76, 2, 1, 0, 8)
2 (1, 4, 0, 96, 0, 0, 0, 64, 1, 1, 0, 115)
3 (1, 4, 0, 250, 0, 0, 0, 58, 2, 2, 0, 178)
4 (1, 4, 103, 99, 0, 0, 15, 77, 3, 2, 0, 95)
5 (1, 4, 47, 0, 0, 0, 186, 161, 5, 3, 0, 200)
6 (1, 4, 0, 0, 510, 13, 181, 113, 3, 2, 0, 64)
7 (1, 4, 61, 0, 691, 0, 0, 93, 4, 3, 0, 138)
8 (1, 4, 0, 0, 103, 0, 0, 95, 3, 2, 0, 129)
9 (1, 4, 0, 0, 0, 0, 0, 60, 2, 1, 0, 60)
10 (1, 4, 0, 23, 0, 25, 0, 54, 2, 1, 0, 28)
11 (1, 4, 0, 120, 0, 25, 0, 71, 2, 1, 0, 4)
12 (1, 4, 12, 205, 0, 10, 0, 80, 2, 1, 0, 151)
13 (1, 4, 0, 202, 0, 0, 0, 85, 4, 3, 0, 44)
14 (1, 4, 0, 157, 0, 0, 0, 90, 2, 1, 0, 168)
15 (1, 4, 0, 123, 0, 0, 0, 90, 10, 9, 0, 23)
16 (1, 4, 0, 59, 0, 0, 0, 88, 5, 3, 0, 154)
17 (1, 4, 0, 40, 0, 0, 0, 96, 5, 4, 0, 173)
18 (1, 4, 0, 9, 15, 0, 0, 94, 2, 1, 0, 62)
19 (1, 4, 0, 0, 3, 0, 0, 86, 2, 1, 0, 48)
20 (1, 4, 0, 0, 0, 0, 0, 77, 2, 1, 0, 212)
21 (1, 4, 0, 6, 0, 0, 0, 75, 2, 1, 0, 175)
22 (1, 4, 1, 13, 5, 0, 0, 77, 2, 1, 0, 204)
23 (1, 4, 0, 15, 5, 0, 0, 80, 2, 1, 0, 60)
24 (1, 4, 0, 0, 0, 0, 0, 77, 2, 2, 0, 105)
25 (1, 4, 0, 0, 0, 0, 0, 77, 3, 2, 0, 11)
26 (1, 4, 0, 0, 0, 0, 0, 71, 3, 2, 0, 88)
27 (1, 4, 0, 14, 13, 2, 0, 63, 2, 2, 0, 171)
28 (1, 4, 0, 84, 54, 0, 0, 72, 3, 2, 0, 105)
29 (1, 4, 0, 99, 55, 0, 0, 98, 3, 2, 0, 174)
30 (1, 4, 58, 56, 98, 0, 0, 132, 4, 3, 0, 194)
31 (1, 4, 8, 0, 0, 0, 0, 92, 3, 2, 0, 119)
0 (1, 4, 0, 0, 827, 0, 34, 37, 1, 1, 0, 226)
1 (1, 4, 0, 14, 589, 0, 0, 68, 9, 8, 0, 87)
2 (1, 4, 35, 6, 0, 0, 0, 49, 3, 2, 0, 193)
3 (1, 4, 48, 88, 0, 0, 0, 13, 4, 3, 0, 122)
4 (1, 4, 136, 126, 0, 0, 0, 48, 5, 3, 0, 29)
5 (1, 4, 0, 0, 0, 0, 203, 187, 2, 1, 0, 193)
6 (1, 4, 119, 0, 598, 0, 313, 128, 2, 1, 0, 179)
7 (1, 4, 230, 0, 873, 0, 0, 129, 2, 1, 0, 49)
8 (1, 4, 0, 0, 306, 0, 0, 103, 2, 2, 0, 104)
9 (1, 4, 0, 0, 0, 5, 0, 41, 2, 1, 0, 38)
10 (1, 4, 0, 191, 0, 9, 0, 60, 2, 1, 0, 200)
11 (1, 4, 81, 192, 0, 0, 0, 70, 2, 1, 0, 189)
12 (1, 4, 104, 185, 0, 0, 0, 72, 4, 3, 0, 121)
13 (1, 4, 0, 262, 27, 0, 0, 84, 4, 3, 0, 133)
14 (1, 4, 0, 313, 176, 0, 0, 99, 5, 4, 0, 138)
15 (1, 4, 0, 111, 113, 0, 0, 91, 2, 1, 0, 213)
16 (1, 4, 0, 25, 0, 0, 0, 97, 2, 2, 0, 48)
17 (1, 4, 0, 5, 4, 0, 0, 104, 2, 1, 0, 238)
18 (1, 4, 0, 0, 38, 0, 0, 89, 3, 2, 0, 34)
19 (1, 4, 0, 0, 9, 0, 0, 77, 2, 1, 0, 252)
20 (1, 4, 0, 0, 0, 0, 0, 72, 2, 1, 0, 126)
21 (1, 4, 0, 0, 0, 0, 0, 70, 2, 1, 0, 88)
22 (1, 4, 0, 0, 0, 0, 0, 75, 1, 1, 0, 190)
23 (1, 4, 0, 0, 0, 0, 0, 74, 1, 1, 0, 97)
24 (1, 4, 0, 28, 0, 0, 0, 83, 2, 1, 0, 41)
25 (1, 4, 12, 82, 0, 0, 0, 82, 1, 1, 0, 159)
26 (1, 4, 152, 171, 45, 0, 0, 98, 4, 3, 0, 180)
27 (1, 4, 214, 43, 0, 0, 0, 97, 3, 2, 0, 196)
28 (1, 4, 94, 43, 0, 0, 0, 101, 2, 1, 0, 11)
29 (1, 4, 60, 7, 0, 0, 0, 118, 1, 1, 0, 225)
30 (1, 4, 53, 0, 0, 0, 0, 99, 2, 1, 0, 66)
31 (1, 4, 148, 0, 0, 0, 0, 114, 1, 1, 0, 52)
0 (1, 4, 0, 74, 873, 0, 47, 47, 2, 1, 0, 186)
1 (1, 4, 0, 0, 197, 0, 0, 161, 1, 1, 0, 67)
2 (1, 4, 0, 0, 0, 29, 0, 12, 1, 0, 0, 239)
3 (1, 4, 66, 59, 0, 1, 0, 37, 1, 1, 0, 62)
4 (1, 4, 140, 0, 0, 0, 120, 90, 1, 1, 0, 188)
5 (1, 4, 0, 0, 0, 0, 392, 120, 2, 1, 0, 234)
6 (1, 4, 109, 48, 742, 0, 319, 122, 1, 1, 0, 181)
7 (1, 4, 143, 158, 873, 0, 58, 43, 1, 1, 0, 0)
8 (1, 4, 329, 269, 278, 0, 0, 204, 3, 2, 0, 193)
9 (1, 4, 0, 0, 0, 2, 0, 36, 1, 0, 0, 246)
10 (1, 4, 25, 90, 0, 0, 0, 73, 1, 0, 0, 206)
11 (1, 4, 137, 51, 0, 2, 30, 60, 1, 1, 0, 225)
12 (1, 4, 0, 64, 0, 26, 53, 84, 2, 1, 0, 146)
13 (1, 4, 0, 113, 112, 13, 27, 104, 1, 1, 0, 194)
14 (1, 4, 0, 34, 209, 6, 0, 99, 1, 1, 0, 249)
15 (1, 4, 0, 0, 251, 14, 0, 79, 1, 1, 0, 253)
16 (1, 4, 0, 15, 225, 20, 0, 83, 1, 0, 0, 182)
17 (1, 4, 0, 18, 208, 28, 0, 96, 1, 0, 0, 242)
18 (1, 4, 0, 1, 149, 31, 0, 103, 1, 0, 0, 72)
19 (1, 4, 0, 15, 7, 28, 0, 101, 1, 0, 0, 117)
20 (1, 4, 19, 0, 0, 28, 0, 95, 1, 0, 0, 242)
21 (1, 4, 80, 31, 0, 27, 0, 95, 1, 0, 0, 228)
22 (1, 4, 97, 43, 0, 13, 0, 101, 1, 0, 0, 32)
23 (1, 4, 124, 0, 0, 0, 0, 90, 1, 0, 0, 63)
24 (1, 4, 88, 0, 0, 0, 0, 71, 1, 0, 0, 83)
25 (1, 4, 93, 0, 0, 6, 0, 66, 1, 0, 0, 141)
26 (1, 4, 111, 0, 0, 6, 0, 69, 1, 0, 0, 165)
27 (1, 4, 40, 2, 0, 0, 0, 71, 1, 0, 0, 144)
28 (1, 4, 0, 0, 0, 9, 0, 54, 1, 0, 0, 69)
29 (1, 4, 0, 110, 0, 11, 0, 61, 1, 0, 0, 178)
30 (1, 4, 0, 117, 0, 10, 0, 81, 1, 0, 0, 220)
0 (1, 4, 0, 90, 648, 0, 0, 54, 1, 0, 0, 105)
1 (1, 4, 79, 259, 38, 0, 0, 166, 1, 1, 0, 241)
2 (1, 4, 0, 0, 0, 0, 0, 59, 1, 0, 0, 226)
3 (1, 4, 0, 46, 0, 0, 0, 76, 1, 0, 0, 0)
4 (1, 4, 0, 0, 0, 0, 133, 128, 1, 1, 0, 83)
5 (1, 4, 0, 0, 0, 0, 355, 166, 2, 1, 0, 185)
6 (1, 4, 107, 0, 681, 0, 187, 119, 1, 1, 0, 20)
7 (1, 4, 185, 98, 791, 0, 0, 11, 1, 0, 0, 141)
8 (1, 4, 81, 0, 88, 0, 0, 138, 2, 1, 0, 87)
9 (1, 4, 0, 0, 0, 2, 0, 89, 2, 1, 0, 76)
10 (1, 4, 0, 17, 0, 19, 0, 57, 1, 1, 0, 50)
11 (1, 4, 0, 79, 0, 19, 0, 53, 1, 1, 0, 75)
12 (1, 4, 0, 88, 0, 27, 1, 65, 1, 1, 0, 235)
13 (1, 4, 0, 104, 69, 33, 0, 102, 1, 0, 0, 1)
14 (1, 4, 0, 83, 219, 32, 0, 105, 1, 0, 0, 108)
15 (1, 4, 0, 71, 201, 18, 0, 117, 1, 0, 0, 235)
16 (1, 4, 0, 0, 112, 28, 0, 97, 1, 0, 0, 46)
17 (1, 4, 0, 0, 0, 36, 0, 78, 1, 0, 0, 234)
18 (1, 4, 42, 34, 0, 29, 0, 73, 1, 0, 0, 4)
19 (1, 4, 120, 78, 0, 20, 0, 71, 1, 0, 0, 152)
20 (1, 4, 184, 84, 0, 4, 0, 83, 1, 0, 0, 234)
21 (1, 4, 104, 31, 0, 2, 0, 70, 1, 0, 0, 69)
22 (1, 4, 72, 22, 0, 7, 0, 62, 1, 0, 0, 58)
23 (1, 4, 63, 24, 0, 14, 0, 54, 1, 0, 0, 183)
24 (1, 4, 16, 32, 0, 17, 0, 59, 1, 0, 0, 40)
25 (1, 4, 0, 10, 0, 22, 0, 72, 1, 0, 0, 216)
26 (1, 4, 0, 33, 0, 24, 0, 81, 1, 0, 0, 45)
27 (1, 4, 0, 34, 0, 20, 0, 94, 1, 0, 0, 136)
28 (1, 4, 0, 53, 0, 23, 0, 98, 1, 0, 0, 39)
29 (1, 4, 0, 69, 21, 16, 0, 108, 1, 0, 0, 201)
30 (1, 4, 0, 53, 71, 10, 0, 108, 1, 0, 0, 115)
31 (1, 4, 17, 0, 69, 3, 0, 98, 1, 0, 0, 191)
0 (1, 4, 0, 6, 67, 13, 0, 77, 1, 0, 0, 117)
1 (1, 4, 0, 14, 66, 16, 0, 79, 1, 0, 0, 135)
2 (1, 4, 0, 38, 52, 17, 0, 87, 1, 1, 0, 176)
3 (1, 4, 0, 42, 18, 17, 0, 97, 1, 1, 0, 232)
4 (1, 4, 0, 23, 0, 23, 0, 101, 1, 1, 0, 240)
5 (1, 4, 7, 15, 0, 31, 0, 99, 1, 1, 0, 60)
6 (1, 4, 47, 74, 0, 23, 0, 137, 1, 1, 0, 162)
7 (1, 4, 59, 0, 0, 12, 0, 175, 2, 2, 0, 127)
8 (1, 4, 0, 0, 0, 20, 0, 108, 1, 1, 0, 135)
9 (1, 4, 0, 0, 0, 28, 0, 42, 1, 0, 0, 157)
10 (1, 4, 0, 19, 0, 37, 0, 0, 1, 0, 0, 47)
11 (1, 4, 0, 293, 0, 27, 0, 0, 1, 0, 0, 122)
12 (1, 4, 194, 412, 0, 5, 82, 145, 1, 0, 0, 248)
13 (1, 4, 553, 52, 483, 0, 238, 178, 1, 0, 0, 120)
14 (1, 4, 202, 109, 873, 0, 144, 82, 1, 1, 0, 78)
15 (1, 4, 0, 153, 621, 0, 0, 127, 2, 2, 0, 13)
16 (1, 4, 0, 0, 0, 0, 0, 0, 1, 1, 0, 119)
17 (1, 4, 44, 239, 0, 0, 0, 30, 1, 1, 0, 252)
18 (1, 4, 34, 63, 0, 0, 279, 215, 1, 1, 0, 79)
19 (1, 4, 7, 0, 427, 0, 471, 240, 3, 2, 0, 28)
20 (1, 4, 157, 0, 873, 0, 51, 22, 1, 1, 0, 18)
21 (1, 4, 421, 112, 515, 0, 0, 171, 2, 1, 0, 177)
22 (1, 4, 0, 0, 0, 0, 0, 97, 2, 1, 0, 234)
23 (1, 4, 0, 0, 0, 34, 1, 57, 1, 1, 0, 158)
24 (1, 4, 0, 105, 0, 16, 1, 65, 1, 1, 0, 36)
25 (1, 4, 81, 180, 0, 18, 13, 54, 1, 1, 0, 68)
26 (1, 4, 0, 176, 25, 5, 17, 61, 2, 1, 0, 137)
0 (1, 4, 364, 0, 873, 0, 152, 99, 3, 2, 0, 50)
1 (1, 4, 94, 32, 783, 0, 0, 146, 4, 2, 0, 134)
2 (1, 4, 0, 12, 0, 0, 0, 107, 2, 1, 0, 208)
3 (1, 4, 42, 17, 0, 0, 0, 13, 1, 1, 0, 72)
4 (1, 4, 31, 54, 0, 0, 0, 45, 1, 1, 0, 56)
5 (1, 4, 79, 0, 0, 0, 184, 138, 1, 1, 0, 0)
6 (1, 4, 0, 0, 106, 0, 392, 151, 2, 1, 0, 235)
7 (1, 4, 0, 0, 855, 0, 167, 58, 5, 5, 0, 165)
8 (1, 4, 70, 34, 873, 0, 0, 0, 3, 2, 0, 198)
9 (1, 4, 0, 258, 561, 0, 0, 42, 2, 1, 0, 4)
10 (1, 4, 0, 38, 108, 0, 0, 76, 1, 1, 0, 63)
11 (1, 4, 26, 0, 0, 0, 0, 0, 1, 1, 0, 251)
12 (1, 4, 0, 282, 0, 0, 0, 35, 1, 1, 0, 234)
13 (1, 4, 25, 329, 0, 0, 0, 94, 1, 0, 0, 82)
14 (1, 4, 95, 288, 48, 0, 0, 124, 1, 1, 0, 74)
15 (1, 4, 0, 147, 87, 0, 0, 141, 2, 2, 0, 127)
16 (1, 4, 0, 27, 62, 0, 0, 151, 3, 2, 0, 2)
17 (1, 4, 0, 0, 0, 0, 0, 147, 3, 2, 0, 49)
18 (1, 4, 130, 0, 0, 0, 0, 103, 1, 1, 0, 137)
19 (1, 4, 149, 0, 0, 0, 0, 82, 1, 0, 0, 240)
20 (1, 4, 160, 0, 0, 0, 0, 67, 1, 0, 0, 237)
21 (1, 4, 168, 0, 0, 0, 0, 58, 1, 0, 0, 159)
22 (1, 4, 167, 0, 0, 0, 0, 39, 1, 0, 0, 86)
23 (1, 4, 241, 118, 0, 0, 0, 45, 1, 1, 0, 180)
24 (1, 4, 65, 132, 0, 0, 0, 46, 6, 4, 0, 69)
25 (1, 4, 0, 93, 0, 0, 0, 62, 4, 3, 0, 38)
26 (1, 4, 0, 53, 0, 0, 0, 75, 5, 5, 0, 86)
27 (1, 4, 0, 43, 37, 0, 0, 88, 4, 3, 0, 173)
28 (1, 4, 268, 44, 61, 0, 0, 115, 2, 1, 0, 150)
29 (1, 4, 55, 21, 0, 0, 0, 141, 1, 1, 0, 190)
30 (1, 4, 137, 0, 0, 0, 0, 137, 1, 0, 0, 200)
31 (1, 4, 209, 0, 0, 0, 0, 88, 1, 0, 0, 18)
0 (1, 4, 0, 0, 789, 0, 28, 36, 2, 1, 0, 240)
1 (1, 4, 0, 0, 548, 0, 0, 0, 1, 1, 0, 109)
2 (1, 4, 261, 164, 0, 0, 0, 36, 1, 1, 0, 142)
3 (1, 4, 256, 166, 0, 0, 0, 40, 2, 1, 0, 236)
4 (1, 4, 197, 180, 0, 0, 0, 84, 3, 3, 0, 84)
5 (1, 4, 313, 0, 0, 0, 88, 83, 2, 2, 0, 153)
6 (1, 4, 0, 0, 0, 0, 443, 59, 4, 3, 0, 87)
7 (1, 4, 144, 0, 762, 0, 331, 104, 2, 1, 0, 203)
8 (1, 4, 139, 0, 857, 0, 0, 196, 2, 1, 0, 87)
9 (1, 4, 0, 0, 311, 0, 0, 98, 2, 1, 0, 181)
10 (1, 4, 190, 24, 0, 43, 0, 19, 8, 7, 0, 64)
11 (1, 4, 0, 115, 0, 23, 0, 36, 2, 1, 0, 87)
12 (1, 4, 0, 102, 0, 45, 0, 41, 4, 3, 0, 92)
13 (1, 4, 0, 230, 0, 63, 0, 87, 7, 5, 0, 94)
14 (1, 4, 0, 277, 0, 31, 39, 137, 2, 1, 0, 178)
15 (1, 4, 0, 51, 272, 24, 0, 88, 1, 1, 0, 93)
16 (1, 4, 0, 120, 182, 13, 0, 115, 1, 1, 0, 47)
17 (1, 4, 0, 0, 4, 30, 0, 103, 1, 1, 0, 147)
18 (1, 4, 0, 44, 0, 34, 0, 89, 1, 1, 0, 168)
19 (1, 4, 0, 0, 0, 21, 0, 80, 1, 1, 0, 117)
20 (1, 4, 0, 41, 0, 18, 0, 77, 1, 0, 0, 20)
21 (1, 4, 0, 69, 0, 13, 0, 61, 1, 0, 0, 89)
22 (1, 4, 58, 106, 0, 13, 0, 41, 1, 0, 0, 199)
23 (1, 4, 41, 120, 0, 7, 0, 39, 1, 0, 0, 217)
24 (1, 4, 9, 117, 0, 11, 0, 42, 1, 0, 0, 6)
25 (1, 4, 0, 115, 0, 12, 0, 61, 1, 0, 0, 82)
26 (1, 4, 12, 51, 0, 5, 0, 85, 1, 0, 0, 112)
27 (1, 4, 11, 0, 122, 9, 3, 88, 1, 0, 0, 135)
28 (1, 4, 0, 0, 218, 19, 0, 79, 1, 0, 0, 144)
29 (1, 4, 0, 0, 189, 29, 0, 80, 1, 0, 0, 224)
0 (1, 4, 399, 0, 235, 0, 167, 135, 1, 1, 0, 1)
1 (1, 4, 187, 0, 696, 0, 172, 127, 2, 1, 0, 34)
2 (1, 4, 0, 0, 873, 0, 32, 32, 3, 2, 0, 104)
3 (1, 4, 0, 0, 712, 0, 0, 43, 1, 1, 0, 86)
4 (1, 4, 0, 32, 102, 0, 0, 36, 1, 0, 0, 126)
5 (1, 4, 77, 63, 0, 3, 0, 19, 1, 0, 0, 85)
6 (1, 4, 3, 160, 0, 0, 0, 22, 1, 0, 0, 210)
7 (1, 4, 0, 216, 0, 0, 53, 102, 1, 1, 0, 29)
8 (1, 4, 0, 0, 0, 0, 238, 216, 1, 0, 0, 25)
9 (1, 4, 0, 0, 15, 0, 295, 182, 1, 1, 0, 108)
10 (1, 4, 488, 0, 841, 0, 115, 93, 1, 0, 0, 206)
11 (1, 4, 34, 51, 833, 0, 0, 0, 1, 0, 0, 52)
12 (1, 4, 454, 137, 438, 0, 0, 156, 2, 2, 0, 75)
13 (1, 4, 26, 0, 0, 0, 0, 57, 1, 0, 0, 215)
14 (1, 4, 0, 41, 0, 18, 0, 17, 1, 0, 0, 29)
15 (1, 4, 0, 149, 0, 11, 0, 25, 1, 0, 0, 44)
16 (1, 4, 0, 239, 0, 18, 0, 54, 1, 0, 0, 154)
17 (1, 4, 0, 347, 133, 0, 0, 120, 3, 3, 0, 239)
18 (1, 4, 0, 73, 118, 0, 0, 101, 4, 3, 0, 140)
19 (1, 4, 0, 182, 24, 0, 0, 93, 8, 6, 0, 26)
20 (1, 4, 102, 290, 0, 0, 0, 96, 1, 0, 0, 216)
21 (1, 4, 0, 189, 0, 0, 0, 89, 2, 2, 0, 177)
22 (1, 4, 48, 130, 0, 0, 0, 81, 1, 0, 0, 30)
23 (1, 4, 118, 66, 0, 0, 0, 79, 1, 0, 0, 196)
24 (1, 4, 95, 35, 13, 0, 0, 91, 1, 0, 0, 89)
25 (1, 4, 0, 0, 32, 0, 0, 105, 2, 2, 0, 67)
26 (1, 4, 0, 0, 0, 4, 0, 81, 1, 0, 0, 41)
27 (1, 4, 0, 0, 0, 12, 0, 71, 1, 0, 0, 206)
28 (1, 4, 138, 0, 0, 7, 0, 70, 1, 0, 0, 177)
29 (1, 4, 222, 73, 0, 0, 0, 81, 1, 0, 0, 248)
30 (1, 4, 179, 94, 0, 0, 0, 87, 1, 0, 0, 95)
31 (1, 4, 187, 52, 0, 0, 0, 88, 1, 0, 0, 73)
0 (1, 4, 0, 256, 653, 0, 0, 111, 0, 1, 0, 208)
1 (1, 4, 0, 0, 0, 0, 0, 161, 3, 2, 0, 250)
2 (1, 4, 0, 0, 0, 0, 0, 36, 3, 2, 0, 218)
3 (1, 4, 0, 0, 0, 7, 0, 33, 2, 1, 0, 242)
4 (1, 4, 0, 18, 0, 0, 101, 98, 1, 1, 0, 171)
5 (1, 4, 0, 0, 0, 0, 309, 163, 1, 1, 0, 59)
6 (1, 4, 142, 7, 465, 11, 206, 140, 1, 1, 0, 186)
7 (1, 4, 358, 116, 863, 0, 84, 71, 3, 2, 0, 140)
8 (1, 4, 0, 360, 624, 0, 0, 108, 3, 2, 0, 162)
9 (1, 4, 232, 0, 0, 0, 0, 53, 9, 10, 0, 113)
10 (1, 4, 0, 48, 0, 0, 0, 0, 2, 1, 0, 114)
11 (1, 4, 9, 312, 0, 0, 4, 83, 2, 1, 0, 73)
12 (1, 4, 59, 94, 0, 0, 53, 89, 2, 1, 0, 195)
13 (1, 4, 0, 145, 0, 0, 50, 134, 2, 1, 0, 56)
14 (1, 4, 0, 54, 106, 0, 0, 133, 1, 1, 0, 213)
15 (1, 4, 0, 0, 164, 0, 0, 105, 2, 1, 0, 81)
16 (1, 4, 0, 58, 53, 0, 0, 87, 2, 1, 0, 98)
17 (1, 4, 41, 94, 0, 0, 0, 99, 6, 4, 0, 67)
18 (1, 4, 34, 35, 53, 0, 0, 96, 3, 2, 0, 96)
19 (1, 4, 113, 0, 120, 0, 0, 89, 3, 2, 0, 203)
20 (1, 4, 85, 0, 77, 7, 0, 88, 3, 2, 0, 253)
21 (1, 4, 0, 0, 0, 13, 0, 82, 1, 1, 0, 195)
22 (1, 4, 25, 0, 0, 12, 0, 82, 3, 2, 0, 59)
23 (1, 4, 113, 7, 17, 0, 0, 110, 3, 3, 0, 238)
24 (1, 4, 18, 0, 0, 0, 0, 121, 2, 1, 0, 47)
25 (1, 4, 0, 0, 0, 0, 0, 92, 2, 2, 0, 101)
26 (1, 4, 38, 0, 0, 0, 0, 63, 1, 1, 0, 31)
27 (1, 4, 116, 0, 0, 8, 0, 54, 1, 0, 0, 204)
28 (1, 4, 154, 0, 0, 8, 0, 74, 1, 0, 0, 107)
29 (1, 4, 126, 83, 0, 1, 0, 77, 1, 0, 0, 198)
30 (1, 4, 139, 63, 0, 0, 20, 79, 1, 0, 0, 163)
31 (1, 4, 241, 4, 0, 0, 142, 139, 1, 1, 0, 250)
0 (1, 4, 188, 345, 0, 0, 0, 14, 2, 1, 0, 140)
1 (1, 4, 323, 160, 0, 0, 59, 73, 2, 1, 0, 57)
2 (1, 4, 0, 0, 0, 0, 305, 154, 1, 1, 0, 159)
3 (1, 4, 184, 0, 502, 0, 295, 150, 2, 1, 0, 215)
4 (1, 4, 334, 0, 873, 0, 5, 118, 2, 1, 0, 165)
5 (1, 4, 0, 0, 446, 0, 0, 106, 2, 1, 0, 134)
6 (1, 4, 0, 0, 0, 65, 0, 0, 3, 2, 0, 196)
7 (1, 4, 0, 119, 0, 83, 0, 0, 4, 3, 0, 109)
8 (1, 4, 21, 467, 0, 38, 0, 8, 2, 1, 0, 152)
9 (1, 4, 305, 330, 19, 40, 17, 57, 3, 2, 0, 243)
10 (1, 4, 34, 212, 130, 52, 46, 59, 2, 1, 0, 172)
11 (1, 4, 0, 268, 234, 29, 0, 129, 1, 1, 0, 165)
12 (1, 4, 0, 47, 121, 44, 0, 136, 1, 1, 0, 91)
13 (1, 4, 0, 26, 0, 47, 0, 107, 1, 1, 0, 236)
14 (1, 4, 0, 41, 0, 34, 0, 104, 1, 1, 0, 106)
15 (1, 4, 86, 14, 0, 37, 0, 95, 1, 1, 0, 219)
16 (1, 4, 101, 2, 11, 24, 0, 97, 2, 1, 0, 247)
17 (1, 4, 82, 0, 37, 23, 0, 82, 2, 1, 0, 21)
18 (1, 4, 69, 0, 72, 22, 0, 71, 2, 1, 0, 202)
19 (1, 4, 48, 0, 104, 29, 0, 64, 2, 1, 0, 102)
20 (1, 4, 60, 0, 166, 29, 0, 67, 2, 1, 0, 143)
21 (1, 4, 16, 0, 224, 29, 0, 72, 2, 1, 0, 6)
22 (1, 4, 24, 0, 225, 27, 0, 82, 2, 1, 0, 32)
23 (1, 4, 35, 0, 219, 27, 0, 80, 2, 1, 0, 206)
24 (1, 4, 51, 0, 214, 29, 0, 77, 2, 2, 0, 52)
25 (1, 4, 68, 0, 233, 31, 0, 74, 2, 1, 0, 248)
26 (1, 4, 52, 0, 256, 36, 0, 73, 2, 1, 0, 118)
27 (1, 4, 89, 0, 267, 23, 0, 83, 2, 2, 0, 123)
28 (1, 4, 78, 0, 239, 22, 0, 77, 2, 2, 0, 172)
29 (1, 4, 0, 0, 187, 26, 0, 68, 2, 1, 0, 167)
30 (1, 4, 0, 0, 159, 32, 0, 64, 2, 1, 0, 170)
31 (1, 4, 15, 0, 151, 37, 0, 65, 2, 1, 0, 240)
0 (1, 4, 40, 90, 0, 15, 0, 70, 2, 1, 0, 118)
1 (1, 4, 353, 0, 0, 0, 47, 164, 2, 1, 0, 105)
2 (1, 4, 517, 0, 347, 0, 195, 168, 4, 4, 0, 210)
3 (1, 4, 395, 0, 741, 0, 111, 118, 5, 4, 0, 140)
4 (1, 4, 157, 0, 823, 0, 36, 42, 3, 2, 0, 34)
5 (1, 4, 0, 0, 644, 0, 0, 80, 1, 1, 0, 244)
6 (1, 4, 0, 0, 0, 0, 0, 0, 2, 1, 0, 209)
7 (1, 4, 359, 509, 0, 0, 0, 0, 2, 1, 0, 175)
8 (1, 4, 491, 23, 0, 0, 92, 151, 3, 2, 0, 161)
9 (1, 4, 186, 0, 0, 0, 639, 7, 19, 0, 0, 186)
10 (1, 4, 235, 329, 873, 0, 239, 64, 2, 2, 0, 48)
11 (1, 4, 214, 67, 873, 0, 0, 145, 4, 2, 0, 104)
12 (1, 4, 0, 9, 40, 0, 0, 111, 1, 1, 0, 46)
13 (1, 4, 0, 19, 0, 14, 0, 1, 4, 4, 0, 134)
14 (1, 4, 11, 299, 0, 10, 0, 35, 2, 1, 0, 254)
15 (1, 4, 28, 271, 0, 0, 10, 65, 4, 2, 0, 114)
16 (1, 4, 0, 214, 77, 9, 8, 78, 2, 1, 0, 77)
17 (1, 4, 0, 213, 175, 0, 0, 127, 1, 0, 0, 8)
18 (1, 4, 0, 39, 233, 0, 0, 119, 0, 0, 0, 70)
19 (1, 4, 0, 0, 199, 7, 0, 105, 1, 0, 0, 127)
20 (1, 4, 0, 0, 61, 25, 0, 96, 1, 0, 0, 31)
21 (1, 4, 0, 36, 0, 19, 0, 92, 0, 0, 0, 185)
22 (1, 4, 70, 26, 0, 11, 0, 86, 1, 0, 0, 141)
23 (1, 4, 119, 12, 0, 3, 0, 85, 1, 0, 0, 236)
24 (1, 4, 90, 0, 0, 4, 0, 71, 0, 0, 0, 81)
25 (1, 4, 83, 0, 0, 0, 0, 77, 1, 0, 0, 98)
26 (1, 4, 10, 0, 0, 1, 0, 66, 1, 0, 0, 147)
27 (1, 4, 0, 0, 0, 4, 0, 64, 0, 0, 0, 71)
28 (1, 4, 0, 0, 0, 8, 0, 64, 0, 0, 0, 195)
29 (1, 4, 0, 56, 0, 7, 0, 73, 1, 0, 0, 33)
0 (1, 4, 74, 0, 0, 0, 0, 53, 1, 1, 0, 74)
1 (1, 4, 39, 0, 0, 0, 0, 32, 1, 1, 0, 59)
2 (1, 4, 94, 75, 0, 0, 27, 55, 1, 1, 0, 12)
3 (1, 4, 871, 0, 0, 0, 302, 155, 1, 1, 0, 14)
4 (1, 4, 341, 294, 873, 0, 257, 40, 2, 1, 0, 247)
5 (1, 4, 57, 529, 873, 0, 0, 232, 2, 2, 0, 98)
6 (1, 4, 0, 0, 0, 0, 0, 0, 10, 10, 0, 36)
7 (1, 4, 0, 332, 0, 0, 0, 0, 2, 1, 0, 222)
8 (1, 4, 435, 125, 0, 0, 221, 211, 4, 3, 0, 24)
9 (1, 4, 158, 0, 307, 34, 502, 82, 3, 2, 0, 148)
10 (1, 4, 0, 87, 873, 0, 88, 15, 8, 4, 0, 65)
11 (1, 4, 115, 457, 575, 0, 0, 100, 8, 5, 0, 137)
12 (1, 4, 444, 0, 0, 3, 0, 62, 5, 3, 0, 35)
13 (1, 4, 0, 30, 0, 28, 0, 56, 2, 1, 0, 95)
14 (1, 4, 0, 121, 0, 18, 38, 56, 2, 2, 0, 7)
15 (1, 4, 0, 205, 0, 17, 41, 76, 1, 1, 0, 174)
16 (1, 4, 0, 163, 0, 1, 33, 102, 1, 1, 0, 47)
17 (1, 4, 0, 204, 97, 0, 0, 118, 1, 1, 0, 246)
18 (1, 4, 0, 128, 178, 0, 0, 129, 2, 1, 0, 218)
19 (1, 4, 0, 74, 108, 0, 0, 109, 1, 1, 0, 105)
20 (1, 4, 0, 3, 148, 0, 0, 84, 1, 1, 0, 156)
21 (1, 4, 0, 41, 247, 0, 0, 70, 3, 2, 0, 45)
22 (1, 4, 114, 86, 252, 0, 0, 91, 2, 1, 0, 69)
23 (1, 4, 128, 88, 187, 0, 0, 110, 5, 4, 0, 201)
24 (1, 4, 0, 57, 104, 0, 0, 105, 20, 15, 0, 73)
25 (1, 4, 0, 0, 41, 0, 0, 82, 3, 2, 0, 247)
26 (1, 4, 0, 0, 16, 0, 0, 60, 11, 20, 0, 90)
27 (1, 4, 0, 0, 56, 0, 0, 56, 8, 6, 0, 191)
28 (1, 4, 0, 0, 65, 0, 0, 63, 4, 2, 0, 195)
29 (1, 4, 0, 55, 45, 0, 0, 74, 3, 2, 0, 49)
30 (1, 4, 0, 32, 0, 0, 0, 86, 3, 2, 0, 150)
31 (1, 4, 0, 32, 0, 0, 0, 87, 3, 2, 0, 73)
0 (1, 4, 80, 0, 0, 0, 0, 80, 2, 1, 0, 46)
1 (1, 4, 117, 0, 0, 0, 0, 88, 2, 1, 0, 53)
2 (1, 4, 39, 0, 0, 0, 0, 99, 2, 1, 0, 190)
3 (1, 4, 36, 0, 0, 0, 0, 91, 2, 1, 0, 52)
4 (1, 4, 136, 0, 0, 0, 0, 90, 1, 1, 0, 215)
5 (1, 4, 193, 0, 0, 0, 0, 76, 1, 1, 0, 63)
6 (1, 4, 160, 0, 0, 0, 13, 79, 1, 0, 0, 41)
7 (1, 4, 75, 0, 0, 15, 26, 51, 1, 1, 0, 155)
8 (1, 4, 37, 32, 9, 3, 15, 74, 1, 1, 0, 242)
9 (1, 4, 419, 0, 67, 0, 85, 132, 1, 1, 0, 15)
10 (1, 4, 415, 66, 538, 0, 202, 79, 3, 2, 0, 186)
11 (1, 4, 0, 117, 873, 0, 67, 96, 4, 3, 0, 188)
12 (1, 4, 0, 0, 615, 0, 0, 145, 6, 5, 0, 41)
13 (1, 4, 0, 0, 0, 25, 0, 40, 3, 2, 0, 85)
14 (1, 4, 0, 132, 0, 50, 0, 0, 2, 1, 0, 42)
15 (1, 4, 24, 302, 0, 0, 0, 59, 4, 3, 0, 1)
16 (1, 4, 148, 0, 0, 0, 231, 152, 4, 3, 0, 121)
17 (1, 4, 86, 0, 384, 0, 424, 70, 3, 2, 0, 141)
18 (1, 4, 99, 102, 873, 0, 101, 65, 3, 2, 0, 121)
19 (1, 4, 0, 8, 536, 0, 0, 140, 3, 2, 0, 209)
20 (1, 4, 18, 0, 0, 14, 0, 49, 3, 2, 0, 229)
21 (1, 4, 0, 0, 0, 25, 30, 36, 4, 3, 0, 221)
22 (1, 4, 0, 82, 0, 19, 69, 32, 4, 3, 0, 52)
23 (1, 4, 0, 174, 4, 27, 55, 35, 1, 1, 0, 231)
24 (1, 4, 0, 213, 47, 28, 45, 36, 7, 5, 0, 77)
25 (1, 4, 0, 375, 212, 0, 6, 43, 2, 1, 0, 1)
26 (1, 4, 63, 551, 357, 0, 0, 131, 3, 2, 0, 0)
27 (1, 4, 81, 425, 369, 0, 0, 117, 16, 6, 0, 88)
28 (1, 4, 0, 471, 227, 0, 0, 125, 7, 14, 0, 71)
29 (1, 4, 0, 190, 170, 0, 0, 131, 5, 3, 0, 248)
30 (1, 4, 0, 17, 167, 0, 0, 117, 20, 17, 0, 169)
0 (1, 4, 231, 175, 78, 0, 0, 50, 6, 5, 0, 11)
1 (1, 4, 111, 139, 66, 0, 0, 71, 0, 10, 0, 5)
2 (1, 4, 33, 0, 0, 0, 0, 89, 9, 7, 0, 121)
3 (1, 4, 0, 0, 0, 0, 0, 83, 4, 3, 0, 188)
4 (1, 4, 0, 0, 0, 0, 0, 79, 3, 3, 0, 217)
5 (1, 4, 31, 0, 0, 0, 0, 100, 1, 1, 0, 92)
6 (1, 4, 77, 0, 0, 0, 0, 100, 1, 1, 0, 41)
7 (1, 4, 81, 0, 0, 0, 0, 85, 1, 1, 0, 44)
8 (1, 4, 22, 0, 0, 0, 0, 64, 2, 2, 0, 237)
9 (1, 4, 214, 0, 0, 0, 74, 112, 1, 1, 0, 49)
10 (1, 4, 317, 0, 403, 0, 195, 124, 1, 0, 0, 26)
11 (1, 4, 243, 0, 873, 0, 103, 68, 1, 1, 0, 91)
12 (1, 4, 307, 0, 873, 0, 0, 82, 1, 1, 0, 165)
13 (1, 4, 0, 187, 0, 0, 0, 150, 2, 1, 0, 141)
14 (1, 4, 0, 0, 0, 0, 0, 24, 1, 0, 0, 37)
15 (1, 4, 57, 60, 0, 0, 23, 92, 1, 0, 0, 107)
16 (1, 4, 169, 0, 290, 45, 446, 101, 2, 1, 0, 178)
17 (1, 4, 0, 0, 873, 0, 125, 49, 1, 1, 0, 217)
18 (1, 4, 500, 360, 873, 0, 0, 118, 1, 1, 0, 208)
19 (1, 4, 653, 459, 388, 0, 0, 130, 5, 20, 0, 0)
20 (1, 4, 0, 0, 0, 0, 0, 87, 1, 1, 0, 242)
21 (1, 4, 0, 177, 0, 0, 0, 44, 1, 0, 0, 53)
22 (1, 4, 0, 294, 0, 0, 0, 79, 2, 1, 0, 253)
23 (1, 4, 64, 216, 0, 0, 2, 89, 2, 1, 0, 89)
24 (1, 4, 0, 249, 63, 0, 10, 80, 1, 1, 0, 45)
25 (1, 4, 0, 357, 221, 0, 0, 95, 3, 2, 0, 169)
26 (1, 4, 0, 308, 235, 0, 0, 96, 5, 4, 0, 179)
27 (1, 4, 0, 266, 197, 0, 0, 89, 1, 1, 0, 47)
28 (1, 4, 0, 162, 52, 0, 0, 93, 0, 18, 0, 173)
29 (1, 4, 0, 68, 0, 0, 0, 70, 6, 5, 0, 37)
30 (1, 4, 0, 52, 0, 0, 0, 53, 20, 20, 0, 107)
31 (1, 4, 0, 80, 0, 0, 0, 20, 18, 14, 0, 224)
0 (1, 4, 87, 32, 20, 0, 0, 37, 2, 1, 0, 122)
1 (1, 4, 1, 2, 0, 0, 0, 43, 3, 2, 0, 64)
2 (1, 4, 0, 0, 0, 0, 0, 28, 3, 2, 0, 66)
3 (1, 4, 60, 0, 0, 0, 0, 17, 1, 1, 0, 20)
4 (1, 4, 0, 0, 0, 0, 0, 11, 1, 0, 0, 144)
5 (1, 4, 18, 0, 0, 0, 0, 12, 1, 0, 0, 127)
6 (1, 4, 68, 0, 0, 0, 0, 15, 1, 0, 0, 84)
7 (1, 4, 231, 84, 0, 0, 0, 67, 1, 0, 0, 118)
8 (1, 4, 694, 0, 0, 0, 156, 171, 1, 0, 0, 58)
9 (1, 4, 218, 0, 607, 13, 183, 61, 1, 1, 0, 125)
10 (1, 4, 157, 0, 663, 0, 0, 132, 1, 0, 0, 129)
11 (1, 4, 0, 0, 50, 0, 0, 138, 1, 1, 0, 0)
12 (1, 4, 0, 0, 0, 0, 0, 21, 1, 0, 0, 101)
13 (1, 4, 0, 110, 0, 18, 0, 0, 1, 1, 0, 251)
14 (1, 4, 0, 220, 0, 32, 7, 64, 1, 0, 0, 82)
15 (1, 4, 289, 31, 0, 29, 174, 211, 1, 0, 0, 248)
16 (1, 4, 114, 0, 537, 36, 189, 77, 1, 0, 0, 52)
17 (1, 4, 0, 212, 832, 0, 0, 111, 1, 1, 0, 79)
18 (1, 4, 0, 0, 292, 0, 0, 151, 1, 0, 0, 171)
19 (1, 4, 0, 0, 0, 0, 0, 36, 1, 0, 0, 200)
20 (1, 4, 0, 59, 0, 35, 0, 0, 1, 1, 0, 119)
21 (1, 4, 0, 246, 0, 30, 0, 36, 1, 1, 0, 120)
22 (1, 4, 78, 225, 0, 32, 0, 68, 1, 0, 0, 237)
23 (1, 4, 0, 169, 0, 27, 0, 90, 1, 0, 0, 50)
24 (1, 4, 0, 115, 0, 19, 0, 104, 1, 0, 0, 60)
25 (1, 4, 0, 13, 0, 18, 0, 81, 1, 0, 0, 64)
26 (1, 4, 0, 17, 0, 14, 0, 63, 1, 0, 0, 249)
27 (1, 4, 21, 47, 0, 18, 0, 71, 1, 0, 0, 38)
28 (1, 4, 68, 19, 0, 20, 0, 74, 1, 0, 0, 137)
0 (1, 4, 0, 148, 472, 0, 0, 125, 20, 20, 0, 147)
1 (1, 4, 0, 0, 0, 6, 0, 46, 3, 3, 0, 160)
2 (1, 4, 0, 66, 0, 25, 0, 0, 1, 0, 0, 226)
3 (1, 4, 0, 273, 0, 0, 91, 123, 1, 0, 0, 67)
4 (1, 4, 0, 151, 263, 0, 358, 201, 1, 0, 0, 41)
5 (1, 4, 25, 0, 873, 0, 166, 112, 1, 0, 0, 87)
6 (1, 4, 203, 0, 873, 0, 0, 9, 20, 20, 0, 203)
7 (1, 4, 234, 165, 551, 0, 0, 240, 20, 3, 0, 249)
8 (1, 4, 0, 0, 0, 0, 0, 72, 8, 3, 0, 117)
9 (1, 4, 0, 0, 0, 61, 0, 16, 0, 0, 0, 40)
10 (1, 4, 0, 309, 0, 40, 0, 31, 0, 0, 0, 108)
11 (1, 4, 0, 358, 0, 5, 0, 73, 0, 0, 0, 126)
12 (1, 4, 0, 274, 0, 0, 0, 85, 0, 0, 0, 171)
13 (1, 4, 0, 192, 0, 0, 0, 109, 0, 0, 0, 88)
14 (1, 4, 0, 142, 0, 0, 0, 121, 1, 0, 0, 27)
15 (1, 4, 0, 92, 0, 0, 0, 133, 4, 3, 0, 231)
16 (1, 4, 0, 0, 3, 0, 0, 94, 3, 2, 0, 5)
17 (1, 4, 0, 0, 0, 0, 0, 67, 6, 4, 0, 189)
18 (1, 4, 0, 36, 0, 0, 0, 69, 3, 2, 0, 249)
19 (1, 4, 53, 33, 0, 0, 0, 79, 4, 3, 0, 150)
20 (1, 4, 20, 51, 0, 0, 0, 86, 2, 2, 0, 149)
21 (1, 4, 23, 28, 0, 0, 0, 90, 2, 2, 0, 107)
22 (1, 4, 4, 0, 0, 0, 0, 83, 20, 11, 0, 231)
23 (1, 4, 0, 0, 0, 0, 0, 75, 4, 3, 0, 133)
24 (1, 4, 0, 0, 0, 0, 0, 72, 4, 2, 0, 136)
25 (1, 4, 0, 0, 16, 0, 0, 75, 2, 1, 0, 103)
26 (1, 4, 0, 49, 26, 0, 0, 85, 2, 2, 0, 170)
27 (1, 4, 0, 50, 18, 0, 0, 99, 2, 2, 0, 112)
28 (1, 4, 26, 49, 0, 0, 0, 105, 2, 2, 0, 39)
29 (1, 4, 46, 0, 0, 0, 0, 85, 2, 2, 0, 195)
30 (1, 4, 18, 0, 0, 0, 0, 60, 1, 0, 0, 13)
31 (1, 4, 63, 9, 0, 0, 0, 63, 1, 0, 0, 236)
0 (1, 4, 0, 0, 0, 3, 0, 47, 1, 0, 0, 101)
1 (1, 4, 19, 67, 0, 4, 0, 57, 1, 0, 0, 142)
2 (1, 4, 22, 155, 0, 0, 0, 94, 1, 1, 0, 8)
3 (1, 4, 76, 92, 0, 0, 0, 117, 1, 1, 0, 160)
4 (1, 4, 165, 0, 0, 0, 32, 133, 1, 1, 0, 190)
5 (1, 4, 196, 0, 0, 0, 116, 132, 1, 0, 0, 54)
6 (1, 4, 393, 0, 417, 0, 154, 137, 1, 0, 0, 142)
7 (1, 4, 413, 0, 781, 0, 122, 108, 1, 0, 0, 230)
8 (1, 4, 0, 0, 873, 0, 0, 60, 1, 1, 0, 80)
9 (1, 4, 0, 23, 278, 0, 0, 125, 1, 1, 0, 48)
10 (1, 4, 0, 0, 0, 22, 0, 0, 1, 0, 0, 169)
11 (1, 4, 24, 221, 0, 27, 0, 11, 1, 0, 0, 17)
12 (1, 4, 409, 13, 0, 0, 140, 127, 1, 0, 0, 145)
13 (1, 4, 179, 0, 225, 42, 446, 60, 1, 1, 0, 138)
14 (1, 4, 58, 128, 873, 0, 157, 63, 1, 0, 0, 253)
15 (1, 4, 80, 65, 679, 0, 0, 118, 0, 0, 0, 138)
16 (1, 4, 22, 0, 0, 0, 0, 83, 1, 0, 0, 40)
17 (1, 4, 0, 0, 0, 33, 0, 0, 1, 0, 0, 234)
18 (1, 4, 0, 261, 0, 27, 0, 15, 1, 0, 0, 65)
19 (1, 4, 72, 325, 0, 22, 0, 77, 1, 0, 0, 92)
20 (1, 4, 72, 277, 35, 27, 23, 95, 0, 0, 0, 133)
21 (1, 4, 0, 225, 121, 11, 0, 113, 0, 0, 0, 232)
22 (1, 4, 0, 140, 185, 0, 0, 118, 0, 0, 0, 181)
23 (1, 4, 0, 105, 216, 10, 0, 122, 1, 1, 0, 91)
24 (1, 4, 0, 33, 81, 25, 0, 122, 3, 3, 0, 118)
25 (1, 4, 142, 19, 0, 4, 0, 96, 4, 2, 0, 71)
26 (1, 4, 144, 36, 0, 0, 0, 89, 2, 1, 0, 159)
27 (1, 4, 165, 34, 0, 0, 0, 90, 2, 2, 0, 226)
0 (1, 4, 37, 155, 0, 0, 0, 83, 1, 0, 0, 22)
1 (1, 4, 82, 153, 0, 0, 0, 105, 1, 0, 0, 222)
2 (1, 4, 75, 81, 0, 0, 0, 118, 1, 0, 0, 91)
3 (1, 4, 144, 5, 0, 0, 6, 122, 1, 0, 0, 243)
4 (1, 4, 134, 0, 0, 0, 43, 111, 1, 1, 0, 28)
5 (1, 4, 101, 0, 127, 0, 46, 99, 1, 0, 0, 24)
6 (1, 4, 90, 0, 196, 0, 61, 87, 1, 0, 0, 27)
7 (1, 4, 298, 0, 470, 0, 102, 124, 1, 0, 0, 66)
8 (1, 4, 0, 0, 739, 0, 86, 85, 2, 1, 0, 150)
9 (1, 4, 0, 0, 788, 0, 0, 142, 1, 0, 0, 118)
10 (1, 4, 0, 0, 231, 0, 0, 0, 1, 0, 0, 13)
11 (1, 4, 0, 25, 0, 67, 0, 0, 1, 0, 0, 143)
12 (1, 4, 235, 318, 0, 37, 0, 3, 1, 0, 0, 139)
13 (1, 4, 142, 291, 0, 0, 0, 113, 0, 0, 0, 40)
14 (1, 4, 152, 0, 0, 0, 188, 178, 1, 0, 0, 70)
15 (1, 4, 54, 0, 258, 14, 212, 93, 1, 0, 0, 73)
16 (1, 4, 0, 0, 666, 0, 28, 34, 1, 0, 0, 4)
17 (1, 4, 40, 18, 622, 0, 0, 122, 1, 0, 0, 177)
18 (1, 4, 0, 0, 248, 0, 0, 72, 1, 0, 0, 132)
19 (1, 4, 0, 8, 0, 31, 0, 27, 2, 1, 0, 111)
20 (1, 4, 24, 182, 0, 18, 0, 39, 3, 2, 0, 240)
21 (1, 4, 136, 269, 0, 3, 0, 50, 2, 1, 0, 103)
22 (1, 4, 13, 323, 0, 0, 0, 64, 2, 1, 0, 108)
23 (1, 4, 0, 335, 0, 0, 0, 87, 1, 1, 0, 37)
24 (1, 4, 0, 237, 0, 0, 6, 111, 1, 1, 0, 231)
25 (1, 4, 0, 225, 97, 0, 0, 137, 1, 0, 0, 199)
26 (1, 4, 0, 88, 70, 0, 0, 117, 2, 2, 0, 42)
27 (1, 4, 0, 35, 0, 0, 0, 110, 2, 2, 0, 180)
28 (1, 4, 0, 35, 0, 0, 0, 101, 2, 2, 0, 56)
29 (1, 4, 76, 36, 0, 0, 0, 91, 3, 2, 0, 205)
30 (1, 4, 95, 40, 0, 0, 0, 94, 6, 4, 0, 108)
31 (1, 4, 99, 33, 0, 0, 0, 90, 2, 1, 0, 63)
0 (1, 4, 123, 0, 0, 0, 0, 90, 2, 1, 0, 216)
1 (1, 4, 58, 0, 0, 0, 0, 92, 1, 1, 0, 53)
2 (1, 4, 21, 0, 79, 0, 21, 101, 1, 1, 0, 82)
3 (1, 4, 85, 0, 249, 0, 70, 114, 1, 0, 0, 101)
4 (1, 4, 71, 0, 525, 0, 84, 86, 1, 0, 0, 85)
5 (1, 4, 0, 0, 763, 0, 19, 38, 1, 0, 0, 73)
6 (1, 4, 0, 0, 339, 0, 0, 96, 1, 1, 0, 241)
7 (1, 4, 0, 0, 0, 26, 0, 49, 1, 1, 0, 235)
8 (1, 4, 0, 174, 0, 9, 0, 35, 1, 0, 0, 251)
9 (1, 4, 123, 264, 0, 0, 0, 71, 1, 1, 0, 187)
10 (1, 4, 71, 35, 0, 0, 122, 98, 1, 1, 0, 50)
11 (1, 4, 45, 0, 0, 0, 315, 173, 1, 0, 0, 39)
12 (1, 4, 47, 0, 824, 0, 214, 100, 1, 0, 0, 112)
13 (1, 4, 272, 52, 873, 0, 0, 106, 1, 0, 0, 250)
14 (1, 4, 0, 0, 462, 0, 0, 191, 1, 1, 0, 236)
15 (1, 4, 0, 0, 0, 8, 0, 51, 1, 1, 0, 155)
16 (1, 4, 0, 99, 0, 33, 0, 31, 1, 0, 0, 89)
17 (1, 4, 63, 175, 0, 17, 0, 45, 1, 0, 0, 26)
18 (1, 4, 57, 198, 0, 20, 0, 53, 1, 0, 0, 35)
19 (1, 4, 0, 256, 0, 4, 0, 91, 1, 1, 0, 244)
20 (1, 4, 0, 210, 0, 0, 0, 93, 1, 1, 0, 47)
21 (1, 4, 0, 176, 0, 0, 0, 105, 1, 1, 0, 4)
22 (1, 4, 0, 112, 0, 0, 0, 103, 1, 1, 0, 160)
23 (1, 4, 0, 96, 0, 0, 0, 94, 1, 1, 0, 134)
24 (1, 4, 0, 80, 0, 0, 0, 87, 1, 1, 0, 16)
25 (1, 4, 33, 80, 0, 0, 0, 95, 2, 1, 0, 149)
26 (1, 4, 39, 42, 0, 0, 0, 88, 1, 1, 0, 250)
27 (1, 4, 6, 9, 30, 0, 0, 88, 1, 1, 0, 155)
28 (1, 4, 0, 0, 50, 0, 0, 80, 1, 1, 0, 79)
29 (1, 4, 0, 0, 47, 0, 0, 81, 1, 1, 0, 153)
30 (1, 4, 7, 0, 68, 3, 0, 86, 1, 1, 0, 131)
31 (1, 4, 38, 0, 51, 0, 0, 93, 1, 1, 0, 120)
0 (1, 4, 70, 0, 79, 0, 0, 57, 1, 1, 0, 63)
1 (1, 4, 85, 0, 65, 0, 0, 72, 1, 1, 0, 232)
2 (1, 4, 6, 0, 35, 0, 0, 85, 1, 1, 0, 42)
3 (1, 4, 0, 18, 1, 0, 0, 90, 1, 1, 0, 42)
4 (1, 4, 0, 42, 0, 0, 0, 92, 2, 1, 0, 196)
5 (1, 4, 60, 22, 0, 0, 0, 103, 1, 1, 0, 57)
6 (1, 4, 98, 27, 0, 2, 0, 83, 1, 1, 0, 225)
7 (1, 4, 16, 38, 0, 5, 0, 89, 1, 1, 0, 34)
8 (1, 4, 54, 0, 0, 0, 51, 132, 1, 1, 0, 136)
9 (1, 4, 204, 0, 164, 0, 135, 175, 1, 1, 0, 124)
10 (1, 4, 308, 0, 639, 0, 115, 101, 1, 1, 0, 164)
11 (1, 4, 176, 0, 852, 0, 0, 92, 1, 1, 0, 113)
12 (1, 4, 0, 0, 528, 0, 0, 117, 2, 1, 0, 137)
13 (1, 4, 0, 0, 0, 67, 0, 10, 1, 1, 0, 208)
14 (1, 4, 0, 232, 0, 43, 0, 13, 1, 0, 0, 159)
15 (1, 4, 105, 382, 0, 0, 0, 105, 1, 0, 0, 60)
16 (1, 4, 239, 0, 143, 0, 333, 134, 2, 1, 0, 108)
17 (1, 4, 0, 0, 746, 0, 114, 46, 2, 1, 0, 235)
18 (1, 4, 287, 0, 803, 0, 0, 119, 1, 0, 0, 34)
19 (1, 4, 375, 0, 559, 0, 0, 81, 3, 2, 0, 220)
20 (1, 4, 0, 80, 0, 0, 0, 88, 1, 1, 0, 233)
21 (1, 4, 0, 21, 0, 0, 0, 30, 1, 1, 0, 140)
22 (1, 4, 0, 273, 0, 0, 0, 41, 1, 1, 0, 210)
23 (1, 4, 47, 319, 0, 0, 0, 81, 2, 1, 0, 242)
24 (1, 4, 0, 247, 0, 0, 0, 87, 3, 2, 0, 168)
25 (1, 4, 0, 246, 0, 1, 0, 110, 2, 1, 0, 154)
26 (1, 4, 0, 183, 0, 0, 0, 146, 2, 1, 0, 145)
27 (1, 4, 0, 32, 36, 0, 2, 145, 2, 1, 0, 199)
28 (1, 4, 0, 0, 183, 0, 0, 126, 1, 1, 0, 243)
29 (1, 4, 0, 0, 198, 0, 0, 100, 1, 1, 0, 157)
30 (1, 4, 18, 0, 148, 0, 0, 96, 1, 1, 0, 191)
31 (1, 4, 69, 15, 108, 0, 0, 107, 1, 0, 0, 157)
0 (1, 4, 279, 0, 485, 0, 99, 121, 1, 0, 0, 41)
1 (1, 4, 69, 0, 667, 0, 0, 81, 1, 0, 0, 217)
2 (1, 4, 0, 0, 326, 0, 0, 94, 1, 1, 0, 16)
3 (1, 4, 0, 0, 0, 60, 0, 0, 1, 0, 0, 134)
4 (1, 4, 0, 78, 0, 49, 0, 0, 1, 1, 0, 241)
5 (1, 4, 12, 328, 0, 9, 0, 10, 1, 1, 0, 94)
6 (1, 4, 63, 244, 0, 0, 96, 83, 1, 1, 0, 22)
7 (1, 4, 98, 65, 0, 0, 291, 131, 1, 0, 0, 1)
8 (1, 4, 183, 82, 634, 0, 211, 128, 1, 0, 0, 114)
9 (1, 4, 130, 0, 801, 0, 12, 84, 1, 0, 0, 89)
10 (1, 4, 0, 0, 407, 4, 0, 110, 1, 0, 0, 148)
11 (1, 4, 0, 0, 79, 80, 0, 48, 1, 0, 0, 238)
12 (1, 4, 0, 0, 0, 79, 0, 0, 1, 0, 0, 108)
13 (1, 4, 30, 243, 0, 34, 0, 14, 1, 0, 0, 160)
14 (1, 4, 138, 339, 0, 9, 0, 30, 1, 0, 0, 168)
15 (1, 4, 112, 377, 0, 1, 8, 43, 1, 0, 0, 130)
16 (1, 4, 0, 292, 82, 0, 29, 83, 1, 0, 0, 100)
17 (1, 4, 0, 264, 160, 0, 0, 142, 1, 1, 0, 130)
18 (1, 4, 0, 168, 267, 0, 0, 110, 2, 1, 0, 57)
19 (1, 4, 0, 126, 278, 0, 0, 108, 1, 1, 0, 123)
20 (1, 4, 0, 142, 226, 0, 0, 105, 1, 0, 0, 19)
21 (1, 4, 0, 55, 88, 0, 0, 118, 1, 1, 0, 21)
22 (1, 4, 0, 37, 0, 0, 0, 114, 7, 5, 0, 180)
23 (1, 4, 61, 0, 0, 0, 0, 98, 1, 1, 0, 75)
24 (1, 4, 114, 0, 0, 0, 0, 95, 1, 0, 0, 193)
25 (1, 4, 117, 0, 0, 0, 0, 95, 1, 1, 0, 128)
26 (1, 4, 96, 0, 0, 0, 0, 98, 1, 1, 0, 100)
27 (1, 4, 98, 0, 0, 0, 0, 92, 1, 0, 0, 71)
28 (1, 4, 82, 0, 0, 0, 0, 70, 0, 0, 0, 130)
29 (1, 4, 71, 0, 0, 0, 0, 48, 1, 0, 0, 205)
30 (1, 4, 75, 47, 0, 0, 0, 48, 1, 1, 0, 157)
31 (1, 4, 113, 131, 0, 0, 0, 65, 1, 0, 0, 255)
0 (1, 4, 71, 0, 0, 0, 60, 112, 1, 1, 0, 73)
1 (1, 4, 81, 0, 117, 0, 105, 136, 1, 0, 0, 4)
2 (1, 4, 171, 0, 529, 0, 122, 123, 1, 0, 0, 231)
3 (1, 4, 6, 0, 796, 0, 51, 73, 1, 0, 0, 49)
4 (1, 4, 55, 1, 617, 0, 0, 126, 1, 0, 0, 34)
5 (1, 4, 5, 0, 0, 8, 0, 101, 1, 0, 0, 156)
6 (1, 4, 0, 0, 0, 19, 0, 60, 1, 0, 0, 39)
7 (1, 4, 0, 0, 0, 0, 0, 79, 1, 0, 0, 160)
8 (1, 4, 30, 0, 0, 0, 148, 172, 1, 0, 0, 78)
9 (1, 4, 186, 0, 199, 0, 291, 87, 1, 0, 0, 189)
10 (1, 4, 3, 0, 802, 0, 104, 49, 1, 0, 0, 67)
11 (1, 4, 247, 0, 697, 0, 0, 88, 1, 0, 0, 19)
12 (1, 4, 22, 42, 75, 0, 0, 115, 0, 0, 0, 11)
13 (1, 4, 0, 0, 0, 25, 0, 28, 1, 0, 0, 64)
14 (1, 4, 0, 228, 0, 12, 0, 55, 1, 0, 0, 99)
15 (1, 4, 38, 210, 0, 17, 0, 62, 0, 0, 0, 175)
16 (1, 4, 0, 235, 0, 14, 15, 110, 0, 0, 0, 132)
17 (1, 4, 0, 114, 21, 7, 0, 126, 1, 0, 0, 168)
18 (1, 4, 0, 45, 75, 5, 0, 139, 1, 0, 0, 155)
19 (1, 4, 0, 0, 59, 15, 0, 114, 1, 0, 0, 177)
20 (1, 4, 0, 0, 3, 22, 0, 102, 1, 0, 0, 58)
21 (1, 4, 0, 0, 0, 23, 0, 93, 1, 0, 0, 96)
22 (1, 4, 54, 17, 0, 23, 0, 91, 1, 0, 0, 123)
23 (1, 4, 48, 31, 0, 21, 0, 97, 1, 0, 0, 68)
24 (1, 4, 76, 16, 0, 16, 0, 95, 1, 0, 0, 36)
25 (1, 4, 77, 0, 0, 8, 0, 90, 1, 0, 0, 238)
26 (1, 4, 32, 0, 0, 8, 0, 71, 1, 0, 0, 117)
27 (1, 4, 24, 0, 0, 13, 0, 63, 1, 0, 0, 156)
28 (1, 4, 21, 0, 0, 17, 0, 66, 1, 0, 0, 222)
29 (1, 4, 23, 14, 2, 13, 0, 71, 1, 0, 0, 48)
30 (1, 4, 0, 33, 0, 8, 0, 77, 1, 0, 0, 150)
31 (1, 4, 0, 39, 0, 8, 0, 67, 1, 0, 0, 7)
0 (1, 4, 0, 0, 140, 14, 0, 96, 1, 0, 0, 81)
1 (1, 4, 0, 0, 178, 22, 0, 78, 1, 0, 0, 149)
2 (1, 4, 30, 0, 159, 29, 0, 72, 1, 0, 0, 188)
3 (1, 4, 69, 0, 99, 30, 0, 88, 1, 0, 0, 44)
4 (1, 4, 127, 0, 23, 21, 0, 109, 1, 0, 0, 66)
5 (1, 4, 31, 0, 0, 22, 0, 96, 1, 0, 0, 247)
6 (1, 4, 56, 0, 0, 9, 0, 80, 0, 0, 0, 88)
7 (1, 4, 0, 0, 0, 7, 0, 52, 1, 0, 0, 70)
8 (1, 4, 41, 0, 0, 9, 0, 65, 1, 0, 0, 216)
9 (1, 4, 159, 4, 0, 12, 25, 104, 1, 0, 0, 222)
10 (1, 4, 505, 0, 61, 0, 177, 144, 1, 0, 0, 176)
11 (1, 4, 23, 39, 749, 0, 105, 61, 1, 1, 0, 216)
12 (1, 4, 0, 0, 744, 0, 0, 74, 1, 1, 0, 147)
13 (1, 4, 0, 0, 35, 13, 0, 74, 1, 0, 0, 212)
14 (1, 4, 0, 0, 0, 29, 0, 20, 1, 0, 0, 214)
15 (1, 4, 0, 265, 0, 0, 0, 64, 1, 0, 0, 186)
16 (1, 4, 271, 0, 0, 0, 223, 182, 1, 0, 0, 114)
17 (1, 4, 72, 0, 376, 0, 319, 103, 1, 0, 0, 187)
18 (1, 4, 235, 0, 873, 0, 40, 95, 1, 0, 0, 76)
19 (1, 4, 77, 0, 728, 0, 0, 87, 1, 0, 0, 37)
20 (1, 4, 0, 0, 338, 30, 0, 64, 1, 0, 0, 226)
21 (1, 4, 0, 0, 0, 88, 0, 0, 1, 0, 0, 198)
22 (1, 4, 0, 332, 0, 50, 0, 5, 1, 0, 0, 153)
23 (1, 4, 129, 405, 0, 16, 0, 57, 1, 0, 0, 93)
24 (1, 4, 125, 302, 0, 15, 0, 83, 1, 0, 0, 130)
25 (1, 4, 0, 216, 0, 2, 0, 135, 1, 0, 0, 235)
26 (1, 4, 0, 57, 6, 16, 0, 110, 1, 0, 0, 253)
27 (1, 4, 0, 6, 0, 22, 0, 99, 1, 0, 0, 156)
28 (1, 4, 0, 21, 0, 27, 0, 85, 1, 0, 0, 0)
29 (1, 4, 0, 78, 0, 25, 0, 84, 1, 0, 0, 104)
30 (1, 4, 31, 56, 0, 20, 0, 102, 1, 0, 0, 21)
31 (1, 4, 0, 0, 69, 23, 0, 91, 1, 0, 0, 157)
0 (1, 4, 495, 0, 153, 0, 134, 233, 1, 0, 0, 199)
1 (1, 4, 344, 0, 841, 0, 176, 107, 3, 2, 0, 245)
2 (1, 4, 0, 0, 873, 0, 0, 173, 2, 1, 0, 112)
3 (1, 4, 0, 0, 171, 0, 0, 0, 7, 4, 0, 244)
4 (1, 4, 145, 12, 0, 118, 0, 0, 2, 2, 0, 119)
5 (1, 4, 203, 647, 0, 0, 0, 0, 3, 2, 0, 62)
6 (1, 4, 239, 505, 0, 0, 0, 58, 3, 2, 0, 236)
7 (1, 4, 62, 219, 0, 0, 168, 148, 9, 7, 0, 60)
8 (1, 4, 174, 0, 269, 0, 320, 157, 3, 2, 0, 179)
9 (1, 4, 89, 0, 864, 0, 137, 122, 3, 2, 0, 19)
10 (1, 4, 0, 0, 870, 0, 0, 60, 1, 1, 0, 9)
11 (1, 4, 0, 0, 167, 20, 0, 0, 1, 1, 0, 22)
12 (1, 4, 274, 92, 0, 53, 0, 0, 2, 1, 0, 217)
13 (1, 4, 86, 175, 0, 22, 0, 50, 2, 1, 0, 144)
14 (1, 4, 0, 123, 0, 37, 0, 59, 1, 1, 0, 72)
15 (1, 4, 0, 172, 40, 47, 0, 74, 2, 1, 0, 99)
16 (1, 4, 0, 72, 165, 53, 0, 74, 2, 1, 0, 79)
17 (1, 4, 0, 77, 216, 53, 0, 83, 2, 1, 0, 202)
18 (1, 4, 0, 8, 221, 46, 0, 89, 3, 2, 0, 78)
19 (1, 4, 0, 0, 236, 48, 0, 81, 2, 2, 0, 45)
20 (1, 4, 23, 0, 110, 52, 0, 69, 3, 2, 0, 129)
21 (1, 4, 0, 10, 0, 34, 0, 66, 6, 4, 0, 107)
22 (1, 4, 244, 69, 0, 5, 0, 86, 2, 2, 0, 58)
23 (1, 4, 384, 48, 0, 0, 0, 99, 3, 2, 0, 56)
24 (1, 4, 197, 8, 16, 0, 0, 97, 5, 3, 0, 115)
25 (1, 4, 71, 0, 8, 0, 0, 91, 4, 3, 0, 73)
26 (1, 4, 46, 0, 75, 0, 0, 72, 4, 3, 0, 140)
27 (1, 4, 1, 0, 141, 0, 0, 71, 4, 3, 0, 147)
28 (1, 4, 0, 0, 183, 2, 0, 67, 4, 3, 0, 196)
29 (1, 4, 0, 0, 210, 7, 0, 70, 3, 2, 0, 128)
0 (1, 4, 0, 45, 0, 7, 0, 68, 3, 2, 0, 125)
1 (1, 4, 19, 79, 0, 7, 0, 84, 2, 2, 0, 18)
2 (1, 4, 17, 79, 0, 5, 0, 106, 3, 2, 0, 6)
3 (1, 4, 66, 40, 0, 6, 0, 113, 2, 1, 0, 159)
4 (1, 4, 86, 20, 0, 6, 0, 103, 2, 2, 0, 47)
5 (1, 4, 122, 46, 0, 5, 0, 90, 4, 5, 0, 147)
6 (1, 4, 279, 12, 0, 0, 0, 112, 12, 6, 0, 3)
7 (1, 4, 247, 0, 0, 0, 62, 128, 5, 4, 0, 123)
8 (1, 4, 253, 0, 175, 0, 86, 121, 2, 1, 0, 246)
9 (1, 4, 214, 0, 387, 0, 66, 139, 2, 1, 0, 112)
10 (1, 4, 131, 0, 719, 0, 49, 69, 4, 3, 0, 188)
11 (1, 4, 0, 0, 811, 0, 0, 46, 6, 4, 0, 7)
12 (1, 4, 0, 0, 264, 0, 0, 76, 4, 2, 0, 28)
13 (1, 4, 192, 65, 0, 41, 0, 34, 2, 2, 0, 208)
14 (1, 4, 206, 129, 0, 12, 0, 35, 3, 2, 0, 49)
15 (1, 4, 6, 174, 0, 0, 0, 50, 3, 2, 0, 38)
16 (1, 4, 103, 161, 0, 0, 68, 99, 2, 2, 0, 5)
17 (1, 4, 110, 0, 0, 0, 309, 146, 2, 2, 0, 151)
18 (1, 4, 83, 0, 780, 0, 268, 52, 3, 2, 0, 70)
19 (1, 4, 180, 47, 840, 0, 0, 209, 3, 2, 0, 20)
20 (1, 4, 0, 0, 220, 13, 0, 91, 3, 2, 0, 24)
21 (1, 4, 0, 0, 0, 64, 0, 0, 3, 2, 0, 219)
22 (1, 4, 0, 120, 0, 58, 0, 11, 3, 2, 0, 201)
23 (1, 4, 0, 283, 0, 44, 0, 27, 3, 2, 0, 211)
24 (1, 4, 0, 289, 0, 39, 0, 68, 1, 1, 0, 97)
25 (1, 4, 0, 225, 6, 41, 0, 80, 2, 1, 0, 205)
26 (1, 4, 0, 172, 47, 25, 0, 96, 2, 2, 0, 149)
27 (1, 4, 0, 146, 88, 25, 0, 89, 3, 2, 0, 136)
28 (1, 4, 0, 113, 86, 17, 0, 101, 3, 2, 0, 200)
0 (1, 4, 0, 74, 495, 0, 0, 161, 3, 2, 0, 87)
1 (1, 4, 0, 0, 0, 0, 0, 85, 20, 18, 0, 139)
2 (1, 4, 0, 0, 0, 0, 0, 45, 4, 3, 0, 173)
3 (1, 4, 25, 0, 0, 0, 4, 57, 4, 3, 0, 118)
4 (1, 4, 10, 0, 0, 0, 229, 132, 3, 2, 0, 36)
5 (1, 4, 0, 1, 530, 29, 324, 110, 5, 4, 0, 35)
6 (1, 4, 20, 26, 873, 0, 41, 72, 4, 2, 0, 144)
7 (1, 4, 140, 251, 616, 0, 0, 148, 6, 4, 0, 166)
8 (1, 4, 21, 0, 0, 0, 0, 100, 20, 8, 0, 213)
9 (1, 4, 0, 0, 0, 4, 0, 40, 2, 1, 0, 230)
10 (1, 4, 0, 88, 0, 3, 0, 60, 2, 1, 0, 76)
11 (1, 4, 0, 110, 0, 16, 0, 71, 1, 1, 0, 147)
12 (1, 4, 0, 124, 0, 18, 12, 94, 1, 1, 0, 101)
13 (1, 4, 0, 114, 0, 18, 0, 104, 2, 1, 0, 91)
14 (1, 4, 0, 70, 27, 19, 0, 108, 3, 2, 0, 239)
15 (1, 4, 0, 50, 39, 21, 0, 105, 0, 20, 0, 231)
16 (1, 4, 0, 28, 7, 14, 0, 103, 20, 20, 0, 106)
17 (1, 4, 0, 1, 0, 10, 0, 94, 2, 1, 0, 18)
18 (1, 4, 0, 14, 0, 12, 0, 81, 2, 1, 0, 24)
19 (1, 4, 0, 31, 0, 6, 0, 82, 2, 1, 0, 108)
20 (1, 4, 15, 22, 0, 5, 0, 83, 1, 1, 0, 104)
21 (1, 4, 1, 28, 0, 6, 0, 77, 1, 1, 0, 54)
22 (1, 4, 31, 34, 0, 6, 0, 81, 2, 1, 0, 207)
23 (1, 4, 14, 48, 0, 8, 0, 79, 1, 1, 0, 196)
24 (1, 4, 27, 35, 0, 5, 0, 82, 2, 1, 0, 5)
25 (1, 4, 13, 48, 0, 9, 0, 80, 1, 1, 0, 227)
26 (1, 4, 19, 35, 0, 6, 0, 83, 1, 1, 0, 45)
27 (1, 4, 28, 23, 0, 5, 0, 87, 1, 0, 0, 49)
28 (1, 4, 19, 19, 0, 5, 0, 87, 1, 0, 0, 177)
29 (1, 4, 16, 25, 0, 5, 0, 83, 1, 0, 0, 8)
30 (1, 4, 9, 10, 0, 2, 0, 90, 1, 0, 0, 71)
31 (1, 4, 0, 0, 13, 5, 0, 84, 1, 0, 0, 234)
0 (1, 4, 418, 0, 0, 0, 0, 0, 1, 1, 0, 187)
1 (1, 4, 382, 0, 0, 0, 0, 0, 1, 1, 0, 143)
2 (1, 4, 359, 0, 0, 0, 0, 0, 1, 1, 0, 17)
3 (1, 4, 352, 0, 0, 0, 0, 0, 1, 1, 0, 59)
4 (1, 4, 404, 34, 0, 0, 0, 22, 1, 1, 0, 8)
5 (1, 4, 744, 0, 0, 0, 91, 79, 2, 1, 0, 151)
6 (1, 4, 365, 0, 102, 0, 263, 38, 1, 1, 0, 31)
7 (1, 4, 149, 30, 658, 0, 176, 67, 1, 0, 0, 62)
8 (1, 4, 37, 114, 873, 0, 58, 31, 1, 0, 0, 251)
9 (1, 4, 0, 100, 705, 0, 0, 73, 1, 0, 0, 211)
10 (1, 4, 0, 6, 0, 0, 0, 27, 3, 2, 0, 230)
11 (1, 4, 145, 0, 0, 1, 0, 6, 1, 0, 0, 52)
12 (1, 4, 312, 64, 0, 0, 42, 122, 1, 0, 0, 144)
13 (1, 4, 103, 0, 0, 41, 320, 27, 1, 1, 0, 75)
14 (1, 4, 0, 83, 542, 34, 233, 81, 2, 1, 0, 230)
15 (1, 4, 0, 115, 671, 0, 0, 29, 1, 0, 0, 26)
16 (1, 4, 0, 76, 333, 0, 0, 0, 3, 2, 0, 52)
17 (1, 4, 28, 172, 47, 0, 0, 46, 2, 1, 0, 243)
18 (1, 4, 135, 266, 252, 0, 0, 27, 1, 1, 0, 69)
19 (1, 4, 108, 324, 206, 0, 0, 31, 1, 1, 0, 32)
20 (1, 4, 0, 332, 81, 0, 0, 23, 1, 0, 0, 195)
21 (1, 4, 0, 329, 31, 0, 0, 25, 1, 0, 0, 188)
22 (1, 4, 0, 340, 157, 0, 0, 29, 1, 0, 0, 170)
23 (1, 4, 0, 293, 278, 0, 0, 31, 1, 0, 0, 45)
24 (1, 4, 0, 170, 323, 0, 0, 3, 1, 0, 0, 122)
25 (1, 4, 0, 35, 340, 0, 0, 2, 1, 0, 0, 56)
26 (1, 4, 0, 0, 381, 0, 0, 0, 1, 0, 0, 77)
27 (1, 4, 0, 0, 276, 0, 0, 0, 1, 0, 0, 96)
28 (1, 4, 0, 42, 66, 0, 0, 0, 1, 0, 0, 212)
29 (1, 4, 0, 52, 0, 0, 0, 0, 1, 0, 0, 101)
30 (1, 4, 0, 15, 0, 0, 0, 0, 1, 0, 0, 173)
0 (1, 4, 26, 0, 0, 0, 6, 0, 0, 0, 0, 227)
1 (1, 4, 27, 16, 0, 0, 0, 0, 1, 0, 0, 255)
2 (1, 4, 312, 0, 0, 0, 0, 6, 1, 0, 0, 133)
3 (1, 4, 376, 0, 0, 0, 0, 5, 0, 0, 0, 8)
4 (1, 4, 359, 0, 0, 0, 0, 26, 1, 0, 0, 250)
5 (1, 4, 416, 0, 0, 0, 0, 12, 1, 1, 0, 56)
6 (1, 4, 527, 0, 0, 0, 0, 16, 1, 0, 0, 145)
7 (1, 4, 517, 0, 0, 0, 0, 34, 1, 0, 0, 54)
8 (1, 4, 552, 0, 0, 0, 24, 36, 1, 0, 0, 63)
9 (1, 4, 405, 0, 0, 0, 76, 35, 1, 0, 0, 34)
10 (1, 4, 456, 0, 0, 0, 154, 73, 1, 0, 0, 0)
11 (1, 4, 301, 55, 462, 0, 214, 53, 1, 0, 0, 198)
12 (1, 4, 0, 6, 768, 0, 123, 6, 1, 1, 0, 51)
13 (1, 4, 0, 0, 634, 0, 0, 0, 1, 0, 0, 79)
14 (1, 4, 0, 29, 0, 6, 0, 12, 1, 1, 0, 23)
15 (1, 4, 85, 213, 0, 33, 0, 5, 1, 0, 0, 147)
16 (1, 4, 229, 219, 0, 0, 48, 116, 1, 0, 0, 51)
17 (1, 4, 290, 0, 0, 0, 480, 35, 0, 5, 0, 144)
18 (1, 4, 0, 218, 791, 0, 287, 97, 4, 2, 0, 99)
19 (1, 4, 0, 107, 873, 0, 0, 115, 4, 2, 0, 150)
20 (1, 4, 0, 98, 442, 0, 0, 23, 5, 4, 0, 106)
21 (1, 4, 80, 76, 160, 0, 0, 36, 4, 2, 0, 127)
22 (1, 4, 0, 176, 97, 0, 0, 31, 8, 6, 0, 3)
23 (1, 4, 0, 180, 107, 0, 0, 34, 10, 7, 0, 215)
24 (1, 4, 0, 205, 144, 0, 0, 11, 3, 2, 0, 82)
25 (1, 4, 0, 205, 135, 0, 0, 0, 1, 1, 0, 61)
26 (1, 4, 0, 306, 220, 0, 0, 0, 1, 1, 0, 203)
27 (1, 4, 0, 270, 326, 0, 0, 0, 1, 1, 0, 65)
28 (1, 4, 0, 0, 360, 0, 0, 0, 4, 3, 0, 168)
0 (1, 4, 677, 0, 0, 0, 42, 42, 1, 1, 0, 91)
1 (1, 4, 458, 0, 0, 0, 117, 62, 1, 1, 0, 217)
2 (1, 4, 152, 0, 181, 0, 215, 74, 1, 0, 0, 246)
3 (1, 4, 30, 41, 785, 0, 151, 70, 1, 0, 0, 48)
4 (1, 4, 0, 0, 775, 0, 0, 72, 1, 0, 0, 177)
5 (1, 4, 0, 0, 114, 0, 0, 60, 1, 0, 0, 164)
6 (1, 4, 0, 0, 0, 42, 0, 0, 1, 0, 0, 51)
7 (1, 4, 9, 310, 0, 30, 0, 8, 1, 0, 0, 52)
8 (1, 4, 290, 328, 0, 0, 28, 72, 1, 0, 0, 24)
9 (1, 4, 0, 305, 0, 0, 116, 138, 1, 0, 0, 71)
10 (1, 4, 0, 0, 0, 0, 227, 181, 1, 1, 0, 141)
11 (1, 4, 81, 0, 396, 0, 233, 124, 1, 0, 0, 6)
12 (1, 4, 256, 87, 873, 0, 115, 91, 2, 2, 0, 71)
13 (1, 4, 0, 16, 828, 0, 0, 0, 1, 0, 0, 249)
14 (1, 4, 0, 242, 169, 0, 0, 0, 2, 1, 0, 186)
15 (1, 4, 0, 0, 0, 0, 0, 0, 3, 2, 0, 14)
16 (1, 4, 0, 125, 0, 11, 0, 11, 3, 2, 0, 167)
17 (1, 4, 25, 167, 0, 11, 0, 18, 4, 2, 0, 203)
18 (1, 4, 0, 146, 64, 17, 0, 26, 4, 3, 0, 210)
19 (1, 4, 0, 193, 160, 4, 0, 20, 3, 2, 0, 236)
20 (1, 4, 0, 209, 264, 0, 0, 1, 3, 2, 0, 102)
21 (1, 4, 0, 245, 355, 0, 0, 12, 4, 3, 0, 126)
22 (1, 4, 0, 95, 430, 0, 0, 6, 4, 3, 0, 76)
23 (1, 4, 0, 0, 158, 0, 0, 0, 2, 1, 0, 146)
24 (1, 4, 0, 0, 0, 0, 0, 0, 1, 1, 0, 119)
25 (1, 4, 0, 0, 100, 0, 0, 0, 1, 1, 0, 44)
26 (1, 4, 0, 0, 476, 0, 0, 0, 1, 1, 0, 189)
27 (1, 4, 47, 0, 307, 0, 0, 0, 1, 1, 0, 141)
28 (1, 4, 9, 0, 90, 0, 0, 0, 1, 1, 0, 30)
29 (1, 4, 90, 40, 31, 0, 0, 0, 1, 1, 0, 37)
30 (1, 4, 149, 11, 0, 0, 0, 0, 1, 1, 0, 223)
31 (1, 4, 140, 0, 0, 0, 0, 0, 1, 1, 0, 42)
0 (1, 4, 345, 96, 0, 0, 0, 0, 1, 1, 0, 35)
1 (1, 4, 400, 175, 0, 0, 0, 0, 1, 1, 0, 242)
2 (1, 4, 424, 146, 0, 0, 0, 0, 1, 1, 0, 218)
3 (1, 4, 480, 45, 0, 0, 0, 0, 1, 1, 0, 48)
4 (1, 4, 628, 90, 0, 0, 0, 0, 1, 1, 0, 217)
5 (1, 4, 701, 155, 0, 0, 0, 0, 1, 0, 0, 103)
6 (1, 4, 575, 0, 0, 0, 0, 0, 1, 1, 0, 14)
7 (1, 4, 577, 42, 0, 0, 0, 26, 1, 1, 0, 104)
8 (1, 4, 515, 0, 0, 0, 43, 42, 1, 1, 0, 212)
9 (1, 4, 396, 0, 0, 0, 125, 37, 1, 1, 0, 234)
10 (1, 4, 234, 0, 68, 0, 227, 50, 2, 1, 0, 32)
11 (1, 4, 205, 208, 642, 0, 170, 65, 1, 1, 0, 186)
12 (1, 4, 0, 307, 805, 0, 1, 45, 2, 1, 0, 4)
13 (1, 4, 0, 0, 288, 0, 0, 121, 1, 0, 0, 189)
14 (1, 4, 0, 0, 0, 13, 0, 62, 1, 0, 0, 211)
15 (1, 4, 52, 0, 0, 29, 0, 26, 1, 1, 0, 132)
16 (1, 4, 101, 0, 0, 0, 210, 112, 1, 1, 0, 97)
17 (1, 4, 0, 11, 221, 18, 360, 102, 1, 1, 0, 59)
18 (1, 4, 48, 122, 797, 0, 158, 80, 2, 1, 0, 17)
19 (1, 4, 255, 337, 748, 0, 0, 139, 1, 0, 0, 229)
20 (1, 4, 35, 0, 0, 0, 0, 114, 1, 1, 0, 44)
21 (1, 4, 0, 0, 0, 15, 0, 14, 2, 1, 0, 82)
22 (1, 4, 0, 184, 0, 7, 67, 32, 2, 1, 0, 173)
23 (1, 4, 0, 211, 61, 11, 78, 68, 2, 1, 0, 62)
24 (1, 4, 0, 138, 181, 11, 66, 46, 2, 2, 0, 191)
25 (1, 4, 0, 96, 276, 0, 33, 16, 1, 1, 0, 237)
26 (1, 4, 0, 103, 492, 0, 0, 12, 1, 1, 0, 224)
27 (1, 4, 0, 57, 662, 0, 0, 0, 1, 1, 0, 151)
28 (1, 4, 0, 0, 577, 0, 0, 0, 2, 2, 0, 185)
29 (1, 4, 0, 0, 732, 0, 0, 0, 5, 3, 0, 3)
30 (1, 4, 0, 0, 668, 0, 0, 0, 2, 2, 0, 186)
31 (1, 4, 0, 0, 352, 0, 0, 0, 2, 1, 0, 137)
0 (1, 4, 0, 24, 5, 0, 0, 3, 2, 1, 0, 175)
1 (1, 4, 13, 4, 0, 0, 0, 15, 2, 1, 0, 180)
2 (1, 4, 37, 0, 0, 0, 0, 39, 1, 1, 0, 52)
3 (1, 4, 90, 0, 0, 0, 0, 43, 2, 1, 0, 249)
4 (1, 4, 126, 0, 0, 0, 0, 36, 1, 1, 0, 89)
5 (1, 4, 290, 0, 0, 0, 0, 3, 1, 1, 0, 200)
6 (1, 4, 480, 0, 0, 0, 0, 0, 2, 2, 0, 53)
7 (1, 4, 509, 0, 0, 0, 0, 0, 2, 1, 0, 46)
8 (1, 4, 677, 0, 0, 0, 21, 32, 1, 1, 0, 41)
9 (1, 4, 667, 0, 0, 0, 240, 0, 5, 4, 0, 13)
10 (1, 4, 64, 172, 754, 0, 244, 2, 2, 1, 0, 16)
11 (1, 4, 0, 230, 873, 0, 4, 62, 12, 7, 0, 116)
12 (1, 4, 0, 0, 272, 0, 0, 144, 3, 2, 0, 117)
13 (1, 4, 0, 0, 0, 0, 0, 4, 2, 1, 0, 164)
14 (1, 4, 190, 22, 0, 9, 0, 21, 2, 2, 0, 66)
15 (1, 4, 278, 0, 0, 0, 189, 62, 2, 2, 0, 25)
16 (1, 4, 20, 180, 344, 38, 438, 19, 2, 2, 0, 9)
17 (1, 4, 0, 516, 873, 0, 129, 20, 7, 8, 0, 48)
18 (1, 4, 56, 152, 500, 0, 0, 167, 4, 3, 0, 120)
19 (1, 4, 0, 0, 0, 0, 0, 76, 3, 2, 0, 212)
20 (1, 4, 0, 0, 0, 31, 3, 29, 4, 3, 0, 6)
21 (1, 4, 0, 141, 32, 21, 14, 23, 4, 3, 0, 235)
22 (1, 4, 0, 294, 88, 9, 18, 21, 3, 2, 0, 79)
23 (1, 4, 0, 400, 164, 0, 8, 5, 2, 2, 0, 211)
24 (1, 4, 0, 554, 299, 0, 0, 0, 2, 1, 0, 164)
25 (1, 4, 0, 485, 430, 0, 0, 0, 1, 1, 0, 34)
26 (1, 4, 0, 19, 334, 0, 0, 18, 1, 1, 0, 207)
27 (1, 4, 0, 0, 385, 0, 0, 0, 1, 1, 0, 79)
28 (1, 4, 0, 0, 417, 0, 0, 0, 1, 1, 0, 177)
29 (1, 4, 0, 0, 261, 0, 0, 0, 1, 1, 0, 224)
30 (1, 4, 0, 0, 146, 0, 0, 0, 1, 1, 0, 214)
31 (1, 4, 92, 19, 210, 0, 0, 0, 2, 1, 0, 19)
0 (1, 4, 749, 0, 0, 0, 60, 42, 2, 1, 0, 144)
1 (1, 4, 431, 0, 208, 2, 197, 0, 1, 1, 0, 2)
2 (1, 4, 0, 139, 692, 0, 132, 32, 2, 1, 0, 89)
3 (1, 4, 31, 261, 815, 0, 0, 50, 1, 1, 0, 204)
4 (1, 4, 0, 142, 149, 0, 0, 136, 3, 2, 0, 47)
5 (1, 4, 0, 0, 0, 0, 0, 70, 1, 1, 0, 254)
6 (1, 4, 0, 0, 0, 0, 0, 55, 1, 1, 0, 22)
7 (1, 4, 4, 0, 0, 0, 276, 95, 2, 1, 0, 243)
8 (1, 4, 0, 91, 524, 0, 375, 120, 3, 3, 0, 128)
9 (1, 4, 0, 33, 873, 0, 64, 56, 1, 0, 0, 35)
10 (1, 4, 164, 96, 621, 0, 0, 129, 1, 1, 0, 64)
11 (1, 4, 0, 0, 0, 0, 0, 100, 1, 0, 0, 141)
12 (1, 4, 0, 21, 0, 8, 0, 60, 1, 0, 0, 7)
13 (1, 4, 0, 108, 0, 0, 16, 36, 1, 0, 0, 101)
14 (1, 4, 0, 233, 0, 3, 26, 30, 1, 1, 0, 83)
15 (1, 4, 0, 301, 149, 0, 8, 33, 2, 1, 0, 209)
16 (1, 4, 0, 272, 273, 0, 0, 61, 1, 1, 0, 119)
17 (1, 4, 0, 102, 193, 0, 0, 39, 1, 1, 0, 173)
18 (1, 4, 0, 128, 286, 0, 0, 0, 1, 1, 0, 153)
19 (1, 4, 0, 117, 444, 0, 0, 0, 1, 1, 0, 247)
20 (1, 4, 0, 30, 708, 0, 0, 0, 1, 1, 0, 252)
21 (1, 4, 0, 12, 743, 0, 0, 0, 2, 1, 0, 19)
22 (1, 4, 319, 145, 476, 0, 0, 1, 3, 2, 0, 177)
23 (1, 4, 345, 121, 153, 0, 0, 0, 2, 2, 0, 249)
24 (1, 4, 0, 10, 0, 0, 3, 6, 2, 1, 0, 72)
25 (1, 4, 0, 0, 0, 0, 0, 0, 2, 1, 0, 209)
26 (1, 4, 0, 0, 0, 0, 0, 0, 2, 1, 0, 209)
27 (1, 4, 0, 0, 0, 0, 0, 0, 2, 1, 0, 209)
28 (1, 4, 72, 0, 0, 0, 0, 0, 2, 1, 0, 40)
29 (1, 4, 102, 0, 0, 0, 2, 0, 2, 1, 0, 73)
30 (1, 4, 94, 0, 0, 0, 6, 0, 2, 1, 0, 253)
31 (1, 4, 74, 0, 0, 0, 13, 0, 2, 1, 0, 111)
0 (1, 4, 121, 72, 105, 0, 8, 0, 2, 2, 0, 96)
1 (1, 4, 90, 97, 157, 0, 7, 4, 2, 2, 0, 120)
2 (1, 4, 3, 96, 170, 0, 8, 2, 2, 2, 0, 219)
3 (1, 4, 0, 60, 144, 0, 1, 0, 2, 2, 0, 81)
4 (1, 4, 0, 39, 147, 0, 0, 0, 3, 2, 0, 251)
5 (1, 4, 0, 137, 25, 0, 0, 15, 3, 1, 0, 26)
6 (1, 4, 0, 0, 0, 0, 0, 30, 2, 1, 0, 36)
7 (1, 4, 261, 0, 0, 0, 0, 0, 1, 1, 0, 67)
8 (1, 4, 305, 0, 0, 0, 0, 0, 1, 1, 0, 92)
9 (1, 4, 292, 25, 0, 0, 0, 0, 2, 1, 0, 75)
10 (1, 4, 413, 30, 0, 0, 0, 0, 2, 1, 0, 5)
11 (1, 4, 493, 0, 0, 0, 0, 0, 1, 1, 0, 104)
12 (1, 4, 441, 0, 0, 0, 0, 0, 1, 1, 0, 57)
13 (1, 4, 417, 0, 0, 0, 23, 0, 1, 1, 0, 68)
14 (1, 4, 632, 0, 0, 0, 126, 57, 1, 1, 0, 168)
15 (1, 4, 500, 33, 386, 0, 307, 39, 1, 1, 0, 160)
16 (1, 4, 0, 252, 873, 0, 32, 53, 1, 0, 0, 75)
17 (1, 4, 5, 218, 419, 0, 0, 189, 1, 1, 0, 45)
18 (1, 4, 0, 0, 0, 0, 0, 59, 1, 0, 0, 226)
19 (1, 4, 0, 0, 0, 0, 0, 43, 1, 1, 0, 90)
20 (1, 4, 7, 0, 0, 0, 237, 96, 1, 1, 0, 193)
21 (1, 4, 0, 99, 348, 49, 425, 91, 1, 1, 0, 92)
22 (1, 4, 0, 173, 873, 0, 130, 45, 1, 1, 0, 133)
23 (1, 4, 52, 238, 445, 0, 0, 175, 2, 1, 0, 3)
24 (1, 4, 0, 0, 0, 0, 0, 47, 2, 1, 0, 137)
25 (1, 4, 0, 124, 0, 28, 35, 43, 3, 2, 0, 159)
26 (1, 4, 0, 184, 0, 12, 77, 66, 5, 4, 0, 16)
27 (1, 4, 0, 193, 155, 9, 52, 56, 20, 9, 0, 83)
28 (1, 4, 0, 204, 266, 0, 12, 44, 2, 1, 0, 232)
29 (1, 4, 0, 159, 365, 0, 0, 51, 1, 1, 0, 156)
30 (1, 4, 0, 63, 406, 0, 0, 21, 1, 1, 0, 190)
31 (1, 4, 0, 91, 350, 0, 0, 2, 1, 1, 0, 83)
0 (1, 4, 563, 15, 0, 0, 26, 38, 1, 1, 0, 44)
1 (1, 4, 477, 0, 0, 0, 238, 39, 1, 1, 0, 14)
2 (1, 4, 47, 172, 579, 0, 289, 41, 1, 1, 0, 73)
3 (1, 4, 128, 149, 827, 0, 0, 139, 1, 0, 0, 97)
4 (1, 4, 0, 13, 129, 0, 0, 175, 1, 1, 0, 28)
5 (1, 4, 0, 0, 0, 11, 0, 5, 1, 0, 0, 111)
6 (1, 4, 111, 32, 0, 0, 9, 47, 1, 0, 0, 42)
7 (1, 4, 149, 0, 0, 0, 227, 89, 1, 0, 0, 212)
8 (1, 4, 0, 116, 371, 22, 365, 96, 1, 1, 0, 31)
9 (1, 4, 30, 184, 873, 0, 101, 87, 1, 0, 0, 123)
10 (1, 4, 67, 109, 575, 0, 0, 142, 1, 0, 0, 212)
11 (1, 4, 0, 0, 0, 0, 0, 80, 1, 0, 0, 138)
12 (1, 4, 0, 64, 0, 23, 8, 51, 1, 1, 0, 139)
13 (1, 4, 0, 148, 39, 8, 34, 57, 2, 2, 0, 141)
14 (1, 4, 0, 179, 61, 3, 21, 37, 2, 1, 0, 105)
15 (1, 4, 0, 267, 108, 0, 0, 39, 2, 1, 0, 10)
16 (1, 4, 0, 190, 238, 0, 0, 32, 1, 0, 0, 34)
17 (1, 4, 0, 94, 319, 0, 0, 34, 1, 0, 0, 103)
18 (1, 4, 0, 85, 354, 0, 0, 22, 1, 0, 0, 249)
19 (1, 4, 0, 137, 408, 0, 0, 21, 1, 0, 0, 13)
20 (1, 4, 0, 89, 440, 0, 0, 9, 1, 0, 0, 92)
21 (1, 4, 0, 62, 441, 0, 0, 0, 1, 0, 0, 190)
22 (1, 4, 0, 94, 405, 0, 0, 0, 1, 0, 0, 227)
23 (1, 4, 0, 136, 248, 0, 0, 0, 1, 1, 0, 242)
24 (1, 4, 0, 127, 114, 0, 0, 0, 1, 1, 0, 179)
25 (1, 4, 48, 82, 24, 0, 0, 0, 1, 1, 0, 28)
26 (1, 4, 0, 38, 0, 0, 0, 0, 1, 1, 0, 2)
27 (1, 4, 0, 10, 0, 0, 0, 0, 1, 1, 0, 169)
28 (1, 4, 0, 0, 0, 0, 0, 0, 1, 1, 0, 119)
29 (1, 4, 3, 0, 0, 0, 0, 0, 1, 1, 0, 101)
30 (1, 4, 66, 0, 0, 0, 0, 0, 1, 1, 0, 226)
31 (1, 4, 103, 0, 0, 0, 0, 0, 1, 1, 0, 19)
0 (1, 4, 0, 23, 0, 0, 0, 0, 1, 1, 0, 20)
1 (1, 4, 120, 102, 0, 0, 0, 10, 1, 1, 0, 12)
2 (1, 4, 253, 9, 0, 0, 0, 10, 1, 1, 0, 223)
3 (1, 4, 242, 0, 0, 0, 0, 2, 1, 0, 0, 2)
4 (1, 4, 296, 0, 0, 0, 0, 0, 1, 0, 0, 169)
5 (1, 4, 362, 0, 0, 0, 0, 0, 1, 0, 0, 60)
6 (1, 4, 439, 45, 0, 0, 0, 0, 1, 0, 0, 24)
7 (1, 4, 516, 0, 0, 0, 0, 13, 1, 0, 0, 96)
8 (1, 4, 565, 0, 0, 0, 18, 33, 1, 0, 0, 0)
9 (1, 4, 565, 0, 0, 0, 125, 44, 1, 0, 0, 254)
10 (1, 4, 111, 0, 377, 19, 302, 0, 1, 0, 0, 31)
11 (1, 4, 0, 242, 873, 0, 120, 70, 1, 0, 0, 64)
12 (1, 4, 132, 180, 764, 0, 0, 85, 1, 1, 0, 205)
13 (1, 4, 0, 0, 0, 0, 0, 116, 1, 0, 0, 94)
14 (1, 4, 13, 0, 0, 0, 0, 46, 1, 0, 0, 221)
15 (1, 4, 160, 0, 0, 0, 9, 68, 1, 0, 0, 70)
16 (1, 4, 0, 0, 0, 22, 419, 59, 1, 0, 0, 246)
17 (1, 4, 70, 119, 807, 0, 294, 114, 1, 0, 0, 238)
18 (1, 4, 334, 0, 775, 0, 0, 116, 1, 1, 0, 232)
19 (1, 4, 0, 94, 55, 0, 0, 129, 1, 1, 0, 160)
20 (1, 4, 0, 0, 0, 24, 0, 36, 3, 2, 0, 213)
21 (1, 4, 0, 133, 0, 18, 29, 45, 4, 3, 0, 212)
22 (1, 4, 0, 139, 47, 13, 27, 41, 2, 1, 0, 220)
23 (1, 4, 0, 210, 96, 1, 5, 37, 2, 1, 0, 212)
24 (1, 4, 0, 279, 196, 0, 0, 50, 2, 2, 0, 117)
25 (1, 4, 0, 255, 269, 0, 0, 9, 4, 3, 0, 194)
26 (1, 4, 0, 106, 349, 0, 0, 4, 4, 3, 0, 9)
27 (1, 4, 0, 0, 386, 0, 0, 0, 2, 2, 0, 239)
28 (1, 4, 0, 0, 425, 0, 0, 0, 2, 2, 0, 22)
29 (1, 4, 0, 0, 367, 0, 0, 0, 2, 1, 0, 208)
30 (1, 4, 0, 0, 301, 0, 0, 0, 2, 1, 0, 4)
31 (1, 4, 0, 0, 183, 0, 0, 0, 2, 2, 0, 249)
0 (1, 4, 519, 49, 0, 0, 48, 55, 2, 1, 0, 0)
1 (1, 4, 269, 0, 0, 0, 111, 46, 1, 1, 0, 10)
2 (1, 4, 0, 0, 0, 0, 163, 66, 2, 1, 0, 159)
3 (1, 4, 125, 94, 540, 0, 159, 100, 1, 1, 0, 215)
4 (1, 4, 1, 109, 827, 0, 81, 80, 1, 1, 0, 245)
5 (1, 4, 0, 78, 507, 0, 0, 121, 1, 1, 0, 35)
6 (1, 4, 0, 0, 0, 2, 0, 0, 1, 1, 0, 73)
7 (1, 4, 35, 172, 0, 19, 0, 0, 2, 1, 0, 120)
8 (1, 4, 391, 272, 0, 0, 50, 128, 1, 1, 0, 62)
9 (1, 4, 276, 0, 0, 0, 404, 92, 3, 1, 0, 33)
10 (1, 4, 0, 106, 754, 0, 236, 94, 1, 1, 0, 71)
11 (1, 4, 49, 0, 706, 0, 0, 106, 1, 1, 0, 118)
12 (1, 4, 0, 0, 0, 0, 0, 53, 1, 1, 0, 175)
13 (1, 4, 0, 30, 0, 35, 0, 16, 1, 1, 0, 9)
14 (1, 4, 8, 208, 7, 13, 27, 42, 1, 1, 0, 167)
15 (1, 4, 0, 269, 246, 0, 15, 37, 2, 1, 0, 176)
16 (1, 4, 0, 277, 278, 0, 0, 36, 1, 0, 0, 112)
17 (1, 4, 0, 287, 300, 0, 3, 43, 2, 1, 0, 3)
18 (1, 4, 0, 68, 322, 0, 0, 30, 1, 1, 0, 82)
19 (1, 4, 0, 0, 256, 0, 0, 16, 1, 1, 0, 249)
20 (1, 4, 0, 0, 300, 0, 0, 0, 1, 1, 0, 54)
21 (1, 4, 0, 0, 412, 0, 0, 0, 1, 1, 0, 70)
22 (1, 4, 0, 0, 607, 0, 0, 0, 1, 1, 0, 16)
23 (1, 4, 9, 0, 355, 0, 0, 0, 1, 1, 0, 234)
24 (1, 4, 0, 0, 54, 0, 0, 0, 2, 1, 0, 33)
25 (1, 4, 0, 61, 0, 0, 0, 0, 1, 1, 0, 8)
26 (1, 4, 0, 29, 0, 0, 0, 0, 1, 1, 0, 202)
27 (1, 4, 21, 0, 15, 0, 0, 0, 1, 1, 0, 248)
28 (1, 4, 42, 0, 34, 0, 0, 0, 1, 1, 0, 13)
29 (1, 4, 0, 35, 0, 0, 0, 0, 2, 1, 0, 203)
30 (1, 4, 0, 63, 0, 0, 0, 0, 2, 1, 0, 195)
31 (1, 4, 0, 92, 0, 0, 0, 0, 2, 1, 0, 90)
0 (1, 4, 37, 20, 0, 0, 0, 0, 1, 1, 0, 61)
1 (1, 4, 105, 86, 0, 0, 0, 0, 1, 1, 0, 18)
2 (1, 4, 272, 143, 0, 0, 0, 0, 1, 1, 0, 37)
3 (1, 4, 339, 188, 0, 0, 0, 0, 1, 1, 0, 197)
4 (1, 4, 361, 268, 0, 0, 0, 0, 1, 1, 0, 201)
5 (1, 4, 484, 266, 0, 0, 0, 0, 1, 0, 0, 70)
6 (1, 4, 594, 104, 0, 0, 0, 26, 1, 1, 0, 116)
7 (1, 4, 571, 38, 0, 0, 41, 53, 1, 1, 0, 46)
8 (1, 4, 556, 0, 0, 0, 184, 107, 1, 1, 0, 233)
9 (1, 4, 483, 244, 493, 0, 211, 67, 1, 1, 0, 27)
10 (1, 4, 140, 218, 727, 0, 25, 105, 1, 1, 0, 209)
11 (1, 4, 0, 0, 217, 0, 0, 227, 1, 0, 0, 73)
12 (1, 4, 0, 0, 0, 9, 0, 5, 1, 1, 0, 58)
13 (1, 4, 0, 42, 0, 0, 0, 17, 1, 0, 0, 12)
14 (1, 4, 139, 42, 0, 0, 174, 106, 1, 0, 0, 41)
15 (1, 4, 59, 0, 61, 10, 448, 66, 1, 1, 0, 194)
16 (1, 4, 2, 317, 873, 0, 185, 53, 3, 2, 0, 158)
17 (1, 4, 0, 111, 561, 0, 0, 189, 1, 0, 0, 251)
18 (1, 4, 0, 0, 0, 17, 0, 26, 1, 0, 0, 116)
19 (1, 4, 0, 144, 0, 33, 57, 25, 1, 1, 0, 55)
20 (1, 4, 0, 251, 0, 12, 94, 46, 1, 1, 0, 113)
21 (1, 4, 0, 310, 173, 0, 66, 58, 1, 0, 0, 93)
22 (1, 4, 0, 187, 247, 0, 13, 46, 1, 1, 0, 12)
23 (1, 4, 0, 187, 269, 0, 0, 21, 1, 0, 0, 135)
24 (1, 4, 0, 223, 313, 0, 0, 39, 1, 0, 0, 8)
25 (1, 4, 0, 228, 361, 0, 0, 25, 1, 0, 0, 16)
26 (1, 4, 0, 243, 371, 0, 0, 25, 1, 0, 0, 159)
27 (1, 4, 0, 128, 300, 0, 0, 32, 1, 1, 0, 150)
28 (1, 4, 0, 60, 371, 0, 0, 0, 1, 1, 0, 33)
29 (1, 4, 0, 0, 442, 0, 0, 0, 1, 1, 0, 201)
30 (1, 4, 0, 0, 444, 0, 0, 0, 2, 1, 0, 30)
31 (1, 4, 0, 81, 313, 0, 0, 0, 1, 1, 0, 212)
0 (1, 4, 12, 0, 0, 0, 0, 0, 1, 1, 0, 63)
1 (1, 4, 150, 0, 0, 0, 0, 0, 1, 1, 0, 166)
2 (1, 4, 232, 0, 0, 0, 0, 0, 1, 1, 0, 92)
3 (1, 4, 256, 0, 0, 0, 0, 0, 1, 1, 0, 117)
4 (1, 4, 266, 0, 0, 0, 0, 0, 1, 1, 0, 25)
5 (1, 4, 300, 8, 0, 0, 0, 0, 1, 1, 0, 73)
6 (1, 4, 323, 0, 0, 0, 0, 0, 1, 1, 0, 238)
7 (1, 4, 402, 50, 0, 0, 0, 0, 1, 1, 0, 82)
8 (1, 4, 358, 62, 0, 0, 0, 0, 1, 1, 0, 184)
9 (1, 4, 438, 71, 0, 0, 0, 11, 1, 1, 0, 110)
10 (1, 4, 531, 0, 0, 0, 0, 42, 1, 0, 0, 24)
11 (1, 4, 659, 0, 0, 0, 36, 58, 1, 0, 0, 48)
12 (1, 4, 592, 0, 0, 0, 134, 47, 1, 1, 0, 103)
13 (1, 4, 221, 0, 339, 0, 196, 68, 1, 0, 0, 185)
14 (1, 4, 0, 0, 873, 0, 143, 30, 4, 3, 0, 238)
15 (1, 4, 0, 160, 873, 0, 0, 182, 8, 3, 0, 231)
16 (1, 4, 15, 0, 0, 0, 0, 0, 5, 3, 0, 116)
17 (1, 4, 181, 224, 0, 0, 0, 0, 4, 3, 0, 8)
18 (1, 4, 621, 105, 0, 0, 90, 161, 6, 4, 0, 141)
19 (1, 4, 382, 0, 212, 93, 612, 0, 4, 3, 0, 244)
20 (1, 4, 0, 438, 873, 0, 231, 62, 3, 2, 0, 43)
21 (1, 4, 0, 0, 518, 0, 0, 106, 1, 1, 0, 11)
22 (1, 4, 0, 0, 0, 0, 0, 0, 2, 1, 0, 209)
23 (1, 4, 31, 289, 0, 38, 7, 4, 8, 6, 0, 132)
24 (1, 4, 86, 318, 9, 5, 48, 53, 1, 0, 0, 8)
25 (1, 4, 0, 257, 158, 0, 17, 35, 3, 2, 0, 38)
26 (1, 4, 0, 274, 219, 0, 0, 62, 4, 2, 0, 232)
27 (1, 4, 0, 167, 346, 0, 0, 54, 2, 2, 0, 89)
28 (1, 4, 0, 97, 322, 0, 0, 46, 2, 1, 0, 43)
29 (1, 4, 0, 142, 371, 0, 0, 25, 1, 1, 0, 8)
30 (1, 4, 0, 95, 365, 0, 0, 0, 1, 1, 0, 10)
31 (1, 4, 0, 0, 306, 0, 0, 0, 2, 1, 0, 34)
0 (1, 4, 575, 0, 402, 8, 251, 44, 5, 3, 0, 129)
1 (1, 4, 34, 22, 849, 0, 74, 105, 5, 4, 0, 58)
2 (1, 4, 0, 0, 538, 0, 0, 145, 5, 4, 0, 232)
3 (1, 4, 0, 0, 0, 4, 0, 0, 3, 2, 0, 114)
4 (1, 4, 144, 362, 0, 0, 0, 4, 2, 2, 0, 150)
5 (1, 4, 481, 113, 0, 0, 173, 128, 2, 1, 0, 251)
6 (1, 4, 0, 67, 359, 53, 396, 78, 5, 5, 0, 174)
7 (1, 4, 0, 137, 873, 0, 101, 66, 4, 2, 0, 155)
8 (1, 4, 0, 0, 705, 0, 0, 66, 2, 1, 0, 9)
9 (1, 4, 0, 40, 0, 0, 0, 7, 2, 1, 0, 179)
10 (1, 4, 0, 205, 0, 15, 0, 0, 2, 2, 0, 151)
11 (1, 4, 12, 474, 0, 0, 0, 48, 2, 1, 0, 51)
12 (1, 4, 231, 389, 186, 0, 1, 46, 1, 1, 0, 144)
13 (1, 4, 0, 262, 326, 0, 0, 54, 1, 1, 0, 76)
14 (1, 4, 0, 218, 285, 0, 0, 49, 1, 1, 0, 179)
15 (1, 4, 0, 168, 353, 0, 0, 48, 1, 0, 0, 210)
16 (1, 4, 0, 0, 207, 0, 0, 15, 1, 1, 0, 221)
17 (1, 4, 0, 0, 195, 0, 0, 0, 1, 1, 0, 198)
18 (1, 4, 0, 0, 315, 0, 0, 0, 1, 1, 0, 172)
19 (1, 4, 0, 0, 360, 0, 0, 0, 1, 1, 0, 147)
20 (1, 4, 0, 0, 337, 0, 0, 0, 1, 1, 0, 58)
21 (1, 4, 37, 0, 250, 0, 0, 0, 1, 1, 0, 158)
22 (1, 4, 52, 10, 103, 0, 0, 0, 2, 1, 0, 240)
23 (1, 4, 10, 10, 3, 0, 0, 0, 1, 1, 0, 126)
24 (1, 4, 11, 1, 0, 0, 0, 0, 2, 1, 0, 6)
25 (1, 4, 0, 6, 0, 0, 0, 0, 1, 1, 0, 192)
26 (1, 4, 0, 10, 0, 0, 0, 0, 1, 1, 0, 169)
27 (1, 4, 0, 3, 0, 0, 0, 0, 1, 1, 0, 175)
28 (1, 4, 4, 2, 0, 0, 0, 0, 1, 1, 0, 34)
29 (1, 4, 75, 2, 0, 0, 0, 0, 1, 1, 0, 241)
30 (1, 4, 143, 0, 0, 0, 0, 0, 1, 1, 0, 56)
31 (1, 4, 231, 0, 0, 0, 1, 7, 1, 1, 0, 108)
0 (1, 4, 0, 100, 750, 0, 120, 51, 2, 1, 0, 142)
1 (1, 4, 0, 25, 728, 0, 0, 105, 2, 1, 0, 20)
2 (1, 4, 0, 0, 0, 0, 0, 17, 1, 0, 0, 16)
3 (1, 4, 79, 31, 0, 37, 0, 0, 2, 1, 0, 88)
4 (1, 4, 116, 375, 0, 0, 0, 58, 2, 2, 0, 28)
5 (1, 4, 424, 28, 0, 0, 180, 149, 7, 5, 0, 147)
6 (1, 4, 0, 0, 312, 10, 374, 67, 1, 1, 0, 98)
7 (1, 4, 0, 60, 873, 0, 127, 98, 2, 1, 0, 183)
8 (1, 4, 35, 0, 701, 0, 0, 62, 1, 1, 0, 74)
9 (1, 4, 0, 11, 0, 0, 0, 48, 2, 2, 0, 117)
10 (1, 4, 38, 177, 0, 26, 1, 55, 1, 1, 0, 170)
11 (1, 4, 131, 209, 0, 10, 20, 70, 1, 1, 0, 15)
12 (1, 4, 26, 153, 0, 16, 7, 84, 2, 1, 0, 71)
13 (1, 4, 0, 128, 0, 19, 6, 90, 1, 1, 0, 116)
14 (1, 4, 0, 96, 22, 10, 0, 104, 1, 1, 0, 240)
15 (1, 4, 0, 73, 36, 29, 0, 109, 1, 1, 0, 154)
16 (1, 4, 53, 92, 28, 11, 0, 138, 2, 2, 0, 107)
17 (1, 4, 83, 15, 5, 4, 0, 124, 3, 2, 0, 218)
18 (1, 4, 9, 0, 0, 3, 0, 111, 2, 2, 0, 46)
19 (1, 4, 25, 0, 0, 2, 0, 95, 2, 1, 0, 30)
20 (1, 4, 13, 0, 0, 6, 0, 85, 1, 1, 0, 79)
21 (1, 4, 2, 0, 0, 10, 0, 86, 1, 1, 0, 247)
22 (1, 4, 0, 0, 0, 9, 0, 90, 1, 0, 0, 62)
23 (1, 4, 9, 7, 0, 6, 0, 96, 1, 0, 0, 198)
24 (1, 4, 2, 0, 0, 9, 0, 96, 1, 0, 0, 3)
25 (1, 4, 0, 0, 0, 10, 0, 99, 1, 0, 0, 88)
26 (1, 4, 7, 0, 7, 12, 0, 99, 1, 0, 0, 213)
27 (1, 4, 3, 0, 5, 13, 0, 95, 1, 0, 0, 48)
28 (1, 4, 7, 0, 3, 15, 0, 96, 1, 0, 0, 204)
29 (1, 4, 0, 0, 0, 15, 0, 96, 1, 1, 0, 54)
30 (1, 4, 0, 0, 0, 16, 0, 94, 1, 1, 0, 48)
31 (1, 4, 0, 0, 0, 16, 0, 93, 1, 1, 0, 86)
0 (1, 4, 91, 0, 0, 0, 0, 106, 1, 1, 0, 203)
1 (1, 4, 288, 0, 0, 0, 0, 84, 1, 1, 0, 81)
2 (1, 4, 399, 0, 0, 0, 39, 71, 2, 1, 0, 175)
3 (1, 4, 532, 0, 0, 0, 86, 107, 1, 1, 0, 77)
4 (1, 4, 438, 0, 357, 0, 183, 76, 1, 1, 0, 255)
5 (1, 4, 0, 170, 873, 0, 103, 76, 2, 1, 0, 163)
6 (1, 4, 0, 0, 508, 0, 0, 14, 2, 1, 0, 195)
7 (1, 4, 55, 0, 0, 9, 0, 0, 3, 2, 0, 228)
8 (1, 4, 172, 165, 0, 30, 0, 0, 10, 5, 0, 24)
9 (1, 4, 268, 432, 0, 0, 15, 111, 2, 1, 0, 104)
10 (1, 4, 343, 0, 0, 0, 383, 46, 4, 20, 0, 22)
11 (1, 4, 0, 180, 822, 0, 247, 99, 20, 20, 0, 233)
12 (1, 4, 0, 0, 692, 0, 0, 72, 1, 1, 0, 76)
13 (1, 4, 0, 0, 149, 0, 0, 0, 3, 3, 0, 33)
14 (1, 4, 0, 60, 0, 13, 0, 0, 3, 2, 0, 95)
15 (1, 4, 0, 239, 0, 1, 0, 40, 2, 1, 0, 116)
16 (1, 4, 0, 263, 250, 0, 0, 28, 7, 5, 0, 36)
17 (1, 4, 0, 215, 199, 0, 0, 22, 3, 2, 0, 31)
18 (1, 4, 0, 315, 405, 0, 0, 45, 2, 1, 0, 4)
19 (1, 4, 0, 19, 252, 0, 0, 40, 1, 1, 0, 236)
20 (1, 4, 0, 0, 179, 0, 0, 0, 1, 1, 0, 188)
21 (1, 4, 0, 0, 64, 0, 0, 0, 1, 1, 0, 140)
22 (1, 4, 0, 0, 220, 0, 0, 0, 1, 0, 0, 139)
23 (1, 4, 0, 0, 516, 0, 0, 0, 1, 0, 0, 248)
24 (1, 4, 0, 0, 579, 0, 0, 0, 1, 1, 0, 141)
25 (1, 4, 0, 0, 514, 0, 0, 0, 20, 18, 0, 34)
26 (1, 4, 192, 0, 176, 0, 0, 0, 20, 16, 0, 141)
27 (1, 4, 187, 0, 0, 0, 0, 0, 20, 20, 0, 154)
28 (1, 4, 49, 0, 0, 0, 1, 0, 2, 1, 0, 129)
29 (1, 4, 0, 0, 0, 0, 2, 0, 2, 1, 0, 35)
30 (1, 4, 0, 0, 0, 0, 0, 0, 2, 1, 0, 209)
31 (1, 4, 37, 6, 0, 0, 0, 0, 2, 1, 0, 151)
0 (1, 4, 413, 0, 0, 0, 0, 0, 1, 1, 0, 198)
1 (1, 4, 391, 177, 0, 0, 0, 0, 1, 1, 0, 93)
2 (1, 4, 507, 274, 0, 0, 0, 14, 1, 1, 0, 99)
3 (1, 4, 873, 84, 0, 0, 128, 86, 2, 2, 0, 12)
4 (1, 4, 384, 71, 312, 0, 291, 23, 5, 5, 0, 240)
5 (1, 4, 0, 235, 873, 0, 115, 70, 2, 2, 0, 29)
6 (1, 4, 0, 0, 523, 0, 0, 133, 3, 2, 0, 147)
7 (1, 4, 0, 0, 0, 0, 0, 66, 6, 6, 0, 180)
8 (1, 4, 0, 0, 0, 22, 0, 6, 2, 1, 0, 168)
9 (1, 4, 203, 222, 0, 0, 33, 73, 2, 2, 0, 113)
10 (1, 4, 162, 0, 0, 0, 282, 95, 3, 2, 0, 10)
11 (1, 4, 0, 168, 586, 0, 355, 98, 3, 2, 0, 126)
12 (1, 4, 0, 167, 873, 0, 72, 53, 2, 1, 0, 217)
13 (1, 4, 231, 30, 429, 0, 0, 122, 6, 4, 0, 202)
14 (1, 4, 0, 0, 0, 0, 0, 50, 6, 5, 0, 62)
15 (1, 4, 0, 90, 0, 20, 0, 19, 1, 1, 0, 117)
16 (1, 4, 0, 266, 0, 0, 30, 39, 1, 1, 0, 171)
17 (1, 4, 0, 306, 119, 0, 25, 50, 1, 1, 0, 53)
18 (1, 4, 0, 225, 273, 0, 18, 25, 1, 1, 0, 165)
19 (1, 4, 0, 188, 325, 0, 0, 8, 1, 1, 0, 58)
20 (1, 4, 0, 309, 491, 0, 0, 6, 1, 1, 0, 60)
21 (1, 4, 0, 75, 300, 0, 0, 2, 1, 1, 0, 103)
22 (1, 4, 0, 1, 534, 0, 0, 0, 1, 1, 0, 118)
23 (1, 4, 0, 49, 670, 0, 0, 0, 1, 1, 0, 152)
24 (1, 4, 44, 174, 629, 0, 0, 0, 3, 2, 0, 76)
25 (1, 4, 398, 263, 457, 0, 0, 19, 0, 20, 0, 25)
26 (1, 4, 325, 73, 227, 0, 0, 24, 20, 17, 0, 68)
27 (1, 4, 75, 0, 13, 0, 0, 9, 10, 7, 0, 29)
28 (1, 4, 0, 0, 0, 0, 0, 0, 3, 2, 0, 14)
29 (1, 4, 0, 0, 0, 0, 0, 0, 2, 1, 0, 209)
30 (1, 4, 0, 0, 0, 0, 0, 0, 2, 2, 0, 108)
31 (1, 4, 60, 0, 0, 0, 0, 0, 2, 2, 0, 3)
0 (1, 4, 749, 30, 407, 0, 328, 93, 4, 1, 0, 206)
1 (1, 4, 124, 183, 873, 0, 67, 103, 1, 1, 0, 157)
2 (1, 4, 0, 0, 158, 0, 0, 233, 12, 7, 0, 230)
3 (1, 4, 0, 0, 0, 1, 0, 0, 2, 2, 0, 115)
4 (1, 4, 0, 9, 0, 37, 30, 0, 4, 3, 0, 149)
5 (1, 4, 271, 216, 0, 9, 140, 157, 3, 2, 0, 238)
6 (1, 4, 436, 30, 276, 32, 401, 115, 2, 2, 0, 30)
7 (1, 4, 56, 119, 873, 0, 232, 95, 2, 2, 0, 94)
8 (1, 4, 178, 0, 831, 0, 0, 25, 2, 2, 0, 155)
9 (1, 4, 171, 16, 0, 0, 0, 69, 8, 5, 0, 153)
10 (1, 4, 0, 0, 0, 39, 0, 0, 1, 1, 0, 195)
11 (1, 4, 0, 292, 0, 22, 17, 90, 1, 1, 0, 6)
12 (1, 4, 92, 204, 0, 36, 16, 83, 1, 1, 0, 93)
13 (1, 4, 0, 119, 0, 34, 29, 86, 1, 0, 0, 109)
14 (1, 4, 0, 135, 0, 44, 0, 109, 4, 5, 0, 251)
15 (1, 4, 0, 8, 23, 35, 0, 118, 1, 1, 0, 109)
16 (1, 4, 0, 0, 70, 34, 0, 91, 2, 2, 0, 43)
17 (1, 4, 0, 0, 41, 42, 0, 79, 1, 0, 0, 89)
18 (1, 4, 0, 0, 50, 43, 0, 63, 1, 0, 0, 9)
19 (1, 4, 0, 0, 38, 43, 0, 57, 1, 0, 0, 228)
20 (1, 4, 0, 0, 51, 42, 0, 43, 1, 0, 0, 36)
21 (1, 4, 0, 0, 34, 40, 0, 34, 1, 1, 0, 175)
22 (1, 4, 0, 16, 18, 39, 0, 39, 1, 1, 0, 64)
23 (1, 4, 0, 0, 13, 43, 0, 38, 1, 1, 0, 92)
24 (1, 4, 0, 0, 23, 40, 0, 38, 1, 1, 0, 145)
25 (1, 4, 0, 0, 20, 39, 0, 31, 1, 0, 0, 163)
26 (1, 4, 9, 0, 0, 39, 0, 26, 1, 0, 0, 86)
27 (1, 4, 17, 0, 0, 38, 0, 21, 1, 1, 0, 75)
28 (1, 4, 0, 0, 0, 37, 0, 19, 1, 1, 0, 72)
29 (1, 4, 19, 0, 0, 35, 0, 20, 1, 1, 0, 235)
30 (1, 4, 25, 10, 12, 33, 0, 22, 1, 1, 0, 60)
31 (1, 4, 24, 23, 21, 33, 0, 24, 1, 1, 0, 254)
0 (1, 4, 46, 0, 14, 32, 0, 62, 1, 0, 0, 255)
1 (1, 4, 29, 0, 0, 37, 0, 60, 1, 0, 0, 221)
2 (1, 4, 31, 6, 0, 37, 0, 62, 1, 0, 0, 207)
3 (1, 4, 46, 33, 0, 37, 0, 66, 1, 0, 0, 142)
4 (1, 4, 117, 24, 0, 40, 0, 77, 1, 0, 0, 66)
5 (1, 4, 213, 12, 0, 37, 0, 93, 1, 0, 0, 99)
6 (1, 4, 220, 0, 0, 41, 0, 92, 1, 1, 0, 68)
7 (1, 4, 228, 0, 0, 44, 0, 92, 1, 1, 0, 112)
8 (1, 4, 310, 0, 0, 44, 0, 116, 1, 1, 0, 89)
9 (1, 4, 273, 0, 0, 51, 4, 96, 1, 1, 0, 163)
10 (1, 4, 16, 0, 0, 60, 0, 12, 1, 1, 0, 146)
11 (1, 4, 143, 119, 0, 48, 14, 35, 5, 4, 0, 92)
12 (1, 4, 496, 58, 0, 10, 139, 88, 3, 2, 0, 14)
13 (1, 4, 200, 74, 319, 21, 327, 44, 3, 2, 0, 241)
14 (1, 4, 0, 98, 803, 0, 159, 52, 2, 1, 0, 64)
15 (1, 4, 0, 0, 485, 0, 0, 75, 8, 6, 0, 176)
16 (1, 4, 0, 0, 0, 38, 0, 0, 3, 2, 0, 165)
17 (1, 4, 11, 370, 0, 9, 0, 11, 3, 2, 0, 175)
18 (1, 4, 279, 157, 0, 0, 203, 133, 11, 8, 0, 160)
19 (1, 4, 132, 119, 377, 29, 501, 119, 11, 6, 0, 219)
20 (1, 4, 0, 110, 873, 0, 131, 70, 4, 3, 0, 245)
21 (1, 4, 9, 27, 431, 0, 0, 63, 3, 2, 0, 250)
22 (1, 4, 8, 26, 0, 13, 0, 30, 4, 3, 0, 237)
23 (1, 4, 0, 210, 0, 33, 0, 23, 9, 6, 0, 192)
24 (1, 4, 0, 248, 0, 11, 13, 85, 5, 3, 0, 2)
25 (1, 4, 0, 141, 0, 15, 26, 92, 4, 3, 0, 139)
26 (1, 4, 0, 144, 0, 28, 26, 93, 7, 5, 0, 228)
27 (1, 4, 0, 145, 0, 21, 4, 111, 2, 1, 0, 110)
28 (1, 4, 0, 93, 20, 12, 0, 110, 2, 1, 0, 136)
29 (1, 4, 0, 67, 40, 3, 0, 133, 3, 3, 0, 125)
30 (1, 4, 0, 0, 47, 1, 0, 107, 1, 1, 0, 167)
31 (1, 4, 0, 0, 53, 8, 0, 96, 5, 4, 0, 111)
0 (1, 4, 212, 0, 0, 9, 8, 88, 2, 2, 0, 114)
1 (1, 4, 219, 0, 0, 20, 83, 85, 2, 2, 0, 209)
2 (1, 4, 162, 0, 175, 10, 153, 109, 3, 2, 0, 253)
3 (1, 4, 317, 5, 698, 0, 130, 80, 3, 3, 0, 96)
4 (1, 4, 5, 21, 689, 0, 0, 77, 3, 2, 0, 109)
5 (1, 4, 0, 93, 57, 0, 0, 88, 1, 0, 0, 247)
6 (1, 4, 0, 0, 0, 17, 0, 6, 1, 1, 0, 83)
7 (1, 4, 38, 195, 0, 0, 0, 71, 2, 1, 0, 62)
8 (1, 4, 78, 0, 0, 0, 149, 124, 2, 1, 0, 143)
9 (1, 4, 0, 0, 0, 3, 434, 161, 4, 2, 0, 175)
10 (1, 4, 237, 0, 849, 0, 205, 85, 4, 3, 0, 239)
11 (1, 4, 372, 174, 754, 0, 0, 64, 1, 0, 0, 20)
12 (1, 4, 73, 0, 0, 0, 0, 79, 1, 1, 0, 60)
13 (1, 4, 0, 0, 0, 52, 0, 0, 1, 0, 0, 126)
14 (1, 4, 0, 221, 0, 29, 21, 59, 1, 1, 0, 197)
15 (1, 4, 0, 227, 0, 23, 22, 73, 1, 0, 0, 202)
16 (1, 4, 0, 177, 87, 31, 33, 86, 2, 1, 0, 219)
17 (1, 4, 0, 120, 155, 0, 0, 95, 1, 1, 0, 2)
18 (1, 4, 0, 22, 213, 0, 0, 99, 3, 2, 0, 229)
19 (1, 4, 0, 0, 241, 0, 0, 76, 1, 0, 0, 217)
20 (1, 4, 0, 0, 276, 0, 0, 63, 2, 2, 0, 155)
21 (1, 4, 0, 0, 239, 6, 0, 48, 1, 0, 0, 129)
22 (1, 4, 0, 0, 113, 26, 0, 31, 1, 0, 0, 233)
23 (1, 4, 0, 2, 0, 31, 0, 26, 1, 0, 0, 163)
24 (1, 4, 40, 90, 0, 21, 0, 29, 2, 1, 0, 93)
25 (1, 4, 49, 75, 0, 9, 0, 29, 1, 1, 0, 194)
26 (1, 4, 32, 58, 0, 0, 0, 31, 2, 1, 0, 65)
27 (1, 4, 75, 26, 0, 0, 0, 28, 1, 1, 0, 111)
28 (1, 4, 84, 10, 0, 0, 0, 27, 1, 0, 0, 204)
29 (1, 4, 16, 7, 0, 0, 0, 29, 1, 0, 0, 109)
30 (1, 4, 0, 14, 0, 0, 0, 32, 1, 0, 0, 185)
31 (1, 4, 0, 17, 0, 0, 0, 36, 1, 0, 0, 28)
0 (1, 4, 84, 0, 0, 0, 0, 29, 2, 2, 0, 174)
1 (1, 4, 132, 0, 70, 0, 0, 42, 1, 1, 0, 34)
2 (1, 4, 0, 0, 0, 0, 0, 27, 1, 1, 0, 40)
3 (1, 4, 0, 0, 0, 0, 0, 0, 1, 0, 0, 28)
4 (1, 4, 64, 0, 0, 0, 0, 0, 1, 1, 0, 254)
5 (1, 4, 177, 0, 0, 0, 0, 0, 3, 2, 0, 50)
6 (1, 4, 373, 154, 0, 0, 0, 0, 8, 5, 0, 131)
7 (1, 4, 355, 283, 0, 0, 0, 0, 20, 18, 0, 6)
8 (1, 4, 383, 364, 0, 0, 11, 2, 2, 1, 0, 25)
9 (1, 4, 539, 230, 0, 0, 126, 73, 2, 1, 0, 146)
10 (1, 4, 388, 38, 0, 0, 264, 48, 2, 1, 0, 43)
11 (1, 4, 186, 221, 661, 0, 206, 79, 4, 2, 0, 250)
12 (1, 4, 0, 226, 873, 0, 43, 51, 4, 2, 0, 147)
13 (1, 4, 0, 256, 460, 0, 0, 113, 2, 1, 0, 105)
14 (1, 4, 0, 0, 0, 0, 0, 98, 1, 1, 0, 42)
15 (1, 4, 104, 0, 0, 17, 0, 76, 1, 1, 0, 123)
16 (1, 4, 283, 0, 0, 0, 108, 101, 2, 2, 0, 151)
17 (1, 4, 6, 0, 0, 36, 339, 20, 2, 1, 0, 193)
18 (1, 4, 7, 2, 584, 19, 210, 71, 5, 4, 0, 91)
19 (1, 4, 104, 0, 799, 0, 31, 22, 6, 4, 0, 82)
20 (1, 4, 53, 23, 429, 0, 0, 74, 10, 18, 0, 151)
21 (1, 4, 0, 0, 0, 0, 0, 55, 20, 17, 0, 107)
22 (1, 4, 0, 52, 0, 49, 0, 9, 1, 0, 0, 81)
23 (1, 4, 0, 234, 0, 52, 0, 27, 1, 1, 0, 212)
24 (1, 4, 0, 284, 0, 25, 15, 36, 1, 1, 0, 247)
25 (1, 4, 0, 317, 39, 40, 14, 50, 4, 3, 0, 199)
26 (1, 4, 0, 346, 156, 2, 8, 61, 1, 0, 0, 100)
27 (1, 4, 0, 273, 299, 0, 0, 73, 2, 1, 0, 52)
28 (1, 4, 0, 0, 345, 0, 0, 75, 2, 2, 0, 84)
29 (1, 4, 0, 0, 433, 0, 0, 19, 1, 0, 0, 16)
30 (1, 4, 0, 0, 407, 0, 0, 0, 1, 1, 0, 65)
31 (1, 4, 0, 0, 522, 0, 0, 0, 2, 1, 0, 248)
0 (1, 4, 385, 42, 0, 26, 84, 25, 1, 1, 0, 217)
1 (1, 4, 375, 0, 199, 0, 154, 62, 1, 1, 0, 200)
2 (1, 4, 153, 52, 744, 0, 163, 35, 0, 5, 0, 203)
3 (1, 4, 0, 142, 694, 0, 14, 18, 20, 15, 0, 128)
4 (1, 4, 0, 0, 259, 0, 0, 42, 8, 5, 0, 179)
5 (1, 4, 0, 0, 0, 27, 0, 7, 20, 15, 0, 185)
6 (1, 4, 22, 83, 0, 68, 0, 7, 3, 2, 0, 74)
7 (1, 4, 210, 195, 0, 65, 15, 42, 2, 1, 0, 122)
8 (1, 4, 77, 0, 0, 42, 206, 70, 3, 2, 0, 153)
9 (1, 4, 0, 164, 250, 78, 308, 71, 1, 1, 0, 55)
10 (1, 4, 178, 204, 873, 14, 175, 63, 2, 1, 0, 127)
11 (1, 4, 210, 44, 652, 0, 0, 113, 2, 1, 0, 91)
12 (1, 4, 0, 74, 225, 0, 0, 60, 5, 4, 0, 232)
13 (1, 4, 0, 82, 0, 25, 0, 43, 2, 2, 0, 222)
14 (1, 4, 0, 100, 0, 39, 0, 47, 1, 1, 0, 0)
15 (1, 4, 0, 187, 0, 23, 0, 40, 1, 1, 0, 95)
16 (1, 4, 0, 309, 0, 12, 1, 43, 4, 4, 0, 163)
17 (1, 4, 0, 348, 24, 16, 0, 53, 2, 1, 0, 83)
18 (1, 4, 0, 296, 168, 0, 0, 55, 1, 1, 0, 49)
19 (1, 4, 0, 321, 321, 0, 0, 47, 1, 0, 0, 165)
20 (1, 4, 0, 225, 367, 0, 0, 38, 1, 0, 0, 133)
21 (1, 4, 0, 130, 424, 0, 0, 34, 2, 1, 0, 75)
22 (1, 4, 0, 0, 482, 0, 0, 0, 1, 0, 0, 154)
23 (1, 4, 0, 0, 700, 0, 0, 31, 1, 0, 0, 30)
24 (1, 4, 0, 7, 599, 0, 0, 0, 1, 0, 0, 197)
25 (1, 4, 0, 72, 314, 0, 0, 0, 1, 0, 0, 99)
26 (1, 4, 94, 131, 74, 0, 0, 11, 1, 1, 0, 119)
27 (1, 4, 120, 67, 0, 0, 0, 13, 1, 1, 0, 178)
28 (1, 4, 37, 32, 0, 0, 0, 11, 1, 1, 0, 200)
29 (1, 4, 29, 6, 0, 0, 0, 10, 1, 1, 0, 53)
30 (1, 4, 20, 0, 0, 0, 0, 2, 2, 1, 0, 176)
31 (1, 4, 0, 0, 0, 0, 0, 0, 2, 1, 0, 209)

