0 (1, 4, 204, 0, 0, 0, 0, 0, 2, 2, 0, 184)
1 (1, 4, 259, 0, 0, 0, 14, 0, 2, 1, 0, 17)
2 (1, 4, 249, 0, 0, 0, 35, 0, 1, 1, 0, 52)
3 (1, 4, 192, 85, 48, 0, 61, 0, 8, 4, 0, 143)
4 (1, 4, 124, 115, 100, 0, 44, 0, 3, 2, 0, 100)
5 (1, 4, 112, 72, 119, 0, 39, 0, 5, 8, 0, 166)
6 (1, 4, 0, 47, 67, 0, 73, 0, 2, 4, 0, 128)
7 (1, 4, 0, 82, 0, 0, 29, 3, 5, 4, 0, 15)
8 (1, 4, 0, 0, 0, 0, 21, 0, 4, 5, 0, 46)
9 (1, 4, 0, 45, 0, 0, 13, 0, 5, 3, 0, 107)
10 (1, 4, 9, 26, 27, 0, 11, 0, 0, 20, 0, 132)
11 (1, 4, 0, 0, 0, 0, 10, 0, 12, 12, 0, 33)
12 (1, 4, 0, 2, 0, 0, 6, 0, 2, 1, 0, 173)
13 (1, 4, 0, 0, 0, 0, 18, 0, 4, 2, 0, 80)
14 (1, 4, 71, 0, 39, 0, 20, 0, 2, 2, 0, 178)
15 (1, 4, 57, 0, 69, 0, 12, 9, 2, 2, 0, 19)
16 (1, 4, 163, 0, 10, 0, 4, 19, 2, 4, 0, 20)
17 (1, 4, 219, 0, 0, 0, 30, 14, 0, 4, 0, 184)
18 (1, 4, 273, 0, 63, 0, 50, 50, 2, 2, 0, 233)
19 (1, 4, 280, 0, 0, 0, 61, 0, 2, 2, 0, 45)
20 (1, 4, 0, 0, 0, 0, 77, 0, 5, 3, 0, 111)
21 (1, 4, 0, 251, 0, 0, 47, 0, 20, 11, 0, 193)
22 (1, 4, 0, 283, 1, 0, 34, 21, 20, 11, 0, 210)
23 (1, 4, 0, 180, 0, 0, 26, 22, 2, 7, 0, 125)
24 (1, 4, 0, 105, 42, 0, 34, 11, 7, 7, 0, 24)
25 (1, 4, 0, 160, 170, 0, 14, 5, 3, 2, 0, 43)
26 (1, 4, 0, 117, 119, 0, 4, 3, 12, 8, 0, 236)
27 (1, 4, 0, 107, 31, 0, 0, 4, 4, 3, 0, 53)
0 (1, 4, 0, 297, 71, 0, 0, 0, 1, 1, 0, 72)
1 (1, 4, 161, 211, 34, 0, 0, 0, 1, 1, 0, 65)
0 (1, 4, 58, 83, 0, 0, 0, 10, 6, 5, 0, 215)
0 (1, 4, 0, 0, 227, 0, 0, 0, 2, 2, 0, 35)
1 (1, 4, 0, 0, 243, 0, 0, 0, 1, 1, 0, 71)
2 (1, 4, 0, 0, 235, 0, 0, 0, 1, 1, 0, 132)
3 (1, 4, 0, 0, 113, 0, 0, 0, 2, 1, 0, 63)
4 (1, 4, 0, 0, 0, 0, 0, 0, 2, 2, 0, 108)
5 (1, 4, 375, 108, 127, 0, 0, 9, 4, 4, 0, 226)
6 (1, 4, 364, 0, 6, 0, 0, 0, 5, 3, 0, 91)
7 (1, 4, 0, 0, 0, 0, 0, 0, 3, 3, 0, 101)
8 (1, 4, 0, 76, 0, 0, 0, 0, 2, 2, 0, 134)
9 (1, 4, 29, 117, 0, 0, 0, 0, 3, 2, 0, 231)
10 (1, 4, 82, 178, 0, 0, 0, 0, 2, 2, 0, 214)
11 (1, 4, 48, 205, 0, 0, 0, 0, 2, 2, 0, 21)
12 (1, 4, 56, 207, 0, 0, 0, 0, 3, 3, 0, 1)
13 (1, 4, 20, 114, 0, 0, 0, 0, 3, 2, 0, 155)
14 (1, 4, 79, 11, 0, 0, 0, 0, 2, 2, 0, 212)
15 (1, 4, 46, 0, 0, 0, 0, 0, 2, 2, 0, 255)
16 (1, 4, 0, 0, 66, 0, 0, 0, 2, 2, 0, 184)
17 (1, 4, 0, 0, 126, 0, 0, 0, 2, 2, 0, 219)
18 (1, 4, 0, 0, 199, 0, 0, 0, 1, 1, 0, 152)
19 (1, 4, 30, 0, 200, 0, 0, 0, 2, 2, 0, 110)
20 (1, 4, 0, 0, 165, 0, 0, 0, 3, 2, 0, 203)
21 (1, 4, 0, 28, 186, 0, 0, 0, 2, 3, 0, 236)
22 (1, 4, 0, 0, 103, 0, 0, 0, 3, 2, 0, 238)
23 (1, 4, 21, 5, 59, 0, 0, 0, 4, 2, 0, 24)
24 (1, 4, 51, 69, 0, 0, 0, 0, 2, 2, 0, 181)
25 (1, 4, 34, 82, 0, 0, 0, 0, 3, 3, 0, 49)
26 (1, 4, 0, 52, 0, 0, 0, 0, 4, 3, 0, 53)
27 (1, 4, 37, 0, 0, 0, 0, 0, 2, 2, 0, 157)
28 (1, 4, 81, 0, 0, 0, 0, 0, 2, 2, 0, 11)
29 (1, 4, 77, 0, 0, 0, 0, 0, 2, 2, 0, 163)
30 (1, 4, 108, 0, 0, 0, 0, 0, 2, 2, 0, 106)
31 (1, 4, 73, 0, 0, 0, 0, 0, 2, 2, 0, 155)
0 (1, 4, 0, 0, 180, 0, 0, 0, 2, 2, 0, 66)
1 (1, 4, 0, 0, 201, 0, 0, 0, 3, 2, 0, 44)
2 (1, 4, 0, 0, 208, 0, 0, 0, 3, 2, 0, 123)
3 (1, 4, 0, 17, 203, 0, 0, 0, 2, 2, 0, 181)
4 (1, 4, 34, 149, 142, 0, 0, 0, 3, 2, 0, 230)
5 (1, 4, 46, 159, 32, 0, 0, 0, 5, 4, 0, 132)
6 (1, 4, 23, 40, 0, 0, 0, 0, 14, 16, 0, 53)
7 (1, 4, 116, 0, 0, 0, 0, 0, 12, 9, 0, 68)
8 (1, 4, 263, 0, 0, 0, 0, 0, 3, 2, 0, 38)
9 (1, 4, 630, 0, 0, 0, 2, 8, 2, 2, 0, 250)
10 (1, 4, 625, 0, 0, 0, 6, 0, 3, 4, 0, 198)
11 (1, 4, 306, 0, 0, 0, 15, 0, 1, 1, 0, 231)
12 (1, 4, 7, 0, 0, 0, 30, 0, 1, 1, 0, 8)
13 (1, 4, 0, 0, 0, 0, 11, 0, 1, 1, 0, 61)
14 (1, 4, 0, 5, 0, 0, 5, 0, 2, 1, 0, 36)
15 (1, 4, 0, 6, 0, 0, 5, 0, 1, 1, 0, 90)
16 (1, 4, 0, 30, 0, 0, 5, 1, 1, 1, 0, 87)
17 (1, 4, 31, 48, 83, 0, 10, 3, 1, 1, 0, 4)
18 (1, 4, 0, 40, 197, 0, 12, 0, 2, 1, 0, 66)
19 (1, 4, 0, 28, 273, 0, 13, 0, 2, 1, 0, 52)
20 (1, 4, 0, 5, 333, 0, 14, 0, 2, 2, 0, 3)
21 (1, 4, 0, 26, 343, 0, 4, 0, 2, 2, 0, 12)
22 (1, 4, 0, 76, 268, 0, 0, 0, 2, 1, 0, 132)
23 (1, 4, 0, 85, 197, 0, 0, 6, 2, 1, 0, 80)
24 (1, 4, 0, 87, 97, 0, 0, 4, 2, 2, 0, 104)
25 (1, 4, 0, 53, 5, 0, 0, 1, 4, 3, 0, 149)
26 (1, 4, 0, 10, 0, 0, 0, 0, 3, 3, 0, 187)
27 (1, 4, 0, 34, 0, 0, 0, 0, 3, 3, 0, 202)
28 (1, 4, 0, 87, 0, 0, 0, 10, 3, 2, 0, 189)
29 (1, 4, 50, 49, 0, 0, 0, 12, 2, 2, 0, 222)
30 (1, 4, 49, 1, 0, 0, 3, 5, 2, 2, 0, 209)
31 (1, 4, 44, 0, 0, 0, 8, 1, 3, 2, 0, 159)
0 (1, 4, 0, 0, 0, 0, 4, 0, 1, 1, 0, 148)
1 (1, 4, 45, 5, 0, 0, 2, 0, 1, 1, 0, 107)
2 (1, 4, 94, 48, 0, 0, 7, 0, 1, 1, 0, 129)
3 (1, 4, 64, 41, 0, 0, 3, 0, 1, 1, 0, 177)
4 (1, 4, 85, 66, 0, 0, 4, 6, 1, 1, 0, 233)
5 (1, 4, 86, 123, 0, 0, 13, 21, 1, 1, 0, 83)
6 (1, 4, 82, 152, 0, 0, 42, 46, 1, 1, 0, 104)
7 (1, 4, 0, 95, 92, 0, 42, 54, 1, 1, 0, 194)
8 (1, 4, 0, 0, 153, 0, 34, 42, 1, 1, 0, 220)
9 (1, 4, 0, 0, 159, 0, 30, 10, 1, 1, 0, 166)
10 (1, 4, 0, 0, 139, 0, 12, 0, 1, 1, 0, 163)
11 (1, 4, 0, 0, 126, 0, 0, 0, 1, 1, 0, 192)
12 (1, 4, 0, 0, 110, 0, 1, 0, 1, 1, 0, 198)
13 (1, 4, 0, 0, 92, 0, 11, 0, 1, 1, 0, 91)
14 (1, 4, 0, 0, 122, 0, 12, 0, 1, 1, 0, 188)
15 (1, 4, 0, 21, 172, 0, 3, 0, 1, 1, 0, 31)
16 (1, 4, 0, 114, 227, 0, 0, 0, 1, 1, 0, 117)
17 (1, 4, 0, 132, 234, 0, 0, 0, 1, 1, 0, 203)
18 (1, 4, 58, 174, 241, 0, 2, 0, 1, 1, 0, 22)
19 (1, 4, 33, 264, 180, 0, 13, 3, 1, 1, 0, 251)
20 (1, 4, 0, 349, 149, 0, 11, 16, 1, 1, 0, 113)
21 (1, 4, 0, 342, 209, 0, 0, 41, 1, 1, 0, 178)
22 (1, 4, 0, 147, 184, 0, 0, 39, 1, 1, 0, 177)
23 (1, 4, 0, 0, 0, 0, 0, 28, 1, 1, 0, 59)
24 (1, 4, 0, 0, 0, 0, 12, 5, 1, 1, 0, 255)
25 (1, 4, 41, 0, 0, 0, 6, 0, 1, 1, 0, 223)
26 (1, 4, 172, 0, 0, 0, 0, 0, 1, 1, 0, 237)
27 (1, 4, 284, 0, 0, 0, 0, 0, 1, 1, 0, 221)
28 (1, 4, 325, 0, 0, 0, 2, 0, 2, 1, 0, 158)
29 (1, 4, 265, 0, 0, 0, 15, 0, 2, 2, 0, 185)
30 (1, 4, 146, 0, 0, 0, 21, 0, 2, 2, 0, 154)
31 (1, 4, 41, 0, 0, 0, 21, 0, 2, 2, 0, 202)
0 (1, 4, 233, 0, 0, 0, 12, 0, 2, 2, 0, 107)
1 (1, 4, 219, 0, 0, 0, 15, 0, 2, 2, 0, 219)
2 (1, 4, 101, 62, 0, 0, 12, 0, 2, 2, 0, 145)
3 (1, 4, 86, 160, 44, 0, 7, 0, 2, 2, 0, 150)
4 (1, 4, 148, 212, 156, 0, 16, 0, 2, 2, 0, 113)
5 (1, 4, 181, 270, 273, 0, 0, 8, 2, 1, 0, 104)
6 (1, 4, 233, 0, 203, 0, 40, 91, 1, 2, 0, 52)
7 (1, 4, 0, 0, 246, 0, 30, 45, 1, 1, 0, 57)
8 (1, 4, 0, 74, 314, 0, 0, 75, 1, 1, 0, 172)
9 (1, 4, 84, 419, 410, 0, 0, 40, 2, 2, 0, 200)
10 (1, 4, 98, 422, 166, 0, 0, 30, 7, 6, 0, 98)
11 (1, 4, 135, 0, 0, 0, 9, 17, 2, 1, 0, 90)
12 (1, 4, 0, 0, 0, 0, 19, 0, 15, 9, 0, 122)
13 (1, 4, 0, 0, 0, 0, 15, 0, 2, 2, 0, 197)
14 (1, 4, 0, 0, 0, 0, 16, 0, 5, 5, 0, 214)
15 (1, 4, 0, 112, 172, 0, 12, 0, 2, 2, 0, 131)
16 (1, 4, 0, 177, 249, 0, 0, 0, 2, 1, 0, 101)
17 (1, 4, 0, 99, 262, 0, 0, 0, 2, 2, 0, 217)
18 (1, 4, 90, 88, 253, 0, 0, 0, 2, 2, 0, 197)
19 (1, 4, 63, 217, 168, 0, 0, 1, 2, 2, 0, 152)
20 (1, 4, 0, 374, 92, 0, 0, 1, 2, 2, 0, 167)
21 (1, 4, 0, 329, 0, 0, 0, 30, 9, 9, 0, 170)
22 (1, 4, 119, 0, 0, 0, 0, 26, 1, 1, 0, 115)
23 (1, 4, 451, 0, 0, 0, 0, 0, 1, 1, 0, 251)
24 (1, 4, 873, 0, 0, 0, 0, 0, 1, 1, 0, 65)
25 (1, 4, 711, 0, 0, 0, 25, 0, 1, 1, 0, 248)
26 (1, 4, 229, 0, 0, 0, 28, 0, 1, 1, 0, 189)
27 (1, 4, 0, 0, 0, 0, 18, 0, 1, 1, 0, 0)
28 (1, 4, 0, 0, 0, 0, 14, 0, 1, 1, 0, 167)
29 (1, 4, 0, 0, 0, 0, 10, 0, 1, 1, 0, 68)
30 (1, 4, 0, 0, 0, 0, 3, 0, 1, 1, 0, 252)
31 (1, 4, 0, 71, 0, 0, 9, 0, 1, 1, 0, 78)
0 (1, 4, 0, 158, 0, 74, 0, 18, 1, 1, 0, 106)
1 (1, 4, 0, 89, 0, 75, 0, 27, 2, 1, 0, 102)
2 (1, 4, 0, 96, 0, 90, 0, 29, 2, 2, 0, 90)
3 (1, 4, 0, 87, 0, 99, 0, 33, 2, 2, 0, 239)
4 (1, 4, 0, 71, 0, 95, 0, 40, 2, 2, 0, 33)
5 (1, 4, 18, 25, 0, 85, 0, 46, 2, 2, 0, 49)
6 (1, 4, 0, 0, 0, 83, 0, 35, 2, 2, 0, 168)
7 (1, 4, 89, 42, 0, 73, 0, 26, 4, 4, 0, 227)
8 (1, 4, 247, 0, 0, 71, 0, 32, 6, 5, 0, 77)
9 (1, 4, 619, 0, 0, 73, 4, 20, 1, 1, 0, 40)
10 (1, 4, 660, 0, 0, 88, 44, 0, 3, 2, 0, 50)
11 (1, 4, 212, 0, 0, 94, 84, 0, 2, 2, 0, 204)
12 (1, 4, 0, 70, 33, 86, 45, 4, 2, 1, 0, 204)
13 (1, 4, 0, 128, 44, 67, 23, 19, 1, 1, 0, 198)
14 (1, 4, 95, 90, 128, 47, 43, 21, 1, 1, 0, 251)
15 (1, 4, 0, 92, 248, 25, 48, 20, 7, 6, 0, 168)
16 (1, 4, 285, 283, 479, 47, 25, 21, 4, 4, 0, 104)
17 (1, 4, 134, 566, 741, 0, 39, 13, 2, 1, 0, 152)
18 (1, 4, 0, 692, 868, 0, 20, 0, 4, 3, 0, 35)
19 (1, 4, 0, 260, 686, 0, 0, 33, 3, 2, 0, 55)
20 (1, 4, 0, 17, 742, 0, 0, 18, 2, 2, 0, 237)
21 (1, 4, 0, 28, 873, 0, 0, 13, 3, 4, 0, 241)
22 (1, 4, 5, 264, 873, 0, 0, 0, 5, 4, 0, 146)
23 (1, 4, 0, 122, 480, 0, 0, 0, 5, 5, 0, 4)
24 (1, 4, 0, 85, 61, 0, 0, 0, 2, 2, 0, 22)
25 (1, 4, 0, 12, 0, 0, 0, 0, 3, 2, 0, 103)
26 (1, 4, 32, 0, 0, 0, 0, 0, 4, 4, 0, 157)
27 (1, 4, 139, 0, 0, 0, 0, 0, 5, 5, 0, 36)
28 (1, 4, 245, 0, 0, 0, 0, 0, 2, 1, 0, 92)
0 (1, 4, 0, 0, 0, 0, 12, 0, 1, 1, 0, 85)
1 (1, 4, 0, 12, 0, 0, 8, 0, 1, 1, 0, 223)
2 (1, 4, 0, 125, 0, 0, 5, 0, 1, 1, 0, 17)
3 (1, 4, 70, 183, 0, 0, 9, 0, 1, 1, 0, 194)
4 (1, 4, 44, 193, 0, 0, 16, 0, 1, 1, 0, 74)
5 (1, 4, 0, 235, 98, 0, 8, 0, 1, 1, 0, 183)
6 (1, 4, 0, 280, 181, 0, 0, 0, 1, 1, 0, 250)
7 (1, 4, 160, 180, 145, 0, 0, 0, 1, 1, 0, 199)
8 (1, 4, 449, 113, 18, 0, 0, 0, 1, 1, 0, 34)
9 (1, 4, 529, 211, 0, 0, 0, 0, 1, 1, 0, 166)
10 (1, 4, 536, 355, 0, 0, 3, 0, 1, 1, 0, 20)
11 (1, 4, 273, 340, 0, 0, 11, 0, 4, 4, 0, 33)
12 (1, 4, 88, 175, 52, 0, 0, 17, 3, 3, 0, 221)
13 (1, 4, 129, 0, 69, 0, 0, 9, 3, 3, 0, 122)
14 (1, 4, 59, 0, 94, 0, 3, 0, 3, 3, 0, 226)
15 (1, 4, 0, 0, 136, 0, 4, 0, 3, 3, 0, 203)
16 (1, 4, 0, 0, 170, 0, 0, 0, 2, 2, 0, 240)
17 (1, 4, 0, 0, 178, 0, 3, 0, 2, 2, 0, 184)
18 (1, 4, 0, 0, 237, 0, 0, 0, 2, 2, 0, 238)
19 (1, 4, 53, 0, 209, 0, 0, 0, 2, 2, 0, 156)
20 (1, 4, 118, 0, 173, 0, 0, 0, 1, 1, 0, 132)
21 (1, 4, 143, 0, 161, 0, 0, 0, 1, 1, 0, 163)
22 (1, 4, 191, 0, 176, 0, 0, 0, 1, 1, 0, 111)
23 (1, 4, 217, 0, 177, 0, 0, 0, 3, 3, 0, 131)
24 (1, 4, 234, 0, 90, 0, 0, 0, 2, 2, 0, 76)
25 (1, 4, 247, 0, 0, 0, 0, 0, 2, 1, 0, 64)
26 (1, 4, 217, 0, 0, 0, 0, 0, 1, 1, 0, 117)
27 (1, 4, 167, 0, 0, 0, 7, 0, 1, 1, 0, 231)
28 (1, 4, 90, 0, 0, 0, 6, 0, 1, 1, 0, 99)
29 (1, 4, 64, 0, 0, 0, 6, 0, 1, 1, 0, 239)
30 (1, 4, 56, 0, 0, 0, 10, 0, 1, 1, 0, 19)
31 (1, 4, 21, 0, 0, 0, 12, 0, 1, 1, 0, 131)
0 (1, 4, 27, 125, 181, 0, 0, 0, 1, 1, 0, 179)
1 (1, 4, 11, 68, 133, 0, 3, 1, 1, 1, 0, 35)
2 (1, 4, 11, 11, 100, 0, 0, 2, 1, 1, 0, 156)
3 (1, 4, 27, 8, 77, 0, 0, 2, 1, 1, 0, 114)
4 (1, 4, 19, 0, 34, 0, 0, 4, 1, 1, 0, 33)
5 (1, 4, 25, 0, 0, 0, 0, 4, 1, 1, 0, 156)
6 (1, 4, 74, 0, 0, 0, 0, 0, 1, 1, 0, 146)
7 (1, 4, 141, 0, 0, 0, 1, 0, 1, 1, 0, 93)
8 (1, 4, 265, 0, 0, 0, 12, 0, 1, 1, 0, 41)
9 (1, 4, 97, 0, 0, 0, 18, 0, 1, 1, 0, 64)
10 (1, 4, 0, 0, 0, 0, 6, 0, 0, 1, 0, 4)
11 (1, 4, 0, 0, 0, 0, 0, 0, 1, 1, 0, 119)
12 (1, 4, 0, 17, 0, 0, 0, 0, 0, 1, 0, 193)
13 (1, 4, 80, 98, 0, 0, 7, 0, 1, 1, 0, 90)
14 (1, 4, 134, 124, 0, 0, 10, 0, 1, 1, 0, 60)
15 (1, 4, 165, 122, 0, 0, 6, 0, 1, 1, 0, 124)
16 (1, 4, 195, 126, 0, 0, 2, 0, 1, 1, 0, 47)
17 (1, 4, 243, 122, 48, 0, 0, 6, 1, 1, 0, 109)
18 (1, 4, 208, 122, 126, 0, 4, 14, 1, 1, 0, 135)
19 (1, 4, 126, 95, 167, 0, 9, 16, 1, 1, 0, 95)
20 (1, 4, 37, 26, 178, 0, 13, 12, 1, 1, 0, 162)
21 (1, 4, 0, 0, 204, 0, 15, 0, 1, 1, 0, 54)
22 (1, 4, 0, 0, 227, 0, 7, 0, 1, 1, 0, 80)
23 (1, 4, 0, 109, 185, 0, 0, 0, 1, 1, 0, 178)
24 (1, 4, 0, 133, 113, 0, 0, 1, 0, 1, 0, 74)
25 (1, 4, 0, 42, 61, 0, 4, 0, 1, 1, 0, 127)
26 (1, 4, 0, 11, 43, 0, 11, 0, 1, 1, 0, 175)
27 (1, 4, 0, 66, 35, 0, 8, 0, 1, 1, 0, 29)
28 (1, 4, 0, 95, 37, 0, 0, 4, 1, 1, 0, 101)
29 (1, 4, 0, 59, 17, 0, 0, 7, 1, 1, 0, 71)
30 (1, 4, 60, 1, 0, 0, 0, 6, 1, 1, 0, 97)
31 (1, 4, 70, 0, 0, 0, 0, 2, 1, 1, 0, 99)
GLOVE DISCONNECTED
GLOVE CONNECTED
0 (1, 4, 0, 0, 2, 0, 29, 28, 1, 1, 0, 202)
1 (1, 4, 0, 0, 2, 0, 33, 21, 8, 5, 0, 133)
2 (1, 4, 0, 0, 9, 0, 33, 23, 2, 2, 0, 240)
3 (1, 4, 0, 49, 79, 0, 25, 0, 6, 9, 0, 134)
4 (1, 4, 0, 162, 63, 0, 0, 25, 3, 3, 0, 245)
5 (1, 4, 112, 330, 64, 0, 14, 5, 3, 2, 0, 153)
6 (1, 4, 222, 237, 112, 0, 7, 27, 0, 1, 0, 236)
7 (1, 4, 167, 0, 46, 0, 17, 16, 1, 1, 0, 147)
8 (1, 4, 153, 0, 33, 0, 11, 4, 2, 1, 0, 15)
9 (1, 4, 249, 0, 54, 0, 0, 18, 2, 1, 0, 142)
10 (1, 4, 154, 14, 30, 0, 3, 21, 1, 1, 0, 170)
11 (1, 4, 0, 26, 0, 0, 0, 21, 1, 0, 0, 218)
12 (1, 4, 0, 0, 0, 0, 0, 23, 1, 1, 0, 183)
13 (1, 4, 0, 0, 0, 0, 6, 9, 2, 2, 0, 72)
14 (1, 4, 6, 0, 0, 0, 21, 0, 3, 2, 0, 53)
15 (1, 4, 0, 0, 0, 0, 25, 2, 2, 1, 0, 85)
16 (1, 4, 0, 9, 0, 0, 20, 0, 2, 2, 0, 12)
17 (1, 4, 0, 24, 77, 0, 2, 1, 2, 1, 0, 163)
18 (1, 4, 53, 53, 133, 0, 0, 9, 2, 1, 0, 2)
19 (1, 4, 0, 0, 110, 0, 13, 0, 1, 1, 0, 228)
20 (1, 4, 0, 0, 80, 0, 22, 0, 1, 1, 0, 103)
21 (1, 4, 0, 0, 104, 0, 15, 0, 2, 1, 0, 193)
22 (1, 4, 0, 89, 133, 0, 5, 0, 2, 1, 0, 148)
23 (1, 4, 0, 120, 138, 0, 0, 0, 2, 1, 0, 32)
24 (1, 4, 0, 76, 148, 0, 3, 0, 2, 1, 0, 96)
25 (1, 4, 0, 41, 172, 0, 4, 0, 2, 2, 0, 166)
26 (1, 4, 0, 64, 175, 0, 6, 0, 1, 2, 0, 14)
27 (1, 4, 0, 124, 176, 0, 6, 2, 2, 2, 0, 253)
28 (1, 4, 0, 119, 160, 0, 0, 7, 2, 2, 0, 82)
29 (1, 4, 0, 63, 107, 0, 0, 7, 2, 2, 0, 111)
0 (1, 4, 0, 136, 159, 0, 1, 0, 1, 1, 0, 107)
1 (1, 4, 0, 67, 177, 0, 0, 0, 2, 1, 0, 110)
2 (1, 4, 0, 13, 167, 0, 0, 0, 1, 1, 0, 65)
3 (1, 4, 0, 41, 162, 0, 0, 0, 2, 1, 0, 53)
4 (1, 4, 0, 91, 111, 0, 0, 0, 2, 1, 0, 4)
5 (1, 4, 0, 103, 31, 0, 0, 2, 2, 2, 0, 176)
6 (1, 4, 34, 52, 0, 0, 0, 5, 2, 2, 0, 100)
7 (1, 4, 80, 0, 0, 0, 0, 5, 2, 2, 0, 175)
8 (1, 4, 129, 0, 0, 0, 0, 3, 3, 2, 0, 115)
9 (1, 4, 244, 0, 0, 0, 5, 0, 3, 2, 0, 23)
10 (1, 4, 741, 0, 0, 0, 24, 0, 2, 1, 0, 252)
11 (1, 4, 369, 0, 0, 0, 27, 0, 1, 2, 0, 167)
12 (1, 4, 45, 0, 0, 0, 18, 0, 2, 2, 0, 154)
13 (1, 4, 0, 0, 0, 0, 16, 0, 2, 2, 0, 233)
14 (1, 4, 0, 0, 0, 0, 12, 0, 2, 2, 0, 78)
15 (1, 4, 0, 0, 0, 0, 6, 0, 4, 3, 0, 93)
16 (1, 4, 81, 32, 0, 0, 10, 0, 12, 7, 0, 104)
17 (1, 4, 115, 51, 7, 0, 17, 3, 3, 2, 0, 182)
18 (1, 4, 137, 118, 176, 0, 18, 12, 3, 2, 0, 106)
19 (1, 4, 81, 159, 317, 0, 28, 6, 3, 3, 0, 18)
20 (1, 4, 0, 161, 427, 0, 23, 1, 3, 3, 0, 116)
21 (1, 4, 18, 227, 451, 0, 10, 3, 3, 3, 0, 184)
22 (1, 4, 0, 245, 324, 0, 7, 0, 2, 3, 0, 217)
23 (1, 4, 0, 247, 153, 0, 5, 1, 2, 2, 0, 172)
24 (1, 4, 0, 204, 38, 0, 9, 5, 4, 2, 0, 81)
25 (1, 4, 0, 105, 5, 0, 6, 6, 2, 2, 0, 60)
26 (1, 4, 0, 22, 17, 0, 1, 1, 2, 2, 0, 247)
27 (1, 4, 0, 14, 23, 0, 5, 0, 2, 2, 0, 104)
28 (1, 4, 0, 76, 52, 0, 9, 0, 2, 2, 0, 225)
29 (1, 4, 0, 116, 40, 0, 4, 2, 2, 2, 0, 142)
30 (1, 4, 0, 91, 26, 0, 0, 7, 2, 2, 0, 26)
31 (1, 4, 0, 44, 13, 0, 0, 9, 2, 2, 0, 132)
GLOVE DISCONNECTED
GLOVE CONNECTED
0 (1, 4, 0, 0, 0, 0, 0, 0, 0, 1, 0, 21)
1 (1, 4, 73, 61, 0, 0, 0, 0, 1, 1, 0, 255)
2 (1, 4, 269, 51, 0, 0, 0, 0, 1, 1, 0, 72)
3 (1, 4, 381, 10, 0, 0, 2, 0, 1, 1, 0, 177)
4 (1, 4, 474, 0, 0, 0, 6, 0, 1, 1, 0, 116)
5 (1, 4, 444, 21, 0, 0, 12, 0, 1, 1, 0, 35)
6 (1, 4, 356, 65, 0, 0, 11, 0, 1, 1, 0, 127)
7 (1, 4, 226, 133, 0, 0, 2, 0, 1, 1, 0, 172)
8 (1, 4, 294, 148, 0, 0, 2, 0, 1, 1, 0, 222)
9 (1, 4, 409, 127, 0, 0, 9, 8, 1, 1, 0, 61)
10 (1, 4, 359, 131, 0, 0, 25, 15, 1, 1, 0, 12)
11 (1, 4, 206, 126, 0, 0, 37, 28, 1, 1, 0, 64)
12 (1, 4, 27, 40, 0, 0, 32, 27, 1, 1, 0, 214)
13 (1, 4, 0, 0, 25, 0, 29, 22, 1, 1, 0, 225)
14 (1, 4, 0, 0, 80, 0, 24, 14, 1, 1, 0, 145)
15 (1, 4, 0, 0, 133, 0, 20, 3, 1, 1, 0, 76)
16 (1, 4, 0, 0, 274, 0, 16, 0, 1, 1, 0, 255)
17 (1, 4, 0, 0, 316, 0, 10, 0, 3, 3, 0, 104)
18 (1, 4, 0, 35, 365, 0, 0, 0, 1, 1, 0, 67)
19 (1, 4, 0, 81, 354, 0, 0, 0, 1, 1, 0, 87)
20 (1, 4, 21, 0, 413, 0, 0, 0, 1, 1, 0, 4)
21 (1, 4, 190, 0, 407, 0, 0, 0, 8, 3, 0, 138)
22 (1, 4, 197, 86, 222, 0, 0, 0, 4, 4, 0, 29)
23 (1, 4, 102, 133, 0, 0, 10, 0, 3, 3, 0, 82)
24 (1, 4, 155, 236, 0, 0, 29, 0, 3, 2, 0, 110)
25 (1, 4, 268, 383, 19, 0, 12, 0, 3, 2, 0, 214)
26 (1, 4, 471, 367, 0, 0, 0, 0, 6, 8, 0, 37)
27 (1, 4, 634, 178, 0, 0, 6, 0, 9, 4, 0, 182)
28 (1, 4, 410, 0, 0, 0, 38, 8, 3, 2, 0, 99)
29 (1, 4, 0, 0, 0, 0, 39, 0, 2, 1, 0, 180)
30 (1, 4, 0, 0, 0, 0, 10, 0, 1, 1, 0, 68)
31 (1, 4, 0, 0, 0, 0, 6, 0, 4, 16, 0, 66)
GLOVE DISCONNECTED
GLOVE DISCONNECTED
GLOVE CONNECTED
0 (1, 4, 209, 187, 0, 0, 9, 0, 1, 1, 0, 116)
1 (1, 4, 196, 113, 0, 0, 18, 0, 1, 1, 0, 49)
2 (1, 4, 237, 22, 9, 0, 19, 0, 1, 1, 0, 154)
3 (1, 4, 142, 15, 196, 0, 27, 0, 1, 1, 0, 28)
4 (1, 4, 66, 80, 385, 0, 26, 0, 1, 1, 0, 142)
5 (1, 4, 180, 214, 578, 0, 13, 4, 1, 1, 0, 105)
6 (1, 4, 263, 257, 616, 0, 19, 0, 1, 1, 0, 2)
7 (1, 4, 232, 214, 463, 0, 29, 0, 1, 1, 0, 216)
8 (1, 4, 0, 217, 202, 0, 33, 0, 3, 1, 0, 187)
9 (1, 4, 0, 327, 30, 0, 24, 0, 0, 1, 0, 135)
10 (1, 4, 0, 322, 3, 0, 6, 0, 1, 1, 0, 214)
11 (1, 4, 0, 177, 32, 0, 1, 6, 2, 1, 0, 141)
12 (1, 4, 0, 42, 92, 0, 0, 4, 2, 1, 0, 222)
13 (1, 4, 0, 30, 107, 0, 0, 0, 1, 1, 0, 16)
14 (1, 4, 0, 45, 74, 0, 0, 0, 1, 1, 0, 1)
15 (1, 4, 54, 10, 0, 0, 0, 0, 2, 2, 0, 177)
16 (1, 4, 35, 0, 0, 0, 12, 0, 1, 1, 0, 128)
17 (1, 4, 92, 0, 0, 0, 9, 0, 2, 1, 0, 72)
18 (1, 4, 234, 0, 0, 0, 13, 0, 2, 1, 0, 189)
19 (1, 4, 433, 0, 0, 0, 19, 0, 1, 1, 0, 71)
20 (1, 4, 491, 0, 0, 0, 25, 0, 1, 1, 0, 113)
21 (1, 4, 300, 0, 0, 0, 23, 0, 1, 1, 0, 23)
22 (1, 4, 58, 0, 0, 0, 16, 0, 1, 1, 0, 185)
23 (1, 4, 0, 0, 0, 0, 15, 0, 1, 1, 0, 222)
24 (1, 4, 0, 0, 0, 0, 10, 0, 0, 0, 0, 77)
25 (1, 4, 0, 30, 0, 0, 8, 0, 1, 0, 0, 184)
26 (1, 4, 0, 93, 0, 0, 12, 0, 1, 0, 0, 0)
27 (1, 4, 33, 122, 0, 0, 16, 4, 0, 0, 0, 185)
28 (1, 4, 159, 180, 116, 0, 27, 8, 0, 0, 0, 168)
29 (1, 4, 127, 229, 288, 0, 29, 4, 1, 0, 0, 207)
30 (1, 4, 56, 275, 348, 0, 23, 0, 0, 0, 0, 163)
31 (1, 4, 47, 270, 310, 0, 30, 0, 0, 1, 0, 145)
0 (1, 4, 0, 19, 0, 0, 7, 13, 2, 1, 0, 64)
1 (1, 4, 0, 0, 0, 0, 4, 6, 3, 1, 0, 156)
2 (1, 4, 0, 0, 0, 0, 15, 0, 2, 1, 0, 120)
3 (1, 4, 0, 0, 0, 0, 22, 0, 1, 1, 0, 227)
4 (1, 4, 0, 0, 0, 0, 32, 0, 1, 1, 0, 122)
5 (1, 4, 0, 0, 0, 0, 21, 0, 2, 1, 0, 206)
6 (1, 4, 0, 0, 0, 0, 22, 0, 1, 1, 0, 227)
7 (1, 4, 171, 0, 0, 0, 16, 0, 1, 0, 0, 41)
8 (1, 4, 362, 122, 0, 0, 28, 0, 1, 0, 0, 101)
9 (1, 4, 367, 176, 0, 0, 43, 0, 1, 1, 0, 132)
10 (1, 4, 212, 140, 0, 0, 38, 0, 2, 1, 0, 225)
11 (1, 4, 33, 7, 0, 0, 38, 0, 2, 2, 0, 187)
12 (1, 4, 0, 0, 0, 0, 32, 0, 1, 1, 0, 122)
13 (1, 4, 0, 0, 73, 0, 10, 0, 1, 1, 0, 151)
14 (1, 4, 0, 0, 35, 0, 0, 0, 2, 1, 0, 148)
15 (1, 4, 0, 0, 0, 0, 0, 0, 1, 1, 0, 119)
16 (1, 4, 0, 0, 0, 0, 0, 0, 1, 1, 0, 119)
17 (1, 4, 0, 0, 0, 0, 0, 0, 1, 1, 0, 119)
18 (1, 4, 0, 0, 14, 0, 0, 0, 1, 1, 0, 186)
19 (1, 4, 0, 0, 0, 0, 0, 0, 0, 1, 0, 21)
20 (1, 4, 0, 33, 0, 0, 0, 0, 1, 0, 0, 107)
21 (1, 4, 0, 5, 0, 0, 0, 0, 1, 0, 0, 115)
22 (1, 4, 0, 70, 0, 0, 0, 0, 0, 0, 0, 74)
23 (1, 4, 0, 10, 0, 0, 0, 0, 1, 0, 0, 194)
24 (1, 4, 0, 12, 0, 0, 0, 0, 1, 0, 0, 117)
25 (1, 4, 0, 29, 0, 0, 0, 0, 0, 0, 0, 195)
26 (1, 4, 0, 0, 0, 0, 0, 0, 1, 0, 0, 28)
27 (1, 4, 0, 0, 0, 0, 0, 0, 1, 0, 0, 28)
28 (1, 4, 0, 0, 0, 0, 0, 0, 0, 0, 0, 126)
29 (1, 4, 2, 21, 0, 0, 0, 0, 1, 0, 0, 14)
30 (1, 4, 123, 26, 0, 0, 0, 0, 1, 0, 0, 111)
31 (1, 4, 253, 28, 0, 0, 0, 0, 0, 0, 0, 139)
0 (1, 4, 63, 16, 0, 71, 0, 30, 0, 1, 0, 116)
1 (1, 4, 62, 0, 0, 87, 0, 51, 2, 2, 0, 116)
2 (1, 4, 63, 0, 0, 81, 0, 44, 2, 2, 0, 18)
3 (1, 4, 77, 2, 0, 81, 0, 29, 2, 2, 0, 96)
4 (1, 4, 81, 28, 0, 72, 0, 27, 2, 2, 0, 113)
5 (1, 4, 251, 0, 0, 67, 0, 41, 3, 3, 0, 220)
6 (1, 4, 334, 0, 0, 90, 0, 35, 3, 3, 0, 153)
7 (1, 4, 182, 0, 0, 80, 0, 42, 3, 3, 0, 163)
8 (1, 4, 483, 0, 0, 79, 0, 24, 2, 3, 0, 5)
9 (1, 4, 591, 0, 0, 79, 24, 3, 3, 3, 0, 224)
10 (1, 4, 328, 0, 0, 89, 63, 0, 1, 1, 0, 104)
11 (1, 4, 47, 76, 38, 94, 75, 0, 1, 0, 0, 44)
12 (1, 4, 0, 76, 64, 91, 48, 14, 1, 0, 0, 88)
13 (1, 4, 0, 33, 22, 87, 27, 11, 1, 0, 0, 89)
14 (1, 4, 31, 13, 6, 73, 33, 7, 1, 0, 0, 94)
15 (1, 4, 25, 78, 51, 77, 57, 0, 0, 0, 0, 35)
16 (1, 4, 54, 180, 195, 85, 57, 0, 0, 0, 0, 197)
17 (1, 4, 80, 351, 240, 82, 22, 19, 1, 0, 0, 117)
18 (1, 4, 178, 301, 168, 74, 15, 45, 1, 0, 0, 33)
19 (1, 4, 215, 529, 356, 70, 27, 57, 3, 3, 0, 51)
20 (1, 4, 0, 378, 284, 33, 0, 100, 20, 20, 0, 118)
21 (1, 4, 0, 232, 159, 0, 0, 141, 3, 2, 0, 224)
22 (1, 4, 0, 45, 138, 27, 0, 94, 2, 2, 0, 142)
23 (1, 4, 3, 0, 126, 17, 0, 117, 4, 4, 0, 138)
24 (1, 4, 0, 0, 0, 28, 0, 74, 2, 2, 0, 9)
25 (1, 4, 16, 17, 23, 31, 0, 65, 2, 2, 0, 10)
26 (1, 4, 63, 22, 0, 30, 0, 80, 2, 1, 0, 161)
27 (1, 4, 19, 18, 0, 32, 0, 82, 1, 1, 0, 79)
28 (1, 4, 19, 25, 0, 33, 0, 80, 2, 2, 0, 153)
29 (1, 4, 31, 9, 0, 29, 0, 83, 2, 1, 0, 241)
30 (1, 4, 21, 15, 0, 29, 0, 80, 2, 1, 0, 76)
31 (1, 4, 21, 0, 0, 28, 0, 86, 2, 1, 0, 46)
0 (1, 4, 0, 106, 0, 13, 0, 45, 2, 1, 0, 52)
1 (1, 4, 0, 126, 0, 11, 0, 47, 1, 1, 0, 210)
2 (1, 4, 0, 80, 0, 16, 0, 47, 1, 1, 0, 58)
3 (1, 4, 0, 57, 0, 21, 0, 41, 1, 1, 0, 210)
4 (1, 4, 0, 9, 0, 24, 0, 23, 3, 2, 0, 199)
5 (1, 4, 0, 0, 0, 33, 0, 1, 3, 3, 0, 76)
6 (1, 4, 0, 0, 0, 44, 0, 0, 5, 4, 0, 85)
7 (1, 4, 0, 0, 0, 55, 0, 0, 3, 2, 0, 77)
8 (1, 4, 0, 0, 0, 60, 0, 0, 2, 2, 0, 246)
9 (1, 4, 0, 0, 0, 61, 15, 0, 2, 2, 0, 64)
10 (1, 4, 0, 0, 0, 43, 42, 0, 1, 1, 0, 121)
11 (1, 4, 173, 0, 43, 51, 77, 0, 1, 1, 0, 100)
12 (1, 4, 0, 6, 61, 58, 48, 0, 1, 1, 0, 103)
13 (1, 4, 44, 9, 27, 50, 35, 0, 1, 1, 0, 32)
14 (1, 4, 309, 0, 70, 51, 29, 0, 1, 1, 0, 15)
15 (1, 4, 722, 0, 158, 59, 0, 0, 1, 1, 0, 151)
16 (1, 4, 873, 11, 161, 58, 0, 0, 3, 2, 0, 16)
17 (1, 4, 873, 0, 54, 40, 0, 0, 2, 2, 0, 187)
18 (1, 4, 873, 0, 25, 38, 0, 0, 3, 3, 0, 175)
19 (1, 4, 873, 5, 123, 32, 0, 6, 5, 4, 0, 57)
20 (1, 4, 616, 56, 110, 15, 0, 32, 2, 1, 0, 55)
21 (1, 4, 258, 23, 17, 0, 0, 75, 4, 3, 0, 19)
22 (1, 4, 161, 0, 0, 1, 16, 85, 3, 2, 0, 116)
23 (1, 4, 0, 82, 2, 5, 15, 105, 1, 1, 0, 204)
24 (1, 4, 0, 51, 35, 6, 15, 114, 2, 3, 0, 92)
25 (1, 4, 0, 0, 0, 24, 0, 133, 2, 1, 0, 254)
26 (1, 4, 0, 0, 6, 27, 0, 99, 2, 1, 0, 12)
27 (1, 4, 0, 20, 11, 21, 0, 96, 1, 1, 0, 187)
28 (1, 4, 0, 78, 4, 16, 0, 94, 2, 2, 0, 242)
29 (1, 4, 0, 139, 0, 3, 0, 96, 2, 2, 0, 195)
30 (1, 4, 0, 158, 0, 0, 0, 59, 3, 3, 0, 255)
0 (1, 4, 0, 110, 0, 6, 0, 4, 3, 2, 0, 124)
1 (1, 4, 54, 0, 0, 94, 24, 0, 1, 1, 0, 168)
2 (1, 4, 185, 0, 62, 90, 11, 0, 2, 1, 0, 127)
3 (1, 4, 478, 0, 172, 84, 0, 0, 2, 1, 0, 72)
4 (1, 4, 849, 0, 267, 70, 0, 0, 1, 1, 0, 219)
5 (1, 4, 873, 0, 301, 62, 0, 0, 1, 0, 0, 91)
6 (1, 4, 873, 0, 237, 39, 0, 0, 1, 1, 0, 119)
7 (1, 4, 873, 0, 197, 30, 0, 4, 4, 2, 0, 233)
8 (1, 4, 635, 0, 74, 24, 0, 46, 1, 1, 0, 95)
9 (1, 4, 123, 127, 30, 8, 0, 90, 1, 1, 0, 165)
10 (1, 4, 94, 88, 12, 0, 0, 104, 1, 1, 0, 247)
11 (1, 4, 120, 0, 0, 0, 0, 146, 1, 1, 0, 73)
12 (1, 4, 0, 4, 5, 20, 0, 106, 1, 1, 0, 91)
13 (1, 4, 0, 22, 0, 17, 0, 95, 1, 1, 0, 38)
14 (1, 4, 0, 38, 0, 13, 0, 90, 1, 1, 0, 92)
15 (1, 4, 0, 33, 0, 5, 0, 87, 1, 1, 0, 230)
16 (1, 4, 0, 13, 0, 14, 0, 50, 1, 1, 0, 218)
17 (1, 4, 0, 67, 0, 20, 0, 0, 1, 1, 0, 167)
18 (1, 4, 0, 14, 0, 26, 0, 0, 1, 0, 0, 41)
19 (1, 4, 0, 0, 0, 52, 0, 0, 1, 1, 0, 21)
20 (1, 4, 0, 0, 0, 72, 0, 0, 1, 1, 0, 90)
21 (1, 4, 0, 0, 0, 92, 0, 0, 2, 2, 0, 202)
22 (1, 4, 311, 0, 160, 93, 0, 0, 2, 1, 0, 104)
23 (1, 4, 544, 0, 156, 95, 0, 0, 3, 2, 0, 38)
24 (1, 4, 626, 15, 155, 76, 0, 0, 1, 1, 0, 168)
25 (1, 4, 723, 22, 172, 57, 0, 0, 3, 3, 0, 205)
26 (1, 4, 720, 65, 205, 38, 0, 4, 1, 0, 0, 240)
27 (1, 4, 822, 29, 178, 16, 0, 43, 0, 0, 0, 67)
28 (1, 4, 642, 50, 134, 9, 0, 50, 5, 8, 0, 173)
29 (1, 4, 0, 185, 62, 0, 0, 81, 2, 2, 0, 205)
30 (1, 4, 0, 79, 0, 0, 0, 88, 4, 4, 0, 20)
31 (1, 4, 34, 0, 7, 0, 0, 185, 5, 4, 0, 203)
32 (1, 4, 0, 0, 22, 18, 0, 89, 3, 2, 0, 106)
0 (1, 4, 722, 0, 325, 87, 0, 0, 0, 0, 0, 9)
1 (1, 4, 873, 0, 356, 73, 0, 0, 2, 2, 0, 110)
2 (1, 4, 837, 0, 334, 55, 0, 0, 6, 5, 0, 100)
3 (1, 4, 765, 0, 281, 28, 0, 4, 1, 1, 0, 130)
4 (1, 4, 838, 0, 207, 12, 0, 39, 3, 3, 0, 171)
5 (1, 4, 563, 65, 174, 16, 0, 61, 2, 2, 0, 108)
6 (1, 4, 150, 132, 65, 3, 0, 74, 3, 2, 0, 92)
7 (1, 4, 13, 300, 108, 0, 0, 84, 3, 3, 0, 105)
8 (1, 4, 7, 0, 0, 11, 0, 49, 3, 2, 0, 80)
9 (1, 4, 0, 0, 0, 0, 0, 104, 2, 3, 0, 9)
10 (1, 4, 0, 0, 0, 0, 0, 97, 3, 3, 0, 94)
11 (1, 4, 2, 4, 2, 0, 0, 94, 4, 4, 0, 3)
12 (1, 4, 0, 8, 0, 0, 0, 93, 2, 1, 0, 180)
13 (1, 4, 0, 0, 0, 0, 0, 93, 1, 1, 0, 161)
14 (1, 4, 2, 0, 0, 0, 0, 93, 1, 1, 0, 189)
15 (1, 4, 0, 0, 0, 0, 0, 94, 1, 1, 0, 199)
16 (1, 4, 0, 1, 0, 0, 0, 93, 1, 1, 0, 20)
17 (1, 4, 0, 3, 0, 0, 0, 93, 1, 1, 0, 121)
18 (1, 4, 0, 0, 0, 0, 0, 94, 1, 1, 0, 199)
19 (1, 4, 0, 0, 0, 0, 0, 93, 1, 1, 0, 161)
20 (1, 4, 0, 0, 0, 0, 0, 93, 1, 1, 0, 161)
21 (1, 4, 0, 0, 0, 0, 0, 95, 1, 1, 0, 24)
22 (1, 4, 0, 0, 0, 0, 0, 92, 0, 0, 0, 119)
23 (1, 4, 0, 0, 0, 1, 0, 95, 3, 3, 0, 21)
24 (1, 4, 0, 0, 0, 0, 0, 99, 1, 1, 0, 245)
25 (1, 4, 0, 0, 0, 0, 0, 93, 1, 1, 0, 161)
26 (1, 4, 0, 0, 0, 34, 0, 17, 4, 4, 0, 129)
27 (1, 4, 0, 43, 0, 48, 0, 0, 2, 4, 0, 166)
28 (1, 4, 0, 228, 0, 55, 0, 0, 1, 1, 0, 174)
29 (1, 4, 0, 323, 0, 67, 0, 0, 2, 2, 0, 38)
30 (1, 4, 0, 295, 0, 80, 0, 0, 4, 4, 0, 93)
31 (1, 4, 0, 54, 0, 87, 15, 0, 3, 4, 0, 177)
GLOVE DISCONNECTED
GLOVE CONNECTED
0 (1, 4, 220, 0, 0, 0, 14, 0, 0, 1, 0, 241)
1 (1, 4, 124, 0, 0, 0, 31, 0, 1, 1, 0, 189)
2 (1, 4, 0, 40, 0, 0, 24, 0, 1, 1, 0, 66)
3 (1, 4, 0, 79, 0, 0, 17, 0, 1, 1, 0, 185)
4 (1, 4, 0, 6, 11, 0, 18, 0, 1, 1, 0, 176)
5 (1, 4, 0, 0, 273, 0, 7, 4, 1, 1, 0, 220)
6 (1, 4, 85, 0, 536, 0, 3, 1, 1, 1, 0, 5)
7 (1, 4, 134, 0, 784, 0, 1, 0, 1, 1, 0, 167)
8 (1, 4, 276, 0, 803, 0, 0, 0, 1, 1, 0, 15)
9 (1, 4, 0, 0, 648, 0, 0, 0, 1, 1, 0, 128)
10 (1, 4, 0, 118, 340, 0, 0, 0, 1, 2, 0, 218)
11 (1, 4, 202, 115, 0, 0, 0, 0, 1, 1, 0, 127)
12 (1, 4, 0, 79, 0, 0, 0, 0, 2, 2, 0, 94)
13 (1, 4, 0, 0, 0, 0, 0, 0, 1, 1, 0, 119)
14 (1, 4, 49, 0, 0, 0, 0, 0, 1, 1, 0, 94)
15 (1, 4, 20, 34, 0, 0, 0, 0, 1, 1, 0, 0)
16 (1, 4, 23, 94, 0, 0, 7, 0, 1, 1, 0, 51)
17 (1, 4, 87, 131, 0, 0, 7, 0, 1, 1, 0, 133)
18 (1, 4, 130, 84, 0, 0, 12, 0, 1, 1, 0, 100)
19 (1, 4, 197, 23, 0, 0, 15, 0, 1, 1, 0, 23)
20 (1, 4, 114, 32, 0, 0, 24, 0, 1, 1, 0, 67)
21 (1, 4, 0, 76, 0, 0, 22, 0, 1, 1, 0, 9)
22 (1, 4, 0, 46, 10, 0, 10, 0, 1, 1, 0, 17)
23 (1, 4, 0, 0, 179, 0, 0, 2, 1, 1, 0, 5)
24 (1, 4, 197, 0, 32, 0, 0, 0, 1, 1, 0, 35)
25 (1, 4, 295, 0, 0, 0, 0, 0, 1, 1, 0, 152)
26 (1, 4, 640, 0, 0, 0, 0, 0, 1, 1, 0, 102)
27 (1, 4, 873, 0, 0, 0, 0, 8, 1, 1, 0, 171)
28 (1, 4, 825, 0, 0, 0, 0, 0, 1, 1, 0, 40)
29 (1, 4, 381, 0, 0, 0, 21, 35, 1, 1, 0, 69)
30 (1, 4, 152, 0, 0, 0, 13, 68, 1, 1, 0, 153)
31 (1, 4, 113, 0, 0, 0, 12, 78, 1, 1, 0, 150)
GLOVE DISCONNECTED
GLOVE CONNECTED
0 (1, 4, 4, 86, 0, 0, 0, 0, 1, 1, 0, 26)
1 (1, 4, 0, 57, 0, 0, 0, 0, 1, 1, 0, 210)
2 (1, 4, 0, 31, 8, 0, 0, 0, 1, 1, 0, 27)
3 (1, 4, 0, 0, 74, 0, 0, 0, 1, 1, 0, 31)
4 (1, 4, 0, 0, 149, 0, 0, 0, 1, 1, 0, 51)
5 (1, 4, 200, 0, 352, 0, 0, 0, 1, 1, 0, 195)
6 (1, 4, 426, 0, 529, 0, 0, 4, 1, 1, 0, 239)
7 (1, 4, 669, 0, 843, 0, 0, 19, 2, 1, 0, 200)
8 (1, 4, 442, 0, 512, 0, 30, 0, 1, 1, 0, 196)
9 (1, 4, 0, 168, 172, 0, 4, 0, 1, 1, 0, 9)
10 (1, 4, 0, 329, 0, 0, 0, 0, 1, 1, 0, 23)
11 (1, 4, 0, 301, 0, 0, 0, 13, 2, 2, 0, 215)
12 (1, 4, 0, 86, 0, 0, 0, 14, 2, 2, 0, 31)
13 (1, 4, 0, 0, 14, 0, 0, 4, 2, 1, 0, 105)
14 (1, 4, 31, 0, 43, 0, 0, 0, 2, 1, 0, 146)
15 (1, 4, 47, 0, 0, 0, 0, 0, 2, 2, 0, 241)
16 (1, 4, 0, 58, 0, 0, 0, 0, 2, 2, 0, 17)
17 (1, 4, 0, 57, 0, 0, 0, 0, 2, 2, 0, 201)
18 (1, 4, 0, 13, 0, 0, 0, 0, 2, 2, 0, 176)
19 (1, 4, 0, 83, 0, 0, 0, 0, 2, 2, 0, 86)
20 (1, 4, 25, 99, 0, 0, 0, 0, 1, 1, 0, 112)
21 (1, 4, 6, 88, 0, 0, 0, 0, 1, 1, 0, 2)
22 (1, 4, 0, 116, 0, 0, 0, 0, 1, 1, 0, 141)
23 (1, 4, 0, 100, 0, 0, 6, 0, 1, 1, 0, 253)
24 (1, 4, 0, 84, 0, 0, 6, 0, 1, 1, 0, 94)
25 (1, 4, 0, 0, 0, 0, 4, 0, 2, 1, 0, 50)
26 (1, 4, 0, 0, 254, 0, 0, 7, 1, 1, 0, 34)
27 (1, 4, 314, 0, 723, 0, 0, 11, 4, 4, 0, 235)
28 (1, 4, 162, 0, 675, 0, 33, 0, 2, 1, 0, 101)
29 (1, 4, 0, 163, 421, 0, 0, 0, 3, 2, 0, 141)
0 (1, 4, 0, 0, 743, 0, 19, 0, 1, 1, 0, 210)
1 (1, 4, 225, 0, 870, 0, 0, 0, 1, 1, 0, 177)
2 (1, 4, 0, 0, 422, 0, 0, 0, 1, 1, 0, 84)
3 (1, 4, 0, 285, 0, 0, 0, 0, 1, 1, 0, 47)
4 (1, 4, 0, 256, 0, 0, 0, 0, 3, 3, 0, 128)
5 (1, 4, 0, 4, 0, 0, 0, 0, 2, 2, 0, 182)
6 (1, 4, 84, 0, 0, 0, 0, 0, 1, 1, 0, 38)
7 (1, 4, 175, 0, 0, 0, 0, 0, 1, 1, 0, 255)
8 (1, 4, 165, 85, 0, 0, 5, 0, 1, 1, 0, 132)
9 (1, 4, 0, 254, 0, 0, 21, 0, 1, 1, 0, 77)
10 (1, 4, 0, 335, 0, 0, 13, 0, 1, 1, 0, 251)
11 (1, 4, 0, 282, 0, 0, 12, 0, 2, 1, 0, 169)
12 (1, 4, 33, 324, 0, 0, 0, 1, 1, 1, 0, 221)
13 (1, 4, 92, 249, 0, 0, 22, 0, 3, 2, 0, 156)
14 (1, 4, 0, 132, 0, 0, 17, 0, 2, 1, 0, 246)
15 (1, 4, 0, 50, 0, 0, 0, 2, 1, 1, 0, 0)
16 (1, 4, 0, 0, 1, 0, 0, 0, 2, 1, 0, 69)
17 (1, 4, 0, 0, 0, 0, 0, 0, 2, 1, 0, 209)
18 (1, 4, 0, 0, 0, 0, 0, 0, 1, 1, 0, 119)
19 (1, 4, 0, 0, 54, 0, 0, 0, 1, 1, 0, 135)
20 (1, 4, 0, 0, 155, 0, 0, 0, 2, 1, 0, 88)
21 (1, 4, 117, 0, 176, 0, 0, 0, 2, 1, 0, 57)
22 (1, 4, 129, 22, 126, 0, 0, 0, 1, 1, 0, 13)
23 (1, 4, 105, 0, 67, 0, 0, 0, 1, 1, 0, 7)
24 (1, 4, 39, 0, 7, 0, 0, 0, 1, 1, 0, 127)
25 (1, 4, 18, 21, 0, 0, 0, 0, 1, 1, 0, 133)
26 (1, 4, 30, 48, 0, 0, 0, 0, 1, 1, 0, 96)
27 (1, 4, 37, 46, 0, 0, 0, 0, 1, 1, 0, 64)
28 (1, 4, 41, 49, 0, 0, 0, 0, 1, 1, 0, 216)
29 (1, 4, 8, 47, 0, 0, 2, 0, 1, 1, 0, 134)
30 (1, 4, 0, 43, 0, 0, 2, 0, 1, 1, 0, 44)
31 (1, 4, 0, 4, 0, 0, 10, 0, 1, 1, 0, 158)

