0 (1, 4, 151, 37, 98, 21, 0, 6, 2, 3, 0, 7)
1 (1, 4, 106, 160, 64, 29, 0, 14, 2, 3, 0, 87)
2 (1, 4, 0, 228, 84, 37, 0, 43, 3, 4, 0, 148)
3 (1, 4, 0, 405, 20, 65, 0, 90, 3, 4, 0, 183)
4 (1, 4, 0, 367, 0, 90, 0, 122, 2, 3, 0, 146)
5 (1, 4, 0, 233, 0, 106, 0, 154, 2, 3, 0, 177)
6 (1, 4, 0, 73, 0, 73, 0, 190, 2, 3, 0, 110)
7 (1, 4, 0, 0, 0, 39, 0, 160, 2, 3, 0, 152)
8 (1, 4, 0, 0, 0, 25, 0, 143, 2, 2, 0, 15)
9 (1, 4, 75, 0, 0, 18, 3, 148, 2, 2, 0, 233)
10 (1, 4, 99, 0, 0, 0, 42, 122, 2, 2, 0, 106)
11 (1, 4, 160, 0, 66, 0, 28, 86, 2, 2, 0, 151)
12 (1, 4, 171, 0, 160, 0, 0, 21, 2, 3, 0, 193)
13 (1, 4, 314, 0, 156, 9, 0, 1, 3, 4, 0, 110)
14 (1, 4, 366, 159, 197, 18, 0, 0, 3, 4, 0, 179)
15 (1, 4, 319, 271, 185, 23, 0, 29, 2, 2, 0, 38)
16 (1, 4, 66, 474, 240, 22, 0, 73, 1, 2, 0, 201)
17 (1, 4, 0, 343, 42, 57, 0, 77, 1, 2, 0, 94)
18 (1, 4, 0, 448, 0, 68, 0, 125, 1, 1, 0, 206)
19 (1, 4, 0, 245, 0, 64, 0, 159, 1, 1, 0, 76)
20 (1, 4, 0, 82, 0, 36, 0, 200, 1, 1, 0, 72)
21 (1, 4, 0, 0, 0, 23, 0, 200, 1, 1, 0, 248)
22 (1, 4, 14, 0, 0, 9, 0, 187, 1, 1, 0, 176)
23 (1, 4, 75, 0, 0, 0, 22, 152, 1, 1, 0, 187)
24 (1, 4, 121, 0, 0, 0, 16, 117, 1, 1, 0, 191)
25 (1, 4, 211, 0, 0, 0, 1, 83, 1, 1, 0, 144)
26 (1, 4, 279, 0, 85, 0, 0, 56, 1, 1, 0, 105)
27 (1, 4, 347, 0, 177, 12, 0, 37, 1, 1, 0, 21)
28 (1, 4, 362, 0, 265, 23, 0, 15, 2, 2, 0, 106)
29 (1, 4, 341, 74, 294, 28, 0, 10, 3, 5, 0, 234)
30 (1, 4, 286, 204, 315, 20, 0, 23, 3, 3, 0, 168)
31 (1, 4, 93, 268, 309, 32, 0, 30, 1, 2, 0, 99)
0 (1, 4, 124, 0, 0, 103, 0, 148, 1, 1, 0, 220)
1 (1, 4, 124, 0, 0, 88, 49, 124, 1, 1, 0, 18)
2 (1, 4, 28, 0, 0, 35, 42, 98, 1, 1, 0, 116)
3 (1, 4, 69, 0, 0, 3, 39, 75, 1, 1, 0, 69)
4 (1, 4, 143, 0, 45, 12, 33, 28, 1, 1, 0, 12)
5 (1, 4, 189, 0, 88, 30, 21, 0, 1, 1, 0, 105)
6 (1, 4, 224, 0, 148, 42, 0, 0, 1, 1, 0, 211)
7 (1, 4, 176, 45, 158, 35, 0, 0, 1, 1, 0, 208)
8 (1, 4, 160, 285, 227, 37, 0, 0, 1, 1, 0, 56)
9 (1, 4, 0, 433, 165, 58, 0, 0, 1, 1, 0, 152)
10 (1, 4, 0, 494, 26, 94, 0, 28, 1, 1, 0, 238)
11 (1, 4, 0, 393, 0, 114, 0, 148, 1, 1, 0, 76)
12 (1, 4, 0, 203, 0, 78, 0, 231, 0, 1, 0, 238)
13 (1, 4, 73, 0, 0, 46, 62, 247, 1, 1, 0, 37)
14 (1, 4, 95, 0, 0, 42, 138, 165, 1, 1, 0, 237)
15 (1, 4, 0, 0, 42, 11, 55, 94, 1, 1, 0, 147)
16 (1, 4, 196, 0, 85, 1, 1, 29, 1, 1, 0, 104)
17 (1, 4, 265, 0, 110, 18, 0, 0, 1, 1, 0, 10)
18 (1, 4, 267, 5, 182, 30, 0, 0, 1, 1, 0, 52)
19 (1, 4, 283, 118, 209, 50, 0, 0, 1, 1, 0, 161)
20 (1, 4, 230, 237, 249, 50, 0, 0, 1, 1, 0, 23)
21 (1, 4, 111, 303, 241, 53, 0, 31, 0, 1, 0, 223)
22 (1, 4, 0, 317, 201, 80, 0, 39, 1, 1, 0, 95)
23 (1, 4, 0, 284, 32, 94, 0, 55, 1, 1, 0, 157)
24 (1, 4, 0, 307, 0, 84, 0, 91, 0, 1, 0, 207)
25 (1, 4, 0, 232, 0, 58, 0, 134, 0, 1, 0, 120)
26 (1, 4, 0, 74, 0, 51, 0, 138, 1, 1, 0, 204)
27 (1, 4, 0, 0, 0, 44, 0, 138, 1, 1, 0, 195)
28 (1, 4, 27, 0, 0, 47, 13, 107, 0, 1, 0, 232)
29 (1, 4, 36, 0, 0, 45, 19, 82, 1, 1, 0, 219)
30 (1, 4, 16, 0, 0, 49, 6, 57, 1, 1, 0, 192)
31 (1, 4, 24, 0, 0, 61, 0, 39, 0, 1, 0, 178)
0 (1, 4, 4, 0, 0, 97, 155, 207, 1, 1, 0, 161)
1 (1, 4, 75, 0, 192, 19, 77, 137, 1, 1, 0, 190)
2 (1, 4, 201, 0, 259, 0, 34, 54, 1, 1, 0, 50)
3 (1, 4, 143, 0, 233, 0, 0, 2, 1, 1, 0, 93)
4 (1, 4, 249, 1, 217, 0, 0, 0, 1, 1, 0, 90)
5 (1, 4, 53, 188, 308, 0, 0, 0, 1, 1, 0, 47)
6 (1, 4, 0, 357, 210, 21, 0, 0, 1, 1, 0, 114)
7 (1, 4, 0, 540, 7, 77, 0, 44, 1, 1, 0, 39)
8 (1, 4, 0, 395, 0, 106, 0, 198, 1, 1, 0, 1)
9 (1, 4, 0, 138, 0, 80, 0, 278, 1, 1, 0, 188)
10 (1, 4, 53, 0, 0, 57, 66, 236, 1, 1, 0, 134)
11 (1, 4, 65, 0, 0, 29, 86, 137, 1, 1, 0, 173)
12 (1, 4, 108, 0, 0, 0, 40, 98, 1, 2, 0, 93)
13 (1, 4, 204, 0, 51, 0, 20, 56, 1, 2, 0, 218)
14 (1, 4, 155, 0, 132, 0, 1, 0, 1, 2, 0, 139)
15 (1, 4, 256, 0, 158, 31, 0, 0, 1, 2, 0, 217)
16 (1, 4, 211, 167, 229, 46, 0, 0, 1, 2, 0, 8)
17 (1, 4, 48, 282, 268, 71, 0, 0, 1, 2, 0, 128)
18 (1, 4, 0, 281, 138, 80, 0, 43, 1, 2, 0, 37)
19 (1, 4, 0, 243, 0, 102, 0, 55, 1, 1, 0, 145)
20 (1, 4, 0, 193, 0, 114, 0, 89, 1, 1, 0, 22)
21 (1, 4, 0, 111, 0, 95, 0, 150, 1, 1, 0, 149)
22 (1, 4, 0, 0, 0, 74, 0, 150, 1, 1, 0, 241)
23 (1, 4, 37, 0, 0, 49, 48, 113, 1, 1, 0, 231)
24 (1, 4, 37, 0, 0, 29, 43, 81, 1, 1, 0, 228)
25 (1, 4, 58, 0, 62, 26, 19, 45, 1, 1, 0, 174)
26 (1, 4, 109, 0, 124, 38, 0, 21, 1, 1, 0, 53)
27 (1, 4, 121, 0, 147, 52, 0, 9, 1, 1, 0, 197)
28 (1, 4, 145, 47, 148, 66, 0, 0, 1, 1, 0, 196)
29 (1, 4, 141, 157, 149, 69, 0, 0, 1, 1, 0, 106)
30 (1, 4, 10, 216, 108, 74, 0, 13, 1, 1, 0, 255)
31 (1, 4, 0, 244, 66, 92, 0, 44, 1, 1, 0, 192)
0 (1, 4, 91, 13, 0, 33, 0, 84, 1, 1, 0, 181)
1 (1, 4, 353, 0, 0, 35, 0, 148, 1, 1, 0, 209)
2 (1, 4, 492, 0, 0, 14, 11, 189, 1, 1, 0, 46)
3 (1, 4, 186, 0, 195, 0, 56, 141, 1, 1, 0, 27)
4 (1, 4, 4, 0, 450, 0, 16, 45, 1, 1, 0, 83)
5 (1, 4, 64, 0, 432, 0, 0, 0, 1, 1, 0, 211)
6 (1, 4, 253, 0, 279, 0, 0, 0, 4, 5, 0, 11)
7 (1, 4, 83, 472, 129, 5, 0, 0, 20, 13, 0, 154)
8 (1, 4, 0, 479, 0, 36, 0, 78, 4, 5, 0, 112)
9 (1, 4, 0, 369, 0, 48, 0, 134, 3, 4, 0, 91)
10 (1, 4, 0, 230, 0, 27, 0, 188, 5, 6, 0, 80)
11 (1, 4, 82, 0, 0, 18, 0, 238, 4, 5, 0, 197)
12 (1, 4, 63, 0, 0, 16, 37, 181, 2, 3, 0, 72)
13 (1, 4, 150, 0, 0, 0, 27, 153, 3, 3, 0, 23)
14 (1, 4, 209, 0, 38, 0, 20, 86, 2, 3, 0, 198)
15 (1, 4, 239, 0, 185, 0, 0, 23, 2, 2, 0, 245)
16 (1, 4, 368, 0, 200, 0, 0, 0, 3, 4, 0, 105)
17 (1, 4, 253, 218, 280, 2, 0, 0, 2, 3, 0, 103)
18 (1, 4, 0, 360, 273, 13, 0, 1, 2, 3, 0, 226)
19 (1, 4, 0, 437, 42, 57, 0, 57, 2, 2, 0, 151)
20 (1, 4, 0, 360, 0, 70, 0, 141, 2, 3, 0, 77)
21 (1, 4, 0, 210, 0, 51, 0, 216, 2, 2, 0, 43)
22 (1, 4, 0, 0, 0, 46, 0, 227, 2, 3, 0, 92)
23 (1, 4, 71, 0, 0, 10, 33, 182, 2, 2, 0, 73)
24 (1, 4, 65, 0, 0, 0, 34, 113, 4, 5, 0, 161)
25 (1, 4, 177, 0, 23, 0, 13, 82, 2, 3, 0, 213)
26 (1, 4, 237, 0, 112, 1, 0, 48, 1, 2, 0, 192)
27 (1, 4, 247, 0, 214, 9, 0, 14, 1, 2, 0, 158)
28 (1, 4, 266, 0, 244, 18, 0, 0, 3, 3, 0, 23)
29 (1, 4, 236, 144, 244, 25, 0, 0, 2, 3, 0, 177)
30 (1, 4, 45, 226, 186, 44, 0, 18, 2, 3, 0, 79)
31 (1, 4, 0, 277, 71, 47, 0, 47, 2, 3, 0, 230)
0 (1, 4, 69, 426, 328, 0, 0, 31, 7, 11, 0, 204)
1 (1, 4, 0, 426, 87, 49, 0, 44, 2, 3, 0, 161)
2 (1, 4, 0, 482, 0, 25, 0, 186, 2, 3, 0, 116)
3 (1, 4, 0, 264, 0, 22, 0, 197, 1, 2, 0, 76)
4 (1, 4, 0, 113, 0, 0, 0, 192, 1, 2, 0, 144)
5 (1, 4, 158, 0, 0, 0, 21, 215, 1, 2, 0, 123)
6 (1, 4, 43, 0, 0, 0, 60, 159, 1, 2, 0, 101)
7 (1, 4, 151, 0, 0, 0, 34, 114, 1, 1, 0, 217)
8 (1, 4, 297, 0, 120, 0, 23, 62, 1, 1, 0, 179)
9 (1, 4, 267, 0, 267, 0, 0, 14, 1, 2, 0, 214)
10 (1, 4, 417, 0, 295, 0, 0, 0, 1, 2, 0, 82)
11 (1, 4, 322, 154, 340, 0, 0, 0, 2, 2, 0, 194)
12 (1, 4, 86, 237, 317, 10, 0, 6, 1, 2, 0, 187)
13 (1, 4, 8, 393, 131, 34, 0, 36, 1, 2, 0, 17)
14 (1, 4, 0, 467, 0, 46, 0, 119, 1, 1, 0, 222)
15 (1, 4, 0, 295, 0, 50, 0, 176, 1, 1, 0, 138)
16 (1, 4, 0, 0, 0, 39, 0, 210, 1, 1, 0, 102)
17 (1, 4, 79, 0, 0, 11, 11, 201, 1, 1, 0, 205)
18 (1, 4, 117, 0, 0, 0, 47, 141, 1, 1, 0, 129)
19 (1, 4, 192, 0, 0, 0, 35, 82, 1, 1, 0, 66)
20 (1, 4, 257, 0, 154, 0, 14, 35, 1, 1, 0, 113)
21 (1, 4, 323, 0, 265, 0, 0, 2, 1, 1, 0, 34)
22 (1, 4, 328, 44, 349, 0, 0, 0, 1, 1, 0, 136)
23 (1, 4, 190, 168, 401, 0, 0, 21, 1, 1, 0, 95)
24 (1, 4, 32, 171, 358, 0, 0, 24, 1, 1, 0, 8)
25 (1, 4, 0, 354, 297, 0, 0, 42, 1, 1, 0, 199)
26 (1, 4, 28, 341, 54, 9, 0, 60, 1, 1, 0, 77)
27 (1, 4, 0, 457, 0, 0, 0, 94, 1, 1, 0, 166)
28 (1, 4, 0, 393, 0, 0, 0, 125, 1, 1, 0, 226)
29 (1, 4, 0, 326, 0, 0, 0, 122, 1, 1, 0, 194)
30 (1, 4, 37, 130, 0, 0, 0, 113, 2, 3, 0, 114)
31 (1, 4, 0, 81, 0, 0, 0, 104, 2, 2, 0, 53)
0 (1, 4, 19, 665, 30, 2, 0, 70, 1, 2, 0, 150)
1 (1, 4, 0, 491, 0, 20, 0, 198, 1, 1, 0, 49)
2 (1, 4, 0, 239, 0, 16, 0, 246, 1, 1, 0, 0)
3 (1, 4, 0, 0, 0, 0, 0, 235, 1, 1, 0, 149)
4 (1, 4, 201, 0, 0, 0, 52, 162, 1, 1, 0, 108)
5 (1, 4, 145, 0, 0, 0, 71, 86, 1, 1, 0, 164)
6 (1, 4, 138, 0, 169, 0, 38, 53, 1, 1, 0, 237)
7 (1, 4, 294, 0, 339, 8, 0, 19, 1, 1, 0, 185)
8 (1, 4, 254, 0, 420, 0, 0, 0, 1, 1, 0, 148)
9 (1, 4, 142, 32, 423, 0, 0, 0, 1, 1, 0, 67)
10 (1, 4, 0, 177, 416, 0, 0, 0, 1, 1, 0, 50)
11 (1, 4, 127, 474, 119, 0, 0, 31, 1, 1, 0, 238)
12 (1, 4, 0, 565, 0, 0, 0, 103, 1, 1, 0, 129)
13 (1, 4, 0, 351, 0, 0, 0, 152, 1, 1, 0, 114)
14 (1, 4, 0, 257, 0, 0, 0, 196, 1, 1, 0, 157)
15 (1, 4, 11, 33, 0, 0, 0, 206, 1, 1, 0, 139)
16 (1, 4, 0, 0, 0, 0, 0, 129, 1, 1, 0, 34)
17 (1, 4, 61, 0, 0, 0, 0, 84, 1, 1, 0, 245)
18 (1, 4, 129, 0, 0, 0, 0, 55, 1, 1, 0, 13)
19 (1, 4, 269, 0, 81, 6, 0, 34, 1, 1, 0, 121)
20 (1, 4, 285, 0, 208, 17, 0, 15, 1, 1, 0, 183)
21 (1, 4, 351, 0, 307, 14, 0, 4, 1, 1, 0, 238)
22 (1, 4, 230, 37, 390, 10, 0, 7, 1, 1, 0, 173)
23 (1, 4, 88, 90, 403, 7, 0, 14, 1, 1, 0, 65)
24 (1, 4, 66, 206, 307, 6, 0, 32, 1, 1, 0, 224)
25 (1, 4, 110, 362, 31, 6, 0, 74, 1, 1, 0, 101)
26 (1, 4, 0, 263, 0, 7, 0, 83, 2, 2, 0, 38)
27 (1, 4, 0, 294, 0, 1, 0, 93, 2, 2, 0, 53)
28 (1, 4, 0, 188, 0, 0, 0, 103, 1, 1, 0, 75)
29 (1, 4, 0, 130, 0, 0, 0, 104, 1, 1, 0, 21)
30 (1, 4, 0, 75, 0, 0, 0, 88, 1, 1, 0, 227)
31 (1, 4, 0, 57, 0, 7, 0, 75, 1, 1, 0, 70)
0 (1, 4, 0, 266, 0, 0, 0, 77, 3, 3, 0, 91)
1 (1, 4, 0, 320, 0, 0, 0, 69, 2, 3, 0, 142)
2 (1, 4, 0, 300, 0, 0, 0, 89, 2, 2, 0, 129)
3 (1, 4, 0, 265, 0, 0, 0, 131, 2, 2, 0, 99)
4 (1, 4, 19, 78, 0, 0, 0, 162, 2, 3, 0, 224)
5 (1, 4, 0, 0, 0, 0, 0, 192, 2, 3, 0, 200)
6 (1, 4, 0, 0, 0, 0, 0, 163, 2, 2, 0, 33)
7 (1, 4, 191, 0, 0, 0, 0, 114, 1, 2, 0, 44)
8 (1, 4, 303, 0, 17, 0, 47, 19, 1, 2, 0, 175)
9 (1, 4, 120, 0, 338, 0, 17, 0, 1, 1, 0, 163)
10 (1, 4, 318, 0, 390, 0, 0, 0, 1, 1, 0, 219)
11 (1, 4, 207, 213, 458, 0, 0, 0, 1, 1, 0, 249)
12 (1, 4, 20, 487, 280, 0, 0, 0, 1, 1, 0, 150)
13 (1, 4, 0, 557, 0, 1, 0, 143, 1, 1, 0, 200)
14 (1, 4, 0, 373, 0, 24, 0, 194, 1, 1, 0, 164)
15 (1, 4, 0, 91, 0, 0, 0, 264, 2, 2, 0, 38)
16 (1, 4, 171, 0, 0, 0, 28, 147, 1, 2, 0, 226)
17 (1, 4, 59, 0, 0, 0, 21, 64, 1, 2, 0, 213)
18 (1, 4, 27, 0, 40, 0, 11, 22, 1, 1, 0, 226)
19 (1, 4, 202, 0, 190, 5, 10, 2, 1, 1, 0, 211)
20 (1, 4, 241, 0, 335, 0, 0, 0, 1, 1, 0, 61)
21 (1, 4, 326, 0, 444, 0, 0, 0, 1, 1, 0, 23)
22 (1, 4, 147, 169, 472, 0, 0, 0, 1, 1, 0, 193)
23 (1, 4, 88, 404, 95, 21, 0, 11, 1, 1, 0, 244)
24 (1, 4, 0, 384, 0, 48, 0, 90, 1, 1, 0, 72)
25 (1, 4, 0, 275, 0, 28, 0, 113, 1, 1, 0, 176)
26 (1, 4, 0, 144, 0, 7, 0, 133, 1, 1, 0, 106)
27 (1, 4, 0, 50, 0, 7, 0, 85, 1, 1, 0, 216)
28 (1, 4, 0, 47, 0, 19, 0, 60, 1, 1, 0, 63)
29 (1, 4, 0, 54, 0, 28, 0, 52, 1, 1, 0, 23)
30 (1, 4, 0, 69, 0, 39, 0, 48, 1, 1, 0, 93)
31 (1, 4, 0, 70, 0, 47, 0, 43, 1, 1, 0, 34)
0 (1, 4, 15, 15, 0, 53, 0, 37, 0, 0, 0, 227)
1 (1, 4, 25, 12, 11, 62, 0, 33, 0, 0, 0, 84)
2 (1, 4, 63, 41, 14, 67, 0, 33, 0, 0, 0, 128)
3 (1, 4, 78, 76, 25, 77, 0, 26, 0, 0, 0, 208)
4 (1, 4, 163, 86, 0, 113, 0, 52, 0, 0, 0, 56)
5 (1, 4, 201, 25, 0, 116, 0, 108, 1, 1, 0, 62)
6 (1, 4, 248, 0, 0, 79, 0, 171, 1, 1, 0, 107)
7 (1, 4, 274, 0, 0, 16, 7, 144, 0, 1, 0, 45)
8 (1, 4, 162, 0, 126, 0, 31, 86, 0, 1, 0, 26)
9 (1, 4, 11, 0, 347, 0, 11, 18, 1, 1, 0, 235)
10 (1, 4, 143, 0, 339, 0, 0, 0, 1, 1, 0, 90)
11 (1, 4, 451, 4, 338, 0, 0, 0, 1, 1, 0, 215)
12 (1, 4, 224, 267, 384, 0, 0, 0, 1, 1, 0, 14)
13 (1, 4, 0, 376, 263, 18, 0, 26, 1, 1, 0, 240)
14 (1, 4, 0, 441, 0, 38, 0, 87, 1, 1, 0, 24)
15 (1, 4, 0, 366, 0, 43, 0, 141, 1, 1, 0, 45)
16 (1, 4, 0, 133, 0, 25, 0, 191, 1, 1, 0, 8)
17 (1, 4, 0, 0, 0, 7, 0, 185, 1, 1, 0, 231)
18 (1, 4, 178, 0, 0, 0, 3, 173, 1, 1, 0, 185)
19 (1, 4, 198, 0, 0, 0, 43, 124, 1, 1, 0, 32)
20 (1, 4, 24, 0, 272, 0, 57, 27, 1, 2, 0, 23)
21 (1, 4, 59, 0, 406, 0, 6, 0, 1, 1, 0, 129)
22 (1, 4, 491, 32, 390, 17, 0, 0, 4, 4, 0, 150)
23 (1, 4, 287, 267, 407, 0, 0, 0, 5, 5, 0, 83)
24 (1, 4, 56, 368, 242, 0, 0, 29, 2, 3, 0, 162)
25 (1, 4, 0, 333, 0, 40, 0, 97, 2, 2, 0, 252)
26 (1, 4, 0, 255, 0, 56, 0, 171, 1, 1, 0, 166)
27 (1, 4, 0, 5, 0, 41, 0, 198, 1, 1, 0, 21)
28 (1, 4, 60, 0, 0, 6, 0, 224, 2, 3, 0, 68)
29 (1, 4, 152, 0, 0, 0, 14, 158, 1, 1, 0, 93)
30 (1, 4, 230, 0, 0, 0, 36, 73, 1, 1, 0, 150)
31 (1, 4, 221, 0, 248, 0, 18, 2, 1, 1, 0, 180)
0 (1, 4, 267, 0, 86, 0, 0, 118, 1, 1, 0, 25)
1 (1, 4, 54, 0, 289, 0, 0, 57, 1, 1, 0, 4)
2 (1, 4, 77, 0, 385, 0, 0, 8, 1, 1, 0, 106)
3 (1, 4, 285, 0, 334, 0, 0, 0, 1, 1, 0, 184)
4 (1, 4, 322, 179, 369, 3, 0, 0, 2, 2, 0, 19)
5 (1, 4, 158, 235, 206, 0, 0, 36, 1, 1, 0, 238)
6 (1, 4, 9, 339, 23, 29, 0, 64, 1, 1, 0, 101)
7 (1, 4, 0, 201, 0, 46, 0, 91, 1, 1, 0, 186)
8 (1, 4, 0, 196, 0, 29, 0, 121, 1, 1, 0, 65)
9 (1, 4, 21, 67, 0, 0, 0, 195, 1, 1, 0, 83)
10 (1, 4, 88, 0, 0, 0, 0, 187, 1, 1, 0, 26)
11 (1, 4, 209, 0, 0, 0, 31, 144, 1, 1, 0, 112)
12 (1, 4, 213, 0, 159, 0, 47, 89, 1, 1, 0, 237)
13 (1, 4, 93, 0, 395, 0, 3, 2, 1, 1, 0, 193)
14 (1, 4, 426, 0, 323, 0, 0, 0, 1, 1, 0, 214)
15 (1, 4, 407, 258, 348, 0, 0, 0, 1, 1, 0, 25)
16 (1, 4, 100, 365, 38, 0, 0, 40, 1, 1, 0, 189)
17 (1, 4, 0, 450, 0, 31, 0, 96, 1, 1, 0, 203)
18 (1, 4, 0, 303, 0, 38, 0, 139, 0, 1, 0, 46)
19 (1, 4, 0, 123, 0, 13, 0, 148, 1, 1, 0, 139)
20 (1, 4, 67, 0, 0, 7, 0, 189, 1, 1, 0, 9)
21 (1, 4, 122, 0, 0, 0, 10, 154, 1, 1, 0, 140)
22 (1, 4, 231, 0, 0, 0, 33, 104, 0, 1, 0, 30)
23 (1, 4, 93, 0, 229, 0, 20, 44, 1, 1, 0, 62)
24 (1, 4, 37, 0, 326, 0, 0, 5, 1, 1, 0, 251)
25 (1, 4, 417, 0, 278, 8, 0, 0, 1, 1, 0, 2)
26 (1, 4, 415, 118, 336, 0, 0, 9, 1, 1, 0, 161)
27 (1, 4, 14, 178, 342, 4, 0, 25, 0, 1, 0, 188)
28 (1, 4, 2, 285, 207, 4, 0, 61, 0, 1, 0, 76)
29 (1, 4, 0, 246, 23, 16, 0, 60, 1, 1, 0, 97)
30 (1, 4, 0, 251, 0, 15, 0, 71, 0, 1, 0, 172)
31 (1, 4, 35, 199, 0, 28, 0, 105, 0, 1, 0, 226)
0 (1, 4, 80, 8, 0, 31, 0, 69, 0, 1, 0, 114)
1 (1, 4, 193, 18, 0, 29, 0, 110, 0, 1, 0, 37)
2 (1, 4, 340, 0, 0, 29, 0, 155, 0, 1, 0, 255)
3 (1, 4, 345, 0, 0, 1, 0, 151, 1, 1, 0, 55)
4 (1, 4, 280, 0, 116, 0, 20, 119, 1, 1, 0, 131)
5 (1, 4, 200, 0, 309, 0, 18, 81, 0, 1, 0, 209)
6 (1, 4, 80, 0, 443, 0, 0, 36, 0, 1, 0, 130)
7 (1, 4, 188, 0, 417, 0, 0, 0, 1, 1, 0, 203)
8 (1, 4, 181, 12, 492, 0, 0, 0, 1, 1, 0, 81)
9 (1, 4, 90, 376, 461, 0, 0, 0, 1, 1, 0, 37)
10 (1, 4, 1, 651, 188, 0, 0, 0, 1, 1, 0, 76)
11 (1, 4, 129, 689, 0, 0, 0, 111, 0, 1, 0, 201)
12 (1, 4, 69, 613, 0, 0, 0, 143, 0, 1, 0, 58)
13 (1, 4, 295, 222, 0, 0, 0, 243, 1, 1, 0, 164)
14 (1, 4, 161, 0, 0, 0, 0, 243, 1, 1, 0, 112)
15 (1, 4, 217, 0, 0, 0, 0, 172, 1, 1, 0, 193)
16 (1, 4, 415, 0, 0, 0, 35, 84, 0, 1, 0, 221)
17 (1, 4, 424, 0, 81, 0, 51, 29, 0, 1, 0, 53)
18 (1, 4, 313, 0, 346, 0, 26, 0, 1, 1, 0, 208)
19 (1, 4, 343, 0, 440, 0, 0, 0, 0, 1, 0, 197)
20 (1, 4, 456, 114, 513, 0, 0, 0, 0, 1, 0, 152)
21 (1, 4, 40, 308, 541, 0, 0, 33, 1, 1, 0, 145)
22 (1, 4, 27, 321, 706, 0, 0, 0, 2, 2, 0, 162)
23 (1, 4, 0, 302, 259, 0, 0, 19, 2, 2, 0, 28)
24 (1, 4, 112, 753, 0, 0, 0, 49, 2, 2, 0, 54)
25 (1, 4, 0, 726, 0, 0, 0, 72, 1, 2, 0, 252)
26 (1, 4, 102, 794, 0, 0, 0, 142, 2, 2, 0, 61)
27 (1, 4, 230, 474, 0, 0, 0, 276, 2, 2, 0, 68)
28 (1, 4, 0, 0, 0, 0, 0, 189, 1, 2, 0, 114)
29 (1, 4, 362, 0, 0, 0, 0, 164, 0, 1, 0, 107)
30 (1, 4, 401, 0, 0, 0, 29, 96, 1, 1, 0, 180)
31 (1, 4, 354, 0, 127, 0, 30, 26, 1, 1, 0, 209)
0 (1, 4, 251, 123, 0, 34, 0, 91, 0, 0, 0, 33)
1 (1, 4, 376, 29, 0, 30, 0, 172, 0, 0, 0, 230)
2 (1, 4, 451, 0, 0, 9, 0, 220, 0, 0, 0, 150)
3 (1, 4, 256, 0, 111, 0, 27, 190, 0, 1, 0, 90)
4 (1, 4, 0, 0, 345, 0, 10, 93, 1, 1, 0, 99)
5 (1, 4, 24, 0, 302, 0, 0, 0, 5, 6, 0, 16)
6 (1, 4, 535, 0, 243, 0, 0, 0, 3, 3, 0, 155)
7 (1, 4, 345, 342, 360, 0, 0, 0, 3, 4, 0, 50)
8 (1, 4, 0, 449, 324, 0, 0, 10, 0, 0, 0, 7)
9 (1, 4, 0, 537, 25, 14, 0, 35, 20, 20, 0, 74)
10 (1, 4, 0, 519, 0, 0, 0, 135, 2, 2, 0, 58)
11 (1, 4, 0, 397, 0, 0, 0, 158, 2, 2, 0, 43)
12 (1, 4, 0, 120, 0, 0, 0, 187, 1, 1, 0, 144)
13 (1, 4, 0, 0, 0, 0, 0, 188, 1, 1, 0, 16)
14 (1, 4, 85, 0, 0, 0, 0, 156, 1, 1, 0, 238)
15 (1, 4, 52, 0, 0, 0, 0, 101, 1, 1, 0, 38)
16 (1, 4, 70, 0, 0, 0, 0, 43, 1, 2, 0, 74)
17 (1, 4, 163, 0, 1, 0, 0, 0, 12, 14, 0, 144)
18 (1, 4, 381, 0, 51, 21, 0, 0, 3, 3, 0, 33)
19 (1, 4, 494, 157, 175, 15, 0, 0, 8, 9, 0, 31)
20 (1, 4, 356, 445, 284, 0, 0, 0, 11, 14, 0, 194)
21 (1, 4, 64, 500, 355, 0, 0, 49, 3, 3, 0, 188)
22 (1, 4, 0, 414, 188, 19, 0, 97, 2, 3, 0, 249)
23 (1, 4, 0, 340, 0, 56, 0, 133, 1, 2, 0, 209)
24 (1, 4, 0, 239, 0, 45, 0, 119, 2, 2, 0, 203)
25 (1, 4, 0, 173, 0, 0, 0, 167, 2, 2, 0, 75)
26 (1, 4, 0, 0, 0, 0, 0, 146, 1, 2, 0, 42)
27 (1, 4, 61, 0, 0, 0, 0, 109, 1, 1, 0, 178)
28 (1, 4, 100, 0, 0, 0, 0, 96, 1, 1, 0, 229)
29 (1, 4, 239, 0, 30, 0, 17, 73, 2, 2, 0, 83)
30 (1, 4, 154, 0, 181, 0, 18, 31, 3, 3, 0, 27)
31 (1, 4, 86, 0, 330, 0, 0, 4, 1, 1, 0, 122)
0 (1, 4, 0, 7, 0, 33, 0, 45, 1, 1, 0, 98)
1 (1, 4, 0, 0, 0, 35, 0, 44, 0, 1, 0, 227)
2 (1, 4, 0, 6, 0, 34, 0, 44, 1, 1, 0, 41)
3 (1, 4, 1, 5, 0, 37, 0, 39, 1, 1, 0, 46)
4 (1, 4, 0, 45, 0, 55, 0, 26, 0, 1, 0, 200)
5 (1, 4, 211, 109, 0, 78, 0, 36, 0, 1, 0, 93)
6 (1, 4, 460, 111, 0, 66, 0, 109, 0, 1, 0, 124)
7 (1, 4, 587, 0, 0, 33, 5, 183, 0, 1, 0, 125)
8 (1, 4, 272, 0, 31, 22, 49, 168, 1, 1, 0, 54)
9 (1, 4, 19, 0, 227, 0, 18, 116, 1, 1, 0, 255)
10 (1, 4, 0, 0, 306, 0, 0, 60, 1, 1, 0, 105)
11 (1, 4, 120, 0, 267, 0, 0, 14, 0, 1, 0, 183)
12 (1, 4, 254, 0, 263, 0, 0, 0, 0, 1, 0, 66)
13 (1, 4, 242, 0, 370, 0, 0, 0, 0, 1, 0, 186)
14 (1, 4, 157, 193, 505, 0, 0, 0, 0, 1, 0, 111)
15 (1, 4, 0, 492, 581, 0, 0, 0, 1, 1, 0, 48)
16 (1, 4, 197, 591, 67, 0, 0, 89, 0, 1, 0, 163)
17 (1, 4, 68, 564, 0, 0, 0, 175, 0, 1, 0, 194)
18 (1, 4, 64, 440, 0, 0, 0, 227, 0, 1, 0, 96)
19 (1, 4, 71, 0, 0, 0, 0, 263, 0, 1, 0, 140)
20 (1, 4, 45, 0, 0, 0, 6, 197, 0, 1, 0, 224)
21 (1, 4, 147, 0, 0, 0, 22, 101, 0, 1, 0, 40)
22 (1, 4, 291, 0, 0, 0, 24, 48, 0, 1, 0, 244)
23 (1, 4, 353, 0, 121, 0, 20, 6, 0, 1, 0, 175)
24 (1, 4, 356, 0, 298, 0, 2, 0, 0, 1, 0, 163)
25 (1, 4, 386, 0, 431, 0, 0, 0, 0, 1, 0, 21)
26 (1, 4, 116, 150, 533, 0, 0, 0, 1, 1, 0, 57)
27 (1, 4, 93, 188, 352, 0, 0, 0, 1, 1, 0, 203)
28 (1, 4, 42, 656, 77, 0, 0, 25, 0, 1, 0, 120)
29 (1, 4, 40, 654, 0, 0, 0, 92, 1, 1, 0, 1)
30 (1, 4, 0, 497, 0, 0, 0, 177, 0, 1, 0, 67)
31 (1, 4, 264, 213, 0, 0, 0, 305, 0, 1, 0, 111)
0 (1, 4, 223, 0, 361, 0, 0, 0, 0, 1, 0, 67)
1 (1, 4, 241, 0, 516, 0, 0, 0, 0, 1, 0, 68)
2 (1, 4, 229, 133, 632, 0, 0, 0, 0, 1, 0, 106)
3 (1, 4, 0, 241, 513, 0, 0, 0, 0, 0, 0, 196)
4 (1, 4, 0, 67, 453, 0, 0, 0, 0, 0, 0, 184)
5 (1, 4, 0, 78, 419, 0, 0, 0, 0, 1, 0, 123)
6 (1, 4, 0, 350, 365, 0, 0, 0, 1, 1, 0, 90)
7 (1, 4, 188, 604, 120, 0, 0, 0, 1, 1, 0, 141)
8 (1, 4, 104, 607, 0, 0, 0, 0, 0, 1, 0, 181)
9 (1, 4, 45, 507, 0, 0, 0, 0, 0, 1, 0, 59)
10 (1, 4, 76, 391, 0, 0, 0, 1, 1, 1, 0, 143)
11 (1, 4, 114, 339, 0, 0, 0, 9, 0, 1, 0, 77)
12 (1, 4, 100, 203, 0, 0, 0, 26, 0, 1, 0, 10)
13 (1, 4, 68, 66, 0, 0, 0, 22, 0, 1, 0, 85)
14 (1, 4, 0, 0, 0, 0, 0, 12, 0, 1, 0, 138)
15 (1, 4, 0, 0, 61, 7, 0, 6, 0, 1, 0, 115)
16 (1, 4, 0, 0, 69, 5, 0, 0, 1, 0, 0, 78)
17 (1, 4, 0, 0, 60, 4, 0, 0, 0, 1, 0, 10)
18 (1, 4, 0, 0, 25, 3, 0, 0, 0, 0, 0, 8)
19 (1, 4, 0, 0, 5, 3, 0, 0, 1, 0, 0, 247)
20 (1, 4, 0, 0, 11, 0, 0, 0, 0, 0, 0, 121)
21 (1, 4, 0, 0, 35, 5, 0, 0, 0, 0, 0, 88)
22 (1, 4, 0, 80, 31, 1, 0, 0, 1, 0, 0, 199)
23 (1, 4, 50, 121, 12, 2, 0, 0, 0, 0, 0, 191)
24 (1, 4, 90, 136, 1, 0, 0, 0, 0, 0, 0, 93)
25 (1, 4, 51, 124, 0, 0, 0, 0, 1, 0, 0, 96)
26 (1, 4, 40, 162, 0, 1, 0, 0, 0, 0, 0, 120)
27 (1, 4, 138, 179, 0, 0, 0, 0, 0, 0, 0, 125)
28 (1, 4, 211, 197, 0, 10, 0, 0, 0, 0, 0, 59)
29 (1, 4, 264, 241, 0, 28, 0, 0, 0, 0, 0, 235)
30 (1, 4, 273, 320, 0, 52, 0, 0, 0, 0, 0, 150)
31 (1, 4, 277, 371, 0, 37, 0, 89, 0, 0, 0, 158)
0 (1, 4, 0, 0, 220, 0, 9, 0, 0, 0, 0, 81)
1 (1, 4, 0, 0, 250, 0, 0, 0, 0, 0, 0, 102)
2 (1, 4, 109, 0, 399, 0, 0, 0, 0, 0, 0, 131)
3 (1, 4, 0, 168, 482, 0, 0, 0, 0, 1, 0, 227)
4 (1, 4, 0, 359, 429, 11, 0, 0, 1, 1, 0, 44)
5 (1, 4, 0, 397, 121, 54, 0, 0, 0, 1, 0, 35)
6 (1, 4, 0, 382, 0, 77, 0, 35, 0, 1, 0, 93)
7 (1, 4, 0, 437, 0, 39, 0, 99, 0, 0, 0, 96)
8 (1, 4, 223, 282, 0, 17, 0, 105, 0, 0, 0, 59)
9 (1, 4, 307, 91, 0, 1, 0, 131, 1, 1, 0, 58)
10 (1, 4, 217, 0, 0, 0, 14, 114, 1, 1, 0, 43)
11 (1, 4, 38, 0, 159, 0, 2, 75, 1, 1, 0, 120)
12 (1, 4, 0, 0, 270, 0, 0, 43, 0, 0, 0, 195)
13 (1, 4, 0, 0, 299, 0, 0, 13, 0, 0, 0, 154)
14 (1, 4, 0, 0, 284, 2, 0, 0, 0, 0, 0, 128)
15 (1, 4, 135, 0, 273, 20, 0, 0, 0, 0, 0, 124)
16 (1, 4, 122, 0, 107, 38, 0, 0, 1, 1, 0, 28)
17 (1, 4, 0, 189, 0, 94, 0, 0, 0, 0, 0, 152)
18 (1, 4, 211, 575, 0, 22, 0, 5, 0, 0, 0, 208)
19 (1, 4, 186, 433, 0, 0, 0, 105, 0, 0, 0, 3)
20 (1, 4, 175, 167, 0, 0, 0, 217, 1, 1, 0, 23)
21 (1, 4, 502, 0, 0, 0, 31, 235, 0, 1, 0, 70)
22 (1, 4, 252, 0, 30, 0, 85, 116, 0, 1, 0, 19)
23 (1, 4, 13, 0, 257, 0, 28, 81, 0, 0, 0, 31)
24 (1, 4, 62, 0, 336, 0, 0, 34, 0, 0, 0, 204)
25 (1, 4, 252, 0, 278, 0, 0, 0, 0, 0, 0, 222)
26 (1, 4, 320, 0, 234, 2, 0, 0, 4, 9, 0, 25)
27 (1, 4, 59, 305, 198, 13, 0, 0, 2, 3, 0, 81)
28 (1, 4, 63, 526, 110, 52, 0, 0, 1, 1, 0, 105)
29 (1, 4, 0, 448, 0, 59, 0, 109, 0, 1, 0, 17)
30 (1, 4, 0, 332, 0, 95, 0, 134, 0, 1, 0, 219)
31 (1, 4, 0, 154, 0, 50, 0, 131, 0, 1, 0, 103)
0 (1, 4, 149, 0, 326, 0, 0, 21, 0, 1, 0, 120)
1 (1, 4, 314, 0, 429, 0, 0, 1, 0, 0, 0, 204)
2 (1, 4, 433, 0, 528, 0, 0, 0, 2, 2, 0, 151)
3 (1, 4, 299, 0, 610, 0, 0, 0, 7, 7, 0, 118)
4 (1, 4, 286, 281, 536, 0, 0, 0, 4, 5, 0, 124)
5 (1, 4, 188, 250, 245, 0, 0, 9, 3, 3, 0, 148)
6 (1, 4, 60, 396, 0, 0, 0, 37, 4, 4, 0, 179)
7 (1, 4, 116, 426, 0, 1, 0, 93, 1, 1, 0, 208)
8 (1, 4, 241, 239, 0, 0, 0, 265, 0, 0, 0, 38)
9 (1, 4, 161, 0, 0, 0, 0, 262, 0, 0, 0, 71)
10 (1, 4, 265, 0, 0, 0, 17, 190, 0, 1, 0, 75)
11 (1, 4, 393, 0, 0, 0, 29, 122, 0, 1, 0, 198)
12 (1, 4, 336, 0, 33, 0, 17, 74, 0, 0, 0, 149)
13 (1, 4, 347, 0, 207, 0, 6, 48, 0, 0, 0, 71)
14 (1, 4, 417, 0, 306, 0, 0, 11, 0, 0, 0, 223)
15 (1, 4, 457, 0, 425, 0, 0, 0, 0, 1, 0, 143)
16 (1, 4, 84, 196, 683, 0, 0, 0, 0, 1, 0, 174)
17 (1, 4, 0, 283, 710, 0, 0, 0, 0, 0, 0, 80)
18 (1, 4, 0, 222, 554, 0, 0, 0, 0, 0, 0, 78)
19 (1, 4, 223, 324, 330, 0, 0, 0, 0, 0, 0, 209)
20 (1, 4, 14, 495, 179, 0, 0, 0, 0, 0, 0, 245)
21 (1, 4, 320, 656, 0, 0, 0, 20, 1, 1, 0, 247)
22 (1, 4, 329, 584, 0, 0, 0, 43, 0, 0, 0, 91)
23 (1, 4, 79, 560, 0, 0, 0, 58, 0, 0, 0, 226)
24 (1, 4, 162, 301, 0, 0, 0, 66, 0, 0, 0, 183)
25 (1, 4, 31, 181, 0, 0, 0, 57, 0, 0, 0, 78)
26 (1, 4, 0, 78, 0, 0, 0, 42, 0, 0, 0, 11)
27 (1, 4, 15, 17, 0, 0, 0, 63, 0, 0, 0, 123)
28 (1, 4, 0, 0, 49, 0, 0, 39, 0, 0, 0, 217)
29 (1, 4, 0, 0, 58, 0, 0, 14, 0, 0, 0, 74)
30 (1, 4, 0, 0, 51, 0, 0, 0, 0, 0, 0, 68)
31 (1, 4, 0, 0, 45, 0, 0, 0, 0, 0, 0, 246)
0 (1, 4, 0, 0, 560, 0, 0, 37, 0, 0, 0, 78)
1 (1, 4, 0, 0, 382, 0, 0, 0, 3, 3, 0, 143)
2 (1, 4, 427, 0, 325, 0, 0, 0, 3, 4, 0, 173)
3 (1, 4, 0, 134, 243, 0, 0, 0, 4, 5, 0, 183)
4 (1, 4, 0, 582, 89, 48, 0, 0, 20, 0, 0, 136)
5 (1, 4, 0, 711, 0, 81, 0, 96, 2, 3, 0, 147)
6 (1, 4, 0, 363, 0, 91, 0, 257, 3, 4, 0, 177)
7 (1, 4, 240, 0, 0, 44, 0, 268, 14, 20, 0, 69)
8 (1, 4, 267, 0, 0, 0, 72, 220, 16, 20, 0, 125)
9 (1, 4, 194, 0, 0, 0, 23, 170, 3, 3, 0, 112)
10 (1, 4, 234, 0, 104, 0, 0, 134, 2, 3, 0, 207)
11 (1, 4, 379, 0, 192, 0, 0, 57, 3, 3, 0, 230)
12 (1, 4, 584, 0, 162, 0, 0, 0, 3, 4, 0, 174)
13 (1, 4, 604, 0, 175, 0, 0, 0, 3, 4, 0, 0)
14 (1, 4, 400, 228, 152, 30, 0, 0, 2, 3, 0, 21)
15 (1, 4, 99, 383, 70, 55, 0, 0, 2, 3, 0, 230)
16 (1, 4, 0, 500, 34, 102, 0, 14, 1, 2, 0, 93)
17 (1, 4, 0, 377, 0, 92, 0, 107, 0, 1, 0, 24)
18 (1, 4, 0, 339, 0, 93, 0, 118, 1, 1, 0, 234)
19 (1, 4, 0, 212, 0, 61, 0, 94, 0, 1, 0, 25)
20 (1, 4, 0, 264, 0, 7, 0, 102, 0, 1, 0, 54)
21 (1, 4, 23, 181, 0, 28, 0, 98, 0, 1, 0, 60)
22 (1, 4, 159, 84, 0, 8, 0, 81, 0, 1, 0, 51)
23 (1, 4, 0, 31, 0, 50, 0, 37, 0, 1, 0, 238)
24 (1, 4, 0, 30, 0, 53, 0, 48, 0, 1, 0, 127)
25 (1, 4, 93, 29, 0, 75, 0, 22, 0, 1, 0, 148)
26 (1, 4, 32, 41, 0, 73, 0, 42, 0, 1, 0, 214)
0 (1, 4, 0, 16, 0, 62, 0, 49, 0, 1, 0, 125)
1 (1, 4, 1, 11, 1, 59, 0, 59, 0, 1, 0, 221)
2 (1, 4, 0, 7, 8, 62, 0, 50, 0, 1, 0, 196)
3 (1, 4, 0, 18, 12, 61, 0, 48, 1, 1, 0, 110)
4 (1, 4, 35, 78, 18, 77, 0, 45, 0, 1, 0, 184)
5 (1, 4, 144, 69, 0, 100, 0, 65, 2, 3, 0, 196)
6 (1, 4, 324, 92, 0, 123, 0, 120, 5, 8, 0, 53)
7 (1, 4, 438, 0, 0, 78, 0, 207, 2, 2, 0, 33)
8 (1, 4, 421, 0, 0, 37, 32, 170, 0, 1, 0, 12)
9 (1, 4, 245, 0, 105, 0, 46, 124, 0, 0, 0, 171)
10 (1, 4, 251, 0, 176, 0, 30, 85, 0, 0, 0, 190)
11 (1, 4, 327, 0, 258, 0, 32, 44, 0, 0, 0, 158)
12 (1, 4, 200, 0, 309, 0, 10, 0, 0, 0, 0, 183)
13 (1, 4, 127, 0, 293, 0, 0, 0, 1, 1, 0, 234)
14 (1, 4, 146, 0, 332, 0, 0, 0, 0, 1, 0, 184)
15 (1, 4, 71, 369, 408, 0, 0, 0, 1, 1, 0, 203)
16 (1, 4, 0, 492, 0, 62, 0, 22, 0, 1, 0, 98)
17 (1, 4, 0, 447, 0, 158, 0, 130, 0, 1, 0, 48)
18 (1, 4, 0, 179, 0, 145, 0, 268, 0, 1, 0, 156)
19 (1, 4, 22, 0, 0, 83, 0, 244, 1, 1, 0, 120)
20 (1, 4, 286, 0, 0, 14, 50, 176, 1, 1, 0, 249)
21 (1, 4, 204, 0, 0, 15, 77, 52, 1, 1, 0, 64)
22 (1, 4, 394, 0, 53, 0, 66, 60, 0, 1, 0, 32)
23 (1, 4, 396, 69, 224, 0, 50, 49, 1, 1, 0, 231)
24 (1, 4, 238, 0, 246, 0, 50, 24, 0, 1, 0, 163)
25 (1, 4, 0, 0, 220, 0, 22, 9, 0, 1, 0, 35)
26 (1, 4, 11, 0, 197, 21, 0, 0, 0, 1, 0, 35)
27 (1, 4, 44, 0, 178, 26, 0, 0, 1, 1, 0, 150)
28 (1, 4, 0, 13, 184, 35, 0, 0, 3, 3, 0, 189)
29 (1, 4, 0, 3, 0, 55, 0, 0, 0, 1, 0, 142)
30 (1, 4, 69, 171, 0, 129, 0, 0, 2, 3, 0, 162)
31 (1, 4, 0, 398, 0, 117, 0, 0, 3, 3, 0, 45)
0 (1, 4, 365, 0, 85, 36, 85, 84, 0, 0, 0, 73)
1 (1, 4, 252, 0, 197, 13, 88, 55, 0, 0, 0, 233)
2 (1, 4, 113, 0, 273, 0, 60, 32, 0, 0, 0, 99)
3 (1, 4, 61, 0, 295, 0, 35, 11, 0, 0, 0, 83)
4 (1, 4, 38, 0, 291, 2, 0, 0, 0, 0, 0, 187)
5 (1, 4, 0, 31, 306, 0, 0, 0, 0, 1, 0, 54)
6 (1, 4, 0, 247, 111, 21, 0, 0, 0, 1, 0, 254)
7 (1, 4, 0, 336, 0, 51, 0, 0, 2, 4, 0, 41)
8 (1, 4, 0, 394, 0, 113, 0, 83, 3, 3, 0, 123)
9 (1, 4, 0, 198, 0, 157, 0, 188, 2, 3, 0, 148)
10 (1, 4, 0, 0, 0, 133, 21, 231, 2, 2, 0, 192)
11 (1, 4, 11, 0, 0, 84, 77, 173, 0, 1, 0, 3)
12 (1, 4, 149, 0, 0, 37, 88, 107, 0, 1, 0, 106)
13 (1, 4, 222, 0, 61, 12, 86, 62, 0, 1, 0, 148)
14 (1, 4, 184, 0, 155, 8, 66, 23, 1, 1, 0, 108)
15 (1, 4, 118, 0, 229, 9, 34, 0, 3, 4, 0, 223)
16 (1, 4, 227, 0, 259, 11, 0, 0, 12, 18, 0, 234)
17 (1, 4, 105, 89, 200, 28, 0, 0, 1, 1, 0, 102)
18 (1, 4, 104, 394, 151, 43, 0, 0, 1, 1, 0, 40)
19 (1, 4, 0, 438, 0, 57, 0, 18, 3, 4, 0, 16)
20 (1, 4, 0, 364, 0, 110, 0, 104, 2, 2, 0, 41)
21 (1, 4, 0, 213, 0, 130, 0, 176, 2, 2, 0, 139)
22 (1, 4, 0, 0, 0, 108, 0, 185, 1, 1, 0, 2)
23 (1, 4, 0, 0, 0, 84, 24, 130, 1, 1, 0, 94)
24 (1, 4, 33, 0, 0, 61, 37, 92, 1, 1, 0, 165)
25 (1, 4, 228, 0, 0, 50, 62, 57, 1, 2, 0, 150)
26 (1, 4, 168, 0, 77, 39, 68, 39, 4, 7, 0, 55)
27 (1, 4, 108, 0, 188, 38, 44, 27, 7, 20, 0, 17)
28 (1, 4, 77, 0, 208, 34, 18, 10, 4, 4, 0, 19)
29 (1, 4, 99, 0, 186, 36, 0, 0, 3, 3, 0, 79)
30 (1, 4, 90, 34, 182, 41, 0, 0, 4, 5, 0, 148)
31 (1, 4, 30, 88, 125, 51, 0, 0, 3, 4, 0, 165)
0 (1, 4, 161, 92, 0, 96, 0, 57, 1, 2, 0, 230)
1 (1, 4, 217, 69, 0, 102, 0, 102, 2, 2, 0, 212)
2 (1, 4, 206, 0, 0, 86, 15, 134, 1, 1, 0, 48)
3 (1, 4, 283, 0, 0, 57, 42, 134, 1, 1, 0, 118)
4 (1, 4, 233, 0, 94, 30, 70, 113, 1, 1, 0, 181)
5 (1, 4, 80, 0, 212, 15, 58, 79, 1, 2, 0, 42)
6 (1, 4, 44, 0, 315, 0, 36, 51, 1, 2, 0, 100)
7 (1, 4, 12, 0, 340, 0, 1, 27, 2, 3, 0, 238)
8 (1, 4, 45, 0, 328, 1, 0, 0, 1, 1, 0, 243)
9 (1, 4, 23, 16, 286, 9, 0, 0, 1, 1, 0, 212)
10 (1, 4, 0, 268, 137, 32, 0, 0, 2, 2, 0, 208)
11 (1, 4, 0, 331, 0, 60, 0, 0, 6, 7, 0, 180)
12 (1, 4, 0, 363, 0, 90, 0, 63, 3, 8, 0, 41)
13 (1, 4, 0, 308, 0, 83, 0, 170, 1, 1, 0, 144)
14 (1, 4, 0, 0, 0, 74, 0, 226, 1, 2, 0, 14)
15 (1, 4, 0, 0, 0, 51, 21, 201, 1, 1, 0, 173)
16 (1, 4, 123, 0, 0, 15, 58, 119, 2, 3, 0, 241)
17 (1, 4, 196, 0, 0, 12, 58, 64, 2, 2, 0, 178)
18 (1, 4, 214, 0, 141, 14, 44, 10, 2, 2, 0, 117)
19 (1, 4, 129, 0, 259, 4, 21, 0, 1, 1, 0, 233)
20 (1, 4, 170, 0, 344, 0, 0, 0, 2, 2, 0, 183)
21 (1, 4, 51, 54, 383, 8, 0, 0, 1, 2, 0, 109)
22 (1, 4, 58, 325, 226, 5, 0, 0, 1, 1, 0, 141)
23 (1, 4, 0, 477, 23, 25, 0, 7, 4, 4, 0, 25)
24 (1, 4, 0, 415, 0, 81, 0, 97, 6, 8, 0, 86)
25 (1, 4, 0, 271, 0, 89, 0, 187, 2, 2, 0, 137)
26 (1, 4, 0, 44, 0, 83, 0, 196, 2, 3, 0, 21)
27 (1, 4, 0, 0, 0, 58, 0, 157, 2, 2, 0, 173)
28 (1, 4, 0, 0, 0, 38, 0, 110, 2, 2, 0, 5)
29 (1, 4, 94, 0, 0, 29, 13, 90, 1, 2, 0, 5)
30 (1, 4, 216, 0, 0, 35, 36, 59, 3, 4, 0, 167)
31 (1, 4, 202, 0, 28, 41, 38, 28, 2, 2, 0, 95)
0 (1, 4, 396, 0, 0, 3, 0, 192, 3, 4, 0, 194)
1 (1, 4, 262, 0, 160, 0, 0, 167, 1, 1, 0, 102)
2 (1, 4, 117, 0, 343, 0, 0, 106, 1, 1, 0, 100)
3 (1, 4, 101, 0, 447, 0, 0, 71, 1, 1, 0, 45)
4 (1, 4, 199, 0, 435, 0, 0, 31, 1, 1, 0, 125)
5 (1, 4, 345, 0, 501, 0, 0, 6, 2, 2, 0, 169)
6 (1, 4, 284, 0, 521, 0, 0, 9, 2, 2, 0, 97)
7 (1, 4, 102, 41, 607, 0, 0, 9, 6, 5, 0, 9)
8 (1, 4, 0, 0, 427, 0, 0, 0, 3, 3, 0, 48)
9 (1, 4, 0, 298, 207, 19, 0, 0, 3, 4, 0, 15)
10 (1, 4, 2, 481, 0, 26, 0, 52, 0, 0, 0, 68)
11 (1, 4, 196, 246, 0, 0, 0, 142, 0, 0, 0, 224)
12 (1, 4, 191, 0, 0, 0, 0, 176, 0, 0, 0, 238)
13 (1, 4, 192, 0, 0, 0, 0, 189, 0, 0, 0, 90)
14 (1, 4, 241, 0, 0, 0, 13, 127, 0, 0, 0, 94)
15 (1, 4, 138, 0, 36, 0, 25, 64, 0, 0, 0, 223)
16 (1, 4, 52, 0, 177, 0, 5, 6, 0, 0, 0, 211)
17 (1, 4, 210, 0, 269, 0, 0, 0, 0, 0, 0, 53)
18 (1, 4, 330, 0, 466, 0, 0, 0, 0, 0, 0, 158)
19 (1, 4, 0, 124, 628, 0, 0, 0, 0, 0, 0, 169)
20 (1, 4, 0, 175, 420, 0, 0, 0, 0, 0, 0, 0)
21 (1, 4, 179, 490, 107, 11, 0, 0, 0, 0, 0, 254)
22 (1, 4, 153, 603, 0, 0, 0, 60, 0, 0, 0, 92)
23 (1, 4, 257, 387, 0, 0, 0, 128, 0, 0, 0, 196)
24 (1, 4, 175, 45, 0, 0, 0, 169, 0, 0, 0, 246)
25 (1, 4, 250, 0, 0, 0, 0, 164, 0, 0, 0, 247)
26 (1, 4, 378, 0, 0, 0, 23, 114, 0, 0, 0, 221)
27 (1, 4, 401, 0, 0, 7, 61, 44, 0, 0, 0, 55)
28 (1, 4, 159, 0, 165, 34, 38, 23, 0, 0, 0, 31)
29 (1, 4, 94, 0, 289, 23, 6, 7, 0, 0, 0, 220)
30 (1, 4, 70, 0, 296, 12, 0, 8, 0, 0, 0, 162)
31 (1, 4, 285, 64, 195, 0, 0, 11, 0, 0, 0, 100)
0 (1, 4, 0, 268, 0, 0, 0, 52, 0, 0, 0, 245)
1 (1, 4, 0, 230, 0, 0, 0, 54, 0, 0, 0, 55)
2 (1, 4, 0, 202, 0, 0, 0, 51, 0, 0, 0, 54)
3 (1, 4, 0, 181, 0, 0, 0, 45, 0, 0, 0, 82)
4 (1, 4, 0, 191, 3, 7, 0, 41, 0, 0, 0, 31)
5 (1, 4, 0, 166, 60, 12, 0, 46, 0, 0, 0, 106)
6 (1, 4, 38, 205, 35, 40, 0, 58, 0, 0, 0, 182)
7 (1, 4, 236, 196, 0, 18, 0, 135, 0, 0, 0, 101)
8 (1, 4, 274, 0, 0, 0, 0, 187, 0, 0, 0, 244)
9 (1, 4, 320, 0, 0, 0, 0, 160, 0, 0, 0, 222)
10 (1, 4, 80, 0, 14, 0, 6, 100, 0, 0, 0, 90)
11 (1, 4, 0, 0, 136, 0, 6, 49, 0, 0, 0, 143)
12 (1, 4, 39, 0, 173, 0, 0, 0, 0, 0, 0, 234)
13 (1, 4, 202, 0, 183, 0, 0, 0, 0, 0, 0, 27)
14 (1, 4, 115, 0, 353, 0, 0, 0, 0, 1, 0, 101)
15 (1, 4, 0, 150, 406, 0, 0, 0, 0, 1, 0, 96)
16 (1, 4, 0, 502, 232, 0, 0, 0, 0, 1, 0, 46)
17 (1, 4, 0, 464, 0, 36, 0, 94, 0, 1, 0, 54)
18 (1, 4, 0, 311, 0, 19, 0, 177, 0, 0, 0, 203)
19 (1, 4, 148, 76, 0, 0, 0, 198, 0, 0, 0, 90)
20 (1, 4, 69, 0, 0, 0, 0, 154, 0, 0, 0, 203)
21 (1, 4, 255, 0, 0, 0, 0, 140, 0, 0, 0, 138)
22 (1, 4, 380, 0, 0, 0, 0, 102, 0, 0, 0, 178)
23 (1, 4, 310, 0, 65, 0, 18, 59, 0, 0, 0, 153)
24 (1, 4, 239, 0, 221, 0, 4, 30, 0, 0, 0, 106)
25 (1, 4, 209, 0, 320, 0, 0, 0, 0, 0, 0, 170)
26 (1, 4, 329, 56, 384, 0, 0, 0, 0, 0, 0, 55)
27 (1, 4, 27, 125, 504, 0, 0, 0, 0, 0, 0, 106)
28 (1, 4, 0, 258, 380, 0, 0, 0, 0, 1, 0, 88)
29 (1, 4, 0, 502, 162, 0, 0, 0, 1, 1, 0, 36)
30 (1, 4, 31, 575, 0, 0, 0, 93, 0, 1, 0, 166)
31 (1, 4, 12, 459, 0, 0, 0, 167, 0, 0, 0, 2)
0 (1, 4, 24, 0, 38, 23, 0, 32, 0, 1, 0, 1)
1 (1, 4, 88, 8, 48, 33, 0, 29, 0, 1, 0, 91)
2 (1, 4, 231, 64, 52, 69, 0, 40, 0, 1, 0, 197)
3 (1, 4, 369, 0, 0, 64, 0, 144, 1, 1, 0, 89)
4 (1, 4, 381, 0, 0, 9, 0, 237, 1, 1, 0, 84)
5 (1, 4, 374, 0, 32, 0, 0, 196, 0, 1, 0, 217)
6 (1, 4, 272, 0, 403, 0, 32, 92, 0, 1, 0, 155)
7 (1, 4, 0, 0, 465, 0, 0, 0, 4, 4, 0, 230)
8 (1, 4, 394, 0, 387, 0, 0, 0, 2, 2, 0, 0)
9 (1, 4, 63, 515, 395, 0, 0, 0, 1, 2, 0, 9)
10 (1, 4, 0, 576, 0, 59, 0, 44, 2, 3, 0, 176)
11 (1, 4, 0, 417, 0, 69, 0, 400, 2, 2, 0, 57)
12 (1, 4, 309, 0, 0, 0, 0, 466, 1, 2, 0, 85)
13 (1, 4, 311, 0, 0, 0, 109, 249, 1, 2, 0, 1)
14 (1, 4, 277, 0, 72, 0, 46, 32, 7, 8, 0, 233)
15 (1, 4, 410, 0, 242, 0, 0, 0, 4, 4, 0, 101)
16 (1, 4, 153, 100, 520, 0, 0, 0, 2, 2, 0, 122)
17 (1, 4, 119, 591, 429, 0, 0, 0, 2, 3, 0, 88)
18 (1, 4, 0, 873, 87, 0, 0, 39, 1, 2, 0, 118)
19 (1, 4, 0, 670, 0, 0, 0, 280, 1, 2, 0, 115)
20 (1, 4, 261, 339, 0, 20, 0, 382, 2, 2, 0, 52)
21 (1, 4, 31, 0, 0, 29, 0, 316, 3, 4, 0, 97)
22 (1, 4, 425, 0, 0, 0, 31, 256, 1, 1, 0, 220)
23 (1, 4, 353, 0, 128, 0, 39, 124, 1, 2, 0, 180)
24 (1, 4, 139, 0, 370, 0, 0, 0, 3, 2, 0, 113)
25 (1, 4, 591, 0, 330, 0, 0, 0, 3, 4, 0, 145)
26 (1, 4, 245, 175, 531, 0, 0, 0, 5, 10, 0, 149)
27 (1, 4, 137, 244, 327, 0, 0, 8, 2, 2, 0, 85)
28 (1, 4, 0, 427, 219, 3, 0, 38, 2, 2, 0, 31)
29 (1, 4, 0, 434, 74, 18, 0, 72, 5, 6, 0, 202)
30 (1, 4, 0, 377, 0, 14, 0, 125, 2, 3, 0, 9)
31 (1, 4, 0, 348, 0, 7, 0, 111, 3, 4, 0, 93)
0 (1, 4, 135, 42, 0, 1, 0, 54, 1, 1, 0, 245)
1 (1, 4, 105, 73, 0, 8, 0, 53, 1, 1, 0, 226)
2 (1, 4, 12, 0, 0, 6, 0, 70, 1, 1, 0, 244)
3 (1, 4, 0, 0, 0, 28, 0, 61, 2, 3, 0, 70)
4 (1, 4, 0, 0, 0, 28, 0, 66, 1, 1, 0, 248)
5 (1, 4, 0, 0, 18, 32, 0, 56, 1, 1, 0, 86)
6 (1, 4, 77, 1, 11, 36, 0, 48, 2, 2, 0, 246)
7 (1, 4, 139, 77, 20, 42, 0, 47, 1, 1, 0, 9)
8 (1, 4, 296, 214, 0, 52, 0, 83, 1, 1, 0, 4)
9 (1, 4, 630, 0, 0, 14, 32, 207, 5, 5, 0, 92)
10 (1, 4, 251, 0, 219, 10, 102, 188, 1, 1, 0, 123)
11 (1, 4, 0, 0, 366, 0, 23, 169, 1, 1, 0, 17)
12 (1, 4, 0, 0, 427, 0, 0, 60, 1, 1, 0, 207)
13 (1, 4, 0, 0, 456, 0, 0, 0, 1, 1, 0, 156)
14 (1, 4, 39, 0, 520, 0, 0, 0, 20, 10, 0, 175)
15 (1, 4, 0, 253, 344, 0, 0, 0, 2, 2, 0, 244)
16 (1, 4, 182, 873, 0, 0, 0, 140, 1, 1, 0, 27)
17 (1, 4, 28, 390, 0, 28, 0, 307, 1, 1, 0, 194)
18 (1, 4, 544, 0, 0, 0, 36, 415, 2, 2, 0, 200)
19 (1, 4, 393, 0, 0, 0, 173, 229, 1, 1, 0, 184)
20 (1, 4, 0, 0, 412, 0, 114, 0, 3, 3, 0, 52)
21 (1, 4, 233, 0, 442, 0, 0, 0, 2, 3, 0, 156)
22 (1, 4, 193, 248, 473, 0, 0, 0, 17, 20, 0, 39)
23 (1, 4, 0, 873, 107, 0, 0, 0, 5, 6, 0, 131)
24 (1, 4, 0, 698, 0, 38, 0, 341, 1, 2, 0, 197)
25 (1, 4, 410, 10, 0, 0, 0, 436, 3, 3, 0, 132)
26 (1, 4, 401, 0, 0, 0, 120, 257, 1, 1, 0, 43)
27 (1, 4, 278, 0, 60, 0, 68, 139, 1, 2, 0, 144)
28 (1, 4, 157, 0, 517, 0, 54, 0, 8, 8, 0, 108)
29 (1, 4, 407, 0, 633, 0, 0, 0, 2, 3, 0, 50)
30 (1, 4, 210, 299, 684, 0, 0, 0, 5, 7, 0, 254)
31 (1, 4, 86, 552, 323, 0, 0, 0, 2, 3, 0, 235)
0 (1, 4, 215, 0, 0, 0, 0, 53, 1, 1, 0, 249)
1 (1, 4, 144, 0, 0, 0, 0, 39, 1, 1, 0, 48)
2 (1, 4, 64, 0, 0, 21, 0, 42, 1, 1, 0, 152)
3 (1, 4, 36, 0, 0, 48, 0, 46, 1, 1, 0, 17)
4 (1, 4, 15, 0, 10, 55, 0, 51, 1, 1, 0, 233)
5 (1, 4, 0, 0, 14, 70, 0, 51, 2, 2, 0, 34)
6 (1, 4, 0, 0, 0, 66, 0, 58, 1, 1, 0, 189)
7 (1, 4, 0, 11, 0, 60, 0, 61, 1, 1, 0, 180)
8 (1, 4, 5, 20, 0, 69, 0, 48, 1, 1, 0, 62)
9 (1, 4, 102, 101, 0, 76, 0, 90, 1, 1, 0, 167)
10 (1, 4, 549, 0, 0, 44, 32, 220, 4, 8, 0, 182)
11 (1, 4, 183, 0, 203, 20, 112, 181, 4, 5, 0, 111)
12 (1, 4, 0, 0, 437, 0, 20, 59, 1, 1, 0, 8)
13 (1, 4, 256, 0, 419, 0, 0, 0, 3, 3, 0, 142)
14 (1, 4, 90, 169, 493, 0, 0, 0, 3, 3, 0, 122)
15 (1, 4, 43, 866, 151, 0, 0, 0, 2, 2, 0, 166)
16 (1, 4, 0, 653, 0, 20, 0, 347, 2, 4, 0, 185)
17 (1, 4, 354, 29, 0, 0, 0, 447, 0, 1, 0, 208)
18 (1, 4, 399, 0, 0, 0, 140, 284, 1, 2, 0, 244)
19 (1, 4, 308, 0, 39, 0, 92, 128, 2, 2, 0, 93)
20 (1, 4, 294, 0, 363, 0, 39, 3, 1, 1, 0, 202)
21 (1, 4, 380, 0, 437, 0, 0, 0, 2, 2, 0, 111)
22 (1, 4, 529, 100, 562, 0, 0, 0, 2, 2, 0, 9)
23 (1, 4, 2, 263, 508, 0, 0, 49, 1, 1, 0, 21)
24 (1, 4, 23, 298, 267, 0, 0, 12, 1, 1, 0, 129)
25 (1, 4, 0, 411, 81, 4, 0, 0, 1, 1, 0, 245)
26 (1, 4, 0, 646, 0, 0, 0, 43, 1, 2, 0, 156)
27 (1, 4, 0, 697, 0, 0, 0, 117, 1, 2, 0, 62)
28 (1, 4, 0, 533, 0, 0, 0, 131, 1, 1, 0, 88)
29 (1, 4, 111, 335, 0, 0, 0, 153, 1, 1, 0, 216)
30 (1, 4, 0, 145, 0, 0, 0, 110, 1, 1, 0, 96)
31 (1, 4, 27, 19, 0, 0, 0, 94, 1, 1, 0, 252)
0 (1, 4, 275, 0, 461, 0, 0, 0, 1, 1, 0, 166)
1 (1, 4, 191, 109, 520, 0, 0, 0, 5, 6, 0, 29)
2 (1, 4, 88, 174, 212, 0, 0, 24, 1, 2, 0, 6)
3 (1, 4, 9, 580, 0, 7, 0, 29, 5, 6, 0, 202)
4 (1, 4, 0, 613, 0, 51, 0, 87, 18, 20, 0, 216)
5 (1, 4, 0, 552, 0, 19, 0, 148, 1, 2, 0, 140)
6 (1, 4, 0, 399, 0, 0, 0, 223, 1, 1, 0, 199)
7 (1, 4, 206, 0, 0, 0, 0, 236, 1, 1, 0, 78)
8 (1, 4, 187, 0, 0, 0, 0, 193, 0, 1, 0, 85)
9 (1, 4, 243, 0, 0, 0, 0, 137, 0, 1, 0, 3)
10 (1, 4, 228, 0, 0, 0, 0, 91, 1, 1, 0, 14)
11 (1, 4, 229, 0, 19, 0, 0, 63, 2, 2, 0, 78)
12 (1, 4, 300, 0, 79, 0, 0, 47, 4, 6, 0, 251)
13 (1, 4, 295, 0, 157, 8, 0, 41, 4, 5, 0, 74)
14 (1, 4, 280, 0, 206, 13, 0, 26, 4, 5, 0, 127)
15 (1, 4, 254, 0, 288, 18, 0, 0, 2, 3, 0, 130)
16 (1, 4, 150, 0, 362, 12, 0, 0, 2, 2, 0, 242)
17 (1, 4, 123, 127, 324, 15, 0, 0, 1, 1, 0, 119)
18 (1, 4, 68, 256, 266, 27, 0, 0, 1, 1, 0, 195)
19 (1, 4, 31, 354, 165, 31, 0, 32, 1, 1, 0, 50)
20 (1, 4, 0, 375, 119, 31, 0, 58, 0, 1, 0, 62)
21 (1, 4, 0, 338, 45, 33, 0, 78, 0, 1, 0, 98)
22 (1, 4, 0, 361, 0, 22, 0, 79, 0, 1, 0, 190)
23 (1, 4, 0, 364, 0, 7, 0, 83, 0, 1, 0, 117)
24 (1, 4, 0, 253, 0, 0, 0, 97, 0, 1, 0, 211)
25 (1, 4, 0, 188, 0, 0, 0, 82, 0, 1, 0, 241)
26 (1, 4, 0, 145, 0, 0, 0, 73, 0, 1, 0, 176)
27 (1, 4, 1, 119, 0, 0, 0, 70, 0, 1, 0, 176)
28 (1, 4, 12, 77, 0, 1, 0, 63, 1, 1, 0, 244)
29 (1, 4, 22, 36, 0, 7, 0, 62, 1, 1, 0, 162)
30 (1, 4, 0, 26, 0, 21, 0, 53, 1, 1, 0, 132)
31 (1, 4, 0, 3, 0, 28, 0, 60, 1, 1, 0, 49)
0 (1, 4, 16, 5, 3, 45, 0, 51, 2, 3, 0, 85)
1 (1, 4, 9, 7, 6, 44, 0, 51, 2, 2, 0, 24)
2 (1, 4, 0, 5, 9, 42, 0, 47, 2, 2, 0, 92)
3 (1, 4, 5, 18, 0, 47, 0, 56, 2, 2, 0, 130)
4 (1, 4, 74, 11, 0, 67, 0, 49, 1, 1, 0, 160)
5 (1, 4, 52, 121, 0, 86, 0, 50, 2, 3, 0, 149)
6 (1, 4, 192, 221, 0, 102, 0, 106, 1, 2, 0, 160)
7 (1, 4, 182, 118, 0, 63, 0, 185, 1, 1, 0, 128)
8 (1, 4, 372, 0, 0, 8, 0, 209, 1, 1, 0, 216)
9 (1, 4, 453, 0, 0, 0, 0, 161, 1, 1, 0, 43)
10 (1, 4, 373, 0, 154, 0, 19, 123, 1, 1, 0, 69)
11 (1, 4, 215, 0, 321, 0, 14, 72, 1, 1, 0, 108)
12 (1, 4, 74, 0, 283, 0, 0, 21, 1, 1, 0, 206)
13 (1, 4, 388, 0, 231, 0, 0, 0, 0, 0, 0, 64)
14 (1, 4, 425, 0, 265, 1, 0, 0, 0, 1, 0, 209)
15 (1, 4, 294, 201, 413, 0, 0, 0, 0, 1, 0, 213)
16 (1, 4, 7, 332, 413, 0, 0, 0, 0, 0, 0, 254)
17 (1, 4, 0, 415, 230, 0, 0, 37, 0, 0, 0, 196)
18 (1, 4, 0, 462, 13, 38, 0, 17, 0, 1, 0, 167)
19 (1, 4, 0, 550, 0, 36, 0, 66, 0, 1, 0, 196)
20 (1, 4, 0, 645, 0, 2, 0, 159, 1, 1, 0, 74)
21 (1, 4, 110, 489, 0, 0, 0, 275, 1, 1, 0, 82)
22 (1, 4, 439, 0, 0, 0, 0, 261, 1, 1, 0, 238)
23 (1, 4, 380, 0, 0, 0, 32, 198, 1, 1, 0, 157)
24 (1, 4, 423, 0, 0, 0, 32, 135, 1, 2, 0, 164)
25 (1, 4, 351, 0, 23, 0, 19, 90, 1, 1, 0, 23)
26 (1, 4, 493, 0, 121, 0, 0, 48, 1, 2, 0, 245)
27 (1, 4, 496, 0, 193, 0, 0, 8, 1, 2, 0, 7)
28 (1, 4, 515, 0, 243, 0, 0, 0, 1, 1, 0, 81)
29 (1, 4, 453, 165, 315, 0, 0, 0, 1, 1, 0, 168)
30 (1, 4, 374, 355, 360, 0, 0, 0, 1, 1, 0, 103)
31 (1, 4, 213, 408, 312, 0, 0, 66, 0, 1, 0, 245)
0 (1, 4, 573, 0, 149, 80, 229, 106, 3, 5, 0, 21)
1 (1, 4, 0, 0, 431, 14, 104, 127, 1, 2, 0, 99)
2 (1, 4, 4, 0, 474, 0, 0, 65, 1, 1, 0, 110)
3 (1, 4, 500, 0, 225, 0, 0, 0, 1, 2, 0, 43)
4 (1, 4, 395, 210, 283, 0, 0, 0, 9, 20, 0, 210)
5 (1, 4, 289, 416, 279, 0, 0, 0, 4, 9, 0, 225)
6 (1, 4, 64, 437, 94, 0, 0, 82, 3, 8, 0, 78)
7 (1, 4, 0, 519, 0, 18, 0, 94, 2, 3, 0, 177)
8 (1, 4, 0, 456, 0, 63, 0, 175, 2, 3, 0, 186)
9 (1, 4, 0, 318, 0, 36, 0, 270, 3, 4, 0, 171)
10 (1, 4, 0, 53, 0, 0, 0, 300, 1, 2, 0, 17)
11 (1, 4, 65, 0, 0, 0, 47, 227, 2, 3, 0, 44)
12 (1, 4, 130, 0, 0, 0, 83, 162, 4, 11, 0, 146)
13 (1, 4, 111, 0, 0, 0, 77, 101, 4, 6, 0, 151)
14 (1, 4, 199, 0, 111, 0, 42, 76, 3, 4, 0, 125)
15 (1, 4, 108, 0, 215, 0, 13, 31, 2, 3, 0, 224)
16 (1, 4, 268, 0, 308, 0, 0, 1, 2, 3, 0, 16)
17 (1, 4, 358, 0, 369, 0, 0, 0, 2, 3, 0, 220)
18 (1, 4, 340, 124, 428, 0, 0, 0, 3, 5, 0, 178)
19 (1, 4, 224, 291, 398, 0, 0, 0, 1, 1, 0, 178)
20 (1, 4, 203, 511, 256, 0, 0, 49, 1, 1, 0, 12)
21 (1, 4, 24, 440, 25, 0, 0, 63, 1, 2, 0, 114)
22 (1, 4, 0, 543, 0, 0, 0, 130, 1, 2, 0, 228)
23 (1, 4, 0, 473, 0, 0, 0, 156, 1, 2, 0, 12)
24 (1, 4, 0, 282, 0, 0, 0, 128, 1, 2, 0, 26)
25 (1, 4, 0, 174, 0, 0, 0, 133, 3, 4, 0, 148)
26 (1, 4, 0, 98, 0, 0, 0, 109, 2, 3, 0, 143)
27 (1, 4, 0, 20, 0, 0, 0, 85, 1, 2, 0, 77)
28 (1, 4, 0, 8, 0, 0, 0, 77, 3, 6, 0, 19)
29 (1, 4, 0, 0, 0, 0, 0, 59, 4, 5, 0, 207)
30 (1, 4, 0, 0, 11, 30, 0, 53, 3, 4, 0, 225)
31 (1, 4, 0, 39, 66, 45, 0, 60, 2, 3, 0, 140)
0 (1, 4, 165, 0, 182, 0, 0, 0, 3, 3, 0, 128)
1 (1, 4, 284, 0, 227, 0, 0, 0, 8, 11, 0, 110)
2 (1, 4, 69, 154, 384, 0, 0, 0, 3, 4, 0, 222)
3 (1, 4, 0, 333, 470, 0, 0, 0, 0, 1, 0, 246)
4 (1, 4, 0, 321, 241, 52, 0, 0, 0, 1, 0, 187)
5 (1, 4, 0, 395, 32, 114, 0, 33, 0, 1, 0, 239)
6 (1, 4, 0, 313, 0, 114, 0, 63, 0, 1, 0, 43)
7 (1, 4, 0, 163, 0, 80, 0, 42, 0, 1, 0, 222)
8 (1, 4, 309, 274, 0, 26, 0, 119, 0, 1, 0, 250)
9 (1, 4, 801, 0, 0, 0, 63, 244, 1, 1, 0, 81)
10 (1, 4, 460, 0, 0, 0, 153, 190, 1, 2, 0, 203)
11 (1, 4, 150, 0, 189, 6, 65, 94, 2, 3, 0, 65)
12 (1, 4, 469, 0, 253, 0, 0, 103, 0, 1, 0, 87)
13 (1, 4, 600, 0, 222, 0, 0, 51, 10, 20, 0, 27)
14 (1, 4, 244, 140, 317, 0, 0, 0, 3, 3, 0, 36)
15 (1, 4, 0, 0, 94, 5, 0, 0, 1, 2, 0, 224)
16 (1, 4, 0, 269, 108, 68, 0, 0, 5, 11, 0, 8)
17 (1, 4, 0, 365, 122, 122, 0, 9, 18, 20, 0, 40)
18 (1, 4, 0, 281, 4, 149, 0, 69, 8, 6, 0, 16)
19 (1, 4, 0, 345, 0, 135, 0, 151, 0, 1, 0, 174)
20 (1, 4, 0, 192, 0, 117, 0, 170, 0, 1, 0, 71)
21 (1, 4, 0, 137, 0, 59, 0, 116, 0, 1, 0, 151)
22 (1, 4, 0, 155, 0, 36, 0, 88, 0, 1, 0, 247)
23 (1, 4, 156, 75, 0, 22, 2, 103, 1, 1, 0, 146)
24 (1, 4, 23, 0, 0, 35, 33, 74, 4, 5, 0, 81)
25 (1, 4, 0, 0, 0, 58, 35, 56, 3, 3, 0, 163)
26 (1, 4, 0, 23, 0, 71, 7, 72, 2, 3, 0, 43)
27 (1, 4, 0, 12, 12, 75, 0, 66, 2, 3, 0, 124)
28 (1, 4, 6, 1, 4, 74, 0, 63, 2, 3, 0, 80)
29 (1, 4, 0, 24, 23, 76, 0, 64, 2, 3, 0, 91)
30 (1, 4, 19, 13, 5, 72, 0, 65, 3, 5, 0, 75)
31 (1, 4, 28, 3, 11, 74, 0, 67, 5, 6, 0, 169)
0 (1, 4, 86, 13, 0, 74, 0, 69, 1, 2, 0, 167)
1 (1, 4, 131, 16, 0, 75, 0, 78, 1, 1, 0, 126)
2 (1, 4, 127, 0, 0, 75, 0, 75, 2, 2, 0, 93)
3 (1, 4, 93, 0, 0, 70, 0, 66, 2, 2, 0, 40)
4 (1, 4, 69, 0, 1, 66, 0, 61, 2, 2, 0, 158)
5 (1, 4, 48, 4, 14, 66, 0, 61, 2, 3, 0, 238)
6 (1, 4, 24, 15, 13, 86, 0, 57, 2, 2, 0, 28)
7 (1, 4, 141, 7, 0, 100, 0, 91, 3, 4, 0, 120)
8 (1, 4, 268, 0, 0, 97, 33, 106, 2, 2, 0, 198)
9 (1, 4, 270, 0, 0, 82, 81, 88, 1, 1, 0, 167)
10 (1, 4, 189, 0, 118, 67, 75, 79, 1, 1, 0, 16)
11 (1, 4, 254, 0, 202, 42, 65, 82, 0, 1, 0, 0)
12 (1, 4, 166, 0, 298, 17, 46, 51, 0, 1, 0, 242)
13 (1, 4, 23, 0, 347, 0, 6, 24, 0, 1, 0, 41)
14 (1, 4, 132, 0, 258, 0, 0, 5, 0, 1, 0, 224)
15 (1, 4, 214, 37, 171, 4, 0, 0, 0, 1, 0, 148)
16 (1, 4, 0, 274, 176, 0, 0, 0, 0, 1, 0, 140)
17 (1, 4, 0, 425, 0, 85, 0, 0, 2, 3, 0, 102)
18 (1, 4, 0, 541, 0, 136, 0, 123, 2, 3, 0, 153)
19 (1, 4, 48, 210, 0, 100, 0, 360, 7, 9, 0, 163)
20 (1, 4, 0, 0, 0, 71, 104, 274, 1, 1, 0, 106)
21 (1, 4, 126, 0, 0, 61, 96, 130, 1, 2, 0, 145)
22 (1, 4, 260, 0, 0, 24, 64, 88, 0, 1, 0, 70)
23 (1, 4, 481, 0, 57, 0, 42, 62, 0, 1, 0, 129)
24 (1, 4, 587, 17, 214, 0, 68, 40, 1, 1, 0, 250)
25 (1, 4, 408, 89, 395, 0, 61, 38, 4, 5, 0, 71)
26 (1, 4, 158, 17, 422, 0, 22, 13, 8, 11, 0, 9)
27 (1, 4, 159, 20, 456, 1, 0, 8, 20, 20, 0, 192)
28 (1, 4, 162, 87, 372, 3, 0, 0, 3, 4, 0, 5)
29 (1, 4, 181, 120, 293, 0, 0, 5, 5, 6, 0, 186)
30 (1, 4, 2, 332, 241, 0, 0, 13, 1, 1, 0, 59)
31 (1, 4, 0, 347, 199, 0, 0, 56, 3, 5, 0, 3)
0 (1, 4, 155, 114, 458, 0, 3, 0, 0, 1, 0, 128)
1 (1, 4, 178, 169, 423, 0, 0, 0, 0, 1, 0, 73)
2 (1, 4, 0, 350, 516, 0, 0, 0, 0, 1, 0, 242)
3 (1, 4, 0, 348, 245, 0, 0, 56, 0, 1, 0, 162)
4 (1, 4, 112, 361, 0, 0, 0, 56, 0, 1, 0, 129)
5 (1, 4, 0, 392, 0, 0, 0, 158, 2, 3, 0, 47)
6 (1, 4, 0, 342, 0, 46, 0, 226, 1, 2, 0, 254)
7 (1, 4, 4, 249, 0, 0, 0, 293, 1, 2, 0, 247)
8 (1, 4, 252, 0, 0, 0, 38, 230, 2, 2, 0, 33)
9 (1, 4, 250, 0, 0, 0, 68, 140, 2, 2, 0, 87)
10 (1, 4, 367, 0, 0, 31, 62, 62, 0, 1, 0, 93)
11 (1, 4, 364, 0, 97, 24, 54, 16, 0, 1, 0, 197)
12 (1, 4, 434, 0, 256, 2, 50, 12, 0, 1, 0, 191)
13 (1, 4, 355, 33, 338, 0, 31, 16, 1, 2, 0, 234)
14 (1, 4, 263, 32, 374, 0, 25, 0, 3, 4, 0, 242)
15 (1, 4, 130, 45, 380, 0, 0, 4, 7, 6, 0, 141)
16 (1, 4, 27, 124, 293, 0, 0, 0, 0, 1, 0, 183)
17 (1, 4, 70, 274, 376, 0, 0, 17, 0, 1, 0, 198)
18 (1, 4, 85, 291, 324, 0, 0, 42, 0, 1, 0, 191)
19 (1, 4, 0, 334, 288, 0, 0, 43, 0, 1, 0, 249)
20 (1, 4, 11, 259, 96, 0, 0, 64, 0, 1, 0, 10)
21 (1, 4, 0, 295, 33, 0, 0, 76, 0, 1, 0, 128)
22 (1, 4, 0, 276, 0, 0, 0, 75, 0, 1, 0, 130)
23 (1, 4, 0, 274, 0, 0, 0, 99, 0, 1, 0, 126)
24 (1, 4, 0, 211, 0, 18, 0, 115, 0, 1, 0, 182)
25 (1, 4, 0, 100, 0, 14, 0, 80, 0, 1, 0, 162)
26 (1, 4, 0, 105, 0, 23, 0, 60, 0, 1, 0, 21)
27 (1, 4, 0, 68, 0, 34, 0, 63, 0, 1, 0, 16)
28 (1, 4, 89, 58, 0, 37, 0, 55, 0, 1, 0, 148)
29 (1, 4, 67, 39, 0, 37, 0, 47, 0, 1, 0, 156)
30 (1, 4, 0, 52, 0, 35, 0, 38, 0, 1, 0, 201)
31 (1, 4, 0, 50, 0, 35, 0, 33, 0, 1, 0, 109)
0 (1, 4, 0, 22, 0, 44, 0, 39, 0, 1, 0, 28)
1 (1, 4, 0, 27, 0, 47, 0, 34, 0, 1, 0, 75)
2 (1, 4, 0, 15, 0, 47, 0, 35, 0, 1, 0, 47)
3 (1, 4, 0, 18, 0, 49, 0, 34, 0, 1, 0, 0)
4 (1, 4, 0, 18, 0, 54, 0, 31, 1, 1, 0, 13)
5 (1, 4, 0, 32, 0, 63, 0, 26, 1, 1, 0, 142)
6 (1, 4, 0, 69, 0, 62, 0, 31, 0, 1, 0, 119)
7 (1, 4, 0, 95, 0, 76, 0, 28, 0, 1, 0, 91)
8 (1, 4, 103, 80, 0, 66, 0, 56, 0, 1, 0, 224)
9 (1, 4, 280, 70, 0, 84, 0, 60, 0, 1, 0, 0)
10 (1, 4, 236, 0, 0, 100, 0, 81, 1, 1, 0, 109)
11 (1, 4, 342, 0, 0, 107, 0, 99, 1, 1, 0, 95)
12 (1, 4, 687, 0, 0, 109, 57, 107, 1, 2, 0, 185)
13 (1, 4, 108, 0, 102, 61, 39, 86, 0, 1, 0, 221)
14 (1, 4, 363, 0, 189, 0, 9, 71, 0, 1, 0, 211)
15 (1, 4, 361, 0, 266, 0, 21, 34, 1, 2, 0, 49)
16 (1, 4, 207, 65, 263, 0, 0, 6, 4, 5, 0, 181)
17 (1, 4, 179, 89, 233, 0, 0, 0, 5, 6, 0, 246)
18 (1, 4, 127, 191, 238, 0, 0, 0, 4, 5, 0, 239)
19 (1, 4, 0, 247, 310, 0, 0, 0, 0, 1, 0, 155)
20 (1, 4, 0, 458, 349, 0, 0, 14, 0, 1, 0, 37)
21 (1, 4, 0, 480, 250, 0, 0, 55, 0, 1, 0, 201)
22 (1, 4, 0, 480, 8, 6, 0, 98, 0, 1, 0, 19)
23 (1, 4, 0, 450, 0, 5, 0, 154, 0, 1, 0, 118)
24 (1, 4, 0, 289, 0, 0, 0, 186, 0, 1, 0, 44)
25 (1, 4, 31, 54, 0, 0, 0, 215, 2, 3, 0, 166)
26 (1, 4, 128, 0, 0, 0, 0, 173, 1, 1, 0, 9)
27 (1, 4, 235, 0, 0, 0, 4, 103, 0, 1, 0, 56)
28 (1, 4, 426, 0, 0, 0, 35, 67, 1, 1, 0, 110)
29 (1, 4, 424, 0, 64, 1, 45, 40, 3, 3, 0, 60)
30 (1, 4, 286, 0, 348, 0, 37, 11, 20, 20, 0, 92)
31 (1, 4, 147, 0, 357, 0, 0, 0, 0, 1, 0, 96)
0 (1, 4, 306, 0, 0, 30, 0, 81, 3, 3, 0, 88)
1 (1, 4, 435, 0, 0, 69, 0, 155, 7, 8, 0, 71)
2 (1, 4, 427, 0, 16, 46, 88, 165, 4, 5, 0, 112)
3 (1, 4, 0, 0, 0, 6, 0, 0, 19, 0, 0, 168)
4 (1, 4, 232, 0, 230, 0, 16, 72, 4, 5, 0, 181)
5 (1, 4, 224, 0, 331, 0, 2, 33, 5, 6, 0, 152)
6 (1, 4, 99, 44, 462, 0, 0, 29, 20, 0, 0, 61)
7 (1, 4, 124, 120, 573, 0, 0, 29, 5, 7, 0, 46)
8 (1, 4, 0, 203, 768, 0, 0, 6, 1, 1, 0, 181)
9 (1, 4, 50, 289, 403, 0, 0, 8, 1, 1, 0, 92)
10 (1, 4, 179, 544, 0, 0, 0, 103, 1, 1, 0, 175)
11 (1, 4, 0, 469, 0, 0, 0, 156, 2, 3, 0, 168)
12 (1, 4, 0, 312, 0, 8, 0, 224, 1, 1, 0, 20)
13 (1, 4, 86, 0, 0, 0, 0, 287, 1, 1, 0, 57)
14 (1, 4, 120, 0, 0, 0, 0, 222, 1, 1, 0, 147)
15 (1, 4, 243, 0, 0, 0, 59, 101, 1, 1, 0, 82)
16 (1, 4, 320, 0, 121, 0, 97, 18, 3, 4, 0, 174)
17 (1, 4, 316, 0, 425, 0, 38, 35, 1, 2, 0, 6)
18 (1, 4, 303, 16, 573, 0, 0, 25, 1, 1, 0, 34)
19 (1, 4, 251, 235, 612, 0, 0, 59, 1, 1, 0, 154)
20 (1, 4, 29, 193, 535, 0, 0, 34, 4, 5, 0, 152)
21 (1, 4, 141, 296, 219, 0, 0, 24, 2, 3, 0, 139)
22 (1, 4, 7, 434, 0, 15, 0, 80, 1, 2, 0, 249)
23 (1, 4, 0, 345, 0, 21, 0, 125, 1, 1, 0, 149)
24 (1, 4, 0, 203, 0, 32, 0, 149, 1, 2, 0, 57)
25 (1, 4, 0, 158, 0, 2, 0, 139, 1, 2, 0, 150)
26 (1, 4, 0, 38, 0, 0, 0, 91, 1, 1, 0, 24)
27 (1, 4, 0, 34, 0, 0, 0, 71, 1, 1, 0, 142)
28 (1, 4, 0, 15, 0, 0, 0, 57, 1, 1, 0, 129)
29 (1, 4, 0, 0, 0, 6, 0, 44, 1, 1, 0, 11)
30 (1, 4, 0, 15, 20, 13, 0, 60, 1, 1, 0, 145)
31 (1, 4, 0, 0, 12, 25, 0, 47, 1, 1, 0, 221)
0 (1, 4, 3, 0, 19, 35, 0, 51, 0, 1, 0, 31)
1 (1, 4, 12, 0, 16, 30, 0, 50, 0, 1, 0, 164)
2 (1, 4, 0, 14, 10, 30, 0, 45, 0, 1, 0, 46)
3 (1, 4, 68, 85, 0, 40, 0, 54, 0, 1, 0, 134)
4 (1, 4, 148, 136, 0, 69, 0, 61, 0, 1, 0, 238)
5 (1, 4, 110, 92, 0, 85, 0, 83, 0, 1, 0, 53)
6 (1, 4, 204, 71, 0, 81, 0, 147, 0, 1, 0, 66)
7 (1, 4, 309, 0, 0, 82, 0, 166, 0, 1, 0, 253)
8 (1, 4, 490, 0, 0, 35, 7, 132, 0, 1, 0, 127)
9 (1, 4, 502, 0, 0, 5, 53, 125, 0, 1, 0, 142)
10 (1, 4, 253, 0, 148, 0, 69, 79, 0, 1, 0, 4)
11 (1, 4, 240, 0, 287, 0, 46, 55, 0, 1, 0, 105)
12 (1, 4, 248, 0, 378, 0, 38, 29, 0, 0, 0, 142)
13 (1, 4, 143, 0, 386, 0, 27, 3, 0, 1, 0, 112)
14 (1, 4, 73, 0, 335, 0, 9, 0, 0, 0, 0, 206)
15 (1, 4, 142, 48, 318, 0, 0, 0, 0, 0, 0, 141)
16 (1, 4, 0, 214, 473, 0, 0, 0, 0, 1, 0, 65)
17 (1, 4, 71, 549, 313, 0, 0, 0, 0, 1, 0, 34)
18 (1, 4, 258, 697, 21, 0, 0, 29, 0, 1, 0, 68)
19 (1, 4, 51, 535, 0, 0, 0, 226, 0, 1, 0, 89)
20 (1, 4, 0, 332, 0, 46, 0, 382, 1, 2, 0, 174)
21 (1, 4, 0, 0, 0, 53, 0, 369, 1, 1, 0, 203)
22 (1, 4, 0, 0, 0, 0, 0, 271, 0, 1, 0, 197)
23 (1, 4, 81, 0, 0, 0, 0, 158, 0, 1, 0, 13)
24 (1, 4, 399, 0, 0, 0, 24, 69, 0, 1, 0, 243)
25 (1, 4, 456, 0, 31, 0, 76, 0, 1, 1, 0, 135)
26 (1, 4, 239, 0, 176, 0, 71, 0, 1, 1, 0, 116)
27 (1, 4, 225, 0, 319, 0, 47, 0, 3, 3, 0, 17)
28 (1, 4, 228, 61, 337, 0, 9, 0, 3, 3, 0, 140)
29 (1, 4, 231, 172, 362, 0, 0, 0, 2, 3, 0, 23)
30 (1, 4, 175, 223, 328, 0, 0, 6, 1, 1, 0, 123)
31 (1, 4, 68, 414, 378, 0, 0, 31, 1, 1, 0, 217)
0 (1, 4, 104, 0, 377, 0, 0, 0, 0, 0, 0, 79)
1 (1, 4, 147, 0, 373, 0, 0, 0, 0, 0, 0, 116)
2 (1, 4, 158, 0, 483, 0, 0, 0, 0, 0, 0, 205)
3 (1, 4, 0, 156, 527, 0, 0, 0, 0, 1, 0, 255)
4 (1, 4, 130, 377, 391, 0, 0, 0, 0, 0, 0, 253)
5 (1, 4, 182, 526, 134, 0, 0, 2, 0, 1, 0, 243)
6 (1, 4, 136, 567, 0, 0, 0, 90, 0, 1, 0, 217)
7 (1, 4, 163, 527, 0, 0, 0, 179, 0, 1, 0, 55)
8 (1, 4, 96, 266, 0, 0, 0, 266, 0, 1, 0, 26)
9 (1, 4, 92, 0, 0, 0, 0, 221, 0, 1, 0, 104)
10 (1, 4, 209, 0, 0, 0, 12, 126, 0, 0, 0, 63)
11 (1, 4, 198, 0, 0, 0, 15, 53, 0, 1, 0, 220)
12 (1, 4, 355, 0, 0, 0, 18, 48, 0, 0, 0, 37)
13 (1, 4, 439, 0, 11, 0, 38, 50, 0, 0, 0, 180)
14 (1, 4, 360, 0, 182, 0, 59, 41, 0, 0, 0, 21)
15 (1, 4, 154, 0, 355, 3, 46, 31, 0, 0, 0, 210)
16 (1, 4, 10, 2, 590, 0, 0, 1, 0, 0, 0, 44)
17 (1, 4, 102, 24, 680, 0, 0, 0, 0, 0, 0, 207)
18 (1, 4, 6, 331, 805, 0, 0, 0, 0, 1, 0, 239)
19 (1, 4, 196, 348, 301, 0, 0, 61, 0, 1, 0, 56)
20 (1, 4, 273, 525, 0, 0, 0, 97, 0, 1, 0, 211)
21 (1, 4, 104, 450, 0, 0, 0, 129, 0, 1, 0, 116)
22 (1, 4, 136, 420, 0, 0, 0, 138, 0, 1, 0, 85)
23 (1, 4, 187, 340, 0, 0, 0, 139, 0, 1, 0, 158)
24 (1, 4, 108, 90, 0, 0, 0, 105, 0, 1, 0, 254)
25 (1, 4, 0, 47, 0, 0, 0, 81, 0, 1, 0, 47)
26 (1, 4, 0, 12, 0, 0, 0, 81, 0, 1, 0, 53)
27 (1, 4, 0, 0, 0, 0, 0, 75, 0, 1, 0, 220)
28 (1, 4, 0, 0, 0, 0, 0, 62, 0, 1, 0, 65)
29 (1, 4, 0, 0, 27, 4, 0, 53, 0, 1, 0, 201)
30 (1, 4, 0, 0, 23, 7, 0, 51, 0, 1, 0, 198)
31 (1, 4, 3, 0, 38, 12, 0, 47, 0, 1, 0, 84)

