0 (1, 4, 178, 0, 0, 0, 0, 116, 6, 5, 0, 153)
1 (1, 4, 131, 0, 0, 0, 0, 88, 1, 1, 0, 12)
2 (1, 4, 123, 0, 0, 24, 0, 56, 1, 1, 0, 44)
3 (1, 4, 103, 0, 0, 60, 0, 0, 3, 3, 0, 155)
4 (1, 4, 60, 27, 0, 82, 0, 16, 6, 7, 0, 137)
5 (1, 4, 41, 80, 0, 100, 0, 25, 9, 10, 0, 127)
6 (1, 4, 79, 150, 0, 107, 0, 51, 0, 0, 0, 139)
7 (1, 4, 153, 166, 0, 114, 3, 69, 4, 4, 0, 52)
8 (1, 4, 197, 320, 0, 156, 67, 74, 3, 3, 0, 240)
9 (1, 4, 127, 404, 398, 127, 118, 44, 4, 4, 0, 67)
10 (1, 4, 138, 427, 605, 0, 42, 62, 4, 4, 0, 76)
11 (1, 4, 0, 494, 580, 0, 88, 0, 2, 2, 0, 140)
12 (1, 4, 0, 0, 98, 0, 0, 104, 3, 3, 0, 65)
13 (1, 4, 212, 0, 0, 0, 4, 48, 2, 2, 0, 185)
14 (1, 4, 73, 0, 0, 0, 33, 92, 2, 2, 0, 230)
15 (1, 4, 0, 0, 0, 0, 47, 120, 2, 2, 0, 21)
16 (1, 4, 0, 0, 0, 0, 8, 86, 2, 2, 0, 247)
17 (1, 4, 0, 0, 0, 0, 0, 68, 2, 2, 0, 92)
18 (1, 4, 0, 23, 0, 0, 0, 39, 1, 1, 0, 166)
19 (1, 4, 0, 94, 0, 0, 0, 24, 1, 1, 0, 168)
20 (1, 4, 0, 140, 0, 0, 0, 13, 1, 1, 0, 95)
21 (1, 4, 0, 189, 0, 0, 0, 0, 1, 1, 0, 9)
22 (1, 4, 0, 171, 0, 0, 0, 12, 1, 0, 0, 43)
23 (1, 4, 0, 20, 0, 15, 0, 0, 1, 0, 0, 2)
24 (1, 4, 0, 0, 127, 0, 0, 0, 1, 0, 0, 63)
25 (1, 4, 0, 0, 61, 2, 0, 0, 0, 0, 0, 183)
26 (1, 4, 0, 0, 12, 17, 0, 0, 1, 0, 0, 22)
27 (1, 4, 0, 0, 0, 30, 0, 0, 0, 0, 0, 51)
28 (1, 4, 0, 59, 2, 27, 0, 0, 0, 0, 0, 183)
29 (1, 4, 147, 181, 1, 13, 0, 0, 1, 0, 0, 57)
30 (1, 4, 231, 217, 0, 6, 0, 0, 1, 0, 0, 202)
31 (1, 4, 214, 212, 5, 3, 0, 0, 1, 0, 0, 150)
0 (1, 4, 60, 0, 43, 0, 0, 109, 2, 2, 0, 94)
1 (1, 4, 9, 0, 0, 29, 0, 23, 3, 3, 0, 183)
2 (1, 4, 155, 0, 88, 104, 0, 0, 3, 3, 0, 14)
3 (1, 4, 0, 15, 0, 101, 0, 36, 3, 3, 0, 95)
4 (1, 4, 0, 13, 0, 100, 0, 61, 3, 3, 0, 203)
5 (1, 4, 7, 41, 0, 97, 0, 55, 3, 3, 0, 201)
6 (1, 4, 0, 121, 0, 89, 0, 53, 2, 3, 0, 60)
7 (1, 4, 36, 98, 0, 93, 0, 63, 4, 4, 0, 187)
8 (1, 4, 87, 265, 0, 96, 7, 62, 5, 6, 0, 78)
9 (1, 4, 106, 231, 0, 98, 81, 71, 4, 4, 0, 136)
10 (1, 4, 50, 304, 326, 49, 111, 63, 4, 4, 0, 196)
11 (1, 4, 122, 274, 514, 0, 41, 22, 3, 3, 0, 113)
12 (1, 4, 0, 489, 540, 0, 15, 0, 3, 3, 0, 72)
13 (1, 4, 159, 208, 479, 0, 0, 185, 4, 4, 0, 170)
14 (1, 4, 0, 0, 0, 0, 0, 90, 3, 3, 0, 160)
15 (1, 4, 160, 0, 0, 0, 26, 105, 3, 3, 0, 208)
16 (1, 4, 0, 0, 0, 0, 18, 112, 3, 3, 0, 37)
17 (1, 4, 0, 0, 0, 0, 2, 88, 2, 2, 0, 226)
18 (1, 4, 0, 0, 0, 0, 0, 83, 2, 2, 0, 156)
19 (1, 4, 0, 0, 0, 0, 0, 73, 2, 2, 0, 28)
20 (1, 4, 0, 0, 0, 0, 0, 64, 1, 1, 0, 50)
21 (1, 4, 0, 0, 0, 0, 1, 79, 1, 1, 0, 178)
22 (1, 4, 0, 0, 0, 0, 0, 72, 2, 2, 0, 195)
23 (1, 4, 0, 0, 104, 0, 0, 46, 1, 1, 0, 73)
24 (1, 4, 0, 0, 158, 0, 0, 27, 1, 1, 0, 107)
25 (1, 4, 0, 0, 236, 0, 0, 4, 1, 1, 0, 20)
26 (1, 4, 0, 0, 173, 0, 0, 0, 1, 1, 0, 14)
27 (1, 4, 0, 0, 98, 30, 0, 0, 1, 1, 0, 16)
28 (1, 4, 65, 90, 0, 21, 0, 0, 1, 1, 0, 88)
29 (1, 4, 56, 113, 0, 10, 0, 0, 1, 1, 0, 115)
0 (1, 4, 0, 39, 0, 58, 0, 73, 1, 2, 0, 162)
1 (1, 4, 0, 35, 0, 59, 0, 59, 1, 2, 0, 233)
2 (1, 4, 0, 52, 0, 59, 0, 60, 1, 1, 0, 36)
3 (1, 4, 0, 57, 0, 58, 0, 62, 1, 1, 0, 94)
4 (1, 4, 0, 39, 0, 63, 0, 69, 1, 1, 0, 227)
5 (1, 4, 30, 39, 0, 62, 0, 72, 1, 1, 0, 8)
6 (1, 4, 8, 32, 0, 61, 0, 77, 1, 1, 0, 69)
7 (1, 4, 0, 0, 0, 63, 0, 80, 1, 1, 0, 90)
8 (1, 4, 52, 0, 0, 71, 0, 63, 1, 1, 0, 107)
9 (1, 4, 72, 35, 0, 81, 5, 58, 2, 2, 0, 9)
10 (1, 4, 62, 157, 0, 99, 43, 33, 1, 2, 0, 33)
11 (1, 4, 2, 223, 41, 101, 54, 41, 3, 4, 0, 185)
12 (1, 4, 25, 258, 123, 106, 54, 39, 2, 3, 0, 189)
13 (1, 4, 0, 350, 246, 86, 55, 34, 2, 2, 0, 13)
14 (1, 4, 0, 346, 303, 0, 13, 19, 2, 3, 0, 202)
15 (1, 4, 0, 615, 423, 0, 3, 0, 2, 3, 0, 181)
16 (1, 4, 0, 0, 0, 9, 0, 135, 2, 2, 0, 18)
17 (1, 4, 0, 122, 0, 0, 78, 70, 1, 1, 0, 202)
18 (1, 4, 0, 0, 0, 0, 15, 82, 1, 1, 0, 241)
19 (1, 4, 0, 0, 0, 0, 0, 115, 1, 1, 0, 38)
20 (1, 4, 0, 0, 0, 0, 0, 96, 1, 1, 0, 147)
21 (1, 4, 0, 0, 0, 0, 0, 92, 1, 1, 0, 126)
22 (1, 4, 0, 0, 0, 0, 0, 73, 1, 1, 0, 7)
23 (1, 4, 0, 0, 0, 0, 0, 68, 1, 1, 0, 71)
24 (1, 4, 0, 0, 0, 0, 0, 52, 1, 1, 0, 112)
25 (1, 4, 0, 0, 7, 0, 0, 37, 1, 1, 0, 153)
26 (1, 4, 0, 0, 146, 9, 0, 26, 1, 1, 0, 177)
27 (1, 4, 0, 0, 299, 2, 0, 25, 1, 1, 0, 11)
28 (1, 4, 0, 0, 313, 0, 0, 7, 1, 1, 0, 144)
29 (1, 4, 89, 0, 235, 20, 0, 0, 1, 1, 0, 24)
30 (1, 4, 95, 0, 130, 34, 0, 0, 1, 1, 0, 77)
31 (1, 4, 176, 0, 0, 25, 0, 0, 1, 1, 0, 85)
0 (1, 4, 68, 124, 0, 104, 2, 37, 5, 5, 0, 150)
1 (1, 4, 0, 147, 0, 108, 57, 115, 0, 0, 0, 31)
2 (1, 4, 0, 140, 0, 171, 134, 134, 3, 3, 0, 243)
3 (1, 4, 0, 6, 188, 54, 105, 165, 3, 3, 0, 50)
4 (1, 4, 0, 0, 441, 0, 26, 23, 2, 2, 0, 31)
5 (1, 4, 178, 0, 621, 0, 0, 10, 2, 2, 0, 216)
6 (1, 4, 0, 7, 34, 0, 0, 134, 2, 2, 0, 249)
7 (1, 4, 0, 0, 0, 0, 16, 69, 1, 1, 0, 29)
8 (1, 4, 0, 0, 0, 0, 20, 57, 2, 1, 0, 240)
9 (1, 4, 0, 0, 0, 0, 22, 49, 2, 1, 0, 232)
10 (1, 4, 0, 0, 0, 0, 13, 48, 5, 20, 0, 179)
11 (1, 4, 0, 0, 9, 50, 6, 77, 2, 1, 0, 205)
12 (1, 4, 0, 0, 266, 108, 0, 95, 4, 3, 0, 85)
13 (1, 4, 0, 0, 134, 89, 0, 115, 5, 8, 0, 214)
14 (1, 4, 0, 99, 198, 92, 0, 154, 1, 1, 0, 57)
15 (1, 4, 91, 5, 123, 65, 0, 195, 1, 1, 0, 13)
16 (1, 4, 166, 0, 0, 49, 0, 128, 3, 3, 0, 24)
17 (1, 4, 144, 0, 0, 42, 0, 82, 2, 2, 0, 153)
18 (1, 4, 83, 0, 0, 41, 0, 72, 3, 6, 0, 127)
19 (1, 4, 47, 0, 0, 49, 0, 57, 5, 6, 0, 53)
20 (1, 4, 5, 8, 0, 48, 0, 66, 4, 4, 0, 61)
21 (1, 4, 0, 0, 0, 47, 0, 77, 4, 4, 0, 19)
22 (1, 4, 9, 0, 5, 52, 0, 77, 4, 4, 0, 137)
23 (1, 4, 12, 0, 30, 56, 0, 72, 4, 3, 0, 255)
24 (1, 4, 0, 0, 14, 66, 0, 74, 5, 5, 0, 99)
25 (1, 4, 0, 0, 8, 62, 0, 77, 3, 3, 0, 120)
26 (1, 4, 0, 0, 19, 59, 0, 68, 4, 3, 0, 127)
27 (1, 4, 5, 0, 55, 58, 0, 78, 3, 3, 0, 140)
28 (1, 4, 0, 0, 79, 70, 0, 69, 3, 3, 0, 191)
29 (1, 4, 0, 0, 61, 71, 0, 55, 3, 2, 0, 16)
30 (1, 4, 0, 20, 43, 79, 0, 59, 4, 4, 0, 150)
31 (1, 4, 6, 53, 0, 82, 0, 69, 3, 3, 0, 126)
0 (1, 4, 84, 0, 0, 17, 52, 0, 0, 1, 0, 199)
1 (1, 4, 0, 0, 0, 51, 61, 0, 1, 2, 0, 38)
2 (1, 4, 0, 123, 0, 117, 219, 0, 2, 2, 0, 110)
3 (1, 4, 0, 515, 92, 116, 372, 10, 1, 1, 0, 130)
4 (1, 4, 0, 0, 554, 11, 0, 123, 2, 2, 0, 217)
5 (1, 4, 0, 0, 264, 116, 0, 35, 1, 1, 0, 230)
6 (1, 4, 0, 194, 0, 101, 0, 72, 1, 1, 0, 104)
7 (1, 4, 0, 134, 0, 65, 8, 93, 1, 1, 0, 28)
8 (1, 4, 0, 60, 0, 41, 8, 99, 1, 1, 0, 240)
9 (1, 4, 0, 18, 33, 37, 18, 81, 1, 1, 0, 165)
10 (1, 4, 0, 58, 63, 39, 18, 77, 1, 1, 0, 20)
11 (1, 4, 0, 64, 80, 33, 0, 89, 1, 1, 0, 37)
12 (1, 4, 0, 29, 119, 30, 0, 97, 1, 1, 0, 35)
13 (1, 4, 0, 17, 108, 34, 0, 80, 1, 1, 0, 5)
14 (1, 4, 0, 57, 87, 31, 0, 82, 1, 1, 0, 206)
15 (1, 4, 0, 42, 59, 33, 0, 73, 1, 1, 0, 107)
16 (1, 4, 0, 67, 47, 15, 0, 71, 1, 1, 0, 120)
17 (1, 4, 0, 16, 45, 13, 0, 63, 1, 1, 0, 142)
18 (1, 4, 0, 13, 74, 8, 0, 70, 1, 1, 0, 178)
19 (1, 4, 0, 0, 69, 13, 0, 66, 1, 1, 0, 33)
20 (1, 4, 0, 0, 31, 20, 0, 60, 1, 1, 0, 55)
21 (1, 4, 0, 0, 0, 29, 0, 56, 1, 1, 0, 131)
22 (1, 4, 29, 9, 0, 29, 0, 57, 1, 1, 0, 252)
23 (1, 4, 69, 18, 0, 34, 0, 55, 1, 1, 0, 114)
24 (1, 4, 105, 15, 0, 30, 0, 56, 1, 1, 0, 35)
25 (1, 4, 44, 44, 0, 29, 0, 52, 1, 1, 0, 56)
26 (1, 4, 0, 57, 0, 21, 0, 55, 1, 1, 0, 39)
27 (1, 4, 61, 76, 0, 14, 0, 61, 1, 1, 0, 116)
28 (1, 4, 67, 49, 0, 16, 0, 56, 1, 1, 0, 149)
29 (1, 4, 10, 95, 21, 11, 0, 43, 1, 1, 0, 9)
30 (1, 4, 6, 68, 0, 10, 0, 40, 1, 1, 0, 135)
31 (1, 4, 0, 59, 58, 0, 0, 40, 1, 1, 0, 230)
0 (1, 4, 0, 13, 32, 93, 0, 57, 0, 0, 0, 162)
1 (1, 4, 209, 66, 51, 110, 0, 53, 4, 5, 0, 201)
2 (1, 4, 265, 121, 0, 100, 0, 75, 20, 0, 0, 16)
3 (1, 4, 97, 135, 0, 91, 0, 73, 20, 8, 0, 90)
4 (1, 4, 43, 159, 0, 87, 28, 81, 4, 5, 0, 212)
5 (1, 4, 64, 130, 134, 73, 40, 64, 3, 3, 0, 187)
6 (1, 4, 55, 176, 330, 35, 21, 55, 9, 20, 0, 32)
7 (1, 4, 42, 117, 401, 0, 10, 25, 1, 1, 0, 1)
8 (1, 4, 0, 201, 364, 0, 5, 0, 1, 1, 0, 211)
9 (1, 4, 384, 448, 527, 0, 0, 223, 2, 2, 0, 26)
10 (1, 4, 0, 0, 0, 0, 0, 87, 1, 1, 0, 242)
11 (1, 4, 0, 0, 0, 0, 0, 83, 1, 1, 0, 135)
12 (1, 4, 0, 0, 0, 0, 0, 68, 1, 1, 0, 71)
13 (1, 4, 0, 5, 0, 0, 0, 55, 9, 10, 0, 140)
14 (1, 4, 0, 60, 0, 0, 0, 71, 2, 3, 0, 155)
15 (1, 4, 0, 0, 0, 26, 0, 57, 2, 2, 0, 26)
16 (1, 4, 0, 0, 98, 41, 0, 48, 0, 20, 0, 33)
17 (1, 4, 0, 0, 154, 1, 0, 27, 5, 5, 0, 14)
18 (1, 4, 0, 0, 121, 9, 0, 0, 6, 4, 0, 43)
19 (1, 4, 0, 0, 167, 16, 0, 0, 1, 1, 0, 106)
20 (1, 4, 0, 0, 190, 26, 0, 0, 5, 3, 0, 162)
21 (1, 4, 0, 0, 0, 18, 0, 0, 1, 1, 0, 190)
22 (1, 4, 0, 0, 0, 2, 0, 0, 1, 1, 0, 73)
23 (1, 4, 64, 34, 0, 0, 0, 0, 1, 1, 0, 81)
24 (1, 4, 78, 49, 0, 0, 0, 0, 1, 1, 0, 188)
25 (1, 4, 18, 100, 0, 0, 0, 0, 1, 1, 0, 16)
26 (1, 4, 0, 163, 0, 5, 0, 0, 1, 1, 0, 15)
27 (1, 4, 0, 223, 0, 8, 0, 0, 1, 1, 0, 221)
28 (1, 4, 0, 234, 5, 10, 0, 0, 1, 1, 0, 229)
29 (1, 4, 0, 229, 44, 1, 0, 0, 1, 1, 0, 91)
30 (1, 4, 15, 168, 39, 9, 0, 0, 1, 1, 0, 161)
31 (1, 4, 86, 128, 43, 8, 0, 11, 4, 4, 0, 155)
0 (1, 4, 268, 342, 2, 104, 0, 16, 2, 2, 0, 174)
1 (1, 4, 454, 267, 259, 48, 0, 45, 2, 2, 0, 65)
2 (1, 4, 462, 283, 576, 0, 32, 22, 1, 2, 0, 188)
3 (1, 4, 540, 152, 435, 0, 0, 0, 5, 6, 0, 7)
4 (1, 4, 426, 567, 399, 0, 148, 128, 3, 3, 0, 152)
5 (1, 4, 0, 0, 0, 0, 0, 85, 1, 2, 0, 246)
6 (1, 4, 0, 0, 0, 0, 49, 128, 1, 1, 0, 12)
7 (1, 4, 0, 0, 0, 0, 6, 115, 2, 1, 0, 145)
8 (1, 4, 0, 0, 0, 0, 0, 103, 1, 1, 0, 128)
9 (1, 4, 0, 0, 0, 0, 0, 65, 1, 1, 0, 237)
10 (1, 4, 0, 0, 0, 2, 0, 53, 1, 1, 0, 145)
11 (1, 4, 0, 62, 0, 0, 0, 23, 1, 1, 0, 16)
12 (1, 4, 0, 0, 0, 35, 0, 34, 0, 0, 0, 174)
13 (1, 4, 0, 0, 0, 49, 0, 13, 2, 2, 0, 45)
14 (1, 4, 0, 0, 0, 58, 0, 0, 2, 2, 0, 180)
15 (1, 4, 0, 0, 0, 68, 0, 0, 3, 4, 0, 218)
16 (1, 4, 38, 0, 20, 109, 0, 0, 8, 7, 0, 20)
17 (1, 4, 0, 0, 93, 114, 0, 0, 1, 1, 0, 112)
18 (1, 4, 0, 79, 75, 92, 0, 0, 1, 1, 0, 31)
19 (1, 4, 47, 134, 37, 73, 0, 0, 1, 1, 0, 90)
20 (1, 4, 32, 176, 0, 54, 0, 0, 1, 1, 0, 78)
21 (1, 4, 0, 158, 0, 48, 0, 0, 1, 1, 0, 13)
22 (1, 4, 0, 135, 0, 46, 0, 0, 1, 1, 0, 39)
23 (1, 4, 0, 109, 0, 47, 0, 0, 1, 1, 0, 166)
24 (1, 4, 0, 81, 0, 49, 0, 0, 1, 1, 0, 33)
25 (1, 4, 0, 34, 0, 54, 0, 0, 1, 1, 0, 132)
26 (1, 4, 0, 31, 2, 55, 0, 0, 1, 1, 0, 203)
27 (1, 4, 4, 22, 7, 59, 0, 0, 1, 1, 0, 187)
28 (1, 4, 21, 0, 5, 59, 0, 0, 1, 1, 0, 172)
29 (1, 4, 0, 5, 3, 60, 0, 0, 1, 1, 0, 57)
30 (1, 4, 9, 0, 0, 63, 0, 0, 1, 1, 0, 178)
31 (1, 4, 2, 0, 0, 66, 0, 0, 1, 1, 0, 128)
0 (1, 4, 96, 128, 0, 108, 0, 0, 4, 3, 0, 187)
1 (1, 4, 86, 192, 0, 119, 0, 2, 3, 4, 0, 147)
2 (1, 4, 0, 263, 0, 116, 0, 6, 8, 8, 0, 170)
3 (1, 4, 0, 137, 0, 94, 0, 36, 20, 6, 0, 245)
4 (1, 4, 0, 166, 152, 82, 0, 25, 6, 7, 0, 159)
5 (1, 4, 0, 0, 279, 51, 0, 4, 11, 11, 0, 160)
6 (1, 4, 146, 0, 461, 0, 0, 41, 3, 2, 0, 82)
7 (1, 4, 62, 0, 443, 0, 0, 0, 1, 2, 0, 147)
8 (1, 4, 839, 20, 658, 0, 0, 0, 0, 0, 0, 123)
9 (1, 4, 0, 0, 0, 0, 0, 7, 2, 1, 0, 194)
10 (1, 4, 0, 154, 0, 0, 0, 20, 1, 1, 0, 111)
11 (1, 4, 31, 77, 0, 0, 0, 17, 1, 1, 0, 158)
12 (1, 4, 0, 162, 0, 0, 0, 2, 2, 1, 0, 198)
13 (1, 4, 0, 151, 0, 0, 0, 0, 1, 1, 0, 21)
14 (1, 4, 0, 171, 0, 0, 0, 0, 1, 1, 0, 223)
15 (1, 4, 0, 119, 0, 0, 0, 23, 2, 1, 0, 51)
16 (1, 4, 0, 0, 0, 48, 0, 0, 2, 2, 0, 114)
17 (1, 4, 0, 0, 0, 50, 0, 16, 0, 0, 0, 141)
18 (1, 4, 0, 0, 85, 61, 0, 22, 20, 0, 0, 23)
19 (1, 4, 0, 0, 43, 94, 0, 0, 3, 2, 0, 111)
20 (1, 4, 0, 0, 0, 107, 0, 0, 20, 20, 0, 47)
21 (1, 4, 59, 0, 0, 95, 0, 0, 10, 16, 0, 195)
22 (1, 4, 102, 44, 0, 67, 0, 0, 1, 1, 0, 66)
23 (1, 4, 124, 58, 0, 51, 0, 0, 2, 1, 0, 117)
24 (1, 4, 47, 89, 0, 43, 0, 0, 1, 1, 0, 62)
25 (1, 4, 21, 81, 0, 47, 0, 0, 1, 1, 0, 186)
26 (1, 4, 0, 71, 0, 43, 0, 0, 2, 1, 0, 96)
27 (1, 4, 0, 44, 0, 48, 0, 0, 1, 1, 0, 194)
28 (1, 4, 0, 42, 0, 53, 0, 0, 2, 2, 0, 13)
29 (1, 4, 0, 39, 0, 55, 0, 0, 0, 0, 0, 253)
30 (1, 4, 0, 31, 0, 58, 0, 0, 20, 0, 0, 203)
31 (1, 4, 0, 30, 0, 58, 0, 0, 2, 3, 0, 186)
0 (1, 4, 359, 139, 184, 119, 0, 23, 13, 17, 0, 213)
1 (1, 4, 291, 172, 39, 99, 0, 59, 8, 9, 0, 216)
2 (1, 4, 183, 199, 0, 85, 0, 69, 20, 20, 0, 252)
3 (1, 4, 198, 176, 0, 88, 0, 93, 4, 3, 0, 90)
4 (1, 4, 93, 84, 0, 78, 0, 67, 3, 4, 0, 40)
5 (1, 4, 93, 225, 129, 44, 12, 39, 2, 2, 0, 46)
6 (1, 4, 111, 281, 349, 0, 18, 54, 1, 1, 0, 135)
7 (1, 4, 401, 118, 333, 0, 10, 41, 2, 1, 0, 200)
8 (1, 4, 233, 230, 214, 0, 24, 41, 1, 1, 0, 113)
9 (1, 4, 378, 248, 293, 0, 74, 138, 1, 1, 0, 188)
10 (1, 4, 0, 0, 0, 0, 0, 97, 2, 1, 0, 234)
11 (1, 4, 0, 0, 0, 0, 28, 120, 1, 1, 0, 13)
12 (1, 4, 0, 0, 0, 0, 4, 130, 1, 1, 0, 167)
13 (1, 4, 0, 0, 0, 0, 0, 108, 2, 1, 0, 170)
14 (1, 4, 0, 0, 0, 0, 0, 74, 1, 1, 0, 97)
15 (1, 4, 0, 55, 0, 0, 0, 42, 1, 1, 0, 36)
16 (1, 4, 0, 47, 0, 1, 0, 17, 1, 1, 0, 23)
17 (1, 4, 0, 93, 0, 2, 0, 28, 1, 1, 0, 59)
18 (1, 4, 0, 18, 0, 45, 0, 29, 1, 1, 0, 154)
19 (1, 4, 0, 0, 0, 62, 0, 21, 1, 1, 0, 170)
20 (1, 4, 0, 0, 0, 74, 0, 10, 1, 1, 0, 55)
21 (1, 4, 0, 0, 0, 83, 0, 0, 1, 1, 0, 116)
22 (1, 4, 0, 0, 0, 79, 0, 0, 1, 1, 0, 7)
23 (1, 4, 0, 0, 0, 93, 0, 0, 1, 1, 0, 206)
24 (1, 4, 0, 0, 0, 98, 0, 0, 1, 1, 0, 117)
25 (1, 4, 76, 19, 0, 91, 0, 0, 1, 1, 0, 244)
26 (1, 4, 71, 98, 0, 71, 0, 0, 1, 1, 0, 112)
27 (1, 4, 66, 121, 0, 58, 0, 0, 1, 1, 0, 28)
28 (1, 4, 17, 119, 0, 52, 0, 0, 1, 1, 0, 217)
29 (1, 4, 0, 104, 0, 51, 0, 0, 1, 1, 0, 186)
30 (1, 4, 0, 84, 0, 54, 0, 0, 1, 1, 0, 19)
31 (1, 4, 0, 73, 0, 58, 0, 0, 1, 1, 0, 42)
0 (1, 4, 11, 29, 0, 0, 0, 0, 1, 1, 0, 168)
1 (1, 4, 45, 22, 0, 0, 0, 0, 1, 1, 0, 32)
2 (1, 4, 51, 32, 0, 0, 0, 0, 1, 1, 0, 128)
3 (1, 4, 56, 60, 0, 0, 0, 0, 1, 1, 0, 234)
4 (1, 4, 23, 65, 0, 0, 0, 0, 1, 1, 0, 139)
5 (1, 4, 47, 117, 0, 0, 0, 0, 1, 1, 0, 165)
6 (1, 4, 0, 236, 0, 0, 0, 0, 1, 1, 0, 94)
7 (1, 4, 17, 358, 0, 0, 0, 0, 2, 1, 0, 44)
8 (1, 4, 193, 478, 0, 0, 0, 0, 2, 1, 0, 65)
9 (1, 4, 406, 370, 0, 0, 0, 0, 4, 5, 0, 74)
10 (1, 4, 363, 457, 0, 0, 0, 0, 7, 12, 0, 226)
11 (1, 4, 517, 429, 0, 0, 0, 0, 6, 7, 0, 235)
12 (1, 4, 630, 236, 0, 19, 0, 0, 2, 3, 0, 118)
13 (1, 4, 592, 272, 0, 57, 5, 0, 2, 3, 0, 141)
14 (1, 4, 456, 257, 182, 51, 37, 15, 2, 2, 0, 130)
15 (1, 4, 361, 342, 433, 2, 45, 41, 1, 2, 0, 13)
16 (1, 4, 305, 141, 418, 0, 35, 6, 1, 2, 0, 11)
17 (1, 4, 120, 226, 286, 0, 29, 75, 2, 2, 0, 103)
18 (1, 4, 0, 11, 0, 0, 0, 98, 1, 2, 0, 252)
19 (1, 4, 0, 0, 0, 0, 0, 87, 1, 1, 0, 242)
20 (1, 4, 0, 55, 0, 0, 0, 70, 2, 1, 0, 249)
21 (1, 4, 0, 58, 0, 0, 0, 55, 1, 1, 0, 107)
22 (1, 4, 0, 107, 0, 0, 0, 34, 1, 2, 0, 248)
23 (1, 4, 0, 94, 0, 0, 0, 22, 1, 1, 0, 142)
24 (1, 4, 0, 0, 0, 18, 0, 8, 1, 2, 0, 233)
25 (1, 4, 0, 0, 0, 46, 0, 17, 2, 4, 0, 78)
26 (1, 4, 0, 0, 0, 72, 0, 0, 3, 3, 0, 72)
27 (1, 4, 0, 0, 0, 106, 0, 0, 2, 3, 0, 253)
28 (1, 4, 0, 0, 0, 132, 0, 0, 1, 2, 0, 27)
29 (1, 4, 0, 0, 0, 118, 0, 0, 2, 2, 0, 229)
30 (1, 4, 138, 18, 0, 88, 0, 0, 3, 3, 0, 202)
31 (1, 4, 154, 97, 0, 66, 0, 0, 2, 2, 0, 234)
0 (1, 4, 108, 13, 0, 70, 0, 0, 1, 1, 0, 58)
1 (1, 4, 272, 0, 26, 73, 0, 0, 1, 1, 0, 75)
2 (1, 4, 634, 0, 141, 85, 0, 0, 1, 1, 0, 119)
3 (1, 4, 827, 0, 175, 91, 0, 0, 1, 1, 0, 153)
4 (1, 4, 831, 0, 127, 93, 0, 26, 1, 1, 0, 22)
5 (1, 4, 805, 0, 89, 103, 0, 46, 1, 1, 0, 202)
6 (1, 4, 696, 0, 201, 101, 3, 45, 1, 1, 0, 38)
7 (1, 4, 618, 97, 231, 59, 26, 71, 1, 1, 0, 147)
8 (1, 4, 259, 201, 303, 33, 63, 36, 1, 1, 0, 26)
9 (1, 4, 105, 362, 386, 0, 19, 66, 1, 1, 0, 76)
10 (1, 4, 230, 254, 422, 0, 58, 33, 1, 1, 0, 203)
11 (1, 4, 223, 340, 435, 0, 33, 90, 1, 1, 0, 171)
12 (1, 4, 67, 145, 73, 0, 0, 146, 1, 1, 0, 10)
13 (1, 4, 0, 0, 0, 0, 76, 94, 1, 1, 0, 255)
14 (1, 4, 0, 88, 0, 0, 0, 81, 1, 1, 0, 111)
15 (1, 4, 0, 185, 0, 0, 0, 54, 1, 1, 0, 109)
16 (1, 4, 0, 334, 0, 0, 0, 0, 1, 1, 0, 21)
17 (1, 4, 0, 272, 0, 0, 0, 0, 1, 1, 0, 243)
18 (1, 4, 0, 112, 0, 0, 0, 18, 1, 1, 0, 61)
19 (1, 4, 0, 0, 0, 26, 0, 0, 1, 1, 0, 70)
20 (1, 4, 0, 0, 0, 8, 0, 0, 1, 1, 0, 143)
21 (1, 4, 0, 0, 0, 0, 0, 0, 2, 2, 0, 108)
22 (1, 4, 0, 0, 0, 28, 0, 0, 1, 1, 0, 4)
23 (1, 4, 4, 0, 0, 44, 0, 0, 1, 1, 0, 34)
24 (1, 4, 37, 2, 0, 20, 0, 0, 1, 1, 0, 96)
25 (1, 4, 69, 76, 0, 0, 0, 0, 1, 1, 0, 34)
26 (1, 4, 45, 103, 0, 0, 0, 0, 1, 1, 0, 181)
27 (1, 4, 74, 69, 0, 0, 0, 0, 1, 1, 0, 126)
28 (1, 4, 123, 23, 0, 0, 0, 0, 1, 1, 0, 216)
29 (1, 4, 102, 0, 0, 0, 0, 0, 1, 1, 0, 29)
30 (1, 4, 53, 2, 0, 5, 0, 0, 1, 1, 0, 104)
31 (1, 4, 30, 15, 0, 13, 0, 0, 1, 1, 0, 233)
0 (1, 4, 0, 0, 21, 0, 0, 0, 1, 1, 0, 194)
1 (1, 4, 0, 0, 0, 0, 0, 0, 1, 1, 0, 119)
2 (1, 4, 264, 1, 0, 0, 0, 0, 1, 1, 0, 176)
3 (1, 4, 109, 295, 0, 0, 0, 0, 1, 1, 0, 90)
4 (1, 4, 0, 129, 0, 0, 0, 0, 1, 2, 0, 126)
5 (1, 4, 0, 145, 0, 5, 0, 0, 1, 1, 0, 193)
6 (1, 4, 10, 402, 0, 0, 0, 10, 1, 1, 0, 160)
7 (1, 4, 0, 551, 0, 0, 186, 76, 1, 1, 0, 47)
8 (1, 4, 0, 383, 0, 179, 0, 13, 1, 1, 0, 209)
9 (1, 4, 142, 444, 0, 168, 0, 0, 1, 1, 0, 164)
10 (1, 4, 329, 424, 23, 130, 29, 11, 1, 1, 0, 76)
11 (1, 4, 191, 495, 382, 0, 43, 15, 1, 1, 0, 95)
12 (1, 4, 266, 490, 402, 0, 29, 0, 1, 1, 0, 64)
13 (1, 4, 20, 538, 789, 0, 30, 207, 1, 1, 0, 236)
14 (1, 4, 0, 0, 0, 0, 0, 90, 1, 1, 0, 178)
15 (1, 4, 0, 0, 0, 0, 0, 77, 1, 1, 0, 114)
16 (1, 4, 0, 341, 0, 0, 0, 0, 1, 1, 0, 31)
17 (1, 4, 0, 498, 0, 0, 0, 33, 1, 1, 0, 160)
18 (1, 4, 0, 505, 0, 0, 0, 76, 1, 1, 0, 111)
19 (1, 4, 0, 323, 0, 16, 0, 99, 1, 1, 0, 188)
20 (1, 4, 0, 97, 0, 0, 0, 132, 1, 1, 0, 124)
21 (1, 4, 0, 0, 0, 21, 0, 51, 1, 1, 0, 247)
22 (1, 4, 0, 0, 0, 43, 0, 0, 1, 1, 0, 71)
23 (1, 4, 0, 0, 0, 47, 0, 0, 1, 1, 0, 59)
24 (1, 4, 31, 168, 49, 52, 0, 0, 1, 1, 0, 202)
25 (1, 4, 176, 227, 113, 48, 0, 0, 1, 1, 0, 45)
26 (1, 4, 240, 153, 4, 58, 0, 0, 1, 1, 0, 44)
27 (1, 4, 92, 128, 0, 45, 0, 0, 1, 1, 0, 37)
28 (1, 4, 32, 151, 0, 25, 0, 0, 1, 1, 0, 194)
29 (1, 4, 14, 135, 0, 23, 0, 0, 1, 1, 0, 138)
30 (1, 4, 0, 151, 0, 26, 0, 0, 1, 1, 0, 36)
31 (1, 4, 0, 205, 58, 17, 0, 0, 1, 1, 0, 211)
0 (1, 4, 257, 145, 158, 46, 10, 75, 2, 2, 0, 95)
1 (1, 4, 80, 92, 227, 26, 16, 69, 20, 2, 0, 227)
2 (1, 4, 0, 90, 278, 7, 12, 56, 2, 2, 0, 228)
3 (1, 4, 47, 5, 329, 0, 18, 25, 1, 1, 0, 154)
4 (1, 4, 151, 174, 407, 0, 45, 0, 1, 1, 0, 15)
5 (1, 4, 508, 619, 694, 0, 78, 133, 1, 1, 0, 48)
6 (1, 4, 87, 0, 0, 0, 0, 161, 1, 1, 0, 192)
7 (1, 4, 0, 0, 0, 0, 65, 66, 1, 1, 0, 232)
8 (1, 4, 0, 18, 0, 0, 0, 87, 1, 1, 0, 254)
9 (1, 4, 0, 0, 0, 0, 0, 63, 1, 1, 0, 252)
10 (1, 4, 0, 88, 0, 0, 1, 60, 8, 4, 0, 9)
11 (1, 4, 0, 91, 0, 0, 0, 61, 12, 4, 0, 248)
12 (1, 4, 0, 134, 0, 0, 6, 70, 5, 6, 0, 192)
13 (1, 4, 0, 118, 0, 0, 0, 70, 9, 9, 0, 33)
14 (1, 4, 0, 81, 0, 0, 0, 64, 6, 4, 0, 140)
15 (1, 4, 0, 0, 0, 0, 0, 44, 1, 1, 0, 73)
16 (1, 4, 0, 0, 0, 0, 0, 4, 2, 2, 0, 25)
17 (1, 4, 0, 0, 0, 0, 0, 0, 3, 3, 0, 101)
18 (1, 4, 0, 0, 0, 20, 0, 0, 1, 1, 0, 252)
19 (1, 4, 0, 0, 0, 52, 0, 0, 0, 1, 0, 119)
20 (1, 4, 0, 51, 0, 50, 0, 0, 1, 1, 0, 44)
21 (1, 4, 62, 119, 0, 29, 0, 0, 1, 1, 0, 74)
22 (1, 4, 105, 140, 0, 18, 0, 0, 1, 1, 0, 230)
23 (1, 4, 64, 178, 0, 2, 0, 0, 1, 1, 0, 15)
24 (1, 4, 0, 206, 0, 0, 0, 0, 1, 1, 0, 241)
25 (1, 4, 0, 264, 0, 0, 0, 0, 1, 1, 0, 33)
26 (1, 4, 71, 245, 0, 0, 0, 0, 1, 1, 0, 154)
27 (1, 4, 93, 214, 20, 0, 0, 0, 10, 8, 0, 168)
28 (1, 4, 0, 203, 95, 0, 0, 4, 6, 5, 0, 180)
29 (1, 4, 0, 35, 142, 0, 0, 15, 20, 20, 0, 21)
30 (1, 4, 0, 0, 120, 0, 0, 0, 20, 6, 0, 120)
31 (1, 4, 0, 0, 98, 0, 0, 0, 20, 20, 0, 224)
0 (1, 4, 0, 0, 0, 0, 0, 0, 1, 1, 0, 119)
1 (1, 4, 17, 0, 0, 0, 0, 0, 1, 1, 0, 153)
2 (1, 4, 79, 0, 0, 22, 0, 0, 20, 0, 0, 165)
3 (1, 4, 89, 172, 0, 51, 0, 0, 3, 4, 0, 241)
4 (1, 4, 269, 327, 0, 73, 0, 0, 1, 1, 0, 101)
5 (1, 4, 293, 268, 0, 99, 0, 13, 1, 1, 0, 85)
6 (1, 4, 317, 302, 0, 90, 0, 28, 1, 1, 0, 159)
7 (1, 4, 322, 261, 0, 89, 0, 36, 1, 1, 0, 123)
8 (1, 4, 279, 221, 0, 74, 0, 88, 1, 1, 0, 239)
9 (1, 4, 268, 68, 106, 68, 35, 86, 1, 1, 0, 135)
10 (1, 4, 162, 34, 340, 60, 35, 70, 1, 1, 0, 4)
11 (1, 4, 286, 8, 495, 35, 15, 9, 1, 1, 0, 214)
12 (1, 4, 129, 256, 557, 0, 33, 14, 1, 1, 0, 233)
13 (1, 4, 337, 275, 580, 0, 4, 0, 1, 1, 0, 178)
14 (1, 4, 440, 330, 585, 0, 53, 186, 1, 1, 0, 95)
15 (1, 4, 0, 0, 0, 0, 0, 61, 1, 1, 0, 69)
16 (1, 4, 0, 0, 0, 0, 0, 129, 1, 1, 0, 34)
17 (1, 4, 0, 0, 0, 0, 0, 100, 1, 1, 0, 230)
18 (1, 4, 0, 0, 0, 0, 0, 70, 1, 1, 0, 254)
19 (1, 4, 0, 13, 0, 0, 0, 51, 1, 1, 0, 191)
20 (1, 4, 0, 79, 0, 0, 0, 64, 1, 1, 0, 0)
21 (1, 4, 0, 22, 0, 12, 0, 45, 15, 16, 0, 95)
22 (1, 4, 0, 0, 0, 29, 0, 67, 7, 8, 0, 73)
23 (1, 4, 0, 0, 0, 56, 0, 60, 3, 4, 0, 120)
24 (1, 4, 0, 0, 78, 45, 0, 10, 4, 5, 0, 38)
25 (1, 4, 0, 0, 0, 69, 0, 0, 2, 2, 0, 218)
26 (1, 4, 0, 0, 0, 130, 0, 0, 4, 5, 0, 162)
27 (1, 4, 0, 0, 0, 111, 0, 0, 2, 2, 0, 245)
28 (1, 4, 240, 51, 33, 82, 0, 0, 2, 2, 0, 218)
29 (1, 4, 265, 87, 12, 75, 0, 0, 2, 2, 0, 30)
30 (1, 4, 142, 167, 0, 66, 0, 0, 2, 2, 0, 7)
31 (1, 4, 140, 184, 0, 49, 0, 0, 2, 2, 0, 33)
0 (1, 4, 0, 3, 42, 47, 0, 0, 1, 2, 0, 51)
1 (1, 4, 23, 19, 43, 47, 0, 0, 1, 2, 0, 12)
2 (1, 4, 230, 0, 64, 53, 0, 1, 1, 1, 0, 81)
3 (1, 4, 371, 0, 91, 61, 0, 3, 4, 4, 0, 132)
4 (1, 4, 534, 0, 85, 52, 0, 8, 4, 19, 0, 232)
5 (1, 4, 658, 0, 12, 41, 0, 21, 20, 7, 0, 173)
6 (1, 4, 636, 0, 0, 45, 0, 15, 1, 1, 0, 30)
7 (1, 4, 554, 0, 0, 53, 0, 2, 0, 1, 0, 126)
8 (1, 4, 440, 0, 0, 89, 0, 0, 1, 1, 0, 242)
9 (1, 4, 287, 43, 38, 120, 17, 0, 5, 4, 0, 105)
10 (1, 4, 207, 411, 157, 79, 18, 0, 1, 1, 0, 160)
11 (1, 4, 212, 559, 200, 13, 29, 26, 1, 1, 0, 254)
12 (1, 4, 205, 497, 215, 0, 48, 48, 1, 1, 0, 182)
13 (1, 4, 470, 334, 269, 0, 56, 92, 1, 1, 0, 36)
14 (1, 4, 119, 372, 164, 0, 69, 103, 3, 3, 0, 216)
15 (1, 4, 0, 14, 0, 0, 12, 103, 4, 4, 0, 139)
16 (1, 4, 0, 120, 0, 0, 30, 101, 2, 2, 0, 228)
17 (1, 4, 0, 71, 0, 0, 26, 92, 4, 5, 0, 15)
18 (1, 4, 0, 0, 0, 0, 12, 78, 3, 2, 0, 79)
19 (1, 4, 0, 0, 0, 0, 5, 56, 2, 1, 0, 211)
20 (1, 4, 0, 68, 0, 0, 0, 57, 1, 1, 0, 105)
21 (1, 4, 0, 129, 0, 0, 0, 61, 1, 1, 0, 241)
22 (1, 4, 0, 124, 0, 0, 0, 67, 1, 1, 0, 29)
23 (1, 4, 0, 0, 0, 0, 0, 90, 2, 2, 0, 169)
24 (1, 4, 0, 0, 0, 0, 0, 77, 2, 2, 0, 105)
25 (1, 4, 0, 0, 0, 12, 0, 62, 2, 2, 0, 188)
26 (1, 4, 0, 0, 0, 47, 0, 2, 6, 9, 0, 250)
27 (1, 4, 0, 0, 0, 87, 0, 0, 2, 2, 0, 19)
28 (1, 4, 58, 0, 0, 103, 0, 0, 11, 7, 0, 253)
29 (1, 4, 234, 0, 39, 102, 0, 0, 1, 1, 0, 37)
30 (1, 4, 156, 0, 23, 81, 0, 0, 1, 1, 0, 109)
31 (1, 4, 26, 44, 0, 65, 0, 0, 1, 1, 0, 154)
0 (1, 4, 260, 11, 44, 78, 0, 36, 20, 20, 0, 60)
1 (1, 4, 96, 61, 0, 75, 0, 60, 20, 20, 0, 26)
2 (1, 4, 256, 98, 0, 73, 0, 74, 5, 5, 0, 89)
3 (1, 4, 296, 75, 0, 63, 0, 81, 3, 3, 0, 202)
4 (1, 4, 236, 45, 0, 64, 0, 74, 4, 4, 0, 148)
5 (1, 4, 164, 156, 5, 67, 3, 79, 3, 3, 0, 143)
6 (1, 4, 115, 176, 131, 61, 8, 82, 2, 2, 0, 83)
7 (1, 4, 91, 161, 166, 33, 23, 55, 1, 1, 0, 14)
8 (1, 4, 32, 216, 211, 0, 38, 38, 2, 1, 0, 249)
9 (1, 4, 167, 154, 192, 0, 27, 24, 1, 1, 0, 205)
10 (1, 4, 455, 285, 318, 0, 59, 41, 1, 1, 0, 220)
11 (1, 4, 59, 136, 139, 0, 0, 142, 1, 1, 0, 218)
12 (1, 4, 0, 0, 0, 0, 63, 106, 1, 1, 0, 225)
13 (1, 4, 0, 0, 0, 0, 19, 105, 1, 1, 0, 168)
14 (1, 4, 0, 0, 0, 0, 2, 95, 1, 1, 0, 234)
15 (1, 4, 0, 51, 0, 0, 0, 53, 1, 1, 0, 212)
16 (1, 4, 0, 221, 0, 0, 0, 31, 1, 1, 0, 98)
17 (1, 4, 0, 217, 0, 0, 0, 13, 1, 1, 0, 210)
18 (1, 4, 0, 169, 0, 0, 0, 7, 1, 1, 0, 161)
19 (1, 4, 0, 11, 0, 36, 0, 10, 6, 4, 0, 51)
20 (1, 4, 0, 0, 0, 56, 0, 0, 5, 6, 0, 8)
21 (1, 4, 0, 0, 0, 91, 0, 0, 3, 3, 0, 158)
22 (1, 4, 0, 0, 0, 127, 0, 0, 0, 0, 0, 16)
23 (1, 4, 0, 0, 0, 130, 0, 0, 8, 10, 0, 115)
24 (1, 4, 151, 62, 57, 101, 0, 0, 20, 0, 0, 77)
25 (1, 4, 205, 106, 96, 75, 0, 0, 1, 1, 0, 59)
26 (1, 4, 185, 98, 67, 61, 0, 0, 1, 1, 0, 210)
27 (1, 4, 70, 128, 18, 44, 0, 0, 1, 1, 0, 230)
28 (1, 4, 35, 93, 19, 33, 0, 0, 1, 1, 0, 174)
29 (1, 4, 16, 55, 32, 32, 0, 0, 1, 1, 0, 33)
30 (1, 4, 1, 0, 20, 40, 0, 0, 1, 1, 0, 73)
31 (1, 4, 0, 0, 25, 48, 0, 0, 1, 1, 0, 62)
0 (1, 4, 781, 0, 539, 29, 0, 60, 1, 1, 0, 116)
1 (1, 4, 873, 0, 611, 27, 0, 0, 1, 1, 0, 107)
2 (1, 4, 582, 376, 276, 0, 58, 0, 1, 1, 0, 111)
3 (1, 4, 223, 291, 159, 0, 0, 112, 1, 1, 0, 78)
4 (1, 4, 661, 310, 266, 0, 110, 132, 1, 1, 0, 183)
5 (1, 4, 0, 0, 0, 0, 44, 66, 1, 1, 0, 164)
6 (1, 4, 0, 22, 0, 0, 19, 141, 1, 1, 0, 101)
7 (1, 4, 0, 0, 0, 0, 26, 108, 1, 1, 0, 186)
8 (1, 4, 0, 82, 0, 0, 0, 85, 1, 1, 0, 196)
9 (1, 4, 0, 144, 0, 0, 0, 52, 1, 1, 0, 16)
10 (1, 4, 0, 260, 0, 0, 0, 33, 1, 1, 0, 54)
11 (1, 4, 0, 276, 0, 0, 0, 3, 1, 1, 0, 79)
12 (1, 4, 0, 235, 0, 0, 0, 19, 1, 1, 0, 233)
13 (1, 4, 0, 112, 0, 24, 0, 16, 1, 1, 0, 139)
14 (1, 4, 0, 0, 0, 47, 0, 8, 2, 2, 0, 202)
15 (1, 4, 0, 0, 0, 81, 0, 0, 5, 6, 0, 211)
16 (1, 4, 0, 0, 0, 112, 0, 0, 2, 3, 0, 204)
17 (1, 4, 0, 0, 0, 104, 0, 0, 0, 8, 0, 235)
18 (1, 4, 82, 0, 15, 93, 0, 0, 5, 5, 0, 198)
19 (1, 4, 101, 36, 16, 75, 0, 0, 0, 20, 0, 100)
20 (1, 4, 88, 75, 0, 66, 0, 0, 1, 1, 0, 109)
21 (1, 4, 67, 99, 0, 64, 0, 0, 1, 1, 0, 160)
22 (1, 4, 48, 134, 0, 59, 0, 0, 1, 1, 0, 33)
23 (1, 4, 50, 108, 0, 57, 0, 0, 1, 1, 0, 157)
24 (1, 4, 43, 91, 0, 52, 0, 0, 1, 1, 0, 57)
25 (1, 4, 27, 42, 0, 53, 0, 0, 1, 1, 0, 148)
26 (1, 4, 0, 24, 0, 57, 0, 0, 1, 1, 0, 92)
27 (1, 4, 0, 8, 0, 60, 0, 0, 1, 1, 0, 94)
28 (1, 4, 0, 0, 0, 63, 0, 0, 1, 1, 0, 204)
29 (1, 4, 0, 0, 0, 67, 0, 0, 1, 1, 0, 131)
30 (1, 4, 0, 0, 0, 72, 0, 0, 1, 1, 0, 90)
31 (1, 4, 0, 0, 0, 71, 0, 0, 1, 1, 0, 255)
0 (1, 4, 335, 50, 0, 63, 0, 0, 1, 1, 0, 211)
1 (1, 4, 484, 5, 0, 66, 0, 0, 20, 0, 0, 38)
2 (1, 4, 590, 52, 0, 72, 0, 21, 1, 2, 0, 62)
3 (1, 4, 520, 36, 4, 79, 0, 62, 6, 7, 0, 53)
4 (1, 4, 365, 20, 72, 92, 14, 65, 20, 8, 0, 136)
5 (1, 4, 325, 92, 258, 83, 33, 67, 3, 2, 0, 30)
6 (1, 4, 277, 195, 385, 51, 28, 61, 5, 4, 0, 36)
7 (1, 4, 186, 269, 408, 9, 42, 49, 20, 20, 0, 182)
8 (1, 4, 154, 277, 417, 0, 60, 12, 2, 2, 0, 237)
9 (1, 4, 236, 329, 501, 0, 104, 0, 2, 2, 0, 213)
10 (1, 4, 183, 416, 494, 0, 46, 109, 2, 2, 0, 79)
11 (1, 4, 0, 64, 0, 0, 0, 147, 1, 1, 0, 203)
12 (1, 4, 0, 0, 0, 0, 30, 96, 1, 1, 0, 198)
13 (1, 4, 0, 143, 0, 0, 0, 87, 1, 1, 0, 66)
14 (1, 4, 0, 271, 0, 0, 0, 47, 1, 1, 0, 123)
15 (1, 4, 0, 324, 0, 0, 0, 0, 1, 1, 0, 203)
16 (1, 4, 0, 321, 0, 0, 0, 0, 1, 1, 0, 164)
17 (1, 4, 0, 264, 0, 5, 0, 0, 1, 1, 0, 66)
18 (1, 4, 0, 73, 0, 32, 0, 35, 1, 1, 0, 220)
19 (1, 4, 0, 0, 0, 82, 0, 5, 1, 1, 0, 193)
20 (1, 4, 0, 0, 0, 137, 0, 0, 4, 5, 0, 123)
21 (1, 4, 0, 0, 0, 154, 0, 0, 1, 1, 0, 235)
22 (1, 4, 0, 41, 21, 124, 0, 0, 2, 1, 0, 239)
23 (1, 4, 145, 62, 146, 93, 0, 0, 1, 1, 0, 51)
24 (1, 4, 123, 117, 121, 72, 0, 0, 1, 1, 0, 139)
25 (1, 4, 99, 85, 77, 74, 0, 0, 1, 1, 0, 56)
26 (1, 4, 47, 96, 54, 79, 0, 0, 1, 1, 0, 43)
27 (1, 4, 35, 108, 56, 67, 0, 0, 2, 2, 0, 88)
28 (1, 4, 40, 96, 65, 51, 0, 0, 2, 2, 0, 202)
29 (1, 4, 0, 58, 42, 45, 0, 0, 1, 1, 0, 21)
30 (1, 4, 0, 0, 22, 45, 0, 0, 1, 1, 0, 11)
31 (1, 4, 0, 0, 0, 51, 0, 0, 1, 1, 0, 72)
0 (1, 4, 728, 0, 0, 77, 0, 9, 1, 1, 0, 4)
1 (1, 4, 547, 35, 0, 83, 0, 40, 4, 4, 0, 217)
2 (1, 4, 339, 114, 92, 83, 15, 52, 20, 20, 0, 53)
3 (1, 4, 325, 161, 289, 59, 24, 53, 4, 3, 0, 235)
4 (1, 4, 293, 268, 408, 12, 42, 34, 2, 2, 0, 222)
5 (1, 4, 376, 294, 328, 0, 33, 20, 8, 9, 0, 217)
6 (1, 4, 818, 294, 373, 0, 94, 179, 4, 3, 0, 221)
7 (1, 4, 0, 0, 2, 0, 0, 90, 1, 2, 0, 32)
8 (1, 4, 0, 33, 0, 0, 2, 137, 1, 1, 0, 77)
9 (1, 4, 0, 0, 0, 0, 0, 73, 1, 1, 0, 7)
10 (1, 4, 0, 182, 0, 0, 0, 56, 1, 1, 0, 250)
11 (1, 4, 0, 301, 0, 0, 0, 33, 1, 1, 0, 242)
12 (1, 4, 0, 305, 0, 0, 0, 19, 1, 1, 0, 49)
13 (1, 4, 0, 147, 0, 5, 0, 21, 1, 1, 0, 213)
14 (1, 4, 0, 0, 0, 22, 0, 0, 0, 1, 0, 160)
15 (1, 4, 0, 0, 0, 32, 0, 0, 2, 2, 0, 133)
16 (1, 4, 0, 0, 0, 49, 0, 0, 1, 1, 0, 118)
17 (1, 4, 0, 0, 0, 70, 0, 0, 1, 1, 0, 224)
18 (1, 4, 0, 0, 0, 83, 0, 0, 1, 1, 0, 116)
19 (1, 4, 11, 0, 0, 84, 0, 0, 1, 1, 0, 75)
20 (1, 4, 74, 51, 0, 73, 0, 0, 2, 1, 0, 125)
21 (1, 4, 119, 130, 0, 58, 0, 0, 1, 1, 0, 71)
22 (1, 4, 124, 183, 3, 47, 0, 0, 1, 1, 0, 198)
23 (1, 4, 28, 231, 28, 35, 0, 0, 1, 1, 0, 200)
24 (1, 4, 0, 229, 64, 24, 0, 0, 1, 1, 0, 172)
25 (1, 4, 0, 235, 124, 15, 0, 0, 1, 1, 0, 97)
26 (1, 4, 0, 173, 114, 15, 0, 0, 1, 1, 0, 152)
27 (1, 4, 0, 141, 119, 11, 0, 0, 1, 1, 0, 236)
28 (1, 4, 0, 52, 67, 17, 0, 0, 1, 1, 0, 166)
29 (1, 4, 0, 0, 25, 18, 0, 0, 1, 1, 0, 233)
30 (1, 4, 0, 0, 0, 25, 0, 0, 1, 1, 0, 103)
31 (1, 4, 0, 0, 0, 29, 0, 0, 1, 1, 0, 27)
0 (1, 4, 483, 0, 124, 92, 0, 0, 1, 1, 0, 2)
1 (1, 4, 616, 17, 150, 90, 0, 0, 1, 1, 0, 130)
2 (1, 4, 652, 0, 72, 72, 0, 0, 1, 1, 0, 68)
3 (1, 4, 674, 0, 0, 69, 0, 26, 4, 5, 0, 205)
4 (1, 4, 518, 0, 12, 82, 0, 57, 3, 3, 0, 252)
5 (1, 4, 346, 3, 180, 80, 0, 72, 4, 3, 0, 48)
6 (1, 4, 268, 6, 324, 50, 5, 62, 3, 3, 0, 142)
7 (1, 4, 249, 65, 456, 0, 16, 31, 2, 1, 0, 102)
8 (1, 4, 412, 180, 444, 0, 26, 0, 1, 1, 0, 201)
9 (1, 4, 671, 456, 422, 0, 38, 77, 1, 1, 0, 50)
10 (1, 4, 0, 101, 89, 0, 0, 105, 1, 1, 0, 36)
11 (1, 4, 0, 159, 0, 0, 0, 102, 1, 1, 0, 142)
12 (1, 4, 0, 256, 0, 0, 0, 91, 1, 1, 0, 136)
13 (1, 4, 0, 269, 0, 0, 0, 27, 1, 1, 0, 17)
14 (1, 4, 0, 388, 0, 0, 0, 0, 1, 1, 0, 73)
15 (1, 4, 0, 322, 0, 0, 0, 11, 1, 1, 0, 240)
16 (1, 4, 0, 84, 0, 27, 0, 5, 1, 1, 0, 203)
17 (1, 4, 0, 0, 0, 50, 0, 0, 1, 1, 0, 87)
18 (1, 4, 0, 0, 0, 91, 0, 0, 2, 2, 0, 151)
19 (1, 4, 0, 0, 0, 124, 0, 0, 1, 2, 0, 133)
20 (1, 4, 27, 0, 0, 128, 0, 0, 1, 1, 0, 88)
21 (1, 4, 0, 104, 0, 84, 0, 0, 2, 1, 0, 125)
22 (1, 4, 70, 173, 0, 60, 0, 0, 1, 1, 0, 95)
23 (1, 4, 152, 222, 0, 55, 0, 0, 1, 1, 0, 86)
24 (1, 4, 163, 203, 0, 58, 0, 0, 1, 1, 0, 134)
25 (1, 4, 101, 178, 0, 54, 0, 0, 1, 1, 0, 156)
26 (1, 4, 6, 200, 0, 40, 0, 0, 1, 1, 0, 115)
27 (1, 4, 0, 166, 0, 31, 0, 0, 1, 1, 0, 81)
28 (1, 4, 0, 119, 34, 26, 0, 0, 1, 1, 0, 181)
29 (1, 4, 0, 24, 54, 31, 0, 0, 1, 1, 0, 7)
30 (1, 4, 0, 0, 78, 35, 0, 0, 1, 1, 0, 137)
31 (1, 4, 0, 0, 36, 46, 0, 0, 1, 1, 0, 132)
0 (1, 4, 735, 0, 291, 58, 0, 79, 1, 1, 0, 41)
1 (1, 4, 752, 0, 414, 59, 0, 58, 1, 1, 0, 48)
2 (1, 4, 685, 0, 466, 29, 19, 65, 1, 1, 0, 24)
3 (1, 4, 288, 107, 463, 3, 53, 35, 1, 1, 0, 98)
4 (1, 4, 42, 237, 357, 0, 36, 34, 1, 1, 0, 36)
5 (1, 4, 425, 322, 418, 0, 33, 104, 1, 1, 0, 213)
6 (1, 4, 0, 113, 207, 0, 0, 140, 1, 1, 0, 164)
7 (1, 4, 0, 39, 0, 0, 0, 113, 1, 1, 0, 95)
8 (1, 4, 0, 98, 0, 0, 0, 93, 1, 1, 0, 141)
9 (1, 4, 0, 292, 0, 0, 0, 81, 1, 1, 0, 195)
10 (1, 4, 0, 371, 0, 0, 0, 43, 0, 1, 0, 37)
11 (1, 4, 0, 361, 0, 0, 0, 0, 1, 1, 0, 213)
12 (1, 4, 0, 371, 0, 0, 0, 4, 1, 1, 0, 31)
13 (1, 4, 0, 272, 0, 6, 0, 0, 0, 1, 0, 211)
14 (1, 4, 0, 174, 0, 15, 0, 17, 1, 1, 0, 25)
15 (1, 4, 0, 21, 0, 53, 0, 13, 1, 1, 0, 68)
16 (1, 4, 0, 0, 0, 55, 0, 0, 3, 2, 0, 77)
17 (1, 4, 0, 0, 0, 82, 0, 0, 1, 2, 0, 214)
18 (1, 4, 0, 0, 0, 125, 0, 0, 1, 2, 0, 154)
19 (1, 4, 0, 0, 0, 103, 0, 0, 3, 3, 0, 4)
20 (1, 4, 149, 0, 25, 92, 0, 0, 2, 3, 0, 53)
21 (1, 4, 284, 0, 123, 86, 0, 0, 3, 3, 0, 210)
22 (1, 4, 240, 13, 107, 80, 0, 0, 1, 1, 0, 48)
23 (1, 4, 143, 67, 66, 69, 0, 0, 1, 1, 0, 1)
24 (1, 4, 91, 116, 72, 54, 0, 0, 1, 1, 0, 157)
25 (1, 4, 70, 127, 72, 44, 0, 0, 1, 1, 0, 97)
26 (1, 4, 52, 111, 78, 37, 0, 0, 1, 1, 0, 36)
27 (1, 4, 0, 80, 38, 36, 0, 0, 1, 1, 0, 143)
28 (1, 4, 0, 51, 6, 37, 0, 0, 1, 1, 0, 247)
29 (1, 4, 0, 48, 4, 39, 0, 0, 1, 1, 0, 62)
30 (1, 4, 0, 17, 17, 48, 0, 0, 1, 1, 0, 86)
31 (1, 4, 0, 17, 18, 57, 0, 0, 1, 1, 0, 10)
0 (1, 4, 252, 0, 212, 58, 26, 58, 4, 4, 0, 205)
1 (1, 4, 263, 164, 337, 21, 26, 52, 1, 1, 0, 46)
2 (1, 4, 213, 131, 373, 0, 41, 58, 1, 1, 0, 157)
3 (1, 4, 179, 159, 369, 0, 53, 9, 1, 1, 0, 18)
4 (1, 4, 313, 390, 397, 0, 32, 122, 1, 1, 0, 204)
5 (1, 4, 0, 1, 155, 0, 0, 128, 1, 1, 0, 193)
6 (1, 4, 0, 0, 0, 0, 0, 119, 1, 1, 0, 83)
7 (1, 4, 0, 77, 0, 0, 0, 94, 1, 1, 0, 152)
8 (1, 4, 0, 191, 0, 0, 0, 70, 0, 1, 0, 143)
9 (1, 4, 0, 294, 0, 0, 0, 22, 1, 1, 0, 248)
10 (1, 4, 0, 427, 0, 0, 0, 20, 1, 1, 0, 156)
11 (1, 4, 0, 310, 0, 0, 0, 17, 0, 1, 0, 232)
12 (1, 4, 0, 240, 0, 0, 0, 5, 1, 1, 0, 252)
13 (1, 4, 0, 80, 0, 23, 0, 18, 1, 1, 0, 85)
14 (1, 4, 0, 0, 0, 43, 0, 0, 1, 1, 0, 71)
15 (1, 4, 0, 0, 0, 92, 0, 0, 1, 1, 0, 209)
16 (1, 4, 0, 0, 0, 104, 0, 0, 1, 1, 0, 179)
17 (1, 4, 123, 0, 98, 90, 0, 0, 2, 1, 0, 211)
18 (1, 4, 290, 34, 196, 75, 0, 0, 1, 1, 0, 89)
19 (1, 4, 206, 74, 135, 63, 0, 0, 1, 1, 0, 77)
20 (1, 4, 130, 105, 72, 53, 0, 0, 1, 1, 0, 3)
21 (1, 4, 65, 139, 42, 48, 0, 0, 1, 1, 0, 233)
22 (1, 4, 0, 117, 24, 41, 0, 0, 1, 1, 0, 245)
23 (1, 4, 0, 104, 54, 33, 0, 0, 1, 1, 0, 131)
24 (1, 4, 0, 60, 58, 32, 0, 0, 1, 1, 0, 70)
25 (1, 4, 0, 39, 70, 31, 0, 0, 1, 1, 0, 111)
26 (1, 4, 0, 0, 41, 37, 0, 0, 1, 1, 0, 43)
27 (1, 4, 0, 0, 29, 40, 0, 0, 1, 1, 0, 111)
28 (1, 4, 0, 0, 12, 46, 0, 0, 1, 1, 0, 198)
29 (1, 4, 25, 0, 18, 47, 0, 0, 0, 1, 0, 151)
30 (1, 4, 0, 0, 20, 51, 0, 0, 1, 1, 0, 105)
31 (1, 4, 0, 25, 50, 55, 0, 0, 1, 1, 0, 253)
0 (1, 4, 76, 103, 28, 40, 0, 0, 1, 1, 0, 121)
1 (1, 4, 0, 66, 0, 40, 0, 0, 1, 1, 0, 136)
2 (1, 4, 0, 38, 0, 39, 0, 0, 1, 1, 0, 182)
3 (1, 4, 0, 10, 0, 38, 0, 0, 1, 1, 0, 2)
4 (1, 4, 0, 0, 0, 45, 0, 0, 1, 1, 0, 5)
5 (1, 4, 0, 0, 0, 53, 0, 0, 1, 1, 0, 10)
6 (1, 4, 0, 0, 0, 63, 0, 0, 1, 1, 0, 204)
7 (1, 4, 165, 0, 104, 74, 0, 0, 1, 1, 0, 57)
8 (1, 4, 404, 75, 186, 73, 0, 0, 1, 1, 0, 129)
9 (1, 4, 562, 43, 146, 61, 0, 0, 1, 1, 0, 197)
10 (1, 4, 596, 0, 108, 57, 0, 7, 1, 1, 0, 47)
11 (1, 4, 634, 0, 116, 68, 0, 20, 2, 2, 0, 129)
12 (1, 4, 592, 0, 154, 86, 0, 9, 1, 1, 0, 82)
13 (1, 4, 1, 0, 53, 71, 0, 16, 1, 1, 0, 105)
14 (1, 4, 92, 0, 182, 35, 0, 74, 1, 1, 0, 137)
15 (1, 4, 664, 0, 204, 0, 0, 33, 1, 1, 0, 96)
16 (1, 4, 873, 373, 318, 0, 0, 136, 1, 1, 0, 154)
17 (1, 4, 0, 51, 368, 0, 0, 72, 1, 2, 0, 57)
18 (1, 4, 0, 0, 0, 2, 0, 29, 1, 1, 0, 218)
19 (1, 4, 0, 220, 0, 0, 0, 105, 1, 1, 0, 44)
20 (1, 4, 0, 169, 0, 0, 0, 62, 1, 1, 0, 230)
21 (1, 4, 0, 294, 0, 0, 0, 21, 1, 1, 0, 158)
22 (1, 4, 0, 370, 0, 0, 0, 0, 1, 1, 0, 223)
23 (1, 4, 0, 310, 0, 0, 0, 0, 1, 1, 0, 134)
24 (1, 4, 0, 329, 0, 25, 0, 0, 1, 1, 0, 7)
25 (1, 4, 0, 198, 0, 31, 0, 1, 1, 1, 0, 207)
26 (1, 4, 0, 0, 0, 52, 0, 4, 1, 1, 0, 96)
27 (1, 4, 0, 0, 0, 63, 0, 0, 1, 1, 0, 204)
28 (1, 4, 0, 0, 0, 87, 0, 0, 1, 1, 0, 8)
29 (1, 4, 0, 0, 0, 132, 0, 0, 2, 2, 0, 189)
30 (1, 4, 1, 0, 0, 136, 0, 0, 1, 1, 0, 44)
31 (1, 4, 138, 136, 81, 97, 0, 0, 1, 1, 0, 143)
0 (1, 4, 0, 121, 0, 46, 0, 0, 1, 1, 0, 2)
1 (1, 4, 0, 127, 0, 67, 0, 0, 1, 1, 0, 18)
2 (1, 4, 308, 69, 109, 84, 0, 31, 0, 1, 0, 227)
3 (1, 4, 872, 15, 186, 105, 0, 26, 1, 1, 0, 70)
4 (1, 4, 873, 0, 168, 108, 0, 23, 1, 1, 0, 138)
5 (1, 4, 873, 56, 276, 110, 15, 20, 0, 1, 0, 198)
6 (1, 4, 859, 125, 401, 92, 21, 25, 1, 1, 0, 158)
7 (1, 4, 588, 401, 370, 63, 38, 26, 1, 1, 0, 173)
8 (1, 4, 125, 351, 207, 9, 53, 61, 1, 1, 0, 189)
9 (1, 4, 133, 269, 269, 0, 44, 32, 1, 1, 0, 200)
10 (1, 4, 873, 488, 496, 0, 23, 71, 1, 1, 0, 58)
11 (1, 4, 117, 182, 378, 0, 0, 108, 1, 2, 0, 136)
12 (1, 4, 0, 32, 0, 0, 44, 111, 1, 1, 0, 135)
13 (1, 4, 0, 0, 0, 0, 0, 126, 1, 1, 0, 102)
14 (1, 4, 0, 0, 0, 0, 0, 104, 0, 1, 0, 27)
15 (1, 4, 0, 38, 0, 0, 0, 71, 1, 1, 0, 84)
16 (1, 4, 0, 176, 0, 0, 0, 43, 1, 1, 0, 248)
17 (1, 4, 0, 209, 0, 0, 0, 19, 1, 1, 0, 148)
18 (1, 4, 0, 176, 0, 3, 0, 10, 1, 1, 0, 167)
19 (1, 4, 0, 77, 0, 29, 0, 20, 1, 1, 0, 226)
20 (1, 4, 0, 0, 0, 49, 0, 12, 1, 1, 0, 233)
21 (1, 4, 0, 0, 0, 79, 0, 0, 1, 1, 0, 7)
22 (1, 4, 0, 0, 0, 105, 0, 0, 1, 1, 0, 172)
23 (1, 4, 18, 0, 0, 125, 0, 0, 1, 1, 0, 219)
24 (1, 4, 162, 0, 0, 126, 0, 0, 1, 1, 0, 200)
25 (1, 4, 210, 106, 0, 103, 0, 0, 1, 1, 0, 233)
26 (1, 4, 200, 182, 0, 88, 0, 0, 1, 1, 0, 84)
27 (1, 4, 166, 187, 0, 81, 0, 0, 1, 1, 0, 117)
28 (1, 4, 53, 199, 0, 73, 0, 0, 0, 1, 0, 182)
29 (1, 4, 0, 222, 7, 61, 0, 0, 1, 1, 0, 240)
30 (1, 4, 0, 193, 52, 53, 0, 0, 1, 1, 0, 226)
31 (1, 4, 0, 153, 66, 45, 0, 0, 0, 1, 0, 213)
0 (1, 4, 0, 0, 0, 77, 0, 0, 0, 1, 0, 91)
1 (1, 4, 0, 0, 0, 74, 0, 0, 1, 1, 0, 100)
2 (1, 4, 0, 0, 0, 70, 0, 0, 1, 1, 0, 224)
3 (1, 4, 0, 0, 0, 67, 0, 0, 0, 1, 0, 225)
4 (1, 4, 0, 0, 0, 66, 0, 0, 1, 1, 0, 156)
5 (1, 4, 62, 0, 0, 66, 0, 0, 1, 1, 0, 239)
6 (1, 4, 134, 0, 0, 65, 0, 0, 0, 1, 0, 238)
7 (1, 4, 379, 0, 11, 75, 0, 0, 1, 1, 0, 178)
8 (1, 4, 743, 0, 90, 76, 0, 0, 1, 1, 0, 68)
9 (1, 4, 873, 0, 125, 87, 0, 0, 1, 1, 0, 50)
10 (1, 4, 873, 0, 36, 87, 0, 19, 1, 1, 0, 43)
11 (1, 4, 666, 0, 0, 96, 0, 53, 1, 1, 0, 14)
12 (1, 4, 492, 0, 20, 127, 4, 41, 1, 2, 0, 227)
13 (1, 4, 365, 74, 90, 113, 1, 59, 2, 2, 0, 127)
14 (1, 4, 260, 146, 134, 91, 19, 41, 2, 1, 0, 7)
15 (1, 4, 121, 291, 158, 48, 21, 27, 1, 1, 0, 69)
16 (1, 4, 122, 310, 209, 0, 23, 16, 1, 1, 0, 155)
17 (1, 4, 247, 310, 189, 0, 46, 17, 1, 1, 0, 192)
18 (1, 4, 607, 398, 390, 0, 105, 131, 1, 1, 0, 62)
19 (1, 4, 0, 0, 0, 0, 0, 93, 1, 1, 0, 161)
20 (1, 4, 0, 43, 0, 0, 0, 127, 0, 1, 0, 114)
21 (1, 4, 0, 0, 0, 0, 0, 47, 1, 1, 0, 47)
22 (1, 4, 0, 291, 0, 0, 0, 11, 1, 1, 0, 4)
23 (1, 4, 0, 378, 0, 0, 0, 51, 0, 1, 0, 26)
24 (1, 4, 0, 64, 0, 8, 0, 7, 1, 1, 0, 31)
25 (1, 4, 0, 0, 64, 0, 0, 0, 1, 1, 0, 140)
26 (1, 4, 0, 0, 192, 0, 0, 0, 1, 1, 0, 125)
27 (1, 4, 0, 0, 269, 0, 0, 0, 1, 1, 0, 92)
28 (1, 4, 0, 0, 253, 0, 0, 0, 2, 2, 0, 145)
29 (1, 4, 0, 0, 224, 0, 0, 0, 1, 1, 0, 131)
30 (1, 4, 0, 0, 125, 0, 0, 0, 1, 1, 0, 123)
31 (1, 4, 0, 0, 17, 0, 0, 0, 1, 1, 0, 156)
0 (1, 4, 0, 444, 0, 0, 0, 0, 1, 1, 0, 89)
1 (1, 4, 0, 496, 0, 0, 0, 0, 1, 1, 0, 179)
2 (1, 4, 315, 653, 0, 0, 0, 0, 1, 1, 0, 32)
3 (1, 4, 749, 588, 0, 0, 0, 0, 1, 1, 0, 73)
4 (1, 4, 845, 258, 0, 9, 37, 0, 1, 2, 0, 251)
5 (1, 4, 655, 188, 0, 78, 54, 16, 2, 2, 0, 201)
6 (1, 4, 364, 162, 183, 64, 31, 38, 1, 1, 0, 220)
7 (1, 4, 288, 222, 283, 35, 36, 36, 1, 1, 0, 130)
8 (1, 4, 326, 154, 270, 0, 18, 41, 1, 1, 0, 21)
9 (1, 4, 104, 125, 157, 0, 36, 22, 1, 1, 0, 188)
10 (1, 4, 795, 468, 352, 0, 37, 110, 1, 1, 0, 34)
11 (1, 4, 0, 163, 116, 0, 0, 108, 1, 1, 0, 51)
12 (1, 4, 0, 23, 0, 0, 0, 90, 1, 1, 0, 209)
13 (1, 4, 0, 159, 0, 0, 0, 56, 1, 1, 0, 62)
14 (1, 4, 0, 285, 0, 0, 0, 31, 0, 1, 0, 103)
15 (1, 4, 0, 413, 0, 0, 0, 20, 1, 1, 0, 136)
16 (1, 4, 0, 181, 0, 0, 0, 21, 1, 1, 0, 195)
17 (1, 4, 0, 89, 0, 0, 0, 29, 2, 2, 0, 27)
18 (1, 4, 0, 0, 0, 0, 0, 0, 1, 1, 0, 119)
19 (1, 4, 0, 0, 0, 0, 0, 0, 2, 2, 0, 108)
20 (1, 4, 21, 0, 11, 0, 0, 0, 1, 1, 0, 166)
21 (1, 4, 0, 0, 157, 0, 0, 0, 0, 1, 0, 237)
22 (1, 4, 0, 0, 162, 0, 0, 0, 1, 1, 0, 87)
23 (1, 4, 44, 0, 206, 0, 0, 0, 1, 1, 0, 63)
24 (1, 4, 171, 0, 330, 0, 0, 0, 0, 1, 0, 144)
25 (1, 4, 16, 0, 311, 0, 0, 0, 1, 1, 0, 174)
26 (1, 4, 0, 0, 157, 0, 0, 0, 1, 1, 0, 143)
27 (1, 4, 81, 35, 20, 0, 0, 0, 0, 1, 0, 73)
28 (1, 4, 79, 86, 0, 0, 0, 0, 1, 1, 0, 241)
29 (1, 4, 77, 71, 0, 0, 0, 0, 1, 1, 0, 57)
30 (1, 4, 124, 60, 0, 0, 0, 0, 0, 1, 0, 57)
31 (1, 4, 225, 89, 0, 0, 0, 0, 0, 1, 0, 164)
0 (1, 4, 787, 0, 258, 41, 0, 63, 1, 1, 0, 116)
1 (1, 4, 858, 0, 494, 8, 1, 36, 1, 1, 0, 69)
2 (1, 4, 485, 108, 391, 0, 35, 0, 1, 1, 0, 255)
3 (1, 4, 303, 369, 232, 0, 14, 60, 1, 1, 0, 237)
4 (1, 4, 661, 269, 311, 0, 50, 120, 1, 1, 0, 23)
5 (1, 4, 0, 12, 0, 0, 0, 74, 1, 1, 0, 8)
6 (1, 4, 0, 59, 0, 0, 0, 78, 1, 1, 0, 220)
7 (1, 4, 0, 91, 0, 0, 0, 64, 1, 1, 0, 187)
8 (1, 4, 0, 285, 0, 0, 0, 19, 0, 1, 0, 248)
9 (1, 4, 0, 411, 0, 0, 0, 30, 1, 1, 0, 108)
10 (1, 4, 0, 266, 0, 0, 0, 37, 1, 1, 0, 71)
11 (1, 4, 0, 36, 54, 0, 0, 22, 1, 1, 0, 128)
12 (1, 4, 0, 0, 195, 0, 0, 0, 0, 1, 0, 164)
13 (1, 4, 0, 0, 234, 0, 0, 0, 1, 1, 0, 16)
14 (1, 4, 0, 0, 113, 0, 0, 0, 2, 3, 0, 233)
15 (1, 4, 0, 0, 0, 0, 0, 0, 1, 2, 0, 202)
16 (1, 4, 0, 0, 20, 0, 0, 0, 1, 2, 0, 235)
17 (1, 4, 0, 0, 107, 0, 0, 0, 1, 2, 0, 200)
18 (1, 4, 89, 0, 145, 0, 0, 0, 1, 1, 0, 122)
19 (1, 4, 67, 0, 77, 0, 0, 0, 1, 2, 0, 220)
20 (1, 4, 0, 0, 0, 0, 0, 0, 1, 1, 0, 119)
21 (1, 4, 0, 0, 0, 0, 0, 0, 1, 1, 0, 119)
22 (1, 4, 0, 0, 0, 0, 0, 0, 1, 1, 0, 119)
23 (1, 4, 0, 39, 0, 0, 0, 0, 1, 1, 0, 183)
24 (1, 4, 6, 77, 0, 0, 0, 0, 1, 1, 0, 12)
25 (1, 4, 19, 128, 0, 0, 0, 0, 1, 1, 0, 132)
26 (1, 4, 0, 142, 0, 0, 0, 0, 1, 1, 0, 114)
27 (1, 4, 0, 98, 0, 0, 0, 0, 1, 1, 0, 91)
28 (1, 4, 0, 75, 0, 0, 0, 0, 1, 1, 0, 159)
29 (1, 4, 0, 53, 0, 0, 0, 0, 1, 1, 0, 187)
30 (1, 4, 0, 4, 0, 0, 0, 0, 1, 1, 0, 173)
31 (1, 4, 0, 0, 0, 0, 0, 0, 1, 1, 0, 119)
0 (1, 4, 336, 172, 0, 0, 0, 0, 1, 1, 0, 182)
1 (1, 4, 271, 91, 0, 0, 7, 0, 1, 1, 0, 206)
2 (1, 4, 140, 72, 29, 0, 0, 0, 1, 1, 0, 19)
3 (1, 4, 246, 39, 36, 0, 0, 0, 0, 1, 0, 234)
4 (1, 4, 655, 0, 0, 0, 0, 45, 2, 2, 0, 198)
5 (1, 4, 619, 0, 0, 0, 0, 0, 1, 1, 0, 95)
6 (1, 4, 475, 165, 0, 0, 11, 0, 1, 1, 0, 141)
7 (1, 4, 231, 258, 0, 0, 17, 0, 1, 1, 0, 114)
8 (1, 4, 197, 171, 2, 0, 6, 9, 1, 1, 0, 126)
9 (1, 4, 154, 52, 26, 0, 8, 7, 0, 1, 0, 203)
10 (1, 4, 98, 0, 56, 0, 9, 2, 1, 1, 0, 25)
11 (1, 4, 8, 33, 88, 0, 9, 0, 1, 1, 0, 240)
12 (1, 4, 0, 65, 102, 0, 0, 4, 0, 1, 0, 34)
13 (1, 4, 2, 51, 76, 0, 0, 2, 1, 1, 0, 176)
14 (1, 4, 0, 14, 11, 0, 1, 3, 1, 1, 0, 107)
15 (1, 4, 0, 0, 0, 0, 7, 2, 0, 1, 0, 196)
16 (1, 4, 0, 25, 0, 0, 0, 0, 0, 1, 0, 114)
17 (1, 4, 0, 47, 0, 0, 0, 0, 1, 1, 0, 4)
18 (1, 4, 0, 0, 11, 0, 0, 5, 1, 1, 0, 218)
19 (1, 4, 78, 0, 52, 0, 0, 0, 0, 1, 0, 23)
20 (1, 4, 96, 0, 61, 0, 0, 0, 0, 1, 0, 172)
21 (1, 4, 0, 0, 42, 0, 3, 0, 1, 1, 0, 145)
22 (1, 4, 0, 0, 0, 0, 0, 0, 0, 1, 0, 21)
23 (1, 4, 0, 0, 0, 0, 0, 0, 0, 0, 0, 126)
24 (1, 4, 0, 0, 0, 0, 8, 0, 1, 0, 0, 221)
25 (1, 4, 0, 36, 0, 0, 6, 0, 0, 1, 0, 28)
26 (1, 4, 0, 10, 0, 0, 1, 2, 0, 1, 0, 11)
27 (1, 4, 0, 0, 0, 0, 10, 0, 1, 1, 0, 68)
28 (1, 4, 0, 10, 0, 0, 12, 0, 1, 0, 0, 224)
29 (1, 4, 0, 35, 39, 0, 7, 0, 0, 0, 0, 23)
30 (1, 4, 0, 31, 85, 0, 4, 0, 1, 0, 0, 97)
31 (1, 4, 0, 18, 150, 0, 1, 0, 1, 0, 0, 150)
0 (1, 4, 0, 304, 0, 0, 0, 0, 1, 1, 0, 49)
1 (1, 4, 0, 587, 0, 0, 0, 0, 2, 4, 0, 52)
2 (1, 4, 208, 537, 0, 0, 0, 0, 1, 2, 0, 28)
3 (1, 4, 315, 647, 0, 0, 0, 0, 1, 1, 0, 254)
4 (1, 4, 455, 460, 0, 0, 0, 20, 1, 1, 0, 107)
5 (1, 4, 346, 287, 0, 45, 7, 37, 1, 1, 0, 84)
6 (1, 4, 173, 157, 134, 38, 15, 46, 1, 1, 0, 90)
7 (1, 4, 121, 0, 404, 0, 17, 23, 1, 1, 0, 22)
8 (1, 4, 0, 0, 438, 0, 0, 0, 1, 1, 0, 43)
9 (1, 4, 416, 0, 805, 0, 0, 0, 1, 1, 0, 116)
10 (1, 4, 64, 0, 4, 0, 0, 0, 1, 1, 0, 160)
11 (1, 4, 0, 122, 0, 0, 0, 14, 1, 1, 0, 175)
12 (1, 4, 0, 118, 0, 0, 0, 11, 1, 1, 0, 108)
13 (1, 4, 0, 115, 0, 0, 0, 13, 0, 1, 0, 173)
14 (1, 4, 0, 65, 102, 0, 0, 16, 0, 1, 0, 132)
15 (1, 4, 0, 0, 172, 0, 4, 0, 1, 1, 0, 121)
16 (1, 4, 0, 0, 393, 0, 0, 0, 1, 0, 0, 152)
17 (1, 4, 0, 0, 591, 0, 0, 0, 0, 0, 0, 102)
18 (1, 4, 0, 0, 691, 0, 0, 0, 0, 0, 0, 15)
19 (1, 4, 0, 0, 797, 0, 0, 0, 0, 0, 0, 144)
20 (1, 4, 0, 0, 738, 0, 0, 0, 1, 1, 0, 22)
21 (1, 4, 0, 0, 286, 0, 0, 0, 0, 1, 0, 250)
22 (1, 4, 0, 78, 0, 0, 0, 0, 1, 1, 0, 240)
23 (1, 4, 69, 0, 0, 0, 0, 0, 0, 1, 0, 170)
24 (1, 4, 93, 0, 0, 0, 0, 0, 0, 0, 0, 81)
25 (1, 4, 99, 0, 0, 0, 0, 0, 0, 0, 0, 34)
26 (1, 4, 71, 98, 0, 0, 0, 0, 0, 0, 0, 241)
27 (1, 4, 132, 163, 0, 0, 0, 0, 0, 0, 0, 72)
28 (1, 4, 204, 170, 0, 0, 8, 0, 0, 0, 0, 118)
29 (1, 4, 174, 172, 0, 0, 23, 6, 1, 1, 0, 122)
30 (1, 4, 151, 146, 0, 0, 23, 8, 0, 0, 0, 171)
31 (1, 4, 138, 115, 0, 0, 12, 7, 0, 0, 0, 206)
0 (1, 4, 0, 469, 0, 0, 0, 0, 1, 0, 0, 117)
1 (1, 4, 100, 425, 0, 0, 0, 0, 0, 0, 0, 40)
2 (1, 4, 31, 403, 0, 0, 0, 0, 0, 0, 0, 153)
3 (1, 4, 85, 396, 0, 0, 0, 0, 1, 1, 0, 165)
4 (1, 4, 60, 416, 0, 0, 0, 0, 1, 1, 0, 62)
5 (1, 4, 149, 345, 0, 25, 0, 0, 0, 1, 0, 199)
6 (1, 4, 418, 229, 0, 40, 0, 0, 1, 1, 0, 133)
7 (1, 4, 299, 255, 0, 54, 0, 0, 1, 1, 0, 28)
8 (1, 4, 24, 218, 0, 65, 0, 33, 0, 1, 0, 12)
9 (1, 4, 0, 63, 76, 47, 3, 61, 1, 1, 0, 137)
10 (1, 4, 9, 0, 174, 24, 0, 65, 1, 1, 0, 94)
11 (1, 4, 29, 0, 273, 0, 0, 36, 0, 1, 0, 209)
12 (1, 4, 406, 0, 510, 0, 0, 0, 0, 0, 0, 182)
13 (1, 4, 873, 174, 109, 32, 0, 0, 1, 0, 0, 119)
14 (1, 4, 0, 241, 0, 0, 0, 0, 0, 0, 0, 234)
15 (1, 4, 0, 315, 0, 0, 0, 13, 0, 0, 0, 19)
16 (1, 4, 0, 265, 0, 0, 0, 1, 0, 0, 0, 66)
17 (1, 4, 0, 222, 0, 0, 0, 0, 1, 0, 0, 251)
18 (1, 4, 0, 133, 127, 0, 0, 0, 0, 0, 0, 51)
19 (1, 4, 0, 40, 115, 0, 0, 0, 0, 0, 0, 206)
20 (1, 4, 0, 0, 214, 0, 0, 0, 0, 0, 0, 122)
21 (1, 4, 0, 0, 129, 0, 0, 0, 0, 0, 0, 27)
22 (1, 4, 0, 0, 30, 0, 0, 0, 0, 0, 0, 204)
23 (1, 4, 0, 0, 0, 10, 0, 0, 0, 0, 0, 184)
24 (1, 4, 0, 0, 0, 11, 0, 0, 0, 1, 0, 204)
25 (1, 4, 0, 0, 0, 0, 0, 0, 1, 1, 0, 119)
26 (1, 4, 0, 10, 0, 0, 0, 0, 1, 1, 0, 169)
27 (1, 4, 0, 159, 0, 0, 0, 0, 1, 1, 0, 166)
28 (1, 4, 0, 266, 0, 0, 0, 0, 0, 1, 0, 46)
29 (1, 4, 0, 294, 0, 0, 0, 0, 1, 1, 0, 231)
30 (1, 4, 0, 276, 6, 0, 0, 0, 1, 1, 0, 88)
31 (1, 4, 0, 256, 98, 0, 0, 0, 0, 1, 0, 218)
0 (1, 4, 189, 141, 0, 0, 0, 0, 1, 1, 0, 222)
1 (1, 4, 217, 176, 0, 0, 0, 0, 0, 0, 0, 222)
2 (1, 4, 329, 220, 0, 4, 0, 0, 19, 0, 0, 233)
3 (1, 4, 165, 17, 0, 37, 0, 0, 1, 2, 0, 112)
4 (1, 4, 163, 131, 0, 79, 0, 0, 12, 20, 0, 136)
5 (1, 4, 300, 155, 0, 93, 0, 0, 0, 20, 0, 72)
6 (1, 4, 442, 206, 0, 99, 0, 1, 0, 20, 0, 111)
7 (1, 4, 576, 161, 0, 86, 0, 23, 20, 20, 0, 145)
8 (1, 4, 572, 136, 0, 97, 0, 55, 5, 20, 0, 1)
9 (1, 4, 271, 56, 0, 85, 0, 64, 3, 3, 0, 41)
10 (1, 4, 228, 226, 330, 44, 26, 29, 3, 3, 0, 86)
11 (1, 4, 150, 172, 654, 0, 24, 22, 3, 3, 0, 195)
12 (1, 4, 0, 0, 548, 0, 24, 0, 9, 11, 0, 183)
13 (1, 4, 873, 246, 688, 0, 0, 116, 11, 9, 0, 211)
14 (1, 4, 25, 0, 0, 1, 0, 41, 1, 1, 0, 98)
15 (1, 4, 0, 36, 0, 0, 52, 68, 1, 1, 0, 52)
16 (1, 4, 0, 206, 0, 0, 0, 18, 1, 1, 0, 155)
17 (1, 4, 0, 449, 0, 0, 0, 35, 1, 1, 0, 98)
18 (1, 4, 0, 519, 0, 0, 0, 52, 1, 1, 0, 191)
19 (1, 4, 0, 354, 0, 0, 0, 72, 2, 3, 0, 97)
20 (1, 4, 0, 52, 0, 0, 0, 65, 20, 20, 0, 41)
21 (1, 4, 0, 0, 0, 0, 0, 22, 7, 7, 0, 94)
22 (1, 4, 0, 0, 0, 0, 0, 0, 1, 1, 0, 119)
23 (1, 4, 0, 0, 0, 0, 0, 0, 1, 1, 0, 119)
24 (1, 4, 0, 0, 0, 0, 0, 0, 0, 1, 0, 21)
25 (1, 4, 0, 0, 0, 0, 0, 0, 0, 1, 0, 21)
26 (1, 4, 0, 0, 0, 0, 0, 0, 1, 1, 0, 119)
27 (1, 4, 0, 0, 0, 0, 0, 0, 2, 2, 0, 108)
28 (1, 4, 0, 0, 0, 0, 5, 0, 1, 1, 0, 237)
29 (1, 4, 88, 0, 132, 0, 40, 0, 4, 5, 0, 75)
30 (1, 4, 0, 0, 178, 0, 30, 0, 1, 1, 0, 125)
31 (1, 4, 0, 0, 251, 0, 7, 0, 1, 1, 0, 147)
0 (1, 4, 0, 158, 0, 0, 0, 0, 0, 1, 0, 113)
1 (1, 4, 0, 177, 0, 0, 0, 0, 1, 1, 0, 96)
2 (1, 4, 107, 217, 0, 0, 0, 0, 0, 1, 0, 220)
3 (1, 4, 101, 121, 0, 6, 0, 0, 1, 1, 0, 107)
4 (1, 4, 137, 167, 0, 33, 0, 0, 1, 1, 0, 43)
5 (1, 4, 15, 372, 0, 31, 0, 0, 1, 1, 0, 96)
6 (1, 4, 0, 490, 0, 48, 0, 0, 1, 1, 0, 18)
7 (1, 4, 126, 573, 0, 72, 0, 0, 1, 2, 0, 175)
8 (1, 4, 292, 465, 0, 97, 0, 31, 2, 3, 0, 64)
9 (1, 4, 435, 299, 0, 125, 13, 35, 1, 1, 0, 213)
10 (1, 4, 497, 197, 23, 139, 84, 56, 1, 1, 0, 39)
11 (1, 4, 280, 83, 331, 85, 84, 32, 1, 1, 0, 226)
12 (1, 4, 264, 260, 533, 0, 19, 5, 1, 1, 0, 145)
13 (1, 4, 273, 248, 491, 0, 14, 12, 1, 1, 0, 232)
14 (1, 4, 871, 350, 506, 0, 0, 112, 1, 1, 0, 100)
15 (1, 4, 0, 127, 141, 0, 0, 49, 1, 1, 0, 204)
16 (1, 4, 0, 343, 0, 0, 0, 101, 1, 1, 0, 60)
17 (1, 4, 0, 234, 0, 0, 0, 45, 1, 1, 0, 8)
18 (1, 4, 0, 465, 0, 0, 0, 18, 1, 1, 0, 174)
19 (1, 4, 0, 603, 0, 0, 0, 19, 1, 1, 0, 134)
20 (1, 4, 0, 507, 0, 0, 0, 17, 1, 1, 0, 212)
21 (1, 4, 0, 255, 0, 0, 0, 22, 0, 8, 0, 160)
22 (1, 4, 0, 0, 0, 5, 0, 0, 0, 0, 0, 29)
23 (1, 4, 0, 0, 0, 0, 0, 0, 1, 1, 0, 119)
24 (1, 4, 0, 0, 0, 0, 0, 0, 2, 2, 0, 108)
25 (1, 4, 0, 0, 0, 24, 0, 0, 1, 1, 0, 120)
26 (1, 4, 0, 0, 0, 15, 1, 0, 0, 1, 0, 201)
27 (1, 4, 90, 0, 0, 0, 34, 0, 1, 1, 0, 141)
28 (1, 4, 236, 19, 39, 0, 46, 0, 1, 1, 0, 27)
29 (1, 4, 130, 162, 57, 0, 34, 0, 1, 1, 0, 134)
30 (1, 4, 114, 200, 26, 0, 30, 0, 1, 1, 0, 77)
31 (1, 4, 80, 222, 0, 0, 21, 0, 1, 1, 0, 230)
0 (1, 4, 132, 9, 0, 8, 0, 0, 1, 1, 0, 164)
1 (1, 4, 267, 55, 0, 27, 0, 0, 1, 1, 0, 152)
2 (1, 4, 363, 28, 0, 50, 0, 0, 1, 2, 0, 204)
3 (1, 4, 403, 184, 0, 56, 0, 0, 1, 2, 0, 216)
4 (1, 4, 325, 205, 0, 78, 0, 0, 5, 6, 0, 98)
5 (1, 4, 191, 296, 0, 92, 0, 22, 4, 4, 0, 31)
6 (1, 4, 327, 193, 0, 107, 5, 47, 3, 3, 0, 212)
7 (1, 4, 407, 85, 55, 100, 33, 90, 5, 6, 0, 43)
8 (1, 4, 317, 0, 297, 68, 58, 87, 16, 8, 0, 98)
9 (1, 4, 129, 0, 518, 0, 27, 42, 1, 1, 0, 154)
10 (1, 4, 120, 0, 638, 0, 0, 38, 0, 1, 0, 171)
11 (1, 4, 572, 0, 820, 0, 0, 0, 1, 1, 0, 36)
12 (1, 4, 0, 128, 279, 117, 0, 0, 20, 20, 0, 164)
13 (1, 4, 0, 144, 0, 24, 0, 23, 1, 1, 0, 216)
14 (1, 4, 103, 248, 0, 0, 0, 19, 1, 1, 0, 52)
15 (1, 4, 0, 255, 0, 0, 0, 29, 1, 1, 0, 116)
16 (1, 4, 0, 297, 0, 0, 10, 21, 4, 5, 0, 90)
17 (1, 4, 0, 268, 155, 0, 1, 35, 0, 0, 0, 197)
18 (1, 4, 0, 0, 284, 0, 0, 11, 0, 0, 0, 50)
19 (1, 4, 0, 0, 340, 0, 0, 0, 0, 0, 0, 249)
20 (1, 4, 0, 0, 640, 0, 0, 0, 0, 0, 0, 53)
21 (1, 4, 0, 0, 508, 0, 0, 0, 0, 0, 0, 74)
22 (1, 4, 0, 0, 414, 0, 0, 0, 0, 0, 0, 96)
23 (1, 4, 0, 0, 360, 0, 0, 0, 0, 0, 0, 154)
24 (1, 4, 0, 0, 208, 0, 0, 0, 0, 0, 0, 11)
25 (1, 4, 0, 0, 141, 0, 0, 0, 0, 0, 0, 249)
26 (1, 4, 0, 0, 98, 0, 0, 0, 0, 0, 0, 84)
27 (1, 4, 0, 0, 36, 0, 0, 0, 0, 0, 0, 222)
28 (1, 4, 0, 30, 38, 0, 0, 0, 0, 0, 0, 148)
29 (1, 4, 249, 258, 11, 0, 0, 0, 0, 0, 0, 52)
30 (1, 4, 313, 351, 0, 0, 10, 2, 0, 0, 0, 25)
31 (1, 4, 16, 180, 0, 0, 6, 13, 0, 0, 0, 183)
GLOVE DISCONNECTED
GLOVE CONNECTED
0 (1, 4, 462, 0, 790, 0, 0, 17, 20, 20, 0, 229)
1 (1, 4, 0, 0, 284, 70, 0, 6, 1, 1, 0, 236)
2 (1, 4, 0, 149, 0, 7, 0, 89, 7, 9, 0, 156)
3 (1, 4, 66, 34, 0, 0, 0, 88, 12, 18, 0, 218)
4 (1, 4, 139, 49, 0, 0, 0, 25, 1, 1, 0, 240)
5 (1, 4, 27, 139, 0, 0, 5, 23, 20, 20, 0, 120)
6 (1, 4, 0, 276, 0, 0, 0, 40, 4, 3, 0, 89)
7 (1, 4, 19, 296, 0, 18, 0, 48, 5, 5, 0, 142)
8 (1, 4, 16, 282, 11, 29, 0, 73, 1, 1, 0, 214)
9 (1, 4, 0, 352, 11, 31, 45, 79, 1, 1, 0, 108)
10 (1, 4, 0, 256, 77, 11, 7, 113, 1, 1, 0, 70)
11 (1, 4, 0, 0, 87, 0, 0, 99, 2, 3, 0, 228)
12 (1, 4, 0, 0, 169, 0, 0, 8, 3, 3, 0, 168)
13 (1, 4, 0, 0, 78, 0, 0, 0, 12, 12, 0, 36)
14 (1, 4, 0, 0, 269, 0, 0, 0, 2, 2, 0, 71)
15 (1, 4, 0, 0, 547, 0, 0, 0, 2, 2, 0, 147)
16 (1, 4, 378, 0, 529, 0, 0, 0, 1, 2, 0, 91)
17 (1, 4, 145, 0, 219, 0, 0, 0, 1, 1, 0, 254)
18 (1, 4, 0, 0, 103, 0, 0, 0, 2, 2, 0, 140)
19 (1, 4, 0, 23, 36, 0, 0, 0, 2, 2, 0, 175)
20 (1, 4, 0, 0, 2, 0, 0, 0, 2, 2, 0, 67)
21 (1, 4, 30, 0, 0, 0, 0, 0, 2, 2, 0, 216)
22 (1, 4, 0, 71, 0, 0, 0, 0, 1, 3, 0, 32)
23 (1, 4, 38, 146, 0, 0, 0, 0, 2, 2, 0, 130)
24 (1, 4, 57, 209, 0, 0, 0, 0, 2, 2, 0, 99)
25 (1, 4, 102, 205, 0, 0, 0, 0, 2, 2, 0, 88)
26 (1, 4, 58, 214, 0, 0, 0, 0, 2, 2, 0, 115)
27 (1, 4, 0, 182, 0, 0, 0, 0, 2, 2, 0, 121)
28 (1, 4, 12, 137, 0, 0, 0, 0, 2, 2, 0, 35)
29 (1, 4, 161, 37, 0, 0, 16, 0, 2, 3, 0, 243)
GLOVE DISCONNECTED
GLOVE CONNECTED
0 (1, 4, 0, 0, 132, 0, 0, 0, 0, 4, 0, 122)
1 (1, 4, 0, 0, 51, 0, 0, 0, 3, 4, 0, 73)
2 (1, 4, 0, 0, 0, 0, 0, 0, 7, 8, 0, 6)
3 (1, 4, 0, 0, 0, 0, 0, 0, 4, 4, 0, 90)
4 (1, 4, 0, 0, 0, 0, 0, 0, 3, 4, 0, 115)
5 (1, 4, 0, 0, 0, 1, 0, 0, 1, 1, 0, 104)
6 (1, 4, 0, 86, 0, 0, 0, 0, 1, 1, 0, 34)
7 (1, 4, 96, 311, 5, 0, 0, 0, 1, 1, 0, 183)
8 (1, 4, 219, 366, 0, 0, 0, 0, 1, 1, 0, 201)
9 (1, 4, 294, 369, 0, 0, 0, 0, 1, 1, 0, 230)
10 (1, 4, 287, 406, 0, 0, 0, 0, 1, 1, 0, 253)
11 (1, 4, 441, 385, 0, 0, 0, 0, 1, 1, 0, 104)
12 (1, 4, 451, 302, 0, 0, 0, 0, 1, 1, 0, 216)
13 (1, 4, 234, 258, 0, 0, 0, 0, 1, 1, 0, 200)
14 (1, 4, 84, 197, 0, 0, 0, 0, 1, 1, 0, 203)
15 (1, 4, 0, 137, 14, 0, 0, 0, 1, 1, 0, 189)
16 (1, 4, 0, 75, 169, 0, 0, 1, 1, 1, 0, 103)
17 (1, 4, 0, 61, 243, 0, 0, 9, 3, 4, 0, 9)
18 (1, 4, 0, 0, 350, 0, 0, 7, 6, 7, 0, 36)
19 (1, 4, 0, 0, 426, 0, 0, 0, 5, 6, 0, 47)
20 (1, 4, 0, 0, 423, 0, 0, 0, 3, 3, 0, 210)
21 (1, 4, 0, 0, 381, 0, 0, 0, 10, 11, 0, 30)
22 (1, 4, 0, 0, 338, 0, 0, 0, 2, 2, 0, 154)
23 (1, 4, 0, 0, 262, 0, 0, 0, 2, 2, 0, 64)
24 (1, 4, 0, 0, 210, 0, 0, 0, 3, 3, 0, 63)
25 (1, 4, 11, 0, 145, 0, 0, 0, 2, 2, 0, 20)
26 (1, 4, 55, 0, 56, 0, 0, 0, 2, 2, 0, 92)
27 (1, 4, 91, 30, 0, 0, 0, 0, 2, 2, 0, 2)
28 (1, 4, 172, 1, 0, 0, 0, 0, 2, 3, 0, 40)
29 (1, 4, 221, 0, 0, 0, 0, 0, 3, 3, 0, 95)
30 (1, 4, 300, 0, 0, 0, 0, 0, 3, 3, 0, 232)
31 (1, 4, 395, 0, 0, 0, 8, 0, 2, 2, 0, 216)
0 (1, 4, 0, 263, 0, 0, 0, 0, 3, 3, 0, 130)
1 (1, 4, 0, 328, 0, 0, 0, 0, 2, 2, 0, 185)
2 (1, 4, 0, 392, 0, 0, 0, 0, 2, 2, 0, 59)
3 (1, 4, 0, 384, 0, 0, 0, 0, 5, 6, 0, 10)
4 (1, 4, 0, 566, 0, 3, 0, 0, 1, 1, 0, 143)
5 (1, 4, 243, 550, 0, 9, 0, 0, 1, 1, 0, 129)
6 (1, 4, 355, 446, 0, 21, 0, 15, 1, 1, 0, 7)
7 (1, 4, 136, 310, 0, 46, 35, 48, 3, 4, 0, 64)
8 (1, 4, 89, 240, 0, 61, 18, 76, 2, 3, 0, 25)
9 (1, 4, 3, 16, 0, 75, 0, 23, 2, 2, 0, 211)
10 (1, 4, 0, 22, 27, 66, 0, 18, 5, 9, 0, 134)
11 (1, 4, 0, 0, 29, 63, 0, 12, 1, 1, 0, 90)
12 (1, 4, 0, 17, 41, 67, 0, 21, 2, 2, 0, 227)
13 (1, 4, 0, 0, 39, 80, 0, 26, 0, 20, 0, 206)
14 (1, 4, 0, 26, 35, 90, 0, 33, 2, 3, 0, 103)
15 (1, 4, 0, 57, 47, 91, 0, 30, 5, 11, 0, 115)
16 (1, 4, 0, 93, 52, 86, 0, 45, 3, 4, 0, 19)
17 (1, 4, 48, 99, 26, 86, 0, 64, 6, 8, 0, 19)
18 (1, 4, 153, 59, 44, 98, 0, 84, 1, 1, 0, 201)
19 (1, 4, 65, 1, 84, 105, 0, 64, 1, 1, 0, 1)
20 (1, 4, 0, 91, 213, 103, 0, 43, 0, 1, 0, 111)
21 (1, 4, 0, 143, 270, 85, 0, 41, 1, 1, 0, 130)
22 (1, 4, 0, 0, 346, 29, 0, 19, 6, 5, 0, 102)
23 (1, 4, 0, 0, 396, 0, 0, 0, 20, 19, 0, 146)
24 (1, 4, 606, 0, 855, 0, 0, 0, 4, 4, 0, 229)
25 (1, 4, 0, 0, 59, 0, 0, 0, 20, 4, 0, 238)
26 (1, 4, 0, 193, 0, 0, 0, 24, 2, 2, 0, 98)
27 (1, 4, 80, 165, 72, 0, 0, 53, 2, 3, 0, 93)
28 (1, 4, 75, 95, 0, 0, 0, 25, 20, 3, 0, 32)
29 (1, 4, 0, 143, 0, 0, 0, 11, 1, 1, 0, 75)
30 (1, 4, 0, 203, 66, 0, 0, 21, 0, 1, 0, 81)
31 (1, 4, 0, 204, 194, 0, 0, 29, 1, 1, 0, 42)
0 (1, 4, 10, 71, 0, 0, 0, 0, 1, 0, 0, 241)
1 (1, 4, 122, 129, 0, 0, 0, 0, 0, 0, 0, 8)
2 (1, 4, 146, 172, 0, 0, 0, 0, 0, 0, 0, 61)
3 (1, 4, 126, 247, 0, 0, 0, 0, 1, 0, 0, 197)
4 (1, 4, 0, 335, 0, 0, 0, 0, 0, 0, 0, 169)
5 (1, 4, 24, 370, 0, 0, 0, 0, 0, 0, 0, 70)
6 (1, 4, 0, 351, 0, 0, 0, 0, 1, 0, 0, 170)
7 (1, 4, 47, 419, 0, 0, 0, 0, 1, 1, 0, 20)
8 (1, 4, 42, 340, 0, 0, 0, 0, 1, 1, 0, 1)
9 (1, 4, 80, 367, 0, 0, 0, 0, 1, 1, 0, 11)
10 (1, 4, 93, 228, 0, 0, 0, 7, 1, 2, 0, 108)
11 (1, 4, 295, 96, 0, 13, 85, 107, 1, 2, 0, 146)
12 (1, 4, 348, 0, 187, 66, 17, 2, 2, 2, 0, 150)
13 (1, 4, 0, 68, 0, 160, 0, 0, 1, 1, 0, 106)
14 (1, 4, 275, 115, 0, 116, 0, 18, 1, 1, 0, 162)
15 (1, 4, 404, 153, 0, 109, 0, 55, 1, 1, 0, 24)
16 (1, 4, 172, 0, 0, 117, 0, 93, 1, 1, 0, 147)
17 (1, 4, 19, 29, 279, 85, 2, 54, 1, 1, 0, 242)
18 (1, 4, 0, 0, 426, 1, 8, 35, 1, 1, 0, 175)
19 (1, 4, 0, 0, 454, 0, 14, 0, 1, 1, 0, 129)
20 (1, 4, 0, 0, 486, 0, 0, 0, 1, 1, 0, 175)
21 (1, 4, 570, 0, 390, 107, 0, 0, 1, 2, 0, 189)
22 (1, 4, 0, 87, 0, 0, 0, 12, 2, 2, 0, 19)
23 (1, 4, 0, 155, 107, 0, 0, 33, 1, 1, 0, 0)
24 (1, 4, 70, 0, 217, 0, 0, 24, 1, 1, 0, 190)
25 (1, 4, 0, 0, 249, 0, 0, 0, 1, 1, 0, 212)
26 (1, 4, 0, 34, 253, 0, 0, 0, 1, 1, 0, 37)
27 (1, 4, 0, 0, 372, 0, 0, 0, 1, 1, 0, 14)
28 (1, 4, 0, 0, 443, 0, 0, 0, 1, 1, 0, 93)
29 (1, 4, 0, 65, 377, 0, 0, 0, 1, 1, 0, 78)
30 (1, 4, 0, 183, 364, 0, 0, 0, 1, 1, 0, 109)
31 (1, 4, 0, 0, 135, 0, 0, 0, 1, 1, 0, 99)
0 (1, 4, 608, 21, 137, 78, 0, 52, 1, 1, 0, 130)
1 (1, 4, 588, 0, 86, 76, 0, 86, 1, 1, 0, 76)
2 (1, 4, 469, 0, 102, 84, 2, 101, 1, 1, 0, 169)
3 (1, 4, 263, 0, 85, 85, 25, 87, 1, 1, 0, 232)
4 (1, 4, 72, 30, 130, 80, 34, 92, 2, 2, 0, 250)
5 (1, 4, 44, 135, 237, 59, 31, 56, 2, 2, 0, 17)
6 (1, 4, 224, 255, 388, 0, 0, 20, 1, 2, 0, 85)
7 (1, 4, 538, 511, 314, 0, 6, 0, 1, 1, 0, 212)
8 (1, 4, 490, 402, 355, 0, 180, 121, 1, 1, 0, 20)
9 (1, 4, 0, 0, 0, 10, 0, 53, 1, 2, 0, 212)
10 (1, 4, 0, 2, 0, 0, 16, 103, 3, 3, 0, 122)
11 (1, 4, 0, 0, 0, 0, 0, 79, 2, 1, 0, 109)
12 (1, 4, 0, 28, 0, 0, 0, 59, 1, 1, 0, 129)
13 (1, 4, 0, 156, 0, 0, 0, 46, 4, 4, 0, 212)
14 (1, 4, 0, 212, 0, 0, 0, 61, 1, 1, 0, 124)
15 (1, 4, 0, 116, 0, 5, 0, 44, 1, 1, 0, 208)
16 (1, 4, 0, 48, 0, 28, 0, 35, 1, 1, 0, 96)
17 (1, 4, 0, 0, 0, 21, 0, 11, 1, 1, 0, 111)
18 (1, 4, 0, 0, 0, 31, 0, 0, 2, 1, 0, 131)
19 (1, 4, 0, 0, 0, 28, 0, 0, 1, 1, 0, 4)
20 (1, 4, 0, 0, 0, 12, 0, 0, 1, 1, 0, 243)
21 (1, 4, 33, 0, 0, 0, 0, 0, 5, 5, 0, 154)
22 (1, 4, 41, 0, 77, 0, 0, 0, 2, 3, 0, 51)
23 (1, 4, 0, 0, 71, 0, 0, 0, 1, 2, 0, 212)
24 (1, 4, 13, 0, 76, 0, 0, 0, 2, 2, 0, 51)
25 (1, 4, 1, 0, 90, 0, 0, 0, 2, 2, 0, 117)
26 (1, 4, 0, 0, 150, 0, 0, 0, 1, 2, 0, 53)
27 (1, 4, 0, 0, 156, 0, 0, 0, 2, 2, 0, 0)
28 (1, 4, 0, 0, 109, 0, 0, 0, 1, 1, 0, 4)
29 (1, 4, 0, 0, 49, 0, 0, 0, 1, 1, 0, 98)
30 (1, 4, 0, 0, 3, 0, 0, 0, 1, 1, 0, 204)
31 (1, 4, 0, 39, 0, 0, 0, 0, 1, 1, 0, 183)
0 (1, 4, 146, 342, 0, 0, 0, 0, 1, 1, 0, 46)
1 (1, 4, 298, 351, 0, 0, 0, 0, 1, 1, 0, 104)
2 (1, 4, 387, 329, 0, 0, 0, 0, 4, 6, 0, 233)
3 (1, 4, 614, 272, 0, 0, 0, 0, 1, 1, 0, 157)
4 (1, 4, 736, 190, 0, 8, 0, 6, 1, 2, 0, 7)
5 (1, 4, 687, 45, 0, 46, 0, 36, 1, 1, 0, 98)
6 (1, 4, 468, 0, 0, 65, 11, 48, 3, 3, 0, 209)
7 (1, 4, 349, 80, 189, 62, 20, 38, 5, 10, 0, 114)
8 (1, 4, 339, 74, 311, 38, 0, 32, 2, 2, 0, 123)
9 (1, 4, 570, 211, 384, 0, 4, 5, 2, 2, 0, 253)
10 (1, 4, 460, 343, 160, 0, 26, 0, 1, 1, 0, 29)
11 (1, 4, 305, 469, 222, 0, 137, 159, 1, 1, 0, 161)
12 (1, 4, 0, 0, 0, 0, 0, 34, 1, 1, 0, 111)
13 (1, 4, 0, 139, 0, 0, 0, 85, 1, 1, 0, 33)
14 (1, 4, 0, 59, 0, 0, 0, 90, 1, 1, 0, 122)
15 (1, 4, 0, 64, 0, 0, 0, 74, 1, 1, 0, 226)
16 (1, 4, 0, 92, 0, 0, 0, 51, 1, 1, 0, 232)
17 (1, 4, 0, 134, 0, 0, 0, 44, 1, 1, 0, 255)
18 (1, 4, 0, 42, 0, 0, 0, 39, 1, 1, 0, 217)
19 (1, 4, 0, 0, 0, 0, 0, 2, 1, 1, 0, 206)
20 (1, 4, 0, 0, 85, 0, 0, 0, 1, 1, 0, 57)
21 (1, 4, 0, 0, 220, 0, 0, 0, 1, 1, 0, 224)
22 (1, 4, 0, 0, 322, 0, 0, 0, 1, 1, 0, 254)
23 (1, 4, 0, 0, 243, 0, 0, 0, 1, 1, 0, 71)
24 (1, 4, 0, 0, 202, 0, 0, 0, 1, 1, 0, 238)
25 (1, 4, 0, 0, 304, 0, 0, 0, 1, 1, 0, 171)
26 (1, 4, 0, 0, 299, 0, 0, 0, 1, 1, 0, 211)
27 (1, 4, 0, 0, 139, 0, 0, 0, 1, 1, 0, 129)
28 (1, 4, 0, 28, 0, 0, 0, 0, 1, 1, 0, 127)
29 (1, 4, 42, 37, 0, 0, 0, 0, 1, 1, 0, 113)
30 (1, 4, 86, 71, 0, 0, 0, 0, 1, 1, 0, 187)
31 (1, 4, 102, 95, 0, 0, 0, 0, 1, 1, 0, 78)
0 (1, 4, 0, 288, 0, 0, 0, 0, 1, 1, 0, 80)
1 (1, 4, 203, 316, 0, 0, 0, 0, 1, 1, 0, 166)
2 (1, 4, 215, 301, 0, 0, 0, 0, 1, 1, 0, 218)
3 (1, 4, 198, 333, 0, 0, 0, 0, 1, 1, 0, 117)
4 (1, 4, 413, 365, 0, 0, 0, 0, 1, 1, 0, 190)
5 (1, 4, 352, 263, 0, 0, 0, 0, 1, 1, 0, 220)
6 (1, 4, 483, 159, 0, 12, 13, 4, 1, 1, 0, 71)
7 (1, 4, 391, 90, 0, 60, 50, 27, 1, 2, 0, 116)
8 (1, 4, 383, 102, 0, 85, 60, 53, 2, 3, 0, 52)
9 (1, 4, 336, 127, 159, 88, 49, 58, 2, 2, 0, 75)
10 (1, 4, 179, 112, 227, 66, 43, 56, 2, 2, 0, 23)
11 (1, 4, 89, 106, 228, 52, 34, 49, 1, 1, 0, 101)
12 (1, 4, 62, 244, 278, 34, 19, 53, 2, 2, 0, 182)
13 (1, 4, 29, 172, 287, 0, 11, 21, 1, 1, 0, 51)
14 (1, 4, 0, 415, 308, 0, 0, 73, 1, 1, 0, 177)
15 (1, 4, 0, 147, 242, 0, 0, 57, 1, 1, 0, 44)
16 (1, 4, 196, 192, 317, 0, 0, 120, 1, 1, 0, 38)
17 (1, 4, 71, 100, 178, 0, 0, 148, 1, 1, 0, 60)
18 (1, 4, 0, 11, 6, 0, 0, 158, 1, 1, 0, 18)
19 (1, 4, 0, 0, 0, 0, 0, 141, 1, 1, 0, 189)
20 (1, 4, 0, 0, 0, 0, 0, 120, 1, 1, 0, 170)
21 (1, 4, 0, 0, 0, 0, 0, 92, 0, 1, 0, 28)
22 (1, 4, 0, 0, 0, 0, 0, 56, 1, 1, 0, 239)
23 (1, 4, 0, 0, 0, 0, 0, 43, 1, 1, 0, 90)
24 (1, 4, 0, 127, 0, 0, 0, 40, 0, 1, 0, 207)
25 (1, 4, 0, 159, 0, 0, 0, 37, 1, 1, 0, 173)
26 (1, 4, 0, 88, 0, 0, 0, 29, 1, 1, 0, 181)
27 (1, 4, 0, 0, 0, 7, 0, 20, 0, 1, 0, 238)
28 (1, 4, 0, 0, 38, 0, 0, 0, 1, 1, 0, 248)
29 (1, 4, 0, 0, 151, 0, 0, 0, 1, 1, 0, 28)
30 (1, 4, 0, 0, 239, 0, 0, 0, 1, 1, 0, 218)
31 (1, 4, 0, 0, 272, 0, 0, 0, 1, 1, 0, 85)
0 (1, 4, 234, 386, 0, 0, 0, 0, 2, 2, 0, 210)
1 (1, 4, 323, 431, 0, 0, 0, 0, 1, 2, 0, 196)
2 (1, 4, 369, 370, 0, 0, 12, 0, 1, 2, 0, 226)
3 (1, 4, 315, 211, 0, 23, 83, 10, 1, 1, 0, 230)
4 (1, 4, 323, 226, 0, 81, 81, 46, 1, 1, 0, 159)
5 (1, 4, 234, 230, 184, 92, 107, 40, 4, 6, 0, 48)
6 (1, 4, 218, 279, 389, 76, 67, 41, 4, 4, 0, 254)
7 (1, 4, 201, 312, 529, 30, 45, 42, 2, 2, 0, 195)
8 (1, 4, 399, 252, 518, 0, 5, 71, 1, 2, 0, 200)
9 (1, 4, 339, 208, 339, 0, 54, 5, 5, 5, 0, 152)
10 (1, 4, 840, 391, 425, 0, 70, 214, 1, 1, 0, 207)
11 (1, 4, 0, 0, 0, 0, 0, 79, 1, 2, 0, 118)
12 (1, 4, 0, 44, 0, 0, 0, 103, 1, 1, 0, 43)
13 (1, 4, 0, 0, 0, 0, 0, 105, 1, 1, 0, 166)
14 (1, 4, 0, 0, 0, 0, 0, 83, 1, 1, 0, 135)
15 (1, 4, 0, 58, 0, 0, 0, 67, 1, 1, 0, 41)
16 (1, 4, 0, 176, 0, 0, 0, 40, 1, 1, 0, 158)
17 (1, 4, 0, 231, 0, 0, 0, 37, 1, 1, 0, 62)
18 (1, 4, 0, 32, 0, 0, 0, 17, 6, 7, 0, 237)
19 (1, 4, 0, 0, 0, 22, 0, 0, 1, 2, 0, 127)
20 (1, 4, 0, 0, 0, 7, 0, 0, 20, 0, 0, 158)
21 (1, 4, 0, 0, 0, 22, 0, 0, 20, 0, 0, 118)
22 (1, 4, 0, 0, 0, 17, 0, 0, 4, 5, 0, 217)
23 (1, 4, 74, 0, 112, 22, 0, 0, 0, 0, 0, 84)
24 (1, 4, 83, 0, 96, 2, 0, 0, 1, 2, 0, 138)
25 (1, 4, 64, 0, 113, 0, 0, 0, 2, 2, 0, 11)
26 (1, 4, 41, 0, 42, 0, 0, 0, 1, 1, 0, 163)
27 (1, 4, 6, 0, 0, 0, 0, 0, 1, 1, 0, 83)
28 (1, 4, 0, 0, 0, 0, 0, 0, 1, 1, 0, 119)
29 (1, 4, 0, 65, 0, 0, 0, 0, 1, 1, 0, 65)
30 (1, 4, 0, 87, 0, 0, 0, 0, 1, 1, 0, 151)
31 (1, 4, 0, 72, 0, 0, 0, 0, 1, 1, 0, 71)
0 (1, 4, 10, 44, 0, 0, 0, 0, 1, 1, 0, 176)
1 (1, 4, 11, 59, 0, 0, 0, 0, 1, 1, 0, 221)
2 (1, 4, 1, 66, 0, 0, 0, 0, 1, 1, 0, 151)
3 (1, 4, 17, 99, 15, 0, 0, 0, 1, 1, 0, 89)
4 (1, 4, 7, 127, 10, 0, 0, 0, 1, 1, 0, 95)
5 (1, 4, 7, 152, 0, 0, 0, 0, 1, 1, 0, 142)
6 (1, 4, 33, 210, 0, 0, 0, 0, 1, 2, 0, 141)
7 (1, 4, 266, 449, 0, 20, 0, 0, 1, 1, 0, 64)
8 (1, 4, 295, 481, 0, 0, 0, 0, 1, 1, 0, 136)
9 (1, 4, 591, 546, 0, 0, 0, 0, 1, 1, 0, 194)
10 (1, 4, 710, 375, 0, 7, 0, 17, 1, 1, 0, 93)
11 (1, 4, 673, 187, 0, 60, 32, 35, 0, 0, 0, 63)
12 (1, 4, 611, 86, 84, 78, 33, 60, 2, 2, 0, 77)
13 (1, 4, 461, 36, 292, 73, 40, 53, 1, 2, 0, 209)
14 (1, 4, 452, 141, 411, 61, 35, 54, 1, 1, 0, 101)
15 (1, 4, 179, 202, 316, 40, 28, 76, 1, 1, 0, 89)
16 (1, 4, 0, 58, 0, 0, 0, 82, 1, 1, 0, 37)
17 (1, 4, 279, 0, 309, 0, 0, 85, 1, 2, 0, 40)
18 (1, 4, 873, 163, 301, 0, 0, 91, 1, 1, 0, 149)
19 (1, 4, 8, 155, 117, 0, 84, 96, 2, 2, 0, 63)
20 (1, 4, 0, 0, 0, 15, 0, 32, 1, 1, 0, 115)
21 (1, 4, 0, 416, 0, 0, 0, 45, 1, 1, 0, 176)
22 (1, 4, 0, 363, 0, 0, 0, 0, 1, 1, 0, 184)
23 (1, 4, 0, 385, 0, 0, 0, 2, 2, 2, 0, 132)
24 (1, 4, 0, 297, 0, 0, 0, 0, 2, 2, 0, 77)
25 (1, 4, 0, 259, 0, 26, 0, 23, 1, 1, 0, 187)
26 (1, 4, 72, 78, 23, 20, 0, 28, 1, 1, 0, 84)
27 (1, 4, 0, 0, 86, 45, 0, 37, 2, 3, 0, 139)
28 (1, 4, 0, 0, 132, 43, 0, 21, 2, 2, 0, 138)
29 (1, 4, 0, 0, 116, 25, 0, 0, 1, 1, 0, 67)
30 (1, 4, 0, 0, 130, 21, 0, 0, 0, 0, 0, 52)
31 (1, 4, 0, 0, 103, 2, 0, 0, 4, 4, 0, 132)
0 (1, 4, 0, 0, 0, 0, 0, 0, 4, 4, 0, 90)
1 (1, 4, 0, 92, 0, 0, 0, 0, 2, 3, 0, 140)
2 (1, 4, 52, 104, 18, 0, 0, 0, 2, 2, 0, 209)
3 (1, 4, 65, 78, 37, 0, 0, 0, 1, 1, 0, 67)
4 (1, 4, 43, 53, 15, 0, 0, 0, 1, 1, 0, 71)
5 (1, 4, 0, 49, 0, 0, 0, 0, 1, 1, 0, 97)
6 (1, 4, 0, 79, 0, 0, 0, 0, 1, 1, 0, 69)
7 (1, 4, 17, 70, 0, 0, 0, 0, 1, 1, 0, 173)
8 (1, 4, 229, 152, 10, 0, 0, 0, 1, 1, 0, 90)
9 (1, 4, 381, 273, 0, 0, 0, 0, 1, 1, 0, 172)
10 (1, 4, 306, 378, 0, 0, 0, 0, 1, 1, 0, 85)
11 (1, 4, 618, 389, 0, 0, 0, 0, 1, 1, 0, 218)
12 (1, 4, 811, 234, 0, 0, 0, 0, 1, 1, 0, 74)
13 (1, 4, 855, 41, 0, 0, 0, 0, 1, 1, 0, 246)
14 (1, 4, 663, 0, 0, 11, 10, 0, 1, 1, 0, 70)
15 (1, 4, 482, 7, 0, 70, 38, 0, 1, 1, 0, 187)
16 (1, 4, 302, 188, 112, 86, 53, 0, 1, 1, 0, 37)
17 (1, 4, 172, 238, 280, 32, 39, 8, 1, 1, 0, 81)
18 (1, 4, 386, 301, 323, 0, 0, 39, 1, 1, 0, 40)
19 (1, 4, 352, 179, 144, 0, 0, 98, 1, 1, 0, 146)
20 (1, 4, 0, 0, 0, 0, 24, 110, 1, 1, 0, 241)
21 (1, 4, 0, 36, 0, 0, 10, 105, 1, 1, 0, 141)
22 (1, 4, 0, 42, 17, 0, 20, 86, 1, 1, 0, 188)
23 (1, 4, 0, 58, 0, 0, 0, 102, 1, 1, 0, 34)
24 (1, 4, 0, 0, 0, 0, 0, 62, 0, 1, 0, 65)
25 (1, 4, 0, 62, 0, 0, 0, 18, 1, 1, 0, 186)
26 (1, 4, 0, 183, 0, 0, 0, 20, 1, 1, 0, 113)
27 (1, 4, 0, 106, 0, 17, 0, 11, 2, 2, 0, 151)
28 (1, 4, 0, 0, 0, 6, 0, 3, 2, 3, 0, 35)
29 (1, 4, 0, 0, 0, 26, 0, 0, 3, 3, 0, 84)
30 (1, 4, 0, 0, 0, 18, 0, 0, 2, 3, 0, 206)
0 (1, 4, 386, 108, 124, 66, 11, 40, 1, 1, 0, 38)
1 (1, 4, 358, 128, 255, 45, 23, 51, 1, 1, 0, 71)
2 (1, 4, 315, 109, 307, 2, 8, 53, 0, 1, 0, 143)
3 (1, 4, 62, 157, 269, 0, 8, 22, 0, 1, 0, 47)
4 (1, 4, 277, 323, 359, 0, 0, 89, 1, 1, 0, 3)
5 (1, 4, 129, 132, 228, 0, 0, 129, 1, 1, 0, 72)
6 (1, 4, 0, 0, 0, 0, 0, 109, 0, 1, 0, 177)
7 (1, 4, 0, 0, 0, 0, 2, 125, 1, 1, 0, 242)
8 (1, 4, 0, 3, 0, 0, 0, 116, 1, 1, 0, 237)
9 (1, 4, 0, 31, 0, 0, 0, 94, 0, 1, 0, 117)
10 (1, 4, 0, 116, 0, 0, 0, 48, 1, 1, 0, 255)
11 (1, 4, 0, 233, 0, 0, 0, 18, 1, 1, 0, 91)
12 (1, 4, 0, 239, 0, 0, 0, 0, 0, 1, 0, 228)
13 (1, 4, 0, 207, 0, 5, 0, 0, 0, 1, 0, 69)
14 (1, 4, 0, 0, 0, 45, 0, 0, 5, 5, 0, 33)
15 (1, 4, 0, 0, 0, 20, 0, 0, 2, 1, 0, 90)
16 (1, 4, 0, 0, 0, 36, 0, 0, 0, 4, 0, 64)
17 (1, 4, 0, 0, 0, 21, 0, 0, 1, 1, 0, 227)
18 (1, 4, 0, 0, 0, 8, 0, 0, 2, 1, 0, 41)
19 (1, 4, 0, 0, 0, 14, 0, 0, 0, 1, 0, 175)
20 (1, 4, 0, 0, 0, 16, 0, 0, 0, 1, 0, 226)
21 (1, 4, 0, 0, 0, 9, 0, 0, 1, 1, 0, 144)
22 (1, 4, 14, 10, 0, 5, 0, 0, 1, 1, 0, 158)
23 (1, 4, 51, 59, 0, 0, 0, 0, 1, 1, 0, 138)
24 (1, 4, 52, 99, 29, 0, 0, 0, 1, 1, 0, 248)
25 (1, 4, 28, 122, 60, 0, 0, 0, 1, 1, 0, 66)
26 (1, 4, 19, 126, 92, 0, 0, 0, 1, 1, 0, 199)
27 (1, 4, 10, 143, 131, 0, 0, 0, 1, 1, 0, 225)
28 (1, 4, 19, 119, 146, 0, 0, 0, 0, 1, 0, 100)
0 (1, 4, 121, 201, 200, 51, 0, 0, 7, 6, 0, 247)
1 (1, 4, 222, 225, 172, 60, 0, 0, 1, 2, 0, 96)
2 (1, 4, 433, 144, 108, 46, 0, 0, 2, 2, 0, 134)
3 (1, 4, 618, 7, 59, 34, 0, 0, 3, 3, 0, 16)
4 (1, 4, 563, 0, 0, 45, 0, 0, 20, 0, 0, 128)
5 (1, 4, 473, 0, 44, 48, 0, 21, 20, 20, 0, 177)
6 (1, 4, 460, 0, 201, 49, 0, 3, 18, 20, 0, 18)
7 (1, 4, 291, 27, 319, 19, 0, 1, 9, 10, 0, 211)
8 (1, 4, 452, 51, 279, 0, 0, 38, 4, 4, 0, 45)
9 (1, 4, 761, 209, 264, 0, 0, 164, 3, 3, 0, 77)
10 (1, 4, 0, 0, 4, 0, 0, 73, 5, 5, 0, 125)
11 (1, 4, 0, 90, 0, 0, 0, 81, 2, 2, 0, 25)
12 (1, 4, 0, 47, 0, 0, 0, 80, 2, 2, 0, 137)
13 (1, 4, 0, 183, 0, 0, 0, 63, 1, 1, 0, 92)
14 (1, 4, 0, 323, 0, 0, 0, 36, 3, 4, 0, 25)
15 (1, 4, 0, 450, 0, 0, 0, 4, 1, 1, 0, 8)
16 (1, 4, 0, 389, 0, 0, 0, 3, 1, 1, 0, 154)
17 (1, 4, 0, 217, 0, 10, 0, 0, 0, 0, 0, 93)
18 (1, 4, 0, 11, 0, 31, 0, 0, 2, 2, 0, 85)
19 (1, 4, 0, 0, 0, 45, 0, 0, 7, 3, 0, 152)
20 (1, 4, 0, 0, 0, 78, 0, 0, 3, 3, 0, 10)
21 (1, 4, 0, 0, 0, 91, 0, 0, 2, 2, 0, 151)
22 (1, 4, 52, 86, 9, 64, 0, 0, 11, 15, 0, 49)
23 (1, 4, 176, 139, 33, 44, 0, 0, 8, 7, 0, 46)
24 (1, 4, 182, 138, 36, 26, 0, 0, 20, 20, 0, 146)
25 (1, 4, 139, 91, 0, 17, 0, 0, 0, 0, 0, 104)
26 (1, 4, 93, 55, 0, 9, 0, 0, 18, 20, 0, 232)
27 (1, 4, 53, 7, 0, 0, 0, 0, 0, 0, 0, 109)
28 (1, 4, 116, 0, 0, 5, 0, 0, 10, 11, 0, 186)
29 (1, 4, 79, 0, 0, 24, 0, 0, 6, 5, 0, 41)
30 (1, 4, 69, 0, 0, 40, 0, 0, 3, 3, 0, 203)
31 (1, 4, 131, 0, 0, 50, 0, 0, 15, 20, 0, 96)
0 (1, 4, 640, 0, 0, 93, 0, 47, 4, 4, 0, 170)
1 (1, 4, 434, 21, 86, 106, 16, 66, 2, 1, 0, 133)
2 (1, 4, 351, 133, 261, 91, 20, 67, 2, 2, 0, 26)
3 (1, 4, 175, 160, 310, 58, 26, 60, 1, 1, 0, 18)
4 (1, 4, 53, 202, 360, 0, 24, 41, 1, 1, 0, 14)
5 (1, 4, 150, 82, 348, 0, 24, 11, 1, 1, 0, 218)
6 (1, 4, 727, 336, 535, 0, 63, 89, 1, 1, 0, 128)
7 (1, 4, 87, 0, 297, 0, 0, 186, 2, 3, 0, 100)
8 (1, 4, 0, 0, 0, 0, 36, 55, 2, 2, 0, 227)
9 (1, 4, 0, 12, 0, 0, 0, 115, 1, 2, 0, 242)
10 (1, 4, 0, 0, 0, 0, 0, 84, 1, 1, 0, 148)
11 (1, 4, 0, 125, 0, 0, 0, 56, 1, 1, 0, 19)
12 (1, 4, 0, 262, 0, 0, 0, 41, 1, 2, 0, 12)
13 (1, 4, 0, 336, 0, 0, 0, 51, 2, 2, 0, 127)
14 (1, 4, 0, 119, 0, 26, 0, 42, 2, 2, 0, 141)
15 (1, 4, 0, 18, 0, 28, 0, 44, 2, 2, 0, 45)
16 (1, 4, 0, 0, 0, 61, 0, 28, 2, 2, 0, 165)
17 (1, 4, 0, 0, 0, 48, 0, 0, 2, 4, 0, 15)
18 (1, 4, 0, 0, 0, 54, 0, 0, 7, 9, 0, 49)
19 (1, 4, 0, 0, 0, 67, 0, 0, 8, 11, 0, 127)
20 (1, 4, 0, 0, 0, 71, 0, 0, 13, 20, 0, 11)
21 (1, 4, 0, 0, 0, 56, 0, 0, 1, 1, 0, 145)
22 (1, 4, 185, 15, 0, 44, 0, 0, 3, 4, 0, 227)
23 (1, 4, 271, 0, 0, 37, 0, 0, 1, 2, 0, 24)
24 (1, 4, 254, 0, 0, 32, 0, 0, 2, 2, 0, 106)
25 (1, 4, 181, 0, 0, 26, 0, 0, 2, 2, 0, 89)
26 (1, 4, 11, 0, 0, 16, 0, 0, 1, 2, 0, 95)
27 (1, 4, 0, 0, 0, 13, 0, 0, 7, 8, 0, 157)
28 (1, 4, 0, 0, 15, 19, 0, 0, 0, 0, 0, 241)
29 (1, 4, 0, 0, 6, 26, 0, 0, 1, 2, 0, 138)
30 (1, 4, 1, 0, 1, 25, 0, 0, 2, 2, 0, 230)
31 (1, 4, 41, 0, 0, 26, 0, 0, 5, 5, 0, 219)
0 (1, 4, 60, 0, 0, 29, 0, 0, 5, 5, 0, 80)
1 (1, 4, 91, 0, 0, 29, 0, 0, 3, 3, 0, 2)
2 (1, 4, 117, 0, 0, 37, 0, 0, 7, 8, 0, 20)
3 (1, 4, 165, 9, 7, 39, 0, 0, 4, 4, 0, 233)
4 (1, 4, 339, 43, 0, 38, 0, 0, 8, 13, 0, 141)
5 (1, 4, 306, 100, 0, 50, 0, 0, 6, 5, 0, 119)
6 (1, 4, 430, 144, 0, 44, 0, 13, 2, 2, 0, 165)
7 (1, 4, 703, 66, 0, 56, 0, 49, 2, 3, 0, 206)
8 (1, 4, 602, 0, 31, 79, 49, 79, 2, 2, 0, 118)
9 (1, 4, 620, 6, 461, 67, 80, 68, 2, 2, 0, 163)
10 (1, 4, 670, 224, 784, 22, 75, 31, 1, 2, 0, 120)
11 (1, 4, 369, 394, 751, 0, 40, 36, 2, 2, 0, 251)
12 (1, 4, 258, 276, 292, 0, 36, 0, 2, 2, 0, 63)
13 (1, 4, 245, 386, 381, 0, 82, 124, 1, 1, 0, 231)
14 (1, 4, 0, 0, 69, 0, 0, 101, 1, 1, 0, 8)
15 (1, 4, 0, 141, 0, 0, 0, 97, 1, 1, 0, 145)
16 (1, 4, 0, 19, 0, 0, 0, 93, 1, 1, 0, 24)
17 (1, 4, 0, 48, 0, 0, 0, 49, 1, 1, 0, 121)
18 (1, 4, 0, 116, 0, 0, 0, 12, 1, 1, 0, 18)
19 (1, 4, 0, 232, 0, 0, 0, 1, 1, 1, 0, 91)
20 (1, 4, 0, 266, 0, 0, 0, 0, 4, 7, 0, 220)
21 (1, 4, 0, 95, 0, 24, 0, 0, 4, 5, 0, 109)
22 (1, 4, 0, 0, 0, 23, 0, 0, 3, 3, 0, 207)
23 (1, 4, 0, 0, 0, 41, 0, 0, 4, 6, 0, 130)
24 (1, 4, 0, 0, 0, 61, 0, 0, 2, 5, 0, 255)
25 (1, 4, 0, 0, 0, 78, 0, 0, 4, 5, 0, 94)
26 (1, 4, 117, 0, 25, 84, 0, 0, 0, 0, 0, 239)
27 (1, 4, 119, 18, 45, 67, 0, 0, 20, 20, 0, 62)
28 (1, 4, 177, 78, 43, 47, 0, 0, 3, 4, 0, 125)
29 (1, 4, 304, 78, 30, 27, 0, 0, 20, 0, 0, 253)
30 (1, 4, 321, 36, 0, 16, 0, 0, 1, 2, 0, 160)
31 (1, 4, 207, 0, 0, 10, 0, 0, 1, 1, 0, 119)
0 (1, 4, 0, 0, 67, 42, 0, 0, 4, 4, 0, 53)
1 (1, 4, 0, 109, 91, 41, 0, 0, 13, 20, 0, 147)
2 (1, 4, 76, 72, 94, 47, 0, 0, 1, 2, 0, 62)
3 (1, 4, 156, 90, 60, 44, 0, 0, 3, 6, 0, 42)
4 (1, 4, 210, 87, 29, 37, 0, 0, 1, 1, 0, 116)
5 (1, 4, 262, 65, 14, 30, 0, 0, 2, 2, 0, 252)
6 (1, 4, 438, 8, 49, 35, 0, 9, 11, 13, 0, 31)
7 (1, 4, 642, 0, 81, 51, 0, 14, 4, 4, 0, 94)
8 (1, 4, 477, 0, 209, 45, 0, 31, 10, 20, 0, 43)
9 (1, 4, 688, 0, 359, 29, 0, 53, 5, 12, 0, 86)
10 (1, 4, 812, 0, 515, 5, 0, 32, 9, 7, 0, 89)
11 (1, 4, 590, 47, 340, 0, 55, 15, 3, 3, 0, 81)
12 (1, 4, 361, 259, 255, 0, 19, 111, 2, 2, 0, 162)
13 (1, 4, 252, 36, 190, 0, 6, 137, 2, 2, 0, 148)
14 (1, 4, 0, 21, 0, 0, 5, 109, 2, 3, 0, 55)
15 (1, 4, 0, 0, 0, 0, 49, 95, 2, 2, 0, 242)
16 (1, 4, 0, 0, 0, 0, 0, 110, 1, 2, 0, 8)
17 (1, 4, 0, 0, 0, 0, 0, 79, 1, 2, 0, 118)
18 (1, 4, 0, 112, 0, 0, 0, 57, 1, 1, 0, 16)
19 (1, 4, 0, 243, 0, 0, 0, 16, 1, 2, 0, 224)
20 (1, 4, 0, 277, 0, 0, 0, 0, 11, 16, 0, 136)
21 (1, 4, 0, 237, 0, 0, 0, 1, 6, 10, 0, 241)
22 (1, 4, 0, 55, 0, 27, 0, 0, 20, 20, 0, 69)
23 (1, 4, 0, 0, 0, 39, 0, 0, 0, 2, 0, 28)
24 (1, 4, 0, 0, 0, 71, 0, 0, 0, 0, 0, 246)
25 (1, 4, 0, 0, 0, 104, 0, 0, 20, 20, 0, 14)
26 (1, 4, 0, 0, 6, 109, 0, 0, 6, 6, 0, 158)
27 (1, 4, 61, 59, 216, 58, 0, 0, 0, 20, 0, 207)
28 (1, 4, 61, 101, 251, 41, 0, 0, 2, 2, 0, 161)
29 (1, 4, 27, 110, 176, 29, 0, 0, 4, 5, 0, 234)
30 (1, 4, 22, 109, 106, 24, 0, 0, 8, 11, 0, 75)
31 (1, 4, 45, 94, 41, 18, 0, 0, 3, 4, 0, 11)
0 (1, 4, 359, 132, 327, 33, 11, 15, 0, 5, 0, 5)
1 (1, 4, 361, 304, 466, 0, 1, 52, 4, 5, 0, 60)
2 (1, 4, 304, 44, 454, 0, 45, 75, 11, 10, 0, 113)
3 (1, 4, 783, 15, 265, 0, 0, 157, 2, 3, 0, 134)
4 (1, 4, 0, 0, 77, 0, 0, 108, 2, 2, 0, 154)
5 (1, 4, 0, 18, 0, 0, 46, 103, 2, 2, 0, 74)
6 (1, 4, 0, 62, 0, 11, 31, 101, 1, 2, 0, 214)
7 (1, 4, 0, 211, 0, 0, 0, 84, 2, 2, 0, 180)
8 (1, 4, 0, 376, 0, 0, 0, 59, 4, 4, 0, 210)
9 (1, 4, 0, 278, 0, 0, 0, 19, 3, 3, 0, 227)
10 (1, 4, 0, 320, 0, 0, 0, 0, 7, 0, 0, 49)
11 (1, 4, 0, 253, 0, 0, 0, 0, 0, 0, 0, 131)
12 (1, 4, 0, 144, 0, 22, 0, 0, 4, 3, 0, 153)
13 (1, 4, 0, 0, 0, 42, 0, 0, 20, 20, 0, 229)
14 (1, 4, 0, 0, 0, 49, 0, 0, 2, 2, 0, 109)
15 (1, 4, 0, 0, 0, 75, 0, 0, 2, 2, 0, 96)
16 (1, 4, 0, 0, 0, 95, 0, 0, 2, 2, 0, 235)
17 (1, 4, 0, 0, 24, 88, 0, 0, 1, 2, 0, 211)
18 (1, 4, 180, 0, 177, 74, 0, 0, 4, 5, 0, 204)
19 (1, 4, 275, 31, 170, 59, 0, 0, 13, 14, 0, 221)
20 (1, 4, 74, 92, 39, 39, 0, 0, 3, 4, 0, 178)
21 (1, 4, 1, 74, 0, 25, 0, 0, 8, 7, 0, 50)
22 (1, 4, 7, 48, 0, 24, 0, 0, 4, 5, 0, 183)
23 (1, 4, 0, 28, 0, 27, 0, 0, 2, 3, 0, 33)
24 (1, 4, 0, 21, 0, 31, 0, 0, 3, 4, 0, 47)
25 (1, 4, 0, 6, 0, 37, 0, 0, 2, 2, 0, 81)
26 (1, 4, 0, 2, 27, 41, 0, 0, 3, 4, 0, 104)
27 (1, 4, 0, 4, 32, 45, 0, 0, 3, 5, 0, 78)
28 (1, 4, 0, 17, 34, 46, 0, 0, 16, 11, 0, 246)
29 (1, 4, 0, 38, 26, 43, 0, 0, 9, 14, 0, 128)
30 (1, 4, 8, 35, 3, 41, 0, 0, 3, 4, 0, 172)
31 (1, 4, 10, 44, 0, 33, 0, 0, 4, 4, 0, 107)
0 (1, 4, 23, 0, 48, 33, 0, 0, 3, 2, 0, 179)
1 (1, 4, 53, 69, 39, 23, 0, 0, 1, 2, 0, 134)
2 (1, 4, 111, 47, 5, 21, 0, 0, 1, 2, 0, 243)
3 (1, 4, 177, 17, 0, 19, 0, 0, 2, 2, 0, 82)
4 (1, 4, 272, 0, 0, 17, 0, 0, 1, 2, 0, 192)
5 (1, 4, 431, 0, 0, 19, 0, 0, 1, 2, 0, 150)
6 (1, 4, 516, 103, 0, 19, 0, 0, 4, 6, 0, 37)
7 (1, 4, 355, 60, 0, 43, 0, 7, 1, 1, 0, 192)
8 (1, 4, 270, 112, 0, 81, 56, 5, 0, 1, 0, 189)
9 (1, 4, 313, 251, 123, 97, 40, 41, 1, 1, 0, 96)
10 (1, 4, 373, 227, 158, 85, 0, 80, 1, 1, 0, 225)
11 (1, 4, 349, 151, 212, 75, 9, 89, 0, 1, 0, 102)
12 (1, 4, 198, 123, 241, 63, 28, 93, 1, 1, 0, 81)
13 (1, 4, 146, 156, 342, 28, 22, 100, 1, 1, 0, 73)
14 (1, 4, 142, 134, 391, 10, 37, 100, 1, 1, 0, 9)
15 (1, 4, 71, 149, 429, 0, 32, 84, 1, 1, 0, 17)
16 (1, 4, 314, 37, 425, 0, 50, 7, 1, 1, 0, 128)
17 (1, 4, 23, 581, 806, 0, 70, 112, 20, 0, 0, 124)
18 (1, 4, 0, 5, 23, 0, 0, 157, 1, 1, 0, 155)
19 (1, 4, 0, 0, 0, 0, 61, 93, 1, 1, 0, 114)
20 (1, 4, 0, 0, 0, 0, 0, 66, 1, 1, 0, 139)
21 (1, 4, 0, 32, 0, 0, 0, 49, 1, 1, 0, 24)
22 (1, 4, 0, 200, 0, 0, 0, 70, 1, 1, 0, 207)
23 (1, 4, 0, 126, 0, 0, 0, 77, 0, 1, 0, 52)
24 (1, 4, 0, 23, 0, 61, 0, 66, 0, 1, 0, 15)
25 (1, 4, 0, 0, 0, 43, 0, 61, 1, 1, 0, 117)
26 (1, 4, 0, 0, 25, 42, 0, 40, 1, 1, 0, 68)
27 (1, 4, 0, 0, 18, 44, 0, 0, 0, 1, 0, 40)
28 (1, 4, 0, 0, 0, 56, 0, 0, 1, 1, 0, 145)
29 (1, 4, 0, 0, 0, 55, 0, 0, 1, 1, 0, 52)
30 (1, 4, 0, 0, 0, 52, 0, 0, 0, 0, 0, 28)
31 (1, 4, 31, 0, 0, 38, 0, 0, 2, 3, 0, 22)
0 (1, 4, 573, 150, 27, 64, 0, 35, 1, 1, 0, 175)
1 (1, 4, 436, 113, 90, 52, 8, 79, 1, 1, 0, 226)
2 (1, 4, 233, 71, 248, 29, 20, 78, 0, 1, 0, 239)
3 (1, 4, 129, 81, 326, 0, 10, 69, 7, 20, 0, 25)
4 (1, 4, 30, 101, 306, 0, 17, 29, 3, 3, 0, 99)
5 (1, 4, 87, 142, 305, 0, 15, 23, 3, 4, 0, 20)
6 (1, 4, 587, 380, 602, 0, 16, 87, 1, 2, 0, 36)
7 (1, 4, 323, 63, 383, 0, 17, 125, 5, 4, 0, 70)
8 (1, 4, 0, 0, 0, 0, 39, 58, 2, 2, 0, 40)
9 (1, 4, 0, 70, 0, 0, 13, 126, 1, 2, 0, 180)
10 (1, 4, 0, 0, 0, 0, 0, 98, 2, 2, 0, 49)
11 (1, 4, 0, 0, 0, 0, 0, 60, 2, 2, 0, 129)
12 (1, 4, 0, 39, 0, 0, 0, 39, 1, 2, 0, 184)
13 (1, 4, 0, 197, 0, 0, 0, 33, 2, 2, 0, 255)
14 (1, 4, 0, 171, 0, 0, 0, 17, 20, 20, 0, 110)
15 (1, 4, 0, 190, 0, 0, 0, 22, 1, 1, 0, 206)
16 (1, 4, 0, 56, 0, 20, 0, 25, 1, 2, 0, 183)
17 (1, 4, 0, 0, 0, 40, 0, 0, 2, 2, 0, 125)
18 (1, 4, 0, 0, 0, 47, 0, 0, 4, 4, 0, 22)
19 (1, 4, 0, 0, 0, 78, 0, 0, 9, 20, 0, 99)
20 (1, 4, 0, 0, 0, 103, 0, 0, 1, 1, 0, 22)
21 (1, 4, 0, 60, 0, 84, 0, 0, 1, 1, 0, 227)
22 (1, 4, 0, 28, 50, 56, 0, 0, 0, 1, 0, 85)
23 (1, 4, 83, 9, 148, 46, 0, 0, 1, 1, 0, 137)
24 (1, 4, 113, 19, 158, 34, 0, 0, 4, 4, 0, 215)
25 (1, 4, 108, 13, 113, 30, 0, 0, 7, 5, 0, 238)
26 (1, 4, 105, 0, 48, 29, 0, 0, 8, 11, 0, 86)
27 (1, 4, 108, 0, 0, 30, 0, 0, 4, 4, 0, 17)
28 (1, 4, 103, 0, 0, 33, 0, 0, 2, 2, 0, 254)
29 (1, 4, 103, 0, 0, 38, 0, 0, 1, 2, 0, 5)
30 (1, 4, 71, 0, 0, 43, 0, 0, 2, 2, 0, 255)
0 (1, 4, 130, 153, 270, 13, 10, 47, 1, 1, 0, 120)
1 (1, 4, 157, 216, 332, 0, 38, 17, 1, 1, 0, 192)
2 (1, 4, 567, 372, 487, 0, 60, 96, 1, 1, 0, 99)
3 (1, 4, 0, 71, 170, 0, 0, 140, 1, 1, 0, 127)
4 (1, 4, 0, 0, 0, 0, 11, 87, 2, 3, 0, 200)
5 (1, 4, 0, 52, 0, 0, 0, 83, 2, 2, 0, 229)
6 (1, 4, 0, 172, 0, 0, 0, 57, 1, 2, 0, 39)
7 (1, 4, 0, 302, 0, 0, 0, 16, 1, 2, 0, 58)
8 (1, 4, 0, 396, 0, 0, 0, 12, 4, 4, 0, 72)
9 (1, 4, 0, 295, 0, 0, 0, 10, 3, 2, 0, 120)
10 (1, 4, 0, 46, 0, 19, 0, 0, 11, 20, 0, 216)
11 (1, 4, 0, 0, 0, 27, 0, 0, 2, 2, 0, 66)
12 (1, 4, 0, 0, 0, 40, 0, 0, 1, 1, 0, 102)
13 (1, 4, 0, 0, 0, 68, 0, 0, 2, 2, 0, 197)
14 (1, 4, 0, 0, 0, 61, 0, 0, 1, 2, 0, 79)
15 (1, 4, 34, 0, 0, 55, 0, 0, 2, 2, 0, 244)
16 (1, 4, 132, 0, 0, 51, 0, 0, 1, 2, 0, 216)
17 (1, 4, 175, 6, 0, 36, 0, 0, 20, 20, 0, 96)
18 (1, 4, 197, 42, 0, 27, 0, 0, 2, 2, 0, 244)
19 (1, 4, 179, 0, 0, 27, 0, 0, 1, 2, 0, 196)
20 (1, 4, 173, 27, 0, 20, 0, 0, 1, 2, 0, 223)
21 (1, 4, 204, 0, 0, 21, 0, 0, 1, 2, 0, 138)
22 (1, 4, 125, 0, 0, 28, 0, 0, 1, 1, 0, 236)
23 (1, 4, 0, 0, 0, 30, 0, 0, 1, 1, 0, 58)
24 (1, 4, 0, 0, 0, 30, 0, 0, 1, 2, 0, 135)
25 (1, 4, 5, 0, 0, 30, 0, 0, 3, 4, 0, 8)
26 (1, 4, 17, 0, 0, 34, 0, 0, 3, 4, 0, 74)
27 (1, 4, 0, 0, 0, 34, 0, 0, 2, 3, 0, 208)
28 (1, 4, 0, 0, 0, 34, 0, 0, 2, 3, 0, 208)
0 (1, 4, 0, 9, 65, 16, 0, 0, 0, 1, 0, 139)
1 (1, 4, 0, 6, 98, 10, 0, 0, 1, 1, 0, 44)
2 (1, 4, 0, 0, 104, 7, 0, 0, 1, 1, 0, 147)
3 (1, 4, 0, 7, 98, 10, 0, 0, 1, 1, 0, 153)
4 (1, 4, 15, 37, 91, 12, 0, 0, 5, 12, 0, 153)
5 (1, 4, 64, 53, 49, 13, 0, 0, 4, 3, 0, 135)
6 (1, 4, 138, 77, 0, 18, 0, 0, 1, 2, 0, 37)
7 (1, 4, 298, 113, 0, 26, 0, 0, 4, 6, 0, 129)
8 (1, 4, 530, 101, 0, 39, 0, 0, 5, 5, 0, 49)
9 (1, 4, 873, 0, 132, 31, 0, 0, 2, 3, 0, 204)
10 (1, 4, 873, 0, 169, 50, 0, 0, 20, 20, 0, 251)
11 (1, 4, 794, 0, 148, 75, 0, 2, 9, 11, 0, 6)
12 (1, 4, 359, 0, 38, 98, 0, 22, 4, 4, 0, 174)
13 (1, 4, 318, 0, 106, 118, 0, 49, 2, 3, 0, 196)
14 (1, 4, 307, 0, 130, 107, 0, 88, 3, 3, 0, 21)
15 (1, 4, 264, 0, 235, 100, 11, 47, 2, 2, 0, 191)
16 (1, 4, 218, 306, 388, 13, 38, 34, 2, 2, 0, 58)
17 (1, 4, 315, 267, 310, 0, 76, 34, 4, 5, 0, 117)
18 (1, 4, 301, 512, 559, 0, 120, 167, 4, 4, 0, 98)
19 (1, 4, 0, 0, 18, 0, 0, 135, 1, 1, 0, 190)
20 (1, 4, 0, 0, 0, 0, 0, 75, 1, 1, 0, 190)
21 (1, 4, 0, 198, 0, 0, 0, 19, 1, 1, 0, 247)
22 (1, 4, 0, 479, 0, 0, 0, 12, 1, 1, 0, 95)
23 (1, 4, 0, 584, 0, 0, 0, 9, 1, 1, 0, 191)
24 (1, 4, 0, 364, 0, 0, 0, 21, 4, 4, 0, 238)
25 (1, 4, 0, 38, 0, 47, 0, 11, 2, 2, 0, 217)
26 (1, 4, 0, 0, 0, 69, 0, 0, 4, 4, 0, 236)
27 (1, 4, 0, 0, 0, 80, 0, 0, 2, 2, 0, 78)
28 (1, 4, 0, 0, 0, 77, 0, 0, 2, 2, 0, 34)
29 (1, 4, 0, 0, 0, 67, 0, 0, 3, 4, 0, 135)
30 (1, 4, 28, 0, 0, 55, 0, 0, 18, 15, 0, 36)
31 (1, 4, 36, 0, 0, 40, 0, 0, 1, 1, 0, 153)

