0 (1, 4, 33, 0, 0, 115, 0, 31, 4, 4, 0, 83)
1 (1, 4, 41, 105, 0, 127, 0, 30, 4, 4, 0, 63)
2 (1, 4, 89, 283, 0, 125, 0, 44, 4, 3, 0, 218)
3 (1, 4, 67, 417, 206, 42, 34, 21, 4, 4, 0, 60)
4 (1, 4, 140, 329, 241, 0, 55, 0, 4, 4, 0, 152)
5 (1, 4, 41, 238, 416, 0, 0, 148, 4, 3, 0, 207)
6 (1, 4, 116, 0, 0, 0, 0, 88, 3, 3, 0, 143)
7 (1, 4, 33, 37, 0, 0, 65, 81, 3, 3, 0, 43)
8 (1, 4, 0, 41, 0, 0, 45, 118, 3, 3, 0, 12)
9 (1, 4, 0, 0, 0, 0, 12, 99, 3, 3, 0, 197)
10 (1, 4, 0, 0, 0, 0, 0, 65, 3, 2, 0, 148)
11 (1, 4, 0, 0, 0, 0, 0, 56, 2, 2, 0, 244)
12 (1, 4, 0, 182, 0, 0, 0, 61, 2, 1, 0, 246)
13 (1, 4, 0, 136, 0, 0, 0, 84, 1, 1, 0, 38)
14 (1, 4, 0, 133, 0, 0, 0, 84, 1, 1, 0, 250)
15 (1, 4, 0, 121, 0, 0, 0, 94, 1, 1, 0, 225)
16 (1, 4, 0, 143, 0, 0, 0, 103, 1, 1, 0, 48)
17 (1, 4, 0, 121, 0, 0, 0, 92, 1, 1, 0, 88)
18 (1, 4, 67, 68, 0, 0, 0, 88, 1, 0, 0, 162)
19 (1, 4, 57, 45, 0, 0, 0, 80, 1, 0, 0, 205)
20 (1, 4, 0, 53, 0, 0, 0, 84, 1, 0, 0, 51)
21 (1, 4, 0, 26, 0, 0, 0, 87, 1, 0, 0, 38)
22 (1, 4, 0, 0, 16, 0, 0, 81, 1, 0, 0, 42)
23 (1, 4, 0, 0, 20, 0, 0, 78, 1, 0, 0, 94)
24 (1, 4, 0, 0, 23, 0, 0, 77, 1, 0, 0, 131)
25 (1, 4, 0, 0, 34, 0, 0, 76, 1, 0, 0, 23)
26 (1, 4, 0, 0, 37, 0, 0, 76, 1, 0, 0, 242)
27 (1, 4, 0, 0, 27, 0, 0, 78, 1, 0, 0, 7)
28 (1, 4, 3, 0, 17, 0, 0, 74, 1, 0, 0, 243)
29 (1, 4, 0, 0, 0, 0, 0, 71, 1, 0, 0, 74)
30 (1, 4, 0, 0, 0, 0, 0, 70, 1, 0, 0, 149)
31 (1, 4, 0, 0, 0, 0, 0, 72, 1, 0, 0, 179)
0 (1, 4, 158, 0, 0, 27, 0, 62, 2, 2, 0, 183)
1 (1, 4, 125, 0, 0, 36, 0, 58, 2, 2, 0, 48)
2 (1, 4, 41, 0, 0, 51, 0, 51, 3, 3, 0, 247)
3 (1, 4, 0, 11, 0, 77, 0, 42, 4, 4, 0, 141)
4 (1, 4, 0, 92, 0, 91, 0, 58, 5, 5, 0, 2)
5 (1, 4, 0, 143, 0, 77, 0, 77, 6, 6, 0, 179)
6 (1, 4, 23, 113, 0, 76, 0, 87, 5, 4, 0, 179)
7 (1, 4, 25, 92, 0, 91, 0, 75, 6, 6, 0, 111)
8 (1, 4, 95, 138, 0, 104, 0, 51, 5, 5, 0, 111)
9 (1, 4, 12, 261, 20, 94, 47, 34, 5, 5, 0, 148)
10 (1, 4, 50, 428, 348, 0, 82, 33, 5, 4, 0, 100)
11 (1, 4, 116, 352, 433, 0, 56, 0, 3, 2, 0, 204)
12 (1, 4, 566, 443, 672, 0, 41, 139, 2, 2, 0, 65)
13 (1, 4, 0, 201, 24, 0, 0, 78, 2, 2, 0, 72)
14 (1, 4, 133, 0, 0, 0, 62, 70, 2, 2, 0, 158)
15 (1, 4, 0, 26, 0, 0, 44, 85, 2, 2, 0, 192)
16 (1, 4, 0, 0, 0, 0, 11, 104, 2, 2, 0, 40)
17 (1, 4, 0, 0, 0, 0, 1, 106, 2, 1, 0, 31)
18 (1, 4, 0, 0, 0, 0, 0, 69, 1, 1, 0, 152)
19 (1, 4, 0, 0, 0, 0, 0, 69, 1, 1, 0, 152)
20 (1, 4, 0, 0, 0, 0, 13, 71, 1, 1, 0, 122)
21 (1, 4, 0, 0, 0, 5, 1, 88, 1, 1, 0, 17)
22 (1, 4, 0, 0, 50, 4, 8, 87, 1, 1, 0, 225)
23 (1, 4, 0, 0, 86, 15, 0, 78, 1, 1, 0, 68)
24 (1, 4, 0, 0, 147, 17, 0, 76, 1, 1, 0, 112)
25 (1, 4, 0, 0, 228, 7, 0, 62, 1, 1, 0, 212)
26 (1, 4, 0, 0, 207, 17, 0, 45, 1, 1, 0, 45)
27 (1, 4, 0, 29, 197, 0, 0, 61, 1, 1, 0, 56)
28 (1, 4, 0, 0, 184, 0, 0, 64, 1, 0, 0, 149)
29 (1, 4, 0, 0, 157, 0, 0, 64, 1, 0, 0, 161)
30 (1, 4, 0, 0, 129, 0, 0, 57, 1, 0, 0, 62)
31 (1, 4, 0, 0, 92, 0, 0, 52, 1, 0, 0, 125)
0 (1, 4, 0, 193, 0, 79, 0, 0, 2, 2, 0, 43)
1 (1, 4, 0, 212, 20, 86, 0, 0, 2, 2, 0, 20)
2 (1, 4, 0, 233, 0, 104, 0, 0, 2, 2, 0, 238)
3 (1, 4, 2, 263, 0, 113, 0, 0, 2, 2, 0, 67)
4 (1, 4, 0, 279, 0, 105, 0, 0, 2, 2, 0, 49)
5 (1, 4, 8, 144, 106, 63, 0, 21, 2, 2, 0, 40)
6 (1, 4, 159, 0, 380, 0, 0, 1, 2, 2, 0, 217)
7 (1, 4, 0, 0, 534, 0, 0, 0, 2, 2, 0, 216)
8 (1, 4, 312, 0, 442, 0, 0, 0, 2, 2, 0, 135)
9 (1, 4, 0, 140, 0, 0, 0, 7, 2, 2, 0, 23)
10 (1, 4, 142, 115, 0, 0, 0, 63, 2, 2, 0, 94)
11 (1, 4, 0, 73, 0, 0, 0, 46, 2, 2, 0, 110)
12 (1, 4, 0, 82, 0, 0, 0, 15, 2, 1, 0, 167)
13 (1, 4, 0, 78, 0, 0, 0, 0, 2, 1, 0, 86)
14 (1, 4, 0, 120, 0, 0, 0, 14, 2, 1, 0, 100)
15 (1, 4, 0, 34, 0, 0, 0, 29, 2, 1, 0, 237)
16 (1, 4, 3, 0, 0, 23, 0, 26, 2, 1, 0, 233)
17 (1, 4, 155, 0, 76, 22, 0, 44, 1, 1, 0, 114)
18 (1, 4, 113, 0, 180, 55, 0, 33, 1, 1, 0, 196)
19 (1, 4, 150, 0, 227, 36, 0, 30, 1, 1, 0, 137)
20 (1, 4, 87, 0, 193, 44, 0, 18, 1, 1, 0, 173)
21 (1, 4, 0, 0, 91, 41, 0, 17, 1, 1, 0, 246)
22 (1, 4, 0, 0, 0, 22, 0, 20, 1, 1, 0, 100)
23 (1, 4, 0, 0, 0, 31, 0, 0, 1, 1, 0, 37)
24 (1, 4, 0, 0, 0, 27, 0, 0, 1, 1, 0, 89)
25 (1, 4, 0, 0, 0, 28, 0, 0, 1, 1, 0, 4)
26 (1, 4, 0, 0, 0, 33, 0, 0, 1, 1, 0, 129)
27 (1, 4, 0, 0, 0, 32, 0, 0, 1, 1, 0, 158)
28 (1, 4, 3, 28, 0, 27, 0, 0, 1, 1, 0, 67)
29 (1, 4, 43, 49, 4, 13, 0, 0, 1, 1, 0, 1)
30 (1, 4, 68, 11, 11, 7, 0, 0, 1, 1, 0, 247)
31 (1, 4, 25, 0, 3, 9, 0, 0, 1, 1, 0, 181)
0 (1, 4, 50, 36, 13, 23, 0, 0, 1, 1, 0, 136)
1 (1, 4, 0, 38, 15, 23, 0, 0, 1, 1, 0, 241)
2 (1, 4, 19, 58, 0, 22, 0, 0, 1, 1, 0, 77)
3 (1, 4, 42, 70, 0, 18, 0, 0, 1, 1, 0, 33)
4 (1, 4, 118, 27, 0, 17, 0, 0, 1, 1, 0, 31)
5 (1, 4, 278, 36, 0, 22, 0, 15, 1, 1, 0, 229)
6 (1, 4, 204, 67, 0, 26, 0, 28, 1, 1, 0, 133)
7 (1, 4, 183, 63, 0, 21, 0, 37, 1, 1, 0, 226)
8 (1, 4, 298, 61, 0, 28, 0, 39, 1, 1, 0, 96)
9 (1, 4, 506, 47, 0, 28, 0, 54, 1, 1, 0, 28)
10 (1, 4, 748, 0, 0, 35, 0, 66, 1, 1, 0, 84)
11 (1, 4, 303, 0, 0, 37, 13, 79, 1, 1, 0, 133)
12 (1, 4, 0, 0, 0, 35, 0, 93, 1, 1, 0, 105)
13 (1, 4, 0, 0, 0, 58, 0, 52, 1, 1, 0, 168)
14 (1, 4, 0, 0, 0, 61, 0, 75, 1, 1, 0, 59)
15 (1, 4, 9, 0, 0, 67, 0, 89, 1, 1, 0, 94)
16 (1, 4, 39, 0, 0, 80, 10, 70, 1, 1, 0, 2)
17 (1, 4, 7, 12, 0, 94, 20, 51, 1, 1, 0, 222)
18 (1, 4, 0, 129, 0, 95, 37, 41, 1, 1, 0, 71)
19 (1, 4, 2, 226, 22, 81, 45, 39, 2, 1, 0, 55)
20 (1, 4, 12, 357, 184, 45, 65, 36, 2, 1, 0, 91)
21 (1, 4, 45, 347, 255, 0, 42, 30, 2, 2, 0, 152)
22 (1, 4, 0, 357, 211, 0, 0, 21, 2, 2, 0, 16)
23 (1, 4, 318, 327, 365, 0, 37, 181, 2, 1, 0, 47)
24 (1, 4, 0, 0, 0, 0, 0, 136, 2, 1, 0, 177)
25 (1, 4, 30, 0, 0, 0, 18, 103, 2, 1, 0, 229)
26 (1, 4, 0, 0, 0, 0, 6, 103, 1, 1, 0, 145)
27 (1, 4, 0, 0, 0, 0, 22, 77, 1, 1, 0, 230)
28 (1, 4, 0, 0, 0, 0, 32, 60, 1, 1, 0, 151)
29 (1, 4, 0, 0, 0, 2, 25, 70, 1, 1, 0, 253)
30 (1, 4, 0, 0, 87, 51, 11, 61, 1, 1, 0, 81)
31 (1, 4, 0, 0, 212, 45, 0, 87, 1, 1, 0, 171)
0 (1, 4, 0, 153, 0, 43, 0, 8, 1, 1, 0, 203)
1 (1, 4, 0, 194, 0, 58, 0, 5, 1, 1, 0, 234)
2 (1, 4, 50, 205, 0, 74, 0, 1, 1, 1, 0, 222)
3 (1, 4, 265, 245, 0, 68, 0, 9, 1, 1, 0, 217)
4 (1, 4, 455, 180, 0, 74, 0, 26, 1, 1, 0, 40)
5 (1, 4, 342, 170, 0, 84, 0, 57, 1, 1, 0, 60)
6 (1, 4, 291, 113, 40, 91, 4, 55, 1, 1, 0, 14)
7 (1, 4, 250, 227, 264, 61, 22, 65, 2, 1, 0, 244)
8 (1, 4, 230, 159, 376, 0, 52, 63, 2, 1, 0, 4)
9 (1, 4, 66, 251, 387, 0, 38, 24, 2, 1, 0, 60)
10 (1, 4, 255, 355, 509, 0, 0, 95, 2, 1, 0, 131)
11 (1, 4, 0, 63, 245, 0, 0, 90, 2, 1, 0, 71)
12 (1, 4, 0, 0, 0, 0, 0, 110, 2, 1, 0, 19)
13 (1, 4, 0, 0, 0, 0, 0, 100, 1, 1, 0, 230)
14 (1, 4, 0, 0, 0, 0, 0, 98, 1, 1, 0, 42)
15 (1, 4, 0, 0, 0, 0, 0, 90, 1, 1, 0, 178)
16 (1, 4, 0, 0, 0, 0, 0, 72, 1, 1, 0, 216)
17 (1, 4, 0, 0, 0, 4, 0, 74, 1, 1, 0, 29)
18 (1, 4, 0, 0, 0, 13, 0, 79, 1, 1, 0, 80)
19 (1, 4, 0, 0, 79, 43, 0, 47, 1, 1, 0, 189)
20 (1, 4, 0, 0, 135, 34, 0, 54, 1, 1, 0, 10)
21 (1, 4, 0, 0, 155, 44, 0, 0, 1, 1, 0, 147)
22 (1, 4, 0, 0, 83, 49, 0, 0, 1, 1, 0, 73)
23 (1, 4, 48, 0, 55, 48, 0, 0, 1, 1, 0, 42)
24 (1, 4, 0, 0, 32, 47, 0, 0, 1, 1, 0, 197)
25 (1, 4, 37, 0, 0, 47, 0, 0, 1, 1, 0, 202)
26 (1, 4, 58, 0, 0, 38, 0, 0, 1, 1, 0, 151)
27 (1, 4, 138, 0, 13, 33, 0, 0, 1, 1, 0, 142)
28 (1, 4, 58, 8, 7, 24, 0, 3, 1, 1, 0, 3)
29 (1, 4, 13, 33, 0, 26, 0, 5, 1, 1, 0, 221)
30 (1, 4, 24, 47, 0, 20, 0, 17, 1, 1, 0, 19)
31 (1, 4, 41, 57, 9, 18, 0, 23, 1, 1, 0, 74)
0 (1, 4, 232, 102, 0, 28, 0, 75, 1, 1, 0, 16)
1 (1, 4, 70, 167, 0, 67, 24, 78, 1, 1, 0, 200)
2 (1, 4, 0, 0, 0, 121, 178, 1, 2, 2, 0, 209)
3 (1, 4, 487, 643, 768, 0, 94, 0, 2, 2, 0, 163)
4 (1, 4, 873, 850, 280, 0, 57, 295, 2, 1, 0, 117)
5 (1, 4, 0, 0, 0, 24, 0, 9, 1, 1, 0, 77)
6 (1, 4, 0, 0, 0, 0, 0, 148, 2, 1, 0, 253)
7 (1, 4, 0, 0, 0, 0, 54, 79, 1, 1, 0, 82)
8 (1, 4, 0, 0, 0, 0, 0, 126, 1, 1, 0, 102)
9 (1, 4, 0, 0, 0, 0, 16, 94, 1, 1, 0, 66)
10 (1, 4, 0, 0, 0, 0, 10, 89, 1, 1, 0, 231)
11 (1, 4, 0, 0, 144, 26, 2, 71, 1, 1, 0, 108)
12 (1, 4, 0, 0, 230, 34, 0, 59, 1, 1, 0, 219)
13 (1, 4, 0, 0, 309, 24, 0, 41, 1, 1, 0, 250)
14 (1, 4, 0, 0, 317, 43, 0, 39, 1, 1, 0, 95)
15 (1, 4, 47, 0, 295, 30, 0, 17, 1, 1, 0, 237)
16 (1, 4, 19, 0, 128, 59, 0, 3, 1, 1, 0, 213)
17 (1, 4, 0, 0, 0, 59, 0, 7, 1, 1, 0, 163)
18 (1, 4, 0, 0, 0, 55, 0, 8, 1, 1, 0, 222)
19 (1, 4, 0, 3, 0, 43, 0, 14, 1, 1, 0, 185)
20 (1, 4, 22, 114, 0, 32, 0, 28, 1, 1, 0, 91)
21 (1, 4, 59, 138, 0, 22, 0, 48, 1, 1, 0, 42)
22 (1, 4, 45, 70, 0, 18, 0, 55, 1, 1, 0, 106)
23 (1, 4, 17, 13, 14, 26, 0, 45, 1, 1, 0, 88)
24 (1, 4, 0, 18, 9, 27, 0, 43, 1, 1, 0, 80)
25 (1, 4, 4, 17, 0, 32, 0, 38, 1, 1, 0, 31)
26 (1, 4, 0, 32, 0, 35, 0, 37, 1, 1, 0, 118)
27 (1, 4, 0, 27, 0, 37, 0, 39, 1, 1, 0, 69)
28 (1, 4, 0, 26, 0, 37, 0, 36, 1, 1, 0, 150)
29 (1, 4, 0, 35, 0, 39, 0, 35, 1, 1, 0, 30)
30 (1, 4, 0, 36, 0, 38, 0, 34, 1, 1, 0, 220)
31 (1, 4, 0, 50, 0, 39, 0, 34, 1, 1, 0, 21)
0 (1, 4, 40, 230, 0, 74, 0, 36, 1, 1, 0, 240)
1 (1, 4, 46, 192, 0, 82, 0, 36, 1, 1, 0, 174)
2 (1, 4, 117, 165, 0, 87, 14, 44, 1, 1, 0, 210)
3 (1, 4, 165, 171, 11, 106, 50, 38, 1, 1, 0, 209)
4 (1, 4, 78, 180, 177, 102, 79, 25, 1, 1, 0, 29)
5 (1, 4, 52, 393, 512, 3, 72, 0, 1, 1, 0, 202)
6 (1, 4, 0, 334, 498, 0, 0, 0, 2, 1, 0, 74)
7 (1, 4, 869, 250, 849, 0, 0, 201, 1, 1, 0, 251)
8 (1, 4, 0, 0, 0, 0, 0, 57, 1, 1, 0, 48)
9 (1, 4, 78, 0, 0, 0, 0, 109, 1, 1, 0, 14)
10 (1, 4, 16, 18, 0, 0, 0, 107, 1, 1, 0, 243)
11 (1, 4, 161, 0, 0, 0, 0, 108, 1, 1, 0, 208)
12 (1, 4, 175, 0, 0, 0, 0, 91, 1, 1, 0, 229)
13 (1, 4, 0, 0, 0, 0, 17, 80, 1, 1, 0, 29)
14 (1, 4, 0, 0, 0, 12, 14, 76, 1, 1, 0, 249)
15 (1, 4, 0, 0, 134, 20, 9, 76, 1, 1, 0, 30)
16 (1, 4, 0, 0, 236, 24, 0, 48, 1, 1, 0, 28)
17 (1, 4, 0, 0, 293, 7, 0, 19, 1, 1, 0, 246)
18 (1, 4, 0, 0, 339, 4, 0, 0, 1, 1, 0, 105)
19 (1, 4, 0, 0, 313, 31, 0, 0, 1, 1, 0, 209)
20 (1, 4, 0, 0, 166, 44, 0, 0, 1, 1, 0, 100)
21 (1, 4, 0, 0, 16, 62, 0, 0, 1, 1, 0, 172)
22 (1, 4, 0, 0, 0, 53, 0, 0, 1, 1, 0, 10)
23 (1, 4, 0, 23, 0, 40, 0, 0, 1, 1, 0, 5)
24 (1, 4, 0, 98, 0, 25, 0, 0, 1, 1, 0, 75)
25 (1, 4, 0, 114, 0, 17, 0, 2, 1, 1, 0, 107)
26 (1, 4, 0, 118, 0, 19, 0, 11, 1, 1, 0, 186)
27 (1, 4, 0, 107, 0, 21, 0, 17, 1, 1, 0, 197)
28 (1, 4, 21, 98, 0, 23, 0, 20, 1, 1, 0, 129)
29 (1, 4, 0, 102, 0, 25, 0, 25, 1, 1, 0, 119)
0 (1, 4, 0, 0, 0, 24, 0, 1, 1, 1, 0, 167)
1 (1, 4, 0, 0, 0, 48, 0, 0, 1, 1, 0, 105)
2 (1, 4, 0, 0, 0, 88, 0, 0, 1, 1, 0, 173)
3 (1, 4, 0, 0, 0, 140, 0, 0, 1, 1, 0, 94)
4 (1, 4, 0, 177, 0, 128, 0, 0, 1, 1, 0, 205)
5 (1, 4, 0, 259, 0, 117, 0, 0, 1, 1, 0, 226)
6 (1, 4, 0, 253, 0, 119, 0, 0, 1, 1, 0, 28)
7 (1, 4, 0, 239, 80, 126, 0, 0, 1, 1, 0, 115)
8 (1, 4, 0, 243, 266, 86, 0, 0, 1, 1, 0, 32)
9 (1, 4, 0, 68, 312, 25, 0, 0, 2, 1, 0, 248)
10 (1, 4, 0, 0, 334, 0, 0, 0, 2, 2, 0, 7)
11 (1, 4, 608, 0, 565, 0, 0, 0, 2, 2, 0, 215)
12 (1, 4, 0, 333, 0, 0, 0, 0, 2, 1, 0, 107)
13 (1, 4, 193, 214, 0, 0, 0, 1, 1, 1, 0, 110)
14 (1, 4, 23, 215, 0, 0, 0, 0, 1, 1, 0, 92)
15 (1, 4, 0, 182, 0, 0, 0, 0, 1, 1, 0, 98)
16 (1, 4, 0, 149, 0, 0, 0, 0, 1, 1, 0, 120)
17 (1, 4, 0, 101, 0, 0, 0, 0, 1, 1, 0, 89)
18 (1, 4, 0, 15, 0, 30, 0, 0, 1, 1, 0, 139)
19 (1, 4, 0, 0, 0, 51, 0, 3, 1, 1, 0, 46)
20 (1, 4, 0, 0, 0, 84, 0, 0, 1, 1, 0, 41)
21 (1, 4, 0, 0, 0, 86, 0, 0, 1, 1, 0, 23)
22 (1, 4, 14, 0, 0, 74, 0, 0, 1, 1, 0, 48)
23 (1, 4, 73, 0, 0, 67, 0, 0, 1, 1, 0, 116)
24 (1, 4, 81, 0, 0, 58, 0, 0, 1, 1, 0, 200)
25 (1, 4, 49, 0, 0, 47, 0, 0, 1, 1, 0, 18)
26 (1, 4, 63, 0, 0, 42, 0, 0, 1, 1, 0, 37)
27 (1, 4, 42, 10, 0, 43, 0, 0, 1, 1, 0, 50)
28 (1, 4, 7, 2, 0, 44, 0, 0, 1, 1, 0, 93)
29 (1, 4, 0, 9, 0, 46, 0, 0, 1, 1, 0, 34)
30 (1, 4, 0, 14, 0, 46, 0, 0, 1, 1, 0, 32)
31 (1, 4, 28, 11, 9, 47, 0, 0, 1, 1, 0, 208)
0 (1, 4, 109, 0, 85, 103, 0, 34, 1, 1, 0, 72)
1 (1, 4, 24, 0, 178, 102, 0, 44, 1, 1, 0, 248)
2 (1, 4, 0, 0, 418, 1, 4, 42, 1, 1, 0, 4)
3 (1, 4, 96, 0, 698, 0, 0, 0, 1, 1, 0, 96)
4 (1, 4, 0, 0, 449, 4, 0, 0, 2, 1, 0, 110)
5 (1, 4, 0, 344, 0, 10, 0, 0, 1, 1, 0, 5)
6 (1, 4, 393, 158, 0, 0, 0, 0, 1, 1, 0, 122)
7 (1, 4, 0, 343, 0, 0, 0, 0, 1, 1, 0, 114)
8 (1, 4, 0, 282, 0, 0, 0, 0, 1, 1, 0, 45)
9 (1, 4, 0, 242, 0, 0, 0, 0, 1, 1, 0, 59)
10 (1, 4, 0, 156, 0, 11, 0, 0, 1, 1, 0, 167)
11 (1, 4, 0, 73, 82, 55, 0, 19, 1, 1, 0, 175)
12 (1, 4, 0, 0, 77, 102, 0, 14, 1, 1, 0, 162)
13 (1, 4, 0, 0, 132, 103, 0, 0, 1, 1, 0, 185)
14 (1, 4, 0, 139, 161, 55, 0, 0, 1, 1, 0, 197)
15 (1, 4, 89, 215, 80, 61, 0, 0, 1, 1, 0, 128)
16 (1, 4, 131, 171, 0, 45, 0, 0, 1, 1, 0, 170)
17 (1, 4, 68, 179, 0, 37, 0, 0, 1, 1, 0, 54)
18 (1, 4, 125, 99, 0, 28, 0, 0, 1, 1, 0, 117)
19 (1, 4, 70, 60, 0, 28, 0, 0, 1, 1, 0, 99)
20 (1, 4, 47, 0, 0, 32, 0, 0, 1, 1, 0, 3)
21 (1, 4, 0, 0, 0, 38, 0, 0, 1, 1, 0, 220)
22 (1, 4, 0, 0, 0, 53, 0, 0, 1, 1, 0, 10)
23 (1, 4, 0, 0, 35, 59, 0, 0, 1, 1, 0, 245)
24 (1, 4, 0, 16, 53, 62, 0, 0, 1, 1, 0, 249)
25 (1, 4, 8, 19, 47, 62, 0, 0, 1, 1, 0, 189)
26 (1, 4, 0, 28, 30, 66, 0, 0, 1, 1, 0, 38)
27 (1, 4, 0, 23, 12, 60, 0, 0, 1, 1, 0, 108)
28 (1, 4, 0, 69, 0, 55, 0, 0, 1, 1, 0, 216)
29 (1, 4, 0, 71, 0, 54, 0, 0, 1, 1, 0, 170)
30 (1, 4, 0, 88, 10, 55, 0, 0, 1, 1, 0, 246)
31 (1, 4, 0, 87, 27, 56, 0, 0, 1, 1, 0, 9)
0 (1, 4, 0, 15, 4, 49, 0, 0, 1, 1, 0, 153)
1 (1, 4, 9, 0, 19, 52, 0, 0, 1, 1, 0, 175)
2 (1, 4, 0, 0, 13, 56, 0, 0, 1, 1, 0, 231)
3 (1, 4, 0, 0, 21, 57, 0, 0, 1, 1, 0, 59)
4 (1, 4, 0, 0, 32, 56, 0, 0, 1, 1, 0, 111)
5 (1, 4, 88, 0, 38, 49, 0, 0, 1, 1, 0, 224)
6 (1, 4, 273, 0, 41, 48, 0, 0, 1, 1, 0, 83)
7 (1, 4, 549, 0, 97, 98, 0, 0, 1, 1, 0, 17)
8 (1, 4, 497, 131, 0, 130, 0, 0, 1, 1, 0, 138)
9 (1, 4, 517, 256, 0, 84, 0, 0, 1, 1, 0, 254)
10 (1, 4, 292, 308, 0, 70, 0, 0, 1, 1, 0, 129)
11 (1, 4, 208, 293, 0, 55, 0, 27, 1, 1, 0, 95)
12 (1, 4, 165, 271, 0, 57, 0, 52, 1, 1, 0, 57)
13 (1, 4, 156, 204, 0, 56, 16, 60, 1, 1, 0, 175)
14 (1, 4, 23, 197, 58, 24, 3, 50, 1, 1, 0, 13)
15 (1, 4, 0, 177, 181, 0, 0, 55, 1, 1, 0, 187)
16 (1, 4, 428, 167, 307, 0, 24, 84, 1, 1, 0, 238)
17 (1, 4, 377, 256, 304, 0, 51, 91, 1, 1, 0, 133)
18 (1, 4, 0, 196, 238, 0, 0, 116, 1, 1, 0, 84)
19 (1, 4, 0, 0, 0, 0, 0, 137, 1, 1, 0, 200)
20 (1, 4, 0, 0, 0, 0, 26, 104, 1, 1, 0, 207)
21 (1, 4, 0, 0, 0, 0, 9, 114, 1, 1, 0, 65)
22 (1, 4, 0, 0, 0, 0, 0, 86, 1, 1, 0, 45)
23 (1, 4, 0, 0, 0, 0, 0, 70, 1, 1, 0, 254)
24 (1, 4, 0, 13, 0, 0, 0, 74, 1, 1, 0, 189)
25 (1, 4, 0, 0, 0, 0, 0, 55, 1, 1, 0, 22)
26 (1, 4, 0, 0, 48, 0, 0, 88, 1, 1, 0, 138)
27 (1, 4, 0, 0, 124, 5, 0, 28, 1, 1, 0, 192)
28 (1, 4, 0, 0, 211, 0, 0, 16, 1, 1, 0, 106)
29 (1, 4, 0, 0, 216, 0, 0, 0, 1, 1, 0, 190)
30 (1, 4, 0, 0, 179, 6, 0, 0, 1, 1, 0, 254)
31 (1, 4, 13, 0, 99, 12, 0, 0, 1, 1, 0, 11)
0 (1, 4, 215, 71, 0, 76, 0, 50, 1, 1, 0, 58)
1 (1, 4, 325, 1, 0, 83, 0, 36, 1, 1, 0, 168)
2 (1, 4, 258, 53, 0, 95, 12, 45, 1, 1, 0, 225)
3 (1, 4, 199, 79, 0, 107, 13, 35, 1, 1, 0, 138)
4 (1, 4, 164, 176, 105, 78, 23, 23, 1, 1, 0, 80)
5 (1, 4, 199, 318, 256, 26, 11, 12, 1, 1, 0, 58)
6 (1, 4, 362, 424, 378, 0, 24, 23, 1, 1, 0, 242)
7 (1, 4, 758, 306, 289, 0, 34, 37, 1, 1, 0, 4)
8 (1, 4, 795, 254, 256, 0, 185, 136, 1, 1, 0, 239)
9 (1, 4, 0, 0, 0, 0, 70, 82, 1, 1, 0, 83)
10 (1, 4, 0, 0, 0, 0, 6, 96, 1, 1, 0, 130)
11 (1, 4, 0, 0, 0, 0, 3, 76, 1, 1, 0, 38)
12 (1, 4, 0, 0, 0, 0, 1, 76, 1, 1, 0, 212)
13 (1, 4, 0, 0, 0, 0, 0, 74, 1, 1, 0, 97)
14 (1, 4, 0, 0, 0, 10, 0, 66, 1, 1, 0, 77)
15 (1, 4, 0, 0, 0, 48, 0, 57, 1, 1, 0, 46)
16 (1, 4, 0, 0, 0, 52, 0, 50, 1, 1, 0, 222)
17 (1, 4, 0, 0, 138, 37, 0, 29, 1, 1, 0, 12)
18 (1, 4, 0, 0, 259, 13, 0, 9, 1, 1, 0, 63)
19 (1, 4, 0, 0, 228, 10, 0, 0, 1, 1, 0, 27)
20 (1, 4, 0, 0, 100, 29, 0, 0, 1, 1, 0, 64)
21 (1, 4, 0, 0, 0, 35, 0, 0, 1, 1, 0, 191)
22 (1, 4, 39, 0, 0, 35, 0, 0, 1, 1, 0, 82)
23 (1, 4, 106, 0, 0, 20, 0, 0, 1, 1, 0, 222)
24 (1, 4, 62, 0, 0, 11, 0, 0, 1, 1, 0, 221)
25 (1, 4, 0, 0, 0, 11, 0, 0, 1, 1, 0, 174)
26 (1, 4, 0, 7, 0, 4, 0, 0, 1, 1, 0, 9)
27 (1, 4, 0, 7, 0, 11, 0, 0, 1, 1, 0, 172)
28 (1, 4, 1, 0, 0, 18, 0, 0, 1, 1, 0, 176)
29 (1, 4, 0, 0, 0, 30, 0, 0, 1, 1, 0, 58)
30 (1, 4, 31, 0, 0, 28, 0, 0, 1, 1, 0, 190)
31 (1, 4, 25, 0, 0, 31, 0, 0, 1, 1, 0, 187)
0 (1, 4, 31, 0, 0, 23, 0, 0, 1, 1, 0, 103)
1 (1, 4, 51, 0, 0, 27, 0, 0, 1, 1, 0, 108)
2 (1, 4, 33, 0, 0, 29, 0, 0, 1, 1, 0, 210)
3 (1, 4, 7, 18, 0, 29, 0, 0, 1, 1, 0, 61)
4 (1, 4, 0, 41, 0, 31, 0, 0, 1, 1, 0, 225)
5 (1, 4, 0, 62, 0, 36, 0, 0, 1, 1, 0, 69)
6 (1, 4, 104, 106, 0, 46, 0, 0, 1, 1, 0, 133)
7 (1, 4, 140, 141, 0, 58, 0, 0, 1, 1, 0, 47)
8 (1, 4, 167, 199, 0, 72, 0, 0, 1, 1, 0, 34)
9 (1, 4, 442, 178, 0, 88, 0, 1, 1, 1, 0, 225)
10 (1, 4, 828, 54, 0, 93, 0, 17, 1, 1, 0, 191)
11 (1, 4, 784, 0, 0, 126, 26, 23, 1, 1, 0, 150)
12 (1, 4, 500, 85, 177, 122, 57, 6, 1, 1, 0, 110)
13 (1, 4, 524, 381, 517, 24, 41, 27, 1, 1, 0, 183)
14 (1, 4, 477, 389, 515, 0, 60, 9, 2, 1, 0, 252)
15 (1, 4, 873, 356, 401, 0, 118, 135, 2, 1, 0, 196)
16 (1, 4, 0, 0, 0, 0, 6, 16, 1, 1, 0, 181)
17 (1, 4, 0, 42, 0, 0, 0, 115, 1, 1, 0, 58)
18 (1, 4, 0, 0, 0, 0, 8, 86, 1, 1, 0, 236)
19 (1, 4, 0, 0, 0, 0, 0, 67, 1, 1, 0, 84)
20 (1, 4, 0, 154, 0, 0, 0, 48, 1, 1, 0, 187)
21 (1, 4, 0, 229, 0, 0, 0, 50, 1, 1, 0, 147)
22 (1, 4, 0, 115, 0, 39, 0, 29, 1, 1, 0, 168)
23 (1, 4, 0, 7, 0, 53, 0, 33, 1, 1, 0, 118)
24 (1, 4, 0, 0, 0, 70, 0, 17, 1, 1, 0, 236)
25 (1, 4, 0, 0, 0, 88, 0, 0, 1, 1, 0, 173)
26 (1, 4, 0, 0, 13, 81, 0, 0, 1, 1, 0, 60)
27 (1, 4, 149, 0, 43, 69, 0, 0, 1, 1, 0, 251)
28 (1, 4, 108, 0, 22, 60, 0, 0, 1, 1, 0, 229)
29 (1, 4, 93, 0, 48, 50, 0, 0, 1, 1, 0, 249)
0 (1, 4, 714, 0, 75, 34, 0, 0, 1, 1, 0, 168)
1 (1, 4, 588, 0, 0, 35, 0, 0, 1, 1, 0, 122)
2 (1, 4, 271, 13, 0, 54, 0, 0, 1, 1, 0, 175)
3 (1, 4, 178, 74, 0, 65, 0, 10, 1, 1, 0, 157)
4 (1, 4, 232, 50, 0, 83, 0, 26, 1, 1, 0, 17)
5 (1, 4, 271, 90, 0, 109, 0, 47, 1, 1, 0, 236)
6 (1, 4, 312, 86, 10, 116, 0, 60, 1, 1, 0, 190)
7 (1, 4, 285, 83, 73, 117, 17, 38, 1, 1, 0, 3)
8 (1, 4, 264, 308, 238, 85, 0, 40, 1, 1, 0, 170)
9 (1, 4, 257, 170, 233, 44, 0, 18, 1, 1, 0, 189)
10 (1, 4, 365, 416, 353, 0, 3, 0, 1, 1, 0, 28)
11 (1, 4, 873, 325, 302, 0, 117, 167, 2, 1, 0, 176)
12 (1, 4, 0, 187, 0, 0, 0, 95, 1, 1, 0, 209)
13 (1, 4, 117, 0, 0, 0, 27, 76, 1, 1, 0, 250)
14 (1, 4, 0, 0, 0, 0, 20, 113, 1, 1, 0, 249)
15 (1, 4, 0, 0, 0, 0, 0, 103, 1, 1, 0, 128)
16 (1, 4, 0, 10, 0, 0, 0, 74, 1, 1, 0, 191)
17 (1, 4, 0, 153, 0, 0, 0, 63, 1, 1, 0, 154)
18 (1, 4, 0, 230, 0, 0, 0, 35, 1, 1, 0, 71)
19 (1, 4, 0, 187, 0, 21, 0, 29, 1, 1, 0, 185)
20 (1, 4, 0, 11, 0, 30, 0, 20, 1, 1, 0, 247)
21 (1, 4, 0, 0, 21, 47, 0, 9, 1, 1, 0, 187)
22 (1, 4, 0, 0, 0, 65, 0, 0, 1, 1, 0, 189)
23 (1, 4, 0, 0, 0, 55, 0, 0, 1, 1, 0, 52)
24 (1, 4, 10, 0, 0, 51, 0, 0, 1, 1, 0, 36)
25 (1, 4, 61, 0, 0, 44, 0, 0, 1, 1, 0, 123)
26 (1, 4, 74, 0, 0, 38, 0, 0, 1, 1, 0, 57)
27 (1, 4, 131, 0, 0, 32, 0, 0, 1, 1, 0, 153)
28 (1, 4, 126, 0, 0, 26, 0, 0, 1, 1, 0, 188)
29 (1, 4, 60, 0, 0, 23, 0, 0, 1, 1, 0, 178)
0 (1, 4, 0, 317, 0, 96, 0, 0, 1, 1, 0, 209)
1 (1, 4, 0, 418, 0, 99, 0, 0, 1, 1, 0, 33)
2 (1, 4, 0, 470, 0, 109, 0, 0, 1, 1, 0, 97)
3 (1, 4, 0, 440, 0, 138, 0, 5, 1, 1, 0, 66)
4 (1, 4, 0, 359, 0, 183, 0, 32, 1, 1, 0, 158)
5 (1, 4, 0, 91, 21, 126, 0, 78, 1, 1, 0, 89)
6 (1, 4, 174, 0, 306, 3, 0, 12, 1, 1, 0, 188)
7 (1, 4, 0, 0, 496, 0, 0, 0, 1, 1, 0, 161)
8 (1, 4, 873, 0, 500, 0, 0, 0, 2, 1, 0, 111)
9 (1, 4, 0, 97, 0, 84, 0, 0, 1, 1, 0, 221)
10 (1, 4, 409, 275, 60, 0, 0, 34, 1, 1, 0, 217)
11 (1, 4, 0, 320, 0, 0, 0, 0, 1, 1, 0, 17)
12 (1, 4, 0, 287, 0, 0, 0, 13, 1, 1, 0, 2)
13 (1, 4, 0, 226, 0, 0, 0, 16, 1, 1, 0, 137)
14 (1, 4, 0, 161, 0, 0, 0, 35, 1, 1, 0, 198)
15 (1, 4, 0, 13, 7, 56, 0, 50, 1, 1, 0, 99)
16 (1, 4, 0, 0, 109, 81, 0, 58, 1, 1, 0, 24)
17 (1, 4, 16, 0, 229, 66, 0, 9, 1, 1, 0, 119)
18 (1, 4, 0, 0, 116, 71, 0, 0, 1, 1, 0, 219)
19 (1, 4, 15, 0, 71, 58, 0, 0, 1, 1, 0, 235)
20 (1, 4, 91, 0, 78, 49, 0, 0, 1, 1, 0, 75)
21 (1, 4, 111, 0, 21, 33, 0, 0, 1, 1, 0, 32)
22 (1, 4, 0, 0, 0, 30, 0, 0, 1, 1, 0, 58)
23 (1, 4, 0, 0, 0, 21, 0, 0, 1, 1, 0, 227)
24 (1, 4, 0, 0, 0, 19, 0, 0, 1, 1, 0, 161)
25 (1, 4, 0, 0, 0, 18, 0, 0, 1, 1, 0, 190)
26 (1, 4, 0, 0, 0, 18, 0, 0, 1, 1, 0, 190)
27 (1, 4, 0, 0, 0, 23, 0, 0, 1, 1, 0, 221)
28 (1, 4, 0, 0, 0, 21, 0, 0, 1, 1, 0, 227)
29 (1, 4, 0, 0, 0, 24, 0, 0, 1, 1, 0, 120)
0 (1, 4, 29, 307, 0, 93, 0, 0, 1, 1, 0, 246)
1 (1, 4, 59, 355, 0, 100, 0, 0, 1, 1, 0, 14)
2 (1, 4, 12, 373, 0, 83, 0, 0, 1, 1, 0, 150)
3 (1, 4, 90, 328, 0, 91, 0, 0, 1, 1, 0, 92)
4 (1, 4, 0, 345, 0, 117, 0, 0, 1, 1, 0, 222)
5 (1, 4, 0, 212, 36, 106, 0, 17, 1, 1, 0, 24)
6 (1, 4, 0, 93, 270, 68, 9, 6, 1, 1, 0, 4)
7 (1, 4, 0, 74, 396, 0, 0, 30, 1, 1, 0, 145)
8 (1, 4, 365, 0, 539, 0, 0, 0, 1, 1, 0, 191)
9 (1, 4, 0, 0, 171, 0, 0, 0, 1, 1, 0, 127)
10 (1, 4, 0, 440, 0, 0, 0, 0, 1, 1, 0, 131)
11 (1, 4, 184, 287, 0, 0, 0, 20, 1, 1, 0, 166)
12 (1, 4, 0, 412, 0, 0, 0, 23, 1, 1, 0, 91)
13 (1, 4, 0, 313, 0, 0, 0, 41, 1, 1, 0, 163)
14 (1, 4, 22, 139, 0, 0, 0, 59, 1, 1, 0, 39)
15 (1, 4, 0, 0, 13, 35, 0, 45, 1, 1, 0, 40)
16 (1, 4, 0, 0, 111, 59, 0, 49, 1, 1, 0, 65)
17 (1, 4, 0, 0, 31, 63, 0, 0, 1, 1, 0, 234)
18 (1, 4, 0, 0, 82, 51, 0, 0, 1, 1, 0, 227)
19 (1, 4, 0, 0, 0, 76, 0, 0, 1, 1, 0, 38)
20 (1, 4, 0, 0, 0, 66, 0, 0, 1, 1, 0, 156)
21 (1, 4, 0, 0, 0, 73, 0, 0, 1, 1, 0, 69)
22 (1, 4, 0, 0, 0, 62, 0, 0, 1, 1, 0, 211)
23 (1, 4, 0, 0, 0, 40, 0, 0, 1, 1, 0, 102)
24 (1, 4, 0, 25, 3, 27, 0, 0, 1, 1, 0, 133)
25 (1, 4, 0, 36, 36, 25, 0, 0, 1, 1, 0, 223)
26 (1, 4, 105, 66, 66, 24, 0, 0, 1, 1, 0, 114)
27 (1, 4, 95, 131, 72, 25, 0, 0, 1, 1, 0, 202)
28 (1, 4, 46, 143, 63, 25, 0, 0, 1, 1, 0, 156)
29 (1, 4, 0, 142, 42, 22, 0, 0, 1, 1, 0, 170)
30 (1, 4, 0, 121, 34, 24, 0, 0, 1, 1, 0, 143)
31 (1, 4, 0, 124, 27, 23, 0, 0, 1, 1, 0, 236)
0 (1, 4, 22, 0, 0, 63, 0, 5, 1, 1, 0, 162)
1 (1, 4, 178, 0, 0, 79, 0, 0, 1, 1, 0, 41)
2 (1, 4, 290, 0, 0, 80, 0, 0, 1, 1, 0, 140)
3 (1, 4, 108, 0, 0, 94, 0, 20, 1, 1, 0, 79)
4 (1, 4, 139, 0, 0, 106, 0, 21, 1, 1, 0, 131)
5 (1, 4, 0, 0, 210, 63, 15, 9, 1, 1, 0, 10)
6 (1, 4, 0, 0, 326, 0, 0, 12, 1, 1, 0, 63)
7 (1, 4, 363, 0, 536, 0, 0, 4, 1, 1, 0, 85)
8 (1, 4, 416, 0, 144, 18, 0, 0, 1, 1, 0, 224)
9 (1, 4, 0, 447, 0, 0, 0, 0, 1, 1, 0, 129)
10 (1, 4, 0, 275, 0, 0, 0, 0, 1, 1, 0, 43)
11 (1, 4, 0, 478, 0, 0, 0, 0, 1, 1, 0, 117)
12 (1, 4, 0, 327, 0, 0, 0, 0, 1, 1, 0, 19)
13 (1, 4, 0, 269, 0, 21, 0, 35, 1, 1, 0, 29)
14 (1, 4, 0, 52, 97, 66, 0, 86, 1, 1, 0, 46)
15 (1, 4, 0, 0, 147, 79, 0, 51, 1, 1, 0, 38)
16 (1, 4, 0, 0, 79, 77, 0, 0, 1, 1, 0, 155)
17 (1, 4, 312, 0, 107, 91, 0, 0, 1, 1, 0, 219)
18 (1, 4, 210, 0, 73, 76, 0, 0, 1, 1, 0, 149)
19 (1, 4, 47, 24, 0, 60, 0, 0, 1, 1, 0, 162)
20 (1, 4, 0, 55, 0, 50, 0, 0, 1, 1, 0, 246)
21 (1, 4, 0, 98, 0, 45, 0, 0, 1, 1, 0, 41)
22 (1, 4, 0, 104, 0, 44, 0, 0, 1, 1, 0, 232)
23 (1, 4, 0, 158, 0, 45, 0, 0, 1, 1, 0, 97)
24 (1, 4, 0, 185, 0, 39, 0, 0, 1, 1, 0, 103)
25 (1, 4, 0, 204, 15, 28, 0, 0, 1, 1, 0, 182)
26 (1, 4, 0, 212, 87, 21, 0, 0, 1, 1, 0, 187)
27 (1, 4, 0, 211, 135, 19, 0, 0, 1, 1, 0, 142)
28 (1, 4, 0, 155, 132, 22, 0, 0, 1, 1, 0, 102)
29 (1, 4, 10, 71, 86, 24, 0, 0, 1, 1, 0, 96)
30 (1, 4, 0, 39, 52, 25, 0, 0, 1, 1, 0, 120)
31 (1, 4, 0, 0, 24, 27, 0, 0, 1, 1, 0, 154)
0 (1, 4, 0, 0, 389, 0, 0, 32, 1, 1, 0, 176)
1 (1, 4, 0, 0, 427, 0, 0, 0, 1, 1, 0, 34)
2 (1, 4, 762, 0, 279, 0, 0, 0, 1, 1, 0, 99)
3 (1, 4, 0, 173, 0, 30, 0, 0, 1, 1, 0, 37)
4 (1, 4, 0, 501, 0, 0, 0, 34, 1, 1, 0, 196)
5 (1, 4, 128, 334, 0, 0, 0, 0, 1, 1, 0, 0)
6 (1, 4, 10, 385, 0, 0, 0, 22, 1, 1, 0, 85)
7 (1, 4, 195, 219, 0, 0, 0, 49, 1, 1, 0, 220)
8 (1, 4, 135, 55, 73, 0, 0, 73, 1, 1, 0, 74)
9 (1, 4, 108, 0, 267, 16, 0, 53, 1, 1, 0, 4)
10 (1, 4, 0, 0, 227, 20, 0, 0, 1, 1, 0, 179)
11 (1, 4, 0, 0, 200, 16, 0, 0, 1, 1, 0, 54)
12 (1, 4, 0, 0, 94, 45, 0, 0, 1, 1, 0, 76)
13 (1, 4, 0, 0, 0, 29, 0, 0, 1, 1, 0, 27)
14 (1, 4, 0, 0, 0, 23, 0, 0, 1, 1, 0, 221)
15 (1, 4, 0, 0, 0, 17, 0, 0, 1, 1, 0, 159)
16 (1, 4, 0, 0, 0, 15, 0, 0, 1, 1, 0, 210)
17 (1, 4, 0, 0, 0, 12, 0, 0, 1, 1, 0, 243)
18 (1, 4, 0, 0, 0, 12, 0, 0, 1, 1, 0, 243)
19 (1, 4, 0, 0, 0, 9, 0, 0, 1, 1, 0, 144)
20 (1, 4, 0, 0, 0, 12, 0, 0, 1, 1, 0, 243)
21 (1, 4, 0, 0, 0, 13, 0, 0, 1, 1, 0, 236)
22 (1, 4, 16, 0, 10, 13, 0, 0, 1, 1, 0, 159)
23 (1, 4, 24, 19, 6, 9, 0, 0, 1, 1, 0, 200)
24 (1, 4, 0, 45, 10, 8, 0, 0, 1, 1, 0, 2)
25 (1, 4, 0, 48, 0, 5, 0, 0, 1, 1, 0, 183)
26 (1, 4, 0, 67, 10, 3, 0, 0, 1, 1, 0, 158)
27 (1, 4, 0, 57, 0, 3, 0, 0, 1, 1, 0, 243)
28 (1, 4, 0, 84, 8, 3, 0, 0, 1, 1, 0, 210)
29 (1, 4, 3, 75, 10, 6, 0, 0, 1, 1, 0, 92)
30 (1, 4, 0, 85, 8, 7, 0, 0, 1, 1, 0, 27)
31 (1, 4, 0, 112, 11, 11, 0, 0, 1, 1, 0, 137)
0 (1, 4, 379, 75, 0, 64, 0, 0, 1, 1, 0, 132)
1 (1, 4, 419, 116, 0, 57, 0, 6, 1, 1, 0, 122)
2 (1, 4, 382, 0, 0, 60, 0, 39, 1, 1, 0, 167)
3 (1, 4, 357, 3, 0, 102, 0, 35, 1, 1, 0, 108)
4 (1, 4, 410, 55, 149, 102, 17, 47, 1, 1, 0, 211)
5 (1, 4, 457, 178, 399, 18, 54, 35, 1, 1, 0, 58)
6 (1, 4, 467, 200, 391, 0, 105, 37, 5, 3, 0, 158)
7 (1, 4, 216, 420, 642, 0, 204, 122, 2, 2, 0, 144)
8 (1, 4, 0, 0, 0, 0, 0, 68, 1, 1, 0, 71)
9 (1, 4, 0, 0, 0, 0, 71, 89, 1, 1, 0, 166)
10 (1, 4, 0, 0, 0, 0, 7, 88, 1, 1, 0, 99)
11 (1, 4, 0, 18, 0, 0, 0, 80, 1, 1, 0, 237)
12 (1, 4, 0, 100, 0, 0, 0, 77, 1, 1, 0, 233)
13 (1, 4, 0, 46, 0, 11, 0, 49, 1, 1, 0, 197)
14 (1, 4, 0, 0, 0, 21, 0, 51, 1, 1, 0, 247)
15 (1, 4, 0, 0, 27, 36, 0, 12, 1, 1, 0, 5)
16 (1, 4, 0, 0, 0, 31, 0, 0, 1, 1, 0, 37)
17 (1, 4, 0, 0, 0, 34, 0, 0, 1, 1, 0, 160)
18 (1, 4, 0, 0, 0, 32, 0, 0, 1, 1, 0, 158)
19 (1, 4, 21, 0, 0, 32, 0, 0, 1, 1, 0, 72)
20 (1, 4, 130, 0, 0, 27, 0, 0, 1, 1, 0, 80)
21 (1, 4, 87, 0, 0, 19, 0, 0, 1, 1, 0, 226)
22 (1, 4, 71, 0, 0, 20, 0, 0, 1, 1, 0, 95)
23 (1, 4, 22, 26, 0, 19, 0, 0, 1, 1, 0, 218)
24 (1, 4, 42, 59, 0, 20, 0, 0, 1, 1, 0, 159)
25 (1, 4, 128, 95, 3, 20, 0, 0, 1, 1, 0, 1)
26 (1, 4, 171, 144, 8, 20, 0, 0, 1, 1, 0, 144)
27 (1, 4, 82, 203, 3, 17, 0, 0, 1, 1, 0, 184)
28 (1, 4, 0, 228, 0, 13, 0, 0, 1, 1, 0, 118)
29 (1, 4, 0, 260, 0, 9, 0, 0, 1, 1, 0, 175)
30 (1, 4, 0, 262, 0, 10, 0, 0, 1, 1, 0, 227)
31 (1, 4, 0, 226, 14, 9, 0, 0, 1, 1, 0, 112)
0 (1, 4, 218, 279, 0, 42, 0, 12, 1, 1, 0, 81)
1 (1, 4, 344, 233, 0, 47, 0, 48, 1, 1, 0, 20)
2 (1, 4, 387, 69, 0, 52, 0, 41, 1, 1, 0, 104)
3 (1, 4, 358, 40, 0, 63, 0, 55, 1, 1, 0, 180)
4 (1, 4, 342, 0, 45, 79, 17, 78, 1, 0, 0, 52)
5 (1, 4, 277, 59, 220, 54, 57, 50, 1, 1, 0, 91)
6 (1, 4, 210, 179, 349, 0, 0, 105, 1, 1, 0, 19)
7 (1, 4, 873, 486, 459, 0, 110, 174, 2, 1, 0, 111)
8 (1, 4, 0, 53, 31, 0, 0, 77, 1, 1, 0, 152)
9 (1, 4, 173, 0, 0, 0, 98, 65, 2, 1, 0, 58)
10 (1, 4, 0, 77, 0, 0, 39, 90, 1, 1, 0, 136)
11 (1, 4, 0, 95, 0, 0, 2, 118, 1, 1, 0, 45)
12 (1, 4, 0, 146, 0, 0, 0, 96, 1, 1, 0, 158)
13 (1, 4, 0, 302, 0, 0, 0, 58, 0, 1, 0, 23)
14 (1, 4, 0, 193, 0, 0, 0, 45, 0, 1, 0, 195)
15 (1, 4, 0, 0, 0, 8, 0, 30, 1, 1, 0, 122)
16 (1, 4, 0, 0, 0, 39, 0, 0, 1, 1, 0, 195)
17 (1, 4, 0, 0, 0, 50, 0, 0, 1, 1, 0, 87)
18 (1, 4, 0, 0, 0, 28, 0, 0, 1, 1, 0, 4)
19 (1, 4, 0, 0, 0, 43, 0, 0, 1, 1, 0, 71)
20 (1, 4, 0, 0, 0, 42, 0, 0, 1, 1, 0, 88)
21 (1, 4, 0, 0, 0, 42, 0, 0, 1, 1, 0, 88)
22 (1, 4, 0, 0, 0, 31, 0, 0, 1, 1, 0, 37)
23 (1, 4, 0, 0, 0, 23, 0, 0, 1, 1, 0, 221)
24 (1, 4, 0, 0, 0, 20, 0, 0, 1, 1, 0, 252)
25 (1, 4, 0, 0, 0, 22, 0, 0, 1, 1, 0, 194)
26 (1, 4, 0, 0, 0, 26, 0, 0, 1, 1, 0, 70)
27 (1, 4, 0, 0, 0, 30, 0, 0, 1, 1, 0, 58)
28 (1, 4, 0, 95, 73, 19, 0, 0, 1, 1, 0, 33)
29 (1, 4, 17, 137, 136, 18, 0, 0, 1, 1, 0, 26)
30 (1, 4, 64, 150, 169, 19, 0, 0, 1, 1, 0, 216)
31 (1, 4, 49, 148, 158, 17, 0, 0, 1, 1, 0, 79)
0 (1, 4, 200, 176, 0, 67, 0, 10, 1, 1, 0, 158)
1 (1, 4, 113, 68, 0, 52, 0, 35, 1, 1, 0, 43)
2 (1, 4, 123, 170, 0, 64, 9, 60, 1, 1, 0, 38)
3 (1, 4, 242, 53, 0, 119, 71, 58, 1, 1, 0, 217)
4 (1, 4, 145, 57, 77, 153, 107, 18, 1, 1, 0, 46)
5 (1, 4, 332, 352, 453, 68, 70, 9, 1, 1, 0, 26)
6 (1, 4, 320, 533, 572, 0, 54, 0, 1, 1, 0, 127)
7 (1, 4, 694, 104, 334, 0, 116, 112, 2, 1, 0, 28)
8 (1, 4, 0, 0, 190, 0, 0, 74, 1, 1, 0, 220)
9 (1, 4, 0, 0, 0, 0, 0, 102, 1, 1, 0, 95)
10 (1, 4, 0, 0, 0, 0, 19, 113, 1, 1, 0, 145)
11 (1, 4, 0, 0, 0, 0, 0, 95, 1, 1, 0, 24)
12 (1, 4, 0, 0, 0, 0, 0, 78, 1, 1, 0, 20)
13 (1, 4, 0, 90, 0, 14, 0, 42, 1, 1, 0, 3)
14 (1, 4, 0, 33, 0, 34, 0, 40, 1, 1, 0, 156)
15 (1, 4, 0, 0, 58, 75, 0, 10, 1, 1, 0, 58)
16 (1, 4, 0, 0, 81, 69, 0, 0, 1, 1, 0, 209)
17 (1, 4, 0, 0, 184, 73, 0, 0, 1, 1, 0, 137)
18 (1, 4, 0, 0, 81, 78, 0, 0, 1, 1, 0, 8)
19 (1, 4, 0, 0, 0, 77, 0, 0, 1, 1, 0, 57)
20 (1, 4, 0, 0, 0, 59, 0, 0, 1, 1, 0, 176)
21 (1, 4, 47, 0, 0, 47, 0, 0, 1, 1, 0, 166)
22 (1, 4, 78, 0, 0, 33, 0, 0, 1, 1, 0, 92)
23 (1, 4, 34, 0, 0, 28, 0, 0, 1, 1, 0, 223)
24 (1, 4, 0, 0, 0, 19, 0, 0, 1, 1, 0, 161)
25 (1, 4, 0, 16, 0, 17, 0, 0, 1, 1, 0, 254)
26 (1, 4, 21, 18, 2, 14, 0, 0, 1, 1, 0, 56)
27 (1, 4, 19, 28, 10, 14, 0, 0, 1, 1, 0, 164)
28 (1, 4, 13, 13, 8, 17, 0, 0, 1, 1, 0, 185)
29 (1, 4, 3, 2, 2, 17, 0, 0, 1, 1, 0, 207)
30 (1, 4, 0, 0, 0, 20, 0, 0, 1, 1, 0, 252)
31 (1, 4, 0, 0, 0, 19, 0, 0, 1, 1, 0, 161)
0 (1, 4, 258, 355, 0, 69, 0, 0, 1, 1, 0, 163)
1 (1, 4, 442, 315, 0, 68, 0, 0, 1, 1, 0, 175)
2 (1, 4, 541, 264, 0, 84, 0, 26, 1, 1, 0, 93)
3 (1, 4, 564, 247, 0, 104, 0, 50, 1, 1, 0, 64)
4 (1, 4, 547, 108, 0, 106, 0, 85, 1, 1, 0, 72)
5 (1, 4, 395, 69, 187, 90, 49, 91, 1, 1, 0, 150)
6 (1, 4, 126, 164, 337, 16, 63, 29, 1, 1, 0, 156)
7 (1, 4, 147, 271, 415, 0, 44, 0, 1, 1, 0, 97)
8 (1, 4, 873, 660, 624, 0, 150, 144, 1, 1, 0, 15)
9 (1, 4, 0, 23, 0, 7, 0, 63, 0, 1, 0, 160)
10 (1, 4, 0, 0, 0, 0, 42, 136, 1, 1, 0, 41)
11 (1, 4, 0, 0, 0, 0, 14, 64, 1, 1, 0, 226)
12 (1, 4, 0, 79, 0, 0, 0, 92, 1, 1, 0, 76)
13 (1, 4, 0, 106, 0, 0, 0, 99, 1, 1, 0, 106)
14 (1, 4, 0, 13, 0, 39, 0, 70, 1, 1, 0, 150)
15 (1, 4, 0, 0, 0, 65, 0, 43, 1, 1, 0, 144)
16 (1, 4, 0, 0, 51, 51, 0, 0, 1, 1, 0, 114)
17 (1, 4, 0, 0, 81, 77, 0, 0, 1, 1, 0, 41)
18 (1, 4, 0, 0, 0, 83, 0, 0, 1, 1, 0, 116)
19 (1, 4, 0, 0, 0, 60, 0, 0, 1, 1, 0, 237)
20 (1, 4, 0, 0, 0, 52, 0, 0, 1, 1, 0, 21)
21 (1, 4, 0, 0, 0, 37, 0, 0, 1, 1, 0, 253)
22 (1, 4, 0, 0, 0, 29, 0, 0, 1, 1, 0, 27)
23 (1, 4, 62, 0, 0, 19, 0, 0, 1, 1, 0, 210)
24 (1, 4, 82, 0, 0, 15, 0, 0, 1, 1, 0, 167)
25 (1, 4, 52, 0, 0, 18, 0, 0, 1, 1, 0, 161)
26 (1, 4, 9, 0, 0, 20, 0, 0, 1, 1, 0, 130)
27 (1, 4, 6, 0, 0, 24, 0, 0, 1, 1, 0, 92)
28 (1, 4, 19, 0, 0, 24, 0, 0, 1, 1, 0, 138)
29 (1, 4, 0, 0, 0, 26, 0, 0, 1, 1, 0, 70)
30 (1, 4, 0, 0, 0, 27, 0, 0, 1, 1, 0, 89)
31 (1, 4, 0, 0, 0, 28, 0, 0, 1, 1, 0, 4)

