1 (1, 4, 339, 107, 0, 0, 188, 189, 3, 4, 0, 6)
2 (1, 4, 0, 0, 69, 0, 316, 184, 3, 4, 0, 233)
3 (1, 4, 60, 0, 620, 0, 87, 41, 3, 4, 0, 34)
4 (1, 4, 21, 224, 424, 103, 0, 144, 3, 4, 0, 51)
5 (1, 4, 26, 0, 0, 70, 0, 95, 3, 4, 0, 7)
6 (1, 4, 0, 0, 0, 0, 63, 92, 3, 4, 0, 91)
7 (1, 4, 5, 6, 57, 4, 21, 119, 3, 4, 0, 28)
8 (1, 4, 0, 0, 79, 14, 0, 120, 3, 4, 0, 182)
9 (1, 4, 0, 0, 60, 36, 0, 87, 3, 4, 0, 0)
10 (1, 4, 0, 32, 66, 26, 0, 95, 2, 3, 0, 79)
11 (1, 4, 0, 6, 49, 14, 0, 106, 2, 2, 0, 195)
12 (1, 4, 0, 0, 52, 15, 0, 114, 2, 2, 0, 152)
13 (1, 4, 0, 0, 85, 16, 0, 119, 1, 2, 0, 87)
14 (1, 4, 0, 0, 101, 44, 0, 125, 1, 2, 0, 31)
15 (1, 4, 0, 0, 5, 66, 0, 122, 1, 2, 0, 143)
16 (1, 4, 0, 0, 0, 86, 0, 104, 1, 2, 0, 164)
17 (1, 4, 0, 0, 0, 80, 0, 71, 1, 2, 0, 190)
18 (1, 4, 37, 0, 0, 74, 0, 40, 1, 2, 0, 99)
19 (1, 4, 0, 0, 0, 70, 0, 26, 1, 2, 0, 221)
20 (1, 4, 0, 0, 6, 79, 0, 20, 1, 2, 0, 109)
21 (1, 4, 19, 0, 62, 79, 0, 20, 1, 2, 0, 162)
22 (1, 4, 0, 0, 63, 78, 0, 18, 1, 2, 0, 23)
23 (1, 4, 0, 47, 80, 81, 0, 27, 1, 2, 0, 95)
24 (1, 4, 0, 48, 69, 76, 0, 37, 1, 2, 0, 2)
25 (1, 4, 40, 51, 25, 62, 0, 38, 1, 2, 0, 152)
26 (1, 4, 21, 61, 1, 53, 0, 43, 1, 2, 0, 167)
27 (1, 4, 0, 61, 2, 41, 0, 54, 1, 1, 0, 151)
28 (1, 4, 0, 36, 27, 40, 0, 60, 1, 2, 0, 86)
29 (1, 4, 15, 0, 19, 38, 0, 66, 1, 1, 0, 190)
30 (1, 4, 0, 0, 16, 44, 0, 62, 1, 1, 0, 49)
31 (1, 4, 36, 0, 16, 51, 0, 57, 1, 1, 0, 143)
32 (1, 4, 34, 0, 0, 51, 0, 51, 1, 1, 0, 135)
1 (1, 4, 26, 20, 7, 45, 19, 79, 1, 2, 0, 216)
2 (1, 4, 0, 127, 94, 33, 12, 48, 1, 2, 0, 180)
3 (1, 4, 0, 203, 0, 76, 0, 88, 1, 2, 0, 14)
4 (1, 4, 41, 165, 0, 16, 0, 151, 3, 3, 0, 205)
5 (1, 4, 277, 14, 0, 0, 102, 179, 3, 4, 0, 59)
6 (1, 4, 0, 0, 0, 0, 387, 106, 4, 5, 0, 42)
7 (1, 4, 0, 0, 500, 0, 0, 113, 3, 4, 0, 19)
8 (1, 4, 0, 0, 128, 140, 0, 128, 3, 4, 0, 33)
9 (1, 4, 54, 57, 0, 76, 0, 78, 3, 4, 0, 231)
10 (1, 4, 11, 72, 32, 25, 25, 104, 3, 4, 0, 252)
11 (1, 4, 0, 18, 66, 24, 6, 119, 2, 3, 0, 229)
12 (1, 4, 3, 0, 41, 45, 0, 109, 2, 3, 0, 21)
13 (1, 4, 0, 3, 24, 38, 0, 97, 2, 3, 0, 140)
14 (1, 4, 0, 30, 18, 23, 0, 106, 2, 2, 0, 68)
15 (1, 4, 0, 56, 37, 24, 0, 117, 2, 2, 0, 218)
16 (1, 4, 0, 58, 70, 20, 0, 122, 1, 2, 0, 210)
17 (1, 4, 0, 0, 90, 22, 0, 117, 1, 2, 0, 245)
18 (1, 4, 0, 0, 88, 21, 0, 112, 1, 2, 0, 81)
19 (1, 4, 0, 0, 81, 22, 0, 120, 1, 2, 0, 178)
20 (1, 4, 0, 27, 101, 19, 0, 127, 1, 2, 0, 23)
21 (1, 4, 0, 15, 86, 20, 0, 121, 1, 2, 0, 7)
22 (1, 4, 0, 0, 39, 23, 0, 115, 1, 2, 0, 42)
23 (1, 4, 0, 3, 23, 20, 0, 113, 1, 2, 0, 235)
24 (1, 4, 35, 0, 17, 18, 0, 110, 1, 2, 0, 255)
25 (1, 4, 52, 0, 1, 19, 0, 104, 1, 2, 0, 153)
26 (1, 4, 41, 0, 0, 18, 0, 100, 1, 1, 0, 150)
27 (1, 4, 37, 13, 0, 17, 0, 100, 1, 1, 0, 35)
28 (1, 4, 54, 15, 0, 14, 0, 102, 1, 2, 0, 234)
29 (1, 4, 28, 15, 0, 12, 0, 102, 1, 1, 0, 194)
30 (1, 4, 40, 13, 0, 8, 0, 105, 1, 1, 0, 53)
31 (1, 4, 27, 12, 0, 8, 0, 106, 1, 2, 0, 110)
32 (1, 4, 26, 0, 0, 8, 0, 104, 1, 1, 0, 13)
1 (1, 4, 35, 118, 0, 20, 0, 101, 1, 1, 0, 240)
2 (1, 4, 87, 133, 0, 7, 0, 104, 1, 2, 0, 180)
3 (1, 4, 37, 66, 0, 21, 0, 99, 2, 2, 0, 101)
4 (1, 4, 229, 242, 0, 0, 0, 147, 2, 2, 0, 114)
5 (1, 4, 0, 0, 0, 0, 293, 102, 3, 3, 0, 201)
6 (1, 4, 0, 0, 205, 0, 279, 170, 3, 3, 0, 159)
7 (1, 4, 0, 0, 552, 0, 0, 81, 2, 3, 0, 182)
8 (1, 4, 149, 88, 399, 53, 0, 158, 3, 3, 0, 0)
9 (1, 4, 0, 0, 34, 45, 0, 113, 3, 3, 0, 46)
10 (1, 4, 38, 0, 13, 15, 0, 96, 2, 3, 0, 211)
11 (1, 4, 0, 0, 71, 0, 19, 102, 2, 3, 0, 63)
12 (1, 4, 0, 0, 114, 0, 18, 103, 2, 3, 0, 210)
13 (1, 4, 0, 0, 143, 1, 0, 108, 2, 2, 0, 160)
14 (1, 4, 0, 0, 152, 4, 0, 120, 2, 2, 0, 255)
15 (1, 4, 0, 0, 112, 22, 0, 126, 1, 2, 0, 20)
16 (1, 4, 0, 0, 92, 33, 0, 129, 1, 2, 0, 15)
17 (1, 4, 0, 0, 60, 30, 0, 135, 1, 2, 0, 125)
18 (1, 4, 13, 0, 32, 26, 0, 132, 1, 2, 0, 188)
19 (1, 4, 29, 5, 29, 27, 0, 125, 1, 2, 0, 83)
20 (1, 4, 62, 11, 21, 23, 0, 126, 1, 2, 0, 220)
21 (1, 4, 52, 6, 20, 22, 0, 121, 1, 2, 0, 244)
22 (1, 4, 30, 4, 14, 21, 0, 122, 1, 2, 0, 153)
23 (1, 4, 26, 2, 4, 21, 0, 121, 1, 2, 0, 227)
24 (1, 4, 11, 10, 8, 24, 0, 122, 1, 2, 0, 161)
25 (1, 4, 23, 13, 8, 21, 0, 123, 1, 2, 0, 79)
26 (1, 4, 22, 24, 10, 20, 0, 124, 1, 2, 0, 108)
27 (1, 4, 30, 4, 0, 19, 0, 122, 1, 2, 0, 22)
28 (1, 4, 5, 2, 0, 18, 0, 121, 1, 2, 0, 90)
29 (1, 4, 7, 1, 0, 19, 0, 122, 1, 2, 0, 231)
30 (1, 4, 13, 5, 0, 18, 0, 124, 1, 2, 0, 130)
31 (1, 4, 9, 6, 0, 17, 0, 125, 1, 2, 0, 156)
32 (1, 4, 0, 4, 0, 22, 0, 122, 1, 2, 0, 193)
1 (1, 4, 21, 103, 0, 85, 0, 98, 2, 2, 0, 229)
2 (1, 4, 26, 109, 0, 47, 0, 36, 3, 3, 0, 236)
3 (1, 4, 246, 330, 0, 0, 0, 116, 2, 3, 0, 98)
4 (1, 4, 0, 0, 0, 0, 277, 176, 2, 2, 0, 152)
5 (1, 4, 0, 0, 263, 0, 208, 157, 2, 2, 0, 102)
6 (1, 4, 55, 0, 596, 0, 24, 38, 2, 3, 0, 67)
7 (1, 4, 0, 221, 240, 103, 0, 131, 2, 3, 0, 62)
8 (1, 4, 156, 31, 0, 67, 0, 104, 2, 3, 0, 144)
9 (1, 4, 41, 37, 0, 0, 32, 119, 2, 2, 0, 81)
10 (1, 4, 14, 0, 0, 0, 71, 122, 2, 2, 0, 46)
11 (1, 4, 0, 0, 58, 0, 24, 130, 2, 2, 0, 9)
12 (1, 4, 0, 0, 80, 13, 0, 116, 2, 2, 0, 49)
13 (1, 4, 0, 33, 87, 16, 0, 120, 2, 2, 0, 80)
14 (1, 4, 0, 7, 36, 20, 0, 120, 2, 2, 0, 152)
15 (1, 4, 0, 10, 40, 12, 0, 122, 2, 2, 0, 16)
16 (1, 4, 0, 0, 51, 7, 0, 118, 1, 2, 0, 86)
17 (1, 4, 0, 0, 89, 10, 0, 116, 1, 2, 0, 226)
18 (1, 4, 0, 0, 100, 19, 0, 108, 1, 2, 0, 60)
19 (1, 4, 0, 0, 98, 16, 0, 113, 1, 2, 0, 255)
20 (1, 4, 0, 0, 110, 17, 0, 116, 1, 2, 0, 168)
21 (1, 4, 0, 25, 104, 30, 0, 124, 1, 2, 0, 241)
22 (1, 4, 0, 43, 71, 24, 0, 129, 1, 2, 0, 39)
23 (1, 4, 0, 40, 41, 20, 0, 128, 1, 2, 0, 108)
24 (1, 4, 14, 26, 29, 18, 0, 128, 1, 2, 0, 107)
25 (1, 4, 15, 21, 4, 13, 0, 127, 1, 1, 0, 40)
26 (1, 4, 34, 4, 0, 11, 0, 124, 1, 1, 0, 7)
27 (1, 4, 53, 0, 0, 10, 0, 117, 1, 1, 0, 61)
28 (1, 4, 47, 0, 0, 9, 0, 112, 1, 1, 0, 58)
29 (1, 4, 44, 0, 0, 9, 0, 112, 1, 1, 0, 40)
30 (1, 4, 40, 0, 0, 9, 0, 111, 1, 1, 0, 58)
31 (1, 4, 34, 0, 0, 9, 0, 111, 1, 1, 0, 86)
32 (1, 4, 20, 1, 0, 10, 0, 115, 1, 1, 0, 141)
1 (1, 4, 210, 142, 0, 0, 0, 95, 1, 2, 0, 192)
2 (1, 4, 364, 55, 0, 0, 11, 135, 1, 2, 0, 188)
3 (1, 4, 12, 0, 0, 0, 308, 114, 2, 2, 0, 210)
4 (1, 4, 0, 0, 368, 0, 254, 116, 2, 2, 0, 127)
5 (1, 4, 71, 125, 560, 27, 0, 68, 2, 2, 0, 22)
6 (1, 4, 90, 144, 183, 48, 0, 166, 1, 2, 0, 195)
7 (1, 4, 8, 0, 0, 33, 0, 112, 2, 2, 0, 221)
8 (1, 4, 3, 22, 0, 13, 1, 103, 1, 2, 0, 27)
9 (1, 4, 0, 54, 37, 10, 0, 108, 1, 2, 0, 87)
10 (1, 4, 0, 35, 15, 5, 0, 116, 1, 2, 0, 168)
11 (1, 4, 0, 60, 33, 1, 0, 124, 1, 2, 0, 221)
12 (1, 4, 0, 36, 22, 5, 0, 125, 1, 2, 0, 200)
13 (1, 4, 0, 52, 35, 2, 0, 134, 1, 2, 0, 142)
14 (1, 4, 0, 16, 44, 0, 0, 136, 1, 2, 0, 215)
15 (1, 4, 0, 6, 44, 0, 0, 135, 1, 2, 0, 248)
16 (1, 4, 0, 0, 38, 3, 0, 133, 1, 1, 0, 249)
17 (1, 4, 7, 0, 42, 2, 0, 129, 1, 2, 0, 230)
18 (1, 4, 0, 0, 36, 2, 0, 128, 1, 2, 0, 222)
19 (1, 4, 20, 0, 41, 5, 0, 124, 1, 1, 0, 178)
20 (1, 4, 7, 0, 28, 5, 0, 125, 1, 1, 0, 212)
21 (1, 4, 10, 0, 21, 8, 0, 119, 1, 1, 0, 114)
22 (1, 4, 0, 2, 17, 8, 0, 120, 1, 1, 0, 212)
23 (1, 4, 5, 12, 13, 9, 0, 120, 1, 1, 0, 100)
24 (1, 4, 11, 26, 12, 8, 0, 126, 1, 1, 0, 161)
25 (1, 4, 9, 9, 0, 6, 0, 126, 1, 1, 0, 92)
26 (1, 4, 3, 2, 0, 7, 0, 127, 1, 1, 0, 155)
27 (1, 4, 15, 9, 0, 4, 0, 126, 1, 1, 0, 70)
28 (1, 4, 21, 3, 0, 1, 0, 126, 1, 1, 0, 119)
29 (1, 4, 9, 0, 0, 2, 0, 122, 1, 1, 0, 83)
30 (1, 4, 9, 0, 0, 2, 0, 120, 1, 1, 0, 234)
31 (1, 4, 4, 0, 0, 6, 0, 118, 1, 1, 0, 246)
32 (1, 4, 0, 22, 0, 5, 0, 121, 1, 1, 0, 192)
1 (1, 4, 5, 0, 99, 7, 0, 122, 1, 1, 0, 198)
2 (1, 4, 0, 0, 93, 10, 0, 107, 1, 1, 0, 43)
3 (1, 4, 0, 0, 98, 0, 0, 103, 1, 1, 0, 170)
4 (1, 4, 0, 47, 0, 25, 0, 106, 1, 1, 0, 163)
5 (1, 4, 249, 128, 0, 6, 0, 93, 1, 1, 0, 39)
6 (1, 4, 241, 131, 0, 0, 0, 63, 1, 1, 0, 144)
7 (1, 4, 416, 156, 0, 0, 8, 91, 1, 1, 0, 117)
8 (1, 4, 0, 0, 0, 0, 300, 107, 1, 1, 0, 35)
9 (1, 4, 0, 0, 295, 0, 253, 128, 1, 1, 0, 70)
10 (1, 4, 19, 77, 635, 0, 52, 65, 1, 1, 0, 236)
11 (1, 4, 0, 48, 359, 0, 0, 163, 1, 2, 0, 153)
12 (1, 4, 0, 0, 136, 14, 0, 136, 1, 1, 0, 224)
13 (1, 4, 5, 0, 6, 20, 0, 108, 1, 1, 0, 192)
14 (1, 4, 0, 0, 0, 21, 0, 100, 1, 1, 0, 114)
15 (1, 4, 2, 21, 0, 16, 0, 114, 1, 1, 0, 28)
16 (1, 4, 0, 22, 4, 6, 0, 129, 1, 1, 0, 232)
17 (1, 4, 0, 0, 0, 11, 0, 121, 1, 1, 0, 172)
18 (1, 4, 0, 2, 0, 19, 0, 124, 1, 1, 0, 100)
19 (1, 4, 0, 39, 4, 16, 0, 128, 1, 1, 0, 148)
20 (1, 4, 5, 27, 0, 15, 0, 130, 1, 1, 0, 221)
21 (1, 4, 0, 50, 0, 10, 0, 133, 1, 1, 0, 95)
22 (1, 4, 8, 44, 0, 7, 0, 125, 1, 1, 0, 134)
23 (1, 4, 22, 52, 0, 1, 0, 124, 1, 1, 0, 125)
24 (1, 4, 15, 41, 0, 0, 0, 121, 1, 1, 0, 235)
25 (1, 4, 0, 36, 0, 0, 0, 127, 1, 1, 0, 161)
26 (1, 4, 0, 31, 0, 0, 0, 128, 1, 1, 0, 45)
27 (1, 4, 0, 27, 0, 0, 0, 130, 1, 1, 0, 78)
28 (1, 4, 0, 14, 0, 0, 0, 127, 1, 1, 0, 189)
29 (1, 4, 0, 0, 9, 0, 0, 124, 1, 1, 0, 247)
30 (1, 4, 0, 0, 17, 0, 0, 121, 1, 1, 0, 158)
31 (1, 4, 0, 6, 17, 0, 0, 120, 1, 1, 0, 246)
32 (1, 4, 0, 51, 26, 0, 0, 121, 1, 1, 0, 226)
1 (1, 4, 34, 0, 47, 0, 0, 127, 1, 1, 0, 197)
2 (1, 4, 3, 0, 70, 0, 20, 94, 1, 1, 0, 57)
3 (1, 4, 0, 0, 86, 0, 6, 92, 1, 1, 0, 154)
4 (1, 4, 0, 0, 178, 0, 0, 104, 1, 1, 0, 38)
5 (1, 4, 0, 73, 0, 24, 0, 93, 1, 1, 0, 43)
6 (1, 4, 174, 111, 0, 0, 0, 88, 1, 2, 0, 192)
7 (1, 4, 288, 146, 0, 0, 0, 113, 1, 2, 0, 234)
8 (1, 4, 197, 0, 0, 0, 121, 108, 2, 2, 0, 151)
9 (1, 4, 0, 0, 0, 0, 244, 154, 2, 2, 0, 35)
10 (1, 4, 106, 0, 322, 0, 204, 101, 2, 2, 0, 133)
11 (1, 4, 35, 102, 546, 0, 59, 80, 2, 2, 0, 112)
12 (1, 4, 0, 159, 447, 0, 0, 124, 1, 2, 0, 199)
13 (1, 4, 59, 62, 253, 34, 0, 156, 2, 2, 0, 98)
14 (1, 4, 8, 0, 0, 42, 0, 103, 2, 3, 0, 175)
15 (1, 4, 0, 0, 0, 11, 8, 97, 2, 3, 0, 36)
16 (1, 4, 0, 12, 27, 0, 9, 112, 2, 3, 0, 153)
17 (1, 4, 0, 51, 25, 2, 0, 119, 2, 2, 0, 90)
18 (1, 4, 0, 28, 0, 12, 0, 112, 2, 2, 0, 215)
19 (1, 4, 0, 70, 0, 0, 0, 130, 1, 2, 0, 205)
20 (1, 4, 0, 76, 26, 0, 0, 134, 1, 2, 0, 138)
21 (1, 4, 0, 75, 86, 0, 0, 137, 1, 2, 0, 104)
22 (1, 4, 0, 7, 42, 0, 0, 136, 1, 2, 0, 197)
23 (1, 4, 0, 0, 35, 10, 0, 136, 1, 2, 0, 41)
24 (1, 4, 0, 0, 43, 15, 0, 130, 1, 2, 0, 165)
25 (1, 4, 0, 0, 22, 21, 0, 119, 1, 1, 0, 201)
26 (1, 4, 0, 4, 36, 8, 0, 126, 1, 1, 0, 228)
27 (1, 4, 0, 10, 68, 0, 0, 124, 1, 1, 0, 164)
28 (1, 4, 0, 0, 47, 0, 0, 122, 1, 1, 0, 180)
29 (1, 4, 0, 0, 27, 2, 0, 114, 1, 1, 0, 191)
30 (1, 4, 0, 0, 5, 7, 0, 112, 1, 1, 0, 215)
31 (1, 4, 3, 24, 0, 4, 0, 117, 1, 1, 0, 86)
32 (1, 4, 16, 25, 0, 1, 0, 119, 1, 1, 0, 203)
1 (1, 4, 0, 1, 105, 1, 0, 80, 1, 1, 0, 102)
2 (1, 4, 0, 96, 163, 0, 0, 82, 1, 1, 0, 173)
3 (1, 4, 0, 52, 151, 0, 0, 94, 1, 1, 0, 213)
4 (1, 4, 0, 68, 90, 0, 0, 107, 1, 1, 0, 81)
5 (1, 4, 0, 95, 0, 10, 0, 86, 1, 1, 0, 184)
6 (1, 4, 82, 152, 0, 10, 0, 69, 1, 1, 0, 248)
7 (1, 4, 149, 238, 0, 0, 0, 98, 1, 1, 0, 173)
8 (1, 4, 444, 248, 0, 0, 0, 147, 1, 1, 0, 162)
9 (1, 4, 324, 0, 0, 0, 148, 138, 0, 1, 0, 45)
10 (1, 4, 0, 0, 0, 0, 258, 148, 0, 1, 0, 216)
11 (1, 4, 206, 0, 605, 0, 74, 105, 0, 1, 0, 109)
12 (1, 4, 0, 0, 622, 0, 0, 99, 0, 1, 0, 229)
13 (1, 4, 35, 31, 348, 42, 0, 107, 0, 1, 0, 108)
14 (1, 4, 21, 0, 14, 59, 0, 84, 0, 1, 0, 42)
15 (1, 4, 0, 0, 0, 45, 0, 74, 1, 1, 0, 19)
16 (1, 4, 0, 45, 0, 19, 0, 88, 1, 1, 0, 195)
17 (1, 4, 0, 70, 0, 7, 0, 102, 1, 1, 0, 54)
18 (1, 4, 0, 88, 0, 0, 0, 113, 0, 1, 0, 172)
19 (1, 4, 0, 59, 0, 0, 0, 123, 0, 1, 0, 102)
20 (1, 4, 0, 34, 10, 2, 0, 128, 0, 1, 0, 157)
21 (1, 4, 0, 38, 31, 0, 0, 134, 0, 1, 0, 0)
22 (1, 4, 0, 0, 46, 0, 0, 127, 0, 1, 0, 232)
23 (1, 4, 0, 0, 28, 6, 0, 120, 0, 1, 0, 23)
24 (1, 4, 0, 0, 24, 8, 0, 112, 0, 1, 0, 25)
25 (1, 4, 0, 0, 34, 10, 0, 100, 0, 1, 0, 147)
26 (1, 4, 0, 0, 17, 9, 0, 101, 0, 1, 0, 87)
27 (1, 4, 0, 0, 0, 9, 0, 99, 0, 1, 0, 112)
28 (1, 4, 0, 0, 0, 9, 0, 96, 0, 1, 0, 22)
29 (1, 4, 0, 0, 0, 9, 0, 96, 0, 1, 0, 22)
30 (1, 4, 32, 42, 21, 8, 0, 101, 0, 1, 0, 205)
31 (1, 4, 44, 44, 11, 6, 0, 104, 0, 1, 0, 122)
32 (1, 4, 24, 20, 0, 3, 0, 101, 0, 1, 0, 81)
1 (1, 4, 84, 0, 0, 24, 0, 162, 0, 1, 0, 217)
2 (1, 4, 82, 0, 0, 33, 0, 154, 0, 1, 0, 156)
3 (1, 4, 184, 0, 0, 35, 0, 129, 0, 1, 0, 202)
4 (1, 4, 20, 0, 35, 28, 0, 104, 0, 1, 0, 245)
5 (1, 4, 0, 3, 123, 16, 0, 96, 0, 1, 0, 163)
6 (1, 4, 0, 0, 95, 0, 0, 75, 0, 1, 0, 1)
7 (1, 4, 0, 0, 111, 0, 0, 66, 0, 1, 0, 181)
8 (1, 4, 169, 107, 0, 42, 0, 73, 0, 1, 0, 204)
9 (1, 4, 214, 132, 0, 0, 0, 64, 1, 1, 0, 177)
10 (1, 4, 379, 93, 0, 0, 0, 83, 1, 1, 0, 119)
11 (1, 4, 391, 28, 0, 0, 47, 97, 0, 1, 0, 191)
12 (1, 4, 17, 0, 0, 0, 216, 79, 0, 1, 0, 45)
13 (1, 4, 0, 0, 0, 0, 175, 103, 0, 0, 0, 25)
14 (1, 4, 37, 108, 265, 0, 93, 74, 0, 1, 0, 107)
15 (1, 4, 15, 177, 261, 9, 0, 135, 0, 1, 0, 177)
16 (1, 4, 0, 47, 139, 12, 0, 119, 0, 1, 0, 48)
17 (1, 4, 0, 42, 149, 17, 0, 132, 0, 1, 0, 90)
18 (1, 4, 0, 0, 106, 14, 0, 115, 0, 1, 0, 104)
19 (1, 4, 0, 0, 84, 17, 0, 126, 0, 1, 0, 54)
20 (1, 4, 0, 2, 116, 13, 3, 103, 0, 1, 0, 187)
21 (1, 4, 0, 43, 134, 3, 2, 100, 0, 1, 0, 126)
22 (1, 4, 0, 82, 153, 0, 0, 101, 0, 1, 0, 114)
23 (1, 4, 0, 117, 169, 0, 0, 116, 0, 1, 0, 63)
24 (1, 4, 0, 20, 55, 0, 0, 136, 0, 1, 0, 170)
25 (1, 4, 0, 0, 45, 0, 0, 131, 0, 1, 0, 113)
26 (1, 4, 0, 0, 123, 0, 0, 132, 0, 1, 0, 151)
27 (1, 4, 0, 0, 155, 11, 0, 118, 0, 1, 0, 190)
28 (1, 4, 0, 0, 142, 9, 0, 111, 0, 1, 0, 211)
29 (1, 4, 0, 0, 132, 10, 0, 99, 0, 1, 0, 254)
30 (1, 4, 0, 0, 149, 11, 0, 114, 0, 1, 0, 6)
31 (1, 4, 0, 35, 179, 10, 0, 124, 0, 1, 0, 170)
32 (1, 4, 0, 13, 145, 10, 0, 133, 0, 1, 0, 53)
1 (1, 4, 2, 0, 0, 13, 0, 108, 0, 1, 0, 233)
2 (1, 4, 22, 13, 12, 11, 0, 106, 0, 1, 0, 129)
3 (1, 4, 24, 15, 0, 17, 0, 104, 0, 1, 0, 210)
4 (1, 4, 0, 27, 0, 13, 0, 109, 0, 1, 0, 32)
5 (1, 4, 0, 42, 0, 11, 0, 114, 0, 1, 0, 94)
6 (1, 4, 0, 36, 0, 13, 0, 121, 0, 1, 0, 148)
7 (1, 4, 0, 10, 0, 9, 0, 123, 0, 1, 0, 151)
8 (1, 4, 0, 22, 0, 9, 0, 125, 0, 1, 0, 83)
9 (1, 4, 0, 0, 9, 12, 0, 115, 0, 1, 0, 232)
10 (1, 4, 0, 0, 0, 40, 0, 113, 0, 1, 0, 236)
11 (1, 4, 47, 30, 0, 47, 0, 82, 1, 1, 0, 236)
12 (1, 4, 113, 187, 0, 4, 0, 75, 1, 1, 0, 171)
13 (1, 4, 447, 178, 0, 0, 55, 131, 2, 2, 0, 197)
14 (1, 4, 0, 0, 0, 0, 358, 162, 3, 3, 0, 226)
15 (1, 4, 171, 0, 483, 0, 197, 141, 3, 3, 0, 185)
16 (1, 4, 0, 115, 566, 0, 22, 66, 3, 3, 0, 191)
17 (1, 4, 39, 153, 320, 14, 0, 160, 2, 3, 0, 187)
18 (1, 4, 0, 0, 0, 45, 0, 116, 2, 3, 0, 55)
19 (1, 4, 37, 0, 0, 35, 0, 86, 2, 3, 0, 100)
20 (1, 4, 39, 32, 0, 7, 0, 110, 2, 3, 0, 183)
21 (1, 4, 0, 16, 0, 2, 0, 112, 2, 2, 0, 4)
22 (1, 4, 0, 4, 0, 0, 0, 103, 2, 2, 0, 65)
23 (1, 4, 0, 0, 0, 6, 0, 93, 1, 2, 0, 94)
24 (1, 4, 0, 1, 0, 12, 0, 103, 1, 1, 0, 177)
25 (1, 4, 0, 0, 0, 24, 0, 112, 1, 1, 0, 79)
26 (1, 4, 0, 7, 0, 16, 0, 123, 1, 1, 0, 57)
27 (1, 4, 0, 0, 34, 8, 0, 140, 1, 1, 0, 75)
28 (1, 4, 0, 0, 63, 4, 0, 131, 1, 1, 0, 63)
29 (1, 4, 0, 0, 143, 17, 0, 115, 1, 1, 0, 102)
30 (1, 4, 0, 0, 124, 22, 0, 114, 1, 1, 0, 212) [FRAGMENTED]
31 (1, 4, 33, 45, 85, 15, 0, 69, 1, 1, 0, 164)
32 (1, 4, 0, 38, 65, 20, 0, 79, 1, 1, 0, 90)
1 (1, 4, 0, 119, 62, 15, 0, 96, 1, 1, 0, 88)
2 (1, 4, 0, 120, 7, 15, 0, 89, 1, 1, 0, 7)
3 (1, 4, 0, 120, 0, 29, 0, 106, 1, 1, 0, 63)
4 (1, 4, 33, 149, 0, 13, 0, 123, 1, 1, 0, 145)
5 (1, 4, 155, 167, 0, 0, 0, 136, 1, 1, 0, 65)
6 (1, 4, 434, 0, 0, 0, 74, 129, 1, 1, 0, 39)
7 (1, 4, 0, 0, 0, 0, 227, 133, 1, 1, 0, 255)
8 (1, 4, 63, 0, 97, 0, 168, 136, 1, 1, 0, 3)
9 (1, 4, 122, 150, 349, 0, 91, 99, 1, 1, 0, 154)
10 (1, 4, 13, 177, 441, 0, 64, 92, 1, 1, 0, 48)
11 (1, 4, 0, 35, 455, 0, 0, 155, 1, 1, 0, 10)
12 (1, 4, 0, 0, 214, 17, 0, 117, 1, 1, 0, 6)
13 (1, 4, 0, 0, 0, 50, 0, 102, 1, 1, 0, 127)
14 (1, 4, 0, 0, 0, 48, 0, 89, 1, 1, 0, 202)
15 (1, 4, 0, 3, 0, 29, 0, 95, 1, 1, 0, 172)
16 (1, 4, 0, 15, 0, 28, 0, 96, 1, 1, 0, 81)
17 (1, 4, 0, 22, 0, 14, 0, 111, 1, 1, 0, 6)
18 (1, 4, 0, 0, 0, 23, 3, 118, 1, 1, 0, 173)
19 (1, 4, 0, 36, 100, 38, 0, 123, 1, 1, 0, 36)
20 (1, 4, 0, 35, 91, 34, 0, 131, 1, 1, 0, 213)
21 (1, 4, 0, 32, 60, 36, 0, 130, 1, 1, 0, 112)
22 (1, 4, 0, 0, 48, 34, 0, 123, 1, 1, 0, 154)
23 (1, 4, 0, 0, 40, 40, 0, 106, 1, 1, 0, 147)
24 (1, 4, 0, 0, 23, 41, 0, 104, 1, 1, 0, 237)
25 (1, 4, 0, 8, 46, 38, 0, 107, 1, 1, 0, 52)
26 (1, 4, 0, 28, 35, 34, 0, 104, 1, 1, 0, 227)
27 (1, 4, 13, 44, 25, 31, 0, 102, 1, 1, 0, 183)
28 (1, 4, 18, 47, 6, 30, 0, 98, 1, 1, 0, 153)
29 (1, 4, 10, 50, 0, 27, 0, 100, 1, 1, 0, 106)
30 (1, 4, 16, 52, 0, 24, 0, 101, 1, 1, 0, 175)
31 (1, 4, 0, 210, 0, 0, 0, 66, 2, 3, 0, 117)
32 (1, 4, 254, 327, 0, 0, 30, 142, 2, 3, 0, 117)
1 (1, 4, 0, 0, 0, 0, 238, 166, 2, 3, 0, 19)
2 (1, 4, 0, 0, 77, 0, 163, 177, 1, 2, 0, 210)
3 (1, 4, 249, 119, 426, 0, 85, 100, 1, 2, 0, 120)
4 (1, 4, 0, 43, 418, 0, 5, 68, 1, 2, 0, 180)
5 (1, 4, 76, 207, 330, 49, 0, 165, 1, 2, 0, 141)
6 (1, 4, 0, 0, 0, 41, 0, 115, 1, 2, 0, 149)
7 (1, 4, 10, 0, 0, 34, 0, 77, 1, 2, 0, 116)
8 (1, 4, 0, 30, 0, 12, 0, 104, 1, 1, 0, 152)
9 (1, 4, 0, 11, 0, 16, 0, 107, 1, 1, 0, 131)
10 (1, 4, 0, 6, 0, 12, 0, 113, 1, 2, 0, 17)
11 (1, 4, 0, 5, 0, 5, 0, 116, 1, 2, 0, 132)
12 (1, 4, 0, 0, 0, 4, 0, 114, 1, 1, 0, 133)
13 (1, 4, 0, 0, 48, 4, 0, 119, 1, 1, 0, 174)
14 (1, 4, 0, 0, 21, 2, 0, 142, 1, 1, 0, 80)
15 (1, 4, 0, 0, 120, 33, 0, 117, 1, 1, 0, 218)
16 (1, 4, 0, 0, 92, 62, 0, 87, 1, 1, 0, 48)
17 (1, 4, 134, 0, 76, 65, 0, 68, 1, 1, 0, 165)
18 (1, 4, 154, 52, 67, 56, 0, 67, 1, 1, 0, 18)
19 (1, 4, 122, 70, 17, 39, 0, 68, 1, 1, 0, 238)
20 (1, 4, 34, 52, 0, 31, 0, 71, 1, 1, 0, 209)
21 (1, 4, 32, 54, 0, 24, 0, 77, 1, 1, 0, 174)
22 (1, 4, 27, 48, 0, 19, 0, 82, 1, 1, 0, 175)
23 (1, 4, 0, 40, 0, 14, 0, 90, 1, 1, 0, 121)
24 (1, 4, 0, 6, 0, 14, 0, 95, 1, 1, 0, 21)
25 (1, 4, 0, 8, 4, 18, 0, 96, 1, 1, 0, 183)
26 (1, 4, 2, 23, 5, 20, 0, 99, 1, 1, 0, 203)
27 (1, 4, 0, 29, 0, 23, 0, 99, 1, 1, 0, 226)
28 (1, 4, 17, 36, 0, 21, 0, 100, 1, 1, 0, 132)
29 (1, 4, 30, 30, 0, 19, 0, 96, 1, 1, 0, 148)
30 (1, 4, 41, 36, 0, 15, 0, 95, 1, 1, 0, 28)
31 (1, 4, 0, 16, 0, 17, 0, 98, 1, 1, 0, 163)
32 (1, 4, 7, 16, 0, 13, 0, 100, 1, 1, 0, 54)
1 (1, 4, 0, 21, 0, 14, 0, 99, 1, 1, 0, 65)
2 (1, 4, 15, 7, 0, 17, 0, 98, 1, 1, 0, 154)
3 (1, 4, 10, 20, 0, 25, 0, 104, 1, 1, 0, 190)
4 (1, 4, 37, 36, 0, 29, 0, 135, 1, 1, 0, 107)
5 (1, 4, 98, 19, 0, 36, 0, 173, 1, 1, 0, 98)
6 (1, 4, 320, 0, 0, 30, 0, 159, 1, 1, 0, 17)
7 (1, 4, 348, 0, 0, 19, 0, 131, 1, 1, 0, 110)
8 (1, 4, 253, 0, 60, 12, 17, 87, 1, 1, 0, 20)
9 (1, 4, 127, 19, 187, 10, 22, 62, 1, 1, 0, 75)
10 (1, 4, 0, 34, 265, 0, 0, 60, 1, 1, 0, 64)
11 (1, 4, 0, 0, 154, 9, 0, 81, 1, 1, 0, 196)
12 (1, 4, 119, 250, 0, 47, 0, 87, 3, 3, 0, 215)
13 (1, 4, 30, 98, 0, 29, 0, 58, 3, 3, 0, 176)
14 (1, 4, 140, 224, 0, 0, 0, 100, 3, 3, 0, 233)
15 (1, 4, 59, 9, 0, 0, 236, 175, 2, 3, 0, 151)
16 (1, 4, 0, 0, 0, 0, 231, 188, 2, 3, 0, 43)
17 (1, 4, 194, 28, 457, 0, 95, 98, 2, 2, 0, 240)
18 (1, 4, 0, 81, 392, 0, 0, 75, 2, 2, 0, 226)
19 (1, 4, 0, 204, 272, 31, 0, 182, 2, 2, 0, 195)
20 (1, 4, 25, 0, 0, 59, 0, 101, 2, 2, 0, 123)
21 (1, 4, 33, 0, 0, 21, 0, 77, 2, 2, 0, 52)
22 (1, 4, 0, 17, 0, 0, 21, 103, 2, 2, 0, 80)
23 (1, 4, 0, 44, 0, 0, 0, 122, 2, 2, 0, 163)
24 (1, 4, 0, 12, 5, 0, 0, 123, 1, 2, 0, 210)
25 (1, 4, 0, 0, 0, 7, 0, 116, 1, 2, 0, 213)
26 (1, 4, 0, 18, 0, 4, 0, 129, 1, 2, 0, 239)
27 (1, 4, 0, 0, 0, 6, 0, 123, 1, 1, 0, 142)
28 (1, 4, 0, 0, 4, 9, 0, 124, 1, 1, 0, 102)
29 (1, 4, 0, 0, 23, 19, 0, 129, 1, 1, 0, 110)
30 (1, 4, 0, 0, 66, 19, 0, 129, 1, 1, 0, 32)
31 (1, 4, 152, 63, 240, 5, 0, 93, 1, 1, 0, 222)
32 (1, 4, 96, 119, 325, 0, 0, 68, 1, 1, 0, 71)
1 (1, 4, 0, 36, 235, 0, 0, 83, 1, 1, 0, 108)
2 (1, 4, 0, 32, 220, 0, 0, 105, 1, 1, 0, 243)
3 (1, 4, 0, 62, 130, 0, 0, 119, 1, 1, 0, 42)
4 (1, 4, 0, 12, 0, 0, 0, 143, 1, 1, 0, 109)
5 (1, 4, 11, 0, 0, 0, 0, 91, 1, 1, 0, 15)
6 (1, 4, 240, 14, 0, 0, 0, 25, 1, 2, 0, 147)
7 (1, 4, 322, 142, 0, 0, 4, 93, 1, 2, 0, 109)
8 (1, 4, 45, 0, 0, 0, 226, 131, 1, 2, 0, 118)
9 (1, 4, 0, 0, 0, 0, 285, 195, 1, 2, 0, 174)
10 (1, 4, 178, 33, 565, 0, 153, 99, 1, 1, 0, 84)
11 (1, 4, 0, 43, 569, 0, 0, 77, 1, 1, 0, 200)
12 (1, 4, 0, 77, 260, 34, 0, 136, 1, 1, 0, 156)
13 (1, 4, 0, 0, 17, 47, 0, 105, 1, 2, 0, 188)
14 (1, 4, 15, 0, 0, 33, 0, 86, 1, 2, 0, 60)
15 (1, 4, 0, 67, 0, 20, 0, 106, 1, 1, 0, 16)
16 (1, 4, 0, 74, 0, 7, 0, 116, 1, 1, 0, 53)
17 (1, 4, 0, 28, 0, 1, 0, 118, 1, 1, 0, 155)
18 (1, 4, 0, 20, 0, 12, 0, 113, 1, 1, 0, 160)
19 (1, 4, 0, 45, 0, 12, 0, 122, 1, 1, 0, 137)
20 (1, 4, 0, 48, 0, 8, 0, 125, 1, 1, 0, 91)
21 (1, 4, 0, 20, 0, 5, 0, 131, 1, 1, 0, 67)
22 (1, 4, 0, 0, 1, 11, 0, 131, 1, 1, 0, 214)
23 (1, 4, 0, 0, 15, 11, 0, 126, 1, 1, 0, 230)
24 (1, 4, 0, 0, 13, 10, 0, 116, 1, 1, 0, 133)
25 (1, 4, 0, 0, 26, 11, 0, 103, 1, 1, 0, 181)
26 (1, 4, 0, 0, 43, 21, 0, 100, 1, 1, 0, 139)
27 (1, 4, 0, 0, 0, 23, 0, 99, 1, 1, 0, 95)
28 (1, 4, 0, 17, 0, 24, 0, 99, 1, 1, 0, 46)
29 (1, 4, 36, 63, 0, 17, 0, 102, 1, 1, 0, 90)
30 (1, 4, 45, 64, 0, 12, 0, 101, 1, 1, 0, 191)
31 (1, 4, 99, 47, 0, 12, 0, 129, 1, 1, 0, 137)
32 (1, 4, 52, 25, 0, 7, 0, 128, 1, 1, 0, 216)
1 (1, 4, 70, 22, 0, 7, 4, 124, 1, 1, 0, 26)
2 (1, 4, 35, 4, 0, 7, 2, 126, 1, 1, 0, 198)
3 (1, 4, 42, 1, 0, 9, 6, 125, 1, 1, 0, 232)
4 (1, 4, 70, 6, 0, 8, 8, 125, 1, 1, 0, 35)
5 (1, 4, 51, 12, 0, 8, 22, 117, 1, 1, 0, 218)
6 (1, 4, 43, 0, 0, 6, 30, 122, 1, 1, 0, 161)
7 (1, 4, 6, 2, 0, 3, 54, 123, 1, 1, 0, 61)
8 (1, 4, 0, 0, 47, 7, 70, 118, 1, 1, 0, 125)
9 (1, 4, 0, 0, 134, 12, 72, 93, 1, 1, 0, 126)
10 (1, 4, 0, 11, 196, 10, 0, 85, 1, 1, 0, 178)
11 (1, 4, 0, 98, 0, 54, 0, 129, 1, 2, 0, 239)
12 (1, 4, 198, 17, 0, 58, 0, 96, 3, 2, 0, 94)
13 (1, 4, 196, 126, 0, 0, 0, 116, 3, 3, 0, 167)
14 (1, 4, 11, 0, 0, 0, 181, 152, 2, 3, 0, 240)
15 (1, 4, 0, 0, 212, 0, 271, 129, 3, 3, 0, 161)
16 (1, 4, 0, 78, 575, 0, 72, 64, 3, 3, 0, 30)
17 (1, 4, 0, 145, 439, 14, 0, 134, 2, 3, 0, 230)
18 (1, 4, 17, 0, 44, 67, 0, 112, 2, 3, 0, 54)
19 (1, 4, 99, 84, 12, 24, 0, 95, 2, 3, 0, 225)
20 (1, 4, 0, 19, 0, 6, 0, 107, 2, 3, 0, 148)
21 (1, 4, 21, 32, 6, 0, 0, 130, 2, 2, 0, 58)
22 (1, 4, 0, 0, 12, 0, 0, 144, 2, 2, 0, 215)
23 (1, 4, 0, 0, 0, 16, 0, 116, 1, 2, 0, 127)
24 (1, 4, 0, 0, 0, 19, 0, 117, 1, 2, 0, 129)
25 (1, 4, 50, 13, 0, 12, 0, 113, 1, 2, 0, 65)
26 (1, 4, 0, 3, 0, 9, 18, 122, 1, 1, 0, 91)
27 (1, 4, 0, 33, 0, 8, 18, 132, 1, 1, 0, 112)
28 (1, 4, 0, 35, 0, 6, 10, 130, 1, 1, 0, 47)
29 (1, 4, 0, 37, 8, 5, 0, 135, 1, 2, 0, 33)
30 (1, 4, 0, 26, 37, 6, 0, 135, 1, 1, 0, 39)
31 (1, 4, 2, 0, 131, 13, 7, 124, 1, 1, 0, 122)
32 (1, 4, 0, 13, 177, 12, 0, 120, 1, 1, 0, 22)
1 (1, 4, 16, 16, 191, 6, 0, 109, 1, 1, 0, 57)
2 (1, 4, 0, 11, 188, 1, 0, 111, 1, 1, 0, 140)
3 (1, 4, 0, 0, 135, 8, 0, 100, 1, 1, 0, 10)
4 (1, 4, 0, 73, 0, 20, 0, 113, 1, 1, 0, 145)
5 (1, 4, 17, 0, 0, 12, 0, 103, 2, 2, 0, 241)
6 (1, 4, 165, 25, 0, 0, 0, 45, 2, 2, 0, 14)
7 (1, 4, 385, 157, 0, 0, 0, 103, 2, 2, 0, 62)
8 (1, 4, 2, 0, 0, 0, 263, 135, 2, 2, 0, 146)
9 (1, 4, 0, 0, 0, 0, 244, 169, 2, 2, 0, 55)
10 (1, 4, 117, 39, 445, 0, 138, 86, 2, 2, 0, 50)
11 (1, 4, 5, 241, 593, 0, 41, 76, 2, 2, 0, 11)
12 (1, 4, 0, 51, 402, 0, 0, 136, 2, 2, 0, 139)
13 (1, 4, 90, 3, 187, 34, 0, 136, 2, 2, 0, 113)
14 (1, 4, 0, 0, 0, 48, 0, 100, 2, 2, 0, 227)
15 (1, 4, 18, 6, 0, 21, 0, 102, 2, 2, 0, 155)
16 (1, 4, 0, 13, 0, 19, 0, 105, 2, 2, 0, 183)
17 (1, 4, 0, 38, 0, 11, 0, 122, 1, 2, 0, 2)
18 (1, 4, 0, 16, 0, 9, 0, 122, 1, 2, 0, 40)
19 (1, 4, 0, 38, 0, 9, 0, 125, 1, 2, 0, 47)
20 (1, 4, 0, 12, 0, 17, 0, 128, 1, 2, 0, 193)
21 (1, 4, 0, 31, 0, 9, 0, 129, 1, 1, 0, 21)
22 (1, 4, 0, 2, 0, 11, 0, 132, 1, 1, 0, 60)
23 (1, 4, 0, 9, 0, 18, 0, 130, 1, 1, 0, 139)
24 (1, 4, 0, 8, 0, 14, 0, 127, 1, 1, 0, 176)
25 (1, 4, 0, 15, 0, 14, 0, 130, 1, 1, 0, 79)
26 (1, 4, 0, 10, 6, 13, 0, 127, 1, 1, 0, 141)
27 (1, 4, 0, 6, 0, 15, 0, 120, 1, 1, 0, 184)
28 (1, 4, 0, 13, 2, 15, 0, 120, 1, 1, 0, 252) [FRAGMENTED]
29 (1, 4, 0, 6, 0, 14, 0, 119, 1, 1, 0, 94)
30 (1, 4, 0, 6, 0, 15, 0, 119, 1, 1, 0, 65)
31 (1, 4, 96, 39, 10, 0, 0, 159, 1, 1, 0, 202)
32 (1, 4, 89, 2, 49, 0, 28, 147, 1, 1, 0, 128)
1 (1, 4, 0, 0, 116, 0, 17, 131, 1, 1, 0, 67)
2 (1, 4, 11, 0, 223, 5, 0, 99, 1, 1, 0, 216)
3 (1, 4, 0, 0, 213, 38, 0, 75, 1, 1, 0, 170)
4 (1, 4, 287, 309, 0, 53, 0, 119, 1, 1, 0, 191)
5 (1, 4, 124, 0, 0, 3, 0, 79, 2, 2, 0, 23)
6 (1, 4, 291, 42, 0, 0, 0, 113, 2, 2, 0, 79)
7 (1, 4, 0, 0, 0, 0, 232, 108, 2, 2, 0, 245)
8 (1, 4, 69, 0, 63, 0, 244, 158, 2, 2, 0, 49)
9 (1, 4, 109, 54, 498, 0, 122, 93, 2, 2, 0, 254)
10 (1, 4, 0, 185, 567, 0, 42, 58, 2, 2, 0, 9)
11 (1, 4, 0, 167, 490, 0, 0, 152, 1, 2, 0, 130)
12 (1, 4, 0, 0, 96, 29, 0, 129, 2, 2, 0, 80)
13 (1, 4, 27, 0, 0, 45, 0, 109, 2, 2, 0, 56)
14 (1, 4, 0, 0, 0, 13, 0, 112, 2, 2, 0, 192)
15 (1, 4, 11, 20, 0, 0, 0, 122, 1, 2, 0, 119)
16 (1, 4, 0, 30, 0, 0, 0, 129, 1, 2, 0, 250)
17 (1, 4, 0, 0, 0, 0, 0, 124, 1, 1, 0, 223)
18 (1, 4, 0, 0, 0, 13, 0, 119, 1, 1, 0, 200)
19 (1, 4, 0, 27, 0, 8, 0, 124, 1, 1, 0, 45)
20 (1, 4, 0, 36, 0, 10, 0, 128, 1, 1, 0, 35)
21 (1, 4, 0, 0, 0, 12, 0, 134, 1, 1, 0, 181)
22 (1, 4, 0, 0, 0, 17, 0, 126, 1, 1, 0, 142)
23 (1, 4, 0, 17, 0, 16, 0, 128, 1, 1, 0, 222)
24 (1, 4, 0, 19, 0, 12, 0, 127, 1, 1, 0, 132)
25 (1, 4, 5, 25, 0, 12, 0, 122, 1, 1, 0, 198)
26 (1, 4, 0, 28, 0, 8, 0, 122, 1, 1, 0, 227)
27 (1, 4, 0, 19, 0, 7, 0, 121, 1, 1, 0, 145)
28 (1, 4, 0, 9, 0, 8, 0, 120, 1, 1, 0, 84)
29 (1, 4, 31, 0, 106, 8, 2, 142, 1, 1, 0, 253)
30 (1, 4, 0, 0, 168, 10, 0, 128, 1, 1, 0, 136)
31 (1, 4, 52, 69, 267, 0, 0, 104, 1, 1, 0, 208)
32 (1, 4, 0, 0, 214, 0, 0, 100, 1, 1, 0, 226)
1 (1, 4, 0, 0, 170, 0, 0, 93, 1, 1, 0, 61)
2 (1, 4, 13, 10, 0, 5, 0, 85, 2, 2, 0, 171)
3 (1, 4, 60, 0, 0, 6, 0, 50, 3, 2, 0, 232)
4 (1, 4, 100, 96, 0, 0, 0, 55, 3, 3, 0, 51)
5 (1, 4, 307, 120, 0, 0, 0, 102, 3, 3, 0, 233)
6 (1, 4, 153, 0, 0, 0, 151, 141, 3, 3, 0, 253)
7 (1, 4, 0, 0, 0, 0, 259, 196, 3, 3, 0, 71)
8 (1, 4, 175, 0, 453, 0, 227, 130, 3, 3, 0, 235)
9 (1, 4, 109, 153, 719, 0, 53, 69, 3, 3, 0, 31)
10 (1, 4, 0, 62, 373, 0, 0, 121, 3, 3, 0, 45)
11 (1, 4, 118, 125, 218, 0, 0, 154, 2, 3, 0, 157)
12 (1, 4, 6, 0, 0, 34, 0, 104, 3, 3, 0, 152)
13 (1, 4, 13, 0, 0, 21, 0, 98, 2, 3, 0, 136)
14 (1, 4, 0, 4, 0, 14, 0, 116, 2, 2, 0, 78)
15 (1, 4, 0, 25, 0, 6, 0, 120, 2, 2, 0, 148)
16 (1, 4, 0, 30, 0, 6, 0, 120, 1, 2, 0, 48)
17 (1, 4, 0, 43, 0, 8, 0, 125, 1, 2, 0, 236)
18 (1, 4, 0, 42, 0, 1, 0, 128, 1, 2, 0, 67)
19 (1, 4, 0, 40, 0, 7, 0, 133, 1, 2, 0, 198)
20 (1, 4, 0, 33, 0, 8, 0, 130, 1, 1, 0, 203)
21 (1, 4, 0, 33, 0, 5, 0, 131, 1, 1, 0, 143)
22 (1, 4, 0, 31, 0, 6, 0, 129, 1, 1, 0, 176)
23 (1, 4, 0, 14, 0, 3, 0, 131, 1, 1, 0, 190)
24 (1, 4, 0, 6, 0, 3, 0, 126, 1, 1, 0, 240)
25 (1, 4, 0, 2, 0, 5, 0, 121, 1, 1, 0, 123)
26 (1, 4, 0, 25, 0, 3, 0, 118, 1, 2, 0, 119)
27 (1, 4, 0, 28, 7, 1, 0, 122, 1, 1, 0, 225)
28 (1, 4, 0, 19, 0, 0, 0, 124, 1, 1, 0, 102)
29 (1, 4, 0, 0, 93, 4, 0, 115, 1, 1, 0, 168)
30 (1, 4, 44, 99, 58, 32, 0, 114, 1, 1, 0, 20)
31 (1, 4, 107, 0, 0, 32, 0, 73, 1, 1, 0, 194)
32 (1, 4, 217, 154, 0, 0, 0, 53, 2, 2, 0, 8)
1 (1, 4, 48, 0, 0, 0, 143, 116, 1, 2, 0, 50)
2 (1, 4, 0, 0, 0, 0, 254, 202, 1, 2, 0, 32)
3 (1, 4, 255, 0, 327, 0, 178, 150, 1, 1, 0, 14)
4 (1, 4, 133, 220, 511, 0, 65, 114, 1, 1, 0, 188)
5 (1, 4, 0, 186, 411, 0, 0, 83, 1, 1, 0, 47)
6 (1, 4, 0, 102, 379, 0, 0, 136, 1, 1, 0, 193)
7 (1, 4, 53, 0, 128, 24, 0, 93, 1, 1, 0, 78)
8 (1, 4, 0, 4, 12, 13, 0, 122, 1, 1, 0, 176)
9 (1, 4, 0, 0, 0, 0, 0, 119, 1, 1, 0, 83)
10 (1, 4, 0, 0, 0, 2, 0, 131, 1, 1, 0, 165)
11 (1, 4, 0, 5, 0, 0, 0, 137, 1, 1, 0, 167)
12 (1, 4, 0, 10, 0, 0, 0, 134, 1, 1, 0, 239)
13 (1, 4, 0, 17, 0, 0, 0, 130, 1, 1, 0, 144)
14 (1, 4, 0, 8, 0, 0, 0, 128, 1, 1, 0, 78)
15 (1, 4, 0, 0, 0, 0, 0, 127, 1, 1, 0, 185)
16 (1, 4, 0, 2, 0, 0, 0, 125, 1, 1, 0, 109)
17 (1, 4, 0, 0, 0, 0, 0, 123, 1, 1, 0, 204)
18 (1, 4, 0, 1, 0, 0, 0, 125, 1, 1, 0, 181)
19 (1, 4, 6, 11, 0, 0, 0, 125, 1, 1, 0, 79)
20 (1, 4, 0, 9, 0, 0, 0, 125, 1, 1, 0, 6)
21 (1, 4, 0, 5, 0, 0, 0, 126, 1, 1, 0, 9)
22 (1, 4, 0, 5, 0, 0, 0, 124, 1, 1, 0, 176)
23 (1, 4, 0, 3, 0, 0, 0, 126, 1, 1, 0, 190)
24 (1, 4, 0, 3, 0, 0, 0, 126, 1, 1, 0, 190)
25 (1, 4, 0, 0, 0, 0, 0, 124, 1, 1, 0, 223)
26 (1, 4, 1, 8, 0, 0, 0, 125, 1, 1, 0, 189)
27 (1, 4, 0, 5, 0, 0, 0, 125, 1, 1, 0, 111)
28 (1, 4, 2, 9, 0, 0, 0, 124, 1, 1, 0, 197)
29 (1, 4, 1, 10, 0, 12, 0, 193, 4, 4, 0, 30)
30 (1, 4, 85, 0, 0, 0, 0, 160, 4, 4, 0, 46)
31 (1, 4, 77, 0, 0, 0, 192, 127, 4, 4, 0, 117)
32 (1, 4, 29, 0, 89, 0, 241, 89, 4, 4, 0, 44)
1 (1, 4, 123, 221, 552, 0, 146, 102, 4, 4, 0, 58)
2 (1, 4, 0, 203, 566, 0, 0, 171, 4, 4, 0, 94)
3 (1, 4, 0, 0, 217, 41, 0, 169, 3, 4, 0, 62)
4 (1, 4, 45, 0, 30, 76, 0, 82, 3, 4, 0, 62)
5 (1, 4, 34, 15, 0, 35, 0, 84, 3, 4, 0, 50)
6 (1, 4, 0, 36, 0, 9, 0, 117, 3, 4, 0, 17)
7 (1, 4, 15, 0, 0, 17, 0, 120, 3, 3, 0, 10)
8 (1, 4, 179, 87, 76, 8, 0, 120, 2, 3, 0, 251)
9 (1, 4, 0, 5, 0, 25, 0, 118, 2, 2, 0, 232)
10 (1, 4, 0, 27, 0, 24, 0, 128, 1, 2, 0, 69)
11 (1, 4, 0, 27, 0, 15, 0, 125, 1, 1, 0, 175)
12 (1, 4, 0, 39, 0, 13, 0, 128, 1, 1, 0, 166)
13 (1, 4, 0, 51, 0, 10, 0, 129, 1, 1, 0, 159)
14 (1, 4, 0, 33, 10, 10, 0, 132, 1, 1, 0, 170)
15 (1, 4, 0, 3, 0, 12, 0, 129, 1, 1, 0, 126)
16 (1, 4, 0, 14, 10, 12, 0, 132, 1, 1, 0, 155)
17 (1, 4, 0, 8, 0, 13, 0, 127, 1, 1, 0, 145)
18 (1, 4, 0, 34, 0, 9, 0, 128, 1, 1, 0, 181)
19 (1, 4, 0, 22, 0, 5, 0, 127, 1, 1, 0, 12)
20 (1, 4, 0, 0, 0, 7, 0, 123, 1, 1, 0, 145)
21 (1, 4, 5, 7, 1, 10, 0, 121, 1, 1, 0, 19)
22 (1, 4, 0, 14, 0, 10, 0, 120, 1, 1, 0, 104)
23 (1, 4, 4, 17, 0, 8, 0, 121, 1, 1, 0, 97)
24 (1, 4, 1, 16, 0, 8, 0, 120, 1, 1, 0, 61)
25 (1, 4, 4, 14, 0, 3, 0, 124, 1, 1, 0, 194)
26 (1, 4, 0, 6, 0, 6, 0, 119, 1, 1, 0, 166)
27 (1, 4, 0, 11, 2, 7, 0, 120, 1, 1, 0, 179)
28 (1, 4, 0, 13, 0, 6, 0, 120, 1, 1, 0, 52)
29 (1, 4, 0, 48, 191, 0, 0, 104, 1, 1, 0, 243)
30 (1, 4, 0, 0, 209, 0, 0, 87, 1, 1, 0, 19)
31 (1, 4, 0, 62, 0, 25, 0, 101, 1, 2, 0, 51)
32 (1, 4, 38, 0, 0, 12, 0, 11, 2, 2, 0, 135)
1 (1, 4, 270, 156, 0, 0, 0, 2, 3, 3, 0, 131)
2 (1, 4, 312, 289, 0, 0, 87, 117, 2, 3, 0, 170)
3 (1, 4, 0, 0, 0, 0, 312, 184, 2, 3, 0, 79)
4 (1, 4, 72, 0, 279, 0, 254, 185, 2, 3, 0, 130)
5 (1, 4, 2, 99, 672, 0, 111, 105, 2, 3, 0, 88)
6 (1, 4, 0, 166, 800, 0, 0, 70, 2, 2, 0, 136)
7 (1, 4, 0, 6, 329, 0, 0, 83, 2, 3, 0, 206)
8 (1, 4, 64, 4, 67, 36, 0, 93, 3, 3, 0, 53)
9 (1, 4, 0, 0, 0, 10, 0, 115, 3, 3, 0, 242)
10 (1, 4, 46, 0, 0, 0, 0, 131, 2, 3, 0, 120)
11 (1, 4, 30, 0, 0, 0, 0, 130, 2, 2, 0, 235)
12 (1, 4, 0, 0, 0, 0, 0, 132, 1, 1, 0, 136)
13 (1, 4, 0, 0, 0, 10, 0, 107, 1, 1, 0, 217)
14 (1, 4, 20, 0, 0, 6, 0, 106, 1, 1, 0, 90)
15 (1, 4, 0, 20, 0, 4, 1, 123, 1, 1, 0, 114)
16 (1, 4, 0, 16, 0, 14, 6, 131, 1, 1, 0, 81)
17 (1, 4, 0, 35, 0, 3, 0, 137, 1, 1, 0, 243)
18 (1, 4, 0, 0, 0, 8, 0, 131, 1, 1, 0, 99)
19 (1, 4, 0, 17, 15, 13, 0, 129, 1, 1, 0, 52)
20 (1, 4, 0, 8, 17, 8, 0, 125, 1, 1, 0, 160)
21 (1, 4, 2, 20, 17, 11, 0, 126, 1, 1, 0, 243)
22 (1, 4, 0, 4, 0, 8, 0, 122, 1, 1, 0, 49)
23 (1, 4, 0, 0, 0, 9, 0, 120, 1, 1, 0, 77)
24 (1, 4, 0, 17, 0, 10, 0, 119, 1, 1, 0, 65)
25 (1, 4, 6, 5, 0, 10, 0, 120, 1, 1, 0, 39)
26 (1, 4, 0, 8, 0, 9, 0, 118, 1, 1, 0, 216)
27 (1, 4, 0, 13, 5, 10, 0, 118, 1, 1, 0, 92)
28 (1, 4, 8, 17, 1, 9, 0, 122, 1, 1, 0, 196)

