0 (1, 4, 75, 98, 115, 60, 0, 0, 0, 0, 0, 226)
1 (1, 4, 274, 76, 126, 66, 0, 0, 0, 0, 0, 54)
2 (1, 4, 103, 157, 20, 62, 0, 0, 0, 0, 0, 35)
3 (1, 4, 0, 181, 0, 53, 0, 0, 0, 0, 0, 206)
4 (1, 4, 104, 127, 0, 56, 0, 0, 0, 0, 0, 55)
5 (1, 4, 257, 99, 0, 58, 0, 0, 0, 0, 0, 51)
6 (1, 4, 682, 0, 45, 53, 0, 51, 0, 0, 0, 37)
7 (1, 4, 873, 0, 189, 69, 9, 82, 0, 0, 0, 111)
8 (1, 4, 498, 0, 432, 103, 42, 0, 0, 0, 0, 169)
9 (1, 4, 301, 398, 416, 0, 0, 0, 0, 0, 0, 79)
10 (1, 4, 519, 400, 0, 0, 0, 0, 0, 0, 0, 213)
11 (1, 4, 326, 235, 0, 0, 21, 198, 1, 1, 0, 239)
12 (1, 4, 0, 0, 0, 0, 353, 234, 1, 1, 0, 55)
13 (1, 4, 48, 0, 356, 0, 252, 147, 1, 1, 0, 237)
14 (1, 4, 87, 0, 671, 0, 13, 41, 1, 0, 0, 253)
15 (1, 4, 11, 26, 508, 0, 0, 45, 1, 0, 0, 20)
16 (1, 4, 0, 0, 26, 0, 0, 56, 0, 0, 0, 10)
17 (1, 4, 0, 0, 0, 23, 0, 59, 0, 0, 0, 42)
18 (1, 4, 0, 16, 0, 24, 0, 69, 0, 0, 0, 255)
19 (1, 4, 0, 86, 0, 18, 0, 78, 0, 0, 0, 129)
20 (1, 4, 0, 111, 0, 5, 0, 94, 0, 0, 0, 93)
21 (1, 4, 0, 38, 40, 11, 0, 94, 0, 0, 0, 32)
22 (1, 4, 0, 26, 58, 3, 0, 90, 0, 0, 0, 55)
23 (1, 4, 0, 6, 53, 0, 0, 83, 0, 0, 0, 114)
24 (1, 4, 0, 0, 83, 0, 0, 81, 0, 0, 0, 8)
25 (1, 4, 0, 0, 104, 0, 0, 75, 0, 0, 0, 14)
26 (1, 4, 0, 0, 108, 0, 0, 66, 0, 0, 0, 101)
27 (1, 4, 0, 0, 103, 0, 0, 68, 0, 0, 0, 174)
28 (1, 4, 0, 0, 112, 0, 0, 69, 0, 0, 0, 235)
29 (1, 4, 0, 0, 109, 0, 0, 65, 0, 0, 0, 151)
30 (1, 4, 0, 0, 76, 0, 0, 66, 0, 0, 0, 155)
31 (1, 4, 0, 0, 53, 0, 0, 58, 0, 0, 0, 20)
0 (1, 4, 231, 0, 0, 19, 0, 115, 0, 0, 0, 136)
1 (1, 4, 226, 0, 135, 27, 8, 105, 1, 1, 0, 26)
2 (1, 4, 0, 0, 253, 11, 20, 47, 1, 1, 0, 109)
3 (1, 4, 0, 18, 131, 0, 0, 28, 1, 1, 0, 125)
4 (1, 4, 68, 41, 0, 0, 0, 32, 1, 1, 0, 163)
5 (1, 4, 124, 139, 0, 0, 0, 0, 1, 1, 0, 251)
6 (1, 4, 179, 86, 0, 0, 0, 81, 1, 1, 0, 75)
7 (1, 4, 0, 0, 0, 0, 254, 153, 1, 1, 0, 109)
8 (1, 4, 49, 0, 0, 0, 261, 191, 1, 1, 0, 214)
9 (1, 4, 0, 0, 331, 0, 164, 99, 1, 1, 0, 142)
10 (1, 4, 0, 43, 526, 0, 36, 43, 1, 1, 0, 106)
11 (1, 4, 75, 64, 432, 0, 0, 106, 1, 1, 0, 133)
12 (1, 4, 0, 0, 0, 0, 0, 67, 1, 1, 0, 84)
13 (1, 4, 0, 0, 0, 2, 0, 64, 1, 1, 0, 12)
14 (1, 4, 0, 8, 0, 0, 0, 80, 1, 1, 0, 82)
15 (1, 4, 0, 2, 0, 0, 0, 86, 1, 1, 0, 64)
16 (1, 4, 0, 0, 0, 3, 0, 88, 1, 1, 0, 42)
17 (1, 4, 0, 16, 0, 1, 0, 93, 1, 0, 0, 180)
18 (1, 4, 0, 0, 9, 7, 0, 83, 1, 0, 0, 153)
19 (1, 4, 0, 0, 54, 7, 0, 88, 1, 0, 0, 205)
20 (1, 4, 0, 0, 93, 1, 0, 83, 1, 0, 0, 1)
21 (1, 4, 0, 0, 117, 2, 0, 79, 0, 0, 0, 76)
22 (1, 4, 0, 0, 98, 0, 0, 78, 0, 0, 0, 55)
23 (1, 4, 0, 0, 96, 0, 0, 69, 0, 0, 0, 148)
24 (1, 4, 0, 0, 101, 0, 0, 70, 0, 0, 0, 56)
25 (1, 4, 0, 0, 86, 0, 0, 63, 0, 0, 0, 0)
26 (1, 4, 0, 0, 72, 0, 0, 63, 0, 0, 0, 178)
27 (1, 4, 0, 0, 44, 0, 0, 60, 0, 0, 0, 143)
28 (1, 4, 0, 0, 41, 0, 0, 57, 0, 0, 0, 239)
29 (1, 4, 12, 0, 31, 0, 0, 56, 0, 0, 0, 136)
30 (1, 4, 12, 0, 11, 0, 0, 55, 0, 0, 0, 80)
31 (1, 4, 16, 7, 0, 0, 0, 58, 0, 0, 0, 189)
0 (1, 4, 38, 10, 193, 10, 0, 24, 0, 0, 0, 34)
1 (1, 4, 81, 253, 144, 0, 0, 40, 1, 0, 0, 67)
2 (1, 4, 89, 85, 0, 0, 0, 8, 1, 1, 0, 7)
3 (1, 4, 195, 133, 0, 0, 0, 69, 1, 1, 0, 120)
4 (1, 4, 0, 31, 0, 0, 139, 146, 1, 1, 0, 57)
5 (1, 4, 0, 0, 0, 0, 197, 180, 1, 1, 0, 78)
6 (1, 4, 7, 0, 90, 7, 176, 158, 1, 1, 0, 212)
7 (1, 4, 87, 0, 359, 16, 116, 99, 1, 1, 0, 141)
8 (1, 4, 160, 60, 593, 0, 0, 95, 1, 1, 0, 170)
9 (1, 4, 74, 65, 303, 0, 0, 85, 1, 1, 0, 98)
10 (1, 4, 0, 0, 0, 0, 0, 79, 1, 1, 0, 203)
11 (1, 4, 0, 0, 0, 16, 0, 73, 1, 1, 0, 240)
12 (1, 4, 0, 0, 0, 13, 0, 75, 1, 1, 0, 37)
13 (1, 4, 0, 32, 0, 11, 0, 83, 1, 0, 0, 247)
14 (1, 4, 0, 36, 0, 15, 0, 93, 1, 1, 0, 28)
15 (1, 4, 0, 56, 0, 18, 0, 87, 1, 0, 0, 64)
16 (1, 4, 0, 59, 0, 16, 0, 92, 1, 0, 0, 42)
17 (1, 4, 0, 36, 44, 10, 0, 93, 1, 0, 0, 8)
18 (1, 4, 0, 24, 86, 14, 0, 90, 1, 0, 0, 68)
19 (1, 4, 0, 0, 103, 9, 0, 85, 1, 0, 0, 39)
20 (1, 4, 0, 0, 107, 7, 0, 78, 0, 0, 0, 66)
21 (1, 4, 0, 0, 100, 6, 0, 74, 0, 0, 0, 113)
22 (1, 4, 0, 0, 89, 6, 0, 72, 0, 0, 0, 63)
23 (1, 4, 0, 0, 80, 3, 0, 73, 0, 0, 0, 171)
24 (1, 4, 19, 0, 84, 1, 0, 72, 0, 0, 0, 230)
25 (1, 4, 12, 0, 81, 0, 0, 72, 0, 0, 0, 137)
26 (1, 4, 0, 0, 70, 0, 0, 73, 0, 0, 0, 132)
27 (1, 4, 0, 0, 54, 0, 0, 68, 0, 0, 0, 190)
28 (1, 4, 0, 0, 34, 0, 0, 68, 0, 0, 0, 159)
29 (1, 4, 6, 0, 23, 0, 0, 66, 0, 0, 0, 60)
30 (1, 4, 23, 0, 19, 0, 0, 70, 0, 0, 0, 249)
31 (1, 4, 16, 0, 10, 0, 0, 69, 0, 0, 0, 226)
0 (1, 4, 3, 6, 0, 0, 0, 35, 1, 1, 0, 21)
1 (1, 4, 240, 0, 0, 0, 17, 98, 1, 1, 0, 109)
2 (1, 4, 0, 0, 0, 0, 279, 137, 1, 1, 0, 54)
3 (1, 4, 0, 0, 0, 0, 233, 191, 1, 1, 0, 237)
4 (1, 4, 108, 0, 209, 29, 140, 129, 1, 1, 0, 191)
5 (1, 4, 260, 11, 418, 33, 76, 96, 1, 1, 0, 113)
6 (1, 4, 13, 156, 476, 0, 0, 73, 1, 1, 0, 130)
7 (1, 4, 162, 29, 358, 0, 0, 115, 1, 1, 0, 124)
8 (1, 4, 0, 0, 24, 0, 0, 77, 1, 1, 0, 177)
9 (1, 4, 0, 0, 0, 0, 0, 62, 1, 1, 0, 35)
10 (1, 4, 0, 0, 0, 5, 0, 81, 1, 1, 0, 93)
11 (1, 4, 0, 12, 0, 18, 0, 81, 1, 1, 0, 158)
12 (1, 4, 0, 38, 0, 10, 0, 86, 1, 1, 0, 158)
13 (1, 4, 0, 51, 0, 21, 0, 87, 1, 0, 0, 118)
14 (1, 4, 0, 69, 0, 26, 0, 90, 1, 0, 0, 4)
15 (1, 4, 0, 73, 18, 16, 0, 95, 1, 0, 0, 81)
16 (1, 4, 0, 0, 95, 11, 0, 104, 1, 0, 0, 22)
17 (1, 4, 0, 0, 111, 5, 0, 85, 0, 0, 0, 125)
18 (1, 4, 0, 0, 101, 2, 0, 66, 0, 0, 0, 115)
19 (1, 4, 0, 0, 90, 9, 0, 58, 0, 0, 0, 175)
20 (1, 4, 0, 0, 80, 14, 0, 57, 0, 0, 0, 7)
21 (1, 4, 0, 4, 64, 12, 0, 62, 0, 0, 0, 143)
22 (1, 4, 38, 2, 55, 10, 0, 66, 0, 0, 0, 174)
23 (1, 4, 70, 0, 34, 9, 0, 67, 0, 0, 0, 198)
24 (1, 4, 64, 4, 19, 5, 0, 72, 0, 0, 0, 37)
25 (1, 4, 46, 0, 1, 0, 0, 74, 0, 0, 0, 111)
26 (1, 4, 50, 0, 0, 0, 0, 72, 0, 0, 0, 234)
27 (1, 4, 27, 0, 0, 0, 0, 73, 0, 0, 0, 140)
28 (1, 4, 6, 0, 0, 0, 0, 70, 0, 0, 0, 211)
29 (1, 4, 0, 0, 0, 0, 0, 70, 0, 0, 0, 247)
30 (1, 4, 0, 3, 0, 0, 0, 68, 0, 0, 0, 150)
31 (1, 4, 12, 12, 0, 0, 0, 69, 0, 0, 0, 176)
0 (1, 4, 31, 0, 141, 43, 0, 53, 0, 0, 0, 171)
1 (1, 4, 0, 0, 135, 3, 0, 12, 1, 0, 0, 182)
2 (1, 4, 13, 220, 71, 0, 0, 33, 1, 1, 0, 219)
3 (1, 4, 90, 141, 0, 0, 0, 2, 1, 1, 0, 22)
4 (1, 4, 164, 261, 0, 0, 0, 71, 1, 1, 0, 65)
5 (1, 4, 0, 76, 0, 0, 122, 133, 1, 1, 0, 28)
6 (1, 4, 0, 0, 0, 0, 269, 195, 1, 1, 0, 150)
7 (1, 4, 11, 0, 217, 0, 149, 178, 1, 1, 0, 34)
8 (1, 4, 21, 0, 351, 4, 25, 102, 1, 1, 0, 72)
9 (1, 4, 208, 12, 372, 0, 0, 100, 1, 1, 0, 138)
10 (1, 4, 0, 0, 139, 0, 0, 79, 1, 1, 0, 61)
11 (1, 4, 0, 0, 23, 1, 0, 50, 1, 1, 0, 57)
12 (1, 4, 3, 0, 12, 10, 0, 74, 1, 1, 0, 87)
13 (1, 4, 0, 17, 0, 6, 0, 90, 1, 1, 0, 36)
14 (1, 4, 0, 1, 0, 8, 0, 99, 1, 1, 0, 184)
15 (1, 4, 0, 0, 10, 11, 0, 87, 1, 0, 0, 211)
16 (1, 4, 0, 0, 0, 21, 0, 80, 1, 0, 0, 30)
17 (1, 4, 0, 66, 0, 24, 0, 73, 1, 0, 0, 141)
18 (1, 4, 0, 78, 0, 16, 0, 79, 0, 0, 0, 178)
19 (1, 4, 0, 27, 33, 8, 0, 79, 0, 0, 0, 90)
20 (1, 4, 0, 22, 53, 8, 0, 71, 0, 0, 0, 77)
21 (1, 4, 0, 0, 69, 3, 0, 70, 0, 0, 0, 231)
22 (1, 4, 0, 1, 85, 3, 0, 63, 0, 0, 0, 47)
23 (1, 4, 0, 10, 82, 2, 0, 63, 0, 0, 0, 190)
24 (1, 4, 0, 3, 77, 2, 0, 63, 0, 0, 0, 158)
25 (1, 4, 0, 10, 61, 1, 0, 64, 0, 0, 0, 13)
26 (1, 4, 0, 15, 12, 2, 0, 62, 0, 0, 0, 71)
27 (1, 4, 0, 5, 0, 0, 0, 62, 0, 0, 0, 69)
28 (1, 4, 60, 0, 0, 0, 0, 60, 0, 0, 0, 252)
29 (1, 4, 21, 0, 0, 0, 0, 58, 0, 0, 0, 137)
0 (1, 4, 0, 0, 0, 21, 0, 113, 0, 0, 0, 2)
1 (1, 4, 268, 0, 0, 41, 0, 95, 0, 0, 0, 85)
2 (1, 4, 189, 0, 0, 49, 0, 73, 0, 0, 0, 123)
3 (1, 4, 143, 0, 0, 50, 0, 44, 0, 0, 0, 47)
4 (1, 4, 183, 0, 90, 40, 0, 10, 0, 0, 0, 51)
5 (1, 4, 0, 164, 83, 0, 0, 0, 1, 0, 0, 58)
6 (1, 4, 43, 179, 0, 0, 0, 12, 1, 0, 0, 92)
7 (1, 4, 134, 357, 0, 0, 0, 39, 1, 0, 0, 84)
8 (1, 4, 0, 329, 0, 0, 0, 60, 1, 1, 0, 250)
9 (1, 4, 120, 190, 0, 0, 0, 132, 1, 1, 0, 240)
10 (1, 4, 2, 52, 0, 0, 211, 245, 1, 1, 0, 37)
11 (1, 4, 0, 0, 0, 0, 260, 197, 1, 1, 0, 226)
12 (1, 4, 153, 0, 421, 0, 102, 127, 1, 1, 0, 172)
13 (1, 4, 0, 0, 453, 0, 0, 69, 1, 1, 0, 5)
14 (1, 4, 251, 0, 258, 0, 0, 50, 1, 0, 0, 124)
15 (1, 4, 0, 0, 0, 0, 0, 28, 1, 0, 0, 80)
16 (1, 4, 0, 0, 0, 10, 0, 54, 1, 0, 0, 100)
17 (1, 4, 0, 44, 0, 14, 0, 69, 1, 0, 0, 226)
18 (1, 4, 0, 63, 0, 13, 0, 76, 0, 0, 0, 45)
19 (1, 4, 0, 42, 36, 11, 0, 91, 0, 0, 0, 1)
20 (1, 4, 0, 0, 143, 9, 0, 71, 1, 0, 0, 5)
21 (1, 4, 0, 0, 168, 8, 0, 74, 1, 0, 0, 65)
22 (1, 4, 0, 0, 172, 6, 0, 66, 1, 0, 0, 79)
23 (1, 4, 0, 0, 166, 7, 0, 62, 0, 0, 0, 9)
24 (1, 4, 0, 0, 127, 8, 0, 55, 0, 0, 0, 196)
25 (1, 4, 0, 0, 70, 9, 0, 51, 0, 0, 0, 7)
26 (1, 4, 0, 0, 35, 5, 0, 54, 0, 0, 0, 230)
27 (1, 4, 21, 0, 22, 0, 0, 58, 0, 0, 0, 135)
28 (1, 4, 46, 0, 5, 0, 0, 57, 0, 0, 0, 96)
29 (1, 4, 11, 0, 1, 0, 0, 61, 0, 0, 0, 186)
30 (1, 4, 35, 0, 5, 0, 0, 60, 0, 0, 0, 140)
31 (1, 4, 17, 0, 0, 0, 0, 59, 0, 0, 0, 110)
0 (1, 4, 0, 0, 0, 0, 211, 122, 1, 1, 0, 51)
1 (1, 4, 0, 0, 0, 1, 249, 182, 1, 1, 0, 66)
2 (1, 4, 20, 0, 261, 14, 190, 143, 1, 1, 0, 157)
3 (1, 4, 130, 0, 501, 1, 71, 79, 1, 1, 0, 179)
4 (1, 4, 0, 135, 460, 0, 0, 70, 1, 1, 0, 72)
5 (1, 4, 176, 0, 206, 0, 0, 109, 1, 1, 0, 38)
6 (1, 4, 0, 0, 0, 2, 0, 50, 1, 1, 0, 130)
7 (1, 4, 0, 0, 0, 13, 0, 56, 1, 1, 0, 116)
8 (1, 4, 0, 48, 0, 2, 0, 72, 1, 0, 0, 46)
9 (1, 4, 0, 58, 0, 0, 0, 90, 1, 0, 0, 164)
10 (1, 4, 0, 66, 0, 0, 0, 96, 1, 0, 0, 22)
11 (1, 4, 0, 35, 38, 1, 0, 93, 0, 0, 0, 34)
12 (1, 4, 0, 22, 83, 0, 0, 106, 0, 0, 0, 32)
13 (1, 4, 0, 0, 116, 0, 0, 87, 1, 0, 0, 189)
14 (1, 4, 0, 0, 103, 0, 0, 70, 1, 0, 0, 117)
15 (1, 4, 0, 0, 98, 0, 0, 64, 0, 0, 0, 17)
16 (1, 4, 0, 0, 128, 3, 0, 51, 0, 0, 0, 186)
17 (1, 4, 0, 0, 112, 2, 0, 56, 0, 0, 0, 162)
18 (1, 4, 4, 0, 93, 3, 0, 57, 0, 0, 0, 210)
19 (1, 4, 27, 0, 47, 0, 0, 62, 0, 0, 0, 15)
20 (1, 4, 54, 0, 14, 0, 0, 60, 0, 0, 0, 93)
21 (1, 4, 48, 19, 0, 0, 0, 63, 0, 0, 0, 107)
22 (1, 4, 63, 0, 0, 0, 0, 59, 0, 0, 0, 253)
23 (1, 4, 41, 11, 0, 0, 0, 57, 0, 0, 0, 235)
24 (1, 4, 42, 14, 0, 0, 0, 57, 0, 0, 0, 150)
25 (1, 4, 47, 4, 0, 0, 0, 57, 0, 0, 0, 126)
26 (1, 4, 18, 9, 0, 0, 0, 59, 0, 0, 0, 122)
27 (1, 4, 0, 23, 0, 0, 0, 61, 0, 0, 0, 47)
28 (1, 4, 15, 19, 0, 0, 0, 62, 0, 0, 0, 201)
29 (1, 4, 0, 35, 0, 0, 0, 63, 0, 0, 0, 239)
30 (1, 4, 21, 29, 0, 0, 0, 65, 0, 0, 0, 143)
31 (1, 4, 19, 33, 0, 0, 0, 64, 0, 0, 0, 190)
0 (1, 4, 337, 336, 119, 0, 0, 103, 1, 0, 0, 22)
1 (1, 4, 256, 68, 0, 0, 0, 98, 1, 1, 0, 113)
2 (1, 4, 0, 5, 0, 0, 0, 94, 1, 1, 0, 168)
3 (1, 4, 57, 0, 0, 0, 0, 98, 1, 1, 0, 115)
4 (1, 4, 9, 0, 0, 0, 184, 136, 1, 1, 0, 20)
5 (1, 4, 0, 0, 0, 18, 242, 159, 1, 1, 0, 74)
6 (1, 4, 39, 0, 153, 60, 225, 106, 1, 1, 0, 75)
7 (1, 4, 236, 129, 535, 34, 100, 51, 1, 1, 0, 199)
8 (1, 4, 127, 228, 488, 0, 0, 100, 1, 1, 0, 157)
9 (1, 4, 116, 12, 190, 0, 0, 114, 1, 1, 0, 187)
10 (1, 4, 0, 0, 0, 0, 0, 71, 1, 1, 0, 33)
11 (1, 4, 0, 5, 0, 11, 0, 72, 1, 1, 0, 110)
12 (1, 4, 0, 65, 0, 5, 0, 82, 1, 1, 0, 13)
13 (1, 4, 0, 58, 0, 0, 0, 98, 1, 1, 0, 87)
14 (1, 4, 0, 37, 0, 0, 0, 92, 1, 0, 0, 184)
15 (1, 4, 0, 24, 0, 5, 0, 95, 1, 0, 0, 194)
16 (1, 4, 0, 69, 0, 13, 0, 105, 1, 0, 0, 186)
17 (1, 4, 0, 13, 0, 5, 0, 105, 1, 0, 0, 114)
18 (1, 4, 0, 0, 49, 10, 0, 100, 1, 0, 0, 94)
19 (1, 4, 0, 0, 62, 11, 0, 80, 1, 0, 0, 31)
20 (1, 4, 0, 0, 65, 5, 0, 74, 1, 0, 0, 6)
21 (1, 4, 0, 0, 77, 9, 0, 64, 1, 0, 0, 51)
22 (1, 4, 0, 0, 82, 10, 0, 61, 0, 0, 0, 33)
23 (1, 4, 0, 0, 81, 8, 0, 63, 0, 0, 0, 29)
24 (1, 4, 0, 0, 75, 2, 0, 70, 0, 0, 0, 53)
25 (1, 4, 52, 0, 64, 0, 0, 77, 0, 0, 0, 159)
26 (1, 4, 107, 0, 54, 1, 0, 79, 0, 0, 0, 1)
27 (1, 4, 10, 0, 14, 6, 0, 73, 0, 0, 0, 237)
28 (1, 4, 0, 0, 5, 5, 0, 73, 0, 0, 0, 167)
29 (1, 4, 10, 0, 19, 5, 0, 69, 0, 0, 0, 90)
30 (1, 4, 40, 0, 32, 2, 0, 73, 0, 0, 0, 121)
31 (1, 4, 25, 0, 19, 0, 0, 74, 0, 0, 0, 50)
0 (1, 4, 0, 62, 0, 0, 0, 30, 1, 1, 0, 37)
1 (1, 4, 0, 155, 0, 0, 0, 30, 1, 1, 0, 137)
2 (1, 4, 228, 145, 0, 0, 15, 135, 1, 1, 0, 241)
3 (1, 4, 0, 0, 0, 0, 241, 190, 1, 1, 0, 118)
4 (1, 4, 0, 0, 7, 3, 208, 217, 1, 1, 0, 49)
5 (1, 4, 136, 0, 333, 19, 122, 96, 1, 1, 0, 81)
6 (1, 4, 30, 0, 479, 0, 0, 55, 1, 1, 0, 211)
7 (1, 4, 219, 0, 370, 0, 0, 82, 1, 1, 0, 78)
8 (1, 4, 0, 0, 15, 0, 0, 59, 1, 1, 0, 208)
9 (1, 4, 0, 0, 0, 26, 0, 39, 1, 1, 0, 244)
10 (1, 4, 0, 62, 19, 14, 0, 83, 1, 1, 0, 94)
11 (1, 4, 0, 75, 24, 10, 0, 95, 1, 1, 0, 245)
12 (1, 4, 0, 52, 44, 5, 0, 101, 1, 0, 0, 84)
13 (1, 4, 0, 34, 59, 2, 0, 97, 1, 0, 0, 48)
14 (1, 4, 0, 9, 86, 3, 0, 89, 1, 0, 0, 109)
15 (1, 4, 0, 0, 117, 10, 0, 82, 1, 0, 0, 69)
16 (1, 4, 0, 0, 143, 6, 0, 71, 1, 0, 0, 160)
17 (1, 4, 0, 0, 145, 12, 0, 55, 1, 0, 0, 227)
18 (1, 4, 0, 0, 153, 12, 0, 50, 0, 0, 0, 151)
19 (1, 4, 0, 0, 101, 10, 0, 46, 0, 0, 0, 240)
20 (1, 4, 3, 0, 55, 9, 0, 48, 0, 0, 0, 157)
21 (1, 4, 37, 0, 17, 4, 0, 53, 0, 0, 0, 192)
22 (1, 4, 53, 0, 7, 1, 0, 56, 0, 0, 0, 13)
23 (1, 4, 77, 28, 2, 0, 0, 59, 0, 0, 0, 104)
24 (1, 4, 31, 46, 0, 0, 0, 63, 0, 0, 0, 137)
25 (1, 4, 34, 37, 0, 0, 0, 65, 0, 0, 0, 146)
26 (1, 4, 17, 32, 0, 0, 0, 62, 0, 0, 0, 6)
27 (1, 4, 25, 37, 0, 0, 0, 63, 0, 0, 0, 198)
28 (1, 4, 32, 31, 0, 0, 0, 61, 0, 0, 0, 91)
29 (1, 4, 38, 39, 0, 0, 0, 60, 0, 0, 0, 176)
0 (1, 4, 0, 241, 194, 0, 0, 50, 1, 1, 0, 13)
1 (1, 4, 137, 120, 0, 0, 0, 82, 1, 1, 0, 160)
2 (1, 4, 69, 112, 0, 0, 0, 64, 1, 1, 0, 173)
3 (1, 4, 191, 0, 0, 0, 82, 133, 1, 1, 0, 82)
4 (1, 4, 0, 0, 0, 0, 345, 158, 1, 1, 0, 60)
5 (1, 4, 0, 0, 178, 19, 257, 138, 1, 1, 0, 77)
6 (1, 4, 213, 12, 497, 21, 94, 45, 1, 1, 0, 44)
7 (1, 4, 56, 200, 489, 0, 0, 57, 1, 1, 0, 215)
8 (1, 4, 182, 67, 279, 0, 0, 151, 1, 1, 0, 183)
9 (1, 4, 0, 0, 0, 0, 0, 89, 1, 1, 0, 212)
10 (1, 4, 0, 0, 0, 19, 0, 65, 1, 1, 0, 59)
11 (1, 4, 0, 38, 0, 12, 0, 81, 1, 1, 0, 207)
12 (1, 4, 0, 55, 0, 9, 0, 92, 1, 1, 0, 56)
13 (1, 4, 0, 63, 0, 11, 0, 91, 1, 0, 0, 205)
14 (1, 4, 0, 44, 0, 8, 0, 98, 1, 0, 0, 18)
15 (1, 4, 0, 42, 0, 16, 0, 99, 1, 0, 0, 117)
16 (1, 4, 0, 0, 52, 14, 0, 91, 1, 0, 0, 99)
17 (1, 4, 0, 0, 95, 10, 0, 81, 0, 0, 0, 44)
18 (1, 4, 0, 0, 88, 9, 0, 67, 0, 0, 0, 130)
19 (1, 4, 0, 0, 91, 16, 0, 61, 0, 0, 0, 56)
20 (1, 4, 0, 3, 86, 18, 0, 62, 0, 0, 0, 206)
21 (1, 4, 25, 47, 72, 14, 0, 66, 0, 0, 0, 146)
22 (1, 4, 84, 51, 43, 9, 0, 72, 0, 0, 0, 229)
23 (1, 4, 95, 32, 24, 8, 0, 72, 0, 0, 0, 27)
24 (1, 4, 98, 3, 3, 4, 0, 73, 0, 0, 0, 67)
25 (1, 4, 96, 0, 0, 1, 0, 71, 0, 0, 0, 121)
26 (1, 4, 77, 0, 0, 0, 0, 70, 0, 0, 0, 56)
27 (1, 4, 47, 0, 0, 0, 0, 69, 0, 0, 0, 12)
28 (1, 4, 17, 0, 0, 0, 0, 70, 0, 0, 0, 25)
29 (1, 4, 0, 0, 0, 0, 0, 69, 0, 0, 0, 145)
30 (1, 4, 0, 0, 0, 0, 0, 69, 0, 0, 0, 145)
0 (1, 4, 49, 0, 162, 24, 0, 82, 0, 0, 0, 87)
1 (1, 4, 51, 0, 107, 5, 0, 94, 1, 0, 0, 248)
2 (1, 4, 0, 0, 172, 5, 0, 48, 1, 1, 0, 139)
3 (1, 4, 0, 59, 295, 0, 0, 55, 1, 1, 0, 152)
4 (1, 4, 166, 63, 204, 0, 0, 76, 1, 1, 0, 161)
5 (1, 4, 47, 0, 0, 0, 0, 32, 1, 1, 0, 75)
6 (1, 4, 1, 26, 0, 0, 0, 31, 1, 1, 0, 236)
7 (1, 4, 40, 108, 0, 0, 0, 33, 1, 1, 0, 150)
8 (1, 4, 394, 79, 0, 0, 19, 97, 1, 1, 0, 11)
9 (1, 4, 0, 0, 0, 0, 300, 79, 1, 1, 0, 247)
10 (1, 4, 0, 0, 0, 16, 324, 171, 1, 1, 0, 205)
11 (1, 4, 131, 28, 505, 19, 198, 70, 1, 1, 0, 230)
12 (1, 4, 0, 147, 510, 0, 0, 112, 1, 1, 0, 227)
13 (1, 4, 45, 0, 275, 0, 0, 117, 1, 1, 0, 242)
14 (1, 4, 17, 0, 63, 0, 0, 72, 1, 1, 0, 238)
15 (1, 4, 0, 0, 0, 9, 0, 54, 1, 1, 0, 46)
16 (1, 4, 10, 26, 12, 12, 0, 82, 1, 1, 0, 237)
17 (1, 4, 0, 20, 37, 6, 0, 88, 1, 0, 0, 173)
18 (1, 4, 0, 35, 27, 3, 0, 90, 1, 0, 0, 154)
19 (1, 4, 0, 40, 42, 12, 0, 98, 1, 0, 0, 217)
20 (1, 4, 0, 16, 80, 10, 0, 105, 1, 0, 0, 238)
21 (1, 4, 0, 0, 109, 10, 0, 100, 1, 0, 0, 56)
22 (1, 4, 0, 0, 134, 13, 0, 94, 0, 0, 0, 213)
23 (1, 4, 0, 0, 174, 4, 0, 90, 0, 0, 0, 5)
24 (1, 4, 0, 0, 167, 12, 0, 84, 0, 0, 0, 243)
25 (1, 4, 0, 0, 150, 9, 0, 82, 0, 0, 0, 73)
26 (1, 4, 0, 0, 137, 4, 0, 80, 0, 0, 0, 77)
27 (1, 4, 0, 0, 123, 7, 0, 71, 0, 0, 0, 8)
28 (1, 4, 0, 0, 110, 7, 0, 69, 0, 0, 0, 4)
29 (1, 4, 0, 24, 80, 4, 0, 69, 0, 0, 0, 187)
30 (1, 4, 0, 22, 34, 1, 0, 74, 0, 0, 0, 112)
31 (1, 4, 5, 34, 0, 0, 0, 74, 0, 0, 0, 241)
0 (1, 4, 0, 270, 154, 0, 0, 53, 0, 0, 0, 90)
1 (1, 4, 218, 89, 0, 0, 0, 109, 1, 0, 0, 76)
2 (1, 4, 0, 48, 0, 0, 0, 108, 1, 1, 0, 175)
3 (1, 4, 71, 0, 0, 0, 0, 100, 1, 1, 0, 69)
4 (1, 4, 0, 0, 0, 0, 238, 148, 1, 1, 0, 168)
5 (1, 4, 0, 0, 0, 4, 280, 167, 1, 1, 0, 100)
6 (1, 4, 72, 0, 420, 17, 150, 104, 1, 1, 0, 196)
7 (1, 4, 30, 75, 534, 0, 53, 42, 1, 1, 0, 127)
8 (1, 4, 56, 75, 388, 0, 0, 121, 1, 1, 0, 56)
9 (1, 4, 23, 48, 197, 0, 0, 102, 1, 1, 0, 246)
10 (1, 4, 0, 0, 0, 7, 0, 74, 1, 1, 0, 60)
11 (1, 4, 0, 5, 0, 17, 0, 69, 1, 1, 0, 31)
12 (1, 4, 20, 12, 0, 16, 0, 86, 1, 0, 0, 0)
13 (1, 4, 0, 15, 0, 13, 0, 92, 1, 0, 0, 63)
14 (1, 4, 0, 20, 0, 10, 0, 88, 1, 0, 0, 29)
15 (1, 4, 0, 42, 0, 16, 0, 89, 1, 0, 0, 84)
16 (1, 4, 0, 45, 0, 16, 0, 94, 1, 0, 0, 69)
17 (1, 4, 0, 34, 28, 15, 0, 82, 0, 0, 0, 198)
18 (1, 4, 0, 101, 14, 18, 0, 81, 0, 0, 0, 29)
19 (1, 4, 32, 87, 47, 2, 0, 95, 0, 0, 0, 175)
20 (1, 4, 0, 58, 46, 0, 0, 95, 0, 0, 0, 95)
21 (1, 4, 0, 19, 15, 0, 0, 91, 0, 0, 0, 132)
22 (1, 4, 0, 12, 28, 0, 0, 85, 0, 0, 0, 182)
23 (1, 4, 0, 19, 41, 2, 0, 79, 0, 0, 0, 147)
24 (1, 4, 6, 41, 43, 0, 0, 80, 0, 0, 0, 241)
25 (1, 4, 37, 25, 26, 0, 0, 78, 0, 0, 0, 103)
26 (1, 4, 10, 16, 11, 0, 0, 75, 0, 0, 0, 189)
27 (1, 4, 0, 29, 0, 0, 0, 76, 0, 0, 0, 25)
28 (1, 4, 0, 27, 3, 0, 0, 77, 0, 0, 0, 202)
29 (1, 4, 0, 20, 8, 0, 0, 78, 0, 0, 0, 26)
30 (1, 4, 0, 16, 7, 0, 0, 82, 0, 0, 0, 213)
31 (1, 4, 0, 0, 0, 0, 0, 81, 0, 0, 0, 55)
0 (1, 4, 39, 0, 0, 0, 0, 71, 1, 0, 0, 167)
1 (1, 4, 51, 0, 0, 0, 0, 84, 0, 0, 0, 168)
2 (1, 4, 25, 0, 0, 4, 0, 103, 0, 0, 0, 107)
3 (1, 4, 60, 0, 0, 18, 0, 118, 0, 0, 0, 35)
4 (1, 4, 98, 0, 63, 20, 0, 109, 0, 0, 0, 219)
5 (1, 4, 106, 0, 133, 20, 0, 97, 0, 0, 0, 215)
6 (1, 4, 160, 0, 199, 26, 0, 81, 0, 0, 0, 59)
7 (1, 4, 34, 55, 257, 18, 14, 65, 0, 0, 0, 78)
8 (1, 4, 0, 0, 220, 0, 0, 51, 0, 0, 0, 253)
9 (1, 4, 21, 64, 116, 0, 0, 82, 0, 0, 0, 32)
10 (1, 4, 118, 0, 0, 0, 0, 61, 0, 0, 0, 198)
11 (1, 4, 42, 0, 0, 0, 0, 44, 0, 0, 0, 235)
12 (1, 4, 116, 0, 0, 0, 0, 62, 0, 0, 0, 188)
13 (1, 4, 86, 0, 0, 0, 261, 151, 1, 1, 0, 249)
14 (1, 4, 0, 0, 0, 20, 345, 215, 1, 1, 0, 199)
15 (1, 4, 120, 0, 513, 45, 189, 88, 1, 1, 0, 110)
16 (1, 4, 12, 157, 470, 0, 0, 76, 1, 1, 0, 0)
17 (1, 4, 80, 5, 218, 0, 0, 96, 1, 0, 0, 24)
18 (1, 4, 0, 0, 0, 0, 0, 72, 1, 0, 0, 179)
19 (1, 4, 0, 0, 0, 7, 0, 67, 1, 0, 0, 98)
20 (1, 4, 0, 8, 0, 1, 0, 87, 1, 0, 0, 53)
21 (1, 4, 0, 11, 0, 0, 0, 89, 0, 0, 0, 182)
22 (1, 4, 0, 12, 0, 0, 0, 82, 0, 0, 0, 56)
23 (1, 4, 0, 52, 0, 0, 0, 84, 0, 0, 0, 228)
24 (1, 4, 0, 54, 0, 0, 0, 94, 0, 0, 0, 218)
25 (1, 4, 0, 34, 0, 0, 0, 88, 0, 0, 0, 173)
26 (1, 4, 0, 44, 5, 5, 0, 88, 0, 0, 0, 0)
27 (1, 4, 0, 26, 56, 0, 0, 93, 0, 0, 0, 42)
28 (1, 4, 0, 27, 93, 0, 0, 93, 0, 0, 0, 80)
29 (1, 4, 0, 0, 104, 0, 0, 83, 0, 0, 0, 55)
30 (1, 4, 0, 0, 100, 0, 0, 74, 0, 0, 0, 51)
31 (1, 4, 0, 0, 69, 0, 0, 72, 0, 0, 0, 224)
0 (1, 4, 142, 84, 0, 0, 0, 62, 0, 0, 0, 83)
1 (1, 4, 95, 112, 0, 0, 0, 53, 0, 0, 0, 181)
2 (1, 4, 293, 76, 0, 0, 0, 75, 0, 0, 0, 174)
3 (1, 4, 115, 0, 0, 0, 265, 152, 1, 0, 0, 184)
4 (1, 4, 0, 11, 0, 3, 295, 193, 0, 0, 0, 82)
5 (1, 4, 90, 0, 349, 23, 178, 116, 0, 0, 0, 114)
6 (1, 4, 0, 97, 561, 2, 31, 0, 0, 0, 0, 55)
7 (1, 4, 351, 0, 270, 0, 0, 139, 0, 0, 0, 217)
8 (1, 4, 0, 0, 0, 0, 0, 69, 0, 0, 0, 145)
9 (1, 4, 0, 0, 0, 12, 6, 53, 0, 0, 0, 51)
10 (1, 4, 10, 19, 1, 7, 8, 77, 0, 0, 0, 166)
11 (1, 4, 0, 39, 37, 6, 0, 88, 0, 0, 0, 180)
12 (1, 4, 0, 40, 44, 0, 0, 99, 0, 0, 0, 145)
13 (1, 4, 0, 40, 81, 0, 0, 94, 0, 0, 0, 175)
14 (1, 4, 0, 21, 100, 0, 0, 89, 0, 0, 0, 136)
15 (1, 4, 0, 74, 144, 0, 0, 78, 0, 0, 0, 206)
16 (1, 4, 0, 22, 205, 0, 0, 87, 0, 0, 0, 81)
17 (1, 4, 0, 0, 266, 0, 0, 86, 0, 0, 0, 234)
18 (1, 4, 0, 0, 242, 0, 0, 89, 0, 0, 0, 121)
19 (1, 4, 9, 0, 193, 0, 0, 96, 0, 0, 0, 122)
20 (1, 4, 42, 0, 118, 0, 0, 91, 0, 0, 0, 196)
21 (1, 4, 63, 0, 51, 0, 0, 85, 0, 0, 0, 5)
22 (1, 4, 52, 0, 0, 0, 0, 84, 0, 0, 0, 130)
23 (1, 4, 13, 0, 0, 0, 0, 83, 0, 0, 0, 200)
24 (1, 4, 0, 0, 0, 0, 0, 84, 0, 0, 0, 157)
25 (1, 4, 0, 0, 0, 0, 0, 87, 0, 0, 0, 251)
26 (1, 4, 0, 0, 0, 0, 0, 84, 0, 0, 0, 157)
27 (1, 4, 0, 0, 0, 0, 0, 82, 0, 0, 0, 81)
28 (1, 4, 0, 0, 0, 0, 0, 83, 0, 0, 0, 142)
29 (1, 4, 0, 16, 0, 0, 0, 84, 0, 0, 0, 252)
30 (1, 4, 0, 21, 0, 0, 0, 87, 0, 0, 0, 245)
31 (1, 4, 0, 24, 0, 0, 0, 88, 0, 0, 0, 208)
0 (1, 4, 13, 52, 0, 0, 0, 80, 0, 0, 0, 215)
1 (1, 4, 0, 52, 0, 0, 0, 40, 1, 0, 0, 46)
2 (1, 4, 120, 66, 0, 0, 0, 59, 1, 1, 0, 185)
3 (1, 4, 83, 18, 0, 0, 85, 109, 1, 1, 0, 161)
4 (1, 4, 0, 3, 0, 0, 196, 149, 1, 1, 0, 145)
5 (1, 4, 0, 0, 51, 18, 172, 150, 1, 1, 0, 10)
6 (1, 4, 61, 0, 293, 27, 97, 101, 1, 1, 0, 113)
7 (1, 4, 156, 25, 435, 10, 74, 90, 1, 1, 0, 17)
8 (1, 4, 0, 153, 500, 0, 0, 135, 1, 1, 0, 0)
9 (1, 4, 50, 0, 301, 0, 0, 96, 1, 1, 0, 125)
10 (1, 4, 0, 0, 39, 0, 0, 84, 1, 1, 0, 143)
11 (1, 4, 0, 0, 0, 0, 0, 72, 1, 0, 0, 179)
12 (1, 4, 0, 0, 0, 6, 0, 77, 1, 0, 0, 91)
13 (1, 4, 0, 12, 0, 14, 0, 89, 1, 0, 0, 108)
14 (1, 4, 0, 4, 0, 9, 0, 92, 0, 0, 0, 74)
15 (1, 4, 0, 0, 0, 19, 0, 96, 0, 0, 0, 76)
16 (1, 4, 0, 18, 0, 18, 0, 87, 0, 0, 0, 62)
17 (1, 4, 0, 32, 1, 13, 0, 87, 0, 0, 0, 54)
18 (1, 4, 0, 50, 34, 16, 0, 94, 0, 0, 0, 38)
19 (1, 4, 0, 27, 66, 11, 0, 90, 0, 0, 0, 188)
20 (1, 4, 0, 31, 61, 5, 0, 86, 0, 0, 0, 96)
21 (1, 4, 0, 22, 66, 8, 0, 81, 0, 0, 0, 205)
22 (1, 4, 0, 31, 57, 10, 0, 81, 0, 0, 0, 136)
23 (1, 4, 0, 26, 55, 6, 0, 85, 0, 0, 0, 219)
24 (1, 4, 12, 28, 37, 7, 0, 84, 0, 0, 0, 180)
25 (1, 4, 40, 7, 12, 2, 0, 87, 0, 0, 0, 146)
26 (1, 4, 32, 0, 0, 1, 0, 86, 0, 0, 0, 252)
27 (1, 4, 40, 0, 0, 0, 0, 84, 0, 0, 0, 42)
28 (1, 4, 32, 0, 0, 0, 0, 83, 0, 0, 0, 73)
29 (1, 4, 22, 0, 0, 0, 0, 79, 0, 0, 0, 6)
30 (1, 4, 11, 0, 0, 0, 0, 77, 0, 0, 0, 25)
31 (1, 4, 5, 0, 0, 0, 0, 76, 0, 0, 0, 146)
0 (1, 4, 222, 184, 0, 0, 0, 73, 1, 1, 0, 62)
1 (1, 4, 163, 61, 0, 0, 88, 157, 1, 1, 0, 143)
2 (1, 4, 0, 0, 0, 0, 252, 160, 1, 1, 0, 216)
3 (1, 4, 34, 0, 158, 0, 210, 126, 1, 1, 0, 167)
4 (1, 4, 37, 0, 415, 0, 83, 68, 1, 1, 0, 40)
5 (1, 4, 77, 117, 463, 0, 0, 82, 1, 1, 0, 214)
6 (1, 4, 93, 0, 232, 0, 0, 114, 1, 1, 0, 158)
7 (1, 4, 0, 0, 10, 0, 0, 78, 1, 1, 0, 135)
8 (1, 4, 0, 0, 0, 8, 0, 57, 1, 1, 0, 200)
9 (1, 4, 11, 0, 0, 0, 0, 86, 1, 1, 0, 79)
10 (1, 4, 0, 24, 0, 0, 0, 92, 1, 1, 0, 172)
11 (1, 4, 0, 13, 0, 0, 0, 92, 1, 1, 0, 162)
12 (1, 4, 0, 39, 0, 0, 0, 90, 1, 0, 0, 25)
13 (1, 4, 0, 49, 0, 0, 0, 93, 1, 0, 0, 220)
14 (1, 4, 0, 34, 30, 3, 0, 94, 0, 0, 0, 242)
15 (1, 4, 0, 0, 69, 0, 0, 94, 0, 0, 0, 255)
16 (1, 4, 0, 0, 124, 0, 0, 86, 0, 0, 0, 188)
17 (1, 4, 0, 0, 138, 0, 0, 75, 0, 0, 0, 213)
18 (1, 4, 94, 0, 130, 0, 0, 80, 0, 0, 0, 11)
19 (1, 4, 46, 0, 117, 3, 0, 87, 0, 0, 0, 249)
20 (1, 4, 0, 36, 126, 0, 0, 97, 0, 0, 0, 234)
21 (1, 4, 0, 0, 114, 0, 0, 102, 0, 0, 0, 3)
22 (1, 4, 0, 0, 80, 0, 0, 95, 0, 0, 0, 149)
23 (1, 4, 14, 0, 50, 0, 0, 93, 0, 0, 0, 82)
24 (1, 4, 23, 0, 25, 0, 0, 86, 0, 0, 0, 185)
25 (1, 4, 23, 0, 19, 0, 0, 85, 0, 0, 0, 76)
26 (1, 4, 12, 0, 23, 0, 0, 83, 0, 0, 0, 92)
27 (1, 4, 4, 0, 19, 0, 0, 80, 0, 0, 0, 20)
28 (1, 4, 0, 0, 5, 0, 0, 79, 0, 0, 0, 8)
29 (1, 4, 0, 1, 4, 0, 0, 80, 0, 0, 0, 3)
30 (1, 4, 0, 0, 0, 0, 0, 83, 0, 0, 0, 142)
31 (1, 4, 2, 29, 0, 0, 0, 84, 0, 0, 0, 60)
0 (1, 4, 0, 0, 2, 0, 0, 88, 0, 0, 0, 45)
1 (1, 4, 27, 0, 0, 5, 0, 104, 0, 0, 0, 145)
2 (1, 4, 143, 0, 0, 24, 0, 155, 0, 0, 0, 235)
3 (1, 4, 255, 0, 39, 53, 24, 188, 0, 0, 0, 218)
4 (1, 4, 4, 0, 167, 79, 31, 95, 0, 0, 0, 159)
5 (1, 4, 0, 0, 204, 12, 0, 27, 1, 0, 0, 47)
6 (1, 4, 9, 148, 94, 0, 0, 39, 1, 1, 0, 72)
7 (1, 4, 75, 0, 0, 0, 0, 0, 1, 1, 0, 156)
8 (1, 4, 110, 110, 0, 0, 0, 12, 1, 1, 0, 183)
9 (1, 4, 0, 35, 0, 0, 84, 134, 1, 1, 0, 87)
10 (1, 4, 0, 0, 0, 0, 287, 194, 1, 1, 0, 62)
11 (1, 4, 0, 0, 71, 0, 256, 173, 1, 1, 0, 17)
12 (1, 4, 179, 0, 436, 30, 115, 75, 1, 1, 0, 185)
13 (1, 4, 55, 120, 495, 0, 10, 63, 1, 1, 0, 161)
14 (1, 4, 0, 158, 491, 0, 0, 114, 1, 1, 0, 51)
15 (1, 4, 0, 65, 280, 0, 0, 77, 1, 1, 0, 218)
16 (1, 4, 0, 0, 0, 0, 0, 64, 1, 1, 0, 50)
17 (1, 4, 0, 0, 0, 0, 0, 88, 1, 1, 0, 11)
18 (1, 4, 0, 0, 0, 0, 0, 93, 1, 1, 0, 161)
19 (1, 4, 0, 13, 0, 5, 0, 95, 1, 1, 0, 167)
20 (1, 4, 0, 22, 0, 13, 0, 95, 1, 1, 0, 85)
21 (1, 4, 0, 25, 0, 4, 0, 101, 1, 0, 0, 73)
22 (1, 4, 0, 27, 0, 19, 0, 88, 1, 0, 0, 188)
23 (1, 4, 0, 12, 20, 14, 0, 90, 1, 0, 0, 43)
24 (1, 4, 0, 29, 10, 10, 0, 86, 1, 0, 0, 174)
25 (1, 4, 0, 48, 65, 14, 0, 77, 1, 0, 0, 111)
26 (1, 4, 0, 51, 46, 2, 0, 85, 0, 0, 0, 52)
27 (1, 4, 0, 56, 37, 0, 0, 85, 0, 0, 0, 102)
28 (1, 4, 0, 27, 26, 0, 0, 93, 0, 0, 0, 78)
29 (1, 4, 0, 0, 31, 0, 0, 90, 0, 0, 0, 157)
0 (1, 4, 131, 0, 143, 22, 0, 101, 0, 0, 0, 42)
1 (1, 4, 3, 0, 177, 0, 0, 69, 0, 0, 0, 103)
2 (1, 4, 0, 0, 150, 0, 0, 55, 0, 0, 0, 224)
3 (1, 4, 1, 0, 61, 0, 0, 60, 1, 0, 0, 8)
4 (1, 4, 26, 0, 24, 0, 0, 60, 1, 0, 0, 190)
5 (1, 4, 0, 22, 7, 0, 0, 56, 1, 0, 0, 183)
6 (1, 4, 0, 122, 0, 0, 0, 39, 1, 0, 0, 80)
7 (1, 4, 0, 37, 0, 0, 0, 16, 0, 0, 0, 0)
8 (1, 4, 112, 128, 0, 0, 0, 31, 0, 0, 0, 251)
9 (1, 4, 313, 71, 0, 0, 50, 133, 0, 0, 0, 254)
10 (1, 4, 0, 0, 0, 0, 259, 166, 1, 0, 0, 99)
11 (1, 4, 0, 0, 28, 0, 252, 190, 1, 1, 0, 176)
12 (1, 4, 93, 0, 412, 7, 129, 106, 1, 1, 0, 206)
13 (1, 4, 121, 129, 586, 0, 7, 77, 1, 1, 0, 172)
14 (1, 4, 165, 56, 511, 0, 0, 114, 1, 1, 0, 130)
15 (1, 4, 0, 0, 96, 0, 0, 58, 1, 1, 0, 83)
16 (1, 4, 0, 0, 0, 19, 0, 31, 1, 1, 0, 139)
17 (1, 4, 0, 38, 0, 7, 0, 75, 1, 1, 0, 150)
18 (1, 4, 0, 40, 0, 0, 0, 101, 1, 0, 0, 35)
19 (1, 4, 0, 12, 0, 16, 0, 90, 1, 0, 0, 71)
20 (1, 4, 0, 18, 0, 15, 0, 90, 0, 0, 0, 18)
21 (1, 4, 0, 29, 4, 15, 0, 93, 0, 0, 0, 238)
22 (1, 4, 0, 48, 55, 18, 0, 95, 0, 0, 0, 31)
23 (1, 4, 10, 59, 124, 10, 0, 86, 0, 0, 0, 222)
24 (1, 4, 5, 49, 144, 8, 0, 85, 0, 0, 0, 20)
25 (1, 4, 0, 63, 108, 0, 0, 89, 0, 0, 0, 40)
26 (1, 4, 0, 97, 47, 0, 0, 98, 0, 0, 0, 112)
27 (1, 4, 0, 54, 36, 0, 0, 96, 0, 0, 0, 46)
28 (1, 4, 0, 36, 46, 0, 0, 94, 0, 0, 0, 229)
29 (1, 4, 0, 26, 61, 0, 0, 94, 0, 0, 0, 134)
0 (1, 4, 166, 0, 101, 9, 0, 109, 0, 0, 0, 4)
1 (1, 4, 185, 0, 143, 8, 0, 82, 0, 0, 0, 77)
2 (1, 4, 41, 0, 154, 0, 0, 72, 0, 0, 0, 117)
3 (1, 4, 0, 41, 127, 0, 0, 86, 0, 0, 0, 195)
4 (1, 4, 0, 23, 0, 0, 0, 84, 0, 0, 0, 254)
5 (1, 4, 0, 0, 0, 0, 0, 74, 1, 0, 0, 10)
6 (1, 4, 0, 54, 0, 0, 0, 38, 0, 0, 0, 7)
7 (1, 4, 0, 113, 0, 0, 0, 53, 0, 0, 0, 51)
8 (1, 4, 16, 112, 0, 0, 7, 96, 0, 0, 0, 50)
9 (1, 4, 0, 82, 0, 0, 98, 156, 0, 0, 0, 210)
10 (1, 4, 0, 62, 0, 0, 162, 221, 1, 0, 0, 44)
11 (1, 4, 146, 0, 159, 0, 195, 203, 1, 1, 0, 175)
12 (1, 4, 193, 0, 437, 26, 78, 107, 1, 1, 0, 145)
13 (1, 4, 96, 12, 470, 0, 0, 62, 1, 1, 0, 93)
14 (1, 4, 134, 158, 510, 0, 0, 99, 1, 0, 0, 208)
15 (1, 4, 0, 0, 153, 0, 0, 79, 1, 0, 0, 6)
16 (1, 4, 0, 0, 11, 10, 0, 50, 1, 0, 0, 22)
17 (1, 4, 0, 1, 0, 12, 0, 71, 1, 0, 0, 123)
18 (1, 4, 12, 11, 0, 1, 0, 89, 1, 0, 0, 131)
19 (1, 4, 0, 2, 0, 3, 0, 86, 1, 0, 0, 10)
20 (1, 4, 0, 24, 0, 20, 0, 83, 0, 0, 0, 215)
21 (1, 4, 0, 27, 0, 18, 0, 82, 0, 0, 0, 146)
22 (1, 4, 0, 129, 0, 22, 0, 83, 0, 0, 0, 143)
23 (1, 4, 0, 138, 0, 14, 0, 98, 0, 0, 0, 70)
24 (1, 4, 0, 97, 7, 0, 0, 105, 0, 0, 0, 190)
25 (1, 4, 0, 44, 9, 0, 0, 93, 0, 0, 0, 43)
26 (1, 4, 0, 47, 19, 0, 0, 88, 0, 0, 0, 181)
27 (1, 4, 0, 56, 29, 0, 0, 80, 0, 0, 0, 241)
28 (1, 4, 0, 81, 55, 0, 0, 77, 0, 0, 0, 72)
29 (1, 4, 0, 110, 57, 0, 0, 81, 0, 0, 0, 219)
30 (1, 4, 0, 76, 73, 0, 0, 87, 0, 0, 0, 194)
31 (1, 4, 0, 24, 69, 0, 0, 85, 0, 0, 0, 161)
0 (1, 4, 0, 100, 140, 0, 0, 83, 1, 0, 0, 100)
1 (1, 4, 0, 105, 0, 0, 0, 25, 1, 1, 0, 214)
2 (1, 4, 0, 240, 0, 0, 0, 20, 1, 1, 0, 240)
3 (1, 4, 0, 254, 0, 0, 0, 97, 1, 1, 0, 105)
4 (1, 4, 0, 51, 0, 1, 72, 175, 1, 1, 0, 26)
5 (1, 4, 0, 49, 0, 25, 181, 226, 1, 1, 0, 128)
6 (1, 4, 88, 0, 85, 29, 177, 190, 1, 1, 0, 87)
7 (1, 4, 159, 0, 342, 25, 76, 117, 1, 1, 0, 197)
8 (1, 4, 39, 15, 465, 8, 30, 39, 1, 1, 0, 136)
9 (1, 4, 134, 10, 373, 0, 0, 83, 1, 0, 0, 238)
10 (1, 4, 0, 0, 92, 0, 0, 56, 1, 0, 0, 226)
11 (1, 4, 0, 0, 0, 1, 0, 26, 1, 0, 0, 131)
12 (1, 4, 0, 86, 0, 8, 0, 52, 1, 0, 0, 182)
13 (1, 4, 0, 147, 0, 0, 0, 73, 0, 0, 0, 182)
14 (1, 4, 0, 159, 0, 3, 0, 84, 0, 0, 0, 109)
15 (1, 4, 0, 123, 34, 0, 0, 94, 0, 0, 0, 84)
16 (1, 4, 0, 58, 77, 0, 0, 81, 0, 0, 0, 199)
17 (1, 4, 0, 8, 87, 0, 0, 65, 0, 0, 0, 54)
18 (1, 4, 0, 0, 71, 0, 0, 55, 0, 0, 0, 1)
19 (1, 4, 0, 0, 46, 0, 0, 48, 0, 0, 0, 63)
20 (1, 4, 0, 0, 31, 0, 0, 42, 0, 0, 0, 170)
21 (1, 4, 0, 0, 23, 0, 0, 35, 0, 0, 0, 35)
22 (1, 4, 51, 0, 28, 0, 0, 33, 0, 0, 0, 168)
23 (1, 4, 81, 0, 25, 0, 0, 31, 0, 0, 0, 100)
24 (1, 4, 78, 0, 39, 0, 0, 32, 0, 0, 0, 25)
25 (1, 4, 59, 0, 42, 0, 0, 34, 0, 0, 0, 78)
26 (1, 4, 0, 0, 36, 0, 0, 33, 0, 0, 0, 160)
27 (1, 4, 0, 0, 28, 0, 0, 37, 0, 0, 0, 232)
28 (1, 4, 0, 0, 14, 0, 0, 40, 0, 0, 0, 248)
29 (1, 4, 8, 12, 2, 0, 0, 44, 0, 0, 0, 118)
30 (1, 4, 13, 30, 0, 0, 0, 46, 0, 0, 0, 218)
31 (1, 4, 23, 30, 0, 0, 0, 50, 0, 0, 0, 26)

