0 (1, 4, 0, 0, 0, 7, 21, 0, 0, 0, 0, 60)
1 (1, 4, 0, 0, 0, 2, 68, 0, 0, 0, 0, 185)
2 (1, 4, 89, 19, 235, 10, 78, 0, 0, 0, 0, 47)
3 (1, 4, 326, 397, 501, 0, 38, 0, 0, 0, 0, 233)
4 (1, 4, 187, 680, 864, 0, 45, 0, 0, 0, 0, 39)
5 (1, 4, 0, 873, 873, 0, 0, 0, 0, 0, 0, 219)
6 (1, 4, 478, 873, 551, 0, 0, 0, 0, 0, 0, 154)
7 (1, 4, 327, 873, 270, 0, 0, 0, 0, 0, 0, 32)
8 (1, 4, 97, 574, 22, 0, 0, 68, 0, 0, 0, 106)
9 (1, 4, 0, 55, 0, 0, 0, 46, 0, 0, 0, 88)
10 (1, 4, 0, 0, 0, 0, 0, 8, 0, 0, 0, 148)
11 (1, 4, 0, 0, 0, 0, 0, 0, 0, 0, 0, 126)
12 (1, 4, 14, 0, 0, 0, 0, 0, 0, 0, 0, 42)
13 (1, 4, 91, 0, 58, 0, 0, 0, 0, 0, 0, 103)
14 (1, 4, 24, 0, 33, 0, 0, 0, 0, 0, 0, 132)
15 (1, 4, 67, 0, 77, 0, 0, 0, 0, 0, 0, 104)
16 (1, 4, 33, 0, 124, 0, 0, 0, 0, 0, 0, 47)
17 (1, 4, 0, 0, 78, 0, 0, 1, 0, 0, 0, 151)
18 (1, 4, 0, 0, 0, 0, 0, 0, 0, 0, 0, 126)
19 (1, 4, 0, 0, 0, 0, 0, 0, 0, 0, 0, 126)
20 (1, 4, 0, 0, 0, 0, 0, 0, 0, 0, 0, 126)
21 (1, 4, 0, 0, 0, 0, 0, 0, 0, 0, 0, 126)
22 (1, 4, 0, 0, 30, 0, 0, 0, 0, 0, 0, 204)
23 (1, 4, 241, 0, 0, 0, 0, 0, 0, 0, 0, 203)
24 (1, 4, 339, 0, 0, 0, 0, 0, 0, 0, 0, 7)
25 (1, 4, 117, 0, 0, 12, 0, 0, 0, 0, 0, 98)
26 (1, 4, 0, 0, 0, 32, 0, 0, 0, 0, 0, 151)
27 (1, 4, 0, 0, 68, 6, 0, 0, 0, 0, 0, 153)
28 (1, 4, 0, 103, 163, 0, 0, 0, 0, 0, 0, 137)
29 (1, 4, 0, 110, 25, 0, 0, 0, 0, 0, 0, 108)
30 (1, 4, 62, 107, 56, 12, 0, 0, 0, 0, 0, 158)
31 (1, 4, 3, 97, 78, 6, 0, 0, 0, 0, 0, 236)
0 (1, 4, 23, 0, 0, 5, 0, 0, 0, 0, 0, 215)
1 (1, 4, 4, 0, 23, 9, 0, 0, 0, 0, 0, 59)
2 (1, 4, 46, 0, 77, 9, 0, 0, 0, 0, 0, 135)
3 (1, 4, 59, 0, 69, 31, 0, 0, 0, 0, 0, 88)
4 (1, 4, 0, 28, 61, 32, 0, 0, 0, 0, 0, 104)
5 (1, 4, 81, 75, 0, 18, 0, 0, 0, 0, 0, 56)
6 (1, 4, 267, 94, 0, 21, 0, 0, 0, 0, 0, 108)
7 (1, 4, 73, 0, 0, 23, 0, 13, 0, 0, 0, 99)
8 (1, 4, 0, 60, 24, 0, 0, 0, 0, 0, 0, 119)
9 (1, 4, 0, 186, 0, 0, 0, 0, 0, 0, 0, 2)
10 (1, 4, 39, 201, 0, 0, 0, 0, 0, 0, 0, 23)
11 (1, 4, 12, 118, 38, 0, 0, 22, 0, 0, 0, 49)
12 (1, 4, 0, 0, 53, 1, 0, 30, 0, 0, 0, 223)
13 (1, 4, 64, 0, 0, 0, 0, 33, 0, 0, 0, 137)
14 (1, 4, 235, 0, 0, 0, 0, 20, 0, 0, 0, 225)
15 (1, 4, 0, 0, 0, 16, 0, 0, 0, 0, 0, 137)
16 (1, 4, 26, 0, 0, 18, 0, 0, 0, 0, 0, 59)
17 (1, 4, 0, 0, 0, 8, 13, 0, 0, 0, 0, 221)
18 (1, 4, 0, 0, 0, 22, 48, 0, 0, 0, 0, 67)
19 (1, 4, 34, 0, 213, 0, 25, 0, 0, 0, 0, 39)
20 (1, 4, 0, 738, 761, 0, 0, 0, 0, 0, 0, 135)
21 (1, 4, 64, 873, 873, 0, 13, 0, 0, 0, 0, 9)
22 (1, 4, 103, 873, 701, 0, 0, 0, 0, 0, 0, 201)
23 (1, 4, 0, 873, 357, 0, 0, 0, 0, 0, 0, 131)
24 (1, 4, 32, 291, 114, 0, 0, 68, 0, 0, 0, 35)
25 (1, 4, 0, 0, 0, 0, 0, 28, 0, 0, 0, 50)
26 (1, 4, 0, 0, 0, 0, 0, 2, 0, 0, 0, 199)
27 (1, 4, 0, 0, 0, 0, 0, 0, 0, 0, 0, 126)
28 (1, 4, 0, 0, 0, 0, 0, 0, 0, 0, 0, 126)
29 (1, 4, 0, 0, 1, 0, 0, 0, 0, 0, 0, 234)
0 (1, 4, 375, 0, 0, 0, 0, 0, 0, 0, 0, 248)
1 (1, 4, 289, 0, 0, 0, 0, 0, 0, 0, 0, 181)
2 (1, 4, 24, 0, 0, 0, 0, 0, 0, 0, 0, 238)
3 (1, 4, 0, 0, 0, 0, 1, 0, 0, 0, 0, 7)
4 (1, 4, 0, 0, 0, 0, 0, 0, 0, 0, 0, 126)
5 (1, 4, 72, 144, 489, 0, 0, 0, 0, 0, 0, 102)
6 (1, 4, 393, 873, 873, 0, 0, 0, 0, 0, 0, 178)
7 (1, 4, 404, 873, 873, 0, 107, 0, 0, 0, 0, 73)
8 (1, 4, 563, 873, 870, 0, 0, 0, 0, 0, 0, 179)
9 (1, 4, 207, 689, 474, 0, 0, 69, 0, 0, 0, 54)
10 (1, 4, 95, 46, 0, 0, 0, 37, 0, 0, 0, 128)
11 (1, 4, 0, 0, 0, 0, 0, 28, 0, 0, 0, 50)
12 (1, 4, 0, 0, 0, 0, 0, 0, 0, 0, 0, 126)
13 (1, 4, 0, 0, 0, 0, 0, 0, 0, 0, 0, 126)
14 (1, 4, 0, 0, 0, 0, 0, 0, 0, 0, 0, 126)
15 (1, 4, 0, 0, 0, 0, 0, 0, 0, 0, 0, 126)
16 (1, 4, 0, 0, 0, 0, 0, 0, 0, 0, 0, 126)
17 (1, 4, 0, 0, 0, 0, 0, 0, 0, 0, 0, 126)
18 (1, 4, 0, 0, 0, 0, 0, 0, 0, 0, 0, 126)
19 (1, 4, 0, 0, 0, 0, 0, 0, 0, 0, 0, 126)
20 (1, 4, 0, 0, 0, 0, 0, 0, 0, 0, 0, 126)
21 (1, 4, 0, 0, 0, 0, 0, 0, 0, 0, 0, 126)
22 (1, 4, 0, 0, 0, 0, 0, 0, 0, 0, 0, 126)
23 (1, 4, 0, 0, 0, 0, 0, 0, 0, 0, 0, 126)
24 (1, 4, 0, 0, 0, 0, 0, 0, 0, 0, 0, 126)
25 (1, 4, 30, 35, 4, 0, 0, 0, 0, 0, 0, 142)
26 (1, 4, 68, 49, 0, 0, 0, 0, 0, 0, 0, 217)
27 (1, 4, 46, 64, 3, 0, 0, 0, 0, 0, 0, 213)
28 (1, 4, 27, 70, 3, 0, 0, 0, 0, 0, 0, 115)
29 (1, 4, 34, 47, 0, 0, 0, 0, 0, 0, 0, 214)
30 (1, 4, 17, 27, 0, 0, 0, 0, 0, 0, 0, 154)
31 (1, 4, 11, 3, 0, 0, 0, 0, 0, 0, 0, 196)
0 (1, 4, 436, 0, 0, 0, 0, 0, 0, 0, 0, 118)
1 (1, 4, 390, 0, 0, 0, 0, 0, 0, 0, 0, 77)
2 (1, 4, 0, 0, 0, 0, 0, 0, 0, 0, 0, 126)
3 (1, 4, 0, 0, 0, 0, 0, 0, 0, 0, 0, 126)
4 (1, 4, 0, 0, 0, 0, 0, 0, 1, 0, 0, 28)
5 (1, 4, 0, 0, 245, 0, 0, 0, 1, 0, 0, 93)
6 (1, 4, 445, 873, 733, 0, 0, 0, 0, 0, 0, 222)
7 (1, 4, 47, 873, 873, 0, 172, 0, 0, 0, 0, 93)
8 (1, 4, 454, 873, 873, 0, 0, 0, 0, 0, 0, 97)
9 (1, 4, 243, 641, 723, 0, 0, 47, 0, 0, 0, 130)
10 (1, 4, 94, 124, 84, 0, 0, 23, 0, 0, 0, 16)
11 (1, 4, 0, 0, 0, 0, 0, 27, 0, 0, 0, 33)
12 (1, 4, 0, 0, 0, 0, 0, 0, 0, 0, 0, 126)
13 (1, 4, 0, 0, 0, 0, 0, 0, 0, 0, 0, 126)
14 (1, 4, 0, 0, 0, 0, 0, 0, 0, 0, 0, 126)
15 (1, 4, 0, 0, 0, 0, 0, 0, 0, 0, 0, 126)
16 (1, 4, 0, 0, 0, 0, 0, 0, 0, 0, 0, 126)
17 (1, 4, 0, 0, 0, 0, 0, 0, 0, 0, 0, 126)
18 (1, 4, 0, 0, 0, 0, 0, 0, 1, 0, 0, 28)
19 (1, 4, 0, 0, 0, 0, 0, 0, 0, 0, 0, 126)
20 (1, 4, 0, 0, 0, 0, 0, 0, 0, 0, 0, 126)
21 (1, 4, 0, 0, 0, 0, 0, 0, 0, 0, 0, 126)
22 (1, 4, 28, 0, 0, 0, 0, 0, 0, 0, 0, 214)
23 (1, 4, 82, 0, 0, 0, 0, 0, 0, 0, 0, 11)
24 (1, 4, 70, 0, 0, 0, 0, 0, 0, 0, 0, 211)
25 (1, 4, 34, 17, 0, 0, 0, 0, 0, 0, 0, 113)
26 (1, 4, 29, 68, 0, 0, 0, 0, 0, 0, 0, 129)
27 (1, 4, 40, 92, 0, 0, 0, 0, 0, 0, 0, 66)
28 (1, 4, 53, 104, 0, 0, 0, 0, 0, 0, 0, 157)
29 (1, 4, 50, 116, 16, 0, 0, 0, 0, 0, 0, 192)
30 (1, 4, 40, 104, 15, 0, 0, 0, 0, 0, 0, 98)
31 (1, 4, 24, 98, 10, 0, 0, 0, 0, 0, 0, 81)
0 (1, 4, 0, 0, 0, 0, 0, 0, 0, 0, 0, 126)
1 (1, 4, 0, 33, 283, 0, 0, 0, 0, 0, 0, 44)
2 (1, 4, 167, 542, 457, 0, 0, 0, 0, 0, 0, 81)
3 (1, 4, 0, 873, 873, 0, 63, 0, 0, 0, 0, 250)
4 (1, 4, 389, 873, 873, 0, 0, 0, 0, 0, 0, 250)
5 (1, 4, 155, 873, 696, 0, 0, 5, 0, 0, 0, 90)
6 (1, 4, 282, 290, 331, 0, 0, 16, 0, 0, 0, 200)
7 (1, 4, 93, 144, 8, 0, 0, 31, 0, 0, 0, 167)
8 (1, 4, 0, 0, 0, 0, 0, 16, 0, 0, 0, 173)
9 (1, 4, 0, 0, 0, 0, 0, 12, 0, 0, 0, 225)
10 (1, 4, 0, 0, 0, 0, 0, 1, 0, 0, 0, 161)
11 (1, 4, 0, 0, 0, 0, 0, 0, 0, 0, 0, 126)
12 (1, 4, 0, 0, 0, 0, 0, 0, 0, 0, 0, 126)
13 (1, 4, 0, 0, 0, 0, 0, 0, 0, 0, 0, 126)
14 (1, 4, 0, 0, 0, 0, 0, 0, 0, 0, 0, 126)
15 (1, 4, 0, 0, 0, 0, 0, 0, 0, 0, 0, 126)
16 (1, 4, 0, 0, 0, 0, 0, 0, 0, 0, 0, 126)
17 (1, 4, 0, 0, 0, 0, 0, 0, 0, 0, 0, 126)
18 (1, 4, 0, 0, 0, 0, 0, 0, 0, 0, 0, 126)
19 (1, 4, 0, 0, 0, 0, 0, 0, 0, 0, 0, 126)
20 (1, 4, 0, 0, 0, 0, 0, 0, 0, 0, 0, 126)
21 (1, 4, 0, 0, 0, 0, 0, 0, 0, 0, 0, 126)
22 (1, 4, 0, 0, 0, 0, 0, 0, 0, 0, 0, 126)
23 (1, 4, 39, 0, 0, 0, 0, 0, 0, 0, 0, 147)
24 (1, 4, 29, 24, 0, 0, 0, 0, 0, 0, 0, 10)
25 (1, 4, 0, 95, 24, 0, 0, 0, 0, 0, 0, 238)
26 (1, 4, 36, 110, 55, 0, 0, 0, 0, 0, 0, 160)
27 (1, 4, 70, 92, 49, 0, 0, 0, 0, 0, 0, 77)
28 (1, 4, 38, 81, 7, 0, 0, 0, 0, 0, 0, 47)
29 (1, 4, 18, 85, 0, 0, 0, 0, 0, 0, 0, 15)
30 (1, 4, 19, 118, 0, 0, 0, 0, 0, 0, 0, 27)
31 (1, 4, 50, 170, 0, 0, 0, 0, 0, 0, 0, 88)
0 (1, 4, 47, 326, 311, 0, 0, 0, 0, 0, 0, 11)
1 (1, 4, 293, 873, 828, 0, 0, 0, 0, 0, 0, 102)
2 (1, 4, 0, 873, 873, 0, 24, 0, 0, 0, 0, 159)
3 (1, 4, 556, 873, 748, 0, 0, 0, 0, 0, 0, 54)
4 (1, 4, 235, 235, 373, 0, 0, 85, 0, 0, 0, 189)
5 (1, 4, 79, 0, 0, 0, 0, 27, 0, 0, 0, 242)
6 (1, 4, 0, 0, 0, 0, 0, 33, 0, 0, 0, 0)
7 (1, 4, 0, 0, 0, 0, 0, 8, 0, 0, 0, 148)
8 (1, 4, 0, 0, 24, 0, 0, 0, 0, 0, 0, 189)
9 (1, 4, 0, 0, 85, 0, 0, 0, 0, 0, 0, 48)
10 (1, 4, 0, 0, 141, 0, 0, 0, 0, 0, 0, 249)
11 (1, 4, 0, 0, 111, 0, 0, 0, 0, 0, 0, 34)
12 (1, 4, 0, 0, 28, 0, 0, 0, 0, 0, 0, 227)
13 (1, 4, 0, 0, 0, 0, 0, 0, 0, 0, 0, 126)
14 (1, 4, 0, 0, 0, 0, 0, 0, 0, 0, 0, 126)
15 (1, 4, 0, 0, 0, 0, 0, 0, 0, 0, 0, 126)
16 (1, 4, 0, 0, 0, 0, 0, 0, 0, 0, 0, 126)
17 (1, 4, 0, 0, 0, 0, 0, 0, 0, 0, 0, 126)
18 (1, 4, 0, 0, 25, 0, 0, 0, 0, 0, 0, 41)
19 (1, 4, 30, 0, 6, 0, 0, 0, 0, 0, 0, 187)
20 (1, 4, 52, 84, 0, 0, 0, 0, 0, 0, 0, 89)
21 (1, 4, 86, 82, 0, 0, 0, 0, 0, 0, 0, 188)
22 (1, 4, 98, 45, 0, 0, 0, 0, 0, 0, 0, 50)
23 (1, 4, 103, 34, 0, 0, 0, 0, 0, 0, 0, 181)
24 (1, 4, 97, 40, 0, 0, 0, 0, 0, 0, 0, 79)
25 (1, 4, 33, 50, 0, 0, 0, 0, 0, 0, 0, 121)
26 (1, 4, 0, 81, 0, 0, 0, 0, 0, 0, 0, 41)
27 (1, 4, 0, 86, 0, 0, 0, 0, 0, 0, 0, 43)
28 (1, 4, 0, 95, 3, 0, 0, 0, 0, 0, 0, 150)
29 (1, 4, 0, 94, 16, 0, 0, 0, 0, 0, 0, 231)
30 (1, 4, 0, 131, 25, 0, 0, 0, 0, 0, 0, 240)
31 (1, 4, 0, 117, 42, 0, 0, 0, 0, 0, 0, 92)
0 (1, 4, 116, 873, 873, 0, 31, 0, 0, 0, 0, 97)
1 (1, 4, 104, 873, 873, 0, 27, 0, 0, 0, 0, 42)
2 (1, 4, 727, 873, 873, 0, 0, 0, 0, 0, 0, 137)
3 (1, 4, 223, 511, 504, 0, 0, 116, 0, 0, 0, 5)
4 (1, 4, 35, 5, 0, 0, 0, 35, 0, 0, 0, 3)
5 (1, 4, 0, 0, 0, 0, 0, 45, 0, 0, 0, 159)
6 (1, 4, 0, 0, 0, 0, 0, 4, 0, 0, 0, 11)
7 (1, 4, 0, 0, 0, 0, 0, 0, 0, 0, 0, 126)
8 (1, 4, 0, 0, 0, 0, 0, 0, 0, 0, 0, 126)
9 (1, 4, 0, 0, 0, 0, 0, 0, 0, 0, 0, 126)
10 (1, 4, 0, 0, 0, 0, 0, 0, 0, 0, 0, 126)
11 (1, 4, 0, 0, 32, 0, 0, 0, 0, 0, 0, 128)
12 (1, 4, 0, 0, 25, 0, 0, 0, 0, 0, 0, 41)
13 (1, 4, 0, 0, 17, 0, 0, 0, 0, 0, 0, 149)
14 (1, 4, 0, 0, 39, 0, 0, 0, 1, 1, 0, 108)
15 (1, 4, 0, 0, 10, 0, 0, 0, 0, 0, 0, 237)
16 (1, 4, 0, 0, 0, 0, 0, 0, 0, 0, 0, 126)
17 (1, 4, 0, 0, 0, 0, 0, 0, 0, 0, 0, 126)
18 (1, 4, 0, 0, 2, 0, 0, 0, 0, 0, 0, 81)
19 (1, 4, 0, 0, 11, 0, 0, 0, 0, 0, 0, 121)
20 (1, 4, 0, 28, 10, 0, 0, 0, 0, 0, 0, 229)
21 (1, 4, 32, 86, 0, 0, 0, 0, 0, 0, 0, 236)
22 (1, 4, 86, 111, 0, 0, 0, 0, 0, 0, 0, 195)
23 (1, 4, 97, 112, 0, 0, 0, 0, 0, 0, 0, 30)
24 (1, 4, 109, 82, 0, 0, 0, 0, 0, 0, 0, 249)
25 (1, 4, 91, 51, 0, 0, 0, 0, 0, 0, 0, 14)
26 (1, 4, 64, 31, 0, 0, 0, 0, 0, 0, 0, 39)
27 (1, 4, 26, 34, 0, 0, 0, 0, 0, 0, 0, 93)
28 (1, 4, 11, 19, 0, 0, 0, 0, 0, 0, 0, 165)
29 (1, 4, 25, 13, 14, 0, 0, 0, 0, 0, 0, 241)
30 (1, 4, 3, 20, 11, 0, 0, 0, 0, 0, 0, 208)
31 (1, 4, 13, 28, 10, 0, 0, 0, 0, 0, 0, 163)
0 (1, 4, 79, 45, 0, 0, 0, 0, 0, 0, 0, 179)
1 (1, 4, 119, 2, 0, 0, 0, 0, 0, 0, 0, 151)
2 (1, 4, 195, 0, 0, 0, 0, 0, 0, 0, 0, 240)
3 (1, 4, 256, 0, 0, 0, 0, 16, 0, 0, 0, 175)
4 (1, 4, 79, 0, 0, 7, 0, 6, 0, 0, 0, 60)
5 (1, 4, 0, 0, 0, 5, 0, 0, 0, 0, 0, 29)
6 (1, 4, 0, 0, 0, 0, 0, 0, 0, 0, 0, 126)
7 (1, 4, 0, 0, 0, 0, 28, 0, 1, 1, 0, 208)
8 (1, 4, 0, 179, 249, 0, 0, 0, 1, 1, 0, 174)
9 (1, 4, 0, 347, 295, 0, 0, 0, 1, 1, 0, 93)
10 (1, 4, 0, 173, 339, 0, 0, 0, 1, 0, 0, 97)
11 (1, 4, 0, 637, 776, 0, 0, 0, 1, 1, 0, 29)
12 (1, 4, 36, 873, 873, 0, 0, 0, 0, 0, 0, 36)
13 (1, 4, 869, 873, 873, 0, 3, 0, 0, 0, 0, 46)
14 (1, 4, 365, 872, 410, 0, 0, 100, 0, 1, 0, 20)
15 (1, 4, 306, 0, 0, 0, 0, 58, 0, 0, 0, 102)
16 (1, 4, 0, 0, 0, 0, 0, 45, 0, 0, 0, 159)
17 (1, 4, 0, 0, 0, 0, 0, 26, 0, 0, 0, 254)
18 (1, 4, 0, 0, 0, 0, 0, 0, 0, 0, 0, 126)
19 (1, 4, 0, 0, 0, 0, 0, 0, 0, 0, 0, 126)
20 (1, 4, 0, 0, 0, 0, 0, 0, 0, 0, 0, 126)
21 (1, 4, 0, 0, 0, 0, 0, 0, 0, 0, 0, 126)
22 (1, 4, 0, 0, 0, 0, 0, 0, 0, 0, 0, 126)
23 (1, 4, 0, 0, 0, 0, 0, 0, 0, 0, 0, 126)
24 (1, 4, 0, 0, 0, 0, 0, 0, 0, 0, 0, 126)
25 (1, 4, 0, 0, 0, 0, 0, 0, 0, 0, 0, 126)
26 (1, 4, 0, 0, 0, 0, 0, 0, 0, 0, 0, 126)
27 (1, 4, 0, 0, 0, 0, 0, 0, 0, 0, 0, 126)
28 (1, 4, 0, 0, 0, 0, 0, 0, 0, 0, 0, 126)
29 (1, 4, 0, 0, 0, 0, 0, 0, 0, 0, 0, 126)
30 (1, 4, 0, 0, 0, 0, 0, 0, 0, 0, 0, 126)
31 (1, 4, 0, 0, 0, 0, 0, 0, 0, 0, 0, 126)
0 (1, 4, 0, 0, 0, 0, 0, 0, 0, 0, 0, 126)
1 (1, 4, 0, 0, 0, 0, 0, 0, 0, 0, 0, 126)
2 (1, 4, 0, 0, 53, 0, 0, 0, 0, 0, 0, 53)
3 (1, 4, 40, 138, 306, 0, 0, 0, 0, 0, 0, 229)
4 (1, 4, 260, 561, 579, 0, 0, 0, 0, 0, 0, 101)
5 (1, 4, 181, 873, 873, 0, 0, 0, 0, 0, 0, 223)
6 (1, 4, 538, 873, 873, 0, 0, 0, 0, 0, 0, 83)
7 (1, 4, 440, 873, 493, 0, 0, 55, 0, 0, 0, 239)
8 (1, 4, 228, 172, 112, 0, 0, 25, 0, 0, 0, 43)
9 (1, 4, 39, 0, 0, 0, 0, 28, 0, 0, 0, 223)
10 (1, 4, 0, 0, 0, 0, 0, 14, 0, 0, 0, 88)
11 (1, 4, 0, 0, 0, 0, 0, 1, 0, 0, 0, 161)
12 (1, 4, 0, 0, 0, 0, 0, 0, 0, 0, 0, 126)
13 (1, 4, 0, 0, 0, 0, 0, 0, 0, 0, 0, 126)
14 (1, 4, 0, 0, 0, 0, 0, 0, 0, 0, 0, 126)
15 (1, 4, 0, 0, 0, 0, 0, 0, 0, 0, 0, 126)
16 (1, 4, 0, 0, 0, 0, 0, 0, 0, 0, 0, 126)
17 (1, 4, 0, 0, 0, 0, 0, 0, 0, 0, 0, 126)
18 (1, 4, 0, 0, 0, 0, 0, 0, 0, 0, 0, 126)
19 (1, 4, 0, 0, 0, 0, 0, 0, 0, 0, 0, 126)
20 (1, 4, 0, 0, 0, 0, 0, 0, 0, 0, 0, 126)
21 (1, 4, 0, 0, 0, 0, 0, 0, 0, 0, 0, 126)
22 (1, 4, 0, 0, 0, 0, 0, 0, 0, 0, 0, 126)
23 (1, 4, 0, 0, 0, 0, 0, 0, 0, 0, 0, 126)
24 (1, 4, 30, 0, 23, 0, 0, 0, 0, 0, 0, 80)
25 (1, 4, 23, 0, 11, 0, 0, 0, 0, 0, 0, 179)
26 (1, 4, 13, 16, 0, 0, 0, 0, 0, 0, 0, 89)
27 (1, 4, 18, 4, 0, 0, 0, 0, 0, 0, 0, 88)
28 (1, 4, 29, 5, 0, 0, 0, 0, 0, 0, 0, 183)
29 (1, 4, 35, 39, 0, 0, 0, 0, 0, 0, 0, 107)
30 (1, 4, 43, 63, 0, 0, 0, 0, 0, 0, 0, 201)
31 (1, 4, 60, 68, 0, 0, 0, 0, 0, 0, 0, 72)
0 (1, 4, 9, 0, 0, 25, 0, 0, 0, 0, 0, 16)
1 (1, 4, 0, 0, 0, 37, 0, 0, 0, 0, 0, 244)
2 (1, 4, 0, 0, 0, 53, 0, 0, 1, 0, 0, 97)
3 (1, 4, 24, 0, 0, 75, 0, 0, 1, 0, 0, 128)
4 (1, 4, 10, 21, 0, 61, 0, 0, 0, 0, 0, 153)
5 (1, 4, 0, 0, 55, 45, 0, 0, 0, 0, 0, 104)
6 (1, 4, 0, 0, 28, 33, 0, 0, 0, 0, 0, 21)
7 (1, 4, 0, 0, 55, 1, 9, 0, 1, 0, 0, 223)
8 (1, 4, 0, 0, 427, 0, 7, 0, 0, 0, 0, 67)
9 (1, 4, 46, 420, 873, 0, 0, 0, 0, 0, 0, 219)
10 (1, 4, 0, 873, 873, 0, 44, 0, 0, 0, 0, 244)
11 (1, 4, 208, 873, 873, 0, 0, 0, 0, 0, 0, 167)
12 (1, 4, 220, 744, 601, 0, 0, 11, 0, 0, 0, 238)
13 (1, 4, 185, 309, 233, 0, 0, 49, 0, 0, 0, 106)
14 (1, 4, 52, 0, 0, 0, 0, 40, 0, 0, 0, 42)
15 (1, 4, 0, 0, 0, 0, 0, 21, 0, 0, 0, 7)
16 (1, 4, 0, 0, 0, 0, 0, 0, 0, 0, 0, 126)
17 (1, 4, 0, 0, 0, 0, 0, 0, 0, 0, 0, 126)
18 (1, 4, 5, 0, 67, 0, 0, 0, 0, 0, 0, 8)
19 (1, 4, 12, 0, 104, 0, 0, 0, 0, 0, 0, 143)
20 (1, 4, 0, 0, 105, 0, 0, 0, 0, 0, 0, 83)
21 (1, 4, 0, 0, 39, 0, 0, 0, 0, 0, 0, 101)
22 (1, 4, 0, 0, 0, 0, 0, 0, 0, 0, 0, 126)
23 (1, 4, 0, 0, 0, 0, 0, 0, 0, 0, 0, 126)
24 (1, 4, 0, 0, 0, 0, 0, 0, 0, 0, 0, 126)
25 (1, 4, 0, 0, 0, 0, 0, 0, 0, 0, 0, 126)
26 (1, 4, 0, 0, 0, 0, 0, 0, 0, 0, 0, 126)
27 (1, 4, 0, 0, 0, 0, 0, 0, 0, 0, 0, 126)
28 (1, 4, 0, 0, 0, 0, 0, 0, 0, 0, 0, 126)
29 (1, 4, 0, 0, 0, 0, 0, 0, 0, 0, 0, 126)
0 (1, 4, 202, 813, 802, 0, 9, 0, 0, 0, 0, 54)
1 (1, 4, 0, 873, 873, 0, 27, 0, 0, 0, 0, 20)
2 (1, 4, 39, 873, 682, 0, 0, 0, 0, 0, 0, 218)
3 (1, 4, 82, 786, 416, 0, 0, 0, 0, 0, 0, 125)
4 (1, 4, 191, 428, 126, 0, 0, 55, 0, 0, 0, 143)
5 (1, 4, 93, 192, 0, 0, 0, 81, 0, 0, 0, 154)
6 (1, 4, 0, 0, 0, 0, 0, 49, 0, 0, 0, 211)
7 (1, 4, 0, 0, 0, 0, 0, 21, 0, 0, 0, 7)
8 (1, 4, 0, 0, 25, 0, 0, 0, 0, 0, 0, 41)
9 (1, 4, 0, 0, 74, 0, 0, 0, 0, 0, 0, 22)
10 (1, 4, 0, 0, 66, 0, 0, 0, 0, 0, 0, 170)
11 (1, 4, 0, 0, 53, 0, 0, 0, 0, 0, 0, 53)
12 (1, 4, 0, 0, 0, 0, 0, 0, 0, 0, 0, 126)
13 (1, 4, 0, 0, 0, 0, 0, 0, 0, 0, 0, 126)
14 (1, 4, 0, 0, 0, 0, 0, 0, 0, 0, 0, 126)
15 (1, 4, 0, 0, 0, 0, 0, 0, 0, 0, 0, 126)
16 (1, 4, 0, 0, 0, 0, 0, 0, 0, 0, 0, 126)
17 (1, 4, 0, 0, 0, 0, 0, 0, 0, 0, 0, 126)
18 (1, 4, 0, 0, 0, 0, 0, 0, 0, 0, 0, 126)
19 (1, 4, 0, 0, 20, 0, 0, 0, 0, 0, 0, 95)
20 (1, 4, 0, 0, 53, 0, 0, 0, 0, 0, 0, 53)
21 (1, 4, 0, 0, 61, 0, 0, 0, 0, 0, 0, 137)
22 (1, 4, 11, 22, 50, 0, 0, 0, 0, 0, 0, 100)
23 (1, 4, 23, 34, 22, 0, 0, 0, 0, 0, 0, 21)
24 (1, 4, 54, 48, 3, 0, 0, 0, 0, 0, 0, 101)
25 (1, 4, 54, 47, 0, 0, 0, 0, 0, 0, 0, 14)
26 (1, 4, 50, 57, 0, 0, 0, 0, 0, 0, 0, 224)
27 (1, 4, 78, 66, 0, 0, 0, 0, 0, 0, 0, 77)
28 (1, 4, 180, 74, 14, 0, 0, 0, 0, 0, 0, 228)
0 (1, 4, 5, 0, 0, 6, 0, 0, 0, 0, 0, 10)
1 (1, 4, 17, 0, 0, 11, 0, 0, 0, 0, 0, 73)
2 (1, 4, 46, 0, 0, 22, 0, 0, 0, 0, 0, 88)
3 (1, 4, 42, 0, 0, 23, 0, 0, 0, 0, 0, 127)
4 (1, 4, 0, 0, 0, 19, 0, 0, 0, 0, 0, 168)
5 (1, 4, 0, 0, 0, 11, 0, 0, 0, 0, 0, 167)
6 (1, 4, 0, 0, 0, 26, 0, 0, 1, 0, 0, 45)
7 (1, 4, 0, 0, 18, 37, 2, 0, 0, 0, 0, 86)
8 (1, 4, 61, 127, 202, 0, 0, 0, 0, 0, 0, 23)
9 (1, 4, 5, 180, 305, 0, 0, 0, 0, 0, 0, 120)
10 (1, 4, 207, 545, 642, 0, 0, 0, 0, 0, 0, 102)
11 (1, 4, 0, 873, 873, 0, 28, 0, 0, 0, 0, 124)
12 (1, 4, 359, 873, 873, 0, 0, 0, 0, 0, 0, 189)
13 (1, 4, 13, 873, 496, 0, 0, 173, 0, 0, 0, 234)
14 (1, 4, 102, 0, 0, 0, 0, 60, 0, 0, 0, 249)
15 (1, 4, 0, 0, 0, 0, 0, 29, 0, 0, 0, 237)
16 (1, 4, 0, 0, 0, 0, 0, 0, 0, 0, 0, 126)
17 (1, 4, 12, 0, 0, 0, 0, 0, 0, 0, 0, 54)
18 (1, 4, 32, 0, 64, 0, 0, 0, 0, 0, 0, 66)
19 (1, 4, 0, 0, 148, 0, 0, 0, 0, 0, 0, 174)
20 (1, 4, 0, 0, 126, 0, 0, 0, 0, 0, 0, 201)
21 (1, 4, 0, 0, 48, 0, 0, 0, 0, 0, 0, 255)
22 (1, 4, 0, 0, 0, 0, 0, 0, 0, 0, 0, 126)
23 (1, 4, 0, 0, 0, 0, 0, 0, 0, 0, 0, 126)
24 (1, 4, 0, 0, 14, 0, 0, 0, 0, 0, 0, 179)
25 (1, 4, 0, 0, 10, 0, 0, 0, 0, 0, 0, 237)
26 (1, 4, 0, 0, 0, 0, 0, 0, 0, 0, 0, 126)
27 (1, 4, 0, 0, 0, 0, 0, 0, 0, 0, 0, 126)
28 (1, 4, 0, 1, 0, 0, 0, 0, 0, 0, 0, 203)
29 (1, 4, 25, 73, 0, 0, 0, 0, 0, 0, 0, 101)
30 (1, 4, 37, 106, 0, 0, 0, 0, 0, 0, 0, 16)
31 (1, 4, 46, 115, 0, 0, 0, 0, 0, 0, 0, 21)
0 (1, 4, 0, 85, 145, 0, 0, 0, 0, 0, 0, 233)
1 (1, 4, 0, 244, 300, 0, 0, 0, 0, 0, 0, 196)
2 (1, 4, 0, 681, 676, 0, 0, 0, 0, 0, 0, 157)
3 (1, 4, 174, 873, 873, 0, 0, 0, 0, 0, 0, 93)
4 (1, 4, 295, 873, 723, 0, 0, 0, 0, 0, 0, 138)
5 (1, 4, 453, 873, 449, 0, 0, 80, 0, 0, 0, 236)
6 (1, 4, 93, 305, 64, 0, 0, 88, 0, 0, 0, 37)
7 (1, 4, 0, 0, 0, 0, 0, 62, 0, 0, 0, 42)
8 (1, 4, 0, 0, 0, 0, 0, 7, 0, 0, 0, 109)
9 (1, 4, 0, 0, 0, 0, 0, 0, 0, 0, 0, 126)
10 (1, 4, 0, 0, 0, 0, 0, 0, 0, 0, 0, 126)
11 (1, 4, 0, 0, 0, 0, 0, 0, 0, 0, 0, 126)
12 (1, 4, 0, 0, 0, 0, 0, 0, 0, 0, 0, 126)
13 (1, 4, 0, 0, 0, 0, 0, 0, 0, 0, 0, 126)
14 (1, 4, 0, 0, 0, 0, 0, 0, 0, 0, 0, 126)
15 (1, 4, 0, 0, 0, 0, 0, 0, 0, 0, 0, 126)
16 (1, 4, 0, 0, 21, 0, 0, 0, 0, 0, 0, 203)
17 (1, 4, 0, 0, 15, 0, 0, 0, 0, 0, 0, 39)
18 (1, 4, 0, 0, 4, 0, 0, 0, 0, 0, 0, 32)
19 (1, 4, 0, 0, 10, 0, 0, 0, 0, 0, 0, 237)
20 (1, 4, 57, 0, 19, 0, 0, 0, 0, 0, 0, 227)
21 (1, 4, 95, 0, 0, 0, 0, 0, 0, 0, 0, 77)
22 (1, 4, 76, 0, 0, 0, 0, 0, 0, 0, 0, 191)
23 (1, 4, 53, 0, 0, 0, 0, 0, 0, 0, 0, 111)
24 (1, 4, 49, 69, 0, 0, 0, 0, 0, 0, 0, 187)
25 (1, 4, 74, 114, 0, 0, 0, 0, 0, 0, 0, 214)
26 (1, 4, 142, 156, 0, 0, 0, 0, 0, 0, 0, 54)
27 (1, 4, 125, 167, 9, 0, 0, 0, 0, 0, 0, 127)
28 (1, 4, 69, 151, 8, 0, 0, 0, 0, 0, 0, 31)
29 (1, 4, 4, 138, 11, 0, 0, 0, 0, 0, 0, 158)
30 (1, 4, 0, 143, 36, 0, 0, 0, 0, 0, 0, 110)
31 (1, 4, 34, 180, 83, 0, 0, 0, 0, 0, 0, 226)
0 (1, 4, 0, 0, 0, 33, 0, 0, 0, 0, 0, 136)
1 (1, 4, 0, 0, 0, 27, 0, 0, 0, 0, 0, 80)
2 (1, 4, 0, 0, 0, 8, 0, 0, 0, 0, 0, 134)
3 (1, 4, 0, 0, 0, 0, 0, 0, 0, 0, 0, 126)
4 (1, 4, 0, 5, 35, 0, 0, 0, 0, 0, 0, 84)
5 (1, 4, 0, 28, 256, 0, 0, 0, 0, 0, 0, 43)
6 (1, 4, 0, 230, 663, 0, 0, 0, 0, 0, 0, 88)
7 (1, 4, 0, 691, 873, 0, 0, 0, 0, 0, 0, 3)
8 (1, 4, 159, 873, 873, 0, 0, 0, 0, 0, 0, 116)
9 (1, 4, 873, 873, 873, 0, 0, 0, 0, 0, 0, 237)
10 (1, 4, 567, 711, 505, 0, 0, 116, 0, 0, 0, 134)
11 (1, 4, 69, 37, 3, 0, 0, 80, 0, 0, 0, 65)
12 (1, 4, 0, 0, 0, 0, 0, 51, 0, 0, 0, 106)
13 (1, 4, 0, 0, 0, 0, 0, 12, 0, 0, 0, 225)
14 (1, 4, 0, 0, 0, 0, 0, 0, 0, 0, 0, 126)
15 (1, 4, 0, 0, 0, 0, 0, 0, 0, 0, 0, 126)
16 (1, 4, 0, 0, 0, 0, 0, 0, 0, 0, 0, 126)
17 (1, 4, 0, 0, 18, 0, 0, 0, 0, 0, 0, 46)
18 (1, 4, 0, 0, 78, 0, 0, 0, 0, 0, 0, 72)
19 (1, 4, 0, 0, 48, 0, 0, 0, 0, 0, 0, 255)
20 (1, 4, 0, 0, 0, 0, 0, 0, 0, 0, 0, 126)
21 (1, 4, 0, 0, 0, 0, 0, 0, 0, 0, 0, 126)
22 (1, 4, 0, 0, 0, 0, 0, 0, 0, 0, 0, 126)
23 (1, 4, 0, 0, 0, 0, 0, 0, 0, 0, 0, 126)
24 (1, 4, 0, 0, 0, 0, 0, 0, 0, 0, 0, 126)
25 (1, 4, 0, 0, 0, 0, 0, 0, 0, 0, 0, 126)
26 (1, 4, 0, 0, 0, 0, 0, 0, 0, 0, 0, 126)
27 (1, 4, 0, 0, 0, 0, 0, 0, 0, 0, 0, 126)
28 (1, 4, 0, 0, 0, 0, 0, 0, 0, 0, 0, 126)
29 (1, 4, 0, 7, 5, 0, 0, 0, 0, 0, 0, 182)
30 (1, 4, 0, 28, 2, 0, 0, 0, 0, 0, 0, 89)
0 (1, 4, 189, 0, 0, 7, 0, 0, 0, 0, 0, 87)
1 (1, 4, 190, 0, 0, 13, 0, 0, 0, 0, 0, 131)
2 (1, 4, 155, 0, 0, 13, 0, 0, 0, 0, 0, 114)
3 (1, 4, 186, 0, 0, 0, 0, 0, 0, 0, 0, 32)
4 (1, 4, 0, 0, 0, 0, 0, 0, 0, 0, 0, 126)
5 (1, 4, 0, 0, 0, 0, 0, 0, 0, 0, 0, 126)
6 (1, 4, 0, 0, 0, 0, 0, 0, 0, 0, 0, 126)
7 (1, 4, 0, 0, 212, 0, 0, 0, 0, 0, 0, 85)
8 (1, 4, 305, 590, 591, 0, 0, 0, 0, 0, 0, 7)
9 (1, 4, 260, 873, 873, 0, 0, 0, 0, 0, 0, 225)
10 (1, 4, 336, 873, 873, 0, 0, 0, 0, 0, 0, 176)
11 (1, 4, 387, 873, 710, 0, 0, 0, 0, 0, 0, 213)
12 (1, 4, 422, 628, 463, 0, 0, 55, 0, 0, 0, 210)
13 (1, 4, 136, 204, 208, 0, 0, 48, 0, 0, 0, 247)
14 (1, 4, 19, 0, 18, 0, 0, 46, 0, 0, 0, 91)
15 (1, 4, 0, 0, 0, 0, 0, 20, 0, 0, 0, 216)
16 (1, 4, 0, 0, 0, 0, 0, 0, 0, 0, 0, 126)
17 (1, 4, 0, 0, 0, 0, 0, 0, 0, 0, 0, 126)
18 (1, 4, 0, 0, 0, 0, 0, 0, 0, 0, 0, 126)
19 (1, 4, 0, 0, 56, 0, 0, 0, 0, 0, 0, 67)
20 (1, 4, 41, 0, 121, 0, 0, 0, 0, 0, 0, 149)
21 (1, 4, 41, 0, 150, 0, 0, 0, 0, 0, 0, 56)
22 (1, 4, 0, 0, 65, 0, 0, 0, 0, 0, 0, 17)
23 (1, 4, 0, 9, 7, 0, 0, 0, 0, 0, 0, 157)
24 (1, 4, 0, 0, 0, 0, 0, 0, 0, 0, 0, 126)
25 (1, 4, 0, 0, 10, 0, 0, 0, 0, 0, 0, 237)
26 (1, 4, 0, 0, 0, 0, 0, 0, 0, 0, 0, 126)
27 (1, 4, 0, 0, 0, 0, 0, 0, 0, 0, 0, 126)
28 (1, 4, 0, 9, 0, 0, 0, 0, 0, 0, 0, 120)
29 (1, 4, 0, 0, 0, 0, 0, 0, 0, 0, 0, 126)
30 (1, 4, 0, 0, 0, 0, 0, 0, 0, 0, 0, 126)
31 (1, 4, 0, 0, 0, 0, 0, 0, 0, 0, 0, 126)
0 (1, 4, 473, 0, 146, 0, 0, 0, 0, 0, 0, 223)
1 (1, 4, 92, 0, 0, 0, 0, 0, 0, 0, 0, 95)
2 (1, 4, 0, 0, 0, 0, 0, 0, 0, 0, 0, 126)
3 (1, 4, 0, 0, 0, 0, 0, 0, 0, 0, 0, 126)
4 (1, 4, 0, 0, 72, 1, 0, 0, 1, 0, 0, 68)
5 (1, 4, 0, 64, 280, 0, 0, 0, 0, 0, 0, 99)
6 (1, 4, 0, 423, 497, 0, 0, 0, 0, 0, 0, 24)
7 (1, 4, 139, 770, 623, 0, 0, 0, 0, 0, 0, 170)
8 (1, 4, 0, 873, 666, 0, 0, 0, 0, 0, 0, 182)
9 (1, 4, 0, 873, 726, 0, 0, 0, 0, 0, 0, 175)
10 (1, 4, 494, 809, 387, 0, 0, 18, 0, 0, 0, 226)
11 (1, 4, 0, 266, 96, 0, 0, 114, 0, 0, 0, 206)
12 (1, 4, 0, 0, 0, 0, 0, 82, 0, 0, 0, 81)
13 (1, 4, 0, 0, 0, 0, 0, 0, 0, 0, 0, 126)
14 (1, 4, 0, 0, 0, 0, 0, 0, 0, 0, 0, 126)
15 (1, 4, 0, 0, 0, 0, 0, 0, 0, 0, 0, 126)
16 (1, 4, 0, 0, 0, 0, 0, 0, 0, 0, 0, 126)
17 (1, 4, 0, 0, 0, 0, 0, 0, 0, 0, 0, 126)
18 (1, 4, 0, 0, 0, 0, 0, 0, 0, 0, 0, 126)
19 (1, 4, 0, 0, 0, 0, 0, 0, 0, 0, 0, 126)
20 (1, 4, 0, 0, 0, 0, 0, 0, 0, 0, 0, 126)
21 (1, 4, 0, 0, 0, 0, 0, 0, 0, 0, 0, 126)
22 (1, 4, 0, 0, 0, 0, 0, 0, 0, 0, 0, 126)
23 (1, 4, 0, 0, 3, 0, 0, 0, 0, 0, 0, 197)
24 (1, 4, 0, 0, 2, 0, 0, 0, 0, 0, 0, 81)
25 (1, 4, 0, 0, 0, 0, 0, 0, 0, 0, 0, 126)
26 (1, 4, 0, 24, 0, 0, 0, 0, 0, 0, 0, 172)
27 (1, 4, 0, 52, 0, 0, 0, 0, 0, 0, 0, 7)
28 (1, 4, 0, 86, 30, 0, 0, 0, 0, 0, 0, 153)
29 (1, 4, 19, 99, 64, 0, 0, 0, 0, 0, 0, 238)
30 (1, 4, 72, 121, 115, 0, 0, 0, 0, 0, 0, 96)
31 (1, 4, 108, 127, 125, 0, 0, 0, 0, 0, 0, 229)
0 (1, 4, 20, 6, 16, 0, 0, 0, 0, 0, 0, 110)
1 (1, 4, 7, 4, 0, 0, 0, 0, 0, 0, 0, 142)
2 (1, 4, 55, 25, 0, 0, 0, 0, 0, 0, 0, 20)
3 (1, 4, 89, 2, 0, 0, 0, 0, 0, 0, 0, 4)
4 (1, 4, 145, 6, 0, 0, 0, 0, 0, 0, 0, 50)
5 (1, 4, 190, 30, 0, 0, 0, 0, 0, 0, 0, 125)
6 (1, 4, 345, 18, 0, 0, 0, 0, 0, 0, 0, 103)
7 (1, 4, 549, 0, 0, 0, 0, 0, 0, 0, 0, 139)
8 (1, 4, 190, 0, 0, 0, 0, 0, 0, 0, 0, 24)
9 (1, 4, 76, 0, 0, 0, 0, 0, 0, 0, 0, 191)
10 (1, 4, 0, 0, 0, 0, 0, 0, 0, 0, 0, 126)
11 (1, 4, 0, 0, 0, 0, 0, 0, 1, 0, 0, 28)
12 (1, 4, 0, 0, 181, 8, 0, 0, 0, 0, 0, 60)
13 (1, 4, 55, 339, 440, 0, 0, 0, 0, 0, 0, 61)
14 (1, 4, 100, 744, 801, 0, 0, 0, 0, 0, 0, 187)
15 (1, 4, 0, 873, 873, 0, 0, 0, 0, 0, 0, 219)
16 (1, 4, 0, 842, 607, 0, 0, 0, 0, 0, 0, 108)
17 (1, 4, 221, 578, 309, 0, 0, 0, 0, 0, 0, 113)
18 (1, 4, 414, 645, 133, 0, 0, 17, 0, 0, 0, 73)
19 (1, 4, 148, 449, 24, 0, 0, 91, 0, 0, 0, 184)
20 (1, 4, 0, 59, 0, 0, 0, 73, 0, 0, 0, 198)
21 (1, 4, 0, 0, 0, 0, 0, 41, 0, 0, 0, 234)
22 (1, 4, 0, 0, 31, 0, 0, 3, 0, 0, 0, 62)
23 (1, 4, 0, 0, 10, 0, 0, 0, 0, 0, 0, 237)
24 (1, 4, 0, 0, 0, 0, 0, 0, 0, 0, 0, 126)
25 (1, 4, 0, 0, 0, 0, 0, 0, 0, 0, 0, 126)
26 (1, 4, 0, 0, 0, 0, 0, 0, 0, 0, 0, 126)
27 (1, 4, 0, 0, 0, 0, 0, 0, 0, 0, 0, 126)
28 (1, 4, 0, 0, 0, 0, 0, 0, 0, 0, 0, 126)
29 (1, 4, 0, 0, 0, 1, 0, 0, 0, 0, 0, 97)
30 (1, 4, 0, 0, 0, 3, 0, 0, 0, 0, 0, 95)
31 (1, 4, 0, 0, 0, 4, 0, 0, 0, 0, 0, 2)
0 (1, 4, 0, 0, 0, 0, 0, 0, 0, 0, 0, 126)
1 (1, 4, 0, 0, 0, 0, 0, 0, 0, 0, 0, 126)
2 (1, 4, 0, 115, 158, 0, 2, 0, 0, 0, 0, 55)
3 (1, 4, 24, 240, 338, 0, 0, 0, 0, 0, 0, 57)
4 (1, 4, 278, 712, 705, 0, 0, 0, 0, 0, 0, 96)
5 (1, 4, 423, 873, 763, 0, 0, 0, 0, 0, 0, 221)
6 (1, 4, 498, 873, 478, 0, 0, 0, 0, 0, 0, 81)
7 (1, 4, 60, 551, 153, 0, 0, 97, 0, 0, 0, 129)
8 (1, 4, 38, 202, 0, 0, 0, 63, 0, 0, 0, 74)
9 (1, 4, 0, 35, 0, 0, 0, 39, 0, 0, 0, 214)
10 (1, 4, 0, 0, 12, 0, 0, 22, 0, 0, 0, 131)
11 (1, 4, 0, 0, 20, 0, 0, 9, 0, 0, 0, 106)
12 (1, 4, 0, 0, 0, 0, 0, 0, 0, 0, 0, 126)
13 (1, 4, 0, 0, 0, 0, 0, 0, 0, 0, 0, 126)
14 (1, 4, 0, 0, 0, 0, 0, 0, 0, 0, 0, 126)
15 (1, 4, 0, 0, 8, 0, 0, 0, 0, 0, 0, 194)
16 (1, 4, 0, 0, 5, 0, 0, 0, 0, 0, 0, 180)
17 (1, 4, 0, 0, 18, 0, 0, 0, 0, 0, 0, 46)
18 (1, 4, 0, 0, 9, 0, 0, 0, 0, 0, 0, 86)
19 (1, 4, 0, 0, 0, 0, 0, 0, 0, 0, 0, 126)
20 (1, 4, 0, 0, 0, 0, 0, 0, 0, 0, 0, 126)
21 (1, 4, 0, 0, 0, 0, 0, 0, 0, 0, 0, 126)
22 (1, 4, 0, 0, 0, 0, 0, 0, 0, 0, 0, 126)
23 (1, 4, 0, 0, 0, 0, 0, 0, 0, 0, 0, 126)
24 (1, 4, 0, 0, 0, 0, 0, 0, 0, 0, 0, 126)
25 (1, 4, 0, 60, 31, 0, 0, 0, 0, 0, 0, 146)
26 (1, 4, 30, 132, 34, 0, 0, 0, 0, 0, 0, 192)
27 (1, 4, 85, 118, 29, 0, 0, 0, 0, 0, 0, 191)
28 (1, 4, 77, 132, 35, 0, 0, 0, 0, 0, 0, 47)
29 (1, 4, 52, 178, 49, 0, 0, 0, 0, 0, 0, 187)
30 (1, 4, 62, 206, 87, 0, 0, 0, 0, 0, 0, 234)
31 (1, 4, 65, 232, 127, 0, 0, 0, 0, 0, 0, 41)
0 (1, 4, 150, 0, 0, 3, 0, 0, 0, 0, 0, 142)
1 (1, 4, 155, 0, 0, 10, 0, 0, 0, 0, 0, 47)
2 (1, 4, 177, 0, 0, 7, 0, 0, 0, 0, 0, 31)
3 (1, 4, 57, 0, 0, 8, 0, 0, 0, 0, 0, 223)
4 (1, 4, 0, 0, 0, 0, 0, 0, 1, 0, 0, 28)
5 (1, 4, 0, 0, 0, 42, 13, 0, 2, 1, 0, 165)
6 (1, 4, 0, 0, 0, 18, 12, 0, 1, 0, 0, 247)
7 (1, 4, 0, 48, 223, 0, 6, 0, 1, 0, 0, 130)
8 (1, 4, 0, 51, 326, 0, 0, 0, 0, 0, 0, 210)
9 (1, 4, 0, 105, 353, 0, 0, 0, 0, 0, 0, 245)
10 (1, 4, 268, 844, 690, 0, 0, 0, 0, 0, 0, 19)
11 (1, 4, 0, 873, 873, 0, 14, 0, 0, 0, 0, 11)
12 (1, 4, 478, 873, 873, 0, 0, 0, 0, 0, 0, 241)
13 (1, 4, 684, 873, 664, 0, 0, 25, 0, 0, 0, 225)
14 (1, 4, 324, 408, 200, 0, 0, 37, 0, 0, 0, 70)
15 (1, 4, 235, 131, 0, 0, 0, 56, 0, 0, 0, 6)
16 (1, 4, 89, 68, 0, 0, 0, 66, 0, 0, 0, 204)
17 (1, 4, 0, 0, 0, 0, 0, 62, 0, 0, 0, 42)
18 (1, 4, 0, 0, 19, 0, 0, 46, 0, 0, 0, 61)
19 (1, 4, 0, 0, 56, 0, 0, 31, 0, 0, 0, 105)
20 (1, 4, 0, 0, 78, 0, 0, 15, 0, 0, 0, 177)
21 (1, 4, 0, 0, 50, 0, 0, 8, 0, 0, 0, 58)
22 (1, 4, 0, 0, 9, 0, 0, 4, 0, 0, 0, 35)
23 (1, 4, 0, 0, 0, 0, 0, 0, 0, 0, 0, 126)
24 (1, 4, 0, 0, 0, 0, 0, 0, 0, 0, 0, 126)
25 (1, 4, 0, 0, 0, 0, 0, 0, 0, 0, 0, 126)
26 (1, 4, 0, 0, 0, 0, 0, 0, 0, 0, 0, 126)
27 (1, 4, 0, 0, 0, 0, 0, 0, 0, 0, 0, 126)
28 (1, 4, 0, 0, 0, 0, 0, 0, 0, 0, 0, 126)
29 (1, 4, 0, 0, 0, 0, 0, 0, 0, 0, 0, 126)
30 (1, 4, 0, 0, 35, 0, 0, 0, 0, 0, 0, 59)
31 (1, 4, 0, 0, 135, 0, 0, 0, 0, 0, 0, 106)
0 (1, 4, 0, 0, 0, 0, 0, 0, 0, 0, 0, 126)
1 (1, 4, 0, 0, 0, 0, 0, 0, 0, 0, 0, 126)
2 (1, 4, 0, 0, 0, 0, 0, 0, 0, 0, 0, 126)
3 (1, 4, 0, 0, 0, 0, 0, 0, 0, 0, 0, 126)
4 (1, 4, 0, 0, 0, 0, 0, 0, 0, 0, 0, 126)
5 (1, 4, 0, 0, 91, 8, 0, 0, 0, 0, 0, 5)
6 (1, 4, 430, 395, 498, 31, 0, 0, 0, 0, 0, 222)
7 (1, 4, 274, 873, 728, 0, 0, 0, 0, 0, 0, 156)
8 (1, 4, 560, 873, 873, 0, 0, 0, 0, 0, 0, 248)
9 (1, 4, 229, 224, 527, 0, 0, 110, 0, 0, 0, 114)
10 (1, 4, 116, 0, 0, 0, 0, 5, 0, 0, 0, 66)
11 (1, 4, 26, 0, 0, 0, 0, 0, 0, 0, 0, 242)
12 (1, 4, 23, 20, 0, 0, 0, 0, 0, 0, 0, 15)
13 (1, 4, 30, 59, 3, 0, 0, 0, 0, 0, 0, 185)
14 (1, 4, 38, 0, 18, 0, 0, 0, 0, 0, 0, 205)
15 (1, 4, 40, 0, 31, 0, 0, 0, 0, 0, 0, 239)
16 (1, 4, 12, 0, 45, 0, 0, 0, 0, 0, 0, 190)
17 (1, 4, 0, 0, 39, 0, 0, 0, 0, 0, 0, 101)
18 (1, 4, 49, 0, 2, 0, 0, 4, 0, 0, 0, 13)
19 (1, 4, 184, 0, 8, 0, 0, 0, 0, 0, 0, 128)
20 (1, 4, 139, 0, 2, 0, 0, 4, 0, 0, 0, 83)
21 (1, 4, 37, 24, 29, 0, 0, 16, 0, 0, 0, 135)
22 (1, 4, 0, 100, 57, 0, 0, 21, 0, 0, 0, 53)
23 (1, 4, 0, 0, 83, 0, 0, 11, 0, 0, 0, 205)
24 (1, 4, 0, 0, 92, 0, 0, 4, 0, 0, 0, 109)
25 (1, 4, 0, 0, 54, 0, 0, 0, 0, 0, 0, 142)
26 (1, 4, 0, 0, 55, 0, 0, 0, 0, 0, 0, 26)
27 (1, 4, 0, 0, 107, 0, 0, 0, 0, 0, 0, 124)
28 (1, 4, 0, 0, 154, 0, 0, 0, 0, 0, 0, 99)
29 (1, 4, 0, 0, 5, 0, 0, 0, 0, 0, 0, 180)
30 (1, 4, 81, 157, 0, 0, 0, 0, 0, 0, 0, 165)
31 (1, 4, 147, 126, 0, 0, 0, 0, 0, 0, 0, 189)
0 (1, 4, 37, 46, 1, 0, 0, 0, 0, 0, 0, 221)
1 (1, 4, 38, 46, 0, 0, 0, 0, 0, 0, 0, 91)
2 (1, 4, 32, 38, 0, 0, 0, 0, 0, 0, 0, 204)
3 (1, 4, 33, 40, 0, 0, 0, 0, 0, 0, 0, 198)
4 (1, 4, 27, 40, 0, 0, 0, 0, 0, 0, 0, 141)
5 (1, 4, 25, 39, 0, 0, 0, 0, 0, 0, 0, 32)
6 (1, 4, 37, 79, 0, 0, 0, 0, 0, 0, 0, 189)
7 (1, 4, 180, 43, 0, 0, 0, 57, 0, 0, 0, 154)
8 (1, 4, 134, 0, 0, 0, 0, 83, 0, 0, 0, 191)
9 (1, 4, 0, 0, 0, 0, 0, 30, 0, 0, 0, 139)
10 (1, 4, 0, 0, 0, 0, 0, 0, 0, 0, 0, 126)
11 (1, 4, 0, 0, 0, 0, 27, 0, 1, 0, 0, 211)
12 (1, 4, 0, 88, 852, 0, 55, 0, 0, 0, 0, 242)
13 (1, 4, 0, 873, 873, 0, 49, 0, 0, 0, 0, 42)
14 (1, 4, 873, 873, 873, 0, 0, 63, 0, 0, 0, 102)
15 (1, 4, 410, 259, 281, 0, 0, 23, 0, 0, 0, 18)
16 (1, 4, 175, 189, 0, 0, 0, 17, 0, 0, 0, 132)
17 (1, 4, 114, 235, 22, 0, 0, 31, 0, 0, 0, 195)
18 (1, 4, 17, 147, 31, 0, 0, 24, 0, 0, 0, 55)
19 (1, 4, 0, 39, 37, 0, 0, 17, 0, 0, 0, 134)
20 (1, 4, 0, 0, 64, 0, 0, 15, 0, 0, 0, 124)
21 (1, 4, 0, 0, 40, 0, 0, 10, 0, 0, 0, 111)
22 (1, 4, 0, 0, 28, 0, 0, 5, 0, 0, 0, 73)
23 (1, 4, 0, 0, 18, 0, 0, 0, 0, 0, 0, 46)
24 (1, 4, 0, 0, 0, 0, 0, 0, 0, 0, 0, 126)
25 (1, 4, 0, 0, 0, 0, 0, 0, 0, 0, 0, 126)
26 (1, 4, 0, 0, 0, 0, 0, 0, 0, 0, 0, 126)
27 (1, 4, 0, 0, 0, 0, 0, 0, 0, 0, 0, 126)
28 (1, 4, 0, 0, 0, 0, 0, 0, 0, 0, 0, 126)
29 (1, 4, 0, 0, 0, 0, 0, 0, 0, 0, 0, 126)
30 (1, 4, 0, 0, 0, 0, 0, 0, 0, 0, 0, 126)

