0 (1, 4, 177, 291, 0, 0, 0, 0, 1, 2, 0, 9)
1 (1, 4, 9, 177, 0, 0, 0, 1, 1, 2, 0, 124)
2 (1, 4, 0, 99, 0, 0, 0, 26, 1, 3, 0, 184)
3 (1, 4, 0, 41, 0, 0, 0, 44, 2, 4, 0, 235)
4 (1, 4, 0, 0, 33, 0, 0, 38, 2, 4, 0, 22)
5 (1, 4, 0, 0, 81, 0, 0, 22, 2, 5, 0, 117)
6 (1, 4, 0, 0, 155, 0, 0, 2, 2, 4, 0, 33)
7 (1, 4, 0, 0, 252, 0, 0, 0, 7, 13, 0, 175)
8 (1, 4, 0, 0, 145, 0, 7, 0, 2, 4, 0, 99)
9 (1, 4, 0, 0, 217, 0, 41, 0, 0, 20, 0, 159)
10 (1, 4, 0, 0, 255, 0, 58, 0, 2, 3, 0, 110)
11 (1, 4, 67, 0, 752, 0, 0, 0, 1, 3, 0, 11)
12 (1, 4, 0, 0, 0, 32, 0, 0, 3, 6, 0, 76)
13 (1, 4, 0, 103, 16, 0, 0, 0, 1, 2, 0, 246)
14 (1, 4, 0, 47, 0, 0, 0, 0, 2, 3, 0, 116)
15 (1, 4, 0, 80, 0, 0, 0, 0, 1, 2, 0, 40)
16 (1, 4, 14, 46, 0, 0, 0, 0, 1, 2, 0, 88)
17 (1, 4, 41, 0, 0, 0, 0, 0, 1, 2, 0, 115)
18 (1, 4, 25, 0, 0, 0, 0, 0, 1, 1, 0, 233)
19 (1, 4, 125, 0, 0, 0, 0, 0, 1, 1, 0, 159)
20 (1, 4, 16, 95, 0, 0, 0, 0, 0, 1, 0, 166)
21 (1, 4, 0, 229, 0, 0, 0, 0, 0, 1, 0, 58)
22 (1, 4, 89, 181, 12, 0, 0, 0, 0, 1, 0, 45)
23 (1, 4, 228, 88, 51, 0, 0, 0, 0, 1, 0, 29)
24 (1, 4, 156, 78, 75, 0, 0, 0, 0, 1, 0, 211)
25 (1, 4, 113, 65, 91, 0, 0, 0, 0, 1, 0, 0)
26 (1, 4, 67, 18, 71, 0, 0, 0, 0, 0, 0, 247)
27 (1, 4, 12, 14, 67, 0, 0, 0, 1, 1, 0, 123)
28 (1, 4, 0, 2, 39, 0, 0, 0, 0, 0, 0, 8)
29 (1, 4, 7, 0, 62, 0, 0, 0, 0, 0, 0, 24)
30 (1, 4, 26, 0, 57, 0, 0, 0, 0, 0, 0, 91)
31 (1, 4, 0, 0, 28, 0, 0, 0, 0, 0, 0, 227)
0 (1, 4, 25, 9, 1, 0, 0, 0, 0, 0, 0, 114)
1 (1, 4, 32, 41, 0, 0, 0, 0, 0, 0, 0, 125)
2 (1, 4, 70, 49, 6, 0, 0, 0, 0, 0, 0, 180)
3 (1, 4, 146, 81, 38, 0, 0, 0, 0, 0, 0, 79)
4 (1, 4, 94, 175, 0, 0, 0, 0, 0, 0, 0, 49)
5 (1, 4, 351, 370, 0, 0, 0, 0, 0, 0, 0, 231)
6 (1, 4, 281, 438, 0, 0, 0, 0, 1, 1, 0, 27)
7 (1, 4, 200, 502, 0, 0, 0, 0, 1, 1, 0, 232)
8 (1, 4, 213, 580, 0, 0, 0, 0, 1, 2, 0, 20)
9 (1, 4, 63, 533, 0, 0, 0, 0, 4, 6, 0, 50)
10 (1, 4, 0, 395, 0, 0, 0, 0, 3, 5, 0, 151)
11 (1, 4, 0, 333, 0, 0, 0, 5, 2, 4, 0, 1)
12 (1, 4, 0, 222, 0, 0, 0, 36, 2, 3, 0, 52)
13 (1, 4, 0, 86, 0, 2, 0, 33, 2, 4, 0, 4)
14 (1, 4, 0, 22, 0, 31, 0, 28, 2, 4, 0, 217)
15 (1, 4, 0, 13, 3, 50, 0, 9, 3, 6, 0, 215)
16 (1, 4, 0, 17, 0, 54, 0, 17, 2, 4, 0, 149)
17 (1, 4, 0, 20, 0, 48, 0, 16, 2, 4, 0, 103)
18 (1, 4, 0, 21, 0, 47, 0, 15, 2, 4, 0, 170)
19 (1, 4, 0, 5, 0, 44, 0, 12, 2, 4, 0, 140)
20 (1, 4, 0, 0, 0, 39, 0, 18, 2, 4, 0, 207)
21 (1, 4, 0, 0, 0, 23, 0, 9, 2, 4, 0, 142)
22 (1, 4, 0, 0, 0, 0, 0, 0, 2, 4, 0, 17)
23 (1, 4, 0, 0, 0, 0, 0, 12, 2, 4, 0, 142)
24 (1, 4, 0, 0, 0, 0, 0, 5, 2, 4, 0, 187)
25 (1, 4, 0, 0, 12, 0, 0, 0, 3, 5, 0, 250)
26 (1, 4, 0, 0, 166, 0, 0, 0, 2, 4, 0, 111)
27 (1, 4, 0, 0, 130, 0, 0, 0, 2, 3, 0, 217)
28 (1, 4, 0, 0, 145, 0, 0, 0, 2, 3, 0, 29)
29 (1, 4, 0, 0, 320, 0, 0, 0, 1, 2, 0, 108)
30 (1, 4, 0, 0, 100, 0, 0, 0, 1, 3, 0, 250)
31 (1, 4, 0, 0, 0, 0, 0, 0, 1, 2, 0, 202)
0 (1, 4, 127, 0, 0, 0, 0, 0, 0, 0, 0, 138)
1 (1, 4, 83, 126, 0, 0, 0, 0, 0, 0, 0, 33)
2 (1, 4, 106, 478, 0, 0, 0, 0, 0, 0, 0, 94)
3 (1, 4, 246, 501, 0, 0, 0, 0, 0, 0, 0, 74)
4 (1, 4, 259, 512, 0, 0, 0, 0, 1, 1, 0, 170)
5 (1, 4, 4, 518, 0, 0, 1, 0, 1, 1, 0, 76)
6 (1, 4, 0, 401, 0, 0, 16, 0, 1, 2, 0, 127)
7 (1, 4, 0, 359, 0, 0, 0, 37, 1, 2, 0, 103)
8 (1, 4, 0, 234, 3, 0, 0, 47, 2, 3, 0, 122)
9 (1, 4, 0, 80, 0, 22, 0, 41, 2, 3, 0, 196)
10 (1, 4, 0, 35, 0, 53, 0, 13, 2, 3, 0, 32)
11 (1, 4, 0, 25, 0, 74, 0, 0, 2, 3, 0, 115)
12 (1, 4, 0, 59, 0, 71, 0, 0, 2, 3, 0, 71)
13 (1, 4, 26, 59, 18, 59, 0, 0, 2, 3, 0, 212)
14 (1, 4, 0, 47, 15, 55, 0, 0, 1, 3, 0, 200)
15 (1, 4, 0, 29, 16, 58, 0, 0, 1, 3, 0, 187)
16 (1, 4, 3, 1, 10, 56, 0, 0, 1, 3, 0, 115)
17 (1, 4, 2, 0, 6, 48, 0, 3, 1, 3, 0, 180)
18 (1, 4, 27, 0, 24, 29, 0, 0, 1, 3, 0, 140)
19 (1, 4, 4, 0, 28, 11, 0, 10, 1, 3, 0, 142)
20 (1, 4, 0, 0, 48, 1, 0, 9, 2, 4, 0, 186)
21 (1, 4, 0, 0, 92, 18, 0, 0, 5, 14, 0, 16)
22 (1, 4, 0, 0, 160, 0, 0, 0, 2, 5, 0, 117)
23 (1, 4, 0, 0, 174, 0, 0, 0, 2, 5, 0, 184)
24 (1, 4, 0, 0, 165, 0, 0, 0, 2, 5, 0, 191)
25 (1, 4, 0, 0, 88, 0, 0, 0, 2, 5, 0, 66)
26 (1, 4, 0, 0, 96, 0, 0, 0, 2, 5, 0, 127)
27 (1, 4, 0, 0, 126, 0, 0, 0, 1, 4, 0, 0)
28 (1, 4, 0, 0, 149, 0, 0, 0, 1, 3, 0, 229)
29 (1, 4, 0, 0, 123, 0, 0, 0, 1, 3, 0, 220)
30 (1, 4, 0, 0, 41, 0, 0, 0, 1, 3, 0, 119)
0 (1, 4, 57, 81, 0, 0, 0, 0, 0, 0, 0, 112)
1 (1, 4, 60, 159, 0, 0, 0, 0, 0, 0, 0, 192)
2 (1, 4, 135, 193, 0, 0, 0, 0, 0, 0, 0, 118)
3 (1, 4, 299, 270, 0, 0, 0, 0, 0, 0, 0, 56)
4 (1, 4, 250, 492, 0, 0, 0, 0, 0, 0, 0, 101)
5 (1, 4, 296, 527, 0, 0, 0, 0, 0, 1, 0, 220)
6 (1, 4, 274, 506, 0, 0, 0, 0, 1, 1, 0, 147)
7 (1, 4, 141, 530, 0, 0, 0, 0, 1, 2, 0, 88)
8 (1, 4, 0, 466, 0, 0, 0, 0, 1, 2, 0, 161)
9 (1, 4, 0, 391, 0, 0, 0, 2, 2, 3, 0, 88)
10 (1, 4, 0, 289, 0, 6, 0, 7, 2, 3, 0, 196)
11 (1, 4, 0, 225, 20, 17, 0, 0, 2, 3, 0, 59)
12 (1, 4, 0, 142, 15, 40, 0, 0, 2, 3, 0, 74)
13 (1, 4, 0, 68, 13, 49, 0, 0, 3, 4, 0, 93)
14 (1, 4, 0, 77, 1, 50, 0, 0, 2, 4, 0, 250)
15 (1, 4, 0, 50, 9, 52, 0, 0, 2, 4, 0, 149)
16 (1, 4, 0, 9, 19, 50, 0, 0, 4, 6, 0, 110)
17 (1, 4, 0, 0, 1, 50, 0, 0, 4, 7, 0, 83)
18 (1, 4, 0, 0, 0, 48, 0, 0, 3, 4, 0, 109)
19 (1, 4, 0, 0, 0, 39, 0, 0, 2, 4, 0, 165)
20 (1, 4, 7, 0, 0, 33, 0, 0, 2, 4, 0, 205)
21 (1, 4, 21, 0, 0, 25, 0, 0, 3, 5, 0, 222)
22 (1, 4, 15, 0, 0, 19, 0, 0, 3, 4, 0, 255)
23 (1, 4, 0, 0, 0, 5, 0, 0, 2, 4, 0, 114)
24 (1, 4, 0, 0, 0, 0, 0, 0, 2, 4, 0, 17)
25 (1, 4, 0, 0, 14, 0, 0, 0, 3, 4, 0, 190)
26 (1, 4, 0, 0, 31, 0, 0, 0, 2, 3, 0, 33)
27 (1, 4, 0, 0, 0, 0, 9, 0, 1, 3, 0, 25)
28 (1, 4, 0, 0, 20, 0, 0, 0, 2, 3, 0, 38)
29 (1, 4, 0, 0, 209, 0, 0, 0, 1, 2, 0, 43)
30 (1, 4, 0, 0, 337, 0, 0, 0, 1, 2, 0, 135)
31 (1, 4, 0, 0, 74, 0, 0, 0, 1, 2, 0, 162)
0 (1, 4, 76, 0, 0, 0, 0, 0, 0, 0, 0, 191)
1 (1, 4, 188, 0, 0, 0, 0, 0, 0, 0, 0, 4)
2 (1, 4, 190, 82, 0, 0, 0, 0, 0, 0, 0, 151)
3 (1, 4, 164, 180, 0, 0, 0, 0, 0, 0, 0, 236)
4 (1, 4, 163, 262, 0, 0, 0, 0, 0, 0, 0, 236)
5 (1, 4, 163, 374, 0, 0, 0, 0, 0, 0, 0, 204)
6 (1, 4, 208, 380, 0, 0, 0, 0, 0, 1, 0, 197)
7 (1, 4, 199, 476, 0, 0, 0, 0, 0, 1, 0, 204)
8 (1, 4, 195, 475, 0, 0, 0, 0, 0, 1, 0, 246)
9 (1, 4, 4, 543, 0, 0, 0, 0, 1, 2, 0, 239)
10 (1, 4, 0, 475, 0, 0, 0, 0, 2, 3, 0, 106)
11 (1, 4, 0, 399, 0, 0, 0, 0, 2, 4, 0, 68)
12 (1, 4, 0, 278, 7, 4, 0, 0, 4, 8, 0, 10)
13 (1, 4, 0, 198, 32, 9, 0, 0, 7, 20, 0, 114)
14 (1, 4, 0, 106, 35, 28, 0, 0, 7, 16, 0, 92)
15 (1, 4, 0, 25, 18, 42, 0, 0, 7, 14, 0, 99)
16 (1, 4, 0, 22, 6, 54, 0, 0, 6, 11, 0, 34)
17 (1, 4, 0, 20, 0, 61, 0, 0, 5, 12, 0, 87)
18 (1, 4, 10, 23, 11, 61, 0, 0, 7, 18, 0, 174)
19 (1, 4, 4, 25, 7, 57, 0, 0, 12, 20, 0, 162)
20 (1, 4, 0, 22, 4, 54, 0, 0, 3, 5, 0, 204)
21 (1, 4, 0, 3, 0, 53, 0, 0, 3, 5, 0, 189)
22 (1, 4, 16, 0, 0, 44, 0, 0, 3, 5, 0, 149)
23 (1, 4, 32, 0, 0, 29, 0, 0, 3, 5, 0, 179)
24 (1, 4, 6, 0, 0, 16, 0, 0, 3, 5, 0, 203)
25 (1, 4, 41, 0, 0, 8, 0, 0, 2, 3, 0, 70)
26 (1, 4, 16, 0, 21, 0, 0, 0, 2, 4, 0, 68)
27 (1, 4, 0, 0, 0, 0, 0, 0, 4, 8, 0, 160)
28 (1, 4, 0, 0, 0, 0, 0, 0, 3, 5, 0, 24)
29 (1, 4, 0, 0, 0, 0, 0, 0, 4, 6, 0, 140)
30 (1, 4, 0, 0, 0, 0, 0, 0, 1, 3, 0, 161)
31 (1, 4, 0, 0, 65, 0, 0, 0, 2, 2, 0, 3)
0 (1, 4, 205, 45, 0, 0, 0, 0, 1, 1, 0, 179)
1 (1, 4, 193, 131, 0, 0, 0, 0, 1, 1, 0, 60)
2 (1, 4, 109, 234, 0, 0, 0, 0, 1, 1, 0, 225)
3 (1, 4, 114, 330, 0, 0, 0, 0, 1, 1, 0, 125)
4 (1, 4, 134, 388, 0, 0, 0, 0, 1, 1, 0, 120)
5 (1, 4, 89, 486, 0, 0, 0, 0, 0, 1, 0, 16)
6 (1, 4, 130, 512, 0, 0, 0, 0, 1, 1, 0, 179)
7 (1, 4, 67, 612, 0, 0, 0, 0, 1, 2, 0, 7)
8 (1, 4, 0, 617, 0, 0, 0, 0, 1, 3, 0, 43)
9 (1, 4, 0, 353, 0, 0, 0, 21, 1, 3, 0, 201)
10 (1, 4, 0, 234, 32, 1, 0, 9, 8, 20, 0, 36)
11 (1, 4, 0, 155, 31, 29, 0, 0, 3, 6, 0, 228)
12 (1, 4, 0, 67, 35, 41, 0, 0, 6, 13, 0, 180)
13 (1, 4, 0, 31, 26, 50, 0, 0, 0, 0, 0, 98)
14 (1, 4, 0, 27, 3, 62, 0, 0, 5, 10, 0, 1)
15 (1, 4, 6, 7, 4, 66, 0, 0, 2, 4, 0, 130)
16 (1, 4, 0, 11, 0, 63, 0, 0, 2, 4, 0, 193)
17 (1, 4, 0, 16, 5, 63, 0, 0, 2, 5, 0, 106)
18 (1, 4, 0, 11, 0, 62, 0, 0, 2, 4, 0, 222)
19 (1, 4, 0, 16, 2, 62, 0, 0, 3, 5, 0, 242)
20 (1, 4, 0, 3, 0, 62, 0, 0, 3, 5, 0, 100)
21 (1, 4, 0, 0, 0, 61, 0, 0, 3, 5, 0, 157)
22 (1, 4, 0, 0, 0, 60, 0, 0, 3, 5, 0, 130)
23 (1, 4, 19, 0, 0, 53, 0, 0, 2, 5, 0, 245)
24 (1, 4, 10, 0, 0, 38, 0, 0, 3, 4, 0, 180)
25 (1, 4, 6, 0, 0, 21, 0, 0, 3, 5, 0, 168)
26 (1, 4, 36, 0, 0, 13, 0, 0, 2, 4, 0, 117)
27 (1, 4, 10, 0, 0, 4, 0, 0, 2, 4, 0, 1)
28 (1, 4, 0, 0, 0, 0, 0, 0, 4, 5, 0, 49)
29 (1, 4, 0, 0, 0, 0, 0, 0, 4, 7, 0, 231)
30 (1, 4, 0, 0, 0, 0, 0, 0, 0, 20, 0, 119)
31 (1, 4, 0, 0, 0, 0, 0, 0, 1, 2, 0, 202)
0 (1, 4, 107, 64, 0, 0, 0, 0, 0, 0, 0, 209)
1 (1, 4, 149, 119, 0, 0, 0, 0, 0, 0, 0, 159)
2 (1, 4, 194, 168, 0, 0, 0, 0, 0, 0, 0, 142)
3 (1, 4, 166, 262, 0, 0, 0, 0, 0, 0, 0, 218)
4 (1, 4, 127, 312, 0, 0, 0, 0, 0, 0, 0, 127)
5 (1, 4, 68, 366, 0, 0, 0, 0, 0, 0, 0, 111)
6 (1, 4, 116, 424, 0, 0, 0, 0, 0, 0, 0, 125)
7 (1, 4, 130, 505, 0, 0, 0, 0, 0, 0, 0, 181)
8 (1, 4, 167, 459, 0, 0, 0, 0, 0, 0, 0, 138)
9 (1, 4, 171, 429, 0, 0, 0, 0, 0, 0, 0, 52)
10 (1, 4, 1, 312, 0, 9, 0, 0, 1, 1, 0, 107)
11 (1, 4, 0, 259, 0, 15, 0, 0, 4, 6, 0, 20)
12 (1, 4, 0, 114, 0, 18, 0, 0, 3, 5, 0, 156)
13 (1, 4, 0, 36, 0, 29, 0, 0, 6, 15, 0, 6)
14 (1, 4, 0, 31, 0, 35, 0, 0, 5, 9, 0, 177)
15 (1, 4, 0, 36, 0, 52, 0, 0, 7, 16, 0, 143)
16 (1, 4, 0, 28, 0, 64, 0, 0, 6, 9, 0, 210)
17 (1, 4, 17, 19, 10, 63, 0, 0, 5, 8, 0, 189)
18 (1, 4, 0, 39, 16, 62, 0, 0, 4, 7, 0, 252)
19 (1, 4, 0, 19, 5, 61, 0, 0, 7, 6, 0, 220)
20 (1, 4, 0, 16, 8, 58, 0, 0, 4, 6, 0, 137)
21 (1, 4, 0, 11, 0, 61, 0, 0, 3, 5, 0, 246)
22 (1, 4, 0, 8, 0, 61, 0, 0, 3, 5, 0, 46)
23 (1, 4, 0, 12, 1, 61, 0, 0, 3, 5, 0, 96)
24 (1, 4, 0, 9, 0, 63, 0, 0, 4, 7, 0, 90)
25 (1, 4, 0, 15, 0, 62, 0, 0, 4, 6, 0, 153)
26 (1, 4, 0, 20, 0, 62, 0, 0, 4, 6, 0, 147)
27 (1, 4, 0, 17, 2, 61, 0, 0, 5, 9, 0, 215)
28 (1, 4, 0, 13, 0, 61, 0, 0, 3, 6, 0, 252)
29 (1, 4, 0, 6, 0, 61, 0, 0, 4, 7, 0, 213)
30 (1, 4, 0, 4, 0, 58, 0, 0, 3, 6, 0, 167)
31 (1, 4, 27, 0, 0, 52, 0, 0, 3, 7, 0, 46)
0 (1, 4, 42, 0, 2, 0, 0, 0, 2, 2, 0, 232)
1 (1, 4, 123, 0, 0, 0, 0, 0, 2, 2, 0, 160)
2 (1, 4, 313, 0, 0, 0, 0, 0, 1, 1, 0, 44)
3 (1, 4, 548, 150, 11, 0, 0, 0, 1, 1, 0, 92)
4 (1, 4, 348, 312, 0, 0, 0, 0, 1, 1, 0, 161)
5 (1, 4, 155, 417, 0, 0, 0, 0, 1, 1, 0, 115)
6 (1, 4, 155, 371, 0, 0, 0, 0, 1, 1, 0, 253)
7 (1, 4, 51, 428, 0, 0, 0, 0, 1, 1, 0, 13)
8 (1, 4, 0, 518, 0, 0, 0, 0, 2, 2, 0, 22)
9 (1, 4, 11, 477, 0, 0, 0, 0, 2, 4, 0, 169)
10 (1, 4, 0, 415, 0, 0, 0, 0, 20, 0, 0, 247)
11 (1, 4, 0, 316, 0, 9, 0, 0, 16, 20, 0, 141)
12 (1, 4, 0, 249, 43, 20, 0, 0, 10, 20, 0, 255)
13 (1, 4, 0, 131, 98, 35, 0, 0, 18, 20, 0, 186)
14 (1, 4, 0, 105, 72, 41, 0, 0, 18, 20, 0, 143)
15 (1, 4, 0, 52, 25, 40, 0, 0, 0, 0, 0, 65)
16 (1, 4, 0, 26, 0, 46, 0, 0, 20, 0, 0, 47)
17 (1, 4, 0, 16, 0, 49, 0, 0, 20, 20, 0, 170)
18 (1, 4, 0, 11, 0, 53, 0, 0, 0, 0, 0, 104)
19 (1, 4, 0, 0, 0, 59, 0, 0, 20, 0, 0, 4)
20 (1, 4, 0, 0, 0, 60, 0, 0, 11, 20, 0, 82)
21 (1, 4, 0, 11, 0, 62, 0, 0, 7, 18, 0, 236)
22 (1, 4, 12, 0, 0, 61, 0, 0, 9, 20, 0, 193)
23 (1, 4, 0, 2, 2, 61, 0, 0, 4, 7, 0, 32)
24 (1, 4, 6, 7, 8, 58, 0, 0, 5, 11, 0, 61)
25 (1, 4, 4, 9, 9, 57, 0, 0, 5, 10, 0, 251)
26 (1, 4, 0, 8, 0, 54, 0, 0, 5, 8, 0, 45)
27 (1, 4, 33, 0, 0, 45, 0, 0, 5, 9, 0, 18)
28 (1, 4, 49, 0, 0, 18, 0, 0, 4, 8, 0, 64)
29 (1, 4, 48, 0, 0, 4, 0, 0, 5, 8, 0, 153)
30 (1, 4, 23, 0, 0, 0, 0, 0, 5, 9, 0, 99)
31 (1, 4, 13, 0, 0, 0, 0, 0, 6, 14, 0, 95)
0 (1, 4, 24, 11, 0, 51, 0, 0, 20, 20, 0, 14)
1 (1, 4, 32, 0, 0, 26, 0, 0, 6, 8, 0, 146)
2 (1, 4, 47, 0, 3, 0, 0, 6, 19, 20, 0, 9)
3 (1, 4, 60, 0, 15, 0, 0, 21, 20, 20, 0, 133)
4 (1, 4, 33, 0, 26, 0, 0, 26, 0, 0, 0, 219)
5 (1, 4, 0, 0, 147, 0, 3, 47, 0, 0, 0, 152)
6 (1, 4, 0, 0, 245, 0, 29, 0, 14, 20, 0, 186)
7 (1, 4, 24, 0, 366, 0, 0, 0, 20, 0, 0, 198)
8 (1, 4, 0, 0, 135, 0, 0, 0, 20, 0, 0, 215)
9 (1, 4, 0, 0, 54, 0, 0, 0, 0, 0, 0, 142)
10 (1, 4, 0, 0, 41, 0, 0, 0, 0, 0, 0, 168)
11 (1, 4, 0, 0, 11, 0, 0, 0, 0, 0, 0, 121)
12 (1, 4, 0, 0, 0, 0, 0, 0, 5, 7, 0, 133)
13 (1, 4, 0, 0, 28, 0, 0, 0, 3, 4, 0, 238)
14 (1, 4, 95, 0, 117, 0, 0, 0, 4, 4, 0, 217)
15 (1, 4, 35, 48, 43, 0, 0, 0, 1, 2, 0, 69)
16 (1, 4, 17, 69, 36, 0, 0, 0, 1, 1, 0, 213)
17 (1, 4, 49, 0, 0, 0, 0, 0, 1, 1, 0, 94)
18 (1, 4, 0, 0, 0, 0, 0, 0, 1, 1, 0, 119)
19 (1, 4, 12, 0, 0, 0, 0, 0, 1, 1, 0, 63)
20 (1, 4, 0, 0, 3, 0, 0, 0, 1, 1, 0, 204)
21 (1, 4, 4, 39, 0, 0, 0, 0, 1, 1, 0, 143)
22 (1, 4, 0, 0, 7, 0, 0, 0, 1, 1, 0, 146)
23 (1, 4, 0, 35, 0, 0, 0, 0, 1, 1, 0, 109)
24 (1, 4, 0, 55, 0, 0, 0, 0, 1, 1, 0, 214)
25 (1, 4, 0, 50, 3, 0, 0, 0, 1, 1, 0, 2)
26 (1, 4, 8, 44, 0, 0, 0, 0, 1, 1, 0, 172)
27 (1, 4, 13, 9, 0, 0, 0, 0, 1, 1, 0, 55)
28 (1, 4, 50, 0, 0, 0, 0, 0, 1, 1, 0, 76)
29 (1, 4, 98, 28, 0, 0, 0, 0, 1, 1, 0, 45)
30 (1, 4, 129, 239, 0, 0, 0, 0, 1, 1, 0, 157)
31 (1, 4, 90, 380, 0, 0, 0, 0, 1, 1, 0, 222)
0 (1, 4, 31, 0, 0, 43, 0, 0, 3, 4, 0, 249)
1 (1, 4, 68, 0, 0, 24, 0, 0, 3, 4, 0, 205)
2 (1, 4, 46, 0, 0, 14, 0, 0, 2, 4, 0, 56)
3 (1, 4, 45, 0, 0, 0, 0, 0, 3, 4, 0, 242)
4 (1, 4, 0, 0, 0, 0, 0, 0, 3, 4, 0, 115)
5 (1, 4, 0, 0, 0, 0, 7, 0, 1, 2, 0, 162)
6 (1, 4, 0, 0, 0, 0, 18, 0, 1, 2, 0, 189)
7 (1, 4, 0, 0, 0, 0, 28, 0, 2, 2, 0, 203)
8 (1, 4, 0, 0, 0, 0, 31, 0, 2, 2, 0, 64)
9 (1, 4, 0, 0, 111, 0, 0, 0, 1, 1, 0, 43)
10 (1, 4, 0, 0, 0, 0, 0, 0, 1, 1, 0, 119)
11 (1, 4, 0, 215, 0, 0, 0, 0, 1, 1, 0, 150)
12 (1, 4, 156, 81, 31, 0, 0, 0, 1, 1, 0, 187)
13 (1, 4, 45, 22, 0, 0, 0, 0, 1, 1, 0, 32)
14 (1, 4, 0, 13, 0, 0, 0, 0, 1, 1, 0, 171)
15 (1, 4, 0, 21, 0, 0, 0, 0, 1, 1, 0, 121)
16 (1, 4, 28, 70, 7, 0, 0, 0, 1, 1, 0, 14)
17 (1, 4, 13, 71, 4, 0, 0, 0, 1, 1, 0, 238)
18 (1, 4, 6, 37, 0, 0, 0, 0, 1, 1, 0, 254)
19 (1, 4, 30, 54, 29, 0, 0, 0, 1, 1, 0, 222)
20 (1, 4, 101, 32, 79, 0, 0, 0, 1, 1, 0, 111)
21 (1, 4, 130, 10, 85, 0, 0, 0, 0, 1, 0, 140)
22 (1, 4, 204, 0, 65, 0, 0, 0, 1, 1, 0, 204)
23 (1, 4, 295, 0, 43, 0, 0, 0, 0, 1, 0, 3)
24 (1, 4, 261, 92, 0, 0, 0, 0, 0, 1, 0, 170)
25 (1, 4, 163, 259, 0, 0, 0, 0, 0, 1, 0, 232)
26 (1, 4, 168, 278, 0, 0, 0, 0, 0, 1, 0, 132)
27 (1, 4, 175, 291, 0, 0, 0, 0, 0, 1, 0, 98)
28 (1, 4, 183, 282, 0, 0, 0, 0, 0, 1, 0, 87)
29 (1, 4, 135, 297, 0, 0, 0, 0, 1, 1, 0, 105)
30 (1, 4, 127, 312, 0, 0, 0, 0, 0, 1, 0, 20)
31 (1, 4, 0, 346, 0, 0, 0, 0, 0, 1, 0, 204)
0 (1, 4, 10, 0, 15, 0, 0, 0, 1, 1, 0, 66)
1 (1, 4, 45, 0, 39, 0, 0, 0, 1, 1, 0, 237)
2 (1, 4, 75, 0, 43, 0, 0, 0, 1, 1, 0, 101)
3 (1, 4, 166, 0, 48, 0, 0, 0, 1, 1, 0, 0)
4 (1, 4, 163, 37, 23, 0, 0, 0, 1, 1, 0, 128)
5 (1, 4, 206, 108, 0, 0, 0, 0, 1, 1, 0, 151)
6 (1, 4, 257, 257, 0, 0, 0, 0, 1, 1, 0, 43)
7 (1, 4, 324, 353, 0, 0, 0, 0, 1, 1, 0, 213)
8 (1, 4, 234, 514, 0, 0, 0, 0, 1, 1, 0, 224)
9 (1, 4, 182, 543, 0, 0, 0, 0, 1, 1, 0, 124)
10 (1, 4, 156, 555, 0, 0, 0, 0, 1, 1, 0, 174)
11 (1, 4, 97, 535, 0, 0, 0, 0, 1, 1, 0, 153)
12 (1, 4, 30, 460, 0, 0, 0, 0, 1, 1, 0, 205)
13 (1, 4, 55, 343, 0, 0, 0, 0, 2, 2, 0, 100)
14 (1, 4, 41, 284, 0, 0, 0, 0, 2, 2, 0, 56)
15 (1, 4, 0, 184, 0, 9, 0, 15, 2, 2, 0, 99)
16 (1, 4, 18, 60, 0, 29, 0, 21, 1, 1, 0, 84)
17 (1, 4, 0, 0, 0, 43, 0, 0, 2, 2, 0, 92)
18 (1, 4, 0, 0, 0, 51, 0, 0, 5, 6, 0, 209)
19 (1, 4, 0, 4, 0, 58, 0, 0, 4, 6, 0, 142)
20 (1, 4, 0, 0, 0, 45, 0, 0, 4, 5, 0, 67)
21 (1, 4, 2, 0, 0, 20, 0, 0, 5, 7, 0, 18)
22 (1, 4, 59, 0, 0, 6, 0, 0, 3, 4, 0, 116)
23 (1, 4, 22, 0, 0, 5, 0, 0, 3, 3, 0, 194)
24 (1, 4, 37, 0, 14, 0, 0, 0, 2, 3, 0, 59)
25 (1, 4, 0, 0, 83, 0, 0, 0, 2, 3, 0, 56)
26 (1, 4, 0, 0, 78, 0, 0, 0, 3, 3, 0, 83)
27 (1, 4, 0, 0, 0, 32, 0, 0, 2, 3, 0, 238)
28 (1, 4, 0, 0, 0, 66, 0, 0, 2, 3, 0, 236)
29 (1, 4, 0, 0, 0, 28, 0, 0, 2, 3, 0, 116)
30 (1, 4, 0, 0, 0, 1, 0, 0, 2, 2, 0, 115)
31 (1, 4, 0, 0, 0, 0, 0, 0, 1, 2, 0, 202)
0 (1, 4, 0, 9, 0, 68, 0, 0, 11, 14, 0, 66)
1 (1, 4, 2, 11, 0, 67, 0, 0, 0, 0, 0, 253)
2 (1, 4, 19, 5, 0, 63, 0, 0, 16, 20, 0, 99)
3 (1, 4, 15, 0, 0, 56, 0, 0, 20, 20, 0, 118)
4 (1, 4, 40, 0, 0, 37, 0, 0, 6, 8, 0, 89)
5 (1, 4, 84, 0, 0, 1, 0, 4, 3, 4, 0, 72)
6 (1, 4, 62, 0, 0, 0, 0, 1, 3, 4, 0, 223)
7 (1, 4, 107, 0, 0, 0, 0, 4, 4, 4, 0, 3)
8 (1, 4, 0, 0, 0, 0, 8, 0, 7, 11, 0, 122)
9 (1, 4, 0, 0, 0, 0, 23, 0, 6, 8, 0, 137)
10 (1, 4, 0, 0, 0, 0, 49, 0, 4, 4, 0, 171)
11 (1, 4, 0, 0, 0, 0, 16, 0, 2, 5, 0, 255)
12 (1, 4, 0, 0, 37, 0, 0, 0, 5, 3, 0, 26)
13 (1, 4, 0, 0, 57, 0, 0, 0, 2, 2, 0, 197)
14 (1, 4, 0, 0, 10, 0, 0, 0, 2, 2, 0, 255)
15 (1, 4, 0, 0, 0, 0, 0, 0, 2, 2, 0, 108)
16 (1, 4, 10, 0, 26, 0, 0, 0, 5, 5, 0, 211)
17 (1, 4, 0, 0, 0, 0, 0, 0, 15, 20, 0, 71)
18 (1, 4, 11, 20, 0, 0, 0, 0, 1, 0, 0, 197)
19 (1, 4, 39, 14, 0, 0, 0, 0, 1, 1, 0, 158)
20 (1, 4, 45, 10, 0, 0, 0, 0, 1, 0, 0, 67)
21 (1, 4, 37, 7, 0, 0, 0, 0, 0, 0, 0, 141)
22 (1, 4, 29, 14, 6, 0, 0, 0, 0, 0, 0, 173)
23 (1, 4, 28, 9, 10, 0, 0, 0, 0, 0, 0, 67)
24 (1, 4, 8, 1, 3, 0, 0, 0, 0, 0, 0, 0)
25 (1, 4, 12, 0, 6, 0, 0, 0, 0, 0, 0, 71)
26 (1, 4, 11, 0, 5, 0, 0, 0, 0, 0, 0, 214)
27 (1, 4, 21, 0, 10, 0, 0, 0, 0, 0, 0, 59)
28 (1, 4, 13, 0, 1, 0, 0, 0, 0, 0, 0, 172)
29 (1, 4, 19, 0, 3, 0, 0, 0, 0, 0, 0, 55)
30 (1, 4, 27, 0, 4, 0, 0, 0, 0, 0, 0, 162)
31 (1, 4, 56, 0, 7, 0, 0, 0, 0, 0, 0, 204)
0 (1, 4, 0, 19, 0, 0, 0, 0, 1, 1, 0, 206)
1 (1, 4, 0, 31, 0, 0, 0, 0, 2, 1, 0, 1)
2 (1, 4, 32, 43, 0, 0, 0, 0, 1, 1, 0, 25)
3 (1, 4, 31, 12, 0, 0, 0, 0, 2, 1, 0, 2)
4 (1, 4, 54, 17, 0, 0, 0, 0, 2, 1, 0, 6)
5 (1, 4, 147, 0, 1, 0, 0, 0, 1, 1, 0, 4)
6 (1, 4, 342, 146, 50, 0, 0, 0, 1, 1, 0, 155)
7 (1, 4, 318, 329, 0, 0, 0, 0, 1, 1, 0, 102)
8 (1, 4, 200, 462, 0, 0, 0, 0, 1, 1, 0, 248)
9 (1, 4, 216, 547, 0, 0, 0, 0, 1, 1, 0, 172)
10 (1, 4, 204, 634, 0, 0, 0, 0, 2, 2, 0, 139)
11 (1, 4, 192, 563, 0, 0, 0, 0, 4, 5, 0, 27)
12 (1, 4, 30, 496, 0, 0, 0, 0, 5, 6, 0, 158)
13 (1, 4, 0, 474, 0, 0, 0, 0, 11, 13, 0, 136)
14 (1, 4, 0, 359, 0, 0, 0, 0, 7, 10, 0, 118)
15 (1, 4, 0, 244, 0, 14, 0, 0, 7, 11, 0, 250)
16 (1, 4, 0, 162, 0, 29, 0, 0, 9, 11, 0, 43)
17 (1, 4, 0, 113, 3, 39, 0, 19, 20, 20, 0, 229)
18 (1, 4, 0, 46, 0, 53, 0, 4, 12, 20, 0, 47)
19 (1, 4, 1, 0, 0, 56, 0, 0, 13, 18, 0, 22)
20 (1, 4, 0, 0, 0, 70, 0, 0, 12, 14, 0, 83)
21 (1, 4, 16, 0, 0, 77, 0, 0, 11, 18, 0, 27)
22 (1, 4, 0, 0, 0, 69, 0, 0, 11, 15, 0, 48)
23 (1, 4, 23, 0, 0, 69, 0, 0, 12, 14, 0, 184)
24 (1, 4, 5, 0, 0, 69, 0, 0, 9, 14, 0, 169)
25 (1, 4, 0, 0, 0, 73, 0, 0, 9, 12, 0, 205)
26 (1, 4, 0, 0, 0, 75, 0, 0, 11, 12, 0, 55)
27 (1, 4, 19, 2, 0, 71, 0, 0, 8, 11, 0, 156)
28 (1, 4, 3, 12, 0, 74, 0, 0, 7, 10, 0, 184)
29 (1, 4, 15, 14, 0, 70, 0, 0, 7, 8, 0, 207)
30 (1, 4, 12, 0, 0, 65, 0, 0, 6, 8, 0, 230)
31 (1, 4, 19, 0, 0, 56, 0, 0, 6, 8, 0, 112)
0 (1, 4, 13, 5, 0, 0, 0, 0, 1, 1, 0, 94)
1 (1, 4, 22, 6, 0, 0, 0, 0, 1, 1, 0, 4)
2 (1, 4, 40, 6, 0, 0, 0, 0, 1, 1, 0, 119)
3 (1, 4, 58, 0, 0, 0, 0, 0, 1, 1, 0, 60)
4 (1, 4, 128, 0, 0, 0, 0, 0, 1, 1, 0, 98)
5 (1, 4, 318, 108, 0, 0, 0, 0, 1, 1, 0, 46)
6 (1, 4, 255, 326, 0, 0, 0, 0, 2, 2, 0, 92)
7 (1, 4, 187, 397, 0, 0, 0, 0, 11, 9, 0, 147)
8 (1, 4, 159, 509, 0, 0, 0, 0, 6, 5, 0, 66)
9 (1, 4, 92, 586, 0, 0, 0, 0, 4, 3, 0, 253)
10 (1, 4, 109, 605, 0, 0, 0, 0, 8, 7, 0, 138)
11 (1, 4, 99, 603, 0, 0, 0, 0, 5, 6, 0, 246)
12 (1, 4, 29, 529, 0, 0, 0, 0, 3, 3, 0, 218)
13 (1, 4, 29, 490, 7, 0, 0, 0, 3, 3, 0, 93)
14 (1, 4, 21, 380, 21, 0, 0, 0, 3, 3, 0, 170)
15 (1, 4, 68, 241, 19, 0, 0, 0, 3, 4, 0, 146)
16 (1, 4, 8, 93, 0, 22, 0, 16, 3, 4, 0, 91)
17 (1, 4, 0, 19, 0, 47, 0, 8, 3, 4, 0, 108)
18 (1, 4, 0, 0, 0, 57, 0, 9, 3, 4, 0, 191)
19 (1, 4, 0, 0, 0, 66, 0, 0, 3, 3, 0, 142)
20 (1, 4, 4, 0, 0, 68, 0, 0, 4, 5, 0, 160)
21 (1, 4, 0, 9, 0, 63, 0, 0, 4, 5, 0, 140)
22 (1, 4, 11, 1, 0, 63, 0, 0, 4, 5, 0, 93)
23 (1, 4, 0, 0, 0, 62, 0, 0, 4, 5, 0, 149)
24 (1, 4, 5, 0, 0, 65, 0, 0, 4, 5, 0, 205)
25 (1, 4, 5, 0, 0, 67, 0, 0, 4, 5, 0, 243)
26 (1, 4, 0, 9, 0, 67, 0, 0, 4, 5, 0, 195)
27 (1, 4, 0, 13, 0, 65, 0, 0, 3, 5, 0, 14)
28 (1, 4, 0, 14, 0, 66, 0, 0, 4, 6, 0, 99)
29 (1, 4, 2, 5, 0, 64, 0, 0, 4, 5, 0, 151)
30 (1, 4, 0, 1, 0, 61, 0, 0, 3, 5, 0, 40)
31 (1, 4, 0, 0, 0, 63, 0, 0, 3, 4, 0, 200)
0 (1, 4, 132, 306, 0, 0, 0, 0, 1, 1, 0, 113)
1 (1, 4, 117, 374, 0, 0, 0, 0, 1, 1, 0, 157)
2 (1, 4, 128, 428, 0, 0, 0, 0, 1, 1, 0, 45)
3 (1, 4, 0, 481, 0, 0, 0, 0, 1, 1, 0, 103)
4 (1, 4, 0, 612, 0, 0, 0, 0, 1, 1, 0, 33)
5 (1, 4, 0, 661, 0, 0, 0, 0, 1, 1, 0, 181)
6 (1, 4, 169, 536, 44, 0, 0, 0, 4, 3, 0, 227)
7 (1, 4, 262, 283, 38, 0, 0, 12, 6, 6, 0, 145)
8 (1, 4, 143, 148, 10, 7, 0, 16, 5, 6, 0, 6)
9 (1, 4, 41, 34, 0, 31, 0, 15, 4, 5, 0, 140)
10 (1, 4, 3, 0, 0, 49, 0, 0, 6, 8, 0, 119)
11 (1, 4, 0, 0, 0, 63, 0, 0, 4, 6, 0, 55)
12 (1, 4, 0, 0, 0, 75, 0, 0, 4, 5, 0, 61)
13 (1, 4, 0, 0, 0, 76, 0, 0, 4, 5, 0, 96)
14 (1, 4, 0, 29, 6, 72, 0, 0, 3, 4, 0, 146)
15 (1, 4, 9, 31, 0, 68, 0, 0, 3, 4, 0, 116)
16 (1, 4, 0, 13, 0, 66, 0, 0, 3, 4, 0, 68)
17 (1, 4, 0, 15, 0, 67, 0, 0, 3, 4, 0, 54)
18 (1, 4, 0, 14, 0, 72, 0, 0, 3, 4, 0, 90)
19 (1, 4, 6, 8, 2, 69, 0, 0, 4, 4, 0, 84)
20 (1, 4, 0, 15, 0, 68, 0, 0, 3, 4, 0, 107)
21 (1, 4, 6, 3, 0, 61, 0, 0, 3, 4, 0, 10)
22 (1, 4, 2, 0, 0, 45, 0, 0, 3, 4, 0, 29)
23 (1, 4, 30, 0, 0, 23, 0, 0, 3, 4, 0, 109)
24 (1, 4, 36, 0, 13, 6, 0, 7, 3, 4, 0, 171)
25 (1, 4, 32, 0, 72, 0, 0, 12, 6, 7, 0, 60)
26 (1, 4, 0, 0, 65, 0, 0, 0, 4, 4, 0, 53)
27 (1, 4, 0, 0, 0, 0, 0, 0, 2, 4, 0, 17)
28 (1, 4, 0, 0, 0, 0, 0, 0, 2, 2, 0, 108)
29 (1, 4, 0, 0, 0, 0, 4, 0, 4, 5, 0, 210)
30 (1, 4, 0, 0, 62, 0, 0, 0, 4, 3, 0, 0)
31 (1, 4, 0, 0, 189, 0, 0, 0, 7, 4, 0, 250)
0 (1, 4, 0, 26, 0, 0, 0, 0, 0, 0, 0, 193)
1 (1, 4, 15, 15, 0, 0, 0, 0, 0, 0, 0, 149)
2 (1, 4, 26, 21, 2, 0, 0, 0, 0, 0, 0, 211)
3 (1, 4, 36, 25, 5, 0, 0, 0, 0, 0, 0, 44)
4 (1, 4, 46, 19, 2, 0, 0, 0, 0, 0, 0, 123)
5 (1, 4, 63, 5, 2, 0, 0, 0, 0, 0, 0, 67)
6 (1, 4, 169, 35, 0, 0, 0, 0, 0, 0, 0, 200)
7 (1, 4, 285, 270, 0, 0, 0, 0, 1, 0, 0, 89)
8 (1, 4, 140, 408, 0, 0, 0, 0, 1, 1, 0, 28)
9 (1, 4, 174, 472, 0, 0, 0, 0, 1, 1, 0, 68)
10 (1, 4, 149, 524, 0, 0, 0, 0, 2, 2, 0, 11)
11 (1, 4, 105, 604, 0, 0, 0, 0, 2, 3, 0, 113)
12 (1, 4, 0, 608, 0, 0, 0, 0, 3, 3, 0, 233)
13 (1, 4, 30, 593, 0, 0, 0, 0, 2, 3, 0, 41)
14 (1, 4, 45, 509, 0, 0, 0, 0, 2, 3, 0, 158)
15 (1, 4, 31, 386, 16, 0, 0, 21, 2, 3, 0, 50)
16 (1, 4, 0, 115, 0, 9, 0, 38, 2, 3, 0, 117)
17 (1, 4, 0, 9, 0, 51, 0, 0, 3, 4, 0, 74)
18 (1, 4, 0, 0, 0, 80, 0, 0, 4, 5, 0, 19)
19 (1, 4, 0, 19, 2, 80, 0, 0, 3, 3, 0, 209)
20 (1, 4, 3, 11, 4, 72, 0, 0, 3, 3, 0, 111)
21 (1, 4, 0, 2, 0, 68, 0, 0, 2, 3, 0, 195)
22 (1, 4, 0, 0, 0, 70, 0, 0, 3, 3, 0, 242)
23 (1, 4, 0, 3, 0, 73, 0, 0, 2, 3, 0, 237)
24 (1, 4, 24, 0, 4, 73, 0, 0, 2, 3, 0, 251)
25 (1, 4, 0, 11, 2, 73, 0, 0, 3, 3, 0, 19)
26 (1, 4, 3, 16, 8, 71, 0, 0, 2, 3, 0, 64)
27 (1, 4, 0, 0, 1, 71, 0, 0, 2, 3, 0, 27)
28 (1, 4, 7, 3, 16, 67, 0, 0, 3, 3, 0, 28)
29 (1, 4, 0, 1, 14, 69, 0, 0, 2, 3, 0, 201)
30 (1, 4, 11, 0, 0, 75, 0, 0, 2, 3, 0, 105)
31 (1, 4, 11, 7, 0, 76, 0, 0, 2, 3, 0, 54)
0 (1, 4, 23, 26, 0, 0, 0, 0, 1, 0, 0, 105)
1 (1, 4, 30, 15, 0, 0, 0, 0, 0, 0, 0, 123)
2 (1, 4, 121, 0, 5, 0, 0, 0, 0, 0, 0, 100)
3 (1, 4, 202, 0, 7, 0, 0, 0, 1, 0, 0, 9)
4 (1, 4, 204, 92, 0, 0, 0, 0, 0, 0, 0, 33)
5 (1, 4, 168, 214, 0, 0, 0, 0, 0, 0, 0, 136)
6 (1, 4, 196, 294, 0, 0, 0, 0, 1, 0, 0, 40)
7 (1, 4, 113, 320, 0, 0, 0, 0, 0, 0, 0, 184)
8 (1, 4, 0, 515, 0, 0, 0, 0, 0, 0, 0, 107)
9 (1, 4, 30, 548, 0, 0, 0, 0, 0, 0, 0, 31)
10 (1, 4, 27, 592, 0, 0, 0, 0, 1, 0, 0, 177)
11 (1, 4, 90, 563, 0, 0, 0, 0, 1, 1, 0, 196)
12 (1, 4, 60, 509, 0, 0, 0, 0, 2, 2, 0, 27)
13 (1, 4, 68, 328, 0, 0, 0, 0, 2, 3, 0, 99)
14 (1, 4, 19, 172, 0, 14, 0, 29, 2, 3, 0, 118)
15 (1, 4, 0, 78, 0, 41, 0, 16, 2, 3, 0, 93)
16 (1, 4, 0, 27, 14, 64, 0, 0, 3, 3, 0, 119)
17 (1, 4, 0, 0, 2, 72, 0, 0, 2, 3, 0, 5)
18 (1, 4, 0, 23, 7, 70, 0, 0, 2, 3, 0, 22)
19 (1, 4, 9, 21, 5, 70, 0, 0, 3, 3, 0, 72)
20 (1, 4, 3, 8, 0, 67, 0, 0, 3, 3, 0, 48)
21 (1, 4, 0, 17, 0, 68, 0, 0, 2, 3, 0, 122)
22 (1, 4, 4, 5, 3, 68, 0, 0, 3, 3, 0, 32)
23 (1, 4, 0, 14, 10, 68, 0, 0, 3, 3, 0, 91)
24 (1, 4, 3, 7, 9, 69, 0, 0, 2, 3, 0, 137)
25 (1, 4, 0, 11, 0, 67, 0, 0, 3, 3, 0, 250)
26 (1, 4, 13, 4, 0, 68, 0, 0, 3, 3, 0, 80)
27 (1, 4, 0, 0, 0, 68, 0, 0, 2, 3, 0, 174)
28 (1, 4, 0, 9, 0, 70, 0, 0, 3, 3, 0, 244)
29 (1, 4, 1, 6, 0, 70, 0, 0, 3, 3, 0, 75)
30 (1, 4, 1, 9, 0, 68, 0, 0, 2, 3, 0, 166)
31 (1, 4, 0, 9, 0, 69, 0, 0, 2, 3, 0, 183)
0 (1, 4, 25, 0, 0, 0, 0, 0, 0, 0, 0, 224)
1 (1, 4, 51, 13, 0, 0, 0, 0, 0, 0, 0, 151)
2 (1, 4, 79, 0, 0, 0, 0, 0, 0, 0, 0, 173)
3 (1, 4, 109, 63, 0, 0, 0, 0, 0, 0, 0, 100)
4 (1, 4, 295, 253, 0, 0, 0, 0, 0, 0, 0, 108)
5 (1, 4, 244, 324, 0, 0, 0, 0, 0, 0, 0, 65)
6 (1, 4, 114, 419, 0, 0, 0, 0, 0, 0, 0, 50)
7 (1, 4, 94, 477, 0, 0, 0, 0, 0, 0, 0, 153)
8 (1, 4, 79, 561, 0, 0, 0, 0, 1, 0, 0, 20)
9 (1, 4, 1, 598, 0, 0, 0, 0, 1, 1, 0, 225)
10 (1, 4, 0, 595, 0, 0, 0, 0, 1, 1, 0, 128)
11 (1, 4, 0, 622, 0, 0, 0, 0, 1, 1, 0, 255)
12 (1, 4, 138, 490, 0, 0, 0, 0, 1, 1, 0, 117)
13 (1, 4, 148, 142, 0, 0, 0, 5, 1, 2, 0, 168)
14 (1, 4, 51, 132, 0, 21, 0, 27, 2, 2, 0, 73)
15 (1, 4, 0, 18, 0, 48, 0, 12, 2, 2, 0, 225)
16 (1, 4, 0, 0, 0, 70, 0, 0, 2, 3, 0, 144)
17 (1, 4, 0, 0, 0, 78, 0, 0, 2, 3, 0, 104)
18 (1, 4, 12, 0, 0, 77, 0, 0, 2, 3, 0, 1)
19 (1, 4, 0, 0, 0, 75, 0, 0, 2, 3, 0, 11)
20 (1, 4, 0, 0, 0, 78, 0, 0, 2, 3, 0, 104)
21 (1, 4, 0, 0, 0, 81, 0, 0, 2, 3, 0, 58)
22 (1, 4, 0, 4, 0, 83, 0, 0, 2, 3, 0, 222)
23 (1, 4, 1, 23, 0, 81, 0, 0, 2, 3, 0, 87)
24 (1, 4, 0, 29, 0, 77, 0, 0, 2, 3, 0, 244)
25 (1, 4, 0, 30, 4, 77, 0, 0, 2, 3, 0, 114)
26 (1, 4, 0, 16, 5, 76, 0, 0, 2, 3, 0, 253)
27 (1, 4, 0, 11, 4, 77, 0, 0, 2, 3, 0, 124)
28 (1, 4, 9, 5, 1, 80, 0, 0, 2, 3, 0, 160)
29 (1, 4, 15, 3, 2, 77, 0, 0, 2, 3, 0, 228)
30 (1, 4, 14, 6, 6, 79, 0, 0, 2, 2, 0, 142)
31 (1, 4, 3, 0, 1, 80, 0, 0, 2, 2, 0, 200)
0 (1, 4, 0, 0, 6, 0, 0, 0, 0, 0, 0, 15)
1 (1, 4, 48, 0, 5, 0, 0, 0, 0, 0, 0, 147)
2 (1, 4, 84, 35, 0, 0, 0, 0, 1, 0, 0, 87)
3 (1, 4, 240, 168, 0, 0, 0, 0, 0, 0, 0, 181)
4 (1, 4, 234, 401, 0, 0, 0, 0, 1, 0, 0, 27)
5 (1, 4, 178, 540, 0, 0, 0, 0, 1, 0, 0, 247)
6 (1, 4, 226, 666, 0, 0, 0, 0, 1, 1, 0, 67)
7 (1, 4, 195, 682, 0, 0, 0, 0, 2, 3, 0, 89)
8 (1, 4, 221, 670, 0, 0, 0, 0, 3, 2, 0, 157)
9 (1, 4, 157, 616, 0, 0, 0, 0, 3, 4, 0, 255)
10 (1, 4, 0, 486, 0, 0, 0, 0, 2, 3, 0, 21)
11 (1, 4, 0, 397, 0, 0, 0, 0, 2, 3, 0, 63)
12 (1, 4, 0, 309, 0, 0, 0, 26, 2, 3, 0, 174)
13 (1, 4, 0, 146, 12, 22, 0, 52, 3, 4, 0, 46)
14 (1, 4, 0, 27, 13, 58, 0, 20, 3, 3, 0, 103)
15 (1, 4, 0, 0, 6, 74, 0, 0, 3, 3, 0, 7)
16 (1, 4, 2, 0, 0, 79, 0, 0, 2, 3, 0, 107)
17 (1, 4, 0, 20, 1, 78, 0, 0, 2, 3, 0, 71)
18 (1, 4, 36, 0, 7, 75, 0, 0, 2, 3, 0, 17)
19 (1, 4, 8, 3, 0, 77, 0, 0, 2, 3, 0, 225)
20 (1, 4, 20, 7, 0, 78, 0, 0, 2, 3, 0, 178)
21 (1, 4, 0, 7, 0, 75, 0, 3, 2, 3, 0, 111)
22 (1, 4, 0, 5, 2, 79, 0, 0, 2, 3, 0, 55)
23 (1, 4, 23, 4, 7, 81, 0, 0, 2, 3, 0, 207)
24 (1, 4, 0, 16, 0, 73, 0, 0, 2, 3, 0, 84)
25 (1, 4, 0, 7, 2, 71, 0, 0, 2, 2, 0, 201)
26 (1, 4, 0, 0, 0, 78, 0, 4, 2, 3, 0, 29)
27 (1, 4, 9, 0, 3, 79, 0, 0, 3, 3, 0, 208)
28 (1, 4, 0, 8, 5, 73, 0, 0, 2, 3, 0, 76)
29 (1, 4, 0, 0, 5, 56, 0, 1, 2, 3, 0, 244)
30 (1, 4, 0, 0, 26, 30, 0, 4, 2, 2, 0, 184)
31 (1, 4, 19, 0, 52, 13, 0, 13, 2, 2, 0, 154)
0 (1, 4, 202, 584, 0, 0, 0, 0, 1, 1, 0, 122)
1 (1, 4, 213, 635, 0, 0, 0, 0, 1, 1, 0, 187)
2 (1, 4, 61, 682, 0, 0, 0, 0, 1, 0, 0, 173)
3 (1, 4, 156, 640, 0, 0, 0, 0, 1, 1, 0, 6)
4 (1, 4, 473, 437, 0, 0, 0, 7, 2, 2, 0, 87)
5 (1, 4, 0, 297, 0, 0, 16, 68, 2, 2, 0, 248)
6 (1, 4, 0, 9, 0, 9, 0, 60, 2, 2, 0, 96)
7 (1, 4, 0, 0, 0, 45, 0, 12, 2, 2, 0, 129)
8 (1, 4, 0, 15, 13, 77, 0, 0, 2, 2, 0, 229)
9 (1, 4, 65, 12, 30, 80, 0, 0, 2, 2, 0, 18)
10 (1, 4, 0, 22, 11, 65, 0, 7, 2, 2, 0, 100)
11 (1, 4, 0, 13, 0, 66, 0, 5, 2, 2, 0, 241)
12 (1, 4, 0, 0, 0, 72, 0, 0, 2, 2, 0, 65)
13 (1, 4, 0, 0, 0, 67, 0, 0, 2, 2, 0, 152)
14 (1, 4, 0, 10, 1, 65, 0, 5, 2, 2, 0, 70)
15 (1, 4, 0, 0, 3, 68, 0, 0, 2, 2, 0, 126)
16 (1, 4, 0, 0, 0, 71, 0, 0, 2, 2, 0, 228)
17 (1, 4, 10, 7, 0, 70, 0, 0, 2, 2, 0, 149)
18 (1, 4, 0, 9, 0, 68, 0, 0, 1, 2, 0, 101)
19 (1, 4, 0, 5, 2, 68, 0, 0, 2, 2, 0, 133)
20 (1, 4, 0, 0, 0, 69, 0, 1, 2, 2, 0, 5)
21 (1, 4, 7, 2, 0, 69, 0, 0, 1, 2, 0, 59)
22 (1, 4, 0, 5, 0, 67, 0, 0, 2, 2, 0, 247)
23 (1, 4, 11, 0, 0, 58, 0, 6, 2, 2, 0, 26)
24 (1, 4, 0, 0, 0, 37, 0, 13, 1, 2, 0, 0)
25 (1, 4, 0, 0, 9, 23, 0, 17, 2, 2, 0, 226)
26 (1, 4, 15, 0, 39, 10, 0, 18, 2, 2, 0, 129)
27 (1, 4, 0, 0, 56, 0, 0, 10, 1, 2, 0, 164)
28 (1, 4, 0, 0, 134, 0, 0, 0, 2, 2, 0, 236)
29 (1, 4, 0, 0, 151, 0, 0, 0, 2, 2, 0, 7)
30 (1, 4, 0, 0, 220, 0, 0, 0, 1, 2, 0, 93)
31 (1, 4, 0, 0, 296, 0, 0, 0, 1, 1, 0, 104)
0 (1, 4, 5, 13, 0, 0, 0, 0, 0, 0, 0, 148)
1 (1, 4, 12, 9, 0, 0, 0, 0, 0, 0, 0, 48)
2 (1, 4, 13, 1, 0, 0, 0, 0, 0, 0, 0, 141)
3 (1, 4, 16, 4, 0, 0, 0, 0, 0, 0, 0, 68)
4 (1, 4, 17, 0, 0, 0, 0, 0, 0, 0, 0, 144)
5 (1, 4, 17, 3, 0, 0, 0, 0, 0, 0, 0, 72)
6 (1, 4, 30, 13, 0, 0, 0, 0, 0, 0, 0, 22)
7 (1, 4, 173, 8, 0, 0, 0, 0, 0, 0, 0, 89)
8 (1, 4, 215, 174, 0, 0, 0, 0, 1, 0, 0, 141)
9 (1, 4, 158, 307, 0, 0, 0, 0, 1, 0, 0, 35)
10 (1, 4, 92, 463, 0, 0, 0, 0, 1, 1, 0, 128)
11 (1, 4, 135, 553, 0, 0, 0, 0, 2, 2, 0, 90)
12 (1, 4, 177, 592, 0, 0, 0, 0, 2, 2, 0, 127)
13 (1, 4, 63, 618, 0, 0, 0, 0, 2, 2, 0, 67)
14 (1, 4, 27, 586, 0, 0, 0, 0, 2, 2, 0, 126)
15 (1, 4, 50, 465, 0, 0, 0, 6, 2, 2, 0, 40)
16 (1, 4, 0, 202, 1, 3, 0, 41, 2, 2, 0, 17)
17 (1, 4, 0, 28, 17, 35, 0, 5, 2, 2, 0, 237)
18 (1, 4, 0, 0, 0, 58, 0, 0, 3, 3, 0, 189)
19 (1, 4, 0, 1, 0, 71, 0, 0, 2, 3, 0, 58)
20 (1, 4, 0, 5, 0, 67, 0, 0, 3, 3, 0, 254)
21 (1, 4, 29, 0, 0, 69, 0, 0, 3, 3, 0, 117)
22 (1, 4, 0, 0, 0, 67, 0, 0, 3, 3, 0, 145)
23 (1, 4, 0, 0, 0, 69, 0, 0, 2, 3, 0, 177)
24 (1, 4, 0, 0, 0, 70, 0, 0, 3, 3, 0, 242)
25 (1, 4, 1, 0, 0, 70, 0, 0, 2, 3, 0, 158)
26 (1, 4, 0, 0, 0, 71, 0, 0, 2, 3, 0, 143)
27 (1, 4, 0, 0, 0, 71, 0, 0, 3, 2, 0, 134)
28 (1, 4, 0, 0, 0, 70, 0, 0, 2, 3, 0, 144)
29 (1, 4, 0, 0, 0, 70, 0, 0, 2, 2, 0, 251)
30 (1, 4, 0, 0, 0, 72, 0, 0, 3, 2, 0, 35)
31 (1, 4, 0, 0, 0, 71, 0, 0, 3, 3, 0, 237)
0 (1, 4, 69, 0, 40, 0, 0, 0, 2, 2, 0, 145)
1 (1, 4, 89, 0, 37, 0, 0, 0, 2, 2, 0, 79)
2 (1, 4, 79, 0, 23, 0, 0, 0, 2, 2, 0, 37)
3 (1, 4, 66, 5, 13, 0, 0, 0, 2, 2, 0, 224)
4 (1, 4, 121, 7, 30, 0, 0, 0, 2, 2, 0, 12)
5 (1, 4, 152, 16, 36, 0, 0, 0, 2, 2, 0, 40)
6 (1, 4, 171, 22, 30, 0, 0, 0, 2, 2, 0, 184)
7 (1, 4, 239, 104, 0, 0, 0, 0, 1, 1, 0, 132)
8 (1, 4, 75, 268, 0, 0, 0, 0, 2, 1, 0, 182)
9 (1, 4, 51, 361, 0, 0, 0, 0, 2, 1, 0, 70)
10 (1, 4, 57, 458, 0, 0, 0, 0, 1, 1, 0, 151)
11 (1, 4, 99, 592, 0, 0, 0, 0, 15, 3, 0, 128)
12 (1, 4, 98, 553, 0, 0, 0, 0, 0, 0, 0, 37)
13 (1, 4, 0, 503, 0, 0, 0, 0, 20, 0, 0, 5)
14 (1, 4, 0, 475, 0, 0, 0, 0, 5, 6, 0, 131)
15 (1, 4, 0, 367, 0, 0, 0, 0, 3, 3, 0, 112)
16 (1, 4, 17, 194, 0, 27, 0, 0, 4, 5, 0, 30)
17 (1, 4, 0, 119, 0, 39, 0, 3, 5, 5, 0, 163)
18 (1, 4, 0, 71, 13, 63, 0, 0, 4, 4, 0, 22)
19 (1, 4, 0, 30, 17, 66, 0, 0, 3, 4, 0, 22)
20 (1, 4, 0, 14, 23, 71, 0, 0, 3, 4, 0, 101)
21 (1, 4, 0, 0, 4, 74, 0, 0, 3, 3, 0, 40)
22 (1, 4, 0, 0, 0, 76, 0, 0, 3, 3, 0, 52)
23 (1, 4, 6, 0, 0, 76, 0, 0, 2, 3, 0, 114)
24 (1, 4, 9, 0, 0, 72, 0, 0, 3, 3, 0, 54)
25 (1, 4, 9, 0, 0, 72, 0, 0, 3, 3, 0, 54)
26 (1, 4, 29, 0, 0, 70, 0, 0, 2, 3, 0, 54)
27 (1, 4, 22, 0, 0, 72, 0, 0, 3, 3, 0, 140)
28 (1, 4, 0, 0, 0, 74, 0, 0, 3, 3, 0, 118)
29 (1, 4, 0, 0, 0, 77, 0, 0, 2, 3, 0, 73)
30 (1, 4, 0, 0, 0, 79, 0, 0, 3, 3, 0, 21)
31 (1, 4, 4, 0, 0, 73, 0, 0, 3, 3, 0, 111)
0 (1, 4, 60, 90, 0, 0, 0, 0, 1, 0, 0, 79)
1 (1, 4, 101, 79, 0, 0, 0, 0, 0, 0, 0, 52)
2 (1, 4, 0, 191, 0, 0, 0, 0, 0, 0, 0, 109)
3 (1, 4, 0, 448, 0, 0, 0, 0, 1, 0, 0, 123)
4 (1, 4, 164, 463, 0, 0, 0, 0, 1, 1, 0, 75)
5 (1, 4, 214, 349, 0, 0, 0, 0, 2, 2, 0, 239)
6 (1, 4, 4, 337, 0, 0, 0, 0, 2, 2, 0, 230)
7 (1, 4, 93, 196, 0, 0, 0, 0, 2, 2, 0, 27)
8 (1, 4, 80, 103, 0, 0, 0, 0, 1, 1, 0, 93)
9 (1, 4, 22, 0, 0, 15, 0, 0, 2, 1, 0, 176)
10 (1, 4, 24, 0, 0, 38, 0, 0, 2, 2, 0, 87)
11 (1, 4, 71, 0, 0, 52, 0, 0, 1, 1, 0, 182)
12 (1, 4, 99, 0, 0, 67, 0, 0, 1, 1, 0, 223)
13 (1, 4, 49, 0, 0, 87, 0, 0, 1, 1, 0, 33)
14 (1, 4, 16, 41, 0, 133, 0, 0, 2, 2, 0, 134)
15 (1, 4, 62, 117, 0, 113, 0, 0, 6, 7, 0, 203)
16 (1, 4, 8, 253, 0, 0, 0, 33, 4, 4, 0, 169)
17 (1, 4, 0, 131, 0, 0, 0, 77, 3, 4, 0, 175)
18 (1, 4, 0, 0, 0, 27, 0, 4, 4, 4, 0, 1)
19 (1, 4, 0, 0, 0, 84, 0, 0, 4, 5, 0, 111)
20 (1, 4, 0, 21, 0, 100, 0, 0, 4, 4, 0, 20)
21 (1, 4, 19, 60, 0, 97, 0, 0, 3, 4, 0, 104)
22 (1, 4, 13, 37, 0, 79, 0, 0, 4, 4, 0, 193)
23 (1, 4, 14, 13, 0, 85, 0, 0, 3, 4, 0, 186)
24 (1, 4, 19, 0, 0, 101, 0, 0, 4, 4, 0, 247)
25 (1, 4, 44, 0, 0, 108, 0, 0, 4, 4, 0, 109)
26 (1, 4, 33, 16, 0, 105, 0, 1, 4, 4, 0, 246)
27 (1, 4, 28, 8, 37, 106, 0, 0, 3, 4, 0, 166)
28 (1, 4, 47, 0, 49, 110, 0, 0, 4, 4, 0, 84)
29 (1, 4, 0, 0, 9, 118, 0, 0, 4, 4, 0, 251)
30 (1, 4, 0, 33, 29, 89, 0, 0, 3, 4, 0, 200)
31 (1, 4, 0, 48, 53, 69, 0, 1, 3, 3, 0, 228)
0 (1, 4, 1, 0, 6, 33, 0, 23, 4, 3, 0, 5)
1 (1, 4, 14, 0, 19, 23, 0, 23, 3, 3, 0, 159)
2 (1, 4, 0, 0, 0, 9, 0, 12, 3, 3, 0, 29)
3 (1, 4, 0, 0, 0, 14, 0, 4, 4, 4, 0, 149)
4 (1, 4, 31, 0, 0, 9, 0, 3, 4, 4, 0, 97)
5 (1, 4, 176, 0, 0, 4, 0, 0, 3, 5, 0, 86)
6 (1, 4, 203, 0, 0, 0, 0, 0, 4, 4, 0, 164)
7 (1, 4, 370, 0, 95, 0, 0, 0, 4, 4, 0, 55)
8 (1, 4, 33, 0, 226, 0, 0, 0, 2, 4, 0, 3)
9 (1, 4, 0, 0, 209, 0, 0, 0, 4, 4, 0, 187)
10 (1, 4, 0, 0, 304, 0, 0, 0, 4, 4, 0, 134)
11 (1, 4, 95, 0, 576, 0, 0, 0, 2, 3, 0, 117)
12 (1, 4, 0, 0, 460, 0, 0, 0, 2, 3, 0, 178)
13 (1, 4, 0, 0, 215, 0, 0, 0, 3, 3, 0, 245)
14 (1, 4, 0, 0, 16, 0, 0, 0, 2, 3, 0, 120)
15 (1, 4, 17, 15, 5, 0, 0, 0, 2, 3, 0, 146)
16 (1, 4, 14, 25, 0, 0, 0, 0, 2, 3, 0, 52)
17 (1, 4, 0, 21, 0, 0, 0, 0, 3, 3, 0, 107)
18 (1, 4, 21, 51, 0, 0, 0, 0, 2, 3, 0, 170)
19 (1, 4, 33, 39, 0, 0, 0, 0, 3, 3, 0, 108)
20 (1, 4, 64, 31, 0, 0, 0, 0, 3, 3, 0, 60)
21 (1, 4, 34, 17, 0, 0, 0, 0, 2, 3, 0, 8)
22 (1, 4, 12, 4, 0, 0, 0, 0, 2, 3, 0, 149)
23 (1, 4, 23, 0, 0, 0, 0, 0, 3, 3, 0, 175)
24 (1, 4, 18, 13, 0, 0, 0, 0, 2, 3, 0, 39)
25 (1, 4, 0, 20, 0, 0, 0, 0, 2, 2, 0, 215)
26 (1, 4, 0, 60, 0, 0, 0, 0, 2, 2, 0, 166)
27 (1, 4, 3, 60, 0, 0, 0, 0, 2, 2, 0, 180)
28 (1, 4, 0, 38, 0, 0, 0, 0, 2, 2, 0, 25)
29 (1, 4, 0, 22, 0, 0, 0, 0, 2, 2, 0, 186)
30 (1, 4, 0, 16, 0, 0, 0, 0, 2, 1, 0, 176)
0 (1, 4, 0, 25, 0, 0, 0, 0, 1, 1, 0, 16)
1 (1, 4, 0, 1, 3, 0, 0, 0, 2, 3, 0, 9)
2 (1, 4, 0, 0, 2, 0, 0, 0, 2, 3, 0, 40)
3 (1, 4, 0, 0, 0, 0, 0, 0, 2, 2, 0, 108)
4 (1, 4, 5, 3, 0, 0, 0, 0, 2, 2, 0, 130)
5 (1, 4, 64, 8, 0, 0, 0, 0, 2, 2, 0, 86)
6 (1, 4, 85, 193, 0, 0, 0, 0, 2, 2, 0, 4)
7 (1, 4, 14, 405, 0, 0, 0, 0, 2, 2, 0, 210)
8 (1, 4, 142, 483, 0, 0, 0, 0, 1, 2, 0, 246)
9 (1, 4, 366, 462, 0, 5, 0, 0, 3, 12, 0, 58)
10 (1, 4, 329, 501, 0, 13, 0, 0, 2, 1, 0, 20)
11 (1, 4, 179, 284, 0, 38, 0, 0, 0, 0, 0, 24)
12 (1, 4, 81, 352, 0, 43, 0, 0, 0, 0, 0, 141)
13 (1, 4, 0, 142, 0, 27, 0, 0, 0, 0, 0, 85)
14 (1, 4, 0, 180, 0, 19, 0, 0, 0, 0, 0, 208)
15 (1, 4, 0, 73, 0, 0, 0, 0, 1, 1, 0, 242)
16 (1, 4, 57, 233, 40, 19, 0, 0, 4, 4, 0, 209)
17 (1, 4, 0, 130, 0, 37, 0, 22, 2, 1, 0, 40)
18 (1, 4, 0, 102, 15, 38, 0, 46, 1, 1, 0, 244)
19 (1, 4, 0, 53, 28, 49, 0, 37, 1, 1, 0, 44)
20 (1, 4, 0, 0, 14, 48, 0, 35, 2, 2, 0, 120)
21 (1, 4, 0, 0, 2, 53, 0, 26, 2, 2, 0, 190)
22 (1, 4, 0, 0, 0, 60, 0, 22, 2, 1, 0, 84)
23 (1, 4, 29, 0, 0, 65, 0, 16, 1, 1, 0, 200)
24 (1, 4, 0, 0, 0, 83, 0, 26, 18, 12, 0, 241)
25 (1, 4, 0, 0, 0, 35, 0, 0, 4, 4, 0, 146)
26 (1, 4, 0, 52, 0, 63, 0, 0, 3, 3, 0, 167)
27 (1, 4, 0, 65, 46, 77, 0, 3, 3, 3, 0, 72)
28 (1, 4, 0, 30, 3, 75, 0, 5, 3, 3, 0, 29)
29 (1, 4, 0, 14, 0, 72, 0, 1, 3, 4, 0, 133)
30 (1, 4, 0, 24, 0, 73, 0, 3, 3, 3, 0, 227)
31 (1, 4, 5, 9, 0, 64, 0, 0, 3, 3, 0, 128)
32 (1, 4, 37, 25, 39, 41, 0, 0, 2, 3, 0, 132)

