0 (1, 4, 16, 549, 0, 27, 0, 0, 0, 0, 0, 208)
1 (1, 4, 42, 565, 0, 12, 0, 0, 1, 1, 0, 89)
2 (1, 4, 0, 401, 0, 0, 0, 0, 1, 1, 0, 71)
3 (1, 4, 0, 266, 0, 0, 0, 0, 2, 2, 0, 87)
4 (1, 4, 0, 119, 0, 0, 0, 0, 3, 3, 0, 71)
5 (1, 4, 0, 136, 0, 0, 0, 0, 7, 9, 0, 223)
6 (1, 4, 0, 48, 49, 0, 0, 0, 10, 10, 0, 146)
7 (1, 4, 0, 0, 70, 0, 0, 0, 11, 11, 0, 167)
8 (1, 4, 0, 0, 7, 0, 0, 2, 11, 12, 0, 103)
9 (1, 4, 0, 0, 0, 0, 0, 0, 9, 8, 0, 84)
10 (1, 4, 0, 0, 0, 0, 108, 0, 7, 7, 0, 116)
11 (1, 4, 0, 0, 321, 75, 9, 0, 5, 4, 0, 190)
12 (1, 4, 0, 0, 329, 0, 0, 0, 4, 4, 0, 212)
13 (1, 4, 0, 0, 0, 0, 0, 0, 4, 3, 0, 76)
14 (1, 4, 0, 0, 0, 0, 0, 0, 3, 2, 0, 14)
15 (1, 4, 0, 0, 0, 0, 0, 0, 2, 1, 0, 209)
16 (1, 4, 0, 0, 0, 0, 0, 0, 2, 1, 0, 209)
17 (1, 4, 0, 0, 0, 0, 0, 0, 1, 1, 0, 119)
18 (1, 4, 0, 0, 0, 0, 0, 0, 1, 0, 0, 28)
19 (1, 4, 0, 0, 0, 0, 0, 0, 1, 0, 0, 28)
20 (1, 4, 0, 0, 0, 0, 0, 0, 1, 0, 0, 28)
21 (1, 4, 0, 0, 0, 0, 0, 0, 0, 0, 0, 126)
22 (1, 4, 0, 0, 0, 0, 0, 0, 0, 0, 0, 126)
23 (1, 4, 0, 0, 0, 0, 0, 0, 0, 0, 0, 126)
24 (1, 4, 0, 0, 0, 0, 0, 0, 1, 0, 0, 28)
25 (1, 4, 0, 0, 0, 0, 0, 0, 0, 0, 0, 126)
26 (1, 4, 0, 0, 0, 0, 0, 0, 0, 0, 0, 126)
27 (1, 4, 0, 0, 0, 0, 0, 0, 0, 0, 0, 126)
28 (1, 4, 0, 7, 0, 0, 0, 0, 0, 0, 0, 124)
29 (1, 4, 0, 25, 0, 0, 0, 0, 0, 0, 0, 25)
30 (1, 4, 11, 36, 0, 0, 0, 0, 0, 0, 0, 4)
31 (1, 4, 8, 6, 0, 0, 0, 0, 0, 0, 0, 185)
0 (1, 4, 132, 101, 0, 0, 0, 0, 0, 0, 0, 125)
1 (1, 4, 147, 117, 0, 0, 0, 0, 1, 0, 0, 180)
2 (1, 4, 313, 358, 0, 0, 0, 0, 1, 0, 0, 84)
3 (1, 4, 379, 533, 0, 0, 0, 0, 0, 0, 0, 115)
4 (1, 4, 413, 536, 0, 0, 0, 0, 0, 0, 0, 208)
5 (1, 4, 290, 387, 0, 0, 0, 0, 0, 0, 0, 155)
6 (1, 4, 110, 340, 0, 0, 0, 0, 0, 0, 0, 185)
7 (1, 4, 0, 286, 0, 0, 0, 1, 0, 0, 0, 33)
8 (1, 4, 0, 236, 0, 0, 0, 8, 1, 1, 0, 180)
9 (1, 4, 0, 77, 0, 0, 0, 33, 2, 2, 0, 77)
10 (1, 4, 0, 118, 0, 20, 0, 57, 3, 4, 0, 40)
11 (1, 4, 0, 20, 0, 41, 0, 57, 4, 4, 0, 168)
12 (1, 4, 0, 0, 0, 63, 0, 39, 4, 4, 0, 83)
13 (1, 4, 0, 0, 0, 66, 0, 23, 5, 4, 0, 19)
14 (1, 4, 0, 3, 0, 59, 0, 22, 5, 4, 0, 56)
15 (1, 4, 0, 24, 7, 61, 0, 15, 5, 4, 0, 115)
16 (1, 4, 0, 33, 17, 41, 0, 22, 4, 4, 0, 215)
17 (1, 4, 0, 0, 14, 4, 0, 13, 4, 4, 0, 171)
18 (1, 4, 0, 0, 15, 0, 0, 0, 4, 4, 0, 3)
19 (1, 4, 0, 0, 22, 0, 0, 5, 4, 4, 0, 254)
20 (1, 4, 38, 0, 76, 0, 0, 23, 4, 4, 0, 96)
21 (1, 4, 0, 0, 142, 28, 0, 0, 7, 8, 0, 73)
22 (1, 4, 0, 0, 0, 51, 0, 0, 4, 4, 0, 101)
23 (1, 4, 0, 0, 0, 111, 0, 0, 12, 16, 0, 211)
24 (1, 4, 55, 0, 9, 100, 0, 0, 8, 7, 0, 20)
25 (1, 4, 0, 0, 37, 81, 0, 0, 8, 7, 0, 120)
26 (1, 4, 0, 0, 7, 64, 0, 0, 12, 12, 0, 34)
27 (1, 4, 16, 0, 0, 45, 0, 0, 4, 3, 0, 222)
28 (1, 4, 0, 0, 0, 36, 0, 0, 3, 2, 0, 155)
29 (1, 4, 0, 40, 0, 31, 0, 0, 2, 2, 0, 79)
0 (1, 4, 0, 0, 0, 0, 0, 0, 0, 0, 0, 126)
1 (1, 4, 0, 204, 0, 0, 0, 0, 0, 0, 0, 149)
2 (1, 4, 26, 416, 0, 0, 0, 0, 0, 0, 0, 212)
3 (1, 4, 63, 576, 0, 0, 0, 0, 0, 0, 0, 77)
4 (1, 4, 190, 873, 0, 0, 0, 0, 1, 1, 0, 126)
5 (1, 4, 525, 873, 0, 0, 0, 0, 2, 2, 0, 65)
6 (1, 4, 155, 723, 0, 0, 36, 136, 3, 3, 0, 138)
7 (1, 4, 146, 205, 0, 0, 19, 143, 7, 9, 0, 167)
8 (1, 4, 4, 0, 36, 0, 0, 36, 6, 5, 0, 185)
9 (1, 4, 0, 0, 23, 59, 0, 6, 9, 10, 0, 19)
10 (1, 4, 0, 0, 23, 74, 0, 14, 14, 14, 0, 175)
11 (1, 4, 0, 23, 0, 58, 0, 38, 8, 6, 0, 204)
12 (1, 4, 2, 10, 0, 45, 0, 49, 5, 4, 0, 37)
13 (1, 4, 0, 0, 0, 46, 0, 35, 5, 4, 0, 172)
14 (1, 4, 0, 0, 0, 49, 0, 26, 5, 5, 0, 210)
15 (1, 4, 1, 0, 0, 53, 0, 21, 5, 5, 0, 89)
16 (1, 4, 0, 0, 4, 51, 0, 37, 9, 10, 0, 232)
17 (1, 4, 6, 0, 6, 51, 0, 32, 8, 7, 0, 186)
18 (1, 4, 0, 0, 0, 52, 0, 29, 9, 8, 0, 165)
19 (1, 4, 0, 2, 0, 53, 0, 28, 6, 5, 0, 169)
20 (1, 4, 0, 0, 0, 51, 0, 34, 5, 4, 0, 31)
21 (1, 4, 0, 0, 1, 51, 0, 30, 5, 4, 0, 102)
22 (1, 4, 0, 0, 3, 52, 0, 30, 5, 4, 0, 20)
23 (1, 4, 0, 0, 0, 53, 0, 30, 5, 4, 0, 176)
24 (1, 4, 0, 4, 0, 52, 0, 30, 5, 4, 0, 117)
25 (1, 4, 2, 0, 0, 51, 0, 28, 5, 4, 0, 87)
26 (1, 4, 0, 0, 0, 52, 0, 28, 5, 4, 0, 22)
27 (1, 4, 0, 0, 0, 51, 0, 31, 5, 4, 0, 45)
28 (1, 4, 0, 0, 0, 52, 0, 30, 5, 4, 0, 175)
0 (1, 4, 1, 0, 2, 0, 0, 0, 0, 0, 0, 95)
1 (1, 4, 19, 0, 0, 0, 0, 0, 0, 0, 0, 140)
2 (1, 4, 54, 20, 0, 0, 0, 0, 0, 0, 0, 198)
3 (1, 4, 95, 62, 0, 0, 0, 0, 0, 0, 0, 234)
4 (1, 4, 159, 198, 0, 0, 0, 0, 0, 0, 0, 228)
5 (1, 4, 123, 440, 0, 0, 0, 0, 1, 1, 0, 79)
6 (1, 4, 188, 541, 0, 0, 0, 0, 1, 2, 0, 192)
7 (1, 4, 88, 873, 0, 0, 0, 0, 3, 3, 0, 19)
8 (1, 4, 0, 873, 0, 0, 0, 0, 3, 3, 0, 10)
9 (1, 4, 193, 873, 0, 0, 0, 0, 3, 3, 0, 152)
10 (1, 4, 65, 616, 0, 0, 0, 0, 3, 4, 0, 203)
11 (1, 4, 158, 289, 0, 0, 0, 11, 4, 4, 0, 229)
12 (1, 4, 0, 77, 0, 0, 0, 31, 4, 4, 0, 47)
13 (1, 4, 0, 0, 16, 60, 0, 39, 4, 4, 0, 13)
14 (1, 4, 0, 8, 12, 84, 0, 20, 4, 4, 0, 243)
15 (1, 4, 0, 24, 10, 68, 0, 19, 4, 4, 0, 7)
16 (1, 4, 0, 24, 9, 49, 0, 35, 6, 5, 0, 201)
17 (1, 4, 0, 0, 0, 50, 0, 34, 11, 12, 0, 3)
18 (1, 4, 1, 0, 0, 56, 0, 17, 5, 4, 0, 220)
19 (1, 4, 0, 0, 6, 58, 0, 21, 4, 4, 0, 138)
20 (1, 4, 5, 0, 4, 56, 0, 18, 4, 4, 0, 190)
21 (1, 4, 28, 0, 4, 49, 0, 31, 4, 4, 0, 135)
22 (1, 4, 1, 0, 3, 55, 0, 25, 4, 4, 0, 74)
23 (1, 4, 0, 0, 0, 63, 0, 15, 4, 4, 0, 24)
24 (1, 4, 5, 0, 0, 62, 0, 13, 4, 4, 0, 136)
25 (1, 4, 16, 0, 0, 58, 0, 18, 4, 4, 0, 8)
26 (1, 4, 0, 0, 0, 63, 0, 13, 4, 4, 0, 161)
27 (1, 4, 5, 0, 2, 66, 0, 15, 4, 4, 0, 81)
28 (1, 4, 17, 0, 6, 60, 0, 18, 4, 4, 0, 53)
29 (1, 4, 0, 0, 0, 63, 0, 14, 4, 4, 0, 199)
0 (1, 4, 0, 0, 129, 0, 0, 0, 0, 0, 0, 27)
1 (1, 4, 0, 0, 0, 0, 0, 0, 0, 0, 0, 126)
2 (1, 4, 0, 97, 0, 0, 0, 0, 0, 0, 0, 138)
3 (1, 4, 20, 78, 0, 0, 0, 0, 0, 0, 0, 33)
4 (1, 4, 30, 90, 0, 0, 0, 0, 0, 0, 0, 246)
5 (1, 4, 76, 241, 0, 0, 0, 0, 1, 1, 0, 34)
6 (1, 4, 244, 446, 0, 0, 0, 0, 2, 2, 0, 172)
7 (1, 4, 202, 668, 0, 0, 0, 0, 3, 3, 0, 81)
8 (1, 4, 120, 873, 0, 0, 0, 0, 3, 3, 0, 212)
9 (1, 4, 260, 873, 0, 0, 0, 0, 4, 3, 0, 25)
10 (1, 4, 194, 873, 0, 0, 0, 0, 3, 3, 0, 138)
11 (1, 4, 153, 738, 0, 0, 0, 0, 4, 3, 0, 39)
12 (1, 4, 115, 397, 0, 0, 0, 10, 7, 8, 0, 209)
13 (1, 4, 138, 128, 0, 0, 0, 0, 7, 6, 0, 82)
14 (1, 4, 0, 32, 0, 3, 0, 11, 7, 6, 0, 69)
15 (1, 4, 0, 0, 11, 42, 0, 26, 7, 6, 0, 130)
16 (1, 4, 0, 0, 19, 59, 0, 21, 7, 6, 0, 80)
17 (1, 4, 7, 0, 19, 55, 0, 20, 7, 6, 0, 33)
18 (1, 4, 0, 0, 0, 48, 0, 21, 6, 6, 0, 47)
19 (1, 4, 10, 0, 2, 45, 0, 19, 6, 6, 0, 204)
20 (1, 4, 10, 0, 3, 46, 0, 19, 7, 6, 0, 27)
21 (1, 4, 13, 0, 6, 47, 0, 15, 4, 3, 0, 206)
22 (1, 4, 6, 0, 0, 52, 0, 14, 4, 3, 0, 44)
23 (1, 4, 19, 0, 0, 54, 0, 15, 3, 3, 0, 50)
24 (1, 4, 9, 0, 0, 55, 0, 14, 3, 3, 0, 126)
25 (1, 4, 21, 0, 2, 53, 0, 13, 3, 3, 0, 161)
26 (1, 4, 10, 0, 4, 50, 0, 17, 3, 3, 0, 123)
27 (1, 4, 18, 0, 10, 47, 0, 18, 3, 3, 0, 44)
28 (1, 4, 29, 0, 12, 46, 0, 17, 3, 3, 0, 126)
29 (1, 4, 18, 0, 2, 50, 0, 18, 3, 3, 0, 252)
30 (1, 4, 16, 0, 0, 55, 0, 14, 3, 3, 0, 224)
31 (1, 4, 17, 0, 0, 58, 0, 14, 3, 3, 0, 117)
0 (1, 4, 346, 656, 0, 0, 76, 0, 0, 0, 0, 236)
1 (1, 4, 20, 143, 0, 0, 110, 45, 1, 1, 0, 57)
2 (1, 4, 0, 0, 216, 0, 51, 37, 2, 2, 0, 173)
3 (1, 4, 0, 0, 331, 0, 0, 0, 3, 3, 0, 196)
4 (1, 4, 0, 0, 411, 0, 0, 0, 3, 3, 0, 177)
5 (1, 4, 0, 0, 458, 56, 0, 0, 4, 4, 0, 120)
6 (1, 4, 0, 0, 0, 270, 0, 0, 4, 4, 0, 136)
7 (1, 4, 48, 451, 0, 196, 0, 0, 4, 3, 0, 208)
8 (1, 4, 109, 830, 0, 13, 0, 0, 4, 3, 0, 80)
9 (1, 4, 384, 873, 0, 0, 0, 0, 4, 3, 0, 52)
10 (1, 4, 199, 570, 0, 0, 0, 0, 3, 3, 0, 99)
11 (1, 4, 8, 354, 0, 0, 0, 0, 3, 3, 0, 220)
12 (1, 4, 51, 83, 0, 0, 0, 21, 3, 3, 0, 19)
13 (1, 4, 0, 33, 0, 10, 0, 23, 3, 3, 0, 20)
14 (1, 4, 0, 0, 0, 34, 0, 8, 3, 3, 0, 88)
15 (1, 4, 4, 0, 24, 34, 0, 6, 3, 3, 0, 133)
16 (1, 4, 0, 0, 28, 8, 0, 2, 3, 3, 0, 185)
17 (1, 4, 0, 0, 120, 12, 0, 10, 2, 2, 0, 125)
18 (1, 4, 0, 0, 154, 17, 0, 0, 2, 1, 0, 36)
19 (1, 4, 0, 0, 125, 26, 0, 0, 1, 1, 0, 74)
20 (1, 4, 0, 0, 19, 22, 0, 0, 1, 1, 0, 6)
21 (1, 4, 0, 0, 49, 15, 0, 0, 1, 0, 0, 172)
22 (1, 4, 0, 0, 59, 21, 0, 0, 1, 0, 0, 14)
23 (1, 4, 0, 0, 16, 13, 0, 0, 1, 0, 0, 248)
24 (1, 4, 0, 0, 0, 11, 0, 0, 1, 0, 0, 197)
25 (1, 4, 0, 0, 0, 6, 0, 0, 1, 0, 0, 94)
26 (1, 4, 0, 0, 0, 2, 0, 0, 1, 0, 0, 34)
27 (1, 4, 1, 0, 0, 1, 0, 0, 1, 0, 0, 13)
28 (1, 4, 0, 0, 0, 0, 0, 0, 1, 0, 0, 28)
29 (1, 4, 8, 0, 0, 0, 0, 0, 1, 0, 0, 108)
0 (1, 4, 2, 0, 0, 0, 0, 0, 1, 0, 0, 0)
1 (1, 4, 14, 0, 0, 0, 0, 0, 0, 0, 0, 42)
2 (1, 4, 0, 0, 0, 1, 0, 0, 0, 0, 0, 97)
3 (1, 4, 27, 25, 48, 29, 0, 0, 0, 0, 0, 118)
4 (1, 4, 98, 118, 141, 105, 0, 0, 0, 0, 0, 231)
5 (1, 4, 196, 401, 3, 105, 0, 0, 0, 0, 0, 138)
6 (1, 4, 176, 755, 0, 0, 0, 0, 0, 0, 0, 120)
7 (1, 4, 213, 752, 0, 0, 0, 0, 2, 3, 0, 161)
8 (1, 4, 192, 493, 0, 0, 0, 0, 3, 3, 0, 128)
9 (1, 4, 106, 234, 0, 0, 0, 19, 3, 3, 0, 108)
10 (1, 4, 41, 61, 0, 0, 0, 39, 3, 3, 0, 17)
11 (1, 4, 0, 0, 0, 26, 0, 28, 3, 3, 0, 24)
12 (1, 4, 0, 0, 25, 60, 0, 17, 3, 3, 0, 164)
13 (1, 4, 0, 11, 12, 70, 0, 18, 3, 3, 0, 17)
14 (1, 4, 0, 42, 0, 63, 0, 23, 3, 3, 0, 2)
15 (1, 4, 21, 34, 0, 49, 0, 36, 3, 3, 0, 201)
16 (1, 4, 10, 8, 0, 45, 0, 36, 3, 3, 0, 28)
17 (1, 4, 0, 4, 0, 47, 0, 29, 3, 3, 0, 96)
18 (1, 4, 0, 0, 0, 52, 0, 24, 3, 3, 0, 62)
19 (1, 4, 0, 0, 0, 54, 0, 24, 3, 3, 0, 0)
20 (1, 4, 4, 0, 0, 50, 0, 28, 3, 3, 0, 49)
21 (1, 4, 0, 0, 0, 44, 0, 29, 3, 3, 0, 155)
22 (1, 4, 2, 0, 4, 16, 0, 23, 3, 3, 0, 16)
23 (1, 4, 0, 0, 17, 0, 0, 23, 3, 3, 0, 78)
24 (1, 4, 0, 0, 40, 0, 0, 23, 3, 3, 0, 231)
25 (1, 4, 0, 0, 95, 0, 0, 19, 3, 3, 0, 13)
26 (1, 4, 0, 0, 184, 0, 0, 0, 3, 3, 0, 169)
27 (1, 4, 0, 0, 362, 0, 0, 0, 3, 3, 0, 174)
28 (1, 4, 0, 0, 346, 0, 0, 0, 3, 3, 0, 47)
29 (1, 4, 0, 0, 452, 0, 0, 0, 3, 3, 0, 108)
30 (1, 4, 0, 0, 396, 0, 0, 0, 3, 3, 0, 43)
31 (1, 4, 0, 0, 86, 0, 0, 0, 3, 3, 0, 144)
0 (1, 4, 106, 138, 0, 0, 0, 0, 0, 0, 0, 131)
1 (1, 4, 25, 425, 0, 0, 0, 0, 0, 0, 0, 192)
2 (1, 4, 286, 705, 0, 0, 0, 0, 0, 0, 0, 50)
3 (1, 4, 365, 780, 0, 0, 0, 0, 0, 0, 0, 53)
4 (1, 4, 399, 865, 0, 0, 0, 0, 0, 0, 0, 239)
5 (1, 4, 368, 771, 0, 0, 0, 0, 0, 0, 0, 34)
6 (1, 4, 54, 385, 0, 0, 0, 0, 1, 1, 0, 37)
7 (1, 4, 80, 239, 0, 0, 0, 41, 2, 3, 0, 11)
8 (1, 4, 0, 142, 0, 0, 0, 28, 3, 3, 0, 44)
9 (1, 4, 0, 31, 0, 22, 0, 26, 3, 3, 0, 128)
10 (1, 4, 0, 0, 14, 50, 0, 28, 4, 3, 0, 237)
11 (1, 4, 0, 0, 20, 63, 0, 20, 4, 3, 0, 112)
12 (1, 4, 0, 15, 15, 57, 0, 17, 3, 3, 0, 120)
13 (1, 4, 0, 0, 7, 45, 0, 24, 3, 3, 0, 203)
14 (1, 4, 11, 0, 13, 34, 0, 25, 3, 3, 0, 64)
15 (1, 4, 0, 0, 11, 44, 0, 13, 3, 3, 0, 79)
16 (1, 4, 0, 0, 2, 40, 0, 11, 3, 3, 0, 215)
17 (1, 4, 0, 0, 0, 33, 0, 0, 3, 3, 0, 147)
18 (1, 4, 0, 0, 29, 24, 0, 0, 3, 3, 0, 99)
19 (1, 4, 0, 0, 44, 20, 0, 10, 3, 3, 0, 161)
20 (1, 4, 0, 0, 106, 2, 0, 0, 3, 3, 0, 205)
21 (1, 4, 0, 0, 153, 0, 0, 0, 3, 3, 0, 195)
22 (1, 4, 0, 0, 204, 0, 0, 0, 3, 3, 0, 141)
23 (1, 4, 0, 0, 170, 0, 0, 0, 3, 3, 0, 249)
24 (1, 4, 0, 0, 150, 0, 0, 0, 3, 3, 0, 154)
25 (1, 4, 0, 0, 73, 0, 0, 0, 3, 2, 0, 221)
26 (1, 4, 0, 0, 114, 0, 0, 0, 2, 2, 0, 57)
27 (1, 4, 0, 0, 177, 0, 0, 0, 2, 1, 0, 53)
28 (1, 4, 0, 0, 142, 0, 0, 0, 1, 1, 0, 75)
29 (1, 4, 0, 0, 115, 0, 0, 0, 1, 1, 0, 182)
0 (1, 4, 40, 2, 21, 0, 0, 0, 0, 0, 0, 17)
1 (1, 4, 75, 25, 24, 0, 0, 0, 0, 0, 0, 49)
2 (1, 4, 119, 41, 21, 0, 0, 0, 0, 0, 0, 139)
3 (1, 4, 126, 69, 0, 0, 0, 0, 0, 0, 0, 104)
4 (1, 4, 91, 158, 0, 0, 0, 0, 0, 0, 0, 17)
5 (1, 4, 89, 217, 0, 0, 0, 0, 0, 0, 0, 140)
6 (1, 4, 25, 389, 0, 0, 0, 0, 1, 1, 0, 98)
7 (1, 4, 124, 521, 0, 0, 0, 0, 1, 1, 0, 90)
8 (1, 4, 0, 677, 0, 0, 0, 0, 2, 2, 0, 13)
9 (1, 4, 13, 858, 0, 0, 0, 0, 2, 2, 0, 62)
10 (1, 4, 148, 865, 0, 0, 0, 0, 2, 2, 0, 125)
11 (1, 4, 158, 626, 63, 0, 0, 20, 3, 3, 0, 58)
12 (1, 4, 86, 338, 77, 0, 0, 22, 4, 4, 0, 239)
13 (1, 4, 7, 134, 48, 0, 0, 6, 5, 4, 0, 233)
14 (1, 4, 0, 29, 16, 27, 0, 0, 5, 4, 0, 212)
15 (1, 4, 0, 0, 0, 47, 0, 1, 5, 4, 0, 171)
16 (1, 4, 0, 0, 0, 60, 0, 0, 4, 4, 0, 192)
17 (1, 4, 0, 0, 0, 59, 0, 0, 4, 4, 0, 157)
18 (1, 4, 0, 0, 0, 58, 0, 1, 4, 4, 0, 93)
19 (1, 4, 0, 0, 0, 55, 0, 0, 4, 4, 0, 25)
20 (1, 4, 0, 0, 0, 56, 0, 0, 4, 4, 0, 188)
21 (1, 4, 0, 0, 0, 58, 0, 0, 3, 3, 0, 189)
22 (1, 4, 0, 0, 0, 58, 0, 0, 3, 3, 0, 189)
23 (1, 4, 0, 3, 6, 57, 0, 0, 3, 3, 0, 53)
24 (1, 4, 0, 8, 0, 55, 0, 0, 3, 3, 0, 149)
25 (1, 4, 0, 11, 0, 55, 0, 0, 3, 3, 0, 77)
26 (1, 4, 0, 4, 0, 54, 0, 0, 3, 2, 0, 136)
27 (1, 4, 0, 0, 3, 54, 0, 0, 3, 2, 0, 233)
28 (1, 4, 5, 0, 0, 54, 0, 0, 3, 2, 0, 100)
29 (1, 4, 1, 0, 0, 56, 0, 0, 3, 2, 0, 230)
30 (1, 4, 2, 0, 0, 60, 0, 0, 3, 2, 0, 136)
31 (1, 4, 0, 0, 0, 59, 0, 0, 3, 2, 0, 201)
0 (1, 4, 0, 10, 0, 0, 0, 0, 0, 0, 0, 160)
1 (1, 4, 65, 55, 0, 0, 0, 0, 0, 0, 0, 88)
2 (1, 4, 95, 137, 0, 0, 0, 0, 0, 0, 0, 74)
3 (1, 4, 21, 135, 0, 0, 0, 0, 0, 0, 0, 171)
4 (1, 4, 98, 180, 0, 0, 0, 0, 1, 1, 0, 93)
5 (1, 4, 66, 346, 0, 0, 0, 0, 1, 1, 0, 59)
6 (1, 4, 197, 479, 0, 0, 0, 0, 1, 1, 0, 106)
7 (1, 4, 159, 776, 0, 0, 0, 0, 1, 1, 0, 67)
8 (1, 4, 94, 845, 0, 0, 0, 0, 1, 1, 0, 61)
9 (1, 4, 207, 863, 0, 0, 0, 0, 1, 1, 0, 202)
10 (1, 4, 54, 797, 0, 0, 0, 0, 1, 2, 0, 92)
11 (1, 4, 40, 499, 0, 0, 0, 26, 2, 3, 0, 44)
12 (1, 4, 0, 245, 0, 0, 0, 37, 3, 3, 0, 32)
13 (1, 4, 0, 106, 0, 0, 0, 4, 4, 4, 0, 176)
14 (1, 4, 0, 27, 0, 33, 0, 4, 4, 4, 0, 211)
15 (1, 4, 0, 0, 30, 50, 0, 6, 4, 4, 0, 4)
16 (1, 4, 0, 0, 11, 59, 0, 3, 4, 3, 0, 234)
17 (1, 4, 14, 0, 7, 56, 0, 6, 4, 3, 0, 215)
18 (1, 4, 16, 0, 0, 53, 0, 1, 4, 3, 0, 14)
19 (1, 4, 20, 0, 0, 50, 0, 9, 3, 3, 0, 168)
20 (1, 4, 38, 0, 4, 54, 0, 0, 3, 3, 0, 132)
21 (1, 4, 31, 0, 0, 58, 0, 0, 3, 3, 0, 7)
22 (1, 4, 22, 0, 0, 59, 0, 2, 3, 3, 0, 223)
23 (1, 4, 19, 0, 0, 57, 0, 3, 3, 3, 0, 8)
24 (1, 4, 13, 0, 4, 54, 0, 9, 3, 3, 0, 20)
25 (1, 4, 1, 0, 1, 52, 0, 4, 3, 3, 0, 232)
26 (1, 4, 0, 0, 0, 53, 0, 5, 3, 3, 0, 178)
27 (1, 4, 0, 0, 0, 52, 0, 2, 3, 3, 0, 190)
28 (1, 4, 0, 0, 0, 44, 0, 4, 3, 3, 0, 125)
29 (1, 4, 5, 0, 0, 29, 0, 4, 3, 3, 0, 74)
30 (1, 4, 0, 0, 0, 18, 0, 8, 3, 3, 0, 70)
31 (1, 4, 0, 0, 3, 10, 0, 8, 3, 2, 0, 153)
0 (1, 4, 0, 2, 0, 0, 0, 0, 0, 0, 0, 19)
1 (1, 4, 0, 3, 0, 0, 0, 0, 0, 0, 0, 166)
2 (1, 4, 0, 4, 0, 0, 0, 0, 0, 0, 0, 164)
3 (1, 4, 2, 1, 2, 0, 0, 0, 0, 0, 0, 248)
4 (1, 4, 4, 0, 9, 0, 0, 0, 0, 0, 0, 110)
5 (1, 4, 42, 1, 39, 0, 0, 0, 0, 0, 0, 123)
6 (1, 4, 30, 11, 0, 0, 0, 0, 0, 0, 0, 161)
7 (1, 4, 193, 224, 0, 0, 0, 0, 0, 0, 0, 172)
8 (1, 4, 175, 507, 0, 0, 0, 0, 0, 0, 0, 89)
9 (1, 4, 148, 668, 0, 0, 0, 0, 0, 0, 0, 119)
10 (1, 4, 148, 814, 0, 0, 0, 0, 1, 1, 0, 84)
11 (1, 4, 165, 873, 0, 0, 0, 0, 1, 1, 0, 252)
12 (1, 4, 219, 686, 0, 0, 0, 0, 2, 2, 0, 120)
13 (1, 4, 177, 441, 57, 0, 0, 39, 2, 2, 0, 10)
14 (1, 4, 78, 199, 63, 0, 0, 14, 3, 3, 0, 198)
15 (1, 4, 2, 52, 2, 10, 0, 0, 3, 3, 0, 233)
16 (1, 4, 0, 10, 0, 47, 0, 0, 3, 3, 0, 247)
17 (1, 4, 0, 0, 0, 59, 0, 0, 3, 3, 0, 162)
18 (1, 4, 18, 0, 23, 58, 0, 0, 3, 3, 0, 219)
19 (1, 4, 0, 16, 0, 53, 0, 0, 3, 3, 0, 121)
20 (1, 4, 7, 0, 0, 50, 0, 0, 3, 3, 0, 111)
21 (1, 4, 0, 0, 0, 51, 0, 0, 3, 3, 0, 90)
22 (1, 4, 3, 0, 0, 55, 0, 0, 3, 3, 0, 52)
23 (1, 4, 7, 0, 0, 53, 0, 0, 3, 3, 0, 50)
24 (1, 4, 0, 7, 0, 52, 0, 0, 3, 3, 0, 5)
25 (1, 4, 3, 5, 0, 54, 0, 0, 3, 3, 0, 68)
26 (1, 4, 0, 3, 0, 54, 0, 0, 3, 3, 0, 225)
27 (1, 4, 11, 0, 0, 52, 0, 0, 3, 3, 0, 101)
28 (1, 4, 10, 0, 0, 52, 0, 0, 3, 3, 0, 107)
29 (1, 4, 5, 0, 0, 52, 0, 0, 3, 3, 0, 49)
0 (1, 4, 9, 0, 0, 0, 0, 0, 0, 0, 0, 0)
1 (1, 4, 16, 0, 0, 0, 0, 0, 0, 0, 0, 158)
2 (1, 4, 21, 7, 0, 0, 0, 0, 0, 0, 0, 170)
3 (1, 4, 32, 0, 0, 0, 0, 0, 0, 0, 0, 185)
4 (1, 4, 0, 52, 0, 0, 0, 0, 0, 0, 0, 7)
5 (1, 4, 0, 86, 0, 0, 0, 0, 0, 0, 0, 43)
6 (1, 4, 75, 175, 0, 0, 0, 0, 0, 0, 0, 231)
7 (1, 4, 185, 312, 0, 0, 0, 0, 0, 0, 0, 199)
8 (1, 4, 137, 476, 0, 0, 0, 0, 1, 1, 0, 115)
9 (1, 4, 139, 584, 0, 0, 0, 0, 2, 2, 0, 230)
10 (1, 4, 0, 734, 0, 0, 0, 0, 2, 3, 0, 45)
11 (1, 4, 0, 831, 0, 0, 0, 0, 3, 3, 0, 95)
12 (1, 4, 130, 717, 0, 0, 0, 0, 3, 3, 0, 255)
13 (1, 4, 129, 441, 68, 0, 0, 54, 5, 6, 0, 175)
14 (1, 4, 27, 211, 56, 0, 0, 21, 6, 5, 0, 8)
15 (1, 4, 0, 75, 49, 23, 0, 0, 6, 5, 0, 162)
16 (1, 4, 0, 18, 5, 45, 0, 0, 5, 5, 0, 231)
17 (1, 4, 0, 0, 0, 52, 0, 0, 5, 5, 0, 49)
18 (1, 4, 0, 0, 2, 54, 0, 0, 5, 4, 0, 75)
19 (1, 4, 0, 0, 6, 55, 0, 0, 5, 4, 0, 10)
20 (1, 4, 8, 0, 3, 59, 0, 0, 5, 4, 0, 52)
21 (1, 4, 11, 0, 0, 54, 0, 0, 5, 4, 0, 6)
22 (1, 4, 7, 0, 0, 55, 0, 0, 4, 4, 0, 51)
23 (1, 4, 6, 0, 0, 58, 0, 0, 4, 4, 0, 166)
24 (1, 4, 3, 2, 0, 58, 0, 0, 4, 4, 0, 253)
25 (1, 4, 0, 8, 0, 56, 0, 0, 5, 5, 0, 6)
26 (1, 4, 0, 3, 0, 55, 0, 0, 4, 4, 0, 193)
27 (1, 4, 0, 7, 0, 55, 0, 0, 4, 4, 0, 27)
28 (1, 4, 4, 1, 4, 54, 0, 0, 4, 4, 0, 213)
29 (1, 4, 0, 1, 0, 56, 0, 0, 4, 4, 0, 9)
0 (1, 4, 0, 0, 0, 0, 0, 0, 3, 3, 0, 101)
1 (1, 4, 0, 0, 0, 0, 0, 0, 2, 2, 0, 108)
2 (1, 4, 15, 0, 219, 0, 0, 0, 1, 1, 0, 95)
3 (1, 4, 0, 0, 150, 0, 0, 0, 1, 0, 0, 227)
4 (1, 4, 0, 0, 41, 0, 0, 0, 0, 0, 0, 168)
5 (1, 4, 12, 0, 0, 0, 0, 0, 0, 0, 0, 54)
6 (1, 4, 0, 0, 0, 0, 0, 0, 0, 0, 0, 126)
7 (1, 4, 26, 0, 0, 0, 0, 0, 0, 0, 0, 242)
8 (1, 4, 155, 0, 14, 0, 0, 0, 0, 0, 0, 36)
9 (1, 4, 296, 169, 0, 0, 0, 0, 0, 0, 0, 14)
10 (1, 4, 200, 385, 0, 0, 0, 0, 0, 0, 0, 195)
11 (1, 4, 208, 523, 0, 0, 0, 0, 0, 0, 0, 164)
12 (1, 4, 210, 581, 0, 0, 0, 0, 0, 0, 0, 63)
13 (1, 4, 97, 634, 0, 0, 0, 0, 0, 0, 0, 13)
14 (1, 4, 94, 605, 0, 0, 0, 0, 0, 0, 0, 176)
15 (1, 4, 58, 544, 0, 0, 0, 0, 1, 1, 0, 51)
16 (1, 4, 0, 310, 0, 0, 0, 8, 2, 3, 0, 28)
17 (1, 4, 0, 133, 0, 9, 0, 0, 3, 3, 0, 236)
18 (1, 4, 0, 47, 0, 37, 0, 0, 3, 3, 0, 156)
19 (1, 4, 0, 42, 0, 43, 0, 0, 4, 3, 0, 96)
20 (1, 4, 0, 14, 4, 57, 0, 0, 4, 3, 0, 239)
21 (1, 4, 0, 14, 8, 57, 0, 0, 4, 3, 0, 13)
22 (1, 4, 0, 24, 7, 57, 0, 0, 4, 3, 0, 130)
23 (1, 4, 5, 11, 5, 55, 0, 0, 4, 3, 0, 152)
24 (1, 4, 0, 21, 0, 57, 0, 0, 4, 3, 0, 187)
25 (1, 4, 0, 17, 2, 54, 0, 0, 4, 3, 0, 235)
26 (1, 4, 4, 16, 0, 37, 0, 0, 4, 3, 0, 159)
27 (1, 4, 57, 0, 20, 0, 0, 0, 4, 3, 0, 52)
28 (1, 4, 25, 0, 0, 0, 0, 5, 3, 3, 0, 81)
29 (1, 4, 0, 0, 0, 0, 0, 19, 3, 3, 0, 208)
30 (1, 4, 0, 0, 17, 0, 0, 0, 3, 2, 0, 229)
31 (1, 4, 0, 0, 355, 0, 0, 0, 1, 1, 0, 148)
0 (1, 4, 0, 0, 0, 0, 0, 0, 0, 0, 0, 126)
1 (1, 4, 0, 0, 0, 0, 0, 0, 0, 0, 0, 126)
2 (1, 4, 0, 0, 0, 0, 0, 0, 0, 0, 0, 126)
3 (1, 4, 0, 0, 0, 0, 0, 0, 0, 0, 0, 126)
4 (1, 4, 2, 0, 4, 0, 0, 0, 0, 0, 0, 60)
5 (1, 4, 13, 0, 9, 0, 0, 0, 0, 0, 0, 16)
6 (1, 4, 41, 0, 27, 0, 0, 0, 0, 0, 0, 191)
7 (1, 4, 124, 0, 81, 0, 0, 0, 0, 0, 0, 136)
8 (1, 4, 269, 24, 73, 0, 0, 0, 0, 0, 0, 59)
9 (1, 4, 319, 216, 0, 0, 0, 0, 1, 1, 0, 88)
10 (1, 4, 95, 519, 0, 0, 0, 0, 1, 2, 0, 54)
11 (1, 4, 182, 858, 0, 0, 0, 0, 2, 3, 0, 5)
12 (1, 4, 194, 873, 0, 0, 0, 0, 3, 4, 0, 156)
13 (1, 4, 91, 873, 0, 0, 0, 0, 4, 4, 0, 62)
14 (1, 4, 188, 873, 0, 0, 0, 0, 4, 4, 0, 79)
15 (1, 4, 159, 577, 11, 0, 0, 24, 4, 4, 0, 48)
16 (1, 4, 100, 196, 18, 0, 0, 14, 4, 4, 0, 2)
17 (1, 4, 9, 68, 0, 0, 0, 16, 4, 4, 0, 174)
18 (1, 4, 0, 16, 0, 29, 0, 19, 4, 4, 0, 226)
19 (1, 4, 0, 0, 10, 50, 0, 27, 4, 4, 0, 182)
20 (1, 4, 0, 3, 0, 54, 0, 27, 4, 4, 0, 129)
21 (1, 4, 0, 15, 9, 51, 0, 23, 4, 4, 0, 60)
22 (1, 4, 5, 9, 0, 44, 0, 27, 4, 4, 0, 88)
23 (1, 4, 6, 2, 0, 43, 0, 28, 4, 4, 0, 111)
24 (1, 4, 0, 0, 0, 46, 0, 27, 4, 4, 0, 86)
25 (1, 4, 10, 0, 4, 46, 0, 24, 4, 4, 0, 2)
26 (1, 4, 3, 0, 5, 47, 0, 26, 4, 4, 0, 78)
27 (1, 4, 0, 0, 0, 51, 0, 23, 4, 4, 0, 165)
28 (1, 4, 11, 0, 2, 50, 0, 24, 4, 4, 0, 14)
29 (1, 4, 0, 0, 0, 49, 0, 25, 4, 4, 0, 189)
0 (1, 4, 0, 29, 0, 0, 0, 0, 0, 0, 0, 195)
1 (1, 4, 0, 2, 0, 0, 0, 0, 0, 0, 0, 19)
2 (1, 4, 19, 3, 0, 0, 0, 0, 0, 0, 0, 84)
3 (1, 4, 104, 64, 0, 0, 0, 0, 0, 0, 0, 195)
4 (1, 4, 276, 122, 0, 0, 0, 0, 1, 1, 0, 83)
5 (1, 4, 262, 517, 0, 0, 0, 0, 3, 4, 0, 247)
6 (1, 4, 211, 755, 0, 0, 0, 0, 4, 4, 0, 0)
7 (1, 4, 106, 873, 0, 0, 0, 0, 4, 4, 0, 23)
8 (1, 4, 73, 873, 0, 0, 0, 0, 4, 4, 0, 194)
9 (1, 4, 119, 873, 12, 0, 0, 0, 4, 4, 0, 83)
10 (1, 4, 190, 553, 113, 0, 0, 13, 4, 4, 0, 155)
11 (1, 4, 133, 262, 42, 0, 0, 12, 4, 4, 0, 217)
12 (1, 4, 79, 89, 0, 0, 0, 0, 4, 4, 0, 109)
13 (1, 4, 0, 16, 0, 16, 0, 8, 4, 4, 0, 38)
14 (1, 4, 0, 1, 9, 43, 0, 23, 4, 4, 0, 55)
15 (1, 4, 0, 0, 24, 48, 0, 26, 4, 4, 0, 7)
16 (1, 4, 0, 12, 16, 50, 0, 22, 4, 4, 0, 115)
17 (1, 4, 0, 14, 0, 44, 0, 23, 4, 4, 0, 243)
18 (1, 4, 1, 6, 0, 41, 0, 23, 4, 4, 0, 45)
19 (1, 4, 1, 3, 0, 42, 0, 22, 4, 4, 0, 188)
20 (1, 4, 8, 0, 0, 43, 0, 20, 4, 4, 0, 188)
21 (1, 4, 0, 0, 6, 45, 0, 22, 4, 4, 0, 70)
22 (1, 4, 0, 0, 2, 46, 0, 19, 4, 4, 0, 147)
23 (1, 4, 0, 0, 0, 45, 0, 23, 4, 4, 0, 232)
24 (1, 4, 0, 0, 0, 44, 0, 22, 4, 4, 0, 40)
25 (1, 4, 5, 0, 3, 44, 0, 21, 4, 4, 0, 195)
26 (1, 4, 0, 2, 0, 45, 0, 20, 4, 4, 0, 227)
27 (1, 4, 2, 1, 0, 46, 0, 18, 4, 4, 0, 202)
28 (1, 4, 7, 2, 0, 44, 0, 23, 4, 4, 0, 176)
0 (1, 4, 101, 0, 93, 0, 0, 3, 0, 0, 0, 146)
1 (1, 4, 129, 0, 83, 0, 0, 0, 0, 0, 0, 90)
2 (1, 4, 0, 0, 0, 0, 0, 0, 0, 0, 0, 126)
3 (1, 4, 0, 83, 0, 0, 0, 0, 0, 0, 0, 68)
4 (1, 4, 117, 203, 0, 0, 0, 0, 0, 0, 0, 15)
5 (1, 4, 122, 294, 0, 0, 0, 0, 0, 0, 0, 44)
6 (1, 4, 96, 449, 0, 0, 0, 0, 1, 1, 0, 235)
7 (1, 4, 102, 759, 0, 0, 0, 0, 2, 3, 0, 131)
8 (1, 4, 211, 873, 0, 0, 0, 0, 3, 3, 0, 100)
9 (1, 4, 158, 873, 0, 0, 0, 0, 3, 3, 0, 171)
10 (1, 4, 161, 873, 31, 0, 0, 0, 4, 4, 0, 207)
11 (1, 4, 123, 479, 100, 0, 1, 100, 4, 4, 0, 146)
12 (1, 4, 0, 128, 0, 0, 0, 5, 4, 4, 0, 241)
13 (1, 4, 0, 89, 0, 30, 0, 0, 4, 4, 0, 243)
14 (1, 4, 0, 102, 0, 36, 0, 0, 4, 4, 0, 57)
15 (1, 4, 10, 57, 13, 36, 0, 1, 4, 3, 0, 185)
16 (1, 4, 33, 26, 8, 41, 0, 1, 4, 3, 0, 87)
17 (1, 4, 25, 13, 0, 46, 0, 0, 4, 3, 0, 93)
18 (1, 4, 11, 9, 0, 52, 0, 0, 4, 3, 0, 74)
19 (1, 4, 22, 3, 2, 49, 0, 5, 4, 3, 0, 212)
20 (1, 4, 28, 0, 7, 51, 0, 0, 4, 3, 0, 62)
21 (1, 4, 31, 0, 1, 51, 0, 0, 4, 3, 0, 93)
22 (1, 4, 35, 0, 14, 49, 0, 0, 4, 3, 0, 85)
23 (1, 4, 1, 0, 0, 42, 0, 7, 4, 3, 0, 126)
24 (1, 4, 43, 0, 11, 25, 0, 5, 4, 3, 0, 84)
25 (1, 4, 0, 0, 3, 0, 0, 15, 4, 3, 0, 14)
26 (1, 4, 36, 0, 48, 0, 0, 20, 3, 3, 0, 189)
27 (1, 4, 0, 0, 52, 0, 0, 5, 3, 3, 0, 16)
28 (1, 4, 0, 0, 104, 0, 0, 0, 3, 3, 0, 220)
29 (1, 4, 0, 0, 117, 0, 0, 0, 3, 3, 0, 213)
30 (1, 4, 0, 0, 192, 0, 0, 0, 2, 1, 0, 219)
31 (1, 4, 0, 0, 196, 0, 0, 0, 1, 1, 0, 35)
0 (1, 4, 2, 0, 1, 0, 0, 0, 0, 0, 0, 246)
1 (1, 4, 15, 10, 5, 0, 0, 0, 0, 0, 0, 48)
2 (1, 4, 36, 18, 0, 0, 0, 0, 0, 0, 0, 141)
3 (1, 4, 34, 38, 0, 0, 0, 0, 0, 0, 0, 208)
4 (1, 4, 115, 130, 0, 0, 0, 0, 0, 0, 0, 174)
5 (1, 4, 121, 295, 0, 0, 0, 0, 0, 0, 0, 139)
6 (1, 4, 138, 409, 0, 0, 0, 0, 0, 0, 0, 132)
7 (1, 4, 191, 598, 0, 0, 0, 0, 0, 0, 0, 142)
8 (1, 4, 240, 739, 0, 0, 0, 0, 0, 0, 0, 144)
9 (1, 4, 204, 873, 0, 0, 0, 0, 2, 3, 0, 188)
10 (1, 4, 47, 857, 0, 0, 0, 0, 3, 4, 0, 34)
11 (1, 4, 68, 648, 0, 0, 0, 8, 4, 4, 0, 126)
12 (1, 4, 33, 397, 0, 0, 0, 31, 4, 4, 0, 129)
13 (1, 4, 0, 209, 0, 0, 0, 25, 4, 4, 0, 234)
14 (1, 4, 0, 57, 0, 26, 0, 18, 4, 4, 0, 164)
15 (1, 4, 0, 19, 16, 50, 0, 9, 4, 4, 0, 137)
16 (1, 4, 0, 11, 22, 62, 0, 21, 4, 3, 0, 244)
17 (1, 4, 0, 7, 0, 64, 0, 16, 4, 3, 0, 72)
18 (1, 4, 0, 0, 0, 60, 0, 18, 4, 3, 0, 188)
19 (1, 4, 7, 0, 0, 62, 0, 9, 4, 3, 0, 247)
20 (1, 4, 13, 0, 6, 56, 0, 17, 4, 3, 0, 145)
21 (1, 4, 0, 0, 4, 53, 0, 10, 4, 3, 0, 60)
22 (1, 4, 40, 0, 22, 32, 0, 13, 4, 3, 0, 92)
23 (1, 4, 16, 0, 40, 0, 0, 26, 4, 3, 0, 110)
24 (1, 4, 6, 0, 70, 0, 0, 31, 3, 3, 0, 225)
25 (1, 4, 0, 0, 101, 0, 0, 6, 3, 3, 0, 102)
26 (1, 4, 0, 0, 132, 0, 0, 0, 2, 2, 0, 195)
27 (1, 4, 0, 0, 184, 0, 0, 0, 1, 1, 0, 187)
28 (1, 4, 0, 0, 178, 0, 0, 0, 1, 1, 0, 40)
29 (1, 4, 0, 0, 185, 0, 0, 0, 1, 0, 0, 68)
0 (1, 4, 30, 138, 0, 0, 0, 0, 1, 1, 0, 28)
1 (1, 4, 148, 140, 0, 0, 0, 0, 1, 2, 0, 111)
2 (1, 4, 56, 385, 0, 0, 0, 0, 2, 2, 0, 106)
3 (1, 4, 25, 659, 0, 0, 0, 0, 3, 3, 0, 142)
4 (1, 4, 144, 855, 0, 0, 0, 0, 3, 3, 0, 88)
5 (1, 4, 98, 873, 0, 0, 0, 0, 3, 3, 0, 88)
6 (1, 4, 255, 873, 32, 0, 0, 0, 3, 3, 0, 21)
7 (1, 4, 204, 743, 83, 0, 6, 21, 4, 3, 0, 64)
8 (1, 4, 152, 361, 122, 0, 0, 61, 4, 4, 0, 166)
9 (1, 4, 95, 80, 62, 0, 0, 17, 5, 5, 0, 194)
10 (1, 4, 7, 21, 0, 22, 0, 0, 4, 4, 0, 203)
11 (1, 4, 0, 22, 0, 35, 0, 21, 4, 4, 0, 61)
12 (1, 4, 0, 23, 14, 43, 0, 30, 4, 4, 0, 49)
13 (1, 4, 0, 9, 14, 42, 0, 31, 4, 4, 0, 148)
14 (1, 4, 0, 0, 3, 37, 0, 33, 4, 4, 0, 21)
15 (1, 4, 0, 0, 0, 43, 0, 28, 4, 4, 0, 38)
16 (1, 4, 6, 0, 0, 47, 0, 24, 4, 4, 0, 11)
17 (1, 4, 2, 0, 0, 44, 0, 26, 4, 4, 0, 171)
18 (1, 4, 0, 0, 0, 42, 0, 26, 4, 4, 0, 245)
19 (1, 4, 0, 0, 0, 45, 0, 26, 4, 4, 0, 168)
20 (1, 4, 0, 0, 0, 47, 0, 28, 4, 4, 0, 90)
21 (1, 4, 4, 0, 2, 45, 0, 28, 4, 4, 0, 115)
22 (1, 4, 0, 1, 0, 45, 0, 27, 4, 4, 0, 194)
23 (1, 4, 1, 0, 0, 45, 0, 27, 4, 4, 0, 121)
24 (1, 4, 4, 0, 0, 44, 0, 27, 4, 4, 0, 80)
25 (1, 4, 0, 0, 2, 39, 0, 29, 4, 3, 0, 68)
26 (1, 4, 17, 0, 18, 32, 0, 31, 4, 3, 0, 49)
27 (1, 4, 1, 0, 14, 12, 0, 28, 4, 3, 0, 71)
28 (1, 4, 0, 0, 29, 0, 0, 24, 4, 3, 0, 124)
29 (1, 4, 0, 0, 43, 0, 0, 20, 3, 3, 0, 58)
0 (1, 4, 111, 33, 0, 0, 0, 0, 0, 0, 0, 29)
1 (1, 4, 131, 186, 0, 0, 0, 0, 0, 0, 0, 5)
2 (1, 4, 231, 283, 0, 0, 0, 0, 0, 0, 0, 224)
3 (1, 4, 219, 493, 0, 0, 0, 0, 0, 0, 0, 25)
4 (1, 4, 227, 608, 0, 0, 0, 0, 0, 0, 0, 187)
5 (1, 4, 313, 661, 0, 0, 0, 0, 0, 0, 0, 231)
6 (1, 4, 292, 652, 0, 0, 0, 0, 0, 0, 0, 38)
7 (1, 4, 132, 668, 0, 0, 0, 0, 1, 1, 0, 158)
8 (1, 4, 133, 567, 0, 0, 0, 0, 2, 2, 0, 35)
9 (1, 4, 0, 442, 0, 0, 0, 2, 2, 3, 0, 39)
10 (1, 4, 6, 270, 0, 0, 0, 37, 3, 3, 0, 171)
11 (1, 4, 0, 184, 0, 0, 0, 57, 3, 3, 0, 51)
12 (1, 4, 0, 69, 23, 14, 0, 43, 3, 3, 0, 132)
13 (1, 4, 0, 11, 35, 44, 0, 34, 3, 3, 0, 62)
14 (1, 4, 0, 2, 13, 54, 0, 12, 3, 3, 0, 189)
15 (1, 4, 0, 20, 0, 50, 0, 17, 3, 3, 0, 242)
16 (1, 4, 0, 19, 2, 41, 0, 25, 3, 3, 0, 27)
17 (1, 4, 13, 0, 6, 41, 0, 22, 3, 3, 0, 67)
18 (1, 4, 0, 0, 0, 42, 0, 20, 3, 3, 0, 236)
19 (1, 4, 0, 0, 0, 47, 0, 20, 3, 3, 0, 143)
20 (1, 4, 0, 0, 0, 45, 0, 19, 3, 3, 0, 162)
21 (1, 4, 3, 7, 1, 43, 0, 22, 3, 3, 0, 206)
22 (1, 4, 0, 11, 0, 43, 0, 22, 3, 3, 0, 33)
23 (1, 4, 0, 0, 0, 42, 0, 24, 3, 3, 0, 115)
24 (1, 4, 0, 0, 0, 46, 0, 18, 3, 3, 0, 92)
25 (1, 4, 2, 5, 0, 47, 0, 18, 3, 3, 0, 48)
26 (1, 4, 4, 7, 0, 41, 0, 21, 3, 3, 0, 40)
27 (1, 4, 14, 0, 2, 16, 0, 29, 3, 3, 0, 122)
28 (1, 4, 0, 0, 1, 0, 0, 34, 3, 3, 0, 233)
0 (1, 4, 130, 132, 0, 0, 0, 0, 0, 0, 0, 172)
1 (1, 4, 148, 285, 0, 0, 0, 0, 0, 0, 0, 235)
2 (1, 4, 166, 393, 0, 0, 0, 0, 0, 0, 0, 106)
3 (1, 4, 188, 542, 0, 0, 0, 0, 0, 0, 0, 172)
4 (1, 4, 315, 592, 0, 0, 0, 0, 0, 0, 0, 22)
5 (1, 4, 234, 633, 0, 0, 0, 0, 1, 1, 0, 171)
6 (1, 4, 54, 583, 0, 0, 0, 0, 1, 2, 0, 133)
7 (1, 4, 10, 528, 0, 0, 0, 0, 2, 2, 0, 172)
8 (1, 4, 0, 476, 0, 0, 0, 0, 2, 2, 0, 3)
9 (1, 4, 7, 384, 0, 0, 0, 0, 2, 2, 0, 162)
10 (1, 4, 121, 214, 0, 0, 0, 48, 3, 2, 0, 248)
11 (1, 4, 27, 62, 0, 9, 0, 39, 3, 3, 0, 21)
12 (1, 4, 20, 0, 5, 39, 0, 20, 3, 3, 0, 101)
13 (1, 4, 0, 0, 0, 62, 0, 12, 3, 3, 0, 94)
14 (1, 4, 7, 0, 17, 69, 0, 0, 3, 2, 0, 121)
15 (1, 4, 0, 16, 0, 61, 0, 8, 3, 2, 0, 0)
16 (1, 4, 0, 16, 0, 54, 0, 11, 3, 2, 0, 191)
17 (1, 4, 13, 4, 2, 51, 0, 15, 3, 2, 0, 123)
18 (1, 4, 0, 2, 0, 55, 0, 11, 3, 2, 0, 172)
19 (1, 4, 0, 0, 0, 57, 0, 8, 3, 2, 0, 29)
20 (1, 4, 0, 2, 0, 56, 0, 12, 3, 2, 0, 26)
21 (1, 4, 0, 7, 4, 58, 0, 11, 3, 2, 0, 6)
22 (1, 4, 7, 2, 2, 56, 0, 13, 3, 2, 0, 192)
23 (1, 4, 0, 6, 0, 55, 0, 13, 3, 2, 0, 186)
24 (1, 4, 2, 6, 0, 56, 0, 12, 3, 2, 0, 220)
25 (1, 4, 9, 4, 1, 58, 0, 11, 2, 2, 0, 8)
26 (1, 4, 5, 8, 0, 60, 0, 17, 2, 2, 0, 127)
27 (1, 4, 14, 32, 4, 64, 0, 13, 2, 2, 0, 49)
28 (1, 4, 25, 54, 7, 61, 0, 13, 2, 2, 0, 198)
29 (1, 4, 59, 51, 13, 41, 0, 19, 2, 2, 0, 159)
30 (1, 4, 29, 8, 0, 8, 0, 21, 2, 2, 0, 248)
31 (1, 4, 12, 0, 12, 0, 0, 31, 2, 2, 0, 236)

