1 (1, 4, 0, 0, 0, 0, 0, 43, 1, 1, 0, 90)
2 (1, 4, 0, 0, 0, 0, 0, 64, 2, 2, 0, 41)
3 (1, 4, 0, 0, 0, 0, 0, 55, 3, 2, 0, 111)
4 (1, 4, 0, 0, 0, 0, 0, 24, 4, 4, 0, 99)
5 (1, 4, 0, 113, 0, 4, 0, 0, 5, 4, 0, 209)
6 (1, 4, 0, 444, 0, 0, 0, 0, 5, 5, 0, 125)
7 (1, 4, 52, 506, 0, 0, 0, 0, 5, 6, 0, 235)
8 (1, 4, 169, 463, 0, 0, 13, 13, 5, 6, 0, 143)
9 (1, 4, 110, 348, 0, 0, 44, 23, 5, 6, 0, 117)
10 (1, 4, 0, 121, 34, 0, 90, 49, 5, 6, 0, 24)
11 (1, 4, 0, 0, 213, 0, 111, 28, 5, 6, 0, 163)
12 (1, 4, 0, 0, 347, 0, 40, 0, 5, 5, 0, 65)
13 (1, 4, 0, 0, 332, 30, 0, 0, 6, 6, 0, 65)
14 (1, 4, 0, 0, 16, 435, 0, 0, 6, 7, 0, 166)
15 (1, 4, 239, 555, 0, 221, 0, 0, 6, 6, 0, 57)
16 (1, 4, 247, 527, 0, 23, 0, 0, 5, 6, 0, 169)
17 (1, 4, 378, 423, 0, 0, 47, 0, 5, 6, 0, 174)
18 (1, 4, 355, 168, 55, 0, 124, 6, 5, 6, 0, 216)
19 (1, 4, 0, 0, 189, 0, 141, 28, 5, 6, 0, 203)
20 (1, 4, 0, 0, 363, 0, 47, 0, 5, 5, 0, 168)
21 (1, 4, 0, 0, 326, 16, 0, 0, 5, 5, 0, 115)
22 (1, 4, 0, 0, 192, 344, 0, 0, 5, 6, 0, 86)
23 (1, 4, 0, 312, 0, 264, 0, 0, 5, 5, 0, 54)
24 (1, 4, 160, 545, 0, 103, 0, 0, 5, 5, 0, 90)
25 (1, 4, 394, 568, 0, 38, 0, 0, 5, 6, 0, 227)
26 (1, 4, 585, 477, 0, 21, 0, 2, 5, 5, 0, 87)
27 (1, 4, 785, 240, 0, 3, 0, 26, 5, 5, 0, 59)
28 (1, 4, 732, 30, 0, 11, 19, 34, 4, 5, 0, 171)
29 (1, 4, 385, 0, 0, 28, 65, 24, 4, 5, 0, 1)
30 (1, 4, 310, 0, 0, 23, 74, 32, 4, 4, 0, 121)
31 (1, 4, 325, 0, 0, 0, 101, 6, 7, 7, 0, 189) [FRAGMENTED]
32 (1, 4, 0, 0, 0, 0, 0, 85, 0, 0, 0, 66)
1 (1, 4, 0, 0, 0, 0, 0, 81, 0, 0, 0, 55)
2 (1, 4, 0, 0, 0, 0, 0, 74, 0, 0, 0, 104)
3 (1, 4, 0, 0, 0, 0, 0, 45, 0, 0, 0, 159)
4 (1, 4, 0, 0, 0, 0, 0, 25, 1, 1, 0, 145)
5 (1, 4, 0, 39, 0, 0, 0, 26, 2, 2, 0, 44)
6 (1, 4, 0, 89, 0, 10, 0, 0, 3, 2, 0, 44)
7 (1, 4, 0, 151, 0, 6, 0, 3, 4, 4, 0, 28)
8 (1, 4, 0, 275, 0, 0, 0, 20, 5, 5, 0, 169)
9 (1, 4, 0, 146, 0, 0, 27, 44, 5, 5, 0, 175)
10 (1, 4, 0, 0, 7, 0, 47, 71, 5, 5, 0, 68)
11 (1, 4, 0, 0, 289, 0, 27, 66, 5, 6, 0, 234)
12 (1, 4, 0, 0, 402, 82, 0, 0, 5, 6, 0, 14)
13 (1, 4, 0, 0, 0, 344, 0, 0, 5, 5, 0, 225)
14 (1, 4, 165, 414, 0, 146, 0, 0, 5, 6, 0, 239)
15 (1, 4, 84, 430, 0, 21, 0, 0, 5, 6, 0, 9)
16 (1, 4, 0, 201, 0, 0, 51, 65, 5, 5, 0, 78)
17 (1, 4, 0, 0, 94, 0, 102, 126, 5, 6, 0, 176)
18 (1, 4, 0, 0, 401, 0, 48, 77, 5, 5, 0, 153)
19 (1, 4, 158, 0, 514, 106, 0, 0, 5, 5, 0, 157)
20 (1, 4, 0, 0, 93, 306, 0, 0, 5, 5, 0, 233)
21 (1, 4, 0, 210, 0, 95, 0, 38, 5, 5, 0, 55)
22 (1, 4, 158, 202, 0, 71, 0, 18, 5, 5, 0, 76)
23 (1, 4, 221, 202, 0, 55, 0, 13, 4, 5, 0, 84)
24 (1, 4, 259, 126, 0, 48, 0, 20, 5, 5, 0, 223)
25 (1, 4, 157, 98, 0, 54, 0, 17, 4, 5, 0, 254)
26 (1, 4, 103, 63, 0, 61, 0, 44, 4, 5, 0, 252)
27 (1, 4, 58, 34, 0, 69, 0, 43, 4, 5, 0, 78)
28 (1, 4, 25, 12, 0, 76, 0, 55, 4, 4, 0, 157)
29 (1, 4, 8, 0, 0, 86, 0, 59, 4, 4, 0, 180)
30 (1, 4, 137, 0, 0, 108, 0, 68, 4, 5, 0, 210)
31 (1, 4, 306, 0, 0, 149, 0, 81, 4, 4, 0, 19)
32 (1, 4, 0, 0, 0, 22, 0, 29, 1, 1, 0, 81)
1 (1, 4, 0, 0, 0, 25, 0, 17, 1, 1, 0, 107)
2 (1, 4, 0, 0, 0, 39, 0, 9, 1, 1, 0, 246)
3 (1, 4, 0, 0, 0, 39, 0, 17, 1, 1, 0, 207)
4 (1, 4, 0, 0, 0, 41, 0, 6, 1, 1, 0, 181)
5 (1, 4, 0, 73, 0, 50, 0, 28, 1, 1, 0, 158)
6 (1, 4, 117, 102, 3, 56, 0, 36, 1, 1, 0, 144)
7 (1, 4, 61, 75, 0, 78, 0, 11, 1, 1, 0, 29)
8 (1, 4, 43, 52, 0, 91, 0, 0, 2, 2, 0, 75)
9 (1, 4, 0, 190, 0, 29, 0, 0, 4, 3, 0, 134)
10 (1, 4, 0, 332, 0, 0, 63, 40, 5, 4, 0, 93)
11 (1, 4, 142, 0, 135, 0, 207, 71, 7, 7, 0, 197)
12 (1, 4, 0, 0, 541, 0, 27, 43, 9, 9, 0, 110)
13 (1, 4, 0, 0, 239, 275, 0, 0, 11, 10, 0, 85)
14 (1, 4, 0, 266, 0, 232, 0, 0, 9, 9, 0, 109)
15 (1, 4, 113, 452, 0, 24, 0, 11, 9, 9, 0, 161)
16 (1, 4, 93, 173, 0, 0, 59, 42, 8, 9, 0, 93)
17 (1, 4, 0, 0, 2, 0, 98, 68, 8, 9, 0, 167)
18 (1, 4, 0, 0, 293, 0, 27, 63, 8, 9, 0, 112)
19 (1, 4, 0, 0, 596, 0, 0, 0, 8, 8, 0, 86)
20 (1, 4, 0, 0, 181, 171, 0, 0, 7, 7, 0, 102)
21 (1, 4, 0, 0, 0, 278, 0, 0, 7, 8, 0, 219)
22 (1, 4, 387, 234, 0, 140, 0, 0, 6, 6, 0, 250)
23 (1, 4, 599, 333, 0, 47, 0, 0, 6, 6, 0, 249)
24 (1, 4, 651, 97, 0, 0, 0, 0, 7, 7, 0, 198)
25 (1, 4, 556, 62, 0, 0, 7, 0, 7, 7, 0, 5)
26 (1, 4, 427, 0, 0, 0, 64, 2, 6, 7, 0, 50)
27 (1, 4, 267, 0, 0, 5, 103, 4, 7, 8, 0, 15)
28 (1, 4, 279, 0, 0, 0, 128, 0, 13, 9, 0, 76) 
29 (1, 4, 145, 0, 93, 0, 164, 0, 7, 8, 0, 213) [FRAGMENTED]
30 (1, 4, 0, 0, 0, 6, 0, 29, 0, 1, 0, 196)
31 (1, 4, 0, 0, 0, 19, 0, 25, 1, 1, 0, 71)
32 (1, 4, 0, 0, 0, 19, 0, 6, 2, 2, 0, 118)
1 (1, 4, 0, 11, 0, 28, 0, 0, 3, 3, 0, 125)
2 (1, 4, 0, 88, 0, 0, 0, 0, 4, 4, 0, 11)
3 (1, 4, 151, 186, 0, 0, 0, 0, 5, 5, 0, 240)
4 (1, 4, 192, 169, 0, 0, 79, 25, 5, 5, 0, 95)
5 (1, 4, 63, 0, 119, 0, 139, 64, 5, 6, 0, 55)
6 (1, 4, 34, 0, 592, 0, 34, 53, 5, 6, 0, 44)
7 (1, 4, 0, 0, 228, 202, 0, 0, 5, 6, 0, 250)
8 (1, 4, 0, 87, 0, 219, 0, 0, 6, 6, 0, 254)
9 (1, 4, 88, 304, 0, 11, 0, 12, 6, 7, 0, 58)
10 (1, 4, 18, 213, 0, 0, 116, 85, 5, 6, 0, 211)
11 (1, 4, 40, 0, 345, 0, 142, 107, 5, 6, 0, 36)
12 (1, 4, 0, 0, 531, 5, 0, 0, 5, 6, 0, 243)
13 (1, 4, 274, 0, 340, 184, 0, 0, 5, 5, 0, 97)
14 (1, 4, 0, 0, 0, 141, 0, 37, 5, 5, 0, 110)
15 (1, 4, 73, 71, 0, 136, 0, 32, 5, 5, 0, 209)
16 (1, 4, 392, 170, 0, 92, 0, 14, 5, 5, 0, 169)
17 (1, 4, 400, 182, 0, 62, 0, 0, 5, 5, 0, 21)
18 (1, 4, 449, 164, 0, 36, 0, 12, 5, 5, 0, 208)
19 (1, 4, 432, 0, 0, 30, 33, 4, 7, 8, 0, 122)
20 (1, 4, 349, 0, 0, 3, 74, 0, 9, 11, 0, 204)
21 (1, 4, 353, 0, 0, 0, 156, 0, 8, 8, 0, 231)
22 (1, 4, 15, 121, 352, 0, 161, 0, 6, 7, 0, 71)
23 (1, 4, 15, 653, 809, 18, 93, 0, 2, 4, 0, 103)
24 (1, 4, 31, 873, 734, 0, 4, 0, 0, 1, 0, 33)
25 (1, 4, 0, 873, 459, 0, 0, 56, 0, 0, 0, 217)
26 (1, 4, 17, 536, 181, 0, 0, 102, 0, 0, 0, 29)
27 (1, 4, 0, 257, 24, 0, 0, 118, 0, 0, 0, 22)
28 (1, 4, 0, 121, 0, 0, 0, 126, 0, 0, 0, 73)
29 (1, 4, 0, 85, 0, 0, 0, 113, 0, 0, 0, 27)
30 (1, 4, 0, 0, 429, 40, 0, 0, 5, 5, 0, 102)
31 (1, 4, 0, 0, 0, 275, 0, 0, 6, 6, 0, 246)
32 (1, 4, 23, 330, 0, 84, 0, 0, 5, 6, 0, 194)
1 (1, 4, 150, 290, 0, 0, 0, 11, 5, 6, 0, 249)
2 (1, 4, 143, 57, 0, 0, 88, 46, 5, 6, 0, 221)
3 (1, 4, 0, 0, 200, 0, 159, 82, 5, 6, 0, 111)
4 (1, 4, 0, 0, 681, 0, 0, 26, 5, 5, 0, 78)
5 (1, 4, 69, 0, 328, 200, 0, 0, 5, 5, 0, 118)
6 (1, 4, 0, 0, 0, 205, 0, 0, 5, 5, 0, 176)
7 (1, 4, 397, 262, 0, 84, 0, 0, 5, 5, 0, 14)
8 (1, 4, 545, 265, 0, 39, 0, 10, 4, 5, 0, 248)
9 (1, 4, 682, 216, 0, 34, 0, 2, 4, 4, 0, 222)
10 (1, 4, 626, 104, 0, 53, 0, 11, 3, 4, 0, 198)
11 (1, 4, 592, 48, 0, 52, 8, 24, 3, 4, 0, 39)
12 (1, 4, 505, 0, 0, 29, 54, 17, 3, 3, 0, 91)
13 (1, 4, 277, 0, 0, 9, 97, 0, 13, 20, 0, 222)
14 (1, 4, 161, 0, 0, 19, 157, 0, 5, 7, 0, 101)
15 (1, 4, 42, 342, 503, 14, 132, 0, 2, 4, 0, 84)
16 (1, 4, 0, 767, 671, 4, 70, 0, 0, 1, 0, 82)
17 (1, 4, 34, 873, 473, 0, 3, 35, 0, 0, 0, 134)
18 (1, 4, 0, 775, 399, 0, 0, 61, 0, 0, 0, 147)
19 (1, 4, 0, 514, 105, 0, 0, 84, 0, 0, 0, 16)
20 (1, 4, 41, 292, 69, 0, 0, 133, 0, 0, 0, 43)
21 (1, 4, 0, 191, 15, 0, 0, 117, 0, 0, 0, 169)
22 (1, 4, 0, 97, 0, 0, 0, 113, 0, 0, 0, 98)
23 (1, 4, 0, 99, 0, 0, 0, 104, 0, 0, 0, 233)
24 (1, 4, 0, 152, 0, 0, 0, 106, 0, 0, 0, 26)
25 (1, 4, 0, 150, 0, 0, 0, 110, 0, 0, 0, 107)
26 (1, 4, 0, 100, 0, 0, 0, 99, 0, 0, 0, 103)
27 (1, 4, 0, 149, 0, 0, 0, 99, 0, 0, 0, 243) [FRAGMENTED]
28 (1, 4, 0, 5, 0, 8, 0, 0, 1, 1, 0, 224)
29 (1, 4, 4, 9, 0, 8, 0, 0, 1, 1, 0, 177)
30 (1, 4, 7, 14, 0, 8, 0, 0, 1, 1, 0, 161)
31 (1, 4, 16, 18, 2, 8, 0, 0, 1, 1, 0, 76)
32 (1, 4, 58, 32, 10, 10, 0, 0, 1, 1, 0, 171)
1 (1, 4, 35, 47, 3, 8, 0, 0, 1, 1, 0, 146)
2 (1, 4, 21, 54, 8, 15, 0, 12, 1, 1, 0, 51)
3 (1, 4, 42, 58, 19, 32, 0, 15, 1, 1, 0, 117)
4 (1, 4, 103, 75, 0, 65, 0, 0, 1, 2, 0, 140)
5 (1, 4, 0, 180, 0, 0, 0, 0, 3, 3, 0, 29)
6 (1, 4, 343, 421, 0, 0, 14, 2, 4, 4, 0, 59)
7 (1, 4, 85, 63, 0, 0, 234, 31, 6, 6, 0, 63)
8 (1, 4, 0, 0, 420, 0, 118, 45, 7, 8, 0, 104)
9 (1, 4, 32, 0, 290, 167, 0, 0, 7, 7, 0, 19)
10 (1, 4, 0, 72, 0, 241, 0, 0, 7, 8, 0, 79)
11 (1, 4, 74, 588, 0, 0, 16, 50, 7, 10, 0, 92)
12 (1, 4, 103, 0, 358, 0, 255, 108, 7, 9, 0, 84)
13 (1, 4, 34, 0, 446, 9, 0, 0, 7, 6, 0, 246)
14 (1, 4, 68, 0, 87, 267, 0, 0, 7, 6, 0, 75)
15 (1, 4, 135, 15, 0, 131, 0, 84, 6, 6, 0, 169)
16 (1, 4, 416, 118, 0, 72, 0, 48, 5, 6, 0, 246)
17 (1, 4, 751, 150, 0, 20, 0, 0, 5, 5, 0, 10)
18 (1, 4, 852, 36, 0, 22, 0, 0, 5, 6, 0, 20)
19 (1, 4, 873, 0, 0, 8, 0, 0, 5, 5, 0, 157)
20 (1, 4, 526, 0, 0, 7, 50, 0, 6, 6, 0, 63)
21 (1, 4, 327, 0, 0, 0, 100, 0, 8, 9, 0, 8)
22 (1, 4, 129, 0, 40, 0, 200, 0, 7, 8, 0, 176)
23 (1, 4, 5, 376, 862, 0, 180, 0, 5, 7, 0, 52)
24 (1, 4, 131, 873, 873, 0, 90, 0, 3, 4, 0, 125)
25 (1, 4, 0, 873, 754, 0, 0, 0, 0, 1, 0, 100)
26 (1, 4, 158, 548, 353, 0, 0, 147, 0, 0, 0, 249)
27 (1, 4, 17, 202, 84, 0, 0, 160, 0, 0, 0, 61)
28 (1, 4, 91, 221, 0, 0, 30, 10, 4, 4, 0, 104)
29 (1, 4, 0, 121, 0, 0, 71, 48, 4, 4, 0, 124)
30 (1, 4, 0, 0, 253, 0, 70, 64, 4, 5, 0, 130)
31 (1, 4, 0, 0, 517, 0, 9, 72, 5, 5, 0, 52)
32 (1, 4, 0, 0, 255, 119, 0, 0, 5, 5, 0, 23)
1 (1, 4, 0, 8, 0, 277, 0, 0, 5, 5, 0, 28)
2 (1, 4, 105, 321, 0, 74, 0, 0, 5, 5, 0, 163)
3 (1, 4, 139, 294, 0, 0, 10, 48, 4, 5, 0, 151)
4 (1, 4, 0, 0, 3, 0, 197, 136, 4, 5, 0, 94)
5 (1, 4, 0, 0, 540, 0, 68, 2, 4, 5, 0, 86)
6 (1, 4, 0, 0, 204, 119, 0, 0, 5, 4, 0, 70)
7 (1, 4, 78, 0, 198, 271, 0, 0, 4, 4, 0, 49)
8 (1, 4, 206, 206, 0, 174, 0, 0, 4, 4, 0, 234)
9 (1, 4, 588, 303, 0, 80, 0, 0, 4, 4, 0, 43)
10 (1, 4, 793, 215, 0, 26, 0, 0, 3, 4, 0, 59)
11 (1, 4, 757, 48, 0, 11, 0, 0, 3, 4, 0, 128)
12 (1, 4, 574, 0, 0, 30, 22, 10, 3, 3, 0, 152)
13 (1, 4, 385, 0, 0, 33, 43, 8, 3, 3, 0, 39)
14 (1, 4, 285, 0, 0, 32, 63, 17, 3, 3, 0, 5)
15 (1, 4, 187, 0, 0, 18, 109, 19, 4, 4, 0, 58)
16 (1, 4, 234, 0, 0, 0, 172, 0, 5, 6, 0, 194)
17 (1, 4, 0, 158, 329, 0, 187, 0, 4, 5, 0, 45)
18 (1, 4, 0, 765, 828, 0, 114, 0, 2, 2, 0, 184)
19 (1, 4, 0, 873, 773, 0, 0, 0, 0, 0, 0, 60)
20 (1, 4, 0, 770, 417, 0, 0, 63, 0, 0, 0, 118)
21 (1, 4, 0, 322, 136, 0, 0, 119, 0, 0, 0, 28)
22 (1, 4, 0, 181, 0, 0, 0, 114, 0, 0, 0, 61)
23 (1, 4, 0, 96, 0, 0, 0, 108, 0, 0, 0, 68)
24 (1, 4, 0, 134, 0, 0, 0, 108, 0, 0, 0, 179)
25 (1, 4, 0, 142, 0, 0, 0, 107, 0, 0, 0, 19)
26 (1, 4, 0, 137, 0, 0, 0, 106, 0, 1, 0, 165)
27 (1, 4, 0, 104, 0, 0, 0, 108, 0, 0, 0, 247)
28 (1, 4, 0, 0, 0, 354, 0, 0, 7, 6, 0, 64)
29 (1, 4, 225, 548, 0, 128, 0, 0, 6, 7, 0, 14)
30 (1, 4, 218, 373, 0, 0, 0, 50, 5, 7, 0, 244)
31 (1, 4, 7, 0, 0, 0, 176, 113, 5, 7, 0, 251)
32 (1, 4, 0, 0, 478, 0, 86, 48, 5, 6, 0, 247)
1 (1, 4, 0, 0, 435, 118, 0, 0, 5, 5, 0, 76)
2 (1, 4, 103, 0, 51, 246, 0, 0, 5, 4, 0, 66)
3 (1, 4, 306, 49, 0, 117, 0, 66, 4, 5, 0, 74)
4 (1, 4, 633, 39, 0, 65, 0, 36, 4, 5, 0, 59)
5 (1, 4, 751, 0, 0, 32, 0, 19, 4, 4, 0, 3)
6 (1, 4, 666, 0, 0, 21, 0, 0, 4, 4, 0, 83)
7 (1, 4, 490, 0, 0, 28, 12, 0, 4, 4, 0, 62)
8 (1, 4, 167, 0, 0, 37, 71, 0, 4, 4, 0, 90)
9 (1, 4, 0, 0, 0, 41, 81, 3, 6, 6, 0, 198)
10 (1, 4, 215, 0, 0, 48, 127, 0, 5, 8, 0, 177)
11 (1, 4, 182, 150, 72, 22, 151, 0, 4, 5, 0, 219)
12 (1, 4, 81, 421, 549, 16, 167, 0, 5, 6, 0, 232)
13 (1, 4, 17, 733, 854, 0, 55, 0, 1, 2, 0, 36)
14 (1, 4, 150, 873, 766, 0, 0, 36, 0, 0, 0, 232)
15 (1, 4, 0, 681, 401, 0, 0, 68, 0, 0, 0, 1)
16 (1, 4, 199, 454, 365, 0, 0, 141, 0, 0, 0, 252)
17 (1, 4, 0, 145, 0, 0, 0, 110, 0, 0, 0, 105)
18 (1, 4, 0, 82, 0, 0, 0, 122, 0, 0, 0, 149)
19 (1, 4, 0, 127, 0, 0, 0, 112, 0, 0, 0, 216)
20 (1, 4, 0, 138, 0, 0, 0, 113, 0, 0, 0, 73)
21 (1, 4, 0, 123, 0, 0, 0, 109, 0, 0, 0, 145)
22 (1, 4, 0, 103, 0, 0, 0, 112, 0, 0, 0, 10)
23 (1, 4, 0, 96, 27, 0, 0, 109, 0, 0, 0, 227)
24 (1, 4, 0, 95, 4, 0, 0, 105, 0, 0, 0, 162)
25 (1, 4, 0, 47, 2, 0, 0, 102, 0, 0, 0, 10)
26 (1, 4, 0, 16, 0, 0, 0, 94, 0, 0, 0, 175)
27 (1, 4, 0, 30, 5, 0, 0, 86, 0, 0, 0, 139)
28 (1, 4, 0, 0, 45, 5, 80, 43, 6, 6, 0, 17)
29 (1, 4, 0, 0, 289, 0, 26, 36, 6, 6, 0, 29)
30 (1, 4, 0, 0, 567, 0, 0, 9, 6, 6, 0, 163)
31 (1, 4, 0, 0, 309, 142, 0, 0, 6, 6, 0, 73)
32 (1, 4, 0, 6, 0, 276, 0, 0, 6, 6, 0, 28)
1 (1, 4, 174, 490, 0, 100, 0, 0, 6, 6, 0, 245)
2 (1, 4, 330, 362, 0, 9, 0, 13, 5, 6, 0, 212)
3 (1, 4, 426, 141, 0, 0, 0, 0, 5, 6, 0, 143)
4 (1, 4, 123, 0, 0, 0, 55, 14, 5, 5, 0, 89)
5 (1, 4, 0, 0, 0, 0, 97, 44, 5, 5, 0, 3)
6 (1, 4, 0, 0, 33, 0, 59, 88, 5, 5, 0, 135)
7 (1, 4, 148, 0, 368, 0, 1, 44, 4, 5, 0, 156)
8 (1, 4, 276, 0, 628, 98, 0, 0, 4, 5, 0, 119)
9 (1, 4, 346, 0, 130, 232, 0, 0, 5, 5, 0, 227)
10 (1, 4, 210, 329, 0, 144, 0, 0, 4, 5, 0, 107)
11 (1, 4, 630, 145, 0, 62, 0, 0, 4, 5, 0, 206)
12 (1, 4, 513, 0, 0, 42, 0, 0, 4, 5, 0, 20)
13 (1, 4, 483, 0, 0, 40, 0, 0, 4, 5, 0, 107)
14 (1, 4, 257, 0, 0, 40, 43, 0, 4, 4, 0, 0)
15 (1, 4, 37, 0, 0, 36, 69, 0, 4, 4, 0, 190)
16 (1, 4, 0, 0, 0, 30, 96, 5, 4, 4, 0, 170)
17 (1, 4, 69, 0, 0, 7, 128, 16, 4, 4, 0, 95)
18 (1, 4, 70, 0, 0, 8, 157, 0, 4, 4, 0, 229)
19 (1, 4, 0, 0, 24, 12, 153, 0, 4, 4, 0, 20)
20 (1, 4, 10, 0, 245, 24, 151, 0, 3, 4, 0, 136)
21 (1, 4, 0, 0, 423, 31, 94, 0, 3, 3, 0, 207)
22 (1, 4, 0, 121, 619, 0, 0, 0, 2, 2, 0, 242)
23 (1, 4, 0, 198, 529, 27, 0, 0, 0, 1, 0, 95)
24 (1, 4, 0, 60, 321, 0, 0, 0, 0, 1, 0, 237)
25 (1, 4, 0, 497, 416, 15, 0, 0, 0, 0, 0, 248) [FRAGMENTED]
26 (1, 4, 0, 701, 230, 0, 0, 14, 0, 0, 0, 110)
27 (1, 4, 0, 612, 0, 0, 0, 76, 0, 0, 0, 242)
28 (1, 4, 0, 0, 327, 151, 0, 0, 4, 5, 0, 117)
29 (1, 4, 81, 0, 0, 133, 0, 77, 4, 4, 0, 246)
30 (1, 4, 387, 0, 0, 26, 0, 20, 4, 4, 0, 200)
31 (1, 4, 194, 0, 0, 0, 4, 0, 4, 4, 0, 57)
32 (1, 4, 124, 0, 0, 7, 67, 6, 4, 4, 0, 188)
1 (1, 4, 68, 0, 17, 10, 116, 6, 4, 4, 0, 123)
2 (1, 4, 0, 42, 531, 0, 72, 21, 4, 4, 0, 154)
3 (1, 4, 0, 104, 752, 0, 0, 39, 4, 4, 0, 43)
4 (1, 4, 0, 0, 634, 0, 0, 30, 4, 4, 0, 252)
5 (1, 4, 19, 0, 89, 90, 0, 0, 4, 4, 0, 224)
6 (1, 4, 0, 0, 0, 132, 0, 14, 4, 4, 0, 173)
7 (1, 4, 191, 81, 0, 66, 0, 10, 4, 4, 0, 221)
8 (1, 4, 277, 125, 0, 21, 0, 5, 4, 4, 0, 76)
9 (1, 4, 427, 182, 0, 0, 0, 0, 4, 4, 0, 253)
10 (1, 4, 706, 221, 0, 0, 0, 11, 3, 4, 0, 68)
11 (1, 4, 807, 15, 0, 0, 3, 0, 4, 4, 0, 139)
12 (1, 4, 415, 0, 0, 0, 73, 0, 11, 7, 0, 216)
13 (1, 4, 179, 0, 0, 25, 118, 0, 5, 5, 0, 224)
14 (1, 4, 31, 168, 172, 0, 152, 0, 4, 5, 0, 102)
15 (1, 4, 0, 526, 528, 0, 121, 0, 3, 4, 0, 85)
16 (1, 4, 0, 853, 617, 0, 28, 0, 1, 1, 0, 226)
17 (1, 4, 0, 873, 506, 0, 0, 0, 0, 0, 0, 84)
18 (1, 4, 0, 873, 312, 0, 0, 2, 0, 0, 0, 200)
19 (1, 4, 0, 610, 247, 0, 0, 94, 0, 0, 0, 65)
20 (1, 4, 0, 332, 37, 0, 0, 114, 0, 0, 0, 203)
21 (1, 4, 0, 201, 0, 0, 0, 108, 0, 0, 0, 129)
22 (1, 4, 0, 175, 0, 0, 0, 95, 0, 1, 0, 8)
23 (1, 4, 0, 216, 0, 0, 0, 95, 0, 1, 0, 42)
24 (1, 4, 0, 247, 0, 0, 0, 82, 0, 1, 0, 25)
25 (1, 4, 0, 248, 42, 0, 0, 85, 0, 1, 0, 214)
26 (1, 4, 75, 323, 0, 0, 67, 70, 5, 7, 0, 200)
27 (1, 4, 0, 0, 177, 0, 111, 93, 5, 6, 0, 98)
28 (1, 4, 0, 0, 461, 0, 0, 47, 5, 6, 0, 151)
29 (1, 4, 0, 0, 117, 274, 0, 0, 5, 6, 0, 255)
30 (1, 4, 0, 276, 0, 162, 0, 0, 5, 5, 0, 119)
31 (1, 4, 280, 380, 0, 24, 0, 7, 4, 5, 0, 19)
32 (1, 4, 352, 138, 0, 0, 54, 41, 4, 5, 0, 175)
1 (1, 4, 160, 0, 0, 0, 158, 51, 4, 5, 0, 150)
2 (1, 4, 0, 0, 487, 0, 96, 4, 4, 5, 0, 31)
3 (1, 4, 0, 0, 873, 0, 0, 0, 4, 5, 0, 251)
4 (1, 4, 92, 0, 367, 70, 0, 0, 4, 5, 0, 134)
5 (1, 4, 0, 28, 0, 183, 0, 0, 4, 5, 0, 215)
6 (1, 4, 315, 224, 0, 74, 0, 0, 4, 5, 0, 37)
7 (1, 4, 539, 246, 0, 50, 0, 0, 4, 4, 0, 106)
8 (1, 4, 873, 159, 0, 5, 0, 0, 4, 4, 0, 222)
9 (1, 4, 693, 201, 0, 11, 0, 0, 4, 4, 0, 7)
10 (1, 4, 699, 143, 0, 11, 0, 22, 4, 4, 0, 120)
11 (1, 4, 672, 0, 0, 0, 34, 5, 4, 4, 0, 217)
12 (1, 4, 411, 0, 0, 0, 118, 0, 4, 4, 0, 76)
13 (1, 4, 226, 0, 41, 0, 224, 0, 5, 5, 0, 225)
14 (1, 4, 0, 154, 391, 0, 181, 0, 4, 5, 0, 224)
15 (1, 4, 0, 262, 552, 0, 136, 0, 4, 4, 0, 5)
16 (1, 4, 0, 747, 873, 0, 9, 0, 1, 2, 0, 94)
17 (1, 4, 0, 873, 830, 0, 0, 22, 0, 0, 0, 165)
18 (1, 4, 66, 873, 454, 0, 0, 108, 0, 0, 0, 217)
19 (1, 4, 0, 85, 59, 10, 0, 104, 0, 0, 0, 189)
20 (1, 4, 0, 106, 0, 0, 0, 94, 0, 0, 0, 81)
21 (1, 4, 0, 213, 0, 0, 0, 89, 0, 0, 0, 81)
22 (1, 4, 0, 208, 41, 0, 0, 94, 0, 0, 0, 251)
23 (1, 4, 0, 186, 14, 0, 0, 91, 0, 0, 0, 213)
24 (1, 4, 0, 139, 0, 0, 0, 78, 0, 0, 0, 119)
25 (1, 4, 0, 170, 40, 0, 0, 76, 0, 0, 0, 251)
26 (1, 4, 0, 40, 179, 0, 0, 47, 0, 0, 0, 156)
27 (1, 4, 0, 35, 119, 0, 0, 27, 0, 0, 0, 164)
28 (1, 4, 0, 0, 79, 0, 0, 37, 0, 0, 0, 215)
29 (1, 4, 0, 0, 78, 0, 0, 63, 0, 0, 0, 195)
30 (1, 4, 0, 0, 0, 0, 0, 57, 0, 0, 0, 57)
31 (1, 4, 0, 0, 0, 0, 0, 48, 0, 0, 0, 12)
32 (1, 4, 0, 0, 0, 0, 0, 17, 0, 1, 0, 25)
1 (1, 4, 0, 200, 0, 0, 0, 0, 1, 1, 0, 70)
2 (1, 4, 0, 384, 0, 0, 0, 0, 1, 1, 0, 147)
3 (1, 4, 0, 397, 0, 0, 0, 0, 2, 2, 0, 84)
4 (1, 4, 34, 371, 0, 0, 0, 0, 2, 2, 0, 170)
5 (1, 4, 0, 312, 0, 0, 0, 24, 3, 3, 0, 169)
6 (1, 4, 132, 170, 0, 0, 54, 68, 3, 3, 0, 252)
7 (1, 4, 241, 0, 91, 0, 155, 74, 4, 4, 0, 129)
8 (1, 4, 0, 0, 528, 0, 82, 23, 4, 4, 0, 50)
9 (1, 4, 0, 0, 541, 157, 0, 0, 4, 4, 0, 40)
10 (1, 4, 11, 182, 0, 225, 0, 3, 4, 4, 0, 197)
11 (1, 4, 287, 264, 0, 48, 0, 22, 3, 4, 0, 156)
12 (1, 4, 241, 50, 0, 0, 59, 25, 3, 4, 0, 44)
13 (1, 4, 0, 0, 0, 0, 161, 57, 3, 4, 0, 116)
14 (1, 4, 0, 0, 480, 0, 133, 2, 4, 4, 0, 228)
15 (1, 4, 0, 0, 512, 163, 0, 0, 4, 4, 0, 133)
16 (1, 4, 0, 0, 0, 423, 0, 0, 4, 4, 0, 43)
17 (1, 4, 0, 698, 0, 180, 0, 0, 3, 4, 0, 13)
18 (1, 4, 0, 487, 0, 74, 0, 8, 3, 3, 0, 59)
19 (1, 4, 41, 512, 0, 22, 0, 21, 3, 3, 0, 221)
20 (1, 4, 15, 273, 0, 2, 18, 28, 3, 4, 0, 29)
21 (1, 4, 0, 131, 0, 0, 53, 33, 3, 4, 0, 198)
22 (1, 4, 0, 18, 0, 0, 88, 50, 3, 3, 0, 252)
23 (1, 4, 0, 0, 0, 0, 115, 86, 3, 4, 0, 48)
24 (1, 4, 0, 0, 41, 0, 142, 135, 3, 4, 0, 216)
25 (1, 4, 0, 0, 360, 0, 142, 142, 3, 3, 0, 201)
26 (1, 4, 0, 0, 0, 0, 95, 46, 3, 4, 0, 194)
27 (1, 4, 0, 0, 198, 0, 46, 33, 3, 4, 0, 171)
28 (1, 4, 76, 0, 598, 0, 0, 9, 3, 4, 0, 200)
29 (1, 4, 0, 0, 329, 224, 0, 0, 4, 4, 0, 69)
30 (1, 4, 0, 158, 0, 170, 0, 0, 4, 5, 0, 215)
31 (1, 4, 144, 297, 0, 36, 0, 0, 4, 4, 0, 27)
32 (1, 4, 204, 247, 0, 0, 11, 9, 3, 4, 0, 251)
1 (1, 4, 0, 13, 0, 0, 140, 101, 3, 4, 0, 247)
2 (1, 4, 0, 0, 310, 0, 77, 80, 3, 3, 0, 31)
3 (1, 4, 48, 0, 577, 7, 0, 0, 3, 3, 0, 202)
4 (1, 4, 0, 0, 121, 259, 0, 0, 3, 3, 0, 126)
5 (1, 4, 19, 299, 0, 186, 0, 0, 3, 3, 0, 174)
6 (1, 4, 233, 337, 0, 90, 0, 0, 3, 3, 0, 22)
7 (1, 4, 181, 380, 0, 48, 0, 0, 3, 3, 0, 211)
8 (1, 4, 211, 344, 0, 38, 0, 0, 3, 3, 0, 20)
9 (1, 4, 173, 296, 0, 21, 0, 10, 3, 3, 0, 162)
10 (1, 4, 96, 209, 0, 6, 24, 28, 3, 3, 0, 55)
11 (1, 4, 10, 137, 0, 0, 51, 35, 3, 3, 0, 202)
12 (1, 4, 0, 115, 0, 0, 81, 60, 3, 3, 0, 150)
13 (1, 4, 0, 123, 0, 0, 150, 141, 3, 3, 0, 68)
14 (1, 4, 0, 0, 352, 0, 158, 147, 3, 3, 0, 99)
15 (1, 4, 0, 0, 566, 0, 107, 107, 2, 3, 0, 120)
16 (1, 4, 0, 0, 873, 0, 0, 0, 0, 1, 0, 223)
17 (1, 4, 122, 0, 873, 0, 0, 80, 0, 0, 0, 224)
18 (1, 4, 185, 176, 489, 34, 0, 37, 0, 0, 0, 205)
19 (1, 4, 0, 35, 19, 62, 0, 82, 0, 0, 0, 43)
20 (1, 4, 0, 24, 0, 56, 0, 104, 0, 0, 0, 68)
21 (1, 4, 0, 39, 0, 53, 0, 90, 0, 0, 0, 6)
22 (1, 4, 0, 0, 0, 41, 0, 80, 0, 0, 0, 230)
23 (1, 4, 0, 0, 0, 54, 0, 74, 0, 1, 0, 95)
24 (1, 4, 0, 0, 0, 62, 0, 62, 1, 1, 0, 135)
25 (1, 4, 0, 25, 0, 54, 0, 64, 1, 1, 0, 9)
26 (1, 4, 0, 0, 64, 85, 0, 88, 1, 1, 0, 177)
27 (1, 4, 0, 0, 0, 109, 0, 90, 1, 1, 0, 21)
28 (1, 4, 0, 13, 0, 111, 0, 90, 1, 1, 0, 247)
29 (1, 4, 72, 70, 0, 98, 0, 95, 1, 1, 0, 215)
30 (1, 4, 139, 93, 0, 82, 0, 89, 1, 1, 0, 129)
31 (1, 4, 177, 42, 0, 69, 0, 69, 1, 1, 0, 14)
32 (1, 4, 117, 0, 0, 51, 0, 53, 1, 1, 0, 8)
1 (1, 4, 0, 0, 0, 31, 23, 48, 1, 1, 0, 186)
2 (1, 4, 0, 0, 0, 0, 54, 61, 1, 1, 0, 220)
3 (1, 4, 0, 0, 205, 0, 53, 49, 1, 1, 0, 180)
4 (1, 4, 0, 0, 521, 8, 0, 51, 1, 1, 0, 9)
5 (1, 4, 158, 0, 873, 85, 0, 0, 1, 1, 0, 93)
6 (1, 4, 0, 72, 0, 202, 0, 0, 2, 2, 0, 226)
7 (1, 4, 0, 207, 0, 108, 0, 24, 2, 2, 0, 222)
8 (1, 4, 331, 184, 0, 23, 0, 0, 2, 2, 0, 62)
9 (1, 4, 192, 58, 0, 0, 4, 11, 1, 2, 0, 68)
10 (1, 4, 0, 0, 0, 0, 128, 71, 1, 2, 0, 168)
11 (1, 4, 98, 0, 337, 0, 65, 56, 2, 2, 0, 136)
12 (1, 4, 112, 100, 873, 0, 0, 0, 2, 2, 0, 147)
13 (1, 4, 0, 72, 429, 130, 0, 0, 2, 2, 0, 235)
14 (1, 4, 0, 177, 99, 199, 0, 6, 2, 2, 0, 44)
15 (1, 4, 464, 361, 0, 96, 0, 3, 2, 2, 0, 234)
16 (1, 4, 407, 157, 0, 73, 0, 0, 2, 2, 0, 63)
17 (1, 4, 479, 119, 0, 60, 0, 0, 2, 2, 0, 240)
18 (1, 4, 449, 221, 0, 40, 0, 0, 2, 2, 0, 210)
19 (1, 4, 197, 177, 0, 4, 0, 0, 2, 2, 0, 173)
20 (1, 4, 44, 157, 0, 0, 0, 8, 2, 2, 0, 181)
21 (1, 4, 127, 281, 0, 0, 13, 26, 2, 2, 0, 193)
22 (1, 4, 0, 345, 0, 0, 158, 141, 2, 2, 0, 198)
23 (1, 4, 135, 0, 319, 0, 196, 161, 2, 2, 0, 239)
24 (1, 4, 15, 0, 697, 0, 125, 67, 1, 1, 0, 37)
25 (1, 4, 22, 0, 873, 0, 0, 54, 0, 0, 0, 206)
26 (1, 4, 0, 82, 53, 80, 0, 44, 0, 0, 0, 166)
27 (1, 4, 41, 84, 74, 66, 0, 57, 0, 1, 0, 80)
28 (1, 4, 31, 92, 80, 69, 0, 55, 0, 0, 0, 28)
29 (1, 4, 30, 83, 111, 60, 0, 66, 0, 1, 0, 161)
30 (1, 4, 0, 59, 87, 56, 0, 56, 0, 1, 0, 194)
31 (1, 4, 0, 9, 0, 67, 0, 35, 1, 1, 0, 66)
32 (1, 4, 0, 0, 0, 55, 0, 27, 1, 1, 0, 107)
1 (1, 4, 0, 0, 0, 57, 0, 36, 1, 1, 0, 90)
2 (1, 4, 0, 0, 0, 56, 31, 40, 1, 2, 0, 75)
3 (1, 4, 0, 0, 210, 8, 82, 75, 1, 2, 0, 204)
4 (1, 4, 36, 0, 832, 0, 7, 40, 3, 3, 0, 165)
5 (1, 4, 282, 202, 809, 15, 0, 2, 4, 4, 0, 165)
6 (1, 4, 0, 105, 228, 59, 0, 0, 5, 5, 0, 121)
7 (1, 4, 42, 120, 0, 130, 0, 0, 5, 5, 0, 248)
8 (1, 4, 116, 236, 0, 49, 0, 0, 4, 5, 0, 143)
9 (1, 4, 73, 222, 0, 12, 0, 0, 4, 5, 0, 165)
10 (1, 4, 87, 172, 0, 0, 0, 0, 4, 5, 0, 216)
11 (1, 4, 7, 44, 0, 0, 43, 43, 4, 5, 0, 218)
12 (1, 4, 0, 0, 9, 0, 156, 140, 4, 5, 0, 159)
13 (1, 4, 191, 0, 570, 0, 53, 60, 4, 4, 0, 101)
14 (1, 4, 0, 0, 844, 111, 0, 0, 4, 5, 0, 86)
15 (1, 4, 0, 101, 143, 295, 0, 0, 5, 5, 0, 9)
16 (1, 4, 314, 458, 0, 123, 0, 0, 5, 5, 0, 177)
17 (1, 4, 310, 332, 0, 58, 0, 0, 4, 5, 0, 231)
18 (1, 4, 515, 418, 0, 17, 0, 0, 4, 4, 0, 239)
19 (1, 4, 389, 277, 0, 12, 0, 0, 4, 4, 0, 20)
20 (1, 4, 441, 206, 0, 0, 2, 4, 4, 4, 0, 21)
21 (1, 4, 305, 136, 0, 0, 32, 14, 4, 4, 0, 232)
22 (1, 4, 132, 133, 0, 0, 122, 73, 4, 4, 0, 200)
23 (1, 4, 155, 0, 25, 0, 238, 163, 3, 5, 0, 102)
24 (1, 4, 25, 0, 873, 0, 247, 43, 2, 3, 0, 176)
25 (1, 4, 0, 207, 873, 0, 0, 0, 0, 0, 0, 135)
26 (1, 4, 0, 0, 873, 0, 0, 0, 4, 4, 0, 144)
27 (1, 4, 0, 219, 550, 180, 0, 0, 3, 4, 0, 1)
28 (1, 4, 0, 0, 0, 222, 0, 58, 3, 4, 0, 103)
29 (1, 4, 0, 114, 0, 69, 0, 50, 3, 3, 0, 85)
30 (1, 4, 93, 91, 0, 0, 0, 41, 3, 3, 0, 87)
31 (1, 4, 119, 0, 0, 0, 72, 46, 3, 3, 0, 189)
32 (1, 4, 0, 0, 106, 0, 154, 91, 3, 3, 0, 107)
1 (1, 4, 44, 0, 841, 0, 81, 24, 4, 4, 0, 62)
2 (1, 4, 0, 119, 792, 35, 0, 17, 3, 3, 0, 167)
3 (1, 4, 263, 361, 306, 177, 0, 46, 3, 3, 0, 55)
4 (1, 4, 240, 0, 0, 63, 0, 83, 3, 3, 0, 149)
5 (1, 4, 261, 14, 0, 40, 0, 1, 3, 3, 0, 155)
6 (1, 4, 284, 47, 0, 24, 0, 0, 3, 3, 0, 179)
7 (1, 4, 410, 131, 0, 4, 0, 0, 3, 3, 0, 91)
8 (1, 4, 268, 115, 0, 0, 0, 6, 3, 3, 0, 27)
9 (1, 4, 192, 75, 0, 0, 10, 19, 3, 3, 0, 151)
10 (1, 4, 100, 115, 0, 0, 56, 31, 3, 3, 0, 136)
11 (1, 4, 0, 136, 0, 0, 135, 104, 3, 3, 0, 133)
12 (1, 4, 58, 0, 174, 0, 205, 162, 2, 3, 0, 105)
13 (1, 4, 0, 0, 800, 0, 191, 43, 1, 1, 0, 86)
14 (1, 4, 0, 0, 873, 0, 0, 87, 0, 0, 0, 49)
15 (1, 4, 37, 0, 873, 0, 0, 0, 0, 0, 0, 69)
16 (1, 4, 38, 0, 228, 33, 0, 13, 0, 0, 0, 129)
17 (1, 4, 72, 0, 59, 72, 0, 69, 0, 0, 0, 195)
18 (1, 4, 0, 43, 0, 77, 0, 75, 0, 0, 0, 80)
19 (1, 4, 0, 47, 22, 77, 0, 96, 0, 0, 0, 169)
20 (1, 4, 6, 37, 84, 66, 0, 90, 0, 0, 0, 3)
21 (1, 4, 0, 29, 58, 54, 0, 87, 0, 0, 0, 8)
22 (1, 4, 0, 30, 71, 59, 0, 93, 0, 0, 0, 20)
23 (1, 4, 0, 27, 70, 59, 0, 93, 0, 1, 0, 132)
24 (1, 4, 30, 10, 60, 58, 0, 95, 0, 1, 0, 171)
25 (1, 4, 38, 12, 46, 56, 0, 93, 0, 1, 0, 156)
26 (1, 4, 16, 27, 7, 56, 0, 84, 0, 1, 0, 31)
27 (1, 4, 1, 33, 10, 54, 0, 89, 0, 1, 0, 0)
28 (1, 4, 2, 17, 2, 58, 0, 83, 0, 1, 0, 218)
29 (1, 4, 0, 46, 11, 61, 0, 82, 0, 1, 0, 126)
30 (1, 4, 4, 78, 17, 57, 0, 81, 0, 1, 0, 241)
31 (1, 4, 0, 99, 0, 50, 0, 77, 1, 1, 0, 203)
32 (1, 4, 26, 28, 0, 36, 0, 35, 1, 1, 0, 161)
1 (1, 4, 0, 121, 0, 57, 0, 71, 1, 1, 0, 254)
2 (1, 4, 0, 131, 0, 50, 0, 106, 1, 1, 0, 57)
3 (1, 4, 40, 146, 0, 16, 0, 120, 2, 2, 0, 252)
4 (1, 4, 85, 65, 0, 0, 0, 109, 2, 3, 0, 202)
5 (1, 4, 0, 0, 0, 0, 55, 88, 3, 3, 0, 249)
6 (1, 4, 0, 0, 0, 0, 147, 81, 4, 4, 0, 41)
7 (1, 4, 0, 0, 77, 0, 161, 15, 4, 5, 0, 5)
8 (1, 4, 0, 0, 873, 0, 0, 0, 4, 4, 0, 144)
9 (1, 4, 0, 166, 873, 88, 0, 0, 4, 4, 0, 62)
10 (1, 4, 0, 326, 97, 285, 0, 0, 4, 4, 0, 30)
11 (1, 4, 52, 404, 0, 80, 0, 35, 4, 4, 0, 255)
12 (1, 4, 145, 266, 0, 0, 0, 9, 3, 4, 0, 134)
13 (1, 4, 208, 92, 0, 0, 0, 15, 3, 4, 0, 125)
14 (1, 4, 191, 0, 0, 0, 142, 45, 3, 3, 0, 8)
15 (1, 4, 88, 0, 295, 0, 183, 24, 3, 3, 0, 215)
16 (1, 4, 0, 0, 873, 0, 9, 0, 3, 4, 0, 1)
17 (1, 4, 0, 206, 692, 0, 0, 0, 4, 4, 0, 72)
18 (1, 4, 0, 194, 721, 202, 0, 0, 3, 3, 0, 111)
19 (1, 4, 57, 574, 250, 116, 0, 87, 3, 4, 0, 106)
20 (1, 4, 473, 72, 0, 57, 0, 66, 3, 3, 0, 80)
21 (1, 4, 688, 84, 0, 46, 0, 0, 3, 3, 0, 56)
22 (1, 4, 798, 29, 0, 4, 0, 0, 3, 3, 0, 22)
23 (1, 4, 607, 0, 0, 0, 0, 0, 3, 3, 0, 82)
24 (1, 4, 348, 0, 0, 0, 10, 0, 3, 3, 0, 117)
25 (1, 4, 138, 0, 0, 14, 69, 4, 3, 3, 0, 83)
26 (1, 4, 0, 40, 0, 82, 0, 0, 4, 4, 0, 55)
27 (1, 4, 299, 287, 0, 0, 0, 0, 3, 4, 0, 225)
28 (1, 4, 232, 334, 0, 0, 0, 0, 3, 4, 0, 58)
29 (1, 4, 191, 174, 0, 0, 41, 19, 3, 5, 0, 183)
30 (1, 4, 0, 0, 0, 0, 144, 79, 3, 4, 0, 126)
31 (1, 4, 0, 0, 372, 0, 46, 70, 3, 4, 0, 94)
32 (1, 4, 9, 0, 703, 0, 8, 20, 3, 4, 0, 249)
1 (1, 4, 224, 0, 873, 49, 0, 0, 3, 3, 0, 245)
2 (1, 4, 0, 0, 119, 143, 0, 0, 4, 5, 0, 166)
3 (1, 4, 259, 547, 0, 94, 0, 0, 4, 4, 0, 5)
4 (1, 4, 278, 347, 0, 34, 0, 0, 4, 5, 0, 76)
5 (1, 4, 439, 266, 0, 0, 0, 0, 3, 4, 0, 82)
6 (1, 4, 572, 221, 0, 0, 0, 0, 4, 4, 0, 14)
7 (1, 4, 459, 173, 0, 0, 0, 0, 4, 5, 0, 210)
8 (1, 4, 205, 94, 0, 0, 43, 1, 4, 4, 0, 254)
9 (1, 4, 87, 17, 0, 0, 120, 46, 4, 4, 0, 25)
10 (1, 4, 103, 0, 0, 0, 208, 111, 3, 4, 0, 161)
11 (1, 4, 120, 0, 816, 0, 256, 63, 3, 4, 0, 83)
12 (1, 4, 0, 108, 873, 0, 0, 5, 0, 1, 0, 93)
13 (1, 4, 0, 386, 873, 0, 0, 167, 0, 0, 0, 5)
14 (1, 4, 79, 167, 137, 0, 0, 53, 0, 0, 0, 109)
15 (1, 4, 3, 0, 0, 63, 0, 90, 0, 0, 0, 18)
16 (1, 4, 0, 0, 0, 70, 0, 93, 0, 0, 0, 63)
17 (1, 4, 82, 0, 36, 74, 0, 69, 0, 0, 0, 87)
18 (1, 4, 20, 27, 28, 66, 0, 68, 0, 0, 0, 234)
19 (1, 4, 0, 42, 0, 59, 0, 71, 0, 0, 0, 243)
20 (1, 4, 21, 22, 1, 58, 0, 76, 0, 0, 0, 232)
21 (1, 4, 24, 14, 0, 58, 0, 75, 0, 0, 0, 251)
22 (1, 4, 7, 5, 0, 57, 0, 77, 0, 0, 0, 199)
23 (1, 4, 0, 0, 0, 58, 0, 76, 0, 0, 0, 124)
24 (1, 4, 0, 0, 0, 59, 0, 73, 0, 0, 0, 201)
25 (1, 4, 4, 0, 0, 60, 0, 74, 0, 0, 0, 202)
26 (1, 4, 0, 0, 873, 0, 0, 0, 4, 5, 0, 251)
27 (1, 4, 0, 61, 508, 148, 0, 0, 3, 5, 0, 117)
28 (1, 4, 0, 0, 0, 213, 0, 33, 3, 4, 0, 225)
29 (1, 4, 200, 81, 0, 50, 0, 0, 3, 4, 0, 232)
30 (1, 4, 212, 2, 0, 0, 0, 0, 3, 4, 0, 90)
31 (1, 4, 118, 0, 0, 0, 101, 31, 3, 4, 0, 94)
32 (1, 4, 79, 0, 221, 0, 145, 59, 3, 3, 0, 131)
1 (1, 4, 0, 84, 873, 0, 35, 0, 3, 4, 0, 7)
2 (1, 4, 173, 178, 675, 204, 0, 0, 5, 5, 0, 250)
3 (1, 4, 0, 447, 0, 171, 0, 40, 3, 4, 0, 83)
4 (1, 4, 647, 398, 0, 35, 0, 0, 3, 4, 0, 96)
5 (1, 4, 652, 264, 0, 0, 0, 0, 3, 3, 0, 106)
6 (1, 4, 746, 166, 0, 0, 0, 0, 3, 3, 0, 34)
7 (1, 4, 500, 79, 0, 0, 49, 0, 3, 3, 0, 39)
8 (1, 4, 152, 21, 0, 0, 81, 5, 3, 3, 0, 162)
9 (1, 4, 0, 39, 0, 0, 75, 19, 3, 3, 0, 64)
10 (1, 4, 0, 231, 0, 0, 159, 136, 2, 3, 0, 61)
11 (1, 4, 206, 0, 401, 0, 203, 138, 2, 3, 0, 53)
12 (1, 4, 84, 0, 873, 0, 186, 26, 2, 2, 0, 248)
13 (1, 4, 0, 81, 873, 0, 0, 0, 0, 0, 0, 227)
14 (1, 4, 0, 0, 873, 0, 0, 117, 0, 0, 0, 41)
15 (1, 4, 391, 259, 490, 0, 0, 67, 0, 0, 0, 103)
16 (1, 4, 0, 0, 0, 82, 0, 72, 0, 0, 0, 205)
17 (1, 4, 0, 0, 0, 48, 0, 106, 0, 0, 0, 215)
18 (1, 4, 48, 0, 0, 54, 0, 72, 0, 0, 0, 170)
19 (1, 4, 0, 0, 0, 51, 0, 78, 0, 0, 0, 34)
20 (1, 4, 50, 0, 0, 46, 0, 70, 0, 0, 0, 159)
21 (1, 4, 0, 0, 0, 52, 0, 68, 0, 0, 0, 44)
22 (1, 4, 25, 0, 1, 54, 0, 69, 0, 0, 0, 199)
23 (1, 4, 9, 0, 1, 53, 0, 68, 0, 0, 0, 217)
24 (1, 4, 20, 0, 4, 60, 0, 61, 0, 0, 0, 80)
25 (1, 4, 0, 0, 0, 59, 0, 62, 0, 0, 0, 237)
26 (1, 4, 10, 13, 0, 57, 0, 70, 0, 0, 0, 190)
27 (1, 4, 0, 0, 0, 57, 0, 63, 0, 0, 0, 12)
28 (1, 4, 0, 0, 0, 51, 0, 56, 0, 0, 0, 217)
29 (1, 4, 0, 0, 0, 56, 0, 10, 0, 0, 0, 203)
30 (1, 4, 0, 73, 0, 38, 0, 7, 0, 0, 0, 67)
31 (1, 4, 0, 304, 0, 0, 0, 26, 1, 1, 0, 177)
32 (1, 4, 197, 408, 0, 0, 13, 25, 2, 2, 0, 77)
1 (1, 4, 0, 69, 0, 0, 136, 64, 3, 4, 0, 47)
2 (1, 4, 0, 0, 178, 0, 161, 68, 3, 5, 0, 55)
3 (1, 4, 0, 0, 873, 0, 75, 32, 4, 5, 0, 10)
4 (1, 4, 0, 13, 873, 9, 0, 28, 4, 5, 0, 140)
5 (1, 4, 0, 0, 0, 273, 0, 0, 4, 5, 0, 177)
6 (1, 4, 24, 123, 0, 117, 0, 28, 4, 4, 0, 101)
7 (1, 4, 241, 134, 0, 3, 0, 22, 3, 4, 0, 78)
8 (1, 4, 344, 0, 0, 0, 43, 10, 3, 4, 0, 124)
9 (1, 4, 0, 0, 0, 0, 143, 42, 3, 4, 0, 28)
10 (1, 4, 0, 0, 661, 0, 119, 24, 4, 4, 0, 103)
11 (1, 4, 0, 355, 873, 0, 0, 44, 3, 4, 0, 251)
12 (1, 4, 0, 74, 510, 164, 0, 0, 4, 4, 0, 36)
13 (1, 4, 354, 311, 31, 173, 0, 31, 5, 4, 0, 255)
14 (1, 4, 437, 75, 0, 55, 0, 0, 4, 4, 0, 247)
15 (1, 4, 578, 172, 0, 0, 0, 0, 3, 4, 0, 72)
16 (1, 4, 667, 149, 0, 0, 0, 0, 3, 3, 0, 249)
17 (1, 4, 519, 88, 0, 0, 8, 0, 3, 3, 0, 219)
18 (1, 4, 112, 93, 0, 0, 81, 15, 3, 3, 0, 234)
19 (1, 4, 0, 185, 0, 0, 262, 218, 3, 4, 0, 154)
20 (1, 4, 194, 0, 387, 0, 162, 212, 2, 4, 0, 36)
21 (1, 4, 0, 0, 873, 0, 10, 8, 0, 0, 0, 109)
22 (1, 4, 0, 0, 854, 0, 0, 51, 0, 0, 0, 120)
23 (1, 4, 0, 0, 35, 56, 0, 0, 0, 0, 0, 221)
24 (1, 4, 214, 10, 0, 118, 0, 48, 0, 0, 0, 3)
25 (1, 4, 0, 44, 0, 82, 0, 68, 0, 0, 0, 249)

2 (1, 4, 0, 26, 0, 61, 18, 111, 1, 1, 0, 39)
3 (1, 4, 0, 0, 0, 56, 0, 154, 1, 1, 0, 155)
4 (1, 4, 0, 0, 0, 67, 0, 151, 1, 1, 0, 201)
5 (1, 4, 180, 0, 0, 55, 0, 100, 2, 2, 0, 180)
6 (1, 4, 35, 0, 0, 36, 6, 69, 3, 3, 0, 219)
7 (1, 4, 4, 0, 0, 34, 35, 52, 4, 3, 0, 34)
8 (1, 4, 0, 0, 0, 28, 59, 40, 4, 4, 0, 160)
9 (1, 4, 0, 0, 236, 26, 63, 15, 4, 5, 0, 206)
10 (1, 4, 0, 0, 399, 24, 31, 26, 4, 5, 0, 103)
11 (1, 4, 0, 99, 476, 79, 0, 97, 4, 5, 0, 41)
12 (1, 4, 0, 148, 77, 201, 0, 184, 4, 5, 0, 139)
13 (1, 4, 122, 0, 0, 132, 0, 137, 4, 5, 0, 157)
14 (1, 4, 168, 0, 0, 23, 0, 55, 4, 5, 0, 88)
15 (1, 4, 103, 0, 0, 0, 25, 23, 4, 5, 0, 168)
16 (1, 4, 28, 0, 0, 0, 108, 16, 4, 5, 0, 127)
17 (1, 4, 32, 0, 409, 0, 232, 18, 4, 5, 0, 133)
18 (1, 4, 0, 81, 691, 60, 0, 17, 4, 4, 0, 234)
19 (1, 4, 86, 201, 272, 296, 0, 66, 4, 4, 0, 52)
20 (1, 4, 47, 72, 0, 154, 0, 113, 4, 4, 0, 131)
21 (1, 4, 212, 82, 0, 85, 0, 85, 4, 5, 0, 135)
22 (1, 4, 253, 68, 0, 73, 0, 53, 4, 5, 0, 127)
23 (1, 4, 161, 0, 0, 50, 0, 28, 4, 4, 0, 234)
24 (1, 4, 231, 60, 0, 31, 0, 3, 4, 4, 0, 213)
25 (1, 4, 208, 41, 0, 12, 15, 19, 4, 4, 0, 122)
26 (1, 4, 165, 34, 0, 0, 58, 30, 4, 4, 0, 95)
27 (1, 4, 181, 48, 0, 0, 113, 58, 4, 4, 0, 55)
28 (1, 4, 76, 0, 0, 0, 210, 78, 4, 5, 0, 202)
29 (1, 4, 69, 0, 248, 0, 208, 56, 4, 4, 0, 225)
30 (1, 4, 99, 0, 721, 0, 193, 6, 4, 4, 0, 198)
31 (1, 4, 0, 231, 873, 0, 29, 0, 1, 2, 0, 156)
32 (1, 4, 0, 517, 873, 0, 0, 0, 0, 0, 0, 22)
1 (1, 4, 478, 477, 677, 0, 0, 100, 0, 0, 0, 96)
2 (1, 4, 7, 0, 0, 46, 0, 108, 0, 0, 0, 124)
3 (1, 4, 0, 0, 0, 37, 0, 95, 0, 0, 0, 155)
4 (1, 4, 8, 0, 0, 21, 0, 84, 0, 0, 0, 121)
5 (1, 4, 4, 0, 0, 25, 0, 66, 1, 1, 0, 163)
6 (1, 4, 27, 0, 0, 12, 0, 52, 2, 2, 0, 109)
7 (1, 4, 0, 0, 0, 22, 20, 41, 2, 2, 0, 43)
8 (1, 4, 0, 0, 0, 42, 64, 36, 3, 3, 0, 132)
9 (1, 4, 0, 0, 58, 33, 115, 47, 4, 4, 0, 255)
10 (1, 4, 0, 24, 523, 0, 115, 40, 4, 5, 0, 12)
11 (1, 4, 0, 63, 761, 3, 0, 75, 4, 4, 0, 185)
12 (1, 4, 0, 23, 439, 170, 0, 90, 4, 4, 0, 182)
13 (1, 4, 0, 0, 0, 236, 0, 88, 4, 4, 0, 51)
14 (1, 4, 130, 0, 0, 83, 0, 37, 4, 4, 0, 91)
15 (1, 4, 174, 0, 0, 0, 0, 6, 4, 4, 0, 16)
16 (1, 4, 168, 0, 0, 0, 113, 2, 4, 5, 0, 193)
17 (1, 4, 101, 0, 365, 0, 229, 0, 4, 4, 0, 181)
18 (1, 4, 0, 224, 718, 0, 0, 58, 4, 4, 0, 70)
19 (1, 4, 0, 85, 241, 303, 0, 90, 4, 4, 0, 41)
20 (1, 4, 24, 73, 0, 165, 0, 90, 4, 4, 0, 173)
21 (1, 4, 157, 140, 0, 89, 0, 50, 4, 4, 0, 143)
22 (1, 4, 274, 202, 0, 51, 0, 24, 4, 4, 0, 254)
23 (1, 4, 382, 177, 0, 10, 0, 16, 4, 4, 0, 160)
24 (1, 4, 379, 100, 0, 0, 0, 10, 4, 4, 0, 92)
25 (1, 4, 222, 0, 0, 0, 48, 27, 4, 4, 0, 165)
26 (1, 4, 162, 0, 0, 0, 91, 40, 4, 4, 0, 10)
27 (1, 4, 114, 0, 0, 0, 154, 58, 4, 4, 0, 75)
28 (1, 4, 114, 0, 164, 0, 200, 61, 4, 4, 0, 100)
29 (1, 4, 2, 0, 628, 0, 195, 28, 4, 4, 0, 49)
30 (1, 4, 0, 143, 873, 0, 29, 5, 3, 3, 0, 107)
31 (1, 4, 0, 582, 873, 0, 0, 0, 0, 0, 0, 77)
32 (1, 4, 367, 5, 430, 0, 0, 38, 0, 0, 0, 245)
1 (1, 4, 261, 0, 132, 46, 0, 81, 0, 0, 0, 255)
2 (1, 4, 38, 14, 0, 31, 0, 75, 2, 2, 0, 16)
3 (1, 4, 125, 0, 0, 0, 21, 80, 3, 4, 0, 18)
4 (1, 4, 176, 0, 0, 61, 125, 7, 20, 20, 0, 167)
5 (1, 4, 0, 3, 563, 4, 102, 8, 20, 20, 0, 2)
6 (1, 4, 0, 0, 747, 5, 0, 36, 8, 11, 0, 117)
7 (1, 4, 0, 80, 527, 172, 0, 42, 3, 4, 0, 64)
8 (1, 4, 20, 191, 88, 234, 0, 62, 3, 3, 0, 149)
9 (1, 4, 125, 83, 0, 106, 0, 66, 3, 3, 0, 177)
10 (1, 4, 127, 9, 0, 35, 0, 40, 3, 3, 0, 20)
11 (1, 4, 173, 0, 0, 21, 0, 9, 3, 3, 0, 80)
12 (1, 4, 156, 82, 0, 13, 54, 4, 3, 3, 0, 32)
13 (1, 4, 0, 197, 77, 0, 117, 10, 3, 3, 0, 94)
14 (1, 4, 0, 183, 614, 0, 60, 19, 3, 3, 0, 20)
15 (1, 4, 0, 0, 456, 13, 0, 98, 3, 3, 0, 72)
16 (1, 4, 0, 0, 0, 293, 0, 12, 3, 3, 0, 24)
17 (1, 4, 141, 54, 0, 132, 0, 69, 3, 3, 0, 28)
18 (1, 4, 287, 116, 0, 65, 0, 24, 3, 3, 0, 212)
19 (1, 4, 257, 86, 0, 21, 0, 6, 3, 3, 0, 100)
20 (1, 4, 275, 121, 0, 0, 0, 6, 3, 3, 0, 127)
21 (1, 4, 168, 62, 0, 0, 58, 11, 3, 3, 0, 87)
22 (1, 4, 50, 5, 0, 0, 101, 41, 3, 3, 0, 40)
23 (1, 4, 163, 16, 0, 0, 177, 63, 3, 3, 0, 138)
24 (1, 4, 62, 0, 415, 0, 198, 31, 2, 3, 0, 235)
25 (1, 4, 0, 200, 873, 0, 74, 0, 2, 2, 0, 190)
26 (1, 4, 0, 481, 873, 0, 0, 4, 0, 1, 0, 186)
27 (1, 4, 0, 170, 672, 0, 0, 213, 0, 0, 0, 96)
28 (1, 4, 439, 213, 724, 0, 0, 62, 0, 0, 0, 45)
29 (1, 4, 0, 0, 0, 37, 0, 95, 0, 0, 0, 155)
30 (1, 4, 0, 0, 0, 43, 0, 103, 0, 0, 0, 185)
31 (1, 4, 101, 8, 0, 38, 0, 91, 0, 0, 0, 4)

