0 (1, 4, 0, 4, 0, 48, 0, 0, 3, 1, 0, 119)
1 (1, 4, 0, 0, 0, 48, 0, 0, 2, 1, 0, 207)
2 (1, 4, 0, 0, 0, 49, 0, 0, 1, 1, 0, 118)
3 (1, 4, 0, 0, 0, 49, 0, 0, 3, 1, 0, 178)
4 (1, 4, 0, 0, 0, 47, 0, 0, 1, 1, 0, 59)
5 (1, 4, 0, 0, 0, 43, 0, 0, 1, 1, 0, 71)
6 (1, 4, 117, 76, 0, 42, 0, 0, 2, 1, 0, 140)
7 (1, 4, 243, 244, 0, 43, 0, 0, 1, 1, 0, 21)
8 (1, 4, 268, 274, 21, 45, 0, 0, 1, 1, 0, 19)
9 (1, 4, 173, 306, 39, 47, 0, 0, 1, 1, 0, 159)
10 (1, 4, 194, 183, 42, 53, 0, 0, 2, 1, 0, 225)
11 (1, 4, 203, 55, 18, 59, 0, 0, 4, 20, 0, 48)
12 (1, 4, 32, 20, 34, 66, 0, 0, 20, 13, 0, 20)
13 (1, 4, 6, 0, 11, 70, 0, 0, 20, 20, 0, 126)
14 (1, 4, 0, 0, 0, 75, 0, 0, 1, 1, 0, 123)
15 (1, 4, 0, 0, 0, 72, 0, 0, 0, 0, 0, 83)
16 (1, 4, 0, 0, 2, 78, 0, 0, 1, 1, 0, 55)
17 (1, 4, 0, 0, 0, 85, 0, 0, 1, 1, 0, 54)
18 (1, 4, 0, 0, 0, 85, 0, 0, 5, 4, 0, 121)
19 (1, 4, 0, 0, 0, 83, 0, 0, 2, 2, 0, 111)
20 (1, 4, 0, 0, 0, 79, 0, 0, 2, 2, 0, 28)
21 (1, 4, 0, 0, 0, 72, 0, 0, 2, 2, 0, 65)
22 (1, 4, 26, 0, 0, 73, 0, 0, 3, 2, 0, 176)
23 (1, 4, 10, 0, 0, 68, 0, 0, 7, 6, 0, 239)
24 (1, 4, 40, 5, 9, 62, 0, 0, 3, 3, 0, 49)
25 (1, 4, 52, 4, 14, 60, 0, 0, 6, 5, 0, 103)
26 (1, 4, 58, 5, 18, 59, 0, 0, 2, 2, 0, 223)
27 (1, 4, 72, 5, 24, 58, 0, 0, 5, 5, 0, 222)
28 (1, 4, 85, 0, 29, 59, 0, 0, 5, 4, 0, 169)
29 (1, 4, 105, 1, 41, 59, 0, 0, 5, 4, 0, 172)
30 (1, 4, 76, 25, 41, 63, 0, 0, 3, 3, 0, 174)
31 (1, 4, 32, 60, 28, 60, 0, 0, 4, 3, 0, 70)
0 (1, 4, 0, 0, 0, 47, 0, 0, 1, 1, 0, 59)
1 (1, 4, 5, 0, 0, 45, 0, 0, 1, 1, 0, 51)
2 (1, 4, 41, 0, 0, 41, 0, 0, 1, 0, 0, 171)
3 (1, 4, 235, 0, 0, 41, 0, 0, 1, 1, 0, 64)
4 (1, 4, 203, 0, 5, 44, 0, 0, 1, 0, 0, 69)
5 (1, 4, 201, 39, 36, 38, 0, 0, 1, 0, 0, 53)
6 (1, 4, 338, 52, 69, 36, 0, 0, 1, 0, 0, 182)
7 (1, 4, 445, 109, 123, 35, 0, 0, 1, 0, 0, 66)
8 (1, 4, 550, 116, 135, 33, 0, 0, 1, 0, 0, 227)
9 (1, 4, 722, 156, 96, 26, 0, 8, 1, 0, 0, 175)
10 (1, 4, 873, 89, 82, 18, 0, 35, 1, 0, 0, 107)
11 (1, 4, 873, 105, 0, 19, 0, 48, 1, 0, 0, 201)
12 (1, 4, 490, 24, 0, 12, 60, 77, 1, 1, 0, 187)
13 (1, 4, 43, 58, 0, 8, 50, 104, 1, 1, 0, 35)
14 (1, 4, 145, 2, 0, 9, 46, 100, 1, 1, 0, 74)
15 (1, 4, 27, 0, 0, 10, 54, 92, 1, 1, 0, 163)
16 (1, 4, 0, 0, 21, 9, 27, 95, 1, 0, 0, 238)
17 (1, 4, 30, 0, 10, 8, 25, 92, 1, 1, 0, 156)
18 (1, 4, 0, 18, 8, 12, 24, 92, 1, 0, 0, 101)
19 (1, 4, 20, 41, 11, 7, 23, 96, 1, 1, 0, 56)
20 (1, 4, 2, 25, 8, 9, 29, 91, 1, 0, 0, 248)
21 (1, 4, 14, 43, 26, 8, 30, 93, 1, 1, 0, 29)
22 (1, 4, 17, 0, 0, 8, 37, 90, 1, 0, 0, 88)
23 (1, 4, 1, 14, 0, 7, 34, 92, 1, 0, 0, 189)
24 (1, 4, 0, 21, 0, 6, 37, 90, 1, 1, 0, 105)
25 (1, 4, 0, 27, 3, 2, 31, 95, 1, 1, 0, 187)
26 (1, 4, 0, 20, 14, 0, 28, 95, 1, 1, 0, 201)
27 (1, 4, 0, 19, 3, 0, 29, 93, 1, 1, 0, 125)
28 (1, 4, 0, 24, 0, 0, 17, 107, 1, 1, 0, 49)
29 (1, 4, 0, 77, 0, 0, 0, 138, 1, 1, 0, 241)
30 (1, 4, 0, 0, 0, 0, 0, 131, 1, 0, 0, 240)
31 (1, 4, 0, 0, 0, 0, 0, 88, 1, 1, 0, 11)
GLOVE DISCONNECTED
GLOVE CONNECTED
0 (1, 4, 121, 31, 85, 40, 0, 0, 0, 0, 0, 33)
1 (1, 4, 111, 45, 95, 45, 0, 0, 0, 0, 0, 219)
2 (1, 4, 65, 66, 76, 45, 0, 0, 0, 0, 0, 124)
3 (1, 4, 13, 71, 44, 40, 0, 0, 0, 0, 0, 180)
4 (1, 4, 128, 22, 100, 26, 0, 0, 0, 0, 0, 215)
5 (1, 4, 225, 0, 177, 22, 0, 0, 0, 0, 0, 122)
6 (1, 4, 0, 74, 128, 29, 0, 0, 1, 1, 0, 183)
7 (1, 4, 0, 201, 21, 29, 0, 0, 3, 3, 0, 56)
8 (1, 4, 0, 11, 9, 57, 0, 0, 1, 1, 0, 205)
9 (1, 4, 48, 0, 69, 71, 0, 0, 1, 0, 0, 130)
10 (1, 4, 32, 0, 39, 78, 0, 0, 0, 0, 0, 205)
11 (1, 4, 0, 0, 0, 63, 0, 0, 2, 1, 0, 106)
12 (1, 4, 0, 0, 0, 67, 0, 0, 2, 2, 0, 152)
13 (1, 4, 130, 623, 154, 24, 0, 0, 2, 1, 0, 247)
14 (1, 4, 348, 658, 95, 19, 0, 0, 3, 3, 0, 141)
15 (1, 4, 378, 632, 42, 22, 0, 0, 6, 8, 0, 34)
16 (1, 4, 93, 559, 0, 23, 0, 25, 1, 0, 0, 193)
17 (1, 4, 9, 369, 0, 32, 0, 60, 0, 0, 0, 116)
18 (1, 4, 0, 320, 40, 31, 0, 77, 1, 1, 0, 4)
19 (1, 4, 46, 235, 99, 29, 0, 102, 2, 1, 0, 147)
20 (1, 4, 68, 133, 91, 25, 0, 115, 6, 5, 0, 232)
21 (1, 4, 0, 31, 8, 36, 0, 87, 3, 4, 0, 15)
22 (1, 4, 0, 0, 0, 37, 0, 76, 3, 2, 0, 94)
23 (1, 4, 0, 0, 0, 44, 0, 69, 3, 3, 0, 231)
24 (1, 4, 0, 15, 21, 43, 0, 76, 2, 1, 0, 63)
25 (1, 4, 4, 0, 7, 40, 0, 83, 2, 1, 0, 237)
26 (1, 4, 0, 6, 0, 42, 0, 77, 2, 1, 0, 76)
27 (1, 4, 0, 0, 0, 40, 0, 81, 2, 1, 0, 137)
28 (1, 4, 0, 0, 0, 41, 0, 79, 1, 1, 0, 197)
29 (1, 4, 0, 0, 0, 46, 0, 78, 1, 1, 0, 71)
0 (1, 4, 0, 15, 0, 44, 0, 72, 2, 2, 0, 31)
1 (1, 4, 0, 14, 0, 45, 0, 72, 2, 2, 0, 181)
2 (1, 4, 0, 3, 0, 44, 0, 72, 2, 2, 0, 118)
3 (1, 4, 0, 3, 0, 45, 0, 73, 1, 1, 0, 173)
4 (1, 4, 0, 3, 0, 41, 0, 76, 1, 1, 0, 123)
5 (1, 4, 25, 0, 0, 22, 0, 108, 1, 1, 0, 39)
6 (1, 4, 45, 0, 0, 0, 0, 144, 1, 1, 0, 175)
7 (1, 4, 60, 0, 0, 0, 0, 129, 2, 1, 0, 235)
8 (1, 4, 0, 0, 0, 0, 0, 69, 1, 1, 0, 152)
9 (1, 4, 0, 0, 0, 0, 0, 6, 2, 2, 0, 160)
10 (1, 4, 0, 0, 0, 0, 0, 0, 20, 20, 0, 202)
11 (1, 4, 51, 0, 0, 0, 51, 0, 4, 3, 0, 122)
12 (1, 4, 34, 0, 7, 0, 0, 0, 1, 1, 0, 73)
13 (1, 4, 0, 0, 0, 78, 25, 0, 2, 1, 0, 131)
14 (1, 4, 14, 0, 15, 62, 0, 0, 1, 1, 0, 222)
15 (1, 4, 0, 0, 17, 53, 0, 0, 1, 1, 0, 225)
16 (1, 4, 15, 12, 0, 36, 0, 0, 1, 1, 0, 209)
17 (1, 4, 0, 33, 0, 30, 0, 0, 1, 0, 0, 38)
18 (1, 4, 0, 9, 0, 27, 0, 0, 1, 0, 0, 52)
19 (1, 4, 0, 2, 0, 28, 0, 0, 1, 0, 0, 2)
20 (1, 4, 0, 5, 0, 34, 0, 0, 1, 0, 0, 164)
21 (1, 4, 0, 26, 0, 39, 0, 0, 1, 1, 0, 124)
22 (1, 4, 0, 56, 0, 45, 0, 0, 1, 1, 0, 21)
23 (1, 4, 0, 152, 0, 54, 0, 0, 1, 1, 0, 248)
24 (1, 4, 0, 308, 0, 58, 16, 0, 2, 1, 0, 16)
25 (1, 4, 12, 412, 91, 48, 0, 0, 0, 0, 0, 71)
26 (1, 4, 42, 531, 78, 47, 2, 0, 0, 0, 0, 41)
0 (1, 4, 0, 102, 0, 59, 0, 72, 3, 2, 0, 144)
1 (1, 4, 0, 128, 9, 14, 0, 148, 1, 1, 0, 200)
2 (1, 4, 0, 0, 46, 0, 0, 200, 1, 1, 0, 97)
3 (1, 4, 0, 0, 88, 0, 0, 204, 2, 2, 0, 4)
4 (1, 4, 0, 0, 109, 0, 14, 82, 2, 2, 0, 224)
5 (1, 4, 214, 0, 311, 0, 0, 0, 2, 1, 0, 176)
6 (1, 4, 0, 0, 451, 0, 0, 0, 3, 3, 0, 137)
7 (1, 4, 411, 0, 357, 26, 0, 0, 2, 1, 0, 231)
8 (1, 4, 0, 0, 0, 34, 0, 0, 2, 1, 0, 6)
9 (1, 4, 0, 0, 45, 32, 0, 0, 2, 1, 0, 176)
10 (1, 4, 0, 0, 10, 29, 0, 0, 2, 1, 0, 46)
11 (1, 4, 0, 0, 0, 29, 0, 0, 2, 1, 0, 189)
12 (1, 4, 0, 12, 0, 25, 0, 0, 2, 1, 0, 168)
13 (1, 4, 0, 11, 0, 25, 0, 0, 1, 1, 0, 12)
14 (1, 4, 0, 0, 0, 24, 0, 0, 2, 1, 0, 222)
15 (1, 4, 3, 0, 0, 26, 0, 0, 1, 1, 0, 84)
16 (1, 4, 0, 0, 0, 29, 0, 0, 1, 1, 0, 27)
17 (1, 4, 0, 0, 0, 29, 0, 0, 1, 1, 0, 27)
18 (1, 4, 0, 0, 0, 32, 0, 0, 1, 1, 0, 158)
19 (1, 4, 0, 0, 0, 33, 0, 0, 2, 1, 0, 39)
20 (1, 4, 0, 0, 0, 32, 0, 0, 1, 1, 0, 158)
21 (1, 4, 0, 1, 0, 32, 0, 0, 1, 1, 0, 43)
22 (1, 4, 0, 5, 0, 30, 0, 0, 1, 1, 0, 85)
23 (1, 4, 0, 5, 0, 31, 0, 0, 1, 1, 0, 74)
24 (1, 4, 0, 1, 0, 31, 0, 0, 1, 1, 0, 144)
25 (1, 4, 0, 6, 0, 29, 0, 0, 1, 1, 0, 172)
26 (1, 4, 0, 0, 0, 29, 0, 0, 1, 1, 0, 27)
27 (1, 4, 0, 3, 0, 30, 0, 0, 1, 1, 0, 226)
28 (1, 4, 0, 0, 0, 26, 0, 0, 1, 1, 0, 70)
29 (1, 4, 0, 0, 0, 26, 0, 0, 1, 1, 0, 70)
30 (1, 4, 0, 0, 0, 26, 0, 0, 1, 1, 0, 70)
31 (1, 4, 0, 0, 0, 29, 0, 0, 1, 1, 0, 27)
0 (1, 4, 167, 0, 184, 0, 12, 174, 4, 3, 0, 87)
1 (1, 4, 0, 0, 0, 41, 1, 90, 4, 3, 0, 254)
2 (1, 4, 0, 0, 0, 47, 0, 86, 3, 2, 0, 24)
3 (1, 4, 0, 0, 0, 44, 0, 95, 4, 2, 0, 37)
4 (1, 4, 0, 0, 0, 38, 0, 102, 3, 2, 0, 141)
5 (1, 4, 0, 0, 0, 35, 0, 105, 2, 1, 0, 200)
6 (1, 4, 0, 0, 18, 26, 0, 99, 1, 1, 0, 148)
7 (1, 4, 22, 0, 66, 0, 0, 98, 1, 1, 0, 58)
8 (1, 4, 466, 0, 304, 0, 0, 117, 1, 1, 0, 84)
9 (1, 4, 110, 0, 592, 0, 28, 0, 3, 3, 0, 230)
10 (1, 4, 0, 0, 115, 0, 0, 0, 3, 2, 0, 207)
11 (1, 4, 195, 0, 196, 42, 0, 0, 3, 2, 0, 251)
12 (1, 4, 0, 0, 23, 27, 0, 0, 3, 3, 0, 209)
13 (1, 4, 0, 0, 5, 34, 0, 0, 3, 2, 0, 19)
14 (1, 4, 0, 0, 10, 28, 0, 0, 3, 2, 0, 238)
15 (1, 4, 0, 28, 0, 19, 0, 0, 3, 2, 0, 208)
16 (1, 4, 16, 29, 0, 17, 0, 0, 3, 2, 0, 187)
17 (1, 4, 0, 37, 0, 18, 0, 0, 2, 1, 0, 181)
18 (1, 4, 4, 17, 0, 21, 0, 0, 2, 1, 0, 169)
19 (1, 4, 0, 14, 0, 24, 0, 0, 1, 1, 0, 124)
20 (1, 4, 0, 0, 0, 24, 0, 0, 1, 1, 0, 120)
21 (1, 4, 0, 0, 0, 26, 0, 0, 1, 1, 0, 70)
22 (1, 4, 20, 0, 10, 26, 0, 0, 1, 1, 0, 13)
0 (1, 4, 0, 0, 324, 0, 6, 157, 1, 1, 0, 135)
1 (1, 4, 0, 0, 225, 0, 24, 48, 6, 3, 0, 222)
2 (1, 4, 0, 0, 371, 0, 44, 0, 1, 2, 0, 121)
3 (1, 4, 804, 0, 846, 73, 0, 0, 5, 2, 0, 95)
4 (1, 4, 0, 535, 0, 0, 0, 0, 20, 8, 0, 60)
5 (1, 4, 0, 97, 0, 0, 0, 0, 12, 9, 0, 38)
6 (1, 4, 2, 26, 58, 0, 0, 0, 9, 5, 0, 116)
7 (1, 4, 28, 0, 10, 0, 0, 0, 7, 5, 0, 172)
8 (1, 4, 0, 24, 0, 0, 0, 0, 5, 4, 0, 234)
9 (1, 4, 0, 0, 0, 0, 0, 0, 4, 3, 0, 76)
10 (1, 4, 4, 0, 4, 0, 0, 0, 4, 3, 0, 42)
11 (1, 4, 0, 2, 5, 3, 0, 0, 4, 3, 0, 202)
12 (1, 4, 0, 0, 5, 3, 0, 0, 4, 3, 0, 167)
13 (1, 4, 0, 9, 1, 2, 0, 0, 3, 2, 0, 162)
14 (1, 4, 0, 15, 9, 1, 0, 0, 3, 2, 0, 136)
15 (1, 4, 0, 15, 10, 0, 0, 0, 4, 3, 0, 110)
16 (1, 4, 0, 22, 0, 0, 0, 0, 8, 5, 0, 113)
17 (1, 4, 0, 17, 0, 0, 0, 0, 3, 2, 0, 218)
18 (1, 4, 0, 2, 12, 0, 0, 0, 2, 3, 0, 136)
19 (1, 4, 0, 4, 2, 0, 0, 0, 2, 1, 0, 36)
20 (1, 4, 0, 0, 0, 0, 0, 0, 2, 1, 0, 209)
21 (1, 4, 16, 0, 6, 0, 0, 0, 2, 1, 0, 64)
22 (1, 4, 0, 0, 0, 0, 0, 0, 2, 1, 0, 209)
23 (1, 4, 0, 0, 0, 0, 0, 0, 2, 2, 0, 108)
24 (1, 4, 0, 0, 197, 0, 0, 0, 2, 1, 0, 17)
25 (1, 4, 0, 0, 265, 0, 0, 0, 2, 1, 0, 164)
26 (1, 4, 0, 549, 0, 0, 0, 0, 1, 1, 0, 23)
27 (1, 4, 0, 313, 0, 0, 0, 0, 2, 1, 0, 145)
28 (1, 4, 15, 225, 0, 0, 8, 0, 2, 1, 0, 191)
29 (1, 4, 257, 366, 0, 0, 24, 0, 1, 1, 0, 159)
30 (1, 4, 299, 360, 0, 0, 21, 0, 1, 1, 0, 216)
31 (1, 4, 319, 264, 0, 0, 23, 0, 1, 1, 0, 179)
32 (1, 4, 210, 225, 31, 0, 23, 0, 1, 1, 0, 41)
1 (1, 4, 56, 196, 68, 0, 15, 0, 2, 2, 0, 111)
2 (1, 4, 0, 109, 65, 0, 9, 0, 3, 2, 0, 68)
3 (1, 4, 0, 0, 93, 0, 0, 0, 2, 2, 0, 158)
4 (1, 4, 381, 0, 245, 0, 0, 0, 2, 2, 0, 199)
5 (1, 4, 873, 0, 380, 0, 0, 0, 1, 1, 0, 132)
6 (1, 4, 873, 0, 345, 0, 0, 0, 1, 1, 0, 176)
7 (1, 4, 873, 0, 126, 0, 31, 0, 2, 2, 0, 193)
8 (1, 4, 0, 163, 148, 0, 83, 0, 1, 1, 0, 168)
9 (1, 4, 0, 702, 105, 0, 0, 0, 1, 0, 0, 90)
10 (1, 4, 0, 490, 0, 0, 0, 0, 1, 1, 0, 12)
11 (1, 4, 167, 0, 0, 0, 0, 4, 12, 20, 0, 108)
12 (1, 4, 833, 0, 99, 0, 0, 0, 12, 9, 0, 237)
13 (1, 4, 873, 0, 100, 0, 0, 0, 3, 2, 0, 99)
14 (1, 4, 873, 0, 0, 0, 0, 0, 1, 1, 0, 65)
15 (1, 4, 276, 0, 49, 0, 72, 0, 1, 1, 0, 99)
16 (1, 4, 0, 264, 118, 0, 8, 0, 1, 1, 0, 235)
17 (1, 4, 0, 304, 12, 0, 0, 5, 1, 1, 0, 121)
18 (1, 4, 0, 101, 0, 0, 0, 15, 2, 2, 0, 187)
19 (1, 4, 0, 0, 0, 0, 0, 2, 2, 1, 0, 104)
20 (1, 4, 0, 0, 15, 0, 0, 0, 2, 2, 0, 53)
21 (1, 4, 0, 7, 0, 0, 0, 4, 2, 2, 0, 27)
22 (1, 4, 0, 17, 0, 0, 0, 9, 2, 2, 0, 141)
23 (1, 4, 0, 25, 0, 0, 0, 6, 2, 1, 0, 122)
24 (1, 4, 0, 47, 0, 0, 0, 7, 1, 1, 0, 23)
25 (1, 4, 0, 62, 0, 0, 0, 12, 1, 1, 0, 79)
GLOVE DISCONNECTED
GLOVE CONNECTED
0 (1, 4, 156, 8, 0, 2, 0, 5, 3, 2, 0, 148)
1 (1, 4, 96, 61, 0, 35, 0, 1, 2, 1, 0, 247)
2 (1, 4, 0, 190, 0, 51, 0, 9, 3, 1, 0, 31)
3 (1, 4, 0, 353, 0, 43, 0, 33, 2, 1, 0, 142)
4 (1, 4, 0, 341, 0, 29, 0, 73, 3, 2, 0, 122)
5 (1, 4, 0, 207, 0, 0, 0, 132, 0, 0, 0, 178)
6 (1, 4, 55, 0, 126, 0, 0, 190, 2, 1, 0, 181)
7 (1, 4, 78, 0, 35, 0, 0, 125, 3, 3, 0, 138)
8 (1, 4, 122, 0, 337, 0, 48, 0, 1, 10, 0, 156)
9 (1, 4, 0, 0, 321, 0, 0, 0, 4, 3, 0, 126)
10 (1, 4, 0, 0, 67, 72, 0, 0, 1, 0, 0, 113)
11 (1, 4, 0, 66, 0, 35, 0, 0, 1, 1, 0, 81)
12 (1, 4, 0, 0, 46, 30, 0, 0, 1, 1, 0, 9)
13 (1, 4, 0, 0, 16, 32, 0, 0, 2, 1, 0, 71)
14 (1, 4, 0, 7, 4, 23, 0, 0, 1, 1, 0, 129)
15 (1, 4, 29, 0, 48, 13, 0, 0, 1, 1, 0, 203)
16 (1, 4, 0, 0, 41, 14, 0, 0, 2, 1, 0, 189)
17 (1, 4, 0, 0, 18, 21, 0, 0, 2, 1, 0, 21)
18 (1, 4, 0, 0, 0, 21, 0, 0, 1, 1, 0, 227)
19 (1, 4, 0, 0, 0, 21, 0, 0, 2, 1, 0, 69)
20 (1, 4, 0, 0, 2, 21, 0, 0, 2, 1, 0, 106)
21 (1, 4, 18, 0, 0, 16, 0, 0, 1, 1, 0, 124)
22 (1, 4, 21, 0, 0, 9, 0, 0, 1, 1, 0, 70)
23 (1, 4, 51, 0, 0, 0, 0, 0, 2, 1, 0, 228)
24 (1, 4, 36, 41, 64, 0, 0, 0, 1, 1, 0, 183)
25 (1, 4, 26, 78, 124, 0, 0, 0, 1, 1, 0, 228)
26 (1, 4, 0, 21, 141, 0, 0, 0, 1, 0, 0, 149)
27 (1, 4, 0, 0, 108, 0, 0, 0, 1, 0, 0, 251)
28 (1, 4, 0, 0, 22, 0, 0, 0, 1, 1, 0, 121)
29 (1, 4, 0, 0, 34, 4, 0, 0, 1, 1, 0, 218)
0 (1, 4, 65, 0, 77, 59, 0, 89, 1, 1, 0, 25)
1 (1, 4, 0, 0, 0, 84, 0, 56, 2, 1, 0, 23)
2 (1, 4, 0, 0, 0, 79, 0, 32, 20, 3, 0, 175)
3 (1, 4, 0, 51, 0, 67, 0, 45, 4, 13, 0, 14)
4 (1, 4, 3, 1, 0, 22, 0, 81, 1, 1, 0, 44)
5 (1, 4, 88, 0, 0, 11, 0, 82, 1, 1, 0, 152)
6 (1, 4, 67, 0, 0, 28, 0, 42, 1, 0, 0, 6)
7 (1, 4, 0, 0, 0, 17, 0, 50, 1, 0, 0, 63)
8 (1, 4, 82, 0, 0, 0, 0, 37, 1, 0, 0, 98)
9 (1, 4, 459, 0, 211, 0, 0, 0, 1, 1, 0, 69)
10 (1, 4, 39, 0, 74, 60, 0, 0, 3, 1, 0, 172)
11 (1, 4, 0, 73, 0, 84, 0, 0, 1, 0, 0, 199)
12 (1, 4, 61, 130, 58, 47, 0, 0, 1, 1, 0, 36)
13 (1, 4, 0, 0, 0, 37, 0, 0, 1, 1, 0, 253)
14 (1, 4, 0, 0, 0, 39, 0, 0, 1, 0, 0, 168)
15 (1, 4, 1, 0, 0, 37, 0, 0, 1, 0, 0, 152)
16 (1, 4, 23, 0, 0, 33, 0, 0, 1, 0, 0, 32)
17 (1, 4, 0, 0, 0, 36, 0, 0, 1, 0, 0, 137)
18 (1, 4, 0, 0, 0, 35, 0, 0, 1, 0, 0, 212)
19 (1, 4, 0, 0, 0, 36, 0, 0, 1, 0, 0, 137)
20 (1, 4, 0, 0, 0, 34, 0, 0, 1, 0, 0, 203)
21 (1, 4, 20, 5, 0, 34, 0, 0, 1, 0, 0, 124)
22 (1, 4, 43, 50, 27, 39, 0, 0, 1, 1, 0, 208)
23 (1, 4, 78, 19, 67, 29, 0, 0, 1, 0, 0, 84)
24 (1, 4, 194, 0, 145, 27, 0, 0, 1, 0, 0, 168)
25 (1, 4, 335, 0, 204, 32, 0, 0, 2, 1, 0, 1)
26 (1, 4, 355, 0, 276, 12, 0, 0, 1, 0, 0, 186)
27 (1, 4, 285, 65, 270, 0, 0, 0, 1, 0, 0, 30)
28 (1, 4, 300, 36, 123, 0, 0, 0, 1, 0, 0, 244)
29 (1, 4, 216, 9, 9, 0, 0, 0, 1, 0, 0, 62)
30 (1, 4, 156, 0, 0, 0, 0, 0, 1, 0, 0, 161)
31 (1, 4, 68, 4, 0, 0, 0, 0, 1, 0, 0, 119)
0 (1, 4, 0, 0, 0, 35, 0, 93, 1, 0, 0, 2)
1 (1, 4, 0, 0, 0, 23, 0, 98, 1, 1, 0, 128)
2 (1, 4, 0, 0, 0, 20, 0, 82, 1, 0, 0, 184)
3 (1, 4, 0, 0, 0, 5, 0, 72, 1, 0, 0, 208)
4 (1, 4, 0, 0, 0, 0, 0, 48, 1, 0, 0, 110)
5 (1, 4, 0, 0, 0, 0, 0, 0, 1, 1, 0, 119)
6 (1, 4, 0, 0, 0, 0, 90, 0, 4, 2, 0, 139)
7 (1, 4, 0, 32, 0, 38, 0, 0, 3, 3, 0, 12)
8 (1, 4, 0, 80, 11, 39, 0, 0, 3, 2, 0, 95)
9 (1, 4, 5, 0, 43, 27, 0, 0, 2, 1, 0, 48)
10 (1, 4, 0, 0, 0, 25, 0, 0, 2, 1, 0, 193)
11 (1, 4, 12, 0, 9, 20, 0, 0, 1, 1, 0, 156)
12 (1, 4, 0, 11, 0, 22, 0, 0, 2, 2, 0, 178)
13 (1, 4, 0, 0, 0, 23, 0, 0, 2, 1, 0, 123)
14 (1, 4, 0, 0, 0, 23, 0, 0, 3, 2, 0, 164)
15 (1, 4, 0, 0, 0, 27, 0, 0, 2, 1, 0, 255)
16 (1, 4, 0, 0, 0, 26, 0, 0, 2, 1, 0, 224)
17 (1, 4, 0, 7, 0, 26, 0, 0, 2, 1, 0, 226)
18 (1, 4, 0, 0, 0, 26, 0, 0, 2, 1, 0, 224)
19 (1, 4, 0, 7, 0, 24, 0, 0, 6, 3, 0, 133)
20 (1, 4, 0, 4, 0, 21, 0, 0, 4, 3, 0, 2)
21 (1, 4, 0, 0, 0, 20, 0, 0, 1, 1, 0, 252)
22 (1, 4, 0, 0, 0, 20, 0, 0, 1, 0, 0, 151)
23 (1, 4, 11, 0, 0, 23, 0, 0, 1, 0, 0, 212)
24 (1, 4, 47, 0, 0, 28, 0, 0, 0, 0, 0, 144)
25 (1, 4, 8, 35, 0, 26, 0, 0, 1, 0, 0, 71)
26 (1, 4, 15, 18, 0, 27, 0, 0, 0, 0, 0, 6)
27 (1, 4, 23, 16, 0, 26, 0, 0, 0, 0, 0, 228)
28 (1, 4, 12, 13, 0, 25, 0, 0, 1, 0, 0, 152)
29 (1, 4, 42, 4, 12, 19, 0, 0, 1, 0, 0, 89)
30 (1, 4, 38, 0, 10, 12, 0, 0, 0, 0, 0, 138)
31 (1, 4, 57, 0, 38, 6, 0, 0, 1, 0, 0, 136)
0 (1, 4, 114, 169, 91, 0, 0, 0, 1, 0, 0, 232)
1 (1, 4, 165, 216, 107, 0, 0, 0, 1, 0, 0, 170)
2 (1, 4, 201, 228, 120, 0, 0, 0, 1, 0, 0, 162)
3 (1, 4, 220, 236, 82, 0, 0, 0, 1, 0, 0, 170)
4 (1, 4, 159, 330, 42, 0, 0, 0, 1, 0, 0, 102)
5 (1, 4, 56, 447, 0, 0, 0, 0, 1, 0, 0, 189)
6 (1, 4, 0, 525, 0, 0, 0, 0, 0, 0, 0, 111)
7 (1, 4, 0, 489, 0, 0, 0, 0, 1, 0, 0, 191)
8 (1, 4, 0, 505, 0, 0, 0, 0, 1, 0, 0, 222)
9 (1, 4, 0, 530, 0, 0, 14, 0, 1, 1, 0, 102)
10 (1, 4, 0, 722, 169, 0, 6, 0, 2, 1, 0, 164)
11 (1, 4, 0, 514, 317, 0, 0, 0, 1, 0, 0, 22)
12 (1, 4, 137, 540, 349, 17, 0, 0, 0, 0, 0, 151)
13 (1, 4, 34, 571, 302, 0, 0, 74, 4, 3, 0, 234)
14 (1, 4, 461, 159, 376, 24, 0, 129, 12, 7, 0, 54)
15 (1, 4, 0, 0, 8, 48, 0, 73, 1, 1, 0, 165)
16 (1, 4, 0, 0, 0, 47, 0, 68, 1, 1, 0, 11)
17 (1, 4, 0, 0, 0, 28, 0, 82, 3, 2, 0, 82)
18 (1, 4, 30, 0, 0, 11, 0, 74, 2, 2, 0, 23)
19 (1, 4, 0, 0, 0, 0, 6, 67, 2, 1, 0, 227)
20 (1, 4, 176, 0, 57, 0, 0, 0, 2, 2, 0, 247)
21 (1, 4, 0, 0, 0, 0, 183, 0, 1, 0, 0, 200)
22 (1, 4, 185, 148, 94, 0, 43, 0, 0, 0, 0, 134)
23 (1, 4, 0, 32, 33, 9, 0, 0, 2, 1, 0, 158)
24 (1, 4, 4, 0, 9, 1, 0, 0, 1, 0, 0, 19)
25 (1, 4, 0, 23, 0, 3, 3, 0, 1, 0, 0, 213)
26 (1, 4, 24, 0, 0, 5, 11, 0, 1, 0, 0, 165)
27 (1, 4, 0, 0, 7, 0, 8, 0, 1, 0, 0, 56)
28 (1, 4, 0, 0, 0, 9, 12, 0, 2, 1, 0, 20)
29 (1, 4, 0, 0, 0, 4, 7, 0, 4, 3, 0, 88)
30 (1, 4, 0, 24, 0, 6, 11, 0, 2, 1, 0, 11)
31 (1, 4, 0, 11, 0, 6, 13, 0, 2, 1, 0, 163)
0 (1, 4, 0, 873, 190, 0, 0, 0, 2, 2, 0, 190)
1 (1, 4, 66, 795, 231, 0, 0, 0, 2, 1, 0, 119)
2 (1, 4, 28, 620, 136, 0, 0, 47, 2, 1, 0, 137)
3 (1, 4, 0, 391, 24, 0, 0, 83, 1, 1, 0, 162)
4 (1, 4, 20, 121, 0, 0, 0, 136, 1, 1, 0, 233)
5 (1, 4, 71, 0, 0, 0, 0, 154, 1, 0, 0, 181)
6 (1, 4, 71, 0, 0, 0, 0, 191, 1, 0, 0, 190)
7 (1, 4, 151, 0, 35, 0, 22, 138, 1, 0, 0, 203)
8 (1, 4, 162, 0, 413, 0, 36, 0, 1, 0, 0, 153)
9 (1, 4, 0, 0, 397, 0, 0, 0, 4, 4, 0, 128)
10 (1, 4, 0, 0, 123, 92, 0, 0, 3, 2, 0, 213)
11 (1, 4, 0, 112, 23, 68, 0, 0, 2, 2, 0, 127)
12 (1, 4, 0, 0, 18, 45, 0, 0, 1, 1, 0, 85)
13 (1, 4, 0, 24, 0, 38, 0, 0, 1, 1, 0, 14)
14 (1, 4, 14, 30, 12, 21, 0, 0, 1, 1, 0, 48)
15 (1, 4, 0, 18, 10, 20, 0, 0, 1, 1, 0, 99)
16 (1, 4, 0, 0, 0, 32, 0, 0, 2, 1, 0, 56)
17 (1, 4, 0, 22, 0, 50, 0, 0, 1, 1, 0, 129)
18 (1, 4, 0, 0, 26, 47, 0, 0, 2, 1, 0, 113)
19 (1, 4, 0, 12, 45, 49, 0, 0, 1, 1, 0, 151)
20 (1, 4, 0, 0, 43, 52, 0, 0, 2, 1, 0, 74)
21 (1, 4, 0, 0, 44, 44, 0, 0, 2, 1, 0, 160)
22 (1, 4, 0, 0, 69, 48, 0, 0, 1, 1, 0, 88)
23 (1, 4, 0, 0, 59, 42, 0, 0, 1, 1, 0, 222)
24 (1, 4, 0, 0, 40, 45, 0, 0, 1, 1, 0, 71)
25 (1, 4, 0, 13, 2, 53, 0, 0, 1, 1, 0, 249)
26 (1, 4, 0, 21, 1, 50, 0, 0, 1, 1, 0, 205)
27 (1, 4, 0, 0, 4, 48, 0, 0, 1, 1, 0, 55)
28 (1, 4, 15, 0, 0, 46, 0, 0, 1, 1, 0, 126)
29 (1, 4, 0, 0, 0, 53, 0, 0, 1, 1, 0, 10)
30 (1, 4, 0, 0, 0, 62, 0, 0, 1, 1, 0, 211)
31 (1, 4, 0, 0, 0, 59, 0, 0, 1, 1, 0, 176)
0 (1, 4, 23, 509, 0, 54, 0, 0, 1, 0, 0, 146)
1 (1, 4, 0, 480, 0, 56, 0, 0, 1, 0, 0, 95)
2 (1, 4, 0, 488, 0, 50, 0, 0, 0, 0, 0, 72)
3 (1, 4, 0, 544, 0, 35, 26, 12, 0, 0, 0, 144)
4 (1, 4, 0, 430, 0, 4, 45, 100, 1, 1, 0, 238)
5 (1, 4, 0, 73, 0, 33, 15, 134, 1, 1, 0, 235)
6 (1, 4, 0, 0, 0, 17, 12, 87, 1, 1, 0, 56)
7 (1, 4, 0, 0, 0, 0, 25, 88, 1, 1, 0, 54)
8 (1, 4, 0, 0, 0, 0, 60, 53, 1, 1, 0, 5)
9 (1, 4, 387, 0, 566, 0, 1, 0, 3, 2, 0, 56)
10 (1, 4, 0, 148, 71, 134, 0, 0, 2, 1, 0, 154)
11 (1, 4, 41, 0, 124, 74, 0, 0, 1, 0, 0, 46)
12 (1, 4, 0, 21, 86, 24, 0, 0, 2, 1, 0, 37)
13 (1, 4, 0, 0, 47, 36, 0, 0, 1, 1, 0, 69)
14 (1, 4, 0, 0, 58, 44, 0, 0, 3, 2, 0, 113)
15 (1, 4, 0, 0, 1, 44, 0, 0, 3, 2, 0, 247)
16 (1, 4, 0, 0, 6, 50, 0, 0, 2, 1, 0, 128)
17 (1, 4, 0, 0, 34, 52, 0, 0, 1, 1, 0, 196)
18 (1, 4, 0, 3, 22, 55, 0, 0, 2, 1, 0, 68)
19 (1, 4, 0, 8, 18, 55, 0, 0, 2, 1, 0, 113)
20 (1, 4, 0, 23, 33, 59, 0, 0, 1, 1, 0, 185)
21 (1, 4, 0, 30, 39, 55, 0, 0, 1, 1, 0, 74)
22 (1, 4, 0, 40, 45, 51, 0, 0, 2, 1, 0, 23)
23 (1, 4, 0, 30, 40, 46, 0, 0, 1, 1, 0, 3)
24 (1, 4, 0, 24, 27, 45, 0, 0, 1, 1, 0, 175)
25 (1, 4, 0, 24, 15, 46, 0, 0, 2, 1, 0, 9)
26 (1, 4, 0, 18, 11, 49, 0, 0, 1, 1, 0, 125)
27 (1, 4, 0, 0, 0, 49, 0, 0, 1, 1, 0, 118)
28 (1, 4, 5, 0, 20, 42, 0, 0, 2, 1, 0, 233)
29 (1, 4, 65, 0, 64, 33, 0, 0, 2, 1, 0, 91)
30 (1, 4, 105, 0, 98, 25, 0, 0, 1, 1, 0, 125)
31 (1, 4, 162, 0, 120, 18, 0, 0, 2, 1, 0, 16)
0 (1, 4, 340, 198, 0, 16, 0, 0, 1, 0, 0, 141)
1 (1, 4, 370, 188, 0, 13, 4, 0, 1, 0, 0, 31)
2 (1, 4, 277, 114, 0, 28, 45, 0, 1, 0, 0, 160)
3 (1, 4, 0, 78, 0, 53, 86, 0, 1, 0, 0, 104)
4 (1, 4, 0, 88, 0, 59, 87, 48, 1, 0, 0, 15)
5 (1, 4, 27, 0, 94, 63, 119, 93, 1, 1, 0, 43)
6 (1, 4, 0, 0, 364, 62, 125, 56, 1, 1, 0, 56)
7 (1, 4, 0, 0, 583, 32, 95, 31, 1, 1, 0, 38)
8 (1, 4, 0, 0, 796, 0, 71, 27, 1, 1, 0, 32)
9 (1, 4, 0, 0, 873, 0, 0, 0, 4, 4, 0, 144)
10 (1, 4, 0, 0, 677, 0, 0, 0, 2, 1, 0, 174)
11 (1, 4, 86, 0, 251, 0, 0, 0, 3, 2, 0, 207)
12 (1, 4, 0, 131, 0, 0, 0, 0, 1, 1, 0, 174)
13 (1, 4, 0, 49, 31, 0, 0, 0, 2, 1, 0, 225)
14 (1, 4, 0, 34, 0, 0, 0, 0, 1, 1, 0, 216)
15 (1, 4, 0, 38, 0, 0, 0, 0, 1, 1, 0, 2)
16 (1, 4, 0, 0, 0, 0, 0, 0, 1, 1, 0, 119)
17 (1, 4, 3, 1, 0, 0, 0, 0, 1, 1, 0, 208)
18 (1, 4, 4, 10, 0, 0, 0, 0, 1, 1, 0, 145)
19 (1, 4, 0, 16, 0, 0, 0, 0, 1, 1, 0, 22)
20 (1, 4, 0, 39, 0, 0, 0, 0, 1, 1, 0, 183)
21 (1, 4, 0, 121, 0, 0, 0, 0, 1, 1, 0, 81)
22 (1, 4, 0, 107, 18, 0, 0, 0, 1, 1, 0, 13)
23 (1, 4, 0, 28, 49, 0, 0, 0, 1, 1, 0, 106)
24 (1, 4, 0, 0, 67, 0, 0, 0, 1, 1, 0, 55)
25 (1, 4, 0, 0, 19, 0, 0, 0, 2, 1, 0, 21)
26 (1, 4, 0, 0, 6, 0, 0, 0, 3, 2, 0, 127)
27 (1, 4, 0, 0, 0, 0, 11, 0, 2, 1, 0, 155)
28 (1, 4, 0, 0, 0, 0, 14, 0, 1, 1, 0, 167)
29 (1, 4, 0, 0, 0, 0, 0, 0, 1, 1, 0, 119)
30 (1, 4, 0, 0, 0, 0, 0, 0, 1, 1, 0, 119)
31 (1, 4, 36, 0, 0, 0, 0, 0, 1, 1, 0, 136)
0 (1, 4, 204, 249, 130, 0, 0, 0, 1, 1, 0, 90)
1 (1, 4, 237, 327, 151, 0, 0, 0, 2, 2, 0, 126)
2 (1, 4, 279, 401, 125, 0, 0, 0, 1, 1, 0, 131)
3 (1, 4, 233, 443, 85, 0, 8, 0, 1, 1, 0, 241)
4 (1, 4, 213, 406, 79, 0, 6, 0, 2, 1, 0, 26)
5 (1, 4, 252, 331, 72, 0, 6, 0, 2, 1, 0, 121)
6 (1, 4, 239, 232, 74, 0, 8, 0, 1, 1, 0, 44)
7 (1, 4, 240, 267, 3, 0, 0, 0, 1, 1, 0, 249)
8 (1, 4, 241, 599, 0, 0, 0, 0, 4, 3, 0, 212)
9 (1, 4, 51, 589, 0, 0, 0, 0, 1, 1, 0, 208)
10 (1, 4, 0, 638, 0, 0, 0, 0, 3, 2, 0, 231)
11 (1, 4, 102, 658, 0, 0, 0, 0, 2, 3, 0, 173)
12 (1, 4, 120, 652, 0, 0, 0, 0, 1, 1, 0, 12)
13 (1, 4, 181, 636, 0, 0, 0, 0, 1, 1, 0, 247)
14 (1, 4, 0, 589, 0, 0, 0, 16, 1, 1, 0, 54)
15 (1, 4, 141, 596, 44, 0, 0, 221, 1, 1, 0, 145)
16 (1, 4, 0, 0, 0, 15, 30, 107, 1, 1, 0, 239)
17 (1, 4, 0, 0, 0, 0, 0, 144, 1, 1, 0, 46)
18 (1, 4, 56, 0, 0, 0, 0, 179, 1, 0, 0, 213)
19 (1, 4, 0, 0, 101, 0, 0, 64, 1, 0, 0, 150)
20 (1, 4, 0, 0, 4, 0, 0, 0, 0, 0, 0, 32)
21 (1, 4, 0, 0, 9, 0, 0, 0, 1, 0, 0, 52)
22 (1, 4, 160, 0, 86, 86, 0, 0, 6, 4, 0, 217)
23 (1, 4, 0, 0, 0, 58, 0, 0, 1, 1, 0, 175)
24 (1, 4, 17, 0, 53, 50, 0, 0, 1, 1, 0, 242)
25 (1, 4, 0, 0, 14, 40, 0, 0, 1, 1, 0, 171)
26 (1, 4, 0, 0, 25, 24, 0, 0, 1, 0, 0, 68)
27 (1, 4, 36, 0, 49, 21, 0, 0, 1, 0, 0, 98)
28 (1, 4, 6, 0, 42, 26, 0, 0, 1, 0, 0, 100)
29 (1, 4, 0, 0, 17, 27, 0, 0, 1, 0, 0, 217)
30 (1, 4, 0, 9, 4, 30, 0, 0, 1, 0, 0, 9)
31 (1, 4, 0, 28, 0, 27, 0, 0, 1, 0, 0, 58)
GLOVE DISCONNECTED
GLOVE CONNECTED
0 (1, 4, 0, 0, 0, 0, 0, 0, 1, 0, 0, 28)
1 (1, 4, 54, 7, 0, 0, 0, 0, 1, 0, 0, 29)
2 (1, 4, 195, 205, 3, 0, 0, 0, 0, 0, 0, 21)
3 (1, 4, 440, 317, 0, 0, 0, 0, 0, 0, 0, 164)
4 (1, 4, 580, 530, 0, 0, 0, 0, 1, 0, 0, 104)
5 (1, 4, 787, 610, 0, 0, 0, 0, 1, 0, 0, 9)
6 (1, 4, 873, 601, 0, 0, 0, 0, 1, 0, 0, 3)
7 (1, 4, 873, 396, 0, 0, 0, 0, 0, 0, 0, 197)
8 (1, 4, 873, 68, 0, 0, 0, 0, 1, 0, 0, 115)
9 (1, 4, 873, 0, 0, 0, 0, 0, 1, 0, 0, 42)
10 (1, 4, 510, 0, 0, 0, 21, 15, 1, 0, 0, 23)
11 (1, 4, 222, 0, 0, 0, 21, 50, 0, 0, 0, 130)
12 (1, 4, 87, 0, 0, 0, 19, 66, 0, 0, 0, 207)
13 (1, 4, 34, 0, 0, 1, 18, 78, 0, 0, 0, 174)
14 (1, 4, 0, 0, 0, 12, 21, 74, 0, 0, 0, 243)
15 (1, 4, 0, 0, 0, 13, 33, 79, 0, 0, 0, 45)
16 (1, 4, 0, 0, 0, 12, 31, 74, 0, 0, 0, 192)
17 (1, 4, 0, 30, 0, 3, 1, 113, 0, 0, 0, 171)
18 (1, 4, 0, 7, 0, 0, 0, 141, 1, 0, 0, 212)
19 (1, 4, 0, 0, 0, 8, 0, 119, 0, 0, 0, 162)
20 (1, 4, 0, 1, 0, 2, 0, 82, 0, 0, 0, 218)
21 (1, 4, 0, 57, 0, 9, 0, 52, 0, 0, 0, 59)
22 (1, 4, 0, 149, 0, 50, 0, 12, 0, 0, 0, 206)
23 (1, 4, 0, 379, 0, 39, 16, 41, 1, 1, 0, 124)
24 (1, 4, 0, 367, 0, 35, 18, 94, 1, 1, 0, 109)
25 (1, 4, 67, 196, 23, 13, 19, 148, 1, 0, 0, 252)
26 (1, 4, 0, 0, 67, 31, 9, 117, 0, 0, 0, 73)
27 (1, 4, 0, 0, 36, 60, 0, 74, 1, 0, 0, 48)
GLOVE DISCONNECTED
GLOVE CONNECTED
0 (1, 4, 0, 332, 12, 47, 0, 43, 0, 0, 0, 242)
1 (1, 4, 8, 246, 33, 36, 0, 83, 1, 0, 0, 245)
2 (1, 4, 5, 91, 0, 42, 0, 99, 1, 0, 0, 14)
3 (1, 4, 0, 0, 0, 31, 0, 118, 1, 0, 0, 181)
4 (1, 4, 38, 0, 0, 0, 0, 166, 1, 0, 0, 24)
5 (1, 4, 3, 0, 0, 0, 0, 129, 1, 0, 0, 91)
6 (1, 4, 43, 0, 0, 0, 4, 34, 0, 0, 0, 32)
7 (1, 4, 339, 0, 304, 0, 0, 0, 1, 0, 0, 185)
8 (1, 4, 0, 0, 198, 0, 0, 0, 1, 0, 0, 103)
9 (1, 4, 0, 0, 21, 11, 0, 0, 1, 0, 0, 112)
10 (1, 4, 0, 0, 20, 15, 0, 0, 1, 0, 0, 152)
11 (1, 4, 16, 0, 39, 15, 0, 0, 1, 0, 0, 66)
12 (1, 4, 0, 0, 1, 13, 0, 0, 1, 0, 0, 19)
13 (1, 4, 28, 15, 5, 7, 0, 0, 1, 0, 0, 146)
14 (1, 4, 0, 33, 0, 9, 0, 0, 1, 0, 0, 140)
15 (1, 4, 0, 18, 0, 10, 0, 0, 1, 0, 0, 214)
16 (1, 4, 13, 17, 0, 8, 0, 0, 1, 0, 0, 118)
17 (1, 4, 0, 4, 0, 12, 0, 0, 1, 0, 0, 66)
18 (1, 4, 0, 0, 0, 12, 0, 0, 1, 0, 0, 152)
19 (1, 4, 0, 2, 0, 13, 0, 0, 0, 0, 0, 136)
20 (1, 4, 0, 6, 0, 15, 0, 0, 0, 0, 0, 108)
21 (1, 4, 0, 12, 0, 14, 0, 0, 1, 0, 0, 207)
22 (1, 4, 0, 15, 0, 15, 0, 0, 0, 0, 0, 106)
23 (1, 4, 0, 20, 0, 15, 0, 0, 0, 0, 0, 96)
24 (1, 4, 0, 26, 0, 17, 0, 0, 0, 0, 0, 41)
25 (1, 4, 0, 15, 2, 17, 0, 0, 0, 0, 0, 8)
26 (1, 4, 0, 13, 2, 18, 0, 0, 0, 0, 0, 68)
27 (1, 4, 18, 8, 7, 19, 0, 0, 0, 0, 0, 2)
28 (1, 4, 20, 4, 4, 18, 0, 0, 0, 0, 0, 235)
29 (1, 4, 2, 12, 6, 18, 0, 0, 0, 0, 0, 179)
30 (1, 4, 40, 13, 10, 18, 0, 0, 0, 0, 0, 79)
31 (1, 4, 84, 22, 25, 18, 0, 0, 0, 0, 0, 103)
0 (1, 4, 0, 480, 0, 35, 0, 0, 1, 0, 0, 113)
1 (1, 4, 61, 545, 0, 29, 0, 0, 1, 1, 0, 192)
2 (1, 4, 180, 490, 0, 28, 0, 0, 1, 1, 0, 117)
3 (1, 4, 58, 446, 0, 30, 0, 20, 1, 1, 0, 148)
4 (1, 4, 0, 376, 0, 34, 0, 49, 1, 1, 0, 123)
5 (1, 4, 0, 306, 0, 38, 0, 78, 1, 1, 0, 148)
6 (1, 4, 87, 209, 2, 29, 0, 139, 1, 1, 0, 39)
7 (1, 4, 169, 0, 48, 48, 18, 132, 1, 0, 0, 167)
8 (1, 4, 0, 0, 0, 78, 6, 52, 1, 0, 0, 101)
9 (1, 4, 0, 0, 0, 82, 0, 42, 1, 1, 0, 153)
10 (1, 4, 0, 0, 0, 78, 0, 51, 1, 1, 0, 12)
11 (1, 4, 0, 0, 3, 77, 0, 58, 1, 1, 0, 163)
12 (1, 4, 0, 0, 0, 79, 0, 56, 1, 1, 0, 159)
13 (1, 4, 0, 0, 3, 84, 0, 49, 1, 0, 0, 84)
14 (1, 4, 0, 25, 13, 83, 0, 51, 1, 0, 0, 26)
15 (1, 4, 0, 43, 0, 80, 0, 53, 0, 0, 0, 45)
16 (1, 4, 0, 42, 0, 70, 0, 67, 1, 0, 0, 180)
17 (1, 4, 0, 35, 5, 66, 0, 72, 0, 0, 0, 234)
18 (1, 4, 0, 19, 0, 73, 0, 64, 1, 1, 0, 185)
19 (1, 4, 0, 12, 0, 79, 0, 54, 2, 1, 0, 118)
20 (1, 4, 0, 0, 0, 78, 0, 60, 1, 1, 0, 245)
21 (1, 4, 0, 21, 0, 77, 0, 58, 1, 0, 0, 125)
22 (1, 4, 0, 16, 0, 76, 0, 58, 1, 0, 0, 13)
23 (1, 4, 0, 0, 0, 74, 0, 61, 1, 0, 0, 61)
24 (1, 4, 0, 0, 7, 71, 0, 66, 1, 1, 0, 230)
25 (1, 4, 0, 0, 23, 67, 0, 71, 1, 0, 0, 36)
26 (1, 4, 107, 0, 97, 58, 0, 85, 1, 1, 0, 46)
27 (1, 4, 46, 0, 127, 63, 0, 61, 1, 1, 0, 78)
28 (1, 4, 0, 0, 202, 66, 0, 48, 1, 0, 0, 28)
29 (1, 4, 76, 0, 168, 54, 0, 54, 1, 0, 0, 140)
30 (1, 4, 0, 0, 189, 50, 0, 47, 1, 1, 0, 9)
31 (1, 4, 0, 0, 120, 23, 0, 85, 1, 1, 0, 39)
0 (1, 4, 14, 255, 0, 98, 0, 0, 0, 0, 0, 184)
1 (1, 4, 27, 373, 18, 76, 0, 16, 3, 2, 0, 244)
2 (1, 4, 0, 469, 0, 39, 0, 50, 5, 7, 0, 147)
3 (1, 4, 0, 386, 3, 0, 0, 119, 2, 3, 0, 17)
4 (1, 4, 109, 99, 89, 0, 0, 226, 4, 3, 0, 166)
5 (1, 4, 0, 0, 0, 0, 0, 211, 3, 3, 0, 31)
6 (1, 4, 0, 0, 0, 0, 0, 146, 1, 0, 0, 252)
7 (1, 4, 0, 0, 71, 0, 43, 0, 1, 1, 0, 46)
8 (1, 4, 254, 0, 209, 0, 0, 0, 3, 3, 0, 107)
9 (1, 4, 420, 0, 246, 0, 0, 0, 2, 1, 0, 195)
10 (1, 4, 0, 81, 0, 39, 0, 0, 3, 2, 0, 237)
11 (1, 4, 71, 0, 21, 41, 0, 0, 3, 3, 0, 125)
12 (1, 4, 21, 7, 15, 38, 0, 0, 1, 1, 0, 81)
13 (1, 4, 25, 33, 0, 34, 0, 0, 1, 1, 0, 73)
14 (1, 4, 37, 50, 1, 36, 0, 0, 1, 1, 0, 73)
15 (1, 4, 8, 38, 0, 32, 0, 0, 1, 1, 0, 155)
16 (1, 4, 9, 34, 2, 31, 0, 0, 1, 1, 0, 219)
17 (1, 4, 25, 12, 7, 35, 0, 0, 1, 1, 0, 173)
18 (1, 4, 0, 18, 0, 33, 0, 0, 1, 1, 0, 141)
19 (1, 4, 0, 22, 4, 37, 0, 0, 1, 1, 0, 117)
20 (1, 4, 0, 0, 10, 40, 0, 0, 1, 1, 0, 245)
21 (1, 4, 0, 16, 5, 39, 0, 0, 1, 1, 0, 104)
22 (1, 4, 4, 22, 0, 37, 0, 0, 1, 1, 0, 19)
23 (1, 4, 0, 22, 0, 36, 0, 0, 1, 1, 0, 52)
24 (1, 4, 21, 25, 0, 37, 0, 0, 1, 1, 0, 76)
25 (1, 4, 8, 34, 0, 37, 0, 0, 1, 1, 0, 34)
26 (1, 4, 0, 55, 0, 39, 0, 0, 1, 1, 0, 98)
27 (1, 4, 0, 75, 0, 43, 0, 0, 1, 1, 0, 175)
28 (1, 4, 0, 108, 0, 45, 0, 0, 1, 1, 0, 45)
29 (1, 4, 66, 137, 0, 51, 0, 0, 1, 1, 0, 218)
30 (1, 4, 65, 181, 0, 53, 0, 0, 1, 1, 0, 64)
31 (1, 4, 45, 202, 0, 54, 0, 0, 1, 1, 0, 246)
0 (1, 4, 52, 501, 0, 52, 0, 0, 1, 1, 0, 161)
1 (1, 4, 14, 552, 0, 35, 0, 0, 1, 0, 0, 60)
2 (1, 4, 51, 602, 0, 12, 0, 0, 2, 1, 0, 145)
3 (1, 4, 52, 636, 0, 4, 0, 0, 2, 2, 0, 139)
4 (1, 4, 0, 584, 0, 0, 0, 47, 2, 2, 0, 201)
5 (1, 4, 0, 469, 0, 0, 0, 142, 3, 2, 0, 203)
6 (1, 4, 90, 0, 0, 0, 0, 198, 2, 2, 0, 106)
7 (1, 4, 0, 0, 0, 0, 13, 190, 2, 2, 0, 233)
8 (1, 4, 0, 0, 107, 0, 7, 134, 1, 1, 0, 91)
9 (1, 4, 157, 0, 454, 0, 0, 0, 2, 2, 0, 249)
10 (1, 4, 268, 0, 665, 46, 0, 0, 5, 3, 0, 43)
11 (1, 4, 0, 0, 57, 39, 0, 0, 2, 1, 0, 204)
12 (1, 4, 0, 0, 0, 51, 0, 0, 2, 1, 0, 238)
13 (1, 4, 0, 0, 5, 38, 0, 0, 2, 1, 0, 176)
14 (1, 4, 0, 0, 5, 43, 0, 0, 2, 1, 0, 43)
15 (1, 4, 0, 0, 0, 41, 0, 0, 1, 1, 0, 121)
16 (1, 4, 0, 9, 0, 39, 0, 0, 1, 1, 0, 197)
17 (1, 4, 0, 0, 0, 40, 0, 0, 1, 1, 0, 102)
18 (1, 4, 0, 0, 0, 40, 0, 0, 1, 1, 0, 102)
19 (1, 4, 1, 0, 0, 40, 0, 0, 1, 1, 0, 104)
20 (1, 4, 0, 0, 0, 41, 0, 0, 1, 1, 0, 121)
21 (1, 4, 0, 0, 0, 42, 0, 0, 1, 1, 0, 88)
22 (1, 4, 0, 0, 0, 42, 0, 0, 1, 1, 0, 88)
23 (1, 4, 9, 0, 0, 43, 0, 0, 1, 1, 0, 57)
24 (1, 4, 0, 0, 0, 47, 0, 0, 1, 1, 0, 59)
25 (1, 4, 0, 0, 0, 49, 0, 0, 2, 1, 0, 208)
26 (1, 4, 0, 0, 0, 53, 0, 0, 2, 1, 0, 172)
27 (1, 4, 1, 0, 0, 54, 0, 0, 2, 2, 0, 62)
28 (1, 4, 24, 0, 0, 55, 0, 0, 2, 1, 0, 2)
29 (1, 4, 13, 0, 0, 54, 0, 0, 2, 2, 0, 118)
30 (1, 4, 10, 0, 0, 53, 0, 0, 2, 1, 0, 192)
31 (1, 4, 0, 0, 1, 51, 0, 0, 1, 1, 0, 220)
0 (1, 4, 210, 451, 0, 3, 0, 0, 1, 1, 0, 137)
1 (1, 4, 287, 551, 0, 0, 0, 0, 1, 1, 0, 194)
2 (1, 4, 265, 573, 0, 0, 10, 0, 1, 1, 0, 138)
3 (1, 4, 103, 538, 0, 0, 27, 37, 1, 1, 0, 165)
4 (1, 4, 0, 428, 0, 11, 31, 70, 1, 1, 0, 68)
5 (1, 4, 29, 385, 99, 0, 19, 197, 2, 1, 0, 243)
6 (1, 4, 82, 0, 133, 0, 13, 175, 1, 1, 0, 176)
7 (1, 4, 0, 0, 172, 0, 3, 162, 3, 3, 0, 145)
8 (1, 4, 86, 0, 291, 0, 0, 128, 2, 2, 0, 179)
9 (1, 4, 138, 0, 706, 0, 0, 28, 2, 2, 0, 198)
10 (1, 4, 87, 0, 873, 0, 0, 0, 12, 14, 0, 77)
11 (1, 4, 558, 0, 418, 0, 0, 0, 4, 2, 0, 205)
12 (1, 4, 0, 0, 13, 0, 0, 0, 2, 1, 0, 167)
13 (1, 4, 0, 84, 0, 0, 0, 4, 1, 1, 0, 58)
14 (1, 4, 0, 0, 20, 0, 0, 0, 1, 1, 0, 86)
15 (1, 4, 0, 0, 0, 0, 0, 0, 1, 1, 0, 119)
16 (1, 4, 0, 0, 0, 0, 0, 0, 1, 1, 0, 119)
17 (1, 4, 2, 16, 0, 0, 0, 0, 1, 1, 0, 10)
18 (1, 4, 15, 7, 0, 0, 0, 0, 1, 1, 0, 47)
19 (1, 4, 0, 39, 0, 0, 0, 0, 1, 1, 0, 183)
20 (1, 4, 0, 20, 0, 0, 0, 0, 1, 0, 0, 167)
21 (1, 4, 0, 54, 16, 0, 0, 0, 1, 0, 0, 119)
22 (1, 4, 0, 50, 14, 0, 0, 0, 1, 0, 0, 31)
23 (1, 4, 0, 28, 29, 0, 0, 0, 1, 0, 0, 29)
24 (1, 4, 0, 0, 86, 0, 0, 0, 1, 0, 0, 233)
25 (1, 4, 0, 0, 198, 0, 0, 0, 1, 0, 0, 103)
26 (1, 4, 0, 0, 127, 0, 0, 0, 1, 0, 0, 63)
27 (1, 4, 0, 0, 96, 0, 0, 0, 1, 1, 0, 114)
28 (1, 4, 0, 0, 12, 0, 0, 0, 1, 1, 0, 149)
29 (1, 4, 0, 0, 4, 0, 0, 0, 1, 1, 0, 41)
30 (1, 4, 0, 0, 0, 0, 0, 0, 1, 1, 0, 119)
31 (1, 4, 0, 16, 0, 0, 0, 0, 1, 1, 0, 22)
0 (1, 4, 0, 0, 0, 37, 0, 0, 0, 0, 0, 244)
1 (1, 4, 2, 0, 0, 43, 0, 0, 0, 0, 0, 82)
2 (1, 4, 48, 4, 0, 52, 0, 0, 0, 0, 0, 225)
3 (1, 4, 95, 110, 0, 60, 0, 0, 0, 0, 0, 146)
4 (1, 4, 52, 276, 0, 63, 0, 0, 0, 0, 0, 132)
5 (1, 4, 51, 409, 0, 63, 0, 0, 0, 0, 0, 115)
6 (1, 4, 41, 517, 0, 39, 0, 0, 0, 0, 0, 209)
7 (1, 4, 229, 517, 40, 18, 0, 0, 5, 4, 0, 124)
8 (1, 4, 168, 438, 35, 26, 0, 23, 5, 20, 0, 124)
9 (1, 4, 29, 341, 0, 36, 0, 58, 1, 1, 0, 13)
10 (1, 4, 32, 188, 0, 37, 0, 83, 1, 1, 0, 1)
11 (1, 4, 74, 19, 0, 49, 0, 95, 1, 1, 0, 69)
12 (1, 4, 0, 0, 0, 49, 0, 77, 1, 1, 0, 115)
13 (1, 4, 0, 0, 0, 23, 0, 99, 1, 1, 0, 95)
14 (1, 4, 0, 0, 6, 0, 0, 105, 1, 1, 0, 215)
15 (1, 4, 0, 0, 0, 0, 4, 42, 1, 1, 0, 102)
16 (1, 4, 602, 0, 297, 0, 0, 0, 1, 1, 0, 253)
17 (1, 4, 139, 0, 425, 0, 0, 0, 1, 1, 0, 122)
18 (1, 4, 0, 0, 0, 0, 0, 0, 2, 2, 0, 108)
19 (1, 4, 0, 116, 0, 17, 0, 0, 1, 1, 0, 101)
20 (1, 4, 0, 41, 29, 8, 0, 0, 1, 1, 0, 66)
21 (1, 4, 0, 45, 25, 10, 0, 0, 1, 1, 0, 248)
22 (1, 4, 0, 19, 32, 2, 0, 0, 1, 0, 0, 101)
23 (1, 4, 0, 31, 75, 1, 0, 0, 1, 0, 0, 47)
24 (1, 4, 0, 16, 75, 4, 0, 0, 1, 0, 0, 253)
25 (1, 4, 0, 19, 67, 2, 0, 0, 1, 0, 0, 219)
26 (1, 4, 0, 6, 53, 8, 0, 0, 1, 0, 0, 24)
27 (1, 4, 17, 21, 51, 10, 0, 0, 1, 0, 0, 0)
28 (1, 4, 47, 43, 66, 11, 0, 0, 1, 0, 0, 37)
29 (1, 4, 0, 66, 67, 11, 0, 0, 1, 0, 0, 107)
30 (1, 4, 0, 58, 93, 16, 0, 0, 1, 0, 0, 100)
31 (1, 4, 0, 95, 73, 22, 0, 0, 1, 0, 0, 41)
0 (1, 4, 4, 0, 0, 0, 0, 0, 2, 1, 0, 233)
1 (1, 4, 8, 0, 0, 0, 0, 0, 2, 1, 0, 161)
2 (1, 4, 31, 0, 6, 2, 0, 0, 2, 1, 0, 36)
3 (1, 4, 37, 0, 27, 2, 0, 0, 2, 1, 0, 102)
4 (1, 4, 27, 0, 42, 0, 0, 0, 1, 1, 0, 152)
5 (1, 4, 44, 0, 39, 0, 0, 0, 1, 1, 0, 227)
6 (1, 4, 53, 0, 50, 0, 0, 0, 1, 1, 0, 200)
7 (1, 4, 0, 52, 60, 0, 0, 0, 1, 1, 0, 109)
8 (1, 4, 0, 262, 0, 0, 0, 0, 1, 0, 0, 78)
9 (1, 4, 146, 581, 79, 0, 0, 0, 1, 0, 0, 118)
10 (1, 4, 275, 635, 35, 0, 0, 0, 1, 1, 0, 68)
11 (1, 4, 228, 733, 0, 0, 0, 0, 3, 3, 0, 244)
12 (1, 4, 197, 756, 25, 0, 0, 0, 2, 1, 0, 26)
13 (1, 4, 143, 711, 5, 0, 0, 21, 2, 2, 0, 221)
14 (1, 4, 0, 485, 20, 0, 0, 79, 1, 1, 0, 32)
15 (1, 4, 140, 228, 97, 0, 0, 137, 1, 1, 0, 158)
16 (1, 4, 0, 0, 0, 0, 0, 122, 1, 1, 0, 19)
17 (1, 4, 0, 0, 0, 0, 0, 155, 1, 0, 0, 201)
18 (1, 4, 185, 0, 69, 0, 0, 175, 2, 1, 0, 126)
19 (1, 4, 129, 0, 385, 0, 0, 0, 1, 1, 0, 84)
20 (1, 4, 0, 0, 193, 0, 0, 0, 1, 0, 0, 130)
21 (1, 4, 0, 0, 0, 29, 0, 0, 3, 2, 0, 98)
22 (1, 4, 0, 0, 76, 28, 0, 0, 2, 1, 0, 187)
23 (1, 4, 40, 0, 77, 10, 0, 0, 1, 1, 0, 139)
24 (1, 4, 0, 0, 0, 3, 0, 0, 2, 1, 0, 240)
25 (1, 4, 0, 0, 0, 3, 0, 0, 2, 1, 0, 240)
26 (1, 4, 11, 0, 0, 0, 0, 0, 2, 1, 0, 179)
27 (1, 4, 0, 0, 0, 0, 0, 0, 2, 1, 0, 209)
28 (1, 4, 0, 0, 5, 0, 0, 0, 2, 1, 0, 27)
29 (1, 4, 0, 0, 31, 1, 0, 0, 2, 1, 0, 232)
30 (1, 4, 0, 0, 15, 6, 0, 0, 2, 1, 0, 202)
31 (1, 4, 0, 0, 18, 13, 0, 0, 2, 2, 0, 167)
0 (1, 4, 0, 317, 0, 0, 0, 135, 2, 1, 0, 210)
1 (1, 4, 0, 0, 3, 0, 0, 196, 1, 1, 0, 118)
2 (1, 4, 0, 0, 0, 0, 14, 105, 1, 1, 0, 118)
3 (1, 4, 0, 0, 0, 0, 15, 61, 1, 0, 0, 135)
4 (1, 4, 0, 0, 158, 0, 16, 29, 1, 1, 0, 34)
5 (1, 4, 116, 0, 471, 0, 12, 0, 1, 1, 0, 14)
6 (1, 4, 467, 0, 550, 0, 0, 0, 3, 3, 0, 60)
7 (1, 4, 0, 96, 92, 30, 0, 0, 3, 2, 0, 100)
8 (1, 4, 0, 262, 0, 19, 0, 0, 2, 1, 0, 85)
9 (1, 4, 26, 40, 58, 29, 0, 0, 2, 1, 0, 82)
10 (1, 4, 0, 103, 74, 23, 0, 0, 1, 1, 0, 246)
11 (1, 4, 0, 81, 56, 25, 0, 0, 1, 1, 0, 13)
12 (1, 4, 0, 70, 39, 17, 0, 0, 1, 1, 0, 176)
13 (1, 4, 0, 47, 21, 18, 0, 0, 1, 1, 0, 120)
14 (1, 4, 0, 6, 7, 11, 0, 0, 1, 1, 0, 252)
15 (1, 4, 0, 16, 1, 12, 0, 0, 1, 1, 0, 6)
16 (1, 4, 0, 0, 0, 0, 0, 0, 1, 1, 0, 119)
17 (1, 4, 0, 0, 0, 0, 0, 0, 1, 1, 0, 119)
18 (1, 4, 0, 0, 0, 0, 0, 0, 1, 1, 0, 119)
19 (1, 4, 0, 0, 0, 0, 0, 0, 2, 1, 0, 209)
20 (1, 4, 0, 0, 0, 0, 0, 0, 1, 1, 0, 119)
21 (1, 4, 0, 0, 0, 0, 0, 0, 1, 1, 0, 119)
22 (1, 4, 33, 0, 0, 4, 0, 0, 1, 1, 0, 194)
23 (1, 4, 13, 0, 0, 8, 0, 0, 1, 1, 0, 201)
24 (1, 4, 0, 0, 0, 5, 0, 0, 1, 1, 0, 20)
25 (1, 4, 20, 0, 0, 4, 0, 0, 1, 1, 0, 211)
26 (1, 4, 5, 0, 0, 4, 0, 0, 1, 1, 0, 61)
27 (1, 4, 20, 8, 0, 3, 0, 0, 1, 1, 0, 61)
28 (1, 4, 49, 8, 0, 0, 0, 0, 1, 1, 0, 237)
29 (1, 4, 51, 0, 0, 0, 0, 0, 1, 1, 0, 66)
30 (1, 4, 0, 37, 0, 3, 0, 0, 1, 1, 0, 251)
31 (1, 4, 34, 0, 0, 13, 0, 0, 1, 1, 0, 55)
0 (1, 4, 207, 386, 74, 0, 0, 116, 1, 0, 0, 121)
1 (1, 4, 159, 0, 55, 3, 0, 158, 2, 1, 0, 68)
2 (1, 4, 0, 0, 0, 0, 0, 169, 1, 1, 0, 105)
3 (1, 4, 0, 0, 30, 0, 2, 120, 1, 1, 0, 234)
4 (1, 4, 0, 0, 258, 0, 33, 0, 1, 0, 0, 26)
5 (1, 4, 0, 0, 512, 0, 9, 0, 19, 1, 0, 131)
6 (1, 4, 204, 0, 166, 0, 0, 0, 1, 0, 0, 182)
7 (1, 4, 0, 50, 0, 0, 0, 0, 1, 0, 0, 210)
8 (1, 4, 0, 117, 0, 8, 0, 0, 1, 0, 0, 171)
9 (1, 4, 8, 5, 0, 1, 0, 0, 1, 1, 0, 119)
10 (1, 4, 0, 27, 0, 2, 0, 0, 1, 1, 0, 67)
11 (1, 4, 23, 19, 0, 3, 0, 0, 1, 1, 0, 37)
12 (1, 4, 4, 25, 3, 0, 0, 0, 1, 1, 0, 147)
13 (1, 4, 19, 14, 0, 4, 0, 0, 1, 1, 0, 253)
14 (1, 4, 0, 0, 0, 0, 0, 0, 1, 1, 0, 119)
15 (1, 4, 0, 17, 0, 0, 0, 0, 1, 1, 0, 163)
16 (1, 4, 1, 0, 0, 6, 0, 0, 1, 1, 0, 59)
17 (1, 4, 0, 1, 0, 5, 0, 0, 1, 1, 0, 161)
18 (1, 4, 0, 10, 0, 7, 0, 0, 2, 1, 0, 82)
19 (1, 4, 0, 3, 0, 7, 0, 0, 2, 1, 0, 84)
20 (1, 4, 0, 8, 0, 9, 0, 0, 2, 2, 0, 56)
21 (1, 4, 0, 0, 0, 7, 0, 0, 2, 1, 0, 140)
22 (1, 4, 4, 3, 0, 10, 0, 0, 2, 1, 0, 247)
23 (1, 4, 0, 0, 0, 8, 0, 0, 2, 1, 0, 41)
24 (1, 4, 0, 1, 0, 9, 0, 0, 1, 1, 0, 37)
25 (1, 4, 0, 11, 0, 9, 0, 0, 1, 1, 0, 251)
26 (1, 4, 0, 9, 0, 8, 0, 0, 1, 1, 0, 137)
27 (1, 4, 0, 0, 0, 9, 0, 0, 1, 1, 0, 144)
28 (1, 4, 0, 0, 1, 8, 0, 0, 1, 1, 0, 27)
29 (1, 4, 0, 0, 0, 7, 0, 0, 13, 16, 0, 117)
30 (1, 4, 0, 0, 0, 5, 0, 0, 1, 1, 0, 20)
31 (1, 4, 4, 0, 0, 7, 0, 0, 1, 1, 0, 18)
0 (1, 4, 0, 0, 1, 43, 0, 0, 1, 1, 0, 211)
1 (1, 4, 0, 0, 2, 44, 0, 0, 1, 1, 0, 53)
2 (1, 4, 0, 0, 0, 44, 0, 0, 1, 1, 0, 26)
3 (1, 4, 0, 0, 0, 47, 0, 0, 2, 1, 0, 157)
4 (1, 4, 48, 203, 0, 67, 0, 0, 2, 1, 0, 235)
5 (1, 4, 0, 508, 13, 56, 0, 0, 2, 1, 0, 236)
6 (1, 4, 15, 593, 41, 33, 0, 0, 13, 14, 0, 70)
7 (1, 4, 317, 604, 145, 16, 0, 0, 1, 1, 0, 191)
8 (1, 4, 450, 614, 114, 9, 0, 13, 3, 2, 0, 69)
9 (1, 4, 12, 543, 0, 0, 0, 51, 2, 1, 0, 144)
10 (1, 4, 0, 413, 0, 0, 0, 123, 1, 1, 0, 149)
11 (1, 4, 87, 64, 8, 0, 0, 177, 1, 1, 0, 44)
12 (1, 4, 0, 0, 0, 1, 0, 118, 2, 2, 0, 136)
13 (1, 4, 0, 0, 0, 0, 0, 111, 2, 1, 0, 204)
14 (1, 4, 0, 0, 0, 0, 0, 101, 2, 2, 0, 34)
15 (1, 4, 0, 0, 0, 0, 0, 46, 3, 3, 0, 226)
16 (1, 4, 0, 0, 181, 0, 0, 0, 2, 3, 0, 189)
17 (1, 4, 170, 0, 157, 0, 0, 0, 4, 3, 0, 10)
18 (1, 4, 0, 0, 0, 14, 0, 0, 3, 3, 0, 223)
19 (1, 4, 0, 62, 26, 32, 0, 0, 4, 4, 0, 248)
20 (1, 4, 0, 59, 28, 28, 0, 0, 3, 2, 0, 40)
21 (1, 4, 0, 31, 2, 21, 0, 0, 3, 2, 0, 101)
22 (1, 4, 0, 34, 0, 22, 0, 0, 3, 2, 0, 20)
23 (1, 4, 0, 23, 0, 25, 0, 0, 3, 2, 0, 125)
24 (1, 4, 0, 10, 0, 27, 0, 0, 5, 3, 0, 222)
25 (1, 4, 0, 19, 2, 29, 0, 0, 3, 3, 0, 159)
26 (1, 4, 0, 16, 0, 30, 0, 0, 4, 4, 0, 118)
27 (1, 4, 0, 25, 0, 31, 0, 0, 1, 1, 0, 66)
28 (1, 4, 0, 18, 0, 32, 0, 0, 1, 1, 0, 146)
29 (1, 4, 0, 18, 0, 33, 0, 0, 1, 1, 0, 141)
30 (1, 4, 0, 29, 1, 33, 0, 0, 1, 1, 0, 168)
31 (1, 4, 7, 13, 0, 35, 0, 0, 1, 1, 0, 73)

