1 (1, 4, 340, 0, 21, 0, 0, 196, 0, 1, 0, 73)
2 (1, 4, 206, 0, 110, 0, 0, 160, 0, 1, 0, 62)
3 (1, 4, 107, 0, 183, 0, 0, 87, 0, 0, 0, 66)
4 (1, 4, 108, 0, 194, 0, 0, 56, 0, 0, 0, 197)
5 (1, 4, 157, 0, 169, 0, 0, 55, 0, 0, 0, 139)
6 (1, 4, 172, 7, 211, 2, 0, 43, 0, 0, 0, 59)
7 (1, 4, 199, 148, 263, 22, 0, 64, 0, 0, 0, 58)
8 (1, 4, 45, 225, 206, 53, 0, 74, 0, 0, 0, 166)
9 (1, 4, 0, 296, 148, 72, 0, 102, 3, 3, 0, 36)
10 (1, 4, 0, 195, 0, 139, 0, 128, 1, 2, 0, 110)
11 (1, 4, 0, 204, 0, 128, 0, 173, 2, 2, 0, 65)
12 (1, 4, 0, 88, 0, 81, 0, 243, 1, 1, 0, 192)
13 (1, 4, 3, 0, 0, 35, 0, 282, 0, 1, 0, 102)
14 (1, 4, 201, 0, 0, 0, 44, 232, 0, 0, 0, 55)
15 (1, 4, 292, 0, 0, 0, 41, 171, 0, 0, 0, 145)
16 (1, 4, 255, 0, 0, 0, 34, 128, 0, 0, 0, 234)
17 (1, 4, 231, 0, 76, 0, 28, 86, 0, 0, 0, 235)
18 (1, 4, 238, 0, 155, 0, 22, 66, 0, 0, 0, 144)
19 (1, 4, 177, 18, 213, 0, 1, 51, 0, 0, 0, 156)
20 (1, 4, 133, 74, 208, 31, 0, 35, 0, 1, 0, 139)
21 (1, 4, 91, 206, 198, 53, 0, 32, 1, 1, 0, 93)
22 (1, 4, 0, 347, 146, 78, 0, 39, 3, 3, 0, 117)
23 (1, 4, 0, 416, 83, 75, 0, 67, 2, 2, 0, 90)
24 (1, 4, 0, 491, 65, 71, 0, 116, 1, 1, 0, 28)
25 (1, 4, 0, 261, 0, 104, 0, 173, 0, 1, 0, 48)
26 (1, 4, 0, 215, 0, 87, 0, 226, 0, 1, 0, 92)
27 (1, 4, 0, 84, 0, 69, 0, 229, 0, 1, 0, 95)
28 (1, 4, 38, 0, 0, 24, 0, 224, 0, 1, 0, 151)
29 (1, 4, 196, 0, 0, 0, 0, 218, 0, 1, 0, 254)
30 (1, 4, 257, 0, 0, 0, 12, 195, 0, 1, 0, 146)
31 (1, 4, 285, 0, 0, 0, 37, 145, 0, 1, 0, 160)
32 (1, 4, 261, 0, 15, 0, 38, 129, 1, 1, 0, 83)
1 (1, 4, 37, 0, 18, 49, 0, 96, 1, 1, 0, 51)
2 (1, 4, 38, 0, 24, 50, 0, 89, 1, 1, 0, 212)
3 (1, 4, 47, 12, 28, 56, 0, 98, 1, 1, 0, 165)
4 (1, 4, 237, 124, 34, 53, 0, 113, 1, 1, 0, 103)
5 (1, 4, 211, 99, 16, 44, 0, 115, 1, 1, 0, 195)
6 (1, 4, 113, 22, 2, 32, 0, 114, 1, 1, 0, 73)
7 (1, 4, 81, 0, 9, 32, 0, 110, 1, 1, 0, 19)
8 (1, 4, 80, 0, 5, 41, 0, 113, 1, 1, 0, 50)
9 (1, 4, 140, 15, 13, 62, 0, 133, 1, 1, 0, 105)
10 (1, 4, 413, 130, 12, 35, 0, 218, 1, 1, 0, 207)
11 (1, 4, 670, 0, 69, 0, 41, 209, 1, 1, 0, 149)
12 (1, 4, 290, 0, 287, 0, 29, 144, 0, 1, 0, 48)
13 (1, 4, 317, 0, 387, 0, 0, 92, 0, 1, 0, 104)
14 (1, 4, 184, 0, 312, 0, 0, 3, 1, 1, 0, 51)
15 (1, 4, 158, 164, 278, 57, 0, 0, 1, 1, 0, 101)
16 (1, 4, 0, 276, 155, 152, 0, 0, 1, 1, 0, 2)
17 (1, 4, 0, 385, 0, 206, 0, 123, 1, 1, 0, 95)
18 (1, 4, 0, 147, 0, 174, 0, 274, 2, 2, 0, 105)
19 (1, 4, 0, 0, 0, 74, 0, 295, 1, 1, 0, 255)
20 (1, 4, 267, 0, 0, 0, 21, 263, 1, 1, 0, 50)
21 (1, 4, 279, 0, 0, 0, 21, 193, 1, 1, 0, 176)
22 (1, 4, 334, 0, 0, 0, 21, 131, 1, 1, 0, 91)
23 (1, 4, 306, 0, 71, 0, 2, 85, 1, 1, 0, 158)
24 (1, 4, 238, 0, 155, 0, 0, 33, 0, 1, 0, 237)
25 (1, 4, 201, 157, 259, 4, 0, 1, 0, 1, 0, 14)
26 (1, 4, 11, 291, 333, 34, 0, 0, 0, 1, 0, 143)
27 (1, 4, 0, 331, 293, 93, 0, 9, 1, 1, 0, 159)
28 (1, 4, 0, 322, 137, 177, 0, 75, 1, 1, 0, 192)
29 (1, 4, 0, 346, 0, 164, 0, 184, 1, 1, 0, 132)
30 (1, 4, 0, 137, 0, 94, 0, 208, 1, 1, 0, 244)
31 (1, 4, 0, 38, 0, 63, 4, 210, 1, 1, 0, 255)
32 (1, 4, 0, 0, 0, 56, 0, 168, 1, 1, 0, 80)
1 (1, 4, 145, 47, 0, 49, 0, 116, 1, 1, 0, 188)
2 (1, 4, 164, 19, 0, 43, 0, 113, 1, 1, 0, 252)
3 (1, 4, 155, 0, 0, 48, 0, 103, 1, 1, 0, 9)
4 (1, 4, 114, 0, 0, 51, 0, 113, 1, 1, 0, 18)
5 (1, 4, 110, 9, 0, 72, 0, 128, 1, 1, 0, 204)
6 (1, 4, 450, 107, 0, 30, 0, 169, 1, 1, 0, 140)
7 (1, 4, 499, 0, 22, 0, 74, 126, 1, 1, 0, 234)
8 (1, 4, 0, 0, 248, 0, 56, 37, 1, 1, 0, 2)
9 (1, 4, 0, 0, 249, 20, 0, 26, 1, 1, 0, 223)
10 (1, 4, 232, 0, 184, 82, 0, 10, 1, 1, 0, 223)
11 (1, 4, 78, 277, 157, 100, 0, 0, 1, 1, 0, 249)
12 (1, 4, 0, 365, 76, 117, 0, 0, 1, 1, 0, 190)
13 (1, 4, 0, 403, 0, 149, 0, 107, 1, 1, 0, 123)
14 (1, 4, 0, 129, 0, 175, 0, 273, 0, 1, 0, 101)
15 (1, 4, 0, 0, 0, 77, 0, 288, 0, 1, 0, 211)
16 (1, 4, 236, 0, 0, 0, 31, 212, 0, 1, 0, 67)
17 (1, 4, 244, 0, 0, 0, 27, 148, 0, 1, 0, 117)
18 (1, 4, 280, 0, 0, 0, 21, 100, 0, 1, 0, 9)
19 (1, 4, 236, 0, 85, 0, 8, 79, 0, 1, 0, 53)
20 (1, 4, 252, 47, 132, 8, 9, 55, 0, 1, 0, 27)
21 (1, 4, 237, 224, 241, 22, 11, 42, 0, 1, 0, 90)
22 (1, 4, 128, 311, 294, 30, 0, 47, 1, 1, 0, 225)
23 (1, 4, 0, 343, 278, 55, 0, 50, 0, 1, 0, 203)
24 (1, 4, 0, 375, 245, 94, 0, 69, 0, 1, 0, 228)
25 (1, 4, 0, 260, 83, 128, 0, 107, 0, 1, 0, 208)
26 (1, 4, 0, 246, 0, 113, 0, 128, 0, 1, 0, 221)
27 (1, 4, 0, 134, 0, 117, 0, 177, 0, 0, 0, 71)
28 (1, 4, 0, 5, 0, 93, 0, 187, 0, 0, 0, 220)
29 (1, 4, 0, 0, 0, 56, 0, 165, 0, 1, 0, 114)
30 (1, 4, 0, 0, 0, 26, 0, 162, 0, 0, 0, 221)
31 (1, 4, 0, 0, 0, 35, 0, 131, 0, 0, 0, 90)
32 (1, 4, 0, 14, 0, 35, 0, 102, 0, 1, 0, 241)
1 (1, 4, 11, 7, 10, 55, 0, 98, 1, 1, 0, 154)
2 (1, 4, 0, 15, 22, 57, 0, 102, 1, 1, 0, 25)
3 (1, 4, 10, 9, 4, 55, 0, 101, 1, 1, 0, 78)
4 (1, 4, 0, 15, 0, 55, 0, 96, 1, 1, 0, 97)
5 (1, 4, 8, 22, 0, 54, 0, 94, 1, 1, 0, 61)
6 (1, 4, 5, 20, 0, 62, 0, 93, 1, 1, 0, 136)
7 (1, 4, 30, 73, 0, 71, 0, 108, 1, 1, 0, 181)
8 (1, 4, 218, 99, 0, 93, 0, 124, 1, 1, 0, 239)
9 (1, 4, 457, 112, 0, 66, 0, 165, 1, 1, 0, 221)
10 (1, 4, 652, 95, 1, 25, 15, 182, 0, 1, 0, 6)
11 (1, 4, 363, 0, 118, 0, 44, 179, 0, 0, 0, 234)
12 (1, 4, 301, 0, 221, 0, 10, 149, 0, 0, 0, 62)
13 (1, 4, 296, 0, 260, 0, 0, 103, 0, 0, 0, 63)
14 (1, 4, 225, 0, 267, 0, 0, 73, 0, 0, 0, 1)
15 (1, 4, 181, 46, 262, 14, 0, 37, 0, 0, 0, 33)
16 (1, 4, 93, 153, 240, 54, 0, 11, 0, 0, 0, 108)
17 (1, 4, 0, 290, 159, 115, 0, 0, 0, 0, 0, 9)
18 (1, 4, 0, 383, 18, 170, 0, 79, 0, 0, 0, 100)
19 (1, 4, 0, 243, 0, 159, 0, 214, 0, 0, 0, 168)
20 (1, 4, 0, 26, 0, 98, 0, 289, 0, 0, 0, 148)
21 (1, 4, 136, 0, 0, 32, 23, 271, 0, 0, 0, 207)
22 (1, 4, 286, 0, 0, 0, 56, 208, 0, 0, 0, 157)
23 (1, 4, 325, 0, 0, 0, 40, 144, 0, 0, 0, 86)
24 (1, 4, 325, 0, 56, 0, 16, 111, 0, 0, 0, 102)
25 (1, 4, 278, 0, 131, 0, 0, 81, 0, 0, 0, 187)
26 (1, 4, 235, 40, 189, 0, 0, 52, 0, 0, 0, 55)
27 (1, 4, 200, 147, 249, 25, 0, 34, 0, 0, 0, 129)
28 (1, 4, 96, 202, 262, 63, 0, 39, 0, 0, 0, 73)
29 (1, 4, 41, 289, 226, 85, 0, 47, 0, 0, 0, 151)
30 (1, 4, 0, 296, 187, 112, 0, 71, 0, 0, 0, 0)
31 (1, 4, 0, 213, 0, 133, 0, 94, 0, 0, 0, 140)
32 (1, 4, 0, 171, 0, 110, 0, 139, 0, 0, 0, 86)
1 (1, 4, 277, 183, 32, 66, 0, 244, 0, 1, 0, 188)
2 (1, 4, 558, 0, 0, 0, 0, 272, 0, 1, 0, 120)
3 (1, 4, 537, 0, 126, 0, 15, 187, 0, 1, 0, 229)
4 (1, 4, 414, 0, 287, 0, 0, 124, 0, 1, 0, 101)
5 (1, 4, 300, 0, 341, 0, 0, 33, 0, 1, 0, 245)
6 (1, 4, 491, 49, 335, 0, 0, 0, 0, 0, 0, 172)
7 (1, 4, 83, 302, 339, 69, 0, 0, 0, 1, 0, 153)
8 (1, 4, 0, 381, 172, 148, 0, 16, 0, 0, 0, 127)
9 (1, 4, 0, 329, 0, 153, 0, 142, 0, 0, 0, 15)
10 (1, 4, 0, 153, 0, 155, 0, 239, 0, 0, 0, 12)
11 (1, 4, 0, 0, 0, 98, 0, 288, 0, 0, 0, 244)
12 (1, 4, 136, 0, 0, 32, 40, 237, 0, 0, 0, 16)
13 (1, 4, 244, 0, 0, 0, 53, 191, 0, 0, 0, 238)
14 (1, 4, 331, 0, 0, 0, 57, 125, 0, 0, 0, 208)
15 (1, 4, 263, 0, 44, 0, 26, 108, 0, 0, 0, 135)
16 (1, 4, 245, 0, 139, 0, 14, 58, 0, 0, 0, 244)
17 (1, 4, 135, 15, 214, 10, 0, 36, 0, 0, 0, 230)
18 (1, 4, 105, 135, 241, 51, 0, 18, 0, 0, 0, 7)
19 (1, 4, 0, 201, 202, 92, 0, 33, 0, 0, 0, 187)
20 (1, 4, 0, 301, 159, 99, 0, 60, 0, 0, 0, 162)
21 (1, 4, 0, 170, 96, 97, 0, 74, 0, 0, 0, 83)
22 (1, 4, 0, 173, 13, 119, 0, 124, 0, 0, 0, 41)
23 (1, 4, 0, 165, 0, 97, 0, 123, 0, 0, 0, 74)
24 (1, 4, 0, 64, 0, 92, 0, 157, 0, 1, 0, 41)
25 (1, 4, 0, 47, 0, 81, 0, 144, 0, 1, 0, 2)
26 (1, 4, 0, 14, 0, 49, 0, 152, 1, 1, 0, 193)
27 (1, 4, 0, 0, 0, 47, 0, 118, 1, 1, 0, 192)
28 (1, 4, 0, 2, 0, 51, 0, 119, 1, 1, 0, 1)
29 (1, 4, 16, 63, 0, 41, 0, 102, 1, 1, 0, 163)
30 (1, 4, 0, 30, 0, 45, 0, 99, 1, 1, 0, 226)
31 (1, 4, 0, 40, 0, 53, 0, 96, 1, 1, 0, 159) [FRAGMENTED]
32 (1, 4, 0, 2, 0, 56, 0, 101, 1, 1, 0, 178)
1 (1, 4, 3, 5, 0, 52, 0, 106, 1, 1, 0, 223)
2 (1, 4, 0, 9, 0, 51, 0, 109, 1, 1, 0, 234)
3 (1, 4, 2, 1, 0, 51, 0, 105, 1, 1, 0, 48)
4 (1, 4, 0, 7, 0, 50, 0, 105, 1, 1, 0, 132)
5 (1, 4, 0, 12, 2, 53, 0, 102, 1, 1, 0, 100)
6 (1, 4, 10, 43, 5, 56, 0, 106, 1, 1, 0, 41)
7 (1, 4, 47, 128, 31, 64, 0, 96, 1, 1, 0, 252)
8 (1, 4, 336, 229, 108, 75, 15, 150, 1, 1, 0, 228)
9 (1, 4, 518, 123, 43, 90, 49, 203, 0, 1, 0, 209)
10 (1, 4, 438, 34, 19, 42, 30, 259, 0, 1, 0, 95)
11 (1, 4, 477, 0, 60, 0, 45, 196, 0, 1, 0, 162)
12 (1, 4, 327, 0, 194, 0, 28, 178, 0, 1, 0, 119)
13 (1, 4, 238, 0, 272, 0, 23, 98, 0, 1, 0, 136)
14 (1, 4, 166, 0, 335, 0, 0, 40, 0, 1, 0, 87)
15 (1, 4, 215, 0, 354, 0, 0, 3, 0, 1, 0, 82)
16 (1, 4, 29, 223, 293, 79, 0, 0, 0, 1, 0, 248)
17 (1, 4, 0, 568, 0, 155, 0, 0, 0, 1, 0, 75)
18 (1, 4, 0, 565, 0, 130, 0, 231, 0, 1, 0, 250)
19 (1, 4, 0, 208, 0, 146, 0, 357, 0, 1, 0, 245)
20 (1, 4, 42, 0, 0, 46, 41, 391, 0, 1, 0, 232)
21 (1, 4, 335, 0, 0, 0, 68, 277, 0, 1, 0, 109)
22 (1, 4, 337, 0, 0, 0, 64, 168, 0, 1, 0, 171)
23 (1, 4, 333, 0, 63, 0, 21, 130, 0, 1, 0, 44)
24 (1, 4, 317, 0, 130, 0, 0, 81, 0, 1, 0, 225)
25 (1, 4, 313, 0, 175, 0, 0, 31, 0, 1, 0, 50)
26 (1, 4, 237, 177, 211, 12, 0, 11, 0, 1, 0, 217)
27 (1, 4, 155, 422, 262, 35, 0, 0, 0, 1, 0, 247)
28 (1, 4, 0, 423, 187, 113, 0, 9, 0, 1, 0, 167)
29 (1, 4, 0, 385, 0, 173, 0, 73, 0, 1, 0, 235)
30 (1, 4, 0, 327, 0, 119, 0, 288, 0, 1, 0, 111)
31 (1, 4, 0, 53, 0, 58, 50, 290, 0, 1, 0, 74)
32 (1, 4, 35, 85, 77, 38, 13, 121, 1, 1, 0, 80)
1 (1, 4, 146, 218, 132, 76, 0, 192, 1, 1, 0, 146)
2 (1, 4, 473, 146, 0, 0, 46, 231, 0, 1, 0, 184)
3 (1, 4, 289, 30, 261, 0, 95, 206, 0, 1, 0, 243)
4 (1, 4, 104, 0, 341, 0, 10, 189, 0, 1, 0, 179)
5 (1, 4, 182, 0, 389, 0, 0, 136, 0, 1, 0, 5)
6 (1, 4, 142, 0, 344, 0, 0, 62, 0, 1, 0, 101)
7 (1, 4, 168, 0, 316, 0, 0, 19, 0, 1, 0, 60)
8 (1, 4, 256, 17, 342, 0, 0, 0, 0, 1, 0, 107)
9 (1, 4, 26, 134, 312, 81, 0, 0, 0, 1, 0, 114)
10 (1, 4, 0, 505, 87, 157, 0, 8, 0, 1, 0, 157)
11 (1, 4, 0, 434, 0, 145, 0, 177, 0, 1, 0, 93)
12 (1, 4, 0, 248, 0, 164, 0, 272, 0, 1, 0, 69)
13 (1, 4, 0, 6, 0, 44, 0, 362, 0, 1, 0, 81)
14 (1, 4, 259, 0, 0, 0, 17, 314, 0, 1, 0, 241)
15 (1, 4, 433, 0, 0, 0, 74, 216, 0, 1, 0, 244)
16 (1, 4, 365, 0, 0, 0, 63, 146, 0, 1, 0, 222)
17 (1, 4, 323, 0, 110, 0, 27, 81, 0, 1, 0, 194)
18 (1, 4, 213, 0, 165, 0, 0, 45, 0, 1, 0, 123)
19 (1, 4, 260, 116, 196, 0, 0, 31, 0, 1, 0, 171)
20 (1, 4, 212, 285, 228, 5, 0, 20, 0, 1, 0, 102)
21 (1, 4, 80, 391, 226, 25, 0, 31, 0, 1, 0, 123)
22 (1, 4, 0, 551, 284, 51, 0, 91, 0, 1, 0, 253)
23 (1, 4, 0, 255, 66, 132, 0, 112, 0, 1, 0, 183)
24 (1, 4, 0, 229, 0, 125, 0, 146, 0, 1, 0, 138)
25 (1, 4, 0, 163, 0, 105, 0, 174, 1, 1, 0, 186)
26 (1, 4, 0, 67, 0, 95, 0, 163, 1, 1, 0, 230)
27 (1, 4, 0, 192, 0, 63, 0, 195, 1, 1, 0, 231)
28 (1, 4, 0, 107, 0, 33, 0, 127, 1, 1, 0, 101)
29 (1, 4, 0, 166, 0, 28, 0, 118, 1, 1, 0, 139)
30 (1, 4, 0, 212, 0, 25, 0, 103, 1, 1, 0, 169)
31 (1, 4, 64, 191, 0, 9, 0, 105, 1, 1, 0, 219)
32 (1, 4, 361, 65, 0, 0, 0, 200, 1, 1, 0, 86)
1 (1, 4, 538, 34, 186, 0, 54, 232, 0, 1, 0, 204)
2 (1, 4, 263, 0, 301, 0, 37, 214, 0, 1, 0, 175)
3 (1, 4, 368, 0, 411, 0, 0, 132, 0, 1, 0, 146)
4 (1, 4, 373, 0, 470, 0, 0, 56, 0, 1, 0, 78)
5 (1, 4, 359, 0, 392, 0, 0, 30, 0, 1, 0, 150)
6 (1, 4, 404, 173, 342, 52, 0, 0, 1, 1, 0, 109)
7 (1, 4, 0, 298, 136, 112, 0, 0, 0, 1, 0, 106)
8 (1, 4, 0, 441, 26, 125, 0, 36, 0, 1, 0, 60)
9 (1, 4, 0, 320, 0, 147, 0, 144, 0, 1, 0, 81)
10 (1, 4, 0, 224, 0, 146, 0, 241, 0, 1, 0, 83)
11 (1, 4, 0, 0, 0, 95, 19, 274, 0, 1, 0, 223)
12 (1, 4, 170, 0, 0, 34, 55, 228, 0, 1, 0, 135)
13 (1, 4, 260, 0, 0, 0, 52, 210, 0, 1, 0, 225)
14 (1, 4, 370, 0, 0, 0, 57, 159, 0, 1, 0, 53)
15 (1, 4, 346, 0, 57, 0, 54, 108, 0, 1, 0, 89)
16 (1, 4, 215, 0, 199, 0, 20, 47, 0, 1, 0, 146)
17 (1, 4, 165, 86, 260, 0, 3, 23, 0, 1, 0, 236)
18 (1, 4, 96, 248, 379, 9, 0, 0, 0, 0, 0, 101)
19 (1, 4, 0, 344, 209, 99, 0, 0, 0, 0, 0, 54)
20 (1, 4, 0, 364, 0, 183, 0, 91, 0, 0, 0, 71)
21 (1, 4, 0, 228, 0, 202, 0, 221, 0, 0, 0, 6)
22 (1, 4, 0, 62, 0, 105, 20, 359, 0, 0, 0, 186)
23 (1, 4, 282, 0, 0, 0, 135, 365, 0, 0, 0, 33)
24 (1, 4, 247, 0, 0, 0, 124, 195, 0, 0, 0, 246)
25 (1, 4, 436, 0, 104, 0, 23, 119, 0, 0, 0, 6)
26 (1, 4, 248, 0, 230, 0, 0, 35, 0, 0, 0, 247)
27 (1, 4, 267, 80, 318, 0, 0, 0, 0, 0, 0, 237)
28 (1, 4, 91, 215, 304, 14, 0, 0, 0, 0, 0, 242)
29 (1, 4, 0, 385, 242, 71, 0, 6, 0, 0, 0, 207)
30 (1, 4, 0, 338, 100, 152, 0, 107, 0, 0, 0, 133)
31 (1, 4, 0, 291, 0, 155, 0, 160, 0, 0, 0, 41)
32 (1, 4, 141, 138, 0, 82, 0, 147, 0, 1, 0, 186)
1 (1, 4, 267, 90, 0, 85, 0, 222, 0, 1, 0, 50)
2 (1, 4, 387, 20, 0, 26, 0, 250, 0, 1, 0, 116)
3 (1, 4, 480, 0, 5, 0, 14, 200, 1, 1, 0, 17)
4 (1, 4, 406, 0, 205, 0, 9, 141, 0, 0, 0, 163)
5 (1, 4, 298, 0, 321, 0, 0, 76, 0, 0, 0, 63)
6 (1, 4, 208, 0, 347, 0, 0, 6, 0, 0, 0, 16)
7 (1, 4, 317, 117, 374, 46, 0, 0, 1, 1, 0, 94)
8 (1, 4, 0, 442, 379, 131, 0, 0, 2, 1, 0, 228)
9 (1, 4, 0, 465, 41, 206, 0, 109, 0, 1, 0, 22)
10 (1, 4, 0, 293, 0, 215, 0, 289, 0, 1, 0, 216)
11 (1, 4, 0, 46, 0, 122, 0, 367, 0, 0, 0, 129)
12 (1, 4, 385, 0, 0, 0, 26, 305, 0, 1, 0, 62)
13 (1, 4, 455, 0, 0, 0, 43, 195, 0, 0, 0, 36)
14 (1, 4, 364, 0, 65, 0, 11, 105, 0, 0, 0, 142)
15 (1, 4, 248, 0, 222, 0, 0, 48, 0, 0, 0, 127)
16 (1, 4, 320, 97, 340, 0, 0, 8, 0, 0, 0, 108)
17 (1, 4, 260, 325, 438, 41, 0, 0, 0, 1, 0, 116)
18 (1, 4, 0, 424, 398, 110, 0, 0, 0, 0, 0, 12)
19 (1, 4, 0, 362, 37, 192, 0, 46, 0, 1, 0, 164)
20 (1, 4, 0, 308, 0, 212, 0, 170, 0, 1, 0, 2)
21 (1, 4, 0, 189, 0, 119, 0, 274, 0, 0, 0, 213)
22 (1, 4, 34, 50, 0, 0, 0, 314, 0, 0, 0, 99)
23 (1, 4, 426, 0, 0, 0, 72, 199, 0, 1, 0, 174)
24 (1, 4, 430, 0, 0, 0, 69, 132, 0, 0, 0, 133)
25 (1, 4, 370, 0, 96, 0, 38, 94, 0, 0, 0, 103)
26 (1, 4, 185, 0, 216, 0, 12, 41, 0, 1, 0, 38)
27 (1, 4, 111, 0, 222, 0, 0, 34, 0, 1, 0, 161)
28 (1, 4, 124, 83, 264, 30, 0, 16, 0, 1, 0, 182)
29 (1, 4, 74, 228, 254, 61, 6, 16, 0, 1, 0, 107) [FRAGMENTED]
30 (1, 4, 0, 366, 272, 80, 0, 41, 0, 1, 0, 33)
31 (1, 4, 0, 383, 240, 74, 0, 92, 0, 1, 0, 240)
32 (1, 4, 247, 0, 0, 0, 17, 218, 0, 1, 0, 55)
1 (1, 4, 370, 0, 101, 0, 24, 242, 0, 1, 0, 42)
2 (1, 4, 254, 0, 192, 0, 14, 167, 0, 1, 0, 24)
3 (1, 4, 211, 0, 310, 0, 0, 108, 0, 1, 0, 173)
4 (1, 4, 132, 0, 336, 0, 0, 55, 0, 1, 0, 128)
5 (1, 4, 110, 0, 312, 0, 0, 37, 0, 1, 0, 100)
6 (1, 4, 205, 25, 351, 29, 0, 23, 1, 1, 0, 230)
7 (1, 4, 133, 232, 333, 40, 0, 19, 1, 1, 0, 211)
8 (1, 4, 0, 459, 391, 45, 0, 53, 1, 1, 0, 152)
9 (1, 4, 0, 425, 263, 30, 0, 72, 0, 1, 0, 111)
10 (1, 4, 0, 295, 76, 80, 0, 116, 1, 1, 0, 43)
11 (1, 4, 0, 375, 0, 104, 0, 198, 1, 1, 0, 119)
12 (1, 4, 275, 330, 0, 31, 0, 226, 0, 1, 0, 216)
13 (1, 4, 0, 0, 0, 39, 0, 207, 0, 1, 0, 151)
14 (1, 4, 146, 0, 0, 7, 0, 193, 0, 1, 0, 177)
15 (1, 4, 331, 0, 0, 0, 0, 158, 0, 1, 0, 131)
16 (1, 4, 648, 0, 0, 0, 0, 133, 0, 1, 0, 84)
17 (1, 4, 453, 0, 69, 0, 32, 80, 0, 1, 0, 23)
18 (1, 4, 188, 0, 114, 0, 21, 70, 0, 1, 0, 172)
19 (1, 4, 211, 60, 231, 0, 10, 65, 0, 1, 0, 9)
20 (1, 4, 148, 149, 278, 9, 0, 52, 0, 1, 0, 100)
21 (1, 4, 80, 232, 293, 20, 0, 54, 0, 1, 0, 211)
22 (1, 4, 12, 348, 318, 33, 0, 66, 0, 1, 0, 40)
23 (1, 4, 0, 341, 238, 48, 0, 87, 0, 1, 0, 223)
24 (1, 4, 0, 278, 170, 47, 0, 144, 0, 1, 0, 175)
25 (1, 4, 0, 173, 89, 77, 0, 160, 0, 1, 0, 195)
26 (1, 4, 0, 57, 0, 80, 0, 164, 0, 1, 0, 204)
27 (1, 4, 0, 0, 0, 81, 0, 146, 0, 1, 0, 200)
28 (1, 4, 0, 41, 0, 60, 0, 135, 1, 1, 0, 176)
29 (1, 4, 0, 160, 0, 32, 0, 123, 1, 1, 0, 230)
30 (1, 4, 22, 0, 32, 39, 0, 109, 0, 1, 0, 63)
31 (1, 4, 43, 9, 34, 33, 0, 111, 0, 1, 0, 140)
32 (1, 4, 65, 0, 40, 36, 0, 105, 0, 1, 0, 148)
1 (1, 4, 66, 7, 64, 28, 0, 110, 0, 1, 0, 200)
2 (1, 4, 136, 44, 107, 29, 0, 130, 0, 1, 0, 134)
3 (1, 4, 265, 10, 129, 19, 0, 156, 0, 1, 0, 194)
4 (1, 4, 394, 66, 222, 0, 3, 192, 0, 1, 0, 124)
5 (1, 4, 327, 0, 304, 0, 29, 199, 0, 1, 0, 106)
6 (1, 4, 235, 0, 421, 0, 0, 183, 0, 1, 0, 95)
7 (1, 4, 279, 0, 519, 0, 0, 134, 0, 1, 0, 196)
8 (1, 4, 122, 0, 516, 0, 0, 81, 0, 1, 0, 122)
9 (1, 4, 79, 0, 408, 0, 0, 52, 0, 1, 0, 174)
10 (1, 4, 230, 0, 379, 0, 0, 37, 0, 1, 0, 65)
11 (1, 4, 126, 153, 416, 23, 0, 28, 0, 1, 0, 61)
12 (1, 4, 0, 199, 287, 70, 0, 33, 0, 1, 0, 7)
13 (1, 4, 0, 320, 109, 122, 0, 74, 0, 1, 0, 27)
14 (1, 4, 0, 326, 0, 108, 0, 171, 0, 1, 0, 219)
15 (1, 4, 0, 198, 0, 53, 0, 189, 0, 1, 0, 229)
16 (1, 4, 101, 111, 0, 0, 0, 204, 0, 1, 0, 205)
17 (1, 4, 402, 0, 0, 0, 0, 220, 0, 1, 0, 125)
18 (1, 4, 353, 0, 0, 0, 23, 155, 0, 1, 0, 111)
19 (1, 4, 215, 0, 0, 0, 17, 108, 0, 1, 0, 196)
20 (1, 4, 154, 0, 91, 0, 4, 72, 0, 1, 0, 67)
21 (1, 4, 126, 0, 180, 0, 0, 41, 0, 1, 0, 85)
22 (1, 4, 90, 0, 247, 15, 0, 28, 0, 1, 0, 151)
23 (1, 4, 62, 110, 310, 29, 0, 32, 0, 1, 0, 67)
24 (1, 4, 45, 308, 405, 37, 0, 46, 0, 1, 0, 28)
25 (1, 4, 0, 375, 436, 29, 0, 76, 0, 1, 0, 23)
26 (1, 4, 0, 153, 236, 54, 0, 87, 0, 1, 0, 188)
27 (1, 4, 0, 199, 153, 106, 0, 106, 0, 1, 0, 126)
28 (1, 4, 0, 218, 0, 103, 0, 135, 0, 1, 0, 208)
29 (1, 4, 0, 186, 0, 69, 0, 144, 0, 1, 0, 134)
30 (1, 4, 88, 150, 0, 44, 0, 121, 1, 1, 0, 214)
31 (1, 4, 165, 138, 0, 51, 0, 155, 1, 1, 0, 166)
32 (1, 4, 181, 2, 0, 32, 0, 191, 1, 1, 0, 246)
1 (1, 4, 564, 89, 0, 0, 0, 226, 1, 1, 0, 95)
2 (1, 4, 506, 0, 50, 0, 31, 200, 0, 1, 0, 103)
3 (1, 4, 269, 0, 198, 0, 25, 147, 0, 1, 0, 40)
4 (1, 4, 183, 0, 378, 0, 0, 73, 0, 1, 0, 201)
5 (1, 4, 49, 0, 368, 0, 0, 16, 0, 1, 0, 200)
6 (1, 4, 413, 0, 406, 0, 0, 0, 1, 1, 0, 100)
7 (1, 4, 351, 148, 343, 86, 0, 0, 1, 1, 0, 160)
8 (1, 4, 0, 598, 170, 134, 0, 0, 0, 1, 0, 254)
9 (1, 4, 0, 679, 0, 117, 0, 128, 0, 1, 0, 59)
10 (1, 4, 0, 367, 0, 157, 0, 348, 0, 1, 0, 225)
11 (1, 4, 213, 0, 0, 0, 0, 385, 0, 1, 0, 35)
12 (1, 4, 545, 0, 0, 0, 104, 210, 0, 1, 0, 171)
13 (1, 4, 345, 0, 17, 0, 91, 109, 0, 1, 0, 154)
14 (1, 4, 233, 0, 303, 0, 18, 41, 0, 1, 0, 41)
15 (1, 4, 143, 0, 375, 0, 0, 0, 0, 1, 0, 152)
16 (1, 4, 156, 177, 468, 5, 0, 0, 0, 1, 0, 170)
17 (1, 4, 0, 332, 337, 131, 0, 0, 0, 1, 0, 219)
18 (1, 4, 0, 605, 0, 181, 0, 70, 0, 1, 0, 191)
19 (1, 4, 0, 527, 0, 128, 0, 265, 0, 1, 0, 216)
20 (1, 4, 51, 203, 0, 0, 0, 377, 0, 1, 0, 226)
21 (1, 4, 663, 0, 0, 0, 76, 250, 0, 1, 0, 24)
22 (1, 4, 452, 0, 0, 0, 122, 121, 0, 1, 0, 16)
23 (1, 4, 260, 0, 279, 0, 40, 92, 0, 1, 0, 45)
24 (1, 4, 199, 0, 428, 0, 0, 15, 0, 1, 0, 234)
25 (1, 4, 109, 0, 425, 0, 0, 0, 0, 1, 0, 103)
26 (1, 4, 173, 320, 472, 48, 0, 7, 0, 1, 0, 126)
27 (1, 4, 0, 424, 338, 64, 0, 53, 0, 1, 0, 123)
28 (1, 4, 0, 336, 182, 104, 0, 98, 0, 1, 0, 138)
29 (1, 4, 0, 308, 0, 86, 0, 112, 0, 1, 0, 222)
30 (1, 4, 565, 14, 0, 0, 0, 339, 0, 1, 0, 221)
31 (1, 4, 563, 0, 0, 0, 18, 246, 0, 0, 0, 73)
32 (1, 4, 406, 0, 66, 0, 14, 155, 0, 0, 0, 124)
1 (1, 4, 508, 0, 217, 0, 20, 97, 0, 1, 0, 228)
2 (1, 4, 397, 0, 344, 0, 14, 40, 1, 1, 0, 216)
3 (1, 4, 196, 62, 407, 0, 0, 21, 0, 1, 0, 89)
4 (1, 4, 302, 260, 431, 0, 0, 1, 1, 1, 0, 13)
5 (1, 4, 93, 415, 424, 0, 0, 0, 1, 1, 0, 130)
6 (1, 4, 0, 609, 434, 0, 0, 66, 1, 1, 0, 176)
7 (1, 4, 0, 679, 148, 2, 0, 143, 0, 1, 0, 132)
8 (1, 4, 0, 537, 0, 12, 0, 158, 0, 0, 0, 47)
9 (1, 4, 0, 445, 0, 23, 0, 235, 0, 0, 0, 173)
10 (1, 4, 0, 399, 0, 0, 0, 304, 0, 1, 0, 27)
11 (1, 4, 142, 164, 0, 0, 0, 357, 0, 1, 0, 42)
12 (1, 4, 390, 0, 0, 0, 0, 317, 0, 0, 0, 86)
13 (1, 4, 637, 0, 0, 0, 0, 231, 0, 1, 0, 132)
14 (1, 4, 493, 0, 0, 0, 0, 133, 0, 1, 0, 42)
15 (1, 4, 399, 0, 73, 0, 0, 53, 0, 1, 0, 83)
16 (1, 4, 275, 0, 153, 0, 0, 23, 0, 1, 0, 131)
17 (1, 4, 181, 0, 201, 0, 14, 18, 0, 1, 0, 137)
18 (1, 4, 293, 81, 316, 0, 32, 25, 0, 1, 0, 100)
19 (1, 4, 227, 204, 426, 0, 23, 41, 0, 1, 0, 15)
20 (1, 4, 52, 212, 437, 0, 0, 48, 0, 1, 0, 166)
21 (1, 4, 0, 286, 510, 0, 0, 66, 0, 1, 0, 114)
22 (1, 4, 0, 187, 431, 8, 0, 67, 0, 1, 0, 12)
23 (1, 4, 0, 234, 312, 27, 0, 74, 0, 0, 0, 184)
24 (1, 4, 0, 313, 155, 34, 0, 72, 0, 0, 0, 207)
25 (1, 4, 0, 300, 0, 47, 0, 90, 0, 1, 0, 210)
26 (1, 4, 0, 365, 0, 41, 0, 107, 0, 0, 0, 96)
27 (1, 4, 0, 259, 0, 5, 0, 133, 0, 0, 0, 0)
28 (1, 4, 0, 280, 0, 0, 0, 141, 0, 1, 0, 232)
29 (1, 4, 0, 219, 0, 0, 0, 160, 0, 1, 0, 182)
30 (1, 4, 10, 0, 2, 39, 0, 114, 1, 1, 0, 14)
31 (1, 4, 0, 13, 11, 37, 0, 111, 1, 1, 0, 59)
32 (1, 4, 10, 3, 12, 39, 0, 116, 1, 1, 0, 215)
1 (1, 4, 0, 0, 1, 34, 0, 114, 1, 1, 0, 186)
2 (1, 4, 0, 6, 10, 39, 0, 108, 1, 1, 0, 156)
3 (1, 4, 2, 12, 0, 33, 0, 110, 1, 1, 0, 54)
4 (1, 4, 0, 45, 0, 56, 0, 94, 1, 1, 0, 63)
5 (1, 4, 32, 94, 0, 98, 0, 101, 1, 1, 0, 26)
6 (1, 4, 128, 256, 0, 73, 0, 179, 1, 1, 0, 43)
7 (1, 4, 357, 114, 0, 28, 14, 179, 0, 1, 0, 31)
8 (1, 4, 194, 0, 0, 11, 26, 162, 0, 1, 0, 104)
9 (1, 4, 271, 48, 36, 0, 26, 177, 0, 1, 0, 223)
10 (1, 4, 219, 0, 48, 0, 0, 198, 0, 1, 0, 137)
11 (1, 4, 217, 0, 176, 0, 16, 129, 0, 1, 0, 183)
12 (1, 4, 93, 0, 324, 0, 8, 61, 0, 1, 0, 49)
13 (1, 4, 0, 0, 348, 0, 0, 0, 1, 1, 0, 76)
14 (1, 4, 53, 0, 386, 82, 0, 0, 1, 1, 0, 249)
15 (1, 4, 0, 259, 370, 134, 0, 0, 1, 1, 0, 173)
16 (1, 4, 0, 429, 153, 181, 0, 29, 1, 1, 0, 104)
17 (1, 4, 0, 629, 0, 129, 0, 172, 1, 1, 0, 243)
18 (1, 4, 227, 462, 0, 0, 0, 290, 1, 1, 0, 108)
19 (1, 4, 557, 36, 0, 0, 29, 254, 0, 1, 0, 205)
20 (1, 4, 454, 0, 0, 0, 102, 183, 1, 1, 0, 32)
21 (1, 4, 215, 0, 203, 0, 69, 108, 1, 1, 0, 215)
22 (1, 4, 263, 0, 474, 0, 22, 75, 0, 1, 0, 219)
23 (1, 4, 70, 0, 484, 0, 0, 25, 0, 1, 0, 169)
24 (1, 4, 105, 0, 551, 0, 0, 0, 1, 1, 0, 230)
25 (1, 4, 65, 74, 659, 3, 0, 0, 1, 1, 0, 3)
26 (1, 4, 0, 261, 434, 74, 0, 0, 1, 1, 0, 236)
27 (1, 4, 0, 511, 30, 105, 0, 0, 1, 1, 0, 107)
28 (1, 4, 0, 735, 0, 40, 0, 99, 1, 1, 0, 123)
29 (1, 4, 23, 588, 0, 0, 0, 186, 1, 1, 0, 49)
30 (1, 4, 4, 17, 0, 45, 0, 108, 1, 1, 0, 146)
31 (1, 4, 7, 22, 0, 48, 0, 99, 1, 1, 0, 23)
32 (1, 4, 0, 29, 0, 46, 0, 97, 1, 1, 0, 162)
1 (1, 4, 4, 56, 12, 41, 0, 95, 1, 1, 0, 220)
2 (1, 4, 3, 87, 9, 36, 0, 84, 1, 1, 0, 219)
3 (1, 4, 0, 193, 15, 26, 0, 68, 1, 1, 0, 24)
4 (1, 4, 226, 410, 35, 20, 25, 114, 1, 1, 0, 22)
5 (1, 4, 78, 381, 107, 0, 5, 306, 0, 1, 0, 171)
6 (1, 4, 597, 115, 104, 0, 0, 421, 0, 1, 0, 167)
7 (1, 4, 526, 0, 229, 0, 27, 239, 0, 1, 0, 35)
8 (1, 4, 274, 0, 469, 0, 14, 122, 0, 1, 0, 189)
9 (1, 4, 104, 0, 563, 0, 0, 0, 0, 1, 0, 171)
10 (1, 4, 131, 0, 474, 0, 0, 0, 0, 1, 0, 169)
11 (1, 4, 181, 90, 477, 0, 0, 0, 0, 1, 0, 115)
12 (1, 4, 0, 283, 324, 87, 0, 0, 0, 1, 0, 125)
13 (1, 4, 0, 643, 0, 170, 0, 48, 0, 1, 0, 241)
14 (1, 4, 0, 416, 0, 199, 0, 361, 0, 1, 0, 238)
15 (1, 4, 227, 0, 0, 0, 0, 509, 0, 1, 0, 136)
16 (1, 4, 581, 0, 0, 0, 102, 343, 0, 1, 0, 4)
17 (1, 4, 424, 0, 149, 0, 127, 78, 0, 1, 0, 169)
18 (1, 4, 160, 0, 484, 0, 0, 0, 0, 1, 0, 48)
19 (1, 4, 331, 132, 582, 0, 0, 0, 0, 1, 0, 23)
20 (1, 4, 0, 592, 441, 76, 0, 0, 0, 1, 0, 110)
21 (1, 4, 0, 673, 0, 219, 0, 134, 0, 1, 0, 190)
22 (1, 4, 0, 439, 0, 85, 0, 500, 0, 1, 0, 240)
23 (1, 4, 406, 0, 0, 0, 35, 429, 0, 1, 0, 2)
24 (1, 4, 744, 0, 0, 0, 194, 188, 0, 1, 0, 129)
25 (1, 4, 506, 0, 175, 0, 43, 132, 0, 1, 0, 46)
26 (1, 4, 356, 0, 363, 0, 0, 59, 0, 1, 0, 192)
27 (1, 4, 333, 0, 420, 0, 0, 26, 0, 1, 0, 84)
28 (1, 4, 206, 47, 372, 0, 0, 0, 1, 1, 0, 181)
29 (1, 4, 202, 210, 365, 25, 0, 0, 1, 1, 0, 55)
30 (1, 4, 0, 75, 0, 50, 0, 88, 1, 1, 0, 195)
31 (1, 4, 0, 102, 0, 56, 0, 79, 1, 1, 0, 219)
32 (1, 4, 0, 157, 0, 62, 0, 106, 1, 1, 0, 216)
1 (1, 4, 0, 256, 0, 58, 0, 211, 1, 1, 0, 48)
2 (1, 4, 459, 101, 0, 0, 8, 331, 0, 1, 0, 230)
3 (1, 4, 450, 0, 114, 0, 57, 258, 0, 1, 0, 98)
4 (1, 4, 355, 0, 336, 0, 25, 146, 0, 1, 0, 79)
5 (1, 4, 214, 0, 519, 0, 0, 41, 0, 1, 0, 134)
6 (1, 4, 170, 0, 470, 0, 0, 0, 1, 1, 0, 144)
7 (1, 4, 256, 72, 590, 0, 0, 0, 1, 1, 0, 201)
8 (1, 4, 0, 362, 543, 67, 0, 0, 1, 1, 0, 101)
9 (1, 4, 0, 690, 0, 205, 0, 79, 1, 1, 0, 42)
10 (1, 4, 0, 645, 0, 98, 0, 301, 0, 1, 0, 124)
11 (1, 4, 92, 265, 0, 0, 0, 466, 0, 1, 0, 91)
12 (1, 4, 626, 0, 0, 0, 28, 357, 0, 1, 0, 99)
13 (1, 4, 103, 0, 0, 0, 67, 75, 1, 1, 0, 75)
14 (1, 4, 255, 0, 431, 0, 1, 0, 1, 1, 0, 228)
15 (1, 4, 534, 0, 872, 0, 0, 0, 2, 3, 0, 153)
16 (1, 4, 0, 596, 498, 143, 0, 0, 1, 1, 0, 115)
17 (1, 4, 0, 858, 0, 198, 0, 161, 1, 1, 0, 173)
18 (1, 4, 66, 577, 0, 0, 0, 497, 1, 1, 0, 82)
19 (1, 4, 710, 16, 0, 0, 13, 357, 1, 1, 0, 150)
20 (1, 4, 631, 0, 76, 0, 25, 103, 1, 1, 0, 36)
21 (1, 4, 355, 0, 422, 0, 0, 0, 1, 1, 0, 10)
22 (1, 4, 495, 5, 609, 0, 0, 0, 1, 1, 0, 48)
23 (1, 4, 0, 455, 511, 91, 0, 0, 1, 1, 0, 102)
24 (1, 4, 0, 561, 0, 191, 0, 49, 1, 1, 0, 23)
25 (1, 4, 0, 544, 0, 119, 0, 256, 1, 1, 0, 199)
26 (1, 4, 0, 283, 0, 71, 0, 308, 1, 1, 0, 62)
27 (1, 4, 177, 76, 0, 0, 0, 323, 1, 1, 0, 171)
28 (1, 4, 346, 0, 0, 0, 6, 230, 1, 1, 0, 195)
29 (1, 4, 356, 0, 0, 0, 0, 126, 1, 1, 0, 18)
30 (1, 4, 0, 64, 0, 69, 0, 99, 1, 1, 0, 192)
31 (1, 4, 0, 53, 0, 67, 0, 96, 1, 1, 0, 171)
32 (1, 4, 0, 111, 0, 73, 0, 100, 1, 1, 0, 36)
1 (1, 4, 0, 175, 0, 66, 0, 108, 1, 1, 0, 149)
2 (1, 4, 0, 198, 0, 26, 0, 152, 0, 1, 0, 162)
3 (1, 4, 3, 114, 0, 43, 8, 170, 0, 1, 0, 195)
4 (1, 4, 159, 0, 0, 21, 0, 252, 1, 1, 0, 110)
5 (1, 4, 358, 0, 22, 0, 24, 226, 0, 1, 0, 224)
6 (1, 4, 449, 0, 258, 0, 35, 174, 0, 1, 0, 124)
7 (1, 4, 110, 0, 457, 0, 0, 61, 0, 1, 0, 66)
8 (1, 4, 37, 0, 426, 0, 0, 0, 0, 1, 0, 37)
9 (1, 4, 403, 45, 496, 38, 0, 0, 1, 1, 0, 241)
10 (1, 4, 0, 454, 300, 164, 0, 0, 0, 1, 0, 188)
11 (1, 4, 0, 598, 0, 220, 0, 95, 0, 1, 0, 233)
12 (1, 4, 0, 306, 0, 110, 0, 395, 0, 1, 0, 151)
13 (1, 4, 231, 57, 0, 0, 0, 381, 0, 1, 0, 159)
14 (1, 4, 436, 0, 0, 0, 77, 207, 0, 1, 0, 106)
15 (1, 4, 464, 0, 108, 0, 23, 114, 0, 1, 0, 239)
16 (1, 4, 252, 0, 310, 0, 0, 0, 0, 1, 0, 75)
17 (1, 4, 338, 30, 431, 0, 0, 0, 0, 1, 0, 12)
18 (1, 4, 0, 288, 424, 63, 0, 0, 0, 1, 0, 103)
19 (1, 4, 0, 648, 110, 167, 0, 0, 0, 1, 0, 187)
20 (1, 4, 0, 486, 0, 157, 0, 304, 0, 1, 0, 157)
21 (1, 4, 42, 269, 0, 59, 0, 406, 0, 1, 0, 252)
22 (1, 4, 442, 0, 0, 0, 35, 356, 0, 1, 0, 119)
23 (1, 4, 368, 0, 0, 0, 86, 150, 0, 1, 0, 162)
24 (1, 4, 451, 0, 189, 0, 12, 72, 0, 1, 0, 18)
25 (1, 4, 305, 0, 320, 0, 0, 0, 0, 1, 0, 152)
26 (1, 4, 299, 64, 453, 0, 0, 0, 0, 1, 0, 172)
27 (1, 4, 118, 279, 564, 18, 0, 0, 0, 1, 0, 181)
28 (1, 4, 0, 438, 515, 70, 0, 0, 0, 1, 0, 115)
29 (1, 4, 0, 511, 125, 134, 0, 74, 0, 1, 0, 149)
30 (1, 4, 272, 0, 3, 0, 50, 258, 0, 1, 0, 166)
31 (1, 4, 317, 0, 120, 0, 23, 191, 0, 1, 0, 92)
32 (1, 4, 361, 0, 254, 0, 0, 112, 0, 1, 0, 86)
1 (1, 4, 222, 0, 291, 0, 0, 42, 0, 1, 0, 215)
2 (1, 4, 316, 0, 329, 5, 0, 12, 0, 1, 0, 10)
3 (1, 4, 366, 211, 426, 19, 0, 0, 0, 1, 0, 33)
4 (1, 4, 116, 423, 503, 4, 0, 0, 0, 1, 0, 232)
5 (1, 4, 0, 515, 464, 12, 0, 0, 0, 1, 0, 172)
6 (1, 4, 0, 425, 149, 106, 0, 81, 0, 1, 0, 194)
7 (1, 4, 0, 508, 0, 137, 0, 170, 0, 1, 0, 138)
8 (1, 4, 0, 351, 0, 126, 0, 252, 0, 1, 0, 240)
9 (1, 4, 44, 158, 0, 0, 0, 328, 0, 1, 0, 120)
10 (1, 4, 411, 0, 0, 0, 0, 319, 0, 1, 0, 34)
11 (1, 4, 659, 0, 0, 0, 23, 204, 0, 1, 0, 75)
12 (1, 4, 539, 0, 81, 0, 0, 75, 0, 1, 0, 74)
13 (1, 4, 314, 0, 340, 0, 0, 0, 0, 1, 0, 219)
14 (1, 4, 368, 201, 612, 5, 0, 0, 1, 1, 0, 221)
15 (1, 4, 0, 537, 538, 101, 0, 0, 1, 1, 0, 212)
16 (1, 4, 0, 815, 0, 198, 0, 108, 0, 1, 0, 15)
17 (1, 4, 0, 404, 0, 153, 0, 395, 0, 1, 0, 216)
18 (1, 4, 248, 185, 0, 0, 0, 429, 0, 1, 0, 56)
19 (1, 4, 466, 0, 0, 0, 59, 259, 0, 1, 0, 250)
20 (1, 4, 482, 0, 0, 0, 9, 128, 0, 1, 0, 98)
21 (1, 4, 478, 0, 245, 0, 0, 14, 0, 1, 0, 88)
22 (1, 4, 311, 0, 359, 0, 0, 0, 0, 1, 0, 167)
23 (1, 4, 419, 331, 550, 0, 0, 0, 0, 1, 0, 239)
24 (1, 4, 0, 409, 525, 3, 0, 0, 0, 1, 0, 123)
25 (1, 4, 0, 371, 450, 75, 0, 47, 0, 1, 0, 36)
26 (1, 4, 0, 302, 196, 135, 0, 61, 0, 1, 0, 160)
27 (1, 4, 0, 418, 0, 146, 0, 129, 0, 1, 0, 111)
28 (1, 4, 0, 403, 0, 90, 0, 169, 0, 1, 0, 178)
29 (1, 4, 0, 325, 0, 40, 0, 233, 0, 1, 0, 86)
30 (1, 4, 229, 0, 374, 2, 0, 0, 0, 1, 0, 16)
31 (1, 4, 232, 217, 405, 30, 0, 0, 0, 1, 0, 143)
32 (1, 4, 65, 475, 387, 22, 0, 0, 0, 1, 0, 93)
1 (1, 4, 0, 474, 399, 58, 0, 0, 0, 1, 0, 224)
2 (1, 4, 0, 537, 0, 128, 0, 122, 0, 1, 0, 118)
3 (1, 4, 0, 377, 0, 128, 0, 248, 0, 1, 0, 44)
4 (1, 4, 0, 197, 0, 51, 0, 303, 0, 1, 0, 182)
5 (1, 4, 276, 22, 0, 0, 0, 363, 0, 1, 0, 88)
6 (1, 4, 478, 0, 0, 0, 48, 256, 0, 1, 0, 158)
7 (1, 4, 303, 0, 0, 0, 46, 86, 0, 1, 0, 13)
8 (1, 4, 371, 0, 178, 0, 5, 10, 0, 1, 0, 61)
9 (1, 4, 315, 0, 293, 0, 0, 0, 0, 1, 0, 59)
10 (1, 4, 274, 290, 411, 5, 0, 0, 0, 1, 0, 22)
11 (1, 4, 0, 465, 400, 23, 0, 0, 0, 1, 0, 223)
12 (1, 4, 0, 635, 320, 43, 0, 49, 0, 1, 0, 168)
13 (1, 4, 0, 542, 89, 52, 0, 167, 0, 1, 0, 75)
14 (1, 4, 0, 246, 0, 73, 0, 205, 0, 1, 0, 62)
15 (1, 4, 0, 213, 0, 34, 0, 207, 0, 1, 0, 120)
16 (1, 4, 0, 71, 0, 8, 0, 215, 0, 1, 0, 99)
17 (1, 4, 68, 17, 0, 0, 0, 161, 0, 1, 0, 132)
18 (1, 4, 81, 0, 0, 0, 0, 132, 0, 1, 0, 141)
19 (1, 4, 125, 0, 0, 0, 0, 114, 0, 1, 0, 115)
20 (1, 4, 143, 0, 0, 0, 0, 96, 0, 1, 0, 190)
21 (1, 4, 11, 0, 0, 17, 0, 97, 0, 1, 0, 164)
22 (1, 4, 27, 0, 0, 28, 0, 93, 0, 1, 0, 50)
23 (1, 4, 0, 0, 0, 49, 0, 98, 0, 1, 0, 73)
24 (1, 4, 0, 0, 0, 48, 0, 107, 0, 1, 0, 99)
25 (1, 4, 1, 42, 0, 59, 0, 107, 0, 1, 0, 168)
26 (1, 4, 0, 0, 0, 51, 0, 116, 0, 1, 0, 104)
27 (1, 4, 0, 24, 0, 53, 0, 119, 0, 1, 0, 158) [FRAGMENTED]
28 (1, 4, 0, 22, 0, 52, 0, 106, 0, 1, 0, 22)
29 (1, 4, 0, 47, 0, 59, 0, 96, 0, 1, 0, 69)
30 (1, 4, 27, 132, 0, 77, 4, 132, 0, 1, 0, 30)
31 (1, 4, 354, 246, 0, 18, 11, 264, 0, 1, 0, 147)
32 (1, 4, 373, 0, 76, 0, 59, 255, 0, 1, 0, 16)
1 (1, 4, 314, 0, 208, 0, 19, 172, 0, 1, 0, 147)
2 (1, 4, 322, 0, 371, 0, 0, 71, 0, 1, 0, 72)
3 (1, 4, 173, 0, 365, 0, 0, 7, 0, 1, 0, 188)
4 (1, 4, 332, 35, 419, 0, 0, 0, 1, 1, 0, 71)
5 (1, 4, 0, 313, 408, 55, 0, 0, 1, 1, 0, 27)
6 (1, 4, 0, 694, 322, 146, 0, 0, 1, 1, 0, 66)
7 (1, 4, 0, 522, 0, 150, 0, 252, 0, 1, 0, 60)
8 (1, 4, 0, 261, 0, 119, 0, 400, 0, 1, 0, 121)
9 (1, 4, 299, 48, 0, 0, 0, 386, 0, 1, 0, 11)
10 (1, 4, 482, 0, 0, 0, 53, 226, 0, 1, 0, 149)
11 (1, 4, 381, 0, 28, 0, 26, 94, 0, 1, 0, 100)
12 (1, 4, 339, 0, 229, 0, 0, 7, 0, 1, 0, 65)
13 (1, 4, 307, 0, 335, 0, 0, 0, 0, 1, 0, 221)
14 (1, 4, 111, 228, 507, 23, 0, 0, 1, 1, 0, 130)
15 (1, 4, 0, 410, 394, 113, 0, 0, 0, 1, 0, 165)
16 (1, 4, 0, 502, 129, 160, 0, 85, 0, 1, 0, 123)
17 (1, 4, 0, 369, 0, 140, 0, 172, 0, 1, 0, 248)
18 (1, 4, 0, 257, 0, 64, 0, 241, 0, 1, 0, 242)
19 (1, 4, 0, 118, 0, 26, 0, 234, 0, 1, 0, 142)
20 (1, 4, 58, 0, 0, 0, 0, 212, 0, 1, 0, 55)
21 (1, 4, 110, 0, 0, 0, 0, 148, 0, 1, 0, 35)
22 (1, 4, 118, 0, 0, 0, 0, 124, 0, 1, 0, 55)
23 (1, 4, 103, 0, 0, 0, 1, 85, 0, 1, 0, 52)
24 (1, 4, 61, 0, 0, 17, 16, 79, 0, 1, 0, 165)
25 (1, 4, 49, 0, 0, 34, 19, 85, 0, 1, 0, 217)
26 (1, 4, 15, 0, 0, 55, 30, 81, 0, 1, 0, 16)
27 (1, 4, 0, 13, 1, 64, 28, 95, 0, 1, 0, 64)

