0 (1, 4, 48, 489, 30, 32, 0, 124, 3, 4, 0, 4)
1 (1, 4, 0, 327, 0, 93, 0, 203, 3, 6, 0, 59)
2 (1, 4, 0, 76, 0, 102, 0, 256, 2, 4, 0, 172)
3 (1, 4, 0, 0, 0, 58, 0, 246, 2, 4, 0, 184)
4 (1, 4, 0, 0, 0, 30, 78, 180, 1, 3, 0, 171)
5 (1, 4, 45, 0, 0, 5, 94, 117, 1, 3, 0, 145)
6 (1, 4, 137, 0, 0, 0, 68, 62, 1, 3, 0, 103)
7 (1, 4, 222, 0, 129, 0, 34, 21, 1, 3, 0, 106)
8 (1, 4, 245, 0, 223, 0, 0, 0, 1, 3, 0, 0)
9 (1, 4, 289, 106, 284, 0, 0, 0, 1, 3, 0, 53)
10 (1, 4, 160, 337, 348, 0, 0, 0, 1, 3, 0, 250)
11 (1, 4, 1, 473, 171, 0, 0, 25, 1, 3, 0, 65)
12 (1, 4, 0, 525, 0, 32, 0, 98, 2, 3, 0, 162)
13 (1, 4, 0, 362, 0, 100, 0, 192, 1, 3, 0, 84)
14 (1, 4, 0, 30, 0, 91, 0, 271, 2, 4, 0, 95)
15 (1, 4, 0, 0, 0, 60, 19, 233, 1, 4, 0, 120)
16 (1, 4, 125, 0, 0, 1, 66, 136, 2, 4, 0, 110)
17 (1, 4, 142, 0, 0, 0, 52, 90, 2, 5, 0, 149)
18 (1, 4, 209, 0, 66, 0, 38, 50, 2, 3, 0, 118)
19 (1, 4, 280, 0, 167, 0, 20, 26, 2, 3, 0, 153)
20 (1, 4, 293, 0, 248, 9, 0, 0, 2, 3, 0, 36)
21 (1, 4, 396, 115, 268, 21, 0, 0, 2, 3, 0, 139)
22 (1, 4, 324, 320, 282, 5, 0, 25, 2, 3, 0, 230)
23 (1, 4, 190, 369, 189, 22, 0, 55, 2, 3, 0, 195)
24 (1, 4, 14, 412, 91, 14, 0, 98, 2, 3, 0, 219)
25 (1, 4, 0, 401, 0, 44, 0, 91, 3, 5, 0, 95)
26 (1, 4, 0, 366, 0, 40, 0, 128, 6, 5, 0, 206)
27 (1, 4, 0, 276, 0, 22, 0, 159, 4, 4, 0, 17)
28 (1, 4, 0, 197, 0, 2, 0, 147, 1, 4, 0, 91)
29 (1, 4, 0, 163, 0, 0, 0, 100, 1, 3, 0, 43)
30 (1, 4, 0, 144, 0, 0, 0, 88, 1, 3, 0, 189)
31 (1, 4, 58, 123, 0, 3, 0, 91, 1, 3, 0, 154)
0 (1, 4, 40, 59, 17, 27, 0, 70, 2, 2, 0, 95)
1 (1, 4, 131, 68, 0, 50, 0, 43, 2, 2, 0, 63)
2 (1, 4, 233, 132, 0, 54, 0, 78, 2, 2, 0, 173)
3 (1, 4, 187, 6, 0, 56, 0, 156, 2, 2, 0, 171)
4 (1, 4, 324, 0, 0, 49, 0, 223, 2, 4, 0, 70)
5 (1, 4, 297, 0, 27, 0, 35, 237, 2, 3, 0, 108)
6 (1, 4, 166, 0, 141, 0, 50, 188, 2, 4, 0, 125)
7 (1, 4, 101, 0, 167, 0, 31, 120, 2, 3, 0, 100)
8 (1, 4, 213, 0, 178, 0, 7, 69, 2, 3, 0, 149)
9 (1, 4, 293, 0, 223, 0, 0, 17, 2, 3, 0, 212)
10 (1, 4, 406, 0, 241, 0, 0, 0, 2, 3, 0, 203)
11 (1, 4, 406, 148, 268, 0, 0, 0, 2, 3, 0, 209)
12 (1, 4, 147, 456, 247, 0, 0, 0, 2, 3, 0, 90)
13 (1, 4, 0, 631, 93, 0, 0, 27, 3, 4, 0, 49)
14 (1, 4, 0, 565, 0, 83, 0, 121, 4, 4, 0, 90)
15 (1, 4, 0, 408, 0, 110, 0, 248, 8, 14, 0, 172)
16 (1, 4, 0, 0, 0, 38, 0, 287, 2, 5, 0, 210)
17 (1, 4, 54, 0, 0, 0, 31, 217, 2, 4, 0, 23)
18 (1, 4, 202, 0, 0, 0, 61, 156, 2, 4, 0, 244)
19 (1, 4, 203, 0, 0, 0, 59, 96, 2, 4, 0, 201)
20 (1, 4, 284, 0, 57, 0, 40, 54, 3, 5, 0, 105)
21 (1, 4, 322, 0, 225, 0, 36, 8, 3, 4, 0, 128)
22 (1, 4, 443, 16, 329, 0, 14, 0, 2, 3, 0, 106)
23 (1, 4, 321, 216, 432, 0, 0, 0, 2, 3, 0, 255)
24 (1, 4, 327, 339, 376, 0, 0, 28, 2, 3, 0, 174)
25 (1, 4, 196, 499, 314, 0, 0, 66, 2, 3, 0, 12)
26 (1, 4, 0, 485, 148, 0, 0, 76, 1, 2, 0, 10)
27 (1, 4, 54, 546, 0, 0, 0, 188, 2, 2, 0, 106)
28 (1, 4, 0, 424, 0, 0, 0, 222, 2, 2, 0, 195)
29 (1, 4, 0, 183, 0, 0, 0, 192, 1, 2, 0, 165)
30 (1, 4, 0, 25, 0, 0, 0, 181, 0, 2, 0, 157)
31 (1, 4, 0, 0, 0, 0, 0, 175, 0, 2, 0, 122)
0 (1, 4, 525, 0, 366, 0, 0, 0, 2, 2, 0, 187)
1 (1, 4, 272, 358, 455, 0, 0, 0, 2, 3, 0, 68)
2 (1, 4, 99, 502, 284, 0, 0, 0, 5, 8, 0, 45)
3 (1, 4, 0, 766, 22, 0, 0, 73, 2, 2, 0, 250)
4 (1, 4, 0, 682, 0, 9, 0, 256, 3, 2, 0, 16)
5 (1, 4, 0, 323, 0, 0, 0, 306, 0, 2, 0, 244)
6 (1, 4, 72, 0, 0, 0, 0, 291, 0, 2, 0, 191)
7 (1, 4, 138, 0, 0, 0, 27, 189, 0, 1, 0, 27)
8 (1, 4, 239, 0, 0, 0, 32, 120, 0, 1, 0, 196)
9 (1, 4, 370, 0, 0, 0, 23, 84, 0, 1, 0, 171)
10 (1, 4, 435, 0, 100, 0, 17, 15, 1, 1, 0, 11)
11 (1, 4, 407, 0, 229, 0, 0, 0, 1, 1, 0, 148)
12 (1, 4, 559, 84, 285, 0, 0, 0, 1, 1, 0, 130)
13 (1, 4, 577, 388, 307, 0, 0, 0, 1, 1, 0, 173)
14 (1, 4, 380, 610, 322, 0, 0, 72, 1, 1, 0, 84)
15 (1, 4, 10, 660, 227, 0, 0, 130, 1, 2, 0, 173)
16 (1, 4, 73, 523, 0, 0, 0, 182, 2, 2, 0, 9)
17 (1, 4, 0, 389, 0, 0, 0, 142, 2, 2, 0, 75)
18 (1, 4, 0, 378, 0, 0, 0, 134, 13, 2, 0, 1)
19 (1, 4, 116, 301, 0, 0, 0, 134, 20, 2, 0, 62)
20 (1, 4, 149, 135, 0, 0, 0, 183, 0, 2, 0, 131)
21 (1, 4, 70, 0, 0, 0, 0, 152, 0, 1, 0, 11)
22 (1, 4, 47, 0, 0, 0, 0, 137, 0, 1, 0, 55)
23 (1, 4, 66, 0, 0, 0, 0, 109, 0, 1, 0, 36)
24 (1, 4, 52, 0, 0, 0, 0, 53, 0, 1, 0, 210)
25 (1, 4, 1, 0, 0, 10, 0, 27, 0, 1, 0, 130)
26 (1, 4, 18, 0, 0, 31, 0, 12, 0, 1, 0, 36)
27 (1, 4, 20, 0, 0, 44, 0, 25, 0, 1, 0, 70)
28 (1, 4, 0, 34, 0, 72, 0, 27, 1, 1, 0, 170)
29 (1, 4, 0, 108, 0, 66, 0, 50, 1, 1, 0, 127)
30 (1, 4, 0, 102, 34, 73, 0, 57, 1, 1, 0, 37)
0 (1, 4, 147, 46, 0, 82, 0, 120, 0, 1, 0, 245)
1 (1, 4, 519, 0, 0, 48, 0, 206, 1, 4, 0, 110)
2 (1, 4, 533, 0, 0, 13, 59, 176, 0, 2, 0, 219)
3 (1, 4, 392, 0, 145, 0, 84, 150, 1, 1, 0, 227)
4 (1, 4, 156, 0, 400, 0, 62, 74, 1, 2, 0, 234)
5 (1, 4, 32, 0, 470, 0, 0, 0, 1, 2, 0, 84)
6 (1, 4, 447, 0, 368, 0, 0, 0, 2, 3, 0, 74)
7 (1, 4, 206, 607, 408, 0, 0, 0, 2, 3, 0, 62)
8 (1, 4, 0, 783, 134, 0, 0, 39, 3, 4, 0, 216)
9 (1, 4, 0, 695, 0, 36, 0, 195, 3, 3, 0, 52)
10 (1, 4, 0, 440, 0, 28, 0, 286, 1, 3, 0, 250)
11 (1, 4, 29, 79, 0, 0, 0, 313, 1, 3, 0, 91)
12 (1, 4, 157, 0, 0, 0, 22, 221, 0, 2, 0, 211)
13 (1, 4, 292, 0, 0, 0, 41, 169, 1, 2, 0, 156)
14 (1, 4, 293, 0, 0, 0, 28, 110, 1, 3, 0, 55)
15 (1, 4, 293, 0, 83, 0, 8, 43, 1, 3, 0, 129)
16 (1, 4, 355, 0, 164, 0, 0, 0, 2, 3, 0, 8)
17 (1, 4, 579, 0, 232, 0, 0, 0, 2, 3, 0, 208)
18 (1, 4, 637, 308, 349, 0, 0, 0, 2, 3, 0, 216)
19 (1, 4, 292, 552, 433, 0, 0, 30, 2, 3, 0, 10)
20 (1, 4, 40, 472, 337, 0, 0, 81, 2, 3, 0, 1)
21 (1, 4, 0, 350, 212, 28, 0, 93, 1, 2, 0, 71)
22 (1, 4, 0, 344, 0, 13, 0, 67, 1, 2, 0, 198)
23 (1, 4, 0, 404, 0, 0, 0, 77, 2, 2, 0, 54)
24 (1, 4, 0, 434, 0, 0, 0, 120, 3, 3, 0, 146)
25 (1, 4, 0, 282, 0, 0, 0, 166, 1, 2, 0, 119)
26 (1, 4, 0, 29, 0, 0, 0, 205, 0, 2, 0, 154)
27 (1, 4, 0, 0, 0, 0, 0, 181, 0, 2, 0, 250)
28 (1, 4, 38, 0, 0, 0, 0, 134, 0, 2, 0, 13)
29 (1, 4, 185, 0, 0, 0, 0, 94, 1, 2, 0, 54)
30 (1, 4, 189, 0, 0, 0, 1, 51, 1, 1, 0, 110)
0 (1, 4, 721, 0, 210, 0, 50, 136, 2, 3, 0, 49)
1 (1, 4, 195, 0, 512, 0, 19, 53, 2, 2, 0, 142)
2 (1, 4, 126, 0, 400, 0, 0, 0, 3, 4, 0, 90)
3 (1, 4, 347, 99, 266, 0, 0, 0, 2, 3, 0, 89)
4 (1, 4, 53, 468, 349, 0, 0, 0, 3, 4, 0, 17)
5 (1, 4, 0, 722, 209, 0, 0, 105, 4, 5, 0, 66)
6 (1, 4, 0, 519, 0, 0, 0, 141, 2, 3, 0, 2)
7 (1, 4, 0, 476, 0, 0, 0, 259, 20, 8, 0, 178)
8 (1, 4, 0, 274, 0, 0, 0, 263, 6, 7, 0, 240)
9 (1, 4, 176, 0, 0, 0, 0, 248, 0, 3, 0, 166)
10 (1, 4, 227, 0, 0, 0, 0, 176, 1, 3, 0, 16)
11 (1, 4, 366, 0, 0, 0, 17, 140, 2, 5, 0, 139)
12 (1, 4, 389, 0, 36, 0, 61, 84, 1, 3, 0, 16)
13 (1, 4, 323, 0, 247, 0, 36, 33, 2, 3, 0, 96)
14 (1, 4, 346, 0, 312, 0, 0, 0, 2, 4, 0, 118)
15 (1, 4, 593, 137, 346, 0, 0, 0, 2, 4, 0, 63)
16 (1, 4, 36, 651, 462, 0, 0, 17, 3, 4, 0, 189)
17 (1, 4, 139, 479, 227, 0, 0, 51, 3, 6, 0, 62)
18 (1, 4, 0, 605, 0, 0, 0, 73, 5, 6, 0, 109)
19 (1, 4, 0, 537, 0, 0, 0, 173, 9, 5, 0, 4)
20 (1, 4, 0, 460, 0, 0, 0, 263, 20, 5, 0, 55)
21 (1, 4, 118, 0, 0, 0, 0, 286, 0, 3, 0, 149)
22 (1, 4, 67, 0, 0, 0, 24, 217, 0, 2, 0, 94)
23 (1, 4, 69, 0, 0, 0, 0, 145, 1, 3, 0, 152)
24 (1, 4, 154, 0, 0, 0, 0, 95, 1, 2, 0, 60)
25 (1, 4, 188, 0, 0, 0, 0, 73, 1, 2, 0, 192)
26 (1, 4, 173, 0, 98, 0, 0, 52, 2, 4, 0, 168)
27 (1, 4, 82, 0, 114, 0, 0, 21, 1, 2, 0, 147)
28 (1, 4, 21, 0, 35, 45, 0, 0, 1, 2, 0, 43)
29 (1, 4, 123, 0, 0, 75, 0, 0, 1, 2, 0, 10)
30 (1, 4, 188, 76, 19, 97, 0, 0, 1, 2, 0, 189)
0 (1, 4, 28, 0, 428, 0, 33, 0, 2, 2, 0, 0)
1 (1, 4, 0, 287, 506, 0, 0, 0, 3, 4, 0, 3)
2 (1, 4, 12, 291, 401, 0, 0, 0, 2, 2, 0, 156)
3 (1, 4, 84, 628, 356, 0, 0, 0, 8, 11, 0, 235)
4 (1, 4, 0, 750, 0, 0, 0, 121, 3, 4, 0, 248)
5 (1, 4, 71, 474, 0, 0, 0, 300, 3, 2, 0, 98)
6 (1, 4, 0, 318, 0, 0, 0, 355, 1, 2, 0, 35)
7 (1, 4, 83, 0, 0, 0, 0, 303, 1, 2, 0, 192)
8 (1, 4, 243, 0, 0, 0, 43, 192, 1, 1, 0, 86)
9 (1, 4, 104, 0, 0, 0, 45, 76, 1, 2, 0, 120)
10 (1, 4, 22, 0, 0, 0, 17, 26, 1, 1, 0, 207)
11 (1, 4, 47, 0, 0, 0, 10, 20, 1, 2, 0, 194)
12 (1, 4, 243, 0, 19, 0, 16, 21, 2, 3, 0, 150)
13 (1, 4, 427, 0, 122, 28, 32, 15, 2, 2, 0, 176)
14 (1, 4, 413, 0, 257, 55, 34, 0, 3, 3, 0, 161)
15 (1, 4, 404, 233, 414, 44, 10, 0, 3, 4, 0, 186)
16 (1, 4, 421, 531, 493, 0, 0, 19, 1, 1, 0, 143)
17 (1, 4, 153, 450, 241, 0, 0, 99, 3, 3, 0, 121)
18 (1, 4, 0, 468, 0, 0, 0, 118, 3, 3, 0, 66)
19 (1, 4, 0, 557, 0, 0, 0, 109, 5, 3, 0, 89)
20 (1, 4, 0, 408, 0, 0, 0, 201, 4, 3, 0, 128)
21 (1, 4, 0, 175, 0, 0, 0, 233, 1, 2, 0, 227)
22 (1, 4, 77, 0, 0, 0, 0, 242, 1, 2, 0, 1)
23 (1, 4, 31, 0, 0, 0, 10, 150, 1, 2, 0, 214)
24 (1, 4, 8, 0, 0, 0, 0, 112, 1, 1, 0, 48)
25 (1, 4, 38, 0, 0, 0, 0, 65, 1, 1, 0, 14)
26 (1, 4, 18, 0, 0, 6, 0, 23, 1, 1, 0, 9)
27 (1, 4, 47, 0, 0, 34, 0, 0, 1, 1, 0, 61)
28 (1, 4, 184, 0, 0, 61, 0, 0, 1, 1, 0, 176)
29 (1, 4, 239, 14, 0, 76, 0, 0, 1, 1, 0, 35)
30 (1, 4, 226, 101, 0, 79, 0, 0, 1, 2, 0, 211)
31 (1, 4, 135, 192, 0, 79, 0, 7, 1, 1, 0, 169)
0 (1, 4, 312, 0, 199, 0, 77, 104, 1, 2, 0, 63)
1 (1, 4, 204, 0, 245, 0, 30, 45, 2, 3, 0, 38)
2 (1, 4, 365, 0, 214, 0, 6, 1, 2, 3, 0, 199)
3 (1, 4, 494, 161, 253, 3, 16, 0, 2, 3, 0, 37)
4 (1, 4, 362, 439, 314, 0, 13, 0, 3, 5, 0, 105)
5 (1, 4, 96, 771, 397, 0, 0, 14, 1, 1, 0, 53)
6 (1, 4, 156, 688, 0, 0, 0, 133, 3, 3, 0, 151)
7 (1, 4, 0, 642, 0, 0, 0, 197, 5, 5, 0, 151)
8 (1, 4, 0, 407, 0, 2, 0, 233, 11, 4, 0, 136)
9 (1, 4, 0, 342, 0, 0, 0, 311, 20, 4, 0, 144)
10 (1, 4, 163, 0, 0, 0, 0, 340, 0, 2, 0, 162)
11 (1, 4, 230, 0, 0, 0, 48, 246, 0, 2, 0, 46)
12 (1, 4, 261, 0, 0, 0, 43, 149, 1, 2, 0, 74)
13 (1, 4, 297, 0, 0, 0, 31, 99, 1, 2, 0, 223)
14 (1, 4, 362, 0, 182, 0, 16, 47, 1, 2, 0, 54)
15 (1, 4, 315, 0, 209, 0, 0, 22, 1, 2, 0, 115)
16 (1, 4, 315, 0, 254, 0, 0, 0, 1, 2, 0, 203)
17 (1, 4, 325, 84, 406, 0, 0, 0, 2, 3, 0, 32)
18 (1, 4, 232, 497, 507, 0, 0, 0, 3, 4, 0, 248)
19 (1, 4, 126, 521, 375, 0, 0, 20, 4, 5, 0, 100)
20 (1, 4, 0, 605, 65, 0, 0, 40, 1, 2, 0, 29)
21 (1, 4, 0, 697, 0, 0, 0, 140, 1, 2, 0, 182)
22 (1, 4, 0, 584, 0, 0, 0, 233, 2, 1, 0, 119)
23 (1, 4, 46, 237, 0, 0, 0, 257, 1, 1, 0, 142)
24 (1, 4, 268, 0, 0, 0, 0, 249, 2, 5, 0, 184)
25 (1, 4, 226, 0, 0, 0, 18, 188, 2, 5, 0, 45)
26 (1, 4, 285, 0, 0, 0, 20, 128, 2, 3, 0, 79)
27 (1, 4, 264, 0, 0, 0, 14, 67, 3, 4, 0, 242)
28 (1, 4, 270, 0, 127, 0, 11, 29, 3, 5, 0, 180)
29 (1, 4, 206, 0, 224, 0, 0, 1, 3, 4, 0, 144)
30 (1, 4, 254, 0, 285, 0, 0, 0, 2, 3, 0, 188)
31 (1, 4, 354, 32, 339, 15, 0, 0, 2, 3, 0, 82)
0 (1, 4, 96, 0, 414, 0, 0, 0, 1, 2, 0, 154)
1 (1, 4, 254, 149, 428, 0, 0, 0, 1, 2, 0, 154)
2 (1, 4, 0, 433, 235, 0, 0, 0, 1, 2, 0, 203)
3 (1, 4, 0, 616, 0, 0, 0, 71, 1, 1, 0, 30)
4 (1, 4, 0, 473, 0, 4, 0, 231, 2, 2, 0, 109)
5 (1, 4, 36, 98, 0, 0, 0, 307, 1, 2, 0, 36)
6 (1, 4, 376, 0, 0, 0, 79, 252, 0, 1, 0, 88)
7 (1, 4, 115, 0, 0, 0, 104, 59, 1, 1, 0, 227)
8 (1, 4, 167, 0, 235, 0, 48, 0, 1, 1, 0, 244)
9 (1, 4, 504, 0, 407, 0, 0, 0, 1, 2, 0, 53)
10 (1, 4, 358, 327, 559, 0, 0, 0, 4, 5, 0, 32)
11 (1, 4, 0, 435, 393, 0, 0, 0, 2, 3, 0, 28)
12 (1, 4, 0, 674, 0, 0, 0, 109, 2, 3, 0, 192)
13 (1, 4, 81, 413, 0, 0, 0, 261, 1, 2, 0, 119)
14 (1, 4, 561, 0, 0, 0, 76, 400, 1, 1, 0, 18)
15 (1, 4, 239, 0, 0, 0, 241, 67, 1, 2, 0, 55)
16 (1, 4, 0, 0, 455, 0, 104, 0, 2, 3, 0, 99)
17 (1, 4, 451, 90, 655, 0, 0, 0, 3, 5, 0, 186)
18 (1, 4, 0, 633, 406, 0, 0, 0, 1, 2, 0, 131)
19 (1, 4, 0, 518, 0, 0, 0, 91, 2, 3, 0, 103)
20 (1, 4, 27, 414, 0, 0, 0, 324, 1, 2, 0, 208)
21 (1, 4, 189, 0, 0, 0, 10, 309, 1, 1, 0, 193)
22 (1, 4, 71, 0, 0, 0, 36, 140, 1, 2, 0, 146)
23 (1, 4, 62, 0, 0, 0, 0, 56, 1, 2, 0, 33)
24 (1, 4, 56, 0, 0, 0, 0, 21, 1, 2, 0, 228)
25 (1, 4, 100, 0, 0, 18, 0, 0, 1, 2, 0, 117)
26 (1, 4, 79, 0, 0, 57, 0, 0, 1, 2, 0, 224)
27 (1, 4, 30, 0, 23, 80, 0, 0, 1, 3, 0, 173)
28 (1, 4, 14, 20, 0, 87, 0, 5, 2, 2, 0, 86)
29 (1, 4, 29, 51, 0, 89, 0, 6, 2, 2, 0, 184)
30 (1, 4, 50, 93, 15, 88, 0, 13, 2, 3, 0, 193)
31 (1, 4, 44, 88, 48, 90, 0, 22, 2, 3, 0, 163)
0 (1, 4, 83, 0, 341, 0, 0, 0, 1, 1, 0, 31)
1 (1, 4, 163, 0, 369, 0, 0, 0, 2, 3, 0, 116)
2 (1, 4, 62, 377, 411, 0, 0, 0, 2, 3, 0, 99)
3 (1, 4, 0, 609, 202, 0, 0, 0, 1, 2, 0, 106)
4 (1, 4, 0, 585, 0, 0, 0, 156, 2, 2, 0, 226)
5 (1, 4, 0, 306, 0, 0, 0, 261, 2, 4, 0, 185)
6 (1, 4, 205, 0, 0, 0, 4, 290, 1, 3, 0, 169)
7 (1, 4, 62, 0, 0, 0, 59, 192, 1, 3, 0, 223)
8 (1, 4, 276, 0, 0, 0, 54, 72, 3, 5, 0, 244)
9 (1, 4, 307, 0, 264, 0, 33, 0, 1, 2, 0, 104)
10 (1, 4, 541, 0, 490, 0, 0, 0, 1, 2, 0, 82)
11 (1, 4, 72, 355, 572, 0, 0, 0, 1, 2, 0, 150)
12 (1, 4, 41, 366, 327, 0, 0, 0, 2, 3, 0, 93)
13 (1, 4, 0, 638, 97, 0, 0, 42, 2, 3, 0, 141)
14 (1, 4, 3, 625, 0, 0, 0, 157, 4, 3, 0, 31)
15 (1, 4, 43, 381, 0, 0, 0, 181, 2, 3, 0, 233)
16 (1, 4, 152, 0, 0, 0, 0, 191, 1, 2, 0, 78)
17 (1, 4, 0, 0, 0, 0, 0, 151, 1, 2, 0, 128)
18 (1, 4, 113, 0, 0, 0, 0, 126, 1, 2, 0, 123)
19 (1, 4, 279, 0, 0, 0, 0, 103, 1, 2, 0, 245)
20 (1, 4, 192, 0, 0, 0, 14, 90, 1, 2, 0, 67)
21 (1, 4, 223, 0, 53, 3, 4, 56, 1, 2, 0, 253)
22 (1, 4, 228, 0, 137, 13, 0, 18, 1, 2, 0, 129)
23 (1, 4, 280, 0, 183, 29, 0, 0, 2, 2, 0, 7)
24 (1, 4, 274, 0, 186, 54, 0, 0, 1, 2, 0, 139)
25 (1, 4, 192, 114, 202, 63, 0, 0, 1, 2, 0, 57)
26 (1, 4, 110, 211, 181, 57, 0, 14, 1, 2, 0, 142)
27 (1, 4, 33, 231, 140, 50, 0, 30, 1, 2, 0, 135)
28 (1, 4, 0, 266, 98, 57, 0, 53, 2, 2, 0, 92)
29 (1, 4, 0, 213, 62, 52, 0, 63, 2, 2, 0, 69)
30 (1, 4, 0, 204, 4, 47, 0, 80, 1, 2, 0, 165)
31 (1, 4, 0, 150, 0, 47, 0, 93, 1, 1, 0, 58)
0 (1, 4, 146, 0, 417, 0, 0, 0, 1, 1, 0, 88)
1 (1, 4, 234, 195, 506, 0, 0, 0, 2, 2, 0, 68)
2 (1, 4, 0, 554, 530, 0, 0, 0, 3, 3, 0, 94)
3 (1, 4, 69, 584, 0, 0, 0, 75, 3, 2, 0, 133)
4 (1, 4, 0, 564, 0, 0, 0, 182, 3, 3, 0, 229)
5 (1, 4, 119, 247, 0, 0, 0, 295, 1, 3, 0, 157)
6 (1, 4, 234, 0, 0, 0, 35, 290, 0, 1, 0, 149)
7 (1, 4, 346, 0, 0, 0, 106, 167, 0, 1, 0, 14)
8 (1, 4, 60, 0, 106, 0, 68, 52, 1, 1, 0, 112)
9 (1, 4, 146, 0, 235, 0, 1, 5, 1, 2, 0, 3)
10 (1, 4, 432, 0, 302, 0, 0, 0, 1, 2, 0, 148)
11 (1, 4, 366, 157, 491, 0, 0, 0, 3, 3, 0, 111)
12 (1, 4, 0, 474, 403, 0, 0, 0, 4, 5, 0, 129)
13 (1, 4, 0, 695, 11, 0, 0, 1, 1, 2, 0, 127)
14 (1, 4, 0, 630, 0, 0, 0, 156, 2, 2, 0, 240)
15 (1, 4, 44, 404, 0, 0, 0, 267, 1, 2, 0, 191)
16 (1, 4, 187, 0, 0, 0, 0, 242, 2, 3, 0, 83)
17 (1, 4, 189, 0, 0, 0, 27, 160, 2, 3, 0, 151)
18 (1, 4, 190, 0, 0, 0, 22, 82, 2, 3, 0, 218)
19 (1, 4, 155, 0, 70, 0, 10, 34, 1, 2, 0, 252)
20 (1, 4, 186, 0, 184, 0, 1, 0, 1, 2, 0, 33)
21 (1, 4, 300, 0, 265, 6, 0, 0, 1, 2, 0, 112)
22 (1, 4, 415, 91, 362, 17, 0, 0, 1, 2, 0, 205)
23 (1, 4, 259, 323, 385, 0, 0, 0, 2, 2, 0, 250)
24 (1, 4, 121, 495, 300, 0, 0, 45, 1, 2, 0, 174)
25 (1, 4, 50, 423, 59, 0, 0, 86, 2, 2, 0, 175)
26 (1, 4, 0, 426, 0, 0, 0, 115, 2, 2, 0, 197)
27 (1, 4, 0, 362, 0, 0, 0, 118, 3, 2, 0, 143)
28 (1, 4, 0, 244, 0, 0, 0, 133, 4, 2, 0, 252)
29 (1, 4, 0, 170, 0, 0, 0, 124, 0, 2, 0, 29)
0 (1, 4, 312, 270, 423, 0, 0, 0, 2, 2, 0, 111)
1 (1, 4, 159, 557, 473, 0, 0, 0, 2, 3, 0, 123)
2 (1, 4, 0, 617, 308, 0, 0, 79, 2, 2, 0, 216)
3 (1, 4, 63, 552, 0, 0, 0, 132, 1, 2, 0, 244)
4 (1, 4, 2, 426, 0, 0, 0, 177, 2, 2, 0, 175)
5 (1, 4, 0, 251, 0, 0, 0, 258, 1, 2, 0, 16)
6 (1, 4, 148, 0, 0, 0, 0, 275, 1, 2, 0, 155)
7 (1, 4, 145, 0, 0, 0, 24, 188, 1, 2, 0, 18)
8 (1, 4, 200, 0, 0, 0, 44, 98, 1, 2, 0, 84)
9 (1, 4, 220, 0, 0, 0, 54, 40, 1, 2, 0, 44)
10 (1, 4, 190, 0, 184, 0, 35, 0, 2, 3, 0, 43)
11 (1, 4, 186, 0, 274, 0, 0, 0, 2, 3, 0, 84)
12 (1, 4, 330, 92, 437, 3, 0, 0, 2, 4, 0, 187)
13 (1, 4, 0, 506, 459, 0, 0, 0, 2, 3, 0, 77)
14 (1, 4, 0, 636, 207, 0, 0, 0, 2, 3, 0, 208)
15 (1, 4, 0, 873, 0, 0, 0, 112, 3, 3, 0, 61)
16 (1, 4, 285, 160, 0, 0, 0, 467, 2, 5, 0, 78)
17 (1, 4, 279, 0, 0, 0, 156, 319, 1, 3, 0, 88)
18 (1, 4, 14, 0, 0, 0, 62, 99, 2, 4, 0, 159)
19 (1, 4, 311, 0, 127, 0, 0, 12, 2, 5, 0, 201)
20 (1, 4, 440, 0, 265, 0, 0, 0, 5, 9, 0, 156)
21 (1, 4, 446, 99, 411, 0, 0, 0, 4, 7, 0, 206)
22 (1, 4, 115, 464, 489, 0, 0, 0, 5, 9, 0, 146)
23 (1, 4, 132, 545, 228, 0, 0, 11, 4, 6, 0, 61)
24 (1, 4, 0, 588, 0, 0, 0, 166, 5, 5, 0, 147)
25 (1, 4, 0, 372, 0, 0, 0, 255, 2, 3, 0, 92)
26 (1, 4, 11, 0, 0, 0, 0, 275, 1, 3, 0, 95)
27 (1, 4, 1, 0, 0, 0, 20, 208, 1, 2, 0, 190)
28 (1, 4, 0, 0, 0, 0, 14, 129, 1, 3, 0, 36)
29 (1, 4, 18, 0, 0, 0, 2, 64, 1, 2, 0, 129)
0 (1, 4, 0, 118, 0, 0, 0, 241, 1, 3, 0, 84)
1 (1, 4, 41, 0, 0, 0, 0, 252, 1, 2, 0, 81)
2 (1, 4, 0, 0, 0, 0, 0, 167, 1, 2, 0, 242)
3 (1, 4, 85, 0, 0, 0, 0, 104, 1, 2, 0, 155)
4 (1, 4, 208, 0, 0, 0, 12, 36, 2, 3, 0, 141)
5 (1, 4, 231, 0, 120, 0, 6, 0, 2, 5, 0, 220)
6 (1, 4, 392, 0, 308, 8, 0, 0, 2, 4, 0, 12)
7 (1, 4, 187, 290, 510, 0, 0, 0, 2, 4, 0, 16)
8 (1, 4, 102, 380, 386, 0, 0, 0, 2, 3, 0, 66)
9 (1, 4, 0, 477, 4, 1, 0, 67, 2, 2, 0, 212)
10 (1, 4, 0, 386, 0, 17, 0, 167, 1, 2, 0, 147)
11 (1, 4, 66, 120, 0, 4, 0, 253, 2, 3, 0, 128)
12 (1, 4, 107, 0, 0, 0, 3, 240, 1, 3, 0, 187)
13 (1, 4, 165, 0, 0, 0, 33, 138, 1, 2, 0, 131)
14 (1, 4, 174, 0, 0, 0, 12, 58, 1, 2, 0, 79)
15 (1, 4, 261, 0, 134, 0, 0, 2, 1, 2, 0, 199)
16 (1, 4, 345, 0, 268, 0, 0, 0, 1, 2, 0, 96)
17 (1, 4, 338, 144, 400, 0, 0, 0, 1, 2, 0, 14)
18 (1, 4, 113, 360, 424, 0, 0, 0, 1, 2, 0, 147)
19 (1, 4, 98, 470, 249, 0, 0, 51, 2, 3, 0, 83)
20 (1, 4, 0, 465, 31, 4, 0, 95, 2, 3, 0, 129)
21 (1, 4, 0, 302, 0, 1, 0, 177, 2, 2, 0, 119)
22 (1, 4, 0, 131, 0, 9, 0, 179, 1, 2, 0, 106)
23 (1, 4, 0, 15, 0, 0, 0, 153, 1, 2, 0, 23)
24 (1, 4, 0, 0, 0, 0, 0, 114, 1, 2, 0, 68)
25 (1, 4, 0, 0, 0, 4, 0, 76, 1, 2, 0, 108)
26 (1, 4, 0, 0, 0, 17, 0, 45, 1, 2, 0, 195)
27 (1, 4, 0, 0, 0, 27, 0, 35, 1, 2, 0, 35)
28 (1, 4, 0, 0, 0, 45, 0, 28, 1, 2, 0, 244)
29 (1, 4, 0, 9, 0, 53, 0, 39, 1, 2, 0, 3)
30 (1, 4, 0, 66, 14, 69, 0, 40, 1, 1, 0, 169)
0 (1, 4, 166, 0, 154, 0, 19, 18, 2, 4, 0, 158)
1 (1, 4, 146, 0, 273, 0, 9, 0, 2, 4, 0, 246)
2 (1, 4, 228, 22, 357, 6, 1, 0, 3, 5, 0, 4)
3 (1, 4, 245, 242, 467, 0, 0, 0, 3, 4, 0, 33)
4 (1, 4, 0, 530, 530, 0, 0, 0, 2, 3, 0, 44)
5 (1, 4, 0, 520, 159, 0, 0, 60, 2, 2, 0, 40)
6 (1, 4, 4, 476, 0, 0, 0, 169, 2, 2, 0, 37)
7 (1, 4, 0, 275, 0, 0, 0, 249, 1, 3, 0, 117)
8 (1, 4, 144, 0, 0, 0, 0, 300, 1, 2, 0, 40)
9 (1, 4, 182, 0, 0, 0, 61, 206, 1, 3, 0, 141)
10 (1, 4, 96, 0, 0, 0, 66, 68, 1, 2, 0, 92)
11 (1, 4, 118, 0, 107, 0, 35, 0, 2, 3, 0, 9)
12 (1, 4, 258, 0, 238, 0, 6, 0, 1, 2, 0, 252)
13 (1, 4, 346, 82, 452, 3, 0, 0, 2, 3, 0, 167)
14 (1, 4, 0, 435, 489, 0, 0, 0, 2, 3, 0, 25)
15 (1, 4, 108, 610, 209, 0, 0, 0, 3, 4, 0, 117)
16 (1, 4, 0, 559, 0, 0, 0, 169, 2, 3, 0, 167)
17 (1, 4, 126, 233, 0, 0, 0, 246, 1, 2, 0, 7)
18 (1, 4, 181, 0, 0, 0, 13, 240, 1, 2, 0, 40)
19 (1, 4, 130, 0, 0, 0, 43, 150, 1, 2, 0, 17)
20 (1, 4, 152, 0, 0, 0, 27, 83, 1, 2, 0, 112)
21 (1, 4, 129, 0, 80, 0, 18, 22, 1, 2, 0, 61)
22 (1, 4, 115, 0, 185, 0, 3, 0, 1, 2, 0, 165)
23 (1, 4, 256, 0, 258, 11, 0, 0, 3, 4, 0, 218)
24 (1, 4, 244, 135, 378, 18, 0, 0, 3, 5, 0, 229)
25 (1, 4, 28, 351, 371, 0, 0, 0, 2, 4, 0, 147)
26 (1, 4, 80, 397, 171, 0, 0, 38, 4, 5, 0, 5)
27 (1, 4, 0, 421, 3, 11, 0, 83, 3, 4, 0, 168)
28 (1, 4, 0, 332, 0, 30, 0, 126, 2, 2, 0, 63)
29 (1, 4, 0, 206, 0, 36, 0, 145, 1, 2, 0, 95)
30 (1, 4, 0, 114, 0, 15, 0, 127, 1, 2, 0, 236)
31 (1, 4, 0, 0, 0, 7, 0, 109, 1, 2, 0, 51)
0 (1, 4, 259, 0, 402, 0, 0, 0, 2, 3, 0, 235)
1 (1, 4, 274, 138, 430, 0, 0, 0, 1, 2, 0, 116)
2 (1, 4, 34, 369, 298, 0, 0, 0, 1, 2, 0, 81)
3 (1, 4, 0, 780, 463, 0, 0, 21, 4, 7, 0, 209)
4 (1, 4, 371, 416, 0, 0, 0, 130, 1, 2, 0, 97)
5 (1, 4, 36, 393, 0, 0, 0, 140, 3, 2, 0, 6)
6 (1, 4, 153, 281, 0, 0, 0, 195, 3, 4, 0, 211)
7 (1, 4, 234, 0, 0, 0, 0, 243, 0, 2, 0, 68)
8 (1, 4, 126, 0, 0, 0, 65, 174, 2, 3, 0, 147)
9 (1, 4, 53, 0, 0, 0, 65, 88, 1, 2, 0, 196)
10 (1, 4, 185, 0, 59, 0, 51, 27, 1, 3, 0, 55)
11 (1, 4, 243, 0, 267, 0, 15, 0, 2, 2, 0, 54)
12 (1, 4, 400, 0, 420, 0, 0, 0, 2, 2, 0, 151)
13 (1, 4, 236, 248, 532, 0, 0, 0, 3, 4, 0, 105)
14 (1, 4, 42, 346, 331, 0, 0, 12, 2, 2, 0, 32)
15 (1, 4, 0, 428, 2, 0, 0, 59, 2, 3, 0, 153)
16 (1, 4, 0, 400, 0, 0, 0, 124, 3, 3, 0, 72)
17 (1, 4, 4, 304, 0, 0, 0, 217, 1, 2, 0, 157)
18 (1, 4, 111, 0, 0, 0, 0, 280, 1, 4, 0, 179)
19 (1, 4, 0, 0, 0, 0, 24, 213, 1, 3, 0, 83)
20 (1, 4, 0, 0, 0, 0, 10, 123, 1, 2, 0, 66)
21 (1, 4, 159, 0, 0, 0, 6, 48, 1, 2, 0, 6)
22 (1, 4, 282, 0, 40, 0, 14, 0, 1, 2, 0, 214)
23 (1, 4, 351, 0, 213, 1, 5, 0, 1, 2, 0, 193)
24 (1, 4, 458, 71, 370, 10, 4, 0, 1, 2, 0, 148)
25 (1, 4, 291, 309, 481, 0, 0, 0, 1, 2, 0, 9)
26 (1, 4, 100, 447, 470, 0, 0, 13, 1, 2, 0, 83)
27 (1, 4, 96, 456, 261, 0, 0, 68, 1, 2, 0, 247)
28 (1, 4, 13, 437, 0, 0, 0, 114, 2, 2, 0, 140)
29 (1, 4, 0, 353, 0, 0, 0, 141, 2, 1, 0, 10)
30 (1, 4, 6, 256, 0, 0, 0, 164, 1, 1, 0, 232)
31 (1, 4, 1, 39, 0, 0, 0, 158, 0, 1, 0, 164)
0 (1, 4, 284, 10, 234, 28, 0, 0, 1, 1, 0, 23)
1 (1, 4, 326, 112, 220, 21, 0, 0, 1, 1, 0, 251)
2 (1, 4, 173, 345, 272, 0, 0, 5, 1, 1, 0, 106)
3 (1, 4, 0, 396, 183, 0, 0, 39, 1, 2, 0, 96)
4 (1, 4, 0, 425, 0, 0, 0, 101, 2, 2, 0, 2)
5 (1, 4, 0, 372, 0, 35, 0, 153, 2, 2, 0, 215)
6 (1, 4, 0, 113, 0, 1, 0, 254, 0, 2, 0, 185)
7 (1, 4, 40, 0, 0, 0, 0, 244, 0, 1, 0, 106)
8 (1, 4, 139, 0, 0, 0, 37, 167, 0, 1, 0, 205)
9 (1, 4, 211, 0, 0, 0, 56, 78, 1, 2, 0, 142)
10 (1, 4, 190, 0, 149, 0, 34, 0, 1, 2, 0, 23)
11 (1, 4, 314, 0, 255, 0, 0, 0, 1, 2, 0, 81)
12 (1, 4, 460, 161, 481, 0, 0, 0, 4, 6, 0, 17)
13 (1, 4, 88, 402, 521, 0, 0, 0, 2, 3, 0, 100)
14 (1, 4, 54, 433, 183, 0, 0, 13, 2, 3, 0, 35)
15 (1, 4, 0, 585, 0, 0, 0, 88, 2, 2, 0, 88)
16 (1, 4, 0, 365, 0, 0, 0, 207, 1, 1, 0, 57)
17 (1, 4, 115, 0, 0, 0, 0, 278, 0, 1, 0, 159)
18 (1, 4, 116, 0, 0, 0, 19, 217, 0, 1, 0, 164)
19 (1, 4, 94, 0, 0, 0, 16, 118, 0, 1, 0, 86)
20 (1, 4, 165, 0, 0, 0, 0, 66, 1, 1, 0, 111)
21 (1, 4, 319, 0, 24, 0, 0, 18, 1, 1, 0, 161)
22 (1, 4, 365, 0, 127, 14, 0, 0, 1, 1, 0, 228)
23 (1, 4, 400, 0, 236, 29, 0, 0, 1, 1, 0, 250)
24 (1, 4, 333, 156, 325, 25, 0, 0, 1, 1, 0, 207)
25 (1, 4, 237, 352, 328, 0, 0, 0, 1, 1, 0, 212)
26 (1, 4, 65, 444, 219, 0, 0, 31, 1, 1, 0, 134)
27 (1, 4, 0, 489, 40, 0, 0, 103, 1, 1, 0, 97)
28 (1, 4, 0, 448, 0, 21, 0, 160, 1, 1, 0, 175)
29 (1, 4, 0, 213, 0, 33, 0, 154, 1, 1, 0, 7)
0 (1, 4, 305, 0, 247, 39, 0, 17, 1, 1, 0, 138)
1 (1, 4, 288, 63, 362, 9, 2, 0, 1, 1, 0, 126)
2 (1, 4, 208, 248, 481, 0, 0, 5, 1, 1, 0, 14)
3 (1, 4, 110, 343, 489, 0, 0, 67, 1, 2, 0, 119)
4 (1, 4, 0, 353, 308, 0, 0, 86, 3, 3, 0, 172)
5 (1, 4, 0, 460, 0, 0, 0, 72, 2, 3, 0, 166)
6 (1, 4, 46, 477, 0, 0, 0, 130, 5, 5, 0, 41)
7 (1, 4, 0, 345, 0, 0, 0, 159, 0, 1, 0, 180)
8 (1, 4, 0, 108, 0, 0, 0, 242, 0, 1, 0, 57)
9 (1, 4, 0, 0, 0, 0, 0, 221, 0, 1, 0, 73)
10 (1, 4, 294, 0, 0, 0, 53, 114, 1, 1, 0, 10)
11 (1, 4, 309, 0, 0, 0, 57, 34, 2, 4, 0, 42)
12 (1, 4, 340, 0, 162, 0, 22, 0, 4, 7, 0, 0)
13 (1, 4, 423, 0, 310, 0, 0, 0, 2, 3, 0, 80)
14 (1, 4, 439, 248, 499, 0, 0, 0, 3, 4, 0, 150)
15 (1, 4, 0, 455, 521, 0, 0, 0, 2, 3, 0, 240)
16 (1, 4, 0, 432, 117, 0, 0, 60, 1, 2, 0, 208)
17 (1, 4, 0, 576, 0, 0, 0, 105, 2, 2, 0, 243)
18 (1, 4, 43, 378, 0, 0, 0, 178, 1, 2, 0, 53)
19 (1, 4, 28, 75, 0, 0, 0, 238, 1, 2, 0, 194)
20 (1, 4, 139, 0, 0, 0, 0, 225, 1, 2, 0, 12)
21 (1, 4, 124, 0, 0, 0, 6, 140, 1, 2, 0, 40)
22 (1, 4, 205, 0, 0, 0, 29, 56, 1, 1, 0, 235)
23 (1, 4, 177, 0, 51, 0, 15, 0, 1, 1, 0, 216)
24 (1, 4, 277, 0, 142, 6, 0, 0, 1, 1, 0, 221)
25 (1, 4, 297, 0, 226, 48, 0, 0, 1, 1, 0, 9)
26 (1, 4, 214, 133, 266, 54, 0, 0, 1, 2, 0, 110)
27 (1, 4, 149, 191, 211, 39, 0, 34, 1, 1, 0, 197)
28 (1, 4, 110, 171, 149, 64, 0, 30, 1, 1, 0, 161)
29 (1, 4, 31, 217, 115, 55, 0, 32, 1, 1, 0, 11)
30 (1, 4, 0, 242, 77, 58, 0, 59, 1, 1, 0, 144)
31 (1, 4, 0, 208, 2, 65, 0, 83, 1, 1, 0, 129)
0 (1, 4, 164, 321, 589, 0, 0, 0, 2, 4, 0, 31)
1 (1, 4, 45, 565, 409, 0, 0, 0, 2, 3, 0, 124)
2 (1, 4, 0, 664, 0, 0, 0, 161, 3, 3, 0, 143)
3 (1, 4, 24, 356, 0, 0, 0, 255, 1, 2, 0, 96)
4 (1, 4, 129, 0, 0, 0, 0, 282, 0, 2, 0, 26)
5 (1, 4, 81, 0, 0, 0, 28, 214, 1, 2, 0, 218)
6 (1, 4, 156, 0, 0, 0, 46, 118, 1, 3, 0, 58)
7 (1, 4, 223, 0, 1, 0, 47, 50, 1, 2, 0, 23)
8 (1, 4, 231, 0, 230, 0, 28, 0, 1, 2, 0, 153)
9 (1, 4, 350, 0, 443, 0, 2, 0, 1, 2, 0, 45)
10 (1, 4, 186, 280, 659, 0, 0, 0, 3, 5, 0, 254)
11 (1, 4, 134, 482, 488, 0, 0, 0, 2, 2, 0, 128)
12 (1, 4, 48, 691, 0, 0, 0, 77, 3, 3, 0, 240)
13 (1, 4, 0, 592, 0, 0, 0, 201, 1, 2, 0, 31)
14 (1, 4, 71, 267, 0, 0, 0, 255, 1, 2, 0, 163)
15 (1, 4, 117, 0, 0, 0, 0, 263, 1, 2, 0, 104)
16 (1, 4, 286, 0, 0, 0, 60, 138, 0, 1, 0, 208)
17 (1, 4, 228, 0, 31, 0, 36, 65, 0, 1, 0, 36)
18 (1, 4, 308, 0, 189, 0, 13, 0, 1, 1, 0, 55)
19 (1, 4, 390, 0, 321, 0, 0, 0, 1, 2, 0, 203)
20 (1, 4, 362, 177, 433, 0, 0, 0, 4, 6, 0, 2)
21 (1, 4, 9, 359, 360, 0, 0, 7, 2, 3, 0, 40)
22 (1, 4, 55, 387, 121, 13, 0, 39, 3, 4, 0, 57)
23 (1, 4, 0, 454, 0, 8, 0, 136, 3, 3, 0, 45)
24 (1, 4, 0, 312, 0, 37, 0, 151, 2, 2, 0, 89)
25 (1, 4, 0, 203, 0, 21, 0, 169, 1, 2, 0, 169)
26 (1, 4, 0, 40, 0, 33, 0, 155, 0, 2, 0, 250)
27 (1, 4, 16, 0, 0, 17, 0, 149, 0, 2, 0, 83)
28 (1, 4, 0, 0, 0, 3, 0, 104, 1, 2, 0, 229)
29 (1, 4, 0, 0, 0, 3, 0, 56, 1, 2, 0, 115)
30 (1, 4, 0, 0, 0, 9, 0, 30, 1, 2, 0, 216)
31 (1, 4, 0, 0, 0, 31, 0, 14, 1, 1, 0, 3)
0 (1, 4, 0, 276, 0, 0, 0, 216, 1, 2, 0, 98)
1 (1, 4, 80, 0, 0, 0, 0, 241, 0, 1, 0, 30)
2 (1, 4, 152, 0, 0, 0, 54, 166, 0, 1, 0, 238)
3 (1, 4, 204, 0, 0, 0, 36, 104, 0, 1, 0, 33)
4 (1, 4, 512, 0, 5, 0, 52, 35, 0, 1, 0, 119)
5 (1, 4, 259, 0, 234, 0, 28, 0, 1, 1, 0, 167)
6 (1, 4, 310, 85, 361, 0, 0, 0, 1, 1, 0, 139)
7 (1, 4, 246, 282, 436, 0, 0, 0, 1, 2, 0, 124)
8 (1, 4, 42, 497, 346, 0, 0, 18, 2, 2, 0, 150)
9 (1, 4, 0, 617, 0, 0, 0, 81, 2, 2, 0, 175)
10 (1, 4, 0, 514, 0, 0, 0, 227, 4, 2, 0, 143)
11 (1, 4, 0, 162, 0, 0, 0, 336, 0, 1, 0, 4)
12 (1, 4, 143, 0, 0, 0, 56, 292, 0, 1, 0, 238)
13 (1, 4, 172, 0, 0, 0, 90, 174, 0, 1, 0, 46)
14 (1, 4, 79, 0, 12, 0, 52, 64, 0, 1, 0, 10)
15 (1, 4, 94, 0, 150, 0, 17, 24, 0, 1, 0, 18)
16 (1, 4, 217, 0, 240, 0, 0, 0, 1, 1, 0, 254)
17 (1, 4, 312, 16, 303, 1, 0, 0, 2, 3, 0, 214)
18 (1, 4, 295, 252, 351, 0, 0, 9, 2, 2, 0, 126)
19 (1, 4, 184, 351, 277, 0, 0, 61, 1, 2, 0, 228)
20 (1, 4, 48, 392, 75, 0, 0, 82, 2, 2, 0, 207)
21 (1, 4, 0, 417, 0, 12, 0, 152, 4, 2, 0, 131)
22 (1, 4, 0, 271, 0, 38, 0, 176, 10, 2, 0, 114)
23 (1, 4, 0, 86, 0, 19, 0, 168, 0, 2, 0, 234)
24 (1, 4, 0, 0, 0, 0, 0, 153, 1, 1, 0, 27)
25 (1, 4, 0, 0, 0, 6, 0, 116, 0, 1, 0, 21)
26 (1, 4, 0, 0, 0, 4, 0, 93, 0, 1, 0, 191)
27 (1, 4, 0, 0, 0, 11, 0, 82, 0, 1, 0, 227)
28 (1, 4, 23, 0, 0, 20, 0, 65, 1, 1, 0, 172)
29 (1, 4, 24, 0, 0, 31, 0, 59, 1, 1, 0, 75)
30 (1, 4, 16, 0, 0, 42, 0, 53, 1, 1, 0, 96)
31 (1, 4, 19, 0, 0, 51, 0, 50, 1, 1, 0, 113)
0 (1, 4, 218, 0, 0, 73, 0, 77, 1, 1, 0, 80)
1 (1, 4, 217, 0, 37, 62, 0, 61, 1, 1, 0, 215)
2 (1, 4, 251, 0, 81, 56, 0, 48, 1, 1, 0, 42)
3 (1, 4, 241, 0, 95, 57, 0, 38, 1, 1, 0, 139)
4 (1, 4, 291, 0, 144, 58, 0, 24, 0, 1, 0, 173)
5 (1, 4, 267, 29, 191, 53, 0, 19, 1, 1, 0, 75)
6 (1, 4, 245, 109, 227, 53, 0, 16, 1, 2, 0, 59)
7 (1, 4, 262, 166, 263, 31, 5, 14, 2, 3, 0, 3)
8 (1, 4, 162, 314, 341, 0, 2, 0, 2, 3, 0, 176)
9 (1, 4, 0, 510, 426, 0, 0, 44, 2, 2, 0, 83)
10 (1, 4, 32, 462, 49, 0, 0, 92, 3, 4, 0, 203)
11 (1, 4, 0, 550, 0, 0, 0, 136, 2, 2, 0, 180)
12 (1, 4, 0, 373, 0, 0, 0, 184, 4, 2, 0, 159)
13 (1, 4, 0, 227, 0, 0, 0, 287, 0, 2, 0, 51)
14 (1, 4, 127, 0, 0, 0, 7, 273, 0, 2, 0, 17)
15 (1, 4, 131, 0, 0, 0, 53, 189, 1, 3, 0, 12)
16 (1, 4, 277, 0, 69, 0, 80, 51, 2, 4, 0, 127)
17 (1, 4, 39, 0, 249, 0, 24, 0, 1, 2, 0, 192)
18 (1, 4, 325, 0, 341, 0, 0, 0, 2, 3, 0, 169)
19 (1, 4, 38, 448, 467, 0, 0, 0, 3, 4, 0, 100)
20 (1, 4, 0, 562, 147, 0, 0, 20, 3, 4, 0, 227)
21 (1, 4, 0, 549, 0, 50, 0, 220, 1, 2, 0, 9)
22 (1, 4, 111, 29, 0, 50, 0, 348, 0, 1, 0, 188)
23 (1, 4, 154, 0, 0, 8, 92, 268, 0, 1, 0, 127)
24 (1, 4, 197, 0, 0, 0, 83, 103, 0, 1, 0, 92)
25 (1, 4, 256, 0, 84, 0, 27, 28, 1, 1, 0, 44)
26 (1, 4, 345, 0, 196, 0, 0, 0, 1, 1, 0, 54)
27 (1, 4, 394, 47, 332, 0, 0, 0, 1, 2, 0, 134)
28 (1, 4, 236, 374, 384, 0, 0, 0, 2, 3, 0, 202)
29 (1, 4, 27, 446, 245, 0, 0, 6, 1, 1, 0, 59)
30 (1, 4, 0, 535, 30, 0, 0, 109, 1, 1, 0, 207)
31 (1, 4, 0, 482, 0, 22, 0, 154, 1, 1, 0, 0)
0 (1, 4, 22, 65, 425, 0, 10, 0, 1, 1, 0, 204)
1 (1, 4, 218, 207, 438, 0, 0, 0, 1, 1, 0, 8)
2 (1, 4, 130, 561, 339, 0, 0, 0, 1, 1, 0, 199)
3 (1, 4, 0, 738, 16, 0, 0, 103, 1, 1, 0, 31)
4 (1, 4, 0, 573, 0, 0, 0, 223, 2, 1, 0, 134)
5 (1, 4, 0, 318, 0, 0, 0, 320, 0, 1, 0, 59)
6 (1, 4, 179, 0, 0, 0, 24, 311, 0, 1, 0, 57)
7 (1, 4, 276, 0, 0, 0, 68, 177, 1, 2, 0, 206)
8 (1, 4, 197, 0, 0, 0, 54, 91, 1, 1, 0, 94)
9 (1, 4, 295, 0, 126, 0, 28, 30, 1, 2, 0, 192)
10 (1, 4, 298, 0, 235, 0, 12, 0, 1, 2, 0, 178)
11 (1, 4, 336, 44, 372, 0, 0, 0, 1, 2, 0, 115)
12 (1, 4, 202, 377, 463, 0, 0, 0, 3, 4, 0, 78)
13 (1, 4, 0, 493, 307, 0, 0, 0, 5, 6, 0, 240)
14 (1, 4, 0, 536, 0, 0, 0, 141, 4, 4, 0, 143)
15 (1, 4, 0, 460, 0, 23, 0, 232, 6, 5, 0, 213)
16 (1, 4, 82, 0, 0, 0, 0, 290, 0, 2, 0, 236)
17 (1, 4, 123, 0, 0, 0, 38, 203, 0, 2, 0, 59)
18 (1, 4, 178, 0, 0, 0, 39, 102, 0, 1, 0, 118)
19 (1, 4, 168, 0, 0, 0, 19, 66, 1, 1, 0, 39)
20 (1, 4, 273, 0, 81, 0, 15, 48, 1, 1, 0, 80)
21 (1, 4, 235, 0, 163, 0, 17, 27, 1, 1, 0, 89)
22 (1, 4, 214, 0, 241, 7, 0, 20, 1, 1, 0, 203)
23 (1, 4, 213, 79, 281, 12, 0, 19, 1, 2, 0, 137)
24 (1, 4, 108, 249, 328, 14, 0, 36, 1, 1, 0, 34)
25 (1, 4, 30, 277, 254, 12, 0, 63, 1, 2, 0, 220)
26 (1, 4, 55, 335, 122, 11, 0, 81, 1, 1, 0, 212)
27 (1, 4, 0, 295, 0, 18, 0, 94, 1, 1, 0, 43)
28 (1, 4, 0, 265, 0, 30, 0, 120, 1, 1, 0, 4)
29 (1, 4, 0, 226, 0, 33, 0, 137, 2, 1, 0, 181)
30 (1, 4, 0, 124, 0, 13, 0, 146, 1, 2, 0, 248)
31 (1, 4, 1, 25, 0, 7, 0, 154, 0, 2, 0, 150)
0 (1, 4, 140, 0, 30, 36, 0, 38, 1, 2, 0, 221)
1 (1, 4, 69, 0, 66, 52, 0, 38, 1, 1, 0, 19)
2 (1, 4, 102, 0, 73, 59, 0, 44, 1, 1, 0, 55)
3 (1, 4, 42, 0, 55, 64, 0, 41, 1, 1, 0, 249)
4 (1, 4, 56, 0, 34, 70, 0, 40, 1, 1, 0, 45)
5 (1, 4, 29, 0, 14, 73, 0, 38, 1, 1, 0, 67)
6 (1, 4, 1, 0, 0, 79, 0, 39, 1, 1, 0, 187)
7 (1, 4, 0, 34, 0, 95, 0, 34, 1, 1, 0, 71)
8 (1, 4, 88, 68, 0, 88, 0, 56, 1, 1, 0, 117)
9 (1, 4, 73, 80, 0, 76, 0, 82, 1, 1, 0, 28)
10 (1, 4, 312, 0, 0, 64, 19, 115, 1, 1, 0, 168)
11 (1, 4, 275, 0, 18, 59, 82, 96, 1, 1, 0, 153)
12 (1, 4, 141, 0, 256, 29, 64, 53, 1, 2, 0, 106)
13 (1, 4, 104, 0, 385, 0, 21, 14, 1, 2, 0, 245)
14 (1, 4, 97, 42, 449, 0, 0, 0, 1, 2, 0, 85)
15 (1, 4, 174, 289, 478, 0, 0, 0, 2, 2, 0, 157)
16 (1, 4, 1, 615, 119, 0, 0, 22, 2, 3, 0, 7)
17 (1, 4, 0, 604, 0, 0, 0, 139, 2, 2, 0, 44)
18 (1, 4, 0, 528, 0, 0, 0, 216, 2, 2, 0, 54)
19 (1, 4, 0, 269, 0, 0, 0, 273, 0, 1, 0, 9)
20 (1, 4, 12, 0, 0, 0, 0, 212, 0, 1, 0, 52)
21 (1, 4, 0, 0, 0, 0, 0, 132, 0, 1, 0, 234)
22 (1, 4, 186, 0, 0, 0, 0, 85, 0, 1, 0, 119)
23 (1, 4, 301, 0, 0, 0, 1, 55, 0, 1, 0, 142)
24 (1, 4, 316, 0, 0, 0, 26, 10, 1, 1, 0, 255)
25 (1, 4, 99, 0, 137, 3, 27, 0, 1, 1, 0, 28)
26 (1, 4, 225, 0, 304, 12, 4, 0, 1, 2, 0, 36)
27 (1, 4, 382, 121, 456, 11, 0, 0, 1, 2, 0, 38)
28 (1, 4, 131, 468, 555, 0, 0, 0, 2, 3, 0, 159)
29 (1, 4, 11, 411, 216, 0, 0, 16, 2, 3, 0, 145)
30 (1, 4, 0, 550, 0, 0, 0, 68, 3, 4, 0, 251)
31 (1, 4, 57, 437, 0, 2, 0, 204, 0, 1, 0, 10)
0 (1, 4, 151, 16, 0, 59, 0, 116, 0, 1, 0, 46)
1 (1, 4, 348, 0, 0, 43, 0, 132, 0, 1, 0, 249)
2 (1, 4, 447, 0, 0, 16, 0, 128, 1, 2, 0, 221)
3 (1, 4, 482, 0, 51, 0, 65, 115, 1, 2, 0, 135)
4 (1, 4, 239, 0, 354, 0, 90, 43, 1, 2, 0, 61)
5 (1, 4, 0, 0, 527, 0, 8, 0, 3, 5, 0, 58)
6 (1, 4, 0, 92, 507, 0, 0, 0, 1, 1, 0, 45)
7 (1, 4, 47, 711, 143, 0, 0, 0, 4, 6, 0, 244)
8 (1, 4, 43, 421, 0, 78, 0, 320, 2, 4, 0, 254)
9 (1, 4, 127, 0, 0, 79, 12, 368, 1, 2, 0, 114)
10 (1, 4, 266, 0, 0, 26, 120, 199, 0, 1, 0, 197)
11 (1, 4, 112, 0, 47, 0, 87, 100, 0, 1, 0, 122)
12 (1, 4, 131, 0, 135, 0, 24, 48, 1, 1, 0, 82)
13 (1, 4, 335, 0, 240, 0, 9, 0, 1, 1, 0, 149)
14 (1, 4, 258, 41, 364, 0, 0, 0, 1, 2, 0, 170)
15 (1, 4, 130, 331, 477, 0, 0, 0, 2, 3, 0, 93)
16 (1, 4, 0, 523, 108, 0, 0, 60, 2, 3, 0, 171)
17 (1, 4, 0, 464, 0, 72, 0, 172, 2, 2, 0, 243)
18 (1, 4, 0, 230, 0, 59, 0, 275, 1, 2, 0, 102)
19 (1, 4, 0, 0, 0, 21, 0, 206, 1, 2, 0, 183)
20 (1, 4, 90, 0, 0, 0, 13, 135, 1, 2, 0, 13)
21 (1, 4, 78, 0, 0, 0, 27, 68, 1, 2, 0, 232)
22 (1, 4, 0, 0, 0, 16, 8, 36, 1, 2, 0, 40)
23 (1, 4, 0, 0, 11, 30, 0, 46, 1, 2, 0, 7)
24 (1, 4, 7, 0, 0, 49, 0, 65, 1, 1, 0, 198)
25 (1, 4, 163, 0, 2, 53, 0, 55, 1, 2, 0, 57)
26 (1, 4, 29, 0, 31, 84, 0, 39, 1, 1, 0, 27)
27 (1, 4, 71, 0, 61, 88, 0, 30, 1, 1, 0, 12)
28 (1, 4, 91, 0, 33, 90, 0, 33, 1, 1, 0, 140)
29 (1, 4, 92, 0, 21, 83, 0, 38, 1, 1, 0, 141)
30 (1, 4, 71, 0, 28, 84, 0, 35, 1, 1, 0, 208)
31 (1, 4, 30, 0, 10, 80, 0, 39, 1, 1, 0, 192)
0 (1, 4, 3, 15, 12, 88, 0, 40, 1, 1, 0, 167)
1 (1, 4, 5, 30, 0, 84, 0, 43, 1, 1, 0, 87)
2 (1, 4, 17, 25, 0, 83, 0, 46, 1, 1, 0, 122)
3 (1, 4, 0, 17, 0, 83, 0, 50, 1, 1, 0, 107)
4 (1, 4, 0, 7, 0, 83, 0, 48, 1, 2, 0, 185)
5 (1, 4, 0, 12, 0, 82, 0, 48, 1, 1, 0, 112)
6 (1, 4, 0, 11, 0, 85, 0, 41, 1, 1, 0, 201)
7 (1, 4, 0, 42, 0, 87, 0, 37, 1, 1, 0, 31)
8 (1, 4, 0, 80, 0, 93, 0, 25, 1, 1, 0, 202)
9 (1, 4, 0, 126, 0, 93, 0, 40, 1, 1, 0, 161)
10 (1, 4, 0, 180, 0, 104, 0, 47, 1, 1, 0, 147)
11 (1, 4, 382, 116, 0, 45, 27, 164, 1, 2, 0, 43)
12 (1, 4, 398, 0, 0, 43, 110, 134, 2, 4, 0, 227)
13 (1, 4, 214, 0, 232, 11, 92, 106, 2, 3, 0, 196)
14 (1, 4, 250, 0, 390, 0, 55, 55, 2, 3, 0, 140)
15 (1, 4, 188, 14, 490, 0, 24, 9, 3, 3, 0, 80)
16 (1, 4, 135, 264, 504, 0, 0, 16, 2, 2, 0, 188)
17 (1, 4, 71, 396, 278, 0, 0, 20, 3, 4, 0, 168)
18 (1, 4, 0, 542, 0, 0, 0, 99, 2, 2, 0, 70)
19 (1, 4, 0, 464, 0, 13, 0, 150, 2, 2, 0, 100)
20 (1, 4, 0, 314, 0, 10, 0, 212, 3, 1, 0, 132)
21 (1, 4, 0, 50, 0, 0, 0, 240, 0, 2, 0, 219)
22 (1, 4, 0, 0, 0, 0, 0, 209, 0, 1, 0, 214)
23 (1, 4, 84, 0, 0, 0, 0, 156, 0, 1, 0, 130)
24 (1, 4, 209, 0, 0, 0, 21, 101, 1, 1, 0, 84)
25 (1, 4, 225, 0, 0, 0, 35, 65, 1, 2, 0, 131)
26 (1, 4, 260, 0, 44, 12, 37, 29, 1, 2, 0, 108)
27 (1, 4, 232, 0, 171, 17, 30, 22, 1, 2, 0, 75)
28 (1, 4, 164, 0, 274, 23, 9, 5, 1, 2, 0, 149)
29 (1, 4, 152, 68, 325, 31, 0, 4, 1, 1, 0, 224)
30 (1, 4, 265, 143, 320, 34, 0, 16, 1, 1, 0, 25)
31 (1, 4, 190, 301, 254, 13, 0, 46, 1, 2, 0, 13)
0 (1, 4, 39, 12, 0, 77, 0, 87, 1, 1, 0, 56)
1 (1, 4, 153, 0, 0, 77, 0, 104, 1, 1, 0, 188)
2 (1, 4, 326, 0, 0, 68, 21, 122, 1, 1, 0, 10)
3 (1, 4, 284, 0, 9, 54, 54, 101, 1, 1, 0, 126)
4 (1, 4, 276, 0, 155, 24, 58, 106, 1, 1, 0, 39)
5 (1, 4, 204, 0, 231, 10, 46, 85, 1, 1, 0, 149)
6 (1, 4, 140, 0, 349, 0, 27, 41, 1, 1, 0, 222)
7 (1, 4, 19, 20, 422, 0, 0, 17, 4, 5, 0, 87)
8 (1, 4, 159, 53, 487, 0, 0, 0, 4, 4, 0, 117)
9 (1, 4, 0, 294, 556, 0, 0, 0, 2, 2, 0, 90)
10 (1, 4, 0, 429, 297, 0, 0, 0, 2, 2, 0, 29)
11 (1, 4, 0, 562, 0, 0, 0, 85, 2, 2, 0, 83)
12 (1, 4, 0, 416, 0, 0, 0, 179, 3, 2, 0, 182)
13 (1, 4, 0, 261, 0, 0, 0, 223, 1, 1, 0, 24)
14 (1, 4, 16, 31, 0, 0, 0, 210, 0, 1, 0, 128)
15 (1, 4, 61, 0, 0, 0, 0, 177, 0, 1, 0, 83)
16 (1, 4, 86, 0, 0, 0, 0, 97, 1, 1, 0, 1)
17 (1, 4, 164, 0, 0, 0, 3, 61, 1, 1, 0, 36)
18 (1, 4, 290, 0, 0, 21, 17, 42, 1, 1, 0, 52)
19 (1, 4, 279, 0, 0, 40, 24, 42, 1, 1, 0, 24)
20 (1, 4, 355, 0, 101, 47, 26, 36, 1, 1, 0, 200)
21 (1, 4, 312, 0, 171, 48, 25, 39, 1, 1, 0, 187)
22 (1, 4, 292, 35, 248, 24, 8, 38, 1, 1, 0, 4)
23 (1, 4, 269, 123, 309, 6, 0, 27, 1, 1, 0, 115)
24 (1, 4, 273, 234, 363, 0, 0, 29, 1, 1, 0, 201)
25 (1, 4, 123, 371, 393, 0, 0, 34, 1, 2, 0, 135)
26 (1, 4, 0, 457, 287, 0, 0, 56, 1, 1, 0, 245)
27 (1, 4, 0, 457, 74, 0, 0, 119, 1, 1, 0, 90)
28 (1, 4, 0, 406, 0, 13, 0, 131, 2, 1, 0, 148)
29 (1, 4, 0, 322, 0, 7, 0, 150, 4, 1, 0, 89)
30 (1, 4, 12, 190, 0, 8, 0, 173, 2, 1, 0, 172)
31 (1, 4, 0, 67, 0, 0, 0, 136, 0, 1, 0, 46)
0 (1, 4, 124, 58, 261, 0, 0, 0, 1, 2, 0, 198)
1 (1, 4, 16, 335, 245, 11, 0, 0, 2, 3, 0, 168)
2 (1, 4, 0, 539, 42, 42, 0, 26, 2, 2, 0, 105)
3 (1, 4, 0, 358, 0, 117, 0, 165, 1, 2, 0, 240)
4 (1, 4, 0, 110, 0, 118, 0, 264, 1, 2, 0, 197)
5 (1, 4, 0, 0, 0, 67, 0, 254, 1, 1, 0, 24)
6 (1, 4, 41, 0, 0, 15, 37, 182, 1, 1, 0, 200)
7 (1, 4, 210, 0, 0, 0, 60, 146, 1, 1, 0, 93)
8 (1, 4, 275, 0, 43, 0, 67, 66, 1, 1, 0, 19)
9 (1, 4, 153, 0, 226, 0, 7, 0, 1, 1, 0, 79)
10 (1, 4, 367, 103, 280, 0, 0, 0, 1, 1, 0, 188)
11 (1, 4, 136, 532, 388, 0, 0, 0, 1, 1, 0, 150)
12 (1, 4, 0, 504, 24, 45, 0, 58, 1, 1, 0, 144)
13 (1, 4, 0, 495, 0, 81, 0, 188, 2, 1, 0, 159)
14 (1, 4, 0, 196, 0, 85, 0, 213, 0, 1, 0, 186)
15 (1, 4, 0, 0, 0, 53, 0, 184, 0, 1, 0, 122)
16 (1, 4, 64, 0, 0, 28, 0, 183, 0, 1, 0, 4)
17 (1, 4, 182, 0, 0, 20, 30, 138, 1, 1, 0, 102)
18 (1, 4, 141, 0, 59, 8, 32, 92, 1, 2, 0, 227)
19 (1, 4, 52, 0, 154, 1, 1, 66, 1, 2, 0, 82)
20 (1, 4, 91, 0, 170, 0, 0, 36, 2, 2, 0, 47)
21 (1, 4, 162, 0, 100, 13, 0, 22, 2, 2, 0, 125)
22 (1, 4, 107, 55, 92, 37, 0, 13, 1, 2, 0, 235)
23 (1, 4, 0, 170, 63, 45, 0, 31, 1, 2, 0, 87)
24 (1, 4, 0, 208, 116, 54, 0, 34, 1, 1, 0, 244)
25 (1, 4, 0, 213, 94, 59, 0, 51, 1, 1, 0, 97)
26 (1, 4, 0, 158, 101, 59, 0, 59, 1, 1, 0, 229)
27 (1, 4, 0, 121, 59, 62, 0, 60, 1, 1, 0, 158)
28 (1, 4, 0, 112, 9, 60, 0, 76, 1, 1, 0, 63)
29 (1, 4, 0, 45, 0, 50, 0, 78, 1, 1, 0, 42)
30 (1, 4, 0, 44, 0, 41, 0, 70, 1, 1, 0, 91)

