0 (1, 4, 102, 0, 8, 33, 0, 76, 1, 1, 0, 141)
1 (1, 4, 53, 36, 10, 37, 0, 80, 1, 1, 0, 241)
2 (1, 4, 98, 3, 12, 35, 0, 87, 1, 1, 0, 82)
3 (1, 4, 103, 22, 15, 45, 0, 80, 1, 1, 0, 120)
4 (1, 4, 146, 64, 0, 47, 0, 110, 3, 3, 0, 129)
5 (1, 4, 306, 0, 0, 18, 32, 165, 2, 3, 0, 123)
6 (1, 4, 338, 0, 0, 0, 88, 217, 1, 2, 0, 202)
7 (1, 4, 0, 0, 256, 0, 106, 173, 1, 1, 0, 101)
8 (1, 4, 0, 0, 601, 0, 69, 81, 1, 2, 0, 21)
9 (1, 4, 0, 0, 829, 0, 27, 0, 5, 8, 0, 29)
10 (1, 4, 0, 0, 841, 0, 0, 0, 2, 3, 0, 51)
11 (1, 4, 0, 0, 873, 0, 52, 0, 3, 4, 0, 210)
12 (1, 4, 755, 136, 628, 0, 0, 0, 2, 3, 0, 134)
13 (1, 4, 479, 707, 728, 0, 0, 0, 2, 3, 0, 199)
14 (1, 4, 614, 643, 0, 0, 0, 0, 3, 4, 0, 9)
15 (1, 4, 534, 873, 0, 0, 0, 177, 2, 4, 0, 153)
16 (1, 4, 245, 275, 0, 0, 0, 132, 2, 3, 0, 41)
17 (1, 4, 463, 0, 0, 0, 6, 114, 2, 3, 0, 92)
18 (1, 4, 528, 0, 0, 0, 72, 49, 2, 2, 0, 254)
19 (1, 4, 373, 0, 138, 0, 77, 0, 2, 3, 0, 190)
20 (1, 4, 312, 0, 461, 0, 27, 0, 5, 7, 0, 62)
21 (1, 4, 0, 0, 514, 0, 3, 0, 3, 4, 0, 109)
22 (1, 4, 0, 0, 846, 0, 76, 0, 2, 3, 0, 238)
23 (1, 4, 0, 0, 586, 0, 0, 0, 1, 2, 0, 24)
24 (1, 4, 311, 0, 263, 0, 32, 0, 2, 2, 0, 214)
25 (1, 4, 873, 155, 839, 0, 94, 0, 2, 2, 0, 231)
26 (1, 4, 531, 672, 873, 0, 24, 0, 0, 2, 0, 222)
27 (1, 4, 569, 759, 400, 0, 0, 0, 1, 1, 0, 23)
28 (1, 4, 873, 768, 352, 0, 14, 0, 1, 0, 0, 138)
29 (1, 4, 873, 510, 0, 0, 69, 0, 0, 1, 0, 99)
30 (1, 4, 377, 369, 0, 0, 48, 0, 1, 1, 0, 93)
31 (1, 4, 259, 105, 0, 0, 11, 15, 1, 1, 0, 147)
0 (1, 4, 349, 0, 0, 0, 0, 166, 1, 1, 0, 189)
1 (1, 4, 237, 0, 144, 0, 19, 134, 0, 1, 0, 206)
2 (1, 4, 0, 0, 334, 0, 34, 76, 1, 1, 0, 57)
3 (1, 4, 0, 0, 438, 0, 87, 0, 2, 3, 0, 172)
4 (1, 4, 0, 0, 442, 0, 52, 0, 3, 4, 0, 166)
5 (1, 4, 0, 0, 598, 0, 183, 0, 2, 3, 0, 156)
6 (1, 4, 0, 0, 554, 0, 62, 0, 2, 2, 0, 227)
7 (1, 4, 873, 544, 873, 0, 0, 0, 3, 4, 0, 128)
8 (1, 4, 873, 585, 345, 0, 0, 0, 2, 3, 0, 136)
9 (1, 4, 873, 873, 0, 0, 0, 45, 5, 5, 0, 235)
10 (1, 4, 277, 462, 0, 0, 0, 62, 3, 5, 0, 251)
11 (1, 4, 407, 232, 0, 0, 0, 53, 3, 5, 0, 238)
12 (1, 4, 545, 0, 0, 0, 18, 26, 4, 4, 0, 96)
13 (1, 4, 610, 0, 0, 0, 52, 13, 2, 2, 0, 17)
14 (1, 4, 335, 0, 79, 0, 91, 0, 2, 3, 0, 161)
15 (1, 4, 49, 0, 323, 0, 79, 0, 3, 4, 0, 244)
16 (1, 4, 0, 0, 500, 0, 64, 0, 4, 7, 0, 117)
17 (1, 4, 0, 0, 339, 0, 104, 0, 2, 2, 0, 216)
18 (1, 4, 535, 0, 210, 0, 72, 0, 1, 2, 0, 133)
19 (1, 4, 694, 496, 440, 0, 129, 0, 2, 2, 0, 102)
20 (1, 4, 102, 786, 873, 0, 0, 0, 1, 1, 0, 243)
21 (1, 4, 184, 631, 873, 0, 0, 0, 0, 0, 0, 25)
22 (1, 4, 781, 857, 585, 0, 0, 0, 1, 0, 0, 249)
23 (1, 4, 646, 545, 59, 0, 5, 0, 1, 1, 0, 228)
24 (1, 4, 188, 410, 0, 0, 13, 12, 2, 1, 0, 52)
25 (1, 4, 202, 317, 30, 0, 0, 20, 2, 1, 0, 175)
26 (1, 4, 161, 161, 22, 19, 0, 25, 2, 1, 0, 69)
27 (1, 4, 137, 133, 58, 38, 0, 25, 2, 1, 0, 139)
28 (1, 4, 159, 79, 75, 51, 0, 24, 2, 2, 0, 11)
29 (1, 4, 74, 71, 101, 50, 0, 25, 2, 2, 0, 1)
30 (1, 4, 207, 20, 122, 58, 0, 31, 3, 3, 0, 3)
31 (1, 4, 249, 24, 164, 39, 0, 30, 3, 4, 0, 116)
0 (1, 4, 0, 0, 873, 0, 0, 0, 3, 5, 0, 210)
1 (1, 4, 697, 561, 594, 0, 0, 0, 11, 15, 0, 4)
2 (1, 4, 618, 793, 101, 0, 0, 0, 5, 7, 0, 35)
3 (1, 4, 591, 873, 0, 0, 0, 73, 6, 13, 0, 108)
4 (1, 4, 454, 353, 0, 0, 0, 206, 4, 5, 0, 115)
5 (1, 4, 187, 0, 0, 0, 14, 137, 3, 4, 0, 76)
6 (1, 4, 161, 0, 0, 0, 78, 47, 3, 4, 0, 61)
7 (1, 4, 305, 0, 0, 0, 98, 0, 3, 4, 0, 189)
8 (1, 4, 372, 0, 0, 0, 115, 0, 3, 4, 0, 254)
9 (1, 4, 148, 0, 514, 0, 85, 0, 4, 6, 0, 209)
10 (1, 4, 304, 0, 873, 0, 0, 0, 2, 3, 0, 232)
11 (1, 4, 822, 641, 674, 0, 0, 0, 20, 20, 0, 44)
12 (1, 4, 711, 873, 131, 0, 0, 0, 2, 3, 0, 144)
13 (1, 4, 656, 873, 0, 0, 0, 154, 1, 2, 0, 94)
14 (1, 4, 379, 291, 0, 0, 0, 231, 1, 2, 0, 134)
15 (1, 4, 266, 0, 0, 0, 0, 128, 1, 2, 0, 46)
16 (1, 4, 49, 0, 0, 0, 22, 36, 1, 2, 0, 163)
17 (1, 4, 185, 0, 0, 0, 34, 2, 3, 4, 0, 121)
18 (1, 4, 326, 0, 0, 0, 42, 0, 4, 4, 0, 203)
19 (1, 4, 207, 0, 223, 0, 62, 0, 6, 8, 0, 214)
20 (1, 4, 0, 0, 262, 0, 35, 0, 9, 13, 0, 62)
21 (1, 4, 137, 0, 541, 0, 5, 0, 3, 4, 0, 49)
22 (1, 4, 873, 0, 791, 0, 0, 0, 8, 7, 0, 58)
23 (1, 4, 286, 0, 787, 0, 0, 0, 5, 6, 0, 123)
24 (1, 4, 437, 482, 588, 0, 0, 0, 1, 2, 0, 167)
25 (1, 4, 616, 873, 402, 0, 0, 0, 1, 1, 0, 222)
26 (1, 4, 767, 873, 229, 0, 7, 0, 0, 0, 0, 162)
27 (1, 4, 614, 754, 0, 0, 12, 0, 0, 0, 0, 179)
28 (1, 4, 458, 406, 0, 0, 0, 0, 1, 0, 0, 220)
29 (1, 4, 163, 323, 0, 0, 0, 0, 1, 0, 0, 98)
30 (1, 4, 210, 250, 0, 0, 0, 4, 1, 1, 0, 157)
0 (1, 4, 564, 0, 210, 29, 88, 31, 2, 3, 0, 94)
1 (1, 4, 2, 0, 476, 2, 77, 2, 5, 9, 0, 185)
2 (1, 4, 0, 0, 689, 0, 26, 0, 2, 3, 0, 239)
3 (1, 4, 0, 0, 873, 0, 0, 0, 3, 8, 0, 67)
4 (1, 4, 0, 0, 873, 0, 0, 0, 4, 5, 0, 251)
5 (1, 4, 216, 0, 742, 0, 0, 0, 5, 7, 0, 182)
6 (1, 4, 277, 873, 360, 0, 0, 0, 4, 4, 0, 5)
7 (1, 4, 526, 873, 0, 0, 0, 14, 3, 4, 0, 106)
8 (1, 4, 361, 681, 0, 0, 0, 199, 2, 3, 0, 225)
9 (1, 4, 265, 307, 0, 0, 0, 185, 2, 3, 0, 40)
10 (1, 4, 200, 39, 0, 0, 0, 133, 2, 3, 0, 11)
11 (1, 4, 103, 0, 0, 0, 23, 45, 11, 5, 0, 105)
12 (1, 4, 150, 0, 0, 0, 26, 20, 3, 4, 0, 178)
13 (1, 4, 195, 0, 0, 0, 37, 0, 4, 6, 0, 149)
14 (1, 4, 246, 0, 204, 3, 45, 0, 3, 4, 0, 115)
15 (1, 4, 133, 0, 488, 0, 42, 0, 5, 7, 0, 141)
16 (1, 4, 0, 0, 459, 0, 0, 0, 4, 9, 0, 155)
17 (1, 4, 0, 0, 535, 0, 0, 0, 3, 5, 0, 56)
18 (1, 4, 22, 0, 520, 0, 0, 0, 2, 3, 0, 197)
19 (1, 4, 136, 174, 427, 0, 0, 0, 2, 3, 0, 240)
20 (1, 4, 60, 363, 302, 0, 0, 0, 2, 3, 0, 201)
21 (1, 4, 0, 647, 382, 0, 0, 0, 1, 2, 0, 238)
22 (1, 4, 0, 744, 630, 0, 0, 0, 1, 1, 0, 248)
23 (1, 4, 200, 873, 463, 0, 0, 0, 1, 0, 0, 145)
24 (1, 4, 556, 645, 67, 0, 0, 0, 0, 0, 0, 22)
25 (1, 4, 263, 442, 0, 0, 0, 0, 0, 0, 0, 207)
26 (1, 4, 134, 346, 0, 0, 0, 7, 0, 0, 0, 133)
27 (1, 4, 135, 266, 0, 2, 0, 13, 0, 0, 0, 4)
28 (1, 4, 96, 159, 0, 27, 0, 27, 0, 0, 0, 144)
29 (1, 4, 90, 105, 0, 44, 0, 42, 0, 0, 0, 163)
30 (1, 4, 59, 53, 0, 71, 0, 44, 1, 1, 0, 72)
0 (1, 4, 101, 0, 57, 62, 0, 48, 1, 1, 0, 112)
1 (1, 4, 37, 8, 63, 61, 0, 51, 1, 1, 0, 124)
2 (1, 4, 22, 0, 64, 54, 0, 50, 1, 1, 0, 223)
3 (1, 4, 22, 0, 86, 56, 0, 52, 1, 1, 0, 167)
4 (1, 4, 21, 0, 125, 59, 0, 54, 2, 2, 0, 207)
5 (1, 4, 57, 0, 164, 38, 0, 47, 1, 1, 0, 140)
6 (1, 4, 0, 0, 171, 58, 0, 31, 1, 1, 0, 141)
7 (1, 4, 125, 0, 343, 27, 0, 13, 1, 1, 0, 205)
8 (1, 4, 296, 0, 377, 39, 0, 14, 1, 1, 0, 95)
9 (1, 4, 175, 141, 159, 33, 0, 38, 1, 1, 0, 110)
10 (1, 4, 115, 219, 0, 0, 0, 189, 1, 1, 0, 251)
11 (1, 4, 297, 0, 0, 0, 0, 261, 1, 1, 0, 79)
12 (1, 4, 235, 0, 0, 0, 0, 223, 1, 1, 0, 171)
13 (1, 4, 49, 0, 161, 0, 27, 129, 1, 1, 0, 95)
14 (1, 4, 0, 0, 274, 0, 12, 48, 1, 2, 0, 151)
15 (1, 4, 98, 0, 356, 0, 6, 0, 2, 2, 0, 41)
16 (1, 4, 0, 0, 496, 0, 39, 0, 5, 4, 0, 139)
17 (1, 4, 0, 0, 751, 0, 0, 0, 7, 9, 0, 122)
18 (1, 4, 0, 0, 318, 0, 0, 0, 3, 3, 0, 116)
19 (1, 4, 561, 396, 488, 0, 0, 0, 4, 4, 0, 239)
20 (1, 4, 555, 698, 224, 0, 0, 0, 2, 3, 0, 227)
21 (1, 4, 775, 827, 18, 0, 0, 0, 1, 2, 0, 86)
22 (1, 4, 466, 851, 0, 0, 0, 92, 1, 2, 0, 179)
23 (1, 4, 328, 594, 0, 0, 0, 128, 1, 1, 0, 68)
24 (1, 4, 128, 421, 0, 0, 0, 112, 1, 1, 0, 28)
25 (1, 4, 146, 271, 0, 0, 0, 89, 1, 1, 0, 105)
26 (1, 4, 151, 96, 0, 0, 0, 76, 1, 1, 0, 51)
27 (1, 4, 67, 0, 0, 0, 18, 72, 1, 1, 0, 52)
28 (1, 4, 0, 0, 0, 0, 76, 75, 1, 1, 0, 134)
29 (1, 4, 0, 0, 0, 0, 134, 52, 1, 1, 0, 85)
30 (1, 4, 0, 0, 0, 0, 231, 0, 1, 2, 0, 129)
31 (1, 4, 0, 0, 351, 0, 196, 0, 2, 2, 0, 33)
0 (1, 4, 0, 0, 0, 6, 31, 0, 2, 2, 0, 2)
1 (1, 4, 0, 0, 41, 31, 67, 0, 2, 2, 0, 121)
2 (1, 4, 103, 0, 536, 33, 12, 0, 1, 1, 0, 190)
3 (1, 4, 259, 210, 751, 1, 0, 0, 4, 4, 0, 204)
4 (1, 4, 206, 753, 816, 0, 0, 0, 3, 3, 0, 146)
5 (1, 4, 379, 829, 63, 0, 0, 0, 1, 1, 0, 54)
6 (1, 4, 193, 873, 0, 0, 0, 0, 1, 1, 0, 138)
7 (1, 4, 319, 757, 0, 0, 0, 97, 1, 1, 0, 176)
8 (1, 4, 413, 188, 0, 0, 0, 123, 1, 1, 0, 182)
9 (1, 4, 403, 0, 0, 0, 0, 39, 2, 2, 0, 59)
10 (1, 4, 308, 0, 0, 0, 21, 0, 3, 2, 0, 12)
11 (1, 4, 320, 0, 0, 0, 47, 0, 2, 2, 0, 67)
12 (1, 4, 222, 0, 189, 10, 54, 0, 4, 5, 0, 64)
13 (1, 4, 256, 0, 463, 3, 32, 0, 2, 3, 0, 39)
14 (1, 4, 0, 0, 558, 0, 0, 0, 2, 3, 0, 142)
15 (1, 4, 0, 0, 578, 0, 0, 0, 2, 3, 0, 105)
16 (1, 4, 51, 0, 747, 0, 0, 0, 4, 6, 0, 240)
17 (1, 4, 0, 47, 483, 0, 0, 0, 5, 7, 0, 228)
18 (1, 4, 0, 501, 822, 0, 0, 0, 3, 5, 0, 164)
19 (1, 4, 873, 873, 656, 0, 0, 0, 4, 8, 0, 205)
20 (1, 4, 873, 873, 158, 0, 61, 0, 6, 9, 0, 198)
21 (1, 4, 637, 821, 43, 0, 52, 0, 3, 3, 0, 255)
22 (1, 4, 265, 504, 77, 0, 4, 49, 4, 8, 0, 104)
23 (1, 4, 392, 122, 10, 0, 0, 67, 4, 5, 0, 24)
24 (1, 4, 202, 46, 48, 0, 0, 75, 4, 8, 0, 222)
25 (1, 4, 14, 2, 43, 0, 0, 78, 9, 13, 0, 55)
26 (1, 4, 0, 0, 62, 0, 0, 77, 2, 3, 0, 78)
27 (1, 4, 0, 0, 118, 0, 0, 67, 2, 3, 0, 47)
28 (1, 4, 0, 0, 100, 0, 0, 63, 2, 2, 0, 188)
29 (1, 4, 0, 0, 113, 0, 0, 62, 2, 3, 0, 189)
30 (1, 4, 0, 0, 112, 0, 0, 54, 2, 2, 0, 168)
31 (1, 4, 0, 0, 109, 0, 0, 42, 1, 1, 0, 246)
0 (1, 4, 99, 0, 253, 0, 12, 0, 8, 20, 0, 237)
1 (1, 4, 0, 0, 377, 0, 0, 0, 14, 0, 0, 35)
2 (1, 4, 183, 174, 472, 0, 0, 0, 4, 7, 0, 172)
3 (1, 4, 244, 654, 509, 0, 0, 0, 3, 4, 0, 152)
4 (1, 4, 255, 873, 263, 0, 0, 0, 3, 5, 0, 46)
5 (1, 4, 309, 873, 0, 0, 0, 9, 2, 3, 0, 78)
6 (1, 4, 195, 686, 0, 0, 0, 63, 9, 20, 0, 3)
7 (1, 4, 337, 439, 0, 0, 0, 52, 4, 5, 0, 22)
8 (1, 4, 290, 0, 0, 0, 0, 25, 3, 4, 0, 76)
9 (1, 4, 313, 0, 0, 0, 8, 16, 3, 4, 0, 58)
10 (1, 4, 291, 0, 0, 0, 36, 0, 2, 3, 0, 62)
11 (1, 4, 242, 0, 0, 0, 18, 0, 2, 3, 0, 215)
12 (1, 4, 312, 0, 0, 0, 2, 0, 3, 4, 0, 212)
13 (1, 4, 119, 0, 1, 0, 0, 0, 3, 6, 0, 181)
14 (1, 4, 141, 0, 67, 0, 0, 0, 2, 4, 0, 2)
15 (1, 4, 150, 0, 296, 0, 0, 0, 3, 3, 0, 171)
16 (1, 4, 0, 0, 469, 0, 0, 0, 2, 3, 0, 229)
17 (1, 4, 0, 238, 568, 0, 0, 0, 2, 2, 0, 175)
18 (1, 4, 151, 389, 378, 0, 0, 0, 1, 1, 0, 151)
19 (1, 4, 96, 685, 177, 0, 0, 0, 0, 1, 0, 109)
20 (1, 4, 156, 783, 72, 0, 0, 0, 1, 1, 0, 20)
21 (1, 4, 251, 631, 0, 0, 0, 0, 0, 1, 0, 35)
22 (1, 4, 260, 558, 0, 0, 0, 0, 0, 0, 0, 79)
23 (1, 4, 351, 439, 0, 0, 0, 0, 0, 0, 0, 10)
24 (1, 4, 327, 327, 0, 0, 5, 0, 0, 0, 0, 33)
25 (1, 4, 304, 260, 0, 9, 2, 0, 0, 1, 0, 26)
26 (1, 4, 278, 142, 43, 39, 0, 16, 0, 1, 0, 72)
27 (1, 4, 216, 100, 102, 55, 0, 25, 1, 1, 0, 49)
28 (1, 4, 190, 63, 142, 64, 0, 28, 0, 1, 0, 196)
29 (1, 4, 143, 78, 164, 63, 0, 38, 1, 1, 0, 56)
30 (1, 4, 140, 26, 158, 58, 0, 51, 1, 2, 0, 167)
31 (1, 4, 48, 0, 155, 49, 0, 51, 2, 2, 0, 215)
0 (1, 4, 0, 0, 172, 25, 0, 0, 4, 3, 0, 177)
1 (1, 4, 0, 0, 159, 0, 0, 0, 1, 1, 0, 160)
2 (1, 4, 0, 0, 165, 0, 0, 0, 1, 1, 0, 178)
3 (1, 4, 0, 0, 95, 0, 0, 0, 1, 1, 0, 170)
4 (1, 4, 0, 0, 36, 0, 0, 0, 2, 2, 0, 204)
5 (1, 4, 0, 0, 109, 0, 0, 0, 3, 3, 0, 22)
6 (1, 4, 243, 0, 98, 0, 0, 0, 1, 1, 0, 244)
7 (1, 4, 371, 14, 0, 0, 0, 0, 1, 1, 0, 205)
8 (1, 4, 346, 53, 0, 0, 0, 0, 2, 2, 0, 167)
9 (1, 4, 523, 0, 0, 0, 0, 0, 2, 2, 0, 10)
10 (1, 4, 695, 0, 0, 0, 0, 0, 2, 3, 0, 27)
11 (1, 4, 262, 0, 0, 0, 32, 0, 1, 1, 0, 92)
12 (1, 4, 0, 0, 0, 0, 73, 0, 3, 3, 0, 199)
13 (1, 4, 0, 0, 324, 0, 85, 0, 3, 2, 0, 243)
14 (1, 4, 0, 0, 835, 0, 0, 0, 2, 2, 0, 203)
15 (1, 4, 873, 184, 873, 0, 0, 0, 2, 2, 0, 129)
16 (1, 4, 873, 873, 873, 0, 3, 0, 2, 4, 0, 9)
17 (1, 4, 710, 738, 472, 0, 0, 0, 1, 2, 0, 2)
18 (1, 4, 686, 653, 0, 0, 0, 0, 20, 2, 0, 135)
19 (1, 4, 307, 319, 0, 0, 0, 0, 2, 3, 0, 199)
20 (1, 4, 443, 166, 0, 0, 0, 0, 2, 3, 0, 33)
21 (1, 4, 568, 0, 0, 0, 0, 0, 2, 3, 0, 84)
22 (1, 4, 485, 0, 0, 0, 1, 0, 2, 3, 0, 17)
23 (1, 4, 327, 0, 0, 0, 33, 0, 3, 4, 0, 166)
24 (1, 4, 307, 0, 28, 0, 13, 0, 3, 4, 0, 130)
25 (1, 4, 384, 0, 210, 0, 0, 0, 4, 5, 0, 124)
26 (1, 4, 177, 0, 375, 0, 0, 0, 7, 8, 0, 248)
27 (1, 4, 0, 0, 234, 0, 0, 0, 3, 5, 0, 127)
28 (1, 4, 0, 0, 0, 0, 10, 0, 2, 4, 0, 34)
29 (1, 4, 0, 0, 131, 0, 30, 0, 4, 4, 0, 69)
30 (1, 4, 188, 0, 196, 0, 9, 0, 4, 3, 0, 218)
31 (1, 4, 582, 0, 442, 0, 1, 0, 3, 3, 0, 11)
0 (1, 4, 573, 542, 0, 0, 18, 0, 2, 2, 0, 214)
1 (1, 4, 302, 528, 0, 0, 0, 0, 1, 1, 0, 74)
2 (1, 4, 346, 391, 0, 0, 0, 0, 2, 2, 0, 141)
3 (1, 4, 383, 360, 0, 0, 6, 46, 2, 2, 0, 27)
4 (1, 4, 433, 195, 0, 14, 8, 37, 2, 2, 0, 120)
5 (1, 4, 598, 117, 0, 48, 37, 61, 2, 2, 0, 209)
6 (1, 4, 363, 115, 33, 62, 43, 40, 2, 2, 0, 120)
7 (1, 4, 163, 158, 0, 53, 12, 62, 1, 2, 0, 101)
8 (1, 4, 173, 169, 0, 41, 5, 77, 1, 2, 0, 10)
9 (1, 4, 106, 105, 0, 31, 27, 85, 1, 1, 0, 179)
10 (1, 4, 29, 57, 0, 33, 32, 91, 1, 1, 0, 149)
11 (1, 4, 0, 32, 0, 34, 35, 95, 1, 1, 0, 139)
12 (1, 4, 0, 32, 0, 35, 38, 94, 1, 1, 0, 209)
13 (1, 4, 0, 33, 14, 31, 43, 106, 1, 1, 0, 111)
14 (1, 4, 0, 0, 68, 26, 40, 103, 1, 1, 0, 216)
15 (1, 4, 0, 11, 108, 35, 48, 119, 1, 1, 0, 159)
16 (1, 4, 105, 0, 181, 15, 38, 142, 1, 1, 0, 232)
17 (1, 4, 96, 0, 253, 0, 57, 127, 1, 1, 0, 58)
18 (1, 4, 0, 0, 441, 0, 63, 48, 1, 1, 0, 33)
19 (1, 4, 0, 0, 617, 0, 32, 0, 3, 3, 0, 255)
20 (1, 4, 0, 0, 680, 0, 0, 0, 4, 4, 0, 83)
21 (1, 4, 0, 0, 512, 0, 0, 0, 3, 4, 0, 201)
22 (1, 4, 275, 0, 635, 7, 0, 0, 7, 20, 0, 52)
23 (1, 4, 0, 504, 594, 0, 0, 0, 3, 4, 0, 21)
24 (1, 4, 121, 690, 168, 0, 0, 0, 2, 3, 0, 102)
25 (1, 4, 31, 873, 0, 0, 0, 57, 3, 4, 0, 225)
26 (1, 4, 384, 470, 0, 0, 0, 96, 2, 3, 0, 69)
27 (1, 4, 257, 75, 0, 0, 0, 63, 2, 3, 0, 104)
28 (1, 4, 278, 0, 0, 0, 5, 38, 2, 3, 0, 54)
29 (1, 4, 211, 0, 0, 0, 49, 0, 3, 3, 0, 250)
30 (1, 4, 0, 0, 0, 0, 63, 0, 5, 5, 0, 114)
31 (1, 4, 0, 0, 0, 0, 89, 0, 3, 3, 0, 66)
0 (1, 4, 525, 0, 488, 18, 43, 0, 1, 1, 0, 174)
1 (1, 4, 0, 0, 657, 0, 20, 0, 1, 1, 0, 177)
2 (1, 4, 0, 0, 850, 0, 0, 0, 1, 2, 0, 134)
3 (1, 4, 0, 0, 873, 0, 0, 0, 3, 4, 0, 185)
4 (1, 4, 229, 389, 570, 0, 0, 0, 3, 5, 0, 86)
5 (1, 4, 338, 773, 53, 0, 0, 0, 2, 3, 0, 124)
6 (1, 4, 413, 873, 0, 0, 0, 80, 20, 20, 0, 130)
7 (1, 4, 345, 440, 0, 0, 0, 185, 3, 4, 0, 95)
8 (1, 4, 242, 0, 0, 0, 4, 143, 2, 2, 0, 91)
9 (1, 4, 0, 0, 0, 0, 81, 81, 4, 4, 0, 245)
10 (1, 4, 0, 0, 0, 0, 101, 0, 3, 3, 0, 232)
11 (1, 4, 71, 0, 162, 0, 70, 0, 4, 4, 0, 210)
12 (1, 4, 343, 0, 873, 24, 0, 0, 3, 3, 0, 225)
13 (1, 4, 440, 657, 873, 0, 0, 0, 1, 1, 0, 229)
14 (1, 4, 245, 417, 1, 0, 0, 0, 1, 1, 0, 253)
15 (1, 4, 423, 873, 0, 0, 0, 25, 7, 3, 0, 153)
16 (1, 4, 0, 51, 0, 0, 0, 93, 2, 2, 0, 193)
17 (1, 4, 0, 0, 0, 4, 23, 29, 1, 1, 0, 117)
18 (1, 4, 0, 0, 0, 2, 84, 0, 1, 1, 0, 53)
19 (1, 4, 0, 0, 0, 0, 147, 0, 1, 2, 0, 240)
20 (1, 4, 703, 0, 0, 0, 142, 0, 6, 7, 0, 171)
21 (1, 4, 32, 0, 189, 0, 103, 0, 3, 3, 0, 219)
22 (1, 4, 139, 0, 407, 0, 89, 0, 4, 5, 0, 87)
23 (1, 4, 348, 40, 543, 0, 63, 0, 18, 20, 0, 110)
24 (1, 4, 338, 121, 639, 0, 58, 0, 4, 5, 0, 66)
25 (1, 4, 417, 361, 844, 0, 24, 0, 4, 5, 0, 247)
26 (1, 4, 671, 765, 548, 0, 0, 0, 6, 4, 0, 31)
27 (1, 4, 822, 627, 50, 0, 0, 0, 2, 1, 0, 79)
28 (1, 4, 487, 546, 10, 0, 0, 0, 1, 2, 0, 72)
29 (1, 4, 373, 374, 48, 0, 0, 7, 1, 1, 0, 13)
30 (1, 4, 194, 173, 0, 9, 0, 11, 1, 1, 0, 131)
31 (1, 4, 193, 89, 0, 32, 0, 35, 1, 1, 0, 47)
0 (1, 4, 32, 0, 32, 72, 0, 47, 1, 1, 0, 59)
1 (1, 4, 62, 0, 51, 71, 0, 38, 1, 1, 0, 219)
2 (1, 4, 99, 0, 32, 68, 0, 45, 2, 2, 0, 134)
3 (1, 4, 82, 0, 87, 66, 0, 35, 1, 1, 0, 79)
4 (1, 4, 0, 0, 55, 63, 0, 17, 1, 1, 0, 164)
5 (1, 4, 0, 0, 26, 61, 0, 20, 1, 1, 0, 184)
6 (1, 4, 134, 0, 16, 49, 0, 19, 1, 1, 0, 141)
7 (1, 4, 280, 0, 97, 48, 0, 14, 1, 1, 0, 76)
8 (1, 4, 288, 0, 186, 26, 0, 14, 1, 1, 0, 70)
9 (1, 4, 130, 57, 253, 8, 0, 31, 1, 1, 0, 244)
10 (1, 4, 120, 0, 0, 23, 0, 26, 2, 2, 0, 152)
11 (1, 4, 0, 0, 0, 25, 2, 36, 2, 2, 0, 90)
12 (1, 4, 0, 0, 0, 21, 65, 12, 1, 1, 0, 31)
13 (1, 4, 0, 0, 0, 0, 107, 0, 1, 2, 0, 151)
14 (1, 4, 70, 0, 0, 0, 125, 0, 1, 2, 0, 174)
15 (1, 4, 0, 0, 159, 0, 154, 0, 4, 5, 0, 100)
16 (1, 4, 485, 0, 657, 0, 98, 0, 5, 11, 0, 85)
17 (1, 4, 873, 50, 766, 0, 4, 0, 5, 6, 0, 9)
18 (1, 4, 436, 539, 751, 0, 0, 0, 12, 14, 0, 28)
19 (1, 4, 694, 546, 394, 0, 0, 0, 3, 3, 0, 42)
20 (1, 4, 873, 569, 136, 0, 0, 0, 2, 2, 0, 127)
21 (1, 4, 873, 322, 0, 0, 0, 0, 1, 2, 0, 247)
22 (1, 4, 593, 221, 0, 0, 0, 8, 1, 1, 0, 193)
23 (1, 4, 153, 0, 0, 0, 0, 59, 3, 3, 0, 16)
24 (1, 4, 128, 0, 0, 0, 3, 42, 6, 7, 0, 79)
25 (1, 4, 0, 0, 0, 13, 41, 0, 2, 3, 0, 41)
26 (1, 4, 0, 0, 0, 0, 93, 15, 1, 1, 0, 74)
27 (1, 4, 611, 0, 0, 0, 120, 14, 1, 2, 0, 231)
28 (1, 4, 101, 0, 0, 0, 195, 0, 2, 2, 0, 177)
29 (1, 4, 245, 0, 106, 0, 127, 0, 2, 2, 0, 76)
30 (1, 4, 80, 0, 287, 0, 147, 0, 2, 2, 0, 68)
31 (1, 4, 108, 0, 502, 0, 98, 0, 2, 2, 0, 40)
0 (1, 4, 108, 0, 772, 0, 26, 54, 1, 1, 0, 192)
1 (1, 4, 14, 0, 848, 0, 0, 1, 1, 1, 0, 159)
2 (1, 4, 0, 0, 836, 0, 0, 0, 3, 4, 0, 49)
3 (1, 4, 0, 0, 873, 0, 0, 0, 1, 4, 0, 125)
4 (1, 4, 0, 0, 873, 0, 0, 0, 1, 1, 0, 189)
5 (1, 4, 873, 166, 492, 0, 0, 0, 2, 5, 0, 115)
6 (1, 4, 204, 729, 65, 0, 0, 0, 3, 4, 0, 224)
7 (1, 4, 511, 823, 0, 0, 0, 56, 1, 1, 0, 133)
8 (1, 4, 531, 270, 0, 0, 0, 94, 1, 1, 0, 208)
9 (1, 4, 366, 196, 0, 0, 0, 78, 6, 6, 0, 107)
10 (1, 4, 423, 0, 0, 0, 0, 80, 1, 1, 0, 27)
11 (1, 4, 851, 0, 0, 0, 0, 29, 1, 1, 0, 153)
12 (1, 4, 873, 0, 23, 0, 15, 0, 20, 13, 0, 87)
13 (1, 4, 281, 0, 198, 24, 73, 0, 8, 6, 0, 80)
14 (1, 4, 0, 0, 555, 0, 25, 0, 2, 2, 0, 18)
15 (1, 4, 0, 0, 622, 0, 0, 0, 1, 2, 0, 184)
16 (1, 4, 0, 0, 655, 0, 0, 0, 1, 2, 0, 216)
17 (1, 4, 0, 0, 383, 0, 0, 0, 2, 2, 0, 18)
18 (1, 4, 333, 25, 478, 0, 43, 0, 2, 3, 0, 15)
19 (1, 4, 302, 255, 548, 0, 21, 0, 1, 2, 0, 206)
20 (1, 4, 291, 436, 759, 0, 72, 0, 1, 2, 0, 143)
21 (1, 4, 301, 723, 873, 0, 40, 0, 1, 1, 0, 4)
22 (1, 4, 370, 747, 719, 0, 0, 0, 0, 1, 0, 170)
23 (1, 4, 625, 618, 265, 0, 0, 0, 1, 1, 0, 244)
24 (1, 4, 411, 576, 4, 0, 0, 0, 1, 1, 0, 242)
25 (1, 4, 359, 471, 0, 0, 0, 0, 1, 1, 0, 21)
26 (1, 4, 336, 251, 0, 0, 0, 4, 1, 2, 0, 158)
27 (1, 4, 261, 239, 9, 11, 0, 18, 1, 1, 0, 41)
28 (1, 4, 216, 202, 26, 24, 0, 47, 3, 4, 0, 152)
29 (1, 4, 211, 92, 27, 43, 0, 53, 4, 5, 0, 68)
30 (1, 4, 187, 53, 59, 47, 0, 59, 2, 2, 0, 196)
31 (1, 4, 119, 40, 36, 50, 0, 65, 3, 3, 0, 138)
0 (1, 4, 84, 0, 124, 31, 0, 78, 1, 2, 0, 50)
1 (1, 4, 41, 0, 101, 22, 0, 79, 1, 2, 0, 181)
2 (1, 4, 88, 0, 121, 19, 0, 81, 2, 2, 0, 184)
3 (1, 4, 88, 0, 125, 22, 0, 82, 1, 2, 0, 69)
4 (1, 4, 83, 0, 142, 29, 0, 83, 1, 2, 0, 17)
5 (1, 4, 252, 0, 151, 25, 0, 95, 4, 4, 0, 189)
6 (1, 4, 656, 0, 299, 29, 0, 76, 1, 1, 0, 148)
7 (1, 4, 827, 0, 302, 23, 0, 75, 1, 1, 0, 57)
8 (1, 4, 486, 0, 288, 21, 44, 59, 1, 1, 0, 236)
9 (1, 4, 0, 0, 350, 13, 42, 40, 1, 1, 0, 141)
10 (1, 4, 0, 0, 458, 0, 15, 6, 1, 1, 0, 214)
11 (1, 4, 0, 0, 543, 0, 7, 0, 2, 2, 0, 152)
12 (1, 4, 0, 0, 444, 0, 0, 0, 3, 3, 0, 170)
13 (1, 4, 0, 0, 386, 0, 0, 0, 3, 4, 0, 240)
14 (1, 4, 841, 0, 664, 0, 0, 0, 1, 2, 0, 179)
15 (1, 4, 497, 544, 770, 0, 0, 0, 1, 1, 0, 7)
16 (1, 4, 638, 628, 144, 0, 0, 0, 1, 1, 0, 48)
17 (1, 4, 772, 873, 0, 0, 0, 0, 1, 1, 0, 38)
18 (1, 4, 424, 491, 0, 0, 0, 88, 1, 1, 0, 101)
19 (1, 4, 499, 157, 0, 0, 0, 54, 1, 1, 0, 222)
20 (1, 4, 406, 0, 0, 0, 0, 29, 1, 1, 0, 55)
21 (1, 4, 295, 0, 0, 0, 28, 28, 1, 2, 0, 206)
22 (1, 4, 197, 0, 0, 0, 59, 32, 2, 3, 0, 206)
23 (1, 4, 144, 0, 1, 0, 58, 15, 3, 3, 0, 70)
24 (1, 4, 0, 0, 151, 0, 74, 0, 3, 4, 0, 49)
25 (1, 4, 0, 0, 208, 0, 55, 0, 3, 3, 0, 240)
26 (1, 4, 84, 0, 330, 0, 46, 0, 5, 7, 0, 60)
27 (1, 4, 273, 0, 569, 0, 0, 0, 3, 4, 0, 140)
28 (1, 4, 160, 0, 630, 0, 0, 0, 9, 14, 0, 74)
29 (1, 4, 63, 285, 452, 0, 0, 0, 5, 7, 0, 169)
30 (1, 4, 188, 452, 537, 0, 0, 0, 4, 10, 0, 92)
31 (1, 4, 114, 696, 515, 0, 0, 0, 2, 3, 0, 104)
0 (1, 4, 403, 0, 849, 27, 0, 12, 3, 3, 0, 198)
1 (1, 4, 74, 0, 682, 0, 0, 0, 1, 2, 0, 9)
2 (1, 4, 0, 0, 599, 0, 0, 0, 2, 3, 0, 220)
3 (1, 4, 0, 195, 559, 0, 0, 0, 4, 5, 0, 118)
4 (1, 4, 0, 402, 490, 0, 0, 0, 4, 5, 0, 227)
5 (1, 4, 596, 360, 33, 0, 0, 0, 3, 4, 0, 91)
6 (1, 4, 134, 653, 0, 0, 0, 16, 2, 5, 0, 136)
7 (1, 4, 105, 634, 0, 0, 0, 119, 4, 4, 0, 125)
8 (1, 4, 107, 451, 0, 0, 0, 143, 14, 20, 0, 197)
9 (1, 4, 80, 180, 0, 0, 0, 98, 2, 3, 0, 75)
10 (1, 4, 85, 51, 0, 0, 0, 64, 2, 2, 0, 13)
11 (1, 4, 279, 0, 0, 0, 0, 39, 2, 2, 0, 22)
12 (1, 4, 295, 0, 0, 0, 25, 27, 2, 3, 0, 138)
13 (1, 4, 338, 0, 0, 9, 34, 22, 2, 3, 0, 119)
14 (1, 4, 294, 0, 209, 6, 50, 0, 2, 2, 0, 84)
15 (1, 4, 0, 0, 362, 0, 40, 0, 2, 2, 0, 107)
16 (1, 4, 0, 0, 212, 0, 0, 0, 3, 4, 0, 88)
17 (1, 4, 226, 0, 19, 0, 0, 0, 3, 4, 0, 240)
18 (1, 4, 0, 0, 340, 0, 0, 0, 2, 3, 0, 128)
19 (1, 4, 17, 0, 383, 0, 0, 0, 2, 3, 0, 151)
20 (1, 4, 275, 329, 491, 0, 0, 0, 2, 3, 0, 57)
21 (1, 4, 25, 413, 678, 0, 0, 0, 2, 3, 0, 4)
22 (1, 4, 0, 467, 738, 0, 0, 0, 1, 2, 0, 117)
23 (1, 4, 230, 865, 673, 0, 0, 0, 0, 1, 0, 151)
24 (1, 4, 456, 803, 316, 0, 0, 0, 1, 1, 0, 149)
25 (1, 4, 439, 671, 0, 0, 0, 0, 1, 1, 0, 113)
26 (1, 4, 358, 382, 0, 0, 0, 8, 1, 1, 0, 52)
27 (1, 4, 264, 303, 0, 0, 0, 8, 1, 1, 0, 121)
28 (1, 4, 243, 266, 0, 0, 0, 22, 2, 2, 0, 225)
29 (1, 4, 215, 146, 0, 37, 0, 35, 1, 2, 0, 220)
30 (1, 4, 164, 100, 0, 58, 0, 44, 1, 2, 0, 93)
31 (1, 4, 79, 82, 0, 64, 0, 52, 1, 1, 0, 249)
0 (1, 4, 51, 0, 19, 61, 0, 60, 1, 1, 0, 238)
1 (1, 4, 42, 1, 32, 60, 0, 62, 1, 1, 0, 89)
2 (1, 4, 63, 0, 38, 57, 0, 62, 1, 1, 0, 40)
3 (1, 4, 61, 0, 66, 53, 0, 65, 1, 1, 0, 37)
4 (1, 4, 123, 0, 75, 46, 0, 69, 1, 1, 0, 251)
5 (1, 4, 333, 0, 162, 18, 0, 88, 1, 1, 0, 47)
6 (1, 4, 665, 0, 219, 11, 0, 83, 1, 1, 0, 163)
7 (1, 4, 647, 0, 230, 18, 0, 92, 1, 1, 0, 9)
8 (1, 4, 599, 0, 250, 39, 6, 71, 1, 1, 0, 219)
9 (1, 4, 362, 0, 298, 45, 31, 52, 1, 1, 0, 62)
10 (1, 4, 231, 0, 388, 50, 24, 33, 2, 1, 0, 72)
11 (1, 4, 122, 0, 503, 21, 8, 22, 1, 1, 0, 204)
12 (1, 4, 79, 0, 641, 0, 0, 2, 1, 1, 0, 194)
13 (1, 4, 0, 0, 517, 0, 0, 0, 1, 1, 0, 7)
14 (1, 4, 0, 0, 568, 0, 0, 0, 3, 4, 0, 244)
15 (1, 4, 0, 0, 451, 0, 0, 0, 2, 2, 0, 128)
16 (1, 4, 242, 50, 293, 0, 0, 0, 3, 4, 0, 115)
17 (1, 4, 0, 423, 331, 0, 0, 0, 3, 3, 0, 224)
18 (1, 4, 0, 611, 267, 0, 0, 0, 2, 3, 0, 9)
19 (1, 4, 0, 768, 198, 0, 0, 0, 1, 2, 0, 153)
20 (1, 4, 438, 804, 0, 0, 0, 63, 2, 4, 0, 190)
21 (1, 4, 262, 310, 0, 0, 0, 95, 2, 3, 0, 191)
22 (1, 4, 168, 140, 0, 0, 0, 75, 3, 3, 0, 102)
23 (1, 4, 280, 0, 0, 0, 0, 57, 3, 4, 0, 166)
24 (1, 4, 248, 0, 0, 0, 18, 43, 2, 2, 0, 253)
25 (1, 4, 119, 0, 0, 0, 31, 26, 2, 3, 0, 47)
26 (1, 4, 0, 0, 118, 0, 30, 0, 3, 3, 0, 59)
27 (1, 4, 0, 0, 134, 0, 27, 0, 3, 3, 0, 42)
28 (1, 4, 50, 0, 248, 0, 0, 0, 3, 3, 0, 105)
29 (1, 4, 204, 0, 432, 0, 0, 0, 4, 4, 0, 163)
30 (1, 4, 0, 61, 444, 0, 0, 0, 5, 5, 0, 227)
31 (1, 4, 68, 235, 203, 0, 0, 0, 4, 4, 0, 205)
0 (1, 4, 0, 0, 7, 0, 0, 107, 4, 5, 0, 188)
1 (1, 4, 0, 0, 34, 0, 0, 37, 1, 2, 0, 16)
2 (1, 4, 51, 0, 106, 0, 0, 0, 1, 2, 0, 105)
3 (1, 4, 146, 0, 345, 0, 15, 0, 1, 1, 0, 198)
4 (1, 4, 160, 0, 578, 0, 0, 0, 1, 2, 0, 118)
5 (1, 4, 0, 0, 600, 0, 0, 0, 2, 3, 0, 133)
6 (1, 4, 133, 0, 579, 0, 0, 0, 2, 4, 0, 200)
7 (1, 4, 129, 52, 550, 0, 0, 0, 2, 4, 0, 70)
8 (1, 4, 252, 254, 368, 0, 0, 0, 3, 3, 0, 148)
9 (1, 4, 457, 528, 145, 0, 0, 0, 2, 3, 0, 81)
10 (1, 4, 467, 618, 0, 0, 0, 0, 2, 3, 0, 57)
11 (1, 4, 253, 614, 0, 0, 0, 47, 2, 3, 0, 153)
12 (1, 4, 108, 278, 0, 0, 0, 40, 2, 3, 0, 121)
13 (1, 4, 141, 222, 0, 0, 0, 42, 2, 2, 0, 42)
14 (1, 4, 251, 50, 0, 0, 0, 39, 2, 3, 0, 162)
15 (1, 4, 384, 0, 0, 0, 0, 27, 2, 3, 0, 79)
16 (1, 4, 361, 0, 0, 0, 13, 32, 2, 3, 0, 207)
17 (1, 4, 246, 0, 17, 0, 19, 25, 3, 5, 0, 132)
18 (1, 4, 250, 0, 200, 0, 16, 3, 3, 4, 0, 241)
19 (1, 4, 137, 0, 349, 0, 0, 0, 3, 4, 0, 183)
20 (1, 4, 0, 0, 417, 0, 0, 0, 3, 5, 0, 222)
21 (1, 4, 13, 0, 472, 0, 0, 0, 4, 5, 0, 227)
22 (1, 4, 294, 0, 617, 0, 0, 0, 4, 6, 0, 250)
23 (1, 4, 602, 179, 583, 0, 0, 0, 3, 5, 0, 199)
24 (1, 4, 270, 386, 319, 0, 0, 0, 4, 5, 0, 107)
25 (1, 4, 355, 801, 122, 0, 0, 0, 4, 4, 0, 178)
26 (1, 4, 92, 873, 0, 0, 0, 0, 3, 4, 0, 61)
27 (1, 4, 0, 873, 0, 0, 0, 0, 2, 4, 0, 126)
28 (1, 4, 126, 670, 0, 0, 0, 0, 1, 2, 0, 153)
29 (1, 4, 158, 515, 0, 0, 0, 0, 1, 1, 0, 195)
30 (1, 4, 149, 188, 0, 0, 0, 0, 0, 1, 0, 29)
31 (1, 4, 100, 149, 0, 0, 0, 0, 0, 1, 0, 108)
0 (1, 4, 146, 460, 320, 0, 0, 0, 3, 5, 0, 89)
1 (1, 4, 158, 724, 187, 0, 0, 0, 2, 4, 0, 51)
2 (1, 4, 185, 770, 0, 0, 0, 0, 1, 2, 0, 195)
3 (1, 4, 194, 513, 0, 0, 0, 63, 2, 3, 0, 116)
4 (1, 4, 176, 314, 0, 0, 0, 56, 2, 3, 0, 53)
5 (1, 4, 278, 81, 0, 0, 0, 25, 2, 3, 0, 112)
6 (1, 4, 429, 0, 0, 0, 0, 23, 2, 3, 0, 81)
7 (1, 4, 367, 0, 0, 0, 23, 13, 2, 3, 0, 188)
8 (1, 4, 323, 0, 0, 0, 26, 7, 2, 3, 0, 59)
9 (1, 4, 332, 0, 196, 0, 22, 0, 3, 4, 0, 112)
10 (1, 4, 154, 0, 476, 0, 37, 0, 4, 4, 0, 158)
11 (1, 4, 111, 0, 527, 0, 0, 0, 2, 3, 0, 240)
12 (1, 4, 3, 0, 568, 0, 0, 0, 3, 5, 0, 141)
13 (1, 4, 237, 0, 493, 0, 0, 0, 4, 4, 0, 152)
14 (1, 4, 238, 310, 270, 0, 0, 0, 3, 4, 0, 29)
15 (1, 4, 143, 873, 122, 0, 0, 0, 3, 4, 0, 186)
16 (1, 4, 0, 873, 267, 0, 0, 0, 3, 5, 0, 45)
17 (1, 4, 0, 873, 366, 0, 0, 0, 2, 2, 0, 150)
18 (1, 4, 0, 873, 347, 0, 0, 0, 1, 1, 0, 198)
19 (1, 4, 473, 611, 0, 0, 0, 3, 1, 1, 0, 69)
20 (1, 4, 297, 389, 0, 0, 0, 0, 1, 1, 0, 71)
21 (1, 4, 83, 199, 0, 0, 0, 18, 1, 1, 0, 230)
22 (1, 4, 130, 128, 0, 21, 0, 27, 1, 1, 0, 180)
23 (1, 4, 77, 42, 0, 59, 0, 19, 1, 1, 0, 214)
24 (1, 4, 0, 37, 0, 73, 0, 20, 1, 1, 0, 78)
25 (1, 4, 47, 18, 6, 78, 0, 19, 1, 1, 0, 77)
26 (1, 4, 77, 23, 24, 77, 0, 24, 1, 1, 0, 111)
27 (1, 4, 47, 0, 27, 77, 0, 30, 1, 1, 0, 41)
28 (1, 4, 49, 4, 46, 78, 0, 30, 1, 1, 0, 45)
29 (1, 4, 63, 0, 44, 74, 0, 34, 1, 1, 0, 29)
0 (1, 4, 0, 0, 560, 0, 0, 0, 11, 10, 0, 125)
1 (1, 4, 0, 0, 504, 0, 0, 0, 2, 2, 0, 6)
2 (1, 4, 505, 0, 347, 0, 0, 0, 2, 3, 0, 30)
3 (1, 4, 658, 303, 707, 0, 0, 0, 3, 4, 0, 3)
4 (1, 4, 365, 329, 503, 0, 0, 0, 3, 3, 0, 60)
5 (1, 4, 643, 593, 50, 0, 0, 0, 2, 3, 0, 48)
6 (1, 4, 608, 873, 0, 0, 0, 0, 2, 3, 0, 34)
7 (1, 4, 509, 700, 0, 0, 0, 37, 4, 4, 0, 168)
8 (1, 4, 421, 467, 0, 0, 0, 54, 3, 4, 0, 245)
9 (1, 4, 198, 247, 0, 0, 0, 48, 3, 5, 0, 241)
10 (1, 4, 237, 69, 0, 0, 0, 44, 4, 5, 0, 254)
11 (1, 4, 314, 0, 0, 0, 11, 52, 5, 7, 0, 129)
12 (1, 4, 253, 0, 0, 0, 27, 45, 3, 4, 0, 160)
13 (1, 4, 93, 0, 118, 0, 27, 23, 4, 4, 0, 113)
14 (1, 4, 0, 0, 252, 0, 3, 0, 3, 4, 0, 145)
15 (1, 4, 0, 0, 175, 0, 0, 0, 4, 5, 0, 103)
16 (1, 4, 0, 0, 164, 0, 0, 0, 3, 4, 0, 34)
17 (1, 4, 0, 0, 135, 0, 47, 0, 3, 4, 0, 195)
18 (1, 4, 148, 0, 264, 0, 0, 0, 3, 4, 0, 95)
19 (1, 4, 90, 0, 497, 0, 22, 0, 6, 8, 0, 183)
20 (1, 4, 289, 26, 529, 0, 5, 0, 20, 0, 0, 124)
21 (1, 4, 648, 374, 569, 0, 0, 0, 6, 8, 0, 100)
22 (1, 4, 390, 820, 429, 0, 0, 0, 3, 5, 0, 94)
23 (1, 4, 13, 873, 279, 0, 0, 0, 2, 4, 0, 255)
24 (1, 4, 133, 873, 341, 0, 0, 0, 1, 2, 0, 149)
25 (1, 4, 721, 689, 192, 0, 0, 0, 1, 1, 0, 209)
26 (1, 4, 391, 351, 0, 0, 4, 0, 1, 1, 0, 31)
27 (1, 4, 111, 269, 0, 0, 2, 11, 1, 1, 0, 36)
28 (1, 4, 183, 171, 0, 18, 0, 26, 1, 1, 0, 142)
29 (1, 4, 161, 106, 0, 49, 0, 24, 1, 1, 0, 12)
0 (1, 4, 300, 0, 211, 13, 0, 77, 1, 1, 0, 170)
1 (1, 4, 111, 0, 361, 2, 0, 40, 1, 1, 0, 102)
2 (1, 4, 0, 0, 430, 0, 0, 0, 2, 2, 0, 243)
3 (1, 4, 0, 0, 365, 0, 0, 0, 1, 1, 0, 89)
4 (1, 4, 0, 0, 272, 0, 0, 0, 1, 1, 0, 85)
5 (1, 4, 196, 0, 521, 0, 0, 0, 1, 1, 0, 65)
6 (1, 4, 545, 106, 440, 0, 0, 0, 1, 1, 0, 180)
7 (1, 4, 354, 517, 318, 0, 0, 0, 1, 1, 0, 148)
8 (1, 4, 147, 638, 117, 0, 0, 0, 1, 2, 0, 116)
9 (1, 4, 119, 824, 6, 0, 0, 0, 1, 2, 0, 7)
10 (1, 4, 191, 785, 0, 0, 0, 0, 1, 2, 0, 94)
11 (1, 4, 220, 673, 0, 0, 0, 13, 1, 2, 0, 5)
12 (1, 4, 221, 412, 0, 0, 0, 27, 1, 2, 0, 67)
13 (1, 4, 245, 259, 0, 0, 0, 38, 1, 2, 0, 23)
14 (1, 4, 360, 19, 0, 0, 0, 33, 1, 2, 0, 49)
15 (1, 4, 393, 0, 0, 0, 5, 40, 1, 2, 0, 114)
16 (1, 4, 341, 0, 50, 3, 23, 27, 2, 2, 0, 12)
17 (1, 4, 331, 0, 247, 0, 18, 20, 2, 3, 0, 81)
18 (1, 4, 0, 0, 378, 0, 12, 0, 2, 3, 0, 145)
19 (1, 4, 0, 0, 383, 0, 0, 0, 2, 3, 0, 121)
20 (1, 4, 0, 0, 540, 0, 10, 0, 2, 3, 0, 19)
21 (1, 4, 298, 0, 611, 0, 0, 0, 2, 3, 0, 170)
22 (1, 4, 0, 0, 227, 0, 0, 0, 3, 4, 0, 60)
23 (1, 4, 347, 424, 421, 0, 0, 0, 3, 3, 0, 97)
24 (1, 4, 169, 790, 496, 0, 0, 0, 2, 2, 0, 232)
25 (1, 4, 0, 873, 429, 0, 0, 0, 1, 2, 0, 129)
26 (1, 4, 0, 873, 472, 0, 0, 0, 1, 1, 0, 140)
27 (1, 4, 222, 873, 192, 0, 0, 0, 1, 1, 0, 58)
28 (1, 4, 318, 708, 11, 0, 0, 0, 0, 0, 0, 157)
29 (1, 4, 194, 443, 0, 0, 0, 0, 0, 0, 0, 210)
30 (1, 4, 121, 356, 0, 0, 0, 2, 1, 1, 0, 96)
31 (1, 4, 183, 251, 0, 0, 0, 30, 0, 1, 0, 178)
0 (1, 4, 0, 0, 448, 0, 16, 0, 1, 1, 0, 165)
1 (1, 4, 0, 0, 393, 0, 0, 0, 1, 1, 0, 243)
2 (1, 4, 0, 0, 547, 0, 0, 0, 2, 3, 0, 248)
3 (1, 4, 786, 0, 471, 0, 0, 0, 7, 11, 0, 140)
4 (1, 4, 123, 352, 556, 0, 0, 0, 2, 3, 0, 201)
5 (1, 4, 401, 551, 452, 0, 0, 0, 2, 3, 0, 250)
6 (1, 4, 558, 743, 253, 0, 0, 0, 2, 2, 0, 137)
7 (1, 4, 543, 873, 14, 0, 0, 0, 1, 2, 0, 214)
8 (1, 4, 321, 620, 0, 0, 0, 0, 1, 2, 0, 170)
9 (1, 4, 45, 536, 0, 0, 0, 0, 1, 2, 0, 84)
10 (1, 4, 0, 380, 0, 0, 0, 0, 1, 2, 0, 102)
11 (1, 4, 326, 265, 0, 0, 0, 0, 1, 2, 0, 134)
12 (1, 4, 477, 79, 0, 0, 0, 22, 1, 2, 0, 223)
13 (1, 4, 597, 0, 0, 0, 2, 39, 1, 2, 0, 209)
14 (1, 4, 643, 0, 0, 1, 58, 48, 1, 2, 0, 31)
15 (1, 4, 723, 0, 242, 0, 46, 26, 2, 3, 0, 148)
16 (1, 4, 9, 0, 518, 0, 86, 0, 2, 2, 0, 87)
17 (1, 4, 0, 0, 361, 0, 23, 0, 1, 2, 0, 87)
18 (1, 4, 0, 0, 87, 0, 67, 0, 3, 4, 0, 131)
19 (1, 4, 709, 0, 50, 0, 19, 0, 2, 3, 0, 9)
20 (1, 4, 164, 0, 253, 0, 6, 0, 2, 3, 0, 1)
21 (1, 4, 644, 0, 690, 0, 29, 0, 2, 3, 0, 21)
22 (1, 4, 698, 475, 720, 0, 0, 0, 2, 3, 0, 255)
23 (1, 4, 690, 842, 503, 0, 0, 0, 2, 3, 0, 107)
24 (1, 4, 270, 798, 40, 0, 0, 0, 1, 2, 0, 147)
25 (1, 4, 15, 716, 32, 0, 0, 0, 0, 0, 0, 252)
26 (1, 4, 267, 544, 0, 0, 0, 0, 0, 0, 0, 17)
27 (1, 4, 357, 521, 0, 0, 0, 0, 0, 0, 0, 207)
28 (1, 4, 280, 376, 0, 0, 0, 0, 1, 1, 0, 147)
29 (1, 4, 234, 328, 0, 10, 0, 9, 2, 2, 0, 125)
30 (1, 4, 185, 286, 0, 33, 0, 10, 3, 3, 0, 12)
31 (1, 4, 239, 135, 0, 51, 0, 49, 3, 3, 0, 245)
0 (1, 4, 44, 39, 0, 74, 0, 54, 2, 2, 0, 142)
1 (1, 4, 48, 48, 0, 73, 0, 52, 2, 2, 0, 221)
2 (1, 4, 73, 45, 14, 67, 0, 60, 2, 2, 0, 81)
3 (1, 4, 70, 49, 36, 69, 0, 60, 2, 2, 0, 44)
4 (1, 4, 108, 1, 46, 63, 0, 71, 2, 2, 0, 1)
5 (1, 4, 217, 0, 56, 57, 0, 77, 2, 2, 0, 175)
6 (1, 4, 390, 0, 116, 64, 0, 59, 2, 2, 0, 80)
7 (1, 4, 351, 0, 147, 60, 0, 67, 4, 5, 0, 140)
8 (1, 4, 421, 0, 180, 53, 0, 63, 3, 3, 0, 91)
9 (1, 4, 535, 0, 120, 34, 0, 73, 2, 2, 0, 195)
10 (1, 4, 755, 0, 87, 38, 0, 47, 1, 1, 0, 72)
11 (1, 4, 612, 0, 253, 28, 58, 0, 1, 1, 0, 48)
12 (1, 4, 371, 0, 535, 4, 34, 0, 1, 2, 0, 215)
13 (1, 4, 177, 0, 668, 0, 0, 0, 3, 5, 0, 242)
14 (1, 4, 87, 0, 551, 0, 0, 0, 1, 2, 0, 40)
15 (1, 4, 647, 0, 652, 0, 0, 0, 1, 2, 0, 88)
16 (1, 4, 576, 258, 698, 0, 0, 25, 1, 2, 0, 112)
17 (1, 4, 323, 158, 455, 0, 0, 3, 4, 4, 0, 115)
18 (1, 4, 228, 456, 361, 0, 0, 0, 3, 4, 0, 180)
19 (1, 4, 213, 638, 0, 0, 0, 0, 3, 4, 0, 208)
20 (1, 4, 158, 873, 0, 0, 0, 0, 2, 4, 0, 223)
21 (1, 4, 240, 769, 0, 0, 0, 0, 2, 4, 0, 55)
22 (1, 4, 211, 742, 0, 0, 0, 21, 2, 3, 0, 42)
23 (1, 4, 35, 543, 0, 0, 0, 0, 2, 3, 0, 207)
24 (1, 4, 189, 344, 0, 0, 0, 0, 4, 5, 0, 241)
25 (1, 4, 198, 239, 0, 0, 0, 7, 3, 5, 0, 66)
26 (1, 4, 386, 111, 0, 0, 0, 15, 4, 6, 0, 142)
27 (1, 4, 560, 0, 0, 0, 14, 26, 4, 6, 0, 255)
28 (1, 4, 526, 0, 0, 0, 32, 38, 4, 5, 0, 1)
29 (1, 4, 490, 0, 249, 0, 48, 15, 3, 4, 0, 148)
30 (1, 4, 0, 0, 382, 0, 42, 0, 3, 4, 0, 167)
31 (1, 4, 0, 0, 196, 0, 3, 0, 3, 6, 0, 122)
0 (1, 4, 451, 0, 61, 22, 0, 70, 1, 2, 0, 141)
1 (1, 4, 643, 0, 112, 16, 0, 63, 2, 3, 0, 2)
2 (1, 4, 740, 0, 268, 26, 23, 44, 2, 3, 0, 61)
3 (1, 4, 342, 0, 419, 0, 55, 0, 2, 4, 0, 87)
4 (1, 4, 0, 0, 549, 0, 18, 0, 2, 4, 0, 232)
5 (1, 4, 0, 0, 533, 0, 0, 0, 1, 3, 0, 174)
6 (1, 4, 0, 0, 732, 0, 0, 0, 5, 9, 0, 132)
7 (1, 4, 684, 0, 607, 0, 0, 0, 3, 5, 0, 225)
8 (1, 4, 388, 320, 817, 0, 0, 0, 2, 4, 0, 170)
9 (1, 4, 661, 488, 394, 0, 0, 0, 2, 3, 0, 233)
10 (1, 4, 581, 746, 140, 0, 0, 0, 1, 3, 0, 90)
11 (1, 4, 610, 710, 0, 0, 0, 0, 2, 3, 0, 169)
12 (1, 4, 463, 628, 0, 0, 0, 10, 2, 3, 0, 167)
13 (1, 4, 290, 423, 0, 0, 0, 0, 1, 3, 0, 92)
14 (1, 4, 283, 237, 0, 0, 0, 5, 1, 3, 0, 23)
15 (1, 4, 450, 50, 0, 0, 0, 25, 2, 3, 0, 173)
16 (1, 4, 502, 0, 0, 0, 10, 19, 2, 3, 0, 28)
17 (1, 4, 481, 0, 0, 0, 29, 3, 2, 3, 0, 232)
18 (1, 4, 444, 0, 0, 0, 46, 0, 2, 4, 0, 180)
19 (1, 4, 461, 0, 259, 0, 67, 0, 3, 4, 0, 220)
20 (1, 4, 25, 0, 635, 0, 58, 0, 3, 5, 0, 250)
21 (1, 4, 0, 0, 545, 0, 0, 0, 2, 4, 0, 193)
22 (1, 4, 0, 0, 460, 0, 0, 0, 2, 4, 0, 164)
23 (1, 4, 255, 0, 562, 0, 0, 0, 3, 4, 0, 134)
24 (1, 4, 111, 0, 456, 0, 0, 0, 2, 5, 0, 133)
25 (1, 4, 873, 194, 872, 0, 0, 0, 2, 3, 0, 128)
26 (1, 4, 746, 655, 408, 0, 0, 0, 1, 2, 0, 235)
27 (1, 4, 397, 788, 0, 0, 0, 0, 1, 2, 0, 8)
28 (1, 4, 0, 738, 0, 0, 0, 0, 0, 1, 0, 245)
29 (1, 4, 57, 873, 0, 0, 0, 0, 1, 0, 0, 42)
30 (1, 4, 325, 653, 0, 0, 0, 0, 0, 0, 0, 211)
31 (1, 4, 187, 404, 0, 0, 0, 0, 0, 0, 0, 113)
0 (1, 4, 79, 77, 7, 73, 0, 61, 0, 0, 0, 23)
1 (1, 4, 89, 48, 24, 75, 0, 68, 0, 0, 0, 53)
2 (1, 4, 67, 33, 51, 78, 0, 56, 0, 0, 0, 95)
3 (1, 4, 83, 16, 50, 67, 0, 67, 0, 0, 0, 29)
4 (1, 4, 146, 2, 85, 63, 0, 59, 0, 0, 0, 241)
5 (1, 4, 211, 0, 129, 43, 0, 64, 0, 0, 0, 0)
6 (1, 4, 517, 0, 205, 22, 0, 61, 0, 0, 0, 183)
7 (1, 4, 520, 0, 128, 38, 0, 70, 0, 1, 0, 178)
8 (1, 4, 595, 0, 76, 38, 0, 81, 1, 1, 0, 243)
9 (1, 4, 611, 0, 110, 29, 39, 29, 1, 1, 0, 125)
10 (1, 4, 44, 0, 323, 7, 116, 0, 2, 3, 0, 185)
11 (1, 4, 0, 0, 404, 0, 84, 0, 3, 4, 0, 130)
12 (1, 4, 0, 0, 253, 0, 17, 0, 2, 4, 0, 16)
13 (1, 4, 384, 0, 146, 0, 36, 0, 10, 20, 0, 242)
14 (1, 4, 300, 0, 452, 0, 0, 0, 3, 4, 0, 247)
15 (1, 4, 415, 0, 383, 0, 0, 0, 3, 4, 0, 160)
16 (1, 4, 139, 50, 787, 0, 0, 0, 2, 4, 0, 139)
17 (1, 4, 661, 468, 650, 0, 0, 0, 2, 3, 0, 196)
18 (1, 4, 873, 873, 327, 0, 0, 0, 2, 3, 0, 29)
19 (1, 4, 517, 718, 0, 0, 0, 0, 2, 3, 0, 126)
20 (1, 4, 197, 493, 0, 0, 0, 0, 2, 3, 0, 212)
21 (1, 4, 461, 323, 0, 0, 0, 0, 2, 3, 0, 97)
22 (1, 4, 873, 0, 0, 0, 8, 0, 2, 3, 0, 240)
23 (1, 4, 572, 0, 0, 0, 165, 0, 2, 3, 0, 207)
24 (1, 4, 761, 0, 0, 0, 117, 0, 3, 4, 0, 186)
25 (1, 4, 435, 0, 504, 0, 131, 0, 5, 6, 0, 25)
26 (1, 4, 102, 0, 729, 0, 30, 0, 5, 7, 0, 93)
27 (1, 4, 317, 0, 718, 0, 0, 0, 10, 16, 0, 31)
28 (1, 4, 292, 0, 692, 0, 0, 0, 9, 11, 0, 128)
29 (1, 4, 228, 339, 721, 0, 0, 0, 9, 13, 0, 115)
30 (1, 4, 704, 763, 297, 0, 0, 0, 5, 9, 0, 61)
31 (1, 4, 546, 873, 0, 0, 0, 0, 4, 6, 0, 60)
0 (1, 4, 592, 0, 0, 0, 54, 0, 4, 4, 0, 174)
1 (1, 4, 785, 0, 232, 0, 85, 0, 3, 4, 0, 214)
2 (1, 4, 214, 0, 788, 0, 96, 0, 3, 5, 0, 145)
3 (1, 4, 87, 0, 873, 0, 0, 0, 6, 8, 0, 237)
4 (1, 4, 6, 0, 835, 0, 0, 0, 3, 6, 0, 38)
5 (1, 4, 147, 0, 814, 0, 0, 0, 4, 6, 0, 191)
6 (1, 4, 242, 0, 656, 0, 0, 0, 6, 5, 0, 102)
7 (1, 4, 559, 439, 540, 0, 0, 0, 4, 11, 0, 230)
8 (1, 4, 617, 750, 101, 0, 0, 0, 2, 5, 0, 8)
9 (1, 4, 507, 873, 0, 0, 0, 0, 3, 4, 0, 199)
10 (1, 4, 291, 873, 0, 0, 0, 0, 2, 2, 0, 212)
11 (1, 4, 396, 662, 0, 0, 0, 0, 2, 2, 0, 41)
12 (1, 4, 319, 530, 0, 0, 18, 0, 2, 2, 0, 165)
13 (1, 4, 318, 360, 0, 0, 17, 0, 1, 2, 0, 80)
14 (1, 4, 264, 281, 0, 0, 24, 10, 2, 2, 0, 139)
15 (1, 4, 249, 181, 0, 12, 10, 40, 2, 2, 0, 152)
16 (1, 4, 226, 72, 0, 46, 7, 71, 1, 1, 0, 109)
17 (1, 4, 100, 0, 0, 66, 0, 53, 2, 2, 0, 41)
18 (1, 4, 133, 0, 19, 60, 0, 58, 2, 2, 0, 48)
19 (1, 4, 327, 0, 124, 51, 0, 52, 2, 2, 0, 109)
20 (1, 4, 410, 0, 84, 36, 0, 65, 2, 2, 0, 34)
21 (1, 4, 675, 0, 83, 46, 0, 67, 2, 2, 0, 231)
22 (1, 4, 716, 0, 161, 52, 0, 45, 3, 3, 0, 173)
23 (1, 4, 714, 0, 258, 71, 18, 29, 3, 3, 0, 143)
24 (1, 4, 558, 0, 420, 46, 35, 0, 5, 5, 0, 29)
25 (1, 4, 226, 0, 574, 13, 33, 0, 2, 3, 0, 89)
26 (1, 4, 3, 0, 638, 0, 0, 0, 1, 1, 0, 104)
27 (1, 4, 0, 0, 706, 0, 0, 0, 3, 5, 0, 135)
28 (1, 4, 107, 0, 530, 0, 0, 0, 1, 1, 0, 177)
29 (1, 4, 0, 0, 868, 0, 0, 0, 2, 3, 0, 187)
30 (1, 4, 493, 0, 500, 0, 0, 0, 2, 3, 0, 144)
31 (1, 4, 601, 607, 574, 0, 0, 0, 1, 3, 0, 218)
0 (1, 4, 615, 0, 0, 0, 95, 35, 1, 2, 0, 91)
1 (1, 4, 630, 0, 0, 0, 206, 10, 14, 15, 0, 72)
2 (1, 4, 211, 0, 537, 0, 183, 0, 6, 9, 0, 88)
3 (1, 4, 230, 0, 741, 0, 95, 0, 4, 8, 0, 109)
4 (1, 4, 0, 0, 873, 0, 0, 0, 7, 9, 0, 167)
5 (1, 4, 273, 538, 873, 0, 0, 0, 2, 3, 0, 83)
6 (1, 4, 732, 536, 500, 0, 0, 0, 1, 3, 0, 6)
7 (1, 4, 736, 873, 0, 0, 0, 0, 1, 2, 0, 250)
8 (1, 4, 548, 505, 0, 0, 0, 6, 1, 2, 0, 63)
9 (1, 4, 627, 99, 0, 0, 0, 0, 1, 2, 0, 235)
10 (1, 4, 483, 0, 0, 0, 62, 0, 2, 2, 0, 127)
11 (1, 4, 625, 0, 0, 0, 121, 12, 2, 2, 0, 125)
12 (1, 4, 630, 0, 211, 0, 107, 0, 2, 2, 0, 113)
13 (1, 4, 127, 0, 375, 0, 109, 0, 2, 3, 0, 125)
14 (1, 4, 26, 0, 402, 0, 30, 0, 4, 5, 0, 20)
15 (1, 4, 594, 0, 873, 0, 0, 0, 2, 3, 0, 188)
16 (1, 4, 50, 0, 761, 0, 0, 0, 3, 3, 0, 71)
17 (1, 4, 356, 423, 535, 0, 0, 0, 1, 3, 0, 209)
18 (1, 4, 363, 862, 273, 0, 0, 0, 1, 2, 0, 156)
19 (1, 4, 712, 873, 230, 0, 0, 0, 1, 1, 0, 117)
20 (1, 4, 362, 694, 16, 0, 0, 0, 0, 1, 0, 146)
21 (1, 4, 382, 601, 0, 0, 0, 0, 1, 1, 0, 166)
22 (1, 4, 311, 399, 0, 0, 0, 0, 1, 1, 0, 45)
23 (1, 4, 217, 281, 0, 0, 0, 0, 1, 1, 0, 247)
24 (1, 4, 215, 206, 0, 12, 0, 8, 1, 1, 0, 201)
25 (1, 4, 293, 150, 0, 45, 0, 24, 1, 1, 0, 24)
26 (1, 4, 282, 118, 0, 63, 0, 40, 1, 1, 0, 158)
27 (1, 4, 202, 72, 0, 73, 0, 49, 1, 1, 0, 40)
28 (1, 4, 164, 36, 0, 75, 0, 65, 1, 1, 0, 19)
29 (1, 4, 126, 31, 0, 76, 0, 61, 1, 1, 0, 62)
30 (1, 4, 64, 7, 0, 73, 0, 58, 1, 1, 0, 239)
31 (1, 4, 68, 17, 0, 73, 0, 54, 1, 1, 0, 158)
0 (1, 4, 300, 0, 254, 11, 0, 84, 1, 1, 0, 134)
1 (1, 4, 66, 0, 313, 4, 37, 55, 1, 1, 0, 156)
2 (1, 4, 0, 0, 312, 0, 39, 5, 2, 2, 0, 195)
3 (1, 4, 0, 0, 209, 0, 43, 0, 2, 2, 0, 202)
4 (1, 4, 0, 0, 212, 0, 8, 0, 4, 4, 0, 176)
5 (1, 4, 0, 0, 551, 0, 0, 0, 4, 6, 0, 45)
6 (1, 4, 420, 0, 869, 0, 0, 0, 7, 12, 0, 109)
7 (1, 4, 777, 415, 873, 0, 0, 0, 4, 10, 0, 240)
8 (1, 4, 873, 873, 409, 0, 0, 0, 2, 4, 0, 179)
9 (1, 4, 773, 873, 0, 0, 0, 0, 1, 2, 0, 149)
10 (1, 4, 624, 418, 0, 0, 0, 17, 1, 2, 0, 39)
11 (1, 4, 782, 0, 0, 0, 3, 19, 1, 2, 0, 166)
12 (1, 4, 409, 0, 0, 0, 213, 23, 2, 2, 0, 20)
13 (1, 4, 491, 0, 0, 0, 205, 0, 2, 2, 0, 34)
14 (1, 4, 271, 0, 565, 0, 140, 0, 3, 5, 0, 167)
15 (1, 4, 0, 0, 837, 0, 25, 0, 4, 7, 0, 12)
16 (1, 4, 0, 277, 873, 0, 0, 0, 3, 4, 0, 82)
17 (1, 4, 873, 699, 606, 0, 0, 0, 5, 7, 0, 68)
18 (1, 4, 723, 873, 76, 0, 0, 0, 4, 7, 0, 251)
19 (1, 4, 664, 795, 0, 0, 0, 1, 2, 4, 0, 109)
20 (1, 4, 695, 213, 0, 0, 0, 15, 3, 4, 0, 26)
21 (1, 4, 616, 0, 0, 0, 53, 0, 3, 4, 0, 91)
22 (1, 4, 526, 0, 0, 0, 211, 5, 3, 4, 0, 169)
23 (1, 4, 99, 0, 0, 0, 200, 0, 2, 3, 0, 180)
24 (1, 4, 0, 0, 213, 0, 322, 0, 7, 8, 0, 66)
25 (1, 4, 0, 0, 873, 0, 237, 0, 8, 12, 0, 47)
26 (1, 4, 704, 0, 579, 0, 0, 0, 5, 8, 0, 160)
27 (1, 4, 873, 779, 873, 0, 0, 0, 2, 3, 0, 184)
28 (1, 4, 604, 873, 744, 0, 0, 0, 2, 2, 0, 212)
29 (1, 4, 795, 504, 113, 0, 0, 0, 1, 1, 0, 106)
30 (1, 4, 647, 462, 0, 0, 16, 0, 1, 1, 0, 170)
31 (1, 4, 404, 195, 0, 0, 1, 0, 1, 1, 0, 155)
0 (1, 4, 123, 16, 0, 56, 0, 57, 1, 1, 0, 123)
1 (1, 4, 79, 20, 0, 58, 0, 63, 1, 1, 0, 76)
2 (1, 4, 100, 0, 0, 58, 0, 67, 1, 1, 0, 250)
3 (1, 4, 141, 0, 34, 57, 0, 74, 1, 1, 0, 26)
4 (1, 4, 83, 0, 63, 62, 0, 64, 1, 1, 0, 53)
5 (1, 4, 94, 0, 74, 57, 0, 70, 1, 1, 0, 82)
6 (1, 4, 93, 0, 90, 43, 0, 66, 1, 1, 0, 131)
7 (1, 4, 12, 0, 8, 19, 0, 52, 1, 1, 0, 82)
8 (1, 4, 0, 0, 0, 13, 0, 48, 1, 1, 0, 158)
9 (1, 4, 259, 0, 0, 7, 0, 64, 1, 1, 0, 127)
10 (1, 4, 363, 0, 9, 25, 0, 84, 1, 1, 0, 130)
11 (1, 4, 419, 0, 230, 14, 40, 54, 2, 2, 0, 227)
12 (1, 4, 287, 0, 514, 0, 54, 0, 3, 4, 0, 199)
13 (1, 4, 0, 0, 517, 0, 41, 0, 2, 2, 0, 169)
14 (1, 4, 0, 0, 689, 0, 0, 0, 2, 3, 0, 89)
15 (1, 4, 104, 0, 705, 0, 0, 0, 3, 4, 0, 105)
16 (1, 4, 239, 322, 751, 0, 0, 0, 4, 5, 0, 44)
17 (1, 4, 697, 687, 692, 0, 0, 0, 2, 4, 0, 114)
18 (1, 4, 873, 864, 329, 0, 0, 0, 2, 3, 0, 214)
19 (1, 4, 470, 834, 0, 0, 0, 0, 2, 3, 0, 155)
20 (1, 4, 318, 511, 0, 0, 0, 0, 2, 2, 0, 104)
21 (1, 4, 354, 235, 0, 0, 0, 19, 2, 2, 0, 162)
22 (1, 4, 371, 46, 0, 0, 0, 39, 1, 2, 0, 0)
23 (1, 4, 600, 0, 0, 0, 3, 23, 1, 1, 0, 33)
24 (1, 4, 489, 0, 0, 0, 43, 0, 1, 1, 0, 23)
25 (1, 4, 612, 0, 49, 0, 34, 0, 1, 1, 0, 239)
26 (1, 4, 605, 0, 394, 0, 41, 0, 2, 3, 0, 166)
27 (1, 4, 79, 0, 517, 0, 73, 0, 2, 2, 0, 109)
28 (1, 4, 0, 0, 445, 0, 6, 0, 9, 15, 0, 8)
29 (1, 4, 342, 0, 873, 0, 0, 0, 2, 3, 0, 130)
30 (1, 4, 873, 390, 721, 0, 0, 0, 3, 3, 0, 91)
31 (1, 4, 873, 873, 371, 0, 0, 0, 3, 5, 0, 221)
0 (1, 4, 626, 0, 319, 0, 132, 0, 1, 2, 0, 46)
1 (1, 4, 152, 0, 362, 0, 149, 0, 1, 3, 0, 196)
2 (1, 4, 0, 0, 873, 0, 53, 0, 2, 5, 0, 162)
3 (1, 4, 571, 408, 873, 0, 0, 0, 6, 8, 0, 217)
4 (1, 4, 551, 873, 865, 0, 0, 0, 1, 2, 0, 58)
5 (1, 4, 443, 873, 221, 0, 0, 0, 1, 0, 0, 34)
6 (1, 4, 654, 646, 0, 0, 0, 0, 0, 0, 0, 64)
7 (1, 4, 396, 494, 0, 0, 22, 0, 0, 0, 0, 20)
8 (1, 4, 405, 275, 0, 0, 9, 0, 1, 1, 0, 82)
9 (1, 4, 392, 136, 0, 0, 22, 0, 1, 1, 0, 54)
10 (1, 4, 226, 131, 0, 7, 20, 3, 1, 1, 0, 180)
11 (1, 4, 210, 46, 0, 26, 2, 51, 1, 1, 0, 6)
12 (1, 4, 215, 31, 0, 46, 0, 40, 1, 1, 0, 233)
13 (1, 4, 254, 0, 0, 67, 0, 48, 1, 1, 0, 30)
14 (1, 4, 191, 0, 0, 62, 0, 78, 1, 1, 0, 216)
15 (1, 4, 220, 0, 3, 71, 0, 55, 1, 1, 0, 17)
16 (1, 4, 293, 0, 24, 82, 9, 25, 1, 1, 0, 5)
17 (1, 4, 279, 0, 85, 91, 14, 17, 1, 1, 0, 214)
18 (1, 4, 454, 0, 171, 75, 0, 43, 1, 1, 0, 228)
19 (1, 4, 671, 0, 121, 46, 17, 54, 2, 2, 0, 132)
20 (1, 4, 384, 0, 302, 22, 71, 15, 1, 1, 0, 48)
21 (1, 4, 0, 0, 683, 0, 71, 0, 1, 1, 0, 183)
22 (1, 4, 0, 0, 767, 0, 55, 0, 1, 2, 0, 66)
23 (1, 4, 0, 0, 799, 0, 0, 0, 2, 5, 0, 187)
24 (1, 4, 408, 283, 873, 0, 0, 0, 2, 4, 0, 179)
25 (1, 4, 873, 459, 568, 0, 0, 0, 2, 2, 0, 209)
26 (1, 4, 858, 873, 59, 0, 0, 0, 2, 4, 0, 251)
27 (1, 4, 553, 385, 0, 0, 0, 74, 2, 2, 0, 150)
28 (1, 4, 569, 1, 0, 0, 0, 74, 2, 2, 0, 146)
29 (1, 4, 350, 0, 0, 0, 126, 40, 2, 2, 0, 90)
30 (1, 4, 0, 0, 0, 0, 249, 54, 3, 2, 0, 174)
31 (1, 4, 747, 0, 289, 0, 148, 0, 4, 3, 0, 20)
0 (1, 4, 534, 0, 0, 0, 6, 16, 1, 2, 0, 200)
1 (1, 4, 226, 0, 0, 0, 84, 29, 2, 2, 0, 196)
2 (1, 4, 258, 0, 0, 0, 119, 7, 2, 3, 0, 240)
3 (1, 4, 208, 0, 0, 0, 155, 0, 3, 5, 0, 159)
4 (1, 4, 0, 0, 153, 0, 307, 0, 3, 4, 0, 197)
5 (1, 4, 0, 0, 873, 0, 86, 0, 2, 4, 0, 85)
6 (1, 4, 73, 0, 756, 0, 0, 0, 1, 2, 0, 82)
7 (1, 4, 163, 78, 493, 0, 0, 0, 1, 2, 0, 82)
8 (1, 4, 648, 539, 413, 0, 0, 0, 1, 1, 0, 116)
9 (1, 4, 602, 873, 374, 0, 7, 0, 1, 1, 0, 39)
10 (1, 4, 683, 829, 54, 0, 0, 0, 1, 1, 0, 100)
11 (1, 4, 595, 480, 0, 0, 37, 0, 1, 1, 0, 58)
12 (1, 4, 293, 360, 0, 0, 24, 0, 1, 1, 0, 215)
13 (1, 4, 258, 260, 0, 0, 4, 5, 1, 1, 0, 31)
14 (1, 4, 189, 169, 0, 14, 0, 21, 1, 1, 0, 5)
15 (1, 4, 235, 126, 0, 45, 0, 40, 2, 2, 0, 72)
16 (1, 4, 186, 50, 0, 57, 0, 57, 2, 2, 0, 66)
17 (1, 4, 265, 38, 0, 55, 0, 76, 1, 1, 0, 231)
18 (1, 4, 221, 0, 0, 61, 0, 81, 2, 2, 0, 154)
19 (1, 4, 151, 0, 0, 61, 0, 78, 2, 2, 0, 85)
20 (1, 4, 243, 0, 11, 67, 0, 55, 2, 2, 0, 87)
21 (1, 4, 390, 0, 115, 65, 0, 48, 1, 1, 0, 61)
22 (1, 4, 860, 0, 185, 53, 0, 53, 1, 1, 0, 173)
23 (1, 4, 873, 0, 202, 48, 35, 29, 1, 1, 0, 211)
24 (1, 4, 548, 0, 290, 27, 73, 8, 3, 3, 0, 116)
25 (1, 4, 76, 0, 574, 0, 58, 0, 2, 2, 0, 224)
26 (1, 4, 0, 0, 825, 0, 20, 0, 2, 2, 0, 68)
27 (1, 4, 0, 0, 873, 0, 0, 0, 2, 4, 0, 219)
28 (1, 4, 290, 0, 832, 0, 0, 0, 2, 3, 0, 194)
29 (1, 4, 346, 190, 873, 0, 0, 0, 4, 6, 0, 231)
30 (1, 4, 688, 781, 550, 0, 0, 0, 4, 8, 0, 87)
31 (1, 4, 873, 873, 49, 0, 0, 0, 4, 6, 0, 192)
0 (1, 4, 276, 0, 0, 0, 84, 25, 1, 1, 0, 55)
1 (1, 4, 485, 0, 327, 0, 91, 0, 2, 2, 0, 149)
2 (1, 4, 158, 0, 675, 0, 84, 0, 3, 5, 0, 203)
3 (1, 4, 15, 0, 873, 0, 0, 0, 20, 20, 0, 90)
4 (1, 4, 723, 528, 592, 0, 0, 0, 4, 4, 0, 162)
5 (1, 4, 610, 873, 149, 0, 0, 0, 1, 2, 0, 183)
6 (1, 4, 589, 873, 0, 0, 0, 0, 2, 2, 0, 200)
7 (1, 4, 564, 448, 0, 0, 0, 120, 2, 2, 0, 205)
8 (1, 4, 515, 0, 0, 0, 20, 17, 2, 2, 0, 16)
9 (1, 4, 50, 0, 0, 0, 65, 14, 2, 2, 0, 18)
10 (1, 4, 0, 0, 0, 0, 111, 29, 2, 2, 0, 65)
11 (1, 4, 85, 0, 0, 0, 67, 2, 2, 2, 0, 27)
12 (1, 4, 19, 0, 0, 0, 109, 0, 2, 3, 0, 185)
13 (1, 4, 0, 0, 0, 0, 200, 0, 4, 5, 0, 222)
14 (1, 4, 84, 0, 288, 0, 93, 0, 7, 9, 0, 91)
15 (1, 4, 670, 0, 504, 0, 61, 0, 2, 3, 0, 27)
16 (1, 4, 752, 244, 769, 0, 105, 0, 1, 2, 0, 82)
17 (1, 4, 158, 720, 674, 0, 5, 0, 1, 3, 0, 46)
18 (1, 4, 817, 790, 636, 0, 14, 0, 1, 1, 0, 84)
19 (1, 4, 769, 650, 212, 0, 18, 0, 1, 1, 0, 49)
20 (1, 4, 521, 490, 38, 0, 9, 0, 2, 2, 0, 90)
21 (1, 4, 399, 339, 0, 0, 0, 0, 2, 2, 0, 254)
22 (1, 4, 278, 222, 0, 2, 0, 0, 1, 2, 0, 213)
23 (1, 4, 241, 122, 0, 29, 0, 11, 1, 2, 0, 97)
24 (1, 4, 232, 164, 13, 42, 0, 32, 2, 2, 0, 166)
25 (1, 4, 81, 150, 34, 44, 0, 45, 1, 2, 0, 39)
26 (1, 4, 41, 76, 3, 41, 0, 56, 2, 2, 0, 18)
27 (1, 4, 26, 73, 12, 44, 0, 57, 2, 2, 0, 173)
28 (1, 4, 27, 25, 11, 39, 0, 61, 1, 2, 0, 174)
29 (1, 4, 45, 1, 15, 39, 0, 59, 1, 2, 0, 237)
30 (1, 4, 15, 0, 7, 44, 0, 51, 2, 2, 0, 170)
31 (1, 4, 9, 0, 5, 43, 0, 50, 2, 2, 0, 35)
0 (1, 4, 0, 1, 0, 49, 0, 48, 1, 1, 0, 177)
1 (1, 4, 0, 6, 0, 47, 0, 50, 1, 1, 0, 71)
2 (1, 4, 1, 4, 5, 42, 0, 51, 1, 1, 0, 82)
3 (1, 4, 28, 0, 30, 34, 0, 56, 1, 1, 0, 34)
4 (1, 4, 77, 0, 62, 17, 0, 49, 1, 1, 0, 177)
5 (1, 4, 95, 0, 81, 0, 0, 51, 1, 1, 0, 64)
6 (1, 4, 395, 0, 158, 0, 0, 65, 1, 1, 0, 219)
7 (1, 4, 534, 0, 227, 0, 0, 90, 1, 1, 0, 61)
8 (1, 4, 79, 0, 142, 0, 28, 107, 2, 1, 0, 241)
9 (1, 4, 7, 0, 282, 0, 10, 0, 2, 2, 0, 196)
10 (1, 4, 0, 0, 350, 0, 97, 0, 4, 6, 0, 246)
11 (1, 4, 304, 0, 543, 0, 0, 0, 3, 4, 0, 202)
12 (1, 4, 0, 216, 873, 0, 0, 0, 4, 4, 0, 192)
13 (1, 4, 862, 744, 811, 0, 0, 0, 14, 20, 0, 62)
14 (1, 4, 727, 873, 224, 0, 0, 0, 2, 3, 0, 206)
15 (1, 4, 723, 873, 0, 0, 0, 0, 2, 2, 0, 105)
16 (1, 4, 718, 0, 0, 0, 3, 33, 2, 2, 0, 85)
17 (1, 4, 374, 0, 0, 0, 286, 148, 2, 2, 0, 142)
18 (1, 4, 692, 0, 202, 0, 265, 0, 4, 5, 0, 13)
19 (1, 4, 417, 0, 871, 0, 102, 0, 2, 14, 0, 73)
20 (1, 4, 0, 467, 873, 0, 0, 0, 1, 2, 0, 222)
21 (1, 4, 873, 873, 308, 0, 0, 0, 2, 2, 0, 183)
22 (1, 4, 360, 873, 0, 0, 0, 0, 1, 2, 0, 153)
23 (1, 4, 717, 724, 0, 0, 0, 68, 1, 2, 0, 208)
24 (1, 4, 657, 0, 0, 0, 22, 58, 1, 2, 0, 128)
25 (1, 4, 264, 0, 0, 0, 170, 51, 2, 2, 0, 0)
26 (1, 4, 278, 0, 0, 0, 183, 0, 2, 2, 0, 126)
27 (1, 4, 0, 0, 236, 0, 172, 0, 3, 6, 0, 168)
28 (1, 4, 0, 0, 664, 0, 329, 0, 20, 20, 0, 243)
29 (1, 4, 0, 0, 873, 0, 0, 0, 3, 4, 0, 185)
30 (1, 4, 393, 105, 664, 0, 0, 0, 3, 6, 0, 3)
31 (1, 4, 397, 739, 724, 0, 0, 0, 0, 1, 0, 128)
0 (1, 4, 187, 110, 0, 44, 0, 4, 1, 1, 0, 122)
1 (1, 4, 72, 120, 0, 52, 0, 27, 1, 1, 0, 32)
2 (1, 4, 73, 77, 0, 69, 0, 25, 1, 1, 0, 143)
3 (1, 4, 90, 38, 0, 68, 0, 38, 2, 1, 0, 101)
4 (1, 4, 33, 58, 0, 65, 0, 39, 1, 1, 0, 187)
5 (1, 4, 76, 44, 0, 62, 0, 41, 1, 1, 0, 45)
6 (1, 4, 19, 15, 0, 65, 0, 47, 1, 1, 0, 166)
7 (1, 4, 27, 0, 0, 67, 0, 43, 1, 1, 0, 44)
8 (1, 4, 99, 0, 0, 75, 0, 35, 1, 1, 0, 224)
9 (1, 4, 116, 0, 56, 67, 0, 39, 1, 1, 0, 154)
10 (1, 4, 444, 0, 260, 40, 0, 44, 1, 1, 0, 35)
11 (1, 4, 873, 0, 318, 39, 0, 47, 1, 1, 0, 188)
12 (1, 4, 873, 0, 196, 24, 0, 63, 1, 1, 0, 145)
13 (1, 4, 457, 0, 84, 31, 71, 87, 2, 2, 0, 243)
14 (1, 4, 0, 0, 0, 20, 76, 101, 1, 1, 0, 138)
15 (1, 4, 0, 0, 204, 0, 50, 73, 1, 1, 0, 149)
16 (1, 4, 292, 0, 615, 0, 13, 15, 1, 1, 0, 114)
17 (1, 4, 284, 0, 873, 0, 10, 0, 2, 2, 0, 63)
18 (1, 4, 0, 0, 873, 0, 0, 0, 1, 1, 0, 189)
19 (1, 4, 0, 0, 695, 0, 0, 0, 2, 3, 0, 40)
20 (1, 4, 873, 60, 809, 0, 0, 0, 2, 2, 0, 161)
21 (1, 4, 570, 306, 453, 0, 0, 0, 2, 2, 0, 149)
22 (1, 4, 761, 649, 227, 0, 0, 0, 1, 2, 0, 142)
23 (1, 4, 873, 873, 24, 0, 0, 0, 1, 1, 0, 237)
24 (1, 4, 662, 873, 0, 0, 0, 0, 1, 1, 0, 205)
25 (1, 4, 469, 574, 0, 0, 0, 16, 1, 1, 0, 134)
26 (1, 4, 125, 223, 0, 0, 0, 26, 1, 1, 0, 77)
27 (1, 4, 396, 0, 0, 0, 0, 48, 1, 1, 0, 90)
28 (1, 4, 639, 0, 0, 0, 28, 32, 1, 1, 0, 129)
29 (1, 4, 608, 0, 0, 0, 64, 24, 1, 1, 0, 30)
30 (1, 4, 504, 0, 182, 0, 69, 0, 1, 1, 0, 63)
31 (1, 4, 301, 0, 495, 0, 50, 0, 2, 2, 0, 101)
0 (1, 4, 50, 0, 0, 49, 115, 57, 3, 3, 0, 1)
1 (1, 4, 0, 0, 0, 36, 85, 117, 2, 2, 0, 97)
2 (1, 4, 401, 0, 269, 30, 69, 79, 3, 3, 0, 198)
3 (1, 4, 432, 0, 602, 0, 60, 2, 1, 1, 0, 249)
4 (1, 4, 21, 0, 814, 0, 39, 0, 1, 1, 0, 16)
5 (1, 4, 0, 0, 873, 0, 0, 0, 3, 2, 0, 196)
6 (1, 4, 0, 0, 873, 0, 0, 0, 3, 3, 0, 175)
7 (1, 4, 380, 0, 599, 0, 0, 0, 2, 3, 0, 56)
8 (1, 4, 296, 325, 873, 0, 0, 0, 2, 2, 0, 26)
9 (1, 4, 588, 330, 204, 0, 0, 0, 3, 3, 0, 240)
10 (1, 4, 854, 873, 53, 0, 0, 0, 2, 3, 0, 104)
11 (1, 4, 873, 873, 0, 0, 0, 0, 2, 4, 0, 72)
12 (1, 4, 447, 500, 0, 0, 0, 72, 2, 2, 0, 183)
13 (1, 4, 512, 105, 0, 0, 0, 72, 1, 1, 0, 155)
14 (1, 4, 350, 0, 0, 0, 14, 45, 1, 1, 0, 121)
15 (1, 4, 346, 0, 0, 0, 35, 23, 1, 1, 0, 54)
16 (1, 4, 360, 0, 0, 0, 48, 7, 3, 2, 0, 169)
17 (1, 4, 565, 0, 182, 0, 32, 0, 3, 3, 0, 124)
18 (1, 4, 529, 0, 525, 0, 24, 0, 1, 2, 0, 168)
19 (1, 4, 106, 0, 604, 0, 0, 0, 2, 2, 0, 146)
20 (1, 4, 0, 0, 491, 0, 0, 0, 3, 5, 0, 182)
21 (1, 4, 27, 0, 664, 0, 0, 0, 3, 5, 0, 18)
22 (1, 4, 158, 0, 743, 0, 0, 0, 5, 9, 0, 163)
23 (1, 4, 719, 447, 486, 0, 0, 0, 3, 5, 0, 244)
24 (1, 4, 635, 873, 460, 0, 0, 0, 1, 4, 0, 165)
25 (1, 4, 250, 873, 186, 0, 0, 0, 1, 2, 0, 145)
26 (1, 4, 431, 833, 103, 0, 0, 0, 1, 1, 0, 3)
27 (1, 4, 380, 565, 0, 0, 0, 0, 1, 1, 0, 146)
28 (1, 4, 347, 485, 0, 0, 0, 0, 1, 1, 0, 180)
29 (1, 4, 350, 364, 0, 0, 0, 0, 1, 1, 0, 133)
30 (1, 4, 294, 211, 0, 5, 0, 7, 1, 1, 0, 221)
31 (1, 4, 280, 81, 0, 38, 0, 16, 1, 1, 0, 202)
0 (1, 4, 34, 42, 36, 70, 0, 47, 1, 1, 0, 223)
1 (1, 4, 62, 40, 18, 65, 0, 52, 1, 1, 0, 232)
2 (1, 4, 82, 30, 35, 66, 0, 49, 1, 1, 0, 100)
3 (1, 4, 73, 42, 49, 60, 0, 54, 1, 1, 0, 173)
4 (1, 4, 79, 63, 96, 60, 0, 42, 1, 1, 0, 219)
5 (1, 4, 171, 144, 215, 52, 0, 37, 1, 1, 0, 94)
6 (1, 4, 471, 141, 203, 28, 0, 61, 1, 1, 0, 178)
7 (1, 4, 464, 161, 124, 1, 0, 92, 1, 1, 0, 241)
8 (1, 4, 515, 120, 65, 0, 0, 113, 1, 1, 0, 117)
9 (1, 4, 331, 0, 56, 0, 57, 124, 1, 1, 0, 59)
10 (1, 4, 0, 0, 78, 0, 75, 103, 1, 1, 0, 230)
11 (1, 4, 0, 0, 249, 0, 57, 117, 1, 1, 0, 121)
12 (1, 4, 117, 0, 557, 0, 45, 102, 1, 1, 0, 163)
13 (1, 4, 63, 0, 812, 0, 38, 26, 1, 1, 0, 109)
14 (1, 4, 0, 0, 873, 0, 17, 0, 2, 2, 0, 90)
15 (1, 4, 0, 0, 659, 0, 10, 0, 3, 4, 0, 207)
16 (1, 4, 15, 0, 334, 0, 6, 0, 2, 3, 0, 39)
17 (1, 4, 368, 0, 873, 0, 0, 0, 2, 3, 0, 97)
18 (1, 4, 620, 348, 847, 0, 0, 0, 2, 3, 0, 46)
19 (1, 4, 873, 628, 527, 0, 0, 0, 1, 2, 0, 40)
20 (1, 4, 873, 873, 285, 0, 0, 0, 1, 2, 0, 199)
21 (1, 4, 441, 524, 0, 0, 3, 0, 1, 2, 0, 171)
22 (1, 4, 419, 322, 0, 0, 0, 0, 1, 2, 0, 3)
23 (1, 4, 380, 203, 0, 0, 0, 1, 1, 2, 0, 24)
24 (1, 4, 596, 0, 0, 0, 0, 11, 2, 2, 0, 181)
25 (1, 4, 609, 0, 0, 0, 21, 37, 2, 2, 0, 60)
26 (1, 4, 284, 0, 47, 0, 51, 46, 2, 2, 0, 229)
27 (1, 4, 0, 0, 53, 0, 116, 0, 2, 2, 0, 86)
28 (1, 4, 0, 0, 61, 0, 72, 0, 2, 3, 0, 43)
29 (1, 4, 0, 0, 0, 0, 51, 0, 2, 3, 0, 4)
30 (1, 4, 0, 0, 502, 0, 170, 0, 2, 4, 0, 188)
31 (1, 4, 159, 0, 289, 0, 0, 0, 3, 4, 0, 235)
0 (1, 4, 0, 0, 637, 0, 22, 0, 1, 1, 0, 85)
1 (1, 4, 0, 0, 612, 0, 20, 0, 2, 2, 0, 235)
2 (1, 4, 0, 0, 507, 0, 43, 0, 4, 5, 0, 167)
3 (1, 4, 0, 0, 743, 0, 26, 0, 3, 4, 0, 110)
4 (1, 4, 0, 0, 873, 0, 0, 0, 2, 3, 0, 205)
5 (1, 4, 873, 455, 873, 0, 0, 0, 3, 3, 0, 252)
6 (1, 4, 873, 873, 736, 0, 0, 0, 3, 4, 0, 100)
7 (1, 4, 857, 873, 0, 0, 0, 0, 1, 1, 0, 9)
8 (1, 4, 701, 44, 0, 0, 0, 33, 1, 1, 0, 210)
9 (1, 4, 508, 0, 0, 0, 63, 12, 1, 1, 0, 56)
10 (1, 4, 23, 0, 0, 0, 250, 97, 1, 1, 0, 19)
11 (1, 4, 562, 0, 0, 0, 177, 0, 2, 2, 0, 150)
12 (1, 4, 703, 0, 520, 0, 156, 0, 8, 5, 0, 94)
13 (1, 4, 240, 0, 873, 0, 0, 0, 1, 2, 0, 187)
14 (1, 4, 476, 431, 512, 0, 0, 0, 2, 2, 0, 119)
15 (1, 4, 873, 873, 174, 0, 0, 0, 5, 8, 0, 89)
16 (1, 4, 404, 873, 0, 0, 0, 0, 2, 4, 0, 177)
17 (1, 4, 595, 560, 0, 0, 0, 3, 1, 2, 0, 189)
18 (1, 4, 473, 27, 0, 0, 0, 1, 1, 1, 0, 162)
19 (1, 4, 219, 0, 0, 0, 105, 26, 1, 1, 0, 70)
20 (1, 4, 5, 0, 0, 0, 69, 84, 1, 1, 0, 34)
21 (1, 4, 342, 0, 0, 0, 100, 24, 1, 1, 0, 245)
22 (1, 4, 0, 0, 0, 0, 185, 0, 1, 2, 0, 206)
23 (1, 4, 231, 0, 0, 0, 204, 0, 3, 5, 0, 101)
24 (1, 4, 413, 0, 286, 0, 157, 0, 4, 6, 0, 56)
25 (1, 4, 873, 0, 529, 0, 93, 0, 4, 5, 0, 146)
26 (1, 4, 706, 303, 771, 0, 76, 0, 2, 4, 0, 103)
27 (1, 4, 438, 677, 716, 0, 27, 0, 3, 4, 0, 155)
28 (1, 4, 443, 539, 452, 0, 27, 0, 3, 4, 0, 32)
29 (1, 4, 613, 546, 330, 0, 0, 0, 4, 4, 0, 113)
30 (1, 4, 562, 495, 112, 0, 10, 0, 1, 1, 0, 21)
31 (1, 4, 434, 367, 43, 0, 0, 0, 1, 1, 0, 183)
GLOVE DISCONNECTED
GLOVE CONNECTED
0 (1, 4, 243, 235, 2, 0, 12, 0, 1, 1, 0, 248)
1 (1, 4, 73, 128, 0, 21, 0, 20, 1, 1, 0, 179)
2 (1, 4, 72, 98, 73, 32, 0, 39, 1, 1, 0, 42)
3 (1, 4, 80, 0, 131, 32, 0, 35, 1, 1, 0, 122)
4 (1, 4, 191, 0, 124, 40, 0, 40, 1, 1, 0, 221)
5 (1, 4, 64, 0, 120, 50, 0, 31, 1, 1, 0, 50)
6 (1, 4, 65, 0, 72, 41, 0, 36, 1, 1, 0, 109)
7 (1, 4, 52, 0, 60, 40, 0, 34, 1, 1, 0, 2)
8 (1, 4, 80, 0, 68, 39, 0, 31, 1, 1, 0, 37)
9 (1, 4, 126, 0, 82, 37, 0, 32, 1, 1, 0, 13)
10 (1, 4, 39, 0, 98, 33, 0, 28, 1, 1, 0, 10)
11 (1, 4, 62, 0, 84, 27, 0, 29, 1, 1, 0, 99)
12 (1, 4, 57, 0, 92, 22, 0, 32, 1, 1, 0, 92)
13 (1, 4, 3, 0, 92, 21, 0, 29, 1, 1, 0, 4)
14 (1, 4, 3, 0, 115, 23, 0, 24, 1, 1, 0, 55)
0 (1, 4, 0, 0, 13, 0, 4, 97, 0, 0, 0, 208)
1 (1, 4, 0, 0, 116, 2, 0, 60, 2, 1, 0, 38)
2 (1, 4, 0, 0, 240, 9, 0, 30, 2, 2, 0, 245)
3 (1, 4, 0, 0, 332, 8, 0, 1, 4, 3, 0, 47)
4 (1, 4, 0, 0, 391, 0, 3, 0, 5, 3, 0, 236)
5 (1, 4, 0, 0, 546, 0, 0, 0, 3, 2, 0, 101)
6 (1, 4, 0, 0, 484, 0, 0, 0, 1, 1, 0, 128)
7 (1, 4, 273, 0, 861, 0, 0, 0, 1, 2, 0, 51)
8 (1, 4, 466, 515, 828, 0, 0, 0, 3, 3, 0, 150)
9 (1, 4, 873, 672, 152, 0, 0, 0, 2, 3, 0, 13)
10 (1, 4, 834, 873, 0, 0, 0, 0, 1, 3, 0, 93)
11 (1, 4, 276, 443, 0, 0, 0, 62, 2, 3, 0, 165)
12 (1, 4, 453, 139, 0, 0, 0, 67, 2, 4, 0, 240)
13 (1, 4, 503, 0, 0, 0, 8, 33, 4, 12, 0, 39)
14 (1, 4, 519, 0, 0, 0, 37, 27, 1, 2, 0, 44)
15 (1, 4, 486, 0, 17, 0, 32, 13, 2, 2, 0, 183)
16 (1, 4, 363, 0, 301, 0, 20, 0, 2, 2, 0, 241)
17 (1, 4, 0, 0, 344, 0, 5, 0, 2, 3, 0, 248)
18 (1, 4, 0, 0, 372, 0, 52, 0, 4, 5, 0, 35)
19 (1, 4, 0, 0, 479, 0, 15, 0, 7, 8, 0, 222)
20 (1, 4, 36, 0, 873, 0, 0, 0, 3, 3, 0, 80)
21 (1, 4, 679, 0, 322, 0, 0, 0, 3, 2, 0, 123)
22 (1, 4, 873, 441, 791, 0, 88, 0, 3, 2, 0, 90)
23 (1, 4, 614, 851, 492, 0, 35, 0, 0, 2, 0, 25)
24 (1, 4, 223, 698, 58, 0, 5, 0, 0, 1, 0, 10)
25 (1, 4, 489, 763, 139, 0, 11, 0, 1, 1, 0, 107)
26 (1, 4, 558, 345, 5, 0, 0, 0, 0, 0, 0, 34)
27 (1, 4, 457, 228, 0, 0, 5, 0, 1, 1, 0, 151)
28 (1, 4, 244, 203, 0, 0, 0, 0, 1, 1, 0, 29)
29 (1, 4, 142, 176, 0, 21, 0, 0, 1, 1, 0, 0)
30 (1, 4, 121, 66, 0, 47, 0, 0, 0, 1, 0, 103)
31 (1, 4, 111, 46, 0, 64, 0, 0, 1, 1, 0, 112)
0 (1, 4, 63, 17, 31, 60, 0, 8, 1, 1, 0, 136)
1 (1, 4, 64, 6, 36, 59, 0, 9, 1, 1, 0, 27)
2 (1, 4, 30, 22, 19, 58, 0, 8, 0, 1, 0, 129)
3 (1, 4, 2, 15, 4, 54, 0, 14, 1, 1, 0, 254)
4 (1, 4, 8, 0, 1, 57, 0, 12, 1, 1, 0, 245)
5 (1, 4, 7, 0, 26, 51, 0, 13, 0, 1, 0, 172)
6 (1, 4, 129, 0, 64, 42, 0, 14, 1, 1, 0, 158)
7 (1, 4, 460, 0, 143, 21, 0, 16, 1, 1, 0, 78)
8 (1, 4, 789, 0, 110, 0, 0, 41, 0, 1, 0, 153)
9 (1, 4, 837, 0, 0, 0, 0, 111, 0, 1, 0, 177)
10 (1, 4, 520, 0, 19, 6, 29, 111, 0, 1, 0, 36)
11 (1, 4, 74, 0, 170, 19, 55, 75, 1, 1, 0, 241)
12 (1, 4, 0, 0, 430, 0, 23, 19, 2, 1, 0, 22)
13 (1, 4, 151, 0, 672, 0, 0, 0, 4, 3, 0, 38)
14 (1, 4, 0, 0, 861, 0, 18, 0, 4, 4, 0, 56)
15 (1, 4, 0, 0, 573, 0, 0, 0, 2, 3, 0, 74)
16 (1, 4, 747, 91, 873, 0, 0, 0, 1, 2, 0, 180)
17 (1, 4, 369, 480, 873, 0, 0, 0, 2, 3, 0, 202)
18 (1, 4, 873, 611, 157, 0, 0, 0, 2, 2, 0, 246)
19 (1, 4, 823, 873, 0, 0, 0, 0, 1, 3, 0, 197)
20 (1, 4, 430, 402, 0, 0, 0, 9, 2, 2, 0, 53)
21 (1, 4, 379, 144, 0, 0, 0, 39, 2, 2, 0, 112)
22 (1, 4, 464, 0, 0, 0, 8, 25, 1, 2, 0, 147)
23 (1, 4, 453, 0, 0, 0, 80, 0, 2, 2, 0, 91)
24 (1, 4, 539, 0, 0, 0, 101, 0, 3, 2, 0, 5)
25 (1, 4, 843, 0, 399, 0, 59, 0, 1, 2, 0, 16)
26 (1, 4, 204, 0, 619, 0, 48, 0, 2, 2, 0, 136)
27 (1, 4, 0, 0, 545, 0, 0, 0, 3, 3, 0, 181)
28 (1, 4, 0, 0, 662, 0, 0, 0, 1, 3, 0, 228)
29 (1, 4, 244, 0, 873, 0, 0, 0, 3, 3, 0, 44)
30 (1, 4, 733, 305, 744, 0, 0, 0, 1, 3, 0, 158)
31 (1, 4, 873, 873, 617, 0, 32, 0, 1, 2, 0, 9)
0 (1, 4, 117, 167, 0, 16, 0, 8, 0, 1, 0, 81)
1 (1, 4, 193, 133, 0, 41, 0, 13, 0, 1, 0, 167)
2 (1, 4, 137, 55, 2, 59, 0, 16, 1, 1, 0, 134)
3 (1, 4, 76, 37, 16, 68, 0, 28, 0, 1, 0, 227)
4 (1, 4, 59, 42, 48, 64, 0, 23, 0, 1, 0, 216)
5 (1, 4, 45, 8, 22, 55, 0, 29, 1, 1, 0, 155)
6 (1, 4, 36, 5, 24, 50, 0, 29, 1, 1, 0, 151)
7 (1, 4, 120, 0, 20, 37, 0, 34, 0, 1, 0, 120)
8 (1, 4, 336, 0, 121, 25, 0, 37, 1, 1, 0, 85)
9 (1, 4, 591, 0, 155, 13, 0, 54, 0, 0, 0, 5)
10 (1, 4, 603, 0, 136, 15, 0, 74, 0, 1, 0, 228)
11 (1, 4, 595, 0, 113, 12, 0, 99, 0, 1, 0, 130)
12 (1, 4, 330, 0, 145, 5, 0, 112, 1, 1, 0, 222)
13 (1, 4, 79, 0, 266, 0, 0, 70, 1, 1, 0, 227)
14 (1, 4, 134, 0, 394, 0, 0, 17, 1, 1, 0, 117)
15 (1, 4, 259, 0, 587, 0, 3, 0, 1, 1, 0, 170)
16 (1, 4, 0, 0, 585, 0, 0, 0, 2, 2, 0, 5)
17 (1, 4, 0, 0, 532, 0, 0, 0, 1, 2, 0, 81)
18 (1, 4, 873, 247, 543, 0, 0, 0, 2, 2, 0, 229)
19 (1, 4, 838, 873, 557, 0, 0, 0, 2, 2, 0, 154)
20 (1, 4, 873, 873, 0, 0, 0, 0, 1, 3, 0, 248)
21 (1, 4, 573, 873, 0, 0, 0, 114, 1, 2, 0, 78)
22 (1, 4, 133, 272, 0, 0, 0, 84, 2, 1, 0, 149)
23 (1, 4, 239, 0, 0, 0, 0, 65, 1, 2, 0, 81)
24 (1, 4, 367, 0, 0, 0, 11, 34, 0, 1, 0, 81)
25 (1, 4, 396, 0, 0, 0, 63, 18, 1, 1, 0, 99)
26 (1, 4, 600, 0, 32, 0, 142, 0, 3, 2, 0, 9)
27 (1, 4, 538, 0, 760, 0, 115, 0, 2, 2, 0, 112)
28 (1, 4, 53, 0, 873, 0, 52, 0, 1, 2, 0, 122)
29 (1, 4, 0, 157, 873, 0, 0, 0, 3, 2, 0, 120)
30 (1, 4, 873, 864, 694, 0, 0, 0, 1, 2, 0, 46)
31 (1, 4, 873, 873, 154, 0, 0, 0, 0, 2, 0, 236)
0 (1, 4, 2, 0, 79, 0, 145, 0, 1, 2, 0, 188)
1 (1, 4, 0, 0, 518, 0, 209, 0, 3, 5, 0, 1)
2 (1, 4, 680, 0, 873, 0, 0, 0, 3, 4, 0, 31)
3 (1, 4, 873, 0, 873, 0, 0, 0, 3, 5, 0, 228)
4 (1, 4, 873, 791, 569, 0, 46, 0, 2, 2, 0, 223)
5 (1, 4, 380, 873, 367, 0, 0, 0, 2, 2, 0, 230)
6 (1, 4, 501, 492, 28, 0, 0, 0, 1, 2, 0, 20)
7 (1, 4, 421, 464, 0, 0, 0, 0, 1, 1, 0, 151)
8 (1, 4, 228, 367, 0, 0, 1, 0, 1, 1, 0, 120)
9 (1, 4, 152, 215, 0, 4, 0, 0, 1, 1, 0, 111)
10 (1, 4, 190, 150, 0, 43, 0, 18, 1, 1, 0, 156)
11 (1, 4, 102, 93, 0, 64, 0, 17, 1, 1, 0, 250)
12 (1, 4, 61, 77, 42, 65, 0, 24, 1, 1, 0, 215)
13 (1, 4, 109, 62, 47, 69, 0, 18, 1, 1, 0, 163)
14 (1, 4, 141, 43, 68, 56, 0, 27, 1, 1, 0, 145)
15 (1, 4, 225, 0, 110, 42, 0, 45, 1, 1, 0, 36)
16 (1, 4, 849, 0, 323, 32, 0, 51, 1, 1, 0, 246)
17 (1, 4, 873, 0, 252, 38, 0, 42, 1, 1, 0, 113)
18 (1, 4, 873, 0, 169, 36, 26, 72, 1, 1, 0, 234)
19 (1, 4, 223, 0, 114, 30, 58, 91, 1, 1, 0, 232)
20 (1, 4, 0, 0, 154, 12, 29, 90, 1, 1, 0, 245)
21 (1, 4, 107, 0, 376, 0, 26, 63, 2, 1, 0, 91)
22 (1, 4, 140, 0, 592, 0, 32, 16, 2, 1, 0, 108)
23 (1, 4, 0, 0, 830, 0, 15, 0, 4, 4, 0, 88)
24 (1, 4, 0, 0, 820, 0, 0, 0, 2, 2, 0, 84)
25 (1, 4, 0, 0, 632, 0, 0, 0, 1, 2, 0, 182)
26 (1, 4, 0, 0, 846, 0, 0, 0, 1, 2, 0, 27)
27 (1, 4, 362, 0, 831, 0, 0, 0, 2, 2, 0, 115)
28 (1, 4, 873, 488, 640, 0, 0, 0, 1, 2, 0, 161)
29 (1, 4, 873, 838, 274, 0, 0, 0, 0, 2, 0, 143)
30 (1, 4, 612, 804, 0, 0, 0, 0, 1, 2, 0, 136)
31 (1, 4, 480, 599, 0, 0, 0, 0, 2, 2, 0, 24)
0 (1, 4, 0, 0, 0, 0, 67, 0, 2, 3, 0, 150)
1 (1, 4, 0, 0, 332, 0, 109, 0, 1, 3, 0, 169)
2 (1, 4, 275, 0, 238, 0, 130, 0, 2, 3, 0, 8)
3 (1, 4, 873, 144, 873, 0, 97, 0, 2, 2, 0, 158)
4 (1, 4, 435, 794, 873, 0, 35, 0, 0, 1, 0, 236)
5 (1, 4, 499, 658, 634, 0, 0, 0, 1, 1, 0, 79)
6 (1, 4, 626, 698, 113, 0, 0, 0, 2, 1, 0, 56)
7 (1, 4, 290, 536, 0, 0, 0, 0, 1, 1, 0, 177)
8 (1, 4, 233, 363, 0, 0, 0, 0, 0, 1, 0, 255)
9 (1, 4, 358, 314, 0, 0, 0, 0, 1, 1, 0, 135)
10 (1, 4, 333, 125, 0, 16, 0, 0, 1, 1, 0, 177)
11 (1, 4, 359, 84, 39, 44, 0, 5, 0, 1, 0, 151)
12 (1, 4, 335, 70, 121, 50, 0, 12, 1, 1, 0, 127)
13 (1, 4, 304, 29, 80, 52, 0, 32, 0, 1, 0, 202)
14 (1, 4, 339, 0, 135, 53, 0, 43, 0, 1, 0, 40)
15 (1, 4, 597, 4, 197, 45, 0, 51, 0, 1, 0, 50)
16 (1, 4, 873, 163, 289, 37, 0, 58, 0, 1, 0, 164)
17 (1, 4, 873, 72, 277, 4, 37, 98, 2, 2, 0, 52)
18 (1, 4, 226, 0, 52, 0, 112, 156, 1, 1, 0, 187)
19 (1, 4, 0, 0, 92, 0, 29, 176, 1, 1, 0, 55)
20 (1, 4, 0, 0, 207, 0, 37, 105, 1, 1, 0, 98)
21 (1, 4, 0, 0, 467, 0, 40, 42, 1, 1, 0, 218)
22 (1, 4, 0, 0, 638, 0, 9, 0, 2, 2, 0, 217)
23 (1, 4, 0, 0, 653, 0, 12, 0, 3, 2, 0, 17)
24 (1, 4, 0, 0, 570, 0, 20, 0, 5, 8, 0, 12)
25 (1, 4, 140, 0, 513, 0, 0, 0, 3, 4, 0, 0)
26 (1, 4, 52, 282, 873, 0, 96, 0, 2, 3, 0, 159)
27 (1, 4, 66, 0, 873, 0, 0, 0, 2, 2, 0, 51)
28 (1, 4, 873, 0, 554, 0, 0, 0, 4, 4, 0, 187)
29 (1, 4, 652, 873, 0, 0, 0, 0, 2, 3, 0, 49)
30 (1, 4, 445, 558, 0, 0, 0, 0, 2, 2, 0, 17)
31 (1, 4, 603, 255, 0, 0, 0, 0, 1, 2, 0, 85)
0 (1, 4, 386, 0, 686, 0, 23, 0, 1, 2, 0, 84)
1 (1, 4, 0, 0, 751, 0, 8, 0, 2, 3, 0, 209)
2 (1, 4, 0, 0, 594, 0, 0, 0, 2, 3, 0, 22)
3 (1, 4, 0, 0, 726, 0, 6, 0, 1, 3, 0, 14)
4 (1, 4, 346, 24, 639, 0, 0, 0, 2, 2, 0, 32)
5 (1, 4, 571, 593, 692, 0, 26, 0, 0, 1, 0, 236)
6 (1, 4, 310, 821, 543, 0, 0, 0, 0, 0, 0, 7)
7 (1, 4, 387, 533, 158, 0, 0, 0, 0, 0, 0, 251)
8 (1, 4, 379, 694, 61, 0, 0, 0, 1, 0, 0, 253)
9 (1, 4, 464, 378, 0, 0, 0, 0, 0, 0, 0, 27)
10 (1, 4, 267, 337, 0, 0, 0, 0, 1, 1, 0, 165)
11 (1, 4, 196, 256, 0, 1, 0, 0, 1, 1, 0, 41)
12 (1, 4, 134, 164, 0, 28, 0, 0, 1, 1, 0, 44)
13 (1, 4, 192, 84, 0, 47, 0, 0, 1, 1, 0, 159)
14 (1, 4, 164, 84, 63, 58, 0, 0, 1, 1, 0, 165)
15 (1, 4, 0, 66, 97, 66, 0, 0, 1, 1, 0, 227)
16 (1, 4, 0, 84, 72, 55, 0, 0, 1, 1, 0, 75)
17 (1, 4, 33, 12, 134, 46, 0, 0, 1, 1, 0, 4)
18 (1, 4, 175, 10, 130, 32, 0, 0, 1, 1, 0, 22)
19 (1, 4, 176, 17, 100, 10, 0, 5, 1, 1, 0, 166)
20 (1, 4, 525, 0, 86, 0, 0, 10, 1, 1, 0, 147)
21 (1, 4, 731, 0, 45, 0, 0, 28, 1, 1, 0, 169)
22 (1, 4, 748, 0, 124, 5, 0, 72, 1, 1, 0, 52)
23 (1, 4, 530, 0, 330, 0, 0, 45, 1, 1, 0, 91)
24 (1, 4, 183, 0, 377, 0, 23, 0, 2, 2, 0, 150)
25 (1, 4, 0, 0, 446, 0, 29, 0, 2, 1, 0, 239)
26 (1, 4, 0, 0, 421, 0, 0, 0, 2, 2, 0, 244)
27 (1, 4, 0, 0, 361, 0, 0, 0, 2, 3, 0, 119)
28 (1, 4, 0, 0, 676, 0, 0, 0, 2, 3, 0, 236)
29 (1, 4, 0, 0, 845, 0, 0, 0, 2, 4, 0, 123)
30 (1, 4, 204, 0, 632, 0, 0, 0, 2, 3, 0, 175)
31 (1, 4, 873, 209, 754, 0, 0, 0, 2, 2, 0, 18)
0 (1, 4, 706, 0, 0, 0, 0, 25, 1, 2, 0, 168)
1 (1, 4, 623, 0, 0, 0, 46, 49, 1, 2, 0, 170)
2 (1, 4, 556, 0, 49, 0, 66, 0, 1, 1, 0, 1)
3 (1, 4, 224, 0, 209, 0, 94, 0, 1, 2, 0, 63)
4 (1, 4, 0, 0, 230, 0, 122, 0, 2, 4, 0, 53)
5 (1, 4, 0, 0, 583, 0, 101, 0, 3, 5, 0, 49)
6 (1, 4, 0, 0, 782, 0, 0, 0, 4, 5, 0, 27)
7 (1, 4, 593, 0, 768, 0, 0, 0, 2, 3, 0, 131)
8 (1, 4, 873, 548, 873, 0, 0, 0, 0, 2, 0, 129)
9 (1, 4, 529, 873, 567, 0, 0, 0, 1, 1, 0, 44)
10 (1, 4, 601, 498, 195, 0, 0, 0, 2, 1, 0, 218)
11 (1, 4, 384, 449, 0, 0, 0, 0, 1, 1, 0, 178)
12 (1, 4, 233, 301, 0, 0, 0, 0, 1, 1, 0, 169)
13 (1, 4, 145, 187, 0, 0, 0, 0, 1, 1, 0, 69)
14 (1, 4, 152, 127, 0, 24, 0, 0, 0, 1, 0, 14)
15 (1, 4, 63, 51, 31, 40, 0, 0, 1, 1, 0, 70)
16 (1, 4, 0, 0, 18, 52, 0, 0, 1, 1, 0, 69)
17 (1, 4, 39, 4, 32, 56, 0, 0, 1, 1, 0, 88)
18 (1, 4, 14, 0, 14, 54, 0, 0, 1, 1, 0, 178)
19 (1, 4, 0, 0, 0, 52, 0, 0, 0, 1, 0, 119)
20 (1, 4, 7, 0, 0, 51, 0, 0, 1, 1, 0, 98)
21 (1, 4, 0, 0, 0, 51, 0, 0, 1, 1, 0, 72)
22 (1, 4, 0, 0, 0, 52, 0, 0, 0, 1, 0, 119)
23 (1, 4, 0, 0, 0, 53, 0, 0, 1, 1, 0, 10)
24 (1, 4, 0, 0, 0, 54, 0, 0, 1, 1, 0, 43)
25 (1, 4, 0, 0, 0, 53, 0, 0, 0, 1, 0, 104)
26 (1, 4, 0, 1, 0, 54, 0, 0, 1, 1, 0, 158)
27 (1, 4, 4, 7, 0, 51, 0, 0, 1, 1, 0, 114)
28 (1, 4, 6, 0, 0, 52, 0, 0, 1, 1, 0, 49)
29 (1, 4, 7, 0, 1, 51, 0, 0, 1, 1, 0, 246)
30 (1, 4, 0, 0, 0, 53, 0, 0, 1, 1, 0, 10)
31 (1, 4, 12, 0, 0, 54, 0, 0, 1, 1, 0, 99)
0 (1, 4, 0, 0, 0, 56, 0, 0, 1, 1, 0, 145)
1 (1, 4, 0, 2, 0, 56, 0, 0, 1, 1, 0, 252)
2 (1, 4, 0, 1, 0, 55, 0, 0, 1, 1, 0, 129)
3 (1, 4, 0, 2, 0, 55, 0, 0, 1, 1, 0, 89)
4 (1, 4, 0, 0, 0, 55, 0, 0, 1, 1, 0, 52)
5 (1, 4, 5, 1, 0, 52, 0, 0, 1, 1, 0, 150)
6 (1, 4, 26, 6, 16, 48, 0, 0, 1, 1, 0, 45)
7 (1, 4, 59, 1, 64, 32, 0, 0, 1, 1, 0, 149)
8 (1, 4, 188, 0, 177, 0, 0, 0, 1, 1, 0, 233)
9 (1, 4, 430, 0, 136, 0, 0, 0, 1, 1, 0, 190)
10 (1, 4, 447, 0, 0, 0, 0, 0, 1, 1, 0, 29)
11 (1, 4, 634, 0, 0, 0, 0, 55, 1, 1, 0, 208)
12 (1, 4, 529, 0, 62, 0, 0, 0, 2, 2, 0, 202)
13 (1, 4, 0, 0, 0, 0, 58, 0, 2, 3, 0, 188)
14 (1, 4, 0, 0, 113, 0, 212, 0, 7, 20, 0, 248)
15 (1, 4, 392, 0, 564, 0, 184, 0, 3, 3, 0, 26)
16 (1, 4, 359, 407, 873, 0, 36, 0, 1, 2, 0, 15)
17 (1, 4, 873, 262, 671, 0, 0, 0, 1, 3, 0, 168)
18 (1, 4, 870, 873, 0, 0, 0, 0, 1, 2, 0, 201)
19 (1, 4, 873, 483, 0, 0, 0, 0, 2, 3, 0, 76)
20 (1, 4, 873, 0, 0, 0, 116, 0, 1, 2, 0, 141)
21 (1, 4, 287, 0, 0, 0, 229, 0, 3, 3, 0, 100)
22 (1, 4, 0, 0, 65, 0, 178, 0, 1, 2, 0, 235)
23 (1, 4, 0, 0, 0, 0, 156, 0, 1, 2, 0, 89)
24 (1, 4, 0, 0, 555, 0, 397, 0, 3, 9, 0, 221)
25 (1, 4, 0, 0, 873, 0, 0, 0, 4, 5, 0, 251)
26 (1, 4, 873, 380, 873, 0, 196, 0, 3, 11, 0, 169)
27 (1, 4, 406, 873, 873, 0, 0, 0, 2, 3, 0, 113)
28 (1, 4, 717, 742, 327, 0, 0, 0, 2, 1, 0, 118)
29 (1, 4, 731, 349, 133, 0, 5, 0, 1, 1, 0, 23)
0 (1, 4, 439, 0, 0, 0, 0, 176, 1, 1, 0, 149)
1 (1, 4, 205, 0, 0, 0, 0, 160, 1, 2, 0, 59)
2 (1, 4, 53, 0, 99, 0, 57, 60, 2, 2, 0, 30)
3 (1, 4, 0, 0, 129, 0, 96, 0, 3, 2, 0, 124)
4 (1, 4, 387, 0, 568, 0, 60, 0, 3, 3, 0, 77)
5 (1, 4, 281, 0, 873, 0, 192, 0, 0, 0, 0, 6)
6 (1, 4, 241, 294, 873, 0, 0, 0, 3, 2, 0, 225)
7 (1, 4, 873, 820, 534, 0, 0, 0, 5, 4, 0, 235)
8 (1, 4, 873, 873, 0, 0, 0, 0, 0, 2, 0, 241)
9 (1, 4, 873, 0, 0, 0, 10, 160, 1, 1, 0, 89)
10 (1, 4, 397, 0, 0, 0, 150, 9, 2, 1, 0, 21)
11 (1, 4, 231, 0, 0, 0, 162, 0, 3, 3, 0, 223)
12 (1, 4, 218, 0, 37, 0, 242, 0, 3, 3, 0, 21)
13 (1, 4, 0, 0, 78, 0, 249, 0, 1, 4, 0, 159)
14 (1, 4, 0, 0, 873, 0, 269, 0, 5, 2, 0, 199)
15 (1, 4, 497, 0, 873, 0, 49, 0, 2, 2, 0, 224)
16 (1, 4, 873, 696, 873, 0, 36, 0, 1, 3, 0, 111)
17 (1, 4, 598, 817, 558, 0, 14, 0, 3, 3, 0, 75)
18 (1, 4, 722, 638, 339, 0, 0, 0, 1, 1, 0, 152)
19 (1, 4, 513, 314, 0, 0, 0, 0, 1, 1, 0, 229)
20 (1, 4, 307, 236, 0, 0, 13, 0, 1, 1, 0, 50)
21 (1, 4, 115, 240, 0, 4, 0, 2, 2, 2, 0, 52)
22 (1, 4, 108, 98, 0, 39, 0, 15, 1, 2, 0, 173)
23 (1, 4, 124, 87, 0, 67, 0, 27, 1, 1, 0, 218)
24 (1, 4, 58, 83, 50, 66, 0, 28, 1, 1, 0, 15)
25 (1, 4, 57, 49, 14, 68, 0, 34, 1, 1, 0, 68)
26 (1, 4, 25, 49, 34, 65, 0, 33, 1, 1, 0, 154)
27 (1, 4, 49, 28, 9, 61, 0, 30, 1, 1, 0, 14)
28 (1, 4, 6, 17, 0, 61, 0, 37, 1, 1, 0, 9)
29 (1, 4, 31, 8, 6, 61, 0, 31, 1, 1, 0, 160)
30 (1, 4, 16, 0, 0, 62, 0, 36, 1, 1, 0, 231)
31 (1, 4, 14, 0, 18, 66, 0, 31, 1, 1, 0, 178)
0 (1, 4, 0, 6, 33, 62, 0, 27, 1, 1, 0, 81)
1 (1, 4, 2, 7, 35, 57, 0, 29, 1, 1, 0, 70)
2 (1, 4, 0, 14, 35, 52, 0, 33, 1, 1, 0, 42)
3 (1, 4, 31, 0, 47, 48, 0, 38, 1, 1, 0, 25)
4 (1, 4, 27, 0, 61, 47, 0, 38, 1, 1, 0, 35)
5 (1, 4, 31, 0, 109, 40, 0, 36, 1, 1, 0, 123)
6 (1, 4, 71, 0, 233, 26, 0, 29, 1, 1, 0, 170)
7 (1, 4, 437, 0, 458, 0, 0, 51, 1, 1, 0, 161)
8 (1, 4, 672, 0, 498, 0, 0, 75, 1, 1, 0, 145)
9 (1, 4, 0, 237, 0, 0, 0, 87, 2, 3, 0, 30)
10 (1, 4, 0, 0, 0, 0, 0, 135, 2, 2, 0, 245)
11 (1, 4, 501, 0, 0, 0, 0, 102, 2, 3, 0, 160)
12 (1, 4, 284, 0, 0, 0, 0, 13, 3, 3, 0, 143)
13 (1, 4, 188, 0, 0, 0, 32, 0, 2, 3, 0, 112)
14 (1, 4, 303, 0, 198, 0, 70, 0, 4, 5, 0, 222)
15 (1, 4, 16, 0, 344, 0, 142, 0, 1, 2, 0, 171)
16 (1, 4, 571, 0, 873, 0, 0, 0, 5, 5, 0, 216)
17 (1, 4, 852, 25, 744, 0, 0, 0, 6, 4, 0, 92)
18 (1, 4, 873, 824, 241, 0, 0, 0, 3, 4, 0, 98)
19 (1, 4, 873, 873, 0, 0, 0, 0, 2, 2, 0, 53)
20 (1, 4, 381, 668, 0, 0, 0, 0, 3, 4, 0, 93)
21 (1, 4, 479, 313, 0, 0, 0, 10, 2, 3, 0, 48)
22 (1, 4, 765, 0, 0, 0, 5, 9, 2, 3, 0, 81)
23 (1, 4, 684, 0, 0, 0, 128, 0, 4, 3, 0, 230)
24 (1, 4, 873, 0, 352, 0, 161, 0, 3, 3, 0, 75)
25 (1, 4, 170, 0, 851, 0, 139, 0, 2, 3, 0, 31)
26 (1, 4, 214, 0, 873, 0, 116, 0, 5, 5, 0, 176)
27 (1, 4, 851, 654, 873, 0, 0, 0, 2, 1, 0, 174)
28 (1, 4, 733, 873, 0, 0, 0, 0, 2, 2, 0, 61)
29 (1, 4, 873, 873, 0, 0, 0, 41, 2, 3, 0, 202)
30 (1, 4, 835, 0, 0, 0, 0, 64, 1, 2, 0, 18)
31 (1, 4, 204, 0, 0, 0, 101, 0, 2, 1, 0, 136)
0 (1, 4, 405, 0, 237, 0, 122, 0, 3, 4, 0, 145)
1 (1, 4, 702, 105, 873, 0, 109, 0, 2, 3, 0, 164)
2 (1, 4, 680, 439, 815, 0, 0, 0, 1, 2, 0, 105)
3 (1, 4, 449, 852, 413, 0, 56, 0, 1, 1, 0, 27)
4 (1, 4, 360, 781, 239, 0, 5, 0, 2, 1, 0, 46)
5 (1, 4, 522, 603, 173, 0, 7, 0, 1, 1, 0, 74)
6 (1, 4, 427, 408, 0, 0, 3, 0, 1, 1, 0, 120)
7 (1, 4, 228, 334, 0, 0, 0, 0, 1, 1, 0, 118)
8 (1, 4, 193, 249, 0, 0, 0, 0, 1, 1, 0, 194)
9 (1, 4, 143, 170, 0, 36, 0, 13, 1, 1, 0, 240)
10 (1, 4, 145, 125, 3, 53, 0, 41, 2, 1, 0, 132)
11 (1, 4, 42, 48, 21, 67, 0, 30, 1, 1, 0, 203)
12 (1, 4, 56, 53, 41, 64, 0, 37, 1, 1, 0, 228)
13 (1, 4, 77, 20, 56, 66, 0, 29, 1, 1, 0, 70)
14 (1, 4, 25, 17, 10, 62, 0, 31, 1, 1, 0, 32)
15 (1, 4, 25, 0, 0, 64, 0, 29, 1, 1, 0, 175)
16 (1, 4, 18, 0, 0, 63, 0, 29, 1, 1, 0, 163)
17 (1, 4, 11, 0, 0, 60, 0, 28, 1, 1, 0, 195)
18 (1, 4, 35, 0, 29, 58, 0, 27, 1, 1, 0, 44)
19 (1, 4, 142, 0, 57, 52, 0, 24, 1, 1, 0, 196)
20 (1, 4, 202, 0, 119, 40, 0, 23, 1, 1, 0, 201)
21 (1, 4, 269, 0, 168, 28, 0, 27, 1, 1, 0, 172)
22 (1, 4, 338, 0, 224, 13, 0, 28, 1, 1, 0, 35)
23 (1, 4, 341, 0, 179, 11, 0, 55, 1, 1, 0, 89)
24 (1, 4, 443, 0, 74, 0, 0, 114, 1, 1, 0, 195)
25 (1, 4, 399, 0, 51, 0, 0, 111, 2, 1, 0, 187)
26 (1, 4, 519, 0, 333, 0, 8, 55, 2, 1, 0, 143)
27 (1, 4, 301, 0, 658, 0, 2, 0, 4, 4, 0, 48)
28 (1, 4, 0, 0, 668, 0, 0, 0, 1, 2, 0, 28)
29 (1, 4, 0, 0, 754, 0, 0, 0, 2, 4, 0, 15)
30 (1, 4, 99, 0, 873, 0, 0, 0, 3, 3, 0, 243)
31 (1, 4, 800, 491, 873, 0, 0, 0, 4, 4, 0, 159)
0 (1, 4, 434, 0, 0, 0, 105, 24, 2, 1, 0, 107)
1 (1, 4, 371, 0, 389, 0, 69, 0, 2, 2, 0, 52)
2 (1, 4, 239, 0, 830, 0, 44, 0, 1, 3, 0, 36)
3 (1, 4, 0, 0, 873, 0, 0, 0, 1, 2, 0, 0)
4 (1, 4, 0, 121, 575, 0, 0, 0, 1, 2, 0, 142)
5 (1, 4, 711, 481, 202, 0, 0, 0, 2, 2, 0, 87)
6 (1, 4, 537, 861, 97, 0, 0, 0, 1, 2, 0, 215)
7 (1, 4, 664, 873, 0, 0, 0, 0, 1, 2, 0, 36)
8 (1, 4, 533, 609, 0, 0, 0, 20, 1, 1, 0, 58)
9 (1, 4, 391, 137, 0, 0, 0, 52, 1, 1, 0, 74)
10 (1, 4, 410, 0, 0, 0, 0, 18, 1, 1, 0, 134)
11 (1, 4, 279, 0, 0, 0, 32, 11, 1, 1, 0, 62)
12 (1, 4, 308, 0, 0, 0, 36, 0, 1, 1, 0, 132)
13 (1, 4, 273, 0, 157, 0, 30, 0, 1, 1, 0, 54)
14 (1, 4, 5, 0, 172, 0, 18, 0, 1, 1, 0, 219)
15 (1, 4, 0, 0, 203, 0, 66, 0, 2, 4, 0, 244)
16 (1, 4, 0, 0, 528, 0, 78, 0, 2, 3, 0, 8)
17 (1, 4, 154, 0, 873, 0, 16, 0, 3, 2, 0, 216)
18 (1, 4, 873, 513, 873, 0, 80, 0, 1, 1, 0, 108)
19 (1, 4, 764, 873, 873, 0, 56, 0, 0, 1, 0, 14)
20 (1, 4, 533, 873, 425, 0, 0, 0, 1, 1, 0, 176)
21 (1, 4, 388, 586, 105, 0, 0, 0, 0, 1, 0, 135)
22 (1, 4, 353, 486, 2, 0, 0, 0, 1, 0, 0, 99)
23 (1, 4, 282, 296, 0, 0, 0, 0, 0, 0, 0, 100)
24 (1, 4, 188, 171, 0, 2, 0, 2, 0, 0, 0, 43)
25 (1, 4, 165, 84, 0, 28, 0, 0, 1, 0, 0, 179)
26 (1, 4, 110, 27, 0, 45, 0, 12, 1, 0, 0, 225)
27 (1, 4, 24, 24, 0, 63, 0, 12, 0, 0, 0, 24)
28 (1, 4, 4, 0, 0, 63, 0, 14, 1, 0, 0, 185)
29 (1, 4, 20, 11, 7, 67, 0, 8, 1, 0, 0, 84)
30 (1, 4, 16, 6, 9, 63, 0, 8, 0, 0, 0, 80)
31 (1, 4, 19, 0, 0, 64, 0, 8, 1, 0, 0, 209)

